APPTR,R18,18,CELTC
IF,CELTC,32.169206,-97.406589, ,0.0,0.0,0,0,0,0,0,0,0,0
TF,CYNTB,32.251367,-97.677558,0, ,0.0,0.0,0.0,0.0,2,3000,0,0,0,0,1,0
TF,WSKEY,32.258364,-97.775483,0, ,0.0,0.0,0.0,0.0,2,3000,0,0,0,0,1,0

APPTR,R18,18,SICUM
IF,SICUM,32.170419,-98.112950, ,0.0,0.0,0,0,0,0,0,0,0,0
TF,CWEED,32.265283,-97.873422,0, ,0.0,0.0,0.0,0.0,2,3600,0,0,0,0,1,0
TF,WSKEY,32.258364,-97.775483,0, ,0.0,0.0,0.0,0.0,2,3000,0,0,0,0,1,0

FINAL,R18,18,R,4
IF,WSKEY,32.258364,-97.775483, ,0.0,0.0,2,3000,0,0,0,0,0,0
TF,BECHL,32.155128,-97.785633,0, ,0.0,0.0,180.0,6.2,2,2700,0,0,0,0,2,0
TF,FTRAP,32.108742,-97.790183,0, ,0.0,0.0,180.0,2.8,2,1780,0,0,0,0,0,0
TF,RW18,32.067133,-97.794264,0, ,0.0,0.0,180.0,2.5,1,992,0,0,0,0,3,1
CA,0,180.0,2,1233,0,0,0,0,0,0
DF,QIBEK,32.017203,-97.799156,0, ,0.0,0.0,0,0,0,0,0,0,0,0
TF,WALST,31.876625,-98.009289,0, ,0.0,0.0,0.0,0.0,2,3000,0,0,0,0,0,1
HM,WALST,31.876625,-98.009289,2, ,0.0,0.0,90.0,04,0,0,0,0,0,0,0,0,0

