APPTR,P13,13,AGAT
IF,AGAT,-8.873244,161.011444, ,0.0,0.0,2,5800,0,0,0,0,1,0
TF,GATNA,-8.796475,161.055919,0, ,0.0,0.0,0.0,0.0,0,0,0,0,0,0,0,0
TF,GATNC,-8.677836,161.035317,0, ,0.0,0.0,0.0,0.0,0,0,0,0,0,0,0,0
TF,GATNI,-8.697772,160.919233,0, ,0.0,0.0,0.0,0.0,2,3890,0,0,0,0,1,0
TF,GATNF,-8.780278,160.933536,0, ,0.0,0.0,0.0,0.0,2,2305,0,0,0,0,0,0

FINAL,P13,13,G,2
IF,GATNF,-8.780278,160.933536, ,0.0,0.0,2,2305,0,1,100,0,2,0
TF,GATNM,-8.844611,160.987406,0, ,0.0,0.0,0.0,5.0,1,699,0,0,0,0,3,0
CA,0,131.0,2,699,0,1,100,0,0,0
DF,GATNH,-8.819033,161.009139,1, ,0.0,0.0,0,0,0,0,0,0,0,1
CA,0,11.0,2,4600,0,0,0,0,0,0

