APPTR,P31,31,GGCSA
IF,GGCSA,-6.894217,156.406944, ,0.0,0.0,2,3500,0,0,0,0,1,0
TF,GGCSI,-6.848839,156.456250,0, ,0.0,0.0,0.0,0.0,2,2840,0,0,0,0,1,0

APPTR,P31,31,GGCSB
IF,GGCSB,-6.910656,156.482069, ,0.0,0.0,2,3500,0,0,0,0,1,0
TF,GGCSI,-6.848839,156.456250,0, ,0.0,0.0,0.0,0.0,2,2840,0,0,0,0,1,0

FINAL,P31,31,G,3
IF,GGCSI,-6.848839,156.456250, ,0.0,0.0,2,2840,0,0,0,0,0,0
TF,GGCSF,-6.787019,156.430439,0, ,0.0,0.0,0.0,4.0,2,1565,0,0,0,0,2,0
TF,GGCSM,-6.725200,156.404633,0, ,0.0,0.0,0.0,4.0,1,297,0,0,0,0,3,0
CA,0,329.0,2,505,0,0,0,0,0,0
DF,GGCSH,-6.678833,156.385286,0, ,0.0,0.0,0,0,0,0,0,0,0,1
CA,1,180.0,2,3500,0,0,0,0,0,0

