APPTR,P14,14,GGNN1
IF,GGNN1,-7.903644,156.492631, ,0.0,0.0,0,0,0,0,0,0,0,0
TF,088AT,-7.914064,156.589942,0, ,0.0,0.0,0.0,0.0,2,4100,0,0,0,0,0,0
TF,GGNNA,-7.930117,156.740250,0, ,0.0,0.0,0.0,0.0,2,3900,0,0,0,0,1,0
TF,GGNNI,-7.976078,156.789044,0, ,0.0,0.0,0.0,0.0,2,2695,0,0,0,0,1,0

APPTR,P14,14,GGNN2
IF,GGNN2,-7.784883,156.586225, ,0.0,0.0,0,0,0,0,0,0,0,0
TF,GGNNA,-7.930117,156.740250,0, ,0.0,0.0,0.0,0.0,2,3900,0,0,0,0,1,0
TF,GGNNI,-7.976078,156.789044,0, ,0.0,0.0,0.0,0.0,2,2695,0,0,0,0,1,0

APPTR,P14,14,GGNN3
IF,GGNN3,-7.702006,156.729822, ,0.0,0.0,0,0,0,0,0,0,0,0
TF,GGNNA,-7.930117,156.740250,0, ,0.0,0.0,0.0,0.0,2,3900,0,0,0,0,1,0
TF,GGNNI,-7.976078,156.789044,0, ,0.0,0.0,0.0,0.0,2,2695,0,0,0,0,1,0

FINAL,P14,14,G,3
IF,GGNNI,-7.976078,156.789044, ,0.0,0.0,2,2695,0,0,0,0,0,0
TF,GGNNF,-8.033222,156.824103,0, ,0.0,0.0,0.0,4.0,2,1420,0,0,0,0,2,0
TF,GGNNM,-8.090364,156.859167,0, ,0.0,0.0,0.0,4.0,1,146,0,0,0,0,3,0
CA,0,140.0,2,514,0,0,0,0,0,0
DF,GGNNH,-8.118933,156.876706,0, ,0.0,0.0,0,0,0,0,0,0,0,1
CA,0,180.0,2,2400,0,0,0,0,0,0

APPTR,P32,32,AGGM
IF,GGNSB,-8.241803,157.003206, ,0.0,0.0,2,2500,0,0,0,0,1,0
TF,GGNSI,-8.220908,156.939322,0, ,0.0,0.0,0.0,0.0,2,2500,0,0,0,0,1,0

FINAL,P32,32,G,3
IF,GGNSI,-8.220908,156.939322, ,0.0,0.0,2,2500,0,0,0,0,0,0
TF,GGNSF,-8.163772,156.904233,0, ,0.0,0.0,0.0,4.0,2,1420,0,0,0,0,2,0
TF,GGNSM,-8.106633,156.869153,0, ,0.0,0.0,0.0,4.0,1,150,0,0,0,0,3,0
CA,0,320.0,2,514,0,0,0,0,0,0
DF,GGNSH,-8.126142,156.933442,2, ,0.0,0.0,0,0,0,0,0,0,0,1
CA,0,140.0,2,2500,0,0,0,0,0,0

