APPTR,Q29,29,AA
IF,AA,68.723147,-52.784825, ,0.0,0.0,2,1700,0,0,0,0,0,0
CF,D103G,68.759361,-52.492661,0,AA,103.0,6.8,103.0,6.8,2,1500,0,0,0,0,0,1
CF,CQ29,68.734664,-52.475508,2,AA,116.0,6.8,296.0,1.0,2,1500,0,0,0,0,0,0

FINAL,Q29,29,N,3
IF,CQ29,68.734664,-52.475508,AA,0.0,0.0,2,1500,0,0,0,0,0,0
CF,FQ29,68.731336,-52.566517,0,AA,0.0,0.0,296.0,2.0,2,1500,0,0,0,0,2,0
CF,MQ29,68.724497,-52.749358,0,AS,0.0,0.0,296.0,4.0,1,290,0,0,0,0,3,0
CA,0,296.0,2,1000,0,0,0,0,0,0
DF,AA,68.723147,-52.784825,2, ,0.0,0.0,1,1700,0,0,0,0,0,0
HM,AA,68.723147,-52.784825,2, ,0.0,0.0,103.0,04.3,0,0,0,0,0,0,0,0,0

