APPTR,N32,32,1D
IF,1D,52.775411,-56.125961, ,0.0,0.0,0,0,0,0,0,0,0,0
TF,1A,52.559378,-55.781917,0, ,0.0,0.0,0.0,0.0,2,2100,0,0,0,0,0,0
PI,1A,52.559378,-55.781917,2,1A,61.0,10.0,106,5.0,2,1800,0,0,0,0,0,0
CF,FF32,52.567067,-55.635969,0,1A,106.0,5.4,286.0,4.6,2,1800,0,0,0,0,0,0

APPTR,N32,32,6F
IF,6F,52.520031,-56.295703, ,0.0,0.0,0,0,0,0,0,0,0,0
TF,1A,52.559378,-55.781917,0, ,0.0,0.0,0.0,0.0,2,2100,0,0,0,0,0,0
PI,1A,52.559378,-55.781917,2,1A,61.0,10.0,106,5.0,2,1800,0,0,0,0,0,0
CF,FF32,52.567067,-55.635969,0,1A,106.0,5.4,286.0,4.6,2,1800,0,0,0,0,0,0

APPTR,N32,32,YMH
IF,YMH,52.314572,-55.831481, ,0.0,0.0,0,0,0,0,0,0,0,0
TF,1A,52.559378,-55.781917,0, ,0.0,0.0,0.0,0.0,2,2100,0,0,0,0,0,0
PI,1A,52.559378,-55.781917,2,1A,61.0,10.0,106,5.0,2,1800,0,0,0,0,0,0
CF,FF32,52.567067,-55.635969,0,1A,106.0,5.4,286.0,4.6,2,1800,0,0,0,0,0,0

FINAL,N32,32,N,2
IF,FF32,52.567067,-55.635969,1A,0.0,0.0,2,1800,0,0,0,0,2,0
CF,1A,52.559378,-55.781917,0,1A,0.0,0.0,286.0,5.4,1,143,0,0,0,0,3,0
CA,0,286.0,2,2100,0,0,0,0,0,0
DF,1A,52.559378,-55.781917,2, ,0.0,0.0,1,2100,0,0,0,0,0,0
HM,1A,52.559378,-55.781917,2, ,0.0,0.0,286.0,04.3,0,0,0,0,0,0,0,0,0

APPTR,R14,14,MURNU
IF,MURNU,52.729553,-56.028981, ,0.0,0.0,0,0,0,0,0,0,1,0
TF,KETMA,52.638289,-56.040500,0, ,0.0,0.0,0.0,0.0,2,1800,0,0,0,0,1,0

APPTR,R14,14,PIGDA
IF,PIGDA,52.572819,-56.145583, ,0.0,0.0,0,0,0,0,0,0,1,0
TF,KETMA,52.638289,-56.040500,0, ,0.0,0.0,0.0,0.0,2,1900,0,0,0,0,1,0

FINAL,R14,14,R,4
IF,KETMA,52.638289,-56.040500, ,0.0,0.0,2,1800,0,0,0,0,1,0
TF,ITMEX,52.596972,-55.891136,0, ,0.0,0.0,136.0,6.0,2,1400,0,0,0,0,2,0
TF,OMPOG,52.585353,-55.849306,0, ,0.0,0.0,136.0,1.7,2,860,0,0,0,0,0,0
TF,RW14,52.568753,-55.789672,0, ,0.0,0.0,136.0,2.4,1,100,0,0,0,0,3,1
TF,SEVPA,52.534072,-55.665578,0, ,0.0,0.0,0.0,0.0,1,2000,0,0,0,0,0,1
HM,SEVPA,52.534072,-55.665578,2, ,0.0,0.0,136.0,04.3,0,0,0,0,0,0,0,0,0

APPTR,R32,32,MIDNU
IF,MIDNU,52.405361,-55.544653, ,0.0,0.0,0,0,0,0,0,0,1,0
TF,KETGI,52.496581,-55.532167,0, ,0.0,0.0,0.0,0.0,2,1400,0,0,0,0,1,0

APPTR,R32,32,PESBO
IF,PESBO,52.561503,-55.426358, ,0.0,0.0,0,0,0,0,0,0,1,0
TF,KETGI,52.496581,-55.532167,0, ,0.0,0.0,0.0,0.0,2,1400,0,0,0,0,1,0

FINAL,R32,32,R,3
IF,KETGI,52.496581,-55.532167, ,0.0,0.0,2,1400,0,0,0,0,1,0
TF,BUNUG,52.538350,-55.680853,0, ,0.0,0.0,316.0,6.0,2,1400,0,0,0,0,2,0
TF,RW32,52.566164,-55.780383,0, ,0.0,0.0,316.0,4.0,1,123,0,0,0,0,3,1
TF,TALGI,52.600722,-55.904658,0, ,0.0,0.0,0.0,0.0,1,2000,0,0,0,0,0,1
HM,TALGI,52.600722,-55.904658,2, ,0.0,0.0,316.0,04.3,0,0,0,0,0,0,0,0,0

