APPTR,R08,08,BESUX
IF,BESUX,47.495633,-52.992486, ,0.0,0.0,0,0,0,1,140,0,1,0
TF,MIVUL,47.545725,-53.090717,0, ,0.0,0.0,0.0,0.0,2,1700,0,0,0,0,1,0

APPTR,R08,08,IKBES
IF,IKBES,47.595733,-53.189133, ,0.0,0.0,0,0,0,1,140,0,1,0
TF,MIVUL,47.545725,-53.090717,0, ,0.0,0.0,0.0,0.0,2,1700,0,0,0,0,1,0

FINAL,R08,08,R,3
IF,MIVUL,47.545725,-53.090717, ,0.0,0.0,2,1700,0,1,140,0,0,0
TF,GOPUM,47.585661,-53.046331,0, ,0.0,0.0,56.0,3.0,2,1450,0,0,0,0,2,0
TF,AGLAS,47.625578,-53.001878,0, ,0.0,0.0,56.0,3.0,1,493,0,0,0,0,3,1
TF,TILUB,47.692067,-52.927639,0, ,0.0,0.0,0.0,0.0,1,2000,0,0,0,0,0,1
HM,TILUB,47.692067,-52.927639,1, ,0.0,0.0,56.0,04.3,0,0,0,1,175,0,0,0,0

APPTR,R26,26,PESKU
IF,PESKU,47.761653,-52.893197, ,0.0,0.0,0,0,0,1,140,0,1,0
TF,DURGI,47.688044,-52.835447,0, ,0.0,0.0,0.0,0.0,2,2000,0,0,0,0,1,0

APPTR,R26,26,TOTOG
IF,TOTOG,47.668389,-52.741181, ,0.0,0.0,0,0,0,1,140,0,1,0
TF,DURGI,47.688044,-52.835447,0, ,0.0,0.0,0.0,0.0,2,2000,0,0,0,0,1,0

FINAL,R26,26,R,3
IF,DURGI,47.688044,-52.835447, ,0.0,0.0,2,2000,0,1,140,0,0,0
TF,UDLOB,47.664661,-52.900836,0, ,0.0,0.0,261.0,3.0,2,1600,0,0,0,0,2,0
TF,OBVIV,47.641242,-52.966169,0, ,0.0,0.0,261.0,3.0,1,417,0,0,0,0,3,1
TF,RESEV,47.602125,-53.074925,0, ,0.0,0.0,0.0,0.0,1,2000,0,0,0,0,0,1
HM,RESEV,47.602125,-53.074925,2, ,0.0,0.0,261.0,04.3,0,0,0,1,175,0,0,0,0

