APPTR,R07,07,KAVIP
IF,KAVIP,56.252856,-113.814581, ,0.0,0.0,0,0,0,1,200,0,1,0
TF,IGTEM,56.159717,-113.813203,0, ,0.0,0.0,0.0,0.0,2,3800,0,1,180,0,1,0

APPTR,R07,07,LENOV
IF,LENOV,56.066572,-113.811833, ,0.0,0.0,0,0,0,1,200,0,1,0
TF,IGTEM,56.159717,-113.813203,0, ,0.0,0.0,0.0,0.0,2,3800,0,1,180,0,1,0

FINAL,R07,07,R,3
IF,IGTEM,56.159717,-113.813203, ,0.0,0.0,2,3800,0,1,180,0,1,0
TF,MAROV,56.160408,-113.634372,0, ,0.0,0.0,75.0,6.0,2,3700,0,0,0,0,2,0
TF,RW07,56.160789,-113.483114,0, ,0.0,0.0,75.0,5.1,1,2071,0,0,0,0,3,1
TF,ALEVU,56.161014,-113.274467,0, ,0.0,0.0,0.0,0.0,1,3900,0,0,0,0,0,1
HM,ALEVU,56.161014,-113.274467,2, ,0.0,0.0,75.0,04.3,0,0,0,1,200,0,0,0,0

APPTR,R25,25,LEPUN
IF,LEPUN,56.067825,-113.137750, ,0.0,0.0,0,0,0,1,200,0,1,0
TF,KAVNI,56.160969,-113.137489,0, ,0.0,0.0,0.0,0.0,2,3800,0,1,180,0,1,0

APPTR,R25,25,SAXUS
IF,SAXUS,56.254114,-113.137225, ,0.0,0.0,0,0,0,1,200,0,1,0
TF,KAVNI,56.160969,-113.137489,0, ,0.0,0.0,0.0,0.0,2,3800,0,1,180,0,1,0

FINAL,R25,25,R,3
IF,KAVNI,56.160969,-113.137489, ,0.0,0.0,2,3800,0,1,180,0,1,0
TF,IGTIK,56.160997,-113.316331,0, ,0.0,0.0,255.0,6.0,2,3700,0,0,0,0,2,0
TF,RW25,56.160825,-113.464119,0, ,0.0,0.0,255.0,5.0,1,2109,0,0,0,0,3,1
TF,SEVTI,56.160281,-113.672764,0, ,0.0,0.0,0.0,0.0,1,3900,0,0,0,0,0,1
HM,SEVTI,56.160281,-113.672764,2, ,0.0,0.0,255.0,04.3,0,0,0,1,200,0,0,0,0

