APPTR,R06,06,NUGAK
IF,NUGAK,52.671053,-72.511142, ,0.0,0.0,0,0,0,1,210,0,1,0
TF,IKBOL,52.608475,-72.383225,0, ,0.0,0.0,0.0,0.0,2,3000,0,1,180,0,1,0

APPTR,R06,06,SESLO
IF,SESLO,52.545758,-72.255672, ,0.0,0.0,0,0,0,1,210,0,1,0
TF,IKBOL,52.608475,-72.383225,0, ,0.0,0.0,0.0,0.0,2,3000,0,1,180,0,1,0

FINAL,R06,06,R,3
IF,IKBOL,52.608475,-72.383225, ,0.0,0.0,2,3000,0,1,180,0,1,0
TF,AGLES,52.673244,-72.297342,0, ,0.0,0.0,58.0,5.0,2,2900,0,0,0,0,2,0
TF,RW06,52.725408,-72.227925,0, ,0.0,0.0,58.0,4.0,1,1602,0,0,0,0,3,1
TF,BOVUD,52.790064,-72.141581,0, ,0.0,0.0,0.0,0.0,1,3400,0,0,0,0,0,1
HM,BOVUD,52.790064,-72.141581,2, ,0.0,0.0,58.0,04.3,0,0,0,1,250,0,0,0,0

APPTR,R24,24,DUSID
IF,DUSID,52.915242,-72.186289, ,0.0,0.0,0,0,0,1,210,0,1,0
TF,ODKEN,52.852314,-72.058122,0, ,0.0,0.0,0.0,0.0,2,4000,0,1,180,0,1,0

APPTR,R24,24,TILUT
IF,TILUT,52.789250,-71.930328, ,0.0,0.0,0,0,0,1,210,0,1,0
TF,ODKEN,52.852314,-72.058122,0, ,0.0,0.0,0.0,0.0,2,4000,0,1,180,0,1,0

FINAL,R24,24,R,4
IF,ODKEN,52.852314,-72.058122, ,0.0,0.0,2,4000,0,1,180,0,1,0
TF,KINIT,52.787722,-72.144714,0, ,0.0,0.0,238.0,5.0,2,2900,0,0,0,0,2,0
TF,PUVAD,52.757831,-72.184669,0, ,0.0,0.0,238.0,2.3,2,2160,0,0,0,0,0,0
TF,RW24,52.735844,-72.214011,0, ,0.0,0.0,238.0,1.7,1,1608,0,0,0,0,3,1
TF,LEXEP,52.671136,-72.300142,0, ,0.0,0.0,0.0,0.0,1,3400,0,0,0,0,0,1
HM,LEXEP,52.671136,-72.300142,2, ,0.0,0.0,238.0,04.3,0,0,0,1,250,0,0,0,0

