APPTR,D17,17,YQD
PI,YQD,53.973478,-101.099908,2,YQD,333.0,10.0,018,5.0,2,3900,0,0,0,0,0,0
CF,YQD,53.973478,-101.099908,0,YQD,0.0,0.0,198.0,8.0,2,3900,0,0,0,0,0,0

FINAL,D17,17,D,3
IF,YQD,53.973478,-101.099908,YQD,0.0,0.0,2,3900,0,0,0,0,2,0
CF,IGTAM,53.881961,-101.167500,0,YQD,197.6,6.0,198.0,6.0,2,1990,0,0,0,0,0,0
CF,RW17,53.830497,-101.205375,0,YQD,197.6,9.4,198.0,3.4,1,915,0,0,0,0,3,0
CA,0,198.0,2,1280,0,0,0,0,0,0
DF,YQD,53.973478,-101.099908,1, ,0.0,0.0,1,2300,0,0,0,0,0,0
HM,YQD,53.973478,-101.099908,2, ,0.0,0.0,198.0,04.3,0,0,0,0,0,0,0,0,0

APPTR,R08,08,KAVSI
IF,KAVSI,53.903472,-101.496469, ,0.0,0.0,0,0,0,1,210,0,1,0
TF,MEKLA,53.820286,-101.494364,0, ,0.0,0.0,0.0,0.0,2,2200,0,0,0,0,1,0

APPTR,R08,08,LEVAN
IF,LEVAN,53.737097,-101.492267, ,0.0,0.0,0,0,0,1,210,0,1,0
TF,MEKLA,53.820286,-101.494364,0, ,0.0,0.0,0.0,0.0,2,2200,0,0,0,0,1,0

FINAL,R08,08,R,3
IF,MEKLA,53.820286,-101.494364, ,0.0,0.0,2,2200,0,0,0,0,1,0
TF,NAKPO,53.821658,-101.325650,0, ,0.0,0.0,83.0,6.0,2,2200,0,0,0,0,2,0
TF,RW08,53.822444,-101.212889,0, ,0.0,0.0,83.0,4.0,1,923,0,0,0,0,3,1
TF,IKLAD,53.823275,-101.072281,0, ,0.0,0.0,0.0,0.0,1,2200,0,0,0,0,0,1
HM,IKLAD,53.823275,-101.072281,2, ,0.0,0.0,83.0,04.3,0,0,0,0,0,0,0,0,0

APPTR,R26,26,PEPRI
IF,PEPRI,53.907203,-100.916264, ,0.0,0.0,0,0,0,1,210,0,1,0
TF,SAXAT,53.824008,-100.915306,0, ,0.0,0.0,0.0,0.0,2,2200,0,0,0,0,1,0

APPTR,R26,26,TAVGA
IF,TAVGA,53.740814,-100.914353, ,0.0,0.0,0,0,0,1,210,0,1,0
TF,SAXAT,53.824008,-100.915306,0, ,0.0,0.0,0.0,0.0,2,2200,0,0,0,0,1,0

FINAL,R26,26,R,3
IF,SAXAT,53.824008,-100.915306, ,0.0,0.0,2,2200,0,0,0,0,1,0
TF,VEVSO,53.823211,-101.084042,0, ,0.0,0.0,263.0,6.0,2,2200,0,0,0,0,2,0
TF,RW26,53.822542,-101.197778,0, ,0.0,0.0,263.0,4.0,1,912,0,0,0,0,3,1
TF,RIGAX,53.821564,-101.338381,0, ,0.0,0.0,0.0,0.0,1,2300,0,0,0,0,0,1
HM,RIGAX,53.821564,-101.338381,2, ,0.0,0.0,263.0,04.3,0,0,0,0,0,0,0,0,0

