APPTR,R16,16,TIDIR
IF,TIDIR,53.070822,-89.259144, ,0.0,0.0,0,0,0,0,0,0,1,0
TF,DEBSA,53.039608,-89.387164,0, ,0.0,0.0,0.0,0.0,2,2300,0,0,0,0,1,0

APPTR,R16,16,VIXUT
IF,VIXUT,53.008256,-89.514994, ,0.0,0.0,0,0,0,0,0,0,1,0
TF,DEBSA,53.039608,-89.387164,0, ,0.0,0.0,0.0,0.0,2,2300,0,0,0,0,1,0

FINAL,R16,16,R,3
IF,DEBSA,53.039608,-89.387164, ,0.0,0.0,2,2300,0,0,0,0,1,0
TF,ETGAN,52.962533,-89.335183,0, ,0.0,0.0,163.0,5.0,2,2200,0,0,0,0,2,0
TF,RW16,52.898372,-89.292064,0, ,0.0,0.0,163.0,4.2,1,864,0,0,0,0,3,1
TF,EPVUR,52.821256,-89.240422,0, ,0.0,0.0,0.0,0.0,1,2500,0,0,0,0,0,1
HM,EPVUR,52.821256,-89.240422,2, ,0.0,0.0,163.0,04.3,0,0,0,0,0,0,0,0,0

APPTR,R34,34,DEKDU
IF,DEKDU,52.779622,-89.064658, ,0.0,0.0,0,0,0,0,0,0,1,0
TF,PEVTA,52.748411,-89.191825,0, ,0.0,0.0,0.0,0.0,2,2300,0,0,0,0,1,0

APPTR,R34,34,ETMAX
IF,ETMAX,52.717067,-89.318808, ,0.0,0.0,0,0,0,0,0,0,1,0
TF,PEVTA,52.748411,-89.191825,0, ,0.0,0.0,0.0,0.0,2,2300,0,0,0,0,1,0

FINAL,R34,34,R,3
IF,PEVTA,52.748411,-89.191825, ,0.0,0.0,2,2300,0,0,0,0,1,0
TF,ITLIS,52.825550,-89.243294,0, ,0.0,0.0,343.0,5.0,2,2200,0,0,0,0,2,0
TF,RW34,52.889461,-89.286086,0, ,0.0,0.0,343.0,4.1,1,869,0,0,0,0,3,1
TF,IRDAR,52.966558,-89.337892,0, ,0.0,0.0,0.0,0.0,1,2500,0,0,0,0,0,1
HM,IRDAR,52.966558,-89.337892,2, ,0.0,0.0,343.0,04.3,0,0,0,0,0,0,0,0,0

