APPTR,R09,09,PILPA
IF,PILPA,62.698333,-112.746667, ,0.0,0.0,0,0,0,0,0,0,1,0
TF,OMSEV,63.575058,-111.332925,0, ,0.0,0.0,0.0,0.0,2,3200,0,0,0,0,1,0

APPTR,R09,09,ULATI
IF,ULATI,63.657756,-111.350614, ,0.0,0.0,0,0,0,0,0,0,1,0
TF,OMSEV,63.575058,-111.332925,0, ,0.0,0.0,0.0,0.0,2,3200,0,0,0,0,1,0

APPTR,R09,09,VEVMU
IF,VEVMU,63.492358,-111.315339, ,0.0,0.0,0,0,0,0,0,0,1,0
TF,OMSEV,63.575058,-111.332925,0, ,0.0,0.0,0.0,0.0,2,3200,0,0,0,0,1,0

FINAL,R09,09,R,3
IF,OMSEV,63.575058,-111.332925, ,0.0,0.0,2,3200,0,0,0,0,1,0
TF,IKLUN,63.584869,-111.110272,0, ,0.0,0.0,6.8,6.0,2,3200,0,0,0,0,2,0
TF,RW09,63.592908,-110.921608,0, ,0.0,0.0,6.8,5.1,1,1559,0,0,0,0,3,1
TF,SUTKU,63.603675,-110.661531,0, ,0.0,0.0,0.0,0.0,1,2800,0,0,0,0,0,1
HM,SUTKU,63.603675,-110.661531,2, ,0.0,0.0,6.9,04.3,0,0,0,1,230,0,0,0,0

APPTR,R27,27,DUNPU
IF,DUNPU,63.693842,-110.495722, ,0.0,0.0,0,0,0,0,0,0,1,0
TF,ULEGU,63.611142,-110.478106,0, ,0.0,0.0,0.0,0.0,2,3200,0,0,0,0,1,0

APPTR,R27,27,PILPA
IF,PILPA,62.698333,-112.746667, ,0.0,0.0,0,0,0,0,0,0,0,0
TF,VIBNI,63.528436,-110.460589,0, ,0.0,0.0,0.0,0.0,2,3200,0,0,0,0,1,0
TF,ULEGU,63.611142,-110.478106,0, ,0.0,0.0,0.0,0.0,2,3200,0,0,0,0,1,0

FINAL,R27,27,R,3
IF,ULEGU,63.611142,-110.478106, ,0.0,0.0,2,3200,0,0,0,0,0,0
TF,IKNOT,63.602139,-110.701139,0, ,0.0,0.0,24.9,6.0,2,3200,0,0,0,0,2,0
TF,RW27,63.594269,-110.889322,0, ,0.0,0.0,24.9,5.1,1,1564,0,0,0,0,3,1
TF,TAKEP,63.583089,-111.149222,0, ,0.0,0.0,0.0,0.0,1,2800,0,0,0,0,0,1
HM,TAKEP,63.583089,-111.149222,2, ,0.0,0.0,24.9,04.3,0,0,0,1,230,0,0,0,0

