APPTR,D34,34,TERAH
PI,TERAH,64.246603,-96.021664,2,YBK,11.2,10.0,056,5.0,2,1500,0,0,0,0,0,0
CF,TERAH,64.246603,-96.021664,0,YBK,154.2,5.0,33.7,8.0,2,1060,0,0,0,0,0,0

FINAL,D34,34,D,2
IF,TERAH,64.246603,-96.021664,YBK,154.2,5.0,2,1060,0,0,0,0,2,0
CF,ETKUV,64.291508,-96.071397,0,YBK,154.2,2.0,33.7,3.0,1,101,0,0,0,0,3,0
FA,ETKUV,64.291508,-96.071397,0,YBK,0.0,0.0,33.7,2,1900,0,0,0,0,0,0
DF,YBK,64.321433,-96.104642,1, ,0.0,0.0,1,1900,0,0,0,0,0,0
HM,YBK,64.321433,-96.104642,2, ,0.0,0.0,33.7,04.3,0,0,0,0,0,0,0,0,0

APPTR,R16,16,EPSIP
IF,EPSIP,64.435350,-96.385867, ,0.0,0.0,0,0,0,0,0,0,1,0
TF,LOPRU,64.461733,-96.203494,0, ,0.0,0.0,0.0,0.0,2,1500,0,0,0,0,1,0

APPTR,R16,16,ILIVA
IF,ILIVA,64.487889,-96.020769, ,0.0,0.0,0,0,0,0,0,0,1,0
TF,LOPRU,64.461733,-96.203494,0, ,0.0,0.0,0.0,0.0,2,1500,0,0,0,0,1,0

FINAL,R16,16,R,3
IF,LOPRU,64.461733,-96.203494, ,0.0,0.0,2,1500,0,0,0,0,1,0
TF,NOVOL,64.367217,-96.130297,0, ,0.0,0.0,16.4,6.0,2,1400,0,0,0,0,2,0
TF,RW16,64.304256,-96.081831,0, ,0.0,0.0,16.5,4.0,1,111,0,0,0,0,3,1
TF,EBKOD,64.272733,-96.057653,0, ,0.0,0.0,0.0,0.0,0,0,0,0,0,0,0,0
TF,DURIR,64.225442,-96.021492,0, ,0.0,0.0,0.0,0.0,1,1900,0,0,0,0,0,1
HM,DURIR,64.225442,-96.021492,2, ,0.0,0.0,16.5,04.3,0,0,0,0,0,0,0,0,0

APPTR,R16-T,16,BK
PI,BK,64.314731,-96.064742,2,YBK,14.9,10.0,060,5.0,2,1500,0,0,0,0,0,0
CF,FF011,64.221769,-96.106233,0,YBK,180.4,6.0,1.4,4.3,2,1500,0,0,0,0,0,0

APPTR,R16-T,16,YBK
PI,YBK,64.321433,-96.104642,2,YBK,29.1,10.0,074,5.0,2,1800,0,0,0,0,0,0
CF,YBK,64.321433,-96.104642,0,YBK,0.0,0.0,15.6,8.0,2,1000,0,0,0,0,0,0

FINAL,R16-T,16,R,7
IF,FF011,64.221769,-96.106233,BK,0.0,0.0,2,1500,0,0,0,0,2,0
CF,BK,64.314731,-96.064742,0,BK,0.0,0.0,1.4,5.7,1,780,0,0,0,0,3,0
FA,BK,64.314731,-96.064742,0,YBK,0.0,0.0,1.4,2,1900,0,0,0,0,0,0
DF,BK,64.314731,-96.064742,1, ,0.0,0.0,1,1900,0,0,0,0,0,0
HM,BK,64.314731,-96.064742,2, ,0.0,0.0,1.4,04.3,0,0,0,0,0,0,0,0,0
IF,YBK,64.321433,-96.104642,YBK,0.0,0.0,2,1000,0,0,0,0,2,0
CF,RW16,64.304256,-96.081831,0,YBK,150.0,1.2,15.6,1.2,1,740,0,0,0,0,3,0
FA,RW16,64.304256,-96.081831,0,YBK,0.0,0.0,15.6,2,1900,0,0,0,0,0,0
DF,YBK,64.321433,-96.104642,2, ,0.0,0.0,1,1900,0,0,0,0,0,0
HM,YBK,64.321433,-96.104642,2, ,0.0,0.0,15.6,04.3,0,0,0,0,0,0,0,0,0

APPTR,R34,34,DENPO
IF,DENPO,64.107050,-96.131728, ,0.0,0.0,0,0,0,0,0,0,1,0
TF,IRGUX,64.133422,-95.951500,0, ,0.0,0.0,0.0,0.0,2,1500,0,0,0,0,1,0

APPTR,R34,34,ETKUT
IF,ETKUT,64.159572,-95.770933, ,0.0,0.0,0,0,0,0,0,0,1,0
TF,IRGUX,64.133422,-95.951500,0, ,0.0,0.0,0.0,0.0,2,1500,0,0,0,0,1,0

FINAL,R34,34,R,3
IF,IRGUX,64.133422,-95.951500, ,0.0,0.0,2,1500,0,0,0,0,1,0
TF,NABUV,64.228031,-96.023467,0, ,0.0,0.0,34.5,6.0,2,1400,0,0,0,0,2,0
TF,RW34,64.293372,-96.073478,0, ,0.0,0.0,34.5,4.1,1,62,0,0,0,0,3,1
TF,OTESI,64.324892,-96.097689,0, ,0.0,0.0,0.0,0.0,0,0,0,0,0,0,0,0
TF,OVBAB,64.372161,-96.134114,0, ,0.0,0.0,0.0,0.0,1,1900,0,0,0,0,0,1
HM,OVBAB,64.372161,-96.134114,2, ,0.0,0.0,34.5,04.3,0,0,0,0,0,0,0,0,0

APPTR,R34-T,34,BK
PI,BK,64.314731,-96.064742,2,YBK,14.9,10.0,060,5.0,2,1500,0,0,0,0,0,0
CF,FF011,64.221769,-96.106233,0,YBK,180.4,6.0,1.4,4.3,2,1500,0,0,0,0,0,0

FINAL,R34-T,34,R,2
IF,FF011,64.221769,-96.106233,BK,0.0,0.0,2,1500,0,0,0,0,2,0
CF,BK,64.314731,-96.064742,0,BK,0.0,0.0,1.4,5.7,1,780,0,0,0,0,3,0
FA,BK,64.314731,-96.064742,0,YBK,0.0,0.0,1.4,2,1900,0,0,0,0,0,0
DF,BK,64.314731,-96.064742,1, ,0.0,0.0,1,1900,0,0,0,0,0,0
HM,BK,64.314731,-96.064742,2, ,0.0,0.0,1.4,04.3,0,0,0,0,0,0,0,0,0

