APPTR,D08,08,XOXUD
IF,XOXUD,51.265989,-93.834942, ,0.0,0.0,0,0,0,0,0,0,1,0
AF,BETUG,51.028786,-94.071622,1,YRL,257.8,12.0,347.0,2,2800,0,0,0,0,1,0

APPTR,D08,08,XUDVA
IF,XUDVA,50.886011,-93.644747, ,0.0,0.0,0,0,0,0,0,0,1,0
AF,BETUG,51.028786,-94.071622,2,YRL,257.8,12.0,158.0,2,2800,0,0,0,0,1,0

APPTR,D08,08,YRL
PI,YRL,51.071553,-93.762036,1,YRL,303.0,12.0,258,5.0,2,2600,0,0,0,0,0,0

FINAL,D08,08,D,3
IF,BETUG,51.028786,-94.071622,YRL,257.8,12.0,2,2800,0,0,0,0,0,0
CF,SOUSY,51.057386,-93.865294,0,YRL,257.8,4.0,78.0,8.0,2,2050,0,0,0,0,2,0
CF,RW08,51.065844,-93.803733,0,YRL,257.8,1.6,78.0,2.4,1,1287,0,0,0,0,3,0
CA,0,78.0,2,3000,0,0,0,0,0,0
DF,YRL,51.071553,-93.762036,1, ,0.0,0.0,1,3000,0,0,0,0,0,0
HM,YRL,51.071553,-93.762036,1, ,0.0,0.0,78.0,04.3,0,0,0,0,0,0,0,0,0

APPTR,D26,26,UMIGO
IF,UMIGO,50.916839,-93.859428,YRL,201.7,10.0,0,0,0,0,0,0,1,0
AF,RESUK,51.111778,-93.505522,1,YRL,75.9,10.0,202.0,2,2800,0,0,0,0,1,0

APPTR,D26,26,XUGNO
IF,XUGNO,51.189186,-93.949244,YRL,315.0,10.0,0,0,0,0,0,0,1,0
AF,RESUK,51.111778,-93.505522,2,YRL,75.9,10.0,315.0,2,2800,0,0,0,0,1,0

APPTR,D26,26,YRL
PI,YRL,51.071553,-93.762036,2,YRL,31.0,10.0,076,5.0,2,2800,0,0,0,0,0,0

FINAL,D26,26,D,3
IF,RESUK,51.111778,-93.505522,YRL,75.9,10.0,2,2800,0,0,0,0,0,0
CF,ULOTU,51.083678,-93.685128,0,YRL,75.9,3.0,256.0,7.0,2,2520,0,0,0,0,2,0
CF,RW26,51.068342,-93.782353,0,YRL,255.9,0.8,256.0,3.8,1,1316,0,0,0,0,3,0
CA,0,256.0,2,3000,0,0,0,0,0,0
DF,YRL,51.071553,-93.762036,2, ,0.0,0.0,1,3000,0,0,0,0,0,0
HM,YRL,51.071553,-93.762036,2, ,0.0,0.0,256.0,04.3,0,0,0,0,0,0,0,0,0

APPTR,N08,08,RL
PI,RL,51.061031,-93.784925,1,YRL,324.0,10.0,279,5.0,2,2600,0,0,0,0,0,0
CF,FF08,51.075125,-93.912444,0,YRL,272.2,5.7,99.0,5.1,2,2600,0,0,0,0,0,0

FINAL,N08,08,N,3
IF,FF08,51.075125,-93.912444,RL,0.0,0.0,2,2600,0,0,0,0,2,0
CF,EP08,51.063197,-93.804469,0,RL,0.0,0.0,99.0,4.2,1,1287,0,0,0,0,0,1
CF,RL,51.061031,-93.784925,0,RL,0.0,0.0,99.0,0.8,2,1670,0,0,0,0,3,1
CA,0,99.0,2,3000,0,0,0,0,0,0
DF,RL,51.061031,-93.784925,1, ,0.0,0.0,1,3000,0,0,0,0,0,0
HM,RL,51.061031,-93.784925,1, ,0.0,0.0,99.0,04.3,0,0,0,0,0,0,0,0,0

APPTR,R08,08,KAVIR
IF,KAVIR,51.116586,-94.091108, ,0.0,0.0,0,0,0,1,210,0,1,0
TF,EBMER,51.034803,-94.066517,0, ,0.0,0.0,0.0,0.0,2,2600,0,0,0,0,1,0

APPTR,R08,08,XIKUS
IF,XIKUS,50.953014,-94.042014, ,0.0,0.0,0,0,0,1,210,0,1,0
TF,EBMER,51.034803,-94.066517,0, ,0.0,0.0,0.0,0.0,2,2600,0,0,0,0,1,0

FINAL,R08,08,R,3
IF,EBMER,51.034803,-94.066517, ,0.0,0.0,2,2600,0,0,0,0,1,0
TF,NOTAG,51.053272,-93.910803,0, ,0.0,0.0,79.0,6.0,2,2600,0,0,0,0,2,0
TF,RW08,51.065844,-93.803733,0, ,0.0,0.0,80.0,4.1,1,1287,0,0,0,0,3,1
TF,IMIKO,51.080958,-93.673808,0, ,0.0,0.0,0.0,0.0,1,3000,0,0,0,0,0,1
HM,IMIKO,51.080958,-93.673808,2, ,0.0,0.0,80.0,04.3,0,0,0,0,0,0,0,0,0

APPTR,R26,26,IKDAV
IF,IKDAV,51.180364,-93.545225, ,0.0,0.0,0,0,0,1,210,0,1,0
TF,OMROK,51.098472,-93.521564,0, ,0.0,0.0,0.0,0.0,2,2800,0,0,0,0,1,0

APPTR,R26,26,XORUP
IF,XORUP,51.016572,-93.497986, ,0.0,0.0,0,0,0,1,210,0,1,0
TF,OMROK,51.098472,-93.521564,0, ,0.0,0.0,0.0,0.0,2,2800,0,0,0,0,1,0

FINAL,R26,26,R,3
IF,OMROK,51.098472,-93.521564, ,0.0,0.0,2,2800,0,0,0,0,1,0
TF,MIRIM,51.080522,-93.677581,0, ,0.0,0.0,260.0,6.0,2,2600,0,0,0,0,2,0
TF,RW26,51.068342,-93.782353,0, ,0.0,0.0,260.0,4.0,1,1316,0,0,0,0,3,1
TF,BUBUP,51.053108,-93.912208,0, ,0.0,0.0,0.0,0.0,1,3000,0,0,0,0,0,1
HM,BUBUP,51.053108,-93.912208,2, ,0.0,0.0,259.0,04.3,0,0,0,0,0,0,0,0,0

APPTR,S26,26,YRL
PI,YRL,51.071553,-93.762036,2,YRL,31.0,10.0,076,5.0,2,2800,0,0,0,0,1,0
CF,FF26,51.087217,-93.662011,0,YRL,76.0,3.9,256.0,6.1,2,2800,0,0,0,0,0,0

FINAL,S26,26,D,2
IF,FF26,51.087217,-93.662011,YRL,76.0,3.9,2,2800,0,0,0,0,2,0
CF,YRL,51.071553,-93.762036,0,YRL,0.0,0.0,256.0,3.9,1,1568,0,0,0,0,3,0
CA,0,256.0,2,3000,0,0,0,0,0,0
DF,YRL,51.071553,-93.762036,2, ,0.0,0.0,1,3000,0,0,0,0,0,0
HM,YRL,51.071553,-93.762036,2, ,0.0,0.0,256.0,04.3,0,0,0,0,0,0,0,0,0

