APPTR,D18,18,YVC
PI,YVC,55.158278,-105.266811,2,YVC,328.0,10.0,013,5.0,2,2700,0,0,0,0,1,0

FINAL,D18,18,D,3
IF,DEBOB,55.310789,-105.150544,YVC,13.5,10.0,2,2700,0,0,0,0,0,0
CF,RIBON,55.219294,-105.220408,0,YVC,13.5,4.0,193.0,6.0,2,2570,0,0,0,0,2,0
CF,MA18,55.159517,-105.265872,0,YVC,13.5,0.1,193.0,3.9,1,1294,0,0,0,0,3,0
TF,YVC,55.158278,-105.266811,0, ,0.0,0.0,0.0,0.0,0,0,0,0,0,0,0,0
FA,YVC,55.158278,-105.266811,0,YVC,0.0,0.0,193.0,2,3000,0,0,0,0,0,0
DF,YVC,55.158278,-105.266811,2, ,0.0,0.0,1,3000,0,0,0,0,0,0
HM,YVC,55.158278,-105.266811,2, ,0.0,0.0,193.0,04.3,0,0,0,0,0,0,0,0,0

APPTR,D36,36,YVC
PI,YVC,55.158278,-105.266811,2,YVC,124.0,10.0,169,5.0,2,2700,0,0,0,0,0,0

FINAL,D36,36,D,3
IF,URMOL,54.991939,-105.262192,YVC,169.1,10.0,2,2700,0,0,0,0,0,0
CF,ETLEN,55.091742,-105.264958,0,YVC,169.1,4.0,349.0,6.0,2,2290,0,0,0,0,2,0
CF,RW36,55.144578,-105.263950,0,YVC,163.2,0.8,349.0,3.2,1,1274,0,0,0,0,3,0
CA,0,349.0,2,3000,0,0,0,0,0,0
DF,YVC,55.158278,-105.266811,2, ,0.0,0.0,1,3000,0,0,0,0,0,0
HM,YVC,55.158278,-105.266811,2, ,0.0,0.0,349.0,04.3,0,0,0,0,0,0,0,0,0

APPTR,N36,36,VC
PI,VC,55.086011,-105.318928,1,YVC,243.0,10.0,198,5.0,2,2700,0,0,0,0,0,0
CF,VC,55.086011,-105.318928,0,YVC,192.5,4.7,18.0,8.0,2,2550,0,0,0,0,0,0

FINAL,N36,36,N,2
IF,VC,55.086011,-105.318928,VC,0.0,0.0,2,2550,0,0,0,0,2,0
CF,RW36,55.144578,-105.263950,0,VC,0.0,0.0,18.0,4.0,1,1274,0,0,0,0,3,0
CA,0,18.0,2,3000,0,0,0,0,0,0
DF,VC,55.086011,-105.318928,1, ,0.0,0.0,1,3000,0,0,0,0,0,0
HM,VC,55.086011,-105.318928,1, ,0.0,0.0,18.0,04.3,0,0,0,0,0,0,0,0,0

APPTR,R18,18,ELVOB
IF,ELVOB,55.336208,-105.358128, ,0.0,0.0,0,0,0,0,0,0,1,0
TF,OVDUN,55.323197,-105.214025,0, ,0.0,0.0,0.0,0.0,2,2600,0,0,0,0,1,0

APPTR,R18,18,NUGEV
IF,NUGEV,55.310019,-105.070014, ,0.0,0.0,0,0,0,0,0,0,1,0
TF,OVDUN,55.323197,-105.214025,0, ,0.0,0.0,0.0,0.0,2,2600,0,0,0,0,1,0

FINAL,R18,18,R,3
IF,OVDUN,55.323197,-105.214025, ,0.0,0.0,2,2600,0,0,0,0,1,0
TF,PETPI,55.224639,-105.241628,0, ,0.0,0.0,179.0,6.0,2,2600,0,0,0,0,2,0
TF,RW18,55.158100,-105.260186,0, ,0.0,0.0,179.0,4.1,1,1294,0,0,0,0,3,1
TF,REROD,55.075956,-105.283008,0, ,0.0,0.0,0.0,0.0,1,3000,0,0,0,0,0,1
HM,REROD,55.075956,-105.283008,2, ,0.0,0.0,179.0,04.3,0,0,0,0,0,0,0,0,0

APPTR,R36,36,ROTMI
IF,ROTMI,54.991444,-105.452847, ,0.0,0.0,0,0,0,0,0,0,1,0
TF,OBSIV,54.978439,-105.309981,0, ,0.0,0.0,0.0,0.0,2,2600,0,0,0,0,1,0

APPTR,R36,36,SAXAP
IF,SAXAP,54.965264,-105.167206, ,0.0,0.0,0,0,0,0,0,0,1,0
TF,OBSIV,54.978439,-105.309981,0, ,0.0,0.0,0.0,0.0,2,2600,0,0,0,0,1,0

FINAL,R36,36,R,3
IF,OBSIV,54.978439,-105.309981, ,0.0,0.0,2,2600,0,0,0,0,1,0
TF,IMUNU,55.077019,-105.282714,0, ,0.0,0.0,359.0,6.0,2,2600,0,0,0,0,2,0
TF,RW36,55.144578,-105.263950,0, ,0.0,0.0,359.0,4.1,1,1274,0,0,0,0,3,1
TF,TETUP,55.226719,-105.241047,0, ,0.0,0.0,0.0,0.0,1,3000,0,0,0,0,0,1
HM,TETUP,55.226719,-105.241047,2, ,0.0,0.0,359.0,04.3,0,0,0,0,0,0,0,0,0

APPTR,S18,18,YVC
PI,YVC,55.158278,-105.266811,2,YVC,328.0,10.0,013,5.0,2,2700,0,0,0,0,1,0
CF,FF18,55.225644,-105.216775,0,YVC,13.0,4.4,193.0,5.6,2,2700,0,0,0,0,0,0

FINAL,S18,18,D,3
IF,FF18,55.225644,-105.216775,YVC,13.0,4.4,2,2700,0,0,0,0,2,0
CF,ES18,55.159492,-105.265908,0,YVC,13.1,0.1,193.0,4.3,1,1294,0,0,0,0,0,1
CF,YVC,55.158278,-105.266811,0,YVC,0.0,0.0,193.0,0.1,2,1650,0,0,0,0,3,1
CA,0,193.0,2,3000,0,0,0,0,0,0
DF,YVC,55.158278,-105.266811,2, ,0.0,0.0,1,3000,0,0,0,0,0,0
HM,YVC,55.158278,-105.266811,2, ,0.0,0.0,193.0,04.3,0,0,0,0,0,0,0,0,0

