APPTR,N05-A,05,6K
PI,6K,50.350000,-119.260000,2,YNY,306.0,14.0,351,5.0,2,6800,0,0,0,0,0,0
CF,6K,50.350000,-119.260000,0,YNY,196.1,23.2,171.0,12.0,2,4900,0,0,0,0,0,0

APPTR,N05-A,05,YNY
IF,YNY,50.677828,-118.938789, ,0.0,0.0,0,0,0,0,0,0,0,0
TF,SUVAK,50.581000,-119.215500,0, ,0.0,0.0,0.0,0.0,2,9200,0,0,0,0,1,0
TF,6K,50.350000,-119.260000,0, ,0.0,0.0,0.0,0.0,2,4900,0,0,0,0,0,0

FINAL,N05-A,05,N,2
IF,6K,50.350000,-119.260000,6K,0.0,0.0,2,4900,0,0,0,0,2,0
CF,MA186,50.248094,-119.324194,0,6K,0.0,0.0,186.0,6.6,1,3300,0,0,0,0,3,0
CA,0,186.0,2,3900,0,0,0,0,0,0
CF,6K,50.350000,-119.260000,2,YNY,196.1,23.2,23.0,13.0,0,0,0,0,0,0,0,0
FA,6K,50.350000,-119.260000,0,YNY,0.0,0.0,351.0,2,8000,0,0,0,0,0,0
DF,6K,50.350000,-119.260000,1, ,0.0,0.0,1,8000,0,0,0,0,0,0
HM,6K,50.350000,-119.260000,2, ,0.0,0.0,171.0,04.3,0,0,0,1,210,0,0,0,0

APPTR,N23-A,23,6K
PI,6K,50.350000,-119.260000,2,YNY,306.0,14.0,351,5.0,2,6800,0,0,0,0,0,0
CF,6K,50.350000,-119.260000,0,YNY,196.1,23.2,171.0,12.0,2,4900,0,0,0,0,0,0

APPTR,N23-A,23,YNY
IF,YNY,50.677828,-118.938789, ,0.0,0.0,0,0,0,0,0,0,0,0
TF,SUVAK,50.581000,-119.215500,0, ,0.0,0.0,0.0,0.0,2,9200,0,0,0,0,1,0
TF,6K,50.350000,-119.260000,0, ,0.0,0.0,0.0,0.0,2,4900,0,0,0,0,0,0

FINAL,N23-A,23,N,2
IF,6K,50.350000,-119.260000,6K,0.0,0.0,2,4900,0,0,0,0,2,0
CF,MA186,50.248094,-119.324194,0,6K,0.0,0.0,186.0,6.6,1,3300,0,0,0,0,3,0
CA,0,186.0,2,3900,0,0,0,0,0,0
CF,6K,50.350000,-119.260000,2,YNY,196.1,23.2,23.0,13.0,0,0,0,0,0,0,0,0
FA,6K,50.350000,-119.260000,0,YNY,0.0,0.0,351.0,2,8000,0,0,0,0,0,0
DF,6K,50.350000,-119.260000,1, ,0.0,0.0,1,8000,0,0,0,0,0,0
HM,6K,50.350000,-119.260000,2, ,0.0,0.0,171.0,04.3,0,0,0,1,210,0,0,0,0

APPTR,R05,05,YDC
IF,YDC,49.381542,-120.373778, ,0.0,0.0,0,0,0,0,0,0,0,0
TF,MUPNU,49.928742,-119.569478,0, ,0.0,0.0,0.0,0.0,2,8900,0,0,0,0,1,0
TF,AVSON,50.026919,-119.540811,0, ,0.0,0.0,0.0,0.0,2,6100,0,0,0,0,1,0

FINAL,R05,05,R,6
IF,AVSON,50.026919,-119.540811, ,0.0,0.0,2,6100,0,0,0,0,0,0
TF,XEXON,50.076006,-119.526436,0, ,0.0,0.0,354.0,3.0,2,5900,0,0,0,0,0,0
TF,XIBUN,50.108728,-119.516836,0, ,0.0,0.0,355.0,2.0,2,5300,0,0,0,0,0,0
TF,RIBIV,50.125089,-119.512031,0, ,0.0,0.0,355.0,1.0,2,5000,0,0,0,0,2,0
TF,UBTUL,50.160078,-119.465233,0, ,0.0,0.0,25.0,2.8,2,3900,0,0,0,0,0,0
TF,PEVKU,50.233194,-119.366961,0, ,0.0,0.0,25.0,5.8,1,1694,0,0,0,0,3,1
DF,VIGPI,50.538061,-119.184933,0, ,0.0,0.0,1,8000,0,0,0,0,0,1
HM,VIGPI,50.538061,-119.184933,1, ,0.0,0.0,4.0,04.3,0,0,0,1,175,0,0,0,0

APPTR,R05-B,05,BINVO
IF,BINVO,50.758889,-116.467500, ,0.0,0.0,0,0,0,0,0,0,0,0
TF,SEGIG,50.510714,-118.976300,0, ,0.0,0.0,0.0,0.0,2,13500,0,1,200,0,1,0
TF,EBMUL,50.549364,-119.106533,0, ,0.0,0.0,0.0,0.0,2,6400,0,0,0,0,1,0
TF,ALVED,50.443644,-119.183425,0, ,0.0,0.0,0.0,0.0,2,5500,0,1,200,0,0,0

APPTR,R05-B,05,VIDRI
IF,VIDRI,50.225958,-121.499267, ,0.0,0.0,0,0,0,0,0,0,0,0
TF,KEDOD,50.587869,-119.236981,0, ,0.0,0.0,0.0,0.0,2,9100,0,1,200,0,1,0
TF,EBMUL,50.549364,-119.106533,0, ,0.0,0.0,0.0,0.0,2,6400,0,0,0,0,1,0
TF,ALVED,50.443644,-119.183425,0, ,0.0,0.0,0.0,0.0,2,5500,0,1,200,0,0,0

FINAL,R05-B,05,R,4
IF,ALVED,50.443644,-119.183425, ,0.0,0.0,2,5500,0,1,200,0,0,0
TF,OMEMA,50.398319,-119.216272,0, ,0.0,0.0,189.0,3.0,2,5100,0,0,0,0,2,0
TF,ILUDO,50.344039,-119.255700,0, ,0.0,0.0,189.0,3.6,2,3680,0,0,0,0,0,1
TF,MISAG,50.265481,-119.312517,0, ,0.0,0.0,189.0,5.2,1,3100,0,0,0,0,3,1
CA,0,189.0,2,4000,0,0,0,0,0,0
DF,VIGBI,50.456592,-119.222456,2, ,0.0,0.0,1,8000,0,1,165,0,0,1
HM,VIGBI,50.456592,-119.222456,2, ,0.0,0.0,170.0,04.3,0,0,0,1,175,0,0,0,0

APPTR,R23-B,23,BINVO
IF,BINVO,50.758889,-116.467500, ,0.0,0.0,0,0,0,0,0,0,0,0
TF,SEGIG,50.510714,-118.976300,0, ,0.0,0.0,0.0,0.0,2,13500,0,1,200,0,1,0
TF,EBMUL,50.549364,-119.106533,0, ,0.0,0.0,0.0,0.0,2,6400,0,0,0,0,1,0
TF,ALVED,50.443644,-119.183425,0, ,0.0,0.0,0.0,0.0,2,5500,0,1,200,0,0,0

APPTR,R23-B,23,VIDRI
IF,VIDRI,50.225958,-121.499267, ,0.0,0.0,0,0,0,0,0,0,0,0
TF,KEDOD,50.587869,-119.236981,0, ,0.0,0.0,0.0,0.0,2,9100,0,1,200,0,1,0
TF,EBMUL,50.549364,-119.106533,0, ,0.0,0.0,0.0,0.0,2,6400,0,0,0,0,1,0
TF,ALVED,50.443644,-119.183425,0, ,0.0,0.0,0.0,0.0,2,5500,0,1,200,0,0,0

FINAL,R23-B,23,R,4
IF,ALVED,50.443644,-119.183425, ,0.0,0.0,2,5500,0,1,200,0,0,0
TF,OMEMA,50.398319,-119.216272,0, ,0.0,0.0,189.0,3.0,2,5100,0,0,0,0,2,0
TF,ILUDO,50.344039,-119.255700,0, ,0.0,0.0,189.0,3.6,2,3680,0,0,0,0,0,1
TF,MISAG,50.265481,-119.312517,0, ,0.0,0.0,189.0,5.2,1,3100,0,0,0,0,3,1
CA,0,189.0,2,4000,0,0,0,0,0,0
DF,VIGBI,50.456592,-119.222456,2, ,0.0,0.0,1,8000,0,1,165,0,0,1
HM,VIGBI,50.456592,-119.222456,2, ,0.0,0.0,170.0,04.3,0,0,0,1,175,0,0,0,0

