APPTR,R35,35,DAVII
IF,DAVII,54.643056,-122.477500, ,0.0,0.0,0,0,0,0,0,0,0,0
TF,IPSAN,55.095792,-122.967128,0, ,0.0,0.0,0.0,0.0,2,6400,0,0,0,0,1,0
TF,GOTAX,55.118961,-123.106472,0, ,0.0,0.0,0.0,0.0,2,5400,0,0,0,0,1,0

APPTR,R35,35,FREND
IF,FREND,55.293611,-122.498333, ,0.0,0.0,0,0,0,0,0,0,0,0
TF,KEGPO,55.155233,-122.827197,0, ,0.0,0.0,0.0,0.0,2,7800,0,0,0,0,0,0
TF,IPSAN,55.095792,-122.967128,0, ,0.0,0.0,0.0,0.0,2,6200,0,0,0,0,1,0
TF,GOTAX,55.118961,-123.106472,0, ,0.0,0.0,0.0,0.0,2,5400,0,0,0,0,1,0

FINAL,R35,35,R,3
IF,GOTAX,55.118961,-123.106472, ,0.0,0.0,2,5400,0,0,0,0,0,0
TF,DUNIL,55.201708,-123.121281,0, ,0.0,0.0,335.0,5.0,2,4100,0,0,0,0,2,0
TF,BISLI,55.284450,-123.136150,0, ,0.0,0.0,335.0,5.0,1,2471,0,0,0,0,3,1
DF,IPSAN,55.095792,-122.967128,1, ,0.0,0.0,1,7900,0,0,0,0,0,1
HM,IPSAN,55.095792,-122.967128,1, ,0.0,0.0,309.0,04.3,0,0,0,0,0,0,0,0,0

