SID,CZBM1,05,1
VA,0,53.0,2,800,0,0,0,0,0,0
VA,0,30.0,2,2100,0,0,0,0,0,0
DF,ZBM,45.240967,-72.796458,2, ,0.0,0.0,0,0,0,0,0,0,0,0

SID,CZBM1,23,1
CF,ZBM,45.240967,-72.796458,0,YJN,108.1,22.3,233.0,4.0,0,0,0,0,0,0,0,0
CA,0,233.0,2,1600,0,0,0,0,0,0
DF,ZBM,45.240967,-72.796458,2, ,0.0,0.0,0,0,0,0,0,0,0,0

APPTR,N05,05,YJN
IF,YJN,45.255811,-73.321281, ,0.0,0.0,0,0,0,0,0,0,0,0
TF,ZBM,45.240967,-72.796458,0, ,0.0,0.0,0.0,0.0,2,4500,0,0,0,0,0,0
PI,ZBM,45.240967,-72.796458,1,YJN,278.0,10.0,233,5.0,2,2200,0,0,0,0,0,0
CF,ZBM,45.240967,-72.796458,0,YJN,108.1,22.3,53.0,8.0,2,1480,0,0,0,0,0,0

FINAL,N05,05,N,2
IF,ZBM,45.240967,-72.796458,ZBM,0.0,0.0,2,1480,0,0,0,0,2,0
CF,RW05,45.285483,-72.747881,0,ZBM,0.0,0.0,53.0,3.4,1,394,0,0,0,0,3,0
CA,0,53.0,2,780,0,0,0,0,0,0
VA,1,233.0,2,3000,0,0,0,0,0,0
DF,ZBM,45.240967,-72.796458,1, ,0.0,0.0,1,3000,0,0,0,0,0,0
HM,ZBM,45.240967,-72.796458,1, ,0.0,0.0,53.0,04.3,0,0,0,1,265,0,0,0,0

APPTR,R05,05,ANSYL
IF,ANSYL,45.225994,-72.990067, ,0.0,0.0,0,0,0,0,0,0,1,0
TF,IMUXI,45.165322,-72.877664,0, ,0.0,0.0,0.0,0.0,2,2200,0,0,0,0,1,0

APPTR,R05,05,ENEBO
IF,ENEBO,45.104539,-72.765503, ,0.0,0.0,0,0,0,0,0,0,1,0
TF,IMUXI,45.165322,-72.877664,0, ,0.0,0.0,0.0,0.0,2,2200,0,0,0,0,1,0

FINAL,R05,05,R,4
IF,IMUXI,45.165322,-72.877664, ,0.0,0.0,2,2200,0,0,0,0,0,0
TF,IKBAV,45.231575,-72.806194,0, ,0.0,0.0,52.0,5.0,2,1730,0,0,0,0,2,0
TF,XOTMI,45.261653,-72.773678,0, ,0.0,0.0,53.0,2.3,2,980,0,0,0,0,0,0
TF,RW05,45.285483,-72.747881,0, ,0.0,0.0,53.0,1.8,1,394,0,0,0,0,3,1
DF,IGVEB,45.445822,-72.683503,0, ,0.0,0.0,1,3100,0,0,0,0,0,1
HM,IGVEB,45.445822,-72.683503,2, ,0.0,0.0,30.0,04.3,0,0,0,1,200,0,0,0,0

APPTR,R23,23,HAFIZ
IF,HAFIZ,45.537903,-72.582386, ,0.0,0.0,0,0,0,0,0,0,1,0
TF,ELBES,45.459372,-72.621958,0, ,0.0,0.0,0.0,0.0,2,2900,0,0,0,0,1,0

APPTR,R23,23,OBTID
IF,OBTID,45.352994,-72.549753, ,0.0,0.0,0,0,0,0,0,0,0,0
TF,LIBUV,45.431561,-72.510383,0, ,0.0,0.0,0.0,0.0,2,2900,0,0,0,0,1,0
TF,ELBES,45.459372,-72.621958,0, ,0.0,0.0,0.0,0.0,2,2900,0,0,0,0,1,0

FINAL,R23,23,R,4
IF,ELBES,45.459372,-72.621958, ,0.0,0.0,2,2900,0,0,0,0,0,0
TF,MACVL,45.365108,-72.669281,0, ,0.0,0.0,215.0,6.0,2,2020,0,0,0,0,2,0
TF,XOVPU,45.321131,-72.712044,0, ,0.0,0.0,230.0,3.2,2,1000,0,0,0,0,0,0
TF,RW23,45.296386,-72.736069,0, ,0.0,0.0,230.0,1.8,1,424,0,0,0,0,3,1
TF,ILILA,45.158822,-72.869167,0, ,0.0,0.0,0.0,0.0,1,3100,0,0,0,0,0,1
HM,ILILA,45.158822,-72.869167,2, ,0.0,0.0,230.0,04.3,0,0,0,1,250,0,0,0,0

