APPTR,D18,18,BCR1
IF,BCR,31.684592,-2.261275, ,0.0,0.0,2,5710,0,0,0,0,0,0
FD,BCR,31.684592,-2.261275,0,BCR,0.0,8.0,342.0,8.0,2,4990,0,1,185,0,0,0
CF,D002H,31.818211,-2.261275,2,BCR,2.0,8.0,182.0,1.0,2,4990,0,0,0,0,1,0
CF,FD18,31.776456,-2.261275,0,BCR,2.0,5.5,182.0,2.5,2,4990,0,0,0,0,0,0

APPTR,D18,18,BCR2
IF,BCR,31.684592,-2.261275, ,0.0,0.0,2,5710,0,0,0,0,0,0
FD,BCR,31.684592,-2.261275,0,BCR,0.0,7.0,342.0,7.0,2,4990,0,0,0,0,0,0
CF,D002G,31.801508,-2.261275,2,BCR,2.0,7.0,182.0,1.0,2,4990,0,0,0,0,1,0
CF,FD18,31.776456,-2.261275,0,BCR,2.0,5.5,182.0,1.5,2,4990,0,0,0,0,0,0

FINAL,D18,18,D,2
IF,FD18,31.776456,-2.261275,BCR,2.0,5.5,2,4990,0,0,0,0,2,0
CF,BCR,31.684592,-2.261275,0,BCR,0.0,0.0,182.0,5.5,1,3202,0,0,0,0,3,0
CA,0,182.0,2,3202,0,0,0,0,0,0
FD,BCR,31.684592,-2.261275,0,BCR,0.0,6.0,182.0,6.0,0,0,0,0,0,0,0,0
DF,BCR,31.684592,-2.261275,2, ,0.0,0.0,1,5710,0,0,0,0,0,0

APPTR,I18,18,BCR1
IF,BCR,31.684592,-2.261275, ,0.0,0.0,2,5710,0,0,0,0,0,0
FD,BCR,31.684592,-2.261275,0,BCR,0.0,8.0,342.0,8.0,2,4980,0,0,0,0,0,0
CF,CI18,31.801436,-2.262389,2,BC,1.6,10.3,182.0,2.0,2,4980,0,1,185,0,0,0

APPTR,I18,18,BCR2
IF,BCR,31.684592,-2.261275, ,0.0,0.0,2,5710,0,0,0,0,0,0
FD,BCR,31.684592,-2.261275,0,BCR,0.0,7.0,345.0,7.0,2,4980,0,0,0,0,0,0
CF,CI18,31.801436,-2.262389,2,BC,1.6,10.3,182.0,1.0,2,4980,0,0,0,0,0,0

FINAL,I18,18,I,3
IF,CI18,31.801436,-2.262389,BC,1.6,10.3,2,4980,0,0,0,0,0,0
CF,FI18,31.724608,-2.261761,0,BC,1.6,5.7,182.0,4.6,1,3940,0,0,0,0,2,0
CF,RW18,31.658758,-2.261242,0,BC,1.6,1.8,182.0,3.9,1,2698,0,0,0,0,3,0
CA,0,182.0,2,3070,0,0,0,0,0,0
CF,D182I,31.534264,-2.261275,0,BCR,182.0,9.0,182.0,6.7,0,0,0,0,0,0,0,1
DF,BCR,31.684592,-2.261275,2, ,0.0,0.0,1,5710,0,0,0,0,0,0

APPTR,N24,24,BCR
IF,BCR,31.666667,-2.241667, ,0.0,0.0,2,5250,0,0,0,0,0,0
FC,BCR,31.666667,-2.241667,0,BCR,0.0,0.0,40.0,6.2,2,4660,0,0,0,0,0,1
CF,FN24,31.705656,-2.162622,2,BCR,78.0,5.2,242.0,2.0,2,4660,0,1,185,0,0,0

FINAL,N24,24,N,2
IF,FN24,31.705656,-2.162622,BCR,0.0,0.0,2,4660,0,0,0,0,2,0
CF,BCR,31.666667,-2.241667,0,BCR,0.0,0.0,242.0,4.7,1,3175,0,0,0,0,3,0
CA,0,242.0,2,4310,0,0,0,0,0,0
DF,BCR,31.666667,-2.241667,2, ,0.0,0.0,1,5250,0,0,0,0,0,0

