SID,NUPI1A,05,5
CA,0,49.0,2,659,0,0,0,0,0,0
CF,BE600,6.475828,5.696625,0,BEN,38.8,14.2,34.0,10.6,1,2300,0,1,220,0,0,0
TF,NUPIV,6.575181,5.167336,1, ,0.0,0.0,0.0,0.0,1,7000,0,0,0,0,0,0

SID,NUPI1B,23,5
CF,BE650,6.286522,5.568256,0,BEN,77.4,0.6,229.0,2.7,2,675,0,0,0,0,0,1
DF,UGBAP,6.536236,5.381150,2, ,0.0,0.0,1,4400,0,0,0,0,0,0
TF,NUPIV,6.575181,5.167336,0, ,0.0,0.0,0.0,0.0,1,7000,0,0,0,0,0,0

STAR,MILB1A,23,5
IF,MILBO,6.238833,4.309222, ,0.0,0.0,0,0,0,0,0,0,0,0
TF,NUVEB,6.252214,5.100164,0, ,0.0,0.0,0.0,0.0,0,0,0,0,0,0,0,0
TF,TUROR,6.328561,5.491553,0, ,0.0,0.0,0.0,0.0,0,0,0,0,0,0,0,0
TF,TUNES,6.504550,5.671517,0, ,0.0,0.0,0.0,0.0,0,0,0,0,0,0,0,0

STAR,MILB1B,05,5
IF,MILBO,6.238833,4.309222, ,0.0,0.0,0,0,0,0,0,0,0,0
TF,NUVEB,6.252214,5.100164,0, ,0.0,0.0,0.0,0.0,0,0,0,0,0,0,0,0
TF,DESEB,6.128681,5.406881,0, ,0.0,0.0,0.0,0.0,0,0,0,0,0,0,0,0

APPTR,D05,05,BEN
IF,BEN,6.283650,5.557956, ,0.0,0.0,2,2500,0,0,0,0,0,0
HF,BEN,6.283650,5.557956,1, ,0.0,0.0,50.0,04.5,2,1800,0,0,0,0,0,0,0

FINAL,D05,05,D,2
IF,FD05,6.255094,5.527356,BEN,230.0,2.5,2,1800,0,0,0,0,2,0
CF,MD05,6.306492,5.582436,0,BEN,50.0,2.0,50.0,4.5,1,446,0,0,0,0,3,0
FD,MD05,6.306492,5.582436,0,BEN,50.0,5.0,49.0,5.0,0,0,0,0,0,0,0,0
DF,BEN,6.283650,5.557956,1, ,0.0,0.0,1,2500,0,0,0,0,0,0

APPTR,D23,23,BEN
IF,BEN,6.283650,5.557956, ,0.0,0.0,2,2500,0,0,0,0,0,0
HF,BEN,6.283650,5.557956,2, ,0.0,0.0,230.0,11,2,2100,0,0,0,0,0,0,0

FINAL,D23,23,D,3
IF,CD23,6.397850,5.680386,BEN,50.0,10.0,2,2100,0,0,0,0,0,0
CF,FD23,6.375011,5.655894,0,BEN,50.0,8.0,230.0,2.0,2,1600,0,0,0,0,2,0
CF,MD23,6.327050,5.604472,0,BEN,50.0,3.8,230.0,4.2,1,322,0,0,0,0,3,0
CF,BEN,6.283650,5.557956,0,BEN,0.0,0.0,230.0,3.8,1,2500,0,0,0,0,0,0
HM,BEN,6.283650,5.557956,2, ,0.0,0.0,230.0,04.3,0,0,0,0,0,0,0,0,0

APPTR,R05,05,DESEB
IF,DESEB,6.128681,5.406881, ,0.0,0.0,0,0,0,0,0,0,1,0
TF,BE401,6.187208,5.466714,0, ,0.0,0.0,0.0,0.0,2,2700,0,1,200,0,1,0

APPTR,R05,05,LINUM
IF,LINUM,6.247092,5.408231, ,0.0,0.0,0,0,0,0,0,0,1,0
TF,BE401,6.187208,5.466714,0, ,0.0,0.0,0.0,0.0,2,2700,0,1,200,0,1,0

APPTR,R05,05,NUREL
IF,NUREL,6.127317,5.525183, ,0.0,0.0,0,0,0,0,0,0,1,0
TF,BE401,6.187208,5.466714,0, ,0.0,0.0,0.0,0.0,2,2700,0,1,200,0,1,0

FINAL,R05,05,R,3
IF,BE401,6.187208,5.466714, ,0.0,0.0,2,2700,0,0,0,0,0,0
TF,BE400,6.245736,5.526553,0, ,0.0,0.0,49.0,5.0,1,2000,0,0,0,0,2,0
TF,RW05,6.308944,5.591186,0, ,0.0,0.0,49.0,5.4,1,286,0,0,0,0,3,1
DF,BE700,6.185836,5.585022,2, ,0.0,0.0,0,0,0,0,0,0,0,0
TF,NUREL,6.127317,5.525183,0, ,0.0,0.0,0.0,0.0,2,2000,0,1,200,0,0,0
TF,BE401,6.187208,5.466714,0, ,0.0,0.0,0.0,0.0,0,0,0,0,0,0,0,0
HM,BE401,6.187208,5.466714,1, ,0.0,0.0,49.0,04.3,2,2700,0,1,230,0,0,0,0

APPTR,R23,23,APTIB
IF,APTIB,6.384775,5.788531, ,0.0,0.0,0,0,0,0,0,0,1,0
TF,BE501,6.444667,5.730031,0, ,0.0,0.0,0.0,0.0,2,2700,0,1,200,0,1,0

APPTR,R23,23,TUNES
IF,TUNES,6.504550,5.671517, ,0.0,0.0,0,0,0,0,0,0,1,0
TF,BE501,6.444667,5.730031,0, ,0.0,0.0,0.0,0.0,2,2700,0,1,200,0,1,0

APPTR,R23,23,USKEX
IF,USKEX,6.503186,5.789906, ,0.0,0.0,0,0,0,0,0,0,1,0
TF,BE501,6.444667,5.730031,0, ,0.0,0.0,0.0,0.0,2,2700,0,1,200,0,1,0

FINAL,R23,23,R,3
IF,BE501,6.444667,5.730031, ,0.0,0.0,2,2700,0,0,0,0,0,0
TF,BE500,6.386147,5.670161,0, ,0.0,0.0,229.0,5.0,1,2000,0,0,0,0,2,0
TF,RW23,6.324117,5.606706,0, ,0.0,0.0,229.0,5.3,1,308,0,0,0,0,3,1
DF,BE800,6.326247,5.728675,1, ,0.0,0.0,0,0,0,0,0,0,0,0
TF,APTIB,6.384775,5.788531,0, ,0.0,0.0,0.0,0.0,0,0,0,1,200,0,0,0
TF,BE501,6.444667,5.730031,0, ,0.0,0.0,0.0,0.0,2,2700,0,0,0,0,0,0
HM,BE501,6.444667,5.730031,1, ,0.0,0.0,229.0,04.3,2,2700,0,1,230,0,0,0,0

