APPTR,D26,26,ENG
IF,ENG,6.480881,7.601222, ,0.0,0.0,2,3500,0,0,0,0,0,0
HF,ENG,6.480881,7.601222,2, ,0.0,0.0,262.0,06,2,2200,0,0,0,0,0,0,0

FINAL,D26,26,D,2
IF,FD26,6.491403,7.660911,ENG,82.0,3.6,2,2200,0,0,0,0,2,0
CF,ENG,6.480881,7.601222,0,ENG,0.0,0.0,262.0,3.6,1,1056,0,0,0,0,3,0
FD,ENG,6.480881,7.601222,0,ENG,0.0,7.0,262.0,7.0,0,0,0,0,0,0,0,0
DF,ENG,6.480881,7.601222,2, ,0.0,0.0,1,3500,0,0,0,0,0,0
HM,ENG,6.480881,7.601222,2, ,0.0,0.0,262.0,04.3,0,0,0,0,0,0,0,0,0

APPTR,I26,26,ENG
IF,ENG,6.480881,7.601222, ,0.0,0.0,2,3500,0,0,0,0,0,0
HF,ENG,6.480881,7.601222,2, ,0.0,0.0,262.0,06,2,2200,0,0,0,0,0,0,0

FINAL,I26,26,I,3
IF,CI26,6.496608,7.691958,IEN,82.2,9.0,2,2200,0,0,0,0,0,0
CF,FI26,6.490894,7.658961,0,IEN,82.2,7.0,262.0,2.0,1,2200,0,0,0,0,2,0
CF,RW26,6.475897,7.572286,0,IEN,82.2,1.8,262.0,5.3,1,498,0,0,0,0,3,0
CA,0,262.0,2,920,0,0,0,0,0,0
DF,ENG,6.480881,7.601222,2, ,0.0,0.0,1,3500,0,0,0,0,0,0
HM,ENG,6.480881,7.601222,2, ,0.0,0.0,262.0,04.3,0,0,0,0,0,0,0,0,0

