SID,AKDI1S,21,5
CA,0,210.0,2,700,0,0,0,0,0,0
DF,PO412,5.089183,6.823906,2, ,0.0,0.0,0,0,0,1,210,0,0,0
TF,PO502,5.198381,6.777864,0, ,0.0,0.0,0.0,0.0,3,3500,0,0,0,0,0,0
TF,AKDIT,5.592178,6.336731,0, ,0.0,0.0,0.0,0.0,0,0,0,0,0,0,0,0

SID,EPET1S,21,5
CA,0,210.0,2,700,0,0,0,0,0,0
DF,PO506,5.150003,7.274036,1, ,0.0,0.0,0,0,0,1,210,0,0,0
TF,EPETA,5.800133,7.296453,0, ,0.0,0.0,0.0,0.0,0,0,0,0,0,0,0,0

STAR,IPOM1R,21,5
IF,IPOMA,5.810556,7.000944, ,0.0,0.0,0,0,0,0,0,0,0,0
TF,PO406,5.497336,7.091117,0, ,0.0,0.0,0.0,0.0,0,0,0,0,0,0,0,0
TF,GARAS,5.252675,7.076708,0, ,0.0,0.0,0.0,0.0,0,0,0,0,0,0,0,0
TF,RULMA,5.164169,7.029247,0, ,0.0,0.0,0.0,0.0,2,2000,0,1,210,0,0,0

STAR,LINO1R,21,5
IF,LINOX,4.945639,7.765944, ,0.0,0.0,0,0,0,0,0,0,0,0
TF,PO418,4.994964,7.450083,0, ,0.0,0.0,0.0,0.0,0,0,0,0,0,0,0,0
TF,ARLUX,5.124517,7.102806,0, ,0.0,0.0,0.0,0.0,0,0,0,0,0,0,0,0
TF,RULMA,5.164169,7.029247,0, ,0.0,0.0,0.0,0.0,2,2000,0,1,210,0,0,0

STAR,POSA1R,21,5
IF,POSAD,5.343944,6.177583, ,0.0,0.0,0,0,0,0,0,0,0,0
TF,PO414,5.220103,6.492069,0, ,0.0,0.0,0.0,0.0,0,0,0,0,0,0,0,0
TF,PO412,5.089183,6.823906,0, ,0.0,0.0,0.0,0.0,2,6000,0,0,0,0,0,0
TF,PO410,5.130044,6.916142,0, ,0.0,0.0,0.0,0.0,2,5000,0,0,0,0,0,0
TF,EBSIG,5.203814,6.955678,0, ,0.0,0.0,0.0,0.0,0,0,0,0,0,0,0,0
TF,RULMA,5.164169,7.029247,0, ,0.0,0.0,0.0,0.0,2,2000,0,1,210,0,0,0

APPTR,D03,03,POT
IF,POT,5.035350,6.960183, ,0.0,0.0,2,2400,0,0,0,0,0,0
CF,D210H,4.924422,6.901383,0,POT,210.0,7.5,210.0,7.5,2,1500,0,0,0,0,0,0
FC,D210H,4.924422,6.901383,0,POT,0.0,0.0,255.0,4.3,0,0,0,0,0,0,0,1
CF,FD03,4.939211,6.909222,1,POT,210.0,6.5,30.0,6.0,2,1500,0,0,0,0,0,0

FINAL,D03,03,D,2
IF,FD03,4.939211,6.909222,POT,210.0,6.5,2,1500,0,0,0,0,2,0
CF,MD03,4.998364,6.940578,0,POT,210.0,2.5,30.0,4.0,1,245,0,0,0,0,3,0
CF,POT,5.035350,6.960183,0,POT,0.0,0.0,30.0,2.5,2,500,0,0,0,0,0,0
HM,POT,5.035350,6.960183,2, ,0.0,0.0,210.0,04.3,1,2400,0,0,0,0,0,0,0

APPTR,D21,21,POT
IF,POT,5.035350,6.960183, ,0.0,0.0,2,2400,0,0,0,0,0,0
CF,D030E,5.109267,6.999386,0,POT,30.0,5.0,30.0,5.0,2,1500,0,0,0,0,0,0
FC,D030E,5.109267,6.999386,0,POT,0.0,0.0,345.0,4.3,0,0,0,0,0,0,0,1
CF,FD21,5.091522,6.989975,2,POT,30.0,3.8,210.0,6.0,2,1500,0,0,0,0,0,0

FINAL,D21,21,D,2
IF,FD21,5.091522,6.989975,POT,30.0,3.8,2,1500,0,0,0,0,2,0
CF,POT,5.035350,6.960183,0,POT,0.0,0.0,210.0,3.8,1,313,0,0,0,0,3,0
CA,0,210.0,2,500,0,0,0,0,0,0
DF,POT,5.035350,6.960183,2, ,0.0,0.0,1,2400,0,0,0,0,0,0
HM,POT,5.035350,6.960183,2, ,0.0,0.0,30.0,04.3,1,2400,0,0,0,0,0,0,0

APPTR,I21,21,POT
IF,POT,5.035350,6.960183, ,0.0,0.0,2,2400,0,0,0,0,0,0
CF,D030E,5.109267,6.999386,0,POT,30.0,5.0,30.0,5.0,2,1500,0,0,0,0,0,0
FC,D030E,5.109267,6.999386,0,POT,0.0,0.0,345.0,4.3,0,0,0,0,0,0,0,1
CF,CI21,5.118411,7.004711,2,IPC,30.3,8.0,210.0,4.0,2,1500,0,0,0,0,0,0

FINAL,I21,21,I,3
IF,CI21,5.118411,7.004711,IPC,30.3,8.0,2,1500,0,0,0,0,0,0
CF,FI21,5.088908,6.988894,0,IPC,30.3,6.0,210.0,2.0,1,1500,0,0,0,0,2,0
CF,RW21,5.027406,6.955936,0,IPC,30.3,1.8,210.0,4.2,1,141,0,0,0,0,3,0
CA,0,210.0,2,500,0,0,0,0,0,0
DF,POT,5.035350,6.960183,2, ,0.0,0.0,1,2400,0,0,0,0,0,0
HM,POT,5.035350,6.960183,2, ,0.0,0.0,30.0,04.3,1,2400,0,0,0,0,0,0,0

APPTR,R21,21,ARLUX
IF,ARLUX,5.124517,7.102806, ,0.0,0.0,0,0,0,0,0,0,1,0
TF,RULMA,5.164169,7.029247,0, ,0.0,0.0,0.0,0.0,2,2000,0,1,210,0,1,0

APPTR,R21,21,EBSIG
IF,EBSIG,5.203814,6.955678, ,0.0,0.0,0,0,0,0,0,0,1,0
TF,RULMA,5.164169,7.029247,0, ,0.0,0.0,0.0,0.0,2,2000,0,1,210,0,1,0

APPTR,R21,21,GARAS
IF,GARAS,5.252675,7.076708, ,0.0,0.0,0,0,0,0,0,0,1,0
TF,RULMA,5.164169,7.029247,0, ,0.0,0.0,0.0,0.0,2,2000,0,1,210,0,1,0

FINAL,R21,21,R,3
IF,RULMA,5.164169,7.029247, ,0.0,0.0,2,2000,0,1,210,0,0,0
TF,PO400,5.090411,6.989706,0, ,0.0,0.0,210.0,5.0,1,1500,0,1,200,0,2,0
TF,RW21,5.027406,6.955936,0, ,0.0,0.0,210.0,4.3,1,140,0,0,0,0,3,1
CA,0,210.0,2,600,0,0,0,0,0,0
DF,PO410,5.130044,6.916142,2, ,0.0,0.0,0,0,0,0,0,0,0,0
TF,EBSIG,5.203814,6.955678,0, ,0.0,0.0,0.0,0.0,1,2000,0,0,0,0,0,0
TF,RULMA,5.164169,7.029247,0, ,0.0,0.0,0.0,0.0,0,0,0,0,0,0,0,0
HM,RULMA,5.164169,7.029247,2, ,0.0,0.0,210.0,04.3,0,0,0,1,230,0,0,0,0

APPTR,S03,03,POT
IF,POT,5.035350,6.960183, ,0.0,0.0,2,2400,0,1,200,0,0,0
CF,D210I,4.912608,6.895117,0,POT,210.0,8.3,210.0,8.3,2,1600,0,0,0,0,0,0
FC,D210I,4.912608,6.895117,0,POT,0.0,0.0,255.0,4.3,0,0,0,0,0,0,0,1
CF,FS03,4.935383,6.907189,1,POT,210.0,6.8,30.0,6.0,2,1600,0,0,0,0,0,0

FINAL,S03,03,D,2
IF,FS03,4.935383,6.907189,POT,210.0,6.8,2,1600,0,0,0,0,2,0
CF,RW03,5.003514,6.943131,0,POT,210.3,2.2,30.0,4.6,1,136,0,0,0,0,3,0
CF,POT,5.035350,6.960183,0,POT,0.0,0.0,30.0,2.2,2,500,0,0,0,0,0,1
VA,0,52.0,2,2400,0,0,0,0,0,0
DF,POT,5.035350,6.960183,1, ,0.0,0.0,1,2400,0,0,0,0,0,0
HM,POT,5.035350,6.960183,2, ,0.0,0.0,210.0,04.3,0,0,0,0,0,0,0,0,0

APPTR,S21,21,POT
IF,POT,5.035350,6.960183, ,0.0,0.0,2,2400,0,1,200,0,0,0
CF,FS21,5.134422,7.012722,0,POT,30.0,6.7,30.0,6.7,2,1600,0,0,0,0,0,0
FC,FS21,5.134422,7.012722,0,POT,0.0,0.0,345.0,4.3,0,0,0,0,0,0,0,1
CF,FS21,5.134422,7.012722,2,POT,30.0,6.7,210.0,5.0,2,1600,0,0,0,0,0,0

FINAL,S21,21,D,2
IF,FS21,5.134422,7.012722,POT,30.0,6.7,2,1600,0,0,0,0,2,0
CF,POT,5.035350,6.960183,0,POT,0.0,0.0,210.0,6.7,1,313,0,0,0,0,3,0
CA,0,210.0,2,500,0,0,0,0,0,0
VA,0,232.0,2,2400,0,0,0,0,0,0
DF,POT,5.035350,6.960183,1, ,0.0,0.0,1,2400,0,0,0,0,0,0
HM,POT,5.035350,6.960183,2, ,0.0,0.0,30.0,04.3,1,2400,0,0,0,0,0,0,0

