APPTR,R05,05,AGREM
IF,AGREM,10.951078,7.583408, ,0.0,0.0,0,0,0,0,0,0,1,0
TF,GAMAV,11.018481,7.533158,0, ,0.0,0.0,0.0,0.0,2,4500,0,1,200,0,1,0

APPTR,R05,05,EPASO
IF,EPASO,11.085875,7.482886, ,0.0,0.0,0,0,0,0,0,0,1,0
TF,GAMAV,11.018481,7.533158,0, ,0.0,0.0,0.0,0.0,2,4500,0,1,200,0,1,0

APPTR,R05,05,KITKI
IF,KITKI,10.968786,7.464975, ,0.0,0.0,0,0,0,0,0,0,1,0
TF,GAMAV,11.018481,7.533158,0, ,0.0,0.0,0.0,0.0,2,4500,0,1,200,0,1,0

FINAL,R05,05,R,3
IF,GAMAV,11.018481,7.533158, ,0.0,0.0,2,4500,0,0,0,0,0,0
TF,ZA600,11.068161,7.601367,0, ,0.0,0.0,55.0,5.0,1,4000,0,0,0,0,2,0
TF,RW05,11.125317,7.679892,0, ,0.0,0.0,55.0,5.8,1,2168,0,0,0,0,3,1
CA,0,55.0,2,2580,0,0,0,0,0,0
DF,EPASO,11.085875,7.482886,1, ,0.0,0.0,0,0,0,0,0,0,0,0
TF,GAMAV,11.018481,7.533158,1, ,0.0,0.0,0.0,0.0,0,0,0,0,0,0,0,0
HM,GAMAV,11.018481,7.533158,1, ,0.0,0.0,55.0,04.3,2,4500,0,1,230,0,0,0,0

APPTR,R23,23,ODVUM
IF,ODVUM,11.303925,7.892681, ,0.0,0.0,0,0,0,0,0,0,1,0
TF,EBSEV,11.249717,7.828028,0, ,0.0,0.0,0.0,0.0,2,4500,0,1,200,0,1,0

APPTR,R23,23,TEPRU
IF,TEPRU,11.313472,7.773089, ,0.0,0.0,0,0,0,0,0,0,1,0
TF,EBSEV,11.249717,7.828028,0, ,0.0,0.0,0.0,0.0,2,4500,0,1,200,0,1,0

APPTR,R23,23,XUSIP
IF,XUSIP,11.185953,7.882992, ,0.0,0.0,0,0,0,0,0,0,1,0
TF,EBSEV,11.249717,7.828028,0, ,0.0,0.0,0.0,0.0,2,4500,0,1,200,0,1,0

FINAL,R23,23,R,3
IF,EBSEV,11.249717,7.828028, ,0.0,0.0,2,4500,0,0,0,0,0,0
TF,ZA400,11.195494,7.763450,0, ,0.0,0.0,231.0,5.0,1,4000,0,0,0,0,2,0
TF,RW23,11.135089,7.691528,0, ,0.0,0.0,231.0,5.6,1,2227,0,0,0,0,3,1
CA,0,231.0,2,2580,0,0,0,0,0,0
DF,TEPRU,11.313472,7.773089,2, ,0.0,0.0,0,0,0,0,0,0,0,0
TF,EBSEV,11.249717,7.828028,2, ,0.0,0.0,0.0,0.0,0,0,0,0,0,0,0,0
HM,EBSEV,11.249717,7.828028,2, ,0.0,0.0,231.0,04.3,2,4500,0,1,230,0,0,0,0

