SID,ABAL1E,09R,5
CA,0,88.0,2,1100,0,0,0,0,0,0
CF,RN053,13.564528,2.280417,0,NY,42.7,6.5,19.0,5.0,0,0,0,0,0,0,0,0
TF,ABALA,16.050000,4.583333,0, ,0.0,0.0,0.0,0.0,0,0,0,0,0,0,0,0

SID,ABAL1W,27L,5
CA,0,268.0,2,1100,0,0,0,0,0,0
DF,NY,13.483333,2.206389,1, ,0.0,0.0,0,0,0,0,0,0,0,0
TF,ABALA,16.050000,4.583333,0, ,0.0,0.0,0.0,0.0,0,0,0,0,0,0,0,0

SID,BANG1E,09R,5
CA,0,88.0,2,1100,0,0,0,0,0,0
CF,RN062,13.432194,2.034556,2,NY,254.1,10.5,275.0,10.0,0,0,0,0,0,0,0,0
TF,BANGA,13.090833,0.899167,0, ,0.0,0.0,0.0,0.0,0,0,0,0,0,0,0,0

SID,BANG1W,27L,5
CA,0,268.0,2,1100,0,0,0,0,0,0
CF,RN062,13.432194,2.034556,0,NY,254.1,10.5,245.0,7.0,0,0,0,0,0,0,0,0
TF,BANGA,13.090833,0.899167,0, ,0.0,0.0,0.0,0.0,0,0,0,0,0,0,0,0

SID,BONK1E,09R,5
CA,0,88.0,2,1100,0,0,0,0,0,0
CF,RN067,13.579639,2.129528,1,NY,323.0,7.3,286.0,6.0,0,0,0,0,0,0,0,0
TF,RN066,13.533833,2.037917,0, ,0.0,0.0,0.0,0.0,0,0,0,0,0,0,0,0
TF,BONKU,14.232778,-0.341667,0, ,0.0,0.0,0.0,0.0,0,0,0,0,0,0,0,0

SID,BONK1W,27L,5
CA,0,268.0,2,1100,0,0,0,0,0,0
DF,RN074,13.476583,2.061139,0, ,0.0,0.0,0,0,0,0,0,0,0,0
TF,RN077,13.538028,2.023944,0, ,0.0,0.0,0.0,0.0,0,0,0,0,0,0,0,0
TF,BONKU,14.232778,-0.341667,0, ,0.0,0.0,0.0,0.0,0,0,0,0,0,0,0,0

SID,DAMN1E,09R,5
CA,0,88.0,2,1100,0,0,0,0,0,0
CF,RN054,13.541722,2.300194,0,NY,58.5,6.5,44.0,5.0,0,0,0,0,0,0,0,0
TF,DAMNA,14.942778,4.583333,0, ,0.0,0.0,0.0,0.0,0,0,0,0,0,0,0,0

SID,DAMN1W,27L,5
CA,0,268.0,2,1100,0,0,0,0,0,0
DF,NY,13.483333,2.206389,1, ,0.0,0.0,0,0,0,0,0,0,0,0
TF,DAMNA,14.942778,4.583333,0, ,0.0,0.0,0.0,0.0,0,0,0,0,0,0,0,0

SID,DELO1E,09R,5
CA,0,88.0,2,1100,0,0,0,0,0,0
DF,RN056,13.463944,2.315778,0, ,0.0,0.0,0,0,0,0,0,0,0,0
TF,DELOT,13.241667,3.551667,0, ,0.0,0.0,0.0,0.0,0,0,0,0,0,0,0,0

SID,DELO1W,27L,5
CA,0,268.0,2,1100,0,0,0,0,0,0
CF,RN069,13.471111,2.275389,1,NY,101.3,4.1,67.0,7.0,0,0,0,0,0,0,0,0
TF,DELOT,13.241667,3.551667,0, ,0.0,0.0,0.0,0.0,0,0,0,0,0,0,0,0

SID,EDKO1E,09R,5
CA,0,88.0,2,1100,0,0,0,0,0,0
CF,RN063,13.470306,2.027278,2,NY,266.8,10.5,286.0,11.0,0,0,0,0,0,0,0,0
TF,EDKOX,13.380833,0.842222,0, ,0.0,0.0,0.0,0.0,0,0,0,0,0,0,0,0

SID,EDKO1W,27L,5
CA,0,268.0,2,1100,0,0,0,0,0,0
DF,RN063,13.470306,2.027278,0, ,0.0,0.0,0,0,0,0,0,0,0,0
TF,EDKOX,13.380833,0.842222,0, ,0.0,0.0,0.0,0.0,0,0,0,0,0,0,0,0

SID,GALE1E,09R,5
CA,0,88.0,2,1100,0,0,0,0,0,0
CF,RN067,13.579639,2.129528,1,NY,323.0,7.3,286.0,6.0,0,0,0,0,0,0,0,0
TF,GALET,14.537500,1.360556,0, ,0.0,0.0,0.0,0.0,0,0,0,0,0,0,0,0

SID,GALE1W,27L,5
CA,0,268.0,2,1100,0,0,0,0,0,0
DF,NY,13.483333,2.206389,1, ,0.0,0.0,0,0,0,0,0,0,0,0
TF,GALET,14.537500,1.360556,0, ,0.0,0.0,0.0,0.0,0,0,0,0,0,0,0,0

SID,GALE2W,27L,5
CA,0,268.0,2,1100,0,0,0,0,0,0
DF,RN074,13.476583,2.061139,0, ,0.0,0.0,0,0,0,0,0,0,0,0
TF,RN077,13.538028,2.023944,0, ,0.0,0.0,0.0,0.0,0,0,0,0,0,0,0,0
TF,RN078,13.632417,2.087389,0, ,0.0,0.0,0.0,0.0,0,0,0,0,0,0,0,0
TF,GALET,14.537500,1.360556,0, ,0.0,0.0,0.0,0.0,0,0,0,0,0,0,0,0

SID,GAPA1E,09R,5
CA,0,88.0,2,1100,0,0,0,0,0,0
CF,RN061,13.403000,2.144778,2,NY,217.9,6.0,261.0,5.0,0,0,0,0,0,0,0,0
TF,GAPAG,11.000000,0.325000,0, ,0.0,0.0,0.0,0.0,0,0,0,0,0,0,0,0

SID,GAPA1W,27L,5
CA,0,268.0,2,1100,0,0,0,0,0,0
CF,RN073,13.345417,2.100667,0,NY,217.9,10.3,182.0,8.0,0,0,0,0,0,0,0,0
TF,GAPAG,11.000000,0.325000,0, ,0.0,0.0,0.0,0.0,0,0,0,0,0,0,0,0

SID,GASO1E,09R,5
CA,0,88.0,2,1100,0,0,0,0,0,0
CF,RN052,13.594583,2.243917,1,NY,19.3,7.0,346.0,5.0,0,0,0,0,0,0,0,0
TF,GASON,16.250000,3.151389,0, ,0.0,0.0,0.0,0.0,0,0,0,0,0,0,0,0

SID,GASO1W,27L,5
CA,0,268.0,2,1100,0,0,0,0,0,0
DF,NY,13.483333,2.206389,1, ,0.0,0.0,0,0,0,0,0,0,0,0
TF,GASON,16.250000,3.151389,0, ,0.0,0.0,0.0,0.0,0,0,0,0,0,0,0,0

SID,INEP1E,09R,5
CA,0,88.0,2,1100,0,0,0,0,0,0
CF,RN051,13.612000,2.198667,1,NY,357.6,7.7,323.0,6.0,0,0,0,0,0,0,0,0
TF,INEPA,16.250000,2.038611,0, ,0.0,0.0,0.0,0.0,0,0,0,0,0,0,0,0

SID,INEP1W,27L,5
CA,0,268.0,2,1100,0,0,0,0,0,0
DF,NY,13.483333,2.206389,1, ,0.0,0.0,0,0,0,0,0,0,0,0
TF,INEPA,16.250000,2.038611,0, ,0.0,0.0,0.0,0.0,0,0,0,0,0,0,0,0

SID,INEP2W,27L,5
CA,0,268.0,2,1100,0,0,0,0,0,0
DF,RN074,13.476583,2.061139,0, ,0.0,0.0,0,0,0,0,0,0,0,0
TF,RN077,13.538028,2.023944,0, ,0.0,0.0,0.0,0.0,0,0,0,0,0,0,0,0
TF,RN079,13.647083,2.196556,0, ,0.0,0.0,0.0,0.0,0,0,0,0,0,0,0,0
TF,INEPA,16.250000,2.038611,0, ,0.0,0.0,0.0,0.0,0,0,0,0,0,0,0,0

SID,IRNI1E,09R,5
CA,0,88.0,2,1100,0,0,0,0,0,0
CF,RN059,13.371056,2.172083,2,NY,197.7,7.0,237.0,5.0,0,0,0,0,0,0,0,0
TF,IRNIS,12.200000,1.816111,0, ,0.0,0.0,0.0,0.0,0,0,0,0,0,0,0,0

SID,IRNI1W,27L,5
CA,0,268.0,2,1100,0,0,0,0,0,0
CF,RN072,13.322944,2.157389,1,NY,197.7,10.0,156.0,7.0,0,0,0,0,0,0,0,0
TF,IRNIS,12.200000,1.816111,0, ,0.0,0.0,0.0,0.0,0,0,0,0,0,0,0,0

SID,KILK1E,09R,5
CA,0,88.0,2,1100,0,0,0,0,0,0
CF,RN067,13.579639,2.129528,1,NY,323.0,7.3,286.0,6.0,0,0,0,0,0,0,0,0
TF,RN064,13.522778,2.015778,0, ,0.0,0.0,0.0,0.0,0,0,0,0,0,0,0,0
TF,KILKO,14.014167,-0.426667,0, ,0.0,0.0,0.0,0.0,0,0,0,0,0,0,0,0

SID,KILK1W,27L,5
CA,0,268.0,2,1100,0,0,0,0,0,0
DF,RN074,13.476583,2.061139,0, ,0.0,0.0,0,0,0,0,0,0,0,0
TF,RN076,13.518667,2.035667,0, ,0.0,0.0,0.0,0.0,0,0,0,0,0,0,0,0
TF,KILKO,14.014167,-0.426667,0, ,0.0,0.0,0.0,0.0,0,0,0,0,0,0,0,0

SID,POLK1E,09R,5
CA,0,88.0,2,1100,0,0,0,0,0,0
DF,POLKI,13.556111,3.573056,0, ,0.0,0.0,0,0,0,0,0,0,0,0

SID,POLK1W,27L,5
CA,0,268.0,2,1100,0,0,0,0,0,0
CF,RN068,13.489528,2.317389,1,NY,87.7,6.5,67.0,9.0,0,0,0,0,0,0,0,0
TF,POLKI,13.556111,3.573056,0, ,0.0,0.0,0.0,0.0,0,0,0,0,0,0,0,0

SID,TATA1E,09R,5
CA,0,88.0,2,1100,0,0,0,0,0,0
CF,RN058,13.359500,2.209750,2,NY,179.5,7.4,216.0,5.0,0,0,0,0,0,0,0,0
TF,TATAT,11.000000,2.273333,0, ,0.0,0.0,0.0,0.0,0,0,0,0,0,0,0,0

SID,TATA1W,27L,5
CA,0,268.0,2,1100,0,0,0,0,0,0
CF,RN058,13.359500,2.209750,1,NY,179.5,7.4,124.0,6.0,0,0,0,0,0,0,0,0
TF,TATAT,11.000000,2.273333,0, ,0.0,0.0,0.0,0.0,0,0,0,0,0,0,0,0

SID,VOLT1E,09R,5
CA,0,88.0,2,1100,0,0,0,0,0,0
CF,RN057,13.379278,2.224028,2,NY,171.6,6.3,216.0,4.0,0,0,0,0,0,0,0,0
TF,VOLTI,12.161944,2.429167,0, ,0.0,0.0,0.0,0.0,0,0,0,0,0,0,0,0

SID,VOLT1W,27L,5
CA,0,268.0,2,1100,0,0,0,0,0,0
CF,RN071,13.346250,2.229611,1,NY,171.6,8.3,124.0,7.0,0,0,0,0,0,0,0,0
TF,VOLTI,12.161944,2.429167,0, ,0.0,0.0,0.0,0.0,0,0,0,0,0,0,0,0

STAR,ABAL2L,27L,2
IF,ABALA,16.050000,4.583333, ,0.0,0.0,0,0,0,0,0,0,0,0
TF,D043N,13.658167,2.365889,0, ,0.0,0.0,0.0,0.0,0,0,0,0,0,0,0,0
CI,0, ,0.0,223.0,0,0,0,0,0,0,0,0
AF,LILAM,13.492694,2.411417,2,NY,88.3,12.0,43.0,0,0,0,0,0,0,0,0

STAR,ABAL2V,ALL,2
IF,ABALA,16.050000,4.583333, ,0.0,0.0,0,0,0,0,0,0,0,0
TF,NY,13.483333,2.206389,0, ,0.0,0.0,0.0,0.0,0,0,0,0,0,0,0,0

STAR,BANG2R,09R,2
IF,BANGA,13.090833,0.899167, ,0.0,0.0,0,0,0,0,0,0,0,0
TF,D254T,13.385833,1.879167,0, ,0.0,0.0,0.0,0.0,0,0,0,0,0,0,0,1
CI,0, ,0.0,41.0,0,0,0,0,0,0,0,0
CF,RITAT,13.473778,2.001361,0,NY,268.3,12.0,88.0,4.0,0,0,0,0,0,0,0,0

STAR,BANG2V,ALL,2
IF,BANGA,13.090833,0.899167, ,0.0,0.0,0,0,0,0,0,0,0,0
TF,NY,13.483333,2.206389,0, ,0.0,0.0,0.0,0.0,0,0,0,0,0,0,0,0

STAR,BONK2R,09R,2
IF,BONKU,14.232778,-0.341667, ,0.0,0.0,0,0,0,0,0,0,0,0
TF,D288T,13.581306,1.879194,0, ,0.0,0.0,0.0,0.0,0,0,0,0,0,0,0,1
CI,0, ,0.0,150.0,0,0,0,0,0,0,0,0
CF,RITAT,13.473778,2.001361,0,NY,268.3,12.0,88.0,2.0,0,0,0,0,0,0,0,0

STAR,BONK2V,ALL,2
IF,BONKU,14.232778,-0.341667, ,0.0,0.0,0,0,0,0,0,0,0,0
TF,D288N,13.551972,1.977389,0, ,0.0,0.0,0.0,0.0,0,0,0,0,0,0,0,0
TF,NY,13.483333,2.206389,0, ,0.0,0.0,0.0,0.0,0,0,0,0,0,0,0,0

STAR,DAMN2L,27L,2
IF,DAMNA,14.942778,4.583333, ,0.0,0.0,0,0,0,0,0,0,0,0
TF,D059N,13.609083,2.408500,0, ,0.0,0.0,0.0,0.0,0,0,0,0,0,0,0,0
CI,0, ,0.0,239.0,0,0,0,0,0,0,0,0
AF,LILAM,13.492694,2.411417,2,NY,88.3,12.0,59.0,0,0,0,0,0,0,0,0

STAR,DAMN2V,ALL,2
IF,DAMNA,14.942778,4.583333, ,0.0,0.0,0,0,0,0,0,0,0,0
TF,NY,13.483333,2.206389,0, ,0.0,0.0,0.0,0.0,0,0,0,0,0,0,0,0

STAR,DEPA1M,27L,5
IF,INEPA,16.250000,2.038611, ,0.0,0.0,0,0,0,0,0,0,0,0
TF,DEPAM,13.900003,2.181372,0, ,0.0,0.0,0.0,0.0,1,10000,0,0,0,0,0,0
TF,MOVID,13.576306,2.407472,0, ,0.0,0.0,0.0,0.0,2,2500,0,0,0,0,0,0

STAR,DEPA1P,09R,5
IF,INEPA,16.250000,2.038611, ,0.0,0.0,0,0,0,0,0,0,0,0
TF,DEPAM,13.900003,2.181372,0, ,0.0,0.0,0.0,0.0,1,10000,0,0,0,0,0,0
TF,POXAS,13.557361,1.997250,0, ,0.0,0.0,0.0,0.0,2,2500,0,0,0,0,0,0

STAR,EPEL2R,09R,2
IF,EPELA,14.821944,2.238056, ,0.0,0.0,0,0,0,0,0,0,0,0
TF,D002N,13.717611,2.211889,0, ,0.0,0.0,0.0,0.0,0,0,0,0,0,0,0,0
CI,0, ,0.0,182.0,0,0,0,0,0,0,0,0
AF,D308L,13.604169,2.042372,1,NY,308.0,12.0,2.0,0,0,0,0,0,0,0,0
AF,RITAT,13.473778,2.001361,1,NY,268.3,12.0,308.0,0,0,0,0,0,0,0,0

STAR,EPEL2V,ALL,2
IF,EPELA,14.821944,2.238056, ,0.0,0.0,0,0,0,0,0,0,0,0
TF,NY,13.483333,2.206389,0, ,0.0,0.0,0.0,0.0,0,0,0,0,0,0,0,0

STAR,ETRO1K,27L,5
IF,BANGA,13.090833,0.899167, ,0.0,0.0,0,0,0,0,0,0,0,0
TF,ETROT,13.351442,1.764069,0, ,0.0,0.0,0.0,0.0,1,14000,0,0,0,0,0,0
TF,KELUT,13.409083,2.415389,0, ,0.0,0.0,0.0,0.0,2,2500,0,0,0,0,0,0

STAR,ETRO1R,09R,5
IF,BANGA,13.090833,0.899167, ,0.0,0.0,0,0,0,0,0,0,0,0
TF,ETROT,13.351442,1.764069,0, ,0.0,0.0,0.0,0.0,1,8000,0,0,0,0,0,0
TF,RITAT,13.473778,2.001361,0, ,0.0,0.0,0.0,0.0,2,2500,0,0,0,0,0,0

STAR,FAND2V,ALL,2
IF,FANDO,13.254444,-0.721111, ,0.0,0.0,0,0,0,0,0,0,0,0
TF,D266T,13.458417,1.865250,0, ,0.0,0.0,0.0,0.0,0,0,0,0,0,0,0,1
CI,0, ,0.0,78.0,0,0,0,0,0,0,0,0
CF,RITAT,13.473778,2.001361,0,NY,268.3,12.0,88.0,7.0,0,0,0,0,0,0,0,0
TF,NY,13.483333,2.206389,0, ,0.0,0.0,0.0,0.0,0,0,0,0,0,0,0,0

STAR,GALE2R,09R,2
IF,GALET,14.537500,1.360556, ,0.0,0.0,0,0,0,0,0,0,0,0
TF,D323N,13.668028,2.058917,0, ,0.0,0.0,0.0,0.0,0,0,0,0,0,0,0,0
CI,0, ,0.0,143.0,0,0,0,0,0,0,0,0
AF,D308L,13.604169,2.042372,1,NY,308.0,12.0,323.0,0,0,0,0,0,0,0,0
AF,RITAT,13.473778,2.001361,1,NY,268.3,12.0,308.0,0,0,0,0,0,0,0,0

STAR,GALE2V,ALL,2
IF,GALET,14.537500,1.360556, ,0.0,0.0,0,0,0,0,0,0,0,0
TF,NY,13.483333,2.206389,0, ,0.0,0.0,0.0,0.0,0,0,0,0,0,0,0,0

STAR,GAPA2R,09R,2
IF,GAPAG,11.000000,0.325000, ,0.0,0.0,0,0,0,0,0,0,0,0
TF,D218N,13.295861,2.062722,0, ,0.0,0.0,0.0,0.0,0,0,0,0,0,0,0,0
CI,0, ,0.0,38.0,0,0,0,0,0,0,0,0
AF,D226L,13.341247,2.061328,2,NY,226.0,12.0,218.0,0,0,0,0,0,0,0,0
AF,RITAT,13.473778,2.001361,2,NY,268.3,12.0,226.0,0,0,0,0,0,0,0,0

STAR,GAPA2V,ALL,2
IF,GAPAG,11.000000,0.325000, ,0.0,0.0,0,0,0,0,0,0,0,0
TF,NY,13.483333,2.206389,0, ,0.0,0.0,0.0,0.0,0,0,0,0,0,0,0,0

STAR,GASO2L,27L,2
IF,GASON,16.250000,3.151389, ,0.0,0.0,0,0,0,0,0,0,0,0
TF,D019N,13.705861,2.281472,0, ,0.0,0.0,0.0,0.0,0,0,0,0,0,0,0,0
CI,0, ,0.0,199.0,0,0,0,0,0,0,0,0
AF,D037L,13.647839,2.324194,2,NY,36.0,12.0,19.0,0,0,0,0,0,0,0,0
AF,LILAM,13.492694,2.411417,2,NY,89.3,12.0,37.0,0,0,0,0,0,0,0,0

STAR,GASO2R,09R,2
IF,GASON,16.250000,3.151389, ,0.0,0.0,0,0,0,0,0,0,0,0
TF,D019N,13.705861,2.281472,0, ,0.0,0.0,0.0,0.0,0,0,0,0,0,0,0,0
CI,0, ,0.0,199.0,0,0,0,0,0,0,0,0
AF,D308L,13.604169,2.042372,1,NY,308.0,12.0,19.0,0,0,0,0,0,0,0,0
AF,RITAT,13.473778,2.001361,1,NY,268.3,12.0,308.0,0,0,0,0,0,0,0,0

STAR,GASO2V,ALL,2
IF,GASON,16.250000,3.151389, ,0.0,0.0,0,0,0,0,0,0,0,0
TF,NY,13.483333,2.206389,0, ,0.0,0.0,0.0,0.0,0,0,0,0,0,0,0,0

STAR,GUMA1M,27L,5
IF,GASON,16.250000,3.151389, ,0.0,0.0,0,0,0,0,0,0,0,0
TF,GUMAT,13.867486,2.336100,0, ,0.0,0.0,0.0,0.0,1,8000,0,0,0,0,0,0
TF,MOVID,13.576306,2.407472,0, ,0.0,0.0,0.0,0.0,2,2500,0,0,0,0,0,0

STAR,GUMA1P,09R,5
IF,GASON,16.250000,3.151389, ,0.0,0.0,0,0,0,0,0,0,0,0
TF,GUMAT,13.867486,2.336100,0, ,0.0,0.0,0.0,0.0,1,11000,0,0,0,0,0,0
TF,POXAS,13.557361,1.997250,0, ,0.0,0.0,0.0,0.0,2,2500,0,0,0,0,0,0

STAR,IRAD1L,27L,5
IF,IRADI,13.776617,2.474119, ,0.0,0.0,1,8000,0,0,0,0,0,0
TF,LILAM,13.492694,2.411417,0, ,0.0,0.0,0.0,0.0,2,2500,0,0,0,0,0,0

STAR,IRAD1P,09R,5
IF,IRADI,13.776617,2.474119, ,0.0,0.0,1,12000,0,0,0,0,0,0
TF,POXAS,13.557361,1.997250,0, ,0.0,0.0,0.0,0.0,2,2500,0,0,0,0,0,0

STAR,IRNI2L,27L,2
IF,IRNIS,12.200000,1.816111, ,0.0,0.0,0,0,0,0,0,0,0,0
TF,D198N,13.258778,2.137806,0, ,0.0,0.0,0.0,0.0,0,0,0,0,0,0,0,0
CI,0, ,0.0,18.0,0,0,0,0,0,0,0,0
AF,D146L,13.318753,2.324042,1,NY,146.0,12.0,198.0,0,0,0,0,0,0,0,0
AF,LILAM,13.492694,2.411417,1,NY,88.3,12.0,146.0,0,0,0,0,0,0,0,0

STAR,IRNI2R,09R,2
IF,IRNIS,12.200000,1.816111, ,0.0,0.0,0,0,0,0,0,0,0,0
TF,D198N,13.258778,2.137806,0, ,0.0,0.0,0.0,0.0,0,0,0,0,0,0,0,0
CI,0, ,0.0,18.0,0,0,0,0,0,0,0,0
AF,D226L,13.341247,2.061328,2,NY,226.0,12.0,198.0,0,0,0,0,0,0,0,0
AF,RITAT,13.473778,2.001361,2,NY,268.3,12.0,226.0,0,0,0,0,0,0,0,0

STAR,IRNI2V,ALL,2
IF,IRNIS,12.200000,1.816111, ,0.0,0.0,0,0,0,0,0,0,0,0
TF,NY,13.483333,2.206389,0, ,0.0,0.0,0.0,0.0,0,0,0,0,0,0,0,0

STAR,KILK2R,09R,2
IF,KILKO,14.014167,-0.426667, ,0.0,0.0,0,0,0,0,0,0,0,0
TF,D283T,13.552500,1.871611,0, ,0.0,0.0,0.0,0.0,0,0,0,0,0,0,0,1
CI,0, ,0.0,137.0,0,0,0,0,0,0,0,0
CF,RITAT,13.473778,2.001361,0,NY,268.3,12.0,88.0,2.0,0,0,0,0,0,0,0,0

STAR,KILK2V,ALL,2
IF,KILKO,14.014167,-0.426667, ,0.0,0.0,0,0,0,0,0,0,0,0
TF,NY,13.483333,2.206389,0, ,0.0,0.0,0.0,0.0,0,0,0,0,0,0,0,0

STAR,KOKA1L,27L,5
IF,DAMNA,14.942778,4.583333, ,0.0,0.0,0,0,0,0,0,0,0,0
TF,KOKAS,13.691158,2.540708,0, ,0.0,0.0,0.0,0.0,1,7000,0,0,0,0,0,0
TF,LILAM,13.492694,2.411417,0, ,0.0,0.0,0.0,0.0,2,2500,0,0,0,0,0,0

STAR,KOKA1P,09R,5
IF,DAMNA,14.942778,4.583333, ,0.0,0.0,0,0,0,0,0,0,0,0
TF,KOKAS,13.691158,2.540708,0, ,0.0,0.0,0.0,0.0,1,13000,0,0,0,0,0,0
TF,POXAS,13.557361,1.997250,0, ,0.0,0.0,0.0,0.0,2,2500,0,0,0,0,0,0

STAR,LIGI1L,27L,5
IF,POLKI,13.556111,3.573056, ,0.0,0.0,0,0,0,0,0,0,0,0
TF,LIGIS,13.504936,2.597347,0, ,0.0,0.0,0.0,0.0,1,6000,0,0,0,0,0,0
TF,LILAM,13.492694,2.411417,0, ,0.0,0.0,0.0,0.0,2,2500,0,0,0,0,0,0

STAR,LIGI1P,09R,5
IF,POLKI,13.556111,3.573056, ,0.0,0.0,0,0,0,0,0,0,0,0
TF,LIGIS,13.504936,2.597347,0, ,0.0,0.0,0.0,0.0,1,14000,0,0,0,0,0,0
TF,RN401,13.561375,2.082708,0, ,0.0,0.0,0.0,0.0,1,4000,0,0,0,0,0,0
TF,POXAS,13.557361,1.997250,0, ,0.0,0.0,0.0,0.0,2,2500,0,0,0,0,0,0

STAR,MOVA1B,09R,5
IF,GULEN,13.136556,4.122528, ,0.0,0.0,0,0,0,0,0,0,0,0
TF,MOVAG,13.414722,2.592425,0, ,0.0,0.0,0.0,0.0,1,13000,0,0,0,0,0,0
TF,BISIK,13.390167,2.005444,0, ,0.0,0.0,0.0,0.0,2,2500,0,0,0,0,0,0

STAR,MOVA1L,27L,5
IF,GULEN,13.136556,4.122528, ,0.0,0.0,0,0,0,0,0,0,0,0
TF,MOVAG,13.414722,2.592425,0, ,0.0,0.0,0.0,0.0,1,7000,0,0,0,0,0,0
TF,LILAM,13.492694,2.411417,0, ,0.0,0.0,0.0,0.0,2,2500,0,0,0,0,0,0

STAR,NEBD1B,09R,5
IF,IRNIS,12.200000,1.816111, ,0.0,0.0,0,0,0,0,0,0,0,0
TF,NEBDO,13.072408,2.081003,0, ,0.0,0.0,0.0,0.0,1,9000,0,0,0,0,0,0
TF,BISIK,13.390167,2.005444,0, ,0.0,0.0,0.0,0.0,2,2500,0,0,0,0,0,0

STAR,NEBD1K,27L,5
IF,IRNIS,12.200000,1.816111, ,0.0,0.0,0,0,0,0,0,0,0,0
TF,NEBDO,13.072408,2.081003,0, ,0.0,0.0,0.0,0.0,1,11000,0,0,0,0,0,0
TF,KELUT,13.409083,2.415389,0, ,0.0,0.0,0.0,0.0,2,2500,0,0,0,0,0,0

STAR,OVRE1B,09R,5
IF,TATAT,11.000000,2.273333, ,0.0,0.0,0,0,0,0,0,0,0,0
TF,OVREN,13.065733,2.217731,0, ,0.0,0.0,0.0,0.0,1,10000,0,0,0,0,0,0
TF,BISIK,13.390167,2.005444,0, ,0.0,0.0,0.0,0.0,2,2500,0,0,0,0,0,0

STAR,OVRE1K,27L,5
IF,TATAT,11.000000,2.273333, ,0.0,0.0,0,0,0,0,0,0,0,0
TF,OVREN,13.065733,2.217731,0, ,0.0,0.0,0.0,0.0,1,10000,0,0,0,0,0,0
TF,KELUT,13.409083,2.415389,0, ,0.0,0.0,0.0,0.0,2,2500,0,0,0,0,0,0

STAR,PIVD1B,09R,5
IF,VOLTI,12.161944,2.429167, ,0.0,0.0,0,0,0,0,0,0,0,0
TF,PIVDO,13.075981,2.275333,0, ,0.0,0.0,0.0,0.0,1,10000,0,0,0,0,0,0
TF,BISIK,13.390167,2.005444,0, ,0.0,0.0,0.0,0.0,2,2500,0,0,0,0,0,0

STAR,PIVD1K,27L,5
IF,VOLTI,12.161944,2.429167, ,0.0,0.0,0,0,0,0,0,0,0,0
TF,PIVDO,13.075981,2.275333,0, ,0.0,0.0,0.0,0.0,1,9000,0,0,0,0,0,0
TF,KELUT,13.409083,2.415389,0, ,0.0,0.0,0.0,0.0,2,2500,0,0,0,0,0,0

STAR,POLK2V,ALL,2
IF,POLKI,13.556111,3.573056, ,0.0,0.0,0,0,0,0,0,0,0,0
TF,NY,13.483333,2.206389,0, ,0.0,0.0,0.0,0.0,0,0,0,0,0,0,0,0

STAR,RILO1B,09R,5
IF,ODMAP,12.451667,3.630556, ,0.0,0.0,0,0,0,0,0,0,0,0
TF,RILOS,13.251989,2.527672,0, ,0.0,0.0,0.0,0.0,1,13000,0,0,0,0,0,0
TF,BISIK,13.390167,2.005444,0, ,0.0,0.0,0.0,0.0,2,2500,0,0,0,0,0,0

STAR,RILO1L,27L,5
IF,ODMAP,12.451667,3.630556, ,0.0,0.0,0,0,0,0,0,0,0,0
TF,RILOS,13.251989,2.527672,0, ,0.0,0.0,0.0,0.0,1,8000,0,0,0,0,0,0
TF,LILAM,13.492694,2.411417,0, ,0.0,0.0,0.0,0.0,2,2500,0,0,0,0,0,0

STAR,SORK1K,27L,5
IF,GAPAG,11.000000,0.325000, ,0.0,0.0,0,0,0,0,0,0,0,0
TF,SORKA,13.131208,1.936783,0, ,0.0,0.0,0.0,0.0,1,13000,0,0,0,0,0,0
TF,KELUT,13.409083,2.415389,0, ,0.0,0.0,0.0,0.0,2,2500,0,0,0,0,0,0

STAR,SORK1R,09R,5
IF,GAPAG,11.000000,0.325000, ,0.0,0.0,0,0,0,0,0,0,0,0
TF,SORKA,13.131208,1.936783,0, ,0.0,0.0,0.0,0.0,1,8000,0,0,0,0,0,0
TF,RITAT,13.473778,2.001361,0, ,0.0,0.0,0.0,0.0,2,2500,0,0,0,0,0,0

STAR,TATA2L,27L,2
IF,TATAT,11.000000,2.273333, ,0.0,0.0,0,0,0,0,0,0,0,0
TF,D179N,13.249056,2.212750,0, ,0.0,0.0,0.0,0.0,0,0,0,0,0,0,0,0
CI,0, ,0.0,359.0,0,0,0,0,0,0,0,0
AF,D146L,13.318753,2.324042,1,NY,146.0,12.0,179.0,0,0,0,0,0,0,0,0
AF,LILAM,13.492694,2.411417,1,NY,88.3,12.0,146.0,0,0,0,0,0,0,0,0

STAR,TATA2V,ALL,2
IF,TATAT,11.000000,2.273333, ,0.0,0.0,0,0,0,0,0,0,0,0
TF,NY,13.483333,2.206389,0, ,0.0,0.0,0.0,0.0,0,0,0,0,0,0,0,0

STAR,TUPI1K,27L,5
IF,EDKOX,13.380833,0.842222, ,0.0,0.0,0,0,0,0,0,0,0,0
TF,TUPIS,13.449439,1.744031,0, ,0.0,0.0,0.0,0.0,1,15000,0,0,0,0,0,0
TF,KELUT,13.409083,2.415389,0, ,0.0,0.0,0.0,0.0,2,2500,0,0,0,0,0,0

STAR,TUPI1R,09R,5
IF,EDKOX,13.380833,0.842222, ,0.0,0.0,0,0,0,0,0,0,0,0
TF,TUPIS,13.449439,1.744031,0, ,0.0,0.0,0.0,0.0,1,7000,0,0,0,0,0,0
TF,RITAT,13.473778,2.001361,0, ,0.0,0.0,0.0,0.0,2,2500,0,0,0,0,0,0

STAR,ULGA1M,27L,5
IF,LIPET,13.933056,-0.013889, ,0.0,0.0,0,0,0,0,0,0,0,0
TF,ULGAS,13.576722,1.753831,0, ,0.0,0.0,0.0,0.0,1,14000,0,0,0,0,0,0
TF,MOVID,13.576306,2.407472,0, ,0.0,0.0,0.0,0.0,2,2500,0,0,0,0,0,0

STAR,ULGA1R,09R,5
IF,LIPET,13.933056,-0.013889, ,0.0,0.0,0,0,0,0,0,0,0,0
TF,ULGAS,13.576722,1.753831,0, ,0.0,0.0,0.0,0.0,1,8000,0,0,0,0,0,0
TF,RITAT,13.473778,2.001361,0, ,0.0,0.0,0.0,0.0,2,2500,0,0,0,0,0,0

STAR,VOLT2L,27L,2
IF,VOLTI,12.161944,2.429167, ,0.0,0.0,0,0,0,0,0,0,0,0
TF,D172N,13.252111,2.245278,0, ,0.0,0.0,0.0,0.0,0,0,0,0,0,0,0,0
CI,0, ,0.0,352.0,0,0,0,0,0,0,0,0
AF,D146L,13.318753,2.324042,1,NY,146.0,12.0,172.0,0,0,0,0,0,0,0,0
AF,LILAM,13.492694,2.411417,1,NY,88.3,12.0,146.0,0,0,0,0,0,0,0,0

STAR,VOLT2V,ALL,2
IF,VOLTI,12.161944,2.429167, ,0.0,0.0,0,0,0,0,0,0,0,0
TF,NY,13.483333,2.206389,0, ,0.0,0.0,0.0,0.0,0,0,0,0,0,0,0,0

STAR,VOXI1M,27L,5
IF,GALET,14.537500,1.360556, ,0.0,0.0,0,0,0,0,0,0,0,0
TF,VOXIL,13.828342,1.930675,0, ,0.0,0.0,0.0,0.0,1,12000,0,0,0,0,0,0
TF,MOVID,13.576306,2.407472,0, ,0.0,0.0,0.0,0.0,2,2500,0,0,0,0,0,0

STAR,VOXI1R,09R,5
IF,GALET,14.537500,1.360556, ,0.0,0.0,0,0,0,0,0,0,0,0
TF,VOXIL,13.828342,1.930675,0, ,0.0,0.0,0.0,0.0,1,9000,0,0,0,0,0,0
TF,RITAT,13.473778,2.001361,0, ,0.0,0.0,0.0,0.0,2,2500,0,0,0,0,0,0

APPTR,D09R,09R,RITAT
HF,RITAT,13.473778,2.001361,2, ,0.0,0.0,88.0,05,2,2300,0,1,230,0,1,0,0
TF,FD09R,13.477169,2.086817,0, ,0.0,0.0,0.0,0.0,2,2300,0,0,0,0,0,0

FINAL,D09R,09R,D,4
IF,FD09R,13.477169,2.086817,NY,268.0,7.0,2,2300,0,0,0,0,2,0
CF,60VOR,13.478056,2.103897,0,NY,268.0,6.0,88.0,1.0,2,2000,0,0,0,0,0,0
CF,40VOR,13.479819,2.138061,0,NY,268.0,4.0,88.0,2.0,2,1360,0,0,0,0,0,0
CF,MD09R,13.480697,2.155142,0,NY,268.0,3.0,88.0,1.0,1,1046,0,0,0,0,3,0
FA,MD09R,13.480697,2.155142,0,NY,0.0,0.0,88.0,2,2300,0,0,0,0,0,0
CI,2, ,0.0,285.0,0,0,0,0,0,0,0,0
FD,NY,13.483333,2.206389,0,NY,0.0,17.0,255.0,17.0,0,0,0,0,0,0,0,0
CF,RITAT,13.473778,2.001361,2,NY,268.3,12.0,88.0,5.0,0,0,0,0,0,0,0,0

APPTR,D27L,27L,LILAM
HF,LILAM,13.492694,2.411417,1, ,0.0,0.0,268.0,05,2,2300,0,1,230,0,1,0,0
TF,FD27L,13.487089,2.279842,0, ,0.0,0.0,0.0,0.0,2,2300,0,0,0,0,0,0

FINAL,D27L,27L,D,4
IF,FD27L,13.487089,2.279842,NY,88.0,4.3,2,2300,0,0,0,0,2,0
CF,30VOR,13.485956,2.257633,0,NY,88.0,3.0,268.0,1.3,2,1870,0,0,0,0,0,0
CF,10VOR,13.484208,2.223469,0,NY,88.0,0.0,268.0,2.0,2,1240,0,0,0,0,0,0
CF,NY,13.483333,2.206389,0,NY,0.0,0.0,268.0,1.0,1,930,0,0,0,0,3,0
FA,NY,13.483333,2.206389,0,NY,0.0,0.0,268.0,2,2300,0,0,0,0,0,0
CI,1, ,0.0,71.0,0,0,0,0,0,0,0,0
FD,NY,13.483333,2.206389,0,NY,0.0,17.0,101.0,17.0,0,0,0,0,0,0,0,0
CF,LILAM,13.492694,2.411417,1,NY,88.3,12.0,268.0,5.0,0,0,0,0,0,0,0,0

APPTR,I09R,09R,RITAT
HF,RITAT,13.473778,2.001361,2, ,0.0,0.0,88.0,05,2,2300,0,1,230,0,1,0,0
CF,CF09R,13.476200,2.052883,0,NM,268.3,8.7,88.0,3.0,2,2300,0,0,0,0,0,0

FINAL,I09R,09R,I,3
IF,CF09R,13.476200,2.052883,NM,268.3,8.7,2,2300,0,0,0,0,0,0
CF,FF09R,13.477792,2.087053,0,NM,268.3,6.7,88.0,2.0,1,2300,0,0,0,0,2,0
CF,RW09R,13.481611,2.169414,0,NM,268.3,1.9,88.0,4.8,1,778,0,0,0,0,3,0
FA,RW09R,13.481611,2.169414,0,NY,0.0,0.0,88.0,2,2300,0,0,0,0,0,0
CI,2, ,0.0,285.0,0,0,0,0,0,0,0,0
FD,NY,13.483333,2.206389,0,NY,0.0,17.0,255.0,17.0,0,0,0,0,0,0,0,0
CF,RITAT,13.473778,2.001361,2,NY,268.3,12.0,88.0,5.0,0,0,0,0,0,0,0,0
HM,RITAT,13.473778,2.001361,2, ,0.0,0.0,88.0,05,0,0,0,1,230,0,0,0,0

APPTR,I09RY,09R,BISIK
IF,BISIK,13.390167,2.005444, ,0.0,0.0,2,2500,0,0,0,0,1,0
CF,RITAT,13.473778,2.001361,0,NM,268.3,11.7,358.0,5.0,2,2500,0,0,0,0,1,0

APPTR,I09RY,09R,POXAS
IF,POXAS,13.557361,1.997250, ,0.0,0.0,2,2500,0,0,0,0,1,0
CF,RITAT,13.473778,2.001361,0,NM,268.3,11.7,178.0,5.0,2,2500,0,0,0,0,1,0

APPTR,I09RY,09R,RITAT
HF,RITAT,13.473778,2.001361,2, ,0.0,0.0,88.0,04.3,2,2500,0,1,230,0,1,0,0

FINAL,I09RY,09R,I,3
IF,RITAT,13.473778,2.001361,NM,268.3,11.7,2,2500,0,0,0,0,0,0
CF,RN501,13.477306,2.076972,0,NM,268.3,7.3,88.0,4.4,1,2500,0,0,0,0,2,0
CF,RW09R,13.481611,2.169414,0,NM,268.3,1.9,88.0,5.4,1,778,0,0,0,0,3,1
TF,RN502,13.485556,2.254833,0, ,0.0,0.0,0.0,0.0,0,0,0,0,0,0,0,1
DF,BISIK,13.390167,2.005444,2, ,0.0,0.0,1,2500,0,0,0,0,0,0

APPTR,R09R,09R,BISIK
IF,BISIK,13.390167,2.005444, ,0.0,0.0,2,2500,0,0,0,0,1,0
TF,RITAT,13.473778,2.001361,0, ,0.0,0.0,0.0,0.0,2,2500,0,0,0,0,1,0

APPTR,R09R,09R,POXAS
IF,POXAS,13.557361,1.997250, ,0.0,0.0,2,2500,0,0,0,0,1,0
TF,RITAT,13.473778,2.001361,0, ,0.0,0.0,0.0,0.0,2,2500,0,0,0,0,1,0

APPTR,R09R,09R,RITAT
HF,RITAT,13.473778,2.001361,2, ,0.0,0.0,88.0,04.3,2,2500,0,1,230,0,1,0,0

FINAL,R09R,09R,R,3
IF,RITAT,13.473778,2.001361, ,0.0,0.0,2,2500,0,0,0,0,0,0
TF,RN501,13.477306,2.076972,0, ,0.0,0.0,88.0,4.4,1,2500,0,0,0,0,2,0
TF,RW09R,13.481611,2.169414,0, ,0.0,0.0,88.0,5.4,1,778,0,0,0,0,3,1
TF,RN502,13.485556,2.254833,0, ,0.0,0.0,0.0,0.0,0,0,0,0,0,0,0,1
DF,BISIK,13.390167,2.005444,2, ,0.0,0.0,1,2500,0,0,0,0,0,0

APPTR,R27L,27L,KELUT
IF,KELUT,13.409083,2.415389, ,0.0,0.0,2,2500,0,0,0,0,1,0
TF,LILAM,13.492694,2.411417,0, ,0.0,0.0,0.0,0.0,2,2500,0,0,0,0,1,0

APPTR,R27L,27L,LILAM
HF,LILAM,13.492694,2.411417,1, ,0.0,0.0,268.0,04.3,2,2500,0,1,230,0,1,0,0

APPTR,R27L,27L,MOVID
IF,MOVID,13.576306,2.407472, ,0.0,0.0,2,2500,0,0,0,0,1,0
TF,LILAM,13.492694,2.411417,0, ,0.0,0.0,0.0,0.0,2,2500,0,0,0,0,1,0

FINAL,R27L,27L,R,3
IF,LILAM,13.492694,2.411417, ,0.0,0.0,2,2500,0,0,0,0,0,0
TF,RN503,13.487194,2.290750,0, ,0.0,0.0,268.0,7.1,1,2500,0,0,0,0,2,0
TF,RW27L,13.482892,2.197119,0, ,0.0,0.0,268.0,5.5,1,756,0,0,0,0,3,1
TF,RN504,13.478944,2.111694,0, ,0.0,0.0,0.0,0.0,0,0,0,0,0,0,0,1
DF,KELUT,13.409083,2.415389,1, ,0.0,0.0,1,2500,0,0,0,0,0,0

