SID,MAK1A,24,5
CA,0,241.0,2,500,0,0,0,0,0,0
DF,KT401,50.790389,3.124972,0, ,0.0,0.0,0,0,0,1,160,0,0,0
TF,KT402,50.840472,3.037028,0, ,0.0,0.0,0.0,0.0,0,0,0,1,185,0,0,0
TF,KT403,50.910861,3.077556,0, ,0.0,0.0,0.0,0.0,0,0,0,1,200,0,0,0
TF,MAK,50.964444,3.496389,0, ,0.0,0.0,0.0,0.0,1,3000,0,0,0,0,0,0

APPTR,R24,24,MAK
IF,MAK,50.964444,3.496389, ,0.0,0.0,2,3000,0,1,185,0,1,0
TF,MIRZO,50.907639,3.472472,0, ,0.0,0.0,0.0,0.0,2,2000,0,0,0,0,1,0

FINAL,R24,24,R,3
IF,MIRZO,50.907639,3.472472, ,0.0,0.0,2,2000,0,0,0,0,0,0
TF,ALFAS,50.868472,3.356333,0, ,0.0,0.0,241.0,5.0,1,2000,0,0,0,0,2,0
TF,RW24,50.822056,3.218714,0, ,0.0,0.0,241.0,5.9,1,111,0,0,0,0,3,1
DF,KT401,50.790389,3.124972,0, ,0.0,0.0,0,0,0,1,160,0,0,0
TF,KT402,50.840472,3.037028,0, ,0.0,0.0,0.0,0.0,0,0,0,0,0,0,0,0
TF,KT403,50.910861,3.077556,0, ,0.0,0.0,0.0,0.0,0,0,0,0,0,0,0,0
TF,KT404,50.993194,3.431194,0, ,0.0,0.0,0.0,0.0,0,0,0,0,0,0,0,0
TF,MAK,50.964444,3.496389,0, ,0.0,0.0,0.0,0.0,1,3000,0,1,185,0,0,0
HM,MAK,50.964444,3.496389,2, ,0.0,0.0,194.0,04.3,1,3000,0,1,185,0,0,0,0

