SID,KULI2C,29,5
CA,0,292.0,2,1600,0,0,0,0,0,0
CF,FQ292,51.091689,8.473886,0,WRB,224.2,34.6,292.0,7.0,2,5800,0,0,0,0,0,0
TF,KULIX,51.351339,8.247236,0, ,0.0,0.0,0.0,0.0,0,0,0,0,0,0,0,0

SID,KULI2V,11,5
CA,0,112.0,2,1600,0,0,0,0,0,0
DF,FQ110,51.019889,8.737425,0, ,0.0,0.0,2,2400,0,0,0,0,0,1
DF,FQ112,51.032181,8.786528,1, ,0.0,0.0,0,0,0,0,0,0,0,0
TF,FQ114,51.088444,8.824692,0, ,0.0,0.0,0.0,0.0,2,5800,0,0,0,0,0,0
TF,KULIX,51.351339,8.247236,0, ,0.0,0.0,0.0,0.0,0,0,0,0,0,0,0,0

SID,OHMA2C,29,5
CA,0,292.0,2,1600,0,0,0,0,0,0
CF,FQ291,51.087764,8.488372,0,WRB,223.3,34.4,292.0,7.0,2,5800,0,0,0,0,0,1
DF,FQ294,51.056097,8.457119,1, ,0.0,0.0,0,0,0,0,0,0,0,0
TF,OHMAR,50.824939,8.885000,0, ,0.0,0.0,0.0,0.0,0,0,0,0,0,0,0,0

SID,OHMA2V,11,5
CA,0,112.0,2,1600,0,0,0,0,0,0
CF,FQ111,50.985497,8.862594,0,WRB,196.8,32.6,112.0,6.0,2,5100,0,0,0,0,0,0
TF,OHMAR,50.824939,8.885000,0, ,0.0,0.0,0.0,0.0,0,0,0,0,0,0,0,0

SID,WRB2C,29,5
CA,0,292.0,2,1600,0,0,0,0,0,0
DF,FQ290,51.050819,8.624264,0, ,0.0,0.0,2,2400,0,0,0,0,0,1
DF,FQ296,51.086436,8.609103,2, ,0.0,0.0,0,0,0,0,0,0,0,0
TF,WRB,51.505697,9.110914,0, ,0.0,0.0,0.0,0.0,0,0,0,0,0,0,0,0

SID,WRB2V,11,5
CA,0,112.0,2,1600,0,0,0,0,0,0
DF,FQ110,51.019889,8.737425,0, ,0.0,0.0,2,2400,0,0,0,0,0,1
DF,FQ112,51.032181,8.786528,1, ,0.0,0.0,0,0,0,0,0,0,0,0
TF,WRB,51.505697,9.110914,0, ,0.0,0.0,0.0,0.0,0,0,0,0,0,0,0,0

APPTR,R29,29,ALEXU
IF,ALEXU,51.110933,8.977228, ,0.0,0.0,2,6000,0,0,0,0,1,0
TF,FQ001,51.002561,9.129439,0, ,0.0,0.0,0.0,0.0,2,6000,0,0,0,0,0,0
TF,FQ003,50.926350,9.076286,0, ,0.0,0.0,0.0,0.0,2,5500,0,0,0,0,1,0

APPTR,R29,29,OHMAR
IF,OHMAR,50.824939,8.885000, ,0.0,0.0,2,6000,0,0,0,0,1,0
TF,FQ002,50.850117,9.023311,0, ,0.0,0.0,0.0,0.0,2,6000,0,0,0,0,0,0
TF,FQ003,50.926350,9.076286,0, ,0.0,0.0,0.0,0.0,2,5500,0,0,0,0,1,0

FINAL,R29,29,R,3
IF,FQ003,50.926350,9.076286, ,0.0,0.0,2,5500,0,0,0,0,0,0
TF,EDEGI,50.953139,8.979747,0, ,0.0,0.0,292.0,4.0,2,5000,0,0,0,0,2,0
TF,RW29,51.033153,8.688972,0, ,0.0,0.0,292.0,12.0,1,1173,0,0,0,0,3,1
TF,FQ005,51.066219,8.567719,0, ,0.0,0.0,0.0,0.0,0,0,0,0,0,0,0,1
DF,FQ007,51.133022,8.594486,2, ,0.0,0.0,0,0,0,0,0,0,0,0
TF,ALEXU,51.110933,8.977228,0, ,0.0,0.0,0.0,0.0,1,6000,0,0,0,0,0,0

