SID,ELNA1M,09,5
CA,0,93.0,2,1300,0,0,0,0,0,0
DF,VK092,51.408925,9.608075,0, ,0.0,0.0,0,0,0,0,0,0,0,0
TF,VK096,51.332356,9.703458,0, ,0.0,0.0,0.0,0.0,0,0,0,0,0,0,0,0
TF,ELNAT,51.204317,9.690989,0, ,0.0,0.0,0.0,0.0,0,0,0,0,0,0,0,0

SID,ELNA4N,27,5
CA,0,273.0,2,1300,0,0,0,0,0,0
DF,VK270,51.424606,9.321169,0, ,0.0,0.0,0,0,0,0,0,0,0,0
TF,VK277,51.401256,9.263344,0, ,0.0,0.0,0.0,0.0,0,0,0,0,0,0,0,0
TF,XIBIG,51.352369,9.267411,0, ,0.0,0.0,0.0,0.0,0,0,0,0,0,0,0,0
TF,ELNAT,51.204317,9.690989,0, ,0.0,0.0,0.0,0.0,0,0,0,0,0,0,0,0

SID,EMBA1M,09,5
CA,0,93.0,2,1300,0,0,0,0,0,0
DF,VK090,51.412558,9.542733,0, ,0.0,0.0,0,0,0,0,0,0,0,1
DF,VK093,51.473375,9.553067,1, ,0.0,0.0,0,0,0,0,0,0,0,0
TF,VK094,51.484986,9.396922,0, ,0.0,0.0,0.0,0.0,0,0,0,0,0,0,0,0
TF,EMBAD,51.277686,9.273942,0, ,0.0,0.0,0.0,0.0,0,0,0,0,0,0,0,0

SID,EMBA2N,27,5
CA,0,273.0,2,1300,0,0,0,0,0,0
DF,VK270,51.424606,9.321169,0, ,0.0,0.0,0,0,0,0,0,0,0,0
TF,VK277,51.401256,9.263344,0, ,0.0,0.0,0.0,0.0,0,0,0,0,0,0,0,0
TF,EMBAD,51.277686,9.273942,0, ,0.0,0.0,0.0,0.0,0,0,0,0,0,0,0,0

SID,LUXU1M,09,5
CA,0,93.0,2,1300,0,0,0,0,0,0
DF,VK091,51.411303,9.565408,0, ,0.0,0.0,0,0,0,0,0,0,0,1
TF,VK095,51.446472,9.625828,0, ,0.0,0.0,0.0,0.0,0,0,0,0,0,0,0,0
TF,LUXUX,51.631547,9.764619,0, ,0.0,0.0,0.0,0.0,0,0,0,0,0,0,0,0

SID,LUXU2N,27,5
CA,0,273.0,2,1300,0,0,0,0,0,0
DF,VK273,51.428128,9.254803,0, ,0.0,0.0,0,0,0,0,0,0,0,1
DF,VK275,51.483439,9.239228,2, ,0.0,0.0,0,0,0,0,0,0,0,0
TF,LUXUX,51.631547,9.764619,0, ,0.0,0.0,0.0,0.0,0,0,0,0,0,0,0,0

SID,WERA1M,09,5
CA,0,93.0,2,1300,0,0,0,0,0,0
DF,VK091,51.411303,9.565408,0, ,0.0,0.0,0,0,0,0,0,0,0,0
TF,VK095,51.446472,9.625828,0, ,0.0,0.0,0.0,0.0,0,0,0,0,0,0,0,0
TF,WERRA,51.470008,9.734122,0, ,0.0,0.0,0.0,0.0,0,0,0,0,0,0,0,0

SID,WERA7N,27,5
CA,0,273.0,2,1300,0,0,0,0,0,0
DF,VK270,51.424606,9.321169,0, ,0.0,0.0,0,0,0,0,0,0,0,1
DF,VK276,51.470800,9.324181,2, ,0.0,0.0,0,0,0,0,0,0,0,0
TF,WERRA,51.470008,9.734122,0, ,0.0,0.0,0.0,0.0,0,0,0,0,0,0,0,0

SID,WRB2M,09,5
CA,0,93.0,2,1300,0,0,0,0,0,0
DF,VK090,51.412558,9.542733,0, ,0.0,0.0,0,0,0,0,0,0,0,1
DF,VK093,51.473375,9.553067,1, ,0.0,0.0,0,0,0,0,0,0,0,0
TF,WRB,51.505697,9.110914,0, ,0.0,0.0,0.0,0.0,0,0,0,0,0,0,0,0

SID,WRB9N,27,5
CA,0,273.0,2,1300,0,0,0,0,0,0
DF,VK271,51.425461,9.305089,0, ,0.0,0.0,0,0,0,0,0,0,0,0
TF,VK274,51.486475,9.228669,0, ,0.0,0.0,0.0,0.0,0,0,0,0,0,0,0,0
TF,WRB,51.505697,9.110914,0, ,0.0,0.0,0.0,0.0,0,0,0,0,0,0,0,0

SID,XARO1M,09,5
CA,0,93.0,2,1300,0,0,0,0,0,0
DF,VK090,51.412558,9.542733,0, ,0.0,0.0,0,0,0,0,0,0,0,1
DF,VK093,51.473375,9.553067,1, ,0.0,0.0,0,0,0,0,0,0,0,0
TF,VK094,51.484986,9.396922,0, ,0.0,0.0,0.0,0.0,0,0,0,0,0,0,0,0
TF,XAROL,51.314575,9.045894,0, ,0.0,0.0,0.0,0.0,0,0,0,0,0,0,0,0

SID,XARO2N,27,5
CA,0,273.0,2,1300,0,0,0,0,0,0
DF,VK270,51.424606,9.321169,0, ,0.0,0.0,0,0,0,0,0,0,0,0
TF,XAROL,51.314575,9.045894,0, ,0.0,0.0,0.0,0.0,0,0,0,0,0,0,0,0

APPTR,I09,09,ELNAT
IF,ELNAT,51.204317,9.690989, ,0.0,0.0,0,0,0,0,0,0,1,0
TF,XAROL,51.314575,9.045894,0, ,0.0,0.0,0.0,0.0,2,5000,0,0,0,0,0,0
FD,XAROL,51.314575,9.045894,0,WRB,190.0,5.6,10.0,5.6,2,3500,0,0,0,0,0,0
CF,CI09,51.436083,9.105278,0,IKSE,273.0,11.7,93.0,2.0,2,3500,0,0,0,0,1,0

APPTR,I09,09,LUXUX
IF,LUXUX,51.631547,9.764619, ,0.0,0.0,0,0,0,0,0,0,1,0
FD,LUXUX,51.631547,9.764619,0,WRB,70.6,7.5,251.0,7.5,2,5000,0,0,0,0,0,0
CF,WRB,51.505697,9.110914,0,WRB,0.0,0.0,251.0,7.5,2,3500,0,0,0,0,0,0
FD,WRB,51.505697,9.110914,0,WRB,0.0,2.0,240.0,2.0,2,3500,0,0,0,0,0,0
CF,CI09,51.436083,9.105278,1,IKSE,273.0,11.7,93.0,1.0,2,3500,0,0,0,0,1,0

APPTR,I09,09,WRB
IF,WRB,51.505697,9.110914, ,0.0,0.0,0,0,0,0,0,0,1,0
FD,WRB,51.505697,9.110914,0,WRB,0.0,2.0,240.0,2.0,2,3500,0,0,0,0,0,0
CF,CI09,51.436083,9.105278,1,IKSE,273.0,11.7,93.0,1.0,2,3500,0,0,0,0,1,0

APPTR,I09,09,XAROL
IF,XAROL,51.314575,9.045894, ,0.0,0.0,0,0,0,0,0,0,1,0
FD,XAROL,51.314575,9.045894,0,WRB,190.0,5.6,10.0,5.6,2,3500,0,0,0,0,0,0
CF,CI09,51.436083,9.105278,0,IKSE,273.0,11.7,93.0,2.0,2,3500,0,0,0,0,1,0

FINAL,I09,09,I,3
IF,CI09,51.436083,9.105278,IKSE,273.0,11.7,2,3500,0,0,0,0,0,0
CF,ABLIB,51.433203,9.157986,0,IKSE,273.0,9.7,93.0,2.0,1,3500,0,0,0,0,2,0
CF,RW09,51.421758,9.374253,0,IKSE,273.0,1.5,93.0,8.2,1,911,0,0,0,0,3,0
FD,RW09,51.421758,9.374253,0,DKS,0.0,2.6,93.0,2.6,0,0,0,0,0,0,0,0
CR,1,WRB,88.0,340.0,0,0,0,0,0,0,0,0
CF,WRB,51.505697,9.110914,0,WRB,0.0,0.0,261.0,14.0,1,4000,0,0,0,0,0,0

APPTR,I27,27,ELNAT
IF,ELNAT,51.204317,9.690989, ,0.0,0.0,0,0,0,0,0,0,1,0
TF,VK101,51.288992,9.658881,0, ,0.0,0.0,0.0,0.0,2,4000,0,0,0,0,0,0
TF,VK103,51.362744,9.630814,0, ,0.0,0.0,0.0,0.0,2,3000,0,0,0,0,0,0
TF,VK104,51.403856,9.615128,0, ,0.0,0.0,0.0,0.0,2,2500,0,0,0,0,0,0
CF,CI27,51.409153,9.600361,0,IKSW,93.0,8.7,273.0,1.0,2,2500,0,0,0,0,0,0

APPTR,I27,27,LUXUX
IF,LUXUX,51.631547,9.764619, ,0.0,0.0,0,0,0,0,0,0,1,0
TF,VK102,51.520425,9.691858,0, ,0.0,0.0,0.0,0.0,2,4000,0,0,0,0,0,0
TF,VK105,51.446897,9.643922,0, ,0.0,0.0,0.0,0.0,2,3000,0,0,0,0,0,0
TF,VK106,51.408322,9.618844,0, ,0.0,0.0,0.0,0.0,2,2500,0,0,0,0,0,0
CF,CI27,51.409153,9.600361,0,IKSW,93.0,8.7,273.0,1.0,2,2500,0,0,0,0,0,0

APPTR,I27,27,WRB
IF,WRB,51.505697,9.110914, ,0.0,0.0,0,0,0,0,0,0,1,0
FD,WRB,51.505697,9.110914,0,WRB,0.0,18.3,95.0,18.3,2,3000,0,0,0,0,0,0
CF,CI27,51.409153,9.600361,2,IKSW,93.0,8.7,273.0,1.0,2,2500,0,0,0,0,0,0

APPTR,I27,27,XAROL
IF,XAROL,51.314575,9.045894, ,0.0,0.0,0,0,0,0,0,0,1,0
TF,VK100,51.294042,9.535569,0, ,0.0,0.0,0.0,0.0,2,5000,0,0,0,0,0,0
TF,VK103,51.362744,9.630814,0, ,0.0,0.0,0.0,0.0,2,3000,0,0,0,0,0,0
TF,VK104,51.403856,9.615128,0, ,0.0,0.0,0.0,0.0,2,2500,0,0,0,0,0,0
CF,CI27,51.409153,9.600361,0,IKSW,93.0,8.7,273.0,1.0,2,2500,0,0,0,0,0,0

FINAL,I27,27,I,3
IF,CI27,51.409153,9.600361,IKSW,93.0,8.7,2,2500,0,0,0,0,0,0
CF,LALTU,51.412308,9.547256,0,IKSW,92.9,6.7,273.0,2.0,1,2500,0,0,0,0,2,0
CF,RW27,51.419822,9.410061,0,IKSW,92.9,1.5,273.0,5.2,1,853,0,0,0,0,3,0
FD,RW27,51.419822,9.410061,0,DKS,0.0,5.6,273.0,5.6,0,0,0,0,0,0,0,0
CF,WRB,51.505697,9.110914,0,WRB,0.0,0.0,311.0,8.0,1,4000,0,0,0,0,0,0

APPTR,R09,09,ELNAT
IF,ELNAT,51.204317,9.690989, ,0.0,0.0,0,0,0,0,0,0,1,0
TF,XAROL,51.314575,9.045894,0, ,0.0,0.0,0.0,0.0,2,5000,0,0,0,0,0,0
TF,VK110,51.334914,8.924353,0, ,0.0,0.0,0.0,0.0,2,5000,0,0,0,0,0,0
TF,VK111,51.444428,8.938358,0, ,0.0,0.0,0.0,0.0,2,5000,0,0,0,0,0,0
TF,VK120,51.438694,9.051786,0, ,0.0,0.0,0.0,0.0,2,3500,0,0,0,0,1,0

APPTR,R09,09,LUXUX
IF,LUXUX,51.631547,9.764619, ,0.0,0.0,0,0,0,0,0,0,1,0
TF,VK112,51.542672,9.300644,0, ,0.0,0.0,0.0,0.0,2,5000,0,0,0,0,0,0
TF,WRB,51.505697,9.110914,0, ,0.0,0.0,0.0,0.0,2,3500,0,0,0,0,0,0
TF,VK113,51.495575,9.059231,0, ,0.0,0.0,0.0,0.0,2,3500,0,0,0,0,0,0
TF,VK120,51.438694,9.051786,0, ,0.0,0.0,0.0,0.0,2,3500,0,0,0,0,1,0

APPTR,R09,09,WRB
IF,WRB,51.505697,9.110914, ,0.0,0.0,0,0,0,0,0,0,1,0
TF,VK113,51.495575,9.059231,0, ,0.0,0.0,0.0,0.0,2,3500,0,0,0,0,0,0
TF,VK120,51.438694,9.051786,0, ,0.0,0.0,0.0,0.0,2,3500,0,0,0,0,1,0

APPTR,R09,09,XAROL
IF,XAROL,51.314575,9.045894, ,0.0,0.0,0,0,0,0,0,0,1,0
TF,VK110,51.334914,8.924353,0, ,0.0,0.0,0.0,0.0,2,5000,0,0,0,0,0,0
TF,VK111,51.444428,8.938358,0, ,0.0,0.0,0.0,0.0,2,5000,0,0,0,0,0,0
TF,VK120,51.438694,9.051786,0, ,0.0,0.0,0.0,0.0,2,3500,0,0,0,0,1,0

FINAL,R09,09,R,3
IF,VK120,51.438694,9.051786, ,0.0,0.0,2,3500,0,0,0,0,0,0
TF,ABLIB,51.433203,9.157986,0, ,0.0,0.0,93.0,4.0,2,3500,0,0,0,0,2,0
TF,RW09,51.421758,9.374253,0, ,0.0,0.0,93.0,8.2,1,911,0,0,0,0,3,1
TF,VK130,51.416356,9.473750,0, ,0.0,0.0,0.0,0.0,0,0,0,0,0,0,0,1
DF,VK131,51.460367,9.530014,1, ,0.0,0.0,0,0,0,0,0,0,0,0
TF,VK132,51.534297,9.491478,0, ,0.0,0.0,0.0,0.0,0,0,0,0,0,0,0,0
TF,WRB,51.505697,9.110914,0, ,0.0,0.0,0.0,0.0,1,4000,0,0,0,0,0,0

APPTR,R27,27,ELNAT
IF,ELNAT,51.204317,9.690989, ,0.0,0.0,0,0,0,0,0,0,1,0
TF,VK141,51.317631,9.667431,0, ,0.0,0.0,0.0,0.0,2,4000,0,0,0,0,0,0
TF,VK150,51.406639,9.648842,0, ,0.0,0.0,0.0,0.0,2,3000,0,0,0,0,1,0

APPTR,R27,27,LUXUX
IF,LUXUX,51.631547,9.764619, ,0.0,0.0,0,0,0,0,0,0,1,0
TF,VK142,51.521175,9.690594,0, ,0.0,0.0,0.0,0.0,2,4000,0,0,0,0,0,0
TF,VK143,51.472992,9.658400,0, ,0.0,0.0,0.0,0.0,2,3000,0,0,0,0,0,0
TF,VK150,51.406639,9.648842,0, ,0.0,0.0,0.0,0.0,2,3000,0,0,0,0,1,0

APPTR,R27,27,WRB
IF,WRB,51.505697,9.110914, ,0.0,0.0,0,0,0,0,0,0,1,0
TF,VK143,51.472992,9.658400,0, ,0.0,0.0,0.0,0.0,2,3000,0,0,0,0,0,0
TF,VK150,51.406639,9.648842,0, ,0.0,0.0,0.0,0.0,2,3000,0,0,0,0,1,0

APPTR,R27,27,XAROL
IF,XAROL,51.314575,9.045894, ,0.0,0.0,0,0,0,0,0,0,1,0
TF,VK100,51.294042,9.535569,0, ,0.0,0.0,0.0,0.0,2,5000,0,0,0,0,0,0
TF,VK141,51.317631,9.667431,0, ,0.0,0.0,0.0,0.0,2,3000,0,0,0,0,0,0
TF,VK150,51.406639,9.648842,0, ,0.0,0.0,0.0,0.0,2,3000,0,0,0,0,1,0

FINAL,R27,27,R,3
IF,VK150,51.406639,9.648842, ,0.0,0.0,2,3000,0,0,0,0,0,0
TF,LALTU,51.412308,9.547256,0, ,0.0,0.0,273.0,3.8,2,2500,0,0,0,0,2,0
TF,RW27,51.419822,9.410061,0, ,0.0,0.0,273.0,5.2,1,853,0,0,0,0,3,1
TF,VK160,51.428689,9.244214,0, ,0.0,0.0,0.0,0.0,0,0,0,0,0,0,0,0
TF,WRB,51.505697,9.110914,0, ,0.0,0.0,0.0,0.0,1,4000,0,0,0,0,0,0

