SID,CAN1E,09,2
CD, ,0,0,0,GUR,0,0.0,89.0,3.0,2,1840,0,0,0,0,0,0
CF,PIKEY,49.476944,-2.225556,0,GUR,81.7,15.0,82.0,12.0,1,3000,0,0,0,0,0,0
TF,LUSIT,49.214722,-1.795556,0, ,0.0,0.0,0.0,0.0,0,0,0,0,0,0,0,0
TF,CAN,49.173194,-0.455278,0, ,0.0,0.0,0.0,0.0,0,0,0,0,0,0,0,0

SID,CAN1W,27,2
CD, ,0,0,0,GUR,0,0.0,269.0,3.0,2,1840,0,0,0,0,0,0
CI,1, ,0.0,134.0,0,0,0,0,0,0,0,0
CF,OYSTA,49.100000,-2.523333,0,GUR,172.1,20.5,172.0,13.0,1,3000,0,0,0,0,0,0
TF,PERCH,49.129167,-1.937222,0, ,0.0,0.0,0.0,0.0,0,0,0,0,0,0,0,0
TF,LUSIT,49.214722,-1.795556,0, ,0.0,0.0,0.0,0.0,0,0,0,0,0,0,0,0
TF,CAN,49.173194,-0.455278,0, ,0.0,0.0,0.0,0.0,0,0,0,0,0,0,0,0

SID,DIN2E,09,2
CD, ,0,0,0,GUR,0,0.0,89.0,3.0,2,1840,0,0,0,0,0,0
CI,2, ,0.0,214.0,0,0,0,0,0,0,0,0
CF,OYSTA,49.100000,-2.523333,0,GUR,172.1,20.5,172.0,13.0,1,3000,0,0,0,0,0,0
TF,DIN,48.586056,-2.082333,0, ,0.0,0.0,0.0,0.0,0,0,0,0,0,0,0,0

SID,DIN2W,27,2
CD, ,0,0,0,GUR,0,0.0,269.0,3.0,2,1840,0,0,0,0,0,0
CI,1, ,0.0,134.0,0,0,0,0,0,0,0,0
CF,OYSTA,49.100000,-2.523333,0,GUR,172.1,20.5,172.0,13.0,1,3000,0,0,0,0,0,0
TF,DIN,48.586056,-2.082333,0, ,0.0,0.0,0.0,0.0,0,0,0,0,0,0,0,0

SID,GULD1E,09,2
CD, ,0,0,0,GUR,0,0.0,89.0,3.0,2,1840,0,0,0,0,0,0
CF,PIKEY,49.476944,-2.225556,0,GUR,81.7,15.0,82.0,12.0,1,3000,0,0,0,0,0,0
TF,GULDA,49.385278,-1.917500,0, ,0.0,0.0,0.0,0.0,0,0,0,0,0,0,0,0

SID,GULD1W,27,2
CD, ,0,0,0,GUR,0,0.0,269.0,3.0,2,1840,0,0,0,0,0,0
CI,2, ,0.0,104.0,0,0,0,0,0,0,0,0
CF,PIKEY,49.476944,-2.225556,0,GUR,81.7,15.0,82.0,9.0,1,3000,0,0,0,0,0,0
TF,GULDA,49.385278,-1.917500,0, ,0.0,0.0,0.0,0.0,0,0,0,0,0,0,0,0

SID,ORTA3E,09,2
CD, ,0,0,0,GUR,0,0.0,89.0,3.0,2,1840,0,0,0,0,0,0
CI,0, ,0.0,4.0,0,0,0,0,0,0,0,0
CF,BRILL,49.702500,-2.389722,0,GUR,28.6,18.0,29.0,9.0,1,4000,0,0,0,0,0,0
TF,ORTAC,49.999167,-2.005000,0, ,0.0,0.0,0.0,0.0,1,4000,0,0,0,0,0,0

SID,ORTA3W,27,2
CD, ,0,0,0,GUR,0,0.0,269.0,3.0,2,1840,0,0,0,0,0,0
CI,2, ,0.0,24.0,0,0,0,0,0,0,0,0
CF,EVKEX,49.703333,-2.591667,0,GUR,2.7,16.0,3.0,2.0,1,4000,0,0,0,0,0,0
TF,ORTAC,49.999167,-2.005000,0, ,0.0,0.0,0.0,0.0,1,4000,0,0,0,0,0,0

SID,ORVA1E,09,2
CD, ,0,0,0,GUR,0,0.0,89.0,3.0,2,1840,0,0,0,0,0,0
CI,2, ,0.0,214.0,0,0,0,0,0,0,0,0
CF,OYSTA,49.100000,-2.523333,0,GUR,172.1,20.5,172.0,13.0,1,3000,0,0,0,0,0,0
TF,PERCH,49.129167,-1.937222,0, ,0.0,0.0,0.0,0.0,0,0,0,0,0,0,0,0
TF,ORVAL,49.033889,-1.825278,0, ,0.0,0.0,0.0,0.0,0,0,0,0,0,0,0,0

SID,ORVA1W,27,2
CD, ,0,0,0,GUR,0,0.0,269.0,3.0,2,1840,0,0,0,0,0,0
CI,1, ,0.0,134.0,0,0,0,0,0,0,0,0
CF,OYSTA,49.100000,-2.523333,0,GUR,172.1,20.5,172.0,13.0,1,3000,0,0,0,0,0,0
TF,PERCH,49.129167,-1.937222,0, ,0.0,0.0,0.0,0.0,0,0,0,0,0,0,0,0
TF,ORVAL,49.033889,-1.825278,0, ,0.0,0.0,0.0,0.0,0,0,0,0,0,0,0,0

SID,SKER3E,09,2
CD, ,0,0,0,GUR,0,0.0,89.0,3.0,2,1840,0,0,0,0,0,0
CI,1, ,0.0,294.0,0,0,0,0,0,0,0,0
CF,ORMER,49.601111,-2.858056,0,GUR,315.8,14.0,316.0,3.0,1,4000,0,0,0,0,0,0
TF,SKERY,50.000000,-3.173056,0, ,0.0,0.0,0.0,0.0,0,0,0,0,0,0,0,0

SID,SKER3W,27,2
CD, ,0,0,0,GUR,0,0.0,269.0,3.0,2,1840,0,0,0,0,0,0
VI,0, ,0.0,346.0,0,0,0,0,0,0,0,0
CF,ORMER,49.601111,-2.858056,0,GUR,315.8,14.0,316.0,7.0,1,4000,0,0,0,0,0,0
TF,SKERY,50.000000,-3.173056,0, ,0.0,0.0,0.0,0.0,0,0,0,0,0,0,0,0

STAR,GUR1A,27,2
IF,ORTAC,49.999167,-2.005000, ,0.0,0.0,0,0,0,0,0,0,0,0
TF,BRILL,49.702500,-2.389722,0, ,0.0,0.0,0.0,0.0,0,0,0,0,0,0,0,0
TF,GUR,49.437097,-2.603811,0, ,0.0,0.0,0.0,0.0,0,0,0,0,0,0,0,0

STAR,GUR1D,ALL,2
IF,DIN,48.586056,-2.082333, ,0.0,0.0,0,0,0,0,0,0,0,0
TF,GUR,49.437097,-2.603811,0, ,0.0,0.0,0.0,0.0,0,0,0,0,0,0,0,0

STAR,GUR1E,ALL,2
IF,ALD,49.708869,-2.199772, ,0.0,0.0,0,0,0,0,0,0,0,0
TF,GUR,49.437097,-2.603811,0, ,0.0,0.0,0.0,0.0,0,0,0,0,0,0,0,0

STAR,GUR1F,ALL,2
IF,SKERY,50.000000,-3.173056, ,0.0,0.0,0,0,0,0,0,0,0,0
TF,GUR,49.437097,-2.603811,0, ,0.0,0.0,0.0,0.0,0,0,0,0,0,0,0,0

STAR,GUR1G,09,2
IF,ORTAC,49.999167,-2.005000, ,0.0,0.0,0,0,0,0,0,0,0,0
TF,EVKEX,49.703333,-2.591667,0, ,0.0,0.0,0.0,0.0,0,0,0,0,0,0,0,0
TF,GUR,49.437097,-2.603811,0, ,0.0,0.0,0.0,0.0,0,0,0,0,0,0,0,0

STAR,GUR1X,ALL,2
IF,BEVAV,49.066944,-1.690556, ,0.0,0.0,0,0,0,0,0,0,0,0
TF,OYSTA,49.100000,-2.523333,0, ,0.0,0.0,0.0,0.0,0,0,0,0,0,0,0,0
TF,GUR,49.437097,-2.603811,0, ,0.0,0.0,0.0,0.0,0,0,0,0,0,0,0,0

STAR,GUR1Y,27,2
IF,LELNA,49.982500,-2.106389, ,0.0,0.0,0,0,0,0,0,0,0,0
TF,BRILL,49.702500,-2.389722,0, ,0.0,0.0,0.0,0.0,0,0,0,0,0,0,0,0
TF,GUR,49.437097,-2.603811,0, ,0.0,0.0,0.0,0.0,0,0,0,0,0,0,0,0

STAR,GUR1Z,09,2
IF,LELNA,49.982500,-2.106389, ,0.0,0.0,0,0,0,0,0,0,0,0
TF,EVKEX,49.703333,-2.591667,0, ,0.0,0.0,0.0,0.0,0,0,0,0,0,0,0,0
TF,GUR,49.437097,-2.603811,0, ,0.0,0.0,0.0,0.0,0,0,0,0,0,0,0,0

STAR,GUR2H,ALL,2
IF,BIGNO,50.000000,-2.825000, ,0.0,0.0,0,0,0,0,0,0,0,0
TF,GUR,49.437097,-2.603811,0, ,0.0,0.0,0.0,0.0,0,0,0,0,0,0,0,0

STAR,GUR3B,ALL,2
IF,ANGLO,49.928333,-0.455000, ,0.0,0.0,0,0,0,0,0,0,0,0
TF,DIKRO,49.584722,-1.110833,0, ,0.0,0.0,0.0,0.0,0,0,0,0,0,0,0,0
TF,BEVAV,49.066944,-1.690556,0, ,0.0,0.0,0.0,0.0,0,0,0,0,0,0,0,0
TF,OYSTA,49.100000,-2.523333,0, ,0.0,0.0,0.0,0.0,0,0,0,0,0,0,0,0
TF,GUR,49.437097,-2.603811,0, ,0.0,0.0,0.0,0.0,0,0,0,0,0,0,0,0

STAR,GUR3C,ALL,2
IF,CAN,49.173194,-0.455278, ,0.0,0.0,0,0,0,0,0,0,0,0
TF,SENLO,49.083333,-1.178333,0, ,0.0,0.0,0.0,0.0,0,0,0,0,0,0,0,0
TF,BEVAV,49.066944,-1.690556,0, ,0.0,0.0,0.0,0.0,0,0,0,0,0,0,0,0
TF,OYSTA,49.100000,-2.523333,0, ,0.0,0.0,0.0,0.0,0,0,0,0,0,0,0,0
TF,GUR,49.437097,-2.603811,0, ,0.0,0.0,0.0,0.0,0,0,0,0,0,0,0,0

APPTR,D09,09,GUR1
IF,GUR,49.437097,-2.603811, ,0.0,0.0,2,2000,0,0,0,0,1,0
CF,CD09,49.424558,-2.819975,0,GUR,266.0,8.5,266.0,8.5,0,0,0,0,0,0,0,0
FC,CD09,49.424558,-2.819975,0,GUR,0.0,0.0,311.0,4.4,0,0,0,0,0,0,0,1
CF,CD09,49.424558,-2.819975,1,GUR,266.0,8.5,86.0,6.0,2,2000,0,0,0,0,0,0

APPTR,D09,09,GUR2
HF,GUR,49.437097,-2.603811,1, ,0.0,0.0,86.0,08.5,2,2000,0,0,0,0,1,0,0

FINAL,D09,09,D,3
IF,CD09,49.424558,-2.819975,GUR,266.0,8.5,2,2000,0,0,0,0,0,0
CF,FD09,49.429028,-2.743694,0,GUR,266.0,5.5,86.0,3.0,2,2000,0,0,0,0,2,0
CF,RW09,49.434628,-2.613703,0,GUR,250.1,0.4,86.0,5.1,1,344,0,0,0,0,3,0
CF,GUR,49.437097,-2.603811,0,GUR,0.0,0.0,86.0,0.4,2,740,0,0,0,0,0,0
FD,GUR,49.437097,-2.603811,0,GUR,0.0,3.0,86.0,3.0,2,1300,0,0,0,0,0,0
DF,GUR,49.437097,-2.603811,2, ,0.0,0.0,1,3000,0,0,0,0,0,0

APPTR,D27,27,GUR
IF,GUR,49.437097,-2.603811, ,0.0,0.0,2,2000,0,0,0,0,1,0
CF,CD27,49.429486,-2.387094,0,GUR,94.0,8.6,94.0,8.6,0,0,0,0,0,0,0,0
FC,CD27,49.429486,-2.387094,0,GUR,0.0,0.0,139.0,4.3,0,0,0,0,0,0,0,1
CF,CD27,49.429486,-2.387094,1,GUR,94.0,8.6,274.0,5.0,2,2000,0,0,0,0,0,0

FINAL,D27,27,D,3
IF,CD27,49.429486,-2.387094,GUR,94.0,8.6,2,2000,0,0,0,0,0,0
CF,FD27,49.432217,-2.463575,0,GUR,94.0,5.6,274.0,3.0,2,2000,0,0,0,0,2,0
CF,RW27,49.435186,-2.593550,0,GUR,106.9,0.4,274.0,5.1,1,380,0,0,0,0,3,0
CF,GUR,49.437097,-2.603811,0,GUR,0.0,0.0,274.0,0.4,2,740,0,0,0,0,0,0
FD,GUR,49.437097,-2.603811,0,GUR,0.0,3.0,274.0,3.0,2,2000,0,0,0,0,0,0
DF,GUR,49.437097,-2.603811,2, ,0.0,0.0,1,3000,0,0,0,0,0,0

APPTR,I09,09,GUR1
IF,GUR,49.437097,-2.603811, ,0.0,0.0,2,2000,0,0,0,0,1,0
CF,CI09,49.428633,-2.822869,0,GUR,267.7,8.6,269.0,8.6,0,0,0,0,0,0,0,0
FC,CI09,49.428633,-2.822869,0,GUR,0.0,0.0,314.0,4.4,0,0,0,0,0,0,0,1
CF,CI09,49.428633,-2.822869,1,IUY,268.6,9.1,89.0,4.0,2,2000,0,0,0,0,0,0

APPTR,I09,09,GUR2
HF,GUR,49.437097,-2.603811,1, ,0.0,0.0,89.0,08.6,2,2000,0,0,0,0,1,0,0

FINAL,I09,09,I,3
IF,CI09,49.428633,-2.822869,IUY,268.6,9.1,1,2000,0,0,0,0,0,0
CF,FI09,49.430869,-2.746353,0,IUY,268.6,6.1,89.0,3.0,1,2000,0,0,0,0,2,0
CF,RW09,49.434628,-2.613703,0,IUY,268.6,0.9,89.0,5.2,1,344,0,0,0,0,3,0
CF,D089D,49.437061,-2.524411,0,GUR,91.0,3.1,89.0,3.5,2,1300,0,0,0,0,0,1
DF,GUR,49.437097,-2.603811,2, ,0.0,0.0,1,3000,0,0,0,0,0,0

APPTR,I27,27,GUR
IF,GUR,49.437097,-2.603811, ,0.0,0.0,2,2000,0,0,0,0,1,0
CF,D089H,49.440697,-2.386933,0,GUR,89.5,8.5,89.0,8.5,0,0,0,0,0,0,0,0
FC,D089H,49.440697,-2.386933,0,GUR,0.0,0.0,134.0,4.3,0,0,0,0,0,0,0,1
CF,CI27,49.440036,-2.412450,1,IGH,88.6,8.1,269.0,5.0,2,2000,0,0,0,0,0,0

FINAL,I27,27,I,3
IF,CI27,49.440036,-2.412450,IGH,88.6,8.1,1,2000,0,0,0,0,0,0
CF,FI27,49.438697,-2.463481,0,IGH,88.6,6.1,269.0,2.0,1,1660,0,0,0,0,2,0
CF,RW27,49.435186,-2.593550,0,IGH,88.6,0.0,269.0,5.1,1,380,0,0,0,0,3,0
CF,D269C,49.432842,-2.677731,0,GUR,266.0,2.9,269.0,3.3,2,2000,0,0,0,0,0,1
DF,GUR,49.437097,-2.603811,2, ,0.0,0.0,1,3000,0,0,0,0,0,0

APPTR,R09,09,ABDUS
IF,ABDUS,49.344564,-2.861658, ,0.0,0.0,2,2000,0,1,210,0,1,0
TF,REMLO,49.427750,-2.867069,0, ,0.0,0.0,0.0,0.0,2,2000,0,0,0,0,1,0

APPTR,R09,09,RUTOK
IF,RUTOK,49.510933,-2.872497, ,0.0,0.0,2,2000,0,1,210,0,1,0
TF,REMLO,49.427750,-2.867069,0, ,0.0,0.0,0.0,0.0,2,2000,0,0,0,0,1,0

FINAL,R09,09,R,3
IF,REMLO,49.427750,-2.867069, ,0.0,0.0,2,2000,0,0,0,0,1,0
TF,JB09F,49.431044,-2.745836,0, ,0.0,0.0,89.0,4.8,2,2000,0,0,0,0,2,0
TF,RW09,49.434628,-2.613703,0, ,0.0,0.0,89.0,5.2,1,352,0,0,0,0,3,1
CF,JBM01,49.438142,-2.484414,0,GUR,91.2,4.7,89.0,5.1,0,0,0,1,185,0,0,0
TF,JBM02,49.388231,-2.481167,2, ,0.0,0.0,0.0,0.0,0,0,0,1,185,0,0,0
TF,JBM03,49.386086,-2.557622,0, ,0.0,0.0,0.0,0.0,0,0,0,1,185,0,0,1
DF,GUR,49.437097,-2.603811,0, ,0.0,0.0,1,3000,0,0,0,0,0,0
HM,GUR,49.437097,-2.603811,1, ,0.0,0.0,89.0,04.3,0,0,0,0,0,0,0,0,0

APPTR,R27,27,AMIBA
IF,AMIBA,49.358747,-2.331775, ,0.0,0.0,2,2000,0,1,210,0,1,0
TF,JB27I,49.441975,-2.336722,0, ,0.0,0.0,0.0,0.0,2,2000,0,0,0,0,1,0

APPTR,R27,27,OTMIS
IF,OTMIS,49.525203,-2.341686, ,0.0,0.0,2,2000,0,1,210,0,1,0
TF,JB27I,49.441975,-2.336722,0, ,0.0,0.0,0.0,0.0,2,2000,0,0,0,0,1,0

APPTR,R27,27,PELOM
IF,PELOM,49.445139,-2.209081, ,0.0,0.0,2,2000,0,1,210,0,1,0
TF,JB27I,49.441975,-2.336722,0, ,0.0,0.0,0.0,0.0,2,2000,0,0,0,0,1,0

FINAL,R27,27,R,3
IF,JB27I,49.441975,-2.336722, ,0.0,0.0,2,2000,0,0,0,0,0,0
TF,JB27F,49.438681,-2.464147,0, ,0.0,0.0,269.0,5.0,2,2000,0,0,0,0,2,0
TF,RW27,49.435186,-2.593550,0, ,0.0,0.0,269.0,5.1,1,386,0,0,0,0,3,1
CF,JBM04,49.430914,-2.745017,0,GUR,268.2,5.5,269.0,6.0,0,0,0,1,210,0,0,0
TF,JBM05,49.495794,-2.749422,2, ,0.0,0.0,0.0,0.0,0,0,0,1,210,0,0,0
TF,JBM06,49.498122,-2.667692,0, ,0.0,0.0,0.0,0.0,0,0,0,1,210,0,0,1
DF,GUR,49.437097,-2.603811,0, ,0.0,0.0,1,3000,0,0,0,0,0,0
HM,GUR,49.437097,-2.603811,1, ,0.0,0.0,89.0,04.3,0,0,0,0,0,0,0,0,0

