APPTR,Q02,02,SHM1
IF,SHM,50.835511,-0.295386, ,0.0,0.0,2,2200,0,0,0,0,1,0
FC,SHM,50.835511,-0.295386,0,SFD,0.0,0.0,186.0,5.4,2,1700,0,0,0,0,0,1
CF,FQ02,50.766494,-0.337156,2,SFD,271.3,17.5,22.0,1.0,2,1700,0,0,0,0,0,0

FINAL,Q02,02,N,2
IF,FQ02,50.766494,-0.337156,SHM,0.0,0.0,2,1700,0,0,0,0,2,0
CF,MQ02,50.820900,-0.304239,0,SRH,0.0,0.0,22.0,3.5,1,344,0,0,0,0,3,0
CF,SHM,50.835511,-0.295386,0,SFD,286.0,16.5,22.0,0.9,2,410,0,0,0,0,0,0
FA,SHM,50.835511,-0.295386,0,SFD,0.0,0.0,12.0,2,1500,0,0,0,0,0,0
DF,SHM,50.835511,-0.295386,1, ,0.0,0.0,1,2200,0,0,0,0,0,0

APPTR,Q20,20,SHM
FC,SHM,50.835511,-0.295386,0,SFD,0.0,0.0,8.0,6.5,2,2200,0,0,0,0,1,1
CF,FQ20,50.906375,-0.252358,2,SFD,301.7,16.7,202.0,2.0,2,2200,0,0,0,0,0,0

FINAL,Q20,20,N,3
IF,FQ20,50.906375,-0.252358,SHM,0.0,0.0,2,2200,0,0,0,0,2,0
CF,30DME,50.883067,-0.266525,0,SHM,0.0,0.0,202.0,1.5,2,1490,0,0,0,0,0,0
CF,MQ20,50.851983,-0.285394,0,SRH,0.0,0.0,202.0,2.0,1,488,0,0,0,0,3,0
CA,0,202.0,2,1500,0,0,0,0,0,0
DF,SHM,50.835511,-0.295386,1, ,0.0,0.0,1,2200,0,0,0,0,0,0

APPTR,R02,02,ADPOD
IF,ADPOD,50.739544,-0.455914, ,0.0,0.0,2,2200,0,1,160,0,1,0
TF,RIPIL,50.718178,-0.370503,0, ,0.0,0.0,0.0,0.0,2,2200,0,0,0,0,1,0
TF,KA02F,50.772369,-0.336758,0, ,0.0,0.0,0.0,0.0,2,1500,0,0,0,0,0,0

APPTR,R02,02,GODOT
IF,GODOT,50.696750,-0.285175, ,0.0,0.0,2,2200,0,1,160,0,1,0
TF,RIPIL,50.718178,-0.370503,0, ,0.0,0.0,0.0,0.0,2,2200,0,0,0,0,1,0
TF,KA02F,50.772369,-0.336758,0, ,0.0,0.0,0.0,0.0,2,1500,0,0,0,0,0,0

APPTR,R02,02,RIPIL
IF,RIPIL,50.718178,-0.370503, ,0.0,0.0,2,2200,0,1,160,0,1,0
TF,KA02F,50.772369,-0.336758,0, ,0.0,0.0,0.0,0.0,2,1500,0,0,0,0,0,0

FINAL,R02,02,R,2
IF,KA02F,50.772369,-0.336758, ,0.0,0.0,2,1500,0,0,0,0,2,0
TF,MA02,50.818808,-0.307772,0, ,0.0,0.0,22.0,3.0,1,392,0,0,0,0,3,1
CA,0,12.0,2,1500,0,0,0,0,0,0
DF,SHM,50.835511,-0.295386,1, ,0.0,0.0,1,2200,0,0,0,0,0,0

APPTR,R20,20,ADURI
IF,ADURI,50.962878,-0.217442, ,0.0,0.0,2,2200,0,1,160,0,1,0
TF,KA20F,50.908725,-0.251467,0, ,0.0,0.0,0.0,0.0,2,2200,0,0,0,0,0,0

APPTR,R20,20,BITLI
IF,BITLI,50.965406,-0.309617, ,0.0,0.0,2,2200,0,1,160,0,1,0
TF,ADURI,50.962878,-0.217442,0, ,0.0,0.0,0.0,0.0,2,2200,0,0,0,0,1,0
TF,KA20F,50.908725,-0.251467,0, ,0.0,0.0,0.0,0.0,2,2200,0,0,0,0,0,0

APPTR,R20,20,NITEN
IF,NITEN,50.943169,-0.130642, ,0.0,0.0,2,2200,0,1,160,0,1,0
TF,ADURI,50.962878,-0.217442,0, ,0.0,0.0,0.0,0.0,2,2200,0,0,0,0,1,0
TF,KA20F,50.908725,-0.251467,0, ,0.0,0.0,0.0,0.0,2,2200,0,0,0,0,0,0

FINAL,R20,20,R,2
IF,KA20F,50.908725,-0.251467, ,0.0,0.0,2,2200,0,0,0,0,2,0
TF,RW20,50.839078,-0.295100,0, ,0.0,0.0,202.0,4.5,1,57,0,0,0,0,3,1
CA,0,202.0,2,1500,0,0,0,0,0,0
DF,SHM,50.835511,-0.295386,1, ,0.0,0.0,1,2200,0,0,0,0,0,0

