SID,BUZA1Y,25,2
CA,0,251.0,2,700,0,0,0,0,0,0
CF,D173H,51.594631,-0.516303,2,BNN,173.0,8.0,353.0,2.0,1,3000,0,0,0,0,0,0
TF,D173F,51.627517,-0.524644,0, ,0.0,0.0,0.0,0.0,1,3000,0,0,0,0,0,0
TF,BNN,51.726164,-0.549750,0, ,0.0,0.0,0.0,0.0,2,4000,0,0,0,0,0,0
TF,D001C,51.776047,-0.550297,0, ,0.0,0.0,0.0,0.0,2,5000,0,0,0,0,0,0
TF,D001F,51.825981,-0.550875,0, ,0.0,0.0,0.0,0.0,1,6000,0,0,0,0,0,0
TF,BUZAD,51.942222,-0.552222,0, ,0.0,0.0,0.0,0.0,0,0,0,0,0,0,0,0

SID,BUZA3X,07,2
CA,0,71.0,2,700,0,0,0,0,0,0
CF,D010R,51.600622,-0.368514,0,OCK,10.4,18.0,10.0,2.0,1,3000,0,0,0,0,0,0
TF,WATFO,51.675833,-0.348333,0, ,0.0,0.0,0.0,0.0,1,4000,0,0,0,0,0,1
DF,BIG27,51.715533,-0.337828,0, ,0.0,0.0,1,5000,0,0,0,0,0,0
TF,BUZAD,51.942222,-0.552222,0, ,0.0,0.0,0.0,0.0,0,0,0,0,0,0,0,0

SID,CHARLI,07,2
CD, ,0,0,0,LON,0,0.0,70.0,8.8,0,0,0,0,0,0,0,0
CF,CHARE,51.600278,-0.274167,0,BPK,215.9,10.9,35.0,2.0,3,2000,0,0,0,0,0,0

SID,CPT4Y,25,2
CA,0,251.0,2,700,0,0,0,0,0,0
DF,D173H,51.594631,-0.516303,2, ,0.0,0.0,1,3000,0,0,0,0,0,0
TF,CHT,51.623142,-0.518578,0, ,0.0,0.0,0.0,0.0,1,3000,0,0,0,0,0,0
TF,ADRUG,51.707222,-0.686111,0, ,0.0,0.0,0.0,0.0,1,4000,0,0,0,0,0,0
TF,HEN,51.759742,-0.790292,0, ,0.0,0.0,0.0,0.0,1,5000,0,0,0,0,0,0
TF,RODNI,51.715833,-0.861667,0, ,0.0,0.0,0.0,0.0,0,0,0,0,0,0,0,0
TF,CPT,51.491572,-1.219692,0, ,0.0,0.0,0.0,0.0,0,0,0,0,0,0,0,0

SID,CPT5X,07,2
CA,0,71.0,2,700,0,0,0,0,0,0
CF,D010R,51.600622,-0.368514,0,OCK,10.4,18.0,10.0,2.0,1,3000,0,0,0,0,0,0
TF,WATFO,51.675833,-0.348333,0, ,0.0,0.0,0.0,0.0,1,4000,0,0,0,0,0,0
TF,D113D,51.701331,-0.450236,0, ,0.0,0.0,0.0,0.0,1,5000,0,0,0,0,0,0
TF,BNN,51.726164,-0.549750,0, ,0.0,0.0,0.0,0.0,1,5000,0,0,0,0,0,0
TF,HEN,51.759742,-0.790292,0, ,0.0,0.0,0.0,0.0,1,5000,0,0,0,0,0,0
TF,RODNI,51.715833,-0.861667,0, ,0.0,0.0,0.0,0.0,0,0,0,0,0,0,0,0
TF,CPT,51.491572,-1.219692,0, ,0.0,0.0,0.0,0.0,0,0,0,0,0,0,0,0

SID,DET4X,07,2
CA,0,71.0,2,700,0,0,0,0,0,0
CF,D010R,51.600622,-0.368514,0,OCK,10.4,18.0,10.0,2.0,1,3000,0,0,0,0,0,0
TF,WATFO,51.675833,-0.348333,0, ,0.0,0.0,0.0,0.0,1,4000,0,0,0,0,0,0
TF,D244F,51.705675,-0.251064,0, ,0.0,0.0,0.0,0.0,1,4000,0,0,0,0,0,0
TF,D244C,51.727728,-0.178933,0, ,0.0,0.0,0.0,0.0,1,5000,0,0,0,0,0,0
TF,BPK,51.749736,-0.106736,0, ,0.0,0.0,0.0,0.0,0,0,0,0,0,0,0,0
TF,D097G,51.737408,0.079906,0, ,0.0,0.0,0.0,0.0,1,5000,0,0,0,0,0,0
TF,D097N,51.723728,0.281825,0, ,0.0,0.0,0.0,0.0,0,0,0,0,0,0,0,0
TF,NEPNA,51.499536,0.449042,0, ,0.0,0.0,0.0,0.0,0,0,0,0,0,0,0,0
TF,DET,51.304003,0.597275,0, ,0.0,0.0,0.0,0.0,1,5000,0,0,0,0,0,0

SID,DET4Y,25,2
CA,0,251.0,2,700,0,0,0,0,0,0
DF,D173H,51.594631,-0.516303,2, ,0.0,0.0,1,3000,0,0,0,0,0,0
TF,CHT,51.623142,-0.518578,0, ,0.0,0.0,0.0,0.0,1,3000,0,0,0,0,0,0
TF,WATFO,51.675833,-0.348333,0, ,0.0,0.0,0.0,0.0,1,4000,0,0,0,0,0,0
TF,D244F,51.705675,-0.251064,0, ,0.0,0.0,0.0,0.0,1,4000,0,0,0,0,0,0
TF,D244C,51.727728,-0.178933,0, ,0.0,0.0,0.0,0.0,1,5000,0,0,0,0,0,0
TF,BPK,51.749736,-0.106736,0, ,0.0,0.0,0.0,0.0,0,0,0,0,0,0,0,0
TF,D097G,51.737408,0.079906,0, ,0.0,0.0,0.0,0.0,1,5000,0,0,0,0,0,0
TF,D097N,51.723728,0.281825,0, ,0.0,0.0,0.0,0.0,0,0,0,0,0,0,0,0
TF,NEPNA,51.499536,0.449042,0, ,0.0,0.0,0.0,0.0,0,0,0,0,0,0,0,0
TF,DET,51.304003,0.597275,0, ,0.0,0.0,0.0,0.0,1,5000,0,0,0,0,0,0

SID,MATC1X,07,2
CA,0,71.0,2,700,0,0,0,0,0,0
CF,D010R,51.600622,-0.368514,0,OCK,10.4,18.0,10.0,2.0,1,3000,0,0,0,0,0,0
TF,WATFO,51.675833,-0.348333,0, ,0.0,0.0,0.0,0.0,1,4000,0,0,0,0,0,0
TF,D244F,51.705675,-0.251064,0, ,0.0,0.0,0.0,0.0,1,4000,0,0,0,0,0,0
TF,D244C,51.727728,-0.178933,0, ,0.0,0.0,0.0,0.0,1,5000,0,0,0,0,0,0
TF,BPK,51.749736,-0.106736,0, ,0.0,0.0,0.0,0.0,0,0,0,0,0,0,0,0
TF,D083G,51.765267,0.079408,0, ,0.0,0.0,0.0,0.0,1,5000,0,0,0,0,0,0
TF,MATCH,51.779167,0.250000,0, ,0.0,0.0,0.0,0.0,1,5000,0,0,0,0,0,0

SID,MATC1Y,25,2
CA,0,251.0,2,700,0,0,0,0,0,0
DF,D173H,51.594631,-0.516303,2, ,0.0,0.0,1,3000,0,0,0,0,0,0
TF,CHT,51.623142,-0.518578,0, ,0.0,0.0,0.0,0.0,1,3000,0,0,0,0,0,0
TF,WATFO,51.675833,-0.348333,0, ,0.0,0.0,0.0,0.0,1,4000,0,0,0,0,0,0
TF,D244F,51.705675,-0.251064,0, ,0.0,0.0,0.0,0.0,1,4000,0,0,0,0,0,0
TF,D244C,51.727728,-0.178933,0, ,0.0,0.0,0.0,0.0,1,5000,0,0,0,0,0,0
TF,BPK,51.749736,-0.106736,0, ,0.0,0.0,0.0,0.0,0,0,0,0,0,0,0,0
TF,D083G,51.765267,0.079408,0, ,0.0,0.0,0.0,0.0,1,5000,0,0,0,0,0,0
TF,MATCH,51.779167,0.250000,0, ,0.0,0.0,0.0,0.0,1,5000,0,0,0,0,0,0

SID,ROMEO,25,2
CA,0,250.0,2,700,0,0,0,0,0,0
CF,ROMEO,51.602500,-0.547778,0,LON,337.3,7.6,339.0,4.0,3,2000,0,0,0,0,0,0

STAR,BIG1E,ALL,2
IF,LOGAN,51.747589,1.611828, ,0.0,0.0,0,0,0,0,0,0,0,0
TF,KOPUL,51.542156,1.137178,0, ,0.0,0.0,0.0,0.0,0,0,0,0,0,0,0,0
TF,TANET,51.449444,0.925556,0, ,0.0,0.0,0.0,0.0,0,0,0,0,0,0,0,0
TF,DET,51.304003,0.597275,0, ,0.0,0.0,0.0,0.0,0,0,0,0,0,0,0,0
TF,D095L,51.316019,0.352744,0, ,0.0,0.0,0.0,0.0,0,0,0,1,250,0,0,0
TF,BIG,51.330875,0.034811,0, ,0.0,0.0,0.0,0.0,0,0,0,0,0,0,0,0

STAR,BIG1F,ALL,2
IF,SANDY,51.064167,1.067500, ,0.0,0.0,0,0,0,0,0,0,0,0
TF,D112L,51.255856,0.330100,0, ,0.0,0.0,0.0,0.0,0,0,0,1,250,0,0,0
TF,BIG,51.330875,0.034811,0, ,0.0,0.0,0.0,0.0,0,0,0,0,0,0,0,0

STAR,BIG1G,ALL,2
IF,OCK,51.305047,-0.447183, ,0.0,0.0,0,0,0,0,0,0,0,0
TF,DORKI,51.275833,-0.264444,0, ,0.0,0.0,0.0,0.0,0,0,0,1,250,0,0,0
TF,HILLY,51.335000,0.243611,0, ,0.0,0.0,0.0,0.0,0,0,0,0,0,0,0,1
CF,BIG,51.330875,0.034811,2,BIG,0.0,0.0,303.0,8.0,0,0,0,0,0,0,0,0

STAR,BIG3C,ALL,2
IF,DVR,51.162622,1.359089, ,0.0,0.0,0,0,0,0,0,0,0,0
TF,LYD,50.999686,0.878661,0, ,0.0,0.0,0.0,0.0,0,0,0,0,0,0,0,0
TF,TIGER,51.067222,0.439444,0, ,0.0,0.0,0.0,0.0,0,0,0,0,0,0,0,0
TF,D136L,51.187244,0.256081,0, ,0.0,0.0,0.0,0.0,0,0,0,1,250,0,0,0
TF,BIG,51.330875,0.034811,0, ,0.0,0.0,0.0,0.0,0,0,0,0,0,0,0,0

STAR,BIG3D,ALL,2
IF,LAM,51.646025,0.151703, ,0.0,0.0,0,0,0,0,0,0,0,0
TF,HILLY,51.335000,0.243611,0, ,0.0,0.0,0.0,0.0,0,0,0,0,0,0,0,1
CF,BIG,51.330875,0.034811,2,BIG,0.0,0.0,303.0,6.0,0,0,0,0,0,0,0,0

STAR,BIG4B,ALL,2
IF,ALESO,50.575556,1.225556, ,0.0,0.0,0,0,0,0,0,0,0,0
TF,ROTNO,50.857222,0.778056,0, ,0.0,0.0,0.0,0.0,0,0,0,0,0,0,0,0
TF,ETVAX,50.968608,0.598964,0, ,0.0,0.0,0.0,0.0,1,18000,0,0,0,0,0,0
TF,TIGER,51.067222,0.439444,0, ,0.0,0.0,0.0,0.0,0,0,0,0,0,0,0,0
TF,D136L,51.187244,0.256081,0, ,0.0,0.0,0.0,0.0,0,0,0,1,250,0,0,0
TF,BIG,51.330875,0.034811,0, ,0.0,0.0,0.0,0.0,0,0,0,0,0,0,0,0

STAR,BNN1B,ALL,2
IF,NUGRA,53.029444,-2.303889, ,0.0,0.0,0,0,0,0,0,0,0,0
TF,TOBID,52.216667,-1.466389,0, ,0.0,0.0,0.0,0.0,1,20000,0,0,0,0,0,0
TF,HON27,52.021631,-1.194744,0, ,0.0,0.0,0.0,0.0,1,15000,0,0,0,0,0,0
TF,SOPIT,51.958333,-1.107222,0, ,0.0,0.0,0.0,0.0,0,0,0,0,0,0,0,0
TF,WCO,51.852919,-0.962408,0, ,0.0,0.0,0.0,0.0,0,0,0,1,250,0,0,0
TF,BNN,51.726164,-0.549750,0, ,0.0,0.0,0.0,0.0,0,0,0,0,0,0,0,0

STAR,BNN1C,ALL,2
IF,DTY,52.180142,-1.113789, ,0.0,0.0,0,0,0,0,0,0,0,0
TF,WCO,51.852919,-0.962408,0, ,0.0,0.0,0.0,0.0,0,0,0,1,250,0,0,0
TF,BNN,51.726164,-0.549750,0, ,0.0,0.0,0.0,0.0,0,0,0,0,0,0,0,0

STAR,BNN1D,ALL,2
IF,KENET,51.520556,-1.455000, ,0.0,0.0,0,0,0,0,0,0,0,0
TF,D252L,51.658431,-0.852111,0, ,0.0,0.0,0.0,0.0,0,0,0,1,250,0,0,0
TF,BNN,51.726164,-0.549750,0, ,0.0,0.0,0.0,0.0,0,0,0,0,0,0,0,0

STAR,BNN1E,ALL,2
IF,LAM,51.646025,0.151703, ,0.0,0.0,0,0,0,0,0,0,0,0
TF,DONNA,51.700000,-0.743611,0, ,0.0,0.0,0.0,0.0,0,0,0,0,0,0,0,1
CF,BNN,51.726164,-0.549750,2,BNN,0.0,0.0,118.0,7.0,0,0,0,0,0,0,0,0

STAR,BNN4A,ALL,2
IF,HON,52.356678,-1.663725, ,0.0,0.0,0,0,0,0,0,0,0,0
TF,TOBID,52.216667,-1.466389,0, ,0.0,0.0,0.0,0.0,0,0,0,0,0,0,0,0
TF,HON27,52.021631,-1.194744,0, ,0.0,0.0,0.0,0.0,1,15000,0,0,0,0,0,0
TF,SOPIT,51.958333,-1.107222,0, ,0.0,0.0,0.0,0.0,0,0,0,0,0,0,0,0
TF,WCO,51.852919,-0.962408,0, ,0.0,0.0,0.0,0.0,0,0,0,1,250,0,0,0
TF,BNN,51.726164,-0.549750,0, ,0.0,0.0,0.0,0.0,0,0,0,0,0,0,0,0

STAR,BOVA1B,ALL,2
IF,NUGRA,53.029444,-2.303889, ,0.0,0.0,0,0,0,0,0,0,0,0
TF,TOBID,52.216667,-1.466389,0, ,0.0,0.0,0.0,0.0,1,20000,0,0,0,0,0,0
TF,HON27,52.021631,-1.194744,0, ,0.0,0.0,0.0,0.0,1,15000,0,0,0,0,0,0
TF,SOPIT,51.958333,-1.107222,0, ,0.0,0.0,0.0,0.0,0,0,0,0,0,0,0,0
TF,WCO,51.852919,-0.962408,0, ,0.0,0.0,0.0,0.0,0,0,0,0,0,0,0,0
TF,BOVVA,51.726111,-0.549722,0, ,0.0,0.0,0.0,0.0,0,0,0,0,0,0,0,0

STAR,BOVA1C,ALL,2
IF,DTY,52.180142,-1.113789, ,0.0,0.0,0,0,0,0,0,0,0,0
TF,WCO,51.852919,-0.962408,0, ,0.0,0.0,0.0,0.0,0,0,0,0,0,0,0,0
TF,BOVVA,51.726111,-0.549722,0, ,0.0,0.0,0.0,0.0,0,0,0,0,0,0,0,0

STAR,BOVA1D,ALL,2
IF,KENET,51.520556,-1.455000, ,0.0,0.0,0,0,0,0,0,0,0,0
TF,BOVVA,51.726111,-0.549722,0, ,0.0,0.0,0.0,0.0,0,0,0,0,0,0,0,0

STAR,BOVA1E,ALL,2
IF,LAM,51.646025,0.151703, ,0.0,0.0,0,0,0,0,0,0,0,0
TF,DONNA,51.700000,-0.743611,0, ,0.0,0.0,0.0,0.0,0,0,0,0,0,0,0,0
VI,2, ,0.0,93.0,0,0,0,0,0,0,0,0
CF,BOVVA,51.726111,-0.549722,0,LAM,280.7,26.6,138.0,4.0,0,0,0,0,0,0,0,0

STAR,BOVA4A,ALL,2
IF,HON,52.356678,-1.663725, ,0.0,0.0,0,0,0,0,0,0,0,0
TF,TOBID,52.216667,-1.466389,0, ,0.0,0.0,0.0,0.0,0,0,0,0,0,0,0,0
TF,HON27,52.021631,-1.194744,0, ,0.0,0.0,0.0,0.0,1,15000,0,0,0,0,0,0
TF,SOPIT,51.958333,-1.107222,0, ,0.0,0.0,0.0,0.0,0,0,0,0,0,0,0,0
TF,WCO,51.852919,-0.962408,0, ,0.0,0.0,0.0,0.0,0,0,0,0,0,0,0,0
TF,BOVVA,51.726111,-0.549722,0, ,0.0,0.0,0.0,0.0,0,0,0,0,0,0,0,0

STAR,LAM3A,ALL,2
IF,LOGAN,51.747589,1.611828, ,0.0,0.0,1,24000,0,0,0,0,0,0
TF,TRIPO,51.713056,1.082778,0, ,0.0,0.0,0.0,0.0,1,16000,0,0,0,0,0,0
TF,SABER,51.703822,0.949497,0, ,0.0,0.0,0.0,0.0,0,0,0,0,0,0,0,0
TF,BRASO,51.685278,0.683333,0, ,0.0,0.0,0.0,0.0,0,0,0,0,0,0,0,0
TF,D083L,51.669864,0.470564,0, ,0.0,0.0,0.0,0.0,0,0,0,1,250,0,0,0
TF,LAM,51.646025,0.151703,0, ,0.0,0.0,0.0,0.0,0,0,0,0,0,0,0,0

STAR,OCK1A,ALL,2
IF,KENET,51.520556,-1.455000, ,0.0,0.0,2,14000,0,0,0,0,0,0
TF,D290L,51.370589,-0.748444,0, ,0.0,0.0,0.0,0.0,0,0,0,1,250,0,0,0
TF,OCK,51.305047,-0.447183,0, ,0.0,0.0,0.0,0.0,0,0,0,0,0,0,0,0

STAR,OCK1D,ALL,2
IF,HON,52.356678,-1.663725, ,0.0,0.0,0,0,0,0,0,0,0,0
TF,WOD,51.452783,-0.878800,0, ,0.0,0.0,0.0,0.0,0,0,0,0,0,0,0,0
TF,D300L,51.401083,-0.726917,0, ,0.0,0.0,0.0,0.0,0,0,0,1,250,0,0,0
TF,OCK,51.305047,-0.447183,0, ,0.0,0.0,0.0,0.0,0,0,0,0,0,0,0,0

STAR,OCK1G,ALL,2
IF,BIG,51.330875,0.034811, ,0.0,0.0,0,0,0,0,0,0,0,0
TF,DORKI,51.275833,-0.264444,0, ,0.0,0.0,0.0,0.0,0,0,0,0,0,0,0,0
TF,OCK,51.305047,-0.447183,0, ,0.0,0.0,0.0,0.0,0,0,0,0,0,0,0,0

STAR,OCK1H,ALL,2
IF,LAM,51.646025,0.151703, ,0.0,0.0,0,0,0,0,0,0,0,0
TF,DORKI,51.275833,-0.264444,0, ,0.0,0.0,0.0,0.0,0,0,0,0,0,0,0,0
TF,OCK,51.305047,-0.447183,0, ,0.0,0.0,0.0,0.0,0,0,0,0,0,0,0,0

STAR,OCK2C,ALL,2
IF,SAM,50.955250,-1.345056, ,0.0,0.0,0,0,0,0,0,0,0,0
TF,HAZEL,51.005278,-0.984444,0, ,0.0,0.0,0.0,0.0,1,13000,0,0,0,0,0,0
TF,D229L,51.172772,-0.685656,0, ,0.0,0.0,0.0,0.0,0,0,0,1,250,0,0,0
TF,OCK,51.305047,-0.447183,0, ,0.0,0.0,0.0,0.0,0,0,0,0,0,0,0,0

STAR,OCK2F,ALL,2
IF,BEDEK,51.370833,-1.558611, ,0.0,0.0,1,14000,0,0,0,0,0,0
TF,NIGIT,51.313056,-1.170833,0, ,0.0,0.0,0.0,0.0,0,0,0,0,0,0,0,0
TF,D272L,51.309122,-0.765819,0, ,0.0,0.0,0.0,0.0,0,0,0,1,250,0,0,0
TF,OCK,51.305047,-0.447183,0, ,0.0,0.0,0.0,0.0,0,0,0,0,0,0,0,0

STAR,OCK3E,ALL,2
IF,BILNI,50.675278,-2.125833, ,0.0,0.0,0,0,0,0,0,0,0,0
TF,KUMIL,50.575278,-1.610833,0, ,0.0,0.0,0.0,0.0,1,21000,0,0,0,0,0,0
TF,ELDER,50.663333,-1.337222,0, ,0.0,0.0,0.0,0.0,0,0,0,0,0,0,0,0
TF,HAZEL,51.005278,-0.984444,0, ,0.0,0.0,0.0,0.0,1,13000,0,0,0,0,0,0
TF,D229L,51.172772,-0.685656,0, ,0.0,0.0,0.0,0.0,0,0,0,1,250,0,0,0
TF,OCK,51.305047,-0.447183,0, ,0.0,0.0,0.0,0.0,0,0,0,0,0,0,0,0

STAR,OCK4B,ALL,2
IF,DOMUT,50.261944,-1.669167, ,0.0,0.0,0,0,0,0,0,0,0,0
TF,KATHY,50.520556,-1.333333,0, ,0.0,0.0,0.0,0.0,0,0,0,0,0,0,0,0
TF,HAZEL,51.005278,-0.984444,0, ,0.0,0.0,0.0,0.0,1,13000,0,0,0,0,0,0
TF,D229L,51.172772,-0.685656,0, ,0.0,0.0,0.0,0.0,0,0,0,1,250,0,0,0
TF,OCK,51.305047,-0.447183,0, ,0.0,0.0,0.0,0.0,0,0,0,0,0,0,0,0

STAR,OTME1H,ALL,5
IF,OTMET,50.681961,-2.514825, ,0.0,0.0,1,27000,0,0,0,0,0,0
TF,SOKDU,50.660894,-2.025850,0, ,0.0,0.0,0.0,0.0,0,0,0,0,0,0,0,0
TF,NEDUL,50.666111,-1.547778,0, ,0.0,0.0,0.0,0.0,1,21000,0,0,0,0,0,0
TF,BEGTO,50.762500,-1.235556,0, ,0.0,0.0,0.0,0.0,0,0,0,0,0,0,0,0
TF,HAZEL,51.005278,-0.984444,0, ,0.0,0.0,0.0,0.0,1,13000,0,0,0,0,0,0
TF,LLS01,51.172775,-0.685675,0, ,0.0,0.0,0.0,0.0,0,0,0,1,250,0,0,0
TF,OCK,51.305047,-0.447183,0, ,0.0,0.0,0.0,0.0,1,7000,0,1,220,0,0,0

STAR,ROXO1H,ALL,5
IF,ROXOG,50.266192,-1.562336, ,0.0,0.0,0,0,0,0,0,0,0,0
TF,AMTOD,50.537692,-1.429017,0, ,0.0,0.0,0.0,0.0,0,0,0,0,0,0,0,0
TF,BEGTO,50.762500,-1.235556,0, ,0.0,0.0,0.0,0.0,0,0,0,0,0,0,0,0
TF,HAZEL,51.005278,-0.984444,0, ,0.0,0.0,0.0,0.0,1,13000,0,0,0,0,0,0
TF,LLS01,51.172775,-0.685675,0, ,0.0,0.0,0.0,0.0,0,0,0,1,250,0,0,0
TF,OCK,51.305047,-0.447183,0, ,0.0,0.0,0.0,0.0,1,7000,0,1,220,0,0,0

STAR,TAWN3A,ALL,2
IF,LOGAN,51.747589,1.611828, ,0.0,0.0,1,24000,0,0,0,0,0,0
TF,TRIPO,51.713056,1.082778,0, ,0.0,0.0,0.0,0.0,1,16000,0,0,0,0,0,0
TF,SABER,51.703822,0.949497,0, ,0.0,0.0,0.0,0.0,0,0,0,0,0,0,0,0
TF,BRASO,51.685278,0.683333,0, ,0.0,0.0,0.0,0.0,0,0,0,0,0,0,0,0
TF,D083L,51.669864,0.470564,0, ,0.0,0.0,0.0,0.0,0,0,0,1,250,0,0,0
TF,TAWNY,51.646111,0.151667,0, ,0.0,0.0,0.0,0.0,0,0,0,0,0,0,0,0

STAR,TOMO1A,ALL,2
IF,KENET,51.520556,-1.455000, ,0.0,0.0,0,0,0,0,0,0,0,0
TF,D282F,51.511378,-1.380042,0, ,0.0,0.0,0.0,0.0,2,14000,0,0,0,0,0,0
TF,CPT,51.491572,-1.219692,0, ,0.0,0.0,0.0,0.0,0,0,0,0,0,0,0,0
TF,TOMMO,51.314444,-0.362778,0, ,0.0,0.0,0.0,0.0,0,0,0,0,0,0,0,0

STAR,TOMO1D,ALL,2
IF,HON,52.356678,-1.663725, ,0.0,0.0,0,0,0,0,0,0,0,0
TF,WOD,51.452783,-0.878800,0, ,0.0,0.0,0.0,0.0,0,0,0,0,0,0,0,0
CI,0, ,0.0,154.0,0,0,0,0,0,0,0,0
CF,TOMMO,51.314444,-0.362778,0,LON,160.4,11.1,109.0,20.0,0,0,0,0,0,0,0,0

STAR,TOMO1G,ALL,2
IF,BIG,51.330875,0.034811, ,0.0,0.0,0,0,0,0,0,0,0,0
TF,HOGBA,51.228056,-0.495278,0, ,0.0,0.0,0.0,0.0,0,0,0,0,0,0,0,1
CF,TOMMO,51.314444,-0.362778,2,LON,160.4,11.1,88.0,7.0,0,0,0,0,0,0,0,0

STAR,TOMO1H,ALL,2
IF,LAM,51.646025,0.151703, ,0.0,0.0,0,0,0,0,0,0,0,0
TF,HOGBA,51.228056,-0.495278,0, ,0.0,0.0,0.0,0.0,0,0,0,0,0,0,0,0
VI,2, ,0.0,42.0,0,0,0,0,0,0,0,0
CF,TOMMO,51.314444,-0.362778,0,LON,160.4,11.1,87.0,7.0,0,0,0,0,0,0,0,0

STAR,TOMO2C,ALL,2
IF,SAM,50.955250,-1.345056, ,0.0,0.0,0,0,0,0,0,0,0,0
TF,HAZEL,51.005278,-0.984444,0, ,0.0,0.0,0.0,0.0,1,13000,0,0,0,0,0,0
TF,FIMLI,51.301111,-0.668333,0, ,0.0,0.0,0.0,0.0,0,0,0,0,0,0,0,0
TF,TOMMO,51.314444,-0.362778,0, ,0.0,0.0,0.0,0.0,0,0,0,0,0,0,0,0

STAR,TOMO2F,ALL,2
IF,BEDEK,51.370833,-1.558611, ,0.0,0.0,1,14000,0,0,0,0,0,0
TF,NIGIT,51.313056,-1.170833,0, ,0.0,0.0,0.0,0.0,0,0,0,0,0,0,0,0
TF,TOMMO,51.314444,-0.362778,0, ,0.0,0.0,0.0,0.0,0,0,0,0,0,0,0,0

STAR,TOMO3E,ALL,2
IF,BILNI,50.675278,-2.125833, ,0.0,0.0,0,0,0,0,0,0,0,0
TF,KUMIL,50.575278,-1.610833,0, ,0.0,0.0,0.0,0.0,1,21000,0,0,0,0,0,0
TF,ELDER,50.663333,-1.337222,0, ,0.0,0.0,0.0,0.0,0,0,0,0,0,0,0,0
TF,HAZEL,51.005278,-0.984444,0, ,0.0,0.0,0.0,0.0,1,13000,0,0,0,0,0,0
TF,FIMLI,51.301111,-0.668333,0, ,0.0,0.0,0.0,0.0,0,0,0,0,0,0,0,0
TF,TOMMO,51.314444,-0.362778,0, ,0.0,0.0,0.0,0.0,0,0,0,0,0,0,0,0

STAR,TOMO4B,ALL,2
IF,DOMUT,50.261944,-1.669167, ,0.0,0.0,0,0,0,0,0,0,0,0
TF,KATHY,50.520556,-1.333333,0, ,0.0,0.0,0.0,0.0,0,0,0,0,0,0,0,0
TF,HAZEL,51.005278,-0.984444,0, ,0.0,0.0,0.0,0.0,1,13000,0,0,0,0,0,0
TF,FIMLI,51.301111,-0.668333,0, ,0.0,0.0,0.0,0.0,0,0,0,0,0,0,0,0
TF,TOMMO,51.314444,-0.362778,0, ,0.0,0.0,0.0,0.0,0,0,0,0,0,0,0,0

STAR,WEAL1E,ALL,2
IF,LOGAN,51.747589,1.611828, ,0.0,0.0,0,0,0,0,0,0,0,0
TF,KOPUL,51.542156,1.137178,0, ,0.0,0.0,0.0,0.0,0,0,0,0,0,0,0,0
TF,TANET,51.449444,0.925556,0, ,0.0,0.0,0.0,0.0,0,0,0,0,0,0,0,0
TF,DET,51.304003,0.597275,0, ,0.0,0.0,0.0,0.0,0,0,0,0,0,0,0,0
TF,WEALD,51.330833,0.034722,0, ,0.0,0.0,0.0,0.0,0,0,0,0,0,0,0,0

STAR,WEAL1F,ALL,2
IF,SANDY,51.064167,1.067500, ,0.0,0.0,0,0,0,0,0,0,0,0
TF,DET,51.304003,0.597275,0, ,0.0,0.0,0.0,0.0,0,0,0,0,0,0,0,0
TF,WEALD,51.330833,0.034722,0, ,0.0,0.0,0.0,0.0,0,0,0,0,0,0,0,0

STAR,WEAL1G,ALL,2
IF,OCK,51.305047,-0.447183, ,0.0,0.0,0,0,0,0,0,0,0,0
TF,DORKI,51.275833,-0.264444,0, ,0.0,0.0,0.0,0.0,0,0,0,0,0,0,0,0
TF,HILLY,51.335000,0.243611,0, ,0.0,0.0,0.0,0.0,0,0,0,0,0,0,0,0

STAR,WEAL3C,ALL,2
IF,DVR,51.162622,1.359089, ,0.0,0.0,0,0,0,0,0,0,0,0
TF,LYD,50.999686,0.878661,0, ,0.0,0.0,0.0,0.0,0,0,0,0,0,0,0,0
TF,TIGER,51.067222,0.439444,0, ,0.0,0.0,0.0,0.0,0,0,0,0,0,0,0,0
TF,WEALD,51.330833,0.034722,0, ,0.0,0.0,0.0,0.0,0,0,0,0,0,0,0,0

STAR,WEAL3D,ALL,2
IF,LAM,51.646025,0.151703, ,0.0,0.0,0,0,0,0,0,0,0,0
TF,HILLY,51.335000,0.243611,0, ,0.0,0.0,0.0,0.0,0,0,0,0,0,0,0,1
CF,WEALD,51.330833,0.034722,2,BNN,138.1,32.3,318.0,5.0,0,0,0,0,0,0,0,0

STAR,WEAL4B,ALL,2
IF,ALESO,50.575556,1.225556, ,0.0,0.0,0,0,0,0,0,0,0,0
TF,ROTNO,50.857222,0.778056,0, ,0.0,0.0,0.0,0.0,0,0,0,0,0,0,0,0
TF,ETVAX,50.968608,0.598964,0, ,0.0,0.0,0.0,0.0,1,18000,0,0,0,0,0,0
TF,TIGER,51.067222,0.439444,0, ,0.0,0.0,0.0,0.0,0,0,0,0,0,0,0,0
TF,WEALD,51.330833,0.034722,0, ,0.0,0.0,0.0,0.0,0,0,0,0,0,0,0,0

FINAL,I25,25,I,10
IF,CI25,51.609567,-0.169644,INHT,70.8,10.5,2,1800,0,0,0,0,0,0
CF,FI25,51.581092,-0.295211,0,INHT,70.8,5.5,251.0,5.0,1,1800,0,0,0,0,2,0
CF,RW25,51.555322,-0.408203,0,INHT,70.8,0.0,251.0,4.5,1,162,0,0,0,0,3,0
CR,0,BNN,159.0,251.0,2,1000,0,0,0,0,0,0
CI,0, ,0.0,328.0,0,0,0,1,185,0,0,0
CF,D178B,51.692917,-0.546944,0,BNN,178.0,2.0,358.0,9.0,1,2000,0,0,0,0,0,0
HM,D178B,51.692917,-0.546944,1, ,0.0,0.0,358.0,04,1,2400,0,0,0,0,0,0,0
IF,CI25,53.139114,0.069128,ICNY,72.9,9.9,1,2030,0,0,0,0,0,0
CF,FI25,53.128878,0.016469,0,ICNY,72.9,7.9,253.0,2.0,1,2030,0,0,0,0,2,0
CF,RW25,53.096992,-0.146644,0,ICNY,72.9,1.7,253.0,6.2,1,76,0,0,0,0,3,0
FA,RW25,53.096992,-0.146644,0,CGY,0.0,0.0,253.0,2,2730,0,0,0,0,0,0
VM,0,0,2,69.0,2,2730,0,0,0,0,0,0

