SID,GIGI1E,06,5
CA,0,64.0,2,470,0,0,0,0,0,0
CA,0,57.0,2,3100,0,0,0,0,0,0
DF,AL405,62.450417,6.343722,2, ,0.0,0.0,0,0,0,1,230,0,0,0
TF,GIGIR,62.210639,7.378639,0, ,0.0,0.0,0.0,0.0,0,0,0,0,0,0,0,0

SID,GIGI1F,24,5
CF,ATBOL,62.499392,5.832631,0,VIG,239.6,6.4,244.0,8.0,0,0,0,0,0,0,0,0
TF,AL605,62.409247,5.924600,0, ,0.0,0.0,0.0,0.0,0,0,0,0,0,0,0,0
TF,BAXAB,62.469981,6.219431,0, ,0.0,0.0,0.0,0.0,0,0,0,0,0,0,0,0
TF,AL607,62.502425,6.378678,0, ,0.0,0.0,0.0,0.0,0,0,0,0,0,0,0,0
TF,GIGIR,62.210639,7.378639,0, ,0.0,0.0,0.0,0.0,0,0,0,0,0,0,0,0

SID,NELS1E,06,5
CA,0,64.0,2,470,0,0,0,0,0,0
CA,0,57.0,2,3100,0,0,0,0,0,0
DF,UNRUG,62.681639,6.481750,0, ,0.0,0.0,0,0,0,1,230,0,0,0
TF,OGMUR,62.825567,7.977647,0, ,0.0,0.0,0.0,0.0,0,0,0,0,0,0,0,0
TF,EPALU,63.127750,8.820806,0, ,0.0,0.0,0.0,0.0,0,0,0,0,0,0,0,0
TF,NELSU,63.108972,9.630861,0, ,0.0,0.0,0.0,0.0,0,0,0,0,0,0,0,0

SID,NELS1F,24,5
CF,ATBOL,62.499392,5.832631,0,VIG,240.6,6.4,244.0,8.0,0,0,0,0,0,0,0,0
TF,AL604,62.589475,5.740100,0, ,0.0,0.0,0.0,0.0,0,0,0,0,0,0,0,0
TF,AL606,62.650200,6.036844,0, ,0.0,0.0,0.0,0.0,0,0,0,0,0,0,0,0
TF,OGMUR,62.825567,7.977647,0, ,0.0,0.0,0.0,0.0,0,0,0,0,0,0,0,0
TF,EPALU,63.127750,8.820806,0, ,0.0,0.0,0.0,0.0,0,0,0,0,0,0,0,0
TF,NELSU,63.108972,9.630861,0, ,0.0,0.0,0.0,0.0,0,0,0,0,0,0,0,0

SID,OMNI1E,06,2
DF,DER07,62.564814,6.130497,0, ,0.0,0.0,0,0,0,0,0,0,0,1
CA,0,49.0,2,3300,0,0,0,0,0,0
VM,0,0,0,49.0,0,0,0,0,0,0,0,0

SID,OMNI1F,24,2
DF,DER24,62.555931,6.089853,0, ,0.0,0.0,0,0,0,0,0,0,0,1
CA,0,244.0,2,3000,0,0,0,0,0,0
VM,0,0,0,244.0,0,0,0,0,0,0,0,0

SID,TUTO1E,06,5
CA,0,64.0,2,470,0,0,0,0,0,0
CA,0,57.0,2,3100,0,0,0,0,0,0
DF,BAXAB,62.469981,6.219431,2, ,0.0,0.0,0,0,0,1,230,0,0,0
TF,TUTOP,62.000000,5.453333,0, ,0.0,0.0,0.0,0.0,0,0,0,0,0,0,0,0

SID,TUTO1F,24,5
CF,ATBOL,62.499392,5.832631,0,VIG,240.6,6.4,244.0,8.0,0,0,0,0,0,0,0,0
TF,TIKBO,62.185867,5.595228,0, ,0.0,0.0,0.0,0.0,0,0,0,0,0,0,0,0
TF,TUTOP,62.000000,5.453333,0, ,0.0,0.0,0.0,0.0,0,0,0,0,0,0,0,0

STAR,DEKE1R,24,5
IF,DEKEB,63.296861,9.086778, ,0.0,0.0,2,7000,0,0,0,0,0,0
TF,IRGAD,63.260278,8.815278,0, ,0.0,0.0,0.0,0.0,0,0,0,0,0,0,0,0
TF,ETSER,63.214139,7.779389,0, ,0.0,0.0,0.0,0.0,0,0,0,0,0,0,0,0
TF,KOXOL,63.133964,7.399136,0, ,0.0,0.0,0.0,0.0,2,7000,0,0,0,0,0,0
TF,BEDUT,62.755658,6.589986,0, ,0.0,0.0,0.0,0.0,2,4600,0,1,240,0,0,0

STAR,DEKE2Q,06,5
IF,DEKEB,63.296861,9.086778, ,0.0,0.0,2,7000,0,0,0,0,0,0
TF,IRGAD,63.260278,8.815278,0, ,0.0,0.0,0.0,0.0,0,0,0,0,0,0,0,0
TF,ETSER,63.214139,7.779389,0, ,0.0,0.0,0.0,0.0,0,0,0,0,0,0,0,0
TF,KOXOL,63.133964,7.399136,0, ,0.0,0.0,0.0,0.0,0,0,0,0,0,0,0,0
TF,UPUPU,62.674678,5.999744,0, ,0.0,0.0,0.0,0.0,2,7000,0,0,0,0,0,0
TF,ASKEX,62.542731,5.613142,0, ,0.0,0.0,0.0,0.0,2,3000,0,0,0,0,0,0

STAR,OBIT1Q,06,5
IF,OBITI,62.005444,7.330667, ,0.0,0.0,2,14000,0,0,0,0,0,0
TF,VADLI,62.137028,6.980917,0, ,0.0,0.0,0.0,0.0,2,10000,0,0,0,0,0,0
TF,AL804,62.300981,6.131378,0, ,0.0,0.0,0.0,0.0,2,7000,0,0,0,0,0,0
TF,LAPEV,62.363067,5.799914,0, ,0.0,0.0,0.0,0.0,2,5000,0,0,0,0,0,0

STAR,OBIT2R,24,5
IF,OBITI,62.005444,7.330667, ,0.0,0.0,2,14000,0,0,0,0,0,0
TF,VADLI,62.137028,6.980917,0, ,0.0,0.0,0.0,0.0,2,10000,0,0,0,0,0,0
TF,BUGAG,62.347944,6.534028,0, ,0.0,0.0,0.0,0.0,2,7000,0,0,0,0,0,0
TF,UVRON,62.450278,6.630833,0, ,0.0,0.0,0.0,0.0,2,6000,0,0,0,0,0,0
TF,VAVOP,62.577747,6.769489,0, ,0.0,0.0,0.0,0.0,2,5800,0,1,220,0,0,0

STAR,TUMI3R,24,5
IF,TUMIM,61.725417,5.925556, ,0.0,0.0,2,14000,0,0,0,0,0,0
TF,AL808,62.077656,6.266453,0, ,0.0,0.0,0.0,0.0,2,10000,0,0,0,0,0,0
TF,BUGAG,62.347944,6.534028,0, ,0.0,0.0,0.0,0.0,2,7000,0,0,0,0,0,0
TF,UVRON,62.450278,6.630833,0, ,0.0,0.0,0.0,0.0,2,6000,0,0,0,0,0,0
TF,VAVOP,62.577747,6.769489,0, ,0.0,0.0,0.0,0.0,2,5800,0,1,220,0,0,0

STAR,TUMI4Q,06,5
IF,TUMIM,61.725417,5.925556, ,0.0,0.0,2,14000,0,0,0,0,0,0
TF,AL806,62.000572,5.871989,0, ,0.0,0.0,0.0,0.0,2,10000,0,0,0,0,0,0
TF,AL805,62.192647,5.834014,0, ,0.0,0.0,0.0,0.0,2,6000,0,0,0,0,0,0
TF,LAPEV,62.363067,5.799914,0, ,0.0,0.0,0.0,0.0,2,5000,0,0,0,0,0,0

APPTR,D06,06,GOKSI
IF,GOKSI,62.449481,5.751725, ,0.0,0.0,2,3200,0,0,0,0,1,0
CF,FD06,62.478908,5.825061,0,VIG,232.0,7.3,52.0,2.7,2,2900,0,0,0,0,0,0

APPTR,D06,06,VIG1
IF,VIG,62.552069,6.034419, ,0.0,0.0,2,4000,0,0,0,0,1,0
FD,VIG,62.552069,6.034419,0,VIG,0.0,8.0,255.0,8.0,2,2900,0,1,210,0,0,0
CF,FD06,62.478908,5.825061,1,VIG,232.0,7.3,52.0,2.0,2,2900,0,0,0,0,0,0

APPTR,D06,06,VIG2
IF,VIG,62.552069,6.034419, ,0.0,0.0,2,4000,0,0,0,0,1,0
FD,VIG,62.552069,6.034419,0,VIG,0.0,8.0,244.0,8.0,2,2900,0,1,140,0,0,0
CF,FD06,62.478908,5.825061,1,VIG,232.0,7.3,52.0,2.0,2,2900,0,0,0,0,0,0

FINAL,D06,06,D,2
IF,FD06,62.478908,5.825061,VIG,232.0,7.3,2,2900,0,0,0,0,2,0
CF,MD06,62.532056,5.976958,0,VIG,232.0,2.0,52.0,5.3,1,1200,0,0,0,0,3,0
CI,0, ,0.0,5.0,2,1200,0,0,0,0,0,0
FM,VIG,62.552069,6.034419,0,VIG,0.0,0.0,335.0,1,3000,0,0,0,0,0,0

APPTR,I24,24,BEDUT
IF,BEDUT,62.755658,6.589986, ,0.0,0.0,2,4600,0,1,240,0,1,0
TF,INROT,62.680453,6.666156,0, ,0.0,0.0,0.0,0.0,2,4600,0,1,220,0,1,0
CF,CI24,62.664472,6.591881,0,VGR,63.6,15.6,245.0,2.3,2,4000,0,0,0,0,0,0

APPTR,I24,24,INROT
IF,INROT,62.680453,6.666156, ,0.0,0.0,2,4600,0,1,220,0,1,0
CF,CI24,62.664472,6.591881,0,VGR,63.6,15.6,245.0,2.3,2,4000,0,0,0,0,0,0

APPTR,I24,24,VAVOP
IF,VAVOP,62.577747,6.769489, ,0.0,0.0,2,5800,0,0,0,0,1,0
TF,INROT,62.680453,6.666156,0, ,0.0,0.0,0.0,0.0,2,4600,0,1,220,0,1,0
CF,CI24,62.664472,6.591881,0,VGR,63.6,15.6,245.0,2.3,2,4000,0,0,0,0,0,0

FINAL,I24,24,I,3
IF,CI24,62.664472,6.591881,VGR,63.6,15.6,2,4000,0,0,0,0,0,0
CF,BEMRO,62.650550,6.526331,0,VGR,63.6,13.6,244.0,2.0,1,4000,0,0,0,0,2,0
CF,RW24,62.563928,6.126439,0,VGR,63.6,1.3,244.0,12.3,1,102,0,0,0,0,3,0
CA,0,244.0,2,5000,0,0,0,0,0,0
VM,0,0,0,244.0,1,5000,0,0,0,0,0,0

APPTR,R06-Y,06,ASKEX
IF,ASKEX,62.542731,5.613142, ,0.0,0.0,2,3000,0,1,230,0,1,0
TF,UVEVA,62.467894,5.691211,0, ,0.0,0.0,0.0,0.0,2,3000,0,1,230,0,1,0

APPTR,R06-Y,06,LAPEV
IF,LAPEV,62.363067,5.799914, ,0.0,0.0,2,5000,0,0,0,0,1,0
TF,UVEVA,62.467894,5.691211,0, ,0.0,0.0,0.0,0.0,2,3000,0,1,230,0,1,0

FINAL,R06-Y,06,R,3
IF,UVEVA,62.467894,5.691211, ,0.0,0.0,2,3000,0,1,230,0,1,0
TF,ATBOL,62.499392,5.832631,0, ,0.0,0.0,64.0,4.4,2,3000,0,0,0,0,2,0
TF,RW06,62.556503,6.092469,0, ,0.0,0.0,64.0,8.0,1,85,0,0,0,0,3,1
TF,AL731,62.604769,6.314008,0, ,0.0,0.0,0.0,0.0,1,3000,0,1,185,0,0,1
DF,AL798,62.696550,5.891778,1, ,0.0,0.0,1,3000,0,1,185,0,0,0

APPTR,R06-Z,06,ASKEX
IF,ASKEX,62.542731,5.613142, ,0.0,0.0,2,3000,0,1,230,0,1,0
TF,UVEVA,62.467894,5.691211,0, ,0.0,0.0,0.0,0.0,2,3000,0,0,0,0,1,0

APPTR,R06-Z,06,LAPEV
IF,LAPEV,62.363067,5.799914, ,0.0,0.0,2,5000,0,0,0,0,1,0
TF,UVEVA,62.467894,5.691211,0, ,0.0,0.0,0.0,0.0,2,3000,0,1,230,0,1,0

FINAL,R06-Z,06,R,3
IF,UVEVA,62.467894,5.691211, ,0.0,0.0,2,3000,0,1,230,0,1,0
TF,ATBOL,62.499392,5.832631,0, ,0.0,0.0,64.0,4.4,2,3000,0,0,0,0,2,0
TF,AL799,62.546533,6.046936,0, ,0.0,0.0,64.0,6.6,1,591,0,0,0,0,3,1
TF,AL798,62.696550,5.891778,0, ,0.0,0.0,0.0,0.0,1,3000,0,1,185,0,0,0

APPTR,R24-Y,24,BEDUT
IF,BEDUT,62.755658,6.589986, ,0.0,0.0,2,4600,0,0,0,0,1,0
TF,OMOBA,62.653086,6.391256,0, ,0.0,0.0,0.0,0.0,2,3000,0,0,0,0,0,0

APPTR,R24-Y,24,VAVOP
IF,VAVOP,62.577747,6.769489, ,0.0,0.0,2,5800,0,0,0,0,1,0
TF,BEDUT,62.755658,6.589986,0, ,0.0,0.0,0.0,0.0,2,4600,0,0,0,0,1,0
TF,OMOBA,62.653086,6.391256,0, ,0.0,0.0,0.0,0.0,2,3000,0,0,0,0,0,0

FINAL,R24-Y,24,R,2
IF,OMOBA,62.653086,6.391256, ,0.0,0.0,2,3000,0,0,0,0,2,0
TF,AL430,62.561406,6.129761,0, ,0.0,0.0,232.0,9.1,1,99,0,0,0,0,3,1
TF,AL431,62.470686,5.872508,0, ,0.0,0.0,0.0,0.0,3,4600,0,0,0,0,0,1
DF,BEDUT,62.755658,6.589986,2, ,0.0,0.0,3,4600,0,0,0,0,0,0
HM,BEDUT,62.755658,6.589986,2, ,0.0,0.0,155.0,04.3,2,4600,0,0,0,0,0,0,0

APPTR,R24-Z,24,BEDUT
IF,BEDUT,62.755658,6.589986, ,0.0,0.0,2,4600,0,1,240,0,1,0
TF,INROT,62.680453,6.666156,0, ,0.0,0.0,0.0,0.0,2,4600,0,1,220,0,1,0

APPTR,R24-Z,24,VAVOP
IF,VAVOP,62.577747,6.769489, ,0.0,0.0,2,5800,0,0,0,0,1,0
TF,INROT,62.680453,6.666156,0, ,0.0,0.0,0.0,0.0,2,4600,0,1,220,0,1,0

FINAL,R24-Z,24,R,3
IF,INROT,62.680453,6.666156, ,0.0,0.0,2,4600,0,0,0,0,1,0
TF,XARUM,62.637219,6.464756,0, ,0.0,0.0,245.0,6.2,2,3400,0,0,0,0,2,0
TF,RW24,62.563928,6.126439,0, ,0.0,0.0,244.0,10.4,1,99,0,0,0,0,3,1
CA,0,244.0,2,5000,0,0,0,0,0,0

