SID,HF81,30,2
CA,0,297.0,2,2000,0,0,0,0,0,0
CF,WRB,51.505697,9.110914,0,WRB,0.0,0.0,349.0,23.0,0,0,0,0,0,0,0,0

SID,HF83,30,2
CA,0,297.0,2,2000,0,0,0,0,0,0
VI,1, ,0.0,150.0,0,0,0,0,0,0,0,0
CF,GED,50.411947,9.249164,0,GED,0.0,0.0,183.0,34.0,0,0,0,0,0,0,0,0

SID,HF91,12,2
CA,0,117.0,2,2000,0,0,0,0,0,0
VI,1, ,0.0,328.0,0,0,0,0,0,0,0,0
CF,WRB,51.505697,9.110914,0,WRB,0.0,0.0,349.0,9.0,0,0,0,0,0,0,0,0

SID,HF93,12,2
CA,0,117.0,2,2000,0,0,0,0,0,0
VI,2, ,0.0,213.0,0,0,0,0,0,0,0,0
CF,GED,50.411947,9.249164,0,GED,0.0,0.0,183.0,40.0,0,0,0,0,0,0,0,0

APPTR,N30,30,FTZ
IF,FTZ,51.084256,9.415244, ,0.0,0.0,4,6000,4300,0,0,0,0,0
HF,FTZ,51.084256,9.415244,1, ,0.0,0.0,289.0,04.3,2,3300,0,1,180,0,1,0,0

APPTR,N30,30,GED
IF,GED,50.411947,9.249164, ,0.0,0.0,0,0,0,0,0,0,0,0
TF,FTZ,51.084256,9.415244,0, ,0.0,0.0,0.0,0.0,4,6000,4300,0,0,0,0,0
HF,FTZ,51.084256,9.415244,1, ,0.0,0.0,289.0,04.3,2,3300,0,1,180,0,1,0,0

APPTR,N30,30,WRB
IF,WRB,51.505697,9.110914, ,0.0,0.0,0,0,0,0,0,0,0,0
TF,FTZ,51.084256,9.415244,0, ,0.0,0.0,0.0,0.0,4,6000,4300,0,0,0,0,0
HF,FTZ,51.084256,9.415244,1, ,0.0,0.0,289.0,04.3,2,3300,0,1,180,0,1,0,0

FINAL,N30,30,N,2
IF,FTZ,51.084256,9.415244,FTZ,0.0,0.0,2,2900,0,0,0,0,2,0
CF,RW30,51.112333,9.292400,0,FTZ,0.0,0.0,288.0,4.9,1,615,0,0,0,0,3,0
FA,RW30,51.112333,9.292400,0,WRB,0.0,0.0,288.0,2,2500,0,0,0,0,0,0
DF,FTZ,51.084256,9.415244,1, ,0.0,0.0,1,4300,0,1,160,0,0,0

