SID,NN107,07,2
DF,DER07,50.835500,6.674000,0, ,0.0,0.0,0,0,0,0,0,0,0,1
CD, ,0,0,0,NOE,0,0.0,66.0,5.0,2,3100,0,0,0,0,0,0
VM,0,0,0,66.0,0,0,0,0,0,0,0,0

SID,NN125,25,2
DF,DER25,50.826833,6.642167,0, ,0.0,0.0,0,0,0,0,0,0,0,1
CD, ,0,0,0,NOE,0,0.0,240.0,3.5,2,3200,0,0,0,0,0,0
VM,0,0,0,240.0,0,0,0,0,0,0,0,0

APPTR,I25,25,D176M
IF,D176M,50.613500,6.664167, ,0.0,0.0,2,5000,0,0,0,0,1,0
CI,0, ,0.0,356.0,0,0,0,0,0,0,0,0
AF,D143K,50.681442,6.815811,1,NOE,143.0,11.0,176.0,2,3000,0,0,0,0,0,0
AF,D077K,50.867453,6.929453,1,NOE,77.0,11.0,143.0,0,0,0,0,0,0,0,0
CF,CL25,50.882669,6.849200,0,IWNN,65.9,8.8,246.0,3.0,2,2000,0,0,0,0,0,0

FINAL,I25,25,I,3
IF,CL25,50.882669,6.849200,IWNN,65.9,8.8,2,2000,0,0,0,0,0,0
CF,FF25,50.869661,6.800756,0,IWNN,65.9,6.8,246.0,2.0,1,2000,0,0,0,0,2,0
CF,RW25,50.835533,6.674044,0,IWNN,65.8,1.5,246.0,5.2,1,380,0,0,0,0,3,0
FD,RW25,50.835533,6.674044,0,NOE,70.6,3.5,246.0,3.5,2,790,0,0,0,0,0,0
VI,1, ,0.0,130.0,0,0,0,1,250,0,0,0
CF,D176M,50.613500,6.664167,0,NOE,176.0,13.0,176.0,7.0,1,4000,0,0,0,0,0,0
HM,D176M,50.613500,6.664167,1, ,0.0,0.0,356.0,04.3,0,0,0,0,0,0,0,0,0

APPTR,T07,07,D176M
IF,D176M,50.613500,6.664167, ,0.0,0.0,2,5000,0,0,0,0,1,0
CI,0, ,0.0,356.0,0,0,0,0,0,0,0,0
AF,D209K,50.671036,6.502297,2,NOE,209.0,11.0,176.0,2,4000,0,0,0,0,0,0
AF,D228K,50.709372,6.428719,2,NOE,228.0,11.0,209.0,0,0,0,0,0,0,0,0
CF,CT07,50.754625,6.441831,0,NOE,239.0,9.0,59.0,2.0,2,2800,0,0,0,0,0,0

FINAL,T07,07,D,4
IF,CT07,50.754625,6.441831,NOE,239.0,9.0,2,2800,0,0,0,0,0,0
CF,FT07,50.779697,6.509942,0,NOE,239.0,6.0,59.0,3.0,2,2200,0,0,0,0,2,0
CF,26TAC,50.808064,6.587225,0,NOE,239.0,2.6,59.0,3.4,2,1100,0,0,0,0,0,0
CF,MT07,50.825558,6.635006,0,NOE,239.0,0.5,59.0,2.1,1,522,0,0,0,0,3,0
FD,MT07,50.825558,6.635006,0,NOE,239.0,2.0,59.0,2.0,2,790,0,0,0,0,0,0
VI,2, ,0.0,220.0,0,0,0,1,250,0,0,0
CF,D176M,50.613500,6.664167,0,NOE,176.0,13.0,176.0,7.0,1,4000,0,0,0,0,0,1
HM,D176M,50.613500,6.664167,1, ,0.0,0.0,356.0,04.3,0,0,0,0,0,0,0,0,0

APPTR,T25,25,D176M
IF,D176M,50.613500,6.664167, ,0.0,0.0,2,5000,0,0,0,0,1,0
CI,0, ,0.0,356.0,0,0,0,0,0,0,0,0
AF,D143K,50.681442,6.815811,1,NOE,143.0,11.0,176.0,2,3000,0,0,0,0,0,0
AF,D077K,50.867453,6.929453,1,NOE,77.0,11.0,143.0,0,0,0,0,0,0,0,0
CF,FT25,50.866056,6.804600,0,NOE,69.0,6.4,249.0,4.5,2,2000,0,0,0,0,0,0

FINAL,T25,25,D,4
IF,FT25,50.866056,6.804600,NOE,69.0,6.4,2,2000,0,0,0,0,2,0
CF,50TAC,50.858125,6.769969,0,NOE,69.0,5.0,249.0,1.4,2,1560,0,0,0,0,0,0
CF,34TAC,50.849050,6.730408,0,NOE,69.0,3.4,249.0,1.6,2,1090,0,0,0,0,0,0
CF,MT25,50.841097,6.695803,0,NOE,69.0,2.0,249.0,1.4,1,664,0,0,0,0,3,0
CF,D249D,50.809761,6.559969,0,NOE,249.0,3.5,249.0,5.5,2,790,0,0,0,0,0,1
VI,1, ,0.0,130.0,0,0,0,1,250,0,0,0
CF,D176M,50.613500,6.664167,0,NOE,176.0,13.0,176.0,7.0,1,4000,0,0,0,0,0,0
HM,D176M,50.613500,6.664167,1, ,0.0,0.0,356.0,04.3,0,0,0,0,0,0,0,0,0

