SID,NW103,03,2
CA,0,25.0,2,600,0,0,0,0,0,0
CD, ,0,0,0,HAD,0,0.0,300.0,10.3,3,1000,0,1,150,0,0,0
CD, ,0,0,0,HAD,0,0.0,300.0,14.0,1,2000,0,0,0,0,0,0
VM,0,0,0,300.0,0,0,0,0,0,0,0,0

SID,NW121,21,2
CD, ,0,0,0,IWUE,0,0.0,205.0,5.0,2,2000,0,0,0,0,0,0
VM,0,0,0,205.0,0,0,0,0,0,0,0,0

SID,NW308,08,2
CD, ,0,0,0,IWUE,0,0.0,80.0,6.0,2,2000,0,0,0,0,0,0
VM,0,0,0,80.0,0,0,0,0,0,0,0,0

SID,NW326,26,2
DF,DER26,52.456014,9.412622,0, ,0.0,0.0,0,0,0,0,0,0,0,0
CD, ,0,0,0,IWUW,0,0.0,250.0,6.0,2,2000,0,0,0,0,0,0
VM,0,0,0,250.0,0,0,0,0,0,0,0,0

APPTR,I08-Z,08,IPKAP
IF,IPKAP,52.572833,9.110333, ,0.0,0.0,4,10000,3000,0,0,0,1,0
CI,0, ,0.0,119.0,0,0,0,0,0,0,0,0
AF,D273K,52.470433,9.130736,1,WUN,273.0,11.0,299.0,2,2000,0,0,0,0,0,0
CF,CI08Z,52.437817,9.213297,0,IWUE,259.6,8.8,79.0,5.0,2,2000,0,0,0,0,0,0

FINAL,I08-Z,08,I,3
IF,CI08Z,52.437817,9.213297,IWUE,259.6,8.8,2,2000,0,0,0,0,0,0
CF,FI08Z,52.442764,9.267164,0,IWUE,259.6,6.8,79.0,2.0,1,2000,0,0,0,0,2,0
CF,RW08,52.456339,9.416231,0,IWUE,259.6,1.3,79.0,5.5,1,225,0,0,0,0,3,0
CA,0,79.0,2,700,0,0,0,0,0,0
CI,1, ,0.0,254.0,0,0,0,1,220,0,0,0
CF,D299J,52.540342,9.195406,0,WUN,299.0,10.0,299.0,7.0,1,1500,0,0,0,0,0,0
CF,IPKAP,52.572833,9.110333,0,WUN,299.4,13.7,299.0,3.7,1,3000,0,0,0,0,0,0
HM,IPKAP,52.572833,9.110333,2, ,0.0,0.0,119.0,05,0,0,0,0,0,0,0,0,0

APPTR,I26-Z,26,IPKAP
IF,IPKAP,52.572833,9.110333, ,0.0,0.0,4,10000,3000,0,0,0,1,0
CI,0, ,0.0,120.0,0,0,0,0,0,0,0,0
AF,D066K,52.523108,9.707672,2,WUN,66.0,11.0,300.0,2,3000,0,0,0,0,0,0
CF,CI26Z,52.476061,9.649178,0,IWUW,80.0,8.9,260.0,3.0,2,2000,0,0,0,0,0,0

FINAL,I26-Z,26,I,3
IF,CI26Z,52.476061,9.649178,IWUW,80.0,8.9,2,2000,0,0,0,0,0,0
CF,FI26Z,52.471525,9.595175,0,IWUW,80.0,6.9,260.0,2.0,1,2000,0,0,0,0,2,0
CF,RW26,52.459000,9.445700,0,IWUW,79.6,1.3,260.0,5.5,1,228,0,0,0,0,3,0
CF,D260C,52.452908,9.375017,0,WUN,264.7,2.0,260.0,2.6,0,0,0,0,0,0,0,0
VI,2, ,0.0,345.0,0,0,0,0,0,0,0,0
CF,D300J,52.542825,9.197881,0,WUN,300.0,10.0,300.0,6.0,1,2000,0,0,0,0,0,0
CF,IPKAP,52.572833,9.110333,0,WUN,299.4,13.7,300.0,3.7,1,3000,0,0,0,0,0,0
HM,IPKAP,52.572833,9.110333,2, ,0.0,0.0,120.0,05,0,0,0,0,0,0,0,0,0

APPTR,N26,26,WUN1
IF,WUN,52.459378,9.454619, ,0.0,0.0,4,5000,2000,0,0,0,1,0
FD,WUN,52.459378,9.454619,0,WUN,71.6,7.0,48.0,7.0,2,2000,0,0,0,0,0,0
CF,FQ26,52.470972,9.590639,2,WUN,78.6,6.0,260.0,1.0,2,2000,0,0,0,0,0,0

APPTR,N26,26,WUN2
IF,WUN,52.459378,9.454619, ,0.0,0.0,4,5000,2000,0,0,0,1,0
FD,WUN,52.459378,9.454619,0,WUN,71.6,7.0,65.0,7.0,2,2000,0,0,0,0,0,0
CF,FQ26,52.470972,9.590639,2,WUN,78.6,6.0,260.0,1.0,2,2000,0,0,0,0,0,0

FINAL,N26,26,N,3
IF,FQ26,52.470972,9.590639,WUN,0.0,0.0,2,2000,0,0,0,0,2,0
CF,28DME,52.463628,9.504267,0,WUN,0.0,0.0,260.0,3.2,2,970,0,0,0,0,0,0
CF,WUN,52.459378,9.454619,0,WUN,0.0,0.0,260.0,1.8,1,337,0,0,0,0,3,0
CA,0,260.0,2,1000,0,0,0,0,0,0
DF,WUN,52.459378,9.454619,2, ,0.0,0.0,1,2000,0,0,0,0,0,0
HM,WUN,52.459378,9.454619,1, ,0.0,0.0,78.0,04.3,0,0,0,0,0,0,0,0,0

APPTR,Q08,08,IPKAP
IF,IPKAP,52.572833,9.110333, ,0.0,0.0,4,5000,3000,0,0,0,1,0
CI,0, ,0.0,117.0,0,0,0,0,0,0,0,0
AF,D270K,52.460864,9.129842,1,WUN,270.0,11.0,300.0,2,2000,0,0,0,0,0,0
CF,FQ08,52.443106,9.266897,0,WUN,261.3,6.0,80.0,5.0,2,2000,0,0,0,0,0,0

FINAL,Q08,08,N,2
IF,FQ08,52.443106,9.266897,WUN,0.0,0.0,2,2000,0,0,0,0,2,0
CF,MQ08,52.454847,9.402008,0,WUN,0.0,0.0,80.0,5.0,1,395,0,0,0,0,3,0
CA,0,80.0,2,700,0,0,0,0,0,0
CI,1, ,0.0,252.0,0,0,0,0,0,0,0,0
CF,D297K,52.545117,9.200092,0,WUN,300.9,10.0,297.0,9.0,1,1500,0,0,0,0,0,0
CF,IPKAP,52.572833,9.110333,0,WUN,299.4,13.7,297.0,3.7,1,3000,0,0,0,0,0,0
HM,IPKAP,52.572833,9.110333,2, ,0.0,0.0,117.0,05,0,0,0,1,220,0,0,0,0

APPTR,T03,03,D200R
IF,D200R,52.176936,9.246828, ,0.0,0.0,4,6000,4000,0,0,0,1,0
CF,D200N,52.238722,9.287197,0,WUN,200.0,14.0,20.0,4.0,0,0,0,0,0,0,0,0
CF,D200K,52.285050,9.317550,0,WUN,200.0,11.0,20.0,3.0,2,3000,0,0,0,0,0,0
CF,FT03,52.362247,9.368275,0,WUN,200.0,6.0,20.0,5.0,2,1900,0,0,0,0,0,0

APPTR,T03,03,IPKAP
IF,IPKAP,52.572833,9.110333, ,0.0,0.0,4,10000,3000,0,0,0,1,0
CI,0, ,0.0,120.0,0,0,0,0,0,0,0,0
AF,D210K,52.299486,9.271131,1,WUN,210.0,11.0,300.0,2,3000,0,0,0,0,0,0
CF,FT03,52.362247,9.368275,0,WUN,200.0,6.0,20.0,5.0,2,1900,0,0,0,0,0,0

FINAL,T03,03,D,3
IF,FT03,52.362247,9.368275,WUN,200.0,6.0,2,1900,0,0,0,0,2,0
CF,20TAC,52.423989,9.408983,0,WUN,200.0,2.0,20.0,4.0,2,680,0,0,0,0,0,0
CF,MT03,52.439422,9.419181,0,WUN,200.0,0.0,20.0,1.0,1,381,0,0,0,0,3,0
CA,0,20.0,2,590,0,0,0,0,0,0
VI,1, ,0.0,255.0,0,0,0,0,0,0,0,0
CF,D300J,52.542825,9.197881,0,WUN,300.0,10.0,300.0,8.0,3,2000,0,0,0,0,0,0
CF,IPKAP,52.572833,9.110333,0,WUN,299.4,13.7,300.0,3.7,1,3000,0,0,0,0,0,0
HM,IPKAP,52.572833,9.110333,2, ,0.0,0.0,120.0,05,0,0,0,0,0,0,0,0,0

APPTR,T08,08,IPKAP
IF,IPKAP,52.572833,9.110333, ,0.0,0.0,4,10000,3000,0,0,0,1,0
CI,0, ,0.0,120.0,0,0,0,0,0,0,0,0
AF,D277K,52.483122,9.133200,1,WUN,277.0,11.0,300.0,0,0,0,0,0,0,0,0
CF,FT08,52.451256,9.266033,0,WUN,266.0,6.0,86.0,5.0,2,1900,0,0,0,0,0,0

FINAL,T08,08,D,2
IF,FT08,52.451256,9.266033,WUN,266.0,6.0,2,1900,0,0,0,0,2,0
CF,MT08,52.454269,9.402156,0,WUN,266.0,0.0,86.0,5.0,1,391,0,0,0,0,3,0
CA,0,86.0,2,590,0,0,0,0,0,0
VI,1, ,0.0,240.0,0,0,0,1,220,0,0,0
CF,D300E,52.498894,9.313747,0,WUN,300.0,5.0,300.0,3.0,3,1400,0,0,0,0,0,0
CF,D300J,52.542825,9.197881,0,WUN,300.0,10.0,300.0,5.0,3,2000,0,0,0,0,0,0
CF,IPKAP,52.572833,9.110333,0,WUN,299.4,13.7,300.0,3.7,1,3000,0,0,0,0,0,0
HM,IPKAP,52.572833,9.110333,2, ,0.0,0.0,120.0,05,0,0,0,0,0,0,0,0,0

APPTR,T21,21,IPKAP
IF,IPKAP,52.572833,9.110333, ,0.0,0.0,4,10000,3000,0,0,0,1,0
CI,0, ,0.0,120.0,0,0,0,0,0,0,0,0
AF,D020K,52.624544,9.542078,2,WUN,20.0,11.0,299.0,0,0,0,0,0,0,0,0
CF,FT21,52.538569,9.518578,0,WUN,31.0,6.0,211.0,5.0,1,2000,0,0,0,0,0,0

FINAL,T21,21,D,3
IF,FT21,52.538569,9.518578,WUN,31.0,6.0,1,2000,0,0,0,0,2,0
CF,38TAC,52.507883,9.485833,0,WUN,31.0,3.8,211.0,2.2,2,1310,0,0,0,0,0,0
CF,MT21,52.468811,9.444225,0,WUN,31.0,0.0,211.0,2.8,1,437,0,0,0,0,3,0
CA,0,211.0,2,590,0,0,0,0,0,0
VI,2, ,0.0,345.0,0,0,0,0,0,0,0,0
CF,D300J,52.542825,9.197881,0,WUN,300.0,10.0,300.0,7.0,3,2000,0,0,0,0,0,0
CF,IPKAP,52.572833,9.110333,0,WUN,299.4,13.7,300.0,3.7,1,3000,0,0,0,0,0,0
HM,IPKAP,52.572833,9.110333,2, ,0.0,0.0,120.0,05,0,0,0,0,0,0,0,0,0

APPTR,T26,26,IPKAP
IF,IPKAP,52.572833,9.110333, ,0.0,0.0,4,10000,3000,0,0,0,1,0
CI,0, ,0.0,120.0,0,0,0,0,0,0,0,0
AF,D063K,52.531914,9.701461,2,WUN,63.0,11.0,299.0,2,3000,0,0,0,0,0,0
CF,FT26,52.480594,9.587367,0,WUN,73.0,6.0,253.0,5.0,2,1900,0,0,0,0,0,0

FINAL,T26,26,D,3
IF,FT26,52.480594,9.587367,WUN,73.0,6.0,2,1900,0,0,0,0,2,0
CF,28TAC,52.466892,9.503086,0,WUN,73.0,2.8,253.0,3.2,2,980,0,0,0,0,0,0
CF,MT26,52.459158,9.455700,0,WUN,73.0,0.0,253.0,1.8,1,353,0,0,0,0,3,0
CA,0,253.0,2,590,0,0,0,0,0,0
CF,D253A,52.450542,9.403069,0,WUN,253.0,0.0,253.0,1.2,0,0,0,0,0,0,0,0
VI,2, ,0.0,345.0,0,0,0,0,0,0,0,0
CF,D300J,52.542825,9.197881,0,WUN,300.0,10.0,300.0,8.0,3,2000,0,0,0,0,0,0
CF,IPKAP,52.572833,9.110333,0,WUN,299.4,13.7,300.0,3.7,1,3000,0,0,0,0,0,0
HM,IPKAP,52.572833,9.110333,2, ,0.0,0.0,120.0,05,0,0,0,0,0,0,0,0,0

