SID,BERG1A,20L,2
FD,RW20L,-32.958806,18.166556,0,LWV,28.3,4.0,204.0,4.0,2,3000,0,0,0,0,0,0
VI,1, ,0.0,40.0,0,0,0,0,0,0,0,0
CF,D075O,-32.830281,18.399383,0,LWV,75.4,15.0,75.0,8.0,2,8000,0,0,0,0,0,0

SID,BERG1B,02R,2
FD,RW02R,-32.979936,18.166044,0,LWV,55.3,5.0,24.0,5.0,2,3000,0,0,0,0,0,0
VI,0, ,0.0,110.0,0,0,0,0,0,0,0,0
CF,D075O,-32.830281,18.399383,0,LWV,75.4,15.0,75.0,4.0,2,8000,0,0,0,0,0,0

SID,HOPE1A,20L,2
FD,RW20L,-32.958806,18.166556,0,LWV,28.3,4.0,204.0,4.0,2,3000,0,0,0,0,0,0
VI,0, ,0.0,140.0,0,0,0,0,0,0,0,0
CF,D175O,-33.204147,18.303292,0,LWV,175.0,15.0,175.0,8.0,2,5000,0,0,0,0,0,0

SID,HOPE1B,02R,2
FD,RW02R,-32.979936,18.166044,0,LWV,55.3,5.0,24.0,5.0,2,3000,0,0,0,0,0,0
VI,2, ,0.0,200.0,0,0,0,0,0,0,0,0
CF,D175O,-33.204147,18.303292,0,LWV,175.0,15.0,175.0,6.0,2,5000,0,0,0,0,0,0

STAR,BERG2A,20L,2
IF,D075O,-32.830281,18.399383, ,0.0,0.0,1,5000,0,0,0,0,0,0
VM,-32.968811,18.165261,0,300.0,1,2000,0,0,0,0,0,0

STAR,BERG2B,02R,2
IF,D075O,-32.830281,18.399383, ,0.0,0.0,1,5000,0,0,0,0,0,0
VM,-32.968811,18.165261,0,220.0,1,2000,0,0,0,0,0,0

STAR,HOPE2A,20L,2
IF,SVV,-33.245000,18.478333, ,0.0,0.0,0,0,0,0,0,0,0,0
TF,D160O,-33.159222,18.375125,0, ,0.0,0.0,0.0,0.0,1,5000,0,0,0,0,0,0
VD, ,0,0,0,LWV,0.0,0.0,350.0,7.0,1,2000,0,0,0,0,0,0
VM,-32.968811,18.165261,0,20.0,0,0,0,0,0,0,0,0

STAR,HOPE2B,02R,2
IF,SVV,-33.245000,18.478333, ,0.0,0.0,0,0,0,0,0,0,0,0
TF,D160O,-33.159222,18.375125,0, ,0.0,0.0,0.0,0.0,1,5000,0,0,0,0,0,0
VM,-32.968811,18.165261,0,310.0,1,2000,0,0,0,0,0,0

APPTR,D02R,02R,LWV
IF,LWV,-32.982856,18.163872, ,0.0,0.0,2,4000,0,0,0,0,0,0
HF,LWV,-32.982856,18.163872,2, ,0.0,0.0,20.0,09,2,2000,0,0,0,0,0,0,0

APPTR,D02R,02R,LWV1
IF,LWV,-32.982856,18.163872, ,0.0,0.0,2,4000,0,0,0,0,0,0
PI,LWV,-32.982856,18.163872,2,LWV,155.0,10.0,200,5.0,2,2000,0,0,0,0,0,0

FINAL,D02R,02R,D,3
IF,CD02R,-33.132956,18.172908,LWV,200.0,9.0,2,2000,0,0,0,0,0,0
CF,FD02R,-33.049567,18.167886,0,LWV,200.0,4.0,20.0,5.0,2,1100,0,0,0,0,2,0
CF,LWV,-32.982856,18.163872,0,LWV,0.0,0.0,20.0,4.0,1,236,0,0,0,0,3,0
CA,0,20.0,2,502,0,0,0,0,0,0
FD,LWV,-32.982856,18.163872,0,LWV,0.0,6.0,20.0,6.0,0,0,0,0,0,0,0,0
DF,LWV,-32.982856,18.163872,2, ,0.0,0.0,1,4000,0,0,0,0,0,0

APPTR,D20L,20L,LWV1
IF,LWV,-32.982856,18.163872, ,0.0,0.0,2,4000,0,0,0,0,0,0
HF,LWV,-32.982856,18.163872,1, ,0.0,0.0,205.0,09,2,2000,0,0,0,0,0,0,0

APPTR,D20L,20L,LWV2
IF,LWV,-32.982856,18.163872, ,0.0,0.0,2,4000,0,0,0,0,0,0
PI,LWV,-32.982856,18.163872,1,LWV,70.0,10.0,025,5.0,2,2000,0,0,0,0,0,0

FINAL,D20L,20L,D,3
IF,CD20L,-32.832581,18.166978,LWV,25.0,9.0,2,2000,0,0,0,0,0,0
CF,FD20L,-32.916067,18.165253,0,LWV,25.0,4.0,205.0,5.0,2,600,0,0,0,0,2,0
CF,RW20L,-32.958806,18.166556,0,LWV,29.4,1.5,205.0,2.6,1,152,0,0,0,0,3,0
CF,LWV,-32.982856,18.163872,0,LWV,0.0,0.0,205.0,1.5,2,508,0,0,0,0,0,0
FD,LWV,-32.982856,18.163872,0,LWV,0.0,6.0,205.0,6.0,0,0,0,0,0,0,0,0
DF,LWV,-32.982856,18.163872,2, ,0.0,0.0,1,4000,0,0,0,0,0,0

APPTR,I20L,20L,LWV1
IF,LWV,-32.982856,18.163872, ,0.0,0.0,2,4000,0,0,0,0,0,0
PI,LWV,-32.982856,18.163872,1,LWV,72.0,10.0,027,5.0,2,2000,0,0,0,0,0,0

FINAL,I20L,20L,I,3
IF,CI20L,-32.861250,18.168972,LWI,25.2,7.2,1,2000,0,0,0,0,0,0
CF,FI20L,-32.894642,18.168144,0,LWI,25.2,5.2,205.0,2.0,1,1380,0,0,0,0,2,0
CF,RW20L,-32.958806,18.166556,0,LWI,25.2,1.4,205.0,3.8,1,152,0,0,0,0,3,0
CF,LWV,-32.982856,18.163872,0,LWV,0.0,0.0,205.0,1.5,2,510,0,0,0,0,0,0
FD,LWV,-32.982856,18.163872,0,LWV,0.0,6.0,207.0,6.0,0,0,0,0,0,0,0,0
DF,LWV,-32.982856,18.163872,2, ,0.0,0.0,1,4000,0,0,0,0,0,0

APPTR,Q34,34,LW1
IF,LW,-32.980872,18.148997, ,0.0,0.0,2,4000,0,0,0,0,0,0
HF,LW,-32.980872,18.148997,2, ,0.0,0.0,310.0,04.3,2,1600,0,0,0,0,0,0,0

APPTR,Q34,34,LW2
IF,LW,-32.980872,18.148997, ,0.0,0.0,2,4000,0,0,0,0,0,0
PI,LW,-32.980872,18.148997,2,LWV,85.0,10.0,130,5.0,2,1600,0,0,0,0,0,0
CF,FQ34,-33.002703,18.239486,0,LWV,131.3,4.0,310.0,6.5,2,990,0,0,0,0,0,0

FINAL,Q34,34,N,2
IF,FQ34,-33.002703,18.239486,LW,0.0,0.0,2,990,0,0,0,0,2,0
CF,LW,-32.980872,18.148997,0,LWV,0.0,0.8,310.0,4.8,1,520,0,0,0,0,3,0
CA,0,310.0,2,3000,0,0,0,0,0,0
DF,LW,-32.980872,18.148997,2, ,0.0,0.0,1,4000,0,0,0,0,0,0

APPTR,R02R,02R,ESPUB
IF,ESPUB,-33.142175,18.055997, ,0.0,0.0,2,5000,0,1,210,0,1,0
TF,LW1T1,-33.142606,18.161919,0, ,0.0,0.0,0.0,0.0,2,3200,0,1,210,0,1,0

APPTR,R02R,02R,IMTUG
IF,IMTUG,-33.233211,18.159683, ,0.0,0.0,2,5000,0,1,210,0,1,0
TF,LW1T1,-33.142606,18.161919,0, ,0.0,0.0,0.0,0.0,2,3200,0,1,210,0,1,0

APPTR,R02R,02R,UDPAN
IF,UDPAN,-33.145939,18.267847, ,0.0,0.0,2,5000,0,1,210,0,1,0
TF,LW1T1,-33.142606,18.161919,0, ,0.0,0.0,0.0,0.0,2,3200,0,1,210,0,1,0

FINAL,R02R,02R,R,3
IF,LW1T1,-33.142606,18.161919, ,0.0,0.0,2,3200,0,1,210,0,0,0
TF,LW1F1,-33.060228,18.164019,0, ,0.0,0.0,25.0,5.0,2,1700,0,1,210,0,2,0
TF,LW1MP,-32.979269,18.166044,0, ,0.0,0.0,25.0,4.9,1,156,0,0,0,0,3,1
TF,LW1M1,-32.879097,18.168544,0, ,0.0,0.0,0.0,0.0,2,1230,0,1,230,0,0,0
TF,LW1M2,-32.881114,18.326842,0, ,0.0,0.0,0.0,0.0,2,2440,0,1,230,0,0,0
TF,UDPAN,-33.145939,18.267847,2, ,0.0,0.0,0.0,0.0,1,5000,0,0,0,0,0,0
HM,UDPAN,-33.145939,18.267847,1, ,0.0,0.0,295.0,04.3,2,5000,0,1,250,0,0,0,0

