APPTR,D23,23,NSB1
IF,NSB,-13.305556,48.323306, ,0.0,0.0,2,3200,0,1,220,0,0,0
FD,NSB,-13.305556,48.323306,0,NSB,0.0,8.0,76.0,8.0,2,2000,0,0,0,0,0,0
CF,CD23,-13.204467,48.412978,1,NSB,50.0,8.0,230.0,1.0,2,2000,0,0,0,0,0,0

APPTR,D23,23,NSB2
IF,NSB,-13.305556,48.323306, ,0.0,0.0,2,3200,0,1,140,0,0,0
FD,NSB,-13.305556,48.323306,0,NSB,0.0,8.0,62.0,8.0,2,2000,0,0,0,0,0,0
CF,CD23,-13.204467,48.412978,1,NSB,50.0,8.0,230.0,1.0,2,2000,0,0,0,0,0,0

FINAL,D23,23,D,5
IF,CD23,-13.204467,48.412978,NSB,50.0,8.0,2,2000,0,0,0,0,0,0
CF,FD23,-13.223422,48.396169,0,NSB,50.0,6.5,230.0,1.5,2,2000,0,0,0,0,2,0
CF,50VOR,-13.242378,48.379358,0,NSB,50.0,5.0,230.0,1.5,2,1540,0,0,0,0,0,0
CF,30VOR,-13.267650,48.356939,0,NSB,50.0,3.0,230.0,2.0,2,930,0,0,0,0,0,0
CF,MD23,-13.280286,48.345731,0,NSB,50.0,2.0,230.0,1.0,1,681,0,0,0,0,3,0
CA,0,230.0,2,681,0,0,0,0,0,0
CA,1,50.0,2,3200,0,0,0,0,0,0
DF,NSB,-13.305556,48.323306,1, ,0.0,0.0,1,3200,0,0,0,0,0,0

APPTR,N23,23,VSN1
IF,VSN,-13.320056,48.310111, ,0.0,0.0,2,3200,0,1,220,0,0,0
FC,VSN,-13.320056,48.310111,0,NSB,0.0,0.0,76.0,7.3,2,2000,0,0,0,0,0,1
CF,FN23,-13.228697,48.391161,1,NSB,49.9,6.1,230.0,1.0,2,2000,0,0,0,0,0,0

APPTR,N23,23,VSN2
IF,VSN,-13.320056,48.310111, ,0.0,0.0,2,3200,0,1,140,0,0,0
FC,VSN,-13.320056,48.310111,0,NSB,0.0,0.0,62.0,7.0,2,2000,0,0,0,0,0,1
CF,FN23,-13.228697,48.391161,1,NSB,49.9,6.1,230.0,1.0,2,2000,0,0,0,0,0,0

FINAL,N23,23,N,2
IF,FN23,-13.228697,48.391161,VSN,0.0,0.0,2,2000,0,0,0,0,2,0
CF,MN23,-13.280508,48.345206,0,VSN,0.0,0.0,230.0,4.1,1,699,0,0,0,0,3,0
CA,0,230.0,2,699,0,0,0,0,0,0
CA,1,50.0,2,3200,0,0,0,0,0,0
DF,VSN,-13.320056,48.310111,1, ,0.0,0.0,1,3200,0,0,0,0,0,0

APPTR,S23,23,NSB
IF,NSB,-13.305556,48.323306, ,0.0,0.0,2,3200,0,1,220,0,0,0
FC,NSB,-13.305556,48.323306,0,NSB,0.0,0.0,76.0,7.3,2,2000,0,0,0,0,0,1
CF,FS23,-13.229108,48.391128,1,NSB,50.0,6.1,230.0,2.0,2,2000,0,0,0,0,0,0

FINAL,S23,23,D,2
IF,FS23,-13.229108,48.391128,NSB,50.0,6.1,2,2000,0,0,0,0,2,0
CF,MS23,-13.280664,48.345394,0,NSB,50.0,2.0,230.0,4.1,1,700,0,0,0,0,3,0
CA,0,230.0,2,700,0,0,0,0,0,0
CA,1,50.0,2,3200,0,0,0,0,0,0
DF,NSB,-13.305556,48.323306,1, ,0.0,0.0,1,3200,0,0,0,0,0,0

