APPTR,N08,08,VSP
IF,VSP,-25.038139,46.953278, ,0.0,0.0,2,4500,0,0,0,0,1,0
FC,VSP,-25.038139,46.953278,0,VSP,0.0,0.0,224.0,8.8,2,2500,0,0,0,0,0,1
CF,FN08,-25.136003,46.849417,2,VSP,248.0,8.1,68.0,1.0,2,2500,0,0,0,0,0,0

FINAL,N08,08,N,2
IF,FN08,-25.136003,46.849417,VSP,0.0,0.0,2,2500,0,0,0,0,2,0
CF,RW08,-25.044572,46.946797,0,VSP,0.0,0.0,68.0,7.6,1,74,0,0,0,0,3,0
CF,VSP,-25.038139,46.953278,0,VSP,0.0,0.0,68.0,0.5,0,0,0,0,0,0,0,1
DF,VSP,-25.038139,46.953278,2, ,0.0,0.0,1,4500,0,0,0,0,0,0

APPTR,N26,26,VSP
IF,VSP,-25.038139,46.953278, ,0.0,0.0,2,3300,0,0,0,0,1,0
FC,VSP,-25.038139,46.953278,0,VSP,0.0,0.0,92.0,10.5,2,3000,0,0,0,0,0,1
CF,FN26,-24.943261,47.096400,1,VSP,78.0,9.7,258.0,1.0,2,3000,0,0,0,0,0,0

FINAL,N26,26,N,2
IF,FN26,-24.943261,47.096400,VSP,0.0,0.0,2,3000,0,0,0,0,2,0
CF,RW26,-25.034689,46.960800,0,VSP,0.0,0.0,258.0,9.2,1,72,0,0,0,0,3,0
CF,VSP,-25.038139,46.953278,0,VSP,0.0,0.0,258.0,0.5,0,0,0,0,0,0,0,1
CA,0,258.0,2,2800,0,0,0,0,0,0
DF,VSP,-25.038139,46.953278,1, ,0.0,0.0,1,3300,0,0,0,0,0,0

APPTR,Q08,08,VSP1
IF,VSP,-25.038139,46.953278, ,0.0,0.0,2,4500,0,0,0,0,1,0
FD,VSP,-25.038139,46.953278,0,FDN,0.0,11.5,224.0,11.5,2,2500,0,0,0,0,0,1
CF,FQ08,-25.130589,46.855169,2,VSP,248.0,7.7,68.0,4.0,2,2500,0,0,0,0,0,0

APPTR,Q08,08,VSP2
IF,VSP,-25.038139,46.953278, ,0.0,0.0,2,4500,0,0,0,0,1,0
FD,VSP,-25.038139,46.953278,0,FDN,0.0,11.1,224.0,11.1,2,2500,0,0,0,0,0,1
CF,FQ08,-25.130589,46.855169,2,VSP,248.0,7.7,68.0,4.0,2,2500,0,0,0,0,0,0

FINAL,Q08,08,N,2
IF,FQ08,-25.130589,46.855169,VSP,0.0,0.0,2,2500,0,0,0,0,2,0
CF,MQ08,-25.076497,46.912597,0,FDN,0.0,3.2,68.0,4.5,1,984,0,0,0,0,3,0
CF,VSP,-25.038139,46.953278,0,VSP,0.0,0.0,68.0,3.2,0,0,0,0,0,0,0,1
DF,VSP,-25.038139,46.953278,2, ,0.0,0.0,1,4500,0,0,0,0,0,0

APPTR,Q26,26,VSP
IF,VSP,-25.038139,46.953278, ,0.0,0.0,2,3300,0,0,0,0,1,0
FD,VSP,-25.038139,46.953278,0,FDN,0.0,9.9,92.0,9.9,2,3000,0,0,0,0,0,1
CF,FQ26,-24.942644,47.097328,1,VSP,78.0,9.7,258.0,1.0,2,3000,0,0,0,0,0,0

FINAL,Q26,26,N,3
IF,FQ26,-24.942644,47.097328,VSP,0.0,0.0,2,3000,0,0,0,0,2,0
CF,69DME,-24.970197,47.055811,0,VSP,0.0,0.0,258.0,2.8,2,2130,0,0,0,0,0,0
CF,RW26,-25.034689,46.960800,0,FDN,0.0,0.5,258.0,6.5,1,72,0,0,0,0,3,0
CA,0,256.0,2,2800,0,0,0,0,0,0
DF,VSP,-25.038139,46.953278,1, ,0.0,0.0,1,3300,0,0,0,0,0,0

