APPTR,N05,05,MO1
IF,MO,14.511000,-4.087889, ,0.0,0.0,2,3500,0,0,0,0,1,0
CF,D239I,14.428597,-4.213189,0,MO,239.0,8.8,239.0,8.8,2,2500,0,0,0,0,0,1
CF,FN05,14.439556,-4.139217,1,MO,218.0,5.2,38.0,4.0,2,2500,0,0,0,0,0,0

APPTR,N05,05,MO2
IF,MO,14.511000,-4.087889, ,0.0,0.0,2,3500,0,0,0,0,1,0
CF,D230I,14.408231,-4.200928,0,MO,230.0,9.0,230.0,9.0,2,2500,0,0,0,0,0,1
CF,FN05,14.439556,-4.139217,1,MO,218.0,5.2,38.0,4.0,2,2500,0,0,0,0,0,0

FINAL,N05,05,N,3
IF,FN05,14.439556,-4.139217,MO,0.0,0.0,2,2500,0,0,0,0,2,0
CF,EN05,14.506747,-4.090942,0,MO,0.0,0.0,38.0,4.9,1,955,0,0,0,0,0,1
CF,MO,14.511000,-4.087889,0,MO,0.0,0.0,38.0,0.3,2,1310,0,0,0,0,3,1
CA,0,38.0,2,2500,0,0,0,0,0,0
DF,MO,14.511000,-4.087889,2, ,0.0,0.0,1,3500,0,0,0,0,0,0

APPTR,V05,05,MTI1
IF,MTI,14.526056,-4.064722, ,0.0,0.0,2,3500,0,0,0,0,1,0
CF,D252I,14.473225,-4.205853,0,MTI,252.0,8.8,252.0,8.8,2,2500,0,0,0,0,0,1
CF,FV05,14.450883,-4.150375,1,MTI,231.0,6.7,51.0,3.0,2,2500,0,0,0,0,0,0

APPTR,V05,05,MTI2
IF,MTI,14.526056,-4.064722, ,0.0,0.0,2,3500,0,0,0,0,1,0
CF,D243G,14.467447,-4.168858,0,MTI,243.0,7.0,243.0,7.0,2,2500,0,0,0,0,0,1
CF,FV05,14.450883,-4.150375,1,MTI,231.0,6.7,51.0,1.0,2,2500,0,0,0,0,0,0

FINAL,V05,05,D,2
IF,FV05,14.450883,-4.150375,MTI,231.0,6.7,2,2500,0,0,0,0,2,0
CF,RW05,14.504975,-4.088228,0,MTI,230.4,1.9,51.0,4.9,1,955,0,0,0,0,3,0
CA,0,51.0,2,2500,0,0,0,0,0,0
DF,MTI,14.526056,-4.064722,2, ,0.0,0.0,1,3500,0,0,0,0,0,0

APPTR,V23,23,MTI1
IF,MTI,14.526056,-4.064722, ,0.0,0.0,2,3500,0,0,0,0,1,0
CF,D077I,14.566611,-3.919344,0,MTI,77.0,8.8,77.0,8.8,2,2500,0,0,0,0,0,1
CF,FV23,14.574881,-4.009033,1,MTI,51.0,4.4,231.0,5.0,2,2500,0,0,0,0,0,0

APPTR,V23,23,MTI2
IF,MTI,14.526056,-4.064722, ,0.0,0.0,2,3500,0,0,0,0,1,0
CF,D066G,14.579222,-3.957525,0,MTI,66.0,7.0,66.0,7.0,2,2500,0,0,0,0,0,1
CF,FV23,14.574881,-4.009033,1,MTI,51.0,4.4,231.0,2.0,2,2500,0,0,0,0,0,0

FINAL,V23,23,D,2
IF,FV23,14.574881,-4.009033,MTI,51.0,4.4,2,2500,0,0,0,0,2,0
CF,MTI,14.526056,-4.064722,0,MTI,0.0,0.0,231.0,4.4,1,1108,0,0,0,0,3,0
CA,0,231.0,2,2500,0,0,0,0,0,0
DF,MTI,14.526056,-4.064722,1, ,0.0,0.0,1,3500,0,0,0,0,0,0

