SID,LISR3D,10,2
CA,0,99.0,2,1950,0,0,0,0,0,0
CD, ,0,0,0,MAK,0,0.0,114.0,10.0,0,0,0,0,0,0,0,0
CI,2, ,0.0,271.0,0,0,0,1,230,0,0,0
CF,LISRA,31.233333,-8.484444,0,MAK,223.9,30.0,224.0,23.0,0,0,0,0,0,0,0,0

SID,LISR4D,28,2
DF,D279C,31.617106,-8.151556,0, ,0.0,0.0,2,1950,0,0,0,0,0,1
CI,0, ,0.0,194.0,0,0,0,1,230,0,0,0
CF,LISRA,31.233333,-8.484444,0,MAK,223.9,30.0,224.0,23.0,0,0,0,0,0,0,0,0

SID,MABA3D,10,2
CA,0,99.0,2,1950,0,0,0,0,0,0
CD, ,0,0,0,MAK,0,0.0,114.0,10.0,0,0,0,0,0,0,0,0
CI,1, ,0.0,307.0,0,0,0,1,230,0,0,0
CF,MABAP,32.124267,-8.197117,0,MAK,354.1,31.0,354.0,23.0,0,0,0,0,0,0,0,0

SID,MABA4D,28,2
DF,D279C,31.617106,-8.151556,0, ,0.0,0.0,2,1950,0,0,0,0,0,1
CI,2, ,0.0,15.0,0,0,0,1,230,0,0,0
CF,MABAP,32.124267,-8.197117,0,MAK,354.1,31.0,354.0,20.0,0,0,0,0,0,0,0,0

SID,MAGA3D,10,2
CA,0,99.0,2,1950,0,0,0,0,0,0
CD, ,0,0,0,MAK,0,0.0,114.0,10.0,0,0,0,0,0,0,0,0
CI,2, ,0.0,287.0,0,0,0,1,230,0,0,0
CF,MAGAV,31.525292,-8.777819,0,MAK,264.6,35.0,265.0,27.0,0,0,0,0,0,0,0,0

SID,MAGA4D,28,2
DF,D279C,31.617106,-8.151556,0, ,0.0,0.0,0,0,0,0,0,0,0,1
CF,MAGAV,31.525292,-8.777819,0,MAK,264.6,35.0,265.0,32.0,0,0,0,0,0,0,0,0

SID,MOKI3D,10,2
CA,0,99.0,2,1950,0,0,0,0,0,0
CD, ,0,0,0,MAK,0,0.0,114.0,10.0,0,0,0,0,0,0,0,0
CI,1, ,0.0,357.0,0,0,0,1,230,0,0,0
CF,D086W,31.658789,-7.657239,0,MAK,86.0,23.0,86.0,12.0,2,10500,0,0,0,0,0,0
CI,0, ,0.0,86.0,0,0,0,0,0,0,0,0
AF,D126Y,31.385672,-7.694025,2,MAK,125.8,25.0,86.0,0,0,0,0,0,0,0,0
TF,MOKIR,31.340278,-7.612778,0, ,0.0,0.0,0.0,0.0,0,0,0,0,0,0,0,0

SID,MOKI4D,28,2
DF,D279C,31.617106,-8.151556,0, ,0.0,0.0,2,1950,0,0,0,0,0,1
CI,1, ,0.0,99.0,0,0,0,1,230,0,0,0
CF,MOKIR,31.340278,-7.612778,0,MAK,125.8,30.0,126.0,23.0,0,0,0,0,0,0,0,0

SID,OBOG3D,10,2
CA,0,99.0,2,1950,0,0,0,0,0,0
CD, ,0,0,0,MAK,0,0.0,114.0,10.0,0,0,0,0,0,0,0,0
CI,1, ,0.0,357.0,0,0,0,1,230,0,0,0
CF,OBOGA,31.837778,-7.814167,0,MAK,50.6,20.0,51.0,6.0,0,0,0,0,0,0,0,0

SID,OBOG4D,28,2
DF,D279C,31.617106,-8.151556,0, ,0.0,0.0,2,1950,0,0,0,0,0,1
CI,2, ,0.0,82.0,0,0,0,1,230,0,0,0
CF,OBOGA,31.837778,-7.814167,0,MAK,50.6,20.0,51.0,13.0,0,0,0,0,0,0,0,0

STAR,BENO3A,10,5
IF,BENOV,32.094103,-8.454622, ,0.0,0.0,0,0,0,0,0,0,0,0
TF,LANBA,31.835958,-8.393822,0, ,0.0,0.0,0.0,0.0,0,0,0,0,0,0,0,0
TF,ODALO,31.646381,-8.491478,0, ,0.0,0.0,0.0,0.0,0,0,0,0,0,0,0,0

STAR,BENO4A,28,5
IF,BENOV,32.094103,-8.454622, ,0.0,0.0,0,0,0,0,0,0,0,0
TF,MX289,31.802314,-8.004494,0, ,0.0,0.0,0.0,0.0,0,0,0,0,0,0,0,0
TF,KUGAD,31.669906,-7.801975,0, ,0.0,0.0,0.0,0.0,0,0,0,0,0,0,0,1

STAR,GOSN1A,10,2
IF,GOSNO,31.318056,-8.575556, ,0.0,0.0,0,0,0,0,0,0,0,0
TF,D237Y,31.367186,-8.497172,0, ,0.0,0.0,0.0,0.0,0,0,0,1,230,0,0,0
AF,D242Y,31.396997,-8.520319,2,MAK,242.0,25.0,237.0,1,10000,0,0,0,0,0,0
AF,D274Y,31.619106,-8.590936,2,MAK,274.0,25.0,242.0,0,0,0,0,0,0,0,0
CF,ODALO,31.646381,-8.491478,0,MAK,278.9,20.0,99.0,5.0,0,0,0,0,0,0,0,0

STAR,GOSN2A,28,2
IF,GOSNO,31.318056,-8.575556, ,0.0,0.0,0,0,0,0,0,0,0,0
TF,D237Y,31.367186,-8.497172,0, ,0.0,0.0,0.0,0.0,0,0,0,1,230,0,0,0
AF,D242Y,31.396997,-8.520319,2,MAK,242.0,25.0,237.0,1,10000,0,0,0,0,0,0
AF,D274Y,31.619106,-8.590936,2,MAK,274.0,25.0,242.0,0,0,0,0,0,0,0,0
CF,ODALO,31.646381,-8.491478,0,MAK,278.9,20.0,99.0,5.0,0,0,0,0,0,0,0,0

STAR,GOSN3A,10,5
IF,GOSNO,31.318056,-8.575556, ,0.0,0.0,0,0,0,0,0,0,0,0
TF,ODALO,31.646381,-8.491478,0, ,0.0,0.0,0.0,0.0,0,0,0,0,0,0,0,0

STAR,GOSN4A,28,5
IF,GOSNO,31.318056,-8.575556, ,0.0,0.0,0,0,0,0,0,0,0,0
TF,MX283,31.503806,-7.822514,0, ,0.0,0.0,0.0,0.0,0,0,0,0,0,0,0,0

STAR,KUDA3A,10,5
IF,KUDAX,31.808572,-7.671933, ,0.0,0.0,0,0,0,0,0,0,0,0
TF,LANBA,31.835958,-8.393822,0, ,0.0,0.0,0.0,0.0,0,0,0,0,0,0,0,0
TF,ODALO,31.646381,-8.491478,0, ,0.0,0.0,0.0,0.0,0,0,0,0,0,0,0,0

STAR,KUDA4A,28,5
IF,KUDAX,31.808572,-7.671933, ,0.0,0.0,0,0,0,0,0,0,0,0
TF,KUGAD,31.669906,-7.801975,0, ,0.0,0.0,0.0,0.0,0,0,0,0,0,0,0,1

STAR,LISR1A,10,2
IF,LISRA,31.233333,-8.484444, ,0.0,0.0,0,0,0,0,0,0,0,0
TF,D224Y,31.296542,-8.421192,0, ,0.0,0.0,0.0,0.0,0,0,0,1,230,0,0,0
AF,D242Y,31.396997,-8.520319,2,MAK,242.0,25.0,224.0,1,10000,0,0,0,0,0,0
AF,D274Y,31.619106,-8.590936,2,MAK,274.0,25.0,242.0,0,0,0,0,0,0,0,0
CF,ODALO,31.646381,-8.491478,0,MAK,278.9,20.0,99.0,5.0,0,0,0,0,0,0,0,0

STAR,LISR2A,28,2
IF,LISRA,31.233333,-8.484444, ,0.0,0.0,0,0,0,0,0,0,0,0
TF,D224Y,31.296542,-8.421192,0, ,0.0,0.0,0.0,0.0,0,0,0,1,230,0,0,0
AF,D242Y,31.396997,-8.520319,2,MAK,242.0,25.0,224.0,1,10000,0,0,0,0,0,0
AF,D274Y,31.619106,-8.590936,2,MAK,274.0,25.0,242.0,0,0,0,0,0,0,0,0
CF,ODALO,31.646381,-8.491478,0,MAK,278.9,20.0,99.0,5.0,0,0,0,0,0,0,0,0

STAR,LISR3A,10,5
IF,LISRA,31.233333,-8.484444, ,0.0,0.0,0,0,0,0,0,0,0,0
TF,VABOL,31.379158,-8.487131,0, ,0.0,0.0,0.0,0.0,0,0,0,0,0,0,0,0
TF,ODALO,31.646381,-8.491478,0, ,0.0,0.0,0.0,0.0,0,0,0,0,0,0,0,0

STAR,LISR4A,28,5
IF,LISRA,31.233333,-8.484444, ,0.0,0.0,0,0,0,0,0,0,0,0
TF,NAPOV,31.400181,-7.956144,0, ,0.0,0.0,0.0,0.0,0,0,0,0,0,0,0,0
TF,MX283,31.503806,-7.822514,0, ,0.0,0.0,0.0,0.0,0,0,0,0,0,0,0,0

STAR,MABA1A,10,2
IF,MABAP,32.124267,-8.197117, ,0.0,0.0,0,0,0,0,0,0,0,0
TF,D344T,31.928714,-8.229839,0, ,0.0,0.0,0.0,0.0,0,0,0,1,230,0,0,0
AF,LANBA,31.835958,-8.393822,1,MAK,315.0,20.0,344.0,0,0,0,0,0,0,0,0
AF,ODALO,31.646381,-8.491478,1,MAK,278.9,20.0,315.0,0,0,0,0,0,0,0,0

STAR,MABA2A,28,2
IF,MABAP,32.124267,-8.197117, ,0.0,0.0,0,0,0,0,0,0,0,0
TF,D344T,31.928714,-8.229839,0, ,0.0,0.0,0.0,0.0,0,0,0,1,230,0,0,0
AF,LANBA,31.835958,-8.393822,1,MAK,315.0,20.0,344.0,0,0,0,0,0,0,0,0
AF,ODALO,31.646381,-8.491478,1,MAK,278.9,20.0,315.0,0,0,0,0,0,0,0,0

STAR,MABA3A,10,5
IF,MABAP,32.124267,-8.197117, ,0.0,0.0,0,0,0,0,0,0,0,0
TF,LANBA,31.835958,-8.393822,0, ,0.0,0.0,0.0,0.0,0,0,0,0,0,0,0,0
TF,ODALO,31.646381,-8.491478,0, ,0.0,0.0,0.0,0.0,0,0,0,0,0,0,0,0

STAR,MABA4A,28,5
IF,MABAP,32.124267,-8.197117, ,0.0,0.0,0,0,0,0,0,0,0,0
TF,MX289,31.802314,-8.004494,0, ,0.0,0.0,0.0,0.0,0,0,0,0,0,0,0,0
TF,KUGAD,31.669906,-7.801975,0, ,0.0,0.0,0.0,0.0,0,0,0,0,0,0,0,1

STAR,MAGA1A,10,2
IF,MAGAV,31.525292,-8.777819, ,0.0,0.0,0,0,0,0,0,0,0,0
TF,D265Y,31.550597,-8.585381,0, ,0.0,0.0,0.0,0.0,0,0,0,1,230,0,0,0
AF,D274Y,31.619106,-8.590936,2,MAK,274.0,25.0,265.0,0,0,0,0,0,0,0,0
CF,ODALO,31.646381,-8.491478,0,MAK,278.9,20.0,99.0,5.0,0,0,0,0,0,0,0,0

STAR,MAGA2A,28,2
IF,MAGAV,31.525292,-8.777819, ,0.0,0.0,0,0,0,0,0,0,0,0
TF,D265Y,31.550597,-8.585381,0, ,0.0,0.0,0.0,0.0,0,0,0,1,230,0,0,0
AF,D274Y,31.619106,-8.590936,2,MAK,274.0,25.0,265.0,0,0,0,0,0,0,0,0
CF,ODALO,31.646381,-8.491478,0,MAK,278.9,20.0,99.0,5.0,0,0,0,0,0,0,0,0

STAR,MAGA3A,10,5
IF,MAGAV,31.525292,-8.777819, ,0.0,0.0,0,0,0,0,0,0,0,0
TF,ODALO,31.646381,-8.491478,0, ,0.0,0.0,0.0,0.0,0,0,0,0,0,0,0,0

STAR,MAGA4A,28,5
IF,MAGAV,31.525292,-8.777819, ,0.0,0.0,0,0,0,0,0,0,0,0
TF,MX283,31.503806,-7.822514,0, ,0.0,0.0,0.0,0.0,0,0,0,0,0,0,0,0

STAR,MOKI1A,10,2
IF,MOKIR,31.340278,-7.612778, ,0.0,0.0,0,0,0,0,0,0,0,0
TF,D126Y,31.385672,-7.694025,0, ,0.0,0.0,0.0,0.0,0,0,0,0,0,0,0,0
TF,D126J,31.522075,-7.939189,0, ,0.0,0.0,0.0,0.0,0,0,0,0,0,0,0,0
TF,MAK,31.612750,-8.103028,0, ,0.0,0.0,0.0,0.0,0,0,0,0,0,0,0,0

STAR,MOKI2A,28,2
IF,MOKIR,31.340278,-7.612778, ,0.0,0.0,0,0,0,0,0,0,0,0
TF,D126Y,31.385672,-7.694025,0, ,0.0,0.0,0.0,0.0,0,0,0,0,0,0,0,0
TF,D126J,31.522075,-7.939189,0, ,0.0,0.0,0.0,0.0,0,0,0,0,0,0,0,0
TF,MAK,31.612750,-8.103028,0, ,0.0,0.0,0.0,0.0,0,0,0,0,0,0,0,0

STAR,MOKI3A,10,5
IF,MOKIR,31.340278,-7.612778, ,0.0,0.0,0,0,0,0,0,0,0,0
TF,NAPOV,31.400181,-7.956144,0, ,0.0,0.0,0.0,0.0,0,0,0,0,0,0,0,0
TF,SIVSO,31.465525,-8.339722,0, ,0.0,0.0,0.0,0.0,0,0,0,0,0,0,0,0
TF,ODALO,31.646381,-8.491478,0, ,0.0,0.0,0.0,0.0,0,0,0,0,0,0,0,0

STAR,MOKI4A,28,5
IF,MOKIR,31.340278,-7.612778, ,0.0,0.0,2,13000,0,0,0,0,0,0
TF,MX291,31.420178,-7.640767,0, ,0.0,0.0,0.0,0.0,0,0,0,0,0,0,0,0
TF,MX287,31.576422,-7.695447,0, ,0.0,0.0,0.0,0.0,0,0,0,0,0,0,0,0
TF,MX285,31.659483,-7.685261,0, ,0.0,0.0,0.0,0.0,0,0,0,0,0,0,0,0
TF,KUGAD,31.669906,-7.801975,0, ,0.0,0.0,0.0,0.0,0,0,0,0,0,0,0,1

STAR,OBOG1A,10,2
IF,OBOGA,31.837778,-7.814167, ,0.0,0.0,0,0,0,0,0,0,0,0
TF,MAK,31.612750,-8.103028,0, ,0.0,0.0,0.0,0.0,0,0,0,0,0,0,0,0

STAR,OBOG2A,28,2
IF,OBOGA,31.837778,-7.814167, ,0.0,0.0,0,0,0,0,0,0,0,0
TF,MAK,31.612750,-8.103028,0, ,0.0,0.0,0.0,0.0,0,0,0,0,0,0,0,0

STAR,OBOG3A,10,5
IF,OBOGA,31.837778,-7.814167, ,0.0,0.0,0,0,0,0,0,0,0,0
TF,LANBA,31.835958,-8.393822,0, ,0.0,0.0,0.0,0.0,0,0,0,0,0,0,0,0
TF,ODALO,31.646381,-8.491478,0, ,0.0,0.0,0.0,0.0,0,0,0,0,0,0,0,0

STAR,OBOG4A,28,5
IF,OBOGA,31.837778,-7.814167, ,0.0,0.0,0,0,0,0,0,0,0,0
TF,KUGAD,31.669906,-7.801975,0, ,0.0,0.0,0.0,0.0,0,0,0,0,0,0,0,1

STAR,OBOG7A,10,2
IF,OBOGA,31.837778,-7.814167, ,0.0,0.0,0,0,0,0,0,0,0,0
TF,D051M,31.759089,-7.915431,0, ,0.0,0.0,0.0,0.0,0,0,0,1,230,0,0,0
AF,D354M,31.827203,-8.142811,1,MAK,354.0,13.0,51.0,0,0,0,0,0,0,0,0
AF,D288M,31.668711,-8.348261,1,MAK,288.0,13.0,354.0,0,0,0,0,0,0,0,0
CF,MAK,31.612750,-8.103028,0,MAK,0.0,0.0,99.0,11.0,0,0,0,0,0,0,0,0

STAR,OBOG8A,28,2
IF,OBOGA,31.837778,-7.814167, ,0.0,0.0,0,0,0,0,0,0,0,0
TF,D051M,31.759089,-7.915431,0, ,0.0,0.0,0.0,0.0,0,0,0,1,230,0,0,0
AF,D354M,31.827203,-8.142811,1,MAK,354.0,13.0,51.0,0,0,0,0,0,0,0,0
AF,D288M,31.668711,-8.348261,1,MAK,288.0,13.0,354.0,0,0,0,0,0,0,0,0
CF,MAK,31.612750,-8.103028,0,MAK,0.0,0.0,99.0,11.0,0,0,0,0,0,0,0,0

APPTR,D10,10,GOSNO
IF,GOSNO,31.318056,-8.575556, ,0.0,0.0,0,0,0,1,220,0,0,0
CI,0, ,0.0,57.0,0,0,0,0,0,0,0,0
AF,D242Y,31.396997,-8.520319,2,MAK,242.0,25.0,236.0,2,10000,0,0,0,0,0,0
AF,D274Y,31.619106,-8.590936,2,MAK,274.0,25.0,242.0,2,6000,0,0,0,0,0,0
CF,ODALO,31.646381,-8.491478,0,MAK,278.9,20.0,99.0,5.0,2,6000,0,0,0,0,0,0
CF,FF10,31.617222,-8.152778,0,MAK,279.0,2.6,99.0,17.4,2,3200,0,0,0,0,0,0

APPTR,D10,10,LISRA
IF,LISRA,31.233333,-8.484444, ,0.0,0.0,0,0,0,1,220,0,0,0
CI,0, ,0.0,44.0,0,0,0,0,0,0,0,0
AF,D242Y,31.396997,-8.520319,2,MAK,242.0,25.0,223.0,2,10000,0,0,0,0,0,0
AF,D274Y,31.619106,-8.590936,2,MAK,274.0,25.0,242.0,2,6000,0,0,0,0,0,0
CF,ODALO,31.646381,-8.491478,0,MAK,278.9,20.0,99.0,5.0,2,6000,0,0,0,0,0,0
CF,FF10,31.617222,-8.152778,0,MAK,279.0,2.6,99.0,17.4,2,3200,0,0,0,0,0,0

APPTR,D10,10,MABAP
IF,MABAP,32.124267,-8.197117, ,0.0,0.0,0,0,0,1,220,0,0,0
CI,0, ,0.0,191.0,0,0,0,0,0,0,0,0
AF,LANBA,31.835958,-8.393822,1,MAK,315.0,20.0,354.0,2,6500,0,0,0,0,0,0
AF,ODALO,31.646381,-8.491478,1,MAK,278.9,20.0,315.0,2,6000,0,0,0,0,0,0
CF,FF10,31.617222,-8.152778,0,MAK,279.0,2.6,99.0,17.4,2,3200,0,0,0,0,0,0

APPTR,D10,10,MAGAV
IF,MAGAV,31.525292,-8.777819, ,0.0,0.0,0,0,0,1,220,0,0,0
CI,0, ,0.0,85.0,0,0,0,0,0,0,0,0
AF,D274Y,31.619106,-8.590936,2,MAK,274.0,25.0,264.0,2,6000,0,0,0,0,0,0
CF,ODALO,31.646381,-8.491478,0,MAK,278.9,20.0,99.0,5.0,2,6000,0,0,0,0,0,0
CF,FF10,31.617222,-8.152778,0,MAK,279.0,2.6,99.0,17.4,2,3200,0,0,0,0,0,0

APPTR,D10,10,MAK1
HF,MAK,31.612750,-8.103028,1, ,0.0,0.0,99.0,04.3,2,3200,0,1,210,0,0,0,0

APPTR,D10,10,MAK2
HF,MAK,31.612750,-8.103028,1, ,0.0,0.0,99.0,04.3,2,3200,0,1,140,0,0,0,0

APPTR,D10,10,MOKIR
IF,MOKIR,31.340278,-7.612778, ,0.0,0.0,0,0,0,1,220,0,0,0
TF,D126Y,31.385672,-7.694025,0, ,0.0,0.0,0.0,0.0,2,12000,0,0,0,0,0,0
TF,D126J,31.522075,-7.939189,0, ,0.0,0.0,0.0,0.0,2,8000,0,0,0,0,0,0
TF,MAK,31.612750,-8.103028,0, ,0.0,0.0,0.0,0.0,2,5000,0,0,0,0,0,0
FD,MAK,31.612750,-8.103028,0,MAK,0.0,8.0,305.0,8.0,0,0,0,1,210,0,0,0
CF,FF10,31.617222,-8.152778,1,MAK,279.0,2.6,99.0,6.0,2,3200,0,0,0,0,0,0

APPTR,D10,10,OBOG1
IF,OBOGA,31.837778,-7.814167, ,0.0,0.0,0,0,0,1,220,0,0,0
CF,MAK,31.612750,-8.103028,0,MAK,0.0,0.0,231.0,20.0,2,5000,0,0,0,0,0,0
FD,MAK,31.612750,-8.103028,0,MAK,0.0,8.0,305.0,8.0,0,0,0,1,210,0,0,0
CF,FF10,31.617222,-8.152778,1,MAK,279.0,2.6,99.0,6.0,2,3200,0,0,0,0,0,0

APPTR,D10,10,OBOG2
IF,OBOGA,31.837778,-7.814167, ,0.0,0.0,0,0,0,1,220,0,0,0
CI,0, ,0.0,231.0,0,0,0,0,0,0,0,0
AF,D354M,31.827203,-8.142811,1,MAK,354.0,13.0,51.0,2,6500,0,0,0,0,0,0
AF,D288M,31.668711,-8.348261,1,MAK,288.0,13.0,354.0,2,5000,0,0,0,0,0,0
CF,FF10,31.617222,-8.152778,0,MAK,279.0,2.6,99.0,11.0,2,3200,0,0,0,0,0,0

APPTR,D10,10,ODALO
IF,ODALO,31.646381,-8.491478, ,0.0,0.0,2,6000,0,0,0,0,0,0
CF,FF10,31.617222,-8.152778,0,MAK,279.0,2.6,99.0,17.4,2,3200,0,0,0,0,0,0

FINAL,D10,10,D,3
IF,FF10,31.617222,-8.152778,MAK,279.0,2.6,2,3200,0,0,0,0,2,0
CF,MAK,31.612750,-8.103028,0,MAK,0.0,0.0,99.0,2.6,2,2390,0,0,0,0,0,0
CF,MD10,31.609775,-8.070028,0,MAK,99.0,1.7,99.0,1.7,1,1845,0,0,0,0,3,0
CF,D099A,31.604914,-8.013811,0,MAK,98.8,4.6,99.0,2.9,2,2000,0,0,0,0,0,1
DF,MAK,31.612750,-8.103028,2, ,0.0,0.0,1,3200,0,1,185,0,0,0

APPTR,D28-Y,28,MAK1
FD,MAK,31.612750,-8.103028,0,MAK,0.0,12.5,116.0,12.5,2,3200,0,1,220,0,0,0
CF,CD28Y,31.590694,-7.860447,1,MAK,99.0,12.5,279.0,1.0,2,3200,0,0,0,0,0,0

APPTR,D28-Y,28,MAK2
FD,MAK,31.612750,-8.103028,0,MAK,0.0,12.5,106.0,12.5,2,3200,0,1,140,0,0,0
CF,CD28Y,31.590694,-7.860447,1,MAK,99.0,12.5,279.0,1.0,2,3200,0,0,0,0,0,0

APPTR,D28-Y,28,RINPA
IF,RINPA,31.586939,-7.811869, ,0.0,0.0,0,0,0,0,0,0,0,0
CF,CD28Y,31.590694,-7.860447,0,MAK,99.0,12.5,279.0,2.5,2,3200,0,0,0,0,0,0

FINAL,D28-Y,28,D,3
IF,CD28Y,31.590694,-7.860447,MAK,99.0,12.5,2,3200,0,0,0,0,0,0
CF,FD28,31.596486,-7.918611,0,MAK,98.8,9.5,279.0,3.0,2,3200,0,0,0,0,2,0
CF,MD28,31.603544,-7.998197,0,MAK,98.8,5.4,279.0,4.1,1,1954,0,0,0,0,3,0
CA,0,279.0,2,3200,0,0,0,0,0,0
CI,1, ,0.0,92.0,0,0,0,1,210,0,0,0
CF,D126R,31.448661,-7.808897,0,MAK,126.0,18.0,126.0,12.0,0,0,0,0,0,0,0,0
CI,0, ,0.0,126.0,0,0,0,0,0,0,0,0
AF,D099T,31.577242,-7.714953,1,MAK,99.0,20.0,126.0,0,0,0,0,0,0,0,0
CF,RINPA,31.586939,-7.811869,0,MAK,98.8,15.0,279.0,5.0,1,7600,0,0,0,0,0,0
HM,RINPA,31.586939,-7.811869,2, ,0.0,0.0,279.0,05,0,0,0,1,220,0,0,0,0

APPTR,D28-Z,28,D050T
IF,D050T,31.840250,-7.816839, ,0.0,0.0,0,0,0,0,0,0,0,0
AF,D099T,31.577242,-7.714953,2,MAK,99.0,20.0,50.0,2,5200,0,0,0,0,0,0
CF,CD28Z,31.581694,-7.753656,0,MAK,98.8,18.0,279.0,2.0,2,5200,0,0,0,0,1,0

APPTR,D28-Z,28,D065T
IF,D065T,31.769111,-7.757781, ,0.0,0.0,0,0,0,0,0,0,0,0
AF,D099T,31.577242,-7.714953,2,MAK,99.0,20.0,65.0,2,5200,0,0,0,0,0,0
CF,CD28Z,31.581694,-7.753656,0,MAK,98.8,18.0,279.0,2.0,2,5200,0,0,0,0,1,0

APPTR,D28-Z,28,D126T
IF,D126T,31.430386,-7.776281, ,0.0,0.0,0,0,0,0,0,0,0,0
AF,D099T,31.577242,-7.714953,1,MAK,99.0,20.0,126.0,2,5200,0,0,0,0,0,0
CF,CD28Z,31.581694,-7.753656,0,MAK,98.8,18.0,279.0,2.0,2,5200,0,0,0,0,1,0

APPTR,D28-Z,28,RINPA
IF,RINPA,31.586939,-7.811869, ,0.0,0.0,2,7600,0,0,0,0,0,0
HF,RINPA,31.586939,-7.811869,2, ,0.0,0.0,279.0,06,2,5200,0,1,210,0,1,0,0

FINAL,D28-Z,28,D,3
IF,CD28Z,31.581694,-7.753656,MAK,98.8,18.0,2,5200,0,0,0,0,0,0
CF,FD28,31.596486,-7.918611,0,MAK,98.8,9.5,279.0,8.5,2,3200,0,0,0,0,2,0
CF,MD28,31.603544,-7.998197,0,MAK,98.8,5.4,279.0,4.1,1,1954,0,0,0,0,3,0
CA,0,279.0,2,3200,0,0,0,0,0,0
CI,1, ,0.0,92.0,0,0,0,1,210,0,0,0
CF,D126R,31.448661,-7.808897,0,MAK,126.0,18.0,126.0,12.0,0,0,0,0,0,0,0,0
CI,0, ,0.0,126.0,0,0,0,0,0,0,0,0
AF,D099T,31.577242,-7.714953,1,MAK,99.0,20.0,126.0,0,0,0,0,0,0,0,0
CF,RINPA,31.586939,-7.811869,0,MAK,98.8,15.0,279.0,5.0,1,7600,0,0,0,0,0,0
HM,RINPA,31.586939,-7.811869,2, ,0.0,0.0,279.0,05,0,0,0,1,220,0,0,0,0

APPTR,I10,10,GOSNO
IF,GOSNO,31.318056,-8.575556, ,0.0,0.0,0,0,0,1,220,0,0,0
CI,0, ,0.0,57.0,0,0,0,0,0,0,0,0
AF,D242Y,31.396997,-8.520319,2,MAK,242.0,25.0,236.0,2,10000,0,0,0,0,0,0
AF,D274Y,31.619106,-8.590936,2,MAK,274.0,25.0,242.0,2,6000,0,0,0,0,0,0
CF,ODALO,31.646381,-8.491478,0,MAK,278.9,20.0,99.0,5.0,2,6000,0,0,0,0,0,0
CF,CI10,31.619083,-8.172211,0,MAR,279.0,8.0,99.0,16.4,2,3200,0,0,0,0,0,0

APPTR,I10,10,LISRA
IF,LISRA,31.233333,-8.484444, ,0.0,0.0,0,0,0,1,220,0,0,0
CI,0, ,0.0,44.0,0,0,0,0,0,0,0,0
AF,D242Y,31.396997,-8.520319,2,MAK,242.0,25.0,223.0,2,10000,0,0,0,0,0,0
AF,D274Y,31.619106,-8.590936,2,MAK,274.0,25.0,242.0,2,6000,0,0,0,0,0,0
CF,ODALO,31.646381,-8.491478,0,MAK,278.9,20.0,99.0,5.0,2,6000,0,0,0,0,0,0
CF,CI10,31.619083,-8.172211,0,MAR,279.0,8.0,99.0,16.4,2,3200,0,0,0,0,0,0

APPTR,I10,10,MABAP
IF,MABAP,32.124267,-8.197117, ,0.0,0.0,0,0,0,1,220,0,0,0
CI,0, ,0.0,191.0,0,0,0,0,0,0,0,0
AF,LANBA,31.835958,-8.393822,1,MAK,315.0,20.0,354.0,2,6500,0,0,0,0,0,0
AF,ODALO,31.646381,-8.491478,1,MAK,278.9,20.0,315.0,2,6000,0,0,0,0,0,0
CF,CI10,31.619083,-8.172211,0,MAR,279.0,8.0,99.0,16.4,2,3200,0,0,0,0,0,0

APPTR,I10,10,MAGAV
IF,MAGAV,31.525292,-8.777819, ,0.0,0.0,0,0,0,1,220,0,0,0
CI,0, ,0.0,85.0,0,0,0,0,0,0,0,0
AF,D274Y,31.619106,-8.590936,2,MAK,274.0,25.0,264.0,2,6000,0,0,0,0,0,0
CF,ODALO,31.646381,-8.491478,0,MAK,278.9,20.0,99.0,5.0,2,6000,0,0,0,0,0,0
CF,CI10,31.619083,-8.172211,0,MAR,279.0,8.0,99.0,16.4,2,3200,0,0,0,0,0,0

APPTR,I10,10,MAK
IF,MAK,31.612750,-8.103028, ,0.0,0.0,2,3200,0,1,210,0,0,0
CF,D309G,31.676522,-8.205733,0,MAK,309.0,6.5,279.0,6.0,0,0,0,0,0,0,0,1
CF,CI10,31.619083,-8.172211,1,MAR,279.0,8.0,99.0,2.0,2,3200,0,0,0,0,0,0

APPTR,I10,10,MOKIR
IF,MOKIR,31.340278,-7.612778, ,0.0,0.0,0,0,0,1,220,0,0,0
TF,D126Y,31.385672,-7.694025,0, ,0.0,0.0,0.0,0.0,2,12000,0,0,0,0,0,0
TF,D126J,31.522075,-7.939189,0, ,0.0,0.0,0.0,0.0,2,8000,0,0,0,0,0,0
TF,MAK,31.612750,-8.103028,0, ,0.0,0.0,0.0,0.0,2,5000,0,0,0,0,0,0
FD,MAK,31.612750,-8.103028,0,MAK,0.0,8.0,305.0,8.0,0,0,0,1,210,0,0,0
CF,CI10,31.619083,-8.172211,1,MAR,279.0,8.0,99.0,5.0,2,3200,0,0,0,0,0,0

APPTR,I10,10,OBOG1
IF,OBOGA,31.837778,-7.814167, ,0.0,0.0,0,0,0,1,220,0,0,0
CF,MAK,31.612750,-8.103028,0,MAK,0.0,0.0,231.0,20.0,2,5000,0,0,0,0,0,0
FD,MAK,31.612750,-8.103028,0,MAK,0.0,8.0,305.0,8.0,0,0,0,1,210,0,0,0
CF,CI10,31.619083,-8.172211,1,MAR,279.0,8.0,99.0,5.0,2,3200,0,0,0,0,0,0

APPTR,I10,10,OBOG2
IF,OBOGA,31.837778,-7.814167, ,0.0,0.0,0,0,0,1,220,0,0,0
CI,0, ,0.0,231.0,0,0,0,0,0,0,0,0
AF,D354M,31.827203,-8.142811,1,MAK,354.0,13.0,51.0,2,6500,0,0,0,0,0,0
AF,D288M,31.668711,-8.348261,1,MAK,288.0,13.0,354.0,2,5000,0,0,0,0,0,0
CF,CI10,31.619083,-8.172211,0,MAR,279.0,8.0,99.0,10.0,2,3200,0,0,0,0,0,0

APPTR,I10,10,ODALO
IF,ODALO,31.646381,-8.491478, ,0.0,0.0,2,6000,0,0,0,0,0,0
CF,CI10,31.619083,-8.172211,0,MAR,279.0,8.0,99.0,16.4,2,3200,0,0,0,0,0,0

FINAL,I10,10,I,3
IF,CI10,31.619083,-8.172211,MAR,279.0,8.0,2,3200,0,0,0,0,0,0
CF,FF10,31.617222,-8.152778,0,MAR,278.9,7.0,99.0,1.0,1,3200,0,0,0,0,2,0
CF,RW10,31.608333,-8.052519,0,MAR,278.9,1.8,99.0,5.2,1,1557,0,0,0,0,3,0
CA,0,99.0,2,1950,0,0,0,0,0,0
CF,D099A,31.604914,-8.013811,0,MAK,98.8,4.6,99.0,1.0,2,2000,0,1,185,0,0,1
DF,MAK,31.612750,-8.103028,2, ,0.0,0.0,1,3200,0,0,0,0,0,0

APPTR,R10,10,LANBA
IF,LANBA,31.835958,-8.393822, ,0.0,0.0,2,6000,0,1,250,0,1,0
TF,MX102,31.631561,-8.316717,0, ,0.0,0.0,0.0,0.0,2,3200,0,1,220,0,1,0

APPTR,R10,10,ODALO
IF,ODALO,31.646381,-8.491478, ,0.0,0.0,1,6000,0,1,250,0,1,0
TF,MX102,31.631561,-8.316717,0, ,0.0,0.0,0.0,0.0,2,3200,0,1,220,0,1,0

APPTR,R10,10,SIVSO
IF,SIVSO,31.465525,-8.339722, ,0.0,0.0,2,6000,0,1,250,0,1,0
TF,MX102,31.631561,-8.316717,0, ,0.0,0.0,0.0,0.0,2,3200,0,1,220,0,1,0

FINAL,R10,10,R,3
IF,MX102,31.631561,-8.316717, ,0.0,0.0,2,3200,0,1,220,0,0,0
TF,MX104,31.617322,-8.153594,0, ,0.0,0.0,99.0,8.4,1,3200,0,1,185,0,2,0
TF,MX106,31.609953,-8.070108,0, ,0.0,0.0,99.0,4.3,1,1846,0,1,185,0,3,1
FA,MX106,31.609953,-8.070108,0,MAK,0.0,0.0,99.0,2,2000,0,1,185,0,0,0
DF,MX608,31.507667,-8.166819,2, ,0.0,0.0,2,4500,0,1,220,0,0,1
TF,ODALO,31.646381,-8.491478,0, ,0.0,0.0,0.0,0.0,1,6000,0,1,220,0,0,0
HM,ODALO,31.646381,-8.491478,2, ,0.0,0.0,99.0,04.3,0,0,0,1,220,0,0,0,0

APPTR,R28,28,KUGAD
IF,KUGAD,31.669906,-7.801975, ,0.0,0.0,2,5500,0,1,210,0,1,0
TF,RINPA,31.586939,-7.811869,0, ,0.0,0.0,0.0,0.0,2,4300,0,1,200,0,1,0

APPTR,R28,28,MX283
IF,MX283,31.503806,-7.822514, ,0.0,0.0,2,5500,0,1,210,0,1,0
TF,RINPA,31.586939,-7.811869,0, ,0.0,0.0,0.0,0.0,2,4300,0,1,200,0,1,0

FINAL,R28,28,R,3
IF,RINPA,31.586939,-7.811869, ,0.0,0.0,2,4300,0,1,200,0,0,0
TF,MX281,31.596486,-7.918611,0, ,0.0,0.0,278.0,5.5,1,3200,0,1,185,0,2,0
TF,RW28,31.605461,-8.020017,0, ,0.0,0.0,278.0,5.2,1,1595,0,1,185,0,3,1
TF,ODALO,31.646381,-8.491478,0, ,0.0,0.0,0.0,0.0,1,6000,0,1,220,0,0,1
HM,ODALO,31.646381,-8.491478,2, ,0.0,0.0,98.0,04.3,2,6000,0,1,220,0,0,0,0

