STAR,APNE1A,33,5
IF,APNEX,1.995539,40.985931, ,0.0,0.0,0,0,0,0,0,0,0,0
TF,PURIT,1.626553,40.282781,0, ,0.0,0.0,0.0,0.0,1,5000,0,0,0,0,0,0

STAR,APNE1B,15,5
IF,APNEX,1.995539,40.985931, ,0.0,0.0,0,0,0,0,0,0,0,0
TF,APKEM,1.941814,40.052706,0, ,0.0,0.0,0.0,0.0,1,5000,0,0,0,0,0,0

STAR,DUNL1A,33,5
IF,DUNLI,2.568267,40.242619, ,0.0,0.0,0,0,0,0,0,0,0,0
TF,PURIT,1.626553,40.282781,0, ,0.0,0.0,0.0,0.0,1,5000,0,0,0,0,0,0

STAR,DUNL1B,15,5
IF,DUNLI,2.568267,40.242619, ,0.0,0.0,0,0,0,0,0,0,0,0
TF,APKEM,1.941814,40.052706,0, ,0.0,0.0,0.0,0.0,1,5000,0,0,0,0,0,0

STAR,ENAB1A,33,5
IF,ENABO,0.997192,41.000964, ,0.0,0.0,0,0,0,0,0,0,0,0
TF,EPVEM,1.501036,40.246175,0, ,0.0,0.0,0.0,0.0,1,5000,0,0,0,0,0,0

STAR,ENOR1A,33,5
IF,ENORA,0.973136,40.012506, ,0.0,0.0,0,0,0,0,0,0,0,0
TF,AVAVO,1.523958,40.130719,0, ,0.0,0.0,0.0,0.0,1,5000,0,0,0,0,0,0

STAR,ENOR1B,15,5
IF,ENORA,0.973136,40.012506, ,0.0,0.0,0,0,0,0,0,0,0,0
TF,DUVRA,1.848544,39.914447,0, ,0.0,0.0,0.0,0.0,1,5000,0,0,0,0,0,0

STAR,EXOD1A,33,5
IF,EXODA,0.961014,39.503494, ,0.0,0.0,0,0,0,0,0,0,0,0
TF,AVAVO,1.523958,40.130719,0, ,0.0,0.0,0.0,0.0,1,5000,0,0,0,0,0,0

STAR,EXOD1B,15,5
IF,EXODA,0.961014,39.503494, ,0.0,0.0,0,0,0,0,0,0,0,0
TF,DUVRA,1.848544,39.914447,0, ,0.0,0.0,0.0,0.0,1,5000,0,0,0,0,0,0

STAR,GEVA1A,33,5
IF,GEVAV,1.034606,39.351342, ,0.0,0.0,0,0,0,0,0,0,0,0
TF,AVAVO,1.523958,40.130719,0, ,0.0,0.0,0.0,0.0,1,5000,0,0,0,0,0,0

STAR,GEVA1B,15,5
IF,GEVAV,1.034606,39.351342, ,0.0,0.0,0,0,0,0,0,0,0,0
TF,DUVRA,1.848544,39.914447,0, ,0.0,0.0,0.0,0.0,1,5000,0,0,0,0,0,0

STAR,OKNA1A,33,5
IF,OKNAV,2.397997,40.604008, ,0.0,0.0,0,0,0,0,0,0,0,0
TF,PURIT,1.626553,40.282781,0, ,0.0,0.0,0.0,0.0,1,5000,0,0,0,0,0,0

STAR,OKNA1B,15,5
IF,OKNAV,2.397997,40.604008, ,0.0,0.0,0,0,0,0,0,0,0,0
TF,APKEM,1.941814,40.052706,0, ,0.0,0.0,0.0,0.0,1,5000,0,0,0,0,0,0

STAR,OXEN1A,33,5
IF,OXENA,1.181647,39.268069, ,0.0,0.0,0,0,0,0,0,0,0,0
TF,AVAVO,1.523958,40.130719,0, ,0.0,0.0,0.0,0.0,1,5000,0,0,0,0,0,0

STAR,OXEN1B,15,5
IF,OXENA,1.181647,39.268069, ,0.0,0.0,0,0,0,0,0,0,0,0
TF,DUVRA,1.848544,39.914447,0, ,0.0,0.0,0.0,0.0,1,5000,0,0,0,0,0,0

APPTR,D15,15,WAV
IF,WAV,1.746814,40.082425, ,0.0,0.0,2,5000,0,0,0,0,1,0
CF,FD15,1.839844,40.020061,0,WAV,325.0,6.7,325.0,6.7,2,3000,0,0,0,0,0,0
FC,FD15,1.839844,40.020061,0,WAV,0.0,0.0,10.0,4.3,0,0,0,0,0,0,0,1
CF,FD15,1.839844,40.020061,1,WAV,325.0,6.7,145.0,5.0,2,3000,0,0,0,0,0,0

FINAL,D15,15,D,2
IF,FD15,1.839844,40.020061,WAV,325.0,6.7,2,3000,0,0,0,0,2,0
CF,WAV,1.746814,40.082425,0,WAV,0.0,0.0,145.0,6.7,1,881,0,0,0,0,3,0
VA,0,145.0,2,3000,0,0,0,0,0,0
DF,WAV,1.746814,40.082425,1, ,0.0,0.0,0,0,0,0,0,0,0,0
HM,WAV,1.746814,40.082425,2, ,0.0,0.0,325.0,04.3,0,0,0,1,230,0,0,0,0

APPTR,D33,33,WAV
IF,WAV,1.746814,40.082425, ,0.0,0.0,2,5000,0,0,0,0,1,0
CF,FD33,1.626008,40.163394,0,WAV,145.0,8.7,145.0,8.7,2,3000,0,0,0,0,0,0
FC,FD33,1.626008,40.163394,0,WAV,0.0,0.0,100.0,4.3,0,0,0,0,0,0,0,1
CF,FD33,1.626008,40.163394,2,WAV,145.0,8.7,325.0,5.0,2,3000,0,0,0,0,0,0

FINAL,D33,33,D,2
IF,FD33,1.626008,40.163394,WAV,145.0,8.7,2,3000,0,0,0,0,2,0
CF,RW33,1.722647,40.098533,0,WAV,145.2,1.7,325.0,7.0,1,793,0,0,0,0,3,0
VA,0,325.0,2,3000,0,0,0,0,0,0
DF,WAV,1.746814,40.082425,2, ,0.0,0.0,1,5000,0,0,0,0,0,0
HM,WAV,1.746814,40.082425,1, ,0.0,0.0,145.0,04.3,0,0,0,1,230,0,0,0,0

APPTR,R15,15,APKEM
IF,APKEM,1.941814,40.052706, ,0.0,0.0,2,5000,0,0,0,0,1,0
TF,WJ203,1.895192,39.983564,0, ,0.0,0.0,0.0,0.0,2,3000,0,0,0,0,1,0

APPTR,R15,15,DUVRA
IF,DUVRA,1.848544,39.914447, ,0.0,0.0,2,5000,0,0,0,0,1,0
TF,WJ203,1.895192,39.983564,0, ,0.0,0.0,0.0,0.0,2,3000,0,0,0,0,1,0

APPTR,R15,15,GEPIN
IF,GEPIN,1.964736,39.937225, ,0.0,0.0,2,5000,0,0,0,0,1,0
TF,WJ203,1.895192,39.983564,0, ,0.0,0.0,0.0,0.0,2,3000,0,0,0,0,1,0

FINAL,R15,15,R,3
IF,WJ203,1.895192,39.983564, ,0.0,0.0,2,3000,0,0,0,0,0,0
TF,WJ204,1.839547,40.020644,0, ,0.0,0.0,145.0,4.0,1,3000,0,0,0,0,2,0
TF,RW15,1.743686,40.084519,0, ,0.0,0.0,145.0,6.9,1,807,0,0,0,0,3,1
TF,EPVEM,1.501036,40.246175,0, ,0.0,0.0,0.0,0.0,1,5000,0,0,0,0,0,1
HM,EPVEM,1.501036,40.246175,2, ,0.0,0.0,325.0,04.3,1,5000,0,1,230,0,0,0,0

APPTR,R33,33,AVAVO
IF,AVAVO,1.523958,40.130719, ,0.0,0.0,2,5000,0,0,0,0,1,0
TF,WJ201,1.570594,40.199836,0, ,0.0,0.0,0.0,0.0,2,3000,0,0,0,0,1,0

APPTR,R33,33,EPVEM
IF,EPVEM,1.501036,40.246175, ,0.0,0.0,2,5000,0,0,0,0,1,0
TF,WJ201,1.570594,40.199836,0, ,0.0,0.0,0.0,0.0,2,3000,0,0,0,0,1,0

APPTR,R33,33,PURIT
IF,PURIT,1.626553,40.282781, ,0.0,0.0,2,5000,0,0,0,0,1,0
TF,WJ201,1.570594,40.199836,0, ,0.0,0.0,0.0,0.0,2,3000,0,0,0,0,1,0

FINAL,R33,33,R,3
IF,WJ201,1.570594,40.199836, ,0.0,0.0,2,3000,0,0,0,0,0,0
TF,WJ202,1.626239,40.162764,0, ,0.0,0.0,325.0,4.0,1,3000,0,0,0,0,2,0
TF,RW33,1.722647,40.098533,0, ,0.0,0.0,325.0,6.9,1,793,0,0,0,0,3,1
TF,GEPIN,1.964736,39.937225,0, ,0.0,0.0,0.0,0.0,1,5000,0,0,0,0,0,1
HM,GEPIN,1.964736,39.937225,1, ,0.0,0.0,145.0,04.3,1,5000,0,1,230,0,0,0,0

