APPTR,R17,17,BRADY
IF,BRADY,40.945286,-97.995836, ,0.0,0.0,0,0,0,0,0,0,1,0
TF,ZIGIS,40.848811,-98.084711,0, ,0.0,0.0,0.0,0.0,2,4100,0,0,0,0,1,0

APPTR,R17,17,GRI
IF,GRI,40.984028,-98.314778, ,0.0,0.0,0,0,0,0,0,0,1,0
TF,ZIGIS,40.848811,-98.084711,0, ,0.0,0.0,0.0,0.0,2,4100,0,0,0,0,1,0

APPTR,R17,17,HSI
IF,HSI,40.604536,-98.429617, ,0.0,0.0,0,0,0,0,0,0,0,0
TF,ZIGIS,40.848811,-98.084711,0, ,0.0,0.0,0.0,0.0,2,4100,0,0,0,0,0,1
HF,ZIGIS,40.848811,-98.084711,1, ,0.0,0.0,175.0,04,2,4100,0,0,0,0,1,0,0

FINAL,R17,17,R,4
IF,ZIGIS,40.848811,-98.084711, ,0.0,0.0,2,4100,0,0,0,0,0,0
TF,TEYVU,40.747117,-98.083564,0, ,0.0,0.0,175.0,6.1,2,3600,0,0,0,0,2,0
TF,HINEK,40.682378,-98.082836,0, ,0.0,0.0,175.0,3.9,2,2360,0,0,0,0,0,0
TF,RW17,40.655694,-98.082536,0, ,0.0,0.0,175.0,1.6,1,1854,0,0,0,0,3,1
CA,0,175.0,2,2102,0,0,0,0,0,0
DF,CHALS,40.467700,-98.080431,0, ,0.0,0.0,2,4000,0,0,0,0,0,1
HM,CHALS,40.467700,-98.080431,1, ,0.0,0.0,355.0,04,0,0,0,0,0,0,0,0,0

APPTR,R35,35,CHALS
HF,CHALS,40.467700,-98.080431,1, ,0.0,0.0,355.0,04,2,4000,0,0,0,0,1,0,0

APPTR,R35,35,HSI
IF,HSI,40.604536,-98.429617, ,0.0,0.0,0,0,0,0,0,0,0,0
TF,KUWUC,40.466769,-98.211450,0, ,0.0,0.0,0.0,0.0,2,4000,0,0,0,0,1,0
TF,CHALS,40.467700,-98.080431,0, ,0.0,0.0,0.0,0.0,2,4000,0,0,0,0,1,0

APPTR,R35,35,NUCDI
IF,NUCDI,40.751242,-97.672161, ,0.0,0.0,0,0,0,0,0,0,0,0
TF,HULUN,40.468481,-97.949408,0, ,0.0,0.0,0.0,0.0,2,4000,0,0,0,0,1,0
TF,CHALS,40.467700,-98.080431,0, ,0.0,0.0,0.0,0.0,2,4000,0,0,0,0,1,0

APPTR,R35,35,SUEKI
IF,SUEKI,40.455367,-97.578117, ,0.0,0.0,0,0,0,0,0,0,0,0
TF,HULUN,40.468481,-97.949408,0, ,0.0,0.0,0.0,0.0,2,4000,0,0,0,0,1,0
TF,CHALS,40.467700,-98.080431,0, ,0.0,0.0,0.0,0.0,2,4000,0,0,0,0,1,0

FINAL,R35,35,R,3
IF,CHALS,40.467700,-98.080431, ,0.0,0.0,2,4000,0,0,0,0,0,0
TF,PENEW,40.569350,-98.081569,0, ,0.0,0.0,355.0,6.1,2,3300,0,0,0,0,2,0
TF,RW35,40.645481,-98.082422,0, ,0.0,0.0,355.0,4.6,1,1846,0,0,0,0,3,1
CA,0,355.0,2,2043,0,0,0,0,0,0
DF,ZIGIS,40.848811,-98.084711,0, ,0.0,0.0,2,4100,0,0,0,0,0,1
HM,ZIGIS,40.848811,-98.084711,1, ,0.0,0.0,175.0,04,0,0,0,0,0,0,0,0,0

