APPTR,R08,08,CYOTE
IF,CYOTE,34.959914,-106.379111, ,0.0,0.0,0,0,0,0,0,0,1,0
TF,RIDSE,34.982367,-106.266169,0, ,0.0,0.0,0.0,0.0,2,9700,0,0,0,0,1,0

APPTR,R08,08,RIDSE
HF,RIDSE,34.982367,-106.266169,2, ,0.0,0.0,79.0,06,2,9700,0,0,0,0,1,0,0

FINAL,R08,08,R,3
IF,RIDSE,34.982367,-106.266169, ,0.0,0.0,2,9700,0,0,0,0,0,0
TF,ORNEE,34.982339,-106.155178,0, ,0.0,0.0,79.0,5.5,2,8400,0,0,0,0,2,0
TF,RW08,34.982297,-106.017911,0, ,0.0,0.0,79.0,6.8,1,6244,0,0,0,0,3,1
CA,0,79.0,2,6454,0,0,0,0,0,0
DF,PIETA,34.981697,-105.777817,0, ,0.0,0.0,2,8700,0,0,0,0,0,1
HM,PIETA,34.981697,-105.777817,2, ,0.0,0.0,259.0,07,0,0,0,0,0,0,0,0,0

APPTR,R26,26,MEKUE
IF,MEKUE,34.924831,-105.626533, ,0.0,0.0,0,0,0,0,0,0,1,0
TF,PIETA,34.981697,-105.777817,0, ,0.0,0.0,0.0,0.0,2,8700,0,0,0,0,1,0

APPTR,R26,26,OTO
IF,OTO,35.072269,-105.936081, ,0.0,0.0,0,0,0,0,0,0,0,0
TF,PIETA,34.981697,-105.777817,0, ,0.0,0.0,0.0,0.0,2,8700,0,0,0,0,0,1
HF,PIETA,34.981697,-105.777817,2, ,0.0,0.0,259.0,07,2,8700,0,0,0,0,1,0,0

APPTR,R26,26,SALGE
IF,SALGE,35.082992,-105.668617, ,0.0,0.0,0,0,0,0,0,0,1,0
TF,PIETA,34.981697,-105.777817,0, ,0.0,0.0,0.0,0.0,2,8700,0,0,0,0,1,0

FINAL,R26,26,R,3
IF,PIETA,34.981697,-105.777817, ,0.0,0.0,2,8700,0,0,0,0,0,0
TF,SOWAR,34.981994,-105.872864,0, ,0.0,0.0,259.0,4.7,2,8100,0,0,0,0,2,0
TF,RW26,34.982258,-105.992208,0, ,0.0,0.0,259.0,5.9,1,6226,0,0,0,0,3,1
CA,0,259.0,2,6443,0,0,0,0,0,0
DF,RIDSE,34.982367,-106.266169,0, ,0.0,0.0,2,9700,0,0,0,0,0,1
HM,RIDSE,34.982367,-106.266169,2, ,0.0,0.0,79.0,06,0,0,0,1,210,0,0,0,0

