APPTR,R04,04,AGIGY
HF,AGIGY,36.550597,-84.517856,2, ,0.0,0.0,40.0,05,2,4700,0,0,0,0,1,0,0

FINAL,R04,04,R,4
IF,AGIGY,36.550597,-84.517856, ,0.0,0.0,2,4700,0,0,0,0,0,0
TF,DELSY,36.632472,-84.446478,0, ,0.0,0.0,40.0,6.0,2,2800,0,0,0,0,2,0
TF,BEZIL,36.664722,-84.418308,0, ,0.0,0.0,40.0,2.4,2,2040,0,0,0,0,0,0
TF,RW04,36.692011,-84.394450,0, ,0.0,0.0,40.0,2.0,1,1410,0,0,0,0,3,1
CA,0,40.0,2,1780,0,0,0,0,0,0
DF,CRORE,36.849850,-84.256064,0, ,0.0,0.0,2,4000,0,0,0,0,0,1
HM,CRORE,36.849850,-84.256064,2, ,0.0,0.0,220.0,04,0,0,0,0,0,0,0,0,0

APPTR,R22,22,CRORE
HF,CRORE,36.849850,-84.256064,2, ,0.0,0.0,220.0,04,2,4000,0,0,0,0,1,0,0

FINAL,R22,22,R,4
IF,CRORE,36.849850,-84.256064, ,0.0,0.0,2,4000,0,0,0,0,0,0
TF,OARED,36.768047,-84.327875,0, ,0.0,0.0,220.0,6.0,2,3000,0,0,0,0,2,0
TF,ZUVOL,36.719197,-84.370631,0, ,0.0,0.0,220.0,3.6,2,1860,0,0,0,0,0,0
TF,RW22,36.698747,-84.388561,0, ,0.0,0.0,220.0,1.5,1,1382,0,0,0,0,3,1
CA,0,220.0,2,1780,0,0,0,0,0,0
DF,AGIGY,36.550597,-84.517856,0, ,0.0,0.0,2,4700,0,0,0,0,0,1
HM,AGIGY,36.550597,-84.517856,2, ,0.0,0.0,40.0,05,0,0,0,0,0,0,0,0,0

