APPTR,R16,16,ANSYN
IF,ANSYN,44.746122,-70.002508, ,0.0,0.0,0,0,0,0,0,0,0,0
TF,ZEVAT,45.088794,-69.516469,0, ,0.0,0.0,0.0,0.0,2,3500,0,0,0,0,1,0
TF,ANUDE,45.127519,-69.386294,0, ,0.0,0.0,0.0,0.0,2,3000,0,0,0,0,1,0

APPTR,R16,16,AUG
IF,AUG,44.320019,-69.796564, ,0.0,0.0,0,0,0,0,0,0,0,0
TF,ZEVAT,45.088794,-69.516469,0, ,0.0,0.0,0.0,0.0,2,3000,0,0,0,0,1,0
TF,ANUDE,45.127519,-69.386294,0, ,0.0,0.0,0.0,0.0,2,3000,0,0,0,0,1,0

APPTR,R16,16,WRAPT
IF,WRAPT,45.526931,-69.350025, ,0.0,0.0,0,0,0,0,0,0,0,0
TF,DEEBA,45.243856,-69.374172,0, ,0.0,0.0,0.0,0.0,2,5000,0,0,0,0,1,0
TF,ANUDE,45.127519,-69.386294,0, ,0.0,0.0,0.0,0.0,2,3000,0,0,0,0,1,0

FINAL,R16,16,R,3
IF,ANUDE,45.127519,-69.386294, ,0.0,0.0,2,3000,0,0,0,0,0,0
TF,FERIM,45.065211,-69.310317,0, ,0.0,0.0,157.0,4.9,2,2000,0,0,0,0,2,0
TF,RW16,45.008164,-69.240956,0, ,0.0,0.0,157.0,4.5,1,561,0,0,0,0,3,1
CA,0,157.0,2,933,0,0,0,0,0,0
DF,ATVUW,44.868586,-69.072011,0, ,0.0,0.0,2,3000,0,0,0,0,0,1
HM,ATVUW,44.868586,-69.072011,1, ,0.0,0.0,337.0,04,0,0,0,0,0,0,0,0,0

APPTR,R34,34,ATVUW
HF,ATVUW,44.868586,-69.072011,1, ,0.0,0.0,337.0,04,2,3000,0,0,0,0,1,0,0

APPTR,R34,34,BGR
IF,BGR,44.841794,-68.873967, ,0.0,0.0,0,0,0,0,0,0,1,0
TF,ATVUW,44.868586,-69.072011,0, ,0.0,0.0,0.0,0.0,2,3000,0,0,0,0,1,0

APPTR,R34,34,RAZZR
IF,RAZZR,44.221253,-69.586736, ,0.0,0.0,0,0,0,0,0,0,0,0
TF,WUGES,44.731208,-69.072011,0, ,0.0,0.0,0.0,0.0,2,3000,0,0,0,0,1,0
TF,ATVUW,44.868586,-69.072011,0, ,0.0,0.0,0.0,0.0,2,3000,0,0,0,0,1,0

FINAL,R34,34,R,3
IF,ATVUW,44.868586,-69.072011, ,0.0,0.0,2,3000,0,0,0,0,0,0
TF,IKMOW,44.944947,-69.164300,0, ,0.0,0.0,337.0,6.0,2,2000,0,0,0,0,2,0
TF,RW34,45.001914,-69.233367,0, ,0.0,0.0,337.0,4.5,1,564,0,0,0,0,3,1
CA,0,337.0,2,933,0,0,0,0,0,0
DF,ATVUW,44.868586,-69.072011,1, ,0.0,0.0,2,3000,0,0,0,0,0,1
HM,ATVUW,44.868586,-69.072011,1, ,0.0,0.0,337.0,04,0,0,0,0,0,0,0,0,0

