APPTR,D03-A,03,HLI
IF,HLI,34.770244,-89.496519, ,0.0,0.0,2,2300,0,0,0,0,1,0
TF,TIRED,34.750678,-89.295608,0, ,0.0,0.0,0.0,0.0,2,2300,0,0,0,0,1,0

FINAL,D03-A,03,D,3
IF,TIRED,34.750678,-89.295608,HLI,93.7,10.0,2,2300,0,0,0,0,0,0
CF,NUTTE,34.730761,-89.094814,0,HLI,93.7,20.0,94.0,10.0,2,2300,0,0,0,0,2,0
CF,MACVE,34.723025,-89.017736,0,HLI,93.7,23.8,94.0,3.8,1,1100,0,0,0,0,3,0
CA,0,94.0,2,1100,0,0,0,0,0,0
VI,1, ,0.0,251.0,0,0,0,0,0,0,0,0
CF,HLI,34.770244,-89.496519,0,HLI,0.0,0.0,274.0,17.0,2,3000,0,0,0,0,0,0
HM,HLI,34.770244,-89.496519,2,HLI,0.0,0.0,292.0,04.3,0,0,0,0,0,0,0,0,0

APPTR,D21-A,21,HLI
IF,HLI,34.770244,-89.496519, ,0.0,0.0,2,2300,0,0,0,0,1,0
TF,TIRED,34.750678,-89.295608,0, ,0.0,0.0,0.0,0.0,2,2300,0,0,0,0,1,0

FINAL,D21-A,21,D,3
IF,TIRED,34.750678,-89.295608,HLI,93.7,10.0,2,2300,0,0,0,0,0,0
CF,NUTTE,34.730761,-89.094814,0,HLI,93.7,20.0,94.0,10.0,2,2300,0,0,0,0,2,0
CF,MACVE,34.723025,-89.017736,0,HLI,93.7,23.8,94.0,3.8,1,1100,0,0,0,0,3,0
CA,0,94.0,2,1100,0,0,0,0,0,0
VI,1, ,0.0,251.0,0,0,0,0,0,0,0,0
CF,HLI,34.770244,-89.496519,0,HLI,0.0,0.0,274.0,17.0,2,3000,0,0,0,0,0,0
HM,HLI,34.770244,-89.496519,2,HLI,0.0,0.0,292.0,04.3,0,0,0,0,0,0,0,0,0

APPTR,R03,03,CEDAS
HF,CEDAS,34.560139,-89.136192,2, ,0.0,0.0,33.0,05,2,2500,0,0,0,0,1,0,0

APPTR,R03,03,HONSA
IF,HONSA,34.516292,-89.050347, ,0.0,0.0,2,2500,0,0,0,0,1,0
TF,CEDAS,34.560139,-89.136192,0, ,0.0,0.0,0.0,0.0,2,2500,0,0,0,0,1,0

APPTR,R03,03,HOPSO
IF,HOPSO,34.603922,-89.222119, ,0.0,0.0,2,2500,0,0,0,0,1,0
TF,CEDAS,34.560139,-89.136192,0, ,0.0,0.0,0.0,0.0,2,2500,0,0,0,0,1,0

FINAL,R03,03,R,4
IF,CEDAS,34.560139,-89.136192, ,0.0,0.0,2,2500,0,0,0,0,0,0
TF,FIGEK,34.646089,-89.072036,0, ,0.0,0.0,33.0,6.1,2,2400,0,0,0,0,2,0
TF,HOXOS,34.686353,-89.041928,0, ,0.0,0.0,33.0,2.8,2,1300,0,0,0,0,0,0
TF,RW03,34.717594,-89.018544,0, ,0.0,0.0,33.0,2.2,1,473,0,0,0,0,3,1
CA,0,33.0,2,867,0,0,0,0,0,0
DF,HADAG,34.888064,-88.890544,0, ,0.0,0.0,2,2400,0,0,0,0,0,1
HM,HADAG,34.888064,-88.890544,2, ,0.0,0.0,213.0,05,0,0,0,0,0,0,0,0,0

APPTR,R21,21,CATVU
IF,CATVU,34.932031,-88.976675, ,0.0,0.0,2,2400,0,0,0,0,1,0
TF,HADAG,34.888064,-88.890544,0, ,0.0,0.0,0.0,0.0,2,2400,0,0,0,0,1,0

APPTR,R21,21,HADAG
HF,HADAG,34.888064,-88.890544,2, ,0.0,0.0,213.0,05,2,2400,0,0,0,0,1,0,0

APPTR,R21,21,HOTGO
IF,HOTGO,34.844036,-88.804506, ,0.0,0.0,2,2500,0,0,0,0,1,0
TF,HADAG,34.888064,-88.890544,0, ,0.0,0.0,0.0,0.0,2,2400,0,0,0,0,1,0

FINAL,R21,21,R,4
IF,HADAG,34.888064,-88.890544, ,0.0,0.0,2,2400,0,0,0,0,0,0
TF,JUSNO,34.802217,-88.955083,0, ,0.0,0.0,213.0,6.1,2,2200,0,0,0,0,2,0
TF,JIDAD,34.760531,-88.986367,0, ,0.0,0.0,213.0,2.9,2,1220,0,0,0,0,0,0
TF,RW21,34.727878,-89.010842,0, ,0.0,0.0,213.0,2.3,1,507,0,0,0,0,3,1
CA,0,213.0,2,867,0,0,0,0,0,0
DF,CEDAS,34.560139,-89.136192,0, ,0.0,0.0,2,2500,0,0,0,0,0,1
HM,CEDAS,34.560139,-89.136192,2, ,0.0,0.0,33.0,05,0,0,0,0,0,0,0,0,0

