APPTR,R13,13,NOVME
HF,NOVME,33.110922,-82.608069,2, ,0.0,0.0,127.0,04,2,3000,0,0,0,0,1,0,0

FINAL,R13,13,R,4
IF,NOVME,33.110922,-82.608069, ,0.0,0.0,2,3000,0,0,0,0,0,0
TF,WEMXO,33.037017,-82.475889,0, ,0.0,0.0,127.0,8.0,2,2000,0,0,0,0,2,0
TF,ZONUD,33.013806,-82.434472,0, ,0.0,0.0,127.0,2.5,2,1200,0,0,0,0,0,0
TF,RW13,32.989742,-82.391586,0, ,0.0,0.0,127.0,2.6,1,373,0,0,0,0,3,1
CA,0,127.0,2,1000,0,0,0,0,0,0
DF,NOVME,33.110922,-82.608069,2, ,0.0,0.0,2,3000,0,0,0,0,0,1
HM,NOVME,33.110922,-82.608069,2, ,0.0,0.0,127.0,04,0,0,0,0,0,0,0,0,0

APPTR,R31,31,IRXEF
HF,IRXEF,32.859533,-82.160392,2, ,0.0,0.0,307.0,04,2,3000,0,0,0,0,1,0,0

FINAL,R31,31,R,4
IF,IRXEF,32.859533,-82.160392, ,0.0,0.0,2,3000,0,0,0,0,0,0
TF,UTENE,32.933778,-82.292042,0, ,0.0,0.0,307.0,8.0,2,2000,0,0,0,0,2,0
TF,ZAMEP,32.958036,-82.335156,0, ,0.0,0.0,307.0,2.6,2,1160,0,0,0,0,0,0
TF,RW31,32.982119,-82.378011,0, ,0.0,0.0,307.0,2.6,1,339,0,0,0,0,3,1
CA,0,307.0,2,1000,0,0,0,0,0,0
DF,IRXEF,32.859533,-82.160392,1, ,0.0,0.0,2,3000,0,0,0,0,0,1
HM,IRXEF,32.859533,-82.160392,2, ,0.0,0.0,307.0,04,0,0,0,0,0,0,0,0,0

