STAR,GSH7,FWA,1
IF,FWA,40.979064,-85.188058, ,0.0,0.0,0,0,0,0,0,0,0,0
TF,BAGEL,41.515975,-85.613689,0, ,0.0,0.0,0.0,0.0,0,0,0,0,0,0,0,0
TF,GSH,41.525156,-86.027953,0, ,0.0,0.0,0.0,0.0,0,0,0,0,0,0,0,0

STAR,GSH7,LFD,1
IF,LFD,42.062489,-84.765133, ,0.0,0.0,0,0,0,0,0,0,0,0
TF,BAGEL,41.515975,-85.613689,0, ,0.0,0.0,0.0,0.0,0,0,0,0,0,0,0,0
TF,GSH,41.525156,-86.027953,0, ,0.0,0.0,0.0,0.0,0,0,0,0,0,0,0,0

STAR,GSH7,ALL,2
IF,GSH,41.525156,-86.027953, ,0.0,0.0,0,0,0,0,0,0,0,0
TF,MEGGZ,41.523411,-86.395736,0, ,0.0,0.0,0.0,0.0,0,0,0,0,0,0,0,0
TF,AWSUM,41.522150,-86.573153,0, ,0.0,0.0,0.0,0.0,0,0,0,0,0,0,0,0
TF,IROCK,41.519092,-86.905197,0, ,0.0,0.0,0.0,0.0,0,0,0,0,0,0,0,0
TF,HALIE,41.516069,-87.158875,0, ,0.0,0.0,0.0,0.0,0,0,0,0,0,0,0,0
TF,CGT,41.510006,-87.571547,0, ,0.0,0.0,0.0,0.0,0,0,0,0,0,0,0,0

STAR,LUCIT1,EDENS,4
IF,EDENS,41.116392,-90.048528, ,0.0,0.0,0,0,0,0,0,0,0,0
TF,HERWK,41.188464,-88.498447,0, ,0.0,0.0,0.0,0.0,1,10000,0,1,280,0,0,0
TF,UJEAN,41.207264,-88.087153,0, ,0.0,0.0,0.0,0.0,1,10000,0,1,250,0,0,0
TF,LUCIT,41.232342,-87.423722,0, ,0.0,0.0,0.0,0.0,1,4000,0,0,0,0,0,0

STAR,LUCIT1,MACES,4
IF,MACES,40.003681,-86.722950, ,0.0,0.0,0,0,0,0,0,0,0,0
TF,KKOPA,40.180458,-86.833108,0, ,0.0,0.0,0.0,0.0,1,24000,0,0,0,0,0,0
TF,HLMIT,40.647956,-87.110894,0, ,0.0,0.0,0.0,0.0,4,14000,11000,0,0,0,0,0
TF,POSOC,40.808153,-87.199797,0, ,0.0,0.0,0.0,0.0,1,11000,0,0,0,0,0,0
TF,GRIDZ,40.966439,-87.282236,0, ,0.0,0.0,0.0,0.0,4,10000,6000,0,0,0,0,0
TF,LUCIT,41.232342,-87.423722,0, ,0.0,0.0,0.0,0.0,1,4000,0,0,0,0,0,0

STAR,LUCIT1,SOHOW,4
IF,SOHOW,39.840381,-89.677064, ,0.0,0.0,0,0,0,0,0,0,0,0
TF,HAAYQ,40.286594,-89.214119,0, ,0.0,0.0,0.0,0.0,1,24000,0,0,0,0,0,0
TF,WUNTZ,40.425853,-89.071956,0, ,0.0,0.0,0.0,0.0,0,0,0,0,0,0,0,0
TF,COOKS,40.545231,-88.765158,0, ,0.0,0.0,0.0,0.0,4,19000,17000,0,0,0,0,0
TF,DABOZ,40.663842,-88.502097,0, ,0.0,0.0,0.0,0.0,1,17000,0,0,0,0,0,0
TF,USTIS,40.762225,-88.296547,0, ,0.0,0.0,0.0,0.0,1,15000,0,0,0,0,0,0
TF,WYDIK,41.003589,-87.756769,0, ,0.0,0.0,0.0,0.0,4,11000,7000,0,0,0,0,0
TF,LUCIT,41.232342,-87.423722,0, ,0.0,0.0,0.0,0.0,1,4000,0,0,0,0,0,0

STAR,LUCIT1,ALL,5
IF,LUCIT,41.232342,-87.423722, ,0.0,0.0,1,4000,0,0,0,0,0,0
TF,YOGRT,41.400306,-87.418950,0, ,0.0,0.0,0.0,0.0,0,0,0,0,0,0,0,1
FM,YOGRT,41.400306,-87.418950,0,OBK,0.0,0.0,39.0,0,0,0,0,0,0,0,0

