APPTR,D04-A,04,CPN
PI,CPN,46.032000,-112.747528,2,CPN,52.0,10.0,097,5.0,2,9500,0,0,0,0,1,0
CF,ROJGE,46.006267,-112.659281,0,CPN,96.7,4.0,277.0,6.0,2,8300,0,0,0,0,0,0
TF,CPN,46.032000,-112.747528,0, ,0.0,0.0,0.0,0.0,2,7500,0,0,0,0,0,0

APPTR,D04-A,04,HIA
IF,HIA,45.861789,-112.169608, ,0.0,0.0,0,0,0,0,0,0,1,0
TF,MARRG,45.967536,-112.527067,0, ,0.0,0.0,0.0,0.0,2,9500,0,0,0,0,0,0
TF,ROJGE,46.006267,-112.659281,0, ,0.0,0.0,0.0,0.0,2,8300,0,0,0,0,0,0
TF,CPN,46.032000,-112.747528,0, ,0.0,0.0,0.0,0.0,2,7500,0,0,0,0,0,0

FINAL,D04-A,04,D,3
IF,CPN,46.032000,-112.747528,CPN,0.0,0.0,2,7500,0,0,0,0,2,0
CF,35VOR,46.078561,-112.797958,0,CPN,307.0,3.5,307.0,3.5,2,6540,0,0,0,0,0,0
CF,MAPKK,46.145042,-112.870150,0,CPN,307.0,8.5,307.0,5.0,1,6540,0,0,0,0,3,0
CA,0,307.0,2,6540,0,0,0,0,0,0
VI,0, ,0.0,30.0,0,0,0,0,0,0,0,0
CF,GLUES,46.432558,-112.727289,0,CPN,346.0,24.1,346.0,6.0,2,9200,0,0,0,0,0,0
HM,GLUES,46.432558,-112.727289,1, ,0.0,0.0,166.0,04.3,0,0,0,0,0,0,0,0,0

APPTR,D17-A,17,CPN
PI,CPN,46.032000,-112.747528,2,CPN,52.0,10.0,097,5.0,2,9500,0,0,0,0,1,0
CF,ROJGE,46.006267,-112.659281,0,CPN,96.7,4.0,277.0,6.0,2,8300,0,0,0,0,0,0
TF,CPN,46.032000,-112.747528,0, ,0.0,0.0,0.0,0.0,2,7500,0,0,0,0,0,0

APPTR,D17-A,17,HIA
IF,HIA,45.861789,-112.169608, ,0.0,0.0,0,0,0,0,0,0,1,0
TF,MARRG,45.967536,-112.527067,0, ,0.0,0.0,0.0,0.0,2,9500,0,0,0,0,0,0
TF,ROJGE,46.006267,-112.659281,0, ,0.0,0.0,0.0,0.0,2,8300,0,0,0,0,0,0
TF,CPN,46.032000,-112.747528,0, ,0.0,0.0,0.0,0.0,2,7500,0,0,0,0,0,0

FINAL,D17-A,17,D,3
IF,CPN,46.032000,-112.747528,CPN,0.0,0.0,2,7500,0,0,0,0,2,0
CF,35VOR,46.078561,-112.797958,0,CPN,307.0,3.5,307.0,3.5,2,6540,0,0,0,0,0,0
CF,MAPKK,46.145042,-112.870150,0,CPN,307.0,8.5,307.0,5.0,1,6540,0,0,0,0,3,0
CA,0,307.0,2,6540,0,0,0,0,0,0
VI,0, ,0.0,30.0,0,0,0,0,0,0,0,0
CF,GLUES,46.432558,-112.727289,0,CPN,346.0,24.1,346.0,6.0,2,9200,0,0,0,0,0,0
HM,GLUES,46.432558,-112.727289,1, ,0.0,0.0,166.0,04.3,0,0,0,0,0,0,0,0,0

APPTR,D22-A,22,CPN
PI,CPN,46.032000,-112.747528,2,CPN,52.0,10.0,097,5.0,2,9500,0,0,0,0,1,0
CF,ROJGE,46.006267,-112.659281,0,CPN,96.7,4.0,277.0,6.0,2,8300,0,0,0,0,0,0
TF,CPN,46.032000,-112.747528,0, ,0.0,0.0,0.0,0.0,2,7500,0,0,0,0,0,0

APPTR,D22-A,22,HIA
IF,HIA,45.861789,-112.169608, ,0.0,0.0,0,0,0,0,0,0,1,0
TF,MARRG,45.967536,-112.527067,0, ,0.0,0.0,0.0,0.0,2,9500,0,0,0,0,0,0
TF,ROJGE,46.006267,-112.659281,0, ,0.0,0.0,0.0,0.0,2,8300,0,0,0,0,0,0
TF,CPN,46.032000,-112.747528,0, ,0.0,0.0,0.0,0.0,2,7500,0,0,0,0,0,0

FINAL,D22-A,22,D,3
IF,CPN,46.032000,-112.747528,CPN,0.0,0.0,2,7500,0,0,0,0,2,0
CF,35VOR,46.078561,-112.797958,0,CPN,307.0,3.5,307.0,3.5,2,6540,0,0,0,0,0,0
CF,MAPKK,46.145042,-112.870150,0,CPN,307.0,8.5,307.0,5.0,1,6540,0,0,0,0,3,0
CA,0,307.0,2,6540,0,0,0,0,0,0
VI,0, ,0.0,30.0,0,0,0,0,0,0,0,0
CF,GLUES,46.432558,-112.727289,0,CPN,346.0,24.1,346.0,6.0,2,9200,0,0,0,0,0,0
HM,GLUES,46.432558,-112.727289,1, ,0.0,0.0,166.0,04.3,0,0,0,0,0,0,0,0,0

APPTR,D35-A,35,CPN
PI,CPN,46.032000,-112.747528,2,CPN,52.0,10.0,097,5.0,2,9500,0,0,0,0,1,0
CF,ROJGE,46.006267,-112.659281,0,CPN,96.7,4.0,277.0,6.0,2,8300,0,0,0,0,0,0
TF,CPN,46.032000,-112.747528,0, ,0.0,0.0,0.0,0.0,2,7500,0,0,0,0,0,0

APPTR,D35-A,35,HIA
IF,HIA,45.861789,-112.169608, ,0.0,0.0,0,0,0,0,0,0,1,0
TF,MARRG,45.967536,-112.527067,0, ,0.0,0.0,0.0,0.0,2,9500,0,0,0,0,0,0
TF,ROJGE,46.006267,-112.659281,0, ,0.0,0.0,0.0,0.0,2,8300,0,0,0,0,0,0
TF,CPN,46.032000,-112.747528,0, ,0.0,0.0,0.0,0.0,2,7500,0,0,0,0,0,0

FINAL,D35-A,35,D,3
IF,CPN,46.032000,-112.747528,CPN,0.0,0.0,2,7500,0,0,0,0,2,0
CF,35VOR,46.078561,-112.797958,0,CPN,307.0,3.5,307.0,3.5,2,6540,0,0,0,0,0,0
CF,MAPKK,46.145042,-112.870150,0,CPN,307.0,8.5,307.0,5.0,1,6540,0,0,0,0,3,0
CA,0,307.0,2,6540,0,0,0,0,0,0
VI,0, ,0.0,30.0,0,0,0,0,0,0,0,0
CF,GLUES,46.432558,-112.727289,0,CPN,346.0,24.1,346.0,6.0,2,9200,0,0,0,0,0,0
HM,GLUES,46.432558,-112.727289,1, ,0.0,0.0,166.0,04.3,0,0,0,0,0,0,0,0,0

