APPTR,D18,18,LOA
HF,LOA,31.124017,-95.967956,2, ,0.0,0.0,168.0,04.3,2,2000,0,0,0,0,1,0,0

FINAL,D18,18,D,3
IF,LOA,31.124017,-95.967956,LOA,0.0,0.0,2,2000,0,0,0,0,0,0
CF,OWZUT,30.990711,-95.957081,0,LOA,168.0,8.0,168.0,8.0,2,1800,0,0,0,0,2,0
CF,RW18,30.917169,-95.951100,0,LOA,168.0,12.4,168.0,4.4,1,327,0,0,0,0,3,0
CA,0,168.0,2,1500,0,0,0,0,0,0
DF,LOA,31.124017,-95.967956,2, ,0.0,0.0,2,2000,0,0,0,0,0,0
HM,LOA,31.124017,-95.967956,2, ,0.0,0.0,168.0,04.3,0,0,0,0,0,0,0,0,0

APPTR,R18,18,LOA
IF,LOA,31.124017,-95.967956, ,0.0,0.0,0,0,0,0,0,0,1,0
TF,HESST,31.075539,-95.918358,0, ,0.0,0.0,0.0,0.0,2,2000,0,0,0,0,1,0

FINAL,R18,18,R,3
IF,HESST,31.075539,-95.918358, ,0.0,0.0,2,2000,0,0,0,0,0,0
TF,NALSY,30.993314,-95.935372,0, ,0.0,0.0,183.0,5.0,2,1800,0,0,0,0,2,0
TF,RW18,30.917169,-95.951100,0, ,0.0,0.0,183.0,4.6,1,327,0,0,0,0,3,0
CA,0,183.0,2,1500,0,0,0,0,0,0
DF,LOA,31.124017,-95.967956,2, ,0.0,0.0,2,2100,0,0,0,0,0,0
HM,LOA,31.124017,-95.967956,2, ,0.0,0.0,132.0,04,0,0,0,0,0,0,0,0,0

APPTR,R36,36,CLL
IF,CLL,30.605003,-96.420681, ,0.0,0.0,0,0,0,0,0,0,0,0
TF,NAMIL,30.744033,-95.986772,0, ,0.0,0.0,0.0,0.0,2,3000,0,0,0,0,0,0
HF,NAMIL,30.744033,-95.986772,2, ,0.0,0.0,3.0,04,0,0,0,0,0,0,1,0,0

APPTR,R36,36,LOA
IF,LOA,31.124017,-95.967956, ,0.0,0.0,0,0,0,0,0,0,0,0
TF,NAMIL,30.744033,-95.986772,0, ,0.0,0.0,0.0,0.0,2,3000,0,0,0,0,0,0
HF,NAMIL,30.744033,-95.986772,2, ,0.0,0.0,3.0,04,0,0,0,0,0,0,1,0,0

FINAL,R36,36,R,3
IF,NAMIL,30.744033,-95.986772, ,0.0,0.0,2,3000,0,0,0,0,0,0
TF,TELNY,30.826269,-95.969844,0, ,0.0,0.0,3.0,5.0,2,1900,0,0,0,0,2,0
TF,RW36,30.908503,-95.952889,0, ,0.0,0.0,3.0,5.0,1,300,0,0,0,0,3,0
CA,0,3.0,2,1000,0,0,0,0,0,0
DF,NAMIL,30.744033,-95.986772,2, ,0.0,0.0,2,3000,0,0,0,0,0,0
HM,NAMIL,30.744033,-95.986772,2, ,0.0,0.0,3.0,04,0,0,0,0,0,0,0,0,0

