APPTR,R18,18,JUPES
HF,JUPES,34.613492,-86.929953,2, ,0.0,0.0,184.0,04,2,3000,0,0,0,0,1,0,0

FINAL,R18,18,R,4
IF,JUPES,34.613492,-86.929953, ,0.0,0.0,2,3000,0,0,0,0,0,0
TF,KIYET,34.503933,-86.931553,0, ,0.0,0.0,184.0,6.6,2,2400,0,0,0,0,2,0
TF,ZIVEP,34.451564,-86.932314,0, ,0.0,0.0,184.0,3.1,2,1400,0,0,0,0,0,0
TF,RW18,34.413167,-86.932872,0, ,0.0,0.0,184.0,2.3,1,669,0,0,0,0,3,1
CA,0,184.0,2,1028,0,0,0,0,0,0
DF,ZOVOR,34.194597,-86.936042,0, ,0.0,0.0,2,3100,0,0,0,0,0,1
HM,ZOVOR,34.194597,-86.936042,2, ,0.0,0.0,4.0,04,0,0,0,0,0,0,0,0,0

APPTR,R36,36,ZOVOR
HF,ZOVOR,34.194597,-86.936042,2, ,0.0,0.0,4.0,04,2,3100,0,0,0,0,1,0,0

FINAL,R36,36,R,4
IF,ZOVOR,34.194597,-86.936042, ,0.0,0.0,2,3100,0,0,0,0,0,0
TF,QECKE,34.300128,-86.934514,0, ,0.0,0.0,4.0,6.3,2,2600,0,0,0,0,2,0
TF,TERYO,34.353194,-86.933744,0, ,0.0,0.0,4.0,3.2,2,1580,0,0,0,0,0,0
TF,RW36,34.403278,-86.933017,0, ,0.0,0.0,4.0,3.0,1,632,0,0,0,0,3,1
CA,0,4.0,2,1020,0,0,0,0,0,0
DF,JUPES,34.613492,-86.929953,0, ,0.0,0.0,2,3000,0,0,0,0,0,1
HM,JUPES,34.613492,-86.929953,2, ,0.0,0.0,184.0,04,0,0,0,0,0,0,0,0,0

