APPTR,R12,12,JOVOK
HF,JOVOK,31.538581,-88.367814,2, ,0.0,0.0,121.0,04,2,2000,0,0,0,0,1,0,0

FINAL,R12,12,R,4
IF,JOVOK,31.538581,-88.367814, ,0.0,0.0,2,2000,0,0,0,0,0,0
TF,CEVUN,31.496439,-88.283647,0, ,0.0,0.0,121.0,5.0,2,1800,0,0,0,0,2,0
TF,UZJEP,31.471900,-88.234719,0, ,0.0,0.0,121.0,2.9,2,860,0,0,0,0,0,0
TF,RW12,31.454169,-88.199408,0, ,0.0,0.0,121.0,2.1,1,205,0,0,0,0,3,1
CA,0,121.0,2,566,0,0,0,0,0,0
DF,WIPAR,31.363222,-88.018753,0, ,0.0,0.0,2,2000,0,0,0,0,0,1
HM,WIPAR,31.363222,-88.018753,2, ,0.0,0.0,301.0,04,0,0,0,0,0,0,0,0,0

APPTR,R30,30,WIPAR
HF,WIPAR,31.363222,-88.018753,2, ,0.0,0.0,301.0,04,2,2000,0,0,0,0,1,0,0

FINAL,R30,30,R,4
IF,WIPAR,31.363222,-88.018753, ,0.0,0.0,2,2000,0,0,0,0,0,0
TF,ZEDEG,31.405531,-88.102689,0, ,0.0,0.0,301.0,5.0,2,1800,0,0,0,0,2,0
TF,YOSLU,31.430303,-88.151917,0, ,0.0,0.0,301.0,2.9,2,860,0,0,0,0,0,0
TF,RW30,31.448886,-88.188892,0, ,0.0,0.0,301.0,2.2,1,166,0,0,0,0,3,1
CA,0,301.0,2,566,0,0,0,0,0,0
DF,JOVOK,31.538581,-88.367814,0, ,0.0,0.0,2,2000,0,0,0,0,0,1
HM,JOVOK,31.538581,-88.367814,2, ,0.0,0.0,121.0,04,0,0,0,0,0,0,0,0,0

