APPTR,R01,01,NEONS
HF,NEONS,34.158153,-92.396156,2, ,0.0,0.0,12.0,04,2,1900,0,0,0,0,1,0,0

FINAL,R01,01,R,3
IF,NEONS,34.158153,-92.396156, ,0.0,0.0,2,1900,0,0,0,0,0,0
TF,ECROS,34.239689,-92.374597,0, ,0.0,0.0,12.0,5.0,2,1900,0,0,0,0,2,0
TF,RW01,34.323228,-92.352464,0, ,0.0,0.0,12.0,5.1,1,269,0,0,0,0,3,1
CA,0,12.0,2,636,0,0,0,0,0,0
DF,JOVES,34.529097,-92.297731,0, ,0.0,0.0,2,2100,0,0,0,0,0,1
HM,JOVES,34.529097,-92.297731,2, ,0.0,0.0,192.0,04,0,0,0,0,0,0,0,0,0

APPTR,R19,19,JOVES
HF,JOVES,34.529097,-92.297731,2, ,0.0,0.0,192.0,04,2,2100,0,0,0,0,1,0,0

FINAL,R19,19,R,4
IF,JOVES,34.529097,-92.297731, ,0.0,0.0,2,2100,0,0,0,0,0,0
TF,BUNYA,34.414969,-92.328106,0, ,0.0,0.0,192.0,7.0,2,1900,0,0,0,0,2,0
TF,PYINS,34.362800,-92.341964,0, ,0.0,0.0,192.0,3.2,2,880,0,0,0,0,0,0
TF,RW19,34.331822,-92.350183,0, ,0.0,0.0,192.0,1.9,1,276,0,0,0,0,3,1
CA,0,192.0,2,590,0,0,0,0,0,0
DF,NEONS,34.158153,-92.396156,0, ,0.0,0.0,2,1900,0,0,0,0,0,1
HM,NEONS,34.158153,-92.396156,2, ,0.0,0.0,12.0,04,0,0,0,0,0,0,0,0,0

