APPTR,R08,08,BREED
IF,BREED,45.384106,-119.803000, ,0.0,0.0,0,0,0,0,0,0,0,0
TF,CELIB,45.482947,-119.955736,0, ,0.0,0.0,0.0,0.0,2,4400,0,0,0,0,0,0
HF,CELIB,45.482947,-119.955736,2, ,0.0,0.0,82.0,04,2,4400,0,0,0,0,1,0,0

APPTR,R08,08,LOAMS
IF,LOAMS,45.563111,-119.600908, ,0.0,0.0,0,0,0,0,0,0,0,0
TF,CELIB,45.482947,-119.955736,0, ,0.0,0.0,0.0,0.0,2,4400,0,0,0,0,0,0
HF,CELIB,45.482947,-119.955736,2, ,0.0,0.0,82.0,04,2,4400,0,0,0,0,1,0,0

APPTR,R08,08,LTJ
IF,LTJ,45.713583,-121.100833, ,0.0,0.0,0,0,0,0,0,0,0,0
TF,FODIN,45.538642,-120.179100,0, ,0.0,0.0,0.0,0.0,2,5500,0,0,0,0,1,0
TF,CELIB,45.482947,-119.955736,0, ,0.0,0.0,0.0,0.0,2,4400,0,0,0,0,1,0

FINAL,R08,08,R,3
IF,CELIB,45.482947,-119.955736, ,0.0,0.0,2,4400,0,0,0,0,0,0
TF,FAVDA,45.467500,-119.812683,0, ,0.0,0.0,82.0,6.1,2,3200,0,0,0,0,2,0
TF,WALDA,45.455664,-119.704117,0, ,0.0,0.0,82.0,4.6,1,1707,0,0,0,0,3,1
CA,0,82.0,2,2120,0,0,0,0,0,0
DF,CELIB,45.482947,-119.955736,1, ,0.0,0.0,2,4400,0,0,0,0,0,1
HM,CELIB,45.482947,-119.955736,2, ,0.0,0.0,82.0,04,0,0,0,0,0,0,0,0,0

APPTR,R08-A,08,ECHOD
IF,ECHOD,45.643831,-119.208481, ,0.0,0.0,0,0,0,0,0,0,1,0
TF,HUBAT,45.585806,-119.491392,0, ,0.0,0.0,0.0,0.0,2,4000,0,0,0,0,1,0

FINAL,R08-A,08,R,3
IF,HUBAT,45.585806,-119.491392, ,0.0,0.0,2,4000,0,0,0,0,0,0
TF,JOLEX,45.513428,-119.600894,0, ,0.0,0.0,210.0,6.3,2,3300,0,0,0,0,2,0
TF,FOGAL,45.456542,-119.686650,0, ,0.0,0.0,210.0,5.0,1,2520,0,0,0,0,3,0
CA,0,210.0,2,2520,0,0,0,0,0,0
DF,DILAC,45.431369,-119.724511,0, ,0.0,0.0,2,2520,0,0,0,0,0,0
TF,CELIB,45.482947,-119.955736,0, ,0.0,0.0,0.0,0.0,2,4400,0,0,0,0,0,0
HM,CELIB,45.482947,-119.955736,2, ,0.0,0.0,82.0,04,0,0,0,0,0,0,0,0,0

APPTR,R26-A,26,ECHOD
IF,ECHOD,45.643831,-119.208481, ,0.0,0.0,0,0,0,0,0,0,1,0
TF,HUBAT,45.585806,-119.491392,0, ,0.0,0.0,0.0,0.0,2,4000,0,0,0,0,1,0

FINAL,R26-A,26,R,3
IF,HUBAT,45.585806,-119.491392, ,0.0,0.0,2,4000,0,0,0,0,0,0
TF,JOLEX,45.513428,-119.600894,0, ,0.0,0.0,210.0,6.3,2,3300,0,0,0,0,2,0
TF,FOGAL,45.456542,-119.686650,0, ,0.0,0.0,210.0,5.0,1,2520,0,0,0,0,3,0
CA,0,210.0,2,2520,0,0,0,0,0,0
DF,DILAC,45.431369,-119.724511,0, ,0.0,0.0,2,2520,0,0,0,0,0,0
TF,CELIB,45.482947,-119.955736,0, ,0.0,0.0,0.0,0.0,2,4400,0,0,0,0,0,0
HM,CELIB,45.482947,-119.955736,2, ,0.0,0.0,82.0,04,0,0,0,0,0,0,0,0,0

