APPTR,I23,23,FRAUD
IF,FRAUD,32.280192,-83.905478, ,0.0,0.0,0,0,0,0,0,0,1,0
TF,OSOXE,32.290719,-83.969331,0, ,0.0,0.0,0.0,0.0,2,2500,0,0,0,0,0,0
CF,LIDBE,32.268447,-83.996458,0,IACJ,49.8,14.3,230.0,1.9,2,2500,0,0,0,0,1,0

APPTR,I23,23,PZD
IF,PZD,31.655206,-84.293100, ,0.0,0.0,0,0,0,0,0,0,0,0
TF,LKG,32.174478,-84.108158,0, ,0.0,0.0,0.0,0.0,2,2500,0,0,0,0,0,0
HF,LKG,32.174478,-84.108158,2, ,0.0,0.0,230.0,04.3,2,2500,0,0,0,0,1,0,0

APPTR,I23,23,VNA
IF,VNA,32.213442,-83.497256, ,0.0,0.0,0,0,0,0,0,0,0,0
TF,LKG,32.174478,-84.108158,0, ,0.0,0.0,0.0,0.0,2,2500,0,0,0,0,0,0
HF,LKG,32.174478,-84.108158,2, ,0.0,0.0,230.0,04.3,2,2500,0,0,0,0,1,0,0

APPTR,I23,23,WILMS
IF,WILMS,32.347756,-84.342125, ,0.0,0.0,0,0,0,0,0,0,0,0
TF,LKG,32.174478,-84.108158,0, ,0.0,0.0,0.0,0.0,2,2500,0,0,0,0,0,0
HF,LKG,32.174478,-84.108158,2, ,0.0,0.0,230.0,04.3,2,2500,0,0,0,0,1,0,0

FINAL,I23,23,I,3
IF,LIDBE,32.268447,-83.996458,IACJ,49.8,14.3,2,2500,0,0,0,0,0,0
CF,OVZES,32.180853,-84.102867,0,IACJ,49.8,6.7,230.0,7.5,1,2300,0,0,0,0,2,0
CF,RW23,32.115886,-84.181586,0,IACJ,49.8,1.2,230.0,5.6,1,521,0,0,0,0,3,0
CA,0,230.0,2,1100,0,0,0,0,0,0
DF,LKG,32.174478,-84.108158,1, ,0.0,0.0,2,2500,0,0,0,0,0,0
HM,LKG,32.174478,-84.108158,2, ,0.0,0.0,230.0,04.3,0,0,0,0,0,0,0,0,0

APPTR,L23,23,FRAUD
IF,FRAUD,32.280192,-83.905478, ,0.0,0.0,0,0,0,0,0,0,1,0
TF,OSOXE,32.290719,-83.969331,0, ,0.0,0.0,0.0,0.0,2,2500,0,0,0,0,0,0
CF,LIDBE,32.268447,-83.996458,0,IACJ,49.8,14.3,230.0,1.9,2,2500,0,0,0,0,1,0

APPTR,L23,23,PZD
IF,PZD,31.655206,-84.293100, ,0.0,0.0,0,0,0,0,0,0,0,0
TF,LKG,32.174478,-84.108158,0, ,0.0,0.0,0.0,0.0,2,2500,0,0,0,0,0,0
HF,LKG,32.174478,-84.108158,2, ,0.0,0.0,230.0,04.3,2,2500,0,0,0,0,1,0,0

APPTR,L23,23,VNA
IF,VNA,32.213442,-83.497256, ,0.0,0.0,0,0,0,0,0,0,0,0
TF,LKG,32.174478,-84.108158,0, ,0.0,0.0,0.0,0.0,2,2500,0,0,0,0,0,0
HF,LKG,32.174478,-84.108158,2, ,0.0,0.0,230.0,04.3,2,2500,0,0,0,0,1,0,0

APPTR,L23,23,WILMS
IF,WILMS,32.347756,-84.342125, ,0.0,0.0,0,0,0,0,0,0,0,0
TF,LKG,32.174478,-84.108158,0, ,0.0,0.0,0.0,0.0,2,2500,0,0,0,0,0,0
HF,LKG,32.174478,-84.108158,2, ,0.0,0.0,230.0,04.3,2,2500,0,0,0,0,1,0,0

FINAL,L23,23,D,3
IF,LIDBE,32.268447,-83.996458,IACJ,49.8,14.3,2,2500,0,0,0,0,0,0
CF,LKG,32.174478,-84.108158,0,IACJ,50.6,6.3,230.0,8.0,2,2300,0,0,0,0,2,0
CF,RW23,32.115886,-84.181586,0,IACJ,49.8,1.2,230.0,5.1,1,521,0,0,0,0,3,0
CA,0,230.0,2,1100,0,0,0,0,0,0
DF,LKG,32.174478,-84.108158,1, ,0.0,0.0,2,2500,0,0,0,0,0,0
HM,LKG,32.174478,-84.108158,2, ,0.0,0.0,230.0,04.3,0,0,0,0,0,0,0,0,0

APPTR,R05,05,CANPO
IF,CANPO,32.038628,-84.502003, ,0.0,0.0,2,2600,0,0,0,0,1,0
TF,JIMOP,31.976294,-84.350136,0, ,0.0,0.0,0.0,0.0,2,2600,0,0,0,0,1,0

APPTR,R05,05,JIMOP
HF,JIMOP,31.976294,-84.350136,2, ,0.0,0.0,50.0,04,2,2600,0,0,0,0,1,0,0

APPTR,R05,05,RUMTE
IF,RUMTE,31.845303,-84.281050, ,0.0,0.0,2,2600,0,0,0,0,1,0
TF,JIMOP,31.976294,-84.350136,0, ,0.0,0.0,0.0,0.0,2,2600,0,0,0,0,1,0

FINAL,R05,05,R,4
IF,JIMOP,31.976294,-84.350136, ,0.0,0.0,2,2600,0,0,0,0,0,0
TF,GUMKE,32.042731,-84.270019,0, ,0.0,0.0,50.0,5.7,2,2200,0,0,0,0,2,0
TF,CATLO,32.082267,-84.222253,0, ,0.0,0.0,50.0,3.4,2,1100,0,0,0,0,0,0
TF,RW05,32.104378,-84.195514,0, ,0.0,0.0,50.0,1.9,1,513,0,0,0,0,3,1
CA,0,50.0,2,718,0,0,0,0,0,0
DF,HASER,32.243800,-84.026483,0, ,0.0,0.0,2,2600,0,0,0,0,0,1
HM,HASER,32.243800,-84.026483,2, ,0.0,0.0,230.0,04,0,0,0,0,0,0,0,0,0

APPTR,R23,23,CATNA
IF,CATNA,32.374911,-84.095539, ,0.0,0.0,2,2600,0,0,0,0,1,0
TF,HASER,32.243800,-84.026483,0, ,0.0,0.0,0.0,0.0,2,2600,0,0,0,0,1,0

APPTR,R23,23,HASER
HF,HASER,32.243800,-84.026483,2, ,0.0,0.0,230.0,04,2,2600,0,0,0,0,1,0,0

APPTR,R23,23,SAPNE
IF,SAPNE,32.180925,-83.874586, ,0.0,0.0,2,2600,0,0,0,0,1,0
TF,HASER,32.243800,-84.026483,0, ,0.0,0.0,0.0,0.0,2,2600,0,0,0,0,1,0

FINAL,R23,23,R,3
IF,HASER,32.243800,-84.026483, ,0.0,0.0,2,2600,0,0,0,0,0,0
TF,FEDLO,32.177836,-84.106525,0, ,0.0,0.0,230.0,5.7,2,2200,0,0,0,0,2,0
TF,RW23,32.115886,-84.181586,0, ,0.0,0.0,230.0,5.3,1,504,0,0,0,0,3,1
CA,0,230.0,2,755,0,0,0,0,0,0
DF,JIMOP,31.976294,-84.350136,0, ,0.0,0.0,2,2600,0,0,0,0,0,1
HM,JIMOP,31.976294,-84.350136,2, ,0.0,0.0,50.0,04,0,0,0,0,0,0,0,0,0

