SID,COULT6,09,1
VM,0,0,0,89.0,0,0,0,0,0,0,0,0
CF,TAXEE,44.702581,-92.492656,0,GEP,119.0,46.0,119.0,40.0,0,0,0,0,0,0,0,0

SID,COULT6,18,1
VM,0,0,0,179.0,0,0,0,0,0,0,0,0
CF,TAXEE,44.702581,-92.492656,0,GEP,119.0,46.0,119.0,42.0,0,0,0,0,0,0,0,0

SID,COULT6,27,1
VM,0,0,0,269.0,0,0,0,0,0,0,0,0
CF,TAXEE,44.702581,-92.492656,0,GEP,119.0,46.0,119.0,50.0,0,0,0,0,0,0,0,0

SID,COULT6,36,1
VM,0,0,0,359.0,0,0,0,0,0,0,0,0
CF,TAXEE,44.702581,-92.492656,0,GEP,119.0,46.0,119.0,45.0,0,0,0,0,0,0,0,0

SID,COULT6,ALL,2
IF,TAXEE,44.702581,-92.492656, ,0.0,0.0,0,0,0,0,0,0,0,0
TF,COULT,44.556625,-92.208439,0, ,0.0,0.0,0.0,0.0,0,0,0,0,0,0,0,0

SID,COULT6,DLL,3
IF,COULT,44.556625,-92.208439, ,0.0,0.0,0,0,0,0,0,0,0,0
TF,LMFRY,44.370731,-91.850469,0, ,0.0,0.0,0.0,0.0,0,0,0,0,0,0,0,0
TF,DLL,43.550833,-89.763622,0, ,0.0,0.0,0.0,0.0,0,0,0,0,0,0,0,0

SID,DWN6,09,1
VM,0,0,0,89.0,0,0,0,0,0,0,0,0
DF,MSP,44.896500,-93.236531,0, ,0.0,0.0,0,0,0,0,0,0,0,0

SID,DWN6,18,1
VM,0,0,0,179.0,0,0,0,0,0,0,0,0
DF,MSP,44.896500,-93.236531,0, ,0.0,0.0,0,0,0,0,0,0,0,0

SID,DWN6,27,1
VM,0,0,0,269.0,0,0,0,0,0,0,0,0
DF,MSP,44.896500,-93.236531,0, ,0.0,0.0,0,0,0,0,0,0,0,0

SID,DWN6,36,1
VM,0,0,0,359.0,0,0,0,0,0,0,0,0
DF,MSP,44.896500,-93.236531,0, ,0.0,0.0,0,0,0,0,0,0,0,0

SID,DWN6,ALL,2
IF,MSP,44.896500,-93.236531, ,0.0,0.0,0,0,0,0,0,0,0,0
TF,INUNE,45.016775,-93.992325,0, ,0.0,0.0,0.0,0.0,0,0,0,0,0,0,0,0
TF,DWN,45.087464,-94.453850,0, ,0.0,0.0,0.0,0.0,2,10000,0,0,0,0,0,0

SID,DWN6,ABR,3
IF,DWN,45.087464,-94.453850, ,0.0,0.0,2,10000,0,0,0,0,0,0
TF,ABR,45.417356,-98.368719,0, ,0.0,0.0,0.0,0.0,0,0,0,0,0,0,0,0

SID,KBREW9,09,1
VM,0,0,0,89.0,0,0,0,0,0,0,0,0
DF,GEP,45.145686,-93.373181,0, ,0.0,0.0,0,0,0,0,0,0,0,0

SID,KBREW9,18,1
VM,0,0,0,179.0,0,0,0,0,0,0,0,0
DF,GEP,45.145686,-93.373181,0, ,0.0,0.0,0,0,0,0,0,0,0,0

SID,KBREW9,27,1
VM,0,0,0,269.0,0,0,0,0,0,0,0,0
DF,GEP,45.145686,-93.373181,0, ,0.0,0.0,0,0,0,0,0,0,0,0

SID,KBREW9,36,1
VM,0,0,0,359.0,0,0,0,0,0,0,0,0
DF,GEP,45.145686,-93.373181,0, ,0.0,0.0,0,0,0,0,0,0,0,0

SID,KBREW9,ALL,2
IF,GEP,45.145686,-93.373181, ,0.0,0.0,0,0,0,0,0,0,0,0
TF,HRBEK,45.314531,-93.806992,0, ,0.0,0.0,0.0,0.0,0,0,0,0,0,0,0,0
TF,HOMUR,45.418211,-94.076806,0, ,0.0,0.0,0.0,0.0,0,0,0,0,0,0,0,0
TF,KBREW,45.584353,-94.514781,0, ,0.0,0.0,0.0,0.0,2,14000,0,0,0,0,0,0

SID,KBREW9,FAR,3
IF,KBREW,45.584353,-94.514781, ,0.0,0.0,2,14000,0,0,0,0,0,0
TF,FAR,46.753339,-96.851317,0, ,0.0,0.0,0.0,0.0,0,0,0,0,0,0,0,0

SID,ORSKY1,09,1
VM,0,0,0,89.0,0,0,0,0,0,0,0,0
DF,MSP,44.896500,-93.236531,0, ,0.0,0.0,0,0,0,0,0,0,0,0

SID,ORSKY1,18,1
VM,0,0,0,179.0,0,0,0,0,0,0,0,0
DF,MSP,44.896500,-93.236531,0, ,0.0,0.0,0,0,0,0,0,0,0,0

SID,ORSKY1,27,1
VM,0,0,0,269.0,0,0,0,0,0,0,0,0
DF,MSP,44.896500,-93.236531,0, ,0.0,0.0,0,0,0,0,0,0,0,0

SID,ORSKY1,36,1
VA,0,359.0,2,1700,0,0,0,0,0,0
VM,0,0,0,359.0,0,0,0,0,0,0,0,0
DF,MSP,44.896500,-93.236531,0, ,0.0,0.0,0,0,0,0,0,0,0,0

SID,ORSKY1,ALL,2
IF,MSP,44.896500,-93.236531, ,0.0,0.0,0,0,0,0,0,0,0,0
TF,JURNY,44.608650,-93.472369,0, ,0.0,0.0,0.0,0.0,0,0,0,0,0,0,0,0
TF,RUMLE,44.421281,-93.624417,0, ,0.0,0.0,0.0,0.0,0,0,0,0,0,0,0,0
TF,PEDLN,44.202661,-93.800389,0, ,0.0,0.0,0.0,0.0,0,0,0,0,0,0,0,0
TF,ORSKY,43.669758,-94.223033,0, ,0.0,0.0,0.0,0.0,0,0,0,0,0,0,0,0

SID,ORSKY1,FOD,3
IF,ORSKY,43.669758,-94.223033, ,0.0,0.0,0,0,0,0,0,0,0,0
TF,FOD,42.611125,-94.294817,0, ,0.0,0.0,0.0,0.0,0,0,0,0,0,0,0,0

SID,ORSKY1,OVR,3
IF,ORSKY,43.669758,-94.223033, ,0.0,0.0,0,0,0,0,0,0,0,0
TF,ONTIJ,43.297633,-94.512906,0, ,0.0,0.0,0.0,0.0,2,12000,0,0,0,0,0,0
TF,GOOLD,42.958586,-94.714178,0, ,0.0,0.0,0.0,0.0,0,0,0,0,0,0,0,0
TF,SIMJI,42.826008,-94.792028,0, ,0.0,0.0,0.0,0.0,0,0,0,0,0,0,0,0
TF,EYHUX,42.435561,-95.019381,0, ,0.0,0.0,0.0,0.0,0,0,0,0,0,0,0,0
TF,TODDO,41.842322,-95.358722,0, ,0.0,0.0,0.0,0.0,0,0,0,0,0,0,0,0
TF,OVR,41.167167,-95.736853,0, ,0.0,0.0,0.0,0.0,0,0,0,0,0,0,0,0

SID,RST9,09,1
VM,0,0,0,89.0,0,0,0,0,0,0,0,0
DF,FGT,44.630944,-93.182053,0, ,0.0,0.0,0,0,0,0,0,0,0,0

SID,RST9,18,1
VM,0,0,0,179.0,0,0,0,0,0,0,0,0
DF,FGT,44.630944,-93.182053,0, ,0.0,0.0,0,0,0,0,0,0,0,0

SID,RST9,27,1
VM,0,0,0,269.0,0,0,0,0,0,0,0,0
DF,FGT,44.630944,-93.182053,0, ,0.0,0.0,0,0,0,0,0,0,0,0

SID,RST9,36,1
VM,0,0,0,359.0,0,0,0,0,0,0,0,0
DF,FGT,44.630944,-93.182053,0, ,0.0,0.0,0,0,0,0,0,0,0,0

SID,RST9,ALL,2
IF,FGT,44.630944,-93.182053, ,0.0,0.0,0,0,0,0,0,0,0,0
TF,FOBUG,44.422211,-93.036294,0, ,0.0,0.0,0.0,0.0,2,4000,0,0,0,0,0,0
TF,DOKTR,44.258078,-92.922478,0, ,0.0,0.0,0.0,0.0,0,0,0,0,0,0,0,0
TF,CORDY,44.123717,-92.829781,0, ,0.0,0.0,0.0,0.0,0,0,0,0,0,0,0,0
TF,RST,43.782903,-92.596961,0, ,0.0,0.0,0.0,0.0,0,0,0,0,0,0,0,0

SID,RST9,ALO,3
IF,RST,43.782903,-92.596961, ,0.0,0.0,0,0,0,0,0,0,0,0
TF,ALO,42.556497,-92.398925,0, ,0.0,0.0,0.0,0.0,0,0,0,0,0,0,0,0

SID,SCHEP9,09,1
VM,0,0,0,89.0,0,0,0,0,0,0,0,0
DF,MSP,44.896500,-93.236531,0, ,0.0,0.0,0,0,0,0,0,0,0,0

SID,SCHEP9,18,1
VM,0,0,0,179.0,0,0,0,0,0,0,0,0
DF,MSP,44.896500,-93.236531,0, ,0.0,0.0,0,0,0,0,0,0,0,0

SID,SCHEP9,27,1
VM,0,0,0,269.0,0,0,0,0,0,0,0,0
DF,MSP,44.896500,-93.236531,0, ,0.0,0.0,0,0,0,0,0,0,0,0

SID,SCHEP9,36,1
VM,0,0,0,359.0,0,0,0,0,0,0,0,0
DF,MSP,44.896500,-93.236531,0, ,0.0,0.0,0,0,0,0,0,0,0,0

SID,SCHEP9,ALL,2
IF,MSP,44.896500,-93.236531, ,0.0,0.0,0,0,0,0,0,0,0,0
TF,HUGIR,44.701206,-93.615900,0, ,0.0,0.0,0.0,0.0,0,0,0,0,0,0,0,0
TF,MCONL,44.583425,-93.842294,0, ,0.0,0.0,0.0,0.0,0,0,0,0,0,0,0,0
TF,ARREX,44.425731,-94.142775,0, ,0.0,0.0,0.0,0.0,2,3100,0,0,0,0,0,0
TF,SCHEP,44.247286,-94.478792,0, ,0.0,0.0,0.0,0.0,2,7000,0,0,0,0,0,0

SID,SCHEP9,OBH,3
IF,SCHEP,44.247286,-94.478792, ,0.0,0.0,2,7000,0,0,0,0,0,0
TF,OTG,43.646917,-95.581958,0, ,0.0,0.0,0.0,0.0,2,16000,0,0,0,0,0,0
TF,OBH,41.375736,-98.353594,0, ,0.0,0.0,0.0,0.0,0,0,0,0,0,0,0,0

SID,SCHEP9,ONL,3
IF,SCHEP,44.247286,-94.478792, ,0.0,0.0,2,7000,0,0,0,0,0,0
TF,OTG,43.646917,-95.581958,0, ,0.0,0.0,0.0,0.0,0,0,0,0,0,0,0,0
TF,ONL,42.470500,-98.686928,0, ,0.0,0.0,0.0,0.0,0,0,0,0,0,0,0,0

SID,WLSTN7,09,1
VM,0,0,0,89.0,0,0,0,0,0,0,0,0
CF,SNINE,45.251878,-92.650803,0,GEP,72.0,31.3,72.0,31.0,0,0,0,0,0,0,0,0
TF,DWIYT,45.303378,-92.287567,0, ,0.0,0.0,0.0,0.0,0,0,0,0,0,0,0,0
TF,WLSTN,45.474011,-91.015353,0, ,0.0,0.0,0.0,0.0,0,0,0,0,0,0,0,0

SID,WLSTN7,18,1
VM,0,0,0,179.0,0,0,0,0,0,0,0,0
CF,SNINE,45.251878,-92.650803,0,GEP,72.0,31.3,72.0,31.0,0,0,0,0,0,0,0,0
TF,DWIYT,45.303378,-92.287567,0, ,0.0,0.0,0.0,0.0,0,0,0,0,0,0,0,0
TF,WLSTN,45.474011,-91.015353,0, ,0.0,0.0,0.0,0.0,0,0,0,0,0,0,0,0

SID,WLSTN7,27,1
VM,0,0,0,269.0,0,0,0,0,0,0,0,0
CF,SNINE,45.251878,-92.650803,0,GEP,72.0,31.3,72.0,31.0,0,0,0,0,0,0,0,0
TF,DWIYT,45.303378,-92.287567,0, ,0.0,0.0,0.0,0.0,0,0,0,0,0,0,0,0
TF,WLSTN,45.474011,-91.015353,0, ,0.0,0.0,0.0,0.0,0,0,0,0,0,0,0,0

SID,WLSTN7,36,1
VM,0,0,0,359.0,0,0,0,0,0,0,0,0
CF,SNINE,45.251878,-92.650803,0,GEP,72.0,31.3,72.0,31.0,0,0,0,0,0,0,0,0
TF,DWIYT,45.303378,-92.287567,0, ,0.0,0.0,0.0,0.0,0,0,0,0,0,0,0,0
TF,WLSTN,45.474011,-91.015353,0, ,0.0,0.0,0.0,0.0,0,0,0,0,0,0,0,0

SID,WLSTN7,GRB,3
IF,WLSTN,45.474011,-91.015353, ,0.0,0.0,0,0,0,0,0,0,0,0
TF,GRB,44.555161,-88.194856,0, ,0.0,0.0,0.0,0.0,0,0,0,0,0,0,0,0

SID,ZMBRO7,09,1
VM,0,0,0,89.0,0,0,0,0,0,0,0,0
DF,MSP,44.896500,-93.236531,0, ,0.0,0.0,0,0,0,0,0,0,0,0

SID,ZMBRO7,18,1
VM,0,0,0,179.0,0,0,0,0,0,0,0,0
DF,MSP,44.896500,-93.236531,0, ,0.0,0.0,0,0,0,0,0,0,0,0

SID,ZMBRO7,27,1
VM,0,0,0,269.0,0,0,0,0,0,0,0,0
DF,MSP,44.896500,-93.236531,0, ,0.0,0.0,0,0,0,0,0,0,0,0

SID,ZMBRO7,36,1
VM,0,0,0,359.0,0,0,0,0,0,0,0,0
DF,MSP,44.896500,-93.236531,0, ,0.0,0.0,0,0,0,0,0,0,0,0

SID,ZMBRO7,ALL,2
IF,MSP,44.896500,-93.236531, ,0.0,0.0,0,0,0,0,0,0,0,0
TF,JEDET,44.461289,-92.727942,0, ,0.0,0.0,0.0,0.0,2,4000,0,0,0,0,0,0
TF,ZMBRO,44.341661,-92.448500,0, ,0.0,0.0,0.0,0.0,0,0,0,0,0,0,0,0

SID,ZMBRO7,ODI,3
IF,ZMBRO,44.341661,-92.448500, ,0.0,0.0,0,0,0,0,0,0,0,0
TF,ODI,43.912328,-91.467517,0, ,0.0,0.0,0.0,0.0,0,0,0,0,0,0,0,0

STAR,AGUDE5,BAE,1
IF,BAE,43.116853,-88.284344, ,0.0,0.0,0,0,0,0,0,0,0,0
TF,BEERI,43.769167,-89.413950,0, ,0.0,0.0,0.0,0.0,0,0,0,0,0,0,0,0
TF,ROBBY,44.075781,-89.960447,0, ,0.0,0.0,0.0,0.0,0,0,0,0,0,0,0,0
TF,EAU,44.897669,-91.478536,0, ,0.0,0.0,0.0,0.0,0,0,0,0,0,0,0,0
TF,AGUDE,45.129356,-92.391942,0, ,0.0,0.0,0.0,0.0,0,0,0,0,0,0,0,0

STAR,AGUDE5,THATS,1
IF,THATS,45.106394,-91.472689, ,0.0,0.0,0,0,0,0,0,0,0,0
TF,AGUDE,45.129356,-92.391942,0, ,0.0,0.0,0.0,0.0,0,0,0,0,0,0,0,0

STAR,AGUDE5,ALL,2
IF,AGUDE,45.129356,-92.391942, ,0.0,0.0,0,0,0,0,0,0,0,0
TF,STILS,45.134394,-92.644783,0, ,0.0,0.0,0.0,0.0,0,0,0,0,0,0,0,0
TF,WHISK,45.139881,-92.962144,0, ,0.0,0.0,0.0,0.0,0,0,0,0,0,0,0,0
TF,GEP,45.145686,-93.373181,0, ,0.0,0.0,0.0,0.0,0,0,0,0,0,0,0,1
FM,GEP,45.145686,-93.373181,0,GEP,0.0,0.0,265.0,0,0,0,0,0,0,0,0

STAR,ENCEE2,FSD,4
IF,FSD,43.649483,-96.781117, ,0.0,0.0,0,0,0,0,0,0,0,0
TF,RAZMU,44.234100,-95.948108,0, ,0.0,0.0,0.0,0.0,0,0,0,0,0,0,0,0
TF,ENCEE,44.586719,-95.433303,0, ,0.0,0.0,0.0,0.0,0,0,0,0,0,0,0,0

STAR,ENCEE2,ALL,5
IF,ENCEE,44.586719,-95.433303, ,0.0,0.0,0,0,0,0,0,0,0,0
TF,WOOOD,44.691336,-94.938194,0, ,0.0,0.0,0.0,0.0,0,0,0,0,0,0,0,0
TF,CASNS,44.771425,-94.550861,0, ,0.0,0.0,0.0,0.0,0,0,0,0,0,0,0,0
TF,MLHOF,44.822947,-94.297681,0, ,0.0,0.0,0.0,0.0,0,0,0,0,0,0,0,0
TF,RIXIE,44.854767,-94.139464,0, ,0.0,0.0,0.0,0.0,0,0,0,0,0,0,0,0
TF,MAYER,44.917992,-93.974744,0, ,0.0,0.0,0.0,0.0,0,0,0,0,0,0,0,0
TF,FUDGE,45.067575,-93.581058,0, ,0.0,0.0,0.0,0.0,0,0,0,0,0,0,0,0
TF,GEP,45.145686,-93.373181,0, ,0.0,0.0,0.0,0.0,0,0,0,0,0,0,0,1
VM,45.144889,-93.210194,0,60.0,0,0,0,0,0,0,0,0

STAR,GEP1,AXN,1
IF,AXN,45.958389,-95.232636, ,0.0,0.0,0,0,0,0,0,0,0,0
TF,GOLLF,45.753636,-93.699503,0, ,0.0,0.0,0.0,0.0,0,0,0,0,0,0,0,0

STAR,GEP1,FAR,1
IF,FAR,46.753339,-96.851317, ,0.0,0.0,0,0,0,0,0,0,0,0
TF,WENNR,46.244497,-95.198681,0, ,0.0,0.0,0.0,0.0,0,0,0,0,0,0,0,0
TF,GOLLF,45.753636,-93.699503,0, ,0.0,0.0,0.0,0.0,0,0,0,0,0,0,0,0

STAR,GEP1,ALL,2
IF,GOLLF,45.753636,-93.699503, ,0.0,0.0,0,0,0,0,0,0,0,0
TF,OLLEE,45.535525,-93.581525,0, ,0.0,0.0,0.0,0.0,0,0,0,0,0,0,0,0
TF,SAUGR,45.348458,-93.481169,0, ,0.0,0.0,0.0,0.0,0,0,0,0,0,0,0,0
TF,GEP,45.145686,-93.373181,0, ,0.0,0.0,0.0,0.0,0,0,0,0,0,0,0,0
TF,VYKES,45.036667,-93.314167,0, ,0.0,0.0,0.0,0.0,0,0,0,0,0,0,0,1

STAR,TWOLF3,FOD,1
IF,FOD,42.611125,-94.294817, ,0.0,0.0,0,0,0,0,0,0,0,0
TF,TICKT,42.895097,-93.983425,0, ,0.0,0.0,0.0,0.0,0,0,0,0,0,0,0,0
TF,TWOLF,43.283372,-93.551431,0, ,0.0,0.0,0.0,0.0,0,0,0,0,0,0,0,0

STAR,TWOLF3,ALL,2
IF,TWOLF,43.283372,-93.551431, ,0.0,0.0,0,0,0,0,0,0,0,0
TF,KGEEE,43.749036,-93.507914,0, ,0.0,0.0,0.0,0.0,0,0,0,0,0,0,0,0
TF,LYNKS,44.114875,-93.473247,0, ,0.0,0.0,0.0,0.0,0,0,0,0,0,0,0,0
TF,TRGET,44.231272,-93.462125,0, ,0.0,0.0,0.0,0.0,0,0,0,0,0,0,0,0
TF,FCM,44.825350,-93.442689,0, ,0.0,0.0,0.0,0.0,0,0,0,0,0,0,0,0

APPTR,I27,27,BLAYN
IF,BLAYN,45.314067,-92.885928, ,0.0,0.0,0,0,0,0,0,0,1,0
AF,D079W,45.177822,-92.833331,2,GEP,79.0,23.0,58.0,2,3100,0,0,0,0,0,0
VI,0,IANE,0.0,239.0,0,0,0,0,0,0,0,0

APPTR,I27,27,STILS
IF,STILS,45.134394,-92.644783, ,0.0,0.0,0,0,0,0,0,0,1,0
CF,JUDAL,45.140864,-92.831647,0,IANE,88.7,16.7,265.0,8.0,2,3100,0,0,0,0,1,0

FINAL,I27,27,I,3
IF,JUDAL,45.140864,-92.831647,IANE,88.7,16.7,2,3100,0,0,0,0,0,0
CF,BOKYA,45.143553,-93.081136,0,IANE,88.7,6.1,269.0,10.6,1,2600,0,0,0,0,2,0
CF,RW27,45.144650,-93.200703,0,IANE,88.7,0.0,269.0,5.1,1,958,0,0,0,0,3,0
CA,0,269.0,2,1320,0,0,0,0,0,0
DF,GEP,45.145686,-93.373181,0, ,0.0,0.0,2,2700,0,0,0,0,0,0
HM,GEP,45.145686,-93.373181,2, ,0.0,0.0,84.0,04.3,0,0,0,0,0,0,0,0,0

APPTR,R09,09,JONNA
IF,JONNA,44.821003,-93.704211, ,0.0,0.0,0,0,0,0,0,0,1,0
TF,HUFFR,45.146842,-93.491572,0, ,0.0,0.0,0.0,0.0,2,3000,0,0,0,0,1,0

APPTR,R09,09,SODIE
IF,SODIE,45.368744,-93.871419, ,0.0,0.0,0,0,0,0,0,0,1,0
TF,HUFFR,45.146842,-93.491572,0, ,0.0,0.0,0.0,0.0,2,3000,0,0,0,0,1,0

FINAL,R09,09,R,3
IF,HUFFR,45.146842,-93.491572, ,0.0,0.0,2,3000,0,0,0,0,0,0
TF,CIRAP,45.145850,-93.347906,0, ,0.0,0.0,89.0,6.1,2,2700,0,0,0,0,2,0
TF,RW09,45.144819,-93.220078,0, ,0.0,0.0,89.0,5.4,1,945,0,0,0,0,3,1
CA,0,89.0,2,1225,0,0,0,0,0,0
DF,JUDAL,45.140864,-92.831647,0, ,0.0,0.0,2,3100,0,0,0,0,0,1
HM,JUDAL,45.140864,-92.831647,2, ,0.0,0.0,269.0,04,0,0,0,0,0,0,0,0,0

APPTR,R18,18,CINCI
IF,CINCI,45.386822,-92.853956, ,0.0,0.0,0,0,0,0,0,0,1,0
TF,RUNRR,45.312819,-93.207169,0, ,0.0,0.0,0.0,0.0,2,2600,0,0,0,0,1,0

APPTR,R18,18,DOCKN
IF,DOCKN,45.462103,-93.390731, ,0.0,0.0,0,0,0,0,0,0,1,0
TF,RUNRR,45.312819,-93.207169,0, ,0.0,0.0,0.0,0.0,2,2600,0,0,0,0,1,0

APPTR,R18,18,GEP
IF,GEP,45.145686,-93.373181, ,0.0,0.0,0,0,0,0,0,0,0,0
TF,RUNRR,45.312819,-93.207169,0, ,0.0,0.0,0.0,0.0,2,2600,0,0,0,0,0,1
HF,RUNRR,45.312819,-93.207169,2, ,0.0,0.0,179.0,04,2,2600,0,0,0,0,1,0,0

FINAL,R18,18,R,3
IF,RUNRR,45.312819,-93.207169, ,0.0,0.0,2,2600,0,0,0,0,0,0
TF,DOZXU,45.211158,-93.208883,0, ,0.0,0.0,179.0,6.1,2,2100,0,0,0,0,2,0
TF,RW18,45.151689,-93.209881,0, ,0.0,0.0,179.0,3.6,1,962,0,0,0,0,3,1
CA,0,179.0,2,1312,0,0,0,0,0,0
DF,RUNRR,45.312819,-93.207169,1, ,0.0,0.0,2,2600,0,0,0,0,0,1
HM,RUNRR,45.312819,-93.207169,2, ,0.0,0.0,179.0,04,0,0,0,0,0,0,0,0,0

APPTR,R27,27,BLAYN
IF,BLAYN,45.314067,-92.885928, ,0.0,0.0,0,0,0,0,0,0,1,0
TF,JUDAL,45.140864,-92.831647,0, ,0.0,0.0,0.0,0.0,2,3100,0,0,0,0,1,0

APPTR,R27,27,STILS
IF,STILS,45.134394,-92.644783, ,0.0,0.0,0,0,0,0,0,0,1,0
TF,JUDAL,45.140864,-92.831647,0, ,0.0,0.0,0.0,0.0,2,3100,0,0,0,0,1,0

FINAL,R27,27,R,4
IF,JUDAL,45.140864,-92.831647, ,0.0,0.0,2,3100,0,0,0,0,0,0
TF,BOKYA,45.143553,-93.081136,0, ,0.0,0.0,269.0,10.6,2,2600,0,0,0,0,2,0
TF,KOGGE,45.144106,-93.139481,0, ,0.0,0.0,269.0,2.5,2,1780,0,0,0,0,0,0
TF,RW27,45.144650,-93.200703,0, ,0.0,0.0,269.0,2.6,1,958,0,0,0,0,3,1
CA,0,269.0,2,1160,0,0,0,0,0,0
DF,OCIBA,45.145078,-93.251561,0, ,0.0,0.0,0,0,0,0,0,0,0,0
TF,GEP,45.145686,-93.373181,0, ,0.0,0.0,0.0,0.0,2,2700,0,0,0,0,0,1
HM,GEP,45.145686,-93.373181,2, ,0.0,0.0,85.0,04,0,0,0,0,0,0,0,0,0

APPTR,S09,09,GEP
PI,GEP,45.145686,-93.373181,2,GEP,219.0,10.0,264,5.0,2,3000,0,0,0,0,1,0
CF,GEP,45.145686,-93.373181,0,GEP,0.0,0.0,84.0,8.0,2,3000,0,0,0,0,0,0

FINAL,S09,09,D,2
IF,GEP,45.145686,-93.373181,GEP,0.0,0.0,2,3000,0,0,0,0,2,0
CF,RW09,45.144819,-93.220078,0,GEP,84.4,6.5,84.0,6.5,1,950,0,0,0,0,3,0
CA,0,84.0,2,1320,0,0,0,0,0,0
DF,GEP,45.145686,-93.373181,1, ,0.0,0.0,2,3000,0,0,0,0,0,0
HM,GEP,45.145686,-93.373181,2, ,0.0,0.0,84.0,04.3,0,0,0,0,0,0,0,0,0

