SID,ANEKE2,17,5
VA,0,172.0,2,8900,0,1,250,0,0,0
DF,MIDAE,36.354942,-105.297903,0, ,0.0,0.0,0,0,0,1,250,0,0,0
TF,ANEKE,36.242686,-105.234744,0, ,0.0,0.0,0.0,0.0,0,0,0,1,250,0,0,0
TF,BOPLE,36.128992,-105.218967,0, ,0.0,0.0,0.0,0.0,0,0,0,1,250,0,0,0
TF,CELAV,36.086078,-105.000850,0, ,0.0,0.0,0.0,0.0,0,0,0,0,0,0,0,0

APPTR,R17,17,FENON
IF,FENON,36.714156,-104.818478, ,0.0,0.0,0,0,0,0,0,0,0,0
TF,GEKTE,36.751717,-105.106086,0, ,0.0,0.0,0.0,0.0,2,12700,0,0,0,0,1,0
TF,OMLEE,36.714631,-105.308242,0, ,0.0,0.0,0.0,0.0,2,12700,0,0,0,0,0,0
TF,CEMOV,36.649556,-105.289753,0, ,0.0,0.0,0.0,0.0,2,12300,0,0,0,0,0,0

APPTR,R17,17,TAS
IF,TAS,36.608769,-105.906319, ,0.0,0.0,0,0,0,0,0,0,0,0
TF,AXIPE,36.706886,-105.608689,0, ,0.0,0.0,0.0,0.0,2,12800,0,0,0,0,1,0
TF,JANUK,36.711783,-105.422194,0, ,0.0,0.0,0.0,0.0,2,12800,0,0,0,0,0,0
TF,OMLEE,36.714631,-105.308242,0, ,0.0,0.0,0.0,0.0,2,12700,0,0,0,0,0,0
TF,CEMOV,36.649556,-105.289753,0, ,0.0,0.0,0.0,0.0,2,12300,0,0,0,0,0,0

FINAL,R17,17,R,3
IF,CEMOV,36.649556,-105.289753, ,0.0,0.0,2,12300,0,0,0,0,0,0
TF,WUDEN,36.600750,-105.275906,0, ,0.0,0.0,157.0,3.0,2,11600,0,0,0,0,2,0
TF,RW17,36.434214,-105.289442,0, ,0.0,0.0,174.0,10.0,1,8362,0,0,0,0,3,1
CA,0,174.0,2,9960,0,0,0,0,0,0
DF,HOMDU,36.378425,-105.293975,0, ,0.0,0.0,2,10600,0,0,0,0,0,0
TF,DEVEC,36.068406,-105.225497,0, ,0.0,0.0,0.0,0.0,2,14000,0,0,0,0,0,1
TF,FTI,35.657550,-105.135597,0, ,0.0,0.0,0.0,0.0,0,0,0,0,0,0,0,1
HM,FTI,35.657550,-105.135597,1, ,0.0,0.0,192.0,04,0,0,0,0,0,0,0,0,0

