APPTR,I21,21,RUDLF
IF,RUDLF,30.223767,-88.944472, ,0.0,0.0,2,2100,0,0,0,0,1,0
AF,D046K,30.532319,-88.774456,1,BIX,46.0,11.0,183.0,2,2100,0,0,0,0,0,0
VI,0,IBIX,0.0,244.0,0,0,0,0,0,0,0,0

FINAL,I21,21,I,3
IF,ZOGBO,30.555694,-88.804908,IBIX,34.4,11.4,2,2100,0,0,0,0,0,0
CF,BORDE,30.472853,-88.873125,0,IBIX,34.4,5.3,214.0,6.1,1,1400,0,0,0,0,2,0
CF,RW21,30.416731,-88.919256,0,IBIX,34.4,1.1,214.0,4.1,1,70,0,0,0,0,3,0
CA,0,214.0,2,800,0,0,0,0,0,0
CF,RUDLF,30.223767,-88.944472,0,BIX,183.0,11.0,183.0,10.6,2,2200,0,0,0,0,0,0
HM,RUDLF,30.223767,-88.944472,2, ,0.0,0.0,3.0,05,3,6000,0,1,230,0,0,0,0

APPTR,R03,03,DAMON
IF,DAMON,30.328625,-89.227647, ,0.0,0.0,2,3000,0,0,0,0,1,0
TF,WEKKS,30.232019,-89.070606,0, ,0.0,0.0,0.0,0.0,2,3000,0,0,0,0,1,0

APPTR,R03,03,HARAK
IF,HARAK,30.135222,-88.913872, ,0.0,0.0,2,3000,0,0,0,0,1,0
TF,WEKKS,30.232019,-89.070606,0, ,0.0,0.0,0.0,0.0,2,3000,0,0,0,0,1,0

APPTR,R03,03,WEKKS
HF,WEKKS,30.232019,-89.070606,2, ,0.0,0.0,34.0,04,1,3000,0,0,0,0,1,0,0

FINAL,R03,03,R,3
IF,WEKKS,30.232019,-89.070606, ,0.0,0.0,2,3000,0,0,0,0,0,0
TF,PITLT,30.340972,-88.981417,0, ,0.0,0.0,34.0,8.0,2,1600,0,0,0,0,2,0
TF,RW03,30.405461,-88.928508,0, ,0.0,0.0,34.0,4.7,1,71,0,0,0,0,3,1
CA,0,34.0,2,433,0,0,0,0,0,0
DF,ZISAT,30.473511,-88.872606,0, ,0.0,0.0,0,0,0,0,0,0,0,0
TF,TOUSY,30.461300,-88.780583,0, ,0.0,0.0,0.0,0.0,2,2100,0,0,0,0,0,1

APPTR,R21,21,COGRO
IF,COGRO,30.678611,-88.940844, ,0.0,0.0,2,2900,0,0,0,0,1,0
TF,KHTEE,30.581678,-88.783517,0, ,0.0,0.0,0.0,0.0,2,2900,0,0,0,0,1,0

APPTR,R21,21,KHTEE
HF,KHTEE,30.581678,-88.783517,2, ,0.0,0.0,215.0,04,1,2900,0,0,0,0,1,0,0

APPTR,R21,21,KIRLN
IF,KIRLN,30.484553,-88.626500, ,0.0,0.0,2,2900,0,0,0,0,1,0
TF,KHTEE,30.581678,-88.783517,0, ,0.0,0.0,0.0,0.0,2,2900,0,0,0,0,1,0

FINAL,R21,21,R,3
IF,KHTEE,30.581678,-88.783517, ,0.0,0.0,2,2900,0,0,0,0,0,0
TF,CHDRY,30.472856,-88.873133,0, ,0.0,0.0,215.0,8.0,2,1400,0,0,0,0,2,0
TF,RW21,30.416731,-88.919256,0, ,0.0,0.0,214.0,4.1,1,70,0,0,0,0,3,1
CA,0,214.0,2,433,0,0,0,0,0,0
DF,CEDPO,30.362281,-88.963939,0, ,0.0,0.0,0,0,0,0,0,0,0,0
TF,WAPGA,30.223706,-88.944478,0, ,0.0,0.0,0.0,0.0,2,2200,0,0,0,0,0,1

APPTR,T03,03,JAKRI
HF,JAKRI,30.223911,-89.023608,2, ,0.0,0.0,23.0,05,2,2000,0,1,230,0,1,0,0

FINAL,T03,03,D,3
IF,JAKRI,30.223911,-89.023608,BIX,203.0,12.0,2,2000,0,0,0,0,0,0
CF,GUBUB,30.315508,-88.976703,0,BIX,203.0,6.0,23.0,6.0,2,1900,0,0,0,0,2,0
CF,HAGMO,30.399456,-88.933631,0,BIX,203.0,0.5,23.0,5.5,1,210,0,0,0,0,3,0
CA,0,23.0,2,440,0,0,0,0,0,0
CF,HAKVA,30.480369,-88.850786,0,BIX,42.0,6.0,42.0,5.5,2,2100,0,0,0,0,0,0
HM,HAKVA,30.480369,-88.850786,2, ,0.0,0.0,222.0,05,3,6000,0,1,175,0,0,0,0

APPTR,T21,21,GEVTE
HF,GEVTE,30.547786,-88.793239,2, ,0.0,0.0,219.0,05,2,2100,0,1,175,0,1,0,0

FINAL,T21,21,D,3
IF,GEVTE,30.547786,-88.793239,BIX,39.0,11.0,2,2100,0,0,0,0,0,0
CF,DUDKE,30.471058,-88.867728,0,BIX,39.0,5.0,219.0,6.0,2,1400,0,0,0,0,2,0
CF,FABMI,30.425000,-88.912364,0,BIX,39.0,1.4,219.0,3.6,1,265,0,0,0,0,3,0
CA,0,215.0,2,800,0,0,0,0,0,0
CF,RUDLF,30.223767,-88.944472,0,BIX,183.0,11.0,183.0,10.6,2,2200,0,0,0,0,0,0
HM,RUDLF,30.223767,-88.944472,2, ,0.0,0.0,3.0,05,3,4300,0,1,230,0,0,0,0

