APPTR,I01R,01R,AUG
IF,AUG,44.320019,-69.796564, ,0.0,0.0,0,0,0,0,0,0,0,0
TF,BAILI,43.687456,-69.912003,0, ,0.0,0.0,0.0,0.0,2,2100,0,0,0,0,0,0
HF,BAILI,43.687456,-69.912003,2, ,0.0,0.0,12.0,04.3,2,2000,0,0,0,0,1,0,0

APPTR,I01R,01R,ENE
FC,ENE,43.425672,-70.613525,0,ENE,0.0,0.0,80.0,30.4,2,2000,0,0,0,0,1,0
CF,BAILI,43.687456,-69.912003,0,IBXM,191.8,13.2,80.0,4.0,2,2000,0,0,0,0,1,0

FINAL,I01R,01R,I,3
IF,BAILI,43.687456,-69.912003,IBXM,191.8,13.2,2,2000,0,0,0,0,0,0
CF,CARMR,43.798700,-69.925817,0,IBXM,191.8,6.5,12.0,6.7,1,1700,0,0,0,0,2,0
CF,RW01R,43.881514,-69.936142,0,IBXM,191.8,1.5,12.0,5.0,1,112,0,0,0,0,3,0
CA,0,12.0,2,600,0,0,0,0,0,0
VI,0, ,0.0,80.0,0,0,0,0,0,0,0,0
CF,GINNI,43.912439,-69.668825,2,AUG,185.2,25.1,185.0,8.0,2,3000,0,0,0,0,0,0
HM,GINNI,43.912439,-69.668825,2, ,0.0,0.0,5.0,04.3,0,0,0,0,0,0,0,0,0

APPTR,R01R,01R,MESHL
IF,MESHL,43.320019,-70.163342, ,0.0,0.0,0,0,0,0,0,0,1,0
TF,BAILI,43.687456,-69.912003,0, ,0.0,0.0,0.0,0.0,2,2000,0,0,0,0,1,0

APPTR,R01R,01R,NOLLI
IF,NOLLI,44.128189,-70.146933, ,0.0,0.0,0,0,0,0,0,0,0,0
TF,BAILI,43.687456,-69.912003,0, ,0.0,0.0,0.0,0.0,2,2200,0,0,0,0,0,1
HF,BAILI,43.687456,-69.912003,2, ,0.0,0.0,13.0,04,2,2000,0,0,0,0,1,0,0

APPTR,R01R,01R,RAZZR
IF,RAZZR,44.221253,-69.586736, ,0.0,0.0,0,0,0,0,0,0,0,0
TF,EMHOV,43.700128,-69.715211,0, ,0.0,0.0,0.0,0.0,2,2000,0,0,0,0,1,0
TF,BAILI,43.687456,-69.912003,0, ,0.0,0.0,0.0,0.0,2,2000,0,0,0,0,1,0

FINAL,R01R,01R,R,4
IF,BAILI,43.687456,-69.912003, ,0.0,0.0,2,2000,0,0,0,0,0,0
TF,CARMR,43.798700,-69.925817,0, ,0.0,0.0,13.0,6.7,2,1700,0,0,0,0,2,0
TF,ZETGU,43.840011,-69.930964,0, ,0.0,0.0,13.0,2.5,2,900,0,0,0,0,0,0
TF,RW01R,43.881514,-69.936142,0, ,0.0,0.0,13.0,2.5,1,112,0,0,0,0,3,1
CA,0,13.0,2,263,0,0,0,0,0,0
DF,WODGI,44.107550,-69.964461,0, ,0.0,0.0,2,2500,0,0,0,0,0,1
HM,WODGI,44.107550,-69.964461,1, ,0.0,0.0,193.0,04,0,0,0,0,0,0,0,0,0

APPTR,R19L,19L,MESHL
IF,MESHL,43.320019,-70.163342, ,0.0,0.0,0,0,0,0,0,0,0,0
TF,WODGI,44.107550,-69.964461,0, ,0.0,0.0,0.0,0.0,2,2500,0,0,0,0,0,1
HF,WODGI,44.107550,-69.964461,1, ,0.0,0.0,193.0,04,2,2500,0,0,0,0,1,0,0

APPTR,R19L,19L,NOLLI
IF,NOLLI,44.128189,-70.146933, ,0.0,0.0,0,0,0,0,0,0,1,0
TF,WODGI,44.107550,-69.964461,0, ,0.0,0.0,0.0,0.0,2,2500,0,0,0,0,1,0

APPTR,R19L,19L,RAZZR
IF,RAZZR,44.221253,-69.586736, ,0.0,0.0,0,0,0,0,0,0,1,0
TF,WODGI,44.107550,-69.964461,0, ,0.0,0.0,0.0,0.0,2,2500,0,0,0,0,1,0

FINAL,R19L,19L,R,4
IF,WODGI,44.107550,-69.964461, ,0.0,0.0,2,2500,0,0,0,0,0,0
TF,JOXET,44.006222,-69.951742,0, ,0.0,0.0,193.0,6.1,2,2100,0,0,0,0,2,0
TF,FISAL,43.938231,-69.943228,0, ,0.0,0.0,193.0,4.1,2,780,0,0,0,0,0,0
TF,RW19L,43.903369,-69.938872,0, ,0.0,0.0,193.0,2.1,1,127,0,0,0,0,3,1
CA,0,193.0,2,331,0,0,0,0,0,0
DF,BAILI,43.687456,-69.912003,0, ,0.0,0.0,2,2000,0,0,0,0,0,1
HM,BAILI,43.687456,-69.912003,2, ,0.0,0.0,13.0,04,0,0,0,0,0,0,0,0,0

