APPTR,L12,12,ALO
IF,ALO,42.556497,-92.398925, ,0.0,0.0,0,0,0,0,0,0,0,0
TF,IY,43.133917,-92.728192,0, ,0.0,0.0,0.0,0.0,2,3000,0,0,0,0,0,0
PI,IY,43.133917,-92.728192,2,ALO,260.0,10.0,305,5.0,2,3000,0,0,0,0,1,0

FINAL,L12,12,D,3
IF,CFBWS,43.200808,-92.858764,IIYY,305.1,13.7,2,3000,0,0,0,0,0,0
CF,IY,43.133917,-92.728192,0,IIYY,305.1,6.7,125.0,7.0,2,3000,0,0,0,0,2,0
CF,RW12,43.077061,-92.617567,0,IIYY,305.4,0.7,125.0,5.9,1,1157,0,0,0,0,3,0
VA,0,125.0,2,1600,0,0,0,0,0,0
DF,IY,43.133917,-92.728192,1, ,0.0,0.0,2,3000,0,0,0,0,0,0
HM,IY,43.133917,-92.728192,2, ,0.0,0.0,125.0,04.3,0,0,0,0,0,0,0,0,0

APPTR,R12,12,JUKAG
HF,JUKAG,43.182456,-92.820942,2, ,0.0,0.0,125.0,04,2,4000,0,0,0,0,1,0,0

FINAL,R12,12,R,4
IF,JUKAG,43.182456,-92.820942, ,0.0,0.0,2,4000,0,0,0,0,0,0
TF,ZEDRA,43.123764,-92.707519,0, ,0.0,0.0,125.0,6.1,2,2700,0,0,0,0,2,0
TF,WESBA,43.096333,-92.654683,0, ,0.0,0.0,125.0,2.9,2,1780,0,0,0,0,0,0
TF,RW12,43.077061,-92.617567,0, ,0.0,0.0,125.0,2.0,1,1157,0,0,0,0,3,1
CA,0,125.0,2,1371,0,0,0,0,0,0
DF,IJIBU,42.964953,-92.402686,0, ,0.0,0.0,2,4000,0,0,0,0,0,1
HM,IJIBU,42.964953,-92.402686,2, ,0.0,0.0,305.0,04,0,0,0,0,0,0,0,0,0

APPTR,R30,30,IJIBU
HF,IJIBU,42.964953,-92.402686,2, ,0.0,0.0,305.0,04,2,4000,0,0,0,0,1,0,0

FINAL,R30,30,R,4
IF,IJIBU,42.964953,-92.402686, ,0.0,0.0,2,4000,0,0,0,0,0,0
TF,NUPZI,43.023931,-92.515542,0, ,0.0,0.0,305.0,6.1,2,2700,0,0,0,0,2,0
TF,ZUMAM,43.051414,-92.568275,0, ,0.0,0.0,305.0,2.9,2,1780,0,0,0,0,0,0
TF,RW30,43.070711,-92.605356,0, ,0.0,0.0,305.0,2.0,1,1157,0,0,0,0,3,1
CA,0,305.0,2,1371,0,0,0,0,0,0
DF,JUKAG,43.182456,-92.820942,0, ,0.0,0.0,2,4000,0,0,0,0,0,1
HM,JUKAG,43.182456,-92.820942,2, ,0.0,0.0,125.0,04,0,0,0,0,0,0,0,0,0

