APPTR,N04,04,VHP
IF,VHP,39.814728,-86.367500, ,0.0,0.0,0,0,0,0,0,0,0,0
TF,CFJ,39.980944,-86.915725,0, ,0.0,0.0,0.0,0.0,2,2600,0,0,0,0,0,0
PI,CFJ,39.980944,-86.915725,2,VHP,179.0,10.0,224,5.0,2,2400,0,0,0,0,1,0
CF,FF04,39.907089,-86.996164,0,VHP,280.0,29.6,44.0,8.0,2,2400,0,0,0,0,0,0

FINAL,N04,04,N,2
IF,FF04,39.907089,-86.996164,CFJ,0.0,0.0,2,2400,0,0,0,0,2,0
CF,RW04,39.969094,-86.927758,0,CFJ,0.0,0.0,44.0,4.9,1,847,0,0,0,0,3,0
CF,CFJ,39.980944,-86.915725,0,VHP,290.7,27.2,44.0,0.9,0,0,0,0,0,0,0,1
CA,0,44.0,2,2400,0,0,0,0,0,0
DF,CFJ,39.980944,-86.915725,1, ,0.0,0.0,0,0,0,0,0,0,0,0
HM,CFJ,39.980944,-86.915725,2, ,0.0,0.0,44.0,04.3,0,0,0,0,0,0,0,0,0

APPTR,R04,04,ALLOE
IF,ALLOE,39.912125,-87.178442, ,0.0,0.0,0,0,0,0,0,0,0,0
TF,YONUG,39.835700,-87.088472,0, ,0.0,0.0,0.0,0.0,2,2700,0,0,0,0,0,1
HF,YONUG,39.835700,-87.088472,1, ,0.0,0.0,47.0,04,2,2700,0,0,0,0,1,0,0

APPTR,R04,04,ANTTI
IF,ANTTI,39.869642,-86.818689, ,0.0,0.0,0,0,0,0,0,0,0,0
TF,OTOSE,39.764244,-86.988578,0, ,0.0,0.0,0.0,0.0,2,2700,0,0,0,0,1,0
TF,YONUG,39.835700,-87.088472,0, ,0.0,0.0,0.0,0.0,2,2700,0,0,0,0,1,0

APPTR,R04,04,TTH
IF,TTH,39.488942,-87.249014, ,0.0,0.0,0,0,0,0,0,0,1,0
TF,YONUG,39.835700,-87.088472,0, ,0.0,0.0,0.0,0.0,2,2700,0,0,0,0,1,0

FINAL,R04,04,R,4
IF,YONUG,39.835700,-87.088472, ,0.0,0.0,2,2700,0,0,0,0,0,0
TF,ZAGPA,39.909511,-86.999653,0, ,0.0,0.0,47.0,6.0,2,2400,0,0,0,0,2,0
TF,JUBDU,39.948325,-86.952842,0, ,0.0,0.0,47.0,3.2,2,1380,0,0,0,0,0,0
TF,RW04,39.969094,-86.927758,0, ,0.0,0.0,47.0,1.7,1,847,0,0,0,0,3,1
CA,0,47.0,2,1066,0,0,0,0,0,0
DF,CONUM,40.112175,-86.754361,0, ,0.0,0.0,2,2700,0,0,0,0,0,1
HM,CONUM,40.112175,-86.754361,2, ,0.0,0.0,227.0,04,0,0,0,0,0,0,0,0,0

APPTR,R22,22,ADVAY
IF,ADVAY,39.922981,-86.523900, ,0.0,0.0,0,0,0,0,0,0,0,0
TF,SOWWI,40.040442,-86.654408,0, ,0.0,0.0,0.0,0.0,2,2700,0,0,0,0,1,0
TF,CONUM,40.112175,-86.754361,0, ,0.0,0.0,0.0,0.0,2,2700,0,0,0,0,1,0

APPTR,R22,22,ALLOE
IF,ALLOE,39.912125,-87.178442, ,0.0,0.0,0,0,0,0,0,0,0,0
TF,CONUM,40.112175,-86.754361,0, ,0.0,0.0,0.0,0.0,2,2700,0,0,0,0,0,1
HF,CONUM,40.112175,-86.754361,2, ,0.0,0.0,227.0,04,2,2700,0,0,0,0,1,0,0

APPTR,R22,22,OCKEL
IF,OCKEL,40.278592,-86.720061, ,0.0,0.0,0,0,0,0,0,0,1,0
TF,CONUM,40.112175,-86.754361,0, ,0.0,0.0,0.0,0.0,2,2700,0,0,0,0,1,0

APPTR,R22,22,POTES
IF,POTES,40.323342,-87.109011, ,0.0,0.0,0,0,0,0,0,0,0,0
TF,WINAM,40.183822,-86.854525,0, ,0.0,0.0,0.0,0.0,2,2700,0,0,0,0,1,0
TF,CONUM,40.112175,-86.754361,0, ,0.0,0.0,0.0,0.0,2,2700,0,0,0,0,1,0

FINAL,R22,22,R,4
IF,CONUM,40.112175,-86.754361, ,0.0,0.0,2,2700,0,0,0,0,0,0
TF,JIPUS,40.038600,-86.843656,0, ,0.0,0.0,227.0,6.0,2,2400,0,0,0,0,2,0
TF,JUSGI,39.998692,-86.891975,0, ,0.0,0.0,227.0,3.3,2,1340,0,0,0,0,0,0
TF,RW22,39.979150,-86.915606,0, ,0.0,0.0,227.0,1.6,1,849,0,0,0,0,3,1
CA,0,227.0,2,1052,0,0,0,0,0,0
DF,YONUG,39.835700,-87.088472,0, ,0.0,0.0,2,2700,0,0,0,0,0,1
HM,YONUG,39.835700,-87.088472,1, ,0.0,0.0,47.0,04,0,0,0,0,0,0,0,0,0

