APPTR,N17,17,DL
IF,DL,46.845719,-92.354936, ,0.0,0.0,0,0,0,0,0,0,0,0
TF,COQ,46.696981,-92.502997,0, ,0.0,0.0,0.0,0.0,2,3100,0,0,0,0,0,0
PI,COQ,46.696981,-92.502997,2,DLH,309.0,10.0,354,5.0,2,3100,0,0,0,0,1,0
CF,FF17,46.798267,-92.521108,0,DLH,264.1,13.1,174.0,3.9,2,3100,0,0,0,0,0,0

FINAL,N17,17,N,2
IF,FF17,46.798267,-92.521108,COQ,0.0,0.0,2,3100,0,0,0,0,2,0
CF,RW17,46.705653,-92.505642,0,COQ,0.0,0.0,174.0,5.6,1,1318,0,0,0,0,3,0
CF,COQ,46.696981,-92.502997,0,DLH,238.1,13.9,174.0,0.5,0,0,0,0,0,0,0,0
CA,0,174.0,2,2700,0,0,0,0,0,0
DF,COQ,46.696981,-92.502997,2, ,0.0,0.0,2,3100,0,0,0,0,0,0
HM,COQ,46.696981,-92.502997,1, ,0.0,0.0,354.0,04.3,0,0,0,0,0,0,0,0,0

APPTR,N35,35,BARUM
IF,BARUM,46.528453,-92.251353, ,0.0,0.0,0,0,0,0,0,0,0,0
TF,COQ,46.696981,-92.502997,0, ,0.0,0.0,0.0,0.0,2,3000,0,0,0,0,0,0
PI,COQ,46.696981,-92.502997,1,DLH,234.0,10.0,189,5.0,2,3000,0,0,0,0,1,0
CF,FF35,46.607039,-92.521339,0,DLH,223.4,17.6,9.0,4.5,2,3000,0,0,0,0,0,0

APPTR,N35,35,DL
IF,DL,46.845719,-92.354936, ,0.0,0.0,0,0,0,0,0,0,0,0
TF,COQ,46.696981,-92.502997,0, ,0.0,0.0,0.0,0.0,2,3000,0,0,0,0,0,0
PI,COQ,46.696981,-92.502997,1,DLH,234.0,10.0,189,5.0,2,3000,0,0,0,0,1,0
CF,FF35,46.607039,-92.521339,0,DLH,223.4,17.6,9.0,4.5,2,3000,0,0,0,0,0,0

FINAL,N35,35,N,2
IF,FF35,46.607039,-92.521339,COQ,0.0,0.0,2,3000,0,0,0,0,2,0
CF,RW35,46.694683,-92.505419,0,COQ,0.0,0.0,9.0,5.3,1,1312,0,0,0,0,3,0
CF,COQ,46.696981,-92.502997,0,DLH,238.1,13.9,9.0,0.2,0,0,0,0,0,0,0,0
CA,0,9.0,2,2300,0,0,0,0,0,0
DF,COQ,46.696981,-92.502997,1, ,0.0,0.0,2,3000,0,0,0,0,0,0
HM,COQ,46.696981,-92.502997,1, ,0.0,0.0,9.0,04.3,0,0,0,0,0,0,0,0,0

APPTR,R17,17,CIBNA
IF,CIBNA,46.993756,-92.876294, ,0.0,0.0,0,0,0,0,0,0,1,0
TF,WEDNU,46.877922,-92.509150,0, ,0.0,0.0,0.0,0.0,2,3000,0,0,0,0,1,0

APPTR,R17,17,DLH
IF,DLH,46.802164,-92.202869, ,0.0,0.0,0,0,0,0,0,0,0,0
TF,WEDNU,46.877922,-92.509150,0, ,0.0,0.0,0.0,0.0,2,3000,0,0,0,0,0,1
HF,WEDNU,46.877922,-92.509150,2, ,0.0,0.0,180.0,04,2,3000,0,0,0,0,1,0,0

APPTR,R17,17,FOSUP
IF,FOSUP,47.044786,-92.115547, ,0.0,0.0,0,0,0,0,0,0,1,0
TF,WEDNU,46.877922,-92.509150,0, ,0.0,0.0,0.0,0.0,2,3000,0,0,0,0,1,0

APPTR,R17,17,HIB
IF,HIB,47.301528,-92.704044, ,0.0,0.0,0,0,0,0,0,0,1,0
TF,WEDNU,46.877922,-92.509150,0, ,0.0,0.0,0.0,0.0,2,3000,0,0,0,0,1,0

FINAL,R17,17,R,4
IF,WEDNU,46.877922,-92.509150, ,0.0,0.0,2,3000,0,0,0,0,0,0
TF,NESIC,46.788383,-92.507322,0, ,0.0,0.0,180.0,5.4,2,2900,0,0,0,0,2,0
TF,HUTKU,46.752294,-92.506589,0, ,0.0,0.0,180.0,2.2,2,2200,0,0,0,0,0,0
TF,RW17,46.705653,-92.505642,0, ,0.0,0.0,180.0,2.8,1,1318,0,0,0,0,3,1
CA,0,180.0,2,1528,0,0,0,0,0,0
DF,FIDUP,46.511106,-92.501706,0, ,0.0,0.0,2,2900,0,0,0,0,0,1
HM,FIDUP,46.511106,-92.501706,2, ,0.0,0.0,360.0,04,0,0,0,0,0,0,0,0,0

APPTR,R35,35,DLH
IF,DLH,46.802164,-92.202869, ,0.0,0.0,0,0,0,0,0,0,0,0
TF,FIDUP,46.511106,-92.501706,0, ,0.0,0.0,0.0,0.0,2,3000,0,0,0,0,0,1
HF,FIDUP,46.511106,-92.501706,2, ,0.0,0.0,360.0,04,2,2900,0,0,0,0,1,0,0

APPTR,R35,35,KINGZ
IF,KINGZ,46.217458,-92.305850, ,0.0,0.0,0,0,0,0,0,0,1,0
TF,FIDUP,46.511106,-92.501706,0, ,0.0,0.0,0.0,0.0,2,2900,0,0,0,0,1,0

APPTR,R35,35,WENIB
IF,WENIB,46.067708,-93.135047, ,0.0,0.0,0,0,0,0,0,0,1,0
TF,FIDUP,46.511106,-92.501706,0, ,0.0,0.0,0.0,0.0,2,2900,0,0,0,0,1,0

FINAL,R35,35,R,3
IF,FIDUP,46.511106,-92.501706, ,0.0,0.0,2,2900,0,0,0,0,0,0
TF,EDUCU,46.611117,-92.503725,0, ,0.0,0.0,360.0,6.0,2,2900,0,0,0,0,2,0
TF,RW35,46.694683,-92.505419,0, ,0.0,0.0,360.0,5.0,1,1312,0,0,0,0,3,1
CA,0,360.0,2,1522,0,0,0,0,0,0
DF,WEDNU,46.877922,-92.509150,0, ,0.0,0.0,2,3000,0,0,0,0,0,1
HM,WEDNU,46.877922,-92.509150,2, ,0.0,0.0,180.0,04,0,0,0,0,0,0,0,0,0

