APPTR,R12,12,ERUVE
IF,ERUVE,48.263500,-102.519294, ,0.0,0.0,0,0,0,0,0,0,0,0
TF,CAKDU,48.519803,-103.121667,0, ,0.0,0.0,0.0,0.0,2,4200,0,0,0,0,0,1
HF,CAKDU,48.519803,-103.121667,2, ,0.0,0.0,125.0,04,2,4000,0,0,0,0,1,0,0

APPTR,R12,12,FONIA
IF,FONIA,48.259742,-103.177094, ,0.0,0.0,0,0,0,0,0,0,0,0
TF,CAKDU,48.519803,-103.121667,0, ,0.0,0.0,0.0,0.0,2,4000,0,0,0,0,0,1
HF,CAKDU,48.519803,-103.121667,2, ,0.0,0.0,125.0,04,2,4000,0,0,0,0,1,0,0

FINAL,R12,12,R,4
IF,CAKDU,48.519803,-103.121667, ,0.0,0.0,2,4000,0,0,0,0,0,0
TF,CAGTA,48.445803,-103.002814,0, ,0.0,0.0,125.0,6.5,2,4000,0,0,0,0,2,0
TF,CALUL,48.410661,-102.946558,0, ,0.0,0.0,125.0,3.1,2,3000,0,0,0,0,0,0
TF,RW12,48.384428,-102.904644,0, ,0.0,0.0,125.0,2.3,1,2286,0,0,0,0,3,1
CA,0,125.0,2,2700,0,0,0,0,0,0
DF,ERUVE,48.263500,-102.519294,1, ,0.0,0.0,2,5000,0,0,0,0,0,1
HM,ERUVE,48.263500,-102.519294,2, ,0.0,0.0,261.0,05,0,0,0,0,0,0,0,0,0

APPTR,R30,30,ERUVE
IF,ERUVE,48.263500,-102.519294, ,0.0,0.0,0,0,0,0,0,0,1,0
TF,RENLY,48.252575,-102.694989,0, ,0.0,0.0,0.0,0.0,2,4500,0,0,0,0,1,0

APPTR,R30,30,FONIA
IF,FONIA,48.259742,-103.177094, ,0.0,0.0,0,0,0,0,0,0,0,0
TF,RENLY,48.252575,-102.694989,0, ,0.0,0.0,0.0,0.0,2,4500,0,0,0,0,0,1
HF,RENLY,48.252575,-102.694989,2, ,0.0,0.0,305.0,06,2,4500,0,0,0,0,1,0,0

FINAL,R30,30,R,4
IF,RENLY,48.252575,-102.694989, ,0.0,0.0,2,4500,0,0,0,0,0,0
TF,GAZUH,48.321447,-102.804292,0, ,0.0,0.0,305.0,6.0,2,3800,0,0,0,0,2,0
TF,CETBO,48.344025,-102.840222,0, ,0.0,0.0,305.0,2.0,2,3160,0,0,0,0,0,0
TF,RW30,48.374847,-102.889356,0, ,0.0,0.0,305.0,2.7,1,2311,0,0,0,0,3,1
CA,0,305.0,2,3200,0,0,0,0,0,0
DF,RENLY,48.252575,-102.694989,2, ,0.0,0.0,2,4500,0,0,0,0,0,1
HM,RENLY,48.252575,-102.694989,2, ,0.0,0.0,305.0,06,0,0,0,0,0,0,0,0,0

