APPTR,D02-A,02,VNA1
IF,VNA,32.213442,-83.497256, ,0.0,0.0,2,2100,0,0,0,0,1,0
TF,CIDKO,32.214672,-83.359747,0, ,0.0,0.0,0.0,0.0,2,2100,0,0,0,0,1,0

APPTR,D02-A,02,VNA2
HF,VNA,32.213442,-83.497256,2, ,0.0,0.0,89.0,04.3,2,2100,0,0,0,0,1,0,0
TF,CIDKO,32.214672,-83.359747,0, ,0.0,0.0,0.0,0.0,2,2100,0,0,0,0,1,0

FINAL,D02-A,02,D,3
IF,CIDKO,32.214672,-83.359747,VNA,88.4,7.0,2,2100,0,0,0,0,0,0
CF,APULE,32.215897,-83.202592,0,VNA,88.4,15.0,88.0,8.0,2,2000,0,0,0,0,2,0
CF,MACUD,32.216386,-83.131539,0,VNA,88.4,18.6,88.0,3.6,1,860,0,0,0,0,3,1
CA,0,88.0,2,860,0,0,0,0,0,0
DF,VNA,32.213442,-83.497256,1, ,0.0,0.0,2,2100,0,0,0,0,0,0
HM,VNA,32.213442,-83.497256,2, ,0.0,0.0,89.0,04.3,0,0,0,0,0,0,0,0,0

APPTR,D20-A,20,VNA1
IF,VNA,32.213442,-83.497256, ,0.0,0.0,2,2100,0,0,0,0,1,0
TF,CIDKO,32.214672,-83.359747,0, ,0.0,0.0,0.0,0.0,2,2100,0,0,0,0,1,0

APPTR,D20-A,20,VNA2
HF,VNA,32.213442,-83.497256,2, ,0.0,0.0,89.0,04.3,2,2100,0,0,0,0,1,0,0
TF,CIDKO,32.214672,-83.359747,0, ,0.0,0.0,0.0,0.0,2,2100,0,0,0,0,1,0

FINAL,D20-A,20,D,3
IF,CIDKO,32.214672,-83.359747,VNA,88.4,7.0,2,2100,0,0,0,0,0,0
CF,APULE,32.215897,-83.202592,0,VNA,88.4,15.0,88.0,8.0,2,2000,0,0,0,0,2,0
CF,MACUD,32.216386,-83.131539,0,VNA,88.4,18.6,88.0,3.6,1,860,0,0,0,0,3,1
CA,0,88.0,2,860,0,0,0,0,0,0
DF,VNA,32.213442,-83.497256,1, ,0.0,0.0,2,2100,0,0,0,0,0,0
HM,VNA,32.213442,-83.497256,2, ,0.0,0.0,89.0,04.3,0,0,0,0,0,0,0,0,0

APPTR,I02,02,DBN
IF,DBN,32.563461,-82.830044, ,0.0,0.0,0,0,0,0,0,0,0,0
TF,CENVA,32.008944,-83.195686,0, ,0.0,0.0,0.0,0.0,2,2000,0,0,0,0,0,0
HF,CENVA,32.008944,-83.195686,2, ,0.0,0.0,19.0,04.3,2,2000,0,0,0,0,1,0,0

FINAL,I02,02,I,3
IF,CENVA,32.008944,-83.195686,IHUV,199.4,13.6,2,2000,0,0,0,0,0,0
CF,APTUW,32.124058,-83.158536,0,IHUV,199.4,6.4,19.0,7.2,1,2000,0,0,0,0,2,0
CF,RW02,32.207775,-83.131458,0,IHUV,199.4,1.2,19.0,5.2,1,344,0,0,0,0,3,0
CA,0,19.0,2,800,0,0,0,0,0,0
VI,2, ,0.0,180.0,0,0,0,0,0,0,0,0
CF,CENVA,32.008944,-83.195686,0,VNA,127.5,19.7,214.0,15.0,2,2000,0,0,0,0,0,0
HM,CENVA,32.008944,-83.195686,2, ,0.0,0.0,19.0,04.3,0,0,0,0,0,0,0,0,0

APPTR,R02,02,CENVA
HF,CENVA,32.008944,-83.195686,2, ,0.0,0.0,19.0,04,2,2000,0,0,0,0,1,0,0

FINAL,R02,02,R,4
IF,CENVA,32.008944,-83.195686, ,0.0,0.0,2,2000,0,0,0,0,0,0
TF,APTUW,32.124058,-83.158536,0, ,0.0,0.0,19.0,7.2,2,2000,0,0,0,0,2,0
TF,JEKIP,32.162683,-83.146050,0, ,0.0,0.0,19.0,2.4,2,1220,0,0,0,0,0,0
TF,RW02,32.207775,-83.131458,0, ,0.0,0.0,19.0,2.8,1,344,0,0,0,0,3,1
CA,0,19.0,2,500,0,0,0,0,0,0
DF,UCALA,32.446672,-83.053903,0, ,0.0,0.0,2,2100,0,0,0,0,0,1
HM,UCALA,32.446672,-83.053903,2, ,0.0,0.0,199.0,04,0,0,0,0,0,0,0,0,0

APPTR,R20,20,UCALA
HF,UCALA,32.446672,-83.053903,2, ,0.0,0.0,199.0,04,2,2100,0,0,0,0,1,0,0

FINAL,R20,20,R,4
IF,UCALA,32.446672,-83.053903, ,0.0,0.0,2,2100,0,0,0,0,0,0
TF,LAPTE,32.308792,-83.098700,0, ,0.0,0.0,199.0,8.6,2,2000,0,0,0,0,2,0
TF,ESMUY,32.271708,-83.110736,0, ,0.0,0.0,199.0,2.3,2,1260,0,0,0,0,0,0
TF,RW20,32.225014,-83.125875,0, ,0.0,0.0,199.0,2.9,1,343,0,0,0,0,3,1
CA,0,199.0,2,597,0,0,0,0,0,0
DF,CENVA,32.008944,-83.195686,0, ,0.0,0.0,2,2000,0,0,0,0,0,1
HM,CENVA,32.008944,-83.195686,2, ,0.0,0.0,19.0,04,0,0,0,0,0,0,0,0,0

