APPTR,D07-A,07,FLM
IF,FLM,38.649442,-84.310603, ,0.0,0.0,2,3000,0,0,0,0,1,0
TF,WIXOM,38.599064,-84.041733,0, ,0.0,0.0,0.0,0.0,2,3000,0,0,0,0,1,0

FINAL,D07-A,07,D,3
IF,WIXOM,38.599064,-84.041733,FLM,107.4,13.0,2,3000,0,0,0,0,0,0
CF,PHLOX,38.563792,-83.855794,0,FLM,107.4,22.0,107.0,9.0,2,2500,0,0,0,0,2,0
CF,MADFE,38.543586,-83.750058,0,FLM,107.4,27.1,107.0,5.1,1,1900,0,0,0,0,3,0
VI,2, ,0.0,340.0,0,0,0,0,0,0,0,0
CF,PHLOX,38.563792,-83.855794,0,FLM,107.4,22.0,287.0,4.0,2,2500,0,0,0,0,0,0
HM,PHLOX,38.563792,-83.855794,2, ,0.0,0.0,107.0,04.3,0,0,0,0,0,0,0,0,0

APPTR,D25-A,25,FLM
IF,FLM,38.649442,-84.310603, ,0.0,0.0,2,3000,0,0,0,0,1,0
TF,WIXOM,38.599064,-84.041733,0, ,0.0,0.0,0.0,0.0,2,3000,0,0,0,0,1,0

FINAL,D25-A,25,D,3
IF,WIXOM,38.599064,-84.041733,FLM,107.4,13.0,2,3000,0,0,0,0,0,0
CF,PHLOX,38.563792,-83.855794,0,FLM,107.4,22.0,107.0,9.0,2,2500,0,0,0,0,2,0
CF,MADFE,38.543586,-83.750058,0,FLM,107.4,27.1,107.0,5.1,1,1900,0,0,0,0,3,0
VI,2, ,0.0,340.0,0,0,0,0,0,0,0,0
CF,PHLOX,38.563792,-83.855794,0,FLM,107.4,22.0,287.0,4.0,2,2500,0,0,0,0,0,0
HM,PHLOX,38.563792,-83.855794,2, ,0.0,0.0,107.0,04.3,0,0,0,0,0,0,0,0,0

APPTR,L25,25,FLM
IF,FLM,38.649442,-84.310603, ,0.0,0.0,0,0,0,0,0,0,0,0
TF,XW,38.573589,-83.647028,0, ,0.0,0.0,0.0,0.0,2,4000,0,0,0,0,0,0
PI,XW,38.573589,-83.647028,2,FLM,27.0,10.0,072,5.0,2,3000,0,0,0,0,1,0

APPTR,L25,25,YRK
IF,YRK,38.644133,-82.978339, ,0.0,0.0,0,0,0,0,0,0,0,0
TF,XW,38.573589,-83.647028,0, ,0.0,0.0,0.0,0.0,2,4000,0,0,0,0,0,0
PI,XW,38.573589,-83.647028,2,YRK,27.0,10.0,072,5.0,2,3000,0,0,0,0,1,0

FINAL,L25,25,D,3
IF,CFBNZ,38.612244,-83.529297,IXWI,72.2,11.4,2,3000,0,0,0,0,0,0
CF,XW,38.573589,-83.647028,0,IXWI,72.2,5.4,252.0,6.0,2,2400,0,0,0,0,2,0
CF,RW25,38.544478,-83.735317,0,IXWI,72.2,0.9,252.0,4.5,1,950,0,0,0,0,3,0
CA,0,252.0,2,2000,0,0,0,0,0,0
DF,XW,38.573589,-83.647028,1, ,0.0,0.0,2,3000,0,0,0,0,0,0
HM,XW,38.573589,-83.647028,2, ,0.0,0.0,252.0,04.3,0,0,0,0,0,0,0,0,0

APPTR,R07,07,DIKRY
HF,DIKRY,38.456908,-83.999472,2, ,0.0,0.0,72.0,04,2,3000,0,0,0,0,1,0,0

APPTR,R07,07,DOTRY
IF,DOTRY,38.549078,-84.049175, ,0.0,0.0,2,3000,0,0,0,0,1,0
TF,DIKRY,38.456908,-83.999472,0, ,0.0,0.0,0.0,0.0,2,3000,0,0,0,0,1,0

APPTR,R07,07,ITIMY
IF,ITIMY,38.364717,-83.949867, ,0.0,0.0,2,3600,0,0,0,0,1,0
TF,DIKRY,38.456908,-83.999472,0, ,0.0,0.0,0.0,0.0,2,3000,0,0,0,0,1,0

FINAL,R07,07,R,4
IF,DIKRY,38.456908,-83.999472, ,0.0,0.0,2,3000,0,0,0,0,0,0
TF,URZUK,38.502358,-83.862675,0, ,0.0,0.0,72.0,7.0,2,2800,0,0,0,0,2,0
TF,FALAX,38.522008,-83.803331,0, ,0.0,0.0,72.0,3.0,2,1800,0,0,0,0,0,0
TF,RW07,38.539475,-83.750472,0, ,0.0,0.0,72.0,2.7,1,945,0,0,0,0,3,1
DF,BUMRY,38.626450,-83.485928,0, ,0.0,0.0,2,3500,0,0,0,0,0,1
HM,BUMRY,38.626450,-83.485928,2, ,0.0,0.0,252.0,04,0,0,0,0,0,0,0,0,0

APPTR,R25,25,BUMRY
HF,BUMRY,38.626450,-83.485928,2, ,0.0,0.0,252.0,04,2,3500,0,0,0,0,1,0,0

APPTR,R25,25,DOLEW
IF,DOLEW,38.718819,-83.535133, ,0.0,0.0,2,3500,0,0,0,0,1,0
TF,BUMRY,38.626450,-83.485928,0, ,0.0,0.0,0.0,0.0,2,3500,0,0,0,0,1,0

APPTR,R25,25,ITZOV
IF,ITZOV,38.534058,-83.436850, ,0.0,0.0,2,3500,0,0,0,0,1,0
TF,BUMRY,38.626450,-83.485928,0, ,0.0,0.0,0.0,0.0,2,3500,0,0,0,0,1,0

FINAL,R25,25,R,4
IF,BUMRY,38.626450,-83.485928, ,0.0,0.0,2,3500,0,0,0,0,0,0
TF,ADZAB,38.581406,-83.623242,0, ,0.0,0.0,252.0,7.0,2,2800,0,0,0,0,2,0
TF,ENOSE,38.561922,-83.682428,0, ,0.0,0.0,252.0,3.0,2,1800,0,0,0,0,0,0
TF,RW25,38.544478,-83.735317,0, ,0.0,0.0,252.0,2.7,1,950,0,0,0,0,3,1
DF,DIKRY,38.456908,-83.999472,0, ,0.0,0.0,2,3000,0,0,0,0,0,1
HM,DIKRY,38.456908,-83.999472,2, ,0.0,0.0,72.0,04,0,0,0,0,0,0,0,0,0

