APPTR,N34,34,BETRA
IF,BETRA,47.539144,-96.333978, ,0.0,0.0,0,0,0,0,0,0,0,0
TF,FSE,47.589036,-95.769575,0, ,0.0,0.0,0.0,0.0,2,3100,0,0,0,0,0,0
PI,FSE,47.589036,-95.769575,2,IDJ,131.0,10.0,176,5.0,2,3100,0,0,0,0,1,0
CF,FN34,47.495042,-95.767153,0,IDJ,265.0,34.3,356.0,4.4,2,3100,0,0,0,0,0,0

APPTR,N34,34,ZALSO
IF,ZALSO,47.963683,-95.933553, ,0.0,0.0,0,0,0,0,0,0,0,0
TF,FSE,47.589036,-95.769575,0, ,0.0,0.0,0.0,0.0,2,3100,0,0,0,0,0,0
PI,FSE,47.589036,-95.769575,2,IDJ,131.0,10.0,176,5.0,2,3100,0,0,0,0,1,0
CF,FN34,47.495042,-95.767153,0,IDJ,265.0,34.3,356.0,4.4,2,3100,0,0,0,0,0,0

FINAL,N34,34,N,2
IF,FN34,47.495042,-95.767153,FSE,0.0,0.0,2,3100,0,0,0,0,2,0
CF,FSE,47.589036,-95.769575,0,FSE,0.0,0.0,356.0,5.6,1,1303,0,0,0,0,3,0
CA,0,356.0,2,3100,0,0,0,0,0,0
DF,FSE,47.589036,-95.769575,2, ,0.0,0.0,0,0,0,0,0,0,0,0
HM,FSE,47.589036,-95.769575,2, ,0.0,0.0,356.0,04.3,0,0,0,0,0,0,0,0,0

APPTR,R16,16,BETRA
IF,BETRA,47.539144,-96.333978, ,0.0,0.0,0,0,0,0,0,0,0,0
TF,ZOBON,47.789819,-95.838719,0, ,0.0,0.0,0.0,0.0,2,3100,0,0,0,0,0,1
HF,ZOBON,47.789819,-95.838719,2, ,0.0,0.0,164.0,04,2,3100,0,0,0,0,1,0,0

APPTR,R16,16,BLUOX
IF,BLUOX,47.575869,-95.024753, ,0.0,0.0,0,0,0,0,0,0,0,0
TF,ZOBON,47.789819,-95.838719,0, ,0.0,0.0,0.0,0.0,2,3100,0,0,0,0,0,1
HF,ZOBON,47.789819,-95.838719,2, ,0.0,0.0,164.0,04,2,3100,0,0,0,0,1,0,0

APPTR,R16,16,STRAW
IF,STRAW,47.133764,-95.528456, ,0.0,0.0,0,0,0,0,0,0,0,0
TF,ZOBON,47.789819,-95.838719,0, ,0.0,0.0,0.0,0.0,2,3400,0,0,0,0,0,1
HF,ZOBON,47.789819,-95.838719,2, ,0.0,0.0,164.0,04,2,3100,0,0,0,0,1,0,0

APPTR,R16,16,ZALSO
IF,ZALSO,47.963683,-95.933553, ,0.0,0.0,0,0,0,0,0,0,1,0
TF,ZOBON,47.789819,-95.838719,0, ,0.0,0.0,0.0,0.0,2,3100,0,0,0,0,1,0

FINAL,R16,16,R,4
IF,ZOBON,47.789819,-95.838719, ,0.0,0.0,2,3100,0,0,0,0,0,0
TF,JAKET,47.689075,-95.805294,0, ,0.0,0.0,164.0,6.2,2,3100,0,0,0,0,2,0
TF,YEDUN,47.638156,-95.788453,0, ,0.0,0.0,164.0,3.1,2,2100,0,0,0,0,0,0
TF,RW16,47.597514,-95.775033,0, ,0.0,0.0,164.0,2.5,1,1306,0,0,0,0,3,1
CA,0,164.0,2,1620,0,0,0,0,0,0
DF,SPODA,47.396450,-95.708944,0, ,0.0,0.0,2,4000,0,0,0,0,0,1
HM,SPODA,47.396450,-95.708944,2, ,0.0,0.0,344.0,04,0,0,0,0,0,0,0,0,0

APPTR,R34,34,BETRA
IF,BETRA,47.539144,-96.333978, ,0.0,0.0,0,0,0,0,0,0,0,0
TF,SPODA,47.396450,-95.708944,0, ,0.0,0.0,0.0,0.0,2,3300,0,0,0,0,0,1
HF,SPODA,47.396450,-95.708944,2, ,0.0,0.0,344.0,04,2,3300,0,0,0,0,1,0,0

APPTR,R34,34,BLUOX
IF,BLUOX,47.575869,-95.024753, ,0.0,0.0,0,0,0,0,0,0,0,0
TF,SPODA,47.396450,-95.708944,0, ,0.0,0.0,0.0,0.0,2,3300,0,0,0,0,0,1
HF,SPODA,47.396450,-95.708944,2, ,0.0,0.0,344.0,04,2,3300,0,0,0,0,1,0,0

APPTR,R34,34,STRAW
IF,STRAW,47.133764,-95.528456, ,0.0,0.0,0,0,0,0,0,0,1,0
TF,SPODA,47.396450,-95.708944,0, ,0.0,0.0,0.0,0.0,2,3300,0,0,0,0,1,0

APPTR,R34,34,ZALSO
IF,ZALSO,47.963683,-95.933553, ,0.0,0.0,0,0,0,0,0,0,0,0
TF,SPODA,47.396450,-95.708944,0, ,0.0,0.0,0.0,0.0,2,3300,0,0,0,0,0,1
HF,SPODA,47.396450,-95.708944,2, ,0.0,0.0,344.0,04,2,3300,0,0,0,0,1,0,0

FINAL,R34,34,R,4
IF,SPODA,47.396450,-95.708944, ,0.0,0.0,2,3300,0,0,0,0,0,0
TF,SINIE,47.497206,-95.741997,0, ,0.0,0.0,344.0,6.2,2,3100,0,0,0,0,2,0
TF,WEXEL,47.542622,-95.756939,0, ,0.0,0.0,344.0,2.8,2,2200,0,0,0,0,0,0
TF,RW34,47.588144,-95.771942,0, ,0.0,0.0,344.0,2.8,1,1319,0,0,0,0,3,1
CA,0,344.0,2,1620,0,0,0,0,0,0
DF,ZOBON,47.789819,-95.838719,0, ,0.0,0.0,2,4000,0,0,0,0,0,1
HM,ZOBON,47.789819,-95.838719,2, ,0.0,0.0,164.0,04,0,0,0,0,0,0,0,0,0

