SID,BAYLR3,08,4
VA,0,83.0,2,6020,0,0,0,0,0,0
VM,0,0,0,83.0,0,0,0,0,0,0,0,0
DF,BAYLR,39.553331,-105.618344,0, ,0.0,0.0,0,0,0,0,0,0,0,0

SID,BAYLR3,17,4
VA,0,172.0,2,6020,0,0,0,0,0,0
VM,0,0,0,172.0,0,0,0,0,0,0,0,0
DF,BAYLR,39.553331,-105.618344,0, ,0.0,0.0,0,0,0,0,0,0,0,0

SID,BAYLR3,26,4
VA,0,263.0,2,6020,0,0,0,0,0,0
VM,0,0,0,263.0,0,0,0,0,0,0,0,0
DF,BAYLR,39.553331,-105.618344,0, ,0.0,0.0,0,0,0,0,0,0,0,0

SID,BAYLR3,35,4
VA,0,352.0,2,6020,0,0,0,0,0,0
VM,0,0,0,352.0,0,0,0,0,0,0,0,0
DF,BAYLR,39.553331,-105.618344,0, ,0.0,0.0,0,0,0,0,0,0,0,0

SID,BAYLR3,ALL,5
IF,BAYLR,39.553331,-105.618344, ,0.0,0.0,0,0,0,0,0,0,0,0
TF,BOBBA,39.394983,-106.186128,0, ,0.0,0.0,0.0,0.0,0,0,0,0,0,0,0,0

SID,BAYLR3,HBU,6
IF,BOBBA,39.394983,-106.186128, ,0.0,0.0,0,0,0,0,0,0,0,0
TF,HBU,38.452117,-107.039714,0, ,0.0,0.0,0.0,0.0,0,0,0,0,0,0,0,0

SID,BAYLR3,TEHRU,6
IF,BOBBA,39.394983,-106.186128, ,0.0,0.0,0,0,0,0,0,0,0,0
TF,TEHRU,39.242606,-106.720892,0, ,0.0,0.0,0.0,0.0,0,0,0,0,0,0,0,0

SID,BRYCC3,08,4
VA,0,83.0,2,6020,0,0,0,0,0,0
VM,0,0,0,83.0,0,0,0,0,0,0,0,0
DF,BRYCC,40.735569,-104.394728,0, ,0.0,0.0,0,0,0,0,0,0,0,0

SID,BRYCC3,17,4
VA,0,172.0,2,6020,0,0,0,0,0,0
VM,0,0,0,172.0,0,0,0,0,0,0,0,0
DF,BRYCC,40.735569,-104.394728,0, ,0.0,0.0,0,0,0,0,0,0,0,0

SID,BRYCC3,26,4
VA,0,263.0,2,6020,0,0,0,0,0,0
VM,0,0,0,263.0,0,0,0,0,0,0,0,0
DF,BRYCC,40.735569,-104.394728,0, ,0.0,0.0,0,0,0,0,0,0,0,0

SID,BRYCC3,35,4
VA,0,352.0,2,6020,0,0,0,0,0,0
VM,0,0,0,352.0,0,0,0,0,0,0,0,0
DF,BRYCC,40.735569,-104.394728,0, ,0.0,0.0,0,0,0,0,0,0,0,0

SID,BRYCC3,ALL,5
IF,BRYCC,40.735569,-104.394728, ,0.0,0.0,0,0,0,0,0,0,0,0
TF,TAYOT,41.981561,-103.880131,0, ,0.0,0.0,0.0,0.0,0,0,0,0,0,0,0,0

SID,CONNR4,08,4
VA,0,83.0,2,6020,0,0,0,0,0,0
VM,0,0,0,83.0,0,0,0,0,0,0,0,0
DF,CONNR,39.699064,-105.665778,0, ,0.0,0.0,0,0,0,0,0,0,0,0

SID,CONNR4,17,4
VA,0,172.0,2,6020,0,0,0,0,0,0
VM,0,0,0,172.0,0,0,0,0,0,0,0,0
DF,CONNR,39.699064,-105.665778,0, ,0.0,0.0,0,0,0,0,0,0,0,0

SID,CONNR4,26,4
VA,0,263.0,2,6020,0,0,0,0,0,0
VM,0,0,0,263.0,0,0,0,0,0,0,0,0
DF,CONNR,39.699064,-105.665778,0, ,0.0,0.0,0,0,0,0,0,0,0,0

SID,CONNR4,35,4
VA,0,352.0,2,6020,0,0,0,0,0,0
VM,0,0,0,352.0,0,0,0,0,0,0,0,0
DF,CONNR,39.699064,-105.665778,0, ,0.0,0.0,0,0,0,0,0,0,0,0

SID,CONNR4,ALL,5
IF,CONNR,39.699064,-105.665778, ,0.0,0.0,0,0,0,0,0,0,0,0
TF,BULDG,39.626306,-106.313750,0, ,0.0,0.0,0.0,0.0,0,0,0,0,0,0,0,0
TF,DBL,39.439344,-106.894681,0, ,0.0,0.0,0.0,0.0,0,0,0,0,0,0,0,0

SID,COORZ3,08,4
VA,0,83.0,2,6020,0,0,0,0,0,0
VM,0,0,0,83.0,0,0,0,0,0,0,0,0
DF,COORZ,39.860583,-105.718222,0, ,0.0,0.0,0,0,0,0,0,0,0,0

SID,COORZ3,17,4
VA,0,172.0,2,6020,0,0,0,0,0,0
VM,0,0,0,172.0,0,0,0,0,0,0,0,0
DF,COORZ,39.860583,-105.718222,0, ,0.0,0.0,0,0,0,0,0,0,0,0

SID,COORZ3,26,4
VA,0,263.0,2,6020,0,0,0,0,0,0
VM,0,0,0,263.0,0,0,0,0,0,0,0,0
DF,COORZ,39.860583,-105.718222,0, ,0.0,0.0,0,0,0,0,0,0,0,0

SID,COORZ3,35,4
VA,0,352.0,2,6020,0,0,0,0,0,0
VM,0,0,0,352.0,0,0,0,0,0,0,0,0
DF,COORZ,39.860583,-105.718222,0, ,0.0,0.0,0,0,0,0,0,0,0,0

SID,COORZ3,ALL,5
IF,COORZ,39.860583,-105.718222, ,0.0,0.0,0,0,0,0,0,0,0,0
TF,VOAXA,39.788450,-106.532686,0, ,0.0,0.0,0.0,0.0,0,0,0,0,0,0,0,0

SID,EEONS5,08,4
VA,0,83.0,2,6020,0,0,0,0,0,0
VM,0,0,0,83.0,0,0,0,0,0,0,0,0
DF,EEONS,40.021561,-103.769733,0, ,0.0,0.0,0,0,0,0,0,0,0,0

SID,EEONS5,17,4
VA,0,172.0,2,6020,0,0,0,0,0,0
VM,0,0,0,172.0,0,0,0,0,0,0,0,0
DF,EEONS,40.021561,-103.769733,0, ,0.0,0.0,0,0,0,0,0,0,0,0

SID,EEONS5,26,4
VA,0,263.0,2,6020,0,0,0,0,0,0
VM,0,0,0,263.0,0,0,0,0,0,0,0,0
DF,EEONS,40.021561,-103.769733,0, ,0.0,0.0,0,0,0,0,0,0,0,0

SID,EEONS5,35,4
VA,0,352.0,2,6020,0,0,0,0,0,0
VM,0,0,0,352.0,0,0,0,0,0,0,0,0
DF,EEONS,40.021561,-103.769733,0, ,0.0,0.0,0,0,0,0,0,0,0,0

SID,EEONS5,ALL,5
IF,EEONS,40.021561,-103.769733, ,0.0,0.0,0,0,0,0,0,0,0,0
TF,WYNDM,40.383222,-101.423944,0, ,0.0,0.0,0.0,0.0,0,0,0,0,0,0,0,0

SID,EMMYS5,08,4
VA,0,83.0,2,6020,0,0,0,0,0,0
VM,0,0,0,83.0,0,0,0,0,0,0,0,0
DF,EMMYS,39.883808,-103.734836,0, ,0.0,0.0,0,0,0,0,0,0,0,0

SID,EMMYS5,17,4
VA,0,172.0,2,6020,0,0,0,0,0,0
VM,0,0,0,172.0,0,0,0,0,0,0,0,0
DF,EMMYS,39.883808,-103.734836,0, ,0.0,0.0,0,0,0,0,0,0,0,0

SID,EMMYS5,26,4
VA,0,263.0,2,6020,0,0,0,0,0,0
VM,0,0,0,263.0,0,0,0,0,0,0,0,0
DF,EMMYS,39.883808,-103.734836,0, ,0.0,0.0,0,0,0,0,0,0,0,0

SID,EMMYS5,35,4
VA,0,352.0,2,6020,0,0,0,0,0,0
VM,0,0,0,352.0,0,0,0,0,0,0,0,0
DF,EMMYS,39.883808,-103.734836,0, ,0.0,0.0,0,0,0,0,0,0,0,0

SID,EMMYS5,ALL,5
IF,EMMYS,39.883808,-103.734836, ,0.0,0.0,0,0,0,0,0,0,0,0
TF,ZIRKL,40.132483,-101.371469,0, ,0.0,0.0,0.0,0.0,0,0,0,0,0,0,0,0

SID,EPKEE4,08,4
VA,0,83.0,2,6020,0,0,0,0,0,0
VM,0,0,0,83.0,0,0,0,0,0,0,0,0
DF,EPKEE,39.592836,-103.799528,0, ,0.0,0.0,0,0,0,0,0,0,0,0

SID,EPKEE4,17,4
VA,0,172.0,2,6020,0,0,0,0,0,0
VM,0,0,0,172.0,0,0,0,0,0,0,0,0
DF,EPKEE,39.592836,-103.799528,0, ,0.0,0.0,0,0,0,0,0,0,0,0

SID,EPKEE4,26,4
VA,0,263.0,2,6020,0,0,0,0,0,0
VM,0,0,0,263.0,0,0,0,0,0,0,0,0
DF,EPKEE,39.592836,-103.799528,0, ,0.0,0.0,0,0,0,0,0,0,0,0

SID,EPKEE4,35,4
VA,0,352.0,2,6020,0,0,0,0,0,0
VM,0,0,0,352.0,0,0,0,0,0,0,0,0
DF,EPKEE,39.592836,-103.799528,0, ,0.0,0.0,0,0,0,0,0,0,0,0

SID,EPKEE4,ALL,5
IF,EPKEE,39.592836,-103.799528, ,0.0,0.0,0,0,0,0,0,0,0,0
TF,CLAMR,39.201653,-102.336678,0, ,0.0,0.0,0.0,0.0,0,0,0,0,0,0,0,0
TF,WEEDS,39.112019,-102.012992,0, ,0.0,0.0,0.0,0.0,0,0,0,0,0,0,0,0

SID,EPKEE4,DUUCE,6
IF,WEEDS,39.112019,-102.012992, ,0.0,0.0,0,0,0,0,0,0,0,0
TF,DUUCE,38.721908,-101.585806,0, ,0.0,0.0,0.0,0.0,0,0,0,0,0,0,0,0

SID,EPKEE4,GATTR,6
IF,WEEDS,39.112019,-102.012992, ,0.0,0.0,0,0,0,0,0,0,0,0
TF,GATTR,38.949475,-101.447506,0, ,0.0,0.0,0.0,0.0,0,0,0,0,0,0,0,0

SID,EXTAN4,08,4
VA,0,83.0,2,6020,0,0,0,0,0,0
VM,0,0,0,83.0,0,0,0,0,0,0,0,0
DF,EXTAN,39.743322,-103.757236,0, ,0.0,0.0,0,0,0,0,0,0,0,0

SID,EXTAN4,17,4
VA,0,172.0,2,6020,0,0,0,0,0,0
VM,0,0,0,172.0,0,0,0,0,0,0,0,0
DF,EXTAN,39.743322,-103.757236,0, ,0.0,0.0,0,0,0,0,0,0,0,0

SID,EXTAN4,26,4
VA,0,263.0,2,6020,0,0,0,0,0,0
VM,0,0,0,263.0,0,0,0,0,0,0,0,0
DF,EXTAN,39.743322,-103.757236,0, ,0.0,0.0,0,0,0,0,0,0,0,0

SID,EXTAN4,35,4
VA,0,352.0,2,6020,0,0,0,0,0,0
VM,0,0,0,352.0,0,0,0,0,0,0,0,0
DF,EXTAN,39.743322,-103.757236,0, ,0.0,0.0,0,0,0,0,0,0,0,0

SID,EXTAN4,ALL,5
IF,EXTAN,39.743322,-103.757236, ,0.0,0.0,0,0,0,0,0,0,0,0
TF,CABET,39.594156,-102.010750,0, ,0.0,0.0,0.0,0.0,0,0,0,0,0,0,0,0
TF,SHAYK,39.545550,-101.409528,0, ,0.0,0.0,0.0,0.0,0,0,0,0,0,0,0,0

SID,FOOOT3,08,4
VA,0,83.0,2,6020,0,0,0,0,0,0
VM,0,0,0,83.0,0,0,0,0,0,0,0,0
DF,PENEY,39.971089,-105.858469,0, ,0.0,0.0,0,0,0,0,0,0,0,0

SID,FOOOT3,17,4
VA,0,172.0,2,6020,0,0,0,0,0,0
VM,0,0,0,172.0,0,0,0,0,0,0,0,0
DF,PENEY,39.971089,-105.858469,0, ,0.0,0.0,0,0,0,0,0,0,0,0

SID,FOOOT3,26,4
VA,0,263.0,2,6020,0,0,0,0,0,0
VM,0,0,0,263.0,0,0,0,0,0,0,0,0
DF,PENEY,39.971089,-105.858469,0, ,0.0,0.0,0,0,0,0,0,0,0,0

SID,FOOOT3,35,4
VA,0,352.0,2,6020,0,0,0,0,0,0
VM,0,0,0,352.0,0,0,0,0,0,0,0,0
DF,PENEY,39.971089,-105.858469,0, ,0.0,0.0,0,0,0,0,0,0,0,0

SID,FOOOT3,ALL,5
IF,PENEY,39.971089,-105.858469, ,0.0,0.0,0,0,0,0,0,0,0,0
TF,RLG,40.002639,-106.442489,0, ,0.0,0.0,0.0,0.0,0,0,0,0,0,0,0,0

SID,PIKES9,ALL,2
IF,DEN,39.812514,-104.660739, ,0.0,0.0,0,0,0,0,0,0,0,0

SID,PIKES9,ALS,3
IF,DEN,39.812514,-104.660739, ,0.0,0.0,0,0,0,0,0,0,0,0
TF,SOLAR,39.146644,-105.059117,0, ,0.0,0.0,0.0,0.0,0,0,0,0,0,0,0,0
TF,TEHEV,38.564447,-105.400608,0, ,0.0,0.0,0.0,0.0,0,0,0,0,0,0,0,0
TF,BINKE,38.007108,-105.592672,0, ,0.0,0.0,0.0,0.0,0,0,0,0,0,0,0,0
TF,ALS,37.349158,-105.815536,0, ,0.0,0.0,0.0,0.0,0,0,0,0,0,0,0,0

SID,PIKES9,BINKE,3
IF,DEN,39.812514,-104.660739, ,0.0,0.0,0,0,0,0,0,0,0,0
TF,SOLAR,39.146644,-105.059117,0, ,0.0,0.0,0.0,0.0,0,0,0,0,0,0,0,0
TF,TEHEV,38.564447,-105.400608,0, ,0.0,0.0,0.0,0.0,0,0,0,0,0,0,0,0
TF,BINKE,38.007108,-105.592672,0, ,0.0,0.0,0.0,0.0,0,0,0,0,0,0,0,0

SID,PIKES9,PUB,3
IF,DEN,39.812514,-104.660739, ,0.0,0.0,0,0,0,0,0,0,0,0
TF,ADANE,38.915906,-104.399017,0, ,0.0,0.0,0.0,0.0,0,0,0,0,0,0,0,0
TF,DRAKE,38.606681,-104.414217,0, ,0.0,0.0,0.0,0.0,0,0,0,0,0,0,0,0
TF,PUB,38.294256,-104.429447,0, ,0.0,0.0,0.0,0.0,0,0,0,0,0,0,0,0

SID,PLAIN8,ALL,2
IF,DEN,39.812514,-104.660739, ,0.0,0.0,0,0,0,0,0,0,0,0

SID,PLAIN8,AKO,3
IF,DEN,39.812514,-104.660739, ,0.0,0.0,0,0,0,0,0,0,0,0
TF,EEONS,40.021561,-103.769733,0, ,0.0,0.0,0.0,0.0,0,0,0,0,0,0,0,0
TF,AKO,40.155553,-103.179711,0, ,0.0,0.0,0.0,0.0,0,0,0,0,0,0,0,0

SID,PLAIN8,ASHBY,3
IF,DEN,39.812514,-104.660739, ,0.0,0.0,0,0,0,0,0,0,0,0
TF,EEONS,40.021561,-103.769733,0, ,0.0,0.0,0.0,0.0,0,0,0,0,0,0,0,0
TF,AKO,40.155553,-103.179711,0, ,0.0,0.0,0.0,0.0,0,0,0,0,0,0,0,0
TF,ASHBY,40.317239,-102.001508,0, ,0.0,0.0,0.0,0.0,0,0,0,0,0,0,0,0

SID,PLAIN8,BELKE,3
IF,DEN,39.812514,-104.660739, ,0.0,0.0,0,0,0,0,0,0,0,0
TF,EMMYS,39.883808,-103.734836,0, ,0.0,0.0,0.0,0.0,0,0,0,0,0,0,0,0
TF,TEKMY,39.976144,-102.353422,0, ,0.0,0.0,0.0,0.0,0,0,0,0,0,0,0,0
TF,BELKE,40.022939,-102.008525,0, ,0.0,0.0,0.0,0.0,0,0,0,0,0,0,0,0

SID,PLAIN8,CABET,3
IF,DEN,39.812514,-104.660739, ,0.0,0.0,0,0,0,0,0,0,0,0
TF,EXTAN,39.743322,-103.757236,0, ,0.0,0.0,0.0,0.0,0,0,0,0,0,0,0,0
TF,TXC,39.698317,-103.214939,0, ,0.0,0.0,0.0,0.0,0,0,0,0,0,0,0,0
TF,CABET,39.594156,-102.010750,0, ,0.0,0.0,0.0,0.0,0,0,0,0,0,0,0,0

SID,PLAIN8,GCK,3
IF,DEN,39.812514,-104.660739, ,0.0,0.0,0,0,0,0,0,0,0,0
TF,EPKEE,39.592836,-103.799528,0, ,0.0,0.0,0.0,0.0,0,0,0,0,0,0,0,0
TF,WEEDS,39.112019,-102.012992,0, ,0.0,0.0,0.0,0.0,0,0,0,0,0,0,0,0
TF,GCK,37.919003,-100.725008,0, ,0.0,0.0,0.0,0.0,0,0,0,0,0,0,0,0

SID,PLAIN8,GLD,3
IF,DEN,39.812514,-104.660739, ,0.0,0.0,0,0,0,0,0,0,0,0
TF,EXTAN,39.743322,-103.757236,0, ,0.0,0.0,0.0,0.0,0,0,0,0,0,0,0,0
TF,TXC,39.698317,-103.214939,0, ,0.0,0.0,0.0,0.0,0,0,0,0,0,0,0,0
TF,GLD,39.387869,-101.692297,0, ,0.0,0.0,0.0,0.0,0,0,0,0,0,0,0,0

SID,PLAIN8,HCT,3
IF,DEN,39.812514,-104.660739, ,0.0,0.0,0,0,0,0,0,0,0,0
TF,EEONS,40.021561,-103.769733,0, ,0.0,0.0,0.0,0.0,0,0,0,0,0,0,0,0
TF,AKO,40.155553,-103.179711,0, ,0.0,0.0,0.0,0.0,0,0,0,0,0,0,0,0
TF,ASHBY,40.317239,-102.001508,0, ,0.0,0.0,0.0,0.0,0,0,0,0,0,0,0,0
TF,HCT,40.454061,-100.923572,0, ,0.0,0.0,0.0,0.0,0,0,0,0,0,0,0,0

SID,PLAIN8,MCK,3
IF,DEN,39.812514,-104.660739, ,0.0,0.0,0,0,0,0,0,0,0,0
TF,EMMYS,39.883808,-103.734836,0, ,0.0,0.0,0.0,0.0,0,0,0,0,0,0,0,0
TF,TEKMY,39.976144,-102.353422,0, ,0.0,0.0,0.0,0.0,0,0,0,0,0,0,0,0
TF,BELKE,40.022939,-102.008525,0, ,0.0,0.0,0.0,0.0,0,0,0,0,0,0,0,0
TF,MCK,40.203797,-100.594225,0, ,0.0,0.0,0.0,0.0,0,0,0,0,0,0,0,0

SID,PLAIN8,TXC,3
IF,DEN,39.812514,-104.660739, ,0.0,0.0,0,0,0,0,0,0,0,0
TF,EXTAN,39.743322,-103.757236,0, ,0.0,0.0,0.0,0.0,0,0,0,0,0,0,0,0
TF,TXC,39.698317,-103.214939,0, ,0.0,0.0,0.0,0.0,0,0,0,0,0,0,0,0

SID,PLAIN8,WEEDS,3
IF,DEN,39.812514,-104.660739, ,0.0,0.0,0,0,0,0,0,0,0,0
TF,EPKEE,39.592836,-103.799528,0, ,0.0,0.0,0.0,0.0,0,0,0,0,0,0,0,0
TF,WEEDS,39.112019,-102.012992,0, ,0.0,0.0,0.0,0.0,0,0,0,0,0,0,0,0

SID,RIKKK3,08,4
VA,0,83.0,2,6020,0,0,0,0,0,0
VM,0,0,0,83.0,0,0,0,0,0,0,0,0
DF,RIKKK,40.784544,-104.850197,0, ,0.0,0.0,0,0,0,0,0,0,0,0

SID,RIKKK3,17,4
VA,0,172.0,2,6020,0,0,0,0,0,0
VM,0,0,0,172.0,0,0,0,0,0,0,0,0
DF,RIKKK,40.784544,-104.850197,0, ,0.0,0.0,0,0,0,0,0,0,0,0

SID,RIKKK3,26,4
VA,0,263.0,2,6020,0,0,0,0,0,0
VM,0,0,0,263.0,0,0,0,0,0,0,0,0
DF,RIKKK,40.784544,-104.850197,0, ,0.0,0.0,0,0,0,0,0,0,0,0

SID,RIKKK3,35,4
VA,0,352.0,2,6020,0,0,0,0,0,0
VM,0,0,0,352.0,0,0,0,0,0,0,0,0
DF,RIKKK,40.784544,-104.850197,0, ,0.0,0.0,0,0,0,0,0,0,0,0

SID,RIKKK3,ALL,5
IF,RIKKK,40.784544,-104.850197, ,0.0,0.0,0,0,0,0,0,0,0,0
TF,FISAR,41.565058,-105.236372,0, ,0.0,0.0,0.0,0.0,0,0,0,0,0,0,0,0

SID,ROCKI3,ALL,2
IF,DEN,39.812514,-104.660739, ,0.0,0.0,0,0,0,0,0,0,0,0

SID,ROCKI3,DBL,3
IF,DEN,39.812514,-104.660739, ,0.0,0.0,0,0,0,0,0,0,0,0
TF,CONNR,39.699064,-105.665778,0, ,0.0,0.0,0.0,0.0,0,0,0,0,0,0,0,0
TF,DBL,39.439344,-106.894681,0, ,0.0,0.0,0.0,0.0,0,0,0,0,0,0,0,0

SID,ROCKI3,DVC,3
IF,DEN,39.812514,-104.660739, ,0.0,0.0,0,0,0,0,0,0,0,0
TF,BAYLR,39.553331,-105.618344,0, ,0.0,0.0,0.0,0.0,0,0,0,0,0,0,0,0
TF,BOBBA,39.394983,-106.186128,0, ,0.0,0.0,0.0,0.0,0,0,0,0,0,0,0,0
TF,TEHRU,39.242606,-106.720892,0, ,0.0,0.0,0.0,0.0,0,0,0,0,0,0,0,0
TF,MTJ,38.506436,-107.899289,0, ,0.0,0.0,0.0,0.0,0,0,0,0,0,0,0,0
TF,DVC,37.808739,-108.931272,0, ,0.0,0.0,0.0,0.0,0,0,0,0,0,0,0,0

SID,ROCKI3,EKR,3
IF,DEN,39.812514,-104.660739, ,0.0,0.0,0,0,0,0,0,0,0,0
TF,ZIMMR,40.029622,-105.665431,0, ,0.0,0.0,0.0,0.0,0,0,0,0,0,0,0,0
TF,RLG,40.002639,-106.442489,0, ,0.0,0.0,0.0,0.0,0,0,0,0,0,0,0,0
TF,EKR,40.067442,-107.924950,0, ,0.0,0.0,0.0,0.0,0,0,0,0,0,0,0,0

SID,ROCKI3,HBU,3
IF,DEN,39.812514,-104.660739, ,0.0,0.0,0,0,0,0,0,0,0,0
TF,BAYLR,39.553331,-105.618344,0, ,0.0,0.0,0.0,0.0,0,0,0,0,0,0,0,0
TF,BOBBA,39.394983,-106.186128,0, ,0.0,0.0,0.0,0.0,0,0,0,0,0,0,0,0
TF,HBU,38.452117,-107.039714,0, ,0.0,0.0,0.0,0.0,0,0,0,0,0,0,0,0

SID,ROCKI3,MTJ,3
IF,DEN,39.812514,-104.660739, ,0.0,0.0,0,0,0,0,0,0,0,0
TF,BAYLR,39.553331,-105.618344,0, ,0.0,0.0,0.0,0.0,0,0,0,0,0,0,0,0
TF,BOBBA,39.394983,-106.186128,0, ,0.0,0.0,0.0,0.0,0,0,0,0,0,0,0,0
TF,TEHRU,39.242606,-106.720892,0, ,0.0,0.0,0.0,0.0,0,0,0,0,0,0,0,0
TF,MTJ,38.506436,-107.899289,0, ,0.0,0.0,0.0,0.0,0,0,0,0,0,0,0,0

SID,ROCKI3,RLG,3
IF,DEN,39.812514,-104.660739, ,0.0,0.0,0,0,0,0,0,0,0,0
TF,ZIMMR,40.029622,-105.665431,0, ,0.0,0.0,0.0,0.0,0,0,0,0,0,0,0,0
TF,RLG,40.002639,-106.442489,0, ,0.0,0.0,0.0,0.0,0,0,0,0,0,0,0,0

SID,SOLAR3,08,4
VA,0,83.0,2,6020,0,0,0,0,0,0
VM,0,0,0,83.0,0,0,0,0,0,0,0,0
DF,SOLAR,39.146644,-105.059117,0, ,0.0,0.0,0,0,0,0,0,0,0,0

SID,SOLAR3,17,4
VA,0,172.0,2,6020,0,0,0,0,0,0
VM,0,0,0,172.0,0,0,0,0,0,0,0,0
DF,SOLAR,39.146644,-105.059117,0, ,0.0,0.0,0,0,0,0,0,0,0,0

SID,SOLAR3,26,4
VA,0,263.0,2,6020,0,0,0,0,0,0
VM,0,0,0,263.0,0,0,0,0,0,0,0,0
DF,SOLAR,39.146644,-105.059117,0, ,0.0,0.0,0,0,0,0,0,0,0,0

SID,SOLAR3,35,4
VA,0,352.0,2,6020,0,0,0,0,0,0
VM,0,0,0,352.0,0,0,0,0,0,0,0,0
DF,SOLAR,39.146644,-105.059117,0, ,0.0,0.0,0,0,0,0,0,0,0,0

SID,SOLAR3,ALL,5
IF,SOLAR,39.146644,-105.059117, ,0.0,0.0,0,0,0,0,0,0,0,0
TF,WEEZR,38.640983,-105.382783,0, ,0.0,0.0,0.0,0.0,0,0,0,0,0,0,0,0
TF,DAAYE,38.011231,-105.778942,0, ,0.0,0.0,0.0,0.0,0,0,0,0,0,0,0,0

SID,SPAZZ3,08,4
VA,0,83.0,2,6020,0,0,0,0,0,0
VM,0,0,0,83.0,0,0,0,0,0,0,0,0
DF,JEPPC,39.392756,-104.592458,0, ,0.0,0.0,0,0,0,0,0,0,0,0
TF,SPAZZ,39.044186,-104.736939,0, ,0.0,0.0,0.0,0.0,0,0,0,0,0,0,0,0

SID,SPAZZ3,17,4
VA,0,172.0,2,6020,0,0,0,0,0,0
VM,0,0,0,172.0,0,0,0,0,0,0,0,0
DF,JEPPC,39.392756,-104.592458,0, ,0.0,0.0,0,0,0,0,0,0,0,0
TF,SPAZZ,39.044186,-104.736939,0, ,0.0,0.0,0.0,0.0,0,0,0,0,0,0,0,0

SID,SPAZZ3,26,4
VA,0,263.0,2,6020,0,0,0,0,0,0
VM,0,0,0,263.0,0,0,0,0,0,0,0,0
DF,JEPPC,39.392756,-104.592458,0, ,0.0,0.0,0,0,0,0,0,0,0,0
TF,SPAZZ,39.044186,-104.736939,0, ,0.0,0.0,0.0,0.0,0,0,0,0,0,0,0,0

SID,SPAZZ3,35,4
VA,0,352.0,2,6020,0,0,0,0,0,0
VM,0,0,0,352.0,0,0,0,0,0,0,0,0
DF,JEPPC,39.392756,-104.592458,0, ,0.0,0.0,0,0,0,0,0,0,0,0
TF,SPAZZ,39.044186,-104.736939,0, ,0.0,0.0,0.0,0.0,0,0,0,0,0,0,0,0

SID,SPAZZ3,JOPLN,6
IF,SPAZZ,39.044186,-104.736939, ,0.0,0.0,0,0,0,0,0,0,0,0
TF,PUB,38.294256,-104.429447,0, ,0.0,0.0,0.0,0.0,0,0,0,0,0,0,0,0
TF,JOPLN,37.410453,-104.184364,0, ,0.0,0.0,0.0,0.0,0,0,0,0,0,0,0,0

SID,SPAZZ3,TBE,6
IF,SPAZZ,39.044186,-104.736939, ,0.0,0.0,0,0,0,0,0,0,0,0
TF,PUB,38.294256,-104.429447,0, ,0.0,0.0,0.0,0.0,0,0,0,0,0,0,0,0
TF,TBE,37.258658,-103.600056,0, ,0.0,0.0,0.0,0.0,0,0,0,0,0,0,0,0

SID,SPAZZ3,ZAPAA,6
IF,SPAZZ,39.044186,-104.736939, ,0.0,0.0,0,0,0,0,0,0,0,0
TF,FRNKE,38.751389,-104.918719,0, ,0.0,0.0,0.0,0.0,2,23000,0,0,0,0,0,0
TF,ZAPAA,37.721069,-105.622972,0, ,0.0,0.0,0.0,0.0,0,0,0,0,0,0,0,0

SID,STAKR3,08,4
VA,0,83.0,2,6020,0,0,0,0,0,0
VM,0,0,0,83.0,0,0,0,0,0,0,0,0
DF,STAKR,39.132581,-104.458994,0, ,0.0,0.0,0,0,0,0,0,0,0,0

SID,STAKR3,17,4
VA,0,172.0,2,6020,0,0,0,0,0,0
VM,0,0,0,172.0,0,0,0,0,0,0,0,0
DF,STAKR,39.132581,-104.458994,0, ,0.0,0.0,0,0,0,0,0,0,0,0

SID,STAKR3,26,4
VA,0,263.0,2,6020,0,0,0,0,0,0
VM,0,0,0,263.0,0,0,0,0,0,0,0,0
DF,STAKR,39.132581,-104.458994,0, ,0.0,0.0,0,0,0,0,0,0,0,0

SID,STAKR3,35,4
VA,0,352.0,2,6020,0,0,0,0,0,0
VM,0,0,0,352.0,0,0,0,0,0,0,0,0
DF,STAKR,39.132581,-104.458994,0, ,0.0,0.0,0,0,0,0,0,0,0,0

SID,STAKR3,ALL,5
IF,STAKR,39.132581,-104.458994, ,0.0,0.0,0,0,0,0,0,0,0,0
TF,ADANE,38.915906,-104.399017,0, ,0.0,0.0,0.0,0.0,0,0,0,0,0,0,0,0
TF,PIEDD,38.661944,-104.328983,0, ,0.0,0.0,0.0,0.0,0,0,0,0,0,0,0,0
TF,PYPER,38.062825,-103.686203,0, ,0.0,0.0,0.0,0.0,0,0,0,0,0,0,0,0

SID,YAMMI3,08,4
VA,0,83.0,2,6020,0,0,0,0,0,0
VM,0,0,0,83.0,0,0,0,0,0,0,0,0
DF,YAMMI,40.764942,-105.068008,0, ,0.0,0.0,0,0,0,0,0,0,0,0

SID,YAMMI3,17,4
VA,0,172.0,2,6020,0,0,0,0,0,0
VM,0,0,0,172.0,0,0,0,0,0,0,0,0
DF,YAMMI,40.764942,-105.068008,0, ,0.0,0.0,0,0,0,0,0,0,0,0

SID,YAMMI3,26,4
VA,0,263.0,2,6020,0,0,0,0,0,0
VM,0,0,0,263.0,0,0,0,0,0,0,0,0
DF,YAMMI,40.764942,-105.068008,0, ,0.0,0.0,0,0,0,0,0,0,0,0

SID,YAMMI3,35,4
VA,0,352.0,2,6020,0,0,0,0,0,0
VM,0,0,0,352.0,0,0,0,0,0,0,0,0
DF,YAMMI,40.764942,-105.068008,0, ,0.0,0.0,0,0,0,0,0,0,0,0

SID,YAMMI3,ALL,5
IF,YAMMI,40.764942,-105.068008, ,0.0,0.0,0,0,0,0,0,0,0,0
TF,LAR,41.337819,-105.720933,0, ,0.0,0.0,0.0,0.0,0,0,0,0,0,0,0,0

SID,YELLO1,ALL,2
IF,DEN,39.812514,-104.660739, ,0.0,0.0,0,0,0,0,0,0,0,0

SID,YELLO1,BFF,3
IF,DEN,39.812514,-104.660739, ,0.0,0.0,0,0,0,0,0,0,0,0
TF,YOKES,40.576933,-104.237261,0, ,0.0,0.0,0.0,0.0,0,0,0,0,0,0,0,0
TF,COPLA,40.827881,-104.095947,0, ,0.0,0.0,0.0,0.0,0,0,0,0,0,0,0,0
TF,BFF,41.894164,-103.482031,0, ,0.0,0.0,0.0,0.0,0,0,0,0,0,0,0,0

SID,YELLO1,CYS,3
IF,DEN,39.812514,-104.660739, ,0.0,0.0,0,0,0,0,0,0,0,0
TF,YALES,40.794339,-104.739000,0, ,0.0,0.0,0.0,0.0,0,0,0,0,0,0,0,0
TF,CYS,41.210967,-104.772914,0, ,0.0,0.0,0.0,0.0,0,0,0,0,0,0,0,0

SID,YELLO1,HANKI,3
IF,DEN,39.812514,-104.660739, ,0.0,0.0,0,0,0,0,0,0,0,0
TF,YOKES,40.576933,-104.237261,0, ,0.0,0.0,0.0,0.0,0,0,0,0,0,0,0,0
TF,COPLA,40.827881,-104.095947,0, ,0.0,0.0,0.0,0.0,0,0,0,0,0,0,0,0
TF,HANKI,41.631981,-102.930133,0, ,0.0,0.0,0.0,0.0,0,0,0,0,0,0,0,0

SID,YELLO1,LAR,3
IF,DEN,39.812514,-104.660739, ,0.0,0.0,0,0,0,0,0,0,0,0
TF,YAMMI,40.764942,-105.068008,0, ,0.0,0.0,0.0,0.0,0,0,0,0,0,0,0,0
TF,LAR,41.337819,-105.720933,0, ,0.0,0.0,0.0,0.0,0,0,0,0,0,0,0,0

SID,YELLO1,MBW,3
IF,DEN,39.812514,-104.660739, ,0.0,0.0,0,0,0,0,0,0,0,0
TF,YAMMI,40.764942,-105.068008,0, ,0.0,0.0,0.0,0.0,2,12000,0,0,0,0,0,0
TF,MBW,41.845522,-106.004283,0, ,0.0,0.0,0.0,0.0,0,0,0,0,0,0,0,0

SID,YELLO1,NATTI,3
IF,DEN,39.812514,-104.660739, ,0.0,0.0,0,0,0,0,0,0,0,0
TF,YAMMI,40.764942,-105.068008,0, ,0.0,0.0,0.0,0.0,0,0,0,0,0,0,0,0
TF,LAR,41.337819,-105.720933,0, ,0.0,0.0,0.0,0.0,0,0,0,0,0,0,0,0
TF,NATTI,41.513422,-106.483656,0, ,0.0,0.0,0.0,0.0,0,0,0,0,0,0,0,0

SID,YELLO1,RAP,3
IF,DEN,39.812514,-104.660739, ,0.0,0.0,0,0,0,0,0,0,0,0
TF,GLL,40.503867,-104.553014,0, ,0.0,0.0,0.0,0.0,0,0,0,0,0,0,0,0
TF,RAP,43.976039,-103.012328,0, ,0.0,0.0,0.0,0.0,0,0,0,0,0,0,0,0

SID,YOKES5,08,4
VA,0,83.0,2,6020,0,0,0,0,0,0
VM,0,0,0,83.0,0,0,0,0,0,0,0,0
DF,VELAA,40.278447,-104.435119,0, ,0.0,0.0,2,12000,0,0,0,0,0,0
TF,YOKES,40.576933,-104.237261,0, ,0.0,0.0,0.0,0.0,0,0,0,0,0,0,0,0

SID,YOKES5,17,4
VA,0,172.0,2,6020,0,0,0,0,0,0
VM,0,0,0,172.0,0,0,0,0,0,0,0,0
DF,VELAA,40.278447,-104.435119,0, ,0.0,0.0,2,12000,0,0,0,0,0,0
TF,YOKES,40.576933,-104.237261,0, ,0.0,0.0,0.0,0.0,0,0,0,0,0,0,0,0

SID,YOKES5,26,4
VA,0,263.0,2,6020,0,0,0,0,0,0
VM,0,0,0,263.0,0,0,0,0,0,0,0,0
DF,VELAA,40.278447,-104.435119,0, ,0.0,0.0,2,12000,0,0,0,0,0,0
TF,YOKES,40.576933,-104.237261,0, ,0.0,0.0,0.0,0.0,0,0,0,0,0,0,0,0

SID,YOKES5,35,4
VA,0,352.0,2,6020,0,0,0,0,0,0
VM,0,0,0,352.0,0,0,0,0,0,0,0,0
DF,VELAA,40.278447,-104.435119,0, ,0.0,0.0,2,12000,0,0,0,0,0,0
TF,YOKES,40.576933,-104.237261,0, ,0.0,0.0,0.0,0.0,0,0,0,0,0,0,0,0

SID,YOKES5,BFF,6
IF,YOKES,40.576933,-104.237261, ,0.0,0.0,0,0,0,0,0,0,0,0
TF,COPLA,40.827881,-104.095947,0, ,0.0,0.0,0.0,0.0,0,0,0,0,0,0,0,0
TF,BFF,41.894164,-103.482031,0, ,0.0,0.0,0.0,0.0,0,0,0,0,0,0,0,0

SID,YOKES5,CHICI,6
IF,YOKES,40.576933,-104.237261, ,0.0,0.0,0,0,0,0,0,0,0,0
TF,CHICI,41.397733,-103.172856,0, ,0.0,0.0,0.0,0.0,0,0,0,0,0,0,0,0

STAR,DANDD8,GCK,1
IF,GCK,37.919003,-100.725008, ,0.0,0.0,0,0,0,0,0,0,0,0
TF,RYLIE,38.337311,-101.827478,0, ,0.0,0.0,0.0,0.0,0,0,0,0,0,0,0,0
TF,SELLS,38.828075,-103.173744,0, ,0.0,0.0,0.0,0.0,0,0,0,0,0,0,0,0
TF,PRAGG,38.916394,-103.291506,0, ,0.0,0.0,0.0,0.0,0,0,0,0,0,0,0,0
TF,KIPPY,39.070231,-103.497275,0, ,0.0,0.0,0.0,0.0,0,0,0,0,0,0,0,0
TF,CLEVE,39.343633,-103.866425,0, ,0.0,0.0,0.0,0.0,0,0,0,0,0,0,0,0
TF,DANDD,39.397094,-103.939133,0, ,0.0,0.0,0.0,0.0,0,0,0,0,0,0,0,0

STAR,DANDD8,GLD,1
IF,GLD,39.387869,-101.692297, ,0.0,0.0,0,0,0,0,0,0,0,0
TF,PRAGG,38.916394,-103.291506,0, ,0.0,0.0,0.0,0.0,0,0,0,0,0,0,0,0
TF,KIPPY,39.070231,-103.497275,0, ,0.0,0.0,0.0,0.0,0,0,0,0,0,0,0,0
TF,CLEVE,39.343633,-103.866425,0, ,0.0,0.0,0.0,0.0,0,0,0,0,0,0,0,0
TF,DANDD,39.397094,-103.939133,0, ,0.0,0.0,0.0,0.0,0,0,0,0,0,0,0,0

STAR,DANDD8,OATHE,1
IF,OATHE,38.849731,-101.794258, ,0.0,0.0,0,0,0,0,0,0,0,0
TF,SELLS,38.828075,-103.173744,0, ,0.0,0.0,0.0,0.0,0,0,0,0,0,0,0,0
TF,PRAGG,38.916394,-103.291506,0, ,0.0,0.0,0.0,0.0,0,0,0,0,0,0,0,0
TF,KIPPY,39.070231,-103.497275,0, ,0.0,0.0,0.0,0.0,0,0,0,0,0,0,0,0
TF,CLEVE,39.343633,-103.866425,0, ,0.0,0.0,0.0,0.0,0,0,0,0,0,0,0,0
TF,DANDD,39.397094,-103.939133,0, ,0.0,0.0,0.0,0.0,0,0,0,0,0,0,0,0

STAR,DANDD8,ALL,2
IF,DANDD,39.397094,-103.939133, ,0.0,0.0,0,0,0,0,0,0,0,0
TF,PEEDE,39.582242,-104.192283,0, ,0.0,0.0,0.0,0.0,0,0,0,0,0,0,0,0
TF,GOAVS,39.824131,-104.526231,0, ,0.0,0.0,0.0,0.0,0,0,0,0,0,0,0,0
TF,DVV,39.894689,-104.624336,0, ,0.0,0.0,0.0,0.0,0,0,0,0,0,0,0,0

STAR,LANDR8,BFF,1
IF,BFF,41.894164,-103.482031, ,0.0,0.0,0,0,0,0,0,0,0,0
TF,GLIMR,40.849953,-103.635053,0, ,0.0,0.0,0.0,0.0,0,0,0,0,0,0,0,0
TF,LIBIE,40.601242,-103.670631,0, ,0.0,0.0,0.0,0.0,0,0,0,0,0,0,0,0
TF,LANDR,40.357572,-104.002964,0, ,0.0,0.0,0.0,0.0,0,0,0,0,0,0,0,0

STAR,LANDR8,CYS,1
IF,CYS,41.210967,-104.772914, ,0.0,0.0,0,0,0,0,0,0,0,0
TF,GLIMR,40.849953,-103.635053,0, ,0.0,0.0,0.0,0.0,0,0,0,0,0,0,0,0
TF,LIBIE,40.601242,-103.670631,0, ,0.0,0.0,0.0,0.0,0,0,0,0,0,0,0,0
TF,LANDR,40.357572,-104.002964,0, ,0.0,0.0,0.0,0.0,0,0,0,0,0,0,0,0

STAR,LANDR8,ELJAY,1
IF,ELJAY,41.225103,-101.221461, ,0.0,0.0,0,0,0,0,0,0,0,0
TF,FONTO,40.752217,-103.462778,0, ,0.0,0.0,0.0,0.0,0,0,0,0,0,0,0,0
TF,LIBIE,40.601242,-103.670631,0, ,0.0,0.0,0.0,0.0,0,0,0,0,0,0,0,0
TF,LANDR,40.357572,-104.002964,0, ,0.0,0.0,0.0,0.0,0,0,0,0,0,0,0,0

STAR,LANDR8,SNY,1
IF,SNY,41.096667,-102.983000, ,0.0,0.0,0,0,0,0,0,0,0,0
TF,FONTO,40.752217,-103.462778,0, ,0.0,0.0,0.0,0.0,0,0,0,0,0,0,0,0
TF,LIBIE,40.601242,-103.670631,0, ,0.0,0.0,0.0,0.0,0,0,0,0,0,0,0,0
TF,LANDR,40.357572,-104.002964,0, ,0.0,0.0,0.0,0.0,0,0,0,0,0,0,0,0

STAR,LANDR8,YANKI,1
IF,YANKI,41.527511,-100.734722, ,0.0,0.0,0,0,0,0,0,0,0,0
TF,SNY,41.096667,-102.983000,0, ,0.0,0.0,0.0,0.0,0,0,0,0,0,0,0,0
TF,FONTO,40.752217,-103.462778,0, ,0.0,0.0,0.0,0.0,0,0,0,0,0,0,0,0
TF,LIBIE,40.601242,-103.670631,0, ,0.0,0.0,0.0,0.0,0,0,0,0,0,0,0,0
TF,LANDR,40.357572,-104.002964,0, ,0.0,0.0,0.0,0.0,0,0,0,0,0,0,0,0

STAR,LANDR8,ALL,2
IF,LANDR,40.357572,-104.002964, ,0.0,0.0,0,0,0,0,0,0,0,0
TF,YONDR,40.266664,-104.126033,0, ,0.0,0.0,0.0,0.0,0,0,0,0,0,0,0,0
TF,PHLAT,39.971589,-104.522003,0, ,0.0,0.0,0.0,0.0,0,0,0,0,0,0,0,0
TF,DVV,39.894689,-104.624336,0, ,0.0,0.0,0.0,0.0,0,0,0,0,0,0,0,0

STAR,LARKS8,ALS,1
IF,ALS,37.349158,-105.815536, ,0.0,0.0,0,0,0,0,0,0,0,0
TF,KANON,38.395903,-105.991822,0, ,0.0,0.0,0.0,0.0,0,0,0,0,0,0,0,0
TF,HICKY,38.771336,-106.056361,0, ,0.0,0.0,0.0,0.0,0,0,0,0,0,0,0,0
TF,TERRO,38.891094,-105.873067,0, ,0.0,0.0,0.0,0.0,0,0,0,0,0,0,0,0
TF,MURFE,39.138169,-105.491114,0, ,0.0,0.0,0.0,0.0,0,0,0,0,0,0,0,0
TF,LARKS,39.257397,-105.305161,0, ,0.0,0.0,0.0,0.0,0,0,0,0,0,0,0,0

STAR,LARKS8,HBU,1
IF,HBU,38.452117,-107.039714, ,0.0,0.0,0,0,0,0,0,0,0,0
TF,HICKY,38.771336,-106.056361,0, ,0.0,0.0,0.0,0.0,0,0,0,0,0,0,0,0
TF,TERRO,38.891094,-105.873067,0, ,0.0,0.0,0.0,0.0,0,0,0,0,0,0,0,0
TF,MURFE,39.138169,-105.491114,0, ,0.0,0.0,0.0,0.0,0,0,0,0,0,0,0,0
TF,LARKS,39.257397,-105.305161,0, ,0.0,0.0,0.0,0.0,0,0,0,0,0,0,0,0

STAR,LARKS8,LOPEC,1
IF,LOPEC,38.092661,-106.859228, ,0.0,0.0,0,0,0,0,0,0,0,0
TF,PAPPA,38.492717,-106.479069,0, ,0.0,0.0,0.0,0.0,0,0,0,0,0,0,0,0
TF,HICKY,38.771336,-106.056361,0, ,0.0,0.0,0.0,0.0,0,0,0,0,0,0,0,0
TF,TERRO,38.891094,-105.873067,0, ,0.0,0.0,0.0,0.0,0,0,0,0,0,0,0,0
TF,MURFE,39.138169,-105.491114,0, ,0.0,0.0,0.0,0.0,0,0,0,0,0,0,0,0
TF,LARKS,39.257397,-105.305161,0, ,0.0,0.0,0.0,0.0,0,0,0,0,0,0,0,0

STAR,LARKS8,PUB,1
IF,PUB,38.294256,-104.429447, ,0.0,0.0,0,0,0,0,0,0,0,0
TF,KANON,38.395903,-105.991822,0, ,0.0,0.0,0.0,0.0,0,0,0,0,0,0,0,0
TF,HICKY,38.771336,-106.056361,0, ,0.0,0.0,0.0,0.0,0,0,0,0,0,0,0,0
TF,TERRO,38.891094,-105.873067,0, ,0.0,0.0,0.0,0.0,0,0,0,0,0,0,0,0
TF,MURFE,39.138169,-105.491114,0, ,0.0,0.0,0.0,0.0,0,0,0,0,0,0,0,0
TF,LARKS,39.257397,-105.305161,0, ,0.0,0.0,0.0,0.0,0,0,0,0,0,0,0,0

STAR,LARKS8,RSK,1
IF,RSK,36.748392,-108.098900, ,0.0,0.0,0,0,0,0,0,0,0,0
TF,LOPEC,38.092661,-106.859228,0, ,0.0,0.0,0.0,0.0,0,0,0,0,0,0,0,0
TF,PAPPA,38.492717,-106.479069,0, ,0.0,0.0,0.0,0.0,0,0,0,0,0,0,0,0
TF,HICKY,38.771336,-106.056361,0, ,0.0,0.0,0.0,0.0,0,0,0,0,0,0,0,0
TF,TERRO,38.891094,-105.873067,0, ,0.0,0.0,0.0,0.0,0,0,0,0,0,0,0,0
TF,MURFE,39.138169,-105.491114,0, ,0.0,0.0,0.0,0.0,0,0,0,0,0,0,0,0
TF,LARKS,39.257397,-105.305161,0, ,0.0,0.0,0.0,0.0,0,0,0,0,0,0,0,0

STAR,LARKS8,ALL,2
IF,LARKS,39.257397,-105.305161, ,0.0,0.0,0,0,0,0,0,0,0,0
TF,PAYDD,39.401600,-105.078817,0, ,0.0,0.0,0.0,0.0,0,0,0,0,0,0,0,0
TF,HUUGE,39.578731,-104.798544,0, ,0.0,0.0,0.0,0.0,0,0,0,0,0,0,0,0
TF,FQF,39.690139,-104.620972,0, ,0.0,0.0,0.0,0.0,0,0,0,0,0,0,0,0

STAR,POWDR8,DBL,1
IF,DBL,39.439344,-106.894681, ,0.0,0.0,0,0,0,0,0,0,0,0
TF,JNETT,39.352311,-106.479581,0, ,0.0,0.0,0.0,0.0,0,0,0,0,0,0,0,0
TF,BASEE,39.206156,-105.800033,0, ,0.0,0.0,0.0,0.0,0,0,0,0,0,0,0,0
TF,SKEED,39.291122,-105.657347,0, ,0.0,0.0,0.0,0.0,0,0,0,0,0,0,0,0
TF,COLAS,39.342931,-105.569656,0, ,0.0,0.0,0.0,0.0,0,0,0,0,0,0,0,0
TF,POWDR,39.395219,-105.481575,0, ,0.0,0.0,0.0,0.0,0,0,0,0,0,0,0,0

STAR,POWDR8,HBU,1
IF,HBU,38.452117,-107.039714, ,0.0,0.0,0,0,0,0,0,0,0,0
TF,GRIPP,38.811578,-106.454717,0, ,0.0,0.0,0.0,0.0,0,0,0,0,0,0,0,0
TF,BASEE,39.206156,-105.800033,0, ,0.0,0.0,0.0,0.0,0,0,0,0,0,0,0,0
TF,SKEED,39.291122,-105.657347,0, ,0.0,0.0,0.0,0.0,0,0,0,0,0,0,0,0
TF,COLAS,39.342931,-105.569656,0, ,0.0,0.0,0.0,0.0,0,0,0,0,0,0,0,0
TF,POWDR,39.395219,-105.481575,0, ,0.0,0.0,0.0,0.0,0,0,0,0,0,0,0,0

STAR,POWDR8,JNC,1
IF,JNC,39.059567,-108.792575, ,0.0,0.0,0,0,0,0,0,0,0,0
TF,DIRDY,38.930050,-107.515086,0, ,0.0,0.0,0.0,0.0,0,0,0,0,0,0,0,0
TF,GRIPP,38.811578,-106.454717,0, ,0.0,0.0,0.0,0.0,0,0,0,0,0,0,0,0
TF,BASEE,39.206156,-105.800033,0, ,0.0,0.0,0.0,0.0,0,0,0,0,0,0,0,0
TF,SKEED,39.291122,-105.657347,0, ,0.0,0.0,0.0,0.0,0,0,0,0,0,0,0,0
TF,COLAS,39.342931,-105.569656,0, ,0.0,0.0,0.0,0.0,0,0,0,0,0,0,0,0
TF,POWDR,39.395219,-105.481575,0, ,0.0,0.0,0.0,0.0,0,0,0,0,0,0,0,0

STAR,POWDR8,ALL,2
IF,POWDR,39.395219,-105.481575, ,0.0,0.0,0,0,0,0,0,0,0,0
TF,HLLIE,39.584214,-105.159939,0, ,0.0,0.0,0.0,0.0,0,0,0,0,0,0,0,0
TF,SLOPE,39.794811,-104.797636,0, ,0.0,0.0,0.0,0.0,0,0,0,0,0,0,0,0
TF,DVV,39.894689,-104.624336,0, ,0.0,0.0,0.0,0.0,0,0,0,0,0,0,0,0

STAR,QUAIL8,HGO,1
IF,HGO,38.817500,-103.621389, ,0.0,0.0,0,0,0,0,0,0,0,0
TF,CONAL,39.122589,-103.966897,0, ,0.0,0.0,0.0,0.0,0,0,0,0,0,0,0,0
TF,QUAIL,39.260781,-104.124894,0, ,0.0,0.0,0.0,0.0,0,0,0,0,0,0,0,0

STAR,QUAIL8,LAA,1
IF,LAA,38.197092,-102.687533, ,0.0,0.0,0,0,0,0,0,0,0,0
TF,HYMNS,38.549139,-103.214047,0, ,0.0,0.0,0.0,0.0,0,0,0,0,0,0,0,0
TF,HGO,38.817500,-103.621389,0, ,0.0,0.0,0.0,0.0,0,0,0,0,0,0,0,0
TF,CONAL,39.122589,-103.966897,0, ,0.0,0.0,0.0,0.0,0,0,0,0,0,0,0,0
TF,QUAIL,39.260781,-104.124894,0, ,0.0,0.0,0.0,0.0,0,0,0,0,0,0,0,0

STAR,QUAIL8,TODDE,1
IF,TODDE,38.252103,-103.616508, ,0.0,0.0,0,0,0,0,0,0,0,0
TF,HGO,38.817500,-103.621389,0, ,0.0,0.0,0.0,0.0,0,0,0,0,0,0,0,0
TF,CONAL,39.122589,-103.966897,0, ,0.0,0.0,0.0,0.0,0,0,0,0,0,0,0,0
TF,QUAIL,39.260781,-104.124894,0, ,0.0,0.0,0.0,0.0,0,0,0,0,0,0,0,0

STAR,QUAIL8,ALL,2
IF,QUAIL,39.260781,-104.124894, ,0.0,0.0,0,0,0,0,0,0,0,0
TF,JEFEL,39.363997,-104.243369,0, ,0.0,0.0,0.0,0.0,0,0,0,0,0,0,0,0
TF,CELMI,39.603322,-104.519969,0, ,0.0,0.0,0.0,0.0,0,0,0,0,0,0,0,0
TF,FQF,39.690139,-104.620972,0, ,0.0,0.0,0.0,0.0,0,0,0,0,0,0,0,0

STAR,RAMMS6,CYS,1
IF,CYS,41.210967,-104.772914, ,0.0,0.0,0,0,0,0,0,0,0,0
TF,ELKEE,40.601936,-105.352747,0, ,0.0,0.0,0.0,0.0,0,0,0,0,0,0,0,0
TF,RAMMS,40.493550,-105.238811,0, ,0.0,0.0,0.0,0.0,0,0,0,0,0,0,0,0

STAR,RAMMS6,LAR,1
IF,LAR,41.337819,-105.720933, ,0.0,0.0,0,0,0,0,0,0,0,0
TF,AUTIM,40.754897,-105.511536,0, ,0.0,0.0,0.0,0.0,0,0,0,0,0,0,0,0
TF,ELKEE,40.601936,-105.352747,0, ,0.0,0.0,0.0,0.0,0,0,0,0,0,0,0,0
TF,RAMMS,40.493550,-105.238811,0, ,0.0,0.0,0.0,0.0,0,0,0,0,0,0,0,0

STAR,RAMMS6,MBW,1
IF,MBW,41.845522,-106.004283, ,0.0,0.0,0,0,0,0,0,0,0,0
TF,AUTIM,40.754897,-105.511536,0, ,0.0,0.0,0.0,0.0,0,0,0,0,0,0,0,0
TF,ELKEE,40.601936,-105.352747,0, ,0.0,0.0,0.0,0.0,0,0,0,0,0,0,0,0
TF,RAMMS,40.493550,-105.238811,0, ,0.0,0.0,0.0,0.0,0,0,0,0,0,0,0,0

STAR,RAMMS6,OCS,1
IF,OCS,41.590211,-109.015328, ,0.0,0.0,0,0,0,0,0,0,0,0
TF,ALPOE,40.957931,-106.315811,0, ,0.0,0.0,0.0,0.0,0,0,0,0,0,0,0,0
TF,AUTIM,40.754897,-105.511536,0, ,0.0,0.0,0.0,0.0,0,0,0,0,0,0,0,0
TF,ELKEE,40.601936,-105.352747,0, ,0.0,0.0,0.0,0.0,0,0,0,0,0,0,0,0
TF,RAMMS,40.493550,-105.238811,0, ,0.0,0.0,0.0,0.0,0,0,0,0,0,0,0,0

STAR,RAMMS6,ALL,2
IF,RAMMS,40.493550,-105.238811, ,0.0,0.0,0,0,0,0,0,0,0,0
TF,NIWOT,40.257222,-104.994614,0, ,0.0,0.0,0.0,0.0,0,0,0,0,0,0,0,0
TF,PRONG,40.075925,-104.808803,0, ,0.0,0.0,0.0,0.0,0,0,0,0,0,0,0,0
TF,DVV,39.894689,-104.624336,0, ,0.0,0.0,0.0,0.0,0,0,0,0,0,0,0,0

STAR,SAYGE9,GLD,1
IF,GLD,39.387869,-101.692297, ,0.0,0.0,0,0,0,0,0,0,0,0
TF,AMWAY,40.633297,-103.183597,0, ,0.0,0.0,0.0,0.0,0,0,0,0,0,0,0,0
TF,SYLVR,40.292589,-103.710642,0, ,0.0,0.0,0.0,0.0,0,0,0,0,0,0,0,0
TF,DUNNY,40.256244,-103.767239,0, ,0.0,0.0,0.0,0.0,0,0,0,0,0,0,0,0
TF,SAYGE,40.200597,-103.851386,0, ,0.0,0.0,0.0,0.0,0,0,0,0,0,0,0,0

STAR,SAYGE9,HCT,1
IF,HCT,40.454061,-100.923572, ,0.0,0.0,0,0,0,0,0,0,0,0
TF,TATTR,40.545808,-102.009342,0, ,0.0,0.0,0.0,0.0,0,0,0,0,0,0,0,0
TF,AMWAY,40.633297,-103.183597,0, ,0.0,0.0,0.0,0.0,0,0,0,0,0,0,0,0
TF,SYLVR,40.292589,-103.710642,0, ,0.0,0.0,0.0,0.0,0,0,0,0,0,0,0,0
TF,DUNNY,40.256244,-103.767239,0, ,0.0,0.0,0.0,0.0,0,0,0,0,0,0,0,0
TF,SAYGE,40.200597,-103.851386,0, ,0.0,0.0,0.0,0.0,0,0,0,0,0,0,0,0

STAR,SAYGE9,LBF,1
IF,LBF,41.048706,-100.747097, ,0.0,0.0,0,0,0,0,0,0,0,0
TF,KATLN,40.944064,-101.392919,0, ,0.0,0.0,0.0,0.0,0,0,0,0,0,0,0,0
TF,AMWAY,40.633297,-103.183597,0, ,0.0,0.0,0.0,0.0,0,0,0,0,0,0,0,0
TF,SYLVR,40.292589,-103.710642,0, ,0.0,0.0,0.0,0.0,0,0,0,0,0,0,0,0
TF,DUNNY,40.256244,-103.767239,0, ,0.0,0.0,0.0,0.0,0,0,0,0,0,0,0,0
TF,SAYGE,40.200597,-103.851386,0, ,0.0,0.0,0.0,0.0,0,0,0,0,0,0,0,0

STAR,SAYGE9,SNY,1
IF,SNY,41.096667,-102.983000, ,0.0,0.0,0,0,0,0,0,0,0,0
TF,SYLVR,40.292589,-103.710642,0, ,0.0,0.0,0.0,0.0,0,0,0,0,0,0,0,0
TF,DUNNY,40.256244,-103.767239,0, ,0.0,0.0,0.0,0.0,0,0,0,0,0,0,0,0
TF,SAYGE,40.200597,-103.851386,0, ,0.0,0.0,0.0,0.0,0,0,0,0,0,0,0,0

STAR,SAYGE9,ALL,2
IF,SAYGE,40.200597,-103.851386, ,0.0,0.0,0,0,0,0,0,0,0,0
TF,WITNE,39.996794,-104.160956,0, ,0.0,0.0,0.0,0.0,0,0,0,0,0,0,0,0
TF,ACTOR,39.755758,-104.523111,0, ,0.0,0.0,0.0,0.0,0,0,0,0,0,0,0,0
TF,FQF,39.690139,-104.620972,0, ,0.0,0.0,0.0,0.0,0,0,0,0,0,0,0,0

STAR,TOMSN6,CHE,1
IF,CHE,40.520081,-107.304900, ,0.0,0.0,0,0,0,0,0,0,0,0
TF,GOULL,40.522150,-106.561842,0, ,0.0,0.0,0.0,0.0,0,0,0,0,0,0,0,0
TF,FROGS,40.520033,-105.894781,0, ,0.0,0.0,0.0,0.0,0,0,0,0,0,0,0,0
TF,RIDJE,40.518175,-105.638133,0, ,0.0,0.0,0.0,0.0,0,0,0,0,0,0,0,0
TF,ALLAN,40.422961,-105.519256,0, ,0.0,0.0,0.0,0.0,0,0,0,0,0,0,0,0
TF,TOMSN,40.356742,-105.436958,0, ,0.0,0.0,0.0,0.0,0,0,0,0,0,0,0,0

STAR,TOMSN6,EKR,1
IF,EKR,40.067442,-107.924950, ,0.0,0.0,0,0,0,0,0,0,0,0
TF,FROGS,40.520033,-105.894781,0, ,0.0,0.0,0.0,0.0,0,0,0,0,0,0,0,0
TF,RIDJE,40.518175,-105.638133,0, ,0.0,0.0,0.0,0.0,0,0,0,0,0,0,0,0
TF,ALLAN,40.422961,-105.519256,0, ,0.0,0.0,0.0,0.0,0,0,0,0,0,0,0,0
TF,TOMSN,40.356742,-105.436958,0, ,0.0,0.0,0.0,0.0,0,0,0,0,0,0,0,0

STAR,TOMSN6,RLG,1
IF,RLG,40.002639,-106.442489, ,0.0,0.0,0,0,0,0,0,0,0,0
TF,FROGS,40.520033,-105.894781,0, ,0.0,0.0,0.0,0.0,0,0,0,0,0,0,0,0
TF,RIDJE,40.518175,-105.638133,0, ,0.0,0.0,0.0,0.0,0,0,0,0,0,0,0,0
TF,ALLAN,40.422961,-105.519256,0, ,0.0,0.0,0.0,0.0,0,0,0,0,0,0,0,0
TF,TOMSN,40.356742,-105.436958,0, ,0.0,0.0,0.0,0.0,0,0,0,0,0,0,0,0

STAR,TOMSN6,ALL,2
IF,TOMSN,40.356742,-105.436958, ,0.0,0.0,0,0,0,0,0,0,0,0
TF,HYGEN,40.151081,-105.182753,0, ,0.0,0.0,0.0,0.0,0,0,0,0,0,0,0,0
TF,SHAFT,39.836394,-104.798042,0, ,0.0,0.0,0.0,0.0,0,0,0,0,0,0,0,0
TF,FQF,39.690139,-104.620972,0, ,0.0,0.0,0.0,0.0,0,0,0,0,0,0,0,0

STAR,TSHNR2,CKW,4
IF,CKW,41.755708,-107.581983, ,0.0,0.0,0,0,0,0,0,0,0,0
TF,JLONG,41.440689,-106.980883,0, ,0.0,0.0,0.0,0.0,0,0,0,0,0,0,0,0
TF,BKAYY,41.045381,-106.243903,0, ,0.0,0.0,0.0,0.0,2,27000,0,0,0,0,0,0
TF,SOYAR,40.897050,-105.970939,0, ,0.0,0.0,0.0,0.0,2,23000,0,0,0,0,0,0

STAR,TSHNR2,OPPEE,4
IF,OPPEE,41.459186,-106.245025, ,0.0,0.0,0,0,0,0,0,0,0,0
TF,HNMAN,41.131086,-106.104122,0, ,0.0,0.0,0.0,0.0,2,27000,0,0,0,0,0,0
TF,SOYAR,40.897050,-105.970939,0, ,0.0,0.0,0.0,0.0,2,23000,0,0,0,0,0,0

STAR,TSHNR2,ALL,5
IF,SOYAR,40.897050,-105.970939, ,0.0,0.0,2,23000,0,0,0,0,0,0
TF,MOLTN,40.746492,-105.696989,0, ,0.0,0.0,0.0,0.0,2,19000,0,0,0,0,0,0
TF,WOOKY,40.605144,-105.441986,0, ,0.0,0.0,0.0,0.0,2,17000,0,0,0,0,0,0
TF,RAMMS,40.493550,-105.238811,0, ,0.0,0.0,0.0,0.0,4,19000,17000,1,250,0,0,0
TF,BSAFE,40.429742,-105.014311,0, ,0.0,0.0,0.0,0.0,3,16000,0,0,0,0,0,0
TF,BDUNN,40.394508,-104.891756,0, ,0.0,0.0,0.0,0.0,4,15000,14000,1,210,0,0,0
TF,TSHNR,40.355869,-104.747706,0, ,0.0,0.0,0.0,0.0,1,13000,0,1,210,0,0,0

STAR,ZOMBZ1,VRAIN,4
IF,VRAIN,38.401467,-106.085389, ,0.0,0.0,0,0,0,0,0,0,0,0
TF,JIMMR,38.583981,-105.897806,0, ,0.0,0.0,0.0,0.0,2,27000,0,0,0,0,0,0
TF,JALKA,38.766328,-105.710169,0, ,0.0,0.0,0.0,0.0,0,0,0,0,0,0,0,0
TF,CABOB,38.984247,-105.444350,0, ,0.0,0.0,0.0,0.0,4,21000,17000,0,0,0,0,0
TF,ZOMBZ,39.188939,-105.192489,0, ,0.0,0.0,0.0,0.0,1,15000,0,1,250,0,0,0

STAR,ZOMBZ1,ALL,5
IF,ZOMBZ,39.188939,-105.192489, ,0.0,0.0,1,15000,0,1,250,0,0,0
TF,XBOXX,39.190658,-105.057128,0, ,0.0,0.0,0.0,0.0,4,14000,13000,0,0,0,0,0
TF,XJOIN,39.172092,-104.942031,0, ,0.0,0.0,0.0,0.0,1,12000,0,0,0,0,0,0
TF,XPATH,39.205886,-104.834850,0, ,0.0,0.0,0.0,0.0,1,11000,0,1,210,0,0,0
TF,XBEEE,39.296447,-104.838533,0, ,0.0,0.0,0.0,0.0,1,9000,0,0,0,0,0,0
TF,FIRPI,39.345003,-104.840444,0, ,0.0,0.0,0.0,0.0,1,9000,0,0,0,0,0,0

APPTR,I17,17,DVV
IF,DVV,39.894689,-104.624336, ,0.0,0.0,0,0,0,0,0,0,0,0
TF,FYZER,39.862689,-104.524250,0, ,0.0,0.0,0.0,0.0,2,7700,0,0,0,0,0,0
PI,FYZER,39.862689,-104.524250,1,DVV,37.0,10.0,352,5.0,2,7000,0,0,0,0,1,0

APPTR,I17,17,FQF
IF,FQF,39.690139,-104.620972, ,0.0,0.0,0,0,0,0,0,0,0,0
TF,FYZER,39.862689,-104.524250,0, ,0.0,0.0,0.0,0.0,2,8100,0,0,0,0,0,0
PI,FYZER,39.862689,-104.524250,1,FQF,37.0,10.0,352,5.0,2,7000,0,0,0,0,1,0

FINAL,I17,17,I,3
IF,CFPPS,39.962736,-104.524272,IFZR,352.0,12.1,2,7000,0,0,0,0,0,0
CF,FYZER,39.862689,-104.524250,0,IFZR,352.0,6.1,172.0,6.0,1,7000,0,0,0,0,2,0
CF,RW17,39.785597,-104.524233,0,IFZR,352.0,1.5,172.0,4.6,1,5528,0,0,0,0,3,0
VI,0, ,0.0,172.0,0,0,0,0,0,0,0,0
CF,HUNTN,39.568572,-104.479642,0,FQF,127.0,9.8,127.0,4.0,2,8500,0,0,0,0,0,0
HM,HUNTN,39.568572,-104.479642,2, ,0.0,0.0,307.0,04.3,0,0,0,0,0,0,0,0,0

APPTR,I26,26,FQF
IF,FQF,39.690139,-104.620972, ,0.0,0.0,0,0,0,0,0,0,0,0
TF,FT,39.791861,-104.434222,0, ,0.0,0.0,0.0,0.0,2,8000,0,0,0,0,0,0
PI,FT,39.791861,-104.434222,1,FQF,128.0,10.0,083,5.0,2,7200,0,0,0,0,1,0

FINAL,I26,26,I,3
IF,CFNRM,39.789672,-104.304619,IFTG,83.2,12.5,2,7200,0,0,0,0,0,0
CF,FT,39.791861,-104.434222,0,IFTG,83.2,6.5,263.0,6.0,1,7067,0,0,0,0,2,0
CF,RW26,39.793561,-104.536786,0,IFTG,83.2,1.7,263.0,4.7,1,5530,0,0,0,0,3,0
CA,0,263.0,2,6000,0,0,0,0,0,0
DF,FT,39.791861,-104.434222,1, ,0.0,0.0,2,7200,0,0,0,0,0,0
HM,FT,39.791861,-104.434222,1, ,0.0,0.0,263.0,04.3,0,0,0,0,0,0,0,0,0

APPTR,I35,35,DVV
IF,DVV,39.894689,-104.624336, ,0.0,0.0,0,0,0,0,0,0,0,0
TF,ARRES,39.662358,-104.524206,0, ,0.0,0.0,0.0,0.0,2,8200,0,0,0,0,0,0
PI,ARRES,39.662358,-104.524206,2,DVV,127.0,10.0,172,5.0,2,7900,0,0,0,0,1,0

APPTR,I35,35,FQF
IF,FQF,39.690139,-104.620972, ,0.0,0.0,0,0,0,0,0,0,0,0
TF,ARRES,39.662358,-104.524206,0, ,0.0,0.0,0.0,0.0,2,8200,0,0,0,0,0,0
PI,ARRES,39.662358,-104.524206,2,FQF,127.0,10.0,172,5.0,2,7900,0,0,0,0,1,0

FINAL,I35,35,I,3
IF,CFPQB,39.562306,-104.524183,IVWT,172.0,13.6,2,7900,0,0,0,0,0,0
CF,ARRES,39.662358,-104.524206,0,IVWT,172.0,7.6,352.0,6.0,1,7500,0,0,0,0,2,0
CF,RW35,39.763639,-104.524228,0,IVWT,172.0,1.5,352.0,6.1,1,5566,0,0,0,0,3,0
VI,0, ,0.0,352.0,0,0,0,0,0,0,0,0
CF,PHLAT,39.971589,-104.522003,0,DVV,37.7,6.6,344.0,5.0,2,7500,0,0,0,0,0,0
HM,PHLAT,39.971589,-104.522003,2, ,0.0,0.0,218.0,04.3,0,0,0,0,0,0,0,0,0

APPTR,N26,26,FQF
IF,FQF,39.690139,-104.620972, ,0.0,0.0,0,0,0,0,0,0,0,0
TF,FT,39.791861,-104.434222,0, ,0.0,0.0,0.0,0.0,2,8000,0,0,0,0,0,0
PI,FT,39.791861,-104.434222,1,FQF,128.0,10.0,083,5.0,2,7200,0,0,0,0,1,0
CF,FT,39.791861,-104.434222,0,FQF,43.7,10.6,263.0,8.0,2,7200,0,0,0,0,0,0

FINAL,N26,26,N,2
IF,FT,39.791861,-104.434222,FT,0.0,0.0,2,7200,0,0,0,0,2,0
CF,RW26,39.793561,-104.536786,0,FT,0.0,0.0,263.0,4.7,1,5535,0,0,0,0,3,0
CA,0,263.0,2,5920,0,0,0,0,0,0
DF,FT,39.791861,-104.434222,1, ,0.0,0.0,2,7200,0,0,0,0,0,0
HM,FT,39.791861,-104.434222,1, ,0.0,0.0,263.0,04.3,0,0,0,0,0,0,0,0,0

APPTR,R17,17,DVV
IF,DVV,39.894689,-104.624336, ,0.0,0.0,0,0,0,0,0,0,0,0
TF,TACUD,39.962092,-104.524272,0, ,0.0,0.0,0.0,0.0,2,7500,0,0,0,0,0,1
HF,TACUD,39.962092,-104.524272,1, ,0.0,0.0,172.0,07,2,7000,0,0,0,0,1,0,0

APPTR,R17,17,FQF
IF,FQF,39.690139,-104.620972, ,0.0,0.0,0,0,0,0,0,0,0,0
TF,TACUD,39.962092,-104.524272,0, ,0.0,0.0,0.0,0.0,2,8100,0,0,0,0,0,1
HF,TACUD,39.962092,-104.524272,1, ,0.0,0.0,172.0,07,2,7000,0,0,0,0,1,0,0

FINAL,R17,17,R,3
IF,TACUD,39.962092,-104.524272, ,0.0,0.0,2,7000,0,0,0,0,0,0
TF,FYZER,39.862689,-104.524250,0, ,0.0,0.0,172.0,6.0,2,7000,0,0,0,0,2,0
TF,RW17,39.785597,-104.524233,0, ,0.0,0.0,172.0,4.6,1,5528,0,0,0,0,3,1
CA,0,172.0,2,5673,0,0,0,0,0,0
DF,VIBPU,39.735556,-104.524222,0, ,0.0,0.0,0,0,0,0,0,0,0,0
TF,HUNTN,39.568572,-104.479642,0, ,0.0,0.0,0.0,0.0,2,8500,0,0,0,0,0,1
HM,HUNTN,39.568572,-104.479642,2, ,0.0,0.0,307.0,07,0,0,0,0,0,0,0,0,0

APPTR,R26,26,FQF
IF,FQF,39.690139,-104.620972, ,0.0,0.0,0,0,0,0,0,0,0,0
TF,VUBCU,39.789475,-104.293594,0, ,0.0,0.0,0.0,0.0,2,8000,0,0,0,0,0,1
HF,VUBCU,39.789475,-104.293594,1, ,0.0,0.0,263.0,07,2,7200,0,0,0,0,1,0,0

APPTR,R26,26,LIMEX
IF,LIMEX,39.696264,-103.931806, ,0.0,0.0,0,0,0,0,0,0,1,0
TF,VUBCU,39.789475,-104.293594,0, ,0.0,0.0,0.0,0.0,2,7200,0,0,0,0,1,0

FINAL,R26,26,R,3
IF,VUBCU,39.789475,-104.293594, ,0.0,0.0,2,7200,0,0,0,0,0,0
TF,SODNE,39.791719,-104.423478,0, ,0.0,0.0,263.0,6.0,2,7200,0,0,0,0,2,0
TF,RW26,39.793561,-104.536786,0, ,0.0,0.0,263.0,5.2,1,5530,0,0,0,0,3,1
CA,0,263.0,2,6100,0,0,0,0,0,0
DF,LIMEX,39.696264,-103.931806,1, ,0.0,0.0,2,7500,0,0,0,0,0,1
HM,LIMEX,39.696264,-103.931806,2, ,0.0,0.0,281.0,07,0,0,0,0,0,0,0,0,0

APPTR,R35,35,AVNEW
IF,AVNEW,39.519039,-104.422222, ,0.0,0.0,0,0,0,0,0,0,1,0
TF,HRMER,39.583825,-104.524186,0, ,0.0,0.0,0.0,0.0,2,8300,0,0,0,0,1,0

APPTR,R35,35,FQF
IF,FQF,39.690139,-104.620972, ,0.0,0.0,0,0,0,0,0,0,0,0
TF,HRMER,39.583825,-104.524186,0, ,0.0,0.0,0.0,0.0,2,8600,0,0,0,0,0,1
HF,HRMER,39.583825,-104.524186,2, ,0.0,0.0,352.0,07,2,8300,0,0,0,0,1,0,0

FINAL,R35,35,R,4
IF,HRMER,39.583825,-104.524186, ,0.0,0.0,2,8300,0,0,0,0,0,0
TF,ARRES,39.662358,-104.524206,0, ,0.0,0.0,352.0,4.7,2,7500,0,0,0,0,2,0
TF,GUSET,39.721939,-104.524219,0, ,0.0,0.0,352.0,3.6,2,6360,0,0,0,0,0,0
TF,RW35,39.763639,-104.524228,0, ,0.0,0.0,352.0,2.5,1,5565,0,0,0,0,3,1
CA,0,352.0,2,5712,0,0,0,0,0,0
DF,CUDNI,39.813681,-104.524239,0, ,0.0,0.0,0,0,0,0,0,0,0,0
TF,PHLAT,39.971589,-104.522003,0, ,0.0,0.0,0.0,0.0,2,8000,0,0,0,0,0,1
HM,PHLAT,39.971589,-104.522003,2, ,0.0,0.0,218.0,07,0,0,0,0,0,0,0,0,0

