APPTR,D16-B,16,D109N
IF,D109N,35.939436,-93.937453, ,0.0,0.0,0,0,0,0,0,0,1,0
AF,DAZED,35.834147,-94.063889,2,DAK,145.5,14.1,109.0,2,4400,0,0,0,0,0,0

APPTR,D16-B,16,D177N
IF,D177N,35.808111,-94.217722, ,0.0,0.0,0,0,0,0,0,0,1,0
AF,DAZED,35.834147,-94.063889,1,DAK,145.5,14.1,177.0,2,4400,0,0,0,0,0,0

APPTR,D16-B,16,FSM
IF,FSM,35.388417,-94.271525, ,0.0,0.0,0,0,0,0,0,0,1,0
TF,DAZED,35.834147,-94.063889,0, ,0.0,0.0,0.0,0.0,2,4400,0,0,0,0,0,0

FINAL,D16-B,16,D,5
IF,DAZED,35.834147,-94.063889,DAK,145.5,14.1,2,4400,0,0,0,0,0,0
CF,GIGLS,35.908183,-94.111208,0,DAK,145.5,9.1,325.0,5.0,2,3800,0,0,0,0,2,0
CF,61VOR,35.952564,-94.139742,0,DAK,145.5,6.1,325.0,3.0,2,2900,0,0,0,0,0,0
CF,41VOR,35.982183,-94.158683,0,DAK,145.5,4.1,325.0,2.0,2,2300,0,0,0,0,0,0
CF,MA325,35.996992,-94.168161,0,DAK,145.5,3.1,325.0,1.0,1,2300,0,0,0,0,3,0
CF,DAK,36.042886,-94.197567,0,DAK,0.0,0.0,325.0,3.1,2,3100,0,0,0,0,0,0
HM,DAK,36.042886,-94.197567,2, ,0.0,0.0,139.0,04.3,0,0,0,0,0,0,0,0,0

APPTR,D34-B,34,D109N
IF,D109N,35.939436,-93.937453, ,0.0,0.0,0,0,0,0,0,0,1,0
AF,DAZED,35.834147,-94.063889,2,DAK,145.5,14.1,109.0,2,4400,0,0,0,0,0,0

APPTR,D34-B,34,D177N
IF,D177N,35.808111,-94.217722, ,0.0,0.0,0,0,0,0,0,0,1,0
AF,DAZED,35.834147,-94.063889,1,DAK,145.5,14.1,177.0,2,4400,0,0,0,0,0,0

APPTR,D34-B,34,FSM
IF,FSM,35.388417,-94.271525, ,0.0,0.0,0,0,0,0,0,0,1,0
TF,DAZED,35.834147,-94.063889,0, ,0.0,0.0,0.0,0.0,2,4400,0,0,0,0,0,0

FINAL,D34-B,34,D,5
IF,DAZED,35.834147,-94.063889,DAK,145.5,14.1,2,4400,0,0,0,0,0,0
CF,GIGLS,35.908183,-94.111208,0,DAK,145.5,9.1,325.0,5.0,2,3800,0,0,0,0,2,0
CF,61VOR,35.952564,-94.139742,0,DAK,145.5,6.1,325.0,3.0,2,2900,0,0,0,0,0,0
CF,41VOR,35.982183,-94.158683,0,DAK,145.5,4.1,325.0,2.0,2,2300,0,0,0,0,0,0
CF,MA325,35.996992,-94.168161,0,DAK,145.5,3.1,325.0,1.0,1,2300,0,0,0,0,3,0
CF,DAK,36.042886,-94.197567,0,DAK,0.0,0.0,325.0,3.1,2,3100,0,0,0,0,0,0
HM,DAK,36.042886,-94.197567,2, ,0.0,0.0,139.0,04.3,0,0,0,0,0,0,0,0,0

APPTR,L16,16,RZC
IF,RZC,36.246428,-94.121392, ,0.0,0.0,0,0,0,0,0,0,1,0
CF,ELMIE,36.173239,-94.210556,0,IFYV,347.0,11.0,221.0,6.2,2,3000,0,0,0,0,1,0

APPTR,L16,16,SUMMO
IF,SUMMO,35.983542,-94.440556, ,0.0,0.0,0,0,0,0,0,0,0,0
TF,ELMIE,36.173239,-94.210556,0, ,0.0,0.0,0.0,0.0,2,3000,0,0,0,0,0,0
HF,ELMIE,36.173239,-94.210556,2, ,0.0,0.0,167.0,04.3,2,3000,0,0,0,0,1,0,0

FINAL,L16,16,D,4
IF,ELMIE,36.173239,-94.210556,IFYV,347.0,11.0,2,3000,0,0,0,0,0,0
CF,HOGGE,36.074783,-94.186822,0,IFYV,347.0,5.0,167.0,6.0,2,2500,0,0,0,0,2,0
CF,ZABKO,36.054142,-94.181856,0,IFYV,347.0,3.7,167.0,1.3,2,2080,0,0,0,0,0,0
CF,RW16,36.013189,-94.172006,0,IFYV,347.0,1.2,167.0,2.5,1,1301,0,0,0,0,3,0
CA,0,167.0,2,2100,0,0,0,0,0,0
VI,2, ,0.0,295.0,0,0,0,0,0,0,0,0
CF,SUMMO,35.983542,-94.440556,0,RZC,220.7,22.1,221.0,4.0,2,4000,0,0,0,0,0,0
HM,SUMMO,35.983542,-94.440556,2, ,0.0,0.0,41.0,04.3,0,0,0,0,0,0,0,0,0

APPTR,R16,16,ELMIE
HF,ELMIE,36.173239,-94.210556,2, ,0.0,0.0,167.0,04,2,3000,0,0,0,0,1,0,0

APPTR,R16,16,GENET
IF,GENET,36.238764,-94.435694, ,0.0,0.0,0,0,0,0,0,0,1,0
TF,ELMIE,36.173239,-94.210556,0, ,0.0,0.0,0.0,0.0,2,3000,0,0,0,0,1,0

APPTR,R16,16,RZC
IF,RZC,36.246428,-94.121392, ,0.0,0.0,0,0,0,0,0,0,1,0
TF,ELMIE,36.173239,-94.210556,0, ,0.0,0.0,0.0,0.0,2,3000,0,0,0,0,1,0

FINAL,R16,16,R,4
IF,ELMIE,36.173239,-94.210556, ,0.0,0.0,2,3000,0,0,0,0,0,0
TF,OSETE,36.095444,-94.191797,0, ,0.0,0.0,167.0,4.8,2,2900,0,0,0,0,2,0
TF,ZABKO,36.054142,-94.181856,0, ,0.0,0.0,167.0,2.5,2,2080,0,0,0,0,0,0
TF,RW16,36.013189,-94.172006,0, ,0.0,0.0,167.0,2.5,1,1301,0,0,0,0,3,1
CA,0,167.0,2,1652,0,0,0,0,0,0
DF,OPVIE,35.903531,-94.145681,0, ,0.0,0.0,0,0,0,0,0,0,0,0
TF,VIMXU,35.811853,-94.151558,0, ,0.0,0.0,0.0,0.0,2,4000,0,0,0,0,0,1
HM,VIMXU,35.811853,-94.151558,2, ,0.0,0.0,1.0,04,0,0,0,0,0,0,0,0,0

APPTR,R34,34,CASKS
IF,CASKS,35.771664,-93.839583, ,0.0,0.0,0,0,0,0,0,0,0,0
TF,YABUV,35.763500,-94.032250,0, ,0.0,0.0,0.0,0.0,2,4000,0,0,0,0,1,0
TF,VIMXU,35.811853,-94.151558,0, ,0.0,0.0,0.0,0.0,2,4000,0,0,0,0,1,0

APPTR,R34,34,CHESO
IF,CHESO,35.589589,-94.245339, ,0.0,0.0,0,0,0,0,0,0,1,0
TF,VIMXU,35.811853,-94.151558,0, ,0.0,0.0,0.0,0.0,2,4000,0,0,0,0,1,0

APPTR,R34,34,VIMXU
HF,VIMXU,35.811853,-94.151558,2, ,0.0,0.0,1.0,04,2,4000,0,0,0,0,1,0,0

FINAL,R34,34,R,4
IF,VIMXU,35.811853,-94.151558, ,0.0,0.0,2,4000,0,0,0,0,0,0
TF,OPVIE,35.903531,-94.145681,0, ,0.0,0.0,1.0,5.5,2,3100,0,0,0,0,2,0
TF,JENOL,35.931475,-94.152383,0, ,0.0,0.0,347.0,1.7,2,2540,0,0,0,0,0,0
TF,RW34,35.997003,-94.168117,0, ,0.0,0.0,347.0,4.0,1,1283,0,0,0,0,3,1
CA,0,347.0,2,1652,0,0,0,0,0,0
DF,ELMIE,36.173239,-94.210556,0, ,0.0,0.0,2,3000,0,0,0,0,0,1
HM,ELMIE,36.173239,-94.210556,2, ,0.0,0.0,167.0,04,0,0,0,0,0,0,0,0,0

APPTR,X34,34,FSM
IF,FSM,35.388417,-94.271525, ,0.0,0.0,0,0,0,0,0,0,1,0
TF,WATUG,35.825381,-94.147750,0, ,0.0,0.0,0.0,0.0,2,4000,0,0,0,0,0,0
CF,WULIL,35.898642,-94.156431,0,ILFH,172.5,6.5,352.0,4.4,2,3100,0,0,0,0,0,0

APPTR,X34,34,RZC
IF,RZC,36.246428,-94.121392, ,0.0,0.0,0,0,0,0,0,0,0,0
TF,WATUG,35.825381,-94.147750,0, ,0.0,0.0,0.0,0.0,2,4000,0,0,0,0,0,0
HF,WATUG,35.825381,-94.147750,1, ,0.0,0.0,352.0,04.3,2,4000,0,0,0,0,1,0,0
CF,WULIL,35.898642,-94.156431,0,ILFH,172.5,6.5,352.0,4.4,2,3100,0,0,0,0,0,0

FINAL,X34,34,C,4
IF,WULIL,35.898642,-94.156431,ILFH,172.5,6.5,2,3100,0,0,0,0,0,0
CF,TRIUM,35.925222,-94.159589,0,ILFH,172.5,4.9,352.0,1.6,2,2900,0,0,0,0,2,0
CF,OLEXE,35.945408,-94.161983,0,ILFH,172.5,3.7,352.0,1.2,2,2540,0,0,0,0,0,0
CF,IVOYI,35.988694,-94.167128,0,ILFH,172.5,1.1,352.0,2.6,1,1495,0,0,0,0,3,0
CA,0,352.0,2,2200,0,0,0,0,0,0
VI,1, ,0.0,260.0,0,0,0,0,0,0,0,0
CF,SUMMO,35.983542,-94.440556,0,DAK,246.3,12.4,246.0,11.0,2,4000,0,0,0,0,0,0
HM,SUMMO,35.983542,-94.440556,2, ,0.0,0.0,66.0,04.3,0,0,0,0,0,0,0,0,0

