APPTR,D12,12,HRO
IF,HRO,36.318308,-93.213272, ,0.0,0.0,0,0,0,0,0,0,0,0
TF,FRAIN,36.123372,-93.852444,0, ,0.0,0.0,0.0,0.0,2,3700,0,0,0,0,0,0
HF,FRAIN,36.123372,-93.852444,2, ,0.0,0.0,115.0,04.3,2,3300,0,0,0,0,1,0,0

APPTR,D12,12,RZC
IF,RZC,36.246428,-94.121392, ,0.0,0.0,0,0,0,0,0,0,1,0
TF,KEGYE,36.172517,-93.959922,0, ,0.0,0.0,0.0,0.0,2,3300,0,0,0,0,1,0

FINAL,D12,12,D,3
IF,KEGYE,36.172517,-93.959922,RZC,115.4,9.0,2,3300,0,0,0,0,0,0
CF,FRAIN,36.123372,-93.852444,0,RZC,115.4,15.0,115.0,6.0,2,3300,0,0,0,0,2,0
CF,RW12,36.080867,-93.760044,0,RZC,115.4,20.2,115.0,5.2,1,1784,0,0,0,0,3,0
CA,0,115.0,2,2150,0,0,0,0,0,0
CF,FRAIN,36.123372,-93.852444,2,RZC,115.4,15.0,295.0,6.0,2,4000,0,0,0,0,0,0
HM,FRAIN,36.123372,-93.852444,2, ,0.0,0.0,115.0,04.3,0,0,0,0,0,0,0,0,0

APPTR,R12,12,WUVIL
HF,WUVIL,36.192222,-93.959342,2, ,0.0,0.0,124.0,04,2,4000,0,0,0,0,1,0,0

FINAL,R12,12,R,4
IF,WUVIL,36.192222,-93.959342, ,0.0,0.0,2,4000,0,0,0,0,0,0
TF,ZEVQA,36.131936,-93.851297,0, ,0.0,0.0,124.0,6.4,2,3500,0,0,0,0,2,0
TF,YUBYU,36.097931,-93.790508,0, ,0.0,0.0,124.0,3.6,2,2340,0,0,0,0,0,0
TF,RW12,36.080867,-93.760044,0, ,0.0,0.0,124.0,1.8,1,1784,0,0,0,0,3,1
CA,0,124.0,2,2093,0,0,0,0,0,0
DF,IDICO,35.963589,-93.551369,0, ,0.0,0.0,2,4000,0,0,0,0,0,1
HM,IDICO,35.963589,-93.551369,2, ,0.0,0.0,304.0,04,0,0,0,0,0,0,0,0,0

APPTR,R30,30,IDICO
HF,IDICO,35.963589,-93.551369,2, ,0.0,0.0,304.0,04,2,4000,0,0,0,0,1,0,0

FINAL,R30,30,R,4
IF,IDICO,35.963589,-93.551369, ,0.0,0.0,2,4000,0,0,0,0,0,0
TF,ZOVPO,36.024147,-93.658958,0, ,0.0,0.0,304.0,6.4,2,3500,0,0,0,0,2,0
TF,POCBU,36.055328,-93.714494,0, ,0.0,0.0,304.0,3.3,2,2440,0,0,0,0,0,0
TF,RW30,36.075247,-93.750017,0, ,0.0,0.0,304.0,2.1,1,1785,0,0,0,0,3,1
CA,0,304.0,2,2044,0,0,0,0,0,0
DF,WUVIL,36.192222,-93.959342,0, ,0.0,0.0,2,4000,0,0,0,0,0,1
HM,WUVIL,36.192222,-93.959342,2, ,0.0,0.0,124.0,04,0,0,0,0,0,0,0,0,0

