APPTR,R03,03,OLAWE
HF,OLAWE,34.198119,-80.220983,2, ,0.0,0.0,29.0,04,2,2000,0,0,0,0,1,0,0

FINAL,R03,03,R,4
IF,OLAWE,34.198119,-80.220983, ,0.0,0.0,2,2000,0,0,0,0,0,0
TF,ICEJO,34.323167,-80.158964,0, ,0.0,0.0,29.0,8.1,2,1900,0,0,0,0,2,0
TF,WALIR,34.373575,-80.133906,0, ,0.0,0.0,29.0,3.3,2,860,0,0,0,0,0,0
TF,RW03,34.396725,-80.122386,0, ,0.0,0.0,29.0,1.5,1,382,0,0,0,0,3,1
CA,0,29.0,2,599,0,0,0,0,0,0
DF,JAPTU,34.611761,-80.015078,0, ,0.0,0.0,2,2100,0,0,0,0,0,1
HM,JAPTU,34.611761,-80.015078,2, ,0.0,0.0,209.0,04,0,0,0,0,0,0,0,0,0

APPTR,R21,21,JAPTU
HF,JAPTU,34.611761,-80.015078,2, ,0.0,0.0,209.0,04,2,2100,0,0,0,0,1,0,0

FINAL,R21,21,R,4
IF,JAPTU,34.611761,-80.015078, ,0.0,0.0,2,2100,0,0,0,0,0,0
TF,POROY,34.486789,-80.077514,0, ,0.0,0.0,209.0,8.1,2,2000,0,0,0,0,2,0
TF,JCOLE,34.440289,-80.100694,0, ,0.0,0.0,209.0,3.0,2,1040,0,0,0,0,0,0
TF,RW21,34.409422,-80.116067,0, ,0.0,0.0,209.0,2.0,1,414,0,0,0,0,3,1
CA,0,209.0,2,760,0,0,0,0,0,0
DF,OLAWE,34.198119,-80.220983,0, ,0.0,0.0,2,2000,0,0,0,0,0,1
HM,OLAWE,34.198119,-80.220983,2, ,0.0,0.0,29.0,04,0,0,0,0,0,0,0,0,0

APPTR,V03-A,03,CHART
IF,CHART,34.078728,-80.238919, ,0.0,0.0,0,0,0,0,0,0,0,0
CF,CTF,34.650497,-80.274917,0,FLO,312.4,39.6,360.0,34.3,2,2200,0,0,0,0,0,0
HF,CTF,34.650497,-80.274917,2, ,0.0,0.0,155.0,04.3,2,2200,0,0,0,0,1,0,0
CF,TIARA,34.554272,-80.214253,0,CTF,155.5,6.5,155.0,6.5,2,2200,0,0,0,0,0,0

FINAL,V03-A,03,D,3
IF,TIARA,34.554272,-80.214253,CTF,155.5,6.5,2,2200,0,0,0,0,0,0
CF,CHEEP,34.465419,-80.158378,0,CTF,155.5,12.5,155.0,6.0,2,2100,0,0,0,0,2,0
CF,SHOYU,34.406911,-80.121658,0,CTF,155.5,16.5,155.0,4.0,1,960,0,0,0,0,3,0
CA,0,155.0,2,960,0,0,0,0,0,0
DF,CTF,34.650497,-80.274917,2, ,0.0,0.0,2,2200,0,0,0,0,0,0
HM,CTF,34.650497,-80.274917,2, ,0.0,0.0,155.0,04.3,0,0,0,0,0,0,0,0,0

APPTR,V21-A,21,CHART
IF,CHART,34.078728,-80.238919, ,0.0,0.0,0,0,0,0,0,0,0,0
CF,CTF,34.650497,-80.274917,0,FLO,312.4,39.6,360.0,34.3,2,2200,0,0,0,0,0,0
HF,CTF,34.650497,-80.274917,2, ,0.0,0.0,155.0,04.3,2,2200,0,0,0,0,1,0,0
CF,TIARA,34.554272,-80.214253,0,CTF,155.5,6.5,155.0,6.5,2,2200,0,0,0,0,0,0

FINAL,V21-A,21,D,3
IF,TIARA,34.554272,-80.214253,CTF,155.5,6.5,2,2200,0,0,0,0,0,0
CF,CHEEP,34.465419,-80.158378,0,CTF,155.5,12.5,155.0,6.0,2,2100,0,0,0,0,2,0
CF,SHOYU,34.406911,-80.121658,0,CTF,155.5,16.5,155.0,4.0,1,960,0,0,0,0,3,0
CA,0,155.0,2,960,0,0,0,0,0,0
DF,CTF,34.650497,-80.274917,2, ,0.0,0.0,2,2200,0,0,0,0,0,0
HM,CTF,34.650497,-80.274917,2, ,0.0,0.0,155.0,04.3,0,0,0,0,0,0,0,0,0

