APPTR,L36,36,LSU
FC,LSU,30.485133,-91.294067,0,LSU,0.0,0.0,279.0,6.8,2,2000,0,0,0,0,1,0
CF,RONDA,30.530414,-91.494983,0,IHZR,180.3,11.9,279.0,4.0,2,2000,0,0,0,0,1,0

APPTR,L36,36,MOGAN
IF,MOGAN,30.734839,-91.680642, ,0.0,0.0,0,0,0,0,0,0,0,0
TF,FWX,30.633139,-91.489408,0, ,0.0,0.0,0.0,0.0,4,6000,2000,0,0,0,0,0
PI,FWX,30.633139,-91.489408,1,LSU,225.0,10.0,180,5.0,2,2000,0,0,0,0,1,0

APPTR,L36,36,WRACK
IF,WRACK,30.891092,-91.295967, ,0.0,0.0,0,0,0,0,0,0,0,0
TF,FWX,30.633139,-91.489408,0, ,0.0,0.0,0.0,0.0,4,6000,2000,0,0,0,0,0
PI,FWX,30.633139,-91.489408,1,LSU,225.0,10.0,180,5.0,2,2000,0,0,0,0,1,0

FINAL,L36,36,D,3
IF,RONDA,30.530414,-91.494983,IHZR,180.3,11.9,2,2000,0,0,0,0,0,0
CF,HAZER,30.632922,-91.486086,0,IHZR,180.3,5.7,360.0,6.2,2,1600,0,0,0,0,2,0
CF,RW36,30.711461,-91.479258,0,IHZR,180.3,0.0,360.0,4.7,1,83,0,0,0,0,3,0
CA,0,360.0,2,700,0,0,0,0,0,0
DF,FWX,30.633139,-91.489408,1, ,0.0,0.0,2,2000,0,0,0,0,0,0
HM,FWX,30.633139,-91.489408,2, ,0.0,0.0,360.0,04.3,0,0,0,0,0,0,0,0,0

APPTR,N36,36,LSU
IF,LSU,30.485133,-91.294067, ,0.0,0.0,0,0,0,0,0,0,0,0
TF,FWX,30.633139,-91.489408,0, ,0.0,0.0,0.0,0.0,2,2000,0,0,0,0,0,0
PI,FWX,30.633139,-91.489408,1,LSU,227.0,10.0,182,5.0,2,2000,0,0,0,0,1,0
CF,FWX,30.633139,-91.489408,0,LSU,305.3,13.5,2.0,8.0,2,1600,0,0,0,0,0,0

APPTR,N36,36,MOGAN
IF,MOGAN,30.734839,-91.680642, ,0.0,0.0,0,0,0,0,0,0,0,0
TF,FWX,30.633139,-91.489408,0, ,0.0,0.0,0.0,0.0,2,2000,0,0,0,0,0,0
PI,FWX,30.633139,-91.489408,1,LSU,227.0,10.0,182,5.0,2,2000,0,0,0,0,1,0
CF,FWX,30.633139,-91.489408,0,LSU,305.3,13.5,2.0,8.0,2,1600,0,0,0,0,0,0

APPTR,N36,36,WRACK
IF,WRACK,30.891092,-91.295967, ,0.0,0.0,0,0,0,0,0,0,0,0
TF,FWX,30.633139,-91.489408,0, ,0.0,0.0,0.0,0.0,2,2000,0,0,0,0,0,0
PI,FWX,30.633139,-91.489408,1,LSU,227.0,10.0,182,5.0,2,2000,0,0,0,0,1,0
CF,FWX,30.633139,-91.489408,0,LSU,305.3,13.5,2.0,8.0,2,1600,0,0,0,0,0,0

FINAL,N36,36,N,2
IF,FWX,30.633139,-91.489408,FWX,0.0,0.0,2,1600,0,0,0,0,2,0
CF,RW36,30.711461,-91.479258,0,FWX,0.0,0.0,2.0,4.7,1,83,0,0,0,0,3,0
CA,0,2.0,2,700,0,0,0,0,0,0
DF,FWX,30.633139,-91.489408,1, ,0.0,0.0,2,2000,0,0,0,0,0,0
HM,FWX,30.633139,-91.489408,2, ,0.0,0.0,2.0,04.3,0,0,0,0,0,0,0,0,0

APPTR,R18,18,FENPU
HF,FENPU,30.910908,-91.461867,2, ,0.0,0.0,180.0,04,2,1900,0,0,0,0,1,0,0

APPTR,R18,18,LSU
IF,LSU,30.485133,-91.294067, ,0.0,0.0,0,0,0,0,0,0,0,0
TF,JASAS,30.904594,-91.365278,0, ,0.0,0.0,0.0,0.0,2,1900,0,0,0,0,1,0
TF,FENPU,30.910908,-91.461867,0, ,0.0,0.0,0.0,0.0,2,1900,0,0,0,0,1,0

APPTR,R18,18,MOGAN
IF,MOGAN,30.734839,-91.680642, ,0.0,0.0,0,0,0,0,0,0,0,0
TF,HOBUT,30.917150,-91.558469,0, ,0.0,0.0,0.0,0.0,2,1900,0,0,0,0,1,0
TF,FENPU,30.910908,-91.461867,0, ,0.0,0.0,0.0,0.0,2,1900,0,0,0,0,1,0

FINAL,R18,18,R,3
IF,FENPU,30.910908,-91.461867, ,0.0,0.0,2,1900,0,0,0,0,0,0
TF,CIDLA,30.808519,-91.470803,0, ,0.0,0.0,180.0,6.2,2,1700,0,0,0,0,2,0
TF,RW18,30.725175,-91.478064,0, ,0.0,0.0,180.0,5.0,1,85,0,0,0,0,3,1
CA,0,180.0,2,440,0,0,0,0,0,0
DF,OVBAE,30.510394,-91.496719,0, ,0.0,0.0,2,2000,0,0,0,0,0,1
HM,OVBAE,30.510394,-91.496719,1, ,0.0,0.0,360.0,04,0,0,0,0,0,0,0,0,0

APPTR,R36,36,LSU
IF,LSU,30.485133,-91.294067, ,0.0,0.0,0,0,0,0,0,0,0,0
TF,RUGLE,30.504111,-91.400525,0, ,0.0,0.0,0.0,0.0,2,2000,0,0,0,0,1,0
TF,OVBAE,30.510394,-91.496719,0, ,0.0,0.0,0.0,0.0,2,2000,0,0,0,0,1,0

APPTR,R36,36,MOGAN
IF,MOGAN,30.734839,-91.680642, ,0.0,0.0,0,0,0,0,0,0,0,0
TF,NUTUE,30.516608,-91.592925,0, ,0.0,0.0,0.0,0.0,2,2000,0,0,0,0,1,0
TF,OVBAE,30.510394,-91.496719,0, ,0.0,0.0,0.0,0.0,2,2000,0,0,0,0,1,0

APPTR,R36,36,OVBAE
HF,OVBAE,30.510394,-91.496719,1, ,0.0,0.0,360.0,04,2,2000,0,0,0,0,1,0,0

FINAL,R36,36,R,3
IF,OVBAE,30.510394,-91.496719, ,0.0,0.0,2,2000,0,0,0,0,0,0
TF,CEBGA,30.612803,-91.487836,0, ,0.0,0.0,360.0,6.2,2,2000,0,0,0,0,2,0
TF,RW36,30.711461,-91.479258,0, ,0.0,0.0,360.0,5.9,1,83,0,0,0,0,3,1
CA,0,360.0,2,358,0,0,0,0,0,0
DF,FENPU,30.910908,-91.461867,0, ,0.0,0.0,2,1900,0,0,0,0,0,1
HM,FENPU,30.910908,-91.461867,2, ,0.0,0.0,180.0,04,0,0,0,0,0,0,0,0,0

