APPTR,L33,33,FLAGG
IF,FLAGG,39.539556,-102.422392, ,0.0,0.0,0,0,0,0,0,0,0,0
TF,ITR,39.246247,-102.283847,0, ,0.0,0.0,0.0,0.0,2,7000,0,0,0,0,0,0
TF,KURIQ,39.219658,-102.274625,0, ,0.0,0.0,0.0,0.0,2,7000,0,0,0,0,0,0
PI,KURIQ,39.219658,-102.274625,2,GLD,105.0,10.0,150,5.0,2,7000,0,0,0,0,1,0

FINAL,L33,33,D,3
IF,CF33,39.110839,-102.223564,IOBG,149.9,9.0,2,7000,0,0,0,0,0,0
CF,TUCFY,39.173525,-102.252944,0,IOBG,149.9,5.0,330.0,4.0,2,5400,0,0,0,0,2,0
CF,RW33,39.235811,-102.282225,0,IOBG,149.9,0.0,330.0,4.0,1,4252,0,0,0,0,3,0
CA,0,330.0,2,5000,0,0,0,0,0,0
DF,ITR,39.246247,-102.283847,1, ,0.0,0.0,2,7000,0,0,0,0,0,0
HM,ITR,39.246247,-102.283847,2, ,0.0,0.0,139.0,04.3,0,0,0,0,0,0,0,0,0

APPTR,N15,15,FLAGG
IF,FLAGG,39.539556,-102.422392, ,0.0,0.0,0,0,0,0,0,0,0,0
TF,ITR,39.246247,-102.283847,0, ,0.0,0.0,0.0,0.0,2,7000,0,0,0,0,0,0
PI,ITR,39.246247,-102.283847,2,GLD,274.0,10.0,319,5.0,2,6300,0,0,0,0,1,0
CF,FF15,39.341511,-102.357583,0,GLD,253.1,31.1,139.0,3.3,2,6300,0,0,0,0,0,0

APPTR,N15,15,GLD
IF,GLD,39.387869,-101.692297, ,0.0,0.0,0,0,0,0,0,0,0,0
TF,ITR,39.246247,-102.283847,0, ,0.0,0.0,0.0,0.0,2,7000,0,0,0,0,0,0
PI,ITR,39.246247,-102.283847,2,GLD,274.0,10.0,319,5.0,2,6300,0,0,0,0,1,0
CF,FF15,39.341511,-102.357583,0,GLD,253.1,31.1,139.0,3.3,2,6300,0,0,0,0,0,0

APPTR,N15,15,YAKIY
IF,YAKIY,39.166772,-102.456697, ,0.0,0.0,0,0,0,0,0,0,0,0
TF,ITR,39.246247,-102.283847,0, ,0.0,0.0,0.0,0.0,2,7000,0,0,0,0,0,0
PI,ITR,39.246247,-102.283847,2,GLD,274.0,10.0,319,5.0,2,6300,0,0,0,0,1,0
CF,FF15,39.341511,-102.357583,0,GLD,253.1,31.1,139.0,3.3,2,6300,0,0,0,0,0,0

FINAL,N15,15,N,2
IF,FF15,39.341511,-102.357583,ITR,0.0,0.0,2,6300,0,0,0,0,2,0
CF,RW15,39.249211,-102.288533,0,ITR,0.0,0.0,139.0,6.4,1,4268,0,0,0,0,3,0
CF,ITR,39.246247,-102.283847,0,GLD,241.1,28.8,139.0,0.3,2,4617,0,0,0,0,0,0
HM,ITR,39.246247,-102.283847,2, ,0.0,0.0,139.0,04.3,2,7000,0,0,0,0,0,0,0

APPTR,R15,15,GLD
IF,GLD,39.387869,-101.692297, ,0.0,0.0,0,0,0,0,0,0,0,0
TF,EHVER,39.486847,-102.165736,0, ,0.0,0.0,0.0,0.0,2,7000,0,0,0,0,1,0
TF,MIXTU,39.428069,-102.372989,0, ,0.0,0.0,0.0,0.0,2,7000,0,0,0,0,1,0

APPTR,R15,15,MIXTU
HF,MIXTU,39.428069,-102.372989,2, ,0.0,0.0,150.0,07,2,7000,0,0,0,0,1,0,0

APPTR,R15,15,TXC
IF,TXC,39.698317,-103.214939, ,0.0,0.0,0,0,0,0,0,0,0,0
TF,DUSDY,39.370403,-102.574739,0, ,0.0,0.0,0.0,0.0,2,7000,0,0,0,0,1,0
TF,MIXTU,39.428069,-102.372989,0, ,0.0,0.0,0.0,0.0,2,7000,0,0,0,0,1,0

FINAL,R15,15,R,3
IF,MIXTU,39.428069,-102.372989, ,0.0,0.0,2,7000,0,0,0,0,0,0
TF,OWKUR,39.333992,-102.328508,0, ,0.0,0.0,150.0,6.0,2,6000,0,0,0,0,2,0
TF,RW15,39.249211,-102.288533,0, ,0.0,0.0,150.0,5.4,1,4249,0,0,0,0,3,1
CA,0,150.0,2,4469,0,0,0,0,0,0
DF,COXIM,39.147383,-102.240656,0, ,0.0,0.0,0,0,0,0,0,0,0,0
TF,YAKIY,39.166772,-102.456697,2, ,0.0,0.0,0.0,0.0,2,7000,0,0,0,0,0,1
HM,YAKIY,39.166772,-102.456697,1, ,0.0,0.0,48.0,07,0,0,0,0,0,0,0,0,0

