APPTR,D17-A,17,HAB
IF,HAB,34.198769,-88.011619, ,0.0,0.0,0,0,0,0,0,0,1,0
TF,DROIT,34.052853,-88.054775,0, ,0.0,0.0,0.0,0.0,2,2400,0,0,0,0,1,0

APPTR,D17-A,17,IVMEC
IF,IVMEC,34.124931,-87.854186, ,0.0,0.0,0,0,0,0,0,0,1,0
AF,DROIT,34.052853,-88.054775,2,HAB,191.8,9.0,117.0,2,2400,0,0,0,0,1,0

APPTR,D17-A,17,IXBOL
IF,IXBOL,34.262506,-88.175447, ,0.0,0.0,0,0,0,0,0,0,1,0
AF,DROIT,34.052853,-88.054775,1,HAB,191.8,9.0,293.0,2,2400,0,0,0,0,1,0

FINAL,D17-A,17,D,4
IF,DROIT,34.052853,-88.054775,HAB,191.8,9.0,2,2400,0,0,0,0,0,0
CF,SULKY,33.955567,-88.083461,0,HAB,191.8,15.0,192.0,6.0,2,2200,0,0,0,0,2,0
CF,JELCY,33.890703,-88.102550,0,HAB,191.8,19.0,192.0,4.0,2,1320,0,0,0,0,0,0
CF,MAGCI,33.858272,-88.112083,0,HAB,191.8,21.0,192.0,2.0,1,1100,0,0,0,0,3,1
CF,SULKY,33.955567,-88.083461,1,HAB,191.8,15.0,12.0,6.0,2,2200,0,0,0,0,0,0
HM,SULKY,33.955567,-88.083461,1, ,0.0,0.0,192.0,04.3,0,0,0,0,0,0,0,0,0

APPTR,D35-A,35,HAB
IF,HAB,34.198769,-88.011619, ,0.0,0.0,0,0,0,0,0,0,1,0
TF,DROIT,34.052853,-88.054775,0, ,0.0,0.0,0.0,0.0,2,2400,0,0,0,0,1,0

APPTR,D35-A,35,IVMEC
IF,IVMEC,34.124931,-87.854186, ,0.0,0.0,0,0,0,0,0,0,1,0
AF,DROIT,34.052853,-88.054775,2,HAB,191.8,9.0,117.0,2,2400,0,0,0,0,1,0

APPTR,D35-A,35,IXBOL
IF,IXBOL,34.262506,-88.175447, ,0.0,0.0,0,0,0,0,0,0,1,0
AF,DROIT,34.052853,-88.054775,1,HAB,191.8,9.0,293.0,2,2400,0,0,0,0,1,0

FINAL,D35-A,35,D,4
IF,DROIT,34.052853,-88.054775,HAB,191.8,9.0,2,2400,0,0,0,0,0,0
CF,SULKY,33.955567,-88.083461,0,HAB,191.8,15.0,192.0,6.0,2,2200,0,0,0,0,2,0
CF,JELCY,33.890703,-88.102550,0,HAB,191.8,19.0,192.0,4.0,2,1320,0,0,0,0,0,0
CF,MAGCI,33.858272,-88.112083,0,HAB,191.8,21.0,192.0,2.0,1,1100,0,0,0,0,3,1
CF,SULKY,33.955567,-88.083461,1,HAB,191.8,15.0,12.0,6.0,2,2200,0,0,0,0,0,0
HM,SULKY,33.955567,-88.083461,1, ,0.0,0.0,192.0,04.3,0,0,0,0,0,0,0,0,0

APPTR,R17,17,HOOTS
HF,HOOTS,34.030167,-88.172039,2, ,0.0,0.0,168.0,04,2,2600,0,0,0,0,1,0,0

APPTR,R17,17,JUPSI
IF,JUPSI,34.050931,-88.074911, ,0.0,0.0,2,2600,0,0,0,0,1,0
TF,HOOTS,34.030167,-88.172039,0, ,0.0,0.0,0.0,0.0,2,2600,0,0,0,0,1,0

APPTR,R17,17,WIDUR
IF,WIDUR,34.009325,-88.269119, ,0.0,0.0,2,2600,0,0,0,0,1,0
TF,HOOTS,34.030167,-88.172039,0, ,0.0,0.0,0.0,0.0,2,2600,0,0,0,0,1,0

FINAL,R17,17,R,4
IF,HOOTS,34.030167,-88.172039, ,0.0,0.0,2,2600,0,0,0,0,0,0
TF,HARNN,33.931528,-88.141589,0, ,0.0,0.0,168.0,6.1,2,2100,0,0,0,0,2,0
TF,MUFFN,33.879022,-88.125411,0, ,0.0,0.0,168.0,3.3,2,1040,0,0,0,0,0,0
TF,RW17,33.851531,-88.116947,0, ,0.0,0.0,168.0,1.7,1,503,0,0,0,0,3,1
CA,0,168.0,2,870,0,0,0,0,0,0
DF,HOOTS,34.030167,-88.172039,1, ,0.0,0.0,2,2600,0,0,0,0,0,1
HM,HOOTS,34.030167,-88.172039,2, ,0.0,0.0,168.0,04,0,0,0,0,0,0,0,0,0

APPTR,R35,35,IXMIX
HF,IXMIX,33.662872,-88.059017,2, ,0.0,0.0,348.0,04,2,2400,0,0,0,0,1,0,0

APPTR,R35,35,WENPO
IF,WENPO,33.642114,-88.155711, ,0.0,0.0,2,2400,0,0,0,0,1,0
TF,IXMIX,33.662872,-88.059017,0, ,0.0,0.0,0.0,0.0,2,2400,0,0,0,0,1,0

APPTR,R35,35,YIKUL
IF,YIKUL,33.683556,-87.962278, ,0.0,0.0,2,2400,0,0,0,0,1,0
TF,IXMIX,33.662872,-88.059017,0, ,0.0,0.0,0.0,0.0,2,2400,0,0,0,0,1,0

FINAL,R35,35,R,4
IF,IXMIX,33.662872,-88.059017, ,0.0,0.0,2,2400,0,0,0,0,0,0
TF,HOTOW,33.761614,-88.089306,0, ,0.0,0.0,348.0,6.1,2,2100,0,0,0,0,2,0
TF,JIVAR,33.809569,-88.104039,0, ,0.0,0.0,348.0,3.0,2,1120,0,0,0,0,0,0
TF,RW35,33.841917,-88.114000,0, ,0.0,0.0,348.0,2.0,1,497,0,0,0,0,3,1
CA,0,348.0,2,870,0,0,0,0,0,0
DF,IXMIX,33.662872,-88.059017,2, ,0.0,0.0,2,2400,0,0,0,0,0,1
HM,IXMIX,33.662872,-88.059017,2, ,0.0,0.0,348.0,04,0,0,0,0,0,0,0,0,0

