APPTR,R18,18,LARPE
IF,LARPE,34.751406,-88.938156, ,0.0,0.0,2,2500,0,0,0,0,1,0
TF,WULKI,34.746322,-89.039097,0, ,0.0,0.0,0.0,0.0,2,2500,0,0,0,0,1,0

APPTR,R18,18,WULKI
HF,WULKI,34.746322,-89.039097,2, ,0.0,0.0,177.0,05,2,2500,0,0,0,0,1,0,0

APPTR,R18,18,ZUPIS
IF,ZUPIS,34.741156,-89.140025, ,0.0,0.0,2,2500,0,0,0,0,1,0
TF,WULKI,34.746322,-89.039097,0, ,0.0,0.0,0.0,0.0,2,2500,0,0,0,0,1,0

FINAL,R18,18,R,3
IF,WULKI,34.746322,-89.039097, ,0.0,0.0,2,2500,0,0,0,0,0,0
TF,CEMTO,34.644625,-89.031533,0, ,0.0,0.0,177.0,6.1,2,2200,0,0,0,0,2,0
TF,RW18,34.554361,-89.024833,0, ,0.0,0.0,177.0,5.4,1,449,0,0,0,0,3,1
CA,0,177.0,2,813,0,0,0,0,0,0
DF,DUPLE,34.361689,-89.010581,0, ,0.0,0.0,2,2500,0,0,0,0,0,1
HM,DUPLE,34.361689,-89.010581,2, ,0.0,0.0,358.0,05,0,0,0,0,0,0,0,0,0

APPTR,R36,36,DUPLE
HF,DUPLE,34.361689,-89.010581,2, ,0.0,0.0,358.0,05,2,2500,0,0,0,0,1,0,0

APPTR,R36,36,LUVIC
IF,LUVIC,34.356553,-89.111047, ,0.0,0.0,2,2500,0,0,0,0,1,0
TF,DUPLE,34.361689,-89.010581,0, ,0.0,0.0,0.0,0.0,2,2500,0,0,0,0,1,0

APPTR,R36,36,SIMPE
IF,SIMPE,34.366744,-88.910100, ,0.0,0.0,2,2500,0,0,0,0,1,0
TF,DUPLE,34.361689,-89.010581,0, ,0.0,0.0,0.0,0.0,2,2500,0,0,0,0,1,0

FINAL,R36,36,R,3
IF,DUPLE,34.361689,-89.010581, ,0.0,0.0,2,2500,0,0,0,0,0,0
TF,CAMIK,34.463411,-89.018097,0, ,0.0,0.0,358.0,6.1,2,2000,0,0,0,0,2,0
TF,RW36,34.543658,-89.024039,0, ,0.0,0.0,357.0,4.8,1,446,0,0,0,0,3,1
CA,0,357.0,2,813,0,0,0,0,0,0
DF,WULKI,34.746322,-89.039097,0, ,0.0,0.0,2,2500,0,0,0,0,0,1
HM,WULKI,34.746322,-89.039097,2, ,0.0,0.0,177.0,05,0,0,0,0,0,0,0,0,0

