STAR,AGUDE5,BAE,1
IF,BAE,43.116853,-88.284344, ,0.0,0.0,0,0,0,0,0,0,0,0
TF,BEERI,43.769167,-89.413950,0, ,0.0,0.0,0.0,0.0,0,0,0,0,0,0,0,0
TF,ROBBY,44.075781,-89.960447,0, ,0.0,0.0,0.0,0.0,0,0,0,0,0,0,0,0
TF,EAU,44.897669,-91.478536,0, ,0.0,0.0,0.0,0.0,0,0,0,0,0,0,0,0
TF,AGUDE,45.129356,-92.391942,0, ,0.0,0.0,0.0,0.0,0,0,0,0,0,0,0,0

STAR,AGUDE5,THATS,1
IF,THATS,45.106394,-91.472689, ,0.0,0.0,0,0,0,0,0,0,0,0
TF,AGUDE,45.129356,-92.391942,0, ,0.0,0.0,0.0,0.0,0,0,0,0,0,0,0,0

STAR,AGUDE5,ALL,2
IF,AGUDE,45.129356,-92.391942, ,0.0,0.0,0,0,0,0,0,0,0,0
TF,STILS,45.134394,-92.644783,0, ,0.0,0.0,0.0,0.0,0,0,0,0,0,0,0,0
TF,WHISK,45.139881,-92.962144,0, ,0.0,0.0,0.0,0.0,0,0,0,0,0,0,0,0
TF,GEP,45.145686,-93.373181,0, ,0.0,0.0,0.0,0.0,0,0,0,0,0,0,0,1
FM,GEP,45.145686,-93.373181,0,GEP,0.0,0.0,265.0,0,0,0,0,0,0,0,0

STAR,ENCEE2,FSD,4
IF,FSD,43.649483,-96.781117, ,0.0,0.0,0,0,0,0,0,0,0,0
TF,RAZMU,44.234100,-95.948108,0, ,0.0,0.0,0.0,0.0,0,0,0,0,0,0,0,0
TF,ENCEE,44.586719,-95.433303,0, ,0.0,0.0,0.0,0.0,0,0,0,0,0,0,0,0

STAR,ENCEE2,ALL,5
IF,ENCEE,44.586719,-95.433303, ,0.0,0.0,0,0,0,0,0,0,0,0
TF,WOOOD,44.691336,-94.938194,0, ,0.0,0.0,0.0,0.0,0,0,0,0,0,0,0,0
TF,CASNS,44.771425,-94.550861,0, ,0.0,0.0,0.0,0.0,0,0,0,0,0,0,0,0
TF,MLHOF,44.822947,-94.297681,0, ,0.0,0.0,0.0,0.0,0,0,0,0,0,0,0,0
TF,RIXIE,44.854767,-94.139464,0, ,0.0,0.0,0.0,0.0,0,0,0,0,0,0,0,0
TF,MAYER,44.917992,-93.974744,0, ,0.0,0.0,0.0,0.0,0,0,0,0,0,0,0,0
TF,FUDGE,45.067575,-93.581058,0, ,0.0,0.0,0.0,0.0,0,0,0,0,0,0,0,0
TF,GEP,45.145686,-93.373181,0, ,0.0,0.0,0.0,0.0,0,0,0,0,0,0,0,1
VM,45.062000,-93.353944,0,60.0,0,0,0,0,0,0,0,0

STAR,GEP1,AXN,1
IF,AXN,45.958389,-95.232636, ,0.0,0.0,0,0,0,0,0,0,0,0
TF,GOLLF,45.753636,-93.699503,0, ,0.0,0.0,0.0,0.0,0,0,0,0,0,0,0,0

STAR,GEP1,FAR,1
IF,FAR,46.753339,-96.851317, ,0.0,0.0,0,0,0,0,0,0,0,0
TF,WENNR,46.244497,-95.198681,0, ,0.0,0.0,0.0,0.0,0,0,0,0,0,0,0,0
TF,GOLLF,45.753636,-93.699503,0, ,0.0,0.0,0.0,0.0,0,0,0,0,0,0,0,0

STAR,GEP1,ALL,2
IF,GOLLF,45.753636,-93.699503, ,0.0,0.0,0,0,0,0,0,0,0,0
TF,OLLEE,45.535525,-93.581525,0, ,0.0,0.0,0.0,0.0,0,0,0,0,0,0,0,0
TF,SAUGR,45.348458,-93.481169,0, ,0.0,0.0,0.0,0.0,0,0,0,0,0,0,0,0
TF,GEP,45.145686,-93.373181,0, ,0.0,0.0,0.0,0.0,0,0,0,0,0,0,0,0
TF,VYKES,45.036667,-93.314167,0, ,0.0,0.0,0.0,0.0,0,0,0,0,0,0,0,1

STAR,TWOLF3,FOD,1
IF,FOD,42.611125,-94.294817, ,0.0,0.0,0,0,0,0,0,0,0,0
TF,TICKT,42.895097,-93.983425,0, ,0.0,0.0,0.0,0.0,0,0,0,0,0,0,0,0
TF,TWOLF,43.283372,-93.551431,0, ,0.0,0.0,0.0,0.0,0,0,0,0,0,0,0,0

STAR,TWOLF3,ALL,2
IF,TWOLF,43.283372,-93.551431, ,0.0,0.0,0,0,0,0,0,0,0,0
TF,KGEEE,43.749036,-93.507914,0, ,0.0,0.0,0.0,0.0,0,0,0,0,0,0,0,0
TF,LYNKS,44.114875,-93.473247,0, ,0.0,0.0,0.0,0.0,0,0,0,0,0,0,0,0
TF,TRGET,44.231272,-93.462125,0, ,0.0,0.0,0.0,0.0,0,0,0,0,0,0,0,0
TF,FCM,44.825350,-93.442689,0, ,0.0,0.0,0.0,0.0,0,0,0,0,0,0,0,0

APPTR,R14L,14L,OYNOP
HF,OYNOP,45.208528,-93.519086,2, ,0.0,0.0,139.0,04,2,3000,0,0,0,0,1,0,0

APPTR,R14L,14L,PIKAW
IF,PIKAW,45.131503,-93.655028, ,0.0,0.0,0,0,0,0,0,0,1,0
TF,OYNOP,45.208528,-93.519086,0, ,0.0,0.0,0.0,0.0,2,3000,0,0,0,0,1,0

APPTR,R14L,14L,ZAPIN
IF,ZAPIN,45.387433,-93.502042, ,0.0,0.0,0,0,0,0,0,0,1,0
TF,OYNOP,45.208528,-93.519086,0, ,0.0,0.0,0.0,0.0,2,3000,0,0,0,0,1,0

FINAL,R14L,14L,R,3
IF,OYNOP,45.208528,-93.519086, ,0.0,0.0,2,3000,0,0,0,0,0,0
TF,ZUNBE,45.129228,-93.429333,0, ,0.0,0.0,139.0,6.1,2,2500,0,0,0,0,2,0
TF,RW14L,45.065014,-93.356917,0, ,0.0,0.0,139.0,4.9,1,908,0,0,0,0,3,1
CA,0,139.0,2,1269,0,0,0,0,0,0
DF,GEP,45.145686,-93.373181,1, ,0.0,0.0,2,2700,0,0,0,0,0,1
HM,GEP,45.145686,-93.373181,1, ,0.0,0.0,166.0,04,0,0,0,0,0,0,0,0,0

APPTR,V06L-A,06L,GEP
PI,GEP,45.145686,-93.373181,2,GEP,301.0,10.0,346,5.0,2,3000,0,0,0,0,1,0
CF,GEP,45.145686,-93.373181,0,GEP,0.0,0.0,166.0,8.0,2,2500,0,0,0,0,0,0

FINAL,V06L-A,06L,D,2
IF,GEP,45.145686,-93.373181,GEP,0.0,0.0,2,2500,0,0,0,0,2,0
CF,MANBV,45.064831,-93.357158,0,GEP,166.0,4.9,166.0,4.9,1,1460,0,0,0,0,3,0
CA,0,166.0,2,1460,0,0,0,0,0,0
DF,GEP,45.145686,-93.373181,1, ,0.0,0.0,2,2600,0,0,0,0,0,0
HM,GEP,45.145686,-93.373181,1, ,0.0,0.0,166.0,04.3,0,0,0,0,0,0,0,0,0

APPTR,V06R-A,06R,GEP
PI,GEP,45.145686,-93.373181,2,GEP,301.0,10.0,346,5.0,2,3000,0,0,0,0,1,0
CF,GEP,45.145686,-93.373181,0,GEP,0.0,0.0,166.0,8.0,2,2500,0,0,0,0,0,0

FINAL,V06R-A,06R,D,2
IF,GEP,45.145686,-93.373181,GEP,0.0,0.0,2,2500,0,0,0,0,2,0
CF,MANBV,45.064831,-93.357158,0,GEP,166.0,4.9,166.0,4.9,1,1460,0,0,0,0,3,0
CA,0,166.0,2,1460,0,0,0,0,0,0
DF,GEP,45.145686,-93.373181,1, ,0.0,0.0,2,2600,0,0,0,0,0,0
HM,GEP,45.145686,-93.373181,1, ,0.0,0.0,166.0,04.3,0,0,0,0,0,0,0,0,0

APPTR,V14L-A,14L,GEP
PI,GEP,45.145686,-93.373181,2,GEP,301.0,10.0,346,5.0,2,3000,0,0,0,0,1,0
CF,GEP,45.145686,-93.373181,0,GEP,0.0,0.0,166.0,8.0,2,2500,0,0,0,0,0,0

FINAL,V14L-A,14L,D,2
IF,GEP,45.145686,-93.373181,GEP,0.0,0.0,2,2500,0,0,0,0,2,0
CF,MANBV,45.064831,-93.357158,0,GEP,166.0,4.9,166.0,4.9,1,1460,0,0,0,0,3,0
CA,0,166.0,2,1460,0,0,0,0,0,0
DF,GEP,45.145686,-93.373181,1, ,0.0,0.0,2,2600,0,0,0,0,0,0
HM,GEP,45.145686,-93.373181,1, ,0.0,0.0,166.0,04.3,0,0,0,0,0,0,0,0,0

APPTR,V14R-A,14R,GEP
PI,GEP,45.145686,-93.373181,2,GEP,301.0,10.0,346,5.0,2,3000,0,0,0,0,1,0
CF,GEP,45.145686,-93.373181,0,GEP,0.0,0.0,166.0,8.0,2,2500,0,0,0,0,0,0

FINAL,V14R-A,14R,D,2
IF,GEP,45.145686,-93.373181,GEP,0.0,0.0,2,2500,0,0,0,0,2,0
CF,MANBV,45.064831,-93.357158,0,GEP,166.0,4.9,166.0,4.9,1,1460,0,0,0,0,3,0
CA,0,166.0,2,1460,0,0,0,0,0,0
DF,GEP,45.145686,-93.373181,1, ,0.0,0.0,2,2600,0,0,0,0,0,0
HM,GEP,45.145686,-93.373181,1, ,0.0,0.0,166.0,04.3,0,0,0,0,0,0,0,0,0

APPTR,V24L-A,24L,GEP
PI,GEP,45.145686,-93.373181,2,GEP,301.0,10.0,346,5.0,2,3000,0,0,0,0,1,0
CF,GEP,45.145686,-93.373181,0,GEP,0.0,0.0,166.0,8.0,2,2500,0,0,0,0,0,0

FINAL,V24L-A,24L,D,2
IF,GEP,45.145686,-93.373181,GEP,0.0,0.0,2,2500,0,0,0,0,2,0
CF,MANBV,45.064831,-93.357158,0,GEP,166.0,4.9,166.0,4.9,1,1460,0,0,0,0,3,0
CA,0,166.0,2,1460,0,0,0,0,0,0
DF,GEP,45.145686,-93.373181,1, ,0.0,0.0,2,2600,0,0,0,0,0,0
HM,GEP,45.145686,-93.373181,1, ,0.0,0.0,166.0,04.3,0,0,0,0,0,0,0,0,0

APPTR,V24R-A,24R,GEP
PI,GEP,45.145686,-93.373181,2,GEP,301.0,10.0,346,5.0,2,3000,0,0,0,0,1,0
CF,GEP,45.145686,-93.373181,0,GEP,0.0,0.0,166.0,8.0,2,2500,0,0,0,0,0,0

FINAL,V24R-A,24R,D,2
IF,GEP,45.145686,-93.373181,GEP,0.0,0.0,2,2500,0,0,0,0,2,0
CF,MANBV,45.064831,-93.357158,0,GEP,166.0,4.9,166.0,4.9,1,1460,0,0,0,0,3,0
CA,0,166.0,2,1460,0,0,0,0,0,0
DF,GEP,45.145686,-93.373181,1, ,0.0,0.0,2,2600,0,0,0,0,0,0
HM,GEP,45.145686,-93.373181,1, ,0.0,0.0,166.0,04.3,0,0,0,0,0,0,0,0,0

APPTR,V32L-A,32L,GEP
PI,GEP,45.145686,-93.373181,2,GEP,301.0,10.0,346,5.0,2,3000,0,0,0,0,1,0
CF,GEP,45.145686,-93.373181,0,GEP,0.0,0.0,166.0,8.0,2,2500,0,0,0,0,0,0

FINAL,V32L-A,32L,D,2
IF,GEP,45.145686,-93.373181,GEP,0.0,0.0,2,2500,0,0,0,0,2,0
CF,MANBV,45.064831,-93.357158,0,GEP,166.0,4.9,166.0,4.9,1,1460,0,0,0,0,3,0
CA,0,166.0,2,1460,0,0,0,0,0,0
DF,GEP,45.145686,-93.373181,1, ,0.0,0.0,2,2600,0,0,0,0,0,0
HM,GEP,45.145686,-93.373181,1, ,0.0,0.0,166.0,04.3,0,0,0,0,0,0,0,0,0

APPTR,V32R-A,32R,GEP
PI,GEP,45.145686,-93.373181,2,GEP,301.0,10.0,346,5.0,2,3000,0,0,0,0,1,0
CF,GEP,45.145686,-93.373181,0,GEP,0.0,0.0,166.0,8.0,2,2500,0,0,0,0,0,0

FINAL,V32R-A,32R,D,2
IF,GEP,45.145686,-93.373181,GEP,0.0,0.0,2,2500,0,0,0,0,2,0
CF,MANBV,45.064831,-93.357158,0,GEP,166.0,4.9,166.0,4.9,1,1460,0,0,0,0,3,0
CA,0,166.0,2,1460,0,0,0,0,0,0
DF,GEP,45.145686,-93.373181,1, ,0.0,0.0,2,2600,0,0,0,0,0,0
HM,GEP,45.145686,-93.373181,1, ,0.0,0.0,166.0,04.3,0,0,0,0,0,0,0,0,0

