APPTR,I15,15,BFM
IF,BFM,30.612722,-88.055494, ,0.0,0.0,0,0,0,0,0,0,0,0
TF,CAYAT,30.767478,-88.308442,0, ,0.0,0.0,0.0,0.0,2,2000,0,0,0,0,0,0
PI,CAYAT,30.767478,-88.308442,2,BFM,280.0,10.0,325,5.0,2,2000,0,0,0,0,1,0

APPTR,I15,15,SJI
IF,SJI,30.725981,-88.359294, ,0.0,0.0,0,0,0,0,0,0,0,0
TF,CAYAT,30.767478,-88.308442,0, ,0.0,0.0,0.0,0.0,2,2000,0,0,0,0,0,0
PI,CAYAT,30.767478,-88.308442,2,SJI,280.0,10.0,325,5.0,2,2000,0,0,0,0,1,0

FINAL,I15,15,I,3
IF,CFLSL,30.848694,-88.376414,IMOB,325.2,12.5,2,2000,0,0,0,0,0,0
CF,CAYAT,30.767478,-88.308442,0,IMOB,325.2,6.5,145.0,6.0,1,1800,0,0,0,0,2,0
CF,RW15,30.702289,-88.253986,0,IMOB,325.2,1.7,145.0,4.8,1,268,0,0,0,0,3,0
CA,0,145.0,2,900,0,0,0,0,0,0
VI,0, ,0.0,200.0,0,0,0,0,0,0,0,0
CF,SAINT,30.550797,-88.217606,0,SJI,140.0,12.8,140.0,4.0,2,2000,0,0,0,0,0,0
HM,SAINT,30.550797,-88.217606,2, ,0.0,0.0,62.0,04.3,0,0,0,0,0,0,0,0,0

APPTR,I33,33,BFM
IF,BFM,30.612722,-88.055494, ,0.0,0.0,0,0,0,0,0,0,0,0
TF,JABAK,30.613983,-88.180372,0, ,0.0,0.0,0.0,0.0,2,1900,0,0,0,0,0,0
PI,JABAK,30.613983,-88.180372,1,BFM,190.0,10.0,145,5.0,2,1900,0,0,0,0,1,0

APPTR,I33,33,OBOES
IF,OBOES,30.685950,-88.704178, ,0.0,0.0,0,0,0,0,0,0,1,0
AF,D135R,30.495439,-88.136092,1,SJI,135.0,18.0,257.0,2,1900,0,0,0,0,0,0
VI,0,IATE,0.0,355.0,0,0,0,0,0,0,0,0

APPTR,I33,33,SJI
IF,SJI,30.725981,-88.359294, ,0.0,0.0,0,0,0,0,0,0,0,0
TF,JABAK,30.613983,-88.180372,0, ,0.0,0.0,0.0,0.0,2,1900,0,0,0,0,0,0
PI,JABAK,30.613983,-88.180372,1,SJI,190.0,10.0,145,5.0,2,1900,0,0,0,0,1,0

FINAL,I33,33,I,3
IF,DECKE,30.521986,-88.103861,IATE,145.2,13.5,2,1900,0,0,0,0,0,0
CF,JABAK,30.613983,-88.180372,0,IATE,145.2,6.7,325.0,6.8,1,1900,0,0,0,0,2,0
CF,RW33,30.683331,-88.238167,0,IATE,145.2,1.6,325.0,5.1,1,270,0,0,0,0,3,0
CA,0,325.0,2,700,0,0,0,0,0,0
DF,SJI,30.725981,-88.359294,0, ,0.0,0.0,2,2000,0,0,0,0,0,0
HM,SJI,30.725981,-88.359294,2, ,0.0,0.0,105.0,04.3,0,0,0,0,0,0,0,0,0

APPTR,N15,15,BFM
IF,BFM,30.612722,-88.055494, ,0.0,0.0,0,0,0,0,0,0,0,0
TF,MOB,30.760628,-88.303219,0, ,0.0,0.0,0.0,0.0,2,1800,0,0,0,0,0,0
PI,MOB,30.760628,-88.303219,2,BFM,280.0,10.0,325,5.0,2,1800,0,0,0,0,1,0
CF,MOB,30.760628,-88.303219,0,BFM,300.7,15.6,145.0,8.0,2,1800,0,0,0,0,0,0

APPTR,N15,15,SJI
IF,SJI,30.725981,-88.359294, ,0.0,0.0,0,0,0,0,0,0,0,0
TF,MOB,30.760628,-88.303219,0, ,0.0,0.0,0.0,0.0,2,1800,0,0,0,0,0,0
PI,MOB,30.760628,-88.303219,2,SJI,280.0,10.0,325,5.0,2,1800,0,0,0,0,1,0
CF,MOB,30.760628,-88.303219,0,SJI,49.5,3.6,145.0,8.0,2,1800,0,0,0,0,0,0

FINAL,N15,15,N,2
IF,MOB,30.760628,-88.303219,MOB,0.0,0.0,2,1800,0,0,0,0,2,0
CF,RW15,30.702289,-88.253986,0,MOB,0.0,0.0,145.0,4.3,1,263,0,0,0,0,3,0
CA,0,145.0,2,800,0,0,0,0,0,0
VI,0, ,0.0,200.0,0,0,0,0,0,0,0,0
CF,SAINT,30.550797,-88.217606,0,SJI,140.0,12.8,140.0,4.0,2,2000,0,0,0,0,0,0
HM,SAINT,30.550797,-88.217606,2, ,0.0,0.0,62.0,04.3,0,0,0,0,0,0,0,0,0

APPTR,R15,15,BAYAS
HF,BAYAS,30.858333,-88.384500,2, ,0.0,0.0,145.0,04,2,2000,0,0,0,0,1,0,0

FINAL,R15,15,R,4
IF,BAYAS,30.858333,-88.384500, ,0.0,0.0,2,2000,0,0,0,0,0,0
TF,CAYAT,30.767478,-88.308442,0, ,0.0,0.0,145.0,6.7,2,1800,0,0,0,0,2,0
TF,DICAD,30.734803,-88.281136,0, ,0.0,0.0,145.0,2.4,2,1020,0,0,0,0,0,0
TF,RW15,30.702289,-88.253986,0, ,0.0,0.0,145.0,2.4,1,268,0,0,0,0,3,1
CA,0,145.0,2,413,0,0,0,0,0,0
DF,JOTEN,30.645544,-88.206653,0, ,0.0,0.0,0,0,0,0,0,0,0,0
TF,SAINT,30.550797,-88.217606,0, ,0.0,0.0,0.0,0.0,2,2000,0,0,0,0,0,1
HM,SAINT,30.550797,-88.217606,2, ,0.0,0.0,64.0,04,0,0,0,0,0,0,0,0,0

APPTR,R18,18,CECAP
HF,CECAP,30.898708,-88.236558,2, ,0.0,0.0,181.0,04,2,2000,0,0,0,0,1,0,0

FINAL,R18,18,R,4
IF,CECAP,30.898708,-88.236558, ,0.0,0.0,2,2000,0,0,0,0,0,0
TF,BAKAY,30.785944,-88.236536,0, ,0.0,0.0,181.0,6.8,2,2000,0,0,0,0,2,0
TF,DIDEC,30.739844,-88.236525,0, ,0.0,0.0,181.0,2.8,2,1120,0,0,0,0,0,0
TF,RW18,30.694742,-88.236517,0, ,0.0,0.0,181.0,2.7,1,261,0,0,0,0,3,1
CA,0,181.0,2,489,0,0,0,0,0,0
DF,IPAPE,30.479139,-88.236472,0, ,0.0,0.0,2,2000,0,0,0,0,0,1
HM,IPAPE,30.479139,-88.236472,2, ,0.0,0.0,1.0,04,0,0,0,0,0,0,0,0,0

APPTR,R33,33,DECKE
HF,DECKE,30.521986,-88.103861,2, ,0.0,0.0,325.0,04,2,1900,0,0,0,0,1,0,0

FINAL,R33,33,R,4
IF,DECKE,30.521986,-88.103861, ,0.0,0.0,2,1900,0,0,0,0,0,0
TF,JABAK,30.613983,-88.180372,0, ,0.0,0.0,325.0,6.8,2,1900,0,0,0,0,2,0
TF,FANEP,30.649450,-88.209917,0, ,0.0,0.0,325.0,2.6,2,1060,0,0,0,0,0,0
TF,RW33,30.683331,-88.238167,0, ,0.0,0.0,325.0,2.5,1,270,0,0,0,0,3,1
CA,0,325.0,2,700,0,0,0,0,0,0
DF,SQWID,30.672800,-88.479811,0, ,0.0,0.0,2,2000,0,0,0,0,0,1
HM,SQWID,30.672800,-88.479811,2, ,0.0,0.0,64.0,04,0,0,0,0,0,0,0,0,0

APPTR,R36,36,IPAPE
HF,IPAPE,30.479139,-88.236472,2, ,0.0,0.0,1.0,04,2,2000,0,0,0,0,1,0,0

FINAL,R36,36,R,4
IF,IPAPE,30.479139,-88.236472, ,0.0,0.0,2,2000,0,0,0,0,0,0
TF,EYEDY,30.591900,-88.236494,0, ,0.0,0.0,1.0,6.8,2,2000,0,0,0,0,2,0
TF,HISAL,30.649300,-88.236508,0, ,0.0,0.0,1.0,3.4,2,900,0,0,0,0,0,0
TF,RW36,30.682711,-88.236514,0, ,0.0,0.0,1.0,2.0,1,269,0,0,0,0,3,1
CA,0,1.0,2,478,0,0,0,0,0,0
DF,CECAP,30.898708,-88.236558,0, ,0.0,0.0,2,2000,0,0,0,0,0,1
HM,CECAP,30.898708,-88.236558,2, ,0.0,0.0,181.0,04,0,0,0,0,0,0,0,0,0

APPTR,V15-A,15,SJI
PI,SJI,30.725981,-88.359294,2,SJI,239.0,10.0,284,5.0,2,1800,0,0,0,0,1,0

APPTR,V15-A,15,SQWID
IF,SQWID,30.672800,-88.479811, ,0.0,0.0,0,0,0,0,0,0,1,0
AF,TACCU,30.764122,-88.487275,2,SJI,284.1,7.0,238.0,2,1800,0,0,0,0,1,0

FINAL,V15-A,15,D,3
IF,TACCU,30.764122,-88.487275,SJI,284.1,7.0,2,1800,0,0,0,0,0,0
CF,SJI,30.725981,-88.359294,0,SJI,0.0,0.0,104.0,7.0,2,1800,0,0,0,0,2,0
CF,UBACE,30.695497,-88.256517,0,SJI,103.9,5.6,104.0,5.6,1,780,0,0,0,0,3,0
CA,0,104.0,2,900,0,0,0,0,0,0
VI,2, ,0.0,200.0,0,0,0,0,0,0,0,0
CF,SAINT,30.550797,-88.217606,0,SJI,140.0,12.8,140.0,3.0,2,2000,0,0,0,0,0,0
HM,SAINT,30.550797,-88.217606,2, ,0.0,0.0,62.0,04.3,0,0,0,0,0,0,0,0,0

APPTR,V18-A,18,SJI
PI,SJI,30.725981,-88.359294,2,SJI,239.0,10.0,284,5.0,2,1800,0,0,0,0,1,0

APPTR,V18-A,18,SQWID
IF,SQWID,30.672800,-88.479811, ,0.0,0.0,0,0,0,0,0,0,1,0
AF,TACCU,30.764122,-88.487275,2,SJI,284.1,7.0,238.0,2,1800,0,0,0,0,1,0

FINAL,V18-A,18,D,3
IF,TACCU,30.764122,-88.487275,SJI,284.1,7.0,2,1800,0,0,0,0,0,0
CF,SJI,30.725981,-88.359294,0,SJI,0.0,0.0,104.0,7.0,2,1800,0,0,0,0,2,0
CF,UBACE,30.695497,-88.256517,0,SJI,103.9,5.6,104.0,5.6,1,780,0,0,0,0,3,0
CA,0,104.0,2,900,0,0,0,0,0,0
VI,2, ,0.0,200.0,0,0,0,0,0,0,0,0
CF,SAINT,30.550797,-88.217606,0,SJI,140.0,12.8,140.0,3.0,2,2000,0,0,0,0,0,0
HM,SAINT,30.550797,-88.217606,2, ,0.0,0.0,62.0,04.3,0,0,0,0,0,0,0,0,0

APPTR,V33-A,33,SJI
PI,SJI,30.725981,-88.359294,2,SJI,239.0,10.0,284,5.0,2,1800,0,0,0,0,1,0

APPTR,V33-A,33,SQWID
IF,SQWID,30.672800,-88.479811, ,0.0,0.0,0,0,0,0,0,0,1,0
AF,TACCU,30.764122,-88.487275,2,SJI,284.1,7.0,238.0,2,1800,0,0,0,0,1,0

FINAL,V33-A,33,D,3
IF,TACCU,30.764122,-88.487275,SJI,284.1,7.0,2,1800,0,0,0,0,0,0
CF,SJI,30.725981,-88.359294,0,SJI,0.0,0.0,104.0,7.0,2,1800,0,0,0,0,2,0
CF,UBACE,30.695497,-88.256517,0,SJI,103.9,5.6,104.0,5.6,1,780,0,0,0,0,3,0
CA,0,104.0,2,900,0,0,0,0,0,0
VI,2, ,0.0,200.0,0,0,0,0,0,0,0,0
CF,SAINT,30.550797,-88.217606,0,SJI,140.0,12.8,140.0,3.0,2,2000,0,0,0,0,0,0
HM,SAINT,30.550797,-88.217606,2, ,0.0,0.0,62.0,04.3,0,0,0,0,0,0,0,0,0

APPTR,V36-A,36,SJI
PI,SJI,30.725981,-88.359294,2,SJI,239.0,10.0,284,5.0,2,1800,0,0,0,0,1,0

APPTR,V36-A,36,SQWID
IF,SQWID,30.672800,-88.479811, ,0.0,0.0,0,0,0,0,0,0,1,0
AF,TACCU,30.764122,-88.487275,2,SJI,284.1,7.0,238.0,2,1800,0,0,0,0,1,0

FINAL,V36-A,36,D,3
IF,TACCU,30.764122,-88.487275,SJI,284.1,7.0,2,1800,0,0,0,0,0,0
CF,SJI,30.725981,-88.359294,0,SJI,0.0,0.0,104.0,7.0,2,1800,0,0,0,0,2,0
CF,UBACE,30.695497,-88.256517,0,SJI,103.9,5.6,104.0,5.6,1,780,0,0,0,0,3,0
CA,0,104.0,2,900,0,0,0,0,0,0
VI,2, ,0.0,200.0,0,0,0,0,0,0,0,0
CF,SAINT,30.550797,-88.217606,0,SJI,140.0,12.8,140.0,3.0,2,2000,0,0,0,0,0,0
HM,SAINT,30.550797,-88.217606,2, ,0.0,0.0,62.0,04.3,0,0,0,0,0,0,0,0,0

