APPTR,R06,06,CYN
IF,CYN,39.817339,-74.431625, ,0.0,0.0,0,0,0,0,0,0,1,0
TF,UZSOR,39.948978,-74.343100,0, ,0.0,0.0,0.0,0.0,2,2000,0,0,0,0,1,0

FINAL,R06,06,R,4
IF,UZSOR,39.948978,-74.343100, ,0.0,0.0,2,2000,0,0,0,0,0,0
TF,VERVI,40.007036,-74.261622,0, ,0.0,0.0,60.0,5.1,2,1700,0,0,0,0,2,0
TF,AVUKE,40.045322,-74.207867,0, ,0.0,0.0,60.0,3.4,2,600,0,0,0,0,0,0
TF,RW06,40.064583,-74.180789,0, ,0.0,0.0,60.0,1.7,1,81,0,0,0,0,3,1
CA,0,60.0,2,1000,0,0,0,0,0,0
DF,UZSOR,39.948978,-74.343100,2, ,0.0,0.0,2,2000,0,0,0,0,0,1
HM,UZSOR,39.948978,-74.343100,2, ,0.0,0.0,60.0,04,0,0,0,0,0,0,0,0,0

APPTR,R24,24,MOVFA
IF,MOVFA,40.231794,-74.066239, ,0.0,0.0,0,0,0,0,0,0,1,0
TF,OTDOZ,40.173792,-74.026822,0, ,0.0,0.0,0.0,0.0,2,2000,0,0,0,0,1,0

FINAL,R24,24,R,4
IF,OTDOZ,40.173792,-74.026822, ,0.0,0.0,2,2000,0,0,0,0,0,0
TF,SUTKE,40.127511,-74.092167,0, ,0.0,0.0,240.0,4.1,2,1700,0,0,0,0,2,0
TF,KANSE,40.094581,-74.138572,0, ,0.0,0.0,240.0,2.9,2,760,0,0,0,0,0,0
TF,RW24,40.069058,-74.174489,0, ,0.0,0.0,240.0,2.2,1,73,0,0,0,0,3,1
CA,0,240.0,2,442,0,0,0,0,0,0
DF,UZSOR,39.948978,-74.343100,0, ,0.0,0.0,2,2000,0,0,0,0,0,1
HM,UZSOR,39.948978,-74.343100,2, ,0.0,0.0,60.0,04,0,0,0,0,0,0,0,0,0

APPTR,S06,06,CYN
IF,CYN,39.817339,-74.431625, ,0.0,0.0,0,0,0,0,0,0,1,0
TF,PILES,39.990364,-74.261969,0, ,0.0,0.0,0.0,0.0,2,1900,0,0,0,0,0,0

APPTR,S06,06,RBV
IF,RBV,40.202403,-74.495025, ,0.0,0.0,0,0,0,0,0,0,0,0
TF,PILES,39.990364,-74.261969,0, ,0.0,0.0,0.0,0.0,2,2600,0,0,0,0,0,0
HF,PILES,39.990364,-74.261969,2, ,0.0,0.0,47.0,04.3,2,1900,0,0,0,0,1,0,0

FINAL,S06,06,D,2
IF,PILES,39.990364,-74.261969,CYN,47.0,13.0,2,1900,0,0,0,0,2,0
CF,RW06,40.064583,-74.180789,0,CYN,47.9,18.8,47.0,5.8,1,81,0,0,0,0,3,0
CA,0,47.0,2,800,0,0,0,0,0,0
CF,PILES,39.990364,-74.261969,2,CYN,47.0,13.0,227.0,5.0,2,1900,0,0,0,0,0,0
HM,PILES,39.990364,-74.261969,2, ,0.0,0.0,47.0,04.3,0,0,0,0,0,0,0,0,0

