SID,DALL4,ALL,2
IF,TTT,32.869161,-97.040503, ,0.0,0.0,0,0,0,0,0,0,0,0

SID,DALL4,EIC,3
IF,TTT,32.869161,-97.040503, ,0.0,0.0,0,0,0,0,0,0,0,0
TF,CLARE,32.760975,-96.332136,0, ,0.0,0.0,0.0,0.0,0,0,0,0,0,0,0,0
TF,POTEN,32.655528,-95.667206,0, ,0.0,0.0,0.0,0.0,0,0,0,0,0,0,0,0
TF,TEKBE,32.713311,-94.795553,0, ,0.0,0.0,0.0,0.0,0,0,0,0,0,0,0,0
TF,SHRLY,32.743306,-94.302900,0, ,0.0,0.0,0.0,0.0,0,0,0,0,0,0,0,0
TF,EIC,32.771364,-93.809931,0, ,0.0,0.0,0.0,0.0,0,0,0,0,0,0,0,0

SID,DALL4,ELD,3
IF,TTT,32.869161,-97.040503, ,0.0,0.0,0,0,0,0,0,0,0,0
TF,SOLDO,32.865278,-96.332311,0, ,0.0,0.0,0.0,0.0,0,0,0,0,0,0,0,0
TF,UIM,32.880481,-95.366892,0, ,0.0,0.0,0.0,0.0,0,0,0,0,0,0,0,0
TF,ELD,33.256153,-92.743947,0, ,0.0,0.0,0.0,0.0,0,0,0,0,0,0,0,0

SID,DALL4,LIT,3
IF,TTT,32.869161,-97.040503, ,0.0,0.0,0,0,0,0,0,0,0,0
TF,NOBLY,33.082397,-96.332683,0, ,0.0,0.0,0.0,0.0,0,0,0,0,0,0,0,0
TF,COBUG,33.289675,-95.628050,0, ,0.0,0.0,0.0,0.0,0,0,0,0,0,0,0,0
TF,ORTRO,33.691128,-94.212492,0, ,0.0,0.0,0.0,0.0,0,0,0,0,0,0,0,0
TF,LIT,34.677672,-92.180528,0, ,0.0,0.0,0.0,0.0,0,0,0,0,0,0,0,0

SID,DALL4,MEI,3
IF,TTT,32.869161,-97.040503, ,0.0,0.0,0,0,0,0,0,0,0,0
TF,SOLDO,32.865278,-96.332311,0, ,0.0,0.0,0.0,0.0,0,0,0,0,0,0,0,0
TF,UIM,32.880481,-95.366892,0, ,0.0,0.0,0.0,0.0,0,0,0,0,0,0,0,0
TF,ELD,33.256153,-92.743947,0, ,0.0,0.0,0.0,0.0,0,0,0,0,0,0,0,0
TF,MEI,32.378439,-88.804267,0, ,0.0,0.0,0.0,0.0,0,0,0,0,0,0,0,0

SID,DALL4,SOLDO,3
IF,TTT,32.869161,-97.040503, ,0.0,0.0,0,0,0,0,0,0,0,0
TF,SOLDO,32.865278,-96.332311,0, ,0.0,0.0,0.0,0.0,0,0,0,0,0,0,0,0

SID,DALL4,SQS,3
IF,TTT,32.869161,-97.040503, ,0.0,0.0,0,0,0,0,0,0,0,0
TF,SOLDO,32.865278,-96.332311,0, ,0.0,0.0,0.0,0.0,0,0,0,0,0,0,0,0
TF,UIM,32.880481,-95.366892,0, ,0.0,0.0,0.0,0.0,0,0,0,0,0,0,0,0
TF,ELD,33.256153,-92.743947,0, ,0.0,0.0,0.0,0.0,0,0,0,0,0,0,0,0
TF,SQS,33.463850,-90.277350,0, ,0.0,0.0,0.0,0.0,0,0,0,0,0,0,0,0

SID,DALL4,SWB,3
IF,TTT,32.869161,-97.040503, ,0.0,0.0,0,0,0,0,0,0,0,0
TF,CLARE,32.760975,-96.332136,0, ,0.0,0.0,0.0,0.0,0,0,0,0,0,0,0,0
TF,POTEN,32.655528,-95.667206,0, ,0.0,0.0,0.0,0.0,0,0,0,0,0,0,0,0
TF,TEKBE,32.713311,-94.795553,0, ,0.0,0.0,0.0,0.0,0,0,0,0,0,0,0,0
TF,SWB,31.973194,-92.677089,0, ,0.0,0.0,0.0,0.0,0,0,0,0,0,0,0,0

SID,DALL4,TXK,3
IF,TTT,32.869161,-97.040503, ,0.0,0.0,0,0,0,0,0,0,0,0
TF,TRISS,32.970042,-96.332403,0, ,0.0,0.0,0.0,0.0,0,0,0,0,0,0,0,0
TF,SHERO,33.074858,-95.562978,0, ,0.0,0.0,0.0,0.0,0,0,0,0,0,0,0,0
TF,TXK,33.513881,-94.073242,0, ,0.0,0.0,0.0,0.0,0,0,0,0,0,0,0,0

SID,DALL4,UIM,3
IF,TTT,32.869161,-97.040503, ,0.0,0.0,0,0,0,0,0,0,0,0
TF,SOLDO,32.865278,-96.332311,0, ,0.0,0.0,0.0,0.0,0,0,0,0,0,0,0,0
TF,UIM,32.880481,-95.366892,0, ,0.0,0.0,0.0,0.0,0,0,0,0,0,0,0,0

SID,GARL6,ALL,2
IF,TTT,32.869161,-97.040503, ,0.0,0.0,0,0,0,0,0,0,0,0

SID,GARL6,GGG,3
IF,TTT,32.869161,-97.040503, ,0.0,0.0,0,0,0,0,0,0,0,0
TF,CLARE,32.760975,-96.332136,0, ,0.0,0.0,0.0,0.0,0,0,0,0,0,0,0,0
TF,ROCKK,32.692256,-95.896111,0, ,0.0,0.0,0.0,0.0,0,0,0,0,0,0,0,0
TF,GGG,32.417753,-94.753194,0, ,0.0,0.0,0.0,0.0,0,0,0,0,0,0,0,0

SID,GARL6,PRX,3
IF,TTT,32.869161,-97.040503, ,0.0,0.0,0,0,0,0,0,0,0,0
TF,NOBLY,33.082397,-96.332683,0, ,0.0,0.0,0.0,0.0,0,0,0,0,0,0,0,0
TF,ECKEY,33.216794,-95.877742,0, ,0.0,0.0,0.0,0.0,0,0,0,0,0,0,0,0
TF,PRX,33.542378,-95.448292,0, ,0.0,0.0,0.0,0.0,0,0,0,0,0,0,0,0

SID,GARL6,SOLDO,3
IF,TTT,32.869161,-97.040503, ,0.0,0.0,0,0,0,0,0,0,0,0
TF,SOLDO,32.865278,-96.332311,0, ,0.0,0.0,0.0,0.0,0,0,0,0,0,0,0,0

SID,GARL6,TXK,3
IF,TTT,32.869161,-97.040503, ,0.0,0.0,0,0,0,0,0,0,0,0
TF,TRISS,32.970042,-96.332403,0, ,0.0,0.0,0.0,0.0,0,0,0,0,0,0,0,0
TF,SHERO,33.074858,-95.562978,0, ,0.0,0.0,0.0,0.0,0,0,0,0,0,0,0,0
TF,TXK,33.513881,-94.073242,0, ,0.0,0.0,0.0,0.0,0,0,0,0,0,0,0,0

SID,GARL6,TYR,3
IF,TTT,32.869161,-97.040503, ,0.0,0.0,0,0,0,0,0,0,0,0
TF,CLARE,32.760975,-96.332136,0, ,0.0,0.0,0.0,0.0,0,0,0,0,0,0,0,0
TF,ROCKK,32.692256,-95.896111,0, ,0.0,0.0,0.0,0.0,0,0,0,0,0,0,0,0
TF,TYR,32.355867,-95.403467,0, ,0.0,0.0,0.0,0.0,0,0,0,0,0,0,0,0

SID,GARL6,UIM,3
IF,TTT,32.869161,-97.040503, ,0.0,0.0,0,0,0,0,0,0,0,0
TF,SOLDO,32.865278,-96.332311,0, ,0.0,0.0,0.0,0.0,0,0,0,0,0,0,0,0
TF,UIM,32.880481,-95.366892,0, ,0.0,0.0,0.0,0.0,0,0,0,0,0,0,0,0

SID,HUBB9,ALL,2
IF,TTT,32.869161,-97.040503, ,0.0,0.0,0,0,0,0,0,0,0,0

SID,HUBB9,GGG,3
IF,TTT,32.869161,-97.040503, ,0.0,0.0,0,0,0,0,0,0,0,0
TF,CLARE,32.760975,-96.332136,0, ,0.0,0.0,0.0,0.0,0,0,0,0,0,0,0,0
TF,ROCKK,32.692256,-95.896111,0, ,0.0,0.0,0.0,0.0,0,0,0,0,0,0,0,0
TF,GGG,32.417753,-94.753194,0, ,0.0,0.0,0.0,0.0,0,0,0,0,0,0,0,0

SID,HUBB9,PRX,3
IF,TTT,32.869161,-97.040503, ,0.0,0.0,0,0,0,0,0,0,0,0
TF,NOBLY,33.082397,-96.332683,0, ,0.0,0.0,0.0,0.0,0,0,0,0,0,0,0,0
TF,ECKEY,33.216794,-95.877742,0, ,0.0,0.0,0.0,0.0,0,0,0,0,0,0,0,0
TF,PRX,33.542378,-95.448292,0, ,0.0,0.0,0.0,0.0,0,0,0,0,0,0,0,0

SID,HUBB9,SOLDO,3
IF,TTT,32.869161,-97.040503, ,0.0,0.0,0,0,0,0,0,0,0,0
TF,SOLDO,32.865278,-96.332311,0, ,0.0,0.0,0.0,0.0,0,0,0,0,0,0,0,0

SID,HUBB9,TXK,3
IF,TTT,32.869161,-97.040503, ,0.0,0.0,0,0,0,0,0,0,0,0
TF,TRISS,32.970042,-96.332403,0, ,0.0,0.0,0.0,0.0,0,0,0,0,0,0,0,0
TF,SHERO,33.074858,-95.562978,0, ,0.0,0.0,0.0,0.0,0,0,0,0,0,0,0,0
TF,TXK,33.513881,-94.073242,0, ,0.0,0.0,0.0,0.0,0,0,0,0,0,0,0,0

SID,HUBB9,TYR,3
IF,TTT,32.869161,-97.040503, ,0.0,0.0,0,0,0,0,0,0,0,0
TF,CLARE,32.760975,-96.332136,0, ,0.0,0.0,0.0,0.0,0,0,0,0,0,0,0,0
TF,ROCKK,32.692256,-95.896111,0, ,0.0,0.0,0.0,0.0,0,0,0,0,0,0,0,0
TF,TYR,32.355867,-95.403467,0, ,0.0,0.0,0.0,0.0,0,0,0,0,0,0,0,0

SID,HUBB9,UIM,3
IF,TTT,32.869161,-97.040503, ,0.0,0.0,0,0,0,0,0,0,0,0
TF,SOLDO,32.865278,-96.332311,0, ,0.0,0.0,0.0,0.0,0,0,0,0,0,0,0,0
TF,UIM,32.880481,-95.366892,0, ,0.0,0.0,0.0,0.0,0,0,0,0,0,0,0,0

SID,JPOOL9,ALL,2
IF,TTT,32.869161,-97.040503, ,0.0,0.0,0,0,0,0,0,0,0,0

SID,JPOOL9,ACT,3
IF,TTT,32.869161,-97.040503, ,0.0,0.0,0,0,0,0,0,0,0,0
TF,NELYN,32.284961,-97.185911,0, ,0.0,0.0,0.0,0.0,0,0,0,0,0,0,0,0
TF,ACT,31.662333,-97.269028,0, ,0.0,0.0,0.0,0.0,0,0,0,0,0,0,0,0

SID,JPOOL9,ARDIA,3
IF,TTT,32.869161,-97.040503, ,0.0,0.0,0,0,0,0,0,0,0,0
TF,ARDIA,32.285072,-96.937867,0, ,0.0,0.0,0.0,0.0,0,0,0,0,0,0,0,0

SID,JPOOL9,BILEE,3
IF,TTT,32.869161,-97.040503, ,0.0,0.0,0,0,0,0,0,0,0,0
TF,DARTZ,32.285756,-96.811050,0, ,0.0,0.0,0.0,0.0,0,0,0,0,0,0,0,0
TF,BRDEN,31.886517,-96.655822,0, ,0.0,0.0,0.0,0.0,0,0,0,0,0,0,0,0
TF,TORNN,31.520386,-96.514711,0, ,0.0,0.0,0.0,0.0,0,0,0,0,0,0,0,0
TF,BILEE,31.164514,-96.381561,0, ,0.0,0.0,0.0,0.0,0,0,0,0,0,0,0,0

SID,JPOOL9,BRDEN,3
IF,TTT,32.869161,-97.040503, ,0.0,0.0,0,0,0,0,0,0,0,0
TF,DARTZ,32.285756,-96.811050,0, ,0.0,0.0,0.0,0.0,0,0,0,0,0,0,0,0
TF,BRDEN,31.886517,-96.655822,0, ,0.0,0.0,0.0,0.0,0,0,0,0,0,0,0,0

SID,JPOOL9,CLL,3
IF,TTT,32.869161,-97.040503, ,0.0,0.0,0,0,0,0,0,0,0,0
TF,ARDIA,32.285072,-96.937867,0, ,0.0,0.0,0.0,0.0,0,0,0,0,0,0,0,0
TF,ELLVR,31.708117,-96.837792,0, ,0.0,0.0,0.0,0.0,0,0,0,0,0,0,0,0
TF,CLL,30.605003,-96.420681,0, ,0.0,0.0,0.0,0.0,0,0,0,0,0,0,0,0

SID,JPOOL9,ELLVR,3
IF,TTT,32.869161,-97.040503, ,0.0,0.0,0,0,0,0,0,0,0,0
TF,ARDIA,32.285072,-96.937867,0, ,0.0,0.0,0.0,0.0,0,0,0,0,0,0,0,0
TF,ELLVR,31.708117,-96.837792,0, ,0.0,0.0,0.0,0.0,0,0,0,0,0,0,0,0

SID,JPOOL9,HOARY,3
IF,TTT,32.869161,-97.040503, ,0.0,0.0,0,0,0,0,0,0,0,0
TF,NELYN,32.284961,-97.185911,0, ,0.0,0.0,0.0,0.0,0,0,0,0,0,0,0,0
TF,ACT,31.662333,-97.269028,0, ,0.0,0.0,0.0,0.0,0,0,0,0,0,0,0,0
TF,HOARY,30.577189,-97.775281,0, ,0.0,0.0,0.0,0.0,0,0,0,0,0,0,0,0

SID,JPOOL9,JASPA,3
IF,TTT,32.869161,-97.040503, ,0.0,0.0,0,0,0,0,0,0,0,0
TF,JASPA,32.285031,-97.058992,0, ,0.0,0.0,0.0,0.0,0,0,0,0,0,0,0,0

SID,JPOOL9,SAT,3
IF,TTT,32.869161,-97.040503, ,0.0,0.0,0,0,0,0,0,0,0,0
TF,NELYN,32.284961,-97.185911,0, ,0.0,0.0,0.0,0.0,0,0,0,0,0,0,0,0
TF,ACT,31.662333,-97.269028,0, ,0.0,0.0,0.0,0.0,0,0,0,0,0,0,0,0
TF,HOARY,30.577189,-97.775281,0, ,0.0,0.0,0.0,0.0,0,0,0,0,0,0,0,0
TF,SAT,29.644031,-98.461314,0, ,0.0,0.0,0.0,0.0,0,0,0,0,0,0,0,0

SID,JPOOL9,TORNN,3
IF,TTT,32.869161,-97.040503, ,0.0,0.0,0,0,0,0,0,0,0,0
TF,DARTZ,32.285756,-96.811050,0, ,0.0,0.0,0.0,0.0,0,0,0,0,0,0,0,0
TF,BRDEN,31.886517,-96.655822,0, ,0.0,0.0,0.0,0.0,0,0,0,0,0,0,0,0
TF,TORNN,31.520386,-96.514711,0, ,0.0,0.0,0.0,0.0,0,0,0,0,0,0,0,0

SID,JPOOL9,WINDU,3
IF,TTT,32.869161,-97.040503, ,0.0,0.0,0,0,0,0,0,0,0,0
TF,JASPA,32.285031,-97.058992,0, ,0.0,0.0,0.0,0.0,0,0,0,0,0,0,0,0
TF,WINDU,31.530536,-97.082517,0, ,0.0,0.0,0.0,0.0,0,0,0,0,0,0,0,0

SID,KING4,ALL,2
IF,TTT,32.869161,-97.040503, ,0.0,0.0,0,0,0,0,0,0,0,0

SID,KING4,GTH,3
IF,TTT,32.869161,-97.040503, ,0.0,0.0,0,0,0,0,0,0,0,0
TF,FUZ,32.889450,-97.179425,0, ,0.0,0.0,0.0,0.0,0,0,0,0,0,0,0,0
TF,CEOLA,32.866325,-97.733269,0, ,0.0,0.0,0.0,0.0,0,0,0,0,0,0,0,0
TF,RUWLO,32.792286,-99.217414,0, ,0.0,0.0,0.0,0.0,0,0,0,0,0,0,0,0
TF,BEKLE,32.821086,-99.832003,0, ,0.0,0.0,0.0,0.0,0,0,0,0,0,0,0,0
TF,GTH,33.778278,-100.336197,0, ,0.0,0.0,0.0,0.0,0,0,0,0,0,0,0,0

SID,KING4,MQP,3
IF,TTT,32.869161,-97.040503, ,0.0,0.0,0,0,0,0,0,0,0,0
TF,PODDE,32.726319,-97.733350,0, ,0.0,0.0,0.0,0.0,0,0,0,0,0,0,0,0
TF,MQP,32.726181,-97.997442,0, ,0.0,0.0,0.0,0.0,0,0,0,0,0,0,0,0

SID,KING4,PODDE,3
IF,TTT,32.869161,-97.040503, ,0.0,0.0,0,0,0,0,0,0,0,0
TF,PODDE,32.726319,-97.733350,0, ,0.0,0.0,0.0,0.0,0,0,0,0,0,0,0,0

SID,KING4,SPS,3
IF,TTT,32.869161,-97.040503, ,0.0,0.0,0,0,0,0,0,0,0,0
TF,FERRA,33.091222,-97.733297,0, ,0.0,0.0,0.0,0.0,0,0,0,0,0,0,0,0
TF,MUZZO,33.251583,-98.243478,0, ,0.0,0.0,0.0,0.0,0,0,0,0,0,0,0,0
TF,KARYN,33.597042,-98.407058,0, ,0.0,0.0,0.0,0.0,0,0,0,0,0,0,0,0
TF,SPS,33.987286,-98.593472,0, ,0.0,0.0,0.0,0.0,0,0,0,0,0,0,0,0

SID,KUSSO4,ALL,5
IF,SALVE,32.839150,-96.585992, ,0.0,0.0,0,0,0,0,0,0,0,0
TF,KUSSO,32.832528,-96.437842,0, ,0.0,0.0,0.0,0.0,0,0,0,0,0,0,0,0

SID,KUSSO4,BDDAY,6
IF,KUSSO,32.832528,-96.437842, ,0.0,0.0,0,0,0,0,0,0,0,0
TF,THHOR,32.696772,-96.333489,0, ,0.0,0.0,0.0,0.0,0,0,0,0,0,0,0,0
TF,JJANE,32.663483,-95.838242,0, ,0.0,0.0,0.0,0.0,0,0,0,0,0,0,0,0
TF,MRSSH,32.585297,-94.774397,0, ,0.0,0.0,0.0,0.0,0,0,0,0,0,0,0,0
TF,BDDAY,32.315586,-94.171714,0, ,0.0,0.0,0.0,0.0,0,0,0,0,0,0,0,0

SID,KUSSO4,BSKAT,6
IF,KUSSO,32.832528,-96.437842, ,0.0,0.0,0,0,0,0,0,0,0,0
TF,ZERLU,32.998086,-96.333025,0, ,0.0,0.0,0.0,0.0,0,0,0,0,0,0,0,0
TF,SWDIA,33.173047,-95.837289,0, ,0.0,0.0,0.0,0.0,0,0,0,0,0,0,0,0
TF,ZACHH,33.714133,-94.248894,0, ,0.0,0.0,0.0,0.0,0,0,0,0,0,0,0,0
TF,BSKAT,34.041872,-93.559839,0, ,0.0,0.0,0.0,0.0,0,0,0,0,0,0,0,0

SID,KUSSO4,FORCK,6
IF,KUSSO,32.832528,-96.437842, ,0.0,0.0,0,0,0,0,0,0,0,0
TF,HANUH,32.796983,-96.333383,0, ,0.0,0.0,0.0,0.0,0,0,0,0,0,0,0,0
TF,LYING,32.847964,-95.839069,0, ,0.0,0.0,0.0,0.0,0,0,0,0,0,0,0,0
TF,FORCK,32.996533,-94.269817,0, ,0.0,0.0,0.0,0.0,0,0,0,0,0,0,0,0

SID,KUSSO4,LOOSE,6
IF,KUSSO,32.832528,-96.437842, ,0.0,0.0,0,0,0,0,0,0,0,0
TF,TRRCH,32.897169,-96.333489,0, ,0.0,0.0,0.0,0.0,0,0,0,0,0,0,0,0
TF,JAYXX,33.056806,-95.839250,0, ,0.0,0.0,0.0,0.0,0,0,0,0,0,0,0,0
TF,TRYTN,33.551306,-94.262369,0, ,0.0,0.0,0.0,0.0,0,0,0,0,0,0,0,0
TF,LOOSE,33.896356,-93.085661,0, ,0.0,0.0,0.0,0.0,0,0,0,0,0,0,0,0

SID,KUSSO4,MRSSH,6
IF,KUSSO,32.832528,-96.437842, ,0.0,0.0,0,0,0,0,0,0,0,0
TF,THHOR,32.696772,-96.333489,0, ,0.0,0.0,0.0,0.0,0,0,0,0,0,0,0,0
TF,JJANE,32.663483,-95.838242,0, ,0.0,0.0,0.0,0.0,0,0,0,0,0,0,0,0
TF,MRSSH,32.585297,-94.774397,0, ,0.0,0.0,0.0,0.0,0,0,0,0,0,0,0,0

SID,KUSSO4,ZALEA,6
IF,KUSSO,32.832528,-96.437842, ,0.0,0.0,0,0,0,0,0,0,0,0
TF,THHOR,32.696772,-96.333489,0, ,0.0,0.0,0.0,0.0,0,0,0,0,0,0,0,0
TF,JJANE,32.663483,-95.838242,0, ,0.0,0.0,0.0,0.0,0,0,0,0,0,0,0,0
TF,MRSSH,32.585297,-94.774397,0, ,0.0,0.0,0.0,0.0,0,0,0,0,0,0,0,0
TF,ZALEA,32.212639,-93.476469,0, ,0.0,0.0,0.0,0.0,0,0,0,0,0,0,0,0

SID,SWABR5,ALL,5
IF,BOTCH,32.816856,-97.497203, ,0.0,0.0,0,0,0,0,0,0,0,0
TF,SWABR,32.821903,-97.627292,0, ,0.0,0.0,0.0,0.0,0,0,0,0,0,0,0,0

SID,SWABR5,ALIAN,6
IF,SWABR,32.821903,-97.627292, ,0.0,0.0,0,0,0,0,0,0,0,0
TF,RBBIT,32.678042,-97.734000,0, ,0.0,0.0,0.0,0.0,0,0,0,0,0,0,0,0
TF,FUMED,32.683206,-98.225772,0, ,0.0,0.0,0.0,0.0,0,0,0,0,0,0,0,0
TF,ALIAN,32.687228,-99.223122,0, ,0.0,0.0,0.0,0.0,0,0,0,0,0,0,0,0

SID,SWABR5,BRHMA,6
IF,SWABR,32.821903,-97.627292, ,0.0,0.0,0,0,0,0,0,0,0,0
TF,ROOOO,32.778239,-97.733950,0, ,0.0,0.0,0.0,0.0,0,0,0,0,0,0,0,0
TF,RUFFS,32.893472,-98.228722,0, ,0.0,0.0,0.0,0.0,0,0,0,0,0,0,0,0
TF,KATZZ,33.201022,-99.595506,0, ,0.0,0.0,0.0,0.0,0,0,0,0,0,0,0,0
TF,BRHMA,33.521397,-101.043169,0, ,0.0,0.0,0.0,0.0,0,0,0,0,0,0,0,0

SID,SWABR5,CIKAN,6
IF,SWABR,32.821903,-97.627292, ,0.0,0.0,0,0,0,0,0,0,0,0
TF,RBBIT,32.678042,-97.734000,0, ,0.0,0.0,0.0,0.0,0,0,0,0,0,0,0,0
TF,LYNDE,32.639325,-98.224936,0, ,0.0,0.0,0.0,0.0,0,0,0,0,0,0,0,0
TF,WSTEX,32.545272,-99.331400,0, ,0.0,0.0,0.0,0.0,0,0,0,0,0,0,0,0
TF,CIKAN,32.483333,-100.316667,0, ,0.0,0.0,0.0,0.0,0,0,0,0,0,0,0,0

SID,SWABR5,DOSXX,6
IF,SWABR,32.821903,-97.627292, ,0.0,0.0,0,0,0,0,0,0,0,0
TF,RBBIT,32.678042,-97.734000,0, ,0.0,0.0,0.0,0.0,0,0,0,0,0,0,0,0
TF,LYNDE,32.639325,-98.224936,0, ,0.0,0.0,0.0,0.0,0,0,0,0,0,0,0,0
TF,WSTEX,32.545272,-99.331400,0, ,0.0,0.0,0.0,0.0,0,0,0,0,0,0,0,0
TF,DOSXX,32.393936,-99.948861,0, ,0.0,0.0,0.0,0.0,0,0,0,0,0,0,0,0

SID,SWABR5,HUDAD,6
IF,SWABR,32.821903,-97.627292, ,0.0,0.0,0,0,0,0,0,0,0,0
TF,PGLET,32.989894,-97.733275,0, ,0.0,0.0,0.0,0.0,0,0,0,0,0,0,0,0
TF,MUTEE,33.175403,-98.230150,0, ,0.0,0.0,0.0,0.0,0,0,0,0,0,0,0,0
TF,HUDAD,33.614456,-99.432117,0, ,0.0,0.0,0.0,0.0,0,0,0,0,0,0,0,0

SID,SWABR5,HULZE,6
IF,SWABR,32.821903,-97.627292, ,0.0,0.0,0,0,0,0,0,0,0,0
TF,TYGGR,32.889483,-97.733275,0, ,0.0,0.0,0.0,0.0,0,0,0,0,0,0,0,0
TF,DBLSS,33.051864,-98.230600,0, ,0.0,0.0,0.0,0.0,0,0,0,0,0,0,0,0
TF,HRPER,33.462917,-99.516925,0, ,0.0,0.0,0.0,0.0,0,0,0,0,0,0,0,0
TF,HULZE,33.657664,-100.221697,0, ,0.0,0.0,0.0,0.0,0,0,0,0,0,0,0,0

SID,SWABR5,WSTEX,6
IF,SWABR,32.821903,-97.627292, ,0.0,0.0,0,0,0,0,0,0,0,0
TF,RBBIT,32.678042,-97.734000,0, ,0.0,0.0,0.0,0.0,0,0,0,0,0,0,0,0
TF,LYNDE,32.639325,-98.224936,0, ,0.0,0.0,0.0,0.0,0,0,0,0,0,0,0,0
TF,WSTEX,32.545272,-99.331400,0, ,0.0,0.0,0.0,0.0,0,0,0,0,0,0,0,0

SID,TEX5,ALL,2
IF,FUZ,32.889450,-97.179425, ,0.0,0.0,0,0,0,0,0,0,0,0

SID,TEX5,ADM,3
IF,FUZ,32.889450,-97.179425, ,0.0,0.0,0,0,0,0,0,0,0,0
TF,LOWGN,33.450750,-97.249803,0, ,0.0,0.0,0.0,0.0,0,0,0,0,0,0,0,0
TF,ADM,34.211586,-97.168228,0, ,0.0,0.0,0.0,0.0,0,0,0,0,0,0,0,0

SID,TEX5,BLECO,3
IF,FUZ,32.889450,-97.179425, ,0.0,0.0,0,0,0,0,0,0,0,0
TF,BLECO,33.450750,-97.109053,0, ,0.0,0.0,0.0,0.0,0,0,0,0,0,0,0,0

SID,TEX5,DECKK,3
IF,FUZ,32.889450,-97.179425, ,0.0,0.0,0,0,0,0,0,0,0,0
TF,BLECO,33.450750,-97.109053,0, ,0.0,0.0,0.0,0.0,0,0,0,0,0,0,0,0
TF,ZEMMA,34.383836,-96.990003,0, ,0.0,0.0,0.0,0.0,0,0,0,0,0,0,0,0
TF,NOOGY,34.427561,-96.984289,0, ,0.0,0.0,0.0,0.0,0,0,0,0,0,0,0,0
TF,DECKK,34.872811,-97.281089,0, ,0.0,0.0,0.0,0.0,0,0,0,0,0,0,0,0

SID,TEX5,EAKER,3
IF,FUZ,32.889450,-97.179425, ,0.0,0.0,0,0,0,0,0,0,0,0
TF,GRABE,33.451458,-96.961528,0, ,0.0,0.0,0.0,0.0,0,0,0,0,0,0,0,0
TF,EAKER,34.317422,-96.619867,0, ,0.0,0.0,0.0,0.0,0,0,0,0,0,0,0,0

SID,TEX5,GRABE,3
IF,FUZ,32.889450,-97.179425, ,0.0,0.0,0,0,0,0,0,0,0,0
TF,GRABE,33.451458,-96.961528,0, ,0.0,0.0,0.0,0.0,0,0,0,0,0,0,0,0

SID,TEX5,IRW,3
IF,FUZ,32.889450,-97.179425, ,0.0,0.0,0,0,0,0,0,0,0,0
TF,BLECO,33.450750,-97.109053,0, ,0.0,0.0,0.0,0.0,0,0,0,0,0,0,0,0
TF,ZEMMA,34.383836,-96.990003,0, ,0.0,0.0,0.0,0.0,0,0,0,0,0,0,0,0
TF,IRW,35.358597,-97.609228,0, ,0.0,0.0,0.0,0.0,0,0,0,0,0,0,0,0

SID,TEX5,MLC,3
IF,FUZ,32.889450,-97.179425, ,0.0,0.0,0,0,0,0,0,0,0,0
TF,AKUNA,33.450689,-96.823139,0, ,0.0,0.0,0.0,0.0,0,0,0,0,0,0,0,0
TF,TIKYS,34.066647,-96.425981,0, ,0.0,0.0,0.0,0.0,0,0,0,0,0,0,0,0
TF,MLC,34.849442,-95.782344,0, ,0.0,0.0,0.0,0.0,0,0,0,0,0,0,0,0

SID,TEX5,OKM,3
IF,FUZ,32.889450,-97.179425, ,0.0,0.0,0,0,0,0,0,0,0,0
TF,GRABE,33.451458,-96.961528,0, ,0.0,0.0,0.0,0.0,0,0,0,0,0,0,0,0
TF,EAKER,34.317422,-96.619867,0, ,0.0,0.0,0.0,0.0,0,0,0,0,0,0,0,0
TF,OKM,35.693075,-95.865956,0, ,0.0,0.0,0.0,0.0,0,0,0,0,0,0,0,0

SID,TEX5,ROLLS,3
IF,FUZ,32.889450,-97.179425, ,0.0,0.0,0,0,0,0,0,0,0,0
TF,LOWGN,33.450750,-97.249803,0, ,0.0,0.0,0.0,0.0,0,0,0,0,0,0,0,0
TF,ADM,34.211586,-97.168228,0, ,0.0,0.0,0.0,0.0,0,0,0,0,0,0,0,0
TF,MRMAC,34.841339,-98.109533,0, ,0.0,0.0,0.0,0.0,0,0,0,0,0,0,0,0
TF,ROLLS,35.722744,-99.470697,0, ,0.0,0.0,0.0,0.0,0,0,0,0,0,0,0,0

SID,TEX5,TUL,3
IF,FUZ,32.889450,-97.179425, ,0.0,0.0,0,0,0,0,0,0,0,0
TF,BLECO,33.450750,-97.109053,0, ,0.0,0.0,0.0,0.0,0,0,0,0,0,0,0,0
TF,ZEMMA,34.383836,-96.990003,0, ,0.0,0.0,0.0,0.0,0,0,0,0,0,0,0,0
TF,TUL,36.196253,-95.788092,0, ,0.0,0.0,0.0,0.0,0,0,0,0,0,0,0,0

SID,TEX5,ZEMMA,3
IF,FUZ,32.889450,-97.179425, ,0.0,0.0,0,0,0,0,0,0,0,0
TF,BLECO,33.450750,-97.109053,0, ,0.0,0.0,0.0,0.0,0,0,0,0,0,0,0,0
TF,ZEMMA,34.383836,-96.990003,0, ,0.0,0.0,0.0,0.0,0,0,0,0,0,0,0,0

SID,WORTH1,ALL,2
IF,TTT,32.869161,-97.040503, ,0.0,0.0,0,0,0,0,0,0,0,0

SID,WORTH1,ABI,3
IF,TTT,32.869161,-97.040503, ,0.0,0.0,0,0,0,0,0,0,0,0
TF,PODDE,32.726319,-97.733350,0, ,0.0,0.0,0.0,0.0,0,0,0,0,0,0,0,0
TF,MQP,32.726181,-97.997442,0, ,0.0,0.0,0.0,0.0,0,0,0,0,0,0,0,0
TF,ABI,32.481328,-99.863458,0, ,0.0,0.0,0.0,0.0,0,0,0,0,0,0,0,0

SID,WORTH1,BOOMR,3
IF,TTT,32.869161,-97.040503, ,0.0,0.0,0,0,0,0,0,0,0,0
TF,SLOTT,32.980333,-97.733375,0, ,0.0,0.0,0.0,0.0,0,0,0,0,0,0,0,0
TF,MANKI,33.254386,-99.564617,0, ,0.0,0.0,0.0,0.0,0,0,0,0,0,0,0,0
TF,OWING,33.516044,-99.947864,0, ,0.0,0.0,0.0,0.0,0,0,0,0,0,0,0,0
TF,BOOMR,33.592394,-100.703811,0, ,0.0,0.0,0.0,0.0,0,0,0,0,0,0,0,0

SID,WORTH1,CDS,3
IF,TTT,32.869161,-97.040503, ,0.0,0.0,0,0,0,0,0,0,0,0
TF,FERRA,33.091222,-97.733297,0, ,0.0,0.0,0.0,0.0,0,0,0,0,0,0,0,0
TF,SCABI,33.620333,-99.450425,0, ,0.0,0.0,0.0,0.0,0,0,0,0,0,0,0,0
TF,CDS,34.369064,-100.289033,0, ,0.0,0.0,0.0,0.0,0,0,0,0,0,0,0,0

SID,WORTH1,CNX,3
IF,TTT,32.869161,-97.040503, ,0.0,0.0,0,0,0,0,0,0,0,0
TF,CEOLA,32.866325,-97.733269,0, ,0.0,0.0,0.0,0.0,0,0,0,0,0,0,0,0
TF,KIRST,32.839583,-99.599903,0, ,0.0,0.0,0.0,0.0,0,0,0,0,0,0,0,0
TF,LBB,33.704950,-101.914011,0, ,0.0,0.0,0.0,0.0,0,0,0,0,0,0,0,0
TF,CNX,34.367017,-105.678006,0, ,0.0,0.0,0.0,0.0,0,0,0,0,0,0,0,0

SID,WORTH1,GTH,3
IF,TTT,32.869161,-97.040503, ,0.0,0.0,0,0,0,0,0,0,0,0
TF,SLOTT,32.980333,-97.733375,0, ,0.0,0.0,0.0,0.0,0,0,0,0,0,0,0,0
TF,MANKI,33.254386,-99.564617,0, ,0.0,0.0,0.0,0.0,0,0,0,0,0,0,0,0
TF,GTH,33.778278,-100.336197,0, ,0.0,0.0,0.0,0.0,0,0,0,0,0,0,0,0

SID,WORTH1,LBB,3
IF,TTT,32.869161,-97.040503, ,0.0,0.0,0,0,0,0,0,0,0,0
TF,CEOLA,32.866325,-97.733269,0, ,0.0,0.0,0.0,0.0,0,0,0,0,0,0,0,0
TF,KIRST,32.839583,-99.599903,0, ,0.0,0.0,0.0,0.0,0,0,0,0,0,0,0,0
TF,LBB,33.704950,-101.914011,0, ,0.0,0.0,0.0,0.0,0,0,0,0,0,0,0,0

SID,WORTH1,MQP,3
IF,TTT,32.869161,-97.040503, ,0.0,0.0,0,0,0,0,0,0,0,0
TF,PODDE,32.726319,-97.733350,0, ,0.0,0.0,0.0,0.0,0,0,0,0,0,0,0,0
TF,MQP,32.726181,-97.997442,0, ,0.0,0.0,0.0,0.0,0,0,0,0,0,0,0,0

SID,WORTH1,PNH,3
IF,TTT,32.869161,-97.040503, ,0.0,0.0,0,0,0,0,0,0,0,0
TF,FERRA,33.091222,-97.733297,0, ,0.0,0.0,0.0,0.0,0,0,0,0,0,0,0,0
TF,SCABI,33.620333,-99.450425,0, ,0.0,0.0,0.0,0.0,0,0,0,0,0,0,0,0
TF,CDS,34.369064,-100.289033,0, ,0.0,0.0,0.0,0.0,0,0,0,0,0,0,0,0
TF,PNH,35.235064,-101.699033,0, ,0.0,0.0,0.0,0.0,0,0,0,0,0,0,0,0

SID,WORTH1,PODDE,3
IF,TTT,32.869161,-97.040503, ,0.0,0.0,0,0,0,0,0,0,0,0
TF,PODDE,32.726319,-97.733350,0, ,0.0,0.0,0.0,0.0,0,0,0,0,0,0,0,0

SID,WORTH1,TCC,3
IF,TTT,32.869161,-97.040503, ,0.0,0.0,0,0,0,0,0,0,0,0
TF,SLOTT,32.980333,-97.733375,0, ,0.0,0.0,0.0,0.0,0,0,0,0,0,0,0,0
TF,MANKI,33.254386,-99.564617,0, ,0.0,0.0,0.0,0.0,0,0,0,0,0,0,0,0
TF,GTH,33.778278,-100.336197,0, ,0.0,0.0,0.0,0.0,0,0,0,0,0,0,0,0
TF,TCC,35.182206,-103.598581,0, ,0.0,0.0,0.0,0.0,0,0,0,0,0,0,0,0

SID,WORTH1,TXO,3
IF,TTT,32.869161,-97.040503, ,0.0,0.0,0,0,0,0,0,0,0,0
TF,CEOLA,32.866325,-97.733269,0, ,0.0,0.0,0.0,0.0,0,0,0,0,0,0,0,0
TF,KIRST,32.839583,-99.599903,0, ,0.0,0.0,0.0,0.0,0,0,0,0,0,0,0,0
TF,LBB,33.704950,-101.914011,0, ,0.0,0.0,0.0,0.0,0,0,0,0,0,0,0,0
TF,TXO,34.495128,-102.839664,0, ,0.0,0.0,0.0,0.0,0,0,0,0,0,0,0,0

STAR,DODJE5,ACT,1
IF,ACT,31.662333,-97.269028, ,0.0,0.0,0,0,0,0,0,0,0,0
TF,THING,32.096228,-96.399906,0, ,0.0,0.0,0.0,0.0,0,0,0,0,0,0,0,0
TF,DODJE,32.284192,-96.582953,0, ,0.0,0.0,0.0,0.0,0,0,0,1,250,0,0,0

STAR,DODJE5,AEX,1
IF,AEX,31.256728,-92.500975, ,0.0,0.0,0,0,0,0,0,0,0,0
TF,NOBBL,31.741883,-93.823450,0, ,0.0,0.0,0.0,0.0,0,0,0,0,0,0,0,0
TF,FZT,32.074606,-95.530792,0, ,0.0,0.0,0.0,0.0,0,0,0,0,0,0,0,0
TF,CQY,32.185722,-96.218103,0, ,0.0,0.0,0.0,0.0,0,0,0,0,0,0,0,0
TF,DODJE,32.284192,-96.582953,0, ,0.0,0.0,0.0,0.0,0,0,0,1,250,0,0,0

STAR,DODJE5,CQY,1
IF,CQY,32.185722,-96.218103, ,0.0,0.0,0,0,0,0,0,0,0,0
TF,DODJE,32.284192,-96.582953,0, ,0.0,0.0,0.0,0.0,0,0,0,1,250,0,0,0

STAR,DODJE5,CWK,1
IF,CWK,30.378550,-97.529847, ,0.0,0.0,0,0,0,0,0,0,0,0
TF,NAVYS,31.388181,-96.313683,0, ,0.0,0.0,0.0,0.0,0,0,0,0,0,0,0,0
TF,ALLMO,31.939261,-96.247806,0, ,0.0,0.0,0.0,0.0,0,0,0,0,0,0,0,0
TF,THING,32.096228,-96.399906,0, ,0.0,0.0,0.0,0.0,0,0,0,0,0,0,0,0
TF,DODJE,32.284192,-96.582953,0, ,0.0,0.0,0.0,0.0,0,0,0,1,250,0,0,0

STAR,DODJE5,EMG,1
IF,EMG,32.400406,-93.595147, ,0.0,0.0,0,0,0,0,0,0,0,0
TF,GGG,32.417753,-94.753194,0, ,0.0,0.0,0.0,0.0,0,0,0,0,0,0,0,0
TF,CAPTI,32.276483,-95.658383,0, ,0.0,0.0,0.0,0.0,0,0,0,0,0,0,0,0
TF,CQY,32.185722,-96.218103,0, ,0.0,0.0,0.0,0.0,0,0,0,0,0,0,0,0
TF,DODJE,32.284192,-96.582953,0, ,0.0,0.0,0.0,0.0,0,0,0,1,250,0,0,0

STAR,DODJE5,GGG,1
IF,GGG,32.417753,-94.753194, ,0.0,0.0,0,0,0,0,0,0,0,0
TF,CAPTI,32.276483,-95.658383,0, ,0.0,0.0,0.0,0.0,0,0,0,0,0,0,0,0
TF,CQY,32.185722,-96.218103,0, ,0.0,0.0,0.0,0.0,0,0,0,0,0,0,0,0
TF,DODJE,32.284192,-96.582953,0, ,0.0,0.0,0.0,0.0,0,0,0,1,250,0,0,0

STAR,DODJE5,HERRI,1
IF,HERRI,31.943878,-95.024283, ,0.0,0.0,0,0,0,0,0,0,0,0
TF,FZT,32.074606,-95.530792,0, ,0.0,0.0,0.0,0.0,0,0,0,0,0,0,0,0
TF,CQY,32.185722,-96.218103,0, ,0.0,0.0,0.0,0.0,0,0,0,0,0,0,0,0
TF,DODJE,32.284192,-96.582953,0, ,0.0,0.0,0.0,0.0,0,0,0,1,250,0,0,0

STAR,DODJE5,IAH,1
IF,IAH,29.956917,-95.345719, ,0.0,0.0,0,0,0,0,0,0,0,0
TF,GIFFA,31.381453,-95.251697,0, ,0.0,0.0,0.0,0.0,0,0,0,0,0,0,0,0
TF,WEIRS,31.848606,-95.809914,0, ,0.0,0.0,0.0,0.0,0,0,0,0,0,0,0,0
TF,CQY,32.185722,-96.218103,0, ,0.0,0.0,0.0,0.0,0,0,0,0,0,0,0,0
TF,DODJE,32.284192,-96.582953,0, ,0.0,0.0,0.0,0.0,0,0,0,1,250,0,0,0

STAR,DODJE5,LOA,1
IF,LOA,31.124017,-95.967956, ,0.0,0.0,0,0,0,0,0,0,0,0
TF,NARCS,31.809372,-96.128761,0, ,0.0,0.0,0.0,0.0,0,0,0,0,0,0,0,0
TF,ALLMO,31.939261,-96.247806,0, ,0.0,0.0,0.0,0.0,0,0,0,0,0,0,0,0
TF,THING,32.096228,-96.399906,0, ,0.0,0.0,0.0,0.0,0,0,0,0,0,0,0,0
TF,DODJE,32.284192,-96.582953,0, ,0.0,0.0,0.0,0.0,0,0,0,1,250,0,0,0

STAR,DODJE5,MHZ,1
IF,MHZ,32.434069,-90.099772, ,0.0,0.0,0,0,0,0,0,0,0,0
TF,MLU,32.516883,-92.036008,0, ,0.0,0.0,0.0,0.0,0,0,0,0,0,0,0,0
TF,EMG,32.400406,-93.595147,0, ,0.0,0.0,0.0,0.0,0,0,0,0,0,0,0,0
TF,GGG,32.417753,-94.753194,0, ,0.0,0.0,0.0,0.0,0,0,0,0,0,0,0,0
TF,CAPTI,32.276483,-95.658383,0, ,0.0,0.0,0.0,0.0,0,0,0,0,0,0,0,0
TF,CQY,32.185722,-96.218103,0, ,0.0,0.0,0.0,0.0,0,0,0,0,0,0,0,0
TF,DODJE,32.284192,-96.582953,0, ,0.0,0.0,0.0,0.0,0,0,0,1,250,0,0,0

STAR,DODJE5,MLU,1
IF,MLU,32.516883,-92.036008, ,0.0,0.0,0,0,0,0,0,0,0,0
TF,EMG,32.400406,-93.595147,0, ,0.0,0.0,0.0,0.0,0,0,0,0,0,0,0,0
TF,GGG,32.417753,-94.753194,0, ,0.0,0.0,0.0,0.0,0,0,0,0,0,0,0,0
TF,CAPTI,32.276483,-95.658383,0, ,0.0,0.0,0.0,0.0,0,0,0,0,0,0,0,0
TF,CQY,32.185722,-96.218103,0, ,0.0,0.0,0.0,0.0,0,0,0,0,0,0,0,0
TF,DODJE,32.284192,-96.582953,0, ,0.0,0.0,0.0,0.0,0,0,0,1,250,0,0,0

STAR,DODJE5,NAVYS,1
IF,NAVYS,31.388181,-96.313683, ,0.0,0.0,0,0,0,0,0,0,0,0
TF,ALLMO,31.939261,-96.247806,0, ,0.0,0.0,0.0,0.0,0,0,0,0,0,0,0,0
TF,THING,32.096228,-96.399906,0, ,0.0,0.0,0.0,0.0,0,0,0,0,0,0,0,0
TF,DODJE,32.284192,-96.582953,0, ,0.0,0.0,0.0,0.0,0,0,0,1,250,0,0,0

STAR,DODJE5,SQS,1
IF,SQS,33.463850,-90.277350, ,0.0,0.0,0,0,0,0,0,0,0,0
TF,MLU,32.516883,-92.036008,0, ,0.0,0.0,0.0,0.0,0,0,0,0,0,0,0,0
TF,EMG,32.400406,-93.595147,0, ,0.0,0.0,0.0,0.0,0,0,0,0,0,0,0,0
TF,GGG,32.417753,-94.753194,0, ,0.0,0.0,0.0,0.0,0,0,0,0,0,0,0,0
TF,CAPTI,32.276483,-95.658383,0, ,0.0,0.0,0.0,0.0,0,0,0,0,0,0,0,0
TF,CQY,32.185722,-96.218103,0, ,0.0,0.0,0.0,0.0,0,0,0,0,0,0,0,0
TF,DODJE,32.284192,-96.582953,0, ,0.0,0.0,0.0,0.0,0,0,0,1,250,0,0,0

STAR,DODJE5,UIM,1
IF,UIM,32.880481,-95.366892, ,0.0,0.0,0,0,0,0,0,0,0,0
TF,CQY,32.185722,-96.218103,0, ,0.0,0.0,0.0,0.0,0,0,0,0,0,0,0,0
TF,DODJE,32.284192,-96.582953,0, ,0.0,0.0,0.0,0.0,0,0,0,1,250,0,0,0

STAR,DODJE5,ALL,2
IF,DODJE,32.284192,-96.582953, ,0.0,0.0,0,0,0,1,250,0,0,0
TF,CABBY,32.338167,-96.635706,0, ,0.0,0.0,0.0,0.0,0,0,0,0,0,0,0,1
VM,32.769194,-97.441528,0,280.0,0,0,0,0,0,0,0,0

STAR,LIKES3,BIEST,4
IF,BIEST,31.413122,-98.267114, ,0.0,0.0,3,19000,0,0,0,0,0,0
TF,HRLIP,31.547558,-98.342719,0, ,0.0,0.0,0.0,0.0,0,0,0,0,0,0,0,0
TF,FOSSL,32.238686,-97.883158,0, ,0.0,0.0,0.0,0.0,0,0,0,0,0,0,0,0
TF,SLUGG,32.468961,-97.728164,0, ,0.0,0.0,0.0,0.0,0,0,0,0,0,0,0,0

STAR,LIKES3,FOSSL,4
IF,FOSSL,32.238686,-97.883158, ,0.0,0.0,0,0,0,0,0,0,0,0
TF,SLUGG,32.468961,-97.728164,0, ,0.0,0.0,0.0,0.0,0,0,0,0,0,0,0,0

STAR,LIKES3,GEEKY,4
IF,GEEKY,32.279533,-99.883636, ,0.0,0.0,0,0,0,0,0,0,0,0
TF,LYMPY,32.360517,-98.974244,0, ,0.0,0.0,0.0,0.0,0,0,0,0,0,0,0,0
TF,BRRUS,32.443233,-98.042667,0, ,0.0,0.0,0.0,0.0,0,0,0,0,0,0,0,0
TF,SLUGG,32.468961,-97.728164,0, ,0.0,0.0,0.0,0.0,0,0,0,0,0,0,0,0

STAR,LIKES3,LYMPY,4
IF,LYMPY,32.360517,-98.974244, ,0.0,0.0,0,0,0,0,0,0,0,0
TF,BRRUS,32.443233,-98.042667,0, ,0.0,0.0,0.0,0.0,0,0,0,0,0,0,0,0
TF,SLUGG,32.468961,-97.728164,0, ,0.0,0.0,0.0,0.0,0,0,0,0,0,0,0,0

STAR,LIKES3,SPPAD,4
IF,SPPAD,31.412583,-98.430333, ,0.0,0.0,0,0,0,0,0,0,0,0
TF,HRLIP,31.547558,-98.342719,0, ,0.0,0.0,0.0,0.0,0,0,0,0,0,0,0,0
TF,FOSSL,32.238686,-97.883158,0, ,0.0,0.0,0.0,0.0,0,0,0,0,0,0,0,0
TF,SLUGG,32.468961,-97.728164,0, ,0.0,0.0,0.0,0.0,0,0,0,0,0,0,0,0

STAR,LIKES3,ALL,5
IF,SLUGG,32.468961,-97.728164, ,0.0,0.0,0,0,0,0,0,0,0,0
TF,LIKES,32.586942,-97.575039,0, ,0.0,0.0,0.0,0.0,0,0,0,0,0,0,0,1
FM,LIKES,32.586942,-97.575039,0,NFW,0.0,0.0,44.0,0,0,0,0,0,0,0,0

STAR,MOTZA8,BGD,1
IF,BGD,35.807072,-101.382153, ,0.0,0.0,0,0,0,0,0,0,0,0
TF,HEATR,34.824531,-99.849033,0, ,0.0,0.0,0.0,0.0,0,0,0,0,0,0,0,0
TF,SPS,33.987286,-98.593472,0, ,0.0,0.0,0.0,0.0,0,0,0,0,0,0,0,0
TF,UKW,33.535886,-97.821278,0, ,0.0,0.0,0.0,0.0,0,0,0,0,0,0,0,0
TF,MOTZA,33.266144,-97.733367,0, ,0.0,0.0,0.0,0.0,0,0,0,0,0,0,0,1

STAR,MOTZA8,GTH,1
IF,GTH,33.778278,-100.336197, ,0.0,0.0,0,0,0,0,0,0,0,0
TF,ZANTO,33.995444,-99.471267,0, ,0.0,0.0,0.0,0.0,0,0,0,0,0,0,0,0
TF,KAJAY,33.802703,-98.767394,0, ,0.0,0.0,0.0,0.0,0,0,0,0,0,0,0,0
TF,PLEBS,33.691522,-98.369314,0, ,0.0,0.0,0.0,0.0,0,0,0,0,0,0,0,0
TF,MOTZA,33.266144,-97.733367,0, ,0.0,0.0,0.0,0.0,0,0,0,0,0,0,0,1

STAR,MOTZA8,IRW,1
IF,IRW,35.358597,-97.609228, ,0.0,0.0,0,0,0,0,0,0,0,0
TF,MUDDE,34.934844,-97.548508,0, ,0.0,0.0,0.0,0.0,0,0,0,0,0,0,0,0
TF,MOOSE,34.314742,-97.460750,0, ,0.0,0.0,0.0,0.0,0,0,0,0,0,0,0,0
TF,ACKME,33.847567,-97.677853,0, ,0.0,0.0,0.0,0.0,0,0,0,0,0,0,0,0
TF,UKW,33.535886,-97.821278,0, ,0.0,0.0,0.0,0.0,0,0,0,0,0,0,0,0
TF,MOTZA,33.266144,-97.733367,0, ,0.0,0.0,0.0,0.0,0,0,0,0,0,0,0,1

STAR,MOTZA8,MUDDE,1
IF,MUDDE,34.934844,-97.548508, ,0.0,0.0,0,0,0,0,0,0,0,0
TF,MOOSE,34.314742,-97.460750,0, ,0.0,0.0,0.0,0.0,0,0,0,0,0,0,0,0
TF,ACKME,33.847567,-97.677853,0, ,0.0,0.0,0.0,0.0,0,0,0,0,0,0,0,0
TF,UKW,33.535886,-97.821278,0, ,0.0,0.0,0.0,0.0,0,0,0,0,0,0,0,0
TF,MOTZA,33.266144,-97.733367,0, ,0.0,0.0,0.0,0.0,0,0,0,0,0,0,0,1

STAR,MOTZA8,PNH,1
IF,PNH,35.235064,-101.699033, ,0.0,0.0,0,0,0,0,0,0,0,0
TF,HEATR,34.824531,-99.849033,0, ,0.0,0.0,0.0,0.0,0,0,0,0,0,0,0,0
TF,SPS,33.987286,-98.593472,0, ,0.0,0.0,0.0,0.0,0,0,0,0,0,0,0,0
TF,UKW,33.535886,-97.821278,0, ,0.0,0.0,0.0,0.0,0,0,0,0,0,0,0,0
TF,MOTZA,33.266144,-97.733367,0, ,0.0,0.0,0.0,0.0,0,0,0,0,0,0,0,1

STAR,MOTZA8,SPS,1
IF,SPS,33.987286,-98.593472, ,0.0,0.0,0,0,0,0,0,0,0,0
TF,UKW,33.535886,-97.821278,0, ,0.0,0.0,0.0,0.0,0,0,0,0,0,0,0,0
TF,MOTZA,33.266144,-97.733367,0, ,0.0,0.0,0.0,0.0,0,0,0,0,0,0,0,1

STAR,MOTZA8,TUL,1
IF,TUL,36.196253,-95.788092, ,0.0,0.0,0,0,0,0,0,0,0,0
TF,IMPCO,34.904008,-96.947603,0, ,0.0,0.0,0.0,0.0,0,0,0,0,0,0,0,0
TF,MOOSE,34.314742,-97.460750,0, ,0.0,0.0,0.0,0.0,0,0,0,0,0,0,0,0
TF,ACKME,33.847567,-97.677853,0, ,0.0,0.0,0.0,0.0,0,0,0,0,0,0,0,0
TF,UKW,33.535886,-97.821278,0, ,0.0,0.0,0.0,0.0,0,0,0,0,0,0,0,0
TF,MOTZA,33.266144,-97.733367,0, ,0.0,0.0,0.0,0.0,0,0,0,0,0,0,0,1

STAR,MOTZA8,TXO,1
IF,TXO,34.495128,-102.839664, ,0.0,0.0,0,0,0,0,0,0,0,0
TF,TURKI,34.300925,-101.060839,0, ,0.0,0.0,0.0,0.0,0,0,0,0,0,0,0,0
TF,GANJA,34.204189,-100.254528,0, ,0.0,0.0,0.0,0.0,0,0,0,0,0,0,0,0
TF,ZANTO,33.995444,-99.471267,0, ,0.0,0.0,0.0,0.0,0,0,0,0,0,0,0,0
TF,KAJAY,33.802703,-98.767394,0, ,0.0,0.0,0.0,0.0,0,0,0,0,0,0,0,0
TF,PLEBS,33.691522,-98.369314,0, ,0.0,0.0,0.0,0.0,0,0,0,0,0,0,0,0
TF,MOTZA,33.266144,-97.733367,0, ,0.0,0.0,0.0,0.0,0,0,0,0,0,0,0,1

STAR,MOTZA8,UKW,1
IF,UKW,33.535886,-97.821278, ,0.0,0.0,0,0,0,0,0,0,0,0
TF,MOTZA,33.266144,-97.733367,0, ,0.0,0.0,0.0,0.0,0,0,0,0,0,0,0,1

STAR,MOTZA8,ALL,2
IF,MOTZA,33.266144,-97.733367, ,0.0,0.0,0,0,0,0,0,0,0,0
VM,32.769194,-97.441528,0,140.0,0,0,0,0,0,0,0,0

STAR,REEKO3,CHEVE,4
IF,CHEVE,31.229611,-96.884978, ,0.0,0.0,0,0,0,0,0,0,0,0
TF,GEEMC,31.936131,-96.429822,0, ,0.0,0.0,0.0,0.0,0,0,0,0,0,0,0,0
TF,PURRS,32.176133,-96.476261,0, ,0.0,0.0,0.0,0.0,0,0,0,0,0,0,0,0
TF,DODJE,32.284192,-96.582953,0, ,0.0,0.0,0.0,0.0,0,0,0,0,0,0,0,0

STAR,REEKO3,CRIED,4
IF,CRIED,31.353967,-95.661414, ,0.0,0.0,0,0,0,0,0,0,0,0
TF,PURRS,32.176133,-96.476261,0, ,0.0,0.0,0.0,0.0,0,0,0,0,0,0,0,0
TF,DODJE,32.284192,-96.582953,0, ,0.0,0.0,0.0,0.0,0,0,0,0,0,0,0,0

STAR,REEKO3,NAVYS,4
IF,NAVYS,31.388181,-96.313683, ,0.0,0.0,0,0,0,0,0,0,0,0
TF,GEEMC,31.936131,-96.429822,0, ,0.0,0.0,0.0,0.0,0,0,0,0,0,0,0,0
TF,PURRS,32.176133,-96.476261,0, ,0.0,0.0,0.0,0.0,0,0,0,0,0,0,0,0
TF,DODJE,32.284192,-96.582953,0, ,0.0,0.0,0.0,0.0,0,0,0,0,0,0,0,0

STAR,REEKO3,PNUTS,4
IF,PNUTS,31.606539,-93.538861, ,0.0,0.0,0,0,0,0,0,0,0,0
TF,MERKK,31.799306,-94.908189,0, ,0.0,0.0,0.0,0.0,0,0,0,0,0,0,0,0
TF,JJEEP,32.009094,-95.769592,0, ,0.0,0.0,0.0,0.0,0,0,0,0,0,0,0,0
TF,PURRS,32.176133,-96.476261,0, ,0.0,0.0,0.0,0.0,0,0,0,0,0,0,0,0
TF,DODJE,32.284192,-96.582953,0, ,0.0,0.0,0.0,0.0,0,0,0,0,0,0,0,0

STAR,REEKO3,PUDJE,4
IF,PUDJE,32.485822,-92.924603, ,0.0,0.0,0,0,0,0,0,0,0,0
TF,VDUBB,32.342747,-95.697539,0, ,0.0,0.0,0.0,0.0,0,0,0,0,0,0,0,0
TF,DODJE,32.284192,-96.582953,0, ,0.0,0.0,0.0,0.0,0,0,0,0,0,0,0,0

STAR,REEKO3,ALL,5
IF,DODJE,32.284192,-96.582953, ,0.0,0.0,0,0,0,0,0,0,0,0
TF,REEKO,32.329997,-96.676642,0, ,0.0,0.0,0.0,0.0,0,0,0,0,0,0,0,0
TF,SWVAY,32.401656,-96.987897,0, ,0.0,0.0,0.0,0.0,0,0,0,0,0,0,0,0
TF,SCOPS,32.400697,-97.095872,0, ,0.0,0.0,0.0,0.0,0,0,0,0,0,0,0,1
FM,SCOPS,32.400697,-97.095872,0,PGO,0.0,0.0,265.0,0,0,0,0,0,0,0,0

STAR,SASIE5,ADM,1
IF,ADM,34.211586,-97.168228, ,0.0,0.0,0,0,0,0,0,0,0,0
TF,CAINE,33.649192,-96.387219,0, ,0.0,0.0,0.0,0.0,0,0,0,0,0,0,0,0
TF,SASIE,33.450169,-96.596594,2, ,0.0,0.0,0.0,0.0,0,0,0,0,0,0,0,1

STAR,SASIE5,BYP,1
IF,BYP,33.537486,-96.234094, ,0.0,0.0,0,0,0,0,0,0,0,0
TF,SASIE,33.450169,-96.596594,0, ,0.0,0.0,0.0,0.0,0,0,0,0,0,0,0,1

STAR,SASIE5,FSM,1
IF,FSM,35.388417,-94.271525, ,0.0,0.0,0,0,0,0,0,0,0,0
TF,KOMMA,35.014631,-94.677608,0, ,0.0,0.0,0.0,0.0,0,0,0,0,0,0,0,0
TF,MAMEE,34.482333,-95.247267,0, ,0.0,0.0,0.0,0.0,0,0,0,0,0,0,0,0
TF,BIRLE,34.294011,-95.446389,0, ,0.0,0.0,0.0,0.0,0,0,0,0,0,0,0,0
TF,GAATZ,33.903781,-95.855108,0, ,0.0,0.0,0.0,0.0,0,0,0,0,0,0,0,0
TF,BYP,33.537486,-96.234094,0, ,0.0,0.0,0.0,0.0,0,0,0,0,0,0,0,0
TF,SASIE,33.450169,-96.596594,0, ,0.0,0.0,0.0,0.0,0,0,0,0,0,0,0,1

STAR,SASIE5,LIT,1
IF,LIT,34.677672,-92.180528, ,0.0,0.0,0,0,0,0,0,0,0,0
TF,MEEOW,34.318094,-93.523594,0, ,0.0,0.0,0.0,0.0,0,0,0,0,0,0,0,0
TF,GLOVE,33.871897,-95.104172,0, ,0.0,0.0,0.0,0.0,0,0,0,0,0,0,0,0
TF,ROBEY,33.700411,-95.689058,0, ,0.0,0.0,0.0,0.0,0,0,0,0,0,0,0,0
TF,BYP,33.537486,-96.234094,0, ,0.0,0.0,0.0,0.0,0,0,0,0,0,0,0,0
TF,SASIE,33.450169,-96.596594,0, ,0.0,0.0,0.0,0.0,0,0,0,0,0,0,0,1

STAR,SASIE5,MLC,1
IF,MLC,34.849442,-95.782344, ,0.0,0.0,0,0,0,0,0,0,0,0
TF,PRIZZ,33.914833,-96.105650,0, ,0.0,0.0,0.0,0.0,0,0,0,0,0,0,0,0
TF,CAINE,33.649192,-96.387219,0, ,0.0,0.0,0.0,0.0,0,0,0,0,0,0,0,0
TF,SASIE,33.450169,-96.596594,0, ,0.0,0.0,0.0,0.0,0,0,0,0,0,0,0,1

STAR,SASIE5,PRX,1
IF,PRX,33.542378,-95.448292, ,0.0,0.0,0,0,0,0,0,0,0,0
TF,MONTE,33.540192,-95.895139,0, ,0.0,0.0,0.0,0.0,0,0,0,0,0,0,0,0
TF,BYP,33.537486,-96.234094,0, ,0.0,0.0,0.0,0.0,0,0,0,0,0,0,0,0
TF,SASIE,33.450169,-96.596594,0, ,0.0,0.0,0.0,0.0,0,0,0,0,0,0,0,1

STAR,SASIE5,TUL,1
IF,TUL,36.196253,-95.788092, ,0.0,0.0,0,0,0,0,0,0,0,0
TF,MAMEE,34.482333,-95.247267,0, ,0.0,0.0,0.0,0.0,0,0,0,0,0,0,0,0
TF,BIRLE,34.294011,-95.446389,0, ,0.0,0.0,0.0,0.0,0,0,0,0,0,0,0,0
TF,GAATZ,33.903781,-95.855108,0, ,0.0,0.0,0.0,0.0,0,0,0,0,0,0,0,0
TF,BYP,33.537486,-96.234094,0, ,0.0,0.0,0.0,0.0,0,0,0,0,0,0,0,0
TF,SASIE,33.450169,-96.596594,0, ,0.0,0.0,0.0,0.0,0,0,0,0,0,0,0,1

STAR,SASIE5,TXK,1
IF,TXK,33.513881,-94.073242, ,0.0,0.0,0,0,0,0,0,0,0,0
TF,GLOVE,33.871897,-95.104172,0, ,0.0,0.0,0.0,0.0,0,0,0,0,0,0,0,0
TF,ROBEY,33.700411,-95.689058,0, ,0.0,0.0,0.0,0.0,0,0,0,0,0,0,0,0
TF,BYP,33.537486,-96.234094,0, ,0.0,0.0,0.0,0.0,0,0,0,0,0,0,0,0
TF,SASIE,33.450169,-96.596594,0, ,0.0,0.0,0.0,0.0,0,0,0,0,0,0,0,1

STAR,SASIE5,ALL,2
IF,SASIE,33.450169,-96.596594, ,0.0,0.0,0,0,0,0,0,0,0,0
VM,32.769194,-97.441528,0,255.0,0,0,0,0,0,0,0,0

STAR,SLUGG7,ABI,1
IF,ABI,32.481328,-99.863458, ,0.0,0.0,0,0,0,0,0,0,0,0
TF,GEENI,32.205478,-98.953069,0, ,0.0,0.0,0.0,0.0,0,0,0,0,0,0,0,0
TF,CADES,32.193983,-98.662125,0, ,0.0,0.0,0.0,0.0,0,0,0,0,0,0,0,0
TF,SICUM,32.170419,-98.112950,0, ,0.0,0.0,0.0,0.0,0,0,0,0,0,0,0,0
TF,SLUGG,32.468961,-97.728164,0, ,0.0,0.0,0.0,0.0,0,0,0,0,0,0,0,0

STAR,SLUGG7,ACT,1
IF,ACT,31.662333,-97.269028, ,0.0,0.0,0,0,0,0,0,0,0,0
TF,BRIAN,32.031183,-97.719514,0, ,0.0,0.0,0.0,0.0,0,0,0,0,0,0,0,0
TF,JEN,32.159589,-97.877681,0, ,0.0,0.0,0.0,0.0,0,0,0,0,0,0,0,0
TF,SLUGG,32.468961,-97.728164,0, ,0.0,0.0,0.0,0.0,0,0,0,0,0,0,0,0

STAR,SLUGG7,CWK,1
IF,CWK,30.378550,-97.529847, ,0.0,0.0,0,0,0,0,0,0,0,0
TF,AGJ,31.185506,-98.141858,0, ,0.0,0.0,0.0,0.0,0,0,0,0,0,0,0,0
TF,JUMBO,31.536228,-98.180128,0, ,0.0,0.0,0.0,0.0,0,0,0,0,0,0,0,0
TF,CHECK,31.928214,-97.990461,0, ,0.0,0.0,0.0,0.0,0,0,0,0,0,0,0,0
TF,JEN,32.159589,-97.877681,0, ,0.0,0.0,0.0,0.0,0,0,0,0,0,0,0,0
TF,SLUGG,32.468961,-97.728164,0, ,0.0,0.0,0.0,0.0,0,0,0,0,0,0,0,0

STAR,SLUGG7,INK,1
IF,INK,31.874764,-103.243778, ,0.0,0.0,0,0,0,0,0,0,0,0
TF,PHILS,32.190142,-100.304967,0, ,0.0,0.0,0.0,0.0,0,0,0,0,0,0,0,0
TF,TQA,32.235742,-99.816783,0, ,0.0,0.0,0.0,0.0,0,0,0,0,0,0,0,0
TF,SITNA,32.209242,-99.051186,0, ,0.0,0.0,0.0,0.0,0,0,0,0,0,0,0,0
TF,GEENI,32.205478,-98.953069,0, ,0.0,0.0,0.0,0.0,0,0,0,0,0,0,0,0
TF,CADES,32.193983,-98.662125,0, ,0.0,0.0,0.0,0.0,0,0,0,0,0,0,0,0
TF,SICUM,32.170419,-98.112950,0, ,0.0,0.0,0.0,0.0,0,0,0,0,0,0,0,0
TF,SLUGG,32.468961,-97.728164,0, ,0.0,0.0,0.0,0.0,0,0,0,0,0,0,0,0

STAR,SLUGG7,JEN,1
IF,JEN,32.159589,-97.877681, ,0.0,0.0,0,0,0,0,0,0,0,0
TF,SLUGG,32.468961,-97.728164,0, ,0.0,0.0,0.0,0.0,0,0,0,0,0,0,0,0

STAR,SLUGG7,JUMBO,1
IF,JUMBO,31.536228,-98.180128, ,0.0,0.0,0,0,0,0,0,0,0,0
TF,CHECK,31.928214,-97.990461,0, ,0.0,0.0,0.0,0.0,0,0,0,0,0,0,0,0
TF,JEN,32.159589,-97.877681,0, ,0.0,0.0,0.0,0.0,0,0,0,0,0,0,0,0
TF,SLUGG,32.468961,-97.728164,0, ,0.0,0.0,0.0,0.0,0,0,0,0,0,0,0,0

STAR,SLUGG7,SAT,1
IF,SAT,29.644031,-98.461314, ,0.0,0.0,0,0,0,0,0,0,0,0
TF,JUMBO,31.536228,-98.180128,0, ,0.0,0.0,0.0,0.0,0,0,0,0,0,0,0,0
TF,CHECK,31.928214,-97.990461,0, ,0.0,0.0,0.0,0.0,0,0,0,0,0,0,0,0
TF,JEN,32.159589,-97.877681,0, ,0.0,0.0,0.0,0.0,0,0,0,0,0,0,0,0
TF,SLUGG,32.468961,-97.728164,0, ,0.0,0.0,0.0,0.0,0,0,0,0,0,0,0,0

STAR,SLUGG7,ALL,2
IF,SLUGG,32.468961,-97.728164, ,0.0,0.0,0,0,0,0,0,0,0,0
TF,LIKES,32.586942,-97.575039,0, ,0.0,0.0,0.0,0.0,0,0,0,0,0,0,0,0

STAR,TRUUK2,AXXEE,4
IF,AXXEE,34.321272,-95.881978, ,0.0,0.0,0,0,0,0,0,0,0,0
TF,PRIZZ,33.914833,-96.105650,0, ,0.0,0.0,0.0,0.0,0,0,0,0,0,0,0,0
TF,CAINE,33.649192,-96.387219,0, ,0.0,0.0,0.0,0.0,0,0,0,0,0,0,0,0
TF,SASIE,33.450169,-96.596594,0, ,0.0,0.0,0.0,0.0,0,0,0,0,0,0,0,0

STAR,TRUUK2,HITUG,4
IF,HITUG,35.912572,-95.488814, ,0.0,0.0,0,0,0,0,0,0,0,0
TF,JONEZ,34.515867,-95.459383,0, ,0.0,0.0,0.0,0.0,0,0,0,0,0,0,0,0
TF,DRRTH,34.200586,-95.801347,0, ,0.0,0.0,0.0,0.0,0,0,0,0,0,0,0,0
TF,PRIZZ,33.914833,-96.105650,0, ,0.0,0.0,0.0,0.0,0,0,0,0,0,0,0,0
TF,CAINE,33.649192,-96.387219,0, ,0.0,0.0,0.0,0.0,0,0,0,0,0,0,0,0
TF,SASIE,33.450169,-96.596594,0, ,0.0,0.0,0.0,0.0,0,0,0,0,0,0,0,0

STAR,TRUUK2,PONYY,4
IF,PONYY,34.260322,-94.026003, ,0.0,0.0,0,0,0,0,0,0,0,0
TF,RIDDE,34.147842,-94.465483,0, ,0.0,0.0,0.0,0.0,0,0,0,0,0,0,0,0
TF,MELTE,33.881361,-95.515111,0, ,0.0,0.0,0.0,0.0,0,0,0,0,0,0,0,0
TF,CAINE,33.649192,-96.387219,0, ,0.0,0.0,0.0,0.0,0,0,0,0,0,0,0,0
TF,SASIE,33.450169,-96.596594,0, ,0.0,0.0,0.0,0.0,0,0,0,0,0,0,0,0

STAR,TRUUK2,RRNET,4
IF,RRNET,34.822206,-94.882036, ,0.0,0.0,0,0,0,0,0,0,0,0
TF,JONEZ,34.515867,-95.459383,0, ,0.0,0.0,0.0,0.0,0,0,0,0,0,0,0,0
TF,DRRTH,34.200586,-95.801347,0, ,0.0,0.0,0.0,0.0,0,0,0,0,0,0,0,0
TF,PRIZZ,33.914833,-96.105650,0, ,0.0,0.0,0.0,0.0,0,0,0,0,0,0,0,0
TF,CAINE,33.649192,-96.387219,0, ,0.0,0.0,0.0,0.0,0,0,0,0,0,0,0,0
TF,SASIE,33.450169,-96.596594,0, ,0.0,0.0,0.0,0.0,0,0,0,0,0,0,0,0

STAR,TRUUK2,RRONY,4
IF,RRONY,33.581989,-95.425156, ,0.0,0.0,0,0,0,0,0,0,0,0
TF,CAINE,33.649192,-96.387219,0, ,0.0,0.0,0.0,0.0,0,0,0,0,0,0,0,0
TF,SASIE,33.450169,-96.596594,0, ,0.0,0.0,0.0,0.0,0,0,0,0,0,0,0,0

STAR,TRUUK2,ALL,5
IF,SASIE,33.450169,-96.596594, ,0.0,0.0,0,0,0,0,0,0,0,0
TF,BLECO,33.450750,-97.109053,0, ,0.0,0.0,0.0,0.0,0,0,0,0,0,0,0,0
TF,TRUUK,33.389428,-97.273664,0, ,0.0,0.0,0.0,0.0,0,0,0,0,0,0,0,1
FM,TRUUK,33.389428,-97.273664,0,PGO,0.0,0.0,190.0,0,0,0,0,0,0,0,0

STAR,WESAT2,FAWNT,4
IF,FAWNT,34.187925,-97.574358, ,0.0,0.0,0,0,0,0,0,0,0,0
TF,CHEIF,33.586042,-97.721028,0, ,0.0,0.0,0.0,0.0,0,0,0,0,0,0,0,0
TF,BNYTA,33.373706,-97.772897,0, ,0.0,0.0,0.0,0.0,0,0,0,0,0,0,0,0
TF,MOTZA,33.266144,-97.733367,0, ,0.0,0.0,0.0,0.0,1,8000,0,0,0,0,0,0

STAR,WESAT2,HNKER,4
IF,HNKER,33.776506,-100.344572, ,0.0,0.0,0,0,0,0,0,0,0,0
TF,FLOWN,33.850939,-99.559856,0, ,0.0,0.0,0.0,0.0,0,0,0,0,0,0,0,0
TF,KRYZZ,33.626244,-98.848608,0, ,0.0,0.0,0.0,0.0,2,24000,0,0,0,0,0,0
TF,WURDZ,33.567994,-98.661608,0, ,0.0,0.0,0.0,0.0,2,23000,0,0,0,0,0,0
TF,GREKE,33.326789,-97.918631,0, ,0.0,0.0,0.0,0.0,0,0,0,0,0,0,0,0
TF,MOTZA,33.266144,-97.733367,0, ,0.0,0.0,0.0,0.0,1,8000,0,0,0,0,0,0

STAR,WESAT2,MDANO,4
IF,MDANO,34.327756,-99.576897, ,0.0,0.0,0,0,0,0,0,0,0,0
TF,ROTTR,33.837275,-98.713428,0, ,0.0,0.0,0.0,0.0,2,24000,0,0,0,0,0,0
TF,MBRTO,33.745231,-98.552894,0, ,0.0,0.0,0.0,0.0,2,23000,0,0,0,0,0,0
TF,MOTZA,33.266144,-97.733367,0, ,0.0,0.0,0.0,0.0,1,8000,0,0,0,0,0,0

STAR,WESAT2,TURKI,4
IF,TURKI,34.300925,-101.060839, ,0.0,0.0,0,0,0,0,0,0,0,0
TF,FLOWN,33.850939,-99.559856,0, ,0.0,0.0,0.0,0.0,0,0,0,0,0,0,0,0
TF,KRYZZ,33.626244,-98.848608,0, ,0.0,0.0,0.0,0.0,2,24000,0,0,0,0,0,0
TF,WURDZ,33.567994,-98.661608,0, ,0.0,0.0,0.0,0.0,2,23000,0,0,0,0,0,0
TF,GREKE,33.326789,-97.918631,0, ,0.0,0.0,0.0,0.0,0,0,0,0,0,0,0,0
TF,MOTZA,33.266144,-97.733367,0, ,0.0,0.0,0.0,0.0,1,8000,0,0,0,0,0,0

STAR,WESAT2,ALL,5
IF,MOTZA,33.266144,-97.733367, ,0.0,0.0,1,8000,0,0,0,0,0,0
TF,WESAT,33.206067,-97.664375,0, ,0.0,0.0,0.0,0.0,0,0,0,0,0,0,0,1
FM,WESAT,33.206067,-97.664375,0,PGO,0.0,0.0,130.0,0,0,0,0,0,0,0,0

APPTR,I18,18,MOTZA
IF,MOTZA,33.266144,-97.733367, ,0.0,0.0,2,4000,0,0,0,0,1,0
TF,EMUKE,33.066181,-97.438269,0, ,0.0,0.0,0.0,0.0,0,0,0,0,0,0,0,0
CF,WEERD,32.971783,-97.439308,0,INFW,356.5,13.5,177.0,5.7,2,4000,0,0,0,0,1,0

FINAL,I18,18,I,3
IF,WEERD,32.971783,-97.439308,INFW,356.5,13.5,2,4000,0,0,0,0,0,0
CF,CAMIN,32.889472,-97.440214,0,INFW,356.5,8.6,177.0,4.9,1,2700,0,0,0,0,2,0
CF,RW18,32.785675,-97.441356,0,INFW,356.5,2.3,177.0,6.2,1,684,0,0,0,0,3,0
VI,0, ,0.0,177.0,0,0,0,0,0,0,0,0
CF,MOLKE,32.588661,-97.522000,0,FUZ,218.0,25.0,218.0,6.0,2,3000,0,0,0,0,0,0
HM,MOLKE,32.588661,-97.522000,2, ,0.0,0.0,38.0,04.3,3,4000,0,1,230,0,0,0,0

APPTR,I36,36,ISABL
IF,ISABL,32.476983,-97.517283, ,0.0,0.0,2,3000,0,0,0,0,1,0
CF,LUCCK,32.541097,-97.444031,0,IFWH,176.5,14.8,38.0,5.3,2,2900,0,0,0,0,1,0

FINAL,I36,36,I,3
IF,LUCCK,32.541097,-97.444031,IFWH,176.5,14.8,2,2900,0,0,0,0,0,0
CF,JABAB,32.660306,-97.442731,0,IFWH,176.5,7.7,357.0,7.1,1,2500,0,0,0,0,2,0
CF,RW36,32.752697,-97.441714,0,IFWH,176.5,2.1,357.0,5.5,1,708,0,0,0,0,3,0
CA,0,357.0,2,2000,0,0,0,0,0,0
VI,0, ,0.0,330.0,0,0,0,0,0,0,0,0
CF,HIPOL,32.955819,-97.532175,0,FUZ,276.7,18.3,277.0,1.0,2,3000,0,0,0,0,0,0
HM,HIPOL,32.955819,-97.532175,2, ,0.0,0.0,97.0,04.3,3,4000,0,1,230,0,0,0,0

APPTR,R18,18,MOTZA
IF,MOTZA,33.266144,-97.733367, ,0.0,0.0,2,4000,0,0,0,0,1,0
TF,WEERD,32.971783,-97.439308,0, ,0.0,0.0,0.0,0.0,2,4000,0,0,0,0,1,0

FINAL,R18,18,R,4
IF,WEERD,32.971783,-97.439308, ,0.0,0.0,2,4000,0,0,0,0,0,0
TF,JAMAK,32.889547,-97.440217,0, ,0.0,0.0,177.0,4.9,2,2700,0,0,0,0,2,0
TF,ZERIP,32.820742,-97.440972,0, ,0.0,0.0,177.0,4.1,2,1360,0,0,0,0,0,0
TF,RW18,32.785675,-97.441356,0, ,0.0,0.0,177.0,2.1,1,683,0,0,0,0,3,1
DF,JUBDO,32.662936,-97.442697,0, ,0.0,0.0,0,0,0,0,0,0,0,0
TF,MOLKE,32.588661,-97.522000,0, ,0.0,0.0,0.0,0.0,2,3000,0,0,0,0,0,1
HM,MOLKE,32.588661,-97.522000,2, ,0.0,0.0,38.0,04,3,4000,0,1,230,0,0,0,0

APPTR,R36,36,SLUGG
IF,SLUGG,32.468961,-97.728164, ,0.0,0.0,2,3000,0,0,0,0,0,0
TF,ISABL,32.476983,-97.517283,0, ,0.0,0.0,0.0,0.0,2,3000,0,0,0,0,1,0
TF,HOKAG,32.571028,-97.443703,0, ,0.0,0.0,0.0,0.0,2,3000,0,0,0,0,1,0

FINAL,R36,36,R,3
IF,HOKAG,32.571028,-97.443703, ,0.0,0.0,2,3000,0,0,0,0,0,0
TF,WEGTO,32.660297,-97.442725,0, ,0.0,0.0,357.0,5.4,2,2500,0,0,0,0,2,0
TF,RW36,32.752697,-97.441714,0, ,0.0,0.0,357.0,5.5,1,709,0,0,0,0,3,1
DF,ROCOV,32.791772,-97.441286,0, ,0.0,0.0,0,0,0,0,0,0,0,0
TF,HIPOL,32.955819,-97.532175,0, ,0.0,0.0,0.0,0.0,2,3000,0,0,0,0,0,1
HM,HIPOL,32.955819,-97.532175,2, ,0.0,0.0,153.0,04,3,4000,0,1,230,0,0,0,0

APPTR,T18,18,MOTZA
IF,MOTZA,33.266144,-97.733367, ,0.0,0.0,2,4000,0,0,0,0,1,0
TF,NOKEE,33.084575,-97.465317,0, ,0.0,0.0,0.0,0.0,0,0,0,0,0,0,0,0
TF,OLACK,32.971294,-97.455886,0, ,0.0,0.0,0.0,0.0,2,4000,0,0,0,0,1,0

FINAL,T18,18,D,4
IF,OLACK,32.971294,-97.455886,NFW,352.0,12.0,2,4000,0,0,0,0,0,0
CF,BUDGE,32.881339,-97.448414,0,NFW,352.0,6.6,172.0,5.4,2,2500,0,0,0,0,2,0
CF,FAMAL,32.821369,-97.443442,0,NFW,352.0,3.0,172.0,3.6,2,1340,0,0,0,0,0,0
CF,HIKDI,32.794714,-97.441233,0,NFW,352.0,1.4,172.0,1.6,1,855,0,0,0,0,3,0
VI,0, ,0.0,172.0,0,0,0,0,0,0,0,0
CF,MOLKE,32.588661,-97.522000,0,FUZ,218.0,25.0,218.0,7.0,2,3000,0,0,0,0,0,0
HM,MOLKE,32.588661,-97.522000,2, ,0.0,0.0,38.0,04,3,4000,0,1,230,0,0,0,0

APPTR,T36,36,ISABL
IF,ISABL,32.476983,-97.517283, ,0.0,0.0,2,4100,0,0,0,0,1,0
TF,GATIS,32.527636,-97.459422,0, ,0.0,0.0,0.0,0.0,2,3000,0,0,0,0,1,0

FINAL,T36,36,D,3
IF,GATIS,32.527636,-97.459422,NFW,180.0,14.6,2,3000,0,0,0,0,0,0
CF,BEKAY,32.654778,-97.448942,0,NFW,180.0,7.0,360.0,7.6,2,2300,0,0,0,0,2,0
CF,HIDUX,32.744736,-97.441508,0,NFW,180.0,1.6,360.0,5.4,1,836,0,0,0,0,3,1
DF,NFW,32.771392,-97.439303,0, ,0.0,0.0,0,0,0,0,0,0,0,0
CF,HIPOL,32.955819,-97.532175,0,NFW,333.0,12.0,333.0,12.0,2,3000,0,0,0,0,0,0
HM,HIPOL,32.955819,-97.532175,2, ,0.0,0.0,153.0,04,3,4000,0,1,230,0,0,0,0

