APPTR,R17,17,FIRET
IF,FIRET,36.789603,-97.466650, ,0.0,0.0,0,0,0,0,0,0,0,0
TF,LIBEY,36.976672,-97.644356,0, ,0.0,0.0,0.0,0.0,2,2800,0,0,0,0,1,0
TF,INACE,36.976950,-97.748356,0, ,0.0,0.0,0.0,0.0,2,2800,0,0,0,0,1,0

FINAL,R17,17,R,3
IF,INACE,36.976950,-97.748356, ,0.0,0.0,2,2800,0,0,0,0,0,0
TF,PAKIY,36.876822,-97.748703,0, ,0.0,0.0,175.0,6.0,2,2700,0,0,0,0,2,0
TF,RW17,36.794714,-97.748989,0, ,0.0,0.0,175.0,4.9,1,1132,0,0,0,0,3,1
CA,0,175.0,2,1492,0,0,0,0,0,0
DF,FIRET,36.789603,-97.466650,1, ,0.0,0.0,2,5000,0,0,0,0,0,1
HM,FIRET,36.789603,-97.466650,2, ,0.0,0.0,95.0,04,0,0,0,0,0,0,0,0,0

APPTR,R35,35,FIRET
IF,FIRET,36.789603,-97.466650, ,0.0,0.0,0,0,0,0,0,0,0,0
TF,RANYO,36.603603,-97.646153,0, ,0.0,0.0,0.0,0.0,2,3200,0,0,0,0,1,0
TF,INERE,36.603881,-97.749650,0, ,0.0,0.0,0.0,0.0,2,2700,0,0,0,0,1,0

FINAL,R35,35,R,3
IF,INERE,36.603881,-97.749650, ,0.0,0.0,2,2700,0,0,0,0,0,0
TF,PALOC,36.704014,-97.749303,0, ,0.0,0.0,355.0,6.0,2,2700,0,0,0,0,2,0
TF,RW35,36.786456,-97.749017,0, ,0.0,0.0,355.0,4.9,1,1125,0,0,0,0,3,1
CA,0,355.0,2,1492,0,0,0,0,0,0
DF,FIRET,36.789603,-97.466650,2, ,0.0,0.0,2,5000,0,0,0,0,0,1
HM,FIRET,36.789603,-97.466650,2, ,0.0,0.0,95.0,04,0,0,0,0,0,0,0,0,0

