APPTR,R05,05,LLNCH
IF,LLNCH,27.435464,-80.695683, ,0.0,0.0,0,0,0,0,0,0,0,0
TF,FINLO,27.138358,-80.993683,0, ,0.0,0.0,0.0,0.0,2,2000,0,0,0,0,0,1
HF,FINLO,27.138358,-80.993683,2, ,0.0,0.0,51.0,04,2,2000,0,0,0,0,1,0,0

APPTR,R05,05,SIGNL
IF,SIGNL,27.033444,-81.123817, ,0.0,0.0,0,0,0,0,0,0,1,0
TF,FINLO,27.138358,-80.993683,0, ,0.0,0.0,0.0,0.0,2,2000,0,0,0,0,1,0

FINAL,R05,05,R,3
IF,FINLO,27.138358,-80.993683, ,0.0,0.0,2,2000,0,0,0,0,0,0
TF,CORDI,27.209819,-80.913881,0, ,0.0,0.0,51.0,6.0,2,1500,0,0,0,0,2,0
TF,RW05,27.262144,-80.855350,0, ,0.0,0.0,51.0,4.4,1,73,0,0,0,0,3,1
CA,0,51.0,2,283,0,0,0,0,0,0
DF,JABIT,27.399956,-80.700747,0, ,0.0,0.0,2,2000,0,0,0,0,0,1
HM,JABIT,27.399956,-80.700747,2, ,0.0,0.0,231.0,04,0,0,0,0,0,0,0,0,0

APPTR,R14,14,TRV
IF,TRV,27.678425,-80.489725, ,0.0,0.0,0,0,0,0,0,0,1,0
TF,JOKOB,27.423444,-80.947917,0, ,0.0,0.0,0.0,0.0,2,2000,0,0,0,0,1,0

FINAL,R14,14,R,4
IF,JOKOB,27.423444,-80.947917, ,0.0,0.0,2,2000,0,0,0,0,0,0
TF,ZEBMO,27.326594,-80.918794,0, ,0.0,0.0,171.0,6.0,2,1600,0,0,0,0,2,0
TF,OTAGE,27.288836,-80.876511,0, ,0.0,0.0,141.0,3.2,2,580,0,0,0,0,0,0
TF,RW14,27.269925,-80.855350,0, ,0.0,0.0,141.0,1.6,1,73,0,0,0,0,3,1
CA,0,141.0,2,340,0,0,0,0,0,0
DF,LIYZU,27.134622,-80.704294,0, ,0.0,0.0,2,2000,0,0,0,0,0,1
HM,LIYZU,27.134622,-80.704294,2, ,0.0,0.0,321.0,04,0,0,0,0,0,0,0,0,0

APPTR,R23,23,SIGNL
IF,SIGNL,27.033444,-81.123817, ,0.0,0.0,0,0,0,0,0,0,0,0
TF,JABIT,27.399956,-80.700747,0, ,0.0,0.0,0.0,0.0,2,2000,0,0,0,0,0,1
HF,JABIT,27.399956,-80.700747,2, ,0.0,0.0,231.0,04,2,2000,0,0,0,0,1,0,0

APPTR,R23,23,SMUGS
IF,SMUGS,27.192519,-80.292514, ,0.0,0.0,0,0,0,0,0,0,1,0
TF,JABIT,27.399956,-80.700747,0, ,0.0,0.0,0.0,0.0,2,2000,0,0,0,0,1,0

APPTR,R23,23,TRV
IF,TRV,27.678425,-80.489725, ,0.0,0.0,0,0,0,0,0,0,1,0
TF,JABIT,27.399956,-80.700747,0, ,0.0,0.0,0.0,0.0,2,2000,0,0,0,0,1,0

FINAL,R23,23,R,4
IF,JABIT,27.399956,-80.700747, ,0.0,0.0,2,2000,0,0,0,0,0,0
TF,NEPOE,27.327847,-80.781725,0, ,0.0,0.0,231.0,6.1,2,1600,0,0,0,0,2,0
TF,HEGIP,27.290767,-80.823292,0, ,0.0,0.0,231.0,3.1,2,600,0,0,0,0,0,0
TF,RW23,27.271867,-80.844464,0, ,0.0,0.0,231.0,1.6,1,91,0,0,0,0,3,1
CA,0,231.0,2,315,0,0,0,0,0,0
DF,FINLO,27.138358,-80.993683,0, ,0.0,0.0,2,2000,0,0,0,0,0,1
HM,FINLO,27.138358,-80.993683,2, ,0.0,0.0,51.0,04,0,0,0,0,0,0,0,0,0

APPTR,R32,32,PHK
IF,PHK,26.782742,-80.691433, ,0.0,0.0,0,0,0,0,0,0,1,0
TF,LIYZU,27.134622,-80.704294,0, ,0.0,0.0,0.0,0.0,2,2000,0,0,0,0,1,0

APPTR,R32,32,SHEDS
IF,SHEDS,27.301281,-80.587069, ,0.0,0.0,0,0,0,0,0,0,0,0
TF,LIYZU,27.134622,-80.704294,0, ,0.0,0.0,0.0,0.0,2,2000,0,0,0,0,0,1
HF,LIYZU,27.134622,-80.704294,2, ,0.0,0.0,321.0,04,2,2000,0,0,0,0,1,0,0

FINAL,R32,32,R,4
IF,LIYZU,27.134622,-80.704294, ,0.0,0.0,2,2000,0,0,0,0,0,0
TF,ODNAE,27.206144,-80.784075,0, ,0.0,0.0,321.0,6.0,2,1600,0,0,0,0,2,0
TF,MUVPY,27.238494,-80.820211,0, ,0.0,0.0,321.0,2.7,2,700,0,0,0,0,0,0
TF,RW32,27.262142,-80.846644,0, ,0.0,0.0,321.0,2.0,1,72,0,0,0,0,3,1
CA,0,321.0,2,283,0,0,0,0,0,0
DF,KEVBE,27.315358,-80.906133,0, ,0.0,0.0,0,0,0,0,0,0,0,0
TF,IDLUW,27.380283,-80.833256,2, ,0.0,0.0,0.0,0.0,0,0,0,0,0,0,0,0
TF,JABIT,27.399956,-80.700747,0, ,0.0,0.0,0.0,0.0,2,2000,0,0,0,0,0,1
HM,JABIT,27.399956,-80.700747,2, ,0.0,0.0,231.0,04,0,0,0,0,0,0,0,0,0

