STAR,FODRR2,EHF,1
IF,EHF,35.484556,-119.097294, ,0.0,0.0,0,0,0,0,0,0,0,0
TF,LANDO,35.012428,-118.616372,0, ,0.0,0.0,0.0,0.0,0,0,0,0,0,0,0,0
TF,NUGEE,34.098481,-118.459936,0, ,0.0,0.0,0.0,0.0,1,24000,0,0,0,0,0,0
TF,LAX,33.933147,-118.432011,0, ,0.0,0.0,0.0,0.0,0,0,0,0,0,0,0,0
TF,FODRR,33.546344,-118.564444,0, ,0.0,0.0,0.0,0.0,0,0,0,0,0,0,0,0

STAR,FODRR2,LAX,1
IF,LAX,33.933147,-118.432011, ,0.0,0.0,0,0,0,0,0,0,0,0
TF,FODRR,33.546344,-118.564444,0, ,0.0,0.0,0.0,0.0,0,0,0,0,0,0,0,0

STAR,FODRR2,ALL,2
IF,FODRR,33.546344,-118.564444, ,0.0,0.0,0,0,0,0,0,0,0,0
TF,SXC,33.375056,-118.419911,0, ,0.0,0.0,0.0,0.0,1,15000,0,0,0,0,0,0
TF,AVOLS,33.351794,-118.241839,0, ,0.0,0.0,0.0,0.0,0,0,0,0,0,0,0,0
TF,PACIF,33.285886,-117.748033,0, ,0.0,0.0,0.0,0.0,0,0,0,0,0,0,0,0
TF,OCN,33.240633,-117.417719,0, ,0.0,0.0,0.0,0.0,0,0,0,0,0,0,0,0

APPTR,P06,06,GEWKI
IF,GEWKI,33.254272,-117.574717, ,0.0,0.0,0,0,0,0,0,0,1,0
TF,CATHO,33.173681,-117.548761,0, ,0.0,0.0,0.0,0.0,2,1500,0,0,0,0,0,0

APPTR,P06,06,HIJOS
IF,HIJOS,33.093083,-117.522856, ,0.0,0.0,0,0,0,0,0,0,1,0
TF,CATHO,33.173681,-117.548761,0, ,0.0,0.0,0.0,0.0,2,1500,0,0,0,0,0,0

APPTR,P06,06,PACIF
IF,PACIF,33.285886,-117.748033, ,0.0,0.0,0,0,0,0,0,0,1,0
TF,CATHO,33.173681,-117.548761,0, ,0.0,0.0,0.0,0.0,2,1500,0,0,0,0,0,0

FINAL,P06,06,G,3
IF,CATHO,33.173681,-117.548761, ,0.0,0.0,2,1500,0,0,0,0,0,0
TF,OCICE,33.195458,-117.452906,0, ,0.0,0.0,0.0,5.0,2,1500,0,0,0,0,2,0
TF,REVLY,33.217328,-117.355878,0, ,0.0,0.0,0.0,5.1,1,74,0,0,0,0,3,1
CA,0,62.0,2,428,0,0,0,0,0,0
DF,OCICE,33.195458,-117.452906,2, ,0.0,0.0,2,2000,0,0,0,0,0,1
HM,OCICE,33.195458,-117.452906,2, ,0.0,0.0,62.0,04.3,0,0,0,0,0,0,0,0,0

APPTR,P24,24,BONDO
IF,BONDO,33.194342,-117.027292, ,0.0,0.0,0,0,0,0,0,0,1,0
TF,AJIYO,33.224814,-117.098331,0, ,0.0,0.0,0.0,0.0,2,3600,0,0,0,0,0,0
TF,GIWHE,33.247556,-117.151447,0, ,0.0,0.0,0.0,0.0,2,3100,0,0,0,0,0,0
TF,AJAJE,33.244739,-117.171036,0, ,0.0,0.0,0.0,0.0,2,2800,0,0,0,0,0,0
TF,AHWOV,33.238942,-117.210175,0, ,0.0,0.0,0.0,0.0,2,2400,0,0,0,0,0,0

APPTR,P24,24,FITMU
IF,FITMU,33.329797,-117.168583, ,0.0,0.0,0,0,0,0,0,0,1,0
TF,GIWHE,33.247556,-117.151447,0, ,0.0,0.0,0.0,0.0,2,3000,0,0,0,0,0,0
TF,AJAJE,33.244739,-117.171036,0, ,0.0,0.0,0.0,0.0,2,2800,0,0,0,0,0,0
TF,AHWOV,33.238942,-117.210175,0, ,0.0,0.0,0.0,0.0,2,2400,0,0,0,0,0,0

APPTR,P24,24,HIXAL
IF,HIXAL,33.165311,-117.134347, ,0.0,0.0,0,0,0,0,0,0,1,0
TF,GIWHE,33.247556,-117.151447,0, ,0.0,0.0,0.0,0.0,2,2900,0,0,0,0,0,0
TF,AJAJE,33.244739,-117.171036,0, ,0.0,0.0,0.0,0.0,2,2800,0,0,0,0,0,0
TF,AHWOV,33.238942,-117.210175,0, ,0.0,0.0,0.0,0.0,2,2400,0,0,0,0,0,0

FINAL,P24,24,G,4
IF,AHWOV,33.238942,-117.210175, ,0.0,0.0,2,2400,0,0,0,0,0,0
TF,OCNIH,33.233131,-117.249311,0, ,0.0,0.0,0.0,2.0,2,1800,0,0,0,0,2,0
TF,35THR,33.228786,-117.278661,0, ,0.0,0.0,0.0,1.5,2,1200,0,0,0,0,0,0
TF,FOGVA,33.218628,-117.347142,0, ,0.0,0.0,0.0,3.5,1,740,0,0,0,0,3,1
DF,OCICE,33.195458,-117.452906,0, ,0.0,0.0,2,2000,0,0,0,0,0,1
HM,OCICE,33.195458,-117.452906,2, ,0.0,0.0,62.0,04.3,0,0,0,0,0,0,0,0,0

APPTR,V06-A,06,KELPS
IF,KELPS,33.324200,-117.515053, ,0.0,0.0,0,0,0,0,0,0,1,0
TF,OCN,33.240633,-117.417719,0, ,0.0,0.0,0.0,0.0,2,2500,0,0,0,0,0,0

APPTR,V06-A,06,OCN
HF,OCN,33.240633,-117.417719,2, ,0.0,0.0,90.0,04.3,2,2500,0,0,0,0,1,0,0

FINAL,V06-A,06,D,2
IF,OCN,33.240633,-117.417719,OCN,0.0,0.0,2,2500,0,0,0,0,2,0
CF,MA96,33.220217,-117.354464,0,OCN,96.0,3.4,96.0,3.4,1,1140,0,0,0,0,3,0
CA,0,96.0,2,1140,0,0,0,0,0,0
VI,0, ,0.0,30.0,0,0,0,0,0,0,0,0
CF,VISTA,33.219072,-117.234497,0,OCN,82.9,9.3,83.0,2.0,2,4000,0,0,0,0,0,0
HM,VISTA,33.219072,-117.234497,1, ,0.0,0.0,263.0,04.3,0,0,0,0,0,0,0,0,0

APPTR,V24-A,24,KELPS
IF,KELPS,33.324200,-117.515053, ,0.0,0.0,0,0,0,0,0,0,1,0
TF,OCN,33.240633,-117.417719,0, ,0.0,0.0,0.0,0.0,2,2500,0,0,0,0,0,0

APPTR,V24-A,24,OCN
HF,OCN,33.240633,-117.417719,2, ,0.0,0.0,90.0,04.3,2,2500,0,0,0,0,1,0,0

FINAL,V24-A,24,D,2
IF,OCN,33.240633,-117.417719,OCN,0.0,0.0,2,2500,0,0,0,0,2,0
CF,MA96,33.220217,-117.354464,0,OCN,96.0,3.4,96.0,3.4,1,1140,0,0,0,0,3,0
CA,0,96.0,2,1140,0,0,0,0,0,0
VI,0, ,0.0,30.0,0,0,0,0,0,0,0,0
CF,VISTA,33.219072,-117.234497,0,OCN,82.9,9.3,83.0,2.0,2,4000,0,0,0,0,0,0
HM,VISTA,33.219072,-117.234497,1, ,0.0,0.0,263.0,04.3,0,0,0,0,0,0,0,0,0

