APPTR,N11-A,11,BPI
IF,BPI,42.579447,-110.109214, ,0.0,0.0,0,0,0,0,0,0,0,0
TF,PNA,42.792753,-109.806039,0, ,0.0,0.0,0.0,0.0,2,10000,0,0,0,0,0,0
PI,PNA,42.792753,-109.806039,1,BPI,174.0,10.0,129,5.0,2,9400,0,0,0,0,1,0
CF,FF309,42.702567,-109.710544,0,BPI,51.2,19.1,309.0,3.0,2,9400,0,0,0,0,0,0

FINAL,N11-A,11,N,2
IF,FF309,42.702567,-109.710544,PNA,0.0,0.0,2,9400,0,0,0,0,2,0
CF,PNA,42.792753,-109.806039,0,PNA,0.0,0.0,309.0,6.9,1,7900,0,0,0,0,3,1
DF,BPI,42.579447,-110.109214,1, ,0.0,0.0,2,10000,0,0,0,0,0,0
HM,BPI,42.579447,-110.109214,2, ,0.0,0.0,298.0,04.3,0,0,0,0,0,0,0,0,0

APPTR,N29-A,29,BPI
IF,BPI,42.579447,-110.109214, ,0.0,0.0,0,0,0,0,0,0,0,0
TF,PNA,42.792753,-109.806039,0, ,0.0,0.0,0.0,0.0,2,10000,0,0,0,0,0,0
PI,PNA,42.792753,-109.806039,1,BPI,174.0,10.0,129,5.0,2,9400,0,0,0,0,1,0
CF,FF309,42.702567,-109.710544,0,BPI,51.2,19.1,309.0,3.0,2,9400,0,0,0,0,0,0

FINAL,N29-A,29,N,2
IF,FF309,42.702567,-109.710544,PNA,0.0,0.0,2,9400,0,0,0,0,2,0
CF,PNA,42.792753,-109.806039,0,PNA,0.0,0.0,309.0,6.9,1,7900,0,0,0,0,3,1
DF,BPI,42.579447,-110.109214,1, ,0.0,0.0,2,10000,0,0,0,0,0,0
HM,BPI,42.579447,-110.109214,2, ,0.0,0.0,298.0,04.3,0,0,0,0,0,0,0,0,0

APPTR,R11,11,IDECA
IF,IDECA,42.858628,-110.273819, ,0.0,0.0,2,13500,0,0,0,0,1,0
TF,VACSU,42.920694,-110.064308,0, ,0.0,0.0,0.0,0.0,2,10000,0,0,0,0,1,0

FINAL,R11,11,R,5
IF,VACSU,42.920694,-110.064308, ,0.0,0.0,2,10000,0,0,0,0,0,0
TF,UBUPY,42.879817,-109.980100,0, ,0.0,0.0,110.0,4.5,2,9400,0,0,0,0,0,0
TF,HONLI,42.860483,-109.940353,0, ,0.0,0.0,110.0,2.1,2,9100,0,0,0,0,2,0
TF,DOYED,42.836392,-109.890906,0, ,0.0,0.0,110.0,2.6,2,8260,0,0,0,0,0,0
TF,RW11,42.804147,-109.824844,0, ,0.0,0.0,111.0,3.5,1,7151,0,0,0,0,3,1
CA,0,111.0,2,7346,0,0,0,0,0,0
DF,FEDPA,42.725914,-109.665186,0, ,0.0,0.0,0,0,0,0,0,0,0,0
TF,SEYTO,42.387236,-109.893064,0, ,0.0,0.0,0.0,0.0,2,10000,0,0,0,0,0,1
HM,SEYTO,42.387236,-109.893064,2, ,0.0,0.0,47.0,07,0,0,0,0,0,0,0,0,0

APPTR,R29,29,SEYTO
IF,SEYTO,42.387236,-109.893064, ,0.0,0.0,2,10000,0,0,0,0,0,0
TF,DEDNE,42.515572,-109.589981,0, ,0.0,0.0,0.0,0.0,2,9600,0,0,0,0,1,0
TF,COTDA,42.680019,-109.571925,0, ,0.0,0.0,0.0,0.0,2,9400,0,0,0,0,1,0

FINAL,R29,29,R,4
IF,COTDA,42.680019,-109.571925, ,0.0,0.0,2,9400,0,0,0,0,0,0
TF,FEDPA,42.725914,-109.665186,0, ,0.0,0.0,291.0,5.0,2,8900,0,0,0,0,0,0
TF,PINIY,42.744989,-109.704036,0, ,0.0,0.0,291.0,2.1,2,8700,0,0,0,0,2,0
TF,RW29,42.790647,-109.797231,0, ,0.0,0.0,291.0,5.0,1,7124,0,0,0,0,3,1
CA,0,291.0,2,7600,0,0,0,0,0,0
DF,BPI,42.579447,-110.109214,0, ,0.0,0.0,2,10000,0,0,0,0,0,1
HM,BPI,42.579447,-110.109214,2, ,0.0,0.0,301.0,07,0,0,0,0,0,0,0,0,0

