FINAL,D10-A,10,D,3
IF,HINDU,40.376883,-75.478572,PTW,31.0,10.0,2,2700,0,0,0,0,0,0
CF,ZOBAD,40.299583,-75.519461,0,PTW,31.0,5.0,211.0,5.0,2,2300,0,0,0,0,2,0
CF,MA211,40.240050,-75.550889,0,PTW,31.0,1.2,211.0,3.9,1,960,0,0,0,0,3,0
CF,ZOBAD,40.299583,-75.519461,1,PTW,31.0,5.0,31.0,3.9,2,2300,0,0,0,0,0,0
HM,ZOBAD,40.299583,-75.519461,1, ,0.0,0.0,211.0,04.3,0,0,0,0,0,0,0,0,0

FINAL,D28-A,28,D,3
IF,HINDU,40.376883,-75.478572,PTW,31.0,10.0,2,2700,0,0,0,0,0,0
CF,ZOBAD,40.299583,-75.519461,0,PTW,31.0,5.0,211.0,5.0,2,2300,0,0,0,0,2,0
CF,MA211,40.240050,-75.550889,0,PTW,31.0,1.2,211.0,3.9,1,960,0,0,0,0,3,0
CF,ZOBAD,40.299583,-75.519461,1,PTW,31.0,5.0,31.0,3.9,2,2300,0,0,0,0,0,0
HM,ZOBAD,40.299583,-75.519461,1, ,0.0,0.0,211.0,04.3,0,0,0,0,0,0,0,0,0

APPTR,L28,28,ETX
IF,ETX,40.581036,-75.684033, ,0.0,0.0,0,0,0,0,0,0,0,0
TF,GOOGL,40.248186,-75.447064,0, ,0.0,0.0,0.0,0.0,2,2700,0,0,0,0,0,0
HF,GOOGL,40.248186,-75.447064,2, ,0.0,0.0,276.0,04.3,2,2000,0,0,0,0,1,0,0

FINAL,L28,28,D,3
IF,CFBNN,40.254925,-75.360403,IPTW,96.1,9.4,2,2000,0,0,0,0,0,0
CF,GOOGL,40.248186,-75.447064,0,IPTW,96.1,5.4,276.0,4.0,2,2000,0,0,0,0,2,0
CF,RW28,40.239986,-75.551392,0,IPTW,96.1,0.6,276.0,4.8,1,350,0,0,0,0,3,0
CA,0,276.0,2,900,0,0,0,0,0,0
VI,2, ,0.0,90.0,0,0,0,0,0,0,0,0
CF,GOOGL,40.248186,-75.447064,0,ETX,160.4,22.7,160.0,5.0,2,2000,0,0,0,0,0,0
HM,GOOGL,40.248186,-75.447064,2, ,0.0,0.0,276.0,04.3,0,0,0,0,0,0,0,0,0

APPTR,R10-A,10,BUNTS
IF,BUNTS,40.082225,-75.748597, ,0.0,0.0,0,0,0,0,0,0,0,0
TF,GESMY,40.138458,-75.771253,0, ,0.0,0.0,0.0,0.0,2,2500,0,0,0,0,1,0
TF,EZABO,40.221461,-75.782619,0, ,0.0,0.0,0.0,0.0,2,2500,0,0,0,0,1,0

APPTR,R10-A,10,HOUTN
IF,HOUTN,40.337689,-75.827339, ,0.0,0.0,0,0,0,0,0,0,1,0
TF,EZABO,40.221461,-75.782619,0, ,0.0,0.0,0.0,0.0,2,2500,0,0,0,0,1,0

FINAL,R10-A,10,R,3
IF,EZABO,40.221461,-75.782619, ,0.0,0.0,2,2500,0,0,0,0,0,0
TF,POMUF,40.229103,-75.687928,0, ,0.0,0.0,96.0,4.4,2,2200,0,0,0,0,2,0
TF,RW10,40.239089,-75.562728,0, ,0.0,0.0,96.0,5.8,1,358,0,0,0,0,3,0
CA,0,96.0,2,708,0,0,0,0,0,0
DF,IZIWA,40.260183,-75.292172,0, ,0.0,0.0,2,2200,0,0,0,0,0,1
HM,IZIWA,40.260183,-75.292172,2, ,0.0,0.0,276.0,04,0,0,0,0,0,0,0,0,0

APPTR,R28,28,AWISA
IF,AWISA,40.176078,-75.280547, ,0.0,0.0,0,0,0,0,0,0,1,0
TF,IZIWA,40.260183,-75.292172,0, ,0.0,0.0,0.0,0.0,2,2200,0,0,0,0,1,0

APPTR,R28,28,MAZIE
IF,MAZIE,40.322097,-75.109800, ,0.0,0.0,0,0,0,0,0,0,1,0
TF,IZIWA,40.260183,-75.292172,0, ,0.0,0.0,0.0,0.0,2,2200,0,0,0,0,1,0

APPTR,R28,28,SPUDS
IF,SPUDS,40.451364,-75.432933, ,0.0,0.0,0,0,0,0,0,0,0,0
TF,CEMFY,40.343208,-75.302400,0, ,0.0,0.0,0.0,0.0,2,2400,0,0,0,0,1,0
TF,IZIWA,40.260183,-75.292172,0, ,0.0,0.0,0.0,0.0,2,2200,0,0,0,0,1,0

FINAL,R28,28,R,3
IF,IZIWA,40.260183,-75.292172, ,0.0,0.0,2,2200,0,0,0,0,0,0
TF,BIDDU,40.248269,-75.445969,0, ,0.0,0.0,276.0,7.1,2,2200,0,0,0,0,2,0
TF,RW28,40.239986,-75.551392,0, ,0.0,0.0,276.0,4.9,1,365,0,0,0,0,3,1
CA,0,276.0,2,652,0,0,0,0,0,0
DF,EZABO,40.221461,-75.782619,0, ,0.0,0.0,2,2600,0,0,0,0,0,1
HM,EZABO,40.221461,-75.782619,2, ,0.0,0.0,96.0,04,0,0,0,0,0,0,0,0,0

