APPTR,D13-A,13,CRP
IF,CRP,27.903767,-97.444881, ,0.0,0.0,0,0,0,0,0,0,0,0
TF,KITJU,27.695650,-97.852289,0, ,0.0,0.0,0.0,0.0,2,2000,0,0,0,0,0,0
PI,KITJU,27.695650,-97.852289,1,CRP,276.0,10.0,231,5.0,2,1700,0,0,0,0,1,0
CF,KITJU,27.695650,-97.852289,0,CRP,231.2,25.0,51.0,8.0,2,1700,0,0,0,0,0,0

FINAL,D13-A,13,D,3
IF,KITJU,27.695650,-97.852289,CRP,231.2,25.0,2,1700,0,0,0,0,0,0
CF,MUMMS,27.737369,-97.770931,0,CRP,231.2,20.0,51.0,5.0,2,1700,0,0,0,0,2,0
CF,MA051,27.778206,-97.691144,0,CRP,231.2,15.1,51.0,4.9,1,660,0,0,0,0,3,0
CA,0,51.0,2,660,0,0,0,0,0,0
CF,KITJU,27.695650,-97.852289,1,CRP,231.2,25.0,231.0,9.0,2,2000,0,0,0,0,0,0
HM,KITJU,27.695650,-97.852289,2, ,0.0,0.0,51.0,04.3,0,0,0,0,0,0,0,0,0

APPTR,D31-A,31,CRP
IF,CRP,27.903767,-97.444881, ,0.0,0.0,0,0,0,0,0,0,0,0
TF,KITJU,27.695650,-97.852289,0, ,0.0,0.0,0.0,0.0,2,2000,0,0,0,0,0,0
PI,KITJU,27.695650,-97.852289,1,CRP,276.0,10.0,231,5.0,2,1700,0,0,0,0,1,0
CF,KITJU,27.695650,-97.852289,0,CRP,231.2,25.0,51.0,8.0,2,1700,0,0,0,0,0,0

FINAL,D31-A,31,D,3
IF,KITJU,27.695650,-97.852289,CRP,231.2,25.0,2,1700,0,0,0,0,0,0
CF,MUMMS,27.737369,-97.770931,0,CRP,231.2,20.0,51.0,5.0,2,1700,0,0,0,0,2,0
CF,MA051,27.778206,-97.691144,0,CRP,231.2,15.1,51.0,4.9,1,660,0,0,0,0,3,0
CA,0,51.0,2,660,0,0,0,0,0,0
CF,KITJU,27.695650,-97.852289,1,CRP,231.2,25.0,231.0,9.0,2,2000,0,0,0,0,0,0
HM,KITJU,27.695650,-97.852289,2, ,0.0,0.0,51.0,04.3,0,0,0,0,0,0,0,0,0

APPTR,R13,13,ATHIS
IF,ATHIS,28.073461,-97.838817, ,0.0,0.0,0,0,0,0,0,0,1,0
TF,ELELY,27.900100,-97.827753,0, ,0.0,0.0,0.0,0.0,2,2000,0,0,0,0,1,0

APPTR,R13,13,CRP
IF,CRP,27.903767,-97.444881, ,0.0,0.0,0,0,0,0,0,0,0,0
TF,ELELY,27.900100,-97.827753,0, ,0.0,0.0,0.0,0.0,2,2000,0,0,0,0,0,1
HF,ELELY,27.900100,-97.827753,1, ,0.0,0.0,129.0,04,2,2000,0,0,0,0,1,0,0

FINAL,R13,13,R,4
IF,ELELY,27.900100,-97.827753, ,0.0,0.0,2,2000,0,0,0,0,0,0
TF,INBEW,27.840286,-97.760222,0, ,0.0,0.0,129.0,5.1,2,1700,0,0,0,0,2,0
TF,MATSS,27.804158,-97.719442,0, ,0.0,0.0,129.0,3.1,2,720,0,0,0,0,0,0
TF,RW13,27.781739,-97.694158,0, ,0.0,0.0,129.0,1.9,1,120,0,0,0,0,3,1
CA,0,129.0,2,500,0,0,0,0,0,0
DF,ELELY,27.900100,-97.827753,2, ,0.0,0.0,2,2000,0,0,0,0,0,1
HM,ELELY,27.900100,-97.827753,1, ,0.0,0.0,129.0,04,0,0,0,0,0,0,0,0,0

APPTR,R31,31,ATHIS
IF,ATHIS,28.073461,-97.838817, ,0.0,0.0,0,0,0,0,0,0,0,0
TF,VAPPR,27.633186,-97.526986,0, ,0.0,0.0,0.0,0.0,2,2200,0,0,0,0,0,1
HF,VAPPR,27.633186,-97.526986,2, ,0.0,0.0,309.0,04,2,2200,0,0,0,0,1,0,0

APPTR,R31,31,CRP
IF,CRP,27.903767,-97.444881, ,0.0,0.0,0,0,0,0,0,0,0,0
TF,VAPPR,27.633186,-97.526986,0, ,0.0,0.0,0.0,0.0,2,2200,0,0,0,0,0,1
HF,VAPPR,27.633186,-97.526986,2, ,0.0,0.0,309.0,04,2,2200,0,0,0,0,1,0,0

FINAL,R31,31,R,5
IF,VAPPR,27.633186,-97.526986, ,0.0,0.0,2,2200,0,0,0,0,0,0
TF,KIKRE,27.681269,-97.581019,0, ,0.0,0.0,309.0,4.1,2,2200,0,0,0,0,0,0
TF,NARRW,27.715869,-97.619947,0, ,0.0,0.0,309.0,2.9,2,1700,0,0,0,0,2,0
TF,JIGGL,27.729700,-97.635517,0, ,0.0,0.0,309.0,1.2,2,1320,0,0,0,0,0,0
TF,RW31,27.774553,-97.686056,0, ,0.0,0.0,309.0,3.8,1,117,0,0,0,0,3,1
CA,0,309.0,2,329,0,0,0,0,0,0
DF,ELELY,27.900100,-97.827753,0, ,0.0,0.0,2,2000,0,0,0,0,0,1
HM,ELELY,27.900100,-97.827753,1, ,0.0,0.0,129.0,04,0,0,0,0,0,0,0,0,0

