APPTR,D09-A,09,HIC
HF,HIC,43.574853,-85.716161,2, ,0.0,0.0,47.0,04.3,2,2800,0,0,0,0,1,0,0

FINAL,D09-A,09,D,3
IF,HIC,43.574853,-85.716161,HIC,0.0,0.0,2,2800,0,0,0,0,0,0
CF,FERIS,43.661139,-85.591311,0,HIC,47.4,7.5,47.0,7.5,2,2800,0,0,0,0,2,0
CF,WULTU,43.718617,-85.508078,0,HIC,47.4,12.5,47.0,5.0,1,1860,0,0,0,0,3,0
CA,0,47.0,2,2800,0,0,0,0,0,0
DF,HIC,43.574853,-85.716161,1, ,0.0,0.0,0,0,0,0,0,0,0,0
HM,HIC,43.574853,-85.716161,2, ,0.0,0.0,47.0,04.3,0,0,0,0,0,0,0,0,0

APPTR,D14-A,14,HIC
HF,HIC,43.574853,-85.716161,2, ,0.0,0.0,47.0,04.3,2,2800,0,0,0,0,1,0,0

FINAL,D14-A,14,D,3
IF,HIC,43.574853,-85.716161,HIC,0.0,0.0,2,2800,0,0,0,0,0,0
CF,FERIS,43.661139,-85.591311,0,HIC,47.4,7.5,47.0,7.5,2,2800,0,0,0,0,2,0
CF,WULTU,43.718617,-85.508078,0,HIC,47.4,12.5,47.0,5.0,1,1860,0,0,0,0,3,0
CA,0,47.0,2,2800,0,0,0,0,0,0
DF,HIC,43.574853,-85.716161,1, ,0.0,0.0,0,0,0,0,0,0,0,0
HM,HIC,43.574853,-85.716161,2, ,0.0,0.0,47.0,04.3,0,0,0,0,0,0,0,0,0

APPTR,D27-A,27,HIC
HF,HIC,43.574853,-85.716161,2, ,0.0,0.0,47.0,04.3,2,2800,0,0,0,0,1,0,0

FINAL,D27-A,27,D,3
IF,HIC,43.574853,-85.716161,HIC,0.0,0.0,2,2800,0,0,0,0,0,0
CF,FERIS,43.661139,-85.591311,0,HIC,47.4,7.5,47.0,7.5,2,2800,0,0,0,0,2,0
CF,WULTU,43.718617,-85.508078,0,HIC,47.4,12.5,47.0,5.0,1,1860,0,0,0,0,3,0
CA,0,47.0,2,2800,0,0,0,0,0,0
DF,HIC,43.574853,-85.716161,1, ,0.0,0.0,0,0,0,0,0,0,0,0
HM,HIC,43.574853,-85.716161,2, ,0.0,0.0,47.0,04.3,0,0,0,0,0,0,0,0,0

APPTR,D32-A,32,HIC
HF,HIC,43.574853,-85.716161,2, ,0.0,0.0,47.0,04.3,2,2800,0,0,0,0,1,0,0

FINAL,D32-A,32,D,3
IF,HIC,43.574853,-85.716161,HIC,0.0,0.0,2,2800,0,0,0,0,0,0
CF,FERIS,43.661139,-85.591311,0,HIC,47.4,7.5,47.0,7.5,2,2800,0,0,0,0,2,0
CF,WULTU,43.718617,-85.508078,0,HIC,47.4,12.5,47.0,5.0,1,1860,0,0,0,0,3,0
CA,0,47.0,2,2800,0,0,0,0,0,0
DF,HIC,43.574853,-85.716161,1, ,0.0,0.0,0,0,0,0,0,0,0,0
HM,HIC,43.574853,-85.716161,2, ,0.0,0.0,47.0,04.3,0,0,0,0,0,0,0,0,0

APPTR,R27,27,HIC
IF,HIC,43.574853,-85.716161, ,0.0,0.0,0,0,0,0,0,0,0,0
TF,IDANY,43.723103,-85.224478,0, ,0.0,0.0,0.0,0.0,2,3100,0,0,0,0,0,1
HF,IDANY,43.723103,-85.224478,2, ,0.0,0.0,275.0,04,2,3100,0,0,0,0,1,0,0

APPTR,R27,27,MOP
IF,MOP,43.622825,-84.737267, ,0.0,0.0,0,0,0,0,0,0,1,0
TF,IDANY,43.723103,-85.224478,0, ,0.0,0.0,0.0,0.0,2,3100,0,0,0,0,1,0

FINAL,R27,27,R,4
IF,IDANY,43.723103,-85.224478, ,0.0,0.0,2,3100,0,0,0,0,0,0
TF,MEKDY,43.723981,-85.383683,0, ,0.0,0.0,275.0,6.9,2,2600,0,0,0,0,2,0
TF,VIVUY,43.724250,-85.442808,0, ,0.0,0.0,275.0,2.6,2,1780,0,0,0,0,0,0
TF,RW27,43.724483,-85.500269,0, ,0.0,0.0,275.0,2.5,1,985,0,0,0,0,3,1
CA,0,275.0,2,1176,0,0,0,0,0,0
DF,HUSHU,43.724928,-85.639603,0, ,0.0,0.0,2,2900,0,0,0,0,0,1
HM,HUSHU,43.724928,-85.639603,2, ,0.0,0.0,95.0,04,0,0,0,0,0,0,0,0,0

