SID,EYESE1,15,5
VA,0,147.0,2,3001,0,0,0,0,0,0
DF,EYESE,48.001342,-115.379339,0, ,0.0,0.0,0,0,0,0,0,0,0,0
HA,EYESE,48.001342,-115.379339,2, ,0.0,0.0,328.0,04.3,2,12000,0,0,0,0,0,0,0

APPTR,P15-A,15,CLASS
IF,CLASS,47.857953,-116.147458, ,0.0,0.0,0,0,0,0,0,0,0,0
TF,PACCE,48.451519,-115.556589,0, ,0.0,0.0,0.0,0.0,2,10800,0,0,0,0,0,0
HF,PACCE,48.451519,-115.556589,1, ,0.0,0.0,148.0,04.3,2,7900,0,0,0,0,1,0,0

FINAL,P15-A,15,G,3
IF,PACCE,48.451519,-115.556589, ,0.0,0.0,2,7900,0,0,0,0,0,0
TF,RELXU,48.371003,-115.524667,0, ,0.0,0.0,0.0,5.0,2,6500,0,0,0,0,2,0
TF,RW15,48.290475,-115.492847,0, ,0.0,0.0,0.0,5.0,1,4780,0,0,0,0,3,0
CF,EYESE,48.001342,-115.379339,0,MLP,3.2,34.4,148.0,18.0,2,9600,0,0,0,0,0,0
HM,EYESE,48.001342,-115.379339,2, ,0.0,0.0,328.0,04.3,0,0,0,0,0,0,0,0,0

