SID,BRDR7,09,1
VA,0,95.0,2,420,0,0,0,0,0,0
VI,0, ,0.0,93.0,0,0,0,0,0,0,0,0
CF,BROWS,32.631117,-116.769919,0,MZB,96.3,24.8,96.0,16.0,0,0,0,0,0,0,0,0

SID,BRDR7,27,1
VA,0,275.0,2,420,0,0,0,0,0,0
VD, ,0,0,0,PGY,0.0,0.0,278.0,19.0,0,0,0,0,0,0,0,0
VI,1, ,0.0,123.0,0,0,0,0,0,0,0,0
CF,PGY,32.610339,-116.979081,0,PGY,0.0,0.0,80.0,14.0,0,0,0,0,0,0,0,0
TF,BROWS,32.631117,-116.769919,0, ,0.0,0.0,0.0,0.0,0,0,0,0,0,0,0,0

SID,BRDR7,IPL,3
IF,BROWS,32.631117,-116.769919, ,0.0,0.0,0,0,0,0,0,0,0,0
TF,IPL,32.748867,-115.508583,0, ,0.0,0.0,0.0,0.0,0,0,0,0,0,0,0,0

SID,BRDR7,JLI,3
IF,BROWS,32.631117,-116.769919, ,0.0,0.0,0,0,0,0,0,0,0,0
TF,JLI,33.140458,-116.585936,0, ,0.0,0.0,0.0,0.0,0,0,0,0,0,0,0,0

SID,CWARD2,27,5
VA,0,275.0,2,520,0,0,0,0,0,0
DF,WNFLD,32.798008,-117.315969,0, ,0.0,0.0,0,0,0,0,0,0,0,0
TF,GYWNN,33.063456,-117.729231,0, ,0.0,0.0,0.0,0.0,2,6000,0,0,0,0,0,0
TF,PADRZ,33.193889,-117.861944,0, ,0.0,0.0,0.0,0.0,0,0,0,0,0,0,0,0
TF,CWARD,33.384014,-117.909272,0, ,0.0,0.0,0.0,0.0,3,12000,0,0,0,0,0,0

SID,CWARD2,LAX,6
IF,CWARD,33.384014,-117.909272, ,0.0,0.0,3,12000,0,0,0,0,0,0
TF,LAX,33.933147,-118.432011,0, ,0.0,0.0,0.0,0.0,0,0,0,0,0,0,0,0

SID,CWARD2,SLI,6
IF,CWARD,33.384014,-117.909272, ,0.0,0.0,3,12000,0,0,0,0,0,0
TF,MADOW,33.623603,-117.996400,0, ,0.0,0.0,0.0,0.0,0,0,0,0,0,0,0,0
TF,SLI,33.783300,-118.054758,0, ,0.0,0.0,0.0,0.0,0,0,0,0,0,0,0,0

SID,ECHHO2,09,4
VA,0,95.0,2,4000,0,0,0,0,0,0
DF,BAUCA,32.860211,-117.260569,1, ,0.0,0.0,0,0,0,0,0,0,0,0
TF,ECHHO,32.967067,-117.373167,0, ,0.0,0.0,0.0,0.0,0,0,0,0,0,0,0,0

SID,ECHHO2,27,4
VA,0,275.0,2,520,0,0,0,0,0,0
DF,LANDN,32.793617,-117.303497,0, ,0.0,0.0,0,0,0,0,0,0,0,0
TF,ECHHO,32.967067,-117.373167,0, ,0.0,0.0,0.0,0.0,0,0,0,0,0,0,0,0

SID,ECHHO2,IKAYE,6
IF,ECHHO,32.967067,-117.373167, ,0.0,0.0,0,0,0,0,0,0,0,0
TF,GOFUR,33.174922,-117.590594,0, ,0.0,0.0,0.0,0.0,2,15000,0,0,0,0,0,0
TF,MMOTO,33.269564,-117.695261,0, ,0.0,0.0,0.0,0.0,0,0,0,0,0,0,0,0
TF,TEDEY,33.537569,-117.954111,0, ,0.0,0.0,0.0,0.0,0,0,0,0,0,0,0,0
TF,GEEGN,33.897853,-118.752267,0, ,0.0,0.0,0.0,0.0,0,0,0,0,0,0,0,0
TF,IKAYE,34.143056,-119.010278,0, ,0.0,0.0,0.0,0.0,0,0,0,0,0,0,0,0

SID,ECHHO2,SLI,6
IF,ECHHO,32.967067,-117.373167, ,0.0,0.0,0,0,0,0,0,0,0,0
TF,GOFUR,33.174922,-117.590594,0, ,0.0,0.0,0.0,0.0,2,15000,0,0,0,0,0,0
TF,MMOTO,33.269564,-117.695261,0, ,0.0,0.0,0.0,0.0,0,0,0,0,0,0,0,0
TF,SLI,33.783300,-118.054758,0, ,0.0,0.0,0.0,0.0,0,0,0,0,0,0,0,0

SID,FALCC1,09,1
VA,0,95.0,2,4000,0,0,0,0,0,0
VI,1, ,0.0,278.0,0,0,0,0,0,0,0,0
CF,BOKNE,32.973525,-117.361856,0,MZB,314.0,13.4,314.0,12.0,0,0,0,0,0,0,0,0
TF,MAFAN,33.068308,-117.429708,0, ,0.0,0.0,0.0,0.0,2,8000,0,0,0,0,0,0

SID,FALCC1,27,1
CA,0,275.0,2,420,0,0,0,0,0,0
VI,0, ,0.0,293.0,0,0,0,0,0,0,0,0
CF,CLSTR,32.869311,-117.340150,0,OCN,155.0,22.6,335.0,6.0,3,4000,0,0,0,0,0,0
TF,BOKNE,32.973525,-117.361856,0, ,0.0,0.0,0.0,0.0,0,0,0,0,0,0,0,0
TF,MAFAN,33.068308,-117.429708,0, ,0.0,0.0,0.0,0.0,2,8000,0,0,0,0,0,0

SID,FALCC1,ALL,2
IF,MAFAN,33.068308,-117.429708, ,0.0,0.0,2,8000,0,0,0,0,0,0
TF,LNSAY,33.146167,-117.485572,0, ,0.0,0.0,0.0,0.0,0,0,0,0,0,0,0,0
TF,FALCC,33.261406,-117.568464,0, ,0.0,0.0,0.0,0.0,0,0,0,0,0,0,0,0

SID,FALCC1,SLI,3
IF,FALCC,33.261406,-117.568464, ,0.0,0.0,0,0,0,0,0,0,0,0
TF,SLI,33.783300,-118.054758,0, ,0.0,0.0,0.0,0.0,0,0,0,0,0,0,0,0

SID,FALCC1,SXC,3
IF,FALCC,33.261406,-117.568464, ,0.0,0.0,0,0,0,0,0,0,0,0
TF,SXC,33.375056,-118.419911,0, ,0.0,0.0,0.0,0.0,0,0,0,0,0,0,0,0

SID,MMOTO2,09,4
VA,0,95.0,2,4000,0,0,0,0,0,0
DF,BAUCA,32.860211,-117.260569,1, ,0.0,0.0,0,0,0,0,0,0,0,0
TF,ECHHO,32.967067,-117.373167,0, ,0.0,0.0,0.0,0.0,0,0,0,0,0,0,0,0
TF,GOFUR,33.174922,-117.590594,0, ,0.0,0.0,0.0,0.0,2,15000,0,0,0,0,0,0
TF,MMOTO,33.269564,-117.695261,0, ,0.0,0.0,0.0,0.0,3,19000,0,0,0,0,0,0

SID,MMOTO2,27,4
VA,0,275.0,2,520,0,0,0,0,0,0
DF,LANDN,32.793617,-117.303497,0, ,0.0,0.0,0,0,0,0,0,0,0,0
TF,ECHHO,32.967067,-117.373167,0, ,0.0,0.0,0.0,0.0,0,0,0,0,0,0,0,0
TF,GOFUR,33.174922,-117.590594,0, ,0.0,0.0,0.0,0.0,2,15000,0,0,0,0,0,0
TF,MMOTO,33.269564,-117.695261,0, ,0.0,0.0,0.0,0.0,3,19000,0,0,0,0,0,0

SID,MMOTO2,DINTY,6
IF,MMOTO,33.269564,-117.695261, ,0.0,0.0,3,19000,0,0,0,0,0,0
TF,SXC,33.375056,-118.419911,0, ,0.0,0.0,0.0,0.0,0,0,0,0,0,0,0,0
TF,DINTY,33.482914,-122.583994,0, ,0.0,0.0,0.0,0.0,0,0,0,0,0,0,0,0

SID,MMOTO2,MALIT,6
IF,MMOTO,33.269564,-117.695261, ,0.0,0.0,3,19000,0,0,0,0,0,0
TF,SXC,33.375056,-118.419911,0, ,0.0,0.0,0.0,0.0,0,0,0,0,0,0,0,0
TF,MALIT,32.475592,-119.591181,0, ,0.0,0.0,0.0,0.0,0,0,0,0,0,0,0,0

SID,PADRZ2,27,4
VA,0,275.0,2,520,0,0,0,0,0,0
DF,WNFLD,32.798008,-117.315969,0, ,0.0,0.0,0,0,0,0,0,0,0,0
TF,KERNL,32.929667,-117.520306,0, ,0.0,0.0,0.0,0.0,0,0,0,0,0,0,0,0
TF,GYWNN,33.063456,-117.729231,0, ,0.0,0.0,0.0,0.0,2,8000,0,0,0,0,0,0
TF,PADRZ,33.193889,-117.861944,0, ,0.0,0.0,0.0,0.0,0,0,0,0,0,0,0,0

SID,PADRZ2,CHKNN,6
IF,PADRZ,33.193889,-117.861944, ,0.0,0.0,0,0,0,0,0,0,0,0
TF,HFMNN,33.575872,-118.236144,0, ,0.0,0.0,0.0,0.0,0,0,0,0,0,0,0,0
TF,CHKNN,33.758383,-118.336747,0, ,0.0,0.0,0.0,0.0,0,0,0,0,0,0,0,0

SID,PADRZ2,DINTY,6
IF,PADRZ,33.193889,-117.861944, ,0.0,0.0,0,0,0,0,0,0,0,0
TF,SXC,33.375056,-118.419911,0, ,0.0,0.0,0.0,0.0,0,0,0,0,0,0,0,0
TF,DINTY,33.482914,-122.583994,0, ,0.0,0.0,0.0,0.0,0,0,0,0,0,0,0,0

SID,PADRZ2,EHF,6
IF,PADRZ,33.193889,-117.861944, ,0.0,0.0,0,0,0,0,0,0,0,0
TF,HFMNN,33.575872,-118.236144,0, ,0.0,0.0,0.0,0.0,0,0,0,0,0,0,0,0
TF,CHKNN,33.758383,-118.336747,0, ,0.0,0.0,0.0,0.0,0,0,0,0,0,0,0,0
TF,RIDDL,34.002028,-118.459800,0, ,0.0,0.0,0.0,0.0,0,0,0,0,0,0,0,0
TF,LANDO,35.012428,-118.616372,0, ,0.0,0.0,0.0,0.0,0,0,0,0,0,0,0,0
TF,EHF,35.484556,-119.097294,0, ,0.0,0.0,0.0,0.0,0,0,0,0,0,0,0,0

SID,PADRZ2,IKAYE,6
IF,PADRZ,33.193889,-117.861944, ,0.0,0.0,0,0,0,0,0,0,0,0
TF,IKAYE,34.143056,-119.010278,0, ,0.0,0.0,0.0,0.0,0,0,0,0,0,0,0,0

SID,PADRZ2,MALIT,6
IF,PADRZ,33.193889,-117.861944, ,0.0,0.0,0,0,0,0,0,0,0,0
TF,SXC,33.375056,-118.419911,0, ,0.0,0.0,0.0,0.0,0,0,0,0,0,0,0,0
TF,MALIT,32.475592,-119.591181,0, ,0.0,0.0,0.0,0.0,0,0,0,0,0,0,0,0

SID,PADRZ2,OROSZ,6
IF,PADRZ,33.193889,-117.861944, ,0.0,0.0,0,0,0,0,0,0,0,0
TF,HFMNN,33.575872,-118.236144,0, ,0.0,0.0,0.0,0.0,0,0,0,0,0,0,0,0
TF,CHKNN,33.758383,-118.336747,0, ,0.0,0.0,0.0,0.0,0,0,0,0,0,0,0,0
TF,RIDDL,34.002028,-118.459800,0, ,0.0,0.0,0.0,0.0,0,0,0,0,0,0,0,0
TF,TWINE,34.309694,-118.616478,0, ,0.0,0.0,0.0,0.0,0,0,0,0,0,0,0,0
TF,OROSZ,34.426717,-118.674169,0, ,0.0,0.0,0.0,0.0,0,0,0,0,0,0,0,0

SID,PEBLE6,27,2
CA,0,275.0,2,420,0,0,0,0,0,0
VR,0,OCN,170.0,293.0,0,0,0,0,0,0,0,0
VI,0, ,0.0,318.0,0,0,0,0,0,0,0,0
CF,MELDY,33.089397,-117.693828,0,MZB,293.0,30.0,293.0,13.0,2,14000,0,0,0,0,0,0
TF,PEBLE,33.181950,-117.836167,0, ,0.0,0.0,0.0,0.0,0,0,0,0,0,0,0,0

SID,PEBLE6,SLI,3
IF,PEBLE,33.181950,-117.836167, ,0.0,0.0,0,0,0,0,0,0,0,0
TF,SLI,33.783300,-118.054758,0, ,0.0,0.0,0.0,0.0,0,0,0,0,0,0,0,0

SID,PEBLE6,SXC,3
IF,PEBLE,33.181950,-117.836167, ,0.0,0.0,0,0,0,0,0,0,0,0
TF,SXC,33.375056,-118.419911,0, ,0.0,0.0,0.0,0.0,0,0,0,0,0,0,0,0

SID,POGGI5,27,5
VA,0,275.0,2,520,0,0,0,0,0,0
DF,JETTI,32.754597,-117.276536,0, ,0.0,0.0,3,8000,0,1,230,0,0,1
DF,LOWMA,32.654642,-117.268275,1, ,0.0,0.0,3,15000,0,1,230,0,0,0
TF,PGY,32.610339,-116.979081,0, ,0.0,0.0,0.0,0.0,0,0,0,0,0,0,0,0

SID,POGGI5,IPL,6
IF,PGY,32.610339,-116.979081, ,0.0,0.0,0,0,0,0,0,0,0,0
TF,BROWS,32.631117,-116.769919,0, ,0.0,0.0,0.0,0.0,0,0,0,0,0,0,0,0
TF,IPL,32.748867,-115.508583,0, ,0.0,0.0,0.0,0.0,0,0,0,0,0,0,0,0

SID,POGGI5,JLI,6
IF,PGY,32.610339,-116.979081, ,0.0,0.0,0,0,0,0,0,0,0,0
TF,BROWS,32.631117,-116.769919,0, ,0.0,0.0,0.0,0.0,0,0,0,0,0,0,0,0
TF,JLI,33.140458,-116.585936,0, ,0.0,0.0,0.0,0.0,0,0,0,0,0,0,0,0

SID,SAYOW2,09,4
VA,0,95.0,2,520,0,0,0,0,0,0
DF,SAYOW,32.684869,-116.987964,0, ,0.0,0.0,2,4900,0,0,0,0,0,0

SID,SAYOW2,IPL,6
IF,SAYOW,32.684869,-116.987964, ,0.0,0.0,2,4900,0,0,0,0,0,0
TF,CHRJR,32.710806,-116.850278,0, ,0.0,0.0,0.0,0.0,2,7200,0,0,0,0,0,0
TF,JUNOR,32.767792,-116.545311,0, ,0.0,0.0,0.0,0.0,2,15000,0,0,0,0,0,0
TF,IPL,32.748867,-115.508583,0, ,0.0,0.0,0.0,0.0,0,0,0,0,0,0,0,0

SID,SAYOW2,MTBAL,6
IF,SAYOW,32.684869,-116.987964, ,0.0,0.0,2,4900,0,0,0,0,0,0
TF,LEGUE,32.864167,-116.833611,0, ,0.0,0.0,0.0,0.0,2,10000,0,0,0,0,0,0
TF,JLI,33.140458,-116.585936,0, ,0.0,0.0,0.0,0.0,0,0,0,0,0,0,0,0
TF,NSHEE,33.399361,-116.383111,0, ,0.0,0.0,0.0,0.0,0,0,0,0,0,0,0,0
TF,MTBAL,33.603314,-116.042306,0, ,0.0,0.0,0.0,0.0,0,0,0,0,0,0,0,0

SID,ZZOOO1,27,4
VA,0,275.0,2,520,0,0,0,0,0,0
DF,JETTI,32.754597,-117.276536,0, ,0.0,0.0,3,12000,0,1,230,0,0,1
DF,ZZOOO,32.631456,-117.245828,1, ,0.0,0.0,0,0,0,0,0,0,0,0

SID,ZZOOO1,CENZA,6
IF,ZZOOO,32.631456,-117.245828, ,0.0,0.0,0,0,0,0,0,0,0,0
TF,CENZA,32.586706,-117.102181,0, ,0.0,0.0,0.0,0.0,0,0,0,0,0,0,0,0

SID,ZZOOO1,IPL,6
IF,ZZOOO,32.631456,-117.245828, ,0.0,0.0,0,0,0,0,0,0,0,0
TF,JORRJ,32.601833,-116.916133,0, ,0.0,0.0,0.0,0.0,2,14000,0,0,0,0,0,0
TF,GRIDR,32.630225,-116.773200,0, ,0.0,0.0,0.0,0.0,0,0,0,0,0,0,0,0
TF,BLUZE,32.701256,-116.031181,0, ,0.0,0.0,0.0,0.0,0,0,0,0,0,0,0,0
TF,IPL,32.748867,-115.508583,0, ,0.0,0.0,0.0,0.0,0,0,0,0,0,0,0,0

SID,ZZOOO1,MTBAL,6
IF,ZZOOO,32.631456,-117.245828, ,0.0,0.0,0,0,0,0,0,0,0,0
TF,JORRJ,32.601833,-116.916133,0, ,0.0,0.0,0.0,0.0,2,14000,0,0,0,0,0,0
TF,GRIDR,32.630225,-116.773200,0, ,0.0,0.0,0.0,0.0,0,0,0,0,0,0,0,0
TF,PIEZZ,33.009414,-116.587447,0, ,0.0,0.0,0.0,0.0,0,0,0,0,0,0,0,0
TF,NSHEE,33.399361,-116.383111,0, ,0.0,0.0,0.0,0.0,0,0,0,0,0,0,0,0
TF,MTBAL,33.603314,-116.042306,0, ,0.0,0.0,0.0,0.0,0,0,0,0,0,0,0,0

STAR,BARET5,EED,1
IF,EED,34.766003,-114.474103, ,0.0,0.0,0,0,0,0,0,0,0,0
TF,SHADI,33.620606,-115.761658,0, ,0.0,0.0,0.0,0.0,0,0,0,0,0,0,0,0
TF,MOMAR,33.515036,-115.944483,0, ,0.0,0.0,0.0,0.0,0,0,0,0,0,0,0,0
TF,SALTN,33.379236,-116.178347,0, ,0.0,0.0,0.0,0.0,0,0,0,0,0,0,0,0
TF,CARUL,32.942597,-116.635464,0, ,0.0,0.0,0.0,0.0,0,0,0,0,0,0,0,0
TF,BARET,32.774108,-116.677464,0, ,0.0,0.0,0.0,0.0,0,0,0,0,0,0,0,0

STAR,BARET5,IPL,1
IF,IPL,32.748867,-115.508583, ,0.0,0.0,0,0,0,0,0,0,0,0
TF,KUMBA,32.761994,-116.053714,0, ,0.0,0.0,0.0,0.0,0,0,0,0,0,0,0,0
TF,PILLO,32.770386,-116.468572,0, ,0.0,0.0,0.0,0.0,0,0,0,0,0,0,0,0
TF,BARET,32.774108,-116.677464,0, ,0.0,0.0,0.0,0.0,0,0,0,0,0,0,0,0

STAR,BARET5,PKE,1
IF,PKE,34.101972,-114.682067, ,0.0,0.0,0,0,0,0,0,0,0,0
TF,SHADI,33.620606,-115.761658,0, ,0.0,0.0,0.0,0.0,0,0,0,0,0,0,0,0
TF,MOMAR,33.515036,-115.944483,0, ,0.0,0.0,0.0,0.0,0,0,0,0,0,0,0,0
TF,SALTN,33.379236,-116.178347,0, ,0.0,0.0,0.0,0.0,0,0,0,0,0,0,0,0
TF,CARUL,32.942597,-116.635464,0, ,0.0,0.0,0.0,0.0,0,0,0,0,0,0,0,0
TF,BARET,32.774108,-116.677464,0, ,0.0,0.0,0.0,0.0,0,0,0,0,0,0,0,0

STAR,BARET5,TNP,1
IF,TNP,34.112233,-115.769906, ,0.0,0.0,0,0,0,0,0,0,0,0
TF,MOMAR,33.515036,-115.944483,0, ,0.0,0.0,0.0,0.0,0,0,0,0,0,0,0,0
TF,SALTN,33.379236,-116.178347,0, ,0.0,0.0,0.0,0.0,0,0,0,0,0,0,0,0
TF,CARUL,32.942597,-116.635464,0, ,0.0,0.0,0.0,0.0,0,0,0,0,0,0,0,0
TF,BARET,32.774108,-116.677464,0, ,0.0,0.0,0.0,0.0,0,0,0,0,0,0,0,0

STAR,BARET5,09,3
IF,BARET,32.774108,-116.677464, ,0.0,0.0,0,0,0,0,0,0,0,0
TF,PGY,32.610339,-116.979081,0, ,0.0,0.0,0.0,0.0,0,0,0,0,0,0,0,0
TF,IFSOX,32.695014,-117.383806,0, ,0.0,0.0,0.0,0.0,0,0,0,0,0,0,0,0
TF,SARGS,32.781719,-117.389539,0, ,0.0,0.0,0.0,0.0,0,0,0,0,0,0,0,0

STAR,BARET5,27,3
IF,BARET,32.774108,-116.677464, ,0.0,0.0,0,0,0,0,0,0,0,0
TF,IFHEJ,32.659969,-116.888056,0, ,0.0,0.0,0.0,0.0,0,0,0,0,0,0,0,0
TF,VYDDA,32.671708,-116.935789,0, ,0.0,0.0,0.0,0.0,0,0,0,0,0,0,0,0

STAR,BAYVU5,LAX,4
IF,LAX,33.933147,-118.432011, ,0.0,0.0,0,0,0,0,0,0,0,0
TF,OTISS,33.445406,-117.810081,0, ,0.0,0.0,0.0,0.0,0,0,0,0,0,0,0,0
TF,HUBRD,33.260000,-117.576558,0, ,0.0,0.0,0.0,0.0,0,0,0,0,0,0,0,0

STAR,BAYVU5,SXC,4
IF,SXC,33.375056,-118.419911, ,0.0,0.0,0,0,0,0,0,0,0,0
TF,HUBRD,33.260000,-117.576558,0, ,0.0,0.0,0.0,0.0,0,0,0,0,0,0,0,0

STAR,BAYVU5,ALL,5
IF,HUBRD,33.260000,-117.576558, ,0.0,0.0,0,0,0,0,0,0,0,0
TF,BAYVU,33.152222,-117.481111,0, ,0.0,0.0,0.0,0.0,4,16000,14000,0,0,0,0,0
TF,LCOVE,32.929444,-117.303056,0, ,0.0,0.0,0.0,0.0,2,9000,0,0,0,0,0,0
TF,STEPN,32.811389,-117.208889,0, ,0.0,0.0,0.0,0.0,2,7000,0,0,0,0,0,0
TF,KLOMN,32.778872,-117.064397,0, ,0.0,0.0,0.0,0.0,1,6000,0,1,210,0,0,0
TF,NADDO,32.750694,-116.992075,0, ,0.0,0.0,0.0,0.0,1,6000,0,0,0,0,0,1
VM,32.733556,-117.189667,0,95.0,0,0,0,0,0,0,0,0

STAR,COMIX1,HUULK,4
IF,HUULK,34.590917,-118.603164, ,0.0,0.0,0,0,0,0,0,0,0,0
TF,DECEA,33.846944,-118.076667,0, ,0.0,0.0,0.0,0.0,0,0,0,0,0,0,0,0
TF,JOEKR,33.547625,-117.878872,0, ,0.0,0.0,0.0,0.0,0,0,0,0,0,0,0,0
TF,GAMBT,33.441256,-117.806428,0, ,0.0,0.0,0.0,0.0,0,0,0,0,0,0,0,0
TF,LEJEN,33.262500,-117.588889,0, ,0.0,0.0,0.0,0.0,4,19000,15000,0,0,0,0,0
TF,COMIX,33.138056,-117.484444,0, ,0.0,0.0,0.0,0.0,4,15000,12000,0,0,0,0,0

STAR,COMIX1,LAX,4
IF,LAX,33.933147,-118.432011, ,0.0,0.0,0,0,0,0,0,0,0,0
TF,MRVEL,33.776603,-118.229458,0, ,0.0,0.0,0.0,0.0,0,0,0,0,0,0,0,0
TF,SPYDE,33.551111,-117.933889,0, ,0.0,0.0,0.0,0.0,0,0,0,0,0,0,0,0
TF,GAMBT,33.441256,-117.806428,0, ,0.0,0.0,0.0,0.0,0,0,0,0,0,0,0,0
TF,LEJEN,33.262500,-117.588889,0, ,0.0,0.0,0.0,0.0,4,19000,15000,0,0,0,0,0
TF,COMIX,33.138056,-117.484444,0, ,0.0,0.0,0.0,0.0,4,15000,12000,0,0,0,0,0

STAR,COMIX1,SXC,4
IF,SXC,33.375056,-118.419911, ,0.0,0.0,4,29000,25000,0,0,0,0,0
TF,SLAER,33.345236,-118.197175,0, ,0.0,0.0,0.0,0.0,0,0,0,0,0,0,0,0
TF,LEJEN,33.262500,-117.588889,0, ,0.0,0.0,0.0,0.0,4,19000,15000,0,0,0,0,0
TF,COMIX,33.138056,-117.484444,0, ,0.0,0.0,0.0,0.0,4,15000,12000,0,0,0,0,0

STAR,COMIX1,ALL,5
IF,COMIX,33.138056,-117.484444, ,0.0,0.0,4,15000,12000,0,0,0,0,0
TF,FLSHH,33.050556,-117.411389,0, ,0.0,0.0,0.0,0.0,0,0,0,0,0,0,0,0
TF,LNTRN,32.918333,-117.300556,0, ,0.0,0.0,0.0,0.0,2,8000,0,1,230,0,0,0
TF,XMANS,32.811800,-117.212031,0, ,0.0,0.0,0.0,0.0,2,7000,0,0,0,0,0,0
TF,KLOMN,32.778872,-117.064397,0, ,0.0,0.0,0.0,0.0,1,6000,0,1,210,0,0,0
TF,NADDO,32.750694,-116.992075,0, ,0.0,0.0,0.0,0.0,1,6000,0,0,0,0,0,1
VM,32.733556,-117.189667,0,95.0,0,0,0,0,0,0,0,0

STAR,HUBRD1,LAX,1
IF,LAX,33.933147,-118.432011, ,0.0,0.0,0,0,0,0,0,0,0,0
TF,OTISS,33.445406,-117.810081,0, ,0.0,0.0,0.0,0.0,0,0,0,0,0,0,0,0
TF,HUBRD,33.260000,-117.576558,0, ,0.0,0.0,0.0,0.0,0,0,0,0,0,0,0,0

STAR,HUBRD1,SXC,1
IF,SXC,33.375056,-118.419911, ,0.0,0.0,0,0,0,0,0,0,0,0
TF,HUBRD,33.260000,-117.576558,0, ,0.0,0.0,0.0,0.0,0,0,0,0,0,0,0,0

STAR,HUBRD1,ALL,2
IF,HUBRD,33.260000,-117.576558, ,0.0,0.0,0,0,0,0,0,0,0,0
TF,CARDI,33.136567,-117.421931,0, ,0.0,0.0,0.0,0.0,0,0,0,0,0,0,0,0
TF,TORIE,32.857853,-117.267231,0, ,0.0,0.0,0.0,0.0,0,0,0,0,0,0,0,0

STAR,LUCKI1,HOGGZ,4
IF,HOGGZ,32.774861,-114.069200, ,0.0,0.0,0,0,0,0,0,0,0,0
TF,MANRS,32.787428,-114.386250,0, ,0.0,0.0,0.0,0.0,0,0,0,0,0,0,0,0
TF,CBOLA,32.879394,-114.721081,0, ,0.0,0.0,0.0,0.0,0,0,0,0,0,0,0,0
TF,KRMAA,32.864842,-115.341178,0, ,0.0,0.0,0.0,0.0,0,0,0,0,0,0,0,0
TF,SOFII,32.844431,-115.487039,0, ,0.0,0.0,0.0,0.0,4,26000,24000,0,0,0,0,0
TF,CMPOE,32.785167,-115.848119,0, ,0.0,0.0,0.0,0.0,4,23000,19000,0,0,0,0,0
TF,HEELX,32.752072,-116.285447,0, ,0.0,0.0,0.0,0.0,4,15000,12000,1,270,0,0,0
TF,JACKK,32.735278,-116.500833,0, ,0.0,0.0,0.0,0.0,4,11000,10000,1,250,0,0,0
TF,AZTEK,32.720147,-116.657433,0, ,0.0,0.0,0.0,0.0,2,8000,0,0,0,0,0,0
TF,JEEVS,32.713667,-116.740000,0, ,0.0,0.0,0.0,0.0,2,6100,0,0,0,0,0,0
TF,LUCKI,32.707500,-116.818056,0, ,0.0,0.0,0.0,0.0,1,6000,0,0,0,0,0,0

STAR,LUCKI1,IPL,4
IF,IPL,32.748867,-115.508583, ,0.0,0.0,4,26000,24000,0,0,0,0,0
TF,HEELX,32.752072,-116.285447,0, ,0.0,0.0,0.0,0.0,4,15000,12000,1,270,0,0,0
TF,JACKK,32.735278,-116.500833,0, ,0.0,0.0,0.0,0.0,4,11000,10000,1,250,0,0,0
TF,AZTEK,32.720147,-116.657433,0, ,0.0,0.0,0.0,0.0,2,8000,0,0,0,0,0,0
TF,JEEVS,32.713667,-116.740000,0, ,0.0,0.0,0.0,0.0,2,6100,0,0,0,0,0,0
TF,LUCKI,32.707500,-116.818056,0, ,0.0,0.0,0.0,0.0,1,6000,0,0,0,0,0,0

STAR,LUCKI1,LVELL,4
IF,LVELL,34.210383,-115.614792, ,0.0,0.0,0,0,0,0,0,0,0,0
TF,CHADT,33.921803,-115.750906,0, ,0.0,0.0,0.0,0.0,0,0,0,0,0,0,0,0
TF,CABIC,33.771392,-115.824642,0, ,0.0,0.0,0.0,0.0,0,0,0,0,0,0,0,0
TF,MOMAR,33.515036,-115.944483,0, ,0.0,0.0,0.0,0.0,4,26000,24000,0,0,0,0,0
TF,DSURT,33.337500,-116.250000,0, ,0.0,0.0,0.0,0.0,4,23000,19000,0,0,0,0,0
TF,TRIXI,33.005556,-116.444167,0, ,0.0,0.0,0.0,0.0,4,14000,12000,1,270,0,0,0
TF,HSKER,32.844444,-116.606667,0, ,0.0,0.0,0.0,0.0,2,8700,0,0,0,0,0,0
TF,BARET,32.774108,-116.677464,0, ,0.0,0.0,0.0,0.0,2,8000,0,0,0,0,0,0
TF,HNAHH,32.739917,-116.749694,0, ,0.0,0.0,0.0,0.0,2,6100,0,0,0,0,0,0
TF,LUCKI,32.707500,-116.818056,0, ,0.0,0.0,0.0,0.0,1,6000,0,0,0,0,0,0

STAR,LUCKI1,MOMAR,4
IF,MOMAR,33.515036,-115.944483, ,0.0,0.0,4,26000,24000,0,0,0,0,0
TF,DSURT,33.337500,-116.250000,0, ,0.0,0.0,0.0,0.0,4,23000,19000,0,0,0,0,0
TF,TRIXI,33.005556,-116.444167,0, ,0.0,0.0,0.0,0.0,4,14000,12000,1,270,0,0,0
TF,HSKER,32.844444,-116.606667,0, ,0.0,0.0,0.0,0.0,2,8700,0,0,0,0,0,0
TF,BARET,32.774108,-116.677464,0, ,0.0,0.0,0.0,0.0,2,8000,0,0,0,0,0,0
TF,HNAHH,32.739917,-116.749694,0, ,0.0,0.0,0.0,0.0,2,6100,0,0,0,0,0,0
TF,LUCKI,32.707500,-116.818056,0, ,0.0,0.0,0.0,0.0,1,6000,0,0,0,0,0,0

STAR,LUCKI1,PKE,4
IF,PKE,34.101972,-114.682067, ,0.0,0.0,0,0,0,0,0,0,0,0
TF,LNDON,33.960331,-115.002267,0, ,0.0,0.0,0.0,0.0,0,0,0,0,0,0,0,0
TF,WBERG,33.724247,-115.526711,0, ,0.0,0.0,0.0,0.0,0,0,0,0,0,0,0,0
TF,SHADI,33.620606,-115.761658,0, ,0.0,0.0,0.0,0.0,0,0,0,0,0,0,0,0
TF,MOMAR,33.515036,-115.944483,0, ,0.0,0.0,0.0,0.0,4,26000,24000,0,0,0,0,0
TF,DSURT,33.337500,-116.250000,0, ,0.0,0.0,0.0,0.0,4,23000,19000,0,0,0,0,0
TF,TRIXI,33.005556,-116.444167,0, ,0.0,0.0,0.0,0.0,4,14000,12000,1,270,0,0,0
TF,HSKER,32.844444,-116.606667,0, ,0.0,0.0,0.0,0.0,2,8700,0,0,0,0,0,0
TF,BARET,32.774108,-116.677464,0, ,0.0,0.0,0.0,0.0,2,8000,0,0,0,0,0,0
TF,HNAHH,32.739917,-116.749694,0, ,0.0,0.0,0.0,0.0,2,6100,0,0,0,0,0,0
TF,LUCKI,32.707500,-116.818056,0, ,0.0,0.0,0.0,0.0,1,6000,0,0,0,0,0,0

STAR,LUCKI1,TTRUE,4
IF,TTRUE,34.633758,-114.384736, ,0.0,0.0,0,0,0,0,0,0,0,0
TF,LINNE,34.352736,-114.772219,0, ,0.0,0.0,0.0,0.0,0,0,0,0,0,0,0,0
TF,SRRFR,33.990025,-115.265381,0, ,0.0,0.0,0.0,0.0,0,0,0,0,0,0,0,0
TF,TRRSH,33.708414,-115.645597,0, ,0.0,0.0,0.0,0.0,0,0,0,0,0,0,0,0
TF,SHADI,33.620606,-115.761658,0, ,0.0,0.0,0.0,0.0,0,0,0,0,0,0,0,0
TF,MOMAR,33.515036,-115.944483,0, ,0.0,0.0,0.0,0.0,4,26000,24000,0,0,0,0,0
TF,DSURT,33.337500,-116.250000,0, ,0.0,0.0,0.0,0.0,4,23000,19000,0,0,0,0,0
TF,TRIXI,33.005556,-116.444167,0, ,0.0,0.0,0.0,0.0,4,14000,12000,1,270,0,0,0
TF,HSKER,32.844444,-116.606667,0, ,0.0,0.0,0.0,0.0,2,8700,0,0,0,0,0,0
TF,BARET,32.774108,-116.677464,0, ,0.0,0.0,0.0,0.0,2,8000,0,0,0,0,0,0
TF,HNAHH,32.739917,-116.749694,0, ,0.0,0.0,0.0,0.0,2,6100,0,0,0,0,0,0
TF,LUCKI,32.707500,-116.818056,0, ,0.0,0.0,0.0,0.0,1,6000,0,0,0,0,0,0

STAR,LUCKI1,ALL,5
IF,LUCKI,32.707500,-116.818056, ,0.0,0.0,1,6000,0,0,0,0,0,0
TF,LYNDI,32.688222,-116.879861,0, ,0.0,0.0,0.0,0.0,2,5000,0,1,210,0,0,0

STAR,LYNDI4,EED,4
IF,EED,34.766003,-114.474103, ,0.0,0.0,0,0,0,0,0,0,0,0
TF,SHADI,33.620606,-115.761658,0, ,0.0,0.0,0.0,0.0,0,0,0,0,0,0,0,0
TF,MOMAR,33.515036,-115.944483,0, ,0.0,0.0,0.0,0.0,0,0,0,0,0,0,0,0
TF,SALTN,33.379236,-116.178347,0, ,0.0,0.0,0.0,0.0,0,0,0,0,0,0,0,0
TF,DSURT,33.337500,-116.250000,0, ,0.0,0.0,0.0,0.0,0,0,0,0,0,0,0,0
TF,TRIXI,33.005556,-116.444167,0, ,0.0,0.0,0.0,0.0,4,14000,12000,1,270,0,0,0
TF,SLOYD,32.840278,-116.539722,0, ,0.0,0.0,0.0,0.0,2,10000,0,0,0,0,0,0
TF,BARET,32.774108,-116.677464,0, ,0.0,0.0,0.0,0.0,2,8000,0,0,0,0,0,0
TF,LUCKI,32.707500,-116.818056,0, ,0.0,0.0,0.0,0.0,2,6100,0,0,0,0,0,0

STAR,LYNDI4,IPL,4
IF,IPL,32.748867,-115.508583, ,0.0,0.0,0,0,0,0,0,0,0,0
TF,KUMBA,32.761994,-116.053714,0, ,0.0,0.0,0.0,0.0,0,0,0,0,0,0,0,0
TF,GREED,32.766861,-116.286667,0, ,0.0,0.0,0.0,0.0,4,14000,12000,1,270,0,0,0
TF,JACKK,32.735278,-116.500833,0, ,0.0,0.0,0.0,0.0,4,11000,10000,0,0,0,0,0
TF,MORAA,32.712778,-116.656667,0, ,0.0,0.0,0.0,0.0,2,8000,0,0,0,0,0,0
TF,LUCKI,32.707500,-116.818056,0, ,0.0,0.0,0.0,0.0,2,6100,0,0,0,0,0,0

STAR,LYNDI4,PKE,4
IF,PKE,34.101972,-114.682067, ,0.0,0.0,0,0,0,0,0,0,0,0
TF,SHADI,33.620606,-115.761658,0, ,0.0,0.0,0.0,0.0,0,0,0,0,0,0,0,0
TF,MOMAR,33.515036,-115.944483,0, ,0.0,0.0,0.0,0.0,0,0,0,0,0,0,0,0
TF,SALTN,33.379236,-116.178347,0, ,0.0,0.0,0.0,0.0,0,0,0,0,0,0,0,0
TF,DSURT,33.337500,-116.250000,0, ,0.0,0.0,0.0,0.0,0,0,0,0,0,0,0,0
TF,TRIXI,33.005556,-116.444167,0, ,0.0,0.0,0.0,0.0,4,14000,12000,1,270,0,0,0
TF,SLOYD,32.840278,-116.539722,0, ,0.0,0.0,0.0,0.0,2,10000,0,0,0,0,0,0
TF,BARET,32.774108,-116.677464,0, ,0.0,0.0,0.0,0.0,2,8000,0,0,0,0,0,0
TF,LUCKI,32.707500,-116.818056,0, ,0.0,0.0,0.0,0.0,2,6100,0,0,0,0,0,0

STAR,LYNDI4,TNP,4
IF,TNP,34.112233,-115.769906, ,0.0,0.0,3,19500,0,0,0,0,0,0
TF,MOMAR,33.515036,-115.944483,0, ,0.0,0.0,0.0,0.0,0,0,0,0,0,0,0,0
TF,SALTN,33.379236,-116.178347,0, ,0.0,0.0,0.0,0.0,0,0,0,0,0,0,0,0
TF,DSURT,33.337500,-116.250000,0, ,0.0,0.0,0.0,0.0,0,0,0,0,0,0,0,0
TF,TRIXI,33.005556,-116.444167,0, ,0.0,0.0,0.0,0.0,4,14000,12000,1,270,0,0,0
TF,SLOYD,32.840278,-116.539722,0, ,0.0,0.0,0.0,0.0,2,10000,0,0,0,0,0,0
TF,BARET,32.774108,-116.677464,0, ,0.0,0.0,0.0,0.0,2,8000,0,0,0,0,0,0
TF,LUCKI,32.707500,-116.818056,0, ,0.0,0.0,0.0,0.0,2,6100,0,0,0,0,0,0

STAR,LYNDI4,ALL,5
IF,LUCKI,32.707500,-116.818056, ,0.0,0.0,2,6100,0,0,0,0,0,0
TF,LYNDI,32.688222,-116.879861,0, ,0.0,0.0,0.0,0.0,2,5000,0,0,0,0,0,0

STAR,PLYYA1,LAX,4
IF,LAX,33.933147,-118.432011, ,0.0,0.0,4,26000,24000,1,280,0,0,0
TF,TASCO,33.553611,-118.312778,0, ,0.0,0.0,0.0,0.0,4,21000,19000,0,0,0,0,0
TF,SWAMI,33.358019,-118.079953,0, ,0.0,0.0,0.0,0.0,3,17000,0,0,0,0,0,0
TF,OHBEA,33.296947,-118.003656,0, ,0.0,0.0,0.0,0.0,2,15000,0,0,0,0,0,0
TF,PLYYA,33.135678,-117.802742,0, ,0.0,0.0,0.0,0.0,2,11000,0,0,0,0,0,0

STAR,PLYYA1,09,5
IF,PLYYA,33.135678,-117.802742, ,0.0,0.0,2,11000,0,0,0,0,0,0
TF,MNLYT,32.868142,-117.508853,0, ,0.0,0.0,0.0,0.0,2,4000,0,0,0,0,0,0
TF,SARGS,32.781719,-117.389539,0, ,0.0,0.0,0.0,0.0,2,2100,0,0,0,0,0,0

STAR,SHAMU1,LAX,1
IF,LAX,33.933147,-118.432011, ,0.0,0.0,0,0,0,0,0,0,0,0
TF,EIREE,33.231778,-117.890947,0, ,0.0,0.0,0.0,0.0,0,0,0,0,0,0,0,0
TF,SHAMU,33.148056,-117.766117,0, ,0.0,0.0,0.0,0.0,0,0,0,0,0,0,0,0

STAR,SHAMU1,ALL,2
IF,SHAMU,33.148056,-117.766117, ,0.0,0.0,0,0,0,0,0,0,0,0
VI,0, ,0.0,135.0,0,0,0,0,0,0,0,0
CF,SARGS,32.781719,-117.389539,0,MZB,255.0,8.3,75.0,6.0,0,0,0,0,0,0,0,0

STAR,TOPGN1,IPL,4
IF,IPL,32.748867,-115.508583, ,0.0,0.0,4,26000,24000,0,0,0,0,0
TF,BLUZE,32.701256,-116.031181,0, ,0.0,0.0,0.0,0.0,4,21000,17000,0,0,0,0,0
TF,GUUSE,32.665794,-116.425169,0, ,0.0,0.0,0.0,0.0,4,13000,11000,1,270,0,0,0
TF,TOPGN,32.644075,-116.576789,0, ,0.0,0.0,0.0,0.0,4,10000,9000,0,0,0,0,0

STAR,TOPGN1,MOMAR,4
IF,MOMAR,33.515036,-115.944483, ,0.0,0.0,4,26000,24000,0,0,0,0,0
TF,DSURT,33.337500,-116.250000,0, ,0.0,0.0,0.0,0.0,4,23000,19000,0,0,0,0,0
TF,TRIXI,33.005556,-116.444167,0, ,0.0,0.0,0.0,0.0,4,14000,12000,1,270,0,0,0
TF,TOPGN,32.644075,-116.576789,0, ,0.0,0.0,0.0,0.0,4,10000,9000,0,0,0,0,0

STAR,TOPGN1,PKE,4
IF,PKE,34.101972,-114.682067, ,0.0,0.0,0,0,0,0,0,0,0,0
TF,LNDON,33.960331,-115.002267,0, ,0.0,0.0,0.0,0.0,0,0,0,0,0,0,0,0
TF,WBERG,33.724247,-115.526711,0, ,0.0,0.0,0.0,0.0,0,0,0,0,0,0,0,0
TF,SHADI,33.620606,-115.761658,0, ,0.0,0.0,0.0,0.0,0,0,0,0,0,0,0,0
TF,MOMAR,33.515036,-115.944483,0, ,0.0,0.0,0.0,0.0,4,26000,24000,0,0,0,0,0
TF,DSURT,33.337500,-116.250000,0, ,0.0,0.0,0.0,0.0,4,23000,19000,0,0,0,0,0
TF,TRIXI,33.005556,-116.444167,0, ,0.0,0.0,0.0,0.0,4,14000,12000,1,270,0,0,0
TF,TOPGN,32.644075,-116.576789,0, ,0.0,0.0,0.0,0.0,4,10000,9000,0,0,0,0,0

STAR,TOPGN1,TTRUE,4
IF,TTRUE,34.633758,-114.384736, ,0.0,0.0,0,0,0,0,0,0,0,0
TF,LINNE,34.352736,-114.772219,0, ,0.0,0.0,0.0,0.0,0,0,0,0,0,0,0,0
TF,SRRFR,33.990025,-115.265381,0, ,0.0,0.0,0.0,0.0,0,0,0,0,0,0,0,0
TF,TRRSH,33.708414,-115.645597,0, ,0.0,0.0,0.0,0.0,0,0,0,0,0,0,0,0
TF,SHADI,33.620606,-115.761658,0, ,0.0,0.0,0.0,0.0,0,0,0,0,0,0,0,0
TF,MOMAR,33.515036,-115.944483,0, ,0.0,0.0,0.0,0.0,4,26000,24000,0,0,0,0,0
TF,DSURT,33.337500,-116.250000,0, ,0.0,0.0,0.0,0.0,4,23000,19000,0,0,0,0,0
TF,TRIXI,33.005556,-116.444167,0, ,0.0,0.0,0.0,0.0,4,14000,12000,1,270,0,0,0
TF,TOPGN,32.644075,-116.576789,0, ,0.0,0.0,0.0,0.0,4,10000,9000,0,0,0,0,0

STAR,TOPGN1,ALL,5
IF,TOPGN,32.644075,-116.576789, ,0.0,0.0,4,10000,9000,0,0,0,0,0
TF,ISEMN,32.614917,-116.805264,0, ,0.0,0.0,0.0,0.0,2,6400,0,0,0,0,0,0
TF,ZIPPP,32.599819,-116.973383,0, ,0.0,0.0,0.0,0.0,4,8000,6000,0,0,0,0,0
TF,TMCAT,32.641356,-117.171428,0, ,0.0,0.0,0.0,0.0,1,6000,0,1,210,0,0,1
FM,TMCAT,32.641356,-117.171428,0,NJK,0.0,0.0,273.0,0,0,0,0,0,0,0,0

APPTR,I09,09,MZB
IF,MZB,32.782203,-117.225414, ,0.0,0.0,0,0,0,0,0,0,0,0
TF,GATTO,32.763281,-117.312597,0, ,0.0,0.0,0.0,0.0,2,2800,0,0,0,0,0,0
PI,GATTO,32.763281,-117.312597,2,MZB,230.0,10.0,275,5.0,2,2000,0,0,0,0,1,0
CF,SARGS,32.781719,-117.389539,0,ISAN,275.0,11.3,95.0,5.9,2,2000,0,0,0,0,0,0

FINAL,I09,09,I,3
IF,SARGS,32.781719,-117.389539,ISAN,275.0,11.3,2,2000,0,0,0,0,0,0
CF,GATTO,32.763281,-117.312597,0,ISAN,275.0,7.3,95.0,4.1,1,2000,0,0,0,0,2,0
CF,RW09,32.736367,-117.201231,0,ISAN,275.0,1.4,95.0,5.9,1,71,0,0,0,0,3,0
VI,0, ,0.0,95.0,0,0,0,0,0,0,0,0
CF,PGY,32.610339,-116.979081,0,PGY,0.0,0.0,120.0,10.0,2,5000,0,0,0,0,0,1
TF,CAPUS,32.687839,-117.432225,2, ,0.0,0.0,0.0,0.0,0,0,0,0,0,0,0,0
HM,CAPUS,32.687839,-117.432225,2, ,0.0,0.0,88.0,04.3,0,0,0,0,0,0,0,0,0

APPTR,L27,27,LYNDI
IF,LYNDI,32.688222,-116.879861, ,0.0,0.0,2,5000,0,1,210,0,1,0
TF,VYDDA,32.671708,-116.935789,0, ,0.0,0.0,0.0,0.0,2,4000,0,0,0,0,0,0
TF,OKAIN,32.680989,-116.973725,0, ,0.0,0.0,0.0,0.0,2,3600,0,0,0,0,0,0
CF,CIJHI,32.697203,-117.040133,0,IUBR,95.0,8.7,275.0,3.5,2,2700,0,0,0,0,0,0

FINAL,L27,27,D,3
IF,CIJHI,32.697203,-117.040133,IUBR,95.0,8.7,2,2700,0,0,0,0,0,0
CF,REEBO,32.707547,-117.082514,0,IUBR,95.0,6.5,275.0,2.2,2,2000,0,0,0,0,2,0
CF,RW27,32.731372,-117.180628,0,IUBR,95.0,1.3,275.0,5.2,1,80,0,0,0,0,3,0
VI,0, ,0.0,275.0,0,0,0,0,0,0,0,0
CF,CCADE,32.781411,-117.468533,0,MZB,254.8,12.3,255.0,3.3,2,2500,0,0,0,0,0,0
HM,CCADE,32.781411,-117.468533,2, ,0.0,0.0,75.0,04.3,0,0,0,0,0,0,0,0,0

FINAL,R09,09,R,3
IF,SARGS,32.781719,-117.389539, ,0.0,0.0,2,2100,0,0,0,0,0,0
TF,GATTO,32.763281,-117.312597,0, ,0.0,0.0,95.0,4.1,2,2000,0,0,0,0,2,0
TF,RW09,32.736367,-117.201231,0, ,0.0,0.0,95.0,5.9,1,71,0,0,0,0,3,1
CA,0,95.0,2,2000,0,0,0,0,0,0
DF,CAPUS,32.687839,-117.432225,2, ,0.0,0.0,2,3000,0,0,0,0,0,1
HM,CAPUS,32.687839,-117.432225,2, ,0.0,0.0,5.0,04,0,0,0,0,0,0,0,0,0

APPTR,R27-Y,27,LYNDI
IF,LYNDI,32.688222,-116.879861, ,0.0,0.0,2,5000,0,1,210,0,1,0
TF,VYDDA,32.671708,-116.935789,0, ,0.0,0.0,0.0,0.0,2,4000,0,0,0,0,1,0

FINAL,R27-Y,27,R,5
IF,VYDDA,32.671708,-116.935789, ,0.0,0.0,2,4000,0,0,0,0,0,0
TF,OKAIN,32.680989,-116.973725,0, ,0.0,0.0,275.0,2.0,2,3600,0,0,0,0,0,0
TF,CIJHI,32.697203,-117.040133,0, ,0.0,0.0,275.0,3.5,2,2700,0,0,0,0,0,0
TF,REEBO,32.707547,-117.082514,0, ,0.0,0.0,275.0,2.2,2,2000,0,0,0,0,2,0
TF,RW27,32.731372,-117.180628,0, ,0.0,0.0,275.0,5.2,1,80,0,0,0,0,3,1
CA,0,275.0,2,417,0,0,0,0,0,0
DF,SARGS,32.781719,-117.389539,0, ,0.0,0.0,2,2500,0,0,0,0,0,1
HM,SARGS,32.781719,-117.389539,2, ,0.0,0.0,95.0,05,0,0,0,0,0,0,0,0,0

APPTR,R27-Z,27,KLOMN
IF,KLOMN,32.778872,-117.064397, ,0.0,0.0,1,6000,0,1,210,0,0,0
TF,AJADE,32.759725,-116.985697,0, ,0.0,0.0,0.0,0.0,2,5200,0,0,0,0,0,0
RF,CATDG,32.745933,-116.962603,2,CFSCT,182.4,2.2,2,4800,0,0,0,0,0,0
RF,CRSNR,32.691808,-116.979236,2,CFSCT,253.3,2.2,2,3700,0,0,0,0,0,0
RF,SAYAE,32.689750,-117.009583,2,CFSCT,273.8,2.2,2,3200,0,0,0,0,0,0
TF,CIJHI,32.697203,-117.040133,0, ,0.0,0.0,0.0,0.0,2,2700,0,0,0,0,1,0

APPTR,R27-Z,27,LYNDI
IF,LYNDI,32.688222,-116.879861, ,0.0,0.0,2,5000,0,1,210,0,1,0
TF,VYDDA,32.671708,-116.935789,0, ,0.0,0.0,0.0,0.0,2,4000,0,0,0,0,0,0
TF,OKAIN,32.680989,-116.973725,0, ,0.0,0.0,0.0,0.0,2,3600,0,0,0,0,0,0
TF,SAYAE,32.689750,-117.009583,0, ,0.0,0.0,0.0,0.0,2,3200,0,0,0,0,0,0
TF,CIJHI,32.697203,-117.040133,0, ,0.0,0.0,0.0,0.0,2,2700,0,0,0,0,1,0

FINAL,R27-Z,27,R,3
IF,CIJHI,32.697203,-117.040133, ,0.0,0.0,2,2700,0,0,0,0,0,0
TF,REEBO,32.707547,-117.082514,0, ,0.0,0.0,275.0,2.2,2,2000,0,0,0,0,2,0
TF,RW27,32.731372,-117.180628,0, ,0.0,0.0,275.0,5.2,1,80,0,0,0,0,3,1
TF,SARGS,32.781719,-117.389539,0, ,0.0,0.0,0.0,0.0,2,2500,0,0,0,0,0,1
HM,SARGS,32.781719,-117.389539,2, ,0.0,0.0,95.0,05,0,0,0,0,0,0,0,0,0

