APPTR,R15,15,BILOO
IF,BILOO,43.468361,-95.573381, ,0.0,0.0,0,0,0,0,0,0,0,0
TF,TEGKU,43.461706,-95.859550,0, ,0.0,0.0,0.0,0.0,2,4000,0,0,0,0,1,0
TF,RINOC,43.382644,-95.942672,0, ,0.0,0.0,0.0,0.0,2,4000,0,0,0,0,1,0

APPTR,R15,15,CATID
IF,CATID,43.408486,-96.184600, ,0.0,0.0,0,0,0,0,0,0,1,0
TF,RINOC,43.382644,-95.942672,0, ,0.0,0.0,0.0,0.0,2,4000,0,0,0,0,1,0

APPTR,R15,15,NEWRN
IF,NEWRN,43.254236,-95.809275, ,0.0,0.0,0,0,0,0,0,0,0,0
TF,RINOC,43.382644,-95.942672,0, ,0.0,0.0,0.0,0.0,2,4000,0,0,0,0,0,1
HF,RINOC,43.382644,-95.942672,2, ,0.0,0.0,150.0,04,2,4000,0,0,0,0,1,0,0

APPTR,R15,15,OTG
IF,OTG,43.646917,-95.581958, ,0.0,0.0,0,0,0,0,0,0,0,0
TF,TEGKU,43.461706,-95.859550,0, ,0.0,0.0,0.0,0.0,2,4000,0,0,0,0,1,0
TF,RINOC,43.382644,-95.942672,0, ,0.0,0.0,0.0,0.0,2,4000,0,0,0,0,1,0

FINAL,R15,15,R,4
IF,RINOC,43.382644,-95.942672, ,0.0,0.0,2,4000,0,0,0,0,0,0
TF,ECELI,43.291719,-95.885589,0, ,0.0,0.0,150.0,6.0,2,3100,0,0,0,0,2,0
TF,ZESOR,43.239397,-95.852819,0, ,0.0,0.0,150.0,3.5,2,2000,0,0,0,0,0,0
TF,RW15,43.213625,-95.836700,0, ,0.0,0.0,150.0,1.7,1,1459,0,0,0,0,3,1
CA,0,150.0,2,1669,0,0,0,0,0,0
DF,TUDUC,43.038650,-95.727694,0, ,0.0,0.0,2,4000,0,0,0,0,0,1
HM,TUDUC,43.038650,-95.727694,2, ,0.0,0.0,331.0,04,0,0,0,0,0,0,0,0,0

APPTR,R33,33,COPYE
IF,COPYE,42.982675,-95.964500, ,0.0,0.0,0,0,0,0,0,0,0,0
TF,WOREB,42.974992,-95.832822,0, ,0.0,0.0,0.0,0.0,2,4000,0,0,0,0,1,0
TF,TUDUC,43.038650,-95.727694,0, ,0.0,0.0,0.0,0.0,2,4000,0,0,0,0,1,0

APPTR,R33,33,NEWRN
IF,NEWRN,43.254236,-95.809275, ,0.0,0.0,0,0,0,0,0,0,0,0
TF,TUDUC,43.038650,-95.727694,0, ,0.0,0.0,0.0,0.0,2,4000,0,0,0,0,0,1
HF,TUDUC,43.038650,-95.727694,2, ,0.0,0.0,331.0,04,2,4000,0,0,0,0,1,0,0

APPTR,R33,33,RITTA
IF,RITTA,43.018000,-95.355722, ,0.0,0.0,0,0,0,0,0,0,1,0
TF,TUDUC,43.038650,-95.727694,0, ,0.0,0.0,0.0,0.0,2,4000,0,0,0,0,1,0

FINAL,R33,33,R,4
IF,TUDUC,43.038650,-95.727694, ,0.0,0.0,2,4000,0,0,0,0,0,0
TF,ZOLUS,43.129658,-95.784308,0, ,0.0,0.0,331.0,6.0,2,3000,0,0,0,0,2,0
TF,YEPUL,43.175856,-95.813114,0, ,0.0,0.0,330.0,3.1,2,2020,0,0,0,0,0,0
TF,RW33,43.203150,-95.830150,0, ,0.0,0.0,330.0,1.8,1,1457,0,0,0,0,3,1
CA,0,330.0,2,1696,0,0,0,0,0,0
DF,RINOC,43.382644,-95.942672,0, ,0.0,0.0,2,4000,0,0,0,0,0,1
HM,RINOC,43.382644,-95.942672,2, ,0.0,0.0,150.0,04,0,0,0,0,0,0,0,0,0

