SID,CHIEF6,13,1
VA,0,132.0,2,1600,0,0,0,0,0,0
VM,0,0,0,132.0,0,0,0,0,0,0,0,0

SID,CHIEF6,17,1
VA,0,176.0,2,1230,0,0,0,0,0,0
VM,0,0,0,176.0,0,0,0,0,0,0,0,0

SID,CHIEF6,31,1
VA,0,312.0,2,1230,0,0,0,0,0,0
VM,0,0,0,312.0,0,0,0,0,0,0,0,0

SID,CHIEF6,35,1
VA,0,356.0,2,1230,0,0,0,0,0,0
VM,0,0,0,356.0,0,0,0,0,0,0,0,0

SID,CHIEF6,CATTS,3
IF,MCI,39.285283,-94.737061, ,0.0,0.0,0,0,0,0,0,0,0,0
TF,OZAKI,39.295269,-95.359478,0, ,0.0,0.0,0.0,0.0,0,0,0,0,0,0,0,0
TF,CATTS,39.303219,-96.153803,0, ,0.0,0.0,0.0,0.0,0,0,0,0,0,0,0,0

SID,CHIEF6,STJ,3
IF,MCI,39.285283,-94.737061, ,0.0,0.0,0,0,0,0,0,0,0,0
TF,STJ,39.960578,-94.925219,0, ,0.0,0.0,0.0,0.0,0,0,0,0,0,0,0,0

SID,LAKES1,13,1
VA,0,132.0,2,1600,0,0,0,0,0,0
VM,0,0,0,132.0,0,0,0,0,0,0,0,0

SID,LAKES1,17,1
VA,0,176.0,2,1230,0,0,0,0,0,0
VM,0,0,0,176.0,0,0,0,0,0,0,0,0

SID,LAKES1,31,1
VA,0,312.0,2,1230,0,0,0,0,0,0
VM,0,0,0,312.0,0,0,0,0,0,0,0,0

SID,LAKES1,35,1
VA,0,356.0,2,1230,0,0,0,0,0,0
VM,0,0,0,356.0,0,0,0,0,0,0,0,0

SID,LAKES1,COU,3
IF,MCI,39.285283,-94.737061, ,0.0,0.0,0,0,0,0,0,0,0,0
TF,ANX,39.095425,-94.128836,0, ,0.0,0.0,0.0,0.0,0,0,0,0,0,0,0,0
TF,FRANC,39.008350,-92.850319,0, ,0.0,0.0,0.0,0.0,0,0,0,0,0,0,0,0
TF,COU,38.810822,-92.218275,0, ,0.0,0.0,0.0,0.0,0,0,0,0,0,0,0,0

SID,LAKES1,SPI,3
IF,MCI,39.285283,-94.737061, ,0.0,0.0,0,0,0,0,0,0,0,0
TF,BLUZY,39.385983,-93.952911,0, ,0.0,0.0,0.0,0.0,0,0,0,0,0,0,0,0
TF,TWAIN,39.672375,-91.443092,0, ,0.0,0.0,0.0,0.0,0,0,0,0,0,0,0,0
TF,SPI,39.839733,-89.677736,0, ,0.0,0.0,0.0,0.0,0,0,0,0,0,0,0,0

SID,LAKES1,TWAIN,3
IF,MCI,39.285283,-94.737061, ,0.0,0.0,0,0,0,0,0,0,0,0
TF,BLUZY,39.385983,-93.952911,0, ,0.0,0.0,0.0,0.0,0,0,0,0,0,0,0,0
TF,TWAIN,39.672375,-91.443092,0, ,0.0,0.0,0.0,0.0,0,0,0,0,0,0,0,0

SID,RACER6,13,1
VA,0,132.0,2,1600,0,0,0,0,0,0
VM,0,0,0,132.0,0,0,0,0,0,0,0,0

SID,RACER6,17,1
VA,0,176.0,2,1230,0,0,0,0,0,0
VM,0,0,0,176.0,0,0,0,0,0,0,0,0

SID,RACER6,31,1
VA,0,312.0,2,1230,0,0,0,0,0,0
VM,0,0,0,312.0,0,0,0,0,0,0,0,0

SID,RACER6,35,1
VA,0,356.0,2,1230,0,0,0,0,0,0
VM,0,0,0,356.0,0,0,0,0,0,0,0,0

SID,RACER6,BUM,3
IF,MCI,39.285283,-94.737061, ,0.0,0.0,0,0,0,0,0,0,0,0
TF,GRILD,38.695581,-94.591358,0, ,0.0,0.0,0.0,0.0,0,0,0,0,0,0,0,0
TF,BUM,38.272081,-94.488261,0, ,0.0,0.0,0.0,0.0,0,0,0,0,0,0,0,0

SID,RACER6,DOSOA,3
IF,MCI,39.285283,-94.737061, ,0.0,0.0,0,0,0,0,0,0,0,0
TF,SPRNT,38.738394,-94.929869,0, ,0.0,0.0,0.0,0.0,0,0,0,0,0,0,0,0
TF,DOSOA,38.170719,-95.126814,0, ,0.0,0.0,0.0,0.0,0,0,0,0,0,0,0,0

SID,RACER6,SGF,3
IF,MCI,39.285283,-94.737061, ,0.0,0.0,0,0,0,0,0,0,0,0
TF,GRILD,38.695581,-94.591358,0, ,0.0,0.0,0.0,0.0,0,0,0,0,0,0,0,0
TF,BUM,38.272081,-94.488261,0, ,0.0,0.0,0.0,0.0,0,0,0,0,0,0,0,0
TF,SGF,37.355947,-93.334042,0, ,0.0,0.0,0.0,0.0,0,0,0,0,0,0,0,0

SID,ROYAL8,13,1
VA,0,132.0,2,1600,0,0,0,0,0,0
VM,0,0,0,132.0,0,0,0,0,0,0,0,0

SID,ROYAL8,17,1
VA,0,176.0,2,1230,0,0,0,0,0,0
VM,0,0,0,176.0,0,0,0,0,0,0,0,0

SID,ROYAL8,31,1
VA,0,312.0,2,1230,0,0,0,0,0,0
VM,0,0,0,312.0,0,0,0,0,0,0,0,0

SID,ROYAL8,35,1
VA,0,356.0,2,1230,0,0,0,0,0,0
VM,0,0,0,356.0,0,0,0,0,0,0,0,0

SID,ROYAL8,ARENZ,3
IF,MCI,39.285283,-94.737061, ,0.0,0.0,0,0,0,0,0,0,0,0
TF,CAYKO,39.763708,-94.136506,0, ,0.0,0.0,0.0,0.0,0,0,0,0,0,0,0,0
TF,JTHRO,40.001731,-93.833111,0, ,0.0,0.0,0.0,0.0,0,0,0,0,0,0,0,0
TF,ARENZ,40.143739,-93.650561,0, ,0.0,0.0,0.0,0.0,0,0,0,0,0,0,0,0

SID,ROYAL8,BODYN,3
IF,MCI,39.285283,-94.737061, ,0.0,0.0,0,0,0,0,0,0,0,0
TF,CAYKO,39.763708,-94.136506,0, ,0.0,0.0,0.0,0.0,0,0,0,0,0,0,0,0
TF,JTHRO,40.001731,-93.833111,0, ,0.0,0.0,0.0,0.0,0,0,0,0,0,0,0,0
TF,ARENZ,40.143739,-93.650561,0, ,0.0,0.0,0.0,0.0,0,0,0,0,0,0,0,0
TF,BODYN,40.341964,-92.135011,0, ,0.0,0.0,0.0,0.0,0,0,0,0,0,0,0,0

SID,ROYAL8,TONCE,3
IF,MCI,39.285283,-94.737061, ,0.0,0.0,0,0,0,0,0,0,0,0
TF,JDOGG,39.949944,-94.661508,0, ,0.0,0.0,0.0,0.0,0,0,0,0,0,0,0,0
TF,TONCE,40.282225,-94.623183,0, ,0.0,0.0,0.0,0.0,0,0,0,0,0,0,0,0

SID,TIFTO5,13,1
VA,0,132.0,2,1600,0,0,0,0,0,0
VM,0,0,0,132.0,0,0,0,0,0,0,0,0

SID,TIFTO5,17,1
VA,0,176.0,2,1230,0,0,0,0,0,0
VM,0,0,0,176.0,0,0,0,0,0,0,0,0

SID,TIFTO5,31,1
VA,0,312.0,2,1230,0,0,0,0,0,0
VM,0,0,0,312.0,0,0,0,0,0,0,0,0

SID,TIFTO5,35,1
VA,0,356.0,2,1230,0,0,0,0,0,0
VM,0,0,0,356.0,0,0,0,0,0,0,0,0

SID,TIFTO5,TIFTO,3
IF,MCI,39.285283,-94.737061, ,0.0,0.0,0,0,0,0,0,0,0,0
TF,DIGGY,39.454867,-95.343664,0, ,0.0,0.0,0.0,0.0,0,0,0,0,0,0,0,0
TF,TIFTO,39.604767,-95.892106,0, ,0.0,0.0,0.0,0.0,0,0,0,0,0,0,0,0

SID,WLDCT4,13,1
VA,0,132.0,2,1600,0,0,0,0,0,0
VM,0,0,0,132.0,0,0,0,0,0,0,0,0

SID,WLDCT4,17,1
VA,0,176.0,2,1230,0,0,0,0,0,0
VM,0,0,0,176.0,0,0,0,0,0,0,0,0

SID,WLDCT4,31,1
VA,0,312.0,2,1230,0,0,0,0,0,0
VM,0,0,0,312.0,0,0,0,0,0,0,0,0

SID,WLDCT4,35,1
VA,0,356.0,2,1230,0,0,0,0,0,0
VM,0,0,0,356.0,0,0,0,0,0,0,0,0

SID,WLDCT4,ICT,3
IF,MCI,39.285283,-94.737061, ,0.0,0.0,0,0,0,0,0,0,0,0
TF,TYTUS,39.213892,-95.374125,0, ,0.0,0.0,0.0,0.0,0,0,0,0,0,0,0,0
TF,KENTN,39.146664,-95.946350,0, ,0.0,0.0,0.0,0.0,0,0,0,0,0,0,0,0
TF,ICT,37.745258,-97.583831,0, ,0.0,0.0,0.0,0.0,0,0,0,0,0,0,0,0

SID,WLDCT4,KENTN,3
IF,MCI,39.285283,-94.737061, ,0.0,0.0,0,0,0,0,0,0,0,0
TF,TYTUS,39.213892,-95.374125,0, ,0.0,0.0,0.0,0.0,0,0,0,0,0,0,0,0
TF,KENTN,39.146664,-95.946350,0, ,0.0,0.0,0.0,0.0,0,0,0,0,0,0,0,0

SID,WLDCT4,SLN,3
IF,MCI,39.285283,-94.737061, ,0.0,0.0,0,0,0,0,0,0,0,0
TF,TYTUS,39.213892,-95.374125,0, ,0.0,0.0,0.0,0.0,0,0,0,0,0,0,0,0
TF,KENTN,39.146664,-95.946350,0, ,0.0,0.0,0.0,0.0,0,0,0,0,0,0,0,0
TF,SLN,38.925139,-97.621333,0, ,0.0,0.0,0.0,0.0,0,0,0,0,0,0,0,0

STAR,BQS5,IRK,1
IF,IRK,40.135017,-92.591714, ,0.0,0.0,0,0,0,0,0,0,0,0
TF,FONIX,39.833531,-93.365425,0, ,0.0,0.0,0.0,0.0,0,0,0,0,0,0,0,0
TF,BQS,39.630556,-93.875278,0, ,0.0,0.0,0.0,0.0,0,0,0,0,0,0,0,0

STAR,BQS5,LMN,1
IF,LMN,40.596747,-93.967594, ,0.0,0.0,0,0,0,0,0,0,0,0
TF,BQS,39.630556,-93.875278,0, ,0.0,0.0,0.0,0.0,0,0,0,0,0,0,0,0

STAR,BQS5,MCM,1
IF,MCM,39.654047,-92.482136, ,0.0,0.0,0,0,0,0,0,0,0,0
TF,CORIM,39.643731,-93.215461,0, ,0.0,0.0,0.0,0.0,0,0,0,0,0,0,0,0
TF,BQS,39.630556,-93.875278,0, ,0.0,0.0,0.0,0.0,0,0,0,0,0,0,0,0

STAR,BQS5,SPI,1
IF,SPI,39.839733,-89.677736, ,0.0,0.0,0,0,0,0,0,0,0,0
TF,UIN,39.847875,-91.278925,0, ,0.0,0.0,0.0,0.0,0,0,0,0,0,0,0,0
TF,HUGIN,39.705097,-93.060728,0, ,0.0,0.0,0.0,0.0,0,0,0,0,0,0,0,0
TF,BQS,39.630556,-93.875278,0, ,0.0,0.0,0.0,0.0,0,0,0,0,0,0,0,0

STAR,BQS5,ALL,2
IF,BQS,39.630556,-93.875278, ,0.0,0.0,0,0,0,0,0,0,0,0
TF,DONNS,39.539567,-94.055958,0, ,0.0,0.0,0.0,0.0,0,0,0,0,0,0,0,0

STAR,JHAWK6,CNU,1
IF,CNU,37.626158,-95.593469, ,0.0,0.0,0,0,0,0,0,0,0,0
TF,JHAWK,38.805514,-95.420939,0, ,0.0,0.0,0.0,0.0,0,0,0,0,0,0,0,0

STAR,JHAWK6,EMP,1
IF,EMP,38.291142,-96.138117, ,0.0,0.0,0,0,0,0,0,0,0,0
TF,JHAWK,38.805514,-95.420939,0, ,0.0,0.0,0.0,0.0,0,0,0,0,0,0,0,0

STAR,JHAWK6,ALL,2
IF,JHAWK,38.805514,-95.420939, ,0.0,0.0,0,0,0,0,0,0,0,0
TF,HOOZE,38.895078,-95.294403,0, ,0.0,0.0,0.0,0.0,0,0,0,0,0,0,0,0
TF,RUGBB,39.006867,-95.135819,0, ,0.0,0.0,0.0,0.0,0,0,0,0,0,0,0,0
TF,NOAHS,39.174072,-94.896931,0, ,0.0,0.0,0.0,0.0,0,0,0,1,210,0,0,0
VM,39.771944,-94.909706,0,10.0,0,0,0,0,0,0,0,0

STAR,RBA3,FOD,1
IF,FOD,42.611125,-94.294817, ,0.0,0.0,0,0,0,0,0,0,0,0
TF,KARAA,40.272936,-95.256525,0, ,0.0,0.0,0.0,0.0,0,0,0,0,0,0,0,0
TF,RBA,39.850833,-95.423056,0, ,0.0,0.0,0.0,0.0,0,0,0,0,0,0,0,0

STAR,RBA3,OVR,1
IF,OVR,41.167167,-95.736853, ,0.0,0.0,0,0,0,0,0,0,0,0
TF,HILDE,40.253758,-95.517714,0, ,0.0,0.0,0.0,0.0,0,0,0,0,0,0,0,0
TF,RBA,39.850833,-95.423056,0, ,0.0,0.0,0.0,0.0,0,0,0,0,0,0,0,0

STAR,RBA3,PWE,1
IF,PWE,40.200353,-96.206281, ,0.0,0.0,0,0,0,0,0,0,0,0
TF,RBA,39.850833,-95.423056,0, ,0.0,0.0,0.0,0.0,0,0,0,0,0,0,0,0

STAR,RBA3,ALL,2
IF,RBA,39.850833,-95.423056, ,0.0,0.0,0,0,0,0,0,0,0,0
TF,JUDAA,39.688564,-95.252983,0, ,0.0,0.0,0.0,0.0,0,0,0,0,0,0,0,0

STAR,TYGER6,SGF,1
IF,SGF,37.355947,-93.334042, ,0.0,0.0,0,0,0,0,0,0,0,0
TF,KRAZO,38.118308,-93.760850,0, ,0.0,0.0,0.0,0.0,0,0,0,0,0,0,0,0
TF,TYGER,38.683369,-94.083633,0, ,0.0,0.0,0.0,0.0,0,0,0,0,0,0,0,0

STAR,TYGER6,ALL,2
IF,TYGER,38.683369,-94.083633, ,0.0,0.0,0,0,0,0,0,0,0,0
TF,TRIKE,38.840156,-94.252389,0, ,0.0,0.0,0.0,0.0,0,0,0,0,0,0,0,0
TF,MORAY,38.954814,-94.376439,0, ,0.0,0.0,0.0,0.0,0,0,0,0,0,0,0,0
TF,SLABB,39.171019,-94.611847,0, ,0.0,0.0,0.0,0.0,0,0,0,1,210,0,0,0
VM,39.771944,-94.909706,0,10.0,0,0,0,0,0,0,0,0

APPTR,B17,17,BOWLR
IF,BOWLR,39.622581,-95.183406, ,0.0,0.0,0,0,0,0,0,0,0,0
TF,AZN,39.883819,-94.908153,0, ,0.0,0.0,0.0,0.0,2,3000,0,0,0,0,0,0
PI,AZN,39.883819,-94.908153,1,STJ,41.0,10.0,356,5.0,2,2700,0,0,0,0,1,0
CF,CF17,39.934008,-94.908156,0,ISTJ,355.6,8.8,176.0,7.0,2,2700,0,0,0,0,0,0

APPTR,B17,17,STJ
IF,STJ,39.960578,-94.925219, ,0.0,0.0,0,0,0,0,0,0,0,0
TF,AZN,39.883819,-94.908153,0, ,0.0,0.0,0.0,0.0,2,2700,0,0,0,0,0,0
PI,AZN,39.883819,-94.908153,1,STJ,41.0,10.0,356,5.0,2,2700,0,0,0,0,1,0
CF,CF17,39.934008,-94.908156,0,ISTJ,355.6,8.8,176.0,7.0,2,2700,0,0,0,0,0,0

FINAL,B17,17,D,3
IF,CF17,39.934008,-94.908156,ISTJ,355.6,8.8,2,2700,0,0,0,0,0,0
CF,AZN,39.883819,-94.908153,0,ISTJ,355.4,5.8,176.0,3.0,2,2700,0,0,0,0,2,0
CF,MA17,39.796067,-94.907019,0,ISTJ,355.4,0.5,176.0,5.3,1,1094,0,0,0,0,3,0
CF,ST,39.675803,-94.906925,0,STJ,169.2,17.1,176.0,7.2,2,2400,0,0,0,0,0,0
HM,ST,39.675803,-94.906925,1, ,0.0,0.0,356.0,04.3,0,0,0,0,0,0,0,0,0

APPTR,D35,35,HANOT
IF,HANOT,39.747606,-94.485419, ,0.0,0.0,0,0,0,0,0,0,1,0
AF,KARRE,39.561258,-94.888478,2,STJ,167.9,24.0,114.0,2,3100,0,0,0,0,0,0

APPTR,D35,35,ZALTA
IF,ZALTA,39.615678,-95.188647, ,0.0,0.0,0,0,0,0,0,0,1,0
AF,KARRE,39.561258,-94.888478,1,STJ,167.9,24.0,203.0,2,3100,0,0,0,0,0,0

FINAL,D35,35,D,3
IF,KARRE,39.561258,-94.888478,STJ,167.9,24.0,2,3100,0,0,0,0,0,0
CF,CUSOK,39.671106,-94.898542,0,STJ,167.9,17.4,348.0,6.6,2,2500,0,0,0,0,2,0
CF,RW35,39.762447,-94.906911,0,STJ,167.9,11.9,348.0,5.5,1,876,0,0,0,0,3,0
CA,0,348.0,2,2700,0,0,0,0,0,0
VI,2, ,0.0,90.0,0,0,0,0,0,0,0,0
CF,HANOT,39.747606,-94.485419,0,STJ,114.0,24.0,114.0,14.2,2,3100,0,0,0,0,0,0
HM,HANOT,39.747606,-94.485419,1, ,0.0,0.0,114.0,04.3,0,0,0,0,0,0,0,0,0

APPTR,I35,35,BOWLR
IF,BOWLR,39.622581,-95.183406, ,0.0,0.0,0,0,0,0,0,0,0,0
TF,ST,39.675803,-94.906925,0, ,0.0,0.0,0.0,0.0,2,3000,0,0,0,0,0,0
HF,ST,39.675803,-94.906925,1, ,0.0,0.0,356.0,04.3,2,2500,0,0,0,0,1,0,0

APPTR,I35,35,HANOT
IF,HANOT,39.747606,-94.485419, ,0.0,0.0,0,0,0,0,0,0,1,0
AF,D165X,39.563214,-94.862183,2,STJ,165.0,24.0,114.0,2,3100,0,0,0,0,0,0
VI,0,ISTJ,0.0,326.0,0,0,0,0,0,0,0,0

APPTR,I35,35,STJ
IF,STJ,39.960578,-94.925219, ,0.0,0.0,0,0,0,0,0,0,0,0
TF,ST,39.675803,-94.906925,0, ,0.0,0.0,0.0,0.0,2,2500,0,0,0,0,0,0
HF,ST,39.675803,-94.906925,1, ,0.0,0.0,356.0,04.3,2,2500,0,0,0,0,1,0,0

APPTR,I35,35,ZALTA
IF,ZALTA,39.615678,-95.188647, ,0.0,0.0,0,0,0,0,0,0,1,0
AF,D175X,39.560794,-94.952286,1,STJ,175.0,24.0,203.0,2,3100,0,0,0,0,0,0
VI,0,ISTJ,0.0,26.0,0,0,0,0,0,0,0,0

FINAL,I35,35,I,3
IF,FILUX,39.560525,-94.906964,ISTJ,176.0,13.6,2,3100,0,0,0,0,0,0
CF,TARIO,39.675728,-94.906842,0,ISTJ,176.0,6.7,356.0,6.9,1,2446,0,0,0,0,2,0
CF,RW35,39.762447,-94.906911,0,ISTJ,176.0,1.5,356.0,5.2,1,876,0,0,0,0,3,0
CA,0,356.0,2,1226,0,0,0,0,0,0
DF,AZN,39.883819,-94.908153,0, ,0.0,0.0,2,2700,0,0,0,0,0,0
HM,AZN,39.883819,-94.908153,2, ,0.0,0.0,175.0,04.3,0,0,0,0,0,0,0,0,0

APPTR,R13,13,OVEGE
HF,OVEGE,39.914439,-95.098344,2, ,0.0,0.0,132.0,04,2,3100,0,0,0,0,1,0,0

FINAL,R13,13,R,3
IF,OVEGE,39.914439,-95.098344, ,0.0,0.0,2,3100,0,0,0,0,0,0
TF,UNZAS,39.842933,-95.007572,0, ,0.0,0.0,132.0,6.0,2,2700,0,0,0,0,2,0
TF,RW13,39.774019,-94.920350,0, ,0.0,0.0,132.0,5.8,1,861,0,0,0,0,3,1
CA,0,132.0,2,1227,0,0,0,0,0,0
DF,ZOXAD,39.623900,-94.731239,0, ,0.0,0.0,2,3100,0,0,0,0,0,1
HM,ZOXAD,39.623900,-94.731239,2, ,0.0,0.0,312.0,04,0,0,0,0,0,0,0,0,0

APPTR,R17,17,TOCDU
HF,TOCDU,39.979894,-94.906911,2, ,0.0,0.0,176.0,07,2,3000,0,0,0,0,1,0,0

FINAL,R17,17,R,4
IF,TOCDU,39.979894,-94.906911, ,0.0,0.0,2,3000,0,0,0,0,0,0
TF,JUNPI,39.879797,-94.906911,0, ,0.0,0.0,176.0,6.0,2,2700,0,0,0,0,2,0
TF,ZEXUL,39.820103,-94.906911,0, ,0.0,0.0,176.0,3.6,2,1560,0,0,0,0,0,0
TF,RW17,39.784575,-94.906911,0, ,0.0,0.0,176.0,2.1,1,883,0,0,0,0,3,1
CA,0,176.0,2,1027,0,0,0,0,0,0
DF,WEXOM,39.560525,-94.906911,0, ,0.0,0.0,2,3100,0,0,0,0,0,1
HM,WEXOM,39.560525,-94.906911,2, ,0.0,0.0,356.0,07,0,0,0,0,0,0,0,0,0

APPTR,R31,31,ZOXAD
HF,ZOXAD,39.623900,-94.731239,2, ,0.0,0.0,312.0,04,2,3100,0,0,0,0,1,0,0

FINAL,R31,31,R,4
IF,ZOXAD,39.623900,-94.731239, ,0.0,0.0,2,3100,0,0,0,0,0,0
TF,HUROV,39.695603,-94.821422,0, ,0.0,0.0,312.0,6.0,2,2700,0,0,0,0,2,0
TF,YOGYU,39.733050,-94.868625,0, ,0.0,0.0,312.0,3.1,2,1700,0,0,0,0,0,0
TF,RW31,39.764589,-94.908436,0, ,0.0,0.0,312.0,2.6,1,862,0,0,0,0,3,1
CA,0,312.0,2,1062,0,0,0,0,0,0
DF,OVEGE,39.914439,-95.098344,0, ,0.0,0.0,2,3100,0,0,0,0,0,1
HM,OVEGE,39.914439,-95.098344,2, ,0.0,0.0,132.0,04,0,0,0,0,0,0,0,0,0

APPTR,R35,35,WEXOM
HF,WEXOM,39.560525,-94.906911,2, ,0.0,0.0,356.0,07,2,3100,0,0,0,0,1,0,0

FINAL,R35,35,R,4
IF,WEXOM,39.560525,-94.906911, ,0.0,0.0,2,3100,0,0,0,0,0,0
TF,DEBEC,39.666183,-94.906911,0, ,0.0,0.0,356.0,6.3,2,2700,0,0,0,0,2,0
TF,HIBGE,39.717417,-94.906911,0, ,0.0,0.0,356.0,3.1,2,1720,0,0,0,0,0,0
TF,RW35,39.762447,-94.906911,0, ,0.0,0.0,356.0,2.7,1,862,0,0,0,0,3,1
CA,0,356.0,2,1012,0,0,0,0,0,0
DF,TOCDU,39.979894,-94.906911,0, ,0.0,0.0,2,3000,0,0,0,0,0,1
HM,TOCDU,39.979894,-94.906911,2, ,0.0,0.0,176.0,07,0,0,0,0,0,0,0,0,0

APPTR,S17,17,STJ
HF,STJ,39.960578,-94.925219,2, ,0.0,0.0,167.0,04.3,2,2700,0,0,0,0,1,0,0

APPTR,S17,17,UBELE
IF,UBELE,39.988939,-95.072433, ,0.0,0.0,0,0,0,0,0,0,1,0
AF,BUCAV,40.076994,-94.938103,2,STJ,347.1,7.0,276.0,2,2700,0,0,0,0,0,0
CF,STJ,39.960578,-94.925219,0,STJ,0.0,0.0,167.0,7.0,2,2700,0,0,0,0,0,0

APPTR,S17,17,WITAG
IF,WITAG,39.973303,-94.774383, ,0.0,0.0,0,0,0,0,0,0,1,0
AF,BUCAV,40.076994,-94.938103,1,STJ,347.1,7.0,76.0,2,2700,0,0,0,0,0,0
CF,STJ,39.960578,-94.925219,0,STJ,0.0,0.0,167.0,7.0,2,2700,0,0,0,0,0,0

FINAL,S17,17,D,3
IF,STJ,39.960578,-94.925219,STJ,0.0,0.0,2,2700,0,0,0,0,0,0
CF,FOSRO,39.860725,-94.914822,0,STJ,167.4,6.0,167.0,6.0,2,2300,0,0,0,0,2,0
CF,RW17,39.784575,-94.906911,0,STJ,167.4,10.6,167.0,4.6,1,883,0,0,0,0,3,0
CA,0,167.0,2,1500,0,0,0,0,0,0
DF,STJ,39.960578,-94.925219,2, ,0.0,0.0,2,2700,0,0,0,0,0,0
HM,STJ,39.960578,-94.925219,2, ,0.0,0.0,167.0,04.3,0,0,0,1,265,0,0,0,0

APPTR,T17,17,STJ
HF,STJ,39.960578,-94.925219,2, ,0.0,0.0,167.0,04.3,2,2700,0,0,0,0,1,0,0

APPTR,T17,17,UBELE
IF,UBELE,39.988939,-95.072433, ,0.0,0.0,0,0,0,0,0,0,1,0
AF,BUCAV,40.076994,-94.938103,2,STJ,347.1,7.0,276.0,2,2700,0,0,0,0,0,0
CF,STJ,39.960578,-94.925219,0,STJ,0.0,0.0,167.0,7.0,2,2700,0,0,0,0,0,0

APPTR,T17,17,WITAG
IF,WITAG,39.973303,-94.774383, ,0.0,0.0,0,0,0,0,0,0,1,0
AF,BUCAV,40.076994,-94.938103,1,STJ,347.1,7.0,76.0,2,2700,0,0,0,0,0,0
CF,STJ,39.960578,-94.925219,0,STJ,0.0,0.0,167.0,7.0,2,2700,0,0,0,0,0,0

FINAL,T17,17,D,3
IF,STJ,39.960578,-94.925219,STJ,0.0,0.0,2,2700,0,0,0,0,0,0
CF,FOSRO,39.860725,-94.914822,0,STJ,167.4,6.0,167.0,6.0,2,2300,0,0,0,0,2,0
CF,RW17,39.784575,-94.906911,0,STJ,167.4,10.6,167.0,4.6,1,883,0,0,0,0,3,0
CA,0,167.0,2,2300,0,0,0,0,0,0
DF,HANOT,39.747606,-94.485419,1, ,0.0,0.0,2,3100,0,0,0,0,0,0
HM,HANOT,39.747606,-94.485419,1, ,0.0,0.0,114.0,04.3,0,0,0,1,265,0,0,0,0

