APPTR,R05,05,CHAMS
IF,CHAMS,33.982144,-78.460589, ,0.0,0.0,0,0,0,0,0,0,0,0
TF,BRUNS,33.847794,-78.292350,0, ,0.0,0.0,0.0,0.0,2,2000,0,0,0,0,1,0
TF,HOWWE,33.793114,-78.216769,0, ,0.0,0.0,0.0,0.0,2,1600,0,0,0,0,1,0

APPTR,R05,05,WYLMS
IF,WYLMS,34.099733,-78.275075, ,0.0,0.0,0,0,0,0,0,0,0,0
TF,BRUNS,33.847794,-78.292350,0, ,0.0,0.0,0.0,0.0,2,2000,0,0,0,0,1,0
TF,HOWWE,33.793114,-78.216769,0, ,0.0,0.0,0.0,0.0,2,1600,0,0,0,0,1,0

FINAL,R05,05,R,3
IF,HOWWE,33.793114,-78.216769, ,0.0,0.0,2,1600,0,0,0,0,0,0
TF,WIVAN,33.868764,-78.138067,0, ,0.0,0.0,49.0,6.0,2,1500,0,0,0,0,2,0
TF,RW05,33.925114,-78.079322,0, ,0.0,0.0,49.0,4.5,1,58,0,0,0,0,3,1
CA,0,49.0,2,274,0,0,0,0,0,0
DF,JONDE,33.991933,-78.009514,0, ,0.0,0.0,0,0,0,0,0,0,0,0
TF,WYLMS,34.099733,-78.275075,1, ,0.0,0.0,0.0,0.0,2,3000,0,0,0,0,0,1
HM,WYLMS,34.099733,-78.275075,2, ,0.0,0.0,191.0,04,0,0,0,0,0,0,0,0,0

APPTR,R23,23,BILLL
IF,BILLL,34.212356,-78.096519, ,0.0,0.0,0,0,0,0,0,0,0,0
TF,SWICK,34.138594,-77.988997,0, ,0.0,0.0,0.0,0.0,2,3000,0,0,0,0,1,0
TF,ORRTN,34.077428,-77.919964,0, ,0.0,0.0,0.0,0.0,2,1700,0,0,0,0,1,0

FINAL,R23,23,R,4
IF,ORRTN,34.077428,-77.919964, ,0.0,0.0,2,1700,0,0,0,0,0,0
TF,INIMY,33.997878,-78.003286,0, ,0.0,0.0,229.0,6.3,2,1700,0,0,0,0,2,0
TF,JONUM,33.960883,-78.041967,0, ,0.0,0.0,229.0,2.9,2,720,0,0,0,0,0,0
TF,RW23,33.935694,-78.068275,0, ,0.0,0.0,229.0,2.0,1,85,0,0,0,0,3,1
CA,0,229.0,2,500,0,0,0,0,0,0
DF,SWICK,34.138594,-77.988997,2, ,0.0,0.0,2,3000,0,0,0,0,0,1
HM,SWICK,34.138594,-77.988997,2, ,0.0,0.0,145.0,04,0,0,0,0,0,0,0,0,0

