APPTR,R02,02,CIPUL
HF,CIPUL,38.038850,-83.666875,2, ,0.0,0.0,26.0,04,2,3600,0,0,0,0,1,0,0

FINAL,R02,02,R,3
IF,CIPUL,38.038850,-83.666875, ,0.0,0.0,2,3600,0,0,0,0,0,0
TF,NIYIK,38.117464,-83.631547,0, ,0.0,0.0,26.0,5.0,2,2900,0,0,0,0,2,0
TF,RW02,38.207881,-83.590822,0, ,0.0,0.0,26.0,5.8,1,1068,0,0,0,0,3,1
CA,0,26.0,2,1228,0,0,0,0,0,0
DF,IDABE,38.391967,-83.507586,0, ,0.0,0.0,2,3600,0,0,0,0,0,1
HM,IDABE,38.391967,-83.507586,2, ,0.0,0.0,206.0,04,0,0,0,0,0,0,0,0,0

APPTR,R20,20,IDABE
HF,IDABE,38.391967,-83.507586,2, ,0.0,0.0,206.0,04,2,3600,0,0,0,0,1,0,0

FINAL,R20,20,R,4
IF,IDABE,38.391967,-83.507586, ,0.0,0.0,2,3600,0,0,0,0,0,0
TF,SOVSE,38.313392,-83.543169,0, ,0.0,0.0,206.0,5.0,2,2900,0,0,0,0,2,0
TF,UNICI,38.269261,-83.563119,0, ,0.0,0.0,206.0,2.8,2,2000,0,0,0,0,0,0
TF,RW20,38.222106,-83.584406,0, ,0.0,0.0,206.0,3.0,1,1050,0,0,0,0,3,1
CA,0,206.0,2,1270,0,0,0,0,0,0
DF,CIPUL,38.038850,-83.666875,0, ,0.0,0.0,2,3600,0,0,0,0,0,1
HM,CIPUL,38.038850,-83.666875,2, ,0.0,0.0,26.0,04,0,0,0,0,0,0,0,0,0

