APPTR,I04,04,ALICE
IF,ALICE,32.984431,-87.936683, ,0.0,0.0,0,0,0,0,0,0,1,0
VI,0, ,0.0,90.0,2,2200,0,0,0,0,0,0
CF,FLOSY,33.083686,-87.749742,0,ITCL,221.0,11.3,41.0,7.9,2,2200,0,0,0,0,0,0

APPTR,I04,04,D301O
IF,D301O,33.398728,-87.784458,LDK,301.0,15.0,0,0,0,0,0,0,1,0
AF,D231O,33.111428,-87.777678,1,LDK,231.0,15.0,301.0,2,2200,0,0,0,0,0,0
VI,0,ITCL,0.0,71.0,0,0,0,0,0,0,0,0

APPTR,I04,04,EUTAW
IF,EUTAW,32.817728,-87.839036, ,0.0,0.0,0,0,0,0,0,0,0,0
TF,TUSKE,33.158464,-87.670297,0, ,0.0,0.0,0.0,0.0,2,2200,0,0,0,0,0,0
PI,TUSKE,33.158464,-87.670297,2,LDK,176.0,10.0,221,5.0,2,2200,0,0,0,0,1,0

APPTR,I04,04,LDK
IF,LDK,33.258861,-87.536889, ,0.0,0.0,0,0,0,0,0,0,0,0
TF,TUSKE,33.158464,-87.670297,0, ,0.0,0.0,0.0,0.0,2,2200,0,0,0,0,0,0
PI,TUSKE,33.158464,-87.670297,2,LDK,176.0,10.0,221,5.0,2,2200,0,0,0,0,1,0

APPTR,I04,04,MOVIL
IF,MOVIL,33.023586,-87.552767, ,0.0,0.0,0,0,0,0,0,0,0,0
TF,TUSKE,33.158464,-87.670297,0, ,0.0,0.0,0.0,0.0,2,2300,0,0,0,0,0,0
PI,TUSKE,33.158464,-87.670297,2,LDK,176.0,10.0,221,5.0,2,2200,0,0,0,0,1,0

APPTR,I04,04,OKW
IF,OKW,33.237886,-87.249867, ,0.0,0.0,0,0,0,0,0,0,0,0
TF,TUSKE,33.158464,-87.670297,0, ,0.0,0.0,0.0,0.0,2,2200,0,0,0,0,0,0
PI,TUSKE,33.158464,-87.670297,2,OKW,176.0,10.0,221,5.0,2,2200,0,0,0,0,1,0

FINAL,I04,04,I,3
IF,FLOSY,33.083686,-87.749742,ITCL,221.0,11.3,2,2200,0,0,0,0,0,0
CF,TUSKE,33.158464,-87.670297,0,ITCL,220.1,5.3,41.0,6.0,1,1451,0,0,0,0,2,0
CF,RW04,33.210150,-87.619178,0,ITCL,221.0,1.2,41.0,4.0,1,215,0,0,0,0,3,0
CA,0,41.0,2,570,0,0,0,0,0,0
DF,LDK,33.258861,-87.536889,0, ,0.0,0.0,2,2200,0,0,0,0,0,0
HM,LDK,33.258861,-87.536889,2, ,0.0,0.0,229.0,04.3,0,0,0,0,0,0,0,0,0

APPTR,R04,04,ALICE
IF,ALICE,32.984431,-87.936683, ,0.0,0.0,0,0,0,0,0,0,1,0
TF,CAPOG,33.071064,-87.762756,0, ,0.0,0.0,0.0,0.0,2,2400,0,0,0,0,1,0

APPTR,R04,04,MOVIL
IF,MOVIL,33.023586,-87.552767, ,0.0,0.0,0,0,0,0,0,0,0,0
TF,AWIMY,33.016331,-87.687892,0, ,0.0,0.0,0.0,0.0,2,2400,0,0,0,0,1,0
TF,CAPOG,33.071064,-87.762756,0, ,0.0,0.0,0.0,0.0,2,2400,0,0,0,0,1,0

FINAL,R04,04,R,3
IF,CAPOG,33.071064,-87.762756, ,0.0,0.0,2,2400,0,0,0,0,0,0
TF,BUPGY,33.147606,-87.683811,0, ,0.0,0.0,41.0,6.1,2,1800,0,0,0,0,2,0
TF,RW04,33.210150,-87.619178,0, ,0.0,0.0,41.0,5.0,1,198,0,0,0,0,3,1
DF,NENMY,33.363383,-87.460258,0, ,0.0,0.0,2,2500,0,0,0,0,0,0
TF,OKW,33.237886,-87.249867,0, ,0.0,0.0,0.0,0.0,0,0,0,0,0,0,0,1
HM,OKW,33.237886,-87.249867,2, ,0.0,0.0,95.0,04,0,0,0,0,0,0,0,0,0

APPTR,R12,12,ALICE
IF,ALICE,32.984431,-87.936683, ,0.0,0.0,0,0,0,0,0,0,0,0
TF,PISIE,33.310992,-87.811714,0, ,0.0,0.0,0.0,0.0,2,2500,0,0,0,0,0,1
HF,PISIE,33.310992,-87.811714,2, ,0.0,0.0,116.0,04,2,2500,0,0,0,0,1,0,0

APPTR,R12,12,LDK
IF,LDK,33.258861,-87.536889, ,0.0,0.0,0,0,0,0,0,0,0,0
TF,PISIE,33.310992,-87.811714,0, ,0.0,0.0,0.0,0.0,2,2500,0,0,0,0,0,1
HF,PISIE,33.310992,-87.811714,2, ,0.0,0.0,116.0,04,2,2500,0,0,0,0,1,0,0

FINAL,R12,12,R,3
IF,PISIE,33.310992,-87.811714, ,0.0,0.0,2,2500,0,0,0,0,0,0
TF,GUBRE,33.265917,-87.703747,0, ,0.0,0.0,116.0,6.1,2,1800,0,0,0,0,2,0
TF,RW12,33.229158,-87.615950,0, ,0.0,0.0,116.0,4.9,1,217,0,0,0,0,3,1
CA,0,116.0,2,570,0,0,0,0,0,0
DF,ROMLE,33.191858,-87.527092,0, ,0.0,0.0,0,0,0,0,0,0,0,0
TF,OKW,33.237886,-87.249867,0, ,0.0,0.0,0.0,0.0,2,2500,0,0,0,0,0,1
HM,OKW,33.237886,-87.249867,2, ,0.0,0.0,95.0,04,0,0,0,0,0,0,0,0,0

APPTR,R22,22,BESOM
IF,BESOM,33.586314,-87.656525, ,0.0,0.0,0,0,0,0,0,0,0,0
TF,IROSY,33.418244,-87.535283,0, ,0.0,0.0,0.0,0.0,2,2600,0,0,0,0,1,0
TF,NENMY,33.363383,-87.460258,0, ,0.0,0.0,0.0,0.0,2,2300,0,0,0,0,1,0

APPTR,R22,22,OKW
IF,OKW,33.237886,-87.249867, ,0.0,0.0,0,0,0,0,0,0,1,0
TF,NENMY,33.363383,-87.460258,0, ,0.0,0.0,0.0,0.0,2,2300,0,0,0,0,1,0

APPTR,R22,22,SITES
IF,SITES,33.407808,-87.307528, ,0.0,0.0,0,0,0,0,0,0,1,0
TF,NENMY,33.363383,-87.460258,0, ,0.0,0.0,0.0,0.0,2,2300,0,0,0,0,1,0

FINAL,R22,22,R,4
IF,NENMY,33.363383,-87.460258, ,0.0,0.0,2,2300,0,0,0,0,0,0
TF,UMABE,33.285108,-87.541533,0, ,0.0,0.0,221.0,6.2,2,1800,0,0,0,0,2,0
TF,NORLK,33.261414,-87.566094,0, ,0.0,0.0,221.0,1.9,2,1160,0,0,0,0,0,0
TF,RW22,33.223625,-87.605231,0, ,0.0,0.0,221.0,3.0,1,224,0,0,0,0,3,1
DF,ROBND,33.131636,-87.700322,0, ,0.0,0.0,0,0,0,0,0,0,0,0
TF,MOVIL,33.023586,-87.552767,1, ,0.0,0.0,0.0,0.0,0,0,0,0,0,0,0,0
TF,OKW,33.237886,-87.249867,0, ,0.0,0.0,0.0,0.0,2,2500,0,0,0,0,0,1
HM,OKW,33.237886,-87.249867,2, ,0.0,0.0,95.0,04,0,0,0,0,0,0,0,0,0

APPTR,R30,30,MOVIL
IF,MOVIL,33.023586,-87.552767, ,0.0,0.0,0,0,0,0,0,0,0,0
TF,DICAV,33.142231,-87.409233,0, ,0.0,0.0,0.0,0.0,2,2500,0,0,0,0,0,1
HF,DICAV,33.142231,-87.409233,2, ,0.0,0.0,297.0,04,2,2500,0,0,0,0,1,0,0

APPTR,R30,30,OKW
IF,OKW,33.237886,-87.249867, ,0.0,0.0,0,0,0,0,0,0,1,0
TF,DICAV,33.142231,-87.409233,0, ,0.0,0.0,0.0,0.0,2,2500,0,0,0,0,1,0

FINAL,R30,30,R,4
IF,DICAV,33.142231,-87.409233, ,0.0,0.0,2,2500,0,0,0,0,0,0
TF,FEBOG,33.187775,-87.517389,0, ,0.0,0.0,297.0,6.1,2,1800,0,0,0,0,2,0
TF,JEMUR,33.200378,-87.547375,0, ,0.0,0.0,297.0,1.7,2,1240,0,0,0,0,0,0
TF,RW30,33.224250,-87.604242,0, ,0.0,0.0,297.0,3.2,1,215,0,0,0,0,3,1
CA,0,297.0,2,570,0,0,0,0,0,0
DF,MOVIL,33.023586,-87.552767,1, ,0.0,0.0,2,3000,0,0,0,0,0,1
HM,MOVIL,33.023586,-87.552767,2, ,0.0,0.0,50.0,04,0,0,0,0,0,0,0,0,0

APPTR,S04,04,LDK
IF,LDK,33.258861,-87.536889, ,0.0,0.0,0,0,0,0,0,0,0,0
TF,ARDIN,33.162628,-87.699211,0, ,0.0,0.0,0.0,0.0,2,2200,0,0,0,0,0,0
PI,ARDIN,33.162628,-87.699211,2,LDK,187.0,10.0,232,5.0,2,2200,0,0,0,0,1,0
CF,ARDIN,33.162628,-87.699211,0,LDK,231.9,10.0,52.0,8.0,2,1700,0,0,0,0,0,0

FINAL,S04,04,D,2
IF,ARDIN,33.162628,-87.699211,LDK,231.9,10.0,2,1700,0,0,0,0,2,0
CF,RW04,33.210150,-87.619178,0,LDK,231.9,5.1,52.0,4.9,1,203,0,0,0,0,3,0
CF,LDK,33.258861,-87.536889,0,LDK,0.0,0.0,52.0,5.1,2,2200,0,0,0,0,0,0
HM,LDK,33.258861,-87.536889,2, ,0.0,0.0,229.0,04.3,0,0,0,0,0,0,0,0,0

APPTR,S22,22,CAYAP
IF,CAYAP,33.324169,-87.652319, ,0.0,0.0,0,0,0,0,0,0,1,0
AF,HOLTY,33.319983,-87.418236,2,LDK,55.4,7.0,301.0,2,2200,0,0,0,0,1,0

APPTR,S22,22,OKW
IF,OKW,33.237886,-87.249867, ,0.0,0.0,0,0,0,0,0,0,1,0
TF,HOLTY,33.319983,-87.418236,0, ,0.0,0.0,0.0,0.0,2,2200,0,0,0,0,1,0

APPTR,S22,22,ZIVMU
IF,ZIVMU,33.249614,-87.398203, ,0.0,0.0,0,0,0,0,0,0,1,0
AF,HOLTY,33.319983,-87.418236,1,LDK,55.4,7.0,92.0,2,2200,0,0,0,0,1,0

FINAL,S22,22,D,3
IF,HOLTY,33.319983,-87.418236,LDK,55.4,7.0,2,2200,0,0,0,0,0,0
CF,LDK,33.258861,-87.536889,0,LDK,0.0,0.0,235.0,7.0,2,1500,0,0,0,0,2,0
CF,RW22,33.223625,-87.605231,0,LDK,235.5,4.0,235.0,4.0,1,214,0,0,0,0,3,0
CA,0,235.0,2,570,0,0,0,0,0,0
DF,OKW,33.237886,-87.249867,1, ,0.0,0.0,2,2500,0,0,0,0,0,0

APPTR,T04,04,LDK
IF,LDK,33.258861,-87.536889, ,0.0,0.0,0,0,0,0,0,0,0,0
TF,ARDIN,33.162628,-87.699211,0, ,0.0,0.0,0.0,0.0,2,2200,0,0,0,0,0,0
PI,ARDIN,33.162628,-87.699211,2,LDK,187.0,10.0,232,5.0,2,2200,0,0,0,0,1,0
CF,ARDIN,33.162628,-87.699211,0,LDK,231.8,10.0,52.0,8.0,2,1700,0,0,0,0,0,0

FINAL,T04,04,D,2
IF,ARDIN,33.162628,-87.699211,LDK,231.8,10.0,2,1700,0,0,0,0,2,0
CF,RW04,33.210150,-87.619178,0,LDK,231.8,5.1,52.0,4.9,1,203,0,0,0,0,3,0
CF,LDK,33.258861,-87.536889,0,LDK,0.0,0.0,52.0,5.1,2,2200,0,0,0,0,0,0
CF,MRLYN,33.249633,-87.398211,0,LDK,91.5,7.0,92.0,7.0,2,2500,0,0,0,0,0,0
HM,MRLYN,33.249633,-87.398211,2, ,0.0,0.0,272.0,04.3,0,0,0,0,0,0,0,0,0

APPTR,T22,22,CAYAP
IF,CAYAP,33.324169,-87.652319, ,0.0,0.0,0,0,0,0,0,0,1,0
AF,HOLTY,33.319983,-87.418236,2,LDK,55.4,7.0,301.0,2,2200,0,0,0,0,1,0

APPTR,T22,22,OKW
IF,OKW,33.237886,-87.249867, ,0.0,0.0,0,0,0,0,0,0,1,0
TF,HOLTY,33.319983,-87.418236,0, ,0.0,0.0,0.0,0.0,2,2200,0,0,0,0,1,0

APPTR,T22,22,ZIVMU
IF,ZIVMU,33.249614,-87.398203, ,0.0,0.0,0,0,0,0,0,0,1,0
AF,HOLTY,33.319983,-87.418236,1,LDK,55.4,7.0,92.0,2,2200,0,0,0,0,1,0

FINAL,T22,22,D,3
IF,HOLTY,33.319983,-87.418236,LDK,55.4,7.0,2,2200,0,0,0,0,0,0
CF,LDK,33.258861,-87.536889,0,LDK,0.0,0.0,235.0,7.0,2,1500,0,0,0,0,2,0
CF,RW22,33.223625,-87.605231,0,LDK,235.5,4.0,235.0,4.0,1,214,0,0,0,0,3,0
CA,0,235.0,2,570,0,0,0,0,0,0
DF,OKW,33.237886,-87.249867,1, ,0.0,0.0,2,2500,0,0,0,0,0,0

