APPTR,B31,31,D074M
IF,D074M,39.178169,-95.275597,TOP,74.0,13.0,0,0,0,0,0,0,1,0
AF,D143M,38.953100,-95.401928,2,TOP,143.0,13.0,74.0,2,4000,0,0,0,0,0,0
VI,0,ITOP,0.0,279.0,0,0,0,0,0,0,0,0

APPTR,B31,31,ILEMY
FC,ILEMY,38.828944,-95.305742,0,TOP,0.0,0.0,309.0,5.2,2,4000,0,0,0,0,1,0
CF,UJASA,38.935928,-95.445231,0,ITOP,129.3,10.9,309.0,4.0,2,4000,0,0,0,0,0,0

FINAL,B31,31,D,3
IF,UJASA,38.935928,-95.445231,ITOP,129.3,10.9,2,4000,0,0,0,0,0,0
CF,POACH,39.018350,-95.552992,0,ITOP,129.3,3.8,309.0,7.1,2,2200,0,0,0,0,2,0
CF,MA31,39.057300,-95.604078,0,ITOP,129.3,0.5,309.0,3.3,1,1136,0,0,0,0,3,0
CA,0,309.0,2,1281,0,0,0,0,0,0
DF,TOP,39.137078,-95.549169,2, ,0.0,0.0,2,2800,0,0,0,0,0,0
HM,TOP,39.137078,-95.549169,1, ,0.0,0.0,205.0,04.3,0,0,0,0,0,0,0,0,0

APPTR,I13,13,DIETS
IF,DIETS,38.889642,-96.016789, ,0.0,0.0,0,0,0,0,0,0,0,0
TF,BILOY,39.120425,-95.687033,0, ,0.0,0.0,0.0,0.0,2,3600,0,0,0,0,0,0
PI,BILOY,39.120425,-95.687033,1,TOP,354.0,10.0,309,5.0,2,2800,0,0,0,0,1,0

APPTR,I13,13,ROVVO
IF,ROVVO,39.183425,-95.298956,TOP,71.6,12.0,0,0,0,0,0,0,1,0
AF,D294L,39.233944,-95.774242,1,TOP,294.0,12.0,72.0,2,2800,0,0,0,0,0,0
VI,0,ITOP,0.0,159.0,0,0,0,0,0,0,0,0

APPTR,I13,13,TOP
IF,TOP,39.137078,-95.549169, ,0.0,0.0,0,0,0,0,0,0,0,0
TF,BILOY,39.120425,-95.687033,0, ,0.0,0.0,0.0,0.0,2,2800,0,0,0,0,0,0
PI,BILOY,39.120425,-95.687033,1,TOP,354.0,10.0,309,5.0,2,2800,0,0,0,0,1,0

FINAL,I13,13,I,3
IF,BECME,39.200761,-95.792928,ITOP,309.3,11.8,2,2800,0,0,0,0,0,0
CF,BILOY,39.120425,-95.687033,0,ITOP,309.3,4.9,129.0,6.9,1,2179,0,0,0,0,2,0
CF,RW13,39.074789,-95.627047,0,ITOP,309.3,0.0,129.0,3.9,1,919,0,0,0,0,3,0
CA,0,129.0,2,1600,0,0,0,0,0,0
DF,TOP,39.137078,-95.549169,1, ,0.0,0.0,2,2800,0,0,0,0,0,0
HM,TOP,39.137078,-95.549169,1, ,0.0,0.0,205.0,04.3,0,0,0,0,0,0,0,0,0

APPTR,R04,04,BIGAC
IF,BIGAC,39.002528,-95.882819, ,0.0,0.0,2,3600,0,0,0,0,1,0
TF,DULBE,38.939606,-95.812672,0, ,0.0,0.0,0.0,0.0,2,3600,0,0,0,0,1,0

APPTR,R04,04,DULBE
HF,DULBE,38.939606,-95.812672,2, ,0.0,0.0,44.0,04,2,3600,0,0,0,0,1,0,0

APPTR,R04,04,GENPE
IF,GENPE,38.876642,-95.742650, ,0.0,0.0,2,3600,0,0,0,0,1,0
TF,DULBE,38.939606,-95.812672,0, ,0.0,0.0,0.0,0.0,2,3600,0,0,0,0,1,0

FINAL,R04,04,R,3
IF,DULBE,38.939606,-95.812672, ,0.0,0.0,2,3600,0,0,0,0,0,0
TF,BIVYA,39.005244,-95.715867,0, ,0.0,0.0,44.0,6.0,2,2700,0,0,0,0,2,0
TF,RW04,39.065433,-95.626839,0, ,0.0,0.0,44.0,5.5,1,918,0,0,0,0,3,0
CA,0,44.0,2,1281,0,0,0,0,0,0
DF,FEKEM,39.195717,-95.433275,0, ,0.0,0.0,2,3600,0,0,0,0,0,0
HM,FEKEM,39.195717,-95.433275,2, ,0.0,0.0,224.0,04,0,0,0,0,0,0,0,0,0

APPTR,R13,13,KENEC
HF,KENEC,39.230028,-95.831597,2, ,0.0,0.0,129.0,04,2,3600,0,0,0,0,1,0,0

FINAL,R13,13,R,4
IF,KENEC,39.230028,-95.831597, ,0.0,0.0,2,3600,0,0,0,0,0,0
TF,CENIB,39.125358,-95.693525,0, ,0.0,0.0,129.0,9.0,2,2300,0,0,0,0,2,0
TF,ZOBOS,39.100431,-95.660733,0, ,0.0,0.0,129.0,2.1,2,1600,0,0,0,0,0,0
TF,RW13,39.074789,-95.627047,0, ,0.0,0.0,129.0,2.2,1,919,0,0,0,0,3,1
CA,0,129.0,2,1080,0,0,0,0,0,0
DF,YAVUP,38.934706,-95.443642,0, ,0.0,0.0,2,3600,0,0,0,0,0,1
HM,YAVUP,38.934706,-95.443642,2, ,0.0,0.0,309.0,04,0,0,0,0,0,0,0,0,0

APPTR,R18,18,GUKEC
HF,GUKEC,39.268933,-95.616886,2, ,0.0,0.0,177.0,04,2,3600,0,0,0,0,1,0,0

APPTR,R18,18,YERUV
IF,YERUV,39.272708,-95.788506, ,0.0,0.0,2,3600,0,0,0,0,1,0
TF,GUKEC,39.268933,-95.616886,0, ,0.0,0.0,0.0,0.0,2,3600,0,0,0,0,1,0

APPTR,R18,18,ZESIR
IF,ZESIR,39.264908,-95.445283, ,0.0,0.0,2,3600,0,0,0,0,1,0
TF,GUKEC,39.268933,-95.616886,0, ,0.0,0.0,0.0,0.0,2,3600,0,0,0,0,1,0

FINAL,R18,18,R,4
IF,GUKEC,39.268933,-95.616886, ,0.0,0.0,2,3600,0,0,0,0,0,0
TF,HUNON,39.166978,-95.620717,0, ,0.0,0.0,177.0,6.1,2,2700,0,0,0,0,2,0
TF,TICOS,39.111856,-95.622911,0, ,0.0,0.0,177.0,3.3,2,1640,0,0,0,0,0,0
TF,RW18,39.073503,-95.624217,0, ,0.0,0.0,177.0,2.3,1,915,0,0,0,0,3,1
CA,0,177.0,2,1500,0,0,0,0,0,0
DF,GUKEC,39.268933,-95.616886,2, ,0.0,0.0,2,3600,0,0,0,0,0,1
HM,GUKEC,39.268933,-95.616886,2, ,0.0,0.0,177.0,04,0,0,0,0,0,0,0,0,0

APPTR,R22,22,BUYAV
IF,BUYAV,39.258864,-95.503336, ,0.0,0.0,2,3600,0,0,0,0,1,0
TF,FEKEM,39.195717,-95.433275,0, ,0.0,0.0,0.0,0.0,2,3600,0,0,0,0,1,0

APPTR,R22,22,FEKEM
HF,FEKEM,39.195717,-95.433275,2, ,0.0,0.0,224.0,05,2,3600,0,0,0,0,1,0,0

APPTR,R22,22,OGROE
IF,OGROE,39.132528,-95.363339, ,0.0,0.0,2,3600,0,0,0,0,1,0
TF,FEKEM,39.195717,-95.433275,0, ,0.0,0.0,0.0,0.0,2,3600,0,0,0,0,1,0

FINAL,R22,22,R,3
IF,FEKEM,39.195717,-95.433275, ,0.0,0.0,2,3600,0,0,0,0,0,0
TF,TALOY,39.127583,-95.534647,0, ,0.0,0.0,224.0,6.3,2,2600,0,0,0,0,2,0
TF,RW22,39.070825,-95.618847,0, ,0.0,0.0,224.0,5.2,1,919,0,0,0,0,3,1
CA,0,224.0,2,1281,0,0,0,0,0,0
DF,FEKEM,39.195717,-95.433275,2, ,0.0,0.0,2,3600,0,0,0,0,0,1
HM,FEKEM,39.195717,-95.433275,2, ,0.0,0.0,224.0,05,0,0,0,0,0,0,0,0,0

APPTR,R31,31,JHAWK
IF,JHAWK,38.805514,-95.420939, ,0.0,0.0,0,0,0,0,0,0,1,0
TF,YAVUP,38.934706,-95.443642,0, ,0.0,0.0,0.0,0.0,2,3600,0,0,0,0,1,0

APPTR,R31,31,RUGBB
IF,RUGBB,39.006867,-95.135819, ,0.0,0.0,0,0,0,0,0,0,1,0
TF,YAVUP,38.934706,-95.443642,0, ,0.0,0.0,0.0,0.0,2,3600,0,0,0,0,1,0

APPTR,R31,31,TOP
IF,TOP,39.137078,-95.549169, ,0.0,0.0,0,0,0,0,0,0,0,0
TF,YAVUP,38.934706,-95.443642,0, ,0.0,0.0,0.0,0.0,2,3600,0,0,0,0,0,1
HF,YAVUP,38.934706,-95.443642,2, ,0.0,0.0,309.0,04,2,3600,0,0,0,0,1,0,0

FINAL,R31,31,R,4
IF,YAVUP,38.934706,-95.443642, ,0.0,0.0,2,3600,0,0,0,0,0,0
TF,ROGGO,39.003828,-95.534000,0, ,0.0,0.0,309.0,5.9,2,2600,0,0,0,0,2,0
TF,LOCER,39.038183,-95.579011,0, ,0.0,0.0,309.0,2.9,2,1660,0,0,0,0,0,0
TF,RW31,39.065003,-95.614200,0, ,0.0,0.0,309.0,2.3,1,930,0,0,0,0,3,1
CA,0,309.0,2,1281,0,0,0,0,0,0
DF,KENEC,39.230028,-95.831597,0, ,0.0,0.0,2,3600,0,0,0,0,0,1
HM,KENEC,39.230028,-95.831597,2, ,0.0,0.0,129.0,04,0,0,0,0,0,0,0,0,0

APPTR,R36,36,TUCJA
IF,TUCJA,38.878575,-95.802244, ,0.0,0.0,2,3600,0,0,0,0,1,0
TF,WOSMO,38.874814,-95.631631,0, ,0.0,0.0,0.0,0.0,2,3600,0,0,0,0,1,0

APPTR,R36,36,WOSMO
HF,WOSMO,38.874814,-95.631631,2, ,0.0,0.0,357.0,04,2,3600,0,0,0,0,1,0,0

APPTR,R36,36,ZUDKI
IF,ZUDKI,38.870797,-95.460925, ,0.0,0.0,2,3600,0,0,0,0,1,0
TF,WOSMO,38.874814,-95.631631,0, ,0.0,0.0,0.0,0.0,2,3600,0,0,0,0,1,0

FINAL,R36,36,R,4
IF,WOSMO,38.874814,-95.631631, ,0.0,0.0,2,3600,0,0,0,0,0,0
TF,VECUL,38.973531,-95.627950,0, ,0.0,0.0,357.0,5.9,2,2600,0,0,0,0,2,0
TF,OYUPU,39.026600,-95.625969,0, ,0.0,0.0,357.0,3.2,2,1580,0,0,0,0,0,0
TF,RW36,39.061617,-95.624661,0, ,0.0,0.0,357.0,2.1,1,918,0,0,0,0,3,1
CA,0,357.0,2,1254,0,0,0,0,0,0
DF,GUKEC,39.268933,-95.616886,0, ,0.0,0.0,2,3600,0,0,0,0,0,1
HM,GUKEC,39.268933,-95.616886,2, ,0.0,0.0,177.0,04,0,0,0,0,0,0,0,0,0

APPTR,S22,22,KUMGY
IF,KUMGY,39.118750,-95.401050,TOP,94.0,7.0,0,0,0,0,0,0,1,0
AF,DMARY,39.238214,-95.474031,1,TOP,25.0,7.0,94.0,2,3000,0,0,0,0,0,0
CF,TOP,39.137078,-95.549169,0,TOP,0.0,0.0,205.0,7.0,2,2800,0,0,0,0,0,0

APPTR,S22,22,LEBVY
IF,LEBVY,39.122786,-95.697908,TOP,258.0,7.0,0,0,0,0,0,0,1,0
AF,DMARY,39.238214,-95.474031,2,TOP,25.0,7.0,258.0,2,3000,0,0,0,0,0,0
CF,TOP,39.137078,-95.549169,0,TOP,0.0,0.0,205.0,7.0,2,2800,0,0,0,0,0,0

APPTR,S22,22,TOP
HF,TOP,39.137078,-95.549169,1, ,0.0,0.0,205.0,04.3,2,2800,0,0,0,0,1,0,0

FINAL,S22,22,D,2
IF,TOP,39.137078,-95.549169,TOP,0.0,0.0,2,2800,0,0,0,0,2,0
CF,RW22,39.070825,-95.618847,0,TOP,214.4,5.1,214.0,5.1,1,924,0,0,0,0,3,0
CA,0,214.0,2,1281,0,0,0,0,0,0
DF,TOP,39.137078,-95.549169,1, ,0.0,0.0,2,2800,0,0,0,0,0,0
HM,TOP,39.137078,-95.549169,1, ,0.0,0.0,205.0,04.3,0,0,0,0,0,0,0,0,0

