SID,SNAKO3,08,1
CA,0,78.0,2,4560,0,0,0,0,0,0
CF,SNAKO,42.488361,-114.714411,1,TWF,255.0,10.0,255.0,8.0,0,0,0,0,0,0,0,0

SID,SNAKO3,12,1
CA,0,123.0,2,4560,0,0,0,0,0,0
CF,SNAKO,42.488361,-114.714411,1,TWF,255.0,10.0,255.0,10.0,0,0,0,0,0,0,0,0

SID,SNAKO3,26,1
VI,0, ,0.0,258.0,0,0,0,0,0,0,0,0
CF,SNAKO,42.488361,-114.714411,0,TWF,255.0,10.0,255.0,10.0,0,0,0,0,0,0,0,0

SID,SNAKO3,30,1
CA,0,303.0,2,4560,0,0,0,0,0,0
CF,SNAKO,42.488361,-114.714411,0,TWF,255.0,10.0,255.0,10.0,0,0,0,0,0,0,0,0

SID,SNAKO3,JACKS,3
IF,SNAKO,42.488361,-114.714411, ,0.0,0.0,0,0,0,0,0,0,0,0
AF,YIRUR,42.334619,-114.599936,1,TWF,191.0,10.0,255.0,0,0,0,0,0,0,0,0
AF,IXUVE,42.319147,-114.549339,1,TWF,177.0,10.0,191.0,0,0,0,0,0,0,0,0
TF,JACKS,42.198853,-114.593953,0, ,0.0,0.0,0.0,0.0,0,0,0,0,0,0,0,0

SID,SNAKO3,MURTH,3
IF,SNAKO,42.488361,-114.714411, ,0.0,0.0,0,0,0,0,0,0,0,0
AF,YIRUR,42.334619,-114.599936,1,TWF,191.0,10.0,255.0,0,0,0,0,0,0,0,0
AF,IXUVE,42.319147,-114.549339,1,TWF,177.0,10.0,191.0,0,0,0,0,0,0,0,0
AF,OYXOJ,42.327122,-114.399247,1,TWF,138.0,10.0,177.0,0,0,0,0,0,0,0,0
AF,FERUD,42.372381,-114.317408,1,TWF,112.0,10.0,138.0,0,0,0,0,0,0,0,0
AF,MURTH,42.408372,-114.286089,1,TWF,97.0,10.0,112.0,0,0,0,0,0,0,0,0

SID,SNAKO3,ROGET,3
IF,SNAKO,42.488361,-114.714411, ,0.0,0.0,0,0,0,0,0,0,0,0
AF,YIRUR,42.334619,-114.599936,1,TWF,191.0,10.0,255.0,0,0,0,0,0,0,0,0
AF,IXUVE,42.319147,-114.549339,1,TWF,177.0,10.0,191.0,0,0,0,0,0,0,0,0
AF,OYXOJ,42.327122,-114.399247,1,TWF,138.0,10.0,177.0,0,0,0,0,0,0,0,0
TF,ROGET,42.281264,-114.372264,0, ,0.0,0.0,0.0,0.0,0,0,0,0,0,0,0,0

SID,SNAKO3,SAMAN,3
IF,SNAKO,42.488361,-114.714411, ,0.0,0.0,0,0,0,0,0,0,0,0
AF,YIRUR,42.334619,-114.599936,1,TWF,191.0,10.0,255.0,0,0,0,0,0,0,0,0
TF,SAMAN,42.261953,-114.654978,0, ,0.0,0.0,0.0,0.0,0,0,0,0,0,0,0,0

SID,SNAKO3,WODEN,3
IF,SNAKO,42.488361,-114.714411, ,0.0,0.0,0,0,0,0,0,0,0,0
AF,YIRUR,42.334619,-114.599936,1,TWF,191.0,10.0,255.0,0,0,0,0,0,0,0,0
AF,IXUVE,42.319147,-114.549339,1,TWF,177.0,10.0,191.0,0,0,0,0,0,0,0,0
AF,OYXOJ,42.327122,-114.399247,1,TWF,138.0,10.0,177.0,0,0,0,0,0,0,0,0
AF,FERUD,42.372381,-114.317408,1,TWF,112.0,10.0,138.0,0,0,0,0,0,0,0,0
TF,WODEN,42.340064,-114.265903,0, ,0.0,0.0,0.0,0.0,0,0,0,0,0,0,0,0

APPTR,D08,08,WALIL
IF,WALIL,42.641708,-114.606108,TWF,314.0,11.0,0,0,0,0,0,0,1,0
AF,TIRAE,42.498122,-114.736014,1,TWF,257.8,11.0,314.0,2,6000,0,0,0,0,1,0

APPTR,D08,08,YUSUN
IF,YUSUN,42.303075,-114.555311,TWF,177.5,11.0,0,0,0,0,0,0,1,0
AF,TIRAE,42.498122,-114.736014,2,TWF,257.8,11.0,177.0,2,6600,0,0,0,0,1,0

FINAL,D08,08,D,4
IF,TIRAE,42.498122,-114.736014,TWF,257.8,11.0,2,6000,0,0,0,0,0,0
CF,LUVIY,42.487892,-114.597025,0,TWF,257.8,4.8,78.0,6.2,2,5500,0,0,0,0,2,0
CF,ETWED,42.484053,-114.545478,0,TWF,257.8,2.5,78.0,2.3,2,4760,0,0,0,0,0,0
CF,AJHUD,42.481367,-114.509592,0,TWF,258.0,0.9,78.0,1.6,1,4290,0,0,0,0,3,0
CA,0,78.0,2,4560,0,0,0,0,0,0
VI,1, ,0.0,245.0,0,0,0,0,0,0,0,0
CF,WALIL,42.641708,-114.606108,0,TWF,314.0,11.0,314.0,7.0,2,6000,0,0,0,0,0,0
HM,WALIL,42.641708,-114.606108,2, ,0.0,0.0,314.0,04.3,0,0,0,0,0,0,0,0,0

APPTR,I26,26,BYI
FC,BYI,42.580239,-113.865858,0,BYI,0.0,0.0,229.0,12.0,2,7000,0,0,0,0,1,0
CF,SOREE,42.475708,-114.196700,0,ITWF,78.3,14.0,229.0,4.0,2,7000,0,0,0,0,1,0

APPTR,I26,26,DRYAD
IF,DRYAD,42.168442,-113.993628, ,0.0,0.0,0,0,0,0,0,0,0,0
TF,WODEN,42.340064,-114.265903,0, ,0.0,0.0,0.0,0.0,2,9700,0,0,0,0,1,0
AF,UJSON,42.401836,-114.216425,1,TWF,93.0,13.0,112.0,2,8200,0,0,0,0,0,0
AF,D082M,42.441856,-114.201267,1,TWF,82.0,13.0,93.0,2,7000,0,0,0,0,0,0
VI,0,ITWF,0.0,288.0,0,0,0,0,0,0,0,0

APPTR,I26,26,MALTT
IF,MALTT,42.466214,-113.712881, ,0.0,0.0,0,0,0,0,0,0,0,0
TF,GABBY,42.473775,-114.106472,0, ,0.0,0.0,0.0,0.0,2,7400,0,0,0,0,1,0
CF,SOREE,42.475708,-114.196700,0,ITWF,78.3,14.0,258.0,4.0,2,7000,0,0,0,0,1,0

APPTR,I26,26,ROGET
IF,ROGET,42.281264,-114.372264, ,0.0,0.0,0,0,0,0,0,0,1,0
AF,WODEN,42.340064,-114.265903,1,TWF,112.1,13.0,138.0,2,8900,0,0,0,0,0,0
AF,UJSON,42.401836,-114.216425,1,TWF,93.0,13.0,112.0,2,8200,0,0,0,0,0,0
AF,D082M,42.441856,-114.201267,1,TWF,82.0,13.0,93.0,2,7000,0,0,0,0,0,0
VI,0,ITWF,0.0,288.0,0,0,0,0,0,0,0,0

APPTR,I26,26,STRIK
HF,STRIK,42.478664,-114.354339,2, ,0.0,0.0,258.0,04.3,2,6000,0,0,0,0,1,0,0

APPTR,I26,26,TOXEE
IF,TOXEE,42.694947,-114.453639, ,0.0,0.0,0,0,0,0,0,0,1,0
AF,D064M,42.509653,-114.199356,2,TWF,64.0,13.0,349.0,2,7000,0,0,0,0,0,0
VI,0,ITWF,0.0,228.0,0,0,0,0,0,0,0,0

FINAL,I26,26,I,3
IF,SOREE,42.475708,-114.196700,ITWF,78.3,14.0,2,7000,0,0,0,0,0,0
CF,STRIK,42.478664,-114.354339,0,ITWF,78.3,7.0,258.0,7.0,1,5881,0,0,0,0,2,0
CF,RW26,42.480714,-114.470972,0,ITWF,78.3,1.8,258.0,5.2,1,4207,0,0,0,0,3,0
CA,0,258.0,2,4700,0,0,0,0,0,0
VI,2, ,0.0,20.0,0,0,0,0,0,0,0,0
CF,TOXEE,42.694947,-114.453639,0,TWF,349.0,13.0,349.0,6.0,2,7000,0,0,0,0,0,0
HM,TOXEE,42.694947,-114.453639,2, ,0.0,0.0,169.0,04.3,0,0,0,0,0,0,0,0,0

APPTR,R08,08,KINZE
IF,KINZE,43.081056,-114.388675, ,0.0,0.0,0,0,0,0,0,0,0,0
TF,UYEME,42.656003,-114.762264,0, ,0.0,0.0,0.0,0.0,2,9500,0,0,0,0,1,0
TF,WIDUG,42.485383,-114.766703,0, ,0.0,0.0,0.0,0.0,2,6900,0,0,0,0,1,0

APPTR,R08,08,TWF
IF,TWF,42.479856,-114.489453, ,0.0,0.0,0,0,0,0,0,0,0,0
TF,WIDUG,42.485383,-114.766703,0, ,0.0,0.0,0.0,0.0,2,6900,0,0,0,0,0,1
HF,WIDUG,42.485383,-114.766703,2, ,0.0,0.0,78.0,07,2,6900,0,0,0,0,1,0,0

APPTR,R08,08,YIKUK
IF,YIKUK,41.984767,-114.863644, ,0.0,0.0,0,0,0,0,0,0,0,0
TF,JEDBU,42.320367,-114.798825,0, ,0.0,0.0,0.0,0.0,2,10000,0,0,0,0,1,0
TF,WIDUG,42.485383,-114.766703,0, ,0.0,0.0,0.0,0.0,2,6900,0,0,0,0,1,0

FINAL,R08,08,R,4
IF,WIDUG,42.485383,-114.766703, ,0.0,0.0,2,6900,0,0,0,0,0,0
TF,YEGUR,42.483328,-114.630383,0, ,0.0,0.0,78.0,6.1,2,6000,0,0,0,0,2,0
TF,ZOSIL,42.482342,-114.568525,0, ,0.0,0.0,78.0,2.8,2,5120,0,0,0,0,0,0
TF,RW08,42.481261,-114.503222,0, ,0.0,0.0,78.0,2.9,1,4202,0,0,0,0,3,1
CA,0,78.0,2,5000,0,0,0,0,0,0
DF,UYEME,42.656003,-114.762264,1, ,0.0,0.0,2,6000,0,0,0,0,0,1
HM,UYEME,42.656003,-114.762264,1, ,0.0,0.0,118.0,05,0,0,0,0,0,0,0,0,0

APPTR,R26,26,DRYAD
IF,DRYAD,42.168442,-113.993628, ,0.0,0.0,0,0,0,0,0,0,1,0
TF,ZUROV,42.408925,-114.153061,0, ,0.0,0.0,0.0,0.0,2,8800,0,0,0,0,0,0
TF,SOREE,42.475708,-114.196700,0, ,0.0,0.0,0.0,0.0,2,7200,0,0,0,0,1,0

APPTR,R26,26,KINZE
IF,KINZE,43.081056,-114.388675, ,0.0,0.0,0,0,0,0,0,0,0,0
TF,HAZZL,42.642167,-114.074078,0, ,0.0,0.0,0.0,0.0,2,7200,0,0,0,0,1,0
TF,SOREE,42.475708,-114.196700,0, ,0.0,0.0,0.0,0.0,2,7200,0,0,0,0,1,0

APPTR,R26,26,MALTT
IF,MALTT,42.466214,-113.712881, ,0.0,0.0,0,0,0,0,0,0,1,0
TF,GABBY,42.473775,-114.106472,0, ,0.0,0.0,0.0,0.0,2,8200,0,0,0,0,0,0
TF,SOREE,42.475708,-114.196700,0, ,0.0,0.0,0.0,0.0,2,7200,0,0,0,0,1,0

APPTR,R26,26,SAMAN
IF,SAMAN,42.261953,-114.654978, ,0.0,0.0,0,0,0,0,0,0,0,0
TF,SOREE,42.475708,-114.196700,0, ,0.0,0.0,0.0,0.0,2,8000,0,0,0,0,0,1
HF,SOREE,42.475708,-114.196700,2, ,0.0,0.0,259.0,07,2,7200,0,0,0,0,1,0,0

APPTR,R26,26,TWF
IF,TWF,42.479856,-114.489453, ,0.0,0.0,0,0,0,0,0,0,0,0
TF,SOREE,42.475708,-114.196700,0, ,0.0,0.0,0.0,0.0,2,7200,0,0,0,0,0,1
HF,SOREE,42.475708,-114.196700,2, ,0.0,0.0,259.0,07,2,7200,0,0,0,0,1,0,0

FINAL,R26,26,R,3
IF,SOREE,42.475708,-114.196700, ,0.0,0.0,2,7200,0,0,0,0,0,0
TF,VUPCU,42.478356,-114.337150,0, ,0.0,0.0,259.0,6.2,2,6100,0,0,0,0,2,0
TF,RW26,42.480714,-114.470972,0, ,0.0,0.0,258.0,5.9,1,4207,0,0,0,0,3,1
CA,0,258.0,2,4700,0,0,0,0,0,0
DF,UYEME,42.656003,-114.762264,0, ,0.0,0.0,2,6000,0,0,0,0,0,1
HM,UYEME,42.656003,-114.762264,1, ,0.0,0.0,118.0,05,0,0,0,0,0,0,0,0,0

APPTR,S08,08,CEEDY
IF,CEEDY,42.262817,-114.143081, ,0.0,0.0,0,0,0,0,0,0,0,0
TF,WODEN,42.340064,-114.265903,0, ,0.0,0.0,0.0,0.0,2,10500,0,0,0,0,0,0
TF,TWF,42.479856,-114.489453,0, ,0.0,0.0,0.0,0.0,2,8900,0,0,0,0,0,0
PI,TWF,42.479856,-114.489453,1,TWF,302.0,10.0,257,5.0,2,6000,0,0,0,0,1,0
CF,FS08,42.488833,-114.629150,0,TWF,257.0,6.2,77.0,3.8,2,6000,0,0,0,0,0,0

APPTR,S08,08,IXUVE
IF,IXUVE,42.319147,-114.549339, ,0.0,0.0,0,0,0,0,0,0,0,0
TF,TWF,42.479856,-114.489453,0, ,0.0,0.0,0.0,0.0,2,8300,0,0,0,0,0,0
PI,TWF,42.479856,-114.489453,1,TWF,302.0,10.0,257,5.0,2,6000,0,0,0,0,1,0
CF,FS08,42.488833,-114.629150,0,TWF,257.0,6.2,77.0,3.8,2,6000,0,0,0,0,0,0

FINAL,S08,08,D,3
IF,FS08,42.488833,-114.629150,TWF,257.0,6.2,2,6000,0,0,0,0,2,0
CF,AZAJI,42.484636,-114.563503,0,TWF,257.0,2.8,77.0,2.9,2,5060,0,0,0,0,0,0
CF,RW08,42.481261,-114.503222,0,TWF,259.9,0.6,77.0,2.7,1,4202,0,0,0,0,3,0
CF,TWF,42.479856,-114.489453,0,TWF,0.0,0.0,77.0,0.6,0,0,0,0,0,0,0,1
CA,0,77.0,2,6000,0,0,0,0,0,0
DF,TWF,42.479856,-114.489453,1, ,0.0,0.0,0,0,0,0,0,0,0,0
HM,TWF,42.479856,-114.489453,2, ,0.0,0.0,113.0,04.3,0,0,0,0,0,0,0,0,0

APPTR,S26,26,CEEDY
IF,CEEDY,42.262817,-114.143081, ,0.0,0.0,0,0,0,0,0,0,0,0
TF,WODEN,42.340064,-114.265903,0, ,0.0,0.0,0.0,0.0,2,10500,0,0,0,0,0,0
TF,TWF,42.479856,-114.489453,0, ,0.0,0.0,0.0,0.0,2,8900,0,0,0,0,0,0
PI,TWF,42.479856,-114.489453,2,TWF,23.0,10.0,068,5.0,2,6000,0,0,0,0,1,0
CF,FF26,42.486464,-114.360344,0,TWF,68.0,5.8,248.0,4.2,2,6000,0,0,0,0,0,0

APPTR,S26,26,IXUVE
IF,IXUVE,42.319147,-114.549339, ,0.0,0.0,0,0,0,0,0,0,0,0
TF,TWF,42.479856,-114.489453,0, ,0.0,0.0,0.0,0.0,2,8300,0,0,0,0,0,0
PI,TWF,42.479856,-114.489453,2,TWF,23.0,10.0,068,5.0,2,6000,0,0,0,0,1,0
CF,FF26,42.486464,-114.360344,0,TWF,68.0,5.8,248.0,4.2,2,6000,0,0,0,0,0,0

APPTR,S26,26,ROGET
IF,ROGET,42.281264,-114.372264, ,0.0,0.0,0,0,0,0,0,0,0,0
TF,TWF,42.479856,-114.489453,0, ,0.0,0.0,0.0,0.0,2,9100,0,0,0,0,0,0
PI,TWF,42.479856,-114.489453,2,TWF,23.0,10.0,068,5.0,2,6000,0,0,0,0,1,0
CF,FF26,42.486464,-114.360344,0,TWF,68.0,5.8,248.0,4.2,2,6000,0,0,0,0,0,0

FINAL,S26,26,D,3
IF,FF26,42.486464,-114.360344,TWF,68.0,6.0,2,6000,0,0,0,0,2,0
CF,XULXU,42.483325,-114.422042,0,TWF,68.0,3.0,248.0,3.0,2,5000,0,0,0,0,0,0
CF,RW26,42.480714,-114.470972,0,TWF,68.4,0.8,248.0,2.2,1,4207,0,0,0,0,3,0
CF,TWF,42.479856,-114.489453,0,TWF,0.0,0.0,248.0,0.8,0,0,0,0,0,0,0,1
FA,TWF,42.479856,-114.489453,0,TWF,0.0,0.0,248.0,2,6000,0,0,0,0,0,0
DF,TWF,42.479856,-114.489453,2, ,0.0,0.0,0,0,0,0,0,0,0,0
HM,TWF,42.479856,-114.489453,2, ,0.0,0.0,113.0,04.3,0,0,0,0,0,0,0,0,0

