SID,DAWNN1,ALL,2
IF,SNEVA,39.357242,-86.315953, ,0.0,0.0,0,0,0,0,0,0,0,0
TF,FOYTT,39.041636,-86.280808,0, ,0.0,0.0,0.0,0.0,0,0,0,0,0,0,0,0
TF,DAWNN,38.568253,-86.228681,0, ,0.0,0.0,0.0,0.0,0,0,0,0,0,0,0,0

SID,DAWNN1,IIU,3
IF,DAWNN,38.568253,-86.228681, ,0.0,0.0,2,10000,0,0,0,0,0,0
TF,IIU,38.103464,-85.577436,0, ,0.0,0.0,0.0,0.0,0,0,0,0,0,0,0,0

SID,DAWNN1,MYS,3
IF,DAWNN,38.568253,-86.228681, ,0.0,0.0,0,0,0,0,0,0,0,0
TF,MYS,37.894067,-86.244528,0, ,0.0,0.0,0.0,0.0,0,0,0,0,0,0,0,0

SID,MAREO4,18,1
VM,0,0,0,182.0,0,0,0,0,0,0,0,0
CF,MAREO,39.882797,-85.248250,0,VHP,84.1,51.9,84.0,51.9,2,11000,0,0,0,0,0,0

SID,MAREO4,36,1
VM,0,0,0,2.0,0,0,0,0,0,0,0,0
CF,MAREO,39.882797,-85.248250,0,VHP,84.1,51.9,84.0,51.9,2,11000,0,0,0,0,0,0

SID,MAREO4,BDOCK,3
IF,MAREO,39.882797,-85.248250, ,0.0,0.0,2,11000,0,0,0,0,0,0
TF,BDOCK,39.935000,-84.233667,0, ,0.0,0.0,0.0,0.0,0,0,0,0,0,0,0,0

SID,MEARZ5,18,1
VM,0,0,0,182.0,0,0,0,0,0,0,0,0
CF,MEARZ,39.992742,-86.309758,0,VHP,13.0,11.0,13.0,11.0,0,0,0,0,0,0,0,0

SID,MEARZ5,36,1
VM,0,0,0,2.0,0,0,0,0,0,0,0,0
CF,MEARZ,39.992742,-86.309758,0,VHP,13.0,11.0,13.0,11.0,0,0,0,0,0,0,0,0

SID,MEARZ5,BVT,3
IF,MEARZ,39.992742,-86.309758, ,0.0,0.0,0,0,0,0,0,0,0,0
TF,SACHS,40.144044,-86.511794,0, ,0.0,0.0,0.0,0.0,0,0,0,0,0,0,0,0
TF,BVT,40.556172,-87.069375,0, ,0.0,0.0,0.0,0.0,0,0,0,0,0,0,0,0

SID,MEARZ5,MZZ,3
IF,MEARZ,39.992742,-86.309758, ,0.0,0.0,0,0,0,0,0,0,0,0
TF,BRATN,40.137161,-86.129289,0, ,0.0,0.0,0.0,0.0,0,0,0,0,0,0,0,0
TF,MZZ,40.493331,-85.679250,0, ,0.0,0.0,0.0,0.0,0,0,0,0,0,0,0,0

SID,MEARZ5,OKK,3
IF,MEARZ,39.992742,-86.309758, ,0.0,0.0,0,0,0,0,0,0,0,0
TF,SHAWW,40.149700,-86.236314,0, ,0.0,0.0,0.0,0.0,0,0,0,0,0,0,0,0
TF,OKK,40.527781,-86.058000,0, ,0.0,0.0,0.0,0.0,0,0,0,0,0,0,0,0

SID,OOM4,18,1
VM,0,0,0,182.0,0,0,0,0,0,0,0,0
CF,OOM,39.143822,-86.613019,0,VHP,194.9,41.8,195.0,41.8,0,0,0,0,0,0,0,0

SID,OOM4,36,1
VM,0,0,0,2.0,0,0,0,0,0,0,0,0
CF,OOM,39.143822,-86.613019,0,VHP,194.9,41.8,195.0,41.8,0,0,0,0,0,0,0,0

SID,OOM4,PXV,3
IF,OOM,39.143822,-86.613019, ,0.0,0.0,0,0,0,0,0,0,0,0
TF,WEGEE,38.513772,-86.987500,0, ,0.0,0.0,0.0,0.0,0,0,0,0,0,0,0,0
TF,PXV,37.928319,-87.762381,0, ,0.0,0.0,0.0,0.0,0,0,0,0,0,0,0,0

SID,ROCKY9,18,1
VA,0,182.0,2,1330,0,0,0,0,0,0
VM,0,0,0,182.0,0,0,0,0,0,0,0,0
CF,TTH,39.488942,-87.249014,0,VHP,243.7,45.3,244.0,45.3,0,0,0,0,0,0,0,0
TF,ROCKY,39.587950,-88.833553,0, ,0.0,0.0,0.0,0.0,0,0,0,0,0,0,0,0

SID,ROCKY9,36,1
VA,0,2.0,2,1330,0,0,0,0,0,0
VM,0,0,0,2.0,0,0,0,0,0,0,0,0
CF,TTH,39.488942,-87.249014,0,VHP,243.7,45.3,244.0,45.3,0,0,0,0,0,0,0,0
TF,ROCKY,39.587950,-88.833553,0, ,0.0,0.0,0.0,0.0,0,0,0,0,0,0,0,0

SID,ROCKY9,SPI,3
IF,ROCKY,39.587950,-88.833553, ,0.0,0.0,0,0,0,0,0,0,0,0
TF,SPI,39.839733,-89.677736,0, ,0.0,0.0,0.0,0.0,0,0,0,0,0,0,0,0

SID,ROCKY9,STL,3
IF,ROCKY,39.587950,-88.833553, ,0.0,0.0,2,10000,0,0,0,0,0,0
TF,STL,38.860689,-90.482367,0, ,0.0,0.0,0.0,0.0,0,0,0,0,0,0,0,0

STAR,RACYR5,BIB,1
IF,BIB,38.920344,-88.481806, ,0.0,0.0,0,0,0,0,0,0,0,0
TF,REEMO,38.960372,-88.165514,0, ,0.0,0.0,0.0,0.0,0,0,0,0,0,0,0,0
TF,RACYR,39.111825,-86.897400,0, ,0.0,0.0,0.0,0.0,0,0,0,0,0,0,0,0

STAR,RACYR5,PXV,1
IF,PXV,37.928319,-87.762381, ,0.0,0.0,0,0,0,0,0,0,0,0
TF,RACYR,39.111825,-86.897400,0, ,0.0,0.0,0.0,0.0,0,0,0,0,0,0,0,0

STAR,RACYR5,ALL,2
IF,RACYR,39.111825,-86.897400, ,0.0,0.0,0,0,0,0,0,0,0,0
TF,DRWUD,39.238850,-86.802617,0, ,0.0,0.0,0.0,0.0,0,0,0,0,0,0,0,0
TF,KELLY,39.413678,-86.671372,0, ,0.0,0.0,0.0,0.0,0,0,0,0,0,0,0,0
TF,VHP,39.814728,-86.367500,0, ,0.0,0.0,0.0,0.0,0,0,0,0,0,0,0,0

APPTR,I36,36,VHP
IF,VHP,39.814728,-86.367500, ,0.0,0.0,0,0,0,0,0,0,1,0
CF,YABUD,39.831742,-86.249047,0,ITYQ,182.5,12.6,78.0,5.6,2,3000,0,0,0,0,1,0

FINAL,I36,36,I,3
IF,YABUD,39.831742,-86.249047,ITYQ,182.5,12.6,2,3000,0,0,0,0,0,0
CF,PIPTE,39.934147,-86.250269,0,ITYQ,182.5,6.4,2.0,6.1,1,2700,0,0,0,0,2,0
CF,RW36,40.023122,-86.251339,0,ITYQ,182.5,1.1,2.0,5.3,1,975,0,0,0,0,3,0
CA,0,2.0,2,2200,0,0,0,0,0,0
CF,PIPTE,39.934147,-86.250269,1,VHP,36.1,9.0,182.0,7.0,2,3000,0,0,0,0,0,0
HM,PIPTE,39.934147,-86.250269,1, ,0.0,0.0,2.0,04.3,0,0,0,0,0,0,0,0,0

APPTR,R18,18,CLANG
IF,CLANG,40.017725,-85.903661, ,0.0,0.0,0,0,0,0,0,0,0,0
TF,CUCAD,40.256142,-86.079533,0, ,0.0,0.0,0.0,0.0,2,3000,0,0,0,0,1,0
TF,SICLE,40.255036,-86.254136,0, ,0.0,0.0,0.0,0.0,2,3000,0,0,0,0,1,0

APPTR,R18,18,OCKEL
IF,OCKEL,40.278592,-86.720061, ,0.0,0.0,0,0,0,0,0,0,0,0
TF,DIYEG,40.253672,-86.428278,0, ,0.0,0.0,0.0,0.0,2,3000,0,0,0,0,1,0
TF,SICLE,40.255036,-86.254136,0, ,0.0,0.0,0.0,0.0,2,3000,0,0,0,0,1,0

APPTR,R18,18,OKK
IF,OKK,40.527781,-86.058000, ,0.0,0.0,0,0,0,0,0,0,1,0
TF,SICLE,40.255036,-86.254136,0, ,0.0,0.0,0.0,0.0,2,3000,0,0,0,0,1,0

APPTR,R18,18,SICLE
HF,SICLE,40.255036,-86.254136,2, ,0.0,0.0,182.0,04,2,3000,0,0,0,0,1,0,0

FINAL,R18,18,R,4
IF,SICLE,40.255036,-86.254136, ,0.0,0.0,2,3000,0,0,0,0,0,0
TF,SUBFO,40.127589,-86.252597,0, ,0.0,0.0,182.0,7.6,2,2700,0,0,0,0,2,0
TF,ISBIY,40.075744,-86.251972,0, ,0.0,0.0,182.0,3.1,2,1680,0,0,0,0,0,0
TF,RW18,40.038217,-86.251519,0, ,0.0,0.0,182.0,2.3,1,967,0,0,0,0,3,1
CA,0,182.0,2,1216,0,0,0,0,0,0
DF,YABUD,39.831742,-86.249047,0, ,0.0,0.0,2,3000,0,0,0,0,0,1
HM,YABUD,39.831742,-86.249047,2, ,0.0,0.0,2.0,04,0,0,0,0,0,0,0,0,0

APPTR,R36,36,CLANG
IF,CLANG,40.017725,-85.903661, ,0.0,0.0,0,0,0,0,0,0,0,0
TF,TICOC,39.832464,-86.140878,0, ,0.0,0.0,0.0,0.0,2,3000,0,0,0,0,1,0
TF,YABUD,39.831742,-86.249047,0, ,0.0,0.0,0.0,0.0,2,3000,0,0,0,0,1,0

APPTR,R36,36,VHP
IF,VHP,39.814728,-86.367500, ,0.0,0.0,0,0,0,0,0,0,1,0
TF,YABUD,39.831742,-86.249047,0, ,0.0,0.0,0.0,0.0,2,3000,0,0,0,0,1,0

APPTR,R36,36,YABUD
HF,YABUD,39.831742,-86.249047,2, ,0.0,0.0,2.0,04,2,3000,0,0,0,0,1,0,0

FINAL,R36,36,R,3
IF,YABUD,39.831742,-86.249047, ,0.0,0.0,2,3000,0,0,0,0,0,0
TF,PIPTE,39.934147,-86.250269,0, ,0.0,0.0,2.0,6.1,2,2700,0,0,0,0,2,0
TF,RW36,40.023122,-86.251339,0, ,0.0,0.0,2.0,5.3,1,975,0,0,0,0,3,1
CA,0,2.0,2,1240,0,0,0,0,0,0
DF,SICLE,40.255036,-86.254136,0, ,0.0,0.0,2,3000,0,0,0,0,0,1
HM,SICLE,40.255036,-86.254136,2, ,0.0,0.0,182.0,04,0,0,0,0,0,0,0,0,0

APPTR,S18,18,OKK
IF,OKK,40.527781,-86.058000, ,0.0,0.0,0,0,0,0,0,0,1,0
TF,YUKUL,40.276017,-86.127194,0, ,0.0,0.0,0.0,0.0,2,2700,0,0,0,0,1,0

APPTR,S18,18,VHP
IF,VHP,39.814728,-86.367500, ,0.0,0.0,0,0,0,0,0,0,0,0
TF,ZUTID,40.121231,-86.208211,0, ,0.0,0.0,0.0,0.0,2,2700,0,0,0,0,0,0
PI,ZUTID,40.121231,-86.208211,1,VHP,66.0,10.0,021,5.0,2,2700,0,0,0,0,1,0

FINAL,S18,18,D,4
IF,YUKUL,40.276017,-86.127194,VHP,20.7,29.8,2,2700,0,0,0,0,0,0
CF,ZUTID,40.121231,-86.208211,0,VHP,20.7,19.8,201.0,10.0,2,2700,0,0,0,0,2,0
CF,VUVUY,40.073078,-86.233333,0,VHP,20.7,16.7,201.0,3.1,2,1620,0,0,0,0,0,0
CF,RW18,40.038217,-86.251519,0,VHP,20.7,14.4,201.0,2.3,1,973,0,0,0,0,3,1
DF,VHP,39.814728,-86.367500,0, ,0.0,0.0,2,2700,0,0,0,0,0,0
HM,VHP,39.814728,-86.367500,1, ,0.0,0.0,22.0,04.3,0,0,0,0,0,0,0,0,0

