APPTR,R18,18,JAXIP
HF,JAXIP,38.260058,-91.404681,2, ,0.0,0.0,185.0,04,2,3000,0,0,0,0,1,0,0

APPTR,R18,18,STEER
IF,STEER,38.346089,-91.132222, ,0.0,0.0,0,0,0,0,0,0,0,0
TF,IFOKY,38.250031,-91.278364,0, ,0.0,0.0,0.0,0.0,2,3000,0,0,0,0,1,0
TF,JAXIP,38.260058,-91.404681,0, ,0.0,0.0,0.0,0.0,2,3000,0,0,0,0,1,0

APPTR,R18,18,VIH
IF,VIH,38.154072,-91.706772, ,0.0,0.0,0,0,0,0,0,0,0,0
TF,KOMGE,38.269950,-91.531031,0, ,0.0,0.0,0.0,0.0,2,3000,0,0,0,0,1,0
TF,JAXIP,38.260058,-91.404681,0, ,0.0,0.0,0.0,0.0,2,3000,0,0,0,0,1,0

FINAL,R18,18,R,4
IF,JAXIP,38.260058,-91.404681, ,0.0,0.0,2,3000,0,0,0,0,0,0
TF,NIVNE,38.158786,-91.417500,0, ,0.0,0.0,185.0,6.1,2,2700,0,0,0,0,2,0
TF,ZAKIP,38.101669,-91.424711,0, ,0.0,0.0,185.0,3.4,2,1600,0,0,0,0,0,0
TF,RW18,38.073444,-91.428269,0, ,0.0,0.0,185.0,1.7,1,1063,0,0,0,0,3,1
CA,0,185.0,2,1329,0,0,0,0,0,0
DF,QUMXE,37.877286,-91.452922,0, ,0.0,0.0,2,3000,0,0,0,0,0,1
HM,QUMXE,37.877286,-91.452922,2, ,0.0,0.0,5.0,04,0,0,0,0,0,0,0,0,0

APPTR,R36,36,BACTA
IF,BACTA,37.753806,-91.931111, ,0.0,0.0,0,0,0,0,0,0,0,0
TF,PABXO,37.887108,-91.578625,0, ,0.0,0.0,0.0,0.0,2,3000,0,0,0,0,1,0
TF,QUMXE,37.877286,-91.452922,0, ,0.0,0.0,0.0,0.0,2,3000,0,0,0,0,1,0

APPTR,R36,36,BUNKS
IF,BUNKS,37.629603,-91.105964, ,0.0,0.0,0,0,0,0,0,0,0,0
TF,RURVE,37.867328,-91.327253,0, ,0.0,0.0,0.0,0.0,2,3000,0,0,0,0,1,0
TF,QUMXE,37.877286,-91.452922,0, ,0.0,0.0,0.0,0.0,2,3000,0,0,0,0,1,0

APPTR,R36,36,LENOX
IF,LENOX,37.776506,-91.493306, ,0.0,0.0,0,0,0,0,0,0,1,0
TF,QUMXE,37.877286,-91.452922,0, ,0.0,0.0,0.0,0.0,2,3000,0,0,0,0,1,0

APPTR,R36,36,QUMXE
HF,QUMXE,37.877286,-91.452922,2, ,0.0,0.0,5.0,04,2,3000,0,0,0,0,1,0,0

FINAL,R36,36,R,3
IF,QUMXE,37.877286,-91.452922, ,0.0,0.0,2,3000,0,0,0,0,0,0
TF,SOGSE,37.978567,-91.440214,0, ,0.0,0.0,5.0,6.1,2,2700,0,0,0,0,2,0
TF,RW36,38.064100,-91.429447,0, ,0.0,0.0,5.0,5.2,1,1059,0,0,0,0,3,1
CA,0,5.0,2,1423,0,0,0,0,0,0
DF,JAXIP,38.260058,-91.404681,0, ,0.0,0.0,2,3000,0,0,0,0,0,1
HM,JAXIP,38.260058,-91.404681,2, ,0.0,0.0,185.0,04,0,0,0,0,0,0,0,0,0

