APPTR,D17,17,APLES
IF,APLES,34.548467,-117.149483, ,0.0,0.0,0,0,0,0,0,0,1,0
AF,BYTHE,34.779386,-117.286147,1,VCV,10.8,12.2,89.0,2,6600,0,0,0,0,0,0
AF,WENOD,34.797750,-117.372131,1,VCV,350.1,12.2,11.0,2,5200,0,0,0,0,1,0

FINAL,D17,17,D,3
IF,WENOD,34.797750,-117.372131,VCV,350.1,12.2,2,5200,0,0,0,0,0,0
CF,UNCAL,34.695400,-117.381122,0,VCV,350.1,6.1,170.0,6.2,2,4300,0,0,0,0,2,0
CF,VOYNU,34.629853,-117.386869,0,VCV,350.1,2.1,170.0,3.9,1,3047,0,0,0,0,3,0
CA,0,170.0,2,3500,0,0,0,0,0,0
VI,2, ,0.0,300.0,0,0,0,0,0,0,0,0
CF,ETHER,34.664136,-117.763519,0,VCV,268.9,19.0,269.0,14.0,2,6000,0,0,0,0,0,0
HM,ETHER,34.664136,-117.763519,1, ,0.0,0.0,269.0,04.3,0,0,0,0,0,0,0,0,0

APPTR,I17,17,APLES
IF,APLES,34.548467,-117.149483, ,0.0,0.0,0,0,0,0,0,0,1,0
AF,BYTHE,34.779386,-117.286147,1,VCV,10.8,12.2,89.0,2,6600,0,0,0,0,0,0
AF,D356L,34.795228,-117.347017,1,VCV,356.0,12.2,11.0,2,5200,0,0,0,0,0,0
VI,0,IVCV,0.0,196.0,0,0,0,0,0,0,0,0

FINAL,I17,17,I,3
IF,SCCAT,34.798281,-117.388581,IVCV,345.5,13.2,2,5200,0,0,0,0,0,0
CF,SUZZQ,34.695719,-117.387536,0,IVCV,345.5,7.1,166.0,6.1,1,4300,0,0,0,0,2,0
CF,RW17,34.621653,-117.386786,0,IVCV,345.5,2.7,166.0,4.4,1,2869,0,0,0,0,3,0
CA,0,166.0,2,3500,0,0,0,0,0,0
VI,2, ,0.0,300.0,0,0,0,0,0,0,0,0
CF,ETHER,34.664136,-117.763519,0,VCV,268.9,19.0,269.0,14.0,2,6000,0,0,0,0,0,0
HM,ETHER,34.664136,-117.763519,1, ,0.0,0.0,269.0,04.3,0,0,0,0,0,0,0,0,0

APPTR,R17,17,APLES
IF,APLES,34.548467,-117.149483, ,0.0,0.0,0,0,0,0,0,0,0,0
TF,NANCC,34.799292,-117.226681,0, ,0.0,0.0,0.0,0.0,2,7200,0,0,0,0,1,0
TF,SCCAT,34.798281,-117.388581,0, ,0.0,0.0,0.0,0.0,2,5200,0,0,0,0,1,0

APPTR,R17,17,BASAL
IF,BASAL,34.757775,-116.861831, ,0.0,0.0,0,0,0,0,0,0,0,0
TF,NANCC,34.799292,-117.226681,0, ,0.0,0.0,0.0,0.0,2,7200,0,0,0,0,1,0
TF,SCCAT,34.798281,-117.388581,0, ,0.0,0.0,0.0,0.0,2,5200,0,0,0,0,1,0

FINAL,R17,17,R,3
IF,SCCAT,34.798281,-117.388581, ,0.0,0.0,2,5200,0,0,0,0,0,0
TF,SUZZQ,34.695719,-117.387536,0, ,0.0,0.0,166.0,6.1,2,4300,0,0,0,0,2,0
TF,RW17,34.621653,-117.386786,0, ,0.0,0.0,166.0,4.4,1,2869,0,0,0,0,3,1
DF,SPERG,34.543581,-117.385994,0, ,0.0,0.0,0,0,0,0,0,0,0,0
TF,RLONG,34.545050,-117.577694,2, ,0.0,0.0,0.0,0.0,0,0,0,0,0,0,0,0
TF,ETHER,34.664136,-117.763519,0, ,0.0,0.0,0.0,0.0,2,6000,0,0,0,0,0,1
HM,ETHER,34.664136,-117.763519,1, ,0.0,0.0,249.0,07,0,0,0,0,0,0,0,0,0

