APPTR,R06,06,OBEPE
HF,OBEPE,37.906397,-79.222511,2, ,0.0,0.0,61.0,07,2,6700,0,0,0,0,1,0,0

FINAL,R06,06,R,4
IF,OBEPE,37.906397,-79.222511, ,0.0,0.0,2,6700,0,0,0,0,0,0
TF,SOSME,37.975214,-79.110589,0, ,0.0,0.0,61.0,6.7,2,4700,0,0,0,0,2,0
TF,WILIV,38.005833,-79.060664,0, ,0.0,0.0,61.0,3.0,2,3700,0,0,0,0,0,0
TF,RW06,38.075256,-78.947192,0, ,0.0,0.0,61.0,6.8,1,1476,0,0,0,0,3,1
CA,0,61.0,2,1836,0,0,0,0,0,0
DF,ZEDPA,38.251964,-78.656600,0, ,0.0,0.0,2,6300,0,0,0,0,0,1
HM,ZEDPA,38.251964,-78.656600,2, ,0.0,0.0,241.0,07,0,0,0,0,0,0,0,0,0

APPTR,R24,24,ZEDPA
HF,ZEDPA,38.251964,-78.656600,2, ,0.0,0.0,241.0,07,2,6300,0,0,0,0,1,0,0

FINAL,R24,24,R,4
IF,ZEDPA,38.251964,-78.656600, ,0.0,0.0,2,6300,0,0,0,0,0,0
TF,NAYLO,38.180511,-78.774417,0, ,0.0,0.0,241.0,7.0,2,4400,0,0,0,0,0,0
TF,LIBMY,38.160061,-78.808056,0, ,0.0,0.0,241.0,2.0,2,4100,0,0,0,0,2,0
TF,RW24,38.078619,-78.941683,0, ,0.0,0.0,241.0,8.0,1,1470,0,0,0,0,3,1
CA,0,241.0,2,1836,0,0,0,0,0,0
DF,OBEPE,37.906397,-79.222511,0, ,0.0,0.0,2,6700,0,0,0,0,0,1
HM,OBEPE,37.906397,-79.222511,2, ,0.0,0.0,61.0,07,0,0,0,0,0,0,0,0,0

