SID,LLADN1,13,4
VA,0,132.0,2,4780,0,0,0,0,0,0
DF,LLADN,44.542319,-104.603678,0, ,0.0,0.0,0,0,0,1,230,0,0,0

SID,LLADN1,31,4
VA,0,312.0,2,4780,0,0,0,0,0,0
DF,LLADN,44.542319,-104.603678,1, ,0.0,0.0,0,0,0,1,230,0,0,0

SID,LLADN1,GCC,6
IF,LLADN,44.542319,-104.603678, ,0.0,0.0,0,0,0,1,230,0,0,0
TF,ALVAA,44.499542,-104.697047,0, ,0.0,0.0,0.0,0.0,0,0,0,0,0,0,0,0
TF,PEPRS,44.435142,-105.060428,0, ,0.0,0.0,0.0,0.0,0,0,0,0,0,0,0,0
TF,GCC,44.347772,-105.543486,0, ,0.0,0.0,0.0,0.0,0,0,0,0,0,0,0,0

SID,LLADN1,KARAS,6
IF,LLADN,44.542319,-104.603678, ,0.0,0.0,0,0,0,1,230,0,0,0
TF,KARAS,44.273022,-104.313789,0, ,0.0,0.0,0.0,0.0,0,0,0,0,0,0,0,0

SID,LLADN1,KOCYE,6
IF,LLADN,44.542319,-104.603678, ,0.0,0.0,0,0,0,1,230,0,0,0
TF,KOCYE,44.364028,-104.729011,0, ,0.0,0.0,0.0,0.0,0,0,0,0,0,0,0,0

APPTR,R13,13,IMUNE
IF,IMUNE,44.503408,-105.381764, ,0.0,0.0,0,0,0,0,0,0,1,0
TF,FANRO,44.818033,-104.737647,0, ,0.0,0.0,0.0,0.0,2,7000,0,0,0,0,1,0

APPTR,R13,13,KOCYE
IF,KOCYE,44.364028,-104.729011, ,0.0,0.0,0,0,0,0,0,0,1,0
TF,CAMUK,44.719503,-104.940933,0, ,0.0,0.0,0.0,0.0,2,7000,0,0,0,0,0,0
TF,FANRO,44.818033,-104.737647,0, ,0.0,0.0,0.0,0.0,2,7000,0,0,0,0,1,0

FINAL,R13,13,R,3
IF,FANRO,44.818033,-104.737647, ,0.0,0.0,2,7000,0,0,0,0,0,0
TF,TUTTY,44.745792,-104.658433,0, ,0.0,0.0,132.0,5.5,2,6100,0,0,0,0,2,0
TF,RW13,44.668814,-104.574311,0, ,0.0,0.0,132.0,5.9,1,4235,0,0,0,0,3,1
CA,0,132.0,2,4700,0,0,0,0,0,0
DF,KOCYE,44.364028,-104.729011,2, ,0.0,0.0,2,7600,0,0,0,0,0,1
HM,KOCYE,44.364028,-104.729011,2, ,0.0,0.0,11.0,07,0,0,0,0,0,0,0,0,0

APPTR,R13-A,13,KOCYE
HF,KOCYE,44.364028,-104.729011,2, ,0.0,0.0,11.0,07,2,7600,0,0,0,0,1,0,0

APPTR,R13-A,13,WOMIV
IF,WOMIV,44.399864,-104.859189, ,0.0,0.0,0,0,0,0,0,0,1,0
TF,KOCYE,44.364028,-104.729011,0, ,0.0,0.0,0.0,0.0,2,7600,0,0,0,0,1,0

APPTR,R13-A,13,ZIXUN
IF,ZIXUN,44.328042,-104.598992, ,0.0,0.0,0,0,0,0,0,0,1,0
TF,KOCYE,44.364028,-104.729011,0, ,0.0,0.0,0.0,0.0,2,7600,0,0,0,0,1,0

FINAL,R13-A,13,R,4
IF,KOCYE,44.364028,-104.729011, ,0.0,0.0,2,7600,0,0,0,0,0,0
TF,JITKI,44.551283,-104.628222,0, ,0.0,0.0,11.0,12.0,2,6600,0,0,0,0,2,0
TF,OCEGA,44.609497,-104.596747,0, ,0.0,0.0,11.0,3.7,2,5340,0,0,0,0,0,0
TF,NUCIR,44.659236,-104.569800,0, ,0.0,0.0,11.0,3.2,1,5020,0,0,0,0,3,1
CA,0,11.0,2,5020,0,0,0,0,0,0
DF,KOCYE,44.364028,-104.729011,2, ,0.0,0.0,2,15000,0,0,0,0,0,1
HM,KOCYE,44.364028,-104.729011,2, ,0.0,0.0,11.0,07,0,0,0,0,0,0,0,0,0

APPTR,R31-A,31,KOCYE
HF,KOCYE,44.364028,-104.729011,2, ,0.0,0.0,11.0,07,2,7600,0,0,0,0,1,0,0

APPTR,R31-A,31,WOMIV
IF,WOMIV,44.399864,-104.859189, ,0.0,0.0,0,0,0,0,0,0,1,0
TF,KOCYE,44.364028,-104.729011,0, ,0.0,0.0,0.0,0.0,2,7600,0,0,0,0,1,0

APPTR,R31-A,31,ZIXUN
IF,ZIXUN,44.328042,-104.598992, ,0.0,0.0,0,0,0,0,0,0,1,0
TF,KOCYE,44.364028,-104.729011,0, ,0.0,0.0,0.0,0.0,2,7600,0,0,0,0,1,0

FINAL,R31-A,31,R,4
IF,KOCYE,44.364028,-104.729011, ,0.0,0.0,2,7600,0,0,0,0,0,0
TF,JITKI,44.551283,-104.628222,0, ,0.0,0.0,11.0,12.0,2,6600,0,0,0,0,2,0
TF,OCEGA,44.609497,-104.596747,0, ,0.0,0.0,11.0,3.7,2,5340,0,0,0,0,0,0
TF,NUCIR,44.659236,-104.569800,0, ,0.0,0.0,11.0,3.2,1,5020,0,0,0,0,3,1
CA,0,11.0,2,5020,0,0,0,0,0,0
DF,KOCYE,44.364028,-104.729011,2, ,0.0,0.0,2,15000,0,0,0,0,0,1
HM,KOCYE,44.364028,-104.729011,2, ,0.0,0.0,11.0,07,0,0,0,0,0,0,0,0,0

