APPTR,D03,03,BBI
IF,BBI,41.016694,-5.456833, ,0.0,0.0,2,4500,0,0,0,0,1,0
CF,D210H,40.898864,-5.539381,0,BBI,210.0,8.0,210.0,8.0,2,4500,0,0,0,0,0,0
FD,D210H,40.898864,-5.539381,0,BBI,210.0,12.0,165.0,12.0,2,4500,0,0,0,0,0,0
CF,D210N,40.810556,-5.600833,2,BBI,210.0,14.0,345.0,1.0,2,4500,0,1,220,0,1,0
CF,CD03,40.854683,-5.570308,0,BBI,210.0,11.0,30.0,3.0,2,4000,0,0,0,0,0,0

FINAL,D03,03,D,4
IF,CD03,40.854683,-5.570308,BBI,210.0,11.0,2,4000,0,0,0,0,0,0
CF,FD03,40.884444,-5.549444,0,BBI,210.0,9.0,30.0,2.0,2,4000,0,0,0,0,2,0
CF,70VOR,40.913592,-5.529067,0,BBI,210.0,7.0,30.0,2.0,2,3350,0,0,0,0,0,0
CF,RW03,40.942025,-5.509036,0,BBI,209.9,5.1,30.0,2.0,1,2645,0,0,0,0,3,0
CF,BBI,41.016694,-5.456833,0,BBI,0.0,0.0,30.0,5.0,1,4500,0,0,0,0,0,0
HM,BBI,41.016694,-5.456833,2, ,0.0,0.0,210.0,04.3,0,0,0,1,230,0,0,0,0

APPTR,D21,21,BBI
HF,BBI,41.016694,-5.456833,2, ,0.0,0.0,210.0,04.3,2,4500,0,0,0,0,1,0,0

FINAL,D21,21,D,3
IF,BBI,41.016694,-5.456833,BBI,0.0,0.0,2,3800,0,0,0,0,2,0
CF,18VOR,40.990186,-5.475431,0,BBI,210.0,1.8,210.0,1.8,2,3260,0,0,0,0,0,0
CF,MD21,40.972514,-5.487822,0,BBI,210.0,3.0,210.0,1.2,1,2873,0,0,0,0,3,0
FA,MD21,40.972514,-5.487822,0,BBI,0.0,0.0,210.0,2,3100,0,0,0,0,0,0
CI,0, ,0.0,281.0,0,0,0,1,250,0,0,0
CF,SERNA,40.916333,-5.632333,0,BBI,235.0,10.0,235.0,4.0,1,4500,0,0,0,0,0,0
HM,SERNA,40.916333,-5.632333,2, ,0.0,0.0,55.0,04.3,0,0,0,0,0,0,0,0,0

APPTR,I21-Z,21,AL
HF,AL,41.030861,-5.446944,2, ,0.0,0.0,210.0,04.3,2,4500,0,0,0,0,1,0,0

APPTR,I21-Z,21,BBI
HF,BBI,41.016694,-5.456833,2, ,0.0,0.0,210.0,05.5,2,4500,0,0,0,0,1,0,0

FINAL,I21-Z,21,I,3
IF,CI21Z,41.077750,-5.413981,IALR,29.9,9.4,2,4500,0,0,0,0,0,0
CF,FI21Z,41.048333,-5.434722,0,IALR,29.9,7.4,210.0,2.0,1,4500,0,0,0,0,2,0
CF,RW21,40.962025,-5.495064,0,IALR,29.9,1.5,210.0,5.9,1,2639,0,0,0,0,3,0
FA,RW21,40.962025,-5.495064,0,BBI,0.0,0.0,210.0,2,3100,0,0,0,0,0,0
CI,0, ,0.0,281.0,0,0,0,1,250,0,0,0
CF,SERNA,40.916333,-5.632333,0,BBI,235.0,10.0,235.0,3.0,2,4500,0,0,0,0,0,0
HM,SERNA,40.916333,-5.632333,2, ,0.0,0.0,55.0,04.3,0,0,0,0,0,0,0,0,0

