APPTR,I14-Y,14,CM
IF,CM,43.908278,4.905389, ,0.0,0.0,0,0,0,0,0,0,0,0
TF,ORG,44.139306,4.866056,0, ,0.0,0.0,0.0,0.0,2,3200,0,0,0,0,0,0
FD,ORG,44.139306,4.866056,0,ORG,0.0,11.0,310.0,11.0,2,2200,0,1,195,0,0,0
CF,CI14,44.274506,4.733411,2,ORG,323.2,10.8,143.0,3.0,2,2200,0,0,0,0,0,0

APPTR,I14-Y,14,MTL
IF,MTL,44.554944,4.779861, ,0.0,0.0,0,0,0,0,0,0,0,0
TF,ORG,44.139306,4.866056,0, ,0.0,0.0,0.0,0.0,2,3200,0,0,0,0,0,0
HF,ORG,44.139306,4.866056,2, ,0.0,0.0,337.0,04.3,2,3200,0,1,195,0,0,0,0
FD,ORG,44.139306,4.866056,0,ORG,0.0,11.0,310.0,11.0,2,2200,0,1,195,0,0,0
CF,CI14,44.274506,4.733411,2,ORG,323.2,10.8,143.0,3.0,2,2200,0,0,0,0,0,0

APPTR,I14-Y,14,NG
IF,NG,43.857194,4.406278, ,0.0,0.0,0,0,0,0,0,0,0,0
TF,ORG,44.139306,4.866056,0, ,0.0,0.0,0.0,0.0,2,3200,0,0,0,0,0,0
FD,ORG,44.139306,4.866056,1,ORG,0.0,11.0,310.0,11.0,2,2200,0,1,195,0,0,0
CF,CI14,44.274506,4.733411,2,ORG,323.2,10.8,143.0,3.0,2,2200,0,0,0,0,0,0

APPTR,I14-Y,14,ORG
IF,ORG,44.139306,4.866056, ,0.0,0.0,2,3200,0,1,195,0,0,0
FD,ORG,44.139306,4.866056,0,ORG,0.0,11.0,310.0,11.0,2,2200,0,0,0,0,0,0
CF,CI14,44.274506,4.733411,2,ORG,323.2,10.8,143.0,3.0,2,2200,0,0,0,0,0,0

FINAL,I14-Y,14,I,3
IF,CI14,44.274506,4.733411,ORG,323.2,10.8,2,2200,0,0,0,0,0,0
CF,FI14,44.248028,4.760028,0,ORG,323.2,8.8,143.0,2.0,1,2200,0,0,0,0,2,0
CF,RW14,44.148897,4.859747,0,ORG,323.2,1.5,143.0,7.3,1,252,0,0,0,0,3,0
FD,RW14,44.148897,4.859747,0,ORG,333.7,4.0,143.0,4.0,2,600,0,0,0,0,0,0
DF,ORG,44.139306,4.866056,2, ,0.0,0.0,1,3200,0,1,195,0,0,0

APPTR,I14-Z,14,CM
IF,CM,43.908278,4.905389, ,0.0,0.0,0,0,0,0,0,0,0,0
TF,ORG,44.145861,4.857194,0, ,0.0,0.0,0.0,0.0,2,3200,0,0,0,0,0,0
FD,ORG,44.145861,4.857194,0,ORG,314.8,11.0,309.0,11.0,2,2200,0,1,195,0,0,0
CF,CI14,44.274506,4.733411,2,ORG,323.2,10.8,143.0,3.0,2,2200,0,0,0,0,0,0

APPTR,I14-Z,14,MTL
IF,MTL,44.554944,4.779861, ,0.0,0.0,0,0,0,0,0,0,0,0
TF,ORG,44.145861,4.857194,0, ,0.0,0.0,0.0,0.0,2,3200,0,0,0,0,1,0
HF,ORG,44.145861,4.857194,2, ,0.0,0.0,337.0,04.3,2,3200,0,1,195,0,0,0,0
FD,ORG,44.145861,4.857194,0,ORG,314.8,11.0,309.0,11.0,2,2200,0,1,195,0,0,0
CF,CI14,44.274506,4.733411,2,ORG,323.2,10.8,143.0,3.0,2,2200,0,0,0,0,0,0

APPTR,I14-Z,14,NG
IF,NG,43.857194,4.406278, ,0.0,0.0,0,0,0,0,0,0,0,0
TF,ORG,44.145861,4.857194,0, ,0.0,0.0,0.0,0.0,2,3200,0,0,0,0,1,0
FD,ORG,44.145861,4.857194,1,ORG,314.8,11.0,309.0,11.0,2,2200,0,1,195,0,0,0
CF,CI14,44.274506,4.733411,2,ORG,323.2,10.8,143.0,3.0,2,2200,0,0,0,0,0,0

APPTR,I14-Z,14,ORG
IF,ORG,44.145861,4.857194, ,0.0,0.0,2,3200,0,1,195,0,1,0
FD,ORG,44.145861,4.857194,0,ORG,314.8,11.0,309.0,11.0,2,2200,0,0,0,0,0,0
CF,CI14,44.274506,4.733411,2,ORG,323.2,10.8,143.0,3.0,2,2200,0,0,0,0,0,0

FINAL,I14-Z,14,I,3
IF,CI14,44.274506,4.733411,ORG,323.2,10.8,2,2200,0,0,0,0,0,0
CF,FI14,44.248028,4.760028,0,ORG,323.2,8.8,143.0,2.0,1,2200,0,0,0,0,2,0
CF,RW14,44.148897,4.859747,0,ORG,323.2,1.5,143.0,7.3,1,252,0,0,0,0,3,0
FD,RW14,44.148897,4.859747,0,ORG,333.7,4.0,143.0,4.0,2,600,0,0,0,0,0,0
DF,ORG,44.145861,4.857194,2, ,0.0,0.0,1,3200,0,1,195,0,0,0

APPTR,R14,14,MO401
IF,MO401,44.390806,4.486917, ,0.0,0.0,2,5000,0,1,185,0,1,0
TF,MO403,44.340861,4.607694,0, ,0.0,0.0,0.0,0.0,2,3400,0,1,185,0,0,0
TF,MO405,44.299361,4.708333,0, ,0.0,0.0,0.0,0.0,1,2200,0,1,185,0,1,0

APPTR,R14,14,MO402
IF,MO402,44.195639,4.512222, ,0.0,0.0,1,5000,0,1,185,0,1,0
TF,MO404,44.254944,4.624194,0, ,0.0,0.0,0.0,0.0,2,3300,0,1,185,0,0,0
TF,MO405,44.299361,4.708333,0, ,0.0,0.0,0.0,0.0,1,2200,0,1,185,0,1,0

APPTR,R14,14,MO404
IF,MO404,44.254944,4.624194, ,0.0,0.0,2,3300,0,1,185,0,1,0
TF,MO405,44.299361,4.708333,0, ,0.0,0.0,0.0,0.0,1,2200,0,1,185,0,1,0

FINAL,R14,14,R,3
IF,MO405,44.299361,4.708333, ,0.0,0.0,1,2200,0,1,185,0,0,0
TF,MO406,44.231861,4.776361,0, ,0.0,0.0,143.0,5.0,1,2200,0,0,0,0,2,0
TF,RW14,44.148897,4.859747,0, ,0.0,0.0,143.0,6.1,1,245,0,0,0,0,3,1
TF,MO407,44.094833,4.913917,0, ,0.0,0.0,0.0,0.0,3,3500,0,1,185,0,0,1
DF,MO404,44.254944,4.624194,2, ,0.0,0.0,0,0,0,1,185,0,0,0

APPTR,R32,32,MO412
IF,MO412,44.187694,4.674250, ,0.0,0.0,2,3600,0,1,185,0,1,0
TF,MO413,44.077944,4.765389,0, ,0.0,0.0,0.0,0.0,2,3600,0,1,185,0,0,0
TF,MO414,43.972528,4.944306,0, ,0.0,0.0,0.0,0.0,1,2200,0,1,160,0,0,0
TF,MO415,43.992972,4.991917,0, ,0.0,0.0,0.0,0.0,1,2200,0,1,160,0,1,0

FINAL,R32,32,R,3
IF,MO415,43.992972,4.991917, ,0.0,0.0,1,2200,0,1,160,0,0,0
TF,MO416,44.043111,4.950556,0, ,0.0,0.0,328.0,3.5,1,2200,0,0,0,0,2,0
TF,MAP32,44.129986,4.878711,0, ,0.0,0.0,328.0,6.0,1,269,0,0,0,0,3,1
TF,MO417,44.237306,4.789611,0, ,0.0,0.0,0.0,0.0,3,3600,0,1,185,0,0,0
TF,MO412,44.187694,4.674250,0, ,0.0,0.0,0.0,0.0,0,0,0,1,185,0,0,0

APPTR,T14,14,CM
IF,CM,43.908278,4.905389, ,0.0,0.0,0,0,0,0,0,0,0,0
TF,ORG,44.139306,4.866056,0, ,0.0,0.0,0.0,0.0,2,3200,0,0,0,0,1,0
FD,ORG,44.139306,4.866056,0,ORG,0.0,10.0,309.0,10.0,2,2200,0,1,195,0,0,0
CF,FT14,44.232750,4.778333,2,ORG,325.0,6.7,145.0,4.0,2,2200,0,0,0,0,0,0

APPTR,T14,14,MTL
IF,MTL,44.554944,4.779861, ,0.0,0.0,0,0,0,0,0,0,0,0
TF,ORG,44.139306,4.866056,0, ,0.0,0.0,0.0,0.0,2,3200,0,0,0,0,1,0
HF,ORG,44.139306,4.866056,2, ,0.0,0.0,337.0,04.3,2,3200,0,1,195,0,0,0,0
FD,ORG,44.139306,4.866056,0,ORG,0.0,10.0,309.0,10.0,2,2200,0,1,195,0,0,0
CF,FT14,44.232750,4.778333,2,ORG,325.0,6.7,145.0,4.0,2,2200,0,0,0,0,0,0

APPTR,T14,14,NG
IF,NG,43.857194,4.406278, ,0.0,0.0,0,0,0,0,0,0,0,0
TF,ORG,44.139306,4.866056,0, ,0.0,0.0,0.0,0.0,2,3200,0,0,0,0,1,0
FD,ORG,44.139306,4.866056,1,ORG,0.0,10.0,309.0,10.0,2,2200,0,1,195,0,0,0
CF,FT14,44.232750,4.778333,2,ORG,325.0,6.7,145.0,4.0,2,2200,0,0,0,0,0,0

APPTR,T14,14,ORG
IF,ORG,44.139306,4.866056, ,0.0,0.0,2,3200,0,1,195,0,1,0
FD,ORG,44.139306,4.866056,0,ORG,0.0,10.0,309.0,10.0,2,2200,0,0,0,0,0,0
CF,FT14,44.232750,4.778333,2,ORG,325.0,6.7,145.0,4.0,2,2200,0,0,0,0,0,0

FINAL,T14,14,D,4
IF,FT14,44.232750,4.778333,ORG,325.0,6.7,2,2200,0,0,0,0,2,0
CF,50TAC,44.208375,4.801253,0,ORG,325.0,5.0,145.0,1.7,2,1630,0,0,0,0,0,0
CF,30TAC,44.180753,4.827186,0,ORG,325.0,3.0,145.0,2.0,2,1000,0,0,0,0,0,0
CF,MT14,44.153122,4.853094,0,ORG,325.0,0.0,145.0,2.0,1,374,0,0,0,0,3,0
FD,MT14,44.153122,4.853094,0,ORG,325.0,4.0,145.0,4.0,2,600,0,0,0,0,0,0
DF,ORG,44.139306,4.866056,2, ,0.0,0.0,1,3200,0,1,195,0,0,0

APPTR,T32,32,ORG
IF,ORG,44.139306,4.866056, ,0.0,0.0,2,3000,0,0,0,0,0,0
FD,ORG,44.139306,4.866056,0,ORG,0.0,8.3,155.0,8.3,2,2200,0,0,0,0,0,0
CF,CT32,44.028761,4.981436,1,ORG,142.0,8.3,322.0,1.0,2,2200,0,0,0,0,0,0

FINAL,T32,32,D,3
IF,CT32,44.028761,4.981436,ORG,142.0,8.3,2,2200,0,0,0,0,0,0
CF,FT32,44.048222,4.961167,0,ORG,142.0,6.8,322.0,1.5,2,2200,0,0,0,0,2,0
CF,RW32,44.131336,4.877356,0,ORG,133.4,0.7,322.0,6.2,1,237,0,0,0,0,3,0
CF,ORG,44.139306,4.866056,0,ORG,0.0,0.0,322.0,0.7,2,600,0,0,0,0,0,0
CD, ,0,0,0,ORG,0,0.0,322.0,4.0,0,0,0,1,185,0,0,0
DF,ORG,44.139306,4.866056,2, ,0.0,0.0,1,3000,0,0,0,0,0,0

