APPTR,I24,24,GTQ
IF,GTQ,48.986444,6.716222, ,0.0,0.0,0,0,0,0,0,0,0,0
TF,PHG,48.767167,7.199389,0, ,0.0,0.0,0.0,0.0,2,2900,0,0,0,0,1,0
FD,PHG,48.767167,7.199389,0,PB,0.0,6.6,68.0,6.6,2,2600,0,0,0,0,0,0
CF,CF24,48.829253,7.349442,1,PB,55.3,7.8,235.0,1.0,1,2600,0,1,140,0,1,0

APPTR,I24,24,PHG
IF,PHG,48.767167,7.199389, ,0.0,0.0,2,2900,0,0,0,0,1,0
FD,PHG,48.767167,7.199389,0,PB,0.0,6.6,68.0,6.6,2,2600,0,0,0,0,0,0
CF,CF24,48.829253,7.349442,1,PB,55.3,7.8,235.0,1.0,1,2600,0,1,140,0,1,0

APPTR,I24,24,STR
IF,STR,48.505389,7.571972, ,0.0,0.0,0,0,0,0,0,0,0,0
TF,PHG,48.767167,7.199389,0, ,0.0,0.0,0.0,0.0,2,4000,0,0,0,0,1,0
HF,PHG,48.767167,7.199389,1, ,0.0,0.0,70.0,04.3,2,2900,0,1,150,0,0,0,0
FD,PHG,48.767167,7.199389,0,PB,0.0,6.6,68.0,6.6,2,2600,0,0,0,0,0,0
CF,CF24,48.829253,7.349442,1,PB,55.3,7.8,235.0,1.0,1,2600,0,1,140,0,1,0

FINAL,I24,24,I,3
IF,CF24,48.829253,7.349442,PB,55.3,7.8,1,2600,0,0,0,0,0,0
CF,FF24,48.814892,7.315450,0,PB,55.3,6.2,235.0,1.6,1,2600,0,0,0,0,2,0
CF,RW24,48.771542,7.213114,0,PB,55.3,1.4,235.0,4.8,1,1071,0,0,0,0,3,0
FD,RW24,48.771542,7.213114,0,PB,0.0,2.5,235.0,2.5,2,1420,0,0,0,0,0,0
DF,PHG,48.767167,7.199389,2, ,0.0,0.0,1,2900,0,1,140,0,0,0
HM,PHG,48.767167,7.199389,1, ,0.0,0.0,70.0,04.3,0,0,0,1,150,0,0,0,0

APPTR,L24,24,GTQ
IF,GTQ,48.986444,6.716222, ,0.0,0.0,0,0,0,0,0,0,0,0
TF,PHG,48.767167,7.199389,0, ,0.0,0.0,0.0,0.0,2,2900,0,0,0,0,1,0
FD,PHG,48.767167,7.199389,0,PB,0.0,6.6,68.0,6.6,2,2600,0,0,0,0,0,0
CF,CF24,48.829253,7.349442,1,PB,55.3,7.8,235.0,1.0,2,2600,0,1,140,0,1,0

APPTR,L24,24,PHG
IF,PHG,48.767167,7.199389, ,0.0,0.0,2,2900,0,0,0,0,1,0
FD,PHG,48.767167,7.199389,0,PB,0.0,6.6,68.0,6.6,2,2600,0,0,0,0,0,0
CF,CF24,48.829253,7.349442,1,PB,55.3,7.8,235.0,1.0,2,2600,0,1,140,0,1,0

APPTR,L24,24,STR
IF,STR,48.505389,7.571972, ,0.0,0.0,0,0,0,0,0,0,0,0
TF,PHG,48.767167,7.199389,0, ,0.0,0.0,0.0,0.0,2,4000,0,0,0,0,1,0
HF,PHG,48.767167,7.199389,1, ,0.0,0.0,70.0,04.3,2,2900,0,1,150,0,0,0,0
FD,PHG,48.767167,7.199389,0,PB,0.0,6.6,68.0,6.6,2,2600,0,0,0,0,0,0
CF,CF24,48.829253,7.349442,1,PB,55.3,7.8,235.0,1.0,2,2600,0,1,140,0,1,0

FINAL,L24,24,D,4
IF,CF24,48.829253,7.349442,PB,55.3,7.8,2,2600,0,0,0,0,0,0
CF,FF24,48.814892,7.315450,0,PB,55.3,6.2,235.0,1.6,1,2600,0,0,0,0,2,0
CF,30LOC,48.796925,7.272989,0,PB,55.3,4.2,235.0,2.0,2,1960,0,0,0,0,0,0
CF,ML24,48.780742,7.234800,0,PB,55.3,2.4,235.0,1.8,1,1396,0,0,0,0,3,0
FD,ML24,48.780742,7.234800,0,PB,0.0,2.5,235.0,2.5,2,1420,0,0,0,0,0,0
DF,PHG,48.767167,7.199389,2, ,0.0,0.0,1,2900,0,1,140,0,0,0
HM,PHG,48.767167,7.199389,1, ,0.0,0.0,70.0,04.3,0,0,0,1,150,0,0,0,0

APPTR,N06-Y,06,GTQ
IF,GTQ,48.986444,6.716222, ,0.0,0.0,0,0,0,0,0,0,0,0
TF,PHG,48.767167,7.199389,0, ,0.0,0.0,0.0,0.0,2,2900,0,0,0,0,1,0
FC,PHG,48.767167,7.199389,2,GTQ,0.0,0.0,215.0,6.7,2,2500,0,1,160,0,0,1
CF,FF06,48.720169,7.108547,2,GTQ,134.7,22.3,50.0,3.0,2,2500,0,0,0,0,0,0

APPTR,N06-Y,06,PHG
IF,PHG,48.767167,7.199389, ,0.0,0.0,2,2900,0,0,0,0,1,0
FC,PHG,48.767167,7.199389,0,STR,0.0,0.0,215.0,6.7,2,2500,0,1,160,0,0,1
CF,FF06,48.720169,7.108547,2,STR,303.1,22.5,50.0,3.0,2,2500,0,0,0,0,0,0

APPTR,N06-Y,06,STR
IF,STR,48.505389,7.571972, ,0.0,0.0,0,0,0,0,0,0,0,0
TF,PHG,48.767167,7.199389,0, ,0.0,0.0,0.0,0.0,2,4000,0,0,0,0,1,0
HF,PHG,48.767167,7.199389,2, ,0.0,0.0,235.0,04.3,2,2900,0,1,150,0,0,0,0
FC,PHG,48.767167,7.199389,0,STR,0.0,0.0,215.0,6.7,2,2500,0,1,160,0,0,1
CF,FF06,48.720169,7.108547,2,STR,303.1,22.5,50.0,3.0,2,2500,0,0,0,0,0,0

FINAL,N06-Y,06,N,2
IF,FF06,48.720169,7.108547,PHG,0.0,0.0,2,2500,0,0,0,0,2,0
CF,PHG,48.767167,7.199389,0,PHG,0.0,0.0,50.0,4.6,1,1043,0,0,0,0,3,0
FA,PHG,48.767167,7.199389,0,STR,0.0,0.0,50.0,2,2200,0,0,0,0,0,0
DF,PHG,48.767167,7.199389,1, ,0.0,0.0,1,2900,0,0,0,0,0,0

APPTR,Q06-Z,06,GTQ
IF,GTQ,48.986444,6.716222, ,0.0,0.0,0,0,0,0,0,0,0,0
TF,PHG,48.767167,7.199389,0, ,0.0,0.0,0.0,0.0,2,2900,0,0,0,0,1,0
FD,PHG,48.767167,7.199389,2,PB,0.0,8.1,215.0,8.1,2,2500,0,0,0,0,0,0
CF,CQ06Z,48.689861,7.050125,2,GTQ,142.3,22.2,50.0,1.0,2,2500,0,0,0,0,1,0

APPTR,Q06-Z,06,PHG
IF,PHG,48.767167,7.199389, ,0.0,0.0,2,2900,0,0,0,0,1,0
FD,PHG,48.767167,7.199389,0,PB,0.0,8.1,215.0,8.1,2,2500,0,0,0,0,0,0
CF,CQ06Z,48.689861,7.050125,2,GTQ,142.3,22.2,50.0,1.0,2,2500,0,0,0,0,1,0

APPTR,Q06-Z,06,STR
IF,STR,48.505389,7.571972, ,0.0,0.0,0,0,0,0,0,0,0,0
TF,PHG,48.767167,7.199389,0, ,0.0,0.0,0.0,0.0,2,4000,0,0,0,0,1,0
HF,PHG,48.767167,7.199389,2, ,0.0,0.0,235.0,04.3,2,2900,0,1,150,0,0,0,0
FD,PHG,48.767167,7.199389,0,PB,0.0,8.1,215.0,8.1,2,2500,0,0,0,0,0,0
CF,CQ06Z,48.689861,7.050125,2,STR,296.3,23.6,50.0,1.0,2,2500,0,0,0,0,1,0

FINAL,Q06-Z,06,N,4
IF,CQ06Z,48.689861,7.050125,PHG,0.0,0.0,2,2500,0,0,0,0,0,0
CF,FF06,48.720169,7.108547,0,PHG,0.0,0.0,50.0,3.0,2,2500,0,0,0,0,2,0
CF,30DM2,48.740700,7.148194,0,PHG,0.0,0.0,50.0,2.0,2,1860,0,0,0,0,0,0
CF,MQ06Z,48.761319,7.188072,0,PB,0.0,0.0,50.0,2.0,1,1228,0,0,0,0,3,0
FA,MQ06Z,48.761319,7.188072,0,STR,0.0,0.0,50.0,2,2200,0,0,0,0,0,0
DF,PHG,48.767167,7.199389,1, ,0.0,0.0,1,2900,0,0,0,0,0,0

APPTR,Q24-Z,24,GTQ
IF,GTQ,48.986444,6.716222, ,0.0,0.0,0,0,0,0,0,0,0,0
TF,PHG,48.767167,7.199389,0, ,0.0,0.0,0.0,0.0,2,2900,0,0,0,0,1,0
CF,D069G,48.804028,7.361964,0,GTQ,112.0,27.8,69.0,6.8,2,2600,0,1,140,0,0,1
CF,CQ24Z,48.827350,7.345486,1,GTQ,109.8,26.7,236.0,1.0,2,2600,0,0,0,0,1,0

APPTR,Q24-Z,24,PHG
IF,PHG,48.767167,7.199389, ,0.0,0.0,2,2900,0,0,0,0,1,0
CF,D069G,48.804028,7.361964,0,STR,333.1,19.8,69.0,6.8,2,2600,0,1,140,0,0,1
CF,CQ24Z,48.827350,7.345486,1,STR,333.1,21.3,236.0,1.0,2,2600,0,0,0,0,1,0

APPTR,Q24-Z,24,STR
IF,STR,48.505389,7.571972, ,0.0,0.0,0,0,0,0,0,0,0,0
TF,PHG,48.767167,7.199389,0, ,0.0,0.0,0.0,0.0,2,4000,0,0,0,0,1,0
HF,PHG,48.767167,7.199389,1, ,0.0,0.0,70.0,04.3,2,2900,0,1,150,0,0,0,0
CF,D069G,48.804028,7.361964,0,STR,333.1,19.8,69.0,6.8,2,2600,0,1,140,0,0,1
CF,CQ24Z,48.827350,7.345486,1,STR,333.1,21.3,236.0,1.0,2,2600,0,0,0,0,1,0

FINAL,Q24-Z,24,N,4
IF,CQ24Z,48.827350,7.345486,PHG,0.0,0.0,2,2600,0,0,0,0,0,0
CF,FQ24Z,48.815028,7.315511,0,PHG,0.0,0.0,236.0,1.4,2,2600,0,0,0,0,2,0
CF,30DME,48.797414,7.272714,0,PHG,0.0,0.0,236.0,2.0,2,1960,0,0,0,0,0,0
CF,MQ24Z,48.779781,7.229947,0,PB,0.0,0.0,236.0,2.0,1,1336,0,0,0,0,3,0
FD,MQ24Z,48.779781,7.229947,0,PB,0.0,2.5,236.0,2.5,2,1420,0,0,0,0,0,0
DF,PHG,48.767167,7.199389,2, ,0.0,0.0,1,2900,0,1,140,0,0,0

