SID,DPE4X,13,2
VD, ,0,0,0,CN,0.0,0.0,126.0,5.0,2,660,0,0,0,0,0,0
CI,1, ,0.0,19.0,0,0,0,0,0,0,0,0
CF,TANCA,49.521389,0.484722,0,CHW,344.2,65.6,61.0,34.0,0,0,0,0,0,0,0,0
TF,DPE,49.925389,1.170639,0, ,0.0,0.0,0.0,0.0,0,0,0,0,0,0,0,0

SID,DPE4Y,31,2
VD, ,0,0,0,CN,0.0,0.0,306.0,5.0,2,660,0,0,0,0,0,0
CI,2, ,0.0,111.0,0,0,0,0,0,0,0,0
CF,TANCA,49.521389,0.484722,0,CHW,344.2,65.6,61.0,37.0,0,0,0,0,0,0,0,0
TF,DPE,49.925389,1.170639,0, ,0.0,0.0,0.0,0.0,0,0,0,0,0,0,0,0

SID,LGL4X,13,2
VA,0,126.0,2,660,0,0,0,0,0,0
CF,CNE,49.115667,-0.321250,0,CHW,308.4,64.4,126.0,6.0,0,0,0,0,0,0,0,0
TF,LGL,48.790611,0.530278,0, ,0.0,0.0,0.0,0.0,0,0,0,0,0,0,0,0

SID,LGL4Y,31,2
VD, ,0,0,0,CN,0.0,0.0,306.0,5.0,2,660,0,0,0,0,0,0
DF,CAN,49.173194,-0.455278,1, ,0.0,0.0,0,0,0,0,0,0,0,0
TF,LGL,48.790611,0.530278,0, ,0.0,0.0,0.0,0.0,0,0,0,0,0,0,0,0

SID,LISE4X,13,2
VD, ,0,0,0,CN,0.0,0.0,126.0,5.0,2,660,0,0,0,0,0,0
CI,0, ,0.0,60.0,0,0,0,0,0,0,0,0
CF,LISEU,49.103333,0.401944,0,CHW,330.0,44.0,98.0,26.0,0,0,0,0,0,0,0,0

SID,LISE4Y,31,2
VD, ,0,0,0,CN,0.0,0.0,306.0,5.0,2,660,0,0,0,0,0,0
DF,CAN,49.173194,-0.455278,1, ,0.0,0.0,0,0,0,0,0,0,0,0
TF,LISEU,49.103333,0.401944,0, ,0.0,0.0,0.0,0.0,0,0,0,0,0,0,0,0

SID,LUSI4X,13,2
VD, ,0,0,0,CN,0.0,0.0,126.0,5.0,2,660,0,0,0,0,0,0
CI,2, ,0.0,353.0,0,0,0,0,0,0,0,0
CF,LUSIT,49.214722,-1.795556,0,CHW,294.5,118.8,274.0,55.0,0,0,0,0,0,0,0,0

SID,LUSI4Y,31,2
VD, ,0,0,0,CN,0.0,0.0,306.0,5.0,2,660,0,0,0,0,0,0
VI,0, ,0.0,244.0,0,0,0,0,0,0,0,0
CF,LUSIT,49.214722,-1.795556,0,CHW,294.5,118.8,274.0,44.0,0,0,0,0,0,0,0,0

SID,NEVI4X,13,2
VD, ,0,0,0,CN,0.0,0.0,126.0,5.0,2,660,0,0,0,0,0,0
CF,CAN,49.173194,-0.455278,2,CHW,308.2,70.7,7.0,5.0,0,0,0,0,0,0,0,0
TF,NEVIL,50.000000,-0.368233,0, ,0.0,0.0,0.0,0.0,0,0,0,0,0,0,0,0

SID,NEVI4Y,31,2
VD, ,0,0,0,CN,0.0,0.0,306.0,5.0,2,660,0,0,0,0,0,0
CI,2, ,0.0,51.0,0,0,0,0,0,0,0,0
CF,NEVIL,50.000000,-0.368233,0,CHW,331.8,105.7,5.0,42.0,0,0,0,0,0,0,0,0

STAR,BERN4C,ALL,2
IF,BERNO,49.083333,0.633333, ,0.0,0.0,0,0,0,0,0,0,0,0
TF,LISEU,49.103333,0.401944,0, ,0.0,0.0,0.0,0.0,0,0,0,0,0,0,0,0
TF,D098H,49.155878,-0.250000,0, ,0.0,0.0,0.0,0.0,3,8500,0,0,0,0,0,0
TF,CAN,49.173194,-0.455278,0, ,0.0,0.0,0.0,0.0,0,0,0,0,0,0,0,0

STAR,DPE4C,ALL,2
IF,DPE,49.925389,1.170639, ,0.0,0.0,0,0,0,0,0,0,0,0
TF,TANCA,49.521389,0.484722,0, ,0.0,0.0,0.0,0.0,0,0,0,0,0,0,0,0
TF,D061I,49.249233,-0.250000,0, ,0.0,0.0,0.0,0.0,3,8500,0,0,0,0,0,0
TF,CAN,49.173194,-0.455278,0, ,0.0,0.0,0.0,0.0,0,0,0,0,0,0,0,0

STAR,LGL4C,ALL,2
IF,LGL,48.790611,0.530278, ,0.0,0.0,0,0,0,0,0,0,0,0
TF,PIKUP,49.059611,-0.206083,0, ,0.0,0.0,0.0,0.0,1,3000,0,0,0,0,0,0

STAR,LUSI4C,ALL,2
IF,LUSIT,49.214722,-1.795556, ,0.0,0.0,0,0,0,0,0,0,0,0
TF,CAN,49.173194,-0.455278,0, ,0.0,0.0,0.0,0.0,0,0,0,0,0,0,0,0

STAR,NEVI4C,ALL,2
IF,NEVIL,50.000000,-0.368233, ,0.0,0.0,0,0,0,0,0,0,0,0
TF,CAN,49.173194,-0.455278,0, ,0.0,0.0,0.0,0.0,0,0,0,0,0,0,0,0

APPTR,I31-Y,31,CNE
HF,CNE,49.115667,-0.321250,1, ,0.0,0.0,306.0,05.6,2,3000,0,0,0,0,1,0,0

APPTR,I31-Y,31,PIKUP
IF,PIKUP,49.059611,-0.206083, ,0.0,0.0,2,3000,0,0,0,0,1,0
CF,CI31,49.088586,-0.268072,0,CN,126.3,9.7,306.0,3.0,2,3000,0,0,0,0,0,0

FINAL,I31-Y,31,I,3
IF,CI31,49.088586,-0.268072,CN,126.3,9.7,2,3000,0,0,0,0,0,0
CF,FI31,49.130075,-0.356975,0,CN,126.3,5.4,306.0,4.3,1,1620,0,0,0,0,2,0
CF,RW31,49.171097,-0.445169,0,CN,126.3,1.1,306.0,4.3,1,282,0,0,0,0,3,0
CA,0,306.0,2,1000,0,0,0,0,0,0
DF,CNE,49.115667,-0.321250,1, ,0.0,0.0,1,3000,0,1,220,0,0,0

APPTR,I31-Z,31,CAN
IF,CAN,49.173194,-0.455278, ,0.0,0.0,2,3000,0,0,0,0,1,0
TF,D143L,49.017014,-0.269933,0, ,0.0,0.0,0.0,0.0,2,3000,0,0,0,0,0,1
CF,CI31,49.088586,-0.268072,1,CN,126.3,9.7,306.0,3.0,2,3000,0,0,0,0,0,0

FINAL,I31-Z,31,I,3
IF,CI31,49.088586,-0.268072,CN,126.3,9.7,2,3000,0,0,0,0,0,0
CF,FI31,49.130075,-0.356975,0,CN,126.3,5.4,306.0,4.3,1,1620,0,0,0,0,2,0
CF,RW31,49.171097,-0.445169,0,CN,126.3,1.1,306.0,4.3,1,282,0,0,0,0,3,0
CA,0,306.0,2,1000,0,0,0,0,0,0
DF,CAN,49.173194,-0.455278,1, ,0.0,0.0,1,3000,0,1,220,0,0,0

APPTR,N31,31,CNE1
HF,CNE,49.115667,-0.321250,1, ,0.0,0.0,305.0,04.3,2,3000,0,0,0,0,1,0,0

APPTR,N31,31,CNE2
HF,CNE,49.115667,-0.321250,1, ,0.0,0.0,305.0,04.3,2,3000,0,0,0,0,1,0,0

APPTR,N31,31,CNE3
HF,CNE,49.115667,-0.321250,1, ,0.0,0.0,305.0,04.3,2,3000,0,0,0,0,1,0,0

FINAL,N31,31,N,2
IF,CNE,49.115667,-0.321250,CNE,0.0,0.0,2,2160,0,0,0,0,2,0
CF,MN31,49.166825,-0.437044,0,CNE,0.0,0.0,305.0,5.5,1,413,0,0,0,0,3,0
CA,0,305.0,2,1000,0,0,0,0,0,0
DF,CNE,49.115667,-0.321250,1, ,0.0,0.0,1,3000,0,1,220,0,0,0

APPTR,R13,13,PIKIV
IF,PIKIV,49.392806,-0.625806, ,0.0,0.0,0,0,0,1,200,0,1,0
TF,RK506,49.334361,-0.733361,0, ,0.0,0.0,0.0,0.0,1,3000,0,1,200,0,1,0
TF,IBUMO,49.261389,-0.640528,0, ,0.0,0.0,0.0,0.0,1,3000,0,0,0,0,0,0

APPTR,R13,13,XASUD
IF,XASUD,49.148556,0.154250, ,0.0,0.0,0,0,0,0,0,0,1,0
TF,PIKIV,49.392806,-0.625806,0, ,0.0,0.0,0.0,0.0,0,0,0,1,200,0,0,0
TF,RK506,49.334361,-0.733361,0, ,0.0,0.0,0.0,0.0,1,3000,0,1,200,0,1,0
TF,IBUMO,49.261389,-0.640528,0, ,0.0,0.0,0.0,0.0,1,3000,0,0,0,0,0,0

FINAL,R13,13,R,2
IF,IBUMO,49.261389,-0.640528, ,0.0,0.0,1,3000,0,0,0,0,2,0
TF,RW13,49.179397,-0.463067,0, ,0.0,0.0,126.0,8.5,1,281,0,0,0,0,3,1
TF,RK406,49.040528,-0.165194,0, ,0.0,0.0,0.0,0.0,0,0,0,0,0,0,0,0
TF,XASUD,49.148556,0.154250,0, ,0.0,0.0,0.0,0.0,2,3000,0,0,0,0,0,0
HM,XASUD,49.148556,0.154250,2, ,0.0,0.0,356.0,04.3,3,8000,0,1,210,0,0,0,0

APPTR,R31,31,ATGAL
IF,ATGAL,48.959639,-0.254361, ,0.0,0.0,0,0,0,0,0,0,1,0
TF,RK406,49.040528,-0.165194,0, ,0.0,0.0,0.0,0.0,1,3000,0,0,0,0,1,0
TF,IPSOG,49.088833,-0.268417,0, ,0.0,0.0,0.0,0.0,1,3000,0,0,0,0,0,0

APPTR,R31,31,ERKAV
IF,ERKAV,49.134806,-0.060833, ,0.0,0.0,0,0,0,0,0,0,1,0
TF,RK406,49.040528,-0.165194,0, ,0.0,0.0,0.0,0.0,1,3000,0,0,0,0,1,0
TF,IPSOG,49.088833,-0.268417,0, ,0.0,0.0,0.0,0.0,1,3000,0,0,0,0,0,0

APPTR,R31,31,RK406
IF,RK406,49.040528,-0.165194, ,0.0,0.0,1,3000,0,0,0,0,1,0
TF,IPSOG,49.088833,-0.268417,0, ,0.0,0.0,0.0,0.0,1,3000,0,0,0,0,0,0

APPTR,R31,31,XASUD
IF,XASUD,49.148556,0.154250, ,0.0,0.0,0,0,0,0,0,0,1,0
TF,ERKAV,49.134806,-0.060833,0, ,0.0,0.0,0.0,0.0,0,0,0,0,0,0,0,0
TF,RK406,49.040528,-0.165194,0, ,0.0,0.0,0.0,0.0,1,3000,0,0,0,0,1,0
TF,IPSOG,49.088833,-0.268417,0, ,0.0,0.0,0.0,0.0,1,3000,0,0,0,0,0,0

FINAL,R31,31,R,2
IF,IPSOG,49.088833,-0.268417, ,0.0,0.0,1,3000,0,0,0,0,2,0
TF,RW31,49.171097,-0.445169,0, ,0.0,0.0,306.0,8.5,1,282,0,0,0,0,3,1
TF,RK410,49.199944,-0.507417,0, ,0.0,0.0,0.0,0.0,0,0,0,0,0,0,0,1
DF,ATGAL,48.959639,-0.254361,1, ,0.0,0.0,0,0,0,0,0,0,0,0
TF,XASUD,49.148556,0.154250,0, ,0.0,0.0,0.0,0.0,2,3000,0,0,0,0,0,0
HM,XASUD,49.148556,0.154250,2, ,0.0,0.0,356.0,04.3,3,8000,0,1,210,0,0,0,0

APPTR,V13,13,CAN
IF,CAN,49.173194,-0.455278, ,0.0,0.0,2,3000,0,0,0,0,1,0
TF,D291K,49.236111,-0.720536,0, ,0.0,0.0,0.0,0.0,2,3000,0,0,0,0,0,1
CF,FV13,49.265836,-0.636747,2,CAN,309.0,9.1,129.0,3.0,2,3000,0,0,0,0,0,0

FINAL,V13,13,D,2
IF,FV13,49.265836,-0.636747,CAN,309.0,9.1,2,3000,0,0,0,0,2,0
CF,MV13,49.182728,-0.473894,0,CAN,309.0,0.9,129.0,8.1,1,431,0,0,0,0,3,0
CA,0,129.0,2,1200,0,0,0,0,0,0
DF,CAN,49.173194,-0.455278,2, ,0.0,0.0,1,3000,0,1,220,0,0,0

