APPTR,I19,19,ORA
IF,ORA,47.100361,21.924139, ,0.0,0.0,2,4000,0,0,0,0,1,0
CF,D056I,47.147528,22.042444,0,SAT,221.2,49.1,56.0,5.6,2,3000,0,0,0,0,0,1
CF,CF19,47.177656,21.946433,1,IOD,7.1,10.0,187.0,1.0,2,3000,0,0,0,0,0,0

FINAL,I19,19,I,3
IF,CF19,47.177656,21.946433,IOD,7.1,10.0,2,3000,0,0,0,0,0,0
CF,FF19,47.161500,21.941833,0,IOD,7.2,9.0,187.0,1.0,1,3000,0,0,0,0,2,0
CF,RW19,47.033253,21.904700,0,IOD,7.1,1.2,187.0,7.8,1,502,0,0,0,0,3,0
FA,RW19,47.033253,21.904700,0,BKS,0.0,0.0,187.0,2,1500,0,0,0,0,0,0
DF,ORA,47.100361,21.924139,2, ,0.0,0.0,1,4000,0,0,0,0,0,0
HM,ORA,47.100361,21.924139,2, ,0.0,0.0,56.0,04.3,0,0,0,0,0,0,0,0,0

APPTR,N19,19,ORA1
IF,ORA,47.100361,21.924139, ,0.0,0.0,2,4000,0,0,0,0,1,0
FC,ORA,47.100361,21.924139,0,BKS,0.0,0.0,40.0,5.3,2,3000,0,1,210,0,0,1
CF,D007E,47.187028,21.948850,1,BKS,52.8,42.8,187.0,1.0,2,3000,0,0,0,0,0,0
CF,ORA,47.100361,21.924139,0,BKS,58.4,39.3,187.0,5.3,2,1800,0,0,0,0,0,0

APPTR,N19,19,ORA2
IF,ORA,47.100361,21.924139, ,0.0,0.0,2,4000,0,0,0,0,1,0
FC,ORA,47.100361,21.924139,0,BKS,0.0,0.0,25.0,6.0,2,3000,0,0,0,0,0,1
CF,D007E,47.187028,21.948850,1,BKS,52.8,42.8,187.0,1.0,2,3000,0,0,0,0,0,0
CF,ORA,47.100361,21.924139,0,BKS,58.4,39.3,187.0,5.3,2,1800,0,0,0,0,0,0

FINAL,N19,19,N,2
IF,ORA,47.100361,21.924139,ORA,0.0,0.0,2,1800,0,0,0,0,2,0
CF,O,47.045194,21.908139,0,ORA,0.0,0.0,187.0,3.4,1,735,0,0,0,0,3,0
FA,O,47.045194,21.908139,0,BKS,0.0,0.0,187.0,2,1500,0,0,0,0,0,0
DF,ORA,47.100361,21.924139,2, ,0.0,0.0,1,4000,0,1,185,0,0,0
HM,ORA,47.100361,21.924139,2, ,0.0,0.0,7.0,04.3,0,0,0,0,0,0,0,0,0

