SID,ATRE1H,07,5
CA,0,65.0,2,2500,0,0,0,0,0,0
CF,ATREK,47.886667,29.233056,0,KIV,7.0,59.2,85.0,35.0,2,7000,0,0,0,0,0,0

SID,ATRE1J,25,5
CF,BM398,47.834500,28.094583,0,KIV,323.1,63.8,245.0,5.0,1,1600,0,0,0,0,0,0
TF,BM399,47.756250,28.135722,0, ,0.0,0.0,0.0,0.0,0,0,0,0,0,0,0,0
TF,ATREK,47.886667,29.233056,0, ,0.0,0.0,0.0,0.0,2,7000,0,0,0,0,0,0

SID,ERAD1H,07,5
CA,0,65.0,2,2500,0,0,0,0,0,0
VI,0, ,0.0,155.0,0,0,0,0,0,0,0,0
CF,ERADA,47.439167,28.202778,0,KIV,311.3,42.1,200.0,25.0,2,7000,0,0,0,0,0,0

SID,ERAD1J,25,5
CF,BM398,47.834500,28.094583,0,KIV,323.1,63.8,245.0,5.0,1,1600,0,0,0,0,0,0
TF,BM399,47.756250,28.135722,0, ,0.0,0.0,0.0,0.0,0,0,0,0,0,0,0,0
TF,ERADA,47.439167,28.202778,0, ,0.0,0.0,0.0,0.0,2,7000,0,0,0,0,0,0

SID,INRO1H,07,5
CA,0,65.0,2,2500,0,0,0,0,0,0
CF,INROG,48.414722,26.812778,1,KIV,311.3,123.2,286.0,68.0,2,18000,0,0,0,0,0,0

SID,INRO1J,25,5
CF,BM398,47.834500,28.094583,0,KIV,323.1,63.8,245.0,5.0,1,1600,0,0,0,0,0,0
TF,INROG,48.414722,26.812778,0, ,0.0,0.0,0.0,0.0,2,18000,0,0,0,0,0,0

SID,UNDO1H,07,5
CA,0,65.0,2,2500,0,0,0,0,0,0
VI,0, ,0.0,338.0,0,0,0,0,0,0,0,0
CF,UNDOL,48.452222,27.721667,0,KIV,326.8,103.4,308.0,33.0,2,28000,0,0,0,0,0,0

SID,UNDO1J,25,5
CF,BM398,47.834500,28.094583,0,KIV,323.1,63.8,245.0,5.0,1,1600,0,0,0,0,0,0
TF,UNDOL,48.452222,27.721667,0, ,0.0,0.0,0.0,0.0,2,28000,0,0,0,0,0,0

SID,UNIR1H,07,5
CA,0,65.0,2,2500,0,0,0,0,0,0
VI,2, ,0.0,162.0,0,0,0,0,0,0,0,0
CF,UNIRA,47.168333,27.851667,0,KIV,283.0,45.6,207.0,44.0,2,11000,0,0,0,0,0,0

SID,UNIR1J,25,5
CF,BM398,47.834500,28.094583,0,KIV,323.1,63.8,245.0,5.0,1,1600,0,0,0,0,0,0
TF,BM399,47.756250,28.135722,0, ,0.0,0.0,0.0,0.0,0,0,0,0,0,0,0,0
TF,UNIRA,47.168333,27.851667,0, ,0.0,0.0,0.0,0.0,2,11000,0,0,0,0,0,0

STAR,ERAD1B,07,5
IF,ERADA,47.439167,28.202778, ,0.0,0.0,0,0,0,0,0,0,0,0
TF,BM301,47.882806,28.300528,0, ,0.0,0.0,0.0,0.0,0,0,0,0,0,0,0,0

STAR,ERAD1F,25,5
IF,ERADA,47.439167,28.202778, ,0.0,0.0,0,0,0,0,0,0,0,0
TF,BM301,47.882806,28.300528,0, ,0.0,0.0,0.0,0.0,0,0,0,0,0,0,0,0

STAR,INRO1B,07,5
IF,INROG,48.414722,26.812778, ,0.0,0.0,0,0,0,0,0,0,0,0
TF,BM304,47.793611,27.921028,0, ,0.0,0.0,0.0,0.0,0,0,0,0,0,0,0,0

STAR,INRO1F,25,5
IF,INROG,48.414722,26.812778, ,0.0,0.0,0,0,0,0,0,0,0,0
TF,BM301,47.882806,28.300528,0, ,0.0,0.0,0.0,0.0,0,0,0,0,0,0,0,0

STAR,LAVD1B,07,5
IF,LAVDA,48.125000,28.730556, ,0.0,0.0,0,0,0,0,0,0,0,0
TF,BM301,47.882806,28.300528,0, ,0.0,0.0,0.0,0.0,0,0,0,0,0,0,0,0

STAR,LAVD1F,25,5
IF,LAVDA,48.125000,28.730556, ,0.0,0.0,0,0,0,0,0,0,0,0
TF,BM310,47.930250,28.502889,0, ,0.0,0.0,0.0,0.0,0,0,0,0,0,0,0,0

STAR,UNDO1B,07,5
IF,UNDOL,48.452222,27.721667, ,0.0,0.0,0,0,0,0,0,0,0,0
TF,BM301,47.882806,28.300528,0, ,0.0,0.0,0.0,0.0,0,0,0,0,0,0,0,0

STAR,UNDO1F,25,5
IF,UNDOL,48.452222,27.721667, ,0.0,0.0,0,0,0,0,0,0,0,0
TF,BM301,47.882806,28.300528,0, ,0.0,0.0,0.0,0.0,0,0,0,0,0,0,0,0

STAR,UNIR1B,07,5
IF,UNIRA,47.168333,27.851667, ,0.0,0.0,0,0,0,0,0,0,0,0
TF,BM304,47.793611,27.921028,0, ,0.0,0.0,0.0,0.0,0,0,0,0,0,0,0,0

STAR,UNIR1F,25,5
IF,UNIRA,47.168333,27.851667, ,0.0,0.0,0,0,0,0,0,0,0,0
TF,BM301,47.882806,28.300528,0, ,0.0,0.0,0.0,0.0,0,0,0,0,0,0,0,0

APPTR,R07,07,BM301
IF,BM301,47.882806,28.300528, ,0.0,0.0,0,0,0,1,230,0,1,0
TF,BM302,47.899639,27.997306,0, ,0.0,0.0,0.0,0.0,1,3000,0,0,0,0,0,0
TF,BM303,47.872278,27.880306,0, ,0.0,0.0,0.0,0.0,1,3000,0,0,0,0,0,0
TF,BM304,47.793611,27.921028,0, ,0.0,0.0,0.0,0.0,1,3000,0,0,0,0,1,0
TF,BM305,47.821306,28.037667,0, ,0.0,0.0,0.0,0.0,1,2500,0,0,0,0,0,0

APPTR,R07,07,BM304
IF,BM304,47.793611,27.921028, ,0.0,0.0,1,3000,0,1,230,0,1,0
TF,BM305,47.821306,28.037667,0, ,0.0,0.0,0.0,0.0,1,2500,0,0,0,0,0,0

FINAL,R07,07,R,2
IF,BM305,47.821306,28.037667, ,0.0,0.0,1,2500,0,0,0,0,2,0
TF,BM306,47.858889,28.197028,0, ,0.0,0.0,65.0,6.8,1,346,0,0,0,0,3,1
TF,BM307,47.915861,28.440806,0, ,0.0,0.0,0.0,0.0,1,2300,0,0,0,0,0,1
DF,BM301,47.882806,28.300528,2, ,0.0,0.0,1,3000,0,0,0,0,0,0

APPTR,R25,25,BM301
IF,BM301,47.882806,28.300528, ,0.0,0.0,0,0,0,1,230,0,1,0
TF,BM308,47.822944,28.425806,0, ,0.0,0.0,0.0,0.0,1,3000,0,0,0,0,0,0
TF,BM309,47.850722,28.544028,0, ,0.0,0.0,0.0,0.0,1,3000,0,0,0,0,0,0
TF,BM310,47.930250,28.502889,0, ,0.0,0.0,0.0,0.0,1,3000,0,0,0,0,1,0
TF,BM311,47.903028,28.385750,0, ,0.0,0.0,0.0,0.0,1,2500,0,0,0,0,0,0

APPTR,R25,25,BM310
IF,BM310,47.930250,28.502889, ,0.0,0.0,1,3000,0,1,230,0,1,0
TF,BM311,47.903028,28.385750,0, ,0.0,0.0,0.0,0.0,1,2500,0,0,0,0,0,0

FINAL,R25,25,R,2
IF,BM311,47.903028,28.385750, ,0.0,0.0,1,2500,0,0,0,0,2,0
TF,BM312,47.866333,28.228722,0, ,0.0,0.0,245.0,6.7,1,381,0,0,0,0,3,1
TF,BM313,47.822306,28.041833,0, ,0.0,0.0,0.0,0.0,1,1600,0,0,0,0,0,1
DF,BM301,47.882806,28.300528,2, ,0.0,0.0,1,3000,0,0,0,0,0,0

