APPTR,R31,31,CURVY
IF,CURVY,39.625336,-76.016114, ,0.0,0.0,0,0,0,0,0,0,1,0
TF,LOVIC,39.574944,-76.082314,0, ,0.0,0.0,0.0,0.0,2,3000,0,0,0,0,1,0

APPTR,R31,31,ODESA
IF,ODESA,39.491389,-75.828992, ,0.0,0.0,0,0,0,0,0,0,1,0
TF,LOVIC,39.574944,-76.082314,0, ,0.0,0.0,0.0,0.0,2,3000,0,0,0,0,1,0

FINAL,R31,31,R,3
IF,LOVIC,39.574944,-76.082314, ,0.0,0.0,2,3000,0,0,0,0,0,0
TF,MRRTN,39.549319,-76.271236,0, ,0.0,0.0,271.0,8.9,2,2100,0,0,0,0,2,0
TF,YERUY,39.573228,-76.359744,0, ,0.0,0.0,300.0,4.4,1,692,0,0,0,0,3,1
CA,0,300.0,2,897,0,0,0,0,0,0
DF,CURVY,39.625336,-76.016114,2, ,0.0,0.0,2,3000,0,0,0,0,0,1
HM,CURVY,39.625336,-76.016114,2, ,0.0,0.0,271.0,05,0,0,0,0,0,0,0,0,0

