APPTR,N04,04,MH
IF,MH,-14.432972,-146.062139, ,0.0,0.0,2,1500,0,0,0,0,1,0
FC,MH,-14.432972,-146.062139,0,MH,0.0,0.0,248.0,4.7,2,1200,0,0,0,0,0,1
CF,FF04,-14.471381,-146.133269,1,MH,229.0,4.7,49.0,1.0,2,1200,0,0,0,0,0,0

FINAL,N04,04,N,2
IF,FF04,-14.471381,-146.133269,MH,0.0,0.0,2,1200,0,0,0,0,2,0
CF,RW04,-14.438589,-146.073367,0,MH,0.0,0.0,49.0,4.0,1,71,0,0,0,0,3,0
CF,MH,-14.432972,-146.062139,0,MH,0.0,0.0,49.0,0.7,0,0,0,0,0,0,0,1
CA,0,49.0,2,1500,0,0,0,0,0,0
DF,MH,-14.432972,-146.062139,0, ,0.0,0.0,0,0,0,0,0,0,0,0

APPTR,N22,22,MH
IF,MH,-14.432972,-146.062139, ,0.0,0.0,2,1500,0,0,0,0,1,0
FC,MH,-14.432972,-146.062139,0,MH,0.0,0.0,59.0,4.7,2,1200,0,0,0,0,0,1
CF,FF22,-14.391744,-146.008008,1,MH,40.0,4.0,220.0,1.5,2,1200,0,0,0,0,0,0

FINAL,N22,22,N,2
IF,FF22,-14.391744,-146.008008,MH,0.0,0.0,2,1200,0,0,0,0,2,0
CF,MH,-14.432972,-146.062139,0,MH,0.0,0.0,220.0,4.0,1,71,0,0,0,0,3,0
CA,0,220.0,2,1500,0,0,0,0,0,0
DF,MH,-14.432972,-146.062139,0, ,0.0,0.0,0,0,0,0,0,0,0,0

APPTR,R04,04,MIDEM
IF,MIDEM,-14.437083,-146.071056, ,0.0,0.0,2,1500,0,0,0,0,1,0
TF,GI403,-14.543778,-146.086361,0, ,0.0,0.0,0.0,0.0,0,0,0,0,0,0,0,0
TF,NISUD,-14.596361,-146.161222,0, ,0.0,0.0,0.0,0.0,2,1500,0,0,0,0,0,0
TF,ARIVA,-14.526750,-146.208917,2, ,0.0,0.0,0.0,0.0,2,1500,0,0,0,0,1,0

APPTR,R04,04,NISUD
IF,NISUD,-14.596361,-146.161222, ,0.0,0.0,2,1500,0,0,0,0,1,0
TF,ARIVA,-14.526750,-146.208917,0, ,0.0,0.0,0.0,0.0,2,1500,0,0,0,0,1,0

FINAL,R04,04,R,3
IF,ARIVA,-14.526750,-146.208917, ,0.0,0.0,2,1500,0,0,0,0,1,0
TF,GI401,-14.480306,-146.137472,0, ,0.0,0.0,44.0,5.0,1,1500,0,0,0,0,2,0
TF,RW04,-14.438589,-146.073367,0, ,0.0,0.0,44.0,4.5,1,71,0,0,0,0,3,1
CA,0,44.0,2,800,0,0,0,0,0,0
DF,GI403,-14.543778,-146.086361,2, ,0.0,0.0,0,0,0,0,0,0,0,0
TF,NISUD,-14.596361,-146.161222,0, ,0.0,0.0,0.0,0.0,2,1500,0,0,0,0,0,0

APPTR,R22,22,MIDEM
IF,MIDEM,-14.437083,-146.071056, ,0.0,0.0,2,1500,0,0,0,0,1,0
TF,GI404,-14.320306,-146.040750,0, ,0.0,0.0,0.0,0.0,0,0,0,0,0,0,0,0
TF,NONAS,-14.274028,-145.975306,0, ,0.0,0.0,0.0,0.0,2,1500,0,0,0,0,0,0
TF,MINIT,-14.343583,-145.927583,2, ,0.0,0.0,0.0,0.0,2,1500,0,0,0,0,1,0

APPTR,R22,22,NONAS
IF,NONAS,-14.274028,-145.975306, ,0.0,0.0,2,1500,0,0,0,0,1,0
TF,MINIT,-14.343583,-145.927583,0, ,0.0,0.0,0.0,0.0,2,1500,0,0,0,0,1,0

FINAL,R22,22,R,3
IF,MINIT,-14.343583,-145.927583, ,0.0,0.0,2,1500,0,0,0,0,1,0
TF,GI402,-14.390111,-145.998944,0, ,0.0,0.0,224.0,5.0,1,1500,0,0,0,0,2,0
TF,RW22,-14.432036,-146.063300,0, ,0.0,0.0,224.0,4.5,1,64,0,0,0,0,3,1
CA,0,224.0,2,800,0,0,0,0,0,0
DF,GI404,-14.320306,-146.040750,2, ,0.0,0.0,0,0,0,0,0,0,0,0
TF,NONAS,-14.274028,-145.975306,0, ,0.0,0.0,0.0,0.0,2,1500,0,0,0,0,0,0

