FINAL,N10-A,10,N,2
IF,FF101,-14.150272,-141.329886,NP,0.0,0.0,2,1200,0,0,0,0,2,0
CF,NP,-14.175722,-141.265361,0,NP,0.0,0.0,101.0,4.1,1,600,0,0,0,0,3,0
CA,0,101.0,2,1500,0,0,0,0,0,0
DF,NP,-14.175722,-141.265361,0, ,0.0,0.0,0,0,0,0,0,0,0,0

FINAL,N10-B,10,N,2
IF,FF290,-14.209828,-141.207161,NP,0.0,0.0,2,1200,0,0,0,0,2,0
CF,NP,-14.175722,-141.265361,0,NP,0.0,0.0,290.0,4.0,1,600,0,0,0,0,3,0
CA,0,290.0,2,1500,0,0,0,0,0,0
DF,NP,-14.175722,-141.265361,0, ,0.0,0.0,0,0,0,0,0,0,0,0

FINAL,N28-A,28,N,2
IF,FF101,-14.150272,-141.329886,NP,0.0,0.0,2,1200,0,0,0,0,2,0
CF,NP,-14.175722,-141.265361,0,NP,0.0,0.0,101.0,4.1,1,600,0,0,0,0,3,0
CA,0,101.0,2,1500,0,0,0,0,0,0
DF,NP,-14.175722,-141.265361,0, ,0.0,0.0,0,0,0,0,0,0,0,0

FINAL,N28-B,28,N,2
IF,FF290,-14.209828,-141.207161,NP,0.0,0.0,2,1200,0,0,0,0,2,0
CF,NP,-14.175722,-141.265361,0,NP,0.0,0.0,290.0,4.0,1,600,0,0,0,0,3,0
CA,0,290.0,2,1500,0,0,0,0,0,0
DF,NP,-14.175722,-141.265361,0, ,0.0,0.0,0,0,0,0,0,0,0,0

