SID,IKEL3N,30,2
CA,0,302.0,2,500,0,1,145,0,0,0
VI,2, ,0.0,54.0,0,0,0,0,0,0,0,0
CF,IKELO,-16.800972,-149.207639,0,TAF,14.0,50.0,26.0,48.0,0,0,0,0,0,0,0,0

SID,IKEL3S,12,2
CA,0,122.0,2,500,0,1,145,0,0,0
VI,1, ,0.0,344.0,0,0,0,0,0,0,0,0
CF,IKELO,-16.800972,-149.207639,0,TAF,14.0,50.0,26.0,46.0,0,0,0,0,0,0,0,0

SID,VAIT3N,30,2
CA,0,302.0,2,500,0,1,145,0,0,0
VI,0, ,0.0,359.0,0,0,0,0,0,0,0,0
CF,VAITE,-17.085250,-149.976444,0,TAF,309.0,35.0,309.0,21.0,0,0,0,0,0,0,0,0

SID,VAIT3S,12,2
CA,0,122.0,2,500,0,1,145,0,0,0
VI,1, ,0.0,344.0,0,0,0,0,0,0,0,0
CF,VAITE,-17.085250,-149.976444,0,TAF,309.0,35.0,309.0,27.0,0,0,0,0,0,0,0,0

APPTR,N12-Y,12,MO
IF,MO,-17.476889,-149.775194, ,0.0,0.0,2,5500,0,0,0,0,1,0
FC,MO,-17.476889,-149.775194,0,TAF,0.0,0.0,294.0,15.0,2,3000,0,0,0,0,0,1
CF,FN12,-17.374911,-149.877722,2,TAF,290.0,18.9,123.0,9.0,2,3000,0,0,0,0,0,0

FINAL,N12-Y,12,N,2
IF,FN12,-17.374911,-149.877722,MO,0.0,0.0,2,3000,0,0,0,0,2,0
CF,MO,-17.476889,-149.775194,0,MO,0.0,0.0,123.0,8.5,1,302,0,0,0,0,3,0
CA,0,123.0,2,520,0,0,0,0,0,0
VM,0,0,1,19.0,0,0,0,0,0,0,0,0

APPTR,Q12-Z,12,TEANO
IF,TEANO,-17.298889,-150.154167, ,0.0,0.0,0,0,0,0,0,0,0,0
TF,TIARE,-17.391222,-149.949028,0, ,0.0,0.0,0.0,0.0,2,3000,0,0,0,0,1,0
TF,CF12,-17.416744,-149.922650,0, ,0.0,0.0,0.0,0.0,2,3000,0,0,0,0,1,0

APPTR,Q12-Z,12,TIARE
HF,TIARE,-17.391222,-149.949028,2, ,0.0,0.0,102.0,03,2,3000,0,1,170,0,1,0,0
TF,CF12,-17.416744,-149.922650,0, ,0.0,0.0,0.0,0.0,2,3000,0,0,0,0,1,0

FINAL,Q12-Z,12,N,3
IF,CF12,-17.416744,-149.922650,MO,0.0,0.0,2,3000,0,0,0,0,0,0
CF,FF12,-17.419364,-149.916236,0,MO,0.0,0.0,100.0,0.4,2,3000,0,0,0,0,2,0
CF,MA12,-17.452753,-149.834414,0,TAF,0.0,14.5,100.0,5.1,1,1425,0,0,0,0,3,0
FD,MA12,-17.452753,-149.834414,0,TAF,279.9,13.0,100.0,13.0,0,0,0,0,0,0,0,0
VI,1, ,0.0,259.0,0,0,0,0,0,0,0,0
CF,TIARE,-17.391222,-149.949028,0,TAF,282.0,22.0,282.0,7.0,2,3000,0,0,0,0,0,0

