APPTR,D15,15,DINAS
IF,DINAS,17.342139,42.315944, ,0.0,0.0,0,0,0,0,0,0,1,0
CF,D328L,17.081503,42.473064,0,GIZ,328.0,12.0,148.0,18.0,2,3000,0,0,0,0,0,0
AF,D338L,17.096372,42.506153,2,GIZ,338.0,12.0,328.0,2,2500,0,0,0,0,0,0
CF,DASAL,16.986306,42.547833,0,GIZ,338.0,5.0,158.0,7.0,2,1600,0,0,0,0,0,0

APPTR,D15,15,GIZ
IF,GIZ,16.907722,42.577611, ,0.0,0.0,0,0,0,0,0,0,0,0
CF,DASAL,16.986306,42.547833,0,GIZ,338.0,5.0,338.0,5.0,2,3000,0,0,0,0,1,0
PI,DASAL,16.986306,42.547833,1,GIZ,23.0,10.0,338,5.0,2,2500,0,0,0,0,0,0
CF,DASAL,16.986306,42.547833,0,GIZ,338.0,5.0,158.0,8.0,2,1600,0,0,0,0,0,0

APPTR,D15,15,KIROM
IF,KIROM,17.321667,42.873056, ,0.0,0.0,0,0,0,0,0,0,1,0
CF,D033L,17.073286,42.695608,0,GIZ,32.4,12.0,213.0,18.0,2,3000,0,0,0,0,0,0
AF,D338L,17.096372,42.506153,1,GIZ,338.0,12.0,33.0,2,2500,0,0,0,0,0,0
CF,DASAL,16.986306,42.547833,0,GIZ,338.0,5.0,158.0,7.0,2,1600,0,0,0,0,0,0

APPTR,D15,15,LUBAL
IF,LUBAL,17.262139,42.207917, ,0.0,0.0,0,0,0,0,0,0,1,0
CF,D313L,17.048431,42.428717,0,GIZ,312.5,12.0,133.0,18.0,2,3000,0,0,0,0,0,0
AF,D338L,17.096372,42.506153,2,GIZ,338.0,12.0,313.0,2,2500,0,0,0,0,0,0
CF,DASAL,16.986306,42.547833,0,GIZ,338.0,5.0,158.0,7.0,2,1600,0,0,0,0,0,0

APPTR,D15,15,MUVOP
IF,MUVOP,16.920194,42.056222, ,0.0,0.0,0,0,0,0,0,0,1,0
CF,D270L,16.912842,42.369033,0,GIZ,269.5,12.0,90.0,18.0,2,3000,0,0,0,0,0,0
AF,D338L,17.096372,42.506153,2,GIZ,338.0,12.0,270.0,2,2500,0,0,0,0,0,0
CF,DASAL,16.986306,42.547833,0,GIZ,338.0,5.0,158.0,7.0,2,1600,0,0,0,0,0,0

APPTR,D15,15,PEKAR
IF,PEKAR,17.408861,42.607944, ,0.0,0.0,0,0,0,0,0,0,1,0
CF,D002L,17.108156,42.589703,0,GIZ,1.3,12.0,182.0,18.0,2,3000,0,0,0,0,0,0
AF,D338L,17.096372,42.506153,1,GIZ,338.0,12.0,2.0,2,2500,0,0,0,0,0,0
CF,DASAL,16.986306,42.547833,0,GIZ,338.0,5.0,158.0,7.0,2,1600,0,0,0,0,0,0

FINAL,D15,15,D,2
IF,DASAL,16.986306,42.547833,GIZ,338.0,5.0,2,1600,0,0,0,0,2,0
CF,MD15,16.924975,42.571031,0,GIZ,338.0,1.1,158.0,3.9,1,340,0,0,0,0,3,0
CF,GIZ,16.907722,42.577611,0,GIZ,0.0,0.0,158.0,1.1,2,420,0,0,0,0,0,0
FA,GIZ,16.907722,42.577611,0,GIZ,0.0,0.0,158.0,2,2500,0,0,0,0,0,0
DF,GIZ,16.907722,42.577611,2, ,0.0,0.0,1,2500,0,0,0,0,0,0
CF,DASAL,16.986306,42.547833,0,GIZ,338.0,5.0,338.0,5.0,0,0,0,0,0,0,0,0
HM,DASAL,16.986306,42.547833,2, ,0.0,0.0,158.0,04.3,0,0,0,0,0,0,0,0,0

APPTR,D33,33,GIZ
IF,GIZ,16.907722,42.577611, ,0.0,0.0,0,0,0,0,0,0,0,0
CF,RADET,16.819667,42.643944,0,GIZ,142.0,6.5,142.0,6.5,2,2000,0,0,0,0,0,0
HF,RADET,16.819667,42.643944,2, ,0.0,0.0,322.0,04.3,2,2000,0,0,0,0,1,0,0

FINAL,D33,33,D,2
IF,RADET,16.819667,42.643944,GIZ,142.0,6.5,2,1700,0,0,0,0,2,0
CF,MD33,16.881953,42.596981,0,GIZ,142.0,1.9,322.0,4.6,1,229,0,0,0,0,3,0
CF,GIZ,16.907722,42.577611,0,GIZ,0.0,0.0,322.0,1.9,2,420,0,0,0,0,0,0
FA,GIZ,16.907722,42.577611,0,GIZ,0.0,0.0,322.0,2,2000,0,0,0,0,0,0
DF,GIZ,16.907722,42.577611,1, ,0.0,0.0,0,0,0,0,0,0,0,0
CF,RADET,16.819667,42.643944,0,GIZ,142.0,6.5,142.0,6.5,1,2000,0,0,0,0,0,0
HM,RADET,16.819667,42.643944,2, ,0.0,0.0,322.0,04.3,0,0,0,0,0,0,0,0,0

APPTR,I33,33,DINAS
IF,DINAS,17.342139,42.315944, ,0.0,0.0,0,0,0,0,0,0,0,0
TF,BUDAD,16.816139,42.636583,0, ,0.0,0.0,0.0,0.0,2,2500,0,0,0,0,0,0
HF,BUDAD,16.816139,42.636583,2, ,0.0,0.0,328.0,04.3,2,2000,0,0,0,0,1,0,0

APPTR,I33,33,GIZ
IF,GIZ,16.907722,42.577611, ,0.0,0.0,0,0,0,0,0,0,0,0
CF,BUDAD,16.816139,42.636583,0,GIZ,146.2,6.4,148.0,6.4,2,2000,0,0,0,0,0,0
HF,BUDAD,16.816139,42.636583,2, ,0.0,0.0,328.0,04.3,2,2000,0,0,0,0,1,0,0

APPTR,I33,33,KIROM
IF,KIROM,17.321667,42.873056, ,0.0,0.0,0,0,0,0,0,0,0,0
TF,BUDAD,16.816139,42.636583,0, ,0.0,0.0,0.0,0.0,2,2500,0,0,0,0,0,0
HF,BUDAD,16.816139,42.636583,2, ,0.0,0.0,328.0,04.3,2,2000,0,0,0,0,1,0,0

APPTR,I33,33,LUBAL
IF,LUBAL,17.262139,42.207917, ,0.0,0.0,0,0,0,0,0,0,0,0
TF,BUDAD,16.816139,42.636583,0, ,0.0,0.0,0.0,0.0,2,2500,0,0,0,0,0,0
HF,BUDAD,16.816139,42.636583,2, ,0.0,0.0,328.0,04.3,2,2000,0,0,0,0,1,0,0

APPTR,I33,33,MUVOP
IF,MUVOP,16.920194,42.056222, ,0.0,0.0,0,0,0,0,0,0,0,0
TF,BUDAD,16.816139,42.636583,0, ,0.0,0.0,0.0,0.0,2,2500,0,0,0,0,0,0
HF,BUDAD,16.816139,42.636583,2, ,0.0,0.0,328.0,04.3,2,2000,0,0,0,0,1,0,0

APPTR,I33,33,PEKAR
IF,PEKAR,17.408861,42.607944, ,0.0,0.0,0,0,0,0,0,0,0,0
TF,BUDAD,16.816139,42.636583,0, ,0.0,0.0,0.0,0.0,2,2500,0,0,0,0,0,0
HF,BUDAD,16.816139,42.636583,2, ,0.0,0.0,328.0,04.3,2,2000,0,0,0,0,1,0,0

FINAL,I33,33,I,3
IF,CI33,16.787178,42.654042,IGZN,147.9,8.8,2,2000,0,0,0,0,0,0
CF,BUDAD,16.816139,42.636583,0,IGZN,148.0,6.8,328.0,2.0,1,1700,0,0,0,0,2,0
CF,RW33,16.889136,42.592922,0,IGZN,147.7,1.8,328.0,5.0,1,72,0,0,0,0,3,0
FA,RW33,16.889136,42.592922,0,GIZ,0.0,0.0,328.0,2,1000,0,0,0,0,0,0
DF,BUDAD,16.816139,42.636583,1, ,0.0,0.0,1,2000,0,0,0,0,0,0
HM,BUDAD,16.816139,42.636583,2, ,0.0,0.0,328.0,04.3,0,0,0,0,0,0,0,0,0

APPTR,R15,15,DINAS
IF,DINAS,17.342139,42.315944, ,0.0,0.0,0,0,0,0,0,0,1,0
TF,JAZA2,17.064750,42.487750,0, ,0.0,0.0,0.0,0.0,2,2500,0,0,0,0,0,0
TF,RAKID,16.987417,42.534083,0, ,0.0,0.0,0.0,0.0,2,1700,0,0,0,0,0,0

APPTR,R15,15,JAZA2
IF,JAZA2,17.064750,42.487750, ,0.0,0.0,2,2500,0,0,0,0,0,0
TF,RAKID,16.987417,42.534083,0, ,0.0,0.0,0.0,0.0,2,1700,0,0,0,0,0,0

APPTR,R15,15,KIROM
IF,KIROM,17.321667,42.873056, ,0.0,0.0,0,0,0,0,0,0,1,0
TF,JAZA2,17.064750,42.487750,0, ,0.0,0.0,0.0,0.0,2,2500,0,0,0,0,0,0
TF,RAKID,16.987417,42.534083,0, ,0.0,0.0,0.0,0.0,2,1700,0,0,0,0,0,0

APPTR,R15,15,LUBAL
IF,LUBAL,17.262139,42.207917, ,0.0,0.0,0,0,0,0,0,0,1,0
TF,JAZA2,17.064750,42.487750,0, ,0.0,0.0,0.0,0.0,2,2500,0,0,0,0,0,0
TF,RAKID,16.987417,42.534083,0, ,0.0,0.0,0.0,0.0,2,1700,0,0,0,0,0,0

APPTR,R15,15,MUVOP
IF,MUVOP,16.920194,42.056222, ,0.0,0.0,0,0,0,0,0,0,1,0
TF,JAZA2,17.064750,42.487750,0, ,0.0,0.0,0.0,0.0,2,2500,0,0,0,0,0,0
TF,RAKID,16.987417,42.534083,0, ,0.0,0.0,0.0,0.0,2,1700,0,0,0,0,0,0

APPTR,R15,15,PEKAR
IF,PEKAR,17.408861,42.607944, ,0.0,0.0,0,0,0,0,0,0,1,0
TF,JAZA2,17.064750,42.487750,0, ,0.0,0.0,0.0,0.0,2,2500,0,0,0,0,0,0
TF,RAKID,16.987417,42.534083,0, ,0.0,0.0,0.0,0.0,2,1700,0,0,0,0,0,0

FINAL,R15,15,R,2
IF,RAKID,16.987417,42.534083, ,0.0,0.0,2,1700,0,0,0,0,2,0
TF,JAZA4,16.913028,42.578611,0, ,0.0,0.0,148.0,5.1,1,66,0,0,0,0,3,1
FA,JAZA4,16.913028,42.578611,0,GIZ,0.0,0.0,148.0,2,1500,0,0,0,0,0,0
DF,JAZA2,17.064750,42.487750,2, ,0.0,0.0,1,2500,0,0,0,0,0,0
HM,JAZA2,17.064750,42.487750,2, ,0.0,0.0,148.0,04.3,0,0,0,0,0,0,0,0,0

APPTR,R33,33,BUDAD
HF,BUDAD,16.816139,42.636583,2, ,0.0,0.0,328.0,04.3,2,2000,0,0,0,0,1,0,0

APPTR,R33,33,DINAS
IF,DINAS,17.342139,42.315944, ,0.0,0.0,0,0,0,0,0,0,0,0
TF,BUDAD,16.816139,42.636583,0, ,0.0,0.0,0.0,0.0,2,2500,0,0,0,0,0,0
HF,BUDAD,16.816139,42.636583,2, ,0.0,0.0,328.0,04.3,2,2000,0,0,0,0,1,0,0

APPTR,R33,33,KIROM
IF,KIROM,17.321667,42.873056, ,0.0,0.0,0,0,0,0,0,0,0,0
TF,BUDAD,16.816139,42.636583,0, ,0.0,0.0,0.0,0.0,2,2500,0,0,0,0,0,0
HF,BUDAD,16.816139,42.636583,2, ,0.0,0.0,328.0,04.3,2,2000,0,0,0,0,1,0,0

APPTR,R33,33,LUBAL
IF,LUBAL,17.262139,42.207917, ,0.0,0.0,0,0,0,0,0,0,0,0
TF,BUDAD,16.816139,42.636583,0, ,0.0,0.0,0.0,0.0,2,2500,0,0,0,0,0,0
HF,BUDAD,16.816139,42.636583,2, ,0.0,0.0,328.0,04.3,2,2000,0,0,0,0,1,0,0

APPTR,R33,33,MUVOP
IF,MUVOP,16.920194,42.056222, ,0.0,0.0,0,0,0,0,0,0,0,0
TF,BUDAD,16.816139,42.636583,0, ,0.0,0.0,0.0,0.0,2,2500,0,0,0,0,0,0
HF,BUDAD,16.816139,42.636583,2, ,0.0,0.0,328.0,04.3,2,2000,0,0,0,0,1,0,0

APPTR,R33,33,PEKAR
IF,PEKAR,17.408861,42.607944, ,0.0,0.0,0,0,0,0,0,0,0,0
TF,BUDAD,16.816139,42.636583,0, ,0.0,0.0,0.0,0.0,2,2500,0,0,0,0,0,0
HF,BUDAD,16.816139,42.636583,2, ,0.0,0.0,328.0,04.3,2,2000,0,0,0,0,1,0,0

FINAL,R33,33,R,2
IF,BUDAD,16.816139,42.636583, ,0.0,0.0,2,1700,0,0,0,0,2,0
TF,JAZA6,16.889139,42.592917,0, ,0.0,0.0,328.0,5.0,1,72,0,0,0,0,3,1
FA,JAZA6,16.889139,42.592917,0,GIZ,0.0,0.0,328.0,2,1000,0,0,0,0,0,0
DF,BUDAD,16.816139,42.636583,2, ,0.0,0.0,1,2000,0,0,0,0,0,0
HM,BUDAD,16.816139,42.636583,2, ,0.0,0.0,328.0,04.3,0,0,0,0,0,0,0,0,0

