APPTR,D16,16,JBL
IF,JBL,27.039417,49.407083, ,0.0,0.0,0,0,0,0,0,0,0,0
TF,RAS,28.077944,48.614667,0, ,0.0,0.0,0.0,0.0,2,3000,0,0,0,0,0,0
CF,LUDAB,28.154722,48.577278,0,RAS,333.7,5.0,334.0,5.0,2,2000,0,0,0,0,1,0
PI,LUDAB,28.154722,48.577278,2,RAS,289.0,10.0,334,5.0,2,2000,0,0,0,0,0,0
CF,LUDAB,28.154722,48.577278,0,RAS,333.7,5.0,154.0,8.0,2,1200,0,0,0,0,0,0

FINAL,D16,16,D,2
IF,LUDAB,28.154722,48.577278,RAS,333.7,5.0,2,1200,0,0,0,0,2,0
CF,MA16,28.101017,48.603619,0,RAS,334.0,1.5,154.0,3.5,1,229,0,0,0,0,3,0
TF,MIDSA,27.995694,48.631028,0, ,0.0,0.0,0.0,0.0,2,2000,0,0,0,0,0,0
HM,MIDSA,27.995694,48.631028,2, ,0.0,0.0,347.0,04.3,0,0,0,0,0,0,0,0,0

APPTR,D34,34,JBL
IF,JBL,27.039417,49.407083, ,0.0,0.0,0,0,0,0,0,0,0,0
TF,D144Y,27.732967,48.879983,0, ,0.0,0.0,0.0,0.0,2,3000,0,0,0,0,1,0
VI,0, ,0.0,279.0,2,2000,0,0,0,0,0,0
CF,CD34,27.880439,48.653856,0,RAS,167.0,12.0,347.0,7.0,2,2000,0,0,0,0,0,0

APPTR,D34,34,RAS
IF,RAS,28.077944,48.614667, ,0.0,0.0,0,0,0,0,0,0,0,0
CF,MIDSA,27.995694,48.631028,0,RAS,167.0,5.0,167.0,5.0,2,2000,0,0,0,0,1,0
PI,MIDSA,27.995694,48.631028,2,RAS,122.0,10.0,167,5.0,2,2000,0,0,0,0,0,0

FINAL,D34,34,D,3
IF,CD34,27.880439,48.653856,RAS,167.0,12.0,2,2000,0,0,0,0,0,0
CF,MIDSA,27.995694,48.631028,0,RAS,167.0,5.0,347.0,7.0,2,1300,0,0,0,0,2,0
CF,MD34,28.056550,48.618925,0,RAS,167.0,1.3,347.0,3.7,1,227,0,0,0,0,3,0
TF,LUDAB,28.154722,48.577278,0, ,0.0,0.0,0.0,0.0,1,2000,0,0,0,0,0,0
HM,LUDAB,28.154722,48.577278,2, ,0.0,0.0,154.0,04.3,0,0,0,0,0,0,0,0,0

APPTR,I34,34,JBL
IF,JBL,27.039417,49.407083, ,0.0,0.0,0,0,0,0,0,0,0,0
TF,D144Y,27.732967,48.879983,0, ,0.0,0.0,0.0,0.0,2,3000,0,0,0,0,1,0
VI,0, ,0.0,279.0,2,2000,0,0,0,0,0,0
CF,CI34,27.886139,48.680667,0,IRAS,159.3,13.2,340.0,8.0,2,2000,0,0,0,0,0,0

APPTR,I34,34,RAS
IF,RAS,28.077944,48.614667, ,0.0,0.0,0,0,0,0,0,0,0,0
CF,NAMBI,27.987667,48.642972,0,RAS,161.5,5.6,162.0,5.6,2,2000,0,0,0,0,1,0
PI,NAMBI,27.987667,48.642972,2,RAS,115.0,10.0,160,5.0,2,2000,0,0,0,0,0,0

FINAL,I34,34,I,3
IF,CI34,27.886139,48.680667,IRAS,159.3,13.2,2,2000,0,0,0,0,0,0
CF,NAMBI,27.987667,48.642972,0,IRAS,159.9,6.8,340.0,6.4,1,1627,0,0,0,0,2,0
CF,RW34,28.065156,48.616011,0,IRAS,159.9,2.0,340.0,4.9,1,58,0,0,0,0,3,0
CA,0,340.0,2,500,0,0,0,0,0,0
VI,2, ,0.0,205.0,0,0,0,0,0,0,0,0
CF,NAMBI,27.987667,48.642972,0,RAS,161.5,5.6,160.0,2.0,1,2000,0,0,0,0,0,0
HM,NAMBI,27.987667,48.642972,2, ,0.0,0.0,340.0,04.3,0,0,0,0,0,0,0,0,0

APPTR,S16,16,JBL
IF,JBL,27.039417,49.407083, ,0.0,0.0,0,0,0,0,0,0,0,0
TF,RAS,28.077944,48.614667,0, ,0.0,0.0,0.0,0.0,2,3000,0,0,0,0,1,0
PI,RAS,28.077944,48.614667,2,RAS,289.0,10.0,334,5.0,2,1600,0,0,0,0,0,0
CF,FS16,28.167333,48.571844,2,RAS,334.0,5.8,154.0,4.0,2,1600,0,0,0,0,0,0

FINAL,S16,16,D,2
IF,FS16,28.167333,48.571844,RAS,334.0,5.8,2,1600,0,0,0,0,2,0
CF,RW16,28.092892,48.606411,0,RAS,330.9,0.0,154.0,4.8,1,66,0,0,0,0,3,0
CF,RAS,28.077944,48.614667,0,RAS,0.0,0.0,154.0,1.0,0,0,0,0,0,0,0,1
DF,RAS,28.077944,48.614667,2, ,0.0,0.0,1,1600,0,0,0,0,0,0
HM,RAS,28.077944,48.614667,2, ,0.0,0.0,154.0,04.3,0,0,0,0,0,0,0,0,0

APPTR,S34,34,RAS
PI,RAS,28.077944,48.614667,2,RAS,122.0,10.0,167,5.0,2,1700,0,0,0,0,0,0
CF,FS34,27.980475,48.634025,0,RAS,167.0,5.9,347.0,4.0,2,1700,0,0,0,0,0,0

FINAL,S34,34,D,2
IF,FS34,27.980475,48.634025,RAS,167.0,5.9,2,1700,0,0,0,0,2,0
CF,RW34,28.065156,48.616011,0,RAS,171.7,0.8,347.0,5.2,1,58,0,0,0,0,3,0
CF,RAS,28.077944,48.614667,0,RAS,0.0,0.0,347.0,1.0,0,0,0,0,0,0,0,1
DF,RAS,28.077944,48.614667,2, ,0.0,0.0,1,1700,0,0,0,0,0,0
HM,RAS,28.077944,48.614667,2, ,0.0,0.0,347.0,04.3,0,0,0,0,0,0,0,0,0

