APPTR,N15,15,BRG1
IF,BRG,29.843917,50.267250, ,0.0,0.0,2,3000,0,0,0,0,0,0
FC,BRG,29.843917,50.267250,0,KHG,0.0,0.0,310.0,7.0,0,0,0,0,0,0,0,1
CF,FN15,29.909506,50.235289,2,KHG,350.7,38.9,154.0,3.0,1,1000,0,0,0,0,0,0

APPTR,N15,15,BRG2
IF,BRG,29.843917,50.267250, ,0.0,0.0,2,3000,0,0,0,0,0,0
FC,BRG,29.843917,50.267250,0,KHG,0.0,0.0,319.0,7.0,0,0,0,0,0,0,0,1
CF,FN15,29.909506,50.235289,2,KHG,350.7,38.9,154.0,3.0,1,1000,0,0,0,0,0,0

FINAL,N15,15,N,2
IF,FN15,29.909506,50.235289,BRG,0.0,0.0,1,1000,0,0,0,0,2,0
CF,RW15,29.848631,50.266928,0,BRG,0.0,0.0,154.0,4.0,1,74,0,0,0,0,3,0
CF,BRG,29.843917,50.267250,0,KHG,353.2,34.8,154.0,0.3,2,440,0,0,0,0,0,0
FA,BRG,29.843917,50.267250,0,KHG,0.0,0.0,170.0,2,1700,0,0,0,0,0,0
DF,BRG,29.843917,50.267250,2, ,0.0,0.0,1,3000,0,0,0,0,0,0
HM,BRG,29.843917,50.267250,2, ,0.0,0.0,310.0,04.3,0,0,0,1,210,0,0,0,0

