APPTR,N08-A,08,TU
IF,TU,25.990083,63.029828, ,0.0,0.0,2,3500,0,0,0,0,0,0
TF,D275H,26.003122,62.891844,0, ,0.0,0.0,0.0,0.0,2,2200,0,0,0,0,0,1
TF,FN080,25.978286,62.947594,1, ,0.0,0.0,0.0,0.0,2,2200,0,0,0,0,0,0

FINAL,N08-A,08,N,2
IF,FN080,25.978286,62.947594,TU,0.0,0.0,2,2200,0,0,0,0,2,0
CF,TU,25.990083,63.029828,0,TU,0.0,0.0,80.0,4.5,1,1300,0,0,0,0,3,0
CA,0,80.0,2,2000,0,0,0,0,0,0
DF,TU,25.990083,63.029828,2, ,0.0,0.0,1,3500,0,0,0,0,0,0

APPTR,N08-B,08,TU
IF,TU,25.990083,63.029828, ,0.0,0.0,2,3500,0,0,0,0,0,0
TF,D077H,26.016086,63.165550,0, ,0.0,0.0,0.0,0.0,2,2400,0,0,0,0,0,1
TF,FN272,25.986119,63.112975,2, ,0.0,0.0,0.0,0.0,2,2400,0,0,0,0,0,0

FINAL,N08-B,08,N,2
IF,FN272,25.986119,63.112975,TU,0.0,0.0,2,2400,0,0,0,0,2,0
CF,TU,25.990083,63.029828,0,TU,0.0,0.0,272.0,4.5,1,1300,0,0,0,0,3,0
CA,0,272.0,2,2000,0,0,0,0,0,0
DF,TU,25.990083,63.029828,2, ,0.0,0.0,1,3500,0,0,0,0,0,0

APPTR,N26-A,26,TU
IF,TU,25.990083,63.029828, ,0.0,0.0,2,3500,0,0,0,0,0,0
TF,D275H,26.003122,62.891844,0, ,0.0,0.0,0.0,0.0,2,2200,0,0,0,0,0,1
TF,FN080,25.978286,62.947594,1, ,0.0,0.0,0.0,0.0,2,2200,0,0,0,0,0,0

FINAL,N26-A,26,N,2
IF,FN080,25.978286,62.947594,TU,0.0,0.0,2,2200,0,0,0,0,2,0
CF,TU,25.990083,63.029828,0,TU,0.0,0.0,80.0,4.5,1,1300,0,0,0,0,3,0
CA,0,80.0,2,2000,0,0,0,0,0,0
DF,TU,25.990083,63.029828,2, ,0.0,0.0,1,3500,0,0,0,0,0,0

APPTR,N26-B,26,TU
IF,TU,25.990083,63.029828, ,0.0,0.0,2,3500,0,0,0,0,0,0
TF,D077H,26.016086,63.165550,0, ,0.0,0.0,0.0,0.0,2,2400,0,0,0,0,0,1
TF,FN272,25.986119,63.112975,2, ,0.0,0.0,0.0,0.0,2,2400,0,0,0,0,0,0

FINAL,N26-B,26,N,2
IF,FN272,25.986119,63.112975,TU,0.0,0.0,2,2400,0,0,0,0,2,0
CF,TU,25.990083,63.029828,0,TU,0.0,0.0,272.0,4.5,1,1300,0,0,0,0,3,0
CA,0,272.0,2,2000,0,0,0,0,0,0
DF,TU,25.990083,63.029828,2, ,0.0,0.0,1,3500,0,0,0,0,0,0

APPTR,R08,08,OKTUD
IF,OKTUD,25.883333,62.858611, ,0.0,0.0,1,4000,0,0,0,0,1,0
TF,TU402,25.966389,62.847500,0, ,0.0,0.0,0.0,0.0,2,2400,0,0,0,0,1,0

APPTR,R08,08,PANTU
IF,PANTU,26.060000,63.109167, ,0.0,0.0,1,6000,0,0,0,0,1,0
TF,TU403,26.024444,62.839722,0, ,0.0,0.0,0.0,0.0,2,3000,0,0,0,0,0,0
TF,TU402,25.966389,62.847500,0, ,0.0,0.0,0.0,0.0,2,2400,0,0,0,0,1,0

FINAL,R08,08,R,3
IF,TU402,25.966389,62.847500, ,0.0,0.0,2,2400,0,0,0,0,0,0
TF,TU401,25.973583,62.913500,0, ,0.0,0.0,82.0,3.6,1,2400,0,0,0,0,2,0
TF,RW08,25.985386,63.021158,0, ,0.0,0.0,82.0,5.9,1,533,0,0,0,0,3,1
TF,TU400,25.993056,63.090000,0, ,0.0,0.0,0.0,0.0,0,0,0,0,0,0,0,1
DF,OKTUD,25.883333,62.858611,2, ,0.0,0.0,1,4000,0,0,0,0,0,1

APPTR,R26,26,ASUSA
IF,ASUSA,25.910556,63.179167, ,0.0,0.0,1,5000,0,0,0,0,1,0
TF,TU413,25.951667,63.238333,0, ,0.0,0.0,0.0,0.0,2,3600,0,0,0,0,0,0
TF,TU412,26.007639,63.226333,0, ,0.0,0.0,0.0,0.0,2,3000,0,0,0,0,1,0

APPTR,R26,26,TUSMA
IF,TUSMA,26.028889,63.423611, ,0.0,0.0,2,6000,0,0,0,0,1,0
TF,TU412,26.007639,63.226333,0, ,0.0,0.0,0.0,0.0,2,3000,0,0,0,0,1,0

FINAL,R26,26,R,3
IF,TU412,26.007639,63.226333, ,0.0,0.0,2,3000,0,0,0,0,0,0
TF,TU411,25.998972,63.146028,0, ,0.0,0.0,262.0,4.4,1,2400,0,0,0,0,2,0
TF,RW26,25.987353,63.039175,0, ,0.0,0.0,262.0,5.8,1,548,0,0,0,0,3,1
TF,TU401,25.973583,62.913500,0, ,0.0,0.0,0.0,0.0,0,0,0,0,0,0,0,1
DF,ASUSA,25.910556,63.179167,1, ,0.0,0.0,1,5000,0,0,0,0,0,1

