SID,CABOT2,24,5
VA,0,243.0,2,1000,0,0,0,0,0,0
DF,CABOT,61.200367,-160.755814,0, ,0.0,0.0,0,0,0,0,0,0,0,0

APPTR,R06,06,JOCGI
HF,JOCGI,61.510164,-160.694225,2, ,0.0,0.0,63.0,04,2,1800,0,0,0,0,1,0,0

APPTR,R06,06,MIKAN
IF,MIKAN,61.428078,-160.667206, ,0.0,0.0,2,3000,0,0,0,0,1,0
TF,JOCGI,61.510164,-160.694225,0, ,0.0,0.0,0.0,0.0,2,1800,0,0,0,0,1,0

APPTR,R06,06,NAMCO
IF,NAMCO,61.592242,-160.721386, ,0.0,0.0,2,3000,0,0,0,0,1,0
TF,JOCGI,61.510164,-160.694225,0, ,0.0,0.0,0.0,0.0,2,1800,0,0,0,0,1,0

FINAL,R06,06,R,3
IF,JOCGI,61.510164,-160.694225, ,0.0,0.0,2,1800,0,0,0,0,0,0
TF,IKIZY,61.523003,-160.522339,0, ,0.0,0.0,63.0,5.0,2,1700,0,0,0,0,2,0
TF,ICALU,61.533478,-160.379767,0, ,0.0,0.0,63.0,4.1,1,337,0,0,0,0,3,1
CA,0,63.0,2,455,0,0,0,0,0,0
DF,JOCGI,61.510164,-160.694225,2, ,0.0,0.0,2,1800,0,0,0,0,0,1
HM,JOCGI,61.510164,-160.694225,2, ,0.0,0.0,63.0,04,0,0,0,0,0,0,0,0,0

APPTR,R06-A,06,CIRED
IF,CIRED,61.509281,-159.948008, ,0.0,0.0,2,4000,0,0,0,0,1,0
TF,JANVO,61.439844,-160.043450,0, ,0.0,0.0,0.0,0.0,2,3000,0,0,0,0,1,0

APPTR,R06-A,06,JANVO
HF,JANVO,61.439844,-160.043450,2, ,0.0,0.0,285.0,04,2,3000,0,0,0,0,1,0,0

APPTR,R06-A,06,KUREY
IF,KUREY,61.370342,-160.138469, ,0.0,0.0,2,3000,0,0,0,0,1,0
TF,JANVO,61.439844,-160.043450,0, ,0.0,0.0,0.0,0.0,2,3000,0,0,0,0,1,0

FINAL,R06-A,06,R,3
IF,JANVO,61.439844,-160.043450, ,0.0,0.0,2,3000,0,0,0,0,0,0
TF,SAGOC,61.490286,-160.204531,0, ,0.0,0.0,285.0,5.5,2,1700,0,0,0,0,2,0
TF,FENUG,61.526567,-160.321122,0, ,0.0,0.0,285.0,4.0,1,540,0,0,0,0,3,1
CA,0,285.0,2,540,0,0,0,0,0,0
DF,JANVO,61.439844,-160.043450,1, ,0.0,0.0,2,3000,0,0,0,0,0,1
HM,JANVO,61.439844,-160.043450,2, ,0.0,0.0,285.0,04,0,0,0,0,0,0,0,0,0

APPTR,R24-A,24,CIRED
IF,CIRED,61.509281,-159.948008, ,0.0,0.0,2,4000,0,0,0,0,1,0
TF,JANVO,61.439844,-160.043450,0, ,0.0,0.0,0.0,0.0,2,3000,0,0,0,0,1,0

APPTR,R24-A,24,JANVO
HF,JANVO,61.439844,-160.043450,2, ,0.0,0.0,285.0,04,2,3000,0,0,0,0,1,0,0

APPTR,R24-A,24,KUREY
IF,KUREY,61.370342,-160.138469, ,0.0,0.0,2,3000,0,0,0,0,1,0
TF,JANVO,61.439844,-160.043450,0, ,0.0,0.0,0.0,0.0,2,3000,0,0,0,0,1,0

FINAL,R24-A,24,R,3
IF,JANVO,61.439844,-160.043450, ,0.0,0.0,2,3000,0,0,0,0,0,0
TF,SAGOC,61.490286,-160.204531,0, ,0.0,0.0,285.0,5.5,2,1700,0,0,0,0,2,0
TF,FENUG,61.526567,-160.321122,0, ,0.0,0.0,285.0,4.0,1,540,0,0,0,0,3,1
CA,0,285.0,2,540,0,0,0,0,0,0
DF,JANVO,61.439844,-160.043450,1, ,0.0,0.0,2,3000,0,0,0,0,0,1
HM,JANVO,61.439844,-160.043450,2, ,0.0,0.0,285.0,04,0,0,0,0,0,0,0,0,0

