APPTR,R02,02,BRUNI
HF,BRUNI,61.954728,-163.872431,2, ,0.0,0.0,18.0,05,2,2500,0,0,0,0,1,0,0

APPTR,R02,02,HAVAP
IF,HAVAP,61.982864,-164.148500, ,0.0,0.0,2,2500,0,0,0,0,1,0
TF,BRUNI,61.954728,-163.872431,0, ,0.0,0.0,0.0,0.0,2,2500,0,0,0,0,1,0

APPTR,R02,02,HOKVI
IF,HOKVI,61.849372,-163.700519, ,0.0,0.0,2,2500,0,0,0,0,1,0
TF,BRUNI,61.954728,-163.872431,0, ,0.0,0.0,0.0,0.0,2,2500,0,0,0,0,1,0

FINAL,R02,02,R,3
IF,BRUNI,61.954728,-163.872431, ,0.0,0.0,2,2500,0,0,0,0,0,0
TF,CURRE,62.025956,-163.776283,0, ,0.0,0.0,18.0,5.1,2,1800,0,0,0,0,2,0
TF,RW02,62.090756,-163.688342,0, ,0.0,0.0,18.0,4.6,1,328,0,0,0,0,3,1
CA,0,18.0,2,600,0,0,0,0,0,0
DF,TEYUT,62.134175,-163.629161,0, ,0.0,0.0,0,0,0,0,0,0,0,0
TF,AGEPE,62.281075,-163.642478,0, ,0.0,0.0,0.0,0.0,2,3000,0,0,0,0,0,1
HM,AGEPE,62.281075,-163.642478,2, ,0.0,0.0,128.0,04,0,0,0,0,0,0,0,0,0

APPTR,R20,20,BORME
HF,BORME,62.241861,-163.481503,2, ,0.0,0.0,199.0,04,2,2600,0,0,0,0,1,0,0

APPTR,R20,20,WERMA
IF,WERMA,62.350156,-163.659136, ,0.0,0.0,2,2600,0,0,0,0,1,0
TF,BORME,62.241861,-163.481503,0, ,0.0,0.0,0.0,0.0,2,2600,0,0,0,0,1,0

APPTR,R20,20,ZAVIP
IF,ZAVIP,62.211589,-163.196800, ,0.0,0.0,2,2600,0,0,0,0,1,0
TF,BORME,62.241861,-163.481503,0, ,0.0,0.0,0.0,0.0,2,2600,0,0,0,0,1,0

FINAL,R20,20,R,4
IF,BORME,62.241861,-163.481503, ,0.0,0.0,2,2600,0,0,0,0,0,0
TF,CATOE,62.170539,-163.579442,0, ,0.0,0.0,199.0,5.1,2,2000,0,0,0,0,2,0
TF,NICRI,62.140842,-163.620056,0, ,0.0,0.0,199.0,2.1,2,1300,0,0,0,0,0,0
TF,RW20,62.098828,-163.677356,0, ,0.0,0.0,199.0,3.0,1,379,0,0,0,0,3,1
CA,0,199.0,2,740,0,0,0,0,0,0
DF,AGEPE,62.281075,-163.642478,2, ,0.0,0.0,2,3000,0,0,0,0,0,1
HM,AGEPE,62.281075,-163.642478,2, ,0.0,0.0,128.0,04,0,0,0,0,0,0,0,0,0

