APPTR,R14,14,MEALT
HF,MEALT,64.586581,-161.429744,2, ,0.0,0.0,143.0,04,2,2500,0,0,0,0,1,0,0

FINAL,R14,14,R,4
IF,MEALT,64.586581,-161.429744, ,0.0,0.0,2,2500,0,0,0,0,0,0
TF,SEBKY,64.493942,-161.340850,0, ,0.0,0.0,143.0,6.0,2,2500,0,0,0,0,2,0
TF,DIEGG,64.414575,-161.265211,0, ,0.0,0.0,143.0,5.2,2,840,0,0,0,0,0,0
TF,RW14,64.376153,-161.228764,0, ,0.0,0.0,143.0,2.5,1,59,0,0,0,0,3,1
CA,0,143.0,2,271,0,0,0,0,0,0
DF,FANUB,64.176872,-161.041406,0, ,0.0,0.0,2,3500,0,0,0,0,0,1
HM,FANUB,64.176872,-161.041406,2, ,0.0,0.0,323.0,04,0,0,0,0,0,0,0,0,0

APPTR,R32,32,BEWEJ
IF,BEWEJ,64.208069,-160.864803, ,0.0,0.0,2,6000,0,0,0,0,1,0
TF,FANUB,64.176872,-161.041406,0, ,0.0,0.0,0.0,0.0,2,3500,0,0,0,0,1,0

APPTR,R32,32,CAQKU
IF,CAQKU,64.145461,-161.217611, ,0.0,0.0,2,3500,0,0,0,0,1,0
TF,FANUB,64.176872,-161.041406,0, ,0.0,0.0,0.0,0.0,2,3500,0,0,0,0,1,0

APPTR,R32,32,FANUB
HF,FANUB,64.176872,-161.041406,2, ,0.0,0.0,323.0,04,2,3500,0,0,0,0,1,0,0

FINAL,R32,32,R,3
IF,FANUB,64.176872,-161.041406, ,0.0,0.0,2,3500,0,0,0,0,0,0
TF,PARZY,64.274114,-161.132464,0, ,0.0,0.0,323.0,6.3,2,2000,0,0,0,0,2,0
TF,RW32,64.366033,-161.219181,0, ,0.0,0.0,323.0,6.0,1,64,0,0,0,0,3,1
DF,MEALT,64.586581,-161.429744,0, ,0.0,0.0,2,2500,0,0,0,0,0,1
HM,MEALT,64.586581,-161.429744,2, ,0.0,0.0,143.0,04,0,0,0,0,0,0,0,0,0

