SID,NIPPO5,10,1
CA,0,108.0,2,760,0,0,0,0,0,0
CF,NIPPO,32.736467,131.883406,0,NHT,34.9,45.0,35.0,44.0,2,16000,0,0,0,0,0,0

SID,NIPPO5,28,1
CA,0,288.0,2,760,0,0,0,0,0,0
CI,1, ,0.0,5.0,0,0,0,0,0,0,0,0
CF,NIPPO,32.736467,131.883406,0,NHT,34.9,45.0,35.0,43.0,2,16000,0,0,0,0,0,0

SID,NIPPO5,ASHIZ,3
IF,NIPPO,32.736467,131.883406, ,0.0,0.0,2,16000,0,0,0,0,0,0
TF,SUC30,32.746814,132.403872,0, ,0.0,0.0,0.0,0.0,0,0,0,0,0,0,0,0
TF,SUC,32.755969,132.996647,0, ,0.0,0.0,0.0,0.0,0,0,0,0,0,0,0,0

SID,NIPPO5,SOBO,3
IF,NIPPO,32.736467,131.883406, ,0.0,0.0,2,16000,0,0,0,0,0,0
CI,0, ,0.0,310.0,0,0,0,0,0,0,0,0
CF,KASHI,32.862967,131.597925,0,SUC,282.6,71.0,282.0,4.0,2,20000,0,0,0,0,0,0
TF,BARBA,32.881408,131.333653,0, ,0.0,0.0,0.0,0.0,0,0,0,0,0,0,0,0

SID,NIPPO5,TFE,3
IF,NIPPO,32.736467,131.883406, ,0.0,0.0,2,16000,0,0,0,0,0,0
TF,SU288,32.939919,131.841897,0, ,0.0,0.0,0.0,0.0,0,0,0,0,0,0,0,0
TF,TFE,33.489714,131.728756,0, ,0.0,0.0,0.0,0.0,0,0,0,0,0,0,0,0

SID,TENSO2,10,1
CA,0,108.0,2,760,0,0,0,0,0,0
CF,NHT30,32.337322,131.959472,0,NHT,65.0,30.0,65.0,29.0,0,0,0,0,0,0,0,0

SID,TENSO2,28,1
CA,0,288.0,2,760,0,0,0,0,0,0
CI,1, ,0.0,20.0,0,0,0,0,0,0,0,0
CF,NHT30,32.337322,131.959472,0,NHT,65.0,30.0,65.0,28.0,0,0,0,0,0,0,0,0

SID,TENSO2,ALL,2
IF,NHT30,32.337322,131.959472, ,0.0,0.0,0,0,0,0,0,0,0,0
TF,NH065,32.379964,132.044061,0, ,0.0,0.0,0.0,0.0,0,0,0,0,0,0,0,0
AF,NH075,32.288131,132.096050,2,NHT,75.0,35.0,65.0,2,15000,0,0,0,0,0,0
AF,NH085,32.189783,132.128439,2,NHT,85.0,35.0,75.0,0,0,0,0,0,0,0,0
TF,TENSO,32.296511,132.810258,0, ,0.0,0.0,0.0,0.0,0,0,0,0,0,0,0,0

SID,YATOG1,28,2
CD, ,0,0,0,NHT,0,0.0,288.0,5.0,2,5000,0,0,0,0,0,0
VI,0, ,0.0,360.0,0,0,0,0,0,0,0,0
AF,D035O,32.299428,131.596350,2,NHT,34.9,15.0,336.0,0,0,0,0,0,0,0,0
TF,NIPPO,32.736467,131.883406,0, ,0.0,0.0,0.0,0.0,2,16000,0,0,0,0,0,0

SID,YATOG1,ASHIZ,3
IF,NIPPO,32.736467,131.883406, ,0.0,0.0,2,16000,0,0,0,0,0,0
TF,SUC30,32.746814,132.403872,0, ,0.0,0.0,0.0,0.0,0,0,0,0,0,0,0,0
TF,SUC,32.755969,132.996647,0, ,0.0,0.0,0.0,0.0,0,0,0,0,0,0,0,0

SID,YATOG1,SOBO,3
IF,NIPPO,32.736467,131.883406, ,0.0,0.0,2,16000,0,0,0,0,0,0
VI,0, ,0.0,310.0,0,0,0,0,0,0,0,0
CF,KASHI,32.862967,131.597925,0,SUC,282.6,71.0,282.0,4.0,2,20000,0,0,0,0,0,0
TF,BARBA,32.881408,131.333653,0, ,0.0,0.0,0.0,0.0,0,0,0,0,0,0,0,0

SID,YATOG1,TFE,3
IF,NIPPO,32.736467,131.883406, ,0.0,0.0,2,16000,0,0,0,0,0,0
TF,SU288,32.939919,131.841897,0, ,0.0,0.0,0.0,0.0,0,0,0,0,0,0,0,0
TF,TFE,33.489714,131.728756,0, ,0.0,0.0,0.0,0.0,0,0,0,0,0,0,0,0

STAR,TENSO,28,2
IF,TENSO,32.296511,132.810258, ,0.0,0.0,0,0,0,0,0,0,0,0
TF,NHT40,32.205203,132.225089,0, ,0.0,0.0,0.0,0.0,0,0,0,0,0,0,0,0
VI,0, ,0.0,240.0,0,0,0,0,0,0,0,0
CF,HYUGA,32.134278,132.040439,0,KGE,78.9,70.1,270.0,4.0,0,0,0,0,0,0,0,0

APPTR,I28,28,HYUGA
IF,HYUGA,32.134278,132.040439, ,0.0,0.0,4,15000,10000,0,0,0,1,0
TF,D093W,32.099581,131.904269,0, ,0.0,0.0,0.0,0.0,3,10000,0,0,0,0,0,0
TF,NHT15,32.062306,131.747083,0, ,0.0,0.0,0.0,0.0,3,7000,0,0,0,0,0,0
CF,CF28,32.056961,131.608114,0,INH,107.3,9.0,288.0,7.1,1,2000,0,0,0,0,0,0

FINAL,I28,28,I,3
IF,CF28,32.056961,131.608114,INH,107.3,9.0,1,2000,0,0,0,0,0,0
CF,FF28,32.063892,131.567725,0,INH,107.3,6.9,288.0,2.1,1,2000,0,0,0,0,2,0
CF,RW28,32.081325,131.465786,0,INH,107.3,1.6,288.0,5.3,1,289,0,0,0,0,3,0
CA,0,288.0,2,700,0,0,0,0,0,0
CF,ZARON,32.261125,131.807431,2,MZE,45.4,29.7,65.0,21.0,2,5000,0,0,0,0,0,0
HM,ZARON,32.261125,131.807431,1, ,0.0,0.0,245.0,07,0,0,0,0,0,0,0,0,0

APPTR,T28,28,HYUGA
IF,HYUGA,32.134278,132.040439, ,0.0,0.0,4,15000,10000,0,0,0,1,0
TF,D093W,32.099581,131.904269,0, ,0.0,0.0,0.0,0.0,3,10000,0,0,0,0,0,0
TF,NHT15,32.062306,131.747083,0, ,0.0,0.0,0.0,0.0,3,7000,0,0,0,0,0,0
CF,FT28,32.072047,131.590581,0,NHT,100.0,7.0,280.0,8.0,1,2000,0,0,0,0,0,0

APPTR,T28,28,ZARON
IF,ZARON,32.261125,131.807431, ,0.0,0.0,4,6000,5000,0,0,0,1,0
AF,D100U,32.055144,131.864444,2,NHT,100.0,21.0,65.0,4,6000,5000,0,0,0,0,0
CF,FT28,32.072047,131.590581,0,NHT,100.0,7.0,280.0,14.0,1,2000,0,0,0,0,0,0

FINAL,T28,28,D,2
IF,FT28,32.072047,131.590581,NHT,100.0,7.0,1,2000,0,0,0,0,2,0
CF,MT28,32.078525,131.482961,0,NHT,100.0,1.5,280.0,5.5,1,558,0,0,0,0,3,0
CA,0,280.0,2,760,0,0,0,0,0,0
CF,ZARON,32.261125,131.807431,2,NHT,64.9,21.0,65.0,21.0,2,5000,0,0,0,0,0,0
HM,ZARON,32.261125,131.807431,1, ,0.0,0.0,245.0,07,0,0,0,0,0,0,0,0,0

