SID,ASUKA4,14L,1
CA,0,142.0,2,500,0,0,0,0,0,0
CF,ASUKA,34.767422,136.031869,0,ITE,101.0,31.1,101.0,29.0,2,5000,0,0,0,0,0,0

SID,ASUKA4,14R,1
CA,0,142.0,2,500,0,0,0,0,0,0
CF,ASUKA,34.767422,136.031869,0,ITE,101.0,31.1,101.0,29.0,2,5000,0,0,0,0,0,0

SID,ASUKA4,32L,1
CA,0,322.0,2,500,0,0,0,0,0,0
VI,1, ,0.0,71.0,0,0,0,0,0,0,0,0
CF,ASUKA,34.767422,136.031869,0,ITE,101.0,31.1,101.0,24.0,2,5000,0,0,0,0,0,0

SID,ASUKA4,32R,1
CA,0,322.0,2,500,0,0,0,0,0,0
VI,1, ,0.0,71.0,0,0,0,0,0,0,0,0
CF,ASUKA,34.767422,136.031869,0,ITE,101.0,31.1,101.0,24.0,2,5000,0,0,0,0,0,0

SID,ASUKA4,SHTLE,3
IF,ASUKA,34.767422,136.031869, ,0.0,0.0,2,5000,0,0,0,0,0,0
TF,SHTLE,34.830819,136.948289,0, ,0.0,0.0,0.0,0.0,0,0,0,0,0,0,0,0

SID,CUE5,14L,1
CA,0,142.0,2,500,0,0,0,0,0,0
CF,D101P,34.786142,135.731239,0,ITE,101.0,16.2,101.0,14.0,0,0,0,0,0,0,0,0
TF,CUE,35.017047,135.826003,0, ,0.0,0.0,0.0,0.0,2,7000,0,0,0,0,0,0

SID,CUE5,14R,1
CA,0,142.0,2,500,0,0,0,0,0,0
CF,D101P,34.786142,135.731239,0,ITE,101.0,16.2,101.0,14.0,0,0,0,0,0,0,0,0
TF,CUE,35.017047,135.826003,0, ,0.0,0.0,0.0,0.0,2,7000,0,0,0,0,0,0

SID,CUE5,32L,1
CA,0,322.0,2,500,0,0,0,0,0,0
VI,1, ,0.0,71.0,0,0,0,0,0,0,0,0
CF,D101P,34.786142,135.731239,0,ITE,101.0,16.2,101.0,9.0,0,0,0,0,0,0,0,0
TF,CUE,35.017047,135.826003,0, ,0.0,0.0,0.0,0.0,2,7000,0,0,0,0,0,0

SID,CUE5,32R,1
CA,0,322.0,2,500,0,0,0,0,0,0
VI,1, ,0.0,71.0,0,0,0,0,0,0,0,0
CF,D101P,34.786142,135.731239,0,ITE,101.0,16.2,101.0,9.0,0,0,0,0,0,0,0,0
TF,CUE,35.017047,135.826003,0, ,0.0,0.0,0.0,0.0,2,7000,0,0,0,0,0,0

SID,CUE5,KMC,3
IF,CUE,35.017047,135.826003, ,0.0,0.0,2,7000,0,0,0,0,0,0
TF,CUE30,35.491222,136.022392,0, ,0.0,0.0,0.0,0.0,2,11000,0,0,0,0,0,0
TF,KMC,36.396469,136.404253,0, ,0.0,0.0,0.0,0.0,0,0,0,0,0,0,0,0

SID,EAST4R,14L,1
CA,0,142.0,2,500,0,0,0,0,0,0
VI,0, ,0.0,71.0,0,0,0,0,0,0,0,0
CF,D101K,34.792469,135.625719,0,ITE,101.0,11.0,101.0,5.0,2,3000,0,0,0,0,0,1
DF,ITE,34.805483,135.403661,1, ,0.0,0.0,0,0,0,0,0,0,0,0

SID,EAST4R,14R,1
CA,0,142.0,2,500,0,0,0,0,0,0
VI,0, ,0.0,71.0,0,0,0,0,0,0,0,0
CF,D101K,34.792469,135.625719,0,ITE,101.0,11.0,101.0,5.0,2,3000,0,0,0,0,0,1
DF,ITE,34.805483,135.403661,1, ,0.0,0.0,0,0,0,0,0,0,0,0

SID,EAST4R,32L,1
CA,0,322.0,2,500,0,0,0,0,0,0
VI,1, ,0.0,71.0,0,0,0,0,0,0,0,0
CF,D101K,34.792469,135.625719,0,ITE,101.0,11.0,101.0,2.0,2,3000,0,0,0,0,0,1
DF,ITE,34.805483,135.403661,1, ,0.0,0.0,0,0,0,0,0,0,0,0

SID,EAST4R,32R,1
CA,0,322.0,2,500,0,0,0,0,0,0
VI,1, ,0.0,71.0,0,0,0,0,0,0,0,0
CF,D101K,34.792469,135.625719,0,ITE,101.0,11.0,101.0,2.0,2,3000,0,0,0,0,0,1
DF,ITE,34.805483,135.403661,1, ,0.0,0.0,0,0,0,0,0,0,0,0

SID,IZUMI1,14L,1
CA,0,142.0,2,500,0,0,0,0,0,0
VI,0, ,0.0,230.0,0,0,0,0,0,0,0,0
CF,YODOH,34.660467,135.359683,0,ITE,201.1,9.0,201.0,1.0,0,0,0,0,0,0,0,0

SID,IZUMI1,14R,1
CA,0,142.0,2,500,0,0,0,0,0,0
VI,0, ,0.0,230.0,0,0,0,0,0,0,0,0
CF,YODOH,34.660467,135.359683,0,ITE,201.1,9.0,201.0,1.0,0,0,0,0,0,0,0,0

SID,IZUMI1,32L,1
CA,0,322.0,2,500,0,0,0,0,0,0
VI,1, ,0.0,171.0,0,0,0,0,0,0,0,0
CF,YODOH,34.660467,135.359683,0,ITE,201.1,9.0,201.0,5.0,0,0,0,0,0,0,0,0

SID,IZUMI1,32R,1
CA,0,322.0,2,500,0,0,0,0,0,0
VI,1, ,0.0,171.0,0,0,0,0,0,0,0,0
CF,YODOH,34.660467,135.359683,0,ITE,201.1,9.0,201.0,5.0,0,0,0,0,0,0,0,0

SID,IZUMI1,ALL,2
IF,YODOH,34.660467,135.359683, ,0.0,0.0,0,0,0,0,0,0,0,0
TF,ITE10,34.646342,135.413161,0, ,0.0,0.0,0.0,0.0,0,0,0,0,0,0,0,0
TF,IZUMI,34.441261,135.425356,0, ,0.0,0.0,0.0,0.0,2,6000,0,0,0,0,0,0

SID,MINAC3,14L,1
CA,0,142.0,2,500,0,0,0,0,0,0
CF,ITE16,34.786439,135.726339,0,ITE,101.0,16.0,101.0,12.0,0,0,0,0,0,0,0,0
TF,MINAC,34.923967,136.173992,0, ,0.0,0.0,0.0,0.0,0,0,0,0,0,0,0,0

SID,MINAC3,14R,1
CA,0,142.0,2,500,0,0,0,0,0,0
CF,ITE16,34.786439,135.726339,0,ITE,101.0,16.0,101.0,12.0,0,0,0,0,0,0,0,0
TF,MINAC,34.923967,136.173992,0, ,0.0,0.0,0.0,0.0,0,0,0,0,0,0,0,0

SID,MINAC3,32L,1
CA,0,322.0,2,500,0,0,0,0,0,0
VI,1, ,0.0,71.0,0,0,0,0,0,0,0,0
CF,ITE16,34.786439,135.726339,0,ITE,101.0,16.0,101.0,8.0,0,0,0,0,0,0,0,0
TF,MINAC,34.923967,136.173992,0, ,0.0,0.0,0.0,0.0,0,0,0,0,0,0,0,0

SID,MINAC3,32R,1
CA,0,322.0,2,500,0,0,0,0,0,0
VI,1, ,0.0,71.0,0,0,0,0,0,0,0,0
CF,ITE16,34.786439,135.726339,0,ITE,101.0,16.0,101.0,8.0,0,0,0,0,0,0,0,0
TF,MINAC,34.923967,136.173992,0, ,0.0,0.0,0.0,0.0,0,0,0,0,0,0,0,0

SID,MINAC3,GUJYO,3
IF,MINAC,34.923967,136.173992, ,0.0,0.0,0,0,0,0,0,0,0,0
TF,GUJYO,35.364033,136.577356,0, ,0.0,0.0,0.0,0.0,2,20000,0,0,0,0,0,0

SID,MINAC3,NAGOY,3
IF,MINAC,34.923967,136.173992, ,0.0,0.0,0,0,0,0,0,0,0,0
TF,YOKKA,35.011114,136.461306,0, ,0.0,0.0,0.0,0.0,0,0,0,0,0,0,0,0
TF,CME,35.269336,136.917192,0, ,0.0,0.0,0.0,0.0,0,0,0,0,0,0,0,0

SID,TIGER2,14L,1
CA,0,142.0,2,500,0,0,0,0,0,0
VR,0,YOE,301.0,230.0,0,0,0,0,0,0,0,0
VI,0, ,0.0,261.0,0,0,0,0,0,0,0,0
CF,TIGER,34.680675,135.171306,0,YOE,291.4,21.5,291.0,5.0,2,6000,0,0,0,0,0,0

SID,TIGER2,14R,1
CA,0,142.0,2,500,0,0,0,0,0,0
VR,0,YOE,301.0,230.0,0,0,0,0,0,0,0,0
VI,0, ,0.0,261.0,0,0,0,0,0,0,0,0
CF,TIGER,34.680675,135.171306,0,YOE,291.4,21.5,291.0,5.0,2,6000,0,0,0,0,0,0

SID,TIGER2,32L,1
CA,0,322.0,2,500,0,0,0,0,0,0
VI,1, ,0.0,171.0,0,0,0,0,0,0,0,0
CF,D201H,34.678339,135.365289,0,YOE,301.0,12.3,201.0,3.0,0,0,0,0,0,0,0,1
VI,0, ,0.0,260.0,0,0,0,0,0,0,0,0
CF,TIGER,34.680675,135.171306,0,YOE,291.4,21.5,291.0,8.0,2,6000,0,0,0,0,0,0

SID,TIGER2,32R,1
CA,0,322.0,2,500,0,0,0,0,0,0
VI,1, ,0.0,171.0,0,0,0,0,0,0,0,0
CF,D201H,34.678339,135.365289,0,YOE,301.0,12.3,201.0,3.0,0,0,0,0,0,0,0,1
VI,0, ,0.0,260.0,0,0,0,0,0,0,0,0
CF,TIGER,34.680675,135.171306,0,YOE,291.4,21.5,291.0,8.0,2,6000,0,0,0,0,0,0

SID,TIGER2,ASAGI,3
IF,TIGER,34.680675,135.171306, ,0.0,0.0,2,6000,0,0,0,0,0,0
TF,KCE22,34.901700,134.915822,0, ,0.0,0.0,0.0,0.0,2,7000,0,0,0,0,0,0
TF,ASAGI,35.043678,134.750658,0, ,0.0,0.0,0.0,0.0,0,0,0,0,0,0,0,0

SID,TIGER2,AWAJI,3
IF,TIGER,34.680675,135.171306, ,0.0,0.0,0,0,0,0,0,0,0,0
TF,MAIKO,34.611036,134.996961,0, ,0.0,0.0,0.0,0.0,0,0,0,0,0,0,0,0
TF,AWAJI,34.270303,134.712942,0, ,0.0,0.0,0.0,0.0,0,0,0,0,0,0,0,0

SID,TIGER2,AYAME,3
IF,TIGER,34.680675,135.171306, ,0.0,0.0,0,0,0,0,0,0,0,0
TF,SUMAR,34.708872,135.024486,0, ,0.0,0.0,0.0,0.0,0,0,0,0,0,0,0,0
TF,AYAME,34.600469,134.453917,0, ,0.0,0.0,0.0,0.0,0,0,0,0,0,0,0,0

SID,TIGER2,BUMER,3
IF,TIGER,34.680675,135.171306, ,0.0,0.0,2,6000,0,0,0,0,0,0
TF,KCE07,34.691025,135.117522,0, ,0.0,0.0,0.0,0.0,0,0,0,0,0,0,0,0
TF,BUMER,34.756311,134.996475,0, ,0.0,0.0,0.0,0.0,0,0,0,0,0,0,0,0

SID,TIGER2,KTE,3
IF,TIGER,34.680675,135.171306, ,0.0,0.0,2,6000,0,0,0,0,0,0
TF,SUMAR,34.708872,135.024486,0, ,0.0,0.0,0.0,0.0,2,9000,0,0,0,0,0,0
TF,ITE43,34.592261,134.571569,0, ,0.0,0.0,0.0,0.0,2,18000,0,0,0,0,0,0
TF,KTE,34.212497,134.022592,0, ,0.0,0.0,0.0,0.0,0,0,0,0,0,0,0,0

SID,TIGER2,SOUJA,3
IF,TIGER,34.680675,135.171306, ,0.0,0.0,0,0,0,0,0,0,0,0
TF,SUMAR,34.708872,135.024486,0, ,0.0,0.0,0.0,0.0,0,0,0,0,0,0,0,0
TF,AYAME,34.600469,134.453917,0, ,0.0,0.0,0.0,0.0,0,0,0,0,0,0,0,0
TF,SETOH,34.540372,134.144106,0, ,0.0,0.0,0.0,0.0,0,0,0,0,0,0,0,0
TF,SOUJA,34.627400,133.739578,0, ,0.0,0.0,0.0,0.0,0,0,0,0,0,0,0,0

SID,TIGER2,TOZAN,3
IF,TIGER,34.680675,135.171306, ,0.0,0.0,2,6000,0,0,0,0,0,0
TF,KCE22,34.901700,134.915822,0, ,0.0,0.0,0.0,0.0,2,7000,0,0,0,0,0,0
TF,ASAGI,35.043678,134.750658,0, ,0.0,0.0,0.0,0.0,0,0,0,0,0,0,0,0
TF,KCE47,35.198047,134.570108,0, ,0.0,0.0,0.0,0.0,2,10000,0,0,0,0,0,0
TF,TOZAN,35.270956,134.484492,0, ,0.0,0.0,0.0,0.0,0,0,0,0,0,0,0,0

SID,TIGER2,WASYU,3
IF,TIGER,34.680675,135.171306, ,0.0,0.0,0,0,0,0,0,0,0,0
TF,SUMAR,34.708872,135.024486,0, ,0.0,0.0,0.0,0.0,0,0,0,0,0,0,0,0
TF,AYAME,34.600469,134.453917,0, ,0.0,0.0,0.0,0.0,0,0,0,0,0,0,0,0
TF,SETOH,34.540372,134.144106,0, ,0.0,0.0,0.0,0.0,0,0,0,0,0,0,0,0
TF,WASYU,34.471528,133.383650,0, ,0.0,0.0,0.0,0.0,0,0,0,0,0,0,0,0

STAR,HABIK,32L,5
IF,IZUMI,34.441261,135.425356, ,0.0,0.0,0,0,0,0,0,0,0,0
TF,HABIK,34.546331,135.653936,0, ,0.0,0.0,0.0,0.0,0,0,0,0,0,0,0,0
TF,IKOMA,34.604633,135.654114,0, ,0.0,0.0,0.0,0.0,2,3500,0,0,0,0,0,0

STAR,HABIK,32R,5
IF,IZUMI,34.441261,135.425356, ,0.0,0.0,0,0,0,0,0,0,0,0
TF,HABIK,34.546331,135.653936,0, ,0.0,0.0,0.0,0.0,0,0,0,0,0,0,0,0
TF,IKOMA,34.604633,135.654114,0, ,0.0,0.0,0.0,0.0,2,3500,0,0,0,0,0,0

STAR,IKOMAE,32L,5
IF,KODAI,34.482100,136.096064, ,0.0,0.0,0,0,0,0,0,0,0,0
TF,MIRAI,34.536844,135.899483,0, ,0.0,0.0,0.0,0.0,2,6000,0,0,0,0,0,0
TF,ABENO,34.592342,135.698769,0, ,0.0,0.0,0.0,0.0,0,0,0,0,0,0,0,0
TF,IKOMA,34.604633,135.654114,0, ,0.0,0.0,0.0,0.0,2,3500,0,0,0,0,0,0

STAR,IKOMAE,32R,5
IF,KODAI,34.482100,136.096064, ,0.0,0.0,0,0,0,0,0,0,0,0
TF,MIRAI,34.536844,135.899483,0, ,0.0,0.0,0.0,0.0,2,6000,0,0,0,0,0,0
TF,ABENO,34.592342,135.698769,0, ,0.0,0.0,0.0,0.0,0,0,0,0,0,0,0,0
TF,IKOMA,34.604633,135.654114,0, ,0.0,0.0,0.0,0.0,2,3500,0,0,0,0,0,0

STAR,IKOMAN,32L,5
IF,ROKKO,35.116822,135.300256, ,0.0,0.0,2,7000,0,0,0,0,0,0
TF,KAMEO,34.950739,135.467839,0, ,0.0,0.0,0.0,0.0,2,7000,0,0,0,0,0,0
TF,OTABE,34.658039,135.761061,0, ,0.0,0.0,0.0,0.0,0,0,0,0,0,0,0,0
TF,ABENO,34.592342,135.698769,0, ,0.0,0.0,0.0,0.0,0,0,0,1,210,0,0,0
TF,IKOMA,34.604633,135.654114,0, ,0.0,0.0,0.0,0.0,2,3500,0,1,210,0,0,0

STAR,IKOMAN,32R,5
IF,ROKKO,35.116822,135.300256, ,0.0,0.0,2,7000,0,0,0,0,0,0
TF,KAMEO,34.950739,135.467839,0, ,0.0,0.0,0.0,0.0,2,7000,0,0,0,0,0,0
TF,OTABE,34.658039,135.761061,0, ,0.0,0.0,0.0,0.0,0,0,0,0,0,0,0,0
TF,ABENO,34.592342,135.698769,0, ,0.0,0.0,0.0,0.0,0,0,0,1,210,0,0,0
TF,IKOMA,34.604633,135.654114,0, ,0.0,0.0,0.0,0.0,2,3500,0,1,210,0,0,0

STAR,IZUMI,ALL,2
IF,IZUMI,34.441261,135.425356, ,0.0,0.0,0,0,0,0,0,0,0,0
AF,D141V,34.550686,135.721061,1,ITE,141.1,21.9,184.0,0,0,0,0,0,0,0,0
TF,D141S,34.584475,135.679144,0, ,0.0,0.0,0.0,0.0,2,4000,0,0,0,0,0,0
TF,IKOMA,34.604633,135.654114,0, ,0.0,0.0,0.0,0.0,2,3500,0,0,0,0,0,0

STAR,KODAI,ALL,2
IF,KODAI,34.482100,136.096064, ,0.0,0.0,2,9000,0,0,0,0,0,0
TF,YOE21,34.504111,136.001814,0, ,0.0,0.0,0.0,0.0,2,4700,0,0,0,0,0,0
TF,YOE05,34.576564,135.689011,0, ,0.0,0.0,0.0,0.0,0,0,0,0,0,0,0,0
TF,D141S,34.584475,135.679144,0, ,0.0,0.0,0.0,0.0,2,4000,0,0,0,0,0,0
TF,IKOMA,34.604633,135.654114,0, ,0.0,0.0,0.0,0.0,2,3500,0,0,0,0,0,0

FINAL,I32L,32L,I,3
IF,IKOMA,34.604633,135.654114,ISK,142.0,15.9,2,3500,0,0,0,0,0,0
CF,MIDOH,34.649372,135.600239,0,ISK,142.0,12.1,322.0,3.8,1,3500,0,0,0,0,2,0
CF,RW32L,34.772200,135.451878,0,ISK,142.0,1.7,322.0,10.4,1,85,0,0,0,0,3,0
VD, ,0,0,0,ITE,0.0,0.0,322.0,1.0,0,0,0,0,0,0,0,0
VI,1, ,0.0,145.0,0,0,0,0,0,0,0,0
CF,IZUMI,34.441261,135.425356,0,ITE,184.2,21.8,184.0,17.0,2,5000,0,0,0,0,0,0
HM,IZUMI,34.441261,135.425356,2, ,0.0,0.0,49.0,06.4,0,0,0,1,230,0,0,0,0

FINAL,L32L,32L,D,4
IF,IKOMA,34.604633,135.654114,ISK,142.0,15.9,2,3500,0,0,0,0,0,0
CF,NATEN,34.684856,135.557447,0,ISK,142.0,9.1,322.0,6.8,2,2433,0,0,0,0,2,0
CF,30LOC,34.738892,135.492167,0,ISK,142.0,4.6,322.0,4.6,2,978,0,0,0,0,0,0
CF,MA32L,34.767281,135.457819,0,ISK,142.0,2.2,322.0,2.4,1,216,0,0,0,0,3,0
VD, ,0,0,0,ITE,0.0,0.0,322.0,1.0,0,0,0,0,0,0,0,0
VI,1, ,0.0,145.0,0,0,0,0,0,0,0,0
CF,IZUMI,34.441261,135.425356,0,ITE,184.2,21.8,184.0,17.0,2,5000,0,0,0,0,0,0
HM,IZUMI,34.441261,135.425356,2, ,0.0,0.0,49.0,06.4,0,0,0,1,230,0,0,0,0

APPTR,R32L,32L,CEREZ
IF,CEREZ,34.595042,135.523125, ,0.0,0.0,2,3500,0,0,0,0,1,0
TF,KOSAK,34.654053,135.594594,0, ,0.0,0.0,0.0,0.0,2,3000,0,0,0,0,1,0

APPTR,R32L,32L,GAMBA
IF,GAMBA,34.714936,135.668697, ,0.0,0.0,2,3500,0,0,0,0,1,0
TF,KOSAK,34.654053,135.594594,0, ,0.0,0.0,0.0,0.0,2,3000,0,0,0,0,1,0

APPTR,R32L,32L,IKOMA
IF,IKOMA,34.604633,135.654114, ,0.0,0.0,2,3500,0,0,0,0,1,0
TF,KOSAK,34.654053,135.594594,0, ,0.0,0.0,0.0,0.0,2,3000,0,0,0,0,1,0

FINAL,R32L,32L,R,4
IF,KOSAK,34.654053,135.594594, ,0.0,0.0,2,3000,0,0,0,0,0,0
TF,UMEDA,34.713100,135.523344,0, ,0.0,0.0,323.0,5.0,2,1677,0,0,0,0,2,0
TF,30TH2,34.736758,135.494753,0, ,0.0,0.0,323.0,2.0,2,1041,0,0,0,0,0,0
TF,RW32L,34.772200,135.451878,0, ,0.0,0.0,323.0,3.0,1,85,0,0,0,0,3,1
TF,O2L50,34.821797,135.391753,0, ,0.0,0.0,0.0,0.0,0,0,0,0,0,0,0,0
TF,O2L51,34.776911,135.337406,0, ,0.0,0.0,0.0,0.0,0,0,0,0,0,0,0,0
TF,O2L52,34.570972,135.417647,0, ,0.0,0.0,0.0,0.0,0,0,0,0,0,0,0,0
TF,IZUMI,34.441261,135.425356,0, ,0.0,0.0,0.0,0.0,2,5000,0,0,0,0,0,0
HM,IZUMI,34.441261,135.425356,2, ,0.0,0.0,49.0,06.4,2,5000,0,1,230,0,0,0,0

APPTR,R32R,32R,CEREZ
IF,CEREZ,34.595042,135.523125, ,0.0,0.0,2,3500,0,0,0,0,1,0
TF,KIKYO,34.656011,135.597072,0, ,0.0,0.0,0.0,0.0,2,3000,0,0,0,0,1,0

APPTR,R32R,32R,GAMBA
IF,GAMBA,34.714936,135.668697, ,0.0,0.0,2,3500,0,0,0,0,1,0
TF,KIKYO,34.656011,135.597072,0, ,0.0,0.0,0.0,0.0,2,3000,0,0,0,0,1,0

APPTR,R32R,32R,IKOMA
IF,IKOMA,34.604633,135.654114, ,0.0,0.0,2,3500,0,0,0,0,1,0
TF,KIKYO,34.656011,135.597072,0, ,0.0,0.0,0.0,0.0,2,3000,0,0,0,0,1,0

FINAL,R32R,32R,R,4
IF,KIKYO,34.656011,135.597072, ,0.0,0.0,2,3000,0,0,0,0,0,0
TF,TENMA,34.724567,135.514292,0, ,0.0,0.0,323.0,5.8,2,1677,0,0,0,0,2,0
TF,30THR,34.748192,135.485708,0, ,0.0,0.0,323.0,2.0,2,1040,0,0,0,0,0,0
TF,RW32R,34.783617,135.442808,0, ,0.0,0.0,323.0,3.0,1,85,0,0,0,0,3,1
TF,O2R50,34.823753,135.394150,0, ,0.0,0.0,0.0,0.0,0,0,0,0,0,0,0,0
TF,O2R51,34.778881,135.339786,0, ,0.0,0.0,0.0,0.0,0,0,0,0,0,0,0,0
TF,O2R52,34.573692,135.417486,0, ,0.0,0.0,0.0,0.0,0,0,0,0,0,0,0,0
TF,IZUMI,34.441261,135.425356,0, ,0.0,0.0,0.0,0.0,2,5000,0,0,0,0,0,0
HM,IZUMI,34.441261,135.425356,2, ,0.0,0.0,49.0,06.4,2,5000,0,1,230,0,0,0,0

FINAL,V14L-A,14L,D,4
IF,IKOMA,34.604633,135.654114,ITE,141.1,17.3,2,3500,0,0,0,0,0,0
CF,KYUHO,34.681094,135.558989,0,ITE,141.1,10.7,321.0,6.6,2,2500,0,0,0,0,2,0
CF,61VOR,34.734597,135.492264,0,ITE,141.1,6.1,321.0,4.6,2,1500,0,0,0,0,0,0
CF,MA321,34.754358,135.467586,0,ITE,141.1,4.4,321.0,1.7,1,760,0,0,0,0,3,0
VD, ,0,0,0,ITE,0.0,0.0,321.0,1.0,0,0,0,0,0,0,0,0
VI,1, ,0.0,145.0,0,0,0,0,0,0,0,0
CF,IZUMI,34.441261,135.425356,0,ITE,184.2,21.8,184.0,17.0,2,5000,0,0,0,0,0,0
HM,IZUMI,34.441261,135.425356,2, ,0.0,0.0,49.0,06.4,0,0,0,1,230,0,0,0,0

FINAL,V14R-A,14R,D,4
IF,IKOMA,34.604633,135.654114,ITE,141.1,17.3,2,3500,0,0,0,0,0,0
CF,KYUHO,34.681094,135.558989,0,ITE,141.1,10.7,321.0,6.6,2,2500,0,0,0,0,2,0
CF,61VOR,34.734597,135.492264,0,ITE,141.1,6.1,321.0,4.6,2,1500,0,0,0,0,0,0
CF,MA321,34.754358,135.467586,0,ITE,141.1,4.4,321.0,1.7,1,760,0,0,0,0,3,0
VD, ,0,0,0,ITE,0.0,0.0,321.0,1.0,0,0,0,0,0,0,0,0
VI,1, ,0.0,145.0,0,0,0,0,0,0,0,0
CF,IZUMI,34.441261,135.425356,0,ITE,184.2,21.8,184.0,17.0,2,5000,0,0,0,0,0,0
HM,IZUMI,34.441261,135.425356,2, ,0.0,0.0,49.0,06.4,0,0,0,1,230,0,0,0,0

FINAL,V32L-A,32L,D,4
IF,IKOMA,34.604633,135.654114,ITE,141.1,17.3,2,3500,0,0,0,0,0,0
CF,KYUHO,34.681094,135.558989,0,ITE,141.1,10.7,321.0,6.6,2,2500,0,0,0,0,2,0
CF,61VOR,34.734597,135.492264,0,ITE,141.1,6.1,321.0,4.6,2,1500,0,0,0,0,0,0
CF,MA321,34.754358,135.467586,0,ITE,141.1,4.4,321.0,1.7,1,760,0,0,0,0,3,0
VD, ,0,0,0,ITE,0.0,0.0,321.0,1.0,0,0,0,0,0,0,0,0
VI,1, ,0.0,145.0,0,0,0,0,0,0,0,0
CF,IZUMI,34.441261,135.425356,0,ITE,184.2,21.8,184.0,17.0,2,5000,0,0,0,0,0,0
HM,IZUMI,34.441261,135.425356,2, ,0.0,0.0,49.0,06.4,0,0,0,1,230,0,0,0,0

FINAL,V32R-A,32R,D,4
IF,IKOMA,34.604633,135.654114,ITE,141.1,17.3,2,3500,0,0,0,0,0,0
CF,KYUHO,34.681094,135.558989,0,ITE,141.1,10.7,321.0,6.6,2,2500,0,0,0,0,2,0
CF,61VOR,34.734597,135.492264,0,ITE,141.1,6.1,321.0,4.6,2,1500,0,0,0,0,0,0
CF,MA321,34.754358,135.467586,0,ITE,141.1,4.4,321.0,1.7,1,760,0,0,0,0,3,0
VD, ,0,0,0,ITE,0.0,0.0,321.0,1.0,0,0,0,0,0,0,0,0
VI,1, ,0.0,145.0,0,0,0,0,0,0,0,0
CF,IZUMI,34.441261,135.425356,0,ITE,184.2,21.8,184.0,17.0,2,5000,0,0,0,0,0,0
HM,IZUMI,34.441261,135.425356,2, ,0.0,0.0,49.0,06.4,0,0,0,1,230,0,0,0,0

