APPTR,I20,20,D021K
IF,D021K,-31.630878,-60.428881, ,0.0,0.0,0,0,0,0,0,0,1,0
CF,CF20,-31.652961,-60.455675,0,PA,16.5,9.4,197.0,2.0,2,2100,0,0,0,0,0,0

APPTR,I20,20,D087K
IF,D087K,-31.778653,-60.272178, ,0.0,0.0,0,0,0,0,0,0,1,0
AF,D024K,-31.633606,-60.418100,1,PAR,24.0,11.0,87.0,0,0,0,0,0,0,0,1
CF,CF20,-31.652961,-60.455675,0,PA,16.5,9.4,197.0,2.0,2,2100,0,0,0,0,0,0

APPTR,I20,20,D284K
IF,D284K,-31.783039,-60.697525, ,0.0,0.0,0,0,0,0,0,0,1,0
AF,D004K,-31.624742,-60.491953,2,PAR,4.0,11.0,284.0,0,0,0,0,0,0,0,1
CF,CF20,-31.652961,-60.455675,0,PA,16.5,9.4,197.0,2.0,2,2100,0,0,0,0,0,0

APPTR,I20,20,D334K
IF,D334K,-31.652608,-60.598486, ,0.0,0.0,0,0,0,0,0,0,1,0
AF,D004K,-31.624742,-60.491953,2,PAR,4.0,11.0,334.0,0,0,0,0,0,0,0,1
CF,CF20,-31.652961,-60.455675,0,PA,16.5,9.4,197.0,2.0,2,2100,0,0,0,0,0,0

APPTR,I20,20,PAR
IF,PAR,-31.808361,-60.484461, ,0.0,0.0,0,0,0,0,0,0,1,0
FD,PAR,-31.808361,-60.484461,0,PAR,0.0,9.5,32.0,9.5,2,2100,0,0,0,0,0,0
CF,CF20,-31.652961,-60.455675,1,PA,16.5,9.4,197.0,1.0,2,2100,0,0,0,0,0,0

FINAL,I20,20,I,3
IF,CF20,-31.652961,-60.455675,PA,16.5,9.4,2,2100,0,0,0,0,0,0
CF,FF20,-31.694267,-60.462853,0,PA,16.5,6.9,197.0,2.5,1,2100,0,0,0,0,2,0
CF,RW20,-31.785397,-60.478733,0,PA,16.4,1.4,197.0,5.5,1,290,0,0,0,0,3,0
VM,0,0,0,197.0,2,3000,0,0,0,0,0,0

APPTR,N20,20,PAR
IF,PAR,-31.808361,-60.484461, ,0.0,0.0,0,0,0,0,0,0,1,0
FD,PAR,-31.808361,-60.484461,0,PAR,0.0,9.5,32.0,9.5,2,2100,0,0,0,0,0,0
CF,CN20,-31.651717,-60.456150,1,PAR,14.8,9.5,197.0,1.0,2,2100,0,0,0,0,0,0

FINAL,N20,20,N,3
IF,CN20,-31.651717,-60.456150,P,0.0,0.0,2,2100,0,0,0,0,0,0
CF,OP,-31.722619,-60.468036,0,P,0.0,0.0,197.0,4.3,2,1000,0,0,0,0,2,0
CF,P,-31.776603,-60.477031,0,P,0.0,0.0,197.0,3.3,1,462,0,0,0,0,3,0
VM,0,0,0,197.0,2,3000,0,0,0,0,0,0

