SID,BINO,07,1
CA,0,70.0,2,2700,0,0,0,0,0,0
DF,BAG,-15.853528,-52.395600,1, ,0.0,0.0,0,0,0,0,0,0,0,0
TF,BINO,-15.974897,-51.938886,0, ,0.0,0.0,0.0,0.0,0,0,0,0,0,0,0,0

SID,BINO,25,1
CA,0,250.0,2,1550,0,0,0,0,0,0
VI,1, ,0.0,93.0,0,0,0,0,0,0,0,0
IF,BAG,-15.853528,-52.395600, ,0.0,0.0,0,0,0,0,0,0,0,0
TF,BINO,-15.974897,-51.938886,0, ,0.0,0.0,0.0,0.0,0,0,0,0,0,0,0,0

SID,BINO,ALL,2
IF,BINO,-15.974897,-51.938886, ,0.0,0.0,0,0,0,0,0,0,0,0
TF,GAVUV,-16.524333,-49.670333,0, ,0.0,0.0,0.0,0.0,0,0,0,0,0,0,0,0

SID,BOLOP,07,1
CA,0,70.0,2,2700,0,0,0,0,0,0
VI,1, ,0.0,316.0,0,0,0,0,0,0,0,0
IF,BAG,-15.853528,-52.395600, ,0.0,0.0,0,0,0,0,0,0,0,0
TF,BOLOP,-15.469000,-52.640667,0, ,0.0,0.0,0.0,0.0,0,0,0,0,0,0,0,0

SID,BOLOP,25,1
CA,0,250.0,2,1550,0,0,0,0,0,0
VI,2, ,0.0,16.0,0,0,0,0,0,0,0,0
IF,BAG,-15.853528,-52.395600, ,0.0,0.0,0,0,0,0,0,0,0,0
TF,BOLOP,-15.469000,-52.640667,0, ,0.0,0.0,0.0,0.0,0,0,0,0,0,0,0,0

SID,BOLOP,ALL,2
IF,BOLOP,-15.469000,-52.640667, ,0.0,0.0,0,0,0,0,0,0,0,0
TF,SAMAR,-14.713000,-53.119500,0, ,0.0,0.0,0.0,0.0,0,0,0,0,0,0,0,0

SID,COPO,07,1
CA,0,70.0,2,2700,0,0,0,0,0,0
VI,1, ,0.0,259.0,0,0,0,0,0,0,0,0
IF,BAG,-15.853528,-52.395600, ,0.0,0.0,0,0,0,0,0,0,0,0
TF,COPO,-15.837186,-52.855825,0, ,0.0,0.0,0.0,0.0,0,0,0,0,0,0,0,0

SID,COPO,25,1
CA,0,250.0,2,1550,0,0,0,0,0,0
VI,0, ,0.0,319.0,0,0,0,0,0,0,0,0
IF,BAG,-15.853528,-52.395600, ,0.0,0.0,0,0,0,0,0,0,0,0
TF,COPO,-15.837186,-52.855825,0, ,0.0,0.0,0.0,0.0,0,0,0,0,0,0,0,0

SID,COPO,MAGDA,3
IF,COPO,-15.837186,-52.855825, ,0.0,0.0,0,0,0,0,0,0,0,0
TF,MAGDA,-15.697500,-55.422333,0, ,0.0,0.0,0.0,0.0,0,0,0,0,0,0,0,0

SID,COPO,MOLPA,3
IF,COPO,-15.837186,-52.855825, ,0.0,0.0,0,0,0,0,0,0,0,0
TF,MOLPA,-16.097000,-53.254500,0, ,0.0,0.0,0.0,0.0,0,0,0,0,0,0,0,0

SID,ELIS,07,1
CA,0,70.0,2,2700,0,0,0,0,0,0
VI,0, ,0.0,349.0,0,0,0,0,0,0,0,0
IF,BAG,-15.853528,-52.395600, ,0.0,0.0,0,0,0,0,0,0,0,0
TF,ELIS,-15.404206,-52.378681,0, ,0.0,0.0,0.0,0.0,0,0,0,0,0,0,0,0

SID,ELIS,25,1
CA,0,250.0,2,1550,0,0,0,0,0,0
VI,2, ,0.0,49.0,0,0,0,0,0,0,0,0
IF,BAG,-15.853528,-52.395600, ,0.0,0.0,0,0,0,0,0,0,0,0
TF,ELIS,-15.404206,-52.378681,0, ,0.0,0.0,0.0,0.0,0,0,0,0,0,0,0,0

SID,ELIS,ALL,2
IF,ELIS,-15.404206,-52.378681, ,0.0,0.0,0,0,0,0,0,0,0,0
TF,EGOLA,-13.104333,-51.839167,0, ,0.0,0.0,0.0,0.0,0,0,0,0,0,0,0,0

SID,LOKUM,07,1
CA,0,70.0,2,2700,0,0,0,0,0,0
VI,1, ,0.0,278.0,0,0,0,0,0,0,0,0
IF,BAG,-15.853528,-52.395600, ,0.0,0.0,0,0,0,0,0,0,0,0
TF,LOKUM,-15.695333,-52.832667,0, ,0.0,0.0,0.0,0.0,0,0,0,0,0,0,0,0

SID,LOKUM,25,1
CA,0,250.0,2,1550,0,0,0,0,0,0
VI,0, ,0.0,338.0,0,0,0,0,0,0,0,0
IF,BAG,-15.853528,-52.395600, ,0.0,0.0,0,0,0,0,0,0,0,0
TF,LOKUM,-15.695333,-52.832667,0, ,0.0,0.0,0.0,0.0,0,0,0,0,0,0,0,0

SID,LOKUM,ALL,2
IF,LOKUM,-15.695333,-52.832667, ,0.0,0.0,0,0,0,0,0,0,0,0
TF,DOMIC,-15.390333,-53.666000,0, ,0.0,0.0,0.0,0.0,0,0,0,0,0,0,0,0

SID,NILON,07,1
CA,0,70.0,2,2700,0,0,0,0,0,0
DF,BAG,-15.853528,-52.395600,1, ,0.0,0.0,0,0,0,0,0,0,0,0
TF,NILON,-16.261667,-52.073333,0, ,0.0,0.0,0.0,0.0,0,0,0,0,0,0,0,0

SID,NILON,25,1
CA,0,250.0,2,1550,0,0,0,0,0,0
VI,1, ,0.0,130.0,0,0,0,0,0,0,0,0
IF,BAG,-15.853528,-52.395600, ,0.0,0.0,0,0,0,0,0,0,0,0
TF,NILON,-16.261667,-52.073333,0, ,0.0,0.0,0.0,0.0,0,0,0,0,0,0,0,0

SID,NILON,ABUSE,3
IF,NILON,-16.261667,-52.073333, ,0.0,0.0,0,0,0,0,0,0,0,0
TF,ABUSE,-18.257667,-51.469333,0, ,0.0,0.0,0.0,0.0,0,0,0,0,0,0,0,0

SID,NILON,NEFAR,3
IF,NILON,-16.261667,-52.073333, ,0.0,0.0,0,0,0,0,0,0,0,0
TF,NEFAR,-17.807167,-50.837167,0, ,0.0,0.0,0.0,0.0,0,0,0,0,0,0,0,0

APPTR,D07,07,BAG
IF,BAG,-15.853528,-52.395600, ,0.0,0.0,2,4000,0,0,0,0,0,0
FC,BAG,-15.853528,-52.395600,0,BAG,0.0,0.0,238.0,10.5,2,3000,0,0,0,0,0,1
CF,CD07,-15.943750,-52.441164,1,BAG,223.0,6.0,43.0,5.0,2,3000,0,0,0,0,0,0

FINAL,D07,07,D,3
IF,CD07,-15.943750,-52.441164,BAG,223.0,6.0,2,3000,0,0,0,0,0,0
CF,FD07,-15.898625,-52.418408,0,BAG,223.0,3.0,43.0,3.0,2,2150,0,0,0,0,2,0
CF,BAG,-15.853528,-52.395600,0,BAG,0.0,0.0,43.0,3.0,1,1700,0,0,0,0,3,0
CA,0,65.0,2,4000,0,0,0,0,0,0

APPTR,S07,07,BAG
IF,BAG,-15.853528,-52.395600, ,0.0,0.0,2,4000,0,0,0,0,0,0
FC,BAG,-15.853528,-52.395600,0,BAG,0.0,0.0,238.0,10.5,2,3000,0,0,0,0,0,1
CF,CD07,-15.943750,-52.441164,1,BAG,223.0,6.0,43.0,5.0,2,3000,0,0,0,0,0,0

FINAL,S07,07,D,2
IF,CD07,-15.943750,-52.441164,BAG,223.0,6.0,2,3000,0,0,0,0,2,0
CF,BAG,-15.853528,-52.395600,0,BAG,0.0,0.0,43.0,6.0,1,2150,0,0,0,0,3,0
CA,0,65.0,2,4000,0,0,0,0,0,0

