SID,BAZA,06,1
CA,0,60.0,2,580,0,0,0,0,0,0
CF,BAZA,-2.391500,-44.060167,0,SLI,63.5,16.0,63.0,16.0,0,0,0,0,0,0,0,0

SID,BAZA,27,1
CA,0,271.0,2,580,0,0,0,0,0,0
VI,2, ,0.0,93.0,0,0,0,0,0,0,0,0
CF,BAZA,-2.391500,-44.060167,0,SLI,63.5,16.0,63.0,9.0,0,0,0,0,0,0,0,0

SID,BAZA,CLARK,3
IF,BAZA,-2.391500,-44.060167, ,0.0,0.0,0,0,0,0,0,0,0,0
TF,ZURCO,-2.671000,-43.578833,0, ,0.0,0.0,0.0,0.0,0,0,0,0,0,0,0,0
VI,0, ,0.0,141.0,0,0,0,0,0,0,0,0
CF,CLARK,-2.929500,-42.609167,0,SLI,122.8,100.0,123.0,51.0,0,0,0,0,0,0,0,0

SID,BAZA,ESLEB,3
IF,BAZA,-2.391500,-44.060167, ,0.0,0.0,0,0,0,0,0,0,0,0
TF,ESLEB,-2.331167,-43.628500,0, ,0.0,0.0,0.0,0.0,0,0,0,0,0,0,0,0

SID,BIXAR1,06,5
CA,0,60.0,2,700,0,0,0,0,0,0
CI,2, ,0.0,244.0,0,0,0,0,0,0,0,0
CF,BIXAR,-3.251167,-44.391667,0,SLI,214.0,40.6,214.0,38.0,0,0,0,0,0,0,0,0

SID,DOGTA1,06,5
CA,0,60.0,2,700,0,0,0,0,0,0
CI,2, ,0.0,153.0,0,0,0,0,0,0,0,0
CF,DOGTA,-2.729167,-43.579833,0,SLI,122.9,40.5,123.0,37.0,0,0,0,0,0,0,0,0

SID,DOSVU1,06,5
CA,0,60.0,2,700,0,0,0,0,0,0
CI,1, ,0.0,272.0,0,0,0,0,0,0,0,0
CF,DOSVU,-2.452833,-44.901167,0,SLI,302.6,40.5,302.0,34.0,0,0,0,0,0,0,0,0

SID,ELENA,06,1
CA,0,60.0,2,640,0,0,0,0,0,0
VI,1, ,0.0,218.0,0,0,0,0,0,0,0,0
CF,ELENA,-3.041167,-44.732000,0,SLI,248.6,40.0,248.0,35.0,0,0,0,0,0,0,0,0

SID,ELENA,24,1
CA,0,240.0,2,578,0,0,0,0,0,0
CF,ELENA,-3.041167,-44.732000,0,SLI,248.6,40.0,248.0,40.0,0,0,0,0,0,0,0,0

SID,ELENA1,24,5
CF,SL373,-2.636000,-44.275000,0,SLI,238.0,3.5,240.0,3.0,0,0,0,0,0,0,0,1
TF,ELENA,-3.041167,-44.732000,0, ,0.0,0.0,0.0,0.0,0,0,0,0,0,0,0,0

SID,ELENAA,06,5
CA,0,60.0,2,700,0,0,0,0,0,0
CI,1, ,0.0,218.0,0,0,0,0,0,0,0,0
CF,ELENA,-3.041167,-44.732000,0,SLI,248.6,40.0,248.0,35.0,0,0,0,0,0,0,0,0

SID,ELIET,06,1
CA,0,60.0,2,580,0,0,0,0,0,0
VI,2, ,0.0,201.0,0,0,0,0,0,0,0,0
CF,ELIET,-3.170500,-43.908667,0,SLI,171.2,40.0,171.0,32.0,0,0,0,0,0,0,0,0

SID,ELIET,24,1
CA,0,240.0,2,578,0,0,0,0,0,0
CF,ELIET,-3.170500,-43.908667,0,SLI,171.2,40.0,171.0,40.0,0,0,0,0,0,0,0,0

SID,ELIET,ESTEP,3
IF,ELIET,-3.170500,-43.908667, ,0.0,0.0,0,0,0,0,0,0,0,0
TF,ESTEP,-4.042167,-43.411167,0, ,0.0,0.0,0.0,0.0,0,0,0,0,0,0,0,0

SID,ELIET1,24,5
CF,SL373,-2.636000,-44.275000,0,SLI,238.0,3.5,240.0,3.0,0,0,0,0,0,0,0,1
TF,ELIET,-3.170500,-43.908667,0, ,0.0,0.0,0.0,0.0,0,0,0,0,0,0,0,0

SID,ELIETA,06,5
CA,0,60.0,2,700,0,0,0,0,0,0
CI,2, ,0.0,196.0,0,0,0,0,0,0,0,0
CF,ELIET,-3.170500,-43.908667,0,SLI,171.2,40.0,166.0,31.0,0,0,0,0,0,0,0,0

SID,NANAA,06,5
CA,0,60.0,2,700,0,0,0,0,0,0
CI,2, ,0.0,231.0,0,0,0,0,0,0,0,0
CF,NANA,-3.255833,-44.232833,0,SLI,200.4,39.8,201.0,33.0,0,0,0,0,0,0,0,0

SID,NEGON1,06,5
CA,0,60.0,2,700,0,0,0,0,0,0
CI,2, ,0.0,231.0,0,0,0,0,0,0,0,0
CF,NEGON,-3.259167,-44.232833,0,SLI,200.4,40.0,201.0,34.0,0,0,0,0,0,0,0,0

SID,PALO,06,1
CA,0,60.0,2,640,0,0,0,0,0,0
CF,PALO,-2.282167,-44.373000,0,SLI,357.5,20.0,357.0,20.0,0,0,0,0,0,0,0,0

SID,PALO,24,1
CA,0,240.0,2,580,0,0,0,0,0,0
CF,PALO,-2.282167,-44.373000,2,SLI,357.5,20.0,357.0,20.0,0,0,0,0,0,0,0,0

SID,PALO,27,1
CA,0,271.0,2,580,0,0,0,0,0,0
CF,PALO,-2.282167,-44.373000,0,SLI,357.5,20.0,357.0,20.0,0,0,0,0,0,0,0,0

SID,PALO,KOKPU,3
IF,PALO,-2.282167,-44.373000, ,0.0,0.0,0,0,0,0,0,0,0,0
TF,KOKPU,-2.053833,-44.635000,0, ,0.0,0.0,0.0,0.0,0,0,0,0,0,0,0,0

SID,PALO,SAVIO,3
IF,PALO,-2.282167,-44.373000, ,0.0,0.0,0,0,0,0,0,0,0,0
TF,SAVIO,-2.407833,-44.881167,0, ,0.0,0.0,0.0,0.0,0,0,0,0,0,0,0,0

SID,ROKAT,06,1
CA,0,60.0,2,640,0,0,0,0,0,0
CF,ROKAT,-2.920500,-44.289000,0,SLI,209.5,20.0,209.0,20.0,0,0,0,0,0,0,0,0

SID,ROKAT,24,1
CA,0,240.0,2,578,0,0,0,0,0,0
CF,ROKAT,-2.920500,-44.289000,0,SLI,209.5,20.0,209.0,20.0,0,0,0,0,0,0,0,0

SID,ROKAT,ELENA,3
IF,ROKAT,-2.920500,-44.289000, ,0.0,0.0,0,0,0,0,0,0,0,0
TF,ELENA,-3.041167,-44.732000,0, ,0.0,0.0,0.0,0.0,0,0,0,0,0,0,0,0

SID,ROKAT,ELIET,3
IF,ROKAT,-2.920500,-44.289000, ,0.0,0.0,0,0,0,0,0,0,0,0
TF,ELIET,-3.170500,-43.908667,0, ,0.0,0.0,0.0,0.0,0,0,0,0,0,0,0,0
TF,ESTEP,-4.042167,-43.411167,0, ,0.0,0.0,0.0,0.0,0,0,0,0,0,0,0,0

SID,ROKAT,NANA,3
IF,ROKAT,-2.920500,-44.289000, ,0.0,0.0,0,0,0,0,0,0,0,0
TF,NANA,-3.255833,-44.232833,0, ,0.0,0.0,0.0,0.0,0,0,0,0,0,0,0,0
TF,ORBAD,-4.161833,-44.223000,0, ,0.0,0.0,0.0,0.0,0,0,0,0,0,0,0,0

SID,ROKAT,TINO,3
IF,ROKAT,-2.920500,-44.289000, ,0.0,0.0,0,0,0,0,0,0,0,0
TF,TINO,-3.162833,-44.398500,0, ,0.0,0.0,0.0,0.0,0,0,0,0,0,0,0,0
TF,UCROK,-3.913086,-44.606164,0, ,0.0,0.0,0.0,0.0,0,0,0,0,0,0,0,0

SID,SAVIO,06,1
CA,0,60.0,2,640,0,0,0,0,0,0
CF,SAVIO,-2.407833,-44.881167,1,SLI,306.7,40.0,306.0,40.0,0,0,0,0,0,0,0,0

SID,SAVIO,24,1
CA,0,240.0,2,580,0,0,0,0,0,0
CF,SAVIO,-2.407833,-44.881167,0,SLI,306.7,40.0,306.0,40.0,0,0,0,0,0,0,0,0

SID,SAVIO,27,1
CA,0,271.0,2,580,0,0,0,0,0,0
CF,SAVIO,-2.407833,-44.881167,0,SLI,306.7,40.0,306.0,40.0,0,0,0,0,0,0,0,0

SID,SAVIO1,24,5
CF,SL373,-2.636000,-44.275000,0,SLI,238.0,3.5,240.0,3.0,0,0,0,0,0,0,0,1
TF,SAVIO,-2.407833,-44.881167,0, ,0.0,0.0,0.0,0.0,0,0,0,0,0,0,0,0

SID,SAVIOA,06,5
CA,0,60.0,2,700,0,0,0,0,0,0
CI,1, ,0.0,273.0,0,0,0,0,0,0,0,0
CF,SAVIO,-2.407833,-44.881167,0,SLI,306.7,40.0,303.0,37.0,0,0,0,0,0,0,0,0

SID,TINOA,06,5
CA,0,60.0,2,700,0,0,0,0,0,0
CI,2, ,0.0,247.0,0,0,0,0,0,0,0,0
CF,TINO,-3.162833,-44.398500,0,SLI,216.5,35.5,217.0,29.0,0,0,0,0,0,0,0,0

SID,UBLET1,06,5
CA,0,60.0,2,700,0,0,0,0,0,0
CI,2, ,0.0,202.0,0,0,0,0,0,0,0,0
CF,UBLET,-3.180333,-43.907500,0,SLI,171.5,40.5,172.0,35.0,0,0,0,0,0,0,0,0

SID,ZURCO,06,1
CA,0,60.0,2,580,0,0,0,0,0,0
CF,ZURCO,-2.671000,-43.578833,0,SLI,118.0,40.0,118.0,40.0,0,0,0,0,0,0,0,0

SID,ZURCO,27,1
CA,0,271.0,2,578,0,0,0,0,0,0
VI,2, ,0.0,148.0,0,0,0,0,0,0,0,0
CF,ZURCO,-2.671000,-43.578833,0,SLI,118.0,40.0,118.0,35.0,0,0,0,0,0,0,0,0

SID,ZURCO,CLARK,3
IF,ZURCO,-2.671000,-43.578833, ,0.0,0.0,0,0,0,0,0,0,0,0
VI,0, ,0.0,153.0,0,0,0,0,0,0,0,0
CF,CLARK,-2.929500,-42.609167,0,SLI,122.8,100.0,123.0,55.0,0,0,0,0,0,0,0,0

SID,ZURCO1,24,5
CF,SL373,-2.636000,-44.275000,0,SLI,238.0,3.5,240.0,3.0,0,0,0,0,0,0,0,1
TF,MUDON,-2.688500,-43.946000,1, ,0.0,0.0,0.0,0.0,0,0,0,0,0,0,0,0
TF,ZURCO,-2.671000,-43.578833,0, ,0.0,0.0,0.0,0.0,0,0,0,0,0,0,0,0

SID,ZURCOA,06,5
CA,0,60.0,2,700,0,0,0,0,0,0
CI,2, ,0.0,151.0,0,0,0,0,0,0,0,0
CF,ZURCO,-2.671000,-43.578833,0,SLI,118.0,40.0,121.0,38.0,0,0,0,0,0,0,0,0

APPTR,D06,06,CLARK
IF,CLARK,-2.929500,-42.609167, ,0.0,0.0,0,0,0,0,0,0,0,0
TF,D123L,-2.631011,-44.044481,0, ,0.0,0.0,0.0,0.0,0,0,0,0,0,0,0,0
CI,0, ,0.0,303.0,0,0,0,0,0,0,0,0
AF,CD06,-2.729700,-44.330678,2,SLI,234.0,10.0,123.0,2,2000,0,0,0,0,0,0

APPTR,D06,06,ELENA
IF,ELENA,-3.041167,-44.732000, ,0.0,0.0,0,0,0,0,0,0,0,0
TF,D248L,-2.726303,-44.386142,0, ,0.0,0.0,0.0,0.0,0,0,0,0,0,0,0,0
CI,0, ,0.0,68.0,0,0,0,0,0,0,0,0
AF,CD06,-2.729700,-44.330678,1,SLI,234.0,10.0,248.0,2,2000,0,0,0,0,0,0

APPTR,D06,06,ELIET
IF,ELIET,-3.170500,-43.908667, ,0.0,0.0,0,0,0,0,0,0,0,0
TF,D171L,-2.763292,-44.140031,0, ,0.0,0.0,0.0,0.0,0,0,0,0,0,0,0,0
CI,0, ,0.0,351.0,0,0,0,0,0,0,0,0
AF,CD06,-2.729700,-44.330678,2,SLI,234.0,10.0,171.0,2,2000,0,0,0,0,0,0

APPTR,D06,06,ORBAD
IF,ORBAD,-4.161833,-44.223000, ,0.0,0.0,0,0,0,0,0,0,0,0
TF,D200L,-2.790192,-44.236478,0, ,0.0,0.0,0.0,0.0,0,0,0,0,0,0,0,0
CI,0, ,0.0,20.0,0,0,0,0,0,0,0,0
AF,CD06,-2.729700,-44.330678,2,SLI,234.0,10.0,200.0,2,2000,0,0,0,0,0,0

APPTR,D06,06,SAVIO
IF,SAVIO,-2.407833,-44.881167, ,0.0,0.0,0,0,0,0,0,0,0,0
TF,D306L,-2.537206,-44.432994,0, ,0.0,0.0,0.0,0.0,0,0,0,0,0,0,0,0
CI,0, ,0.0,126.0,0,0,0,0,0,0,0,0
AF,CD06,-2.729700,-44.330678,1,SLI,234.0,10.0,306.0,2,2000,0,0,0,0,0,0

APPTR,D06,06,UCROK
IF,UCROK,-3.913086,-44.606164, ,0.0,0.0,0,0,0,0,0,0,0,0
TF,D216L,-2.783375,-44.291700,0, ,0.0,0.0,0.0,0.0,0,0,0,0,0,0,0,0
CI,0, ,0.0,36.0,0,0,0,0,0,0,0,0
AF,CD06,-2.729700,-44.330678,2,SLI,234.0,10.0,216.0,2,2000,0,0,0,0,0,0

APPTR,D06,06,ZURCO
IF,ZURCO,-2.671000,-43.578833, ,0.0,0.0,0,0,0,0,0,0,0,0
TF,D118L,-2.613717,-44.041606,0, ,0.0,0.0,0.0,0.0,0,0,0,0,0,0,0,0
CI,0, ,0.0,298.0,0,0,0,0,0,0,0,0
AF,CD06,-2.729700,-44.330678,2,SLI,234.0,10.0,118.0,2,2000,0,0,0,0,0,0

FINAL,D06,06,D,3
IF,CD06,-2.729700,-44.330678,SLI,234.0,10.0,2,2000,0,0,0,0,0,0
CF,IALT,-2.694586,-44.308000,0,SLI,234.0,7.5,54.0,2.5,2,2000,0,0,0,0,2,0
CF,RW06,-2.597078,-44.243464,0,SLI,224.7,0.5,54.0,7.0,1,228,0,0,0,0,3,0
CF,SLI,-2.589242,-44.239969,0,SLI,0.0,0.0,54.0,0.5,2,578,0,0,0,0,0,0
CA,0,54.0,2,2000,0,0,0,0,0,0
DF,D342J,-2.459072,-44.344761,1, ,0.0,0.0,2,2000,0,0,0,0,0,0
AF,CD06,-2.729700,-44.330678,1,SLI,234.0,10.0,342.0,2,2000,0,0,0,0,0,0
CF,IALT,-2.694586,-44.308000,0,SLI,234.0,7.5,54.0,2.5,2,2000,0,0,0,0,0,0
HM,IALT,-2.694586,-44.308000,2, ,0.0,0.0,54.0,04.3,0,0,0,0,0,0,0,0,0

APPTR,D24,24,CLARK
IF,CLARK,-2.929500,-42.609167, ,0.0,0.0,0,0,0,0,0,0,0,0
TF,D123L,-2.631011,-44.044481,0, ,0.0,0.0,0.0,0.0,0,0,0,0,0,0,0,0
CI,0, ,0.0,303.0,0,0,0,0,0,0,0,0
AF,D063J,-2.464764,-44.128539,1,SLI,63.0,10.0,123.0,2,2000,0,0,0,0,0,0
CF,BRAM,-2.489661,-44.150825,0,SLI,63.0,8.0,243.0,2.0,2,2000,0,0,0,0,0,0

APPTR,D24,24,ELENA
IF,ELENA,-3.041167,-44.732000, ,0.0,0.0,0,0,0,0,0,0,0,0
TF,D248L,-2.726303,-44.386142,0, ,0.0,0.0,0.0,0.0,0,0,0,0,0,0,0,0
CI,0, ,0.0,68.0,0,0,0,0,0,0,0,0
AF,D063J,-2.464764,-44.128539,2,SLI,63.0,10.0,248.0,2,2000,0,0,0,0,0,0
CF,BRAM,-2.489661,-44.150825,0,SLI,63.0,8.0,243.0,2.0,2,2000,0,0,0,0,0,0

APPTR,D24,24,ELIET
IF,ELIET,-3.170500,-43.908667, ,0.0,0.0,0,0,0,0,0,0,0,0
TF,D171L,-2.763292,-44.140031,0, ,0.0,0.0,0.0,0.0,0,0,0,0,0,0,0,0
CI,0, ,0.0,351.0,0,0,0,0,0,0,0,0
AF,D063J,-2.464764,-44.128539,1,SLI,63.0,10.0,171.0,2,2000,0,0,0,0,0,0
CF,BRAM,-2.489661,-44.150825,0,SLI,63.0,8.0,243.0,2.0,2,2000,0,0,0,0,0,0

APPTR,D24,24,ORBAD
IF,ORBAD,-4.161833,-44.223000, ,0.0,0.0,0,0,0,0,0,0,0,0
TF,D200L,-2.790192,-44.236478,0, ,0.0,0.0,0.0,0.0,0,0,0,0,0,0,0,0
CI,0, ,0.0,20.0,0,0,0,0,0,0,0,0
AF,D063J,-2.464764,-44.128539,1,SLI,63.0,10.0,200.0,2,2000,0,0,0,0,0,0
CF,BRAM,-2.489661,-44.150825,0,SLI,63.0,8.0,243.0,2.0,2,2000,0,0,0,0,0,0

APPTR,D24,24,SAVIO
IF,SAVIO,-2.407833,-44.881167, ,0.0,0.0,0,0,0,0,0,0,0,0
TF,D306L,-2.537206,-44.432994,0, ,0.0,0.0,0.0,0.0,0,0,0,0,0,0,0,0
CI,0, ,0.0,126.0,0,0,0,0,0,0,0,0
AF,D063J,-2.464764,-44.128539,2,SLI,63.0,10.0,306.0,2,2000,0,0,0,0,0,0
CF,BRAM,-2.489661,-44.150825,0,SLI,63.0,8.0,243.0,2.0,2,2000,0,0,0,0,0,0

APPTR,D24,24,UCROK
IF,UCROK,-3.913086,-44.606164, ,0.0,0.0,0,0,0,0,0,0,0,0
TF,D216L,-2.783375,-44.291700,0, ,0.0,0.0,0.0,0.0,0,0,0,0,0,0,0,0
CI,0, ,0.0,36.0,0,0,0,0,0,0,0,0
AF,D063J,-2.464764,-44.128539,1,SLI,63.0,10.0,216.0,2,2000,0,0,0,0,0,0
CF,BRAM,-2.489661,-44.150825,0,SLI,63.0,8.0,243.0,2.0,2,2000,0,0,0,0,0,0

APPTR,D24,24,ZURCO
IF,ZURCO,-2.671000,-43.578833, ,0.0,0.0,0,0,0,0,0,0,0,0
TF,D118L,-2.613717,-44.041606,0, ,0.0,0.0,0.0,0.0,0,0,0,0,0,0,0,0
CI,0, ,0.0,298.0,0,0,0,0,0,0,0,0
AF,D063J,-2.464764,-44.128539,1,SLI,63.0,10.0,118.0,2,2000,0,0,0,0,0,0
CF,BRAM,-2.489661,-44.150825,0,SLI,63.0,8.0,243.0,2.0,2,2000,0,0,0,0,0,0

FINAL,D24,24,D,2
IF,BRAM,-2.489661,-44.150825,SLI,63.0,8.0,2,2000,0,0,0,0,2,0
CF,RW24,-2.580314,-44.229950,0,SLI,69.2,0.8,243.0,7.2,1,193,0,0,0,0,3,0
CF,SLI,-2.589242,-44.239969,0,SLI,0.0,0.0,243.0,0.8,2,578,0,0,0,0,0,0
CA,0,243.0,2,2000,0,0,0,0,0,0
CI,0, ,0.0,243.0,0,0,0,0,0,0,0,0
AF,D063J,-2.464764,-44.128539,2,SLI,63.0,10.0,243.0,0,0,0,0,0,0,0,0
TF,BRAM,-2.489661,-44.150825,0, ,0.0,0.0,0.0,0.0,0,0,0,0,0,0,0,0
HM,BRAM,-2.489661,-44.150825,2, ,0.0,0.0,243.0,03.4,0,0,0,0,0,0,0,0,0

APPTR,I06-X,06,SL051
IF,SL051,-2.805167,-44.411333, ,0.0,0.0,2,3000,0,0,0,0,1,0
CF,SL054,-2.727167,-44.348333,0,ISL,240.0,11.4,60.0,6.0,2,2000,0,0,0,0,1,0

APPTR,I06-X,06,SL052
IF,SL052,-2.813333,-44.297000, ,0.0,0.0,2,3000,0,0,0,0,1,0
CF,SL054,-2.727167,-44.348333,0,ISL,240.0,11.4,350.0,6.0,2,2000,0,0,0,0,1,0

APPTR,I06-X,06,SL053
IF,SL053,-2.694333,-44.442833, ,0.0,0.0,2,3000,0,0,0,0,1,0
CF,SL054,-2.727167,-44.348333,0,ISL,240.0,11.4,130.0,6.0,2,2000,0,0,0,0,1,0

FINAL,I06-X,06,I,3
IF,SL054,-2.727167,-44.348333,ISL,240.0,11.4,2,2000,0,0,0,0,0,0
CF,SL056,-2.662167,-44.296000,0,ISL,240.1,6.5,60.0,5.0,1,1840,0,0,0,0,2,0
CF,RW06,-2.597078,-44.243464,0,ISL,240.0,1.4,60.0,5.0,1,227,0,0,0,0,3,0
TF,SL057,-2.372167,-44.062167,0, ,0.0,0.0,0.0,0.0,2,3000,0,0,0,0,0,1
HM,SL057,-2.372167,-44.062167,2, ,0.0,0.0,240.0,04.3,0,0,0,0,0,0,0,0,0

APPTR,I06-Y,06,SLI
IF,SLI,-2.589242,-44.239969, ,0.0,0.0,2,2000,0,0,0,0,0,0
TF,UKBAM,-2.668167,-44.300672,0, ,0.0,0.0,0.0,0.0,2,2000,0,0,0,0,0,0
FC,UKBAM,-2.668167,-44.300672,0,SLI,0.0,0.0,194.0,4.4,0,0,0,0,0,0,0,1
CI,2,ISL,0.0,14.0,2,2000,0,0,0,0,0,0

FINAL,I06-Y,06,I,3
IF,CI06,-2.746786,-44.363978,ISL,240.0,12.9,2,2000,0,0,0,0,0,0
CF,UKBAM,-2.668167,-44.300672,0,ISL,240.0,6.9,60.0,6.0,1,2000,0,0,0,0,2,0
CF,RW06,-2.597078,-44.243464,0,ISL,240.0,1.4,60.0,5.5,1,228,0,0,0,0,3,0
VA,0,60.0,2,2000,0,0,0,0,0,0
DF,SLI,-2.589242,-44.239969,1, ,0.0,0.0,0,0,0,0,0,0,0,0
HM,SLI,-2.589242,-44.239969,1, ,0.0,0.0,240.0,04.3,0,0,0,0,0,0,0,0,0

APPTR,I06-Z,06,ELENA
IF,ELENA,-3.041167,-44.732000, ,0.0,0.0,0,0,0,0,0,0,0,0
TF,D248N,-2.749144,-44.410508,0, ,0.0,0.0,0.0,0.0,0,0,0,0,0,0,0,0
VI,0,ISL,0.0,90.0,2,2000,0,0,0,0,0,0

APPTR,I06-Z,06,ELIET
IF,ELIET,-3.170500,-43.908667, ,0.0,0.0,0,0,0,0,0,0,0,0
TF,D171L,-2.763292,-44.140031,0, ,0.0,0.0,0.0,0.0,0,0,0,0,0,0,0,0
AF,D228L,-2.768314,-44.330706,2,SLI,228.0,12.0,171.0,2,2000,0,0,0,0,0,0
VI,0,ISL,0.0,30.0,0,0,0,0,0,0,0,0

APPTR,I06-Z,06,ISIXU
IF,ISIXU,-3.059500,-44.234833, ,0.0,0.0,0,0,0,0,0,0,0,0
TF,D200L,-2.790192,-44.236478,0, ,0.0,0.0,0.0,0.0,0,0,0,0,0,0,0,0
AF,D228L,-2.768314,-44.330706,2,SLI,228.0,12.0,200.0,2,2000,0,0,0,0,0,0
VI,0,ISL,0.0,30.0,0,0,0,0,0,0,0,0

APPTR,I06-Z,06,ISKAB
IF,ISKAB,-3.316667,-44.440833, ,0.0,0.0,0,0,0,0,0,0,0,0
TF,D216L,-2.783375,-44.291700,0, ,0.0,0.0,0.0,0.0,0,0,0,0,0,0,0,0
AF,D228L,-2.768314,-44.330706,2,SLI,228.0,12.0,216.0,2,2000,0,0,0,0,0,0
VI,0,ISL,0.0,30.0,0,0,0,0,0,0,0,0

APPTR,I06-Z,06,NADIR
IF,NADIR,-2.657500,-43.913833, ,0.0,0.0,0,0,0,0,0,0,0,0
TF,D123L,-2.631011,-44.044481,0, ,0.0,0.0,0.0,0.0,0,0,0,0,0,0,0,0
AF,D228L,-2.768314,-44.330706,2,SLI,228.0,12.0,123.0,2,2000,0,0,0,0,0,0
VI,0,ISL,0.0,30.0,0,0,0,0,0,0,0,0

APPTR,I06-Z,06,SAVIO
IF,SAVIO,-2.407833,-44.881167, ,0.0,0.0,0,0,0,0,0,0,0,0
TF,D306L,-2.537206,-44.432994,0, ,0.0,0.0,0.0,0.0,0,0,0,0,0,0,0,0
AF,D252L,-2.715711,-44.395292,1,SLI,252.0,12.0,306.0,2,2000,0,0,0,0,0,0
VI,0,ISL,0.0,90.0,0,0,0,0,0,0,0,0

APPTR,I06-Z,06,ZURCO
IF,ZURCO,-2.671000,-43.578833, ,0.0,0.0,0,0,0,0,0,0,0,0
TF,D118L,-2.613717,-44.041606,0, ,0.0,0.0,0.0,0.0,0,0,0,0,0,0,0,0
AF,D228L,-2.768314,-44.330706,2,SLI,228.0,12.0,118.0,2,2000,0,0,0,0,0,0
VI,0,ISL,0.0,30.0,0,0,0,0,0,0,0,0

FINAL,I06-Z,06,I,3
IF,CI06,-2.746786,-44.363978,ISL,240.0,12.9,2,2000,0,0,0,0,0,0
CF,UKBAM,-2.668167,-44.300672,0,ISL,240.0,6.9,60.0,6.0,1,2000,0,0,0,0,2,0
CF,RW06,-2.597078,-44.243464,0,ISL,240.0,1.4,60.0,5.5,1,228,0,0,0,0,3,0
CA,0,60.0,2,2000,0,0,0,0,0,0
DF,SLI,-2.589242,-44.239969,1, ,0.0,0.0,0,0,0,0,0,0,0,0

APPTR,R06,06,SL051
IF,SL051,-2.805167,-44.411333, ,0.0,0.0,2,3000,0,0,0,0,1,0
TF,SL054,-2.727167,-44.348333,0, ,0.0,0.0,0.0,0.0,2,2000,0,0,0,0,1,0

APPTR,R06,06,SL052
IF,SL052,-2.813333,-44.297000, ,0.0,0.0,2,3000,0,0,0,0,1,0
TF,SL054,-2.727167,-44.348333,0, ,0.0,0.0,0.0,0.0,2,2000,0,0,0,0,1,0

APPTR,R06,06,SL053
IF,SL053,-2.694333,-44.442833, ,0.0,0.0,2,3000,0,0,0,0,1,0
TF,SL054,-2.727167,-44.348333,0, ,0.0,0.0,0.0,0.0,2,2000,0,0,0,0,1,0

FINAL,R06,06,R,3
IF,SL054,-2.727167,-44.348333, ,0.0,0.0,2,2000,0,0,0,0,0,0
TF,SL056,-2.662167,-44.296000,0, ,0.0,0.0,60.0,5.0,2,1820,0,0,0,0,2,0
TF,RW06,-2.597078,-44.243464,0, ,0.0,0.0,60.0,5.0,1,228,0,0,0,0,3,1
TF,SL057,-2.372167,-44.062167,0, ,0.0,0.0,0.0,0.0,2,3000,0,0,0,0,0,0
HM,SL057,-2.372167,-44.062167,2, ,0.0,0.0,240.0,04.3,0,0,0,0,0,0,0,0,0

APPTR,R24,24,SL057
IF,SL057,-2.372167,-44.062167, ,0.0,0.0,2,3000,0,0,0,0,1,0
TF,SL061,-2.450167,-44.125000,0, ,0.0,0.0,0.0,0.0,2,2000,0,0,0,0,1,0

APPTR,R24,24,SL058
IF,SL058,-2.483000,-44.030667, ,0.0,0.0,2,3000,0,0,0,0,1,0
TF,SL061,-2.450167,-44.125000,0, ,0.0,0.0,0.0,0.0,2,2000,0,0,0,0,1,0

APPTR,R24,24,SL059
IF,SL059,-2.364000,-44.176500, ,0.0,0.0,2,3000,0,0,0,0,1,0
TF,SL061,-2.450167,-44.125000,0, ,0.0,0.0,0.0,0.0,2,2000,0,0,0,0,1,0

FINAL,R24,24,R,3
IF,SL061,-2.450167,-44.125000, ,0.0,0.0,2,2000,0,0,0,0,0,0
TF,SL062,-2.515333,-44.177500,0, ,0.0,0.0,240.0,5.0,2,1890,0,0,0,0,2,0
TF,RW24,-2.580314,-44.229950,0, ,0.0,0.0,240.0,5.0,1,193,0,0,0,0,3,1
TF,SL051,-2.805167,-44.411333,0, ,0.0,0.0,0.0,0.0,2,3000,0,0,0,0,0,0
HM,SL051,-2.805167,-44.411333,2, ,0.0,0.0,60.0,04.3,0,0,0,0,0,0,0,0,0

APPTR,S06,06,SLI
IF,SLI,-2.589242,-44.239969, ,0.0,0.0,2,2000,0,0,0,0,0,0
FC,SLI,-2.589242,-44.239969,0,SLI,0.0,0.0,257.0,7.0,2,1400,0,0,0,0,0,1
CF,FF06,-2.652531,-44.280839,1,SLI,234.0,4.5,54.0,2.5,2,1400,0,0,0,0,0,0

FINAL,S06,06,D,2
IF,FF06,-2.652531,-44.280839,SLI,234.0,4.5,2,1400,0,0,0,0,2,0
CF,RW06,-2.597078,-44.243464,0,SLI,224.7,0.5,54.0,4.0,1,228,0,0,0,0,3,0
CF,SLI,-2.589242,-44.239969,0,SLI,0.0,0.0,54.0,0.5,2,578,0,0,0,0,0,0
CA,0,54.0,2,2000,0,0,0,0,0,0

APPTR,S24,24,SLI
IF,SLI,-2.589242,-44.239969, ,0.0,0.0,2,2000,0,0,0,0,0,0
FC,SLI,-2.589242,-44.239969,0,SLI,0.0,0.0,86.0,7.0,0,0,0,0,0,0,0,1
CF,FF24,-2.529522,-44.186506,1,SLI,63.0,4.8,243.0,2.2,2,1300,0,0,0,0,0,0

FINAL,S24,24,D,2
IF,FF24,-2.529522,-44.186506,SLI,63.0,4.8,2,1300,0,0,0,0,2,0
CF,RW24,-2.580314,-44.229950,0,SLI,69.2,0.8,243.0,4.0,1,193,0,0,0,0,3,0
CF,SLI,-2.589242,-44.239969,0,SLI,0.0,0.0,243.0,0.8,2,578,0,0,0,0,0,0
CA,0,243.0,2,2000,0,0,0,0,0,0

