SID,ARNAK1,09,5
DF,ARNAK,10.922331,-63.919169,0, ,0.0,0.0,0,0,0,0,0,0,0,1

SID,ARNAK1,BAHIA,6
IF,ARNAK,10.922331,-63.919169, ,0.0,0.0,0,0,0,0,0,0,0,0
DF,ARPES,10.943861,-63.813811,0, ,0.0,0.0,0,0,0,1,200,0,0,0
TF,EGULI,10.987653,-63.741606,0, ,0.0,0.0,0.0,0.0,0,0,0,1,200,0,0,0
TF,BAHIA,11.549750,-64.167000,0, ,0.0,0.0,0.0,0.0,2,4000,0,0,0,0,0,0

SID,ARNAK1,ESNAP,6
IF,ARNAK,10.922331,-63.919169, ,0.0,0.0,0,0,0,0,0,0,0,0
DF,ESNAP,10.658056,-63.259444,0, ,0.0,0.0,2,5000,0,0,0,0,0,0

SID,ARNAK1,OSTRA,6
IF,ARNAK,10.922331,-63.919169, ,0.0,0.0,0,0,0,0,0,0,0,0
DF,ARPES,10.943861,-63.813811,0, ,0.0,0.0,0,0,0,0,0,0,0,0
TF,OSTRA,11.221417,-63.355333,0, ,0.0,0.0,0.0,0.0,2,5000,0,0,0,0,0,0

SID,ARNAK1,SARNI,6
IF,ARNAK,10.922331,-63.919169, ,0.0,0.0,0,0,0,0,0,0,0,0
DF,SARNI,10.736417,-64.613667,2, ,0.0,0.0,2,3300,0,0,0,0,0,0

SID,ARNAK1,SILED,6
IF,ARNAK,10.922331,-63.919169, ,0.0,0.0,0,0,0,0,0,0,0,0
DF,SILED,10.556417,-63.710333,0, ,0.0,0.0,2,3300,0,0,0,0,0,0

SID,ARNAK1,SIRAS,6
IF,ARNAK,10.922331,-63.919169, ,0.0,0.0,0,0,0,0,0,0,0,0
DF,UGEMI,10.816550,-64.170189,2, ,0.0,0.0,0,0,0,0,0,0,0,0
TF,SIRAS,11.081417,-64.620333,0, ,0.0,0.0,0.0,0.0,2,3300,0,0,0,0,0,0

SID,BAHIA1,09,1
VA,0,92.0,2,1600,0,0,0,0,0,0
VI,2, ,0.0,262.0,2,4000,0,0,0,0,0,0
CF,MTA,10.913722,-63.955111,0,MTA,0.0,0.0,304.0,5.0,2,5000,0,0,0,0,0,0
TF,BAHIA,11.549750,-64.167000,0, ,0.0,0.0,0.0,0.0,0,0,0,0,0,0,0,0

SID,BAHIA1,27,1
VA,0,272.0,2,600,0,0,0,0,0,0
VI,2, ,0.0,23.0,2,4000,0,0,0,0,0,0
CF,BAHIA,11.549750,-64.167000,0,MTA,355.8,40.0,356.0,35.0,0,0,0,0,0,0,0,0

SID,CANAO1,09,2
VA,0,92.0,2,480,0,0,0,0,0,0
VI,0, ,0.0,92.0,0,0,0,0,0,0,0,0
CF,D097G,10.927981,-63.837397,0,MTA,97.0,7.0,97.0,4.0,2,4300,0,0,0,0,0,0
AF,CANAO,10.942800,-64.069997,1,MTA,298.4,7.0,97.0,2,5000,0,0,0,0,0,0
TF,SIRAS,11.081417,-64.620333,0, ,0.0,0.0,0.0,0.0,0,0,0,0,0,0,0,0

SID,CUM1,09,1
VA,0,92.0,2,900,0,0,0,0,0,0
VR,2,MTA,186.0,262.0,2,2000,0,0,0,0,0,0
VI,0, ,0.0,262.0,2,4000,0,0,0,0,0,0
CF,CUM,10.444806,-64.139222,0,CUM,0.0,0.0,215.0,25.0,0,0,0,0,0,0,0,0

SID,CUM1,27,1
VA,0,272.0,2,500,0,0,0,0,0,0
VI,0, ,0.0,185.0,0,0,0,0,0,0,0,0
CF,CUM,10.444806,-64.139222,0,CUM,0.0,0.0,215.0,26.0,2,4000,0,0,0,0,0,0

SID,DOPSA1,27,5
DF,DOPSA,10.902919,-64.014036,0, ,0.0,0.0,0,0,0,0,0,0,0,1

SID,DOPSA1,BAHIA,6
IF,DOPSA,10.902919,-64.014036, ,0.0,0.0,0,0,0,0,0,0,0,0
DF,BAHIA,11.549750,-64.167000,2, ,0.0,0.0,2,4000,0,0,0,0,0,0

SID,DOPSA1,ESNAP,6
IF,DOPSA,10.902919,-64.014036, ,0.0,0.0,0,0,0,0,0,0,0,0
DF,ESNAP,10.658056,-63.259444,1, ,0.0,0.0,2,5000,0,0,0,0,0,0

SID,DOPSA1,OSTRA,6
IF,DOPSA,10.902919,-64.014036, ,0.0,0.0,0,0,0,0,0,0,0,0
DF,ASIVI,10.893594,-63.746075,1, ,0.0,0.0,0,0,0,0,0,0,0,0
TF,OSTRA,11.221417,-63.355333,0, ,0.0,0.0,0.0,0.0,2,5000,0,0,0,0,0,0

SID,DOPSA1,SARNI,6
IF,DOPSA,10.902919,-64.014036, ,0.0,0.0,0,0,0,0,0,0,0,0
DF,SARNI,10.736417,-64.613667,0, ,0.0,0.0,2,3300,0,0,0,0,0,0

SID,DOPSA1,SILED,6
IF,DOPSA,10.902919,-64.014036, ,0.0,0.0,0,0,0,0,0,0,0,0
DF,SILED,10.556417,-63.710333,1, ,0.0,0.0,2,3300,0,0,0,0,0,0

SID,DOPSA1,SIRAS,6
IF,DOPSA,10.902919,-64.014036, ,0.0,0.0,0,0,0,0,0,0,0,0
DF,SIRAS,11.081417,-64.620333,0, ,0.0,0.0,2,3300,0,0,0,0,0,0

SID,ESNAP1,09,1
VA,0,92.0,2,900,0,0,0,0,0,0
CF,ESNAP,10.658056,-63.259444,0,MTA,124.3,43.8,124.0,44.0,2,4000,0,0,0,0,0,0

SID,ESNAP1,27,1
VA,0,272.0,2,500,0,0,0,0,0,0
VI,1, ,0.0,91.0,2,4000,0,0,0,0,0,0
CF,ESNAP,10.658056,-63.259444,0,MTA,124.3,43.8,124.0,37.0,0,0,0,0,0,0,0,0

SID,GUAMA1,09,2
VA,0,92.0,2,480,0,0,0,0,0,0
VI,0, ,0.0,92.0,0,0,0,0,0,0,0,0
CF,D097G,10.927981,-63.837397,0,MTA,97.0,7.0,97.0,4.0,2,4300,0,0,0,0,0,0
AF,GUAMA,10.883025,-64.069553,1,MTA,268.8,7.0,97.0,2,5000,0,0,0,0,0,0
TF,SARNI,10.736417,-64.613667,0, ,0.0,0.0,0.0,0.0,0,0,0,0,0,0,0,0

SID,OSTRA1,09,1
VA,0,92.0,2,4000,0,0,0,0,0,0
VI,0, ,0.0,46.0,0,0,0,0,0,0,0,0
CF,OSTRA,11.221417,-63.355333,0,MTA,76.5,39.9,76.0,29.0,2,5000,0,0,0,0,0,0

SID,OSTRA1,27,1
VA,0,272.0,2,500,0,0,0,0,0,0
VR,1,MTA,124.0,91.0,2,4000,0,0,0,0,0,0
VI,0, ,0.0,47.0,0,0,0,0,0,0,0,0
CF,OSTRA,11.221417,-63.355333,0,MTA,76.5,39.9,77.0,24.0,0,0,0,0,0,0,0,0

SID,SARNI1,09,1
VA,0,92.0,2,1600,0,0,0,0,0,0
VI,2, ,0.0,262.0,2,4000,0,0,0,0,0,0
CF,MTA,10.913722,-63.955111,0,MTA,0.0,0.0,304.0,5.0,2,5000,0,0,0,0,0,0
TF,SARNI,10.736417,-64.613667,0, ,0.0,0.0,0.0,0.0,0,0,0,0,0,0,0,0

SID,SARNI1,27,1
VA,0,272.0,2,500,0,0,0,0,0,0
CF,SARNI,10.736417,-64.613667,0,MTA,268.8,40.3,269.0,40.0,2,4000,0,0,0,0,0,0

SID,SILED1,09,1
VA,0,92.0,2,900,0,0,0,0,0,0
VI,2, ,0.0,190.0,2,4000,0,0,0,0,0,0
CF,SILED,10.556417,-63.710333,0,MTA,159.9,25.8,160.0,22.0,0,0,0,0,0,0,0,0

SID,SILED1,27,1
VA,0,272.0,2,500,0,0,0,0,0,0
VI,1, ,0.0,91.0,2,4000,0,0,0,0,0,0
CF,SILED,10.556417,-63.710333,0,MTA,159.9,25.8,160.0,22.0,0,0,0,0,0,0,0,0

SID,SIRAS1,09,1
VA,0,92.0,2,1600,0,0,0,0,0,0
VI,2, ,0.0,262.0,2,4000,0,0,0,0,0,0
CF,MTA,10.913722,-63.955111,0,MTA,0.0,0.0,304.0,5.0,2,5000,0,0,0,0,0,0
TF,MEBLA,10.974167,-64.193333,0, ,0.0,0.0,0.0,0.0,0,0,0,0,0,0,0,0
TF,SIRAS,11.081417,-64.620333,0, ,0.0,0.0,0.0,0.0,0,0,0,0,0,0,0,0

SID,SIRAS1,27,1
VA,0,272.0,2,500,0,0,0,0,0,0
VI,0, ,0.0,328.0,2,4000,0,0,0,0,0,0
CF,MEBLA,10.974167,-64.193333,0,MTA,298.4,14.5,298.0,12.0,0,0,0,0,0,0,0,0
TF,SIRAS,11.081417,-64.620333,0, ,0.0,0.0,0.0,0.0,0,0,0,0,0,0,0,0

SID,YAQUE1,09,2
VA,0,92.0,2,480,0,0,0,0,0,0
VI,0, ,0.0,92.0,0,0,0,0,0,0,0,0
CF,D097G,10.927981,-63.837397,0,MTA,97.0,7.0,97.0,4.0,2,4300,0,0,0,0,0,0
AF,YAQUE,11.025069,-63.992125,1,MTA,355.8,7.0,97.0,2,5000,0,0,0,0,0,0
TF,BAHIA,11.549750,-64.167000,0, ,0.0,0.0,0.0,0.0,0,0,0,0,0,0,0,0

APPTR,D09,09,BAHIA
IF,BAHIA,11.549750,-64.167000, ,0.0,0.0,0,0,0,0,0,0,0,0
TF,DAMSU,11.121389,-64.021389,0, ,0.0,0.0,0.0,0.0,2,4000,0,0,0,0,1,0
AF,MT13B,10.874772,-64.171778,1,MTA,273.7,13.0,356.0,2,2200,0,0,0,0,0,0
TF,KOSTA,10.889444,-64.090278,0, ,0.0,0.0,0.0,0.0,2,2200,0,0,0,0,0,0

APPTR,D09,09,ISAPO
IF,ISAPO,10.736417,-64.235333, ,0.0,0.0,0,0,0,0,0,0,1,0
TF,D251M,10.796414,-64.140589,0, ,0.0,0.0,0.0,0.0,2,2200,0,0,0,0,0,0
AF,MT13B,10.874772,-64.171778,2,MTA,273.7,13.0,251.0,2,2200,0,0,0,0,0,0
TF,KOSTA,10.889444,-64.090278,0, ,0.0,0.0,0.0,0.0,2,2200,0,0,0,0,0,0

APPTR,D09,09,MEBLA
IF,MEBLA,10.974167,-64.193333, ,0.0,0.0,0,0,0,0,0,0,1,0
TF,D298M,10.967861,-64.168444,0, ,0.0,0.0,0.0,0.0,2,2200,0,0,0,0,0,0
AF,MT13B,10.874772,-64.171778,1,MTA,273.7,13.0,298.0,2,2200,0,0,0,0,0,0
TF,KOSTA,10.889444,-64.090278,0, ,0.0,0.0,0.0,0.0,2,2200,0,0,0,0,0,0

APPTR,D09,09,MTA
IF,MTA,10.913722,-63.955111, ,0.0,0.0,2,5000,0,0,0,0,1,0
FD,MTA,10.913722,-63.955111,0,MTA,0.0,8.0,298.0,8.0,2,2200,0,0,0,0,0,0
CF,KOSTA,10.889444,-64.090278,1,MTA,273.7,8.1,94.0,1.0,2,2200,0,0,0,0,0,0

APPTR,D09,09,POBAL
IF,POBAL,10.710833,-64.034722, ,0.0,0.0,0,0,0,0,0,0,1,0
AF,MT13B,10.874772,-64.171778,2,MTA,273.7,13.0,215.0,2,2200,0,0,0,0,0,0
TF,KOSTA,10.889444,-64.090278,0, ,0.0,0.0,0.0,0.0,2,2200,0,0,0,0,0,0

APPTR,D09,09,VAREX
IF,VAREX,10.908611,-64.386111, ,0.0,0.0,2,4000,0,0,0,0,1,0
TF,D283M,10.911186,-64.175331,0, ,0.0,0.0,0.0,0.0,2,2200,0,0,0,0,0,0
AF,MT13B,10.874772,-64.171778,1,MTA,273.7,13.0,283.0,2,2200,0,0,0,0,0,0
TF,KOSTA,10.889444,-64.090278,0, ,0.0,0.0,0.0,0.0,2,2200,0,0,0,0,0,0

FINAL,D09,09,D,2
IF,KOSTA,10.889444,-64.090278,MTA,272.7,8.1,2,2200,0,0,0,0,2,0
CF,RW09,10.909711,-63.980850,0,MTA,275.0,1.5,94.0,6.4,1,124,0,0,0,0,3,0
CF,MTA,10.913722,-63.955111,0,MTA,0.0,0.0,94.0,1.6,0,0,0,0,0,0,0,1
DF,POBAL,10.710833,-64.034722,2, ,0.0,0.0,2,5000,0,0,0,0,0,0

APPTR,I09,09,BAHIA
IF,BAHIA,11.549750,-64.167000, ,0.0,0.0,0,0,0,0,0,0,0,0
TF,DAMSU,11.121389,-64.021389,0, ,0.0,0.0,0.0,0.0,2,4000,0,0,0,0,1,0
AF,MT13A,10.870719,-64.170975,1,MTA,272.6,13.0,356.0,2,2200,0,0,0,0,0,0
CF,CF09,10.882156,-64.115278,0,IMTA,272.3,9.9,93.0,3.4,2,2200,0,0,0,0,0,0

APPTR,I09,09,ISAPO
IF,ISAPO,10.736417,-64.235333, ,0.0,0.0,0,0,0,0,0,0,1,0
TF,D251M,10.796414,-64.140589,0, ,0.0,0.0,0.0,0.0,2,2200,0,0,0,0,0,0
AF,MT13A,10.870719,-64.170975,2,MTA,272.6,13.0,251.0,2,2200,0,0,0,0,0,0
CF,CF09,10.882156,-64.115278,0,IMTA,272.3,9.9,93.0,3.4,2,2200,0,0,0,0,0,0

APPTR,I09,09,MEBLA
IF,MEBLA,10.974167,-64.193333, ,0.0,0.0,0,0,0,0,0,0,1,0
TF,D298M,10.967861,-64.168444,0, ,0.0,0.0,0.0,0.0,2,2200,0,0,0,0,0,0
AF,MT13A,10.870719,-64.170975,1,MTA,272.6,13.0,298.0,2,2200,0,0,0,0,0,0
CF,CF09,10.882156,-64.115278,0,IMTA,272.3,9.9,93.0,3.4,2,2200,0,0,0,0,0,0

APPTR,I09,09,MTA
IF,MTA,10.913722,-63.955111, ,0.0,0.0,2,5000,0,0,0,0,1,0
FD,MTA,10.913722,-63.955111,0,MTA,0.0,8.0,298.0,8.0,2,2200,0,0,0,0,0,0
VI,1,IMTA,0.0,123.0,2,2200,0,0,0,0,0,0

APPTR,I09,09,POBAL
IF,POBAL,10.710833,-64.034722, ,0.0,0.0,0,0,0,0,0,0,1,0
AF,MT13A,10.870719,-64.170975,2,MTA,272.6,13.0,215.0,2,2200,0,0,0,0,0,0
CF,CF09,10.882156,-64.115278,0,IMTA,272.3,9.9,93.0,3.4,2,2200,0,0,0,0,0,0

APPTR,I09,09,VAREX
IF,VAREX,10.908611,-64.386111, ,0.0,0.0,2,4000,0,0,0,0,1,0
TF,D283M,10.911186,-64.175331,0, ,0.0,0.0,0.0,0.0,2,2200,0,0,0,0,0,0
AF,MT13A,10.870719,-64.170975,1,MTA,272.6,13.0,283.0,2,2200,0,0,0,0,0,0
CF,CF09,10.882156,-64.115278,0,IMTA,272.3,9.9,93.0,3.4,2,2200,0,0,0,0,0,0

FINAL,I09,09,I,3
IF,CF09,10.882156,-64.115278,IMTA,272.3,9.9,2,2200,0,0,0,0,0,0
CF,FF09,10.888961,-64.082106,0,IMTA,272.3,7.9,93.0,2.0,1,2200,0,0,0,0,2,0
CF,RW09,10.909711,-63.980850,0,IMTA,272.3,1.8,93.0,6.1,1,124,0,0,0,0,3,0
CA,0,93.0,2,480,0,0,0,0,0,0
FD,MTA,10.913722,-63.955111,0,MTA,0.0,5.0,94.0,5.0,0,0,0,0,0,0,0,0
DF,POBAL,10.710833,-64.034722,2, ,0.0,0.0,2,5000,0,0,0,0,0,0

APPTR,R09-Y,09,ISAPO
IF,ISAPO,10.736417,-64.235333, ,0.0,0.0,0,0,0,0,0,0,0,0
TF,UGEMI,10.816550,-64.170189,0, ,0.0,0.0,0.0,0.0,2,2800,0,0,0,0,1,0
TF,ENVUS,10.881789,-64.117119,0, ,0.0,0.0,0.0,0.0,2,2800,0,0,0,0,1,0

APPTR,R09-Y,09,VALLE
IF,VALLE,10.918333,-64.385000, ,0.0,0.0,2,3500,0,0,0,0,0,0
TF,EKONU,10.893261,-64.201019,0, ,0.0,0.0,0.0,0.0,2,2800,0,0,0,0,1,0
TF,ENVUS,10.881789,-64.117119,0, ,0.0,0.0,0.0,0.0,2,2800,0,0,0,0,1,0

FINAL,R09-Y,09,R,3
IF,ENVUS,10.881789,-64.117119, ,0.0,0.0,2,2800,0,0,0,0,0,0
TF,UGROM,10.896247,-64.046594,0, ,0.0,0.0,92.0,4.3,2,1400,0,0,0,0,2,0
TF,RW09,10.909711,-63.980850,0, ,0.0,0.0,92.0,4.0,1,124,0,0,0,0,3,1
DF,ISKER,10.915542,-63.952350,0, ,0.0,0.0,0,0,0,0,0,0,0,1
DF,UGEMI,10.816550,-64.170189,2, ,0.0,0.0,2,3800,0,0,0,0,0,0
HM,UGEMI,10.816550,-64.170189,2, ,0.0,0.0,53.0,04,0,0,0,0,0,0,0,0,0

APPTR,R09-Z,09,ISAPO
IF,ISAPO,10.736417,-64.235333, ,0.0,0.0,0,0,0,0,0,0,0,0
TF,UGEMI,10.816550,-64.170189,0, ,0.0,0.0,0.0,0.0,2,2800,0,0,0,0,1,0
TF,ENVUS,10.881789,-64.117119,0, ,0.0,0.0,0.0,0.0,2,2800,0,0,0,0,1,0

APPTR,R09-Z,09,VALLE
IF,VALLE,10.918333,-64.385000, ,0.0,0.0,2,3500,0,0,0,0,0,0
TF,EKONU,10.893261,-64.201019,0, ,0.0,0.0,0.0,0.0,2,2800,0,0,0,0,1,0
TF,ENVUS,10.881789,-64.117119,0, ,0.0,0.0,0.0,0.0,2,2800,0,0,0,0,1,0

FINAL,R09-Z,09,R,3
IF,ENVUS,10.881789,-64.117119, ,0.0,0.0,2,2800,0,0,0,0,0,0
TF,UGROM,10.896247,-64.046594,0, ,0.0,0.0,92.0,4.3,2,1400,0,0,0,0,2,0
TF,RW09,10.909711,-63.980850,0, ,0.0,0.0,92.0,4.0,1,124,0,0,0,0,3,1
DF,ISKER,10.915542,-63.952350,0, ,0.0,0.0,0,0,0,0,0,0,0,1
DF,UGEMI,10.816550,-64.170189,2, ,0.0,0.0,2,3800,0,0,0,0,0,0
HM,UGEMI,10.816550,-64.170189,2, ,0.0,0.0,53.0,04,0,0,0,0,0,0,0,0,0

APPTR,R27-Y,27,ESNAP
IF,ESNAP,10.658056,-63.259444, ,0.0,0.0,0,0,0,0,0,0,0,0
TF,UGTEX,10.792036,-63.609350,0, ,0.0,0.0,0.0,0.0,2,5000,0,0,0,0,0,0
TF,ASIVI,10.893594,-63.746075,0, ,0.0,0.0,0.0,0.0,2,2800,0,0,0,0,1,0
TF,ARPES,10.943861,-63.813811,0, ,0.0,0.0,0.0,0.0,2,2800,0,0,0,0,1,0

APPTR,R27-Y,27,OSTRA
IF,OSTRA,11.221417,-63.355333, ,0.0,0.0,0,0,0,0,0,0,0,0
TF,EGULI,10.987653,-63.741606,0, ,0.0,0.0,0.0,0.0,2,2800,0,0,0,0,1,0
TF,ARPES,10.943861,-63.813811,0, ,0.0,0.0,0.0,0.0,2,2800,0,0,0,0,1,0

FINAL,R27-Y,27,R,3
IF,ARPES,10.943861,-63.813811, ,0.0,0.0,2,2800,0,0,0,0,0,0
TF,ARSET,10.929458,-63.884306,0, ,0.0,0.0,272.0,4.3,2,1400,0,0,0,0,2,0
TF,RW27,10.915239,-63.953697,0, ,0.0,0.0,272.0,4.2,1,89,0,0,0,0,3,1
TF,UGROM,10.896247,-64.046594,0, ,0.0,0.0,0.0,0.0,0,0,0,0,0,0,0,1
DF,ASIVI,10.893594,-63.746075,1, ,0.0,0.0,2,3800,0,0,0,0,0,0
HM,ASIVI,10.893594,-63.746075,2, ,0.0,0.0,321.0,04,0,0,0,0,0,0,0,0,0

APPTR,R27-Z,27,ESNAP
IF,ESNAP,10.658056,-63.259444, ,0.0,0.0,2,5000,0,0,0,0,0,0
TF,UGTEX,10.792036,-63.609350,0, ,0.0,0.0,0.0,0.0,2,5000,0,0,0,0,0,0
TF,ASIVI,10.893594,-63.746075,0, ,0.0,0.0,0.0,0.0,2,2800,0,0,0,0,1,0
TF,ARPES,10.943861,-63.813811,0, ,0.0,0.0,0.0,0.0,2,2800,0,0,0,0,1,0

APPTR,R27-Z,27,OSTRA
IF,OSTRA,11.221417,-63.355333, ,0.0,0.0,0,0,0,0,0,0,0,0
TF,EGULI,10.987653,-63.741606,0, ,0.0,0.0,0.0,0.0,2,2800,0,0,0,0,1,0
TF,ARPES,10.943861,-63.813811,0, ,0.0,0.0,0.0,0.0,2,2800,0,0,0,0,1,0

FINAL,R27-Z,27,R,3
IF,ARPES,10.943861,-63.813811, ,0.0,0.0,2,2800,0,0,0,0,0,0
TF,ARSET,10.929458,-63.884306,0, ,0.0,0.0,272.0,4.3,2,1400,0,0,0,0,2,0
TF,RW27,10.915239,-63.953697,0, ,0.0,0.0,272.0,4.2,1,89,0,0,0,0,3,1
TF,UGROM,10.896247,-64.046594,0, ,0.0,0.0,0.0,0.0,0,0,0,0,0,0,0,1
DF,ASIVI,10.893594,-63.746075,1, ,0.0,0.0,2,3800,0,0,0,0,0,0
HM,ASIVI,10.893594,-63.746075,2, ,0.0,0.0,321.0,04,0,0,0,0,0,0,0,0,0

