APPTR,I10,10,CURRY
IF,CURRY,10.632097,-61.685858, ,0.0,0.0,0,0,0,0,0,0,0,0
CF,SHARK,10.590631,-61.612347,0,IPOS,283.1,17.3,134.0,5.0,2,4100,0,0,0,0,1,0

FINAL,I10,10,I,3
IF,SHARK,10.590631,-61.612347,IPOS,283.1,17.3,2,4100,0,0,0,0,0,0
CF,FI10,10.595111,-61.423017,0,IPOS,283.8,6.1,104.0,11.2,1,1400,0,0,0,0,2,0
CF,RW10,10.595328,-61.351858,0,IPOS,283.8,1.9,104.0,4.2,1,79,0,0,0,0,3,0
CA,0,104.0,2,2200,0,0,0,0,0,0
DF,POS,10.466389,-61.392361,2, ,0.0,0.0,2,4100,0,0,0,0,0,0

APPTR,N10,10,TRI
IF,TRI,10.595125,-61.422314, ,0.0,0.0,2,4100,0,0,0,0,0,0
HF,TRI,10.595125,-61.422314,2, ,0.0,0.0,104.0,04.3,2,1400,0,0,0,0,1,0,0

FINAL,N10,10,N,2
IF,TRI,10.595125,-61.422314,TRI,0.0,0.0,2,1400,0,0,0,0,2,0
CF,RW10,10.595328,-61.351858,0,TRI,0.0,0.0,104.0,4.2,1,79,0,0,0,0,3,0
CA,0,104.0,2,4100,0,0,0,0,0,0
DF,TRI,10.595125,-61.422314,2, ,0.0,0.0,0,0,0,0,0,0,0,0

APPTR,R10,10,ANELU
IF,ANELU,10.594381,-61.624119, ,0.0,0.0,2,4100,0,0,0,0,1,0
TF,LEXOR,10.594761,-61.522581,0, ,0.0,0.0,0.0,0.0,2,2500,0,0,0,0,1,0

APPTR,R10,10,IMIRA
IF,IMIRA,10.494303,-61.522269, ,0.0,0.0,2,4100,0,0,0,0,1,0
TF,LEXOR,10.594761,-61.522581,0, ,0.0,0.0,0.0,0.0,2,2500,0,0,0,0,1,0

APPTR,R10,10,NAPKO
IF,NAPKO,10.695219,-61.522894, ,0.0,0.0,2,4100,0,0,0,0,1,0
TF,3NM,10.644992,-61.522736,0, ,0.0,0.0,0.0,0.0,2,3300,0,0,0,0,0,0
TF,LEXOR,10.594761,-61.522581,0, ,0.0,0.0,0.0,0.0,2,2500,0,0,0,0,1,0

FINAL,R10,10,R,3
IF,LEXOR,10.594761,-61.522581, ,0.0,0.0,2,2500,0,0,0,0,0,0
TF,TALUS,10.595053,-61.437964,0, ,0.0,0.0,105.0,5.0,1,1700,0,0,0,0,2,0
TF,RW10,10.595328,-61.351858,0, ,0.0,0.0,105.0,5.1,1,80,0,0,0,0,3,1
CA,0,105.0,2,1500,0,0,0,0,0,0
DF,IMIRA,10.494303,-61.522269,2, ,0.0,0.0,2,4100,0,0,0,0,0,0
HM,IMIRA,10.494303,-61.522269,1, ,0.0,0.0,15.0,04.3,2,4100,0,0,0,0,0,0,0

APPTR,R28,28,KIVIP
IF,KIVIP,10.696328,-61.153681, ,0.0,0.0,2,4100,0,0,0,0,1,0
TF,AT015,10.646100,-61.153531,0, ,0.0,0.0,0.0,0.0,2,3300,0,0,0,0,0,0
TF,BOSAT,10.595869,-61.153378,0, ,0.0,0.0,0.0,0.0,2,2500,0,0,0,0,1,0

APPTR,R28,28,MUTAM
IF,MUTAM,10.495411,-61.153075, ,0.0,0.0,2,4100,0,0,0,0,1,0
TF,BOSAT,10.595869,-61.153378,0, ,0.0,0.0,0.0,0.0,2,2500,0,0,0,0,1,0

FINAL,R28,28,R,3
IF,BOSAT,10.595869,-61.153378, ,0.0,0.0,2,2500,0,0,0,0,0,0
TF,DANON,10.595653,-61.237994,0, ,0.0,0.0,285.0,5.0,1,1700,0,0,0,0,2,0
TF,RW28,10.595411,-61.322625,0, ,0.0,0.0,285.0,5.0,1,108,0,0,0,0,3,1
CA,0,285.0,2,1000,0,0,0,0,0,0
DF,MUTAM,10.495411,-61.153075,1, ,0.0,0.0,2,4100,0,0,0,0,0,0
HM,MUTAM,10.495411,-61.153075,2, ,0.0,0.0,15.0,04.3,2,4100,0,0,0,0,0,0,0

