SID,EDAT3A,12,2
CF,D122F,40.690833,46.396389,0,GND,123.2,5.9,122.0,4.0,2,2100,0,0,0,0,0,1
CF,EDATA,40.606667,47.183333,0,GND,96.0,41.5,91.0,36.0,2,9000,0,0,0,0,0,0

SID,EDAT3B,30,2
DF,GND,40.753528,46.295500,0, ,0.0,0.0,0,0,0,0,0,0,0,0
CD, ,0,0,0,GND,0,0.0,302.0,1.0,2,1500,0,0,0,0,0,0
CF,EDATA,40.606667,47.183333,2,GND,96.0,41.5,102.0,42.0,2,9000,0,0,0,0,0,0

SID,MATA1B,30,2
CD, ,0,0,0,GND,0,0.0,302.0,3.0,2,2000,0,0,0,0,0,0
DF,GND,40.753528,46.295500,2, ,0.0,0.0,0,0,0,0,0,0,0,0
HA,GND,40.753528,46.295500,2, ,0.0,0.0,266.0,04.3,2,11000,0,0,0,0,0,0,0
TF,D266P,40.760956,45.940331,0, ,0.0,0.0,0.0,0.0,2,14000,0,0,0,0,0,0
TF,MATAL,40.768611,45.502222,0, ,0.0,0.0,0.0,0.0,2,16000,0,0,0,0,0,0

SID,MATA2A,12,2
CF,D122F,40.690833,46.396389,0,GND,123.2,5.9,122.0,4.0,2,2100,0,0,0,0,0,1
DF,GND,40.753528,46.295500,1, ,0.0,0.0,0,0,0,0,0,0,0,0
HA,GND,40.753528,46.295500,2, ,0.0,0.0,266.0,04.3,2,11000,0,0,0,0,0,0,0
TF,D266P,40.760956,45.940331,0, ,0.0,0.0,0.0,0.0,2,14000,0,0,0,0,0,0
TF,MATAL,40.768611,45.502222,0, ,0.0,0.0,0.0,0.0,2,16000,0,0,0,0,0,0

SID,NEVE1A,12,2
CF,D122F,40.690833,46.396389,0,GND,123.2,5.9,122.0,4.0,2,2100,0,0,0,0,0,1
DF,GND,40.753528,46.295500,1, ,0.0,0.0,0,0,0,0,0,0,0,0
HA,GND,40.753528,46.295500,2, ,0.0,0.0,266.0,04.3,2,11000,0,0,0,0,0,0,0
TF,NEVEB,41.208056,45.657222,0, ,0.0,0.0,0.0,0.0,2,14000,0,0,0,0,0,0

SID,NEVE1B,30,2
CA,0,302.0,2,1490,0,0,0,0,0,0
CF,NEVEB,41.208056,45.657222,0,GND,307.4,39.8,307.0,40.0,2,14000,0,0,0,0,0,0

SID,PEMA1B,30,2
CD, ,0,0,0,GND,0,0.0,302.0,3.0,2,2000,0,0,0,0,0,0
DF,GND,40.753528,46.295500,2, ,0.0,0.0,0,0,0,0,0,0,0,0
HA,GND,40.753528,46.295500,2, ,0.0,0.0,266.0,04.3,2,11000,0,0,0,0,0,0,0
TF,D228Q,40.588169,45.995725,0, ,0.0,0.0,0.0,0.0,2,14000,0,0,0,0,0,0
TF,PEMAN,40.391111,45.642222,0, ,0.0,0.0,0.0,0.0,2,16000,0,0,0,0,0,0

SID,PEMA2A,12,2
CF,D122F,40.690833,46.396389,0,GND,123.2,5.9,122.0,4.0,2,2100,0,0,0,0,0,1
DF,GND,40.753528,46.295500,1, ,0.0,0.0,0,0,0,0,0,0,0,0
HA,GND,40.753528,46.295500,2, ,0.0,0.0,266.0,04.3,2,11000,0,0,0,0,0,0,0
TF,D228Q,40.588169,45.995725,0, ,0.0,0.0,0.0,0.0,2,14000,0,0,0,0,0,0
TF,PEMAN,40.391111,45.642222,0, ,0.0,0.0,0.0,0.0,2,16000,0,0,0,0,0,0

SID,POLA2B,30,2
DF,GND,40.753528,46.295500,0, ,0.0,0.0,0,0,0,0,0,0,0,0
CD, ,0,0,0,GND,0,0.0,302.0,1.0,2,1500,0,0,0,0,0,0
CF,POLAD,40.979167,47.011667,2,GND,61.2,35.3,68.0,34.0,2,5000,0,0,0,0,0,0

SID,POLA3A,12,2
CF,D122F,40.690833,46.396389,0,GND,123.2,5.9,122.0,4.0,2,2100,0,0,0,0,0,1
CF,POLAD,40.979167,47.011667,0,GND,61.2,35.3,49.0,31.0,2,5000,0,0,0,0,0,0

STAR,BAGV1E,12,2
IF,BARAD,41.358611,45.083333, ,0.0,0.0,2,16000,0,0,0,0,0,0
TF,NEVEB,41.208056,45.657222,0, ,0.0,0.0,0.0,0.0,2,14000,0,0,0,0,0,0
TF,BAGVA,41.041389,46.293333,0, ,0.0,0.0,0.0,0.0,2,14000,0,0,0,0,0,0
TF,GND,40.753528,46.295500,0, ,0.0,0.0,0.0,0.0,1,9000,0,0,0,0,0,0

STAR,BAGV1F,30,2
IF,BARAD,41.358611,45.083333, ,0.0,0.0,2,16000,0,0,0,0,0,0
TF,NEVEB,41.208056,45.657222,0, ,0.0,0.0,0.0,0.0,2,14000,0,0,0,0,0,0
TF,BAGVA,41.041389,46.293333,0, ,0.0,0.0,0.0,0.0,2,14000,0,0,0,0,0,0
TF,GND,40.753528,46.295500,0, ,0.0,0.0,0.0,0.0,1,9000,0,0,0,0,0,0

STAR,BARA1E,12,2
IF,BARAD,41.358611,45.083333, ,0.0,0.0,2,16000,0,0,0,0,0,0
TF,UMSOP,40.940833,45.945833,0, ,0.0,0.0,0.0,0.0,1,7000,0,0,0,0,0,0

STAR,BARA1F,30,2
IF,BARAD,41.358611,45.083333, ,0.0,0.0,2,16000,0,0,0,0,0,0
TF,GND,40.753528,46.295500,0, ,0.0,0.0,0.0,0.0,1,9000,0,0,0,0,0,0

STAR,EDAT1E,12,2
IF,EDATA,40.606667,47.183333, ,0.0,0.0,2,9000,0,0,0,0,0,0
TF,GND,40.753528,46.295500,0, ,0.0,0.0,0.0,0.0,1,9000,0,0,0,0,0,0

STAR,EDAT1F,30,2
IF,EDATA,40.606667,47.183333, ,0.0,0.0,2,9000,0,0,0,0,0,0
TF,OGOPI,40.638889,46.681667,0, ,0.0,0.0,0.0,0.0,2,6000,0,0,0,0,0,0

STAR,MATA1E,12,2
IF,MATAL,40.768611,45.502222, ,0.0,0.0,2,16000,0,0,0,0,0,0
TF,D266P,40.760956,45.940331,0, ,0.0,0.0,0.0,0.0,0,0,0,0,0,0,0,0
TF,GND,40.753528,46.295500,0, ,0.0,0.0,0.0,0.0,1,9000,0,0,0,0,0,0

STAR,MATA1F,30,2
IF,MATAL,40.768611,45.502222, ,0.0,0.0,2,16000,0,0,0,0,0,0
TF,D266P,40.760956,45.940331,0, ,0.0,0.0,0.0,0.0,0,0,0,0,0,0,0,0
TF,GND,40.753528,46.295500,0, ,0.0,0.0,0.0,0.0,1,9000,0,0,0,0,0,0

STAR,NEVE1E,12,2
IF,BARAD,41.358611,45.083333, ,0.0,0.0,2,16000,0,0,0,0,0,0
TF,NEVEB,41.208056,45.657222,0, ,0.0,0.0,0.0,0.0,2,14000,0,0,0,0,0,0
TF,EVNIK,40.973611,45.981944,0, ,0.0,0.0,0.0,0.0,1,7000,0,0,0,0,0,0

STAR,NEVE1F,30,2
IF,BARAD,41.358611,45.083333, ,0.0,0.0,2,16000,0,0,0,0,0,0
TF,NEVEB,41.208056,45.657222,0, ,0.0,0.0,0.0,0.0,2,14000,0,0,0,0,0,0
TF,GND,40.753528,46.295500,0, ,0.0,0.0,0.0,0.0,1,9000,0,0,0,0,0,0

STAR,PEMA1E,12,2
IF,PEMAN,40.391111,45.642222, ,0.0,0.0,2,16000,0,0,0,0,0,0
TF,D228Y,40.509619,45.854333,0, ,0.0,0.0,0.0,0.0,0,0,0,0,0,0,0,0
TF,D228Q,40.588169,45.995725,0, ,0.0,0.0,0.0,0.0,0,0,0,0,0,0,0,0
TF,GND,40.753528,46.295500,0, ,0.0,0.0,0.0,0.0,1,9000,0,0,0,0,0,0

STAR,PEMA1F,30,2
IF,PEMAN,40.391111,45.642222, ,0.0,0.0,2,16000,0,0,0,0,0,0
TF,D228Y,40.509619,45.854333,0, ,0.0,0.0,0.0,0.0,0,0,0,0,0,0,0,0
TF,D228Q,40.588169,45.995725,0, ,0.0,0.0,0.0,0.0,0,0,0,0,0,0,0,0
TF,GND,40.753528,46.295500,0, ,0.0,0.0,0.0,0.0,1,9000,0,0,0,0,0,0

STAR,POLA1E,12,2
IF,POLAD,40.979167,47.011667, ,0.0,0.0,2,9000,0,0,0,0,0,0
TF,GND,40.753528,46.295500,0, ,0.0,0.0,0.0,0.0,1,9000,0,0,0,0,0,0

STAR,POLA1F,30,2
IF,POLAD,40.979167,47.011667, ,0.0,0.0,2,9000,0,0,0,0,0,0
TF,GND,40.753528,46.295500,0, ,0.0,0.0,0.0,0.0,1,9000,0,0,0,0,0,0

STAR,POLA2F,30,2
IF,POLAD,40.979167,47.011667, ,0.0,0.0,2,9000,0,0,0,0,0,0
TF,OGOPI,40.638889,46.681667,0, ,0.0,0.0,0.0,0.0,1,6000,0,0,0,0,0,0

APPTR,D12,12,EVNIK
IF,EVNIK,40.973611,45.981944, ,0.0,0.0,1,7000,0,0,0,0,1,0
CF,D302Q,40.907294,46.035622,0,GND,302.0,15.0,143.0,4.7,0,0,0,0,0,0,0,0
CF,CF12,40.818139,46.186444,0,GND,302.0,6.3,122.0,8.7,2,2800,0,0,0,0,1,0

APPTR,D12,12,GND
IF,GND,40.753528,46.295500, ,0.0,0.0,1,9000,0,1,210,0,1,0
CF,D339F,40.850175,46.261392,0,GND,339.0,6.0,339.0,6.0,1,4000,0,0,0,0,0,0
CI,0, ,0.0,339.0,0,0,0,0,0,0,0,0
AF,D302J,40.832556,46.162219,1,GND,302.0,7.7,339.0,0,0,0,0,0,0,0,0
CF,CF12,40.818139,46.186444,0,GND,302.0,6.3,122.0,1.4,2,2800,0,0,0,0,1,0

APPTR,D12,12,UMSOP
IF,UMSOP,40.940833,45.945833, ,0.0,0.0,1,7000,0,0,0,0,1,0
CF,D302Q,40.907294,46.035622,0,GND,302.0,15.0,110.0,4.6,0,0,0,0,0,0,0,0
CF,CF12,40.818139,46.186444,0,GND,302.0,6.3,122.0,8.7,2,2800,0,0,0,0,1,0

FINAL,D12,12,D,4
IF,CF12,40.818139,46.186444,GND,302.0,6.3,2,2800,0,0,0,0,0,0
CF,FF12,40.786056,46.240639,0,GND,302.0,3.2,122.0,3.1,2,2300,0,0,0,0,2,0
CF,20VOR,40.774042,46.260908,0,GND,302.0,2.0,122.0,1.2,2,1950,0,0,0,0,0,0
CF,MD12,40.757322,46.289100,0,GND,301.9,0.4,122.0,1.6,1,1409,0,0,0,0,3,0
CA,0,122.0,2,1500,0,0,0,0,0,0
CI,1, ,0.0,302.0,0,0,0,1,210,0,0,0
FM,GND,40.753528,46.295500,0,GND,0.0,0.0,339.0,1,2800,0,0,0,0,0,0

APPTR,I12,12,EVNIK
IF,EVNIK,40.973611,45.981944, ,0.0,0.0,1,7000,0,0,0,0,1,0
CF,D302Q,40.907294,46.035622,0,GND,302.0,15.0,143.0,4.7,0,0,0,0,0,0,0,0
CF,CF12,40.818139,46.186444,0,IGL,302.0,8.8,122.0,8.7,2,2800,0,0,0,0,1,0

APPTR,I12,12,GND
IF,GND,40.753528,46.295500, ,0.0,0.0,1,9000,0,1,210,0,1,0
CF,D339F,40.850175,46.261392,0,GND,339.0,6.0,339.0,6.0,1,4000,0,0,0,0,0,0
CI,0, ,0.0,339.0,0,0,0,0,0,0,0,0
AF,D302J,40.832556,46.162219,1,GND,302.0,7.7,339.0,0,0,0,0,0,0,0,0
CF,CF12,40.818139,46.186444,0,IGL,302.0,8.8,122.0,1.4,2,2800,0,0,0,0,1,0

APPTR,I12,12,UMSOP
IF,UMSOP,40.940833,45.945833, ,0.0,0.0,1,7000,0,0,0,0,1,0
CF,D302Q,40.907294,46.035622,0,GND,302.0,15.0,110.0,4.6,0,0,0,0,0,0,0,0
CF,CF12,40.818139,46.186444,0,IGL,302.0,8.8,122.0,8.7,2,2800,0,0,0,0,1,0

FINAL,I12,12,I,3
IF,CF12,40.818139,46.186444,IGL,302.0,8.8,2,2800,0,0,0,0,0,0
CF,FF12,40.786056,46.240639,0,IGL,302.0,5.6,122.0,3.1,1,2300,0,0,0,0,2,0
CF,RW12,40.748017,46.304797,0,IGL,302.0,1.9,122.0,3.7,1,1107,0,0,0,0,3,0
CA,0,122.0,2,1500,0,0,0,0,0,0
CI,1, ,0.0,302.0,0,0,0,1,210,0,0,0
FM,GND,40.753528,46.295500,0,GND,0.0,0.0,339.0,1,2800,0,0,0,0,0,0

APPTR,I30,30,GND1
IF,GND,40.753528,46.295500, ,0.0,0.0,1,9000,0,0,0,0,1,0
FD,GND,40.753528,46.295500,0,GND,0.0,10.7,99.0,10.7,1,2800,0,0,0,0,0,0
CF,CI30,40.653806,46.462972,2,IGR,122.0,9.3,302.0,2.0,1,2700,0,0,0,0,1,0

APPTR,I30,30,GND2
IF,GND,40.753528,46.295500, ,0.0,0.0,1,9000,0,0,0,0,1,0
FD,GND,40.753528,46.295500,0,GND,0.0,10.8,104.0,10.8,1,2800,0,0,0,0,0,0
CF,CI30,40.653806,46.462972,2,IGR,122.0,9.3,302.0,2.0,1,2700,0,0,0,0,1,0

APPTR,I30,30,OGOPI
IF,OGOPI,40.638889,46.681667, ,0.0,0.0,2,6000,0,0,0,0,1,0
FC,OGOPI,40.638889,46.681667,0,GND,0.0,0.0,269.0,6.0,2,2800,0,0,0,0,0,0
CF,CI30,40.653806,46.462972,0,IGR,122.0,9.3,269.0,4.0,2,2700,0,0,0,0,1,0

FINAL,I30,30,I,3
IF,CI30,40.653806,46.462972,IGR,122.0,9.3,1,2700,0,0,0,0,0,0
CF,FI30,40.679806,46.419389,0,IGR,122.0,6.8,302.0,2.5,1,2700,0,0,0,0,2,0
CF,RW30,40.729792,46.335472,0,IGR,122.0,1.9,302.0,4.8,1,1131,0,0,0,0,3,0
CA,0,302.0,2,1500,0,0,0,0,0,0
VM,0,0,2,122.0,1,2800,0,1,210,0,0,0

