SID,DULA1A,14L,2
CD, ,0,0,0,INR,0,0.0,134.0,4.5,2,3600,0,0,0,0,0,0
DF,D166G,39.111667,45.439444,2, ,0.0,0.0,0,0,0,0,0,0,0,0
TF,NT,39.225917,45.414333,0, ,0.0,0.0,0.0,0.0,0,0,0,0,0,0,0,0
TF,D311L,39.374722,45.219444,0, ,0.0,0.0,0.0,0.0,2,6500,0,0,0,0,0,1
DF,D293M,39.322500,45.168611,1, ,0.0,0.0,0,0,0,0,0,0,0,1
TF,D293B,39.241667,45.372778,0, ,0.0,0.0,0.0,0.0,2,10900,0,0,0,0,0,1
DF,NT,39.225917,45.414333,0, ,0.0,0.0,0,0,0,0,0,0,0,0
TF,DULAV,38.950000,45.633333,0, ,0.0,0.0,0.0,0.0,2,15000,0,0,0,0,0,0

SID,DULA1B,32R,2
CF,NT,39.225917,45.414333,0,GRM,135.7,115.6,314.0,3.0,2,3270,0,0,0,0,0,0
TF,D311L,39.374722,45.219444,0, ,0.0,0.0,0.0,0.0,2,6500,0,0,0,0,0,1
DF,D293M,39.322500,45.168611,1, ,0.0,0.0,0,0,0,0,0,0,0,0
TF,D293B,39.241667,45.372778,0, ,0.0,0.0,0.0,0.0,2,10900,0,0,0,0,0,1
DF,NT,39.225917,45.414333,0, ,0.0,0.0,0,0,0,0,0,0,0,0
TF,DULAV,38.950000,45.633333,0, ,0.0,0.0,0.0,0.0,2,15000,0,0,0,0,0,0

SID,DULA1C,14R,2
CD, ,0,0,0,INR,0,0.0,134.0,4.5,2,3600,0,0,0,0,0,0
DF,D166G,39.111667,45.439444,2, ,0.0,0.0,0,0,0,0,0,0,0,0
TF,NT,39.225917,45.414333,0, ,0.0,0.0,0.0,0.0,0,0,0,0,0,0,0,0
TF,D311L,39.374722,45.219444,0, ,0.0,0.0,0.0,0.0,2,6500,0,0,0,0,0,1
DF,D293M,39.322500,45.168611,1, ,0.0,0.0,0,0,0,0,0,0,0,1
TF,D293B,39.241667,45.372778,0, ,0.0,0.0,0.0,0.0,2,10900,0,0,0,0,0,1
DF,NT,39.225917,45.414333,0, ,0.0,0.0,0,0,0,0,0,0,0,0
TF,DULAV,38.950000,45.633333,0, ,0.0,0.0,0.0,0.0,2,15000,0,0,0,0,0,0

SID,DULA1D,32L,2
CF,NT,39.225917,45.414333,0,GRM,135.7,115.6,314.0,3.0,2,3270,0,0,0,0,0,0
TF,D311L,39.374722,45.219444,0, ,0.0,0.0,0.0,0.0,2,6500,0,0,0,0,0,1
DF,D293M,39.322500,45.168611,1, ,0.0,0.0,0,0,0,0,0,0,0,0
TF,D293B,39.241667,45.372778,0, ,0.0,0.0,0.0,0.0,2,10900,0,0,0,0,0,1
DF,NT,39.225917,45.414333,0, ,0.0,0.0,0,0,0,0,0,0,0,0
TF,DULAV,38.950000,45.633333,0, ,0.0,0.0,0.0,0.0,2,15000,0,0,0,0,0,0

SID,DULA2A,14L,2
CD, ,0,0,0,INR,0,0.0,135.0,4.5,2,4000,0,0,0,0,0,0
DF,D166G,39.111667,45.439444,2, ,0.0,0.0,0,0,0,1,205,0,0,0
TF,NT,39.225917,45.414333,0, ,0.0,0.0,0.0,0.0,2,9000,0,0,0,0,0,1
CI,2, ,0.0,175.0,0,0,0,0,0,0,0,0
CF,DULAV,38.950000,45.633333,0,NAX,145.2,17.6,144.0,12.0,2,15000,0,0,0,0,0,0

SID,DULA2A,14R,2
CD, ,0,0,0,INR,0,0.0,135.0,4.5,2,4000,0,0,0,0,0,0
DF,D166G,39.111667,45.439444,2, ,0.0,0.0,0,0,0,1,205,0,0,0
TF,NT,39.225917,45.414333,0, ,0.0,0.0,0.0,0.0,2,9000,0,0,0,0,0,1
CI,2, ,0.0,175.0,0,0,0,0,0,0,0,0
CF,DULAV,38.950000,45.633333,0,NAX,145.2,17.6,144.0,12.0,2,15000,0,0,0,0,0,0

SID,DULA2C,14L,2
CD, ,0,0,0,INR,0,0.0,135.0,4.5,2,4000,0,0,0,0,0,0
DF,D166G,39.111667,45.439444,2, ,0.0,0.0,0,0,0,1,205,0,0,0
TF,NT,39.225917,45.414333,0, ,0.0,0.0,0.0,0.0,2,9000,0,0,0,0,0,1
CI,2, ,0.0,175.0,0,0,0,0,0,0,0,0
CF,DULAV,38.950000,45.633333,0,NAX,145.2,17.6,144.0,12.0,2,15000,0,0,0,0,0,0

SID,DULA2C,14R,2
CD, ,0,0,0,INR,0,0.0,135.0,4.5,2,4000,0,0,0,0,0,0
DF,D166G,39.111667,45.439444,2, ,0.0,0.0,0,0,0,1,205,0,0,0
TF,NT,39.225917,45.414333,0, ,0.0,0.0,0.0,0.0,2,9000,0,0,0,0,0,1
CI,2, ,0.0,175.0,0,0,0,0,0,0,0,0
CF,DULAV,38.950000,45.633333,0,NAX,145.2,17.6,144.0,12.0,2,15000,0,0,0,0,0,0

SID,IRLA1A,14L,2
CD, ,0,0,0,INR,0,0.0,134.0,4.5,2,3600,0,0,0,0,0,0
DF,D166G,39.111667,45.439444,2, ,0.0,0.0,0,0,0,0,0,0,0,0
TF,NT,39.225917,45.414333,0, ,0.0,0.0,0.0,0.0,0,0,0,0,0,0,0,0
HA,NT,39.225917,45.414333,2, ,0.0,0.0,300.0,04.3,2,15000,0,0,0,0,0,0,0
CF,IRLAN,39.511389,45.443889,0,GRM,129.3,103.6,1.0,17.0,2,15000,0,0,0,0,0,0

SID,IRLA1B,32R,2
CF,NT,39.225917,45.414333,0,GRM,135.8,115.5,314.0,3.0,2,3270,0,0,0,0,0,0
TF,D311L,39.374722,45.219444,0, ,0.0,0.0,0.0,0.0,2,6500,0,0,0,0,0,1
DF,D293M,39.322500,45.168611,1, ,0.0,0.0,0,0,0,0,0,0,0,0
TF,NT,39.225917,45.414333,0, ,0.0,0.0,0.0,0.0,0,0,0,0,0,0,0,0
HA,NT,39.225917,45.414333,2, ,0.0,0.0,300.0,04.3,2,15000,0,0,0,0,0,0,0
CF,IRLAN,39.511389,45.443889,0,GRM,129.3,103.6,1.0,17.0,2,15000,0,0,0,0,0,0

SID,IRLA1C,14R,2
CD, ,0,0,0,INR,0,0.0,134.0,4.5,2,3600,0,0,0,0,0,0
DF,D166G,39.111667,45.439444,2, ,0.0,0.0,0,0,0,0,0,0,0,0
TF,NT,39.225917,45.414333,0, ,0.0,0.0,0.0,0.0,0,0,0,0,0,0,0,0
HA,NT,39.225917,45.414333,2, ,0.0,0.0,300.0,04.3,2,15000,0,0,0,0,0,0,0
CF,IRLAN,39.511389,45.443889,0,GRM,129.3,103.6,1.0,17.0,2,15000,0,0,0,0,0,0

SID,IRLA1D,32L,2
CF,NT,39.225917,45.414333,0,GRM,135.8,115.5,314.0,3.0,2,3270,0,0,0,0,0,0
TF,D311L,39.374722,45.219444,0, ,0.0,0.0,0.0,0.0,2,6500,0,0,0,0,0,1
DF,D293M,39.322500,45.168611,1, ,0.0,0.0,0,0,0,0,0,0,0,0
TF,NT,39.225917,45.414333,0, ,0.0,0.0,0.0,0.0,0,0,0,0,0,0,0,0
HA,NT,39.225917,45.414333,2, ,0.0,0.0,300.0,04.3,2,15000,0,0,0,0,0,0,0
CF,IRLAN,39.511389,45.443889,0,GRM,129.3,103.6,1.0,17.0,2,15000,0,0,0,0,0,0

SID,IRLA2A,14L,2
CD, ,0,0,0,INR,0,0.0,134.0,3.6,2,3400,0,0,0,0,0,0
DF,D097F,39.205556,45.536944,1, ,0.0,0.0,0,0,0,0,0,0,0,0
TF,NT,39.225917,45.414333,0, ,0.0,0.0,0.0,0.0,0,0,0,0,0,0,0,0
HA,NT,39.225917,45.414333,2, ,0.0,0.0,300.0,04.3,2,15000,0,0,0,0,0,0,0
CF,IRLAN,39.511389,45.443889,0,GRM,129.3,103.6,1.0,17.0,2,15000,0,0,0,0,0,0

SID,IRLA2C,14R,2
CD, ,0,0,0,INR,0,0.0,134.0,3.6,2,3400,0,0,0,0,0,0
DF,D097F,39.205556,45.536944,1, ,0.0,0.0,0,0,0,0,0,0,0,0
TF,NT,39.225917,45.414333,0, ,0.0,0.0,0.0,0.0,0,0,0,0,0,0,0,0
HA,NT,39.225917,45.414333,2, ,0.0,0.0,300.0,04.3,2,15000,0,0,0,0,0,0,0
CF,IRLAN,39.511389,45.443889,0,GRM,129.3,103.6,1.0,17.0,2,15000,0,0,0,0,0,0

SID,NEGA1A,14L,2
CD, ,0,0,0,INR,0,0.0,134.0,4.5,2,3600,0,0,0,0,0,0
DF,D166G,39.111667,45.439444,2, ,0.0,0.0,0,0,0,0,0,0,0,0
TF,NT,39.225917,45.414333,0, ,0.0,0.0,0.0,0.0,0,0,0,0,0,0,0,0
TF,D311V,39.482778,45.080278,0, ,0.0,0.0,0.0,0.0,2,9000,0,0,0,0,0,1
CF,NEGAN,39.755000,45.010000,0,GRM,132.2,79.2,346.0,17.0,2,13000,0,0,0,0,0,0

SID,NEGA1B,32R,2
CF,NT,39.225917,45.414333,0,GRM,135.8,115.5,314.0,3.0,2,3270,0,0,0,0,0,0
TF,D311V,39.482778,45.080278,0, ,0.0,0.0,0.0,0.0,2,9000,0,0,0,0,0,1
CF,NEGAN,39.755000,45.010000,0,GRM,132.2,79.2,346.0,17.0,2,13000,0,0,0,0,0,0

SID,NEGA1C,14R,2
CD, ,0,0,0,INR,0,0.0,134.0,4.5,2,3600,0,0,0,0,0,0
DF,D166G,39.111667,45.439444,2, ,0.0,0.0,0,0,0,0,0,0,0,0
TF,NT,39.225917,45.414333,0, ,0.0,0.0,0.0,0.0,0,0,0,0,0,0,0,0
TF,D311V,39.482778,45.080278,0, ,0.0,0.0,0.0,0.0,2,9000,0,0,0,0,0,1
CF,NEGAN,39.755000,45.010000,0,GRM,132.2,79.2,346.0,17.0,2,13000,0,0,0,0,0,0

SID,NEGA1D,32L,2
CF,NT,39.225917,45.414333,0,GRM,135.8,115.5,314.0,3.0,2,3270,0,0,0,0,0,0
TF,D311V,39.482778,45.080278,0, ,0.0,0.0,0.0,0.0,2,9000,0,0,0,0,0,1
CF,NEGAN,39.755000,45.010000,0,GRM,132.2,79.2,346.0,17.0,2,13000,0,0,0,0,0,0

SID,NEGA2A,14L,2
CD, ,0,0,0,INR,0,0.0,134.0,3.6,2,3400,0,0,0,0,0,0
DF,D097F,39.205556,45.536944,1, ,0.0,0.0,0,0,0,0,0,0,0,0
TF,NT,39.225917,45.414333,0, ,0.0,0.0,0.0,0.0,0,0,0,0,0,0,0,0
TF,D311V,39.482778,45.080278,0, ,0.0,0.0,0.0,0.0,2,9000,0,0,0,0,0,1
CF,NEGAN,39.755000,45.010000,0,GRM,132.2,79.2,346.0,17.0,2,13000,0,0,0,0,0,0

SID,NEGA2C,14R,2
CD, ,0,0,0,INR,0,0.0,134.0,3.6,2,3400,0,0,0,0,0,0
DF,D097F,39.205556,45.536944,1, ,0.0,0.0,0,0,0,0,0,0,0,0
TF,NT,39.225917,45.414333,0, ,0.0,0.0,0.0,0.0,0,0,0,0,0,0,0,0
TF,D311V,39.482778,45.080278,0, ,0.0,0.0,0.0,0.0,2,9000,0,0,0,0,0,1
CF,NEGAN,39.755000,45.010000,0,GRM,132.2,79.2,346.0,17.0,2,13000,0,0,0,0,0,0

STAR,DULA1E,14L,2
IF,DULAV,38.950000,45.633333, ,0.0,0.0,2,15000,0,0,0,0,0,0
TF,NT,39.225917,45.414333,0, ,0.0,0.0,0.0,0.0,1,10000,0,0,0,0,0,0

STAR,DULA1F,32R,2
IF,DULAV,38.950000,45.633333, ,0.0,0.0,2,15000,0,0,0,0,0,0
TF,NT,39.225917,45.414333,0, ,0.0,0.0,0.0,0.0,1,10000,0,0,0,0,0,0

STAR,DULA1G,14R,2
IF,DULAV,38.950000,45.633333, ,0.0,0.0,2,15000,0,0,0,0,0,0
TF,NT,39.225917,45.414333,0, ,0.0,0.0,0.0,0.0,1,10000,0,0,0,0,0,0

STAR,DULA1H,32L,2
IF,DULAV,38.950000,45.633333, ,0.0,0.0,2,15000,0,0,0,0,0,0
TF,NT,39.225917,45.414333,0, ,0.0,0.0,0.0,0.0,1,10000,0,0,0,0,0,0

STAR,IRLA1E,14L,2
IF,IRLAN,39.511389,45.443889, ,0.0,0.0,2,16000,0,0,0,0,0,0
TF,NT,39.225917,45.414333,0, ,0.0,0.0,0.0,0.0,1,10000,0,0,0,0,0,0

STAR,IRLA1F,32R,2
IF,IRLAN,39.511389,45.443889, ,0.0,0.0,2,16000,0,0,0,0,0,0
TF,NT,39.225917,45.414333,0, ,0.0,0.0,0.0,0.0,1,10000,0,0,0,0,0,0

STAR,IRLA1G,14R,2
IF,IRLAN,39.511389,45.443889, ,0.0,0.0,2,16000,0,0,0,0,0,0
TF,NT,39.225917,45.414333,0, ,0.0,0.0,0.0,0.0,1,10000,0,0,0,0,0,0

STAR,IRLA1H,32L,2
IF,IRLAN,39.511389,45.443889, ,0.0,0.0,2,16000,0,0,0,0,0,0
TF,NT,39.225917,45.414333,0, ,0.0,0.0,0.0,0.0,1,10000,0,0,0,0,0,0

STAR,NEGA1E,14L,2
IF,NEGAN,39.755000,45.010000, ,0.0,0.0,2,13000,0,0,0,0,0,0
TF,NT,39.225917,45.414333,0, ,0.0,0.0,0.0,0.0,1,10000,0,0,0,0,0,0

STAR,NEGA1F,32R,2
IF,NEGAN,39.755000,45.010000, ,0.0,0.0,2,13000,0,0,0,0,0,0
TF,NT,39.225917,45.414333,0, ,0.0,0.0,0.0,0.0,1,10000,0,0,0,0,0,0

STAR,NEGA1G,14R,2
IF,NEGAN,39.755000,45.010000, ,0.0,0.0,2,13000,0,0,0,0,0,0
TF,NT,39.225917,45.414333,0, ,0.0,0.0,0.0,0.0,1,10000,0,0,0,0,0,0

STAR,NEGA1H,32L,2
IF,NEGAN,39.755000,45.010000, ,0.0,0.0,2,13000,0,0,0,0,0,0
TF,NT,39.225917,45.414333,0, ,0.0,0.0,0.0,0.0,1,10000,0,0,0,0,0,0

STAR,NEGA2E,14L,2
IF,NEGAN,39.755000,45.010000, ,0.0,0.0,2,13000,0,0,0,0,0,0
TF,INR27,39.525444,45.061667,0, ,0.0,0.0,0.0,0.0,1,9200,0,0,0,0,0,0

STAR,NEGA2G,14R,2
IF,NEGAN,39.755000,45.010000, ,0.0,0.0,2,13000,0,0,0,0,0,0
TF,INR28,39.524333,45.060417,0, ,0.0,0.0,0.0,0.0,1,9200,0,0,0,0,0,0

APPTR,I14R,14R,INR28
IF,INR28,39.524333,45.060417, ,0.0,0.0,2,9200,0,1,205,0,1,0
CF,D314S,39.411639,45.194167,0,NAX,313.7,17.1,134.0,9.2,2,7600,0,0,0,0,0,0
CF,D314K,39.344889,45.272250,0,NAX,313.6,11.6,134.0,5.4,2,6200,0,0,0,0,1,0
CF,CI14R,39.284722,45.343083,0,INR,313.5,8.9,134.0,4.9,2,5300,0,0,0,0,0,0

APPTR,I14R,14R,NT
IF,NT,39.225917,45.414333, ,0.0,0.0,0,0,0,1,205,0,1,0
CF,D300P,39.351444,45.172778,0,NAX,301.8,15.4,300.0,13.5,2,7500,0,0,0,0,0,1
CF,D314Q,39.389056,45.220583,2,NAX,313.7,15.2,134.0,1.0,2,7500,0,0,0,0,0,1
CF,D314N,39.348583,45.268556,0,NAX,313.7,11.9,134.0,3.3,2,6300,0,0,0,0,1,0
CF,CI14R,39.284722,45.343083,0,INR,313.5,8.9,134.0,5.2,2,5300,0,0,0,0,0,0

FINAL,I14R,14R,I,3
IF,CI14R,39.284722,45.343083,INR,313.5,8.9,2,5300,0,0,0,0,0,0
CF,FI14R,39.225208,45.413342,0,INR,313.5,4.1,134.0,4.8,1,3620,0,0,0,0,2,0
CF,RW14R,39.198642,45.444756,0,INR,313.6,1.9,134.0,2.1,1,2912,0,0,0,0,3,0
CA,0,134.0,2,3263,0,0,0,0,0,0
DF,D134D,39.144972,45.507583,0, ,0.0,0.0,1,3600,0,1,205,0,0,1
DF,NT,39.225917,45.414333,2, ,0.0,0.0,0,0,0,0,0,0,0,0
CF,D300P,39.351444,45.172778,0,NAX,301.8,15.4,300.0,13.5,1,7500,0,0,0,0,0,0

APPTR,I32L,32L,NO
IF,NO,39.165083,45.485944, ,0.0,0.0,0,0,0,1,205,0,0,0
CF,D121P,39.027528,45.733583,0,NAX,123.3,17.2,121.0,14.2,2,8700,0,0,0,0,0,1
CF,D134P,38.988917,45.690222,2,NAX,133.5,17.3,314.0,1.0,2,8700,0,0,0,0,0,1
CF,D134L,39.033139,45.638167,0,NAX,133.6,13.7,314.0,3.6,2,7400,0,0,0,0,0,0
CF,D134K,39.047750,45.620778,0,NAX,133.6,12.5,314.0,1.2,2,6900,0,0,0,0,0,0
CF,D134I,39.063583,45.602278,0,NAX,133.6,11.2,314.0,1.3,2,6200,0,0,0,0,0,0
CF,CI32L,39.088639,45.573556,0,INL,133.5,9.1,314.0,2.0,2,5300,0,0,0,0,1,0

FINAL,I32L,32L,I,3
IF,CI32L,39.088639,45.573556,INL,133.5,9.1,2,5300,0,0,0,0,0,0
CF,FI32L,39.115500,45.541389,0,INL,133.7,6.9,314.0,2.2,1,4500,0,0,0,0,2,0
CF,RW32L,39.177492,45.469569,0,INL,133.2,1.9,314.0,5.0,1,2875,0,0,0,0,3,0
CA,0,314.0,2,3263,0,0,0,0,0,0
DF,NT,39.225917,45.414333,0, ,0.0,0.0,0,0,0,1,205,0,0,0
CF,D311O,39.356861,45.245917,0,NAX,311.7,13.0,311.0,11.1,2,5100,0,0,0,0,0,1
DF,NT,39.225917,45.414333,1, ,0.0,0.0,1,10000,0,0,0,0,0,0

