SID,BANOT1,10,2
DF,D104E,59.905181,150.926789,0, ,0.0,0.0,1,3830,0,0,0,0,0,1
DF,D137K,59.802994,150.915483,2, ,0.0,0.0,0,0,0,0,0,0,0,0
TF,BANOT,59.676944,149.146944,0, ,0.0,0.0,0.0,0.0,2,10000,0,0,0,0,0,0

SID,BANOT3,28,2
DF,D284J,59.919731,150.365303,0, ,0.0,0.0,1,3860,0,0,0,0,0,0
TF,BANOT,59.676944,149.146944,0, ,0.0,0.0,0.0,0.0,2,10000,0,0,0,0,0,0

SID,INDEM1,10,2
DF,D104E,59.905181,150.926789,0, ,0.0,0.0,1,3830,0,0,0,0,0,1
DF,INDEM,59.493611,151.716944,0, ,0.0,0.0,2,9000,0,0,0,0,0,0

SID,INDEM3,28,2
DF,D284J,59.919731,150.365303,0, ,0.0,0.0,1,3860,0,0,0,0,0,1
DF,D195D,59.845606,150.355517,1, ,0.0,0.0,0,0,0,0,0,0,0,0
TF,INDEM,59.493611,151.716944,0, ,0.0,0.0,0.0,0.0,2,9000,0,0,0,0,0,0

SID,KUKI1A,10,2
DF,D104J,59.901153,151.069514,0, ,0.0,0.0,1,5470,0,0,0,0,0,1
DF,D094N,59.941636,151.074081,1, ,0.0,0.0,0,0,0,0,0,0,0,0
TF,KUKIR,60.025000,149.530278,0, ,0.0,0.0,0.0,0.0,2,10000,0,0,0,0,0,0

SID,KUKI1B,10,2
CA,0,104.0,2,2520,0,0,0,0,0,0
DF,FK,59.913639,150.618500,2, ,0.0,0.0,2,5470,0,0,0,0,0,0
TF,KUKIR,60.025000,149.530278,0, ,0.0,0.0,0.0,0.0,2,10000,0,0,0,0,0,0

SID,KUKI3A,28,2
DF,D284J,59.919731,150.365303,0, ,0.0,0.0,1,3860,0,0,0,0,0,0
TF,KUKIR,60.025000,149.530278,0, ,0.0,0.0,0.0,0.0,2,10000,0,0,0,0,0,0

SID,KUKI3B,28,2
DF,D284G,59.917567,150.454586,0, ,0.0,0.0,1,3200,0,0,0,0,0,0
TF,KUKIR,60.025000,149.530278,0, ,0.0,0.0,0.0,0.0,2,10000,0,0,0,0,0,0

SID,MEBA1A,10,2
DF,D104J,59.901153,151.069514,0, ,0.0,0.0,1,5470,0,0,0,0,0,0
TF,MEBAR,60.256389,151.839167,0, ,0.0,0.0,0.0,0.0,2,11000,0,0,0,0,0,0

SID,MEBAR3,28,2
DF,D284G,59.917567,150.454586,0, ,0.0,0.0,1,3200,0,0,0,0,0,1
DF,D002D,59.983911,150.434281,2, ,0.0,0.0,0,0,0,0,0,0,0,0
TF,MEBAR,60.256389,151.839167,0, ,0.0,0.0,0.0,0.0,2,11000,0,0,0,0,0,0

SID,ORTI1A,10,2
DF,D104J,59.901153,151.069514,0, ,0.0,0.0,1,5470,0,0,0,0,0,0
TF,D104O,59.898244,151.175994,0, ,0.0,0.0,0.0,0.0,0,0,0,0,0,0,0,0
TF,ORTIG,60.483333,151.018611,0, ,0.0,0.0,0.0,0.0,2,11000,0,0,0,0,0,0

SID,ORTIG3,28,2
DF,D284G,59.917567,150.454586,0, ,0.0,0.0,1,3200,0,0,0,0,0,1
DF,D304M,59.993692,150.427900,2, ,0.0,0.0,0,0,0,0,0,0,0,0
TF,ORTIG,60.483333,151.018611,0, ,0.0,0.0,0.0,0.0,2,11000,0,0,0,0,0,0

SID,OSKET1,10,2
DF,D104E,59.905181,150.926789,0, ,0.0,0.0,1,3830,0,0,0,0,0,1
DF,OSKET,59.315278,151.540278,0, ,0.0,0.0,2,9000,0,0,0,0,0,0

SID,OSKET3,28,2
DF,D284J,59.919731,150.365303,0, ,0.0,0.0,1,3860,0,0,0,0,0,1
DF,D195D,59.845606,150.355517,1, ,0.0,0.0,0,0,0,0,0,0,0,0
TF,OSKET,59.315278,151.540278,0, ,0.0,0.0,0.0,0.0,2,9000,0,0,0,0,0,0

SID,RIMAL1,10,2
DF,D104J,59.901153,151.069514,0, ,0.0,0.0,1,5470,0,0,0,0,0,0
TF,RIMAL,60.036944,152.265278,0, ,0.0,0.0,0.0,0.0,2,11000,0,0,0,0,0,0

SID,RIMAL3,28,2
DF,D284G,59.917567,150.454586,0, ,0.0,0.0,1,3200,0,0,0,0,0,1
DF,D014D,59.983967,150.461531,2, ,0.0,0.0,0,0,0,0,0,0,0,0
TF,RIMAL,60.036944,152.265278,0, ,0.0,0.0,0.0,0.0,2,11000,0,0,0,0,0,0

SID,SOMK1A,10,2
DF,D104J,59.901153,151.069514,0, ,0.0,0.0,1,5470,0,0,0,0,0,1
DF,D015D,59.973128,151.077289,1, ,0.0,0.0,0,0,0,0,0,0,0,0
TF,D356T,60.266667,150.415000,0, ,0.0,0.0,0.0,0.0,2,10000,0,0,0,0,0,0
TF,SOMKA,60.568611,150.184722,0, ,0.0,0.0,0.0,0.0,2,12000,0,0,0,0,0,0

SID,SOMK1B,10,2
DF,D104E,59.905181,150.926789,0, ,0.0,0.0,1,3830,0,0,0,0,0,1
DF,D137K,59.802994,150.915483,2, ,0.0,0.0,0,0,0,0,0,0,0,0
TF,FK,59.913639,150.618500,0, ,0.0,0.0,0.0,0.0,2,5470,0,0,0,0,0,0
TF,D356T,60.266667,150.415000,0, ,0.0,0.0,0.0,0.0,2,10000,0,0,0,0,0,0
TF,SOMKA,60.568611,150.184722,0, ,0.0,0.0,0.0,0.0,2,12000,0,0,0,0,0,0

SID,SOMK1C,10,2
DF,D104E,59.905181,150.926789,0, ,0.0,0.0,1,3830,0,0,0,0,0,1
DF,D137K,59.802994,150.915483,2, ,0.0,0.0,0,0,0,0,0,0,0,0
TF,FK,59.913639,150.618500,0, ,0.0,0.0,0.0,0.0,2,5470,0,0,0,0,0,0
TF,D352F,60.005000,150.545000,0, ,0.0,0.0,0.0,0.0,2,7630,0,0,0,0,0,0
TF,SOMKA,60.568611,150.184722,0, ,0.0,0.0,0.0,0.0,2,12000,0,0,0,0,0,0

SID,SOMKA3,28,2
DF,D284G,59.917567,150.454586,0, ,0.0,0.0,1,3200,0,0,0,0,0,1
DF,D309P,60.030000,150.361667,0, ,0.0,0.0,2,7630,0,0,0,0,0,0
TF,D333Z,60.251667,150.276667,0, ,0.0,0.0,0.0,0.0,2,10000,0,0,0,0,0,0
TF,SOMKA,60.568611,150.184722,0, ,0.0,0.0,0.0,0.0,2,12000,0,0,0,0,0,0

SID,TERK1A,10,2
DF,D104J,59.901153,151.069514,0, ,0.0,0.0,1,5470,0,0,0,0,0,1
DF,D015D,59.973128,151.077289,1, ,0.0,0.0,0,0,0,0,0,0,0,0
TF,TERKI,60.340556,149.886944,0, ,0.0,0.0,0.0,0.0,2,10000,0,0,0,0,0,0

SID,TERK1B,10,2
CA,0,104.0,2,2520,0,0,0,0,0,0
DF,FK,59.913639,150.618500,2, ,0.0,0.0,2,5470,0,0,0,0,0,0
TF,D331I,60.031667,150.418333,0, ,0.0,0.0,0.0,0.0,2,7630,0,0,0,0,0,0
TF,TERKI,60.340556,149.886944,0, ,0.0,0.0,0.0,0.0,2,10000,0,0,0,0,0,0

SID,TERKI3,28,2
DF,D284G,59.917567,150.454586,0, ,0.0,0.0,1,3200,0,0,0,0,0,1
DF,D307S,60.041667,150.265000,0, ,0.0,0.0,2,7630,0,0,0,0,0,0
TF,TERKI,60.340556,149.886944,0, ,0.0,0.0,0.0,0.0,2,10000,0,0,0,0,0,0

SID,TITA1A,10,2
DF,D104J,59.901153,151.069514,0, ,0.0,0.0,1,5470,0,0,0,0,0,0
TF,D104O,59.898244,151.175994,0, ,0.0,0.0,0.0,0.0,0,0,0,0,0,0,0,0
TF,TITAL,60.383333,151.577778,0, ,0.0,0.0,0.0,0.0,2,11000,0,0,0,0,0,0

SID,TITAL3,28,2
DF,D284G,59.917567,150.454586,0, ,0.0,0.0,1,3200,0,0,0,0,0,1
DF,D002D,59.983911,150.434281,2, ,0.0,0.0,0,0,0,0,0,0,0,0
TF,TITAL,60.383333,151.577778,0, ,0.0,0.0,0.0,0.0,2,11000,0,0,0,0,0,0

STAR,BANO2A,10,2
IF,BANOT,59.676944,149.146944, ,0.0,0.0,4,15000,9000,0,0,0,0,0
TF,CORR7,59.801667,149.961667,0, ,0.0,0.0,0.0,0.0,1,9000,0,0,0,0,0,0
TF,FK,59.913639,150.618500,0, ,0.0,0.0,0.0,0.0,1,9000,0,0,0,0,0,0
TF,F,59.912278,150.671639,0, ,0.0,0.0,0.0,0.0,1,9000,0,0,0,0,0,0
TF,F04,59.840236,150.660894,0, ,0.0,0.0,0.0,0.0,0,0,0,0,0,0,0,0
TF,D194E,59.841667,150.608333,0, ,0.0,0.0,0.0,0.0,0,0,0,0,0,0,0,0
TF,D261K,59.848333,150.280000,0, ,0.0,0.0,0.0,0.0,1,5470,0,0,0,0,0,0
TF,D262L,59.849256,150.244033,0, ,0.0,0.0,0.0,0.0,0,0,0,0,0,0,0,0
TF,D275K,59.891667,150.248333,0, ,0.0,0.0,0.0,0.0,1,4160,0,0,0,0,0,0
TF,D284C,59.922578,150.251236,0, ,0.0,0.0,0.0,0.0,0,0,0,0,0,0,0,0
TF,CF10,59.920942,150.335486,0, ,0.0,0.0,0.0,0.0,1,3340,0,0,0,0,0,0

STAR,BANO2B,10,2
IF,BANOT,59.676944,149.146944, ,0.0,0.0,4,15000,9000,0,0,0,0,0
TF,D278V,59.898333,149.871667,0, ,0.0,0.0,0.0,0.0,1,7630,0,0,0,0,0,0
TF,D283T,59.925000,149.953333,0, ,0.0,0.0,0.0,0.0,1,6620,0,0,0,0,0,1
DF,CF10,59.920942,150.335486,0, ,0.0,0.0,1,3340,0,0,0,0,0,0

STAR,BANO4A,28,2
IF,BANOT,59.676944,149.146944, ,0.0,0.0,0,0,0,0,0,0,0,0
TF,CORR7,59.801667,149.961667,0, ,0.0,0.0,0.0,0.0,1,9000,0,0,0,0,0,0
TF,WA,59.907750,150.822444,0, ,0.0,0.0,0.0,0.0,1,9000,0,0,0,0,0,0
TF,D126L,59.826667,151.173333,0, ,0.0,0.0,0.0,0.0,1,5500,0,0,0,0,0,1
DF,D118L,59.848333,151.206667,0, ,0.0,0.0,1,4520,0,0,0,0,0,0
TF,D110L,59.876525,151.209792,0, ,0.0,0.0,0.0,0.0,0,0,0,0,0,0,0,0
TF,FN28,59.886667,151.085000,0, ,0.0,0.0,0.0,0.0,1,3860,0,0,0,0,0,0

STAR,BANO4B,28,2
IF,BANOT,59.676944,149.146944, ,0.0,0.0,0,0,0,0,0,0,0,0
TF,CORR7,59.801667,149.961667,0, ,0.0,0.0,0.0,0.0,1,9000,0,0,0,0,0,0
TF,D126L,59.826667,151.173333,0, ,0.0,0.0,0.0,0.0,1,5500,0,0,0,0,0,1
DF,D118L,59.848333,151.206667,0, ,0.0,0.0,1,4520,0,0,0,0,0,0
TF,D110L,59.876525,151.209792,0, ,0.0,0.0,0.0,0.0,0,0,0,0,0,0,0,0
TF,FN28,59.886667,151.085000,0, ,0.0,0.0,0.0,0.0,1,3860,0,0,0,0,0,0

STAR,INDE2A,10,2
IF,INDEM,59.493611,151.716944, ,0.0,0.0,0,0,0,0,0,0,0,0
TF,COR5,59.691667,151.246667,0, ,0.0,0.0,0.0,0.0,1,9000,0,0,0,0,0,0
TF,FK,59.913639,150.618500,0, ,0.0,0.0,0.0,0.0,1,9000,0,0,0,0,0,1
DF,F02,59.909642,150.746025,2, ,0.0,0.0,0,0,0,0,0,0,0,0
TF,D151F,59.838108,150.738278,0, ,0.0,0.0,0.0,0.0,0,0,0,0,0,0,0,0
TF,D261K,59.848333,150.280000,0, ,0.0,0.0,0.0,0.0,1,5470,0,0,0,0,0,0
TF,D262L,59.849256,150.244033,0, ,0.0,0.0,0.0,0.0,0,0,0,0,0,0,0,0
TF,D275K,59.891667,150.248333,0, ,0.0,0.0,0.0,0.0,1,4160,0,0,0,0,0,0
TF,D284C,59.922578,150.251236,0, ,0.0,0.0,0.0,0.0,0,0,0,0,0,0,0,0
TF,CF10,59.920942,150.335486,0, ,0.0,0.0,0.0,0.0,1,3340,0,0,0,0,0,0

STAR,INDE2B,10,2
IF,INDEM,59.493611,151.716944, ,0.0,0.0,0,0,0,0,0,0,0,0
TF,COR5,59.691667,151.246667,0, ,0.0,0.0,0.0,0.0,1,9000,0,0,0,0,0,0
TF,D262K,59.851667,150.263333,0, ,0.0,0.0,0.0,0.0,1,5470,0,0,0,0,0,0
TF,D263L,59.852153,150.244325,0, ,0.0,0.0,0.0,0.0,0,0,0,0,0,0,0,0
TF,D275K,59.891667,150.248333,0, ,0.0,0.0,0.0,0.0,1,4160,0,0,0,0,0,0
TF,D284C,59.922578,150.251236,0, ,0.0,0.0,0.0,0.0,0,0,0,0,0,0,0,0
TF,CF10,59.920942,150.335486,0, ,0.0,0.0,0.0,0.0,1,3340,0,0,0,0,0,0

STAR,INDE4A,28,2
IF,INDEM,59.493611,151.716944, ,0.0,0.0,0,0,0,0,0,0,0,0
TF,COR5,59.691667,151.246667,0, ,0.0,0.0,0.0,0.0,1,9000,0,0,0,0,0,0
TF,WA,59.907750,150.822444,0, ,0.0,0.0,0.0,0.0,1,9000,0,0,0,0,0,1
DF,D104D,59.911944,150.689722,1, ,0.0,0.0,0,0,0,0,0,0,0,0
TF,D236F,59.840203,150.682025,0, ,0.0,0.0,0.0,0.0,0,0,0,0,0,0,0,0
TF,WA04,59.836597,150.814197,0, ,0.0,0.0,0.0,0.0,1,5500,0,0,0,0,0,0
TF,D126L,59.826667,151.173333,0, ,0.0,0.0,0.0,0.0,1,5500,0,0,0,0,0,1
DF,D122L,59.838333,151.205000,0, ,0.0,0.0,1,4840,0,0,0,0,0,0
TF,D118L,59.848333,151.206667,0, ,0.0,0.0,0.0,0.0,1,4520,0,0,0,0,0,0
TF,D110L,59.876525,151.209792,0, ,0.0,0.0,0.0,0.0,0,0,0,0,0,0,0,0
TF,FN28,59.886667,151.085000,0, ,0.0,0.0,0.0,0.0,1,3860,0,0,0,0,0,0

STAR,INDE4B,28,2
IF,INDEM,59.493611,151.716944, ,0.0,0.0,0,0,0,0,0,0,0,0
TF,COR5,59.691667,151.246667,0, ,0.0,0.0,0.0,0.0,1,9000,0,0,0,0,0,0
TF,D118L,59.848333,151.206667,0, ,0.0,0.0,0.0,0.0,1,4520,0,0,0,0,0,0
TF,D110K,59.877428,151.198728,0, ,0.0,0.0,0.0,0.0,0,0,0,0,0,0,0,0
TF,FN28,59.886667,151.085000,0, ,0.0,0.0,0.0,0.0,1,3860,0,0,0,0,0,0

STAR,KUKI2A,10,2
IF,KUKIR,60.025000,149.530278, ,0.0,0.0,0,0,0,0,0,0,0,0
TF,CORR8,60.000000,149.818333,0, ,0.0,0.0,0.0,0.0,1,15000,0,0,0,0,0,0
TF,FK,59.913639,150.618500,0, ,0.0,0.0,0.0,0.0,1,9000,0,0,0,0,0,0
TF,F,59.912278,150.671639,0, ,0.0,0.0,0.0,0.0,1,9000,0,0,0,0,0,0
TF,F04,59.840236,150.660894,0, ,0.0,0.0,0.0,0.0,0,0,0,0,0,0,0,0
TF,D194E,59.841667,150.608333,0, ,0.0,0.0,0.0,0.0,0,0,0,0,0,0,0,0
TF,D261K,59.848333,150.280000,0, ,0.0,0.0,0.0,0.0,1,5470,0,0,0,0,0,0
TF,D262L,59.849256,150.244033,0, ,0.0,0.0,0.0,0.0,0,0,0,0,0,0,0,0
TF,D275K,59.891667,150.248333,0, ,0.0,0.0,0.0,0.0,1,4160,0,0,0,0,0,0
TF,D284C,59.922578,150.251236,0, ,0.0,0.0,0.0,0.0,0,0,0,0,0,0,0,0
TF,CF10,59.920942,150.335486,0, ,0.0,0.0,0.0,0.0,1,3340,0,0,0,0,0,0

STAR,KUKI2B,10,2
IF,KUKIR,60.025000,149.530278, ,0.0,0.0,0,0,0,0,0,0,0,0
TF,CORR8,60.000000,149.818333,0, ,0.0,0.0,0.0,0.0,1,7630,0,0,0,0,0,0
TF,D285T,59.936667,149.956667,0, ,0.0,0.0,0.0,0.0,1,6620,0,0,0,0,0,1
DF,CF10,59.920942,150.335486,0, ,0.0,0.0,1,3340,0,0,0,0,0,0

STAR,KUKIR4,28,2
IF,KUKIR,60.025000,149.530278, ,0.0,0.0,0,0,0,0,0,0,0,0
TF,CORR8,60.000000,149.818333,0, ,0.0,0.0,0.0,0.0,1,9000,0,0,0,0,0,0
TF,WA,59.907750,150.822444,0, ,0.0,0.0,0.0,0.0,1,9000,0,0,0,0,0,0
TF,D126L,59.826667,151.173333,0, ,0.0,0.0,0.0,0.0,1,5500,0,0,0,0,0,1
DF,D118L,59.848333,151.206667,0, ,0.0,0.0,1,4520,0,0,0,0,0,0
TF,D110L,59.876525,151.209792,0, ,0.0,0.0,0.0,0.0,0,0,0,0,0,0,0,0
TF,FN28,59.886667,151.085000,0, ,0.0,0.0,0.0,0.0,1,3860,0,0,0,0,0,0

STAR,MEBA4A,28,2
IF,MEBAR,60.256389,151.839167, ,0.0,0.0,0,0,0,0,0,0,0,0
TF,COR3,60.071667,151.218333,0, ,0.0,0.0,0.0,0.0,1,10000,0,0,0,0,0,0
TF,WA,59.907750,150.822444,0, ,0.0,0.0,0.0,0.0,1,9000,0,0,0,0,0,1
DF,WA04,59.836597,150.814197,1, ,0.0,0.0,1,5500,0,0,0,0,0,0
TF,D126L,59.826667,151.173333,0, ,0.0,0.0,0.0,0.0,1,5500,0,0,0,0,0,1
DF,D122L,59.838333,151.205000,0, ,0.0,0.0,1,4840,0,0,0,0,0,0
TF,D118L,59.848333,151.206667,0, ,0.0,0.0,0.0,0.0,1,4520,0,0,0,0,0,0
TF,D110L,59.876525,151.209792,0, ,0.0,0.0,0.0,0.0,0,0,0,0,0,0,0,0
TF,FN28,59.886667,151.085000,0, ,0.0,0.0,0.0,0.0,1,3860,0,0,0,0,0,0

STAR,MEBAR2,10,2
IF,MEBAR,60.256389,151.839167, ,0.0,0.0,0,0,0,0,0,0,0,0
TF,COR3,60.071667,151.218333,0, ,0.0,0.0,0.0,0.0,1,10000,0,0,0,0,0,0
TF,FK,59.913639,150.618500,0, ,0.0,0.0,0.0,0.0,1,9000,0,0,0,0,0,0
TF,D261K,59.848333,150.280000,0, ,0.0,0.0,0.0,0.0,1,5470,0,0,0,0,0,0
TF,D262L,59.849256,150.244033,0, ,0.0,0.0,0.0,0.0,0,0,0,0,0,0,0,0
TF,D275K,59.891667,150.248333,0, ,0.0,0.0,0.0,0.0,1,4160,0,0,0,0,0,0
TF,D284C,59.922578,150.251236,0, ,0.0,0.0,0.0,0.0,0,0,0,0,0,0,0,0
TF,CF10,59.920942,150.335486,0, ,0.0,0.0,0.0,0.0,1,3340,0,0,0,0,0,0

STAR,ORTIG2,10,2
IF,ORTIG,60.483333,151.018611, ,0.0,0.0,0,0,0,0,0,0,0,0
TF,COR1,60.136667,150.835000,0, ,0.0,0.0,0.0,0.0,1,10000,0,0,0,0,0,0
TF,F,59.912278,150.671639,0, ,0.0,0.0,0.0,0.0,1,9000,0,0,0,0,0,0
TF,F04,59.840236,150.660894,0, ,0.0,0.0,0.0,0.0,0,0,0,0,0,0,0,0
TF,D261K,59.848333,150.280000,0, ,0.0,0.0,0.0,0.0,1,5470,0,0,0,0,0,0
TF,D262L,59.849256,150.244033,0, ,0.0,0.0,0.0,0.0,0,0,0,0,0,0,0,0
TF,D275K,59.891667,150.248333,0, ,0.0,0.0,0.0,0.0,1,4160,0,0,0,0,0,0
TF,D284C,59.922578,150.251236,0, ,0.0,0.0,0.0,0.0,0,0,0,0,0,0,0,0
TF,CF10,59.920942,150.335486,0, ,0.0,0.0,0.0,0.0,1,3340,0,0,0,0,0,0

STAR,ORTIG4,28,2
IF,ORTIG,60.483333,151.018611, ,0.0,0.0,0,0,0,0,0,0,0,0
TF,COR1,60.136667,150.835000,0, ,0.0,0.0,0.0,0.0,1,10000,0,0,0,0,0,0
TF,WA,59.907750,150.822444,0, ,0.0,0.0,0.0,0.0,1,9000,0,0,0,0,0,0
TF,WA04,59.836597,150.814197,0, ,0.0,0.0,0.0,0.0,1,5500,0,0,0,0,0,0
TF,D126L,59.826667,151.173333,0, ,0.0,0.0,0.0,0.0,1,5500,0,0,0,0,0,1
DF,D118L,59.848333,151.206667,0, ,0.0,0.0,1,4520,0,0,0,0,0,0
TF,D110L,59.876525,151.209792,0, ,0.0,0.0,0.0,0.0,0,0,0,0,0,0,0,0
TF,FN28,59.886667,151.085000,0, ,0.0,0.0,0.0,0.0,1,3860,0,0,0,0,0,0

STAR,OSKE2A,10,2
IF,OSKET,59.315278,151.540278, ,0.0,0.0,0,0,0,0,0,0,0,0
TF,CORR6,59.705000,151.005000,0, ,0.0,0.0,0.0,0.0,1,9000,0,0,0,0,0,0
TF,FK,59.913639,150.618500,0, ,0.0,0.0,0.0,0.0,1,9000,0,0,0,0,0,1
DF,F02,59.909642,150.746025,2, ,0.0,0.0,0,0,0,0,0,0,0,0
TF,D151F,59.838108,150.738278,0, ,0.0,0.0,0.0,0.0,0,0,0,0,0,0,0,0
TF,D261K,59.848333,150.280000,0, ,0.0,0.0,0.0,0.0,1,5470,0,0,0,0,0,0
TF,D262L,59.849256,150.244033,0, ,0.0,0.0,0.0,0.0,0,0,0,0,0,0,0,0
TF,D275K,59.891667,150.248333,0, ,0.0,0.0,0.0,0.0,1,4160,0,0,0,0,0,0
TF,D284C,59.922578,150.251236,0, ,0.0,0.0,0.0,0.0,0,0,0,0,0,0,0,0
TF,CF10,59.920942,150.335486,0, ,0.0,0.0,0.0,0.0,1,3340,0,0,0,0,0,0

STAR,OSKE2B,10,2
IF,OSKET,59.315278,151.540278, ,0.0,0.0,0,0,0,0,0,0,0,0
TF,CORR6,59.705000,151.005000,0, ,0.0,0.0,0.0,0.0,1,9000,0,0,0,0,0,0
TF,D262K,59.851667,150.263333,0, ,0.0,0.0,0.0,0.0,1,5470,0,0,0,0,0,0
TF,D263L,59.852153,150.244325,0, ,0.0,0.0,0.0,0.0,0,0,0,0,0,0,0,0
TF,D275K,59.891667,150.248333,0, ,0.0,0.0,0.0,0.0,1,4160,0,0,0,0,0,0
TF,D284C,59.922578,150.251236,0, ,0.0,0.0,0.0,0.0,0,0,0,0,0,0,0,0
TF,CF10,59.920942,150.335486,0, ,0.0,0.0,0.0,0.0,1,3340,0,0,0,0,0,0

STAR,OSKE4A,28,2
IF,OSKET,59.315278,151.540278, ,0.0,0.0,0,0,0,0,0,0,0,0
TF,CORR6,59.705000,151.005000,0, ,0.0,0.0,0.0,0.0,1,9000,0,0,0,0,0,0
TF,WA,59.907750,150.822444,0, ,0.0,0.0,0.0,0.0,1,9000,0,0,0,0,0,1
DF,D104D,59.911944,150.689722,1, ,0.0,0.0,0,0,0,0,0,0,0,0
TF,D236F,59.840203,150.682025,0, ,0.0,0.0,0.0,0.0,0,0,0,0,0,0,0,0
TF,WA04,59.836597,150.814197,0, ,0.0,0.0,0.0,0.0,1,5500,0,0,0,0,0,0
TF,D126L,59.826667,151.173333,0, ,0.0,0.0,0.0,0.0,1,5500,0,0,0,0,0,1
DF,D122L,59.838333,151.205000,0, ,0.0,0.0,1,4840,0,0,0,0,0,0
TF,D118L,59.848333,151.206667,0, ,0.0,0.0,0.0,0.0,1,4520,0,0,0,0,0,0
TF,D110L,59.876525,151.209792,0, ,0.0,0.0,0.0,0.0,0,0,0,0,0,0,0,0
TF,FN28,59.886667,151.085000,0, ,0.0,0.0,0.0,0.0,1,3860,0,0,0,0,0,0

STAR,OSKE4B,28,2
IF,OSKET,59.315278,151.540278, ,0.0,0.0,0,0,0,0,0,0,0,0
TF,CORR6,59.705000,151.005000,0, ,0.0,0.0,0.0,0.0,1,9000,0,0,0,0,0,0
TF,D122L,59.838333,151.205000,0, ,0.0,0.0,0.0,0.0,1,4840,0,0,0,0,0,0
TF,D118L,59.848333,151.206667,0, ,0.0,0.0,0.0,0.0,1,4520,0,0,0,0,0,0
TF,D110L,59.876525,151.209792,0, ,0.0,0.0,0.0,0.0,0,0,0,0,0,0,0,0
TF,FN28,59.886667,151.085000,0, ,0.0,0.0,0.0,0.0,1,3860,0,0,0,0,0,0

STAR,RIMA4A,28,2
IF,RIMAL,60.036944,152.265278, ,0.0,0.0,0,0,0,0,0,0,0,0
TF,CORR4,59.986667,151.605000,0, ,0.0,0.0,0.0,0.0,1,10000,0,0,0,0,0,0
TF,WA,59.907750,150.822444,0, ,0.0,0.0,0.0,0.0,1,9000,0,0,0,0,0,1
DF,WA04,59.836597,150.814197,1, ,0.0,0.0,1,5500,0,0,0,0,0,0
TF,D126L,59.826667,151.173333,0, ,0.0,0.0,0.0,0.0,1,5500,0,0,0,0,0,1
DF,D122L,59.838333,151.205000,0, ,0.0,0.0,1,4840,0,0,0,0,0,0
TF,D118L,59.848333,151.206667,0, ,0.0,0.0,0.0,0.0,1,4520,0,0,0,0,0,0
TF,D110L,59.876525,151.209792,0, ,0.0,0.0,0.0,0.0,0,0,0,0,0,0,0,0
TF,FN28,59.886667,151.085000,0, ,0.0,0.0,0.0,0.0,1,3860,0,0,0,0,0,0

STAR,RIMA4B,28,2
IF,RIMAL,60.036944,152.265278, ,0.0,0.0,0,0,0,0,0,0,0,0
TF,CORR4,59.986667,151.605000,0, ,0.0,0.0,0.0,0.0,1,10000,0,0,0,0,0,0
TF,D108Q,59.873333,151.361667,0, ,0.0,0.0,0.0,0.0,1,5500,0,0,0,0,0,0
TF,D110P,59.865425,151.344664,0, ,0.0,0.0,0.0,0.0,0,0,0,0,0,0,0,0
TF,FN28,59.886667,151.085000,0, ,0.0,0.0,0.0,0.0,1,3860,0,0,0,0,0,0

STAR,RIMAL2,10,2
IF,RIMAL,60.036944,152.265278, ,0.0,0.0,0,0,0,0,0,0,0,0
TF,CORR4,59.986667,151.605000,0, ,0.0,0.0,0.0,0.0,1,10000,0,0,0,0,0,0
TF,FK,59.913639,150.618500,0, ,0.0,0.0,0.0,0.0,1,9000,0,0,0,0,0,0
TF,D261K,59.848333,150.280000,0, ,0.0,0.0,0.0,0.0,1,5470,0,0,0,0,0,0
TF,D263L,59.852153,150.244325,0, ,0.0,0.0,0.0,0.0,0,0,0,0,0,0,0,0
TF,D275K,59.891667,150.248333,0, ,0.0,0.0,0.0,0.0,1,4160,0,0,0,0,0,0
TF,D284C,59.922578,150.251236,0, ,0.0,0.0,0.0,0.0,0,0,0,0,0,0,0,0
TF,CF10,59.920942,150.335486,0, ,0.0,0.0,0.0,0.0,1,3340,0,0,0,0,0,0

STAR,SOMKA2,10,2
IF,SOMKA,60.568611,150.184722, ,0.0,0.0,0,0,0,0,0,0,0,0
TF,COR10,60.266667,150.415000,0, ,0.0,0.0,0.0,0.0,1,10000,0,0,0,0,0,0
TF,D352N,60.130000,150.511667,0, ,0.0,0.0,0.0,0.0,1,10000,0,0,0,0,0,0
TF,F,59.912278,150.671639,0, ,0.0,0.0,0.0,0.0,1,9000,0,0,0,0,0,0
TF,F04,59.840236,150.660894,0, ,0.0,0.0,0.0,0.0,0,0,0,0,0,0,0,0
TF,D194E,59.841667,150.608333,0, ,0.0,0.0,0.0,0.0,0,0,0,0,0,0,0,0
TF,D261K,59.848333,150.280000,0, ,0.0,0.0,0.0,0.0,1,5470,0,0,0,0,0,0
TF,D262L,59.849256,150.244033,0, ,0.0,0.0,0.0,0.0,0,0,0,0,0,0,0,0
TF,D275K,59.891667,150.248333,0, ,0.0,0.0,0.0,0.0,1,4160,0,0,0,0,0,0
TF,D284C,59.922578,150.251236,0, ,0.0,0.0,0.0,0.0,0,0,0,0,0,0,0,0
TF,CF10,59.920942,150.335486,0, ,0.0,0.0,0.0,0.0,1,3340,0,0,0,0,0,0

STAR,SOMKA4,28,2
IF,SOMKA,60.568611,150.184722, ,0.0,0.0,0,0,0,0,0,0,0,0
TF,COR10,60.266667,150.415000,0, ,0.0,0.0,0.0,0.0,1,10000,0,0,0,0,0,0
TF,WA,59.907750,150.822444,0, ,0.0,0.0,0.0,0.0,1,9000,0,0,0,0,0,0
TF,D126L,59.826667,151.173333,0, ,0.0,0.0,0.0,0.0,1,5500,0,0,0,0,0,1
DF,D118L,59.848333,151.206667,0, ,0.0,0.0,1,4520,0,0,0,0,0,0
TF,D110L,59.876525,151.209792,0, ,0.0,0.0,0.0,0.0,0,0,0,0,0,0,0,0
TF,FN28,59.886667,151.085000,0, ,0.0,0.0,0.0,0.0,1,3860,0,0,0,0,0,0

STAR,TERK2A,10,2
IF,TERKI,60.340556,149.886944, ,0.0,0.0,0,0,0,0,0,0,0,0
TF,CORR9,60.235000,150.095000,0, ,0.0,0.0,0.0,0.0,1,10000,0,0,0,0,0,0
TF,D329N,60.080000,150.371667,0, ,0.0,0.0,0.0,0.0,1,10000,0,1,215,0,0,0
TF,F,59.912278,150.671639,0, ,0.0,0.0,0.0,0.0,1,9000,0,0,0,0,0,0
TF,F04,59.840236,150.660894,0, ,0.0,0.0,0.0,0.0,0,0,0,0,0,0,0,0
TF,D194E,59.841667,150.608333,0, ,0.0,0.0,0.0,0.0,0,0,0,0,0,0,0,0
TF,D261K,59.848333,150.280000,0, ,0.0,0.0,0.0,0.0,1,5470,0,0,0,0,0,0
TF,D262L,59.849256,150.244033,0, ,0.0,0.0,0.0,0.0,0,0,0,0,0,0,0,0
TF,D275K,59.891667,150.248333,0, ,0.0,0.0,0.0,0.0,1,4160,0,0,0,0,0,0
TF,D284C,59.922578,150.251236,0, ,0.0,0.0,0.0,0.0,0,0,0,0,0,0,0,0
TF,CF10,59.920942,150.335486,0, ,0.0,0.0,0.0,0.0,1,3340,0,0,0,0,0,0

STAR,TERK2B,10,2
IF,TERKI,60.340556,149.886944, ,0.0,0.0,0,0,0,0,0,0,0,0
TF,CORR9,60.235000,150.095000,0, ,0.0,0.0,0.0,0.0,1,10000,0,0,0,0,0,0
TF,D289M,59.941667,150.225000,0, ,0.0,0.0,0.0,0.0,1,4160,0,0,0,0,0,1
DF,D284C,59.922578,150.251236,0, ,0.0,0.0,0,0,0,1,215,0,0,0
TF,CF10,59.920942,150.335486,0, ,0.0,0.0,0.0,0.0,1,3340,0,0,0,0,0,0

STAR,TERKI4,28,2
IF,TERKI,60.340556,149.886944, ,0.0,0.0,0,0,0,0,0,0,0,0
TF,CORR9,60.235000,150.095000,0, ,0.0,0.0,0.0,0.0,1,10000,0,0,0,0,0,0
TF,WA,59.907750,150.822444,0, ,0.0,0.0,0.0,0.0,1,9000,0,0,0,0,0,0
TF,D126L,59.826667,151.173333,0, ,0.0,0.0,0.0,0.0,1,5500,0,0,0,0,0,1
DF,D118L,59.848333,151.206667,0, ,0.0,0.0,1,4520,0,0,0,0,0,0
TF,D110L,59.876525,151.209792,0, ,0.0,0.0,0.0,0.0,0,0,0,0,0,0,0,0
TF,FN28,59.886667,151.085000,0, ,0.0,0.0,0.0,0.0,1,3860,0,0,0,0,0,0

STAR,TITAL2,10,2
IF,TITAL,60.383333,151.577778, ,0.0,0.0,0,0,0,0,0,0,0,0
TF,CORR2,60.085000,151.026667,0, ,0.0,0.0,0.0,0.0,1,10000,0,0,0,0,0,0
TF,FK,59.913639,150.618500,0, ,0.0,0.0,0.0,0.0,1,9000,0,0,0,0,0,0
TF,D261K,59.848333,150.280000,0, ,0.0,0.0,0.0,0.0,1,5470,0,0,0,0,0,0
TF,D262L,59.849256,150.244033,0, ,0.0,0.0,0.0,0.0,0,0,0,0,0,0,0,0
TF,D275K,59.891667,150.248333,0, ,0.0,0.0,0.0,0.0,1,4160,0,0,0,0,0,0
TF,D284C,59.922578,150.251236,0, ,0.0,0.0,0.0,0.0,0,0,0,0,0,0,0,0
TF,CF10,59.920942,150.335486,0, ,0.0,0.0,0.0,0.0,1,3340,0,0,0,0,0,0

STAR,TITAL4,28,2
IF,TITAL,60.383333,151.577778, ,0.0,0.0,0,0,0,0,0,0,0,0
TF,CORR2,60.085000,151.026667,0, ,0.0,0.0,0.0,0.0,1,10000,0,0,0,0,0,0
TF,WA,59.907750,150.822444,0, ,0.0,0.0,0.0,0.0,1,9000,0,0,0,0,0,0
TF,WA04,59.836597,150.814197,0, ,0.0,0.0,0.0,0.0,1,5500,0,0,0,0,0,0
TF,D126L,59.826667,151.173333,0, ,0.0,0.0,0.0,0.0,1,5500,0,0,0,0,0,1
DF,D118L,59.848333,151.206667,0, ,0.0,0.0,1,4520,0,0,0,0,0,0
TF,D110L,59.876525,151.209792,0, ,0.0,0.0,0.0,0.0,0,0,0,0,0,0,0,0
TF,FN28,59.886667,151.085000,0, ,0.0,0.0,0.0,0.0,1,3860,0,0,0,0,0,0

FINAL,I10,10,I,3
IF,CF10,59.920942,150.335486,IFK,284.2,13.0,1,3340,0,0,0,0,0,0
CF,FF10,59.918333,150.385000,0,IFK,283.7,11.5,104.0,1.5,1,3340,0,0,0,0,2,0
CF,RW10,59.911786,150.689572,0,IFK,284.1,2.2,104.0,9.2,1,600,0,0,0,0,3,0
CA,0,104.0,2,3830,0,0,0,0,0,0
VM,0,0,2,284.0,1,5470,0,0,0,0,0,0

FINAL,N10,10,N,4
IF,CF10,59.920942,150.335486,FK,0.0,0.0,1,3340,0,0,0,0,0,0
CF,FF10,59.918333,150.385000,0,FK,0.0,0.0,104.0,1.5,1,3340,0,0,0,0,2,0
CF,FK,59.913639,150.618500,0,FK,0.0,0.0,104.0,7.1,2,1290,0,0,0,0,0,0
CF,F,59.912278,150.671639,0,FK,0.0,0.0,104.0,1.6,1,772,0,0,0,0,3,0
CA,0,104.0,2,3830,0,0,0,0,0,0
VM,0,0,2,284.0,1,5470,0,0,0,0,0,0

FINAL,N28,28,N,2
IF,FN28,59.886667,151.085000,WA,0.0,0.0,1,3860,0,0,0,0,2,0
CF,WA,59.907750,150.822444,0,WA,0.0,0.0,290.0,8.0,1,1309,0,0,0,0,3,0
CA,0,284.0,2,3860,0,0,0,0,0,0
VM,0,0,1,104.0,1,5500,0,0,0,0,0,0

