SID,ALOPI1,11,2
CA,0,107.0,2,2120,0,0,0,0,0,0
CF,ALOPI,53.730000,140.228333,1,NA,346.8,38.4,338.0,39.0,0,0,0,0,0,0,0,0
TF,RENSI,54.403611,139.703056,0, ,0.0,0.0,0.0,0.0,0,0,0,0,0,0,0,0

SID,ALOPI3,29,2
CA,0,287.0,2,3140,0,0,0,0,0,0
CI,0, ,0.0,322.0,0,0,0,0,0,0,0,0
CF,ALOPI,53.730000,140.228333,0,NA,346.8,38.4,7.0,30.0,0,0,0,0,0,0,0,0
TF,RENSI,54.403611,139.703056,0, ,0.0,0.0,0.0,0.0,0,0,0,0,0,0,0,0

SID,INDUK1,11,2
CA,0,107.0,2,2120,0,0,0,0,0,0
CI,0, ,0.0,170.0,0,0,0,0,0,0,0,0
CF,INDUK,52.526667,140.488333,0,NA,203.0,38.3,215.0,35.0,0,0,0,0,0,0,0,0
TF,SOROD,52.378611,140.448056,0, ,0.0,0.0,0.0,0.0,0,0,0,0,0,0,0,0

SID,INDUK3,29,2
CA,0,287.0,2,2150,0,0,0,0,0,0
CI,0, ,0.0,234.0,0,0,0,0,0,0,0,0
CF,INDUK,52.526667,140.488333,0,NA,203.0,38.3,189.0,36.0,0,0,0,0,0,0,0,0
TF,SOROD,52.378611,140.448056,0, ,0.0,0.0,0.0,0.0,0,0,0,0,0,0,0,0

SID,ITVIS1,11,2
CA,0,107.0,2,2120,0,0,0,0,0,0
CI,0, ,0.0,55.0,0,0,0,0,0,0,0,0
CF,ITVIS,53.763611,140.839722,0,NA,20.4,37.1,10.0,35.0,0,0,0,0,0,0,0,0

SID,ITVIS3,29,2
CA,0,287.0,2,3140,0,0,0,0,0,0
CI,0, ,0.0,356.0,0,0,0,0,0,0,0,0
CF,ITVIS,53.763611,140.839722,0,NA,20.4,37.1,41.0,34.0,0,0,0,0,0,0,0,0

SID,LARNI1,11,2
CA,0,107.0,2,2120,0,0,0,0,0,0
CI,0, ,0.0,77.0,0,0,0,0,0,0,0,0
CF,LARNI,53.681667,141.200000,0,NA,41.8,36.7,32.0,33.0,0,0,0,0,0,0,0,0
TF,GINOL,54.413611,142.013056,0, ,0.0,0.0,0.0,0.0,0,0,0,0,0,0,0,0

SID,LARNI3,29,2
CA,0,287.0,2,3140,0,0,0,0,0,0
CF,LARNI,53.681667,141.200000,2,NA,41.8,36.7,59.0,41.0,0,0,0,0,0,0,0,0
TF,GINOL,54.413611,142.013056,0, ,0.0,0.0,0.0,0.0,0,0,0,0,0,0,0,0

SID,LEKBI1,11,2
CA,0,107.0,2,2120,0,0,0,0,0,0
CI,0, ,0.0,194.0,0,0,0,0,0,0,0,0
CF,LEKBI,52.631944,140.048056,0,NA,228.9,39.0,239.0,38.0,0,0,0,0,0,0,0,0

SID,LEKBI3,29,2
CA,0,287.0,2,2150,0,0,0,0,0,0
CI,0, ,0.0,261.0,0,0,0,0,0,0,0,0
CF,LEKBI,52.631944,140.048056,0,NA,228.9,39.0,216.0,34.0,0,0,0,0,0,0,0,0

SID,MOBRI1,11,2
CA,0,107.0,2,2120,0,0,0,0,0,0
CI,0, ,0.0,86.0,0,0,0,0,0,0,0,0
CF,MOBRI,53.621667,141.310000,0,NA,50.1,36.0,41.0,33.0,0,0,0,0,0,0,0,0
TF,NEDAL,54.143611,142.184722,0, ,0.0,0.0,0.0,0.0,0,0,0,0,0,0,0,0

SID,MOBRI3,29,2
CA,0,287.0,2,3140,0,0,0,0,0,0
CF,MOBRI,53.621667,141.310000,2,NA,50.1,36.0,66.0,41.0,0,0,0,0,0,0,0,0
TF,NEDAL,54.143611,142.184722,0, ,0.0,0.0,0.0,0.0,0,0,0,0,0,0,0,0

SID,NEDKA1,11,2
CA,0,107.0,2,2120,0,0,0,0,0,0
CI,0, ,0.0,112.0,0,0,0,0,0,0,0,0
CF,NEDKA,53.320000,141.643333,0,NA,85.3,35.9,82.0,28.0,0,0,0,0,0,0,0,0
TF,MAKIS,53.355278,141.859722,0, ,0.0,0.0,0.0,0.0,0,0,0,0,0,0,0,0

SID,NEDKA3,29,2
CA,0,287.0,2,2150,0,0,0,0,0,0
CF,NEDKA,53.320000,141.643333,1,NA,85.3,35.9,85.0,42.0,0,0,0,0,0,0,0,0
TF,MAKIS,53.355278,141.859722,0, ,0.0,0.0,0.0,0.0,0,0,0,0,0,0,0,0

SID,OSBET1,11,2
CA,0,107.0,2,2120,0,0,0,0,0,0
CI,0, ,0.0,127.0,0,0,0,0,0,0,0,0
CF,OSBET,52.620000,141.195000,0,NA,161.9,36.9,172.0,33.0,0,0,0,0,0,0,0,0
TF,NASAN,52.166944,141.661389,0, ,0.0,0.0,0.0,0.0,0,0,0,0,0,0,0,0

SID,OSBET3,29,2
CA,0,287.0,2,2150,0,0,0,0,0,0
CF,OSBET,52.620000,141.195000,1,NA,161.9,36.9,151.0,39.0,0,0,0,0,0,0,0,0
TF,NASAN,52.166944,141.661389,0, ,0.0,0.0,0.0,0.0,0,0,0,0,0,0,0,0

SID,PIKUS1,11,2
CA,0,107.0,2,2120,0,0,0,0,0,0
CF,PIKUS,53.178333,139.590000,2,NA,284.7,39.7,288.0,43.0,0,0,0,0,0,0,0,0
TF,NIKRI,53.201944,138.148056,0, ,0.0,0.0,0.0,0.0,0,0,0,0,0,0,0,0

SID,PIKUS3,29,2
CA,0,287.0,2,3140,0,0,0,0,0,0
CF,PIKUS,53.178333,139.590000,0,NA,284.7,39.7,283.0,33.0,0,0,0,0,0,0,0,0
TF,NIKRI,53.201944,138.148056,0, ,0.0,0.0,0.0,0.0,0,0,0,0,0,0,0,0

SID,RATNU1,11,2
CA,0,107.0,2,2120,0,0,0,0,0,0
CF,RATNU,53.058333,139.601667,2,NA,274.3,39.7,279.0,43.0,0,0,0,0,0,0,0,0
TF,LUREP,52.975278,138.818056,0, ,0.0,0.0,0.0,0.0,0,0,0,0,0,0,0,0

SID,RATNU3,29,2
CA,0,287.0,2,2150,0,0,0,0,0,0
CF,RATNU,53.058333,139.601667,0,NA,274.3,39.7,271.0,34.0,0,0,0,0,0,0,0,0
TF,LUREP,52.975278,138.818056,0, ,0.0,0.0,0.0,0.0,0,0,0,0,0,0,0,0

SID,TURUL1,11,2
CA,0,107.0,2,2120,0,0,0,0,0,0
CF,TURUL,53.443333,139.706667,1,NA,308.7,39.4,305.0,42.0,0,0,0,0,0,0,0,0
TF,DILUN,53.720278,138.804722,0, ,0.0,0.0,0.0,0.0,0,0,0,0,0,0,0,0

SID,TURUL3,29,2
CA,0,287.0,2,3140,0,0,0,0,0,0
CI,0, ,0.0,288.0,0,0,0,0,0,0,0,0
CF,TURUL,53.443333,139.706667,0,NA,308.7,39.4,318.0,29.0,0,0,0,0,0,0,0,0
TF,DILUN,53.720278,138.804722,0, ,0.0,0.0,0.0,0.0,0,0,0,0,0,0,0,0

STAR,ALOPI2,11,2
IF,RENSI,54.403611,139.703056, ,0.0,0.0,0,0,0,0,0,0,0,0
TF,ALOPI,53.730000,140.228333,0, ,0.0,0.0,0.0,0.0,0,0,0,0,0,0,0,0
TF,M,53.152583,140.684417,0, ,0.0,0.0,0.0,0.0,1,6000,0,0,0,0,0,1
CF,D278M,53.133611,140.332778,2,NA,277.1,12.9,287.0,11.0,1,3110,0,0,0,0,0,1
DF,D287L,53.169167,140.344444,2, ,0.0,0.0,1,3110,0,0,0,0,0,0
TF,CF11,53.166172,140.392522,0, ,0.0,0.0,0.0,0.0,1,3110,0,0,0,0,0,0

STAR,ALOPI4,11,2
IF,RENSI,54.403611,139.703056, ,0.0,0.0,0,0,0,0,0,0,0,0
TF,ALOPI,53.730000,140.228333,0, ,0.0,0.0,0.0,0.0,0,0,0,0,0,0,0,0
TF,D308R,53.281389,140.236111,0, ,0.0,0.0,0.0,0.0,1,6000,0,0,0,0,0,0
TF,D291P,53.192222,140.237222,0, ,0.0,0.0,0.0,0.0,1,4090,0,0,0,0,0,0
TF,D287O,53.172778,140.264722,0, ,0.0,0.0,0.0,0.0,1,4090,0,0,0,0,0,0
TF,CF11,53.166172,140.392522,0, ,0.0,0.0,0.0,0.0,1,3110,0,0,0,0,0,0

STAR,ALOPI6,29,2
IF,RENSI,54.403611,139.703056, ,0.0,0.0,0,0,0,0,0,0,0,0
TF,ALOPI,53.730000,140.228333,0, ,0.0,0.0,0.0,0.0,0,0,0,0,0,0,0,0
TF,ME,53.150722,140.724694,0, ,0.0,0.0,0.0,0.0,1,6000,0,0,0,0,0,0
TF,D120I,53.106111,140.936111,0, ,0.0,0.0,0.0,0.0,1,3140,0,0,0,0,0,1
DF,D107I,53.139167,140.945000,1, ,0.0,0.0,1,3140,0,0,0,0,0,0
TF,CF29,53.141764,140.889167,0, ,0.0,0.0,0.0,0.0,1,3140,0,0,0,0,0,0

STAR,ALOPI8,29,2
IF,RENSI,54.403611,139.703056, ,0.0,0.0,0,0,0,0,0,0,0,0
TF,ALOPI,53.730000,140.228333,0, ,0.0,0.0,0.0,0.0,0,0,0,0,0,0,0,0
TF,D085N,53.223056,141.048611,0, ,0.0,0.0,0.0,0.0,1,6000,0,0,0,0,0,0
TF,D103M,53.151944,141.044167,0, ,0.0,0.0,0.0,0.0,1,4120,0,0,0,0,0,0
CF,CF29,53.141764,140.889167,2,NA,106.9,7.3,287.0,3.0,1,3140,0,0,0,0,0,0

STAR,INDUK2,11,2
IF,SOROD,52.378611,140.448056, ,0.0,0.0,0,0,0,0,0,0,0,0
TF,INDUK,52.526667,140.488333,0, ,0.0,0.0,0.0,0.0,0,0,0,0,0,0,0,0
TF,M,53.152583,140.684417,0, ,0.0,0.0,0.0,0.0,1,7000,0,0,0,0,0,1
CF,D278M,53.133611,140.332778,2,NA,277.1,12.9,287.0,14.0,1,3110,0,0,0,0,0,1
DF,D287L,53.169167,140.344444,2, ,0.0,0.0,1,3110,0,0,0,0,0,0
TF,CF11,53.166172,140.392522,0, ,0.0,0.0,0.0,0.0,1,3110,0,0,0,0,0,0

STAR,INDUK4,11,2
IF,SOROD,52.378611,140.448056, ,0.0,0.0,0,0,0,0,0,0,0,0
TF,INDUK,52.526667,140.488333,0, ,0.0,0.0,0.0,0.0,0,0,0,0,0,0,0,0
TF,D260Q,53.042222,140.246389,0, ,0.0,0.0,0.0,0.0,1,6000,0,0,0,0,0,0
TF,D270Q,53.087778,140.225000,0, ,0.0,0.0,0.0,0.0,1,6000,0,0,0,0,0,0
TF,D284P,53.156389,140.232500,0, ,0.0,0.0,0.0,0.0,1,4090,0,0,0,0,0,0
TF,D287O,53.172778,140.264722,0, ,0.0,0.0,0.0,0.0,1,4090,0,0,0,0,0,0
TF,CF11,53.166172,140.392522,0, ,0.0,0.0,0.0,0.0,1,3110,0,0,0,0,0,0

STAR,INDUK6,29,2
IF,SOROD,52.378611,140.448056, ,0.0,0.0,0,0,0,0,0,0,0,0
TF,INDUK,52.526667,140.488333,0, ,0.0,0.0,0.0,0.0,0,0,0,0,0,0,0,0
TF,ME,53.150722,140.724694,0, ,0.0,0.0,0.0,0.0,1,7000,0,0,0,0,0,0
TF,D120I,53.106111,140.936111,2, ,0.0,0.0,0.0,0.0,1,3140,0,0,0,0,0,1
DF,D107I,53.139167,140.945000,1, ,0.0,0.0,1,3140,0,0,0,0,0,0
TF,CF29,53.141764,140.889167,0, ,0.0,0.0,0.0,0.0,1,3140,0,0,0,0,0,0

STAR,INDUK8,29,2
IF,SOROD,52.378611,140.448056, ,0.0,0.0,0,0,0,0,0,0,0,0
TF,INDUK,52.526667,140.488333,0, ,0.0,0.0,0.0,0.0,0,0,0,0,0,0,0,0
TF,D160O,52.938611,140.919167,0, ,0.0,0.0,0.0,0.0,1,7000,0,0,0,0,0,0
TF,D133N,53.033889,141.019444,0, ,0.0,0.0,0.0,0.0,1,5110,0,0,0,0,0,0
TF,D112M,53.116389,141.039444,0, ,0.0,0.0,0.0,0.0,1,4120,0,0,0,0,0,0
CF,CF29,53.141764,140.889167,1,NA,106.9,7.3,287.0,3.0,1,3140,0,0,0,0,0,0

STAR,ITVIS2,11,2
IF,ITVIS,53.763611,140.839722, ,0.0,0.0,0,0,0,0,0,0,0,0
TF,M,53.152583,140.684417,0, ,0.0,0.0,0.0,0.0,1,6000,0,0,0,0,0,0
TF,D277L,53.131944,140.347778,0, ,0.0,0.0,0.0,0.0,1,3110,0,0,0,0,0,1
DF,D287L,53.169167,140.344444,2, ,0.0,0.0,1,3110,0,0,0,0,0,0
TF,CF11,53.166172,140.392522,0, ,0.0,0.0,0.0,0.0,1,3110,0,0,0,0,0,0

STAR,ITVIS4,11,2
IF,ITVIS,53.763611,140.839722, ,0.0,0.0,0,0,0,0,0,0,0,0
TF,D315Q,53.301944,140.286667,0, ,0.0,0.0,0.0,0.0,1,6000,0,0,0,0,0,0
TF,D308Q,53.276111,140.255833,0, ,0.0,0.0,0.0,0.0,1,5080,0,0,0,0,0,0
TF,D291P,53.192222,140.237222,0, ,0.0,0.0,0.0,0.0,1,4090,0,0,0,0,0,0
TF,D287O,53.172778,140.264722,0, ,0.0,0.0,0.0,0.0,1,4090,0,0,0,0,0,0
TF,CF11,53.166172,140.392522,0, ,0.0,0.0,0.0,0.0,1,3110,0,0,0,0,0,0

STAR,ITVIS6,29,2
IF,ITVIS,53.763611,140.839722, ,0.0,0.0,0,0,0,0,0,0,0,0
TF,ME,53.150722,140.724694,0, ,0.0,0.0,0.0,0.0,1,6000,0,0,0,0,0,0
TF,D120I,53.106111,140.936111,0, ,0.0,0.0,0.0,0.0,1,3140,0,0,0,0,0,1
DF,D107I,53.139167,140.945000,1, ,0.0,0.0,1,3140,0,0,0,0,0,0
TF,CF29,53.141764,140.889167,0, ,0.0,0.0,0.0,0.0,1,3140,0,0,0,0,0,0

STAR,ITVIS8,29,2
IF,ITVIS,53.763611,140.839722, ,0.0,0.0,0,0,0,0,0,0,0,0
TF,D085N,53.223056,141.048611,0, ,0.0,0.0,0.0,0.0,1,6000,0,0,0,0,0,0
TF,D103M,53.151944,141.044167,0, ,0.0,0.0,0.0,0.0,1,4120,0,0,0,0,0,0
CF,CF29,53.141764,140.889167,2,NA,106.9,7.3,287.0,3.0,1,3140,0,0,0,0,0,0

STAR,LARNI2,11,2
IF,GINOL,54.413611,142.013056, ,0.0,0.0,0,0,0,0,0,0,0,0
TF,LARNI,53.681667,141.200000,0, ,0.0,0.0,0.0,0.0,0,0,0,0,0,0,0,0
TF,M,53.152583,140.684417,0, ,0.0,0.0,0.0,0.0,1,6000,0,0,0,0,0,0
TF,D277L,53.131944,140.347778,0, ,0.0,0.0,0.0,0.0,1,3110,0,0,0,0,0,1
DF,D287L,53.169167,140.344444,2, ,0.0,0.0,1,3110,0,0,0,0,0,0
TF,CF11,53.166172,140.392522,0, ,0.0,0.0,0.0,0.0,1,3110,0,0,0,0,0,0

STAR,LARNI4,11,2
IF,GINOL,54.413611,142.013056, ,0.0,0.0,0,0,0,0,0,0,0,0
TF,LARNI,53.681667,141.200000,0, ,0.0,0.0,0.0,0.0,0,0,0,0,0,0,0,0
TF,D316P,53.299167,140.308889,0, ,0.0,0.0,0.0,0.0,1,6000,0,0,0,0,0,0
TF,D308Q,53.276111,140.255833,0, ,0.0,0.0,0.0,0.0,1,5080,0,0,0,0,0,0
TF,D291P,53.192222,140.237222,0, ,0.0,0.0,0.0,0.0,1,4090,0,0,0,0,0,0
TF,D287O,53.172778,140.264722,0, ,0.0,0.0,0.0,0.0,1,4090,0,0,0,0,0,0
TF,CF11,53.166172,140.392522,0, ,0.0,0.0,0.0,0.0,1,3110,0,0,0,0,0,0

STAR,LARNI6,29,2
IF,GINOL,54.413611,142.013056, ,0.0,0.0,0,0,0,0,0,0,0,0
TF,LARNI,53.681667,141.200000,0, ,0.0,0.0,0.0,0.0,0,0,0,0,0,0,0,0
TF,ME,53.150722,140.724694,0, ,0.0,0.0,0.0,0.0,1,6000,0,0,0,0,0,1
CF,D120J,53.103333,140.940556,1,NA,119.8,9.6,107.0,6.0,1,3140,0,0,0,0,0,1
DF,D107I,53.139167,140.945000,1, ,0.0,0.0,1,3140,0,0,0,0,0,0
TF,CF29,53.141764,140.889167,0, ,0.0,0.0,0.0,0.0,1,3140,0,0,0,0,0,0

STAR,LARNI8,29,2
IF,GINOL,54.413611,142.013056, ,0.0,0.0,0,0,0,0,0,0,0,0
TF,LARNI,53.681667,141.200000,0, ,0.0,0.0,0.0,0.0,0,0,0,0,0,0,0,0
TF,D087N,53.211944,141.053056,0, ,0.0,0.0,0.0,0.0,1,6000,0,0,0,0,0,0
TF,D103M,53.151944,141.044167,0, ,0.0,0.0,0.0,0.0,1,4120,0,0,0,0,0,0
CF,CF29,53.141764,140.889167,0,NA,106.9,7.3,287.0,3.0,1,3140,0,0,0,0,0,0

STAR,LEKBI2,11,2
IF,LEKBI,52.631944,140.048056, ,0.0,0.0,0,0,0,0,0,0,0,0
TF,M,53.152583,140.684417,0, ,0.0,0.0,0.0,0.0,1,6000,0,0,0,0,0,1
CF,D278M,53.133611,140.332778,2,NA,277.1,12.9,287.0,14.0,1,3110,0,0,0,0,0,1
DF,D287L,53.169167,140.344444,2, ,0.0,0.0,1,3110,0,0,0,0,0,0
TF,CF11,53.166172,140.392522,0, ,0.0,0.0,0.0,0.0,1,3110,0,0,0,0,0,0

STAR,LEKBI4,11,2
IF,LEKBI,52.631944,140.048056, ,0.0,0.0,0,0,0,0,0,0,0,0
TF,D267R,53.068611,140.200833,0, ,0.0,0.0,0.0,0.0,1,6000,0,0,0,0,0,0
TF,D284P,53.156389,140.232500,0, ,0.0,0.0,0.0,0.0,1,4090,0,0,0,0,0,0
TF,D287O,53.172778,140.264722,0, ,0.0,0.0,0.0,0.0,1,4090,0,0,0,0,0,0
TF,CF11,53.166172,140.392522,0, ,0.0,0.0,0.0,0.0,1,3110,0,0,0,0,0,0

STAR,LEKBI6,29,2
IF,LEKBI,52.631944,140.048056, ,0.0,0.0,0,0,0,0,0,0,0,0
TF,ME,53.150722,140.724694,0, ,0.0,0.0,0.0,0.0,1,6000,0,0,0,0,0,0
TF,D120I,53.106111,140.936111,0, ,0.0,0.0,0.0,0.0,1,3140,0,0,0,0,0,1
DF,D107I,53.139167,140.945000,1, ,0.0,0.0,1,3140,0,0,0,0,0,0
TF,CF29,53.141764,140.889167,0, ,0.0,0.0,0.0,0.0,1,3140,0,0,0,0,0,0

STAR,LEKBI8,29,2
IF,LEKBI,52.631944,140.048056, ,0.0,0.0,0,0,0,0,0,0,0,0
TF,D163M,52.969167,140.862500,0, ,0.0,0.0,0.0,0.0,1,7000,0,0,0,0,0,0
TF,D133N,53.033889,141.019444,0, ,0.0,0.0,0.0,0.0,1,5110,0,0,0,0,0,0
TF,D112M,53.116389,141.039444,0, ,0.0,0.0,0.0,0.0,1,4120,0,0,0,0,0,0
CF,CF29,53.141764,140.889167,1,NA,106.9,7.3,287.0,3.0,1,3140,0,0,0,0,0,0

STAR,MOBRI2,11,2
IF,NEDAL,54.143611,142.184722, ,0.0,0.0,0,0,0,0,0,0,0,0
TF,MOBRI,53.621667,141.310000,0, ,0.0,0.0,0.0,0.0,0,0,0,0,0,0,0,0
TF,M,53.152583,140.684417,0, ,0.0,0.0,0.0,0.0,1,6000,0,0,0,0,0,0
TF,D277L,53.131944,140.347778,0, ,0.0,0.0,0.0,0.0,1,3110,0,0,0,0,0,1
DF,D287L,53.169167,140.344444,2, ,0.0,0.0,1,3110,0,0,0,0,0,0
TF,CF11,53.166172,140.392522,0, ,0.0,0.0,0.0,0.0,1,3110,0,0,0,0,0,0

STAR,MOBRI4,11,2
IF,NEDAL,54.143611,142.184722, ,0.0,0.0,0,0,0,0,0,0,0,0
TF,MOBRI,53.621667,141.310000,0, ,0.0,0.0,0.0,0.0,0,0,0,0,0,0,0,0
TF,D319O,53.305000,140.343611,0, ,0.0,0.0,0.0,0.0,1,6000,0,0,0,0,0,0
TF,D308Q,53.276111,140.255833,0, ,0.0,0.0,0.0,0.0,1,5080,0,0,0,0,0,0
TF,D291P,53.192222,140.237222,0, ,0.0,0.0,0.0,0.0,1,4090,0,0,0,0,0,0
TF,D287O,53.172778,140.264722,0, ,0.0,0.0,0.0,0.0,1,4090,0,0,0,0,0,0
TF,CF11,53.166172,140.392522,0, ,0.0,0.0,0.0,0.0,1,3110,0,0,0,0,0,0

STAR,MOBRI6,29,2
IF,NEDAL,54.143611,142.184722, ,0.0,0.0,0,0,0,0,0,0,0,0
TF,MOBRI,53.621667,141.310000,0, ,0.0,0.0,0.0,0.0,0,0,0,0,0,0,0,0
TF,ME,53.150722,140.724694,0, ,0.0,0.0,0.0,0.0,1,6000,0,0,0,0,0,1
CF,D120J,53.103333,140.940556,1,NA,119.8,9.6,107.0,6.0,1,3140,0,0,0,0,0,1
DF,D107I,53.139167,140.945000,1, ,0.0,0.0,1,3140,0,0,0,0,0,0
TF,CF29,53.141764,140.889167,0, ,0.0,0.0,0.0,0.0,1,3140,0,0,0,0,0,0

STAR,MOBRI8,29,2
IF,NEDAL,54.143611,142.184722, ,0.0,0.0,0,0,0,0,0,0,0,0
TF,MOBRI,53.621667,141.310000,0, ,0.0,0.0,0.0,0.0,0,0,0,0,0,0,0,0
TF,D087N,53.211944,141.053056,0, ,0.0,0.0,0.0,0.0,1,6000,0,0,0,0,0,0
TF,D103M,53.151944,141.044167,0, ,0.0,0.0,0.0,0.0,1,4120,0,0,0,0,0,0
CF,CF29,53.141764,140.889167,0,NA,106.9,7.3,287.0,3.0,1,3140,0,0,0,0,0,0

STAR,NEDKA2,11,2
IF,MAKIS,53.355278,141.859722, ,0.0,0.0,0,0,0,0,0,0,0,0
TF,NEDKA,53.320000,141.643333,0, ,0.0,0.0,0.0,0.0,0,0,0,0,0,0,0,0
TF,M,53.152583,140.684417,0, ,0.0,0.0,0.0,0.0,1,7000,0,0,0,0,0,0
TF,D277L,53.131944,140.347778,0, ,0.0,0.0,0.0,0.0,1,3110,0,0,0,0,0,1
DF,D287L,53.169167,140.344444,2, ,0.0,0.0,1,3110,0,0,0,0,0,0
TF,CF11,53.166172,140.392522,0, ,0.0,0.0,0.0,0.0,1,3110,0,0,0,0,0,0

STAR,NEDKA4,11,2
IF,MAKIS,53.355278,141.859722, ,0.0,0.0,0,0,0,0,0,0,0,0
TF,NEDKA,53.320000,141.643333,0, ,0.0,0.0,0.0,0.0,0,0,0,0,0,0,0,0
TF,D316N,53.282778,140.354722,0, ,0.0,0.0,0.0,0.0,1,6000,0,0,0,0,0,0
TF,D310Q,53.281111,140.279444,0, ,0.0,0.0,0.0,0.0,0,0,0,0,0,0,0,0
TF,D308Q,53.276111,140.255833,0, ,0.0,0.0,0.0,0.0,1,5080,0,0,0,0,0,0
TF,D291P,53.192222,140.237222,0, ,0.0,0.0,0.0,0.0,1,4090,0,0,0,0,0,0
TF,D287O,53.172778,140.264722,0, ,0.0,0.0,0.0,0.0,1,4090,0,0,0,0,0,0
TF,CF11,53.166172,140.392522,0, ,0.0,0.0,0.0,0.0,1,3110,0,0,0,0,0,0

STAR,NEDKA6,29,2
IF,MAKIS,53.355278,141.859722, ,0.0,0.0,0,0,0,0,0,0,0,0
TF,NEDKA,53.320000,141.643333,0, ,0.0,0.0,0.0,0.0,0,0,0,0,0,0,0,0
TF,ME,53.150722,140.724694,0, ,0.0,0.0,0.0,0.0,1,7000,0,0,0,0,0,1
CF,D120J,53.103333,140.940556,1,NA,119.8,9.6,107.0,6.0,1,3140,0,0,0,0,0,1
DF,D107I,53.139167,140.945000,1, ,0.0,0.0,1,3140,0,0,0,0,0,0
TF,CF29,53.141764,140.889167,0, ,0.0,0.0,0.0,0.0,1,3140,0,0,0,0,0,0

STAR,NEDKA8,29,2
IF,MAKIS,53.355278,141.859722, ,0.0,0.0,0,0,0,0,0,0,0,0
TF,NEDKA,53.320000,141.643333,0, ,0.0,0.0,0.0,0.0,0,0,0,0,0,0,0,0
TF,D098Q,53.176944,141.161667,0, ,0.0,0.0,0.0,0.0,1,6000,0,0,0,0,0,0
TF,D107L,53.136944,141.026667,0, ,0.0,0.0,0.0,0.0,1,4120,0,0,0,0,0,0
TF,CF29,53.141764,140.889167,0, ,0.0,0.0,0.0,0.0,1,3140,0,0,0,0,0,0

STAR,OSBET2,11,2
IF,NASAN,52.166944,141.661389, ,0.0,0.0,0,0,0,0,0,0,0,0
TF,OSBET,52.620000,141.195000,0, ,0.0,0.0,0.0,0.0,0,0,0,0,0,0,0,0
TF,M,53.152583,140.684417,0, ,0.0,0.0,0.0,0.0,1,7000,0,0,0,0,0,0
TF,D277L,53.131944,140.347778,0, ,0.0,0.0,0.0,0.0,1,3110,0,0,0,0,0,1
DF,D287L,53.169167,140.344444,2, ,0.0,0.0,1,3110,0,0,0,0,0,0
TF,CF11,53.166172,140.392522,0, ,0.0,0.0,0.0,0.0,1,3110,0,0,0,0,0,0

STAR,OSBET4,11,2
IF,NASAN,52.166944,141.661389, ,0.0,0.0,0,0,0,0,0,0,0,0
TF,OSBET,52.620000,141.195000,0, ,0.0,0.0,0.0,0.0,0,0,0,0,0,0,0,0
TF,D266Q,53.073889,140.246111,0, ,0.0,0.0,0.0,0.0,1,6000,0,0,0,0,0,0
TF,D270Q,53.087778,140.225000,0, ,0.0,0.0,0.0,0.0,1,6000,0,0,0,0,0,0
TF,D284P,53.156389,140.232500,0, ,0.0,0.0,0.0,0.0,1,4090,0,0,0,0,0,0
TF,D287O,53.172778,140.264722,0, ,0.0,0.0,0.0,0.0,1,4090,0,0,0,0,0,0
TF,CF11,53.166172,140.392522,0, ,0.0,0.0,0.0,0.0,1,3110,0,0,0,0,0,0

STAR,OSBET6,29,2
IF,NASAN,52.166944,141.661389, ,0.0,0.0,0,0,0,0,0,0,0,0
TF,OSBET,52.620000,141.195000,0, ,0.0,0.0,0.0,0.0,0,0,0,0,0,0,0,0
TF,ME,53.150722,140.724694,0, ,0.0,0.0,0.0,0.0,1,7000,0,0,0,0,0,1
CF,D120J,53.103333,140.940556,1,NA,119.8,9.6,107.0,8.0,1,3140,0,0,0,0,0,1
DF,D107I,53.139167,140.945000,1, ,0.0,0.0,1,3140,0,0,0,0,0,0
TF,CF29,53.141764,140.889167,0, ,0.0,0.0,0.0,0.0,1,3140,0,0,0,0,0,0

STAR,OSBET8,29,2
IF,NASAN,52.166944,141.661389, ,0.0,0.0,0,0,0,0,0,0,0,0
TF,OSBET,52.620000,141.195000,0, ,0.0,0.0,0.0,0.0,0,0,0,0,0,0,0,0
TF,D133P,53.019167,141.070000,0, ,0.0,0.0,0.0,0.0,1,6000,0,0,0,0,0,0
TF,D112M,53.116389,141.039444,0, ,0.0,0.0,0.0,0.0,1,4120,0,0,0,0,0,0
CF,CF29,53.141764,140.889167,0,NA,106.9,7.3,287.0,3.0,1,3140,0,0,0,0,0,0

STAR,PIKUS2,11,2
IF,NIKRI,53.201944,138.148056, ,0.0,0.0,0,0,0,0,0,0,0,0
TF,PIKUS,53.178333,139.590000,0, ,0.0,0.0,0.0,0.0,0,0,0,0,0,0,0,0
TF,M,53.152583,140.684417,0, ,0.0,0.0,0.0,0.0,1,6000,0,0,0,0,0,1
CF,D278M,53.133611,140.332778,2,NA,277.1,12.9,287.0,11.0,1,3110,0,0,0,0,0,1
DF,D287L,53.169167,140.344444,2, ,0.0,0.0,1,3110,0,0,0,0,0,0
TF,CF11,53.166172,140.392522,0, ,0.0,0.0,0.0,0.0,1,3110,0,0,0,0,0,0

STAR,PIKUS4,11,2
IF,NIKRI,53.201944,138.148056, ,0.0,0.0,0,0,0,0,0,0,0,0
TF,PIKUS,53.178333,139.590000,0, ,0.0,0.0,0.0,0.0,0,0,0,0,0,0,0,0
TF,D287U,53.174167,140.115278,0, ,0.0,0.0,0.0,0.0,1,6000,0,0,0,0,0,0
TF,D287O,53.172778,140.264722,0, ,0.0,0.0,0.0,0.0,1,4090,0,0,0,0,0,0
TF,CF11,53.166172,140.392522,0, ,0.0,0.0,0.0,0.0,1,3110,0,0,0,0,0,0

STAR,PIKUS6,29,2
IF,NIKRI,53.201944,138.148056, ,0.0,0.0,0,0,0,0,0,0,0,0
TF,PIKUS,53.178333,139.590000,0, ,0.0,0.0,0.0,0.0,0,0,0,0,0,0,0,0
TF,ME,53.150722,140.724694,0, ,0.0,0.0,0.0,0.0,1,6000,0,0,0,0,0,0
TF,D120I,53.106111,140.936111,0, ,0.0,0.0,0.0,0.0,1,3140,0,0,0,0,0,1
DF,D107I,53.139167,140.945000,1, ,0.0,0.0,1,3140,0,0,0,0,0,0
TF,CF29,53.141764,140.889167,0, ,0.0,0.0,0.0,0.0,1,3140,0,0,0,0,0,0

STAR,PIKUS8,29,2
IF,NIKRI,53.201944,138.148056, ,0.0,0.0,0,0,0,0,0,0,0,0
TF,PIKUS,53.178333,139.590000,0, ,0.0,0.0,0.0,0.0,0,0,0,0,0,0,0,0
TF,D143K,53.038056,140.909444,0, ,0.0,0.0,0.0,0.0,1,6000,0,0,0,0,0,0
TF,D136M,53.029167,140.997500,0, ,0.0,0.0,0.0,0.0,1,5110,0,0,0,0,0,0
CF,D112M,53.116389,141.039444,1,NA,111.5,12.9,17.0,3.0,1,4120,0,0,0,0,0,0
CF,CF29,53.141764,140.889167,0,NA,106.9,7.3,287.0,3.0,1,3140,0,0,0,0,0,0

STAR,RATNU2,11,2
IF,LUREP,52.975278,138.818056, ,0.0,0.0,0,0,0,0,0,0,0,0
TF,RATNU,53.058333,139.601667,0, ,0.0,0.0,0.0,0.0,0,0,0,0,0,0,0,0
TF,M,53.152583,140.684417,0, ,0.0,0.0,0.0,0.0,1,6000,0,0,0,0,0,1
CF,D278M,53.133611,140.332778,2,NA,277.1,12.9,287.0,11.0,1,3110,0,0,0,0,0,1
DF,D287L,53.169167,140.344444,2, ,0.0,0.0,1,3110,0,0,0,0,0,0
TF,CF11,53.166172,140.392522,0, ,0.0,0.0,0.0,0.0,1,3110,0,0,0,0,0,0

STAR,RATNU4,11,2
IF,LUREP,52.975278,138.818056, ,0.0,0.0,0,0,0,0,0,0,0,0
TF,RATNU,53.058333,139.601667,0, ,0.0,0.0,0.0,0.0,0,0,0,0,0,0,0,0
TF,D282U,53.148611,140.121111,0, ,0.0,0.0,0.0,0.0,1,6000,0,0,0,0,0,0
TF,D287O,53.172778,140.264722,0, ,0.0,0.0,0.0,0.0,1,4090,0,0,0,0,0,0
TF,CF11,53.166172,140.392522,0, ,0.0,0.0,0.0,0.0,1,3110,0,0,0,0,0,0

STAR,RATNU6,29,2
IF,LUREP,52.975278,138.818056, ,0.0,0.0,0,0,0,0,0,0,0,0
TF,RATNU,53.058333,139.601667,0, ,0.0,0.0,0.0,0.0,0,0,0,0,0,0,0,0
TF,ME,53.150722,140.724694,0, ,0.0,0.0,0.0,0.0,1,6000,0,0,0,0,0,0
TF,D120I,53.106111,140.936111,0, ,0.0,0.0,0.0,0.0,1,3140,0,0,0,0,0,1
DF,D107I,53.139167,140.945000,1, ,0.0,0.0,1,3140,0,0,0,0,0,0
TF,CF29,53.141764,140.889167,0, ,0.0,0.0,0.0,0.0,1,3140,0,0,0,0,0,0

STAR,RATNU8,29,2
IF,LUREP,52.975278,138.818056, ,0.0,0.0,0,0,0,0,0,0,0,0
TF,RATNU,53.058333,139.601667,0, ,0.0,0.0,0.0,0.0,0,0,0,0,0,0,0,0
TF,D145K,53.030556,140.908056,0, ,0.0,0.0,0.0,0.0,1,6000,0,0,0,0,0,0
TF,D136M,53.029167,140.997500,0, ,0.0,0.0,0.0,0.0,1,5110,0,0,0,0,0,0
CF,D112M,53.116389,141.039444,1,NA,111.5,12.9,17.0,3.0,1,4120,0,0,0,0,0,0
CF,CF29,53.141764,140.889167,0,NA,106.9,7.3,287.0,3.0,1,3140,0,0,0,0,0,0

STAR,TURUL2,11,2
IF,DILUN,53.720278,138.804722, ,0.0,0.0,0,0,0,0,0,0,0,0
TF,TURUL,53.443333,139.706667,0, ,0.0,0.0,0.0,0.0,0,0,0,0,0,0,0,0
TF,M,53.152583,140.684417,0, ,0.0,0.0,0.0,0.0,1,6000,0,0,0,0,0,1
CF,D278M,53.133611,140.332778,2,NA,277.1,12.9,287.0,11.0,1,3110,0,0,0,0,0,1
DF,D287L,53.169167,140.344444,2, ,0.0,0.0,1,3110,0,0,0,0,0,0
TF,CF11,53.166172,140.392522,0, ,0.0,0.0,0.0,0.0,1,3110,0,0,0,0,0,0

STAR,TURUL4,11,2
IF,DILUN,53.720278,138.804722, ,0.0,0.0,0,0,0,0,0,0,0,0
TF,TURUL,53.443333,139.706667,0, ,0.0,0.0,0.0,0.0,0,0,0,0,0,0,0,0
TF,D296T,53.229444,140.148333,0, ,0.0,0.0,0.0,0.0,1,6000,0,0,0,0,0,0
TF,D288P,53.177500,140.247500,0, ,0.0,0.0,0.0,0.0,0,0,0,0,0,0,0,0
TF,D287O,53.172778,140.264722,0, ,0.0,0.0,0.0,0.0,1,4090,0,0,0,0,0,0
TF,CF11,53.166172,140.392522,0, ,0.0,0.0,0.0,0.0,1,3110,0,0,0,0,0,0

STAR,TURUL6,29,2
IF,DILUN,53.720278,138.804722, ,0.0,0.0,0,0,0,0,0,0,0,0
TF,TURUL,53.443333,139.706667,0, ,0.0,0.0,0.0,0.0,0,0,0,0,0,0,0,0
TF,ME,53.150722,140.724694,0, ,0.0,0.0,0.0,0.0,1,6000,0,0,0,0,0,0
TF,D120I,53.106111,140.936111,0, ,0.0,0.0,0.0,0.0,1,3140,0,0,0,0,0,1
DF,D107I,53.139167,140.945000,1, ,0.0,0.0,1,3140,0,0,0,0,0,0
TF,CF29,53.141764,140.889167,0, ,0.0,0.0,0.0,0.0,1,3140,0,0,0,0,0,0

STAR,TURUL8,29,2
IF,DILUN,53.720278,138.804722, ,0.0,0.0,0,0,0,0,0,0,0,0
TF,TURUL,53.443333,139.706667,0, ,0.0,0.0,0.0,0.0,0,0,0,0,0,0,0,0
TF,D085N,53.223056,141.048611,0, ,0.0,0.0,0.0,0.0,1,6000,0,0,0,0,0,0
TF,D103M,53.151944,141.044167,0, ,0.0,0.0,0.0,0.0,1,4120,0,0,0,0,0,0
CF,CF29,53.141764,140.889167,2,NA,106.9,7.3,287.0,3.0,1,3140,0,0,0,0,0,0

FINAL,D11,11,D,3
IF,CF11,53.166172,140.392522,NA,286.6,10.7,1,3110,0,0,0,0,0,0
CF,FF11,53.165278,140.420278,0,NA,286.7,9.7,107.0,1.0,1,3110,0,0,0,0,2,0
CF,MD11,53.158297,140.573675,0,NA,287.0,4.2,107.0,5.6,1,1061,0,0,0,0,3,0
FA,MD11,53.158297,140.573675,0,NA,0.0,0.0,107.0,2,2120,0,0,0,0,0,0
CF,D278M,53.133611,140.332778,2,NA,277.1,12.9,287.0,12.0,1,3110,0,0,0,0,0,0

FINAL,D29,29,D,3
IF,CF29,53.141764,140.889167,NA,106.9,7.3,1,3140,0,0,0,0,0,0
CF,FF29,53.143611,140.861667,0,NA,106.7,6.3,287.0,1.0,1,3140,0,0,0,0,2,0
CF,MD29,53.150325,140.726192,0,NA,107.0,1.4,287.0,4.9,1,1138,0,0,0,0,3,0
FA,MD29,53.150325,140.726192,0,NA,0.0,0.0,287.0,2,2150,0,0,0,0,0,0
CA,1,107.0,2,3140,0,0,0,0,0,0
CF,D120J,53.103333,140.940556,0,NA,119.8,9.6,107.0,12.0,1,3140,0,0,0,0,0,0

FINAL,I11,11,I,3
IF,CF11,53.166172,140.392522,INC,286.5,10.0,1,3110,0,0,0,0,0,0
CF,FF11,53.165278,140.420278,0,INC,286.7,9.0,107.0,1.0,1,3110,0,0,0,0,2,0
CF,RW11,53.154858,140.637300,0,INC,286.5,1.1,107.0,7.9,1,202,0,0,0,0,3,0
FA,RW11,53.154858,140.637300,0,NA,0.0,0.0,107.0,2,2120,0,0,0,0,0,0
CF,D278M,53.133611,140.332778,2,NA,277.1,12.9,287.0,15.0,1,3110,0,0,0,0,0,0

FINAL,I29,29,I,3
IF,CF29,53.141764,140.889167,IME,106.9,9.3,1,3140,0,0,0,0,0,0
CF,FF29,53.143611,140.861667,0,IME,106.7,8.3,287.0,1.0,1,3140,0,0,0,0,2,0
CF,RW29,53.153481,140.665058,0,IME,106.9,1.1,287.0,7.1,1,234,0,0,0,0,3,0
FA,RW29,53.153481,140.665058,0,NA,0.0,0.0,287.0,2,2150,0,0,0,0,0,0
CA,1,107.0,2,3140,0,0,0,0,0,0
CF,D120J,53.103333,140.940556,0,NA,119.8,9.6,107.0,14.0,1,3140,0,0,0,0,0,0

FINAL,N11,11,N,3
IF,CF11,53.166172,140.392522,M,0.0,0.0,1,3110,0,0,0,0,0,0
CF,FF11,53.165278,140.420278,0,M,0.0,0.0,107.0,1.0,1,3110,0,0,0,0,2,0
CF,MN11,53.158761,140.556925,0,M,0.0,0.0,107.0,5.0,1,1284,0,0,0,0,3,0
FA,MN11,53.158761,140.556925,0,NA,0.0,0.0,107.0,2,2120,0,0,0,0,0,0
CF,D278M,53.133611,140.332778,2,NA,277.1,12.9,287.0,11.0,1,3110,0,0,0,0,0,0

FINAL,N29,29,N,3
IF,CF29,53.141764,140.889167,ME,0.0,0.0,1,3140,0,0,0,0,0,0
CF,FF29,53.143611,140.861667,0,ME,0.0,0.0,287.0,1.0,1,3140,0,0,0,0,2,0
CF,MN29,53.149819,140.741792,0,ME,0.0,0.0,287.0,4.4,1,1365,0,0,0,0,3,0
FA,MN29,53.149819,140.741792,0,NA,0.0,0.0,287.0,2,2150,0,0,0,0,0,0
CA,1,107.0,2,3140,0,0,0,0,0,0
CF,D120J,53.103333,140.940556,0,NA,119.8,9.6,107.0,11.0,1,3140,0,0,0,0,0,0

