SID,ADER1A,10,2
CA,0,98.0,2,500,0,0,0,0,0,0
CI,2, ,0.0,218.0,0,0,0,0,0,0,0,0
CF,ATNIR,69.989722,67.892500,0,MNO,201.1,109.8,178.0,17.0,2,6000,0,0,0,0,0,0
TF,ADERA,68.866667,66.783333,0, ,0.0,0.0,0.0,0.0,0,0,0,0,0,0,0,0

SID,ADER1B,28,2
CA,0,278.0,2,500,0,0,0,0,0,0
DF,BN,70.316056,68.349028,2, ,0.0,0.0,0,0,0,0,0,0,0,0
TF,ATNIR,69.989722,67.892500,0, ,0.0,0.0,0.0,0.0,2,6000,0,0,0,0,0,0
TF,ADERA,68.866667,66.783333,0, ,0.0,0.0,0.0,0.0,0,0,0,0,0,0,0,0

SID,ADER1D,10,5
DF,DB001,70.282289,68.470678,0, ,0.0,0.0,0,0,0,0,0,0,0,0
TF,DB014,70.180689,68.168956,2, ,0.0,0.0,0.0,0.0,2,1650,0,0,0,0,0,0
TF,ATNIR,69.989722,67.892500,0, ,0.0,0.0,0.0,0.0,2,6000,0,0,0,0,0,0
TF,ADERA,68.866667,66.783333,0, ,0.0,0.0,0.0,0.0,0,0,0,0,0,0,0,0

SID,ADER1E,28,5
DF,DB002,70.347903,68.196075,0, ,0.0,0.0,0,0,0,0,0,0,0,0
TF,DB017,70.205075,68.010394,1, ,0.0,0.0,0.0,0.0,0,0,0,0,0,0,0,0
TF,ATNIR,69.989722,67.892500,0, ,0.0,0.0,0.0,0.0,2,6000,0,0,0,0,0,0
TF,ADERA,68.866667,66.783333,0, ,0.0,0.0,0.0,0.0,0,0,0,0,0,0,0,0

SID,LEPE1A,10,2
CA,0,98.0,2,500,0,0,0,0,0,0
DF,BN,70.316056,68.349028,1, ,0.0,0.0,0,0,0,0,0,0,0,0
TF,UNKOR,70.198333,67.331111,0, ,0.0,0.0,0.0,0.0,2,6000,0,0,0,0,0,0
TF,LEPES,69.963889,66.184444,0, ,0.0,0.0,0.0,0.0,0,0,0,0,0,0,0,0

SID,LEPE1B,28,2
CA,0,278.0,2,500,0,0,0,0,0,0
CI,1, ,0.0,188.0,0,0,0,0,0,0,0,0
CF,UNKOR,70.198333,67.331111,0,MNO,210.0,110.7,224.0,18.0,2,6000,0,0,0,0,0,0
TF,LEPES,69.963889,66.184444,0, ,0.0,0.0,0.0,0.0,0,0,0,0,0,0,0,0

SID,LEPE1D,10,5
DF,DB001,70.282289,68.470678,0, ,0.0,0.0,0,0,0,0,0,0,0,0
TF,DB014,70.180689,68.168956,2, ,0.0,0.0,0.0,0.0,2,1650,0,0,0,0,0,0
TF,UNKOR,70.198333,67.331111,0, ,0.0,0.0,0.0,0.0,2,6000,0,0,0,0,0,0
TF,LEPES,69.963889,66.184444,0, ,0.0,0.0,0.0,0.0,0,0,0,0,0,0,0,0

SID,LEPE1E,28,5
DF,DB002,70.347903,68.196075,0, ,0.0,0.0,0,0,0,0,0,0,0,0
TF,UNKOR,70.198333,67.331111,0, ,0.0,0.0,0.0,0.0,2,6000,0,0,0,0,0,0
TF,LEPES,69.963889,66.184444,0, ,0.0,0.0,0.0,0.0,0,0,0,0,0,0,0,0

SID,NONR1A,10,2
CA,0,98.0,2,500,0,0,0,0,0,0
CF,DEGIT,70.115556,69.212222,0,MNO,192.4,85.8,96.0,19.0,2,6000,0,0,0,0,0,0
TF,NONRA,70.030000,69.471389,0, ,0.0,0.0,0.0,0.0,0,0,0,0,0,0,0,0

SID,NONR1B,28,2
CA,0,278.0,2,500,0,0,0,0,0,0
CI,2, ,0.0,138.0,0,0,0,0,0,0,0,0
CF,DEGIT,70.115556,69.212222,0,MNO,192.4,85.8,96.0,19.0,2,6000,0,0,0,0,0,0
TF,NONRA,70.030000,69.471389,0, ,0.0,0.0,0.0,0.0,0,0,0,0,0,0,0,0

SID,NONR1D,10,5
DF,DB001,70.282289,68.470678,0, ,0.0,0.0,0,0,0,0,0,0,0,0
TF,DEGIT,70.115556,69.212222,0, ,0.0,0.0,0.0,0.0,2,6000,0,0,0,0,0,0
TF,NONRA,70.030000,69.471389,0, ,0.0,0.0,0.0,0.0,0,0,0,0,0,0,0,0

SID,NONR1E,28,5
DF,DB002,70.347903,68.196075,0, ,0.0,0.0,0,0,0,0,0,0,0,0
TF,DB017,70.205075,68.010394,1, ,0.0,0.0,0.0,0.0,0,0,0,0,0,0,0,0
TF,DEGIT,70.115556,69.212222,1, ,0.0,0.0,0.0,0.0,2,6000,0,0,0,0,0,0
TF,NONRA,70.030000,69.471389,0, ,0.0,0.0,0.0,0.0,0,0,0,0,0,0,0,0

SID,TALN1A,10,2
CA,0,98.0,2,500,0,0,0,0,0,0
CI,0, ,0.0,174.0,0,0,0,0,0,0,0,0
CF,KEMIB,69.975278,68.667778,0,MNO,194.4,99.5,134.0,19.0,2,6000,0,0,0,0,0,0
TF,TALNA,68.900556,69.448056,0, ,0.0,0.0,0.0,0.0,0,0,0,0,0,0,0,0

SID,TALN1B,28,2
CA,0,278.0,2,500,0,0,0,0,0,0
DF,BN,70.316056,68.349028,2, ,0.0,0.0,0,0,0,0,0,0,0,0
TF,KEMIB,69.975278,68.667778,0, ,0.0,0.0,0.0,0.0,2,6000,0,0,0,0,0,0
TF,TALNA,68.900556,69.448056,0, ,0.0,0.0,0.0,0.0,0,0,0,0,0,0,0,0

SID,TALN1D,10,5
DF,DB001,70.282289,68.470678,0, ,0.0,0.0,0,0,0,0,0,0,0,0
TF,KEMIB,69.975278,68.667778,0, ,0.0,0.0,0.0,0.0,2,6000,0,0,0,0,0,0
TF,TALNA,68.900556,69.448056,0, ,0.0,0.0,0.0,0.0,0,0,0,0,0,0,0,0

SID,TALN1E,28,5
DF,DB002,70.347903,68.196075,0, ,0.0,0.0,0,0,0,0,0,0,0,0
TF,DB017,70.205075,68.010394,1, ,0.0,0.0,0.0,0.0,0,0,0,0,0,0,0,0
TF,KEMIB,69.975278,68.667778,0, ,0.0,0.0,0.0,0.0,2,6000,0,0,0,0,0,0
TF,TALNA,68.900556,69.448056,0, ,0.0,0.0,0.0,0.0,0,0,0,0,0,0,0,0

SID,TUMO1A,10,2
CA,0,98.0,2,500,0,0,0,0,0,0
DF,BN,70.316056,68.349028,2, ,0.0,0.0,0,0,0,0,0,0,0,0
TF,RENLA,70.645833,67.917500,0, ,0.0,0.0,0.0,0.0,2,6000,0,0,0,0,0,0
TF,TUMOK,71.217222,66.906111,0, ,0.0,0.0,0.0,0.0,0,0,0,0,0,0,0,0

SID,TUMO1B,28,2
CA,0,278.0,2,500,0,0,0,0,0,0
CI,0, ,0.0,338.0,0,0,0,0,0,0,0,0
CF,RENLA,70.645833,67.917500,0,MNO,220.1,86.8,309.0,19.0,2,6000,0,0,0,0,0,0
TF,TUMOK,71.217222,66.906111,0, ,0.0,0.0,0.0,0.0,0,0,0,0,0,0,0,0

SID,TUMO1D,10,5
DF,DB001,70.282289,68.470678,0, ,0.0,0.0,0,0,0,0,0,0,0,0
TF,DB016,70.412172,68.653983,1, ,0.0,0.0,0.0,0.0,2,1650,0,0,0,0,0,0
TF,RENLA,70.645833,67.917500,0, ,0.0,0.0,0.0,0.0,2,6000,0,0,0,0,0,0
TF,TUMOK,71.217222,66.906111,0, ,0.0,0.0,0.0,0.0,0,0,0,0,0,0,0,0

SID,TUMO1E,28,5
DF,DB002,70.347903,68.196075,0, ,0.0,0.0,0,0,0,0,0,0,0,0
TF,RENLA,70.645833,67.917500,0, ,0.0,0.0,0.0,0.0,2,6000,0,0,0,0,0,0
TF,TUMOK,71.217222,66.906111,0, ,0.0,0.0,0.0,0.0,0,0,0,0,0,0,0,0

STAR,ADER1C,ALL,2
IF,ADERA,68.866667,66.783333, ,0.0,0.0,0,0,0,0,0,0,0,0
TF,ATNIR,69.989722,67.892500,0, ,0.0,0.0,0.0,0.0,2,6000,0,0,0,0,0,0
TF,BN,70.316056,68.349028,0, ,0.0,0.0,0.0,0.0,2,1650,0,0,0,0,0,0

STAR,ADER1F,10,5
IF,ADERA,68.866667,66.783333, ,0.0,0.0,0,0,0,0,0,0,0,0
TF,ATNIR,69.989722,67.892500,0, ,0.0,0.0,0.0,0.0,2,6000,0,0,0,0,0,0
TF,DB004,70.337203,67.777261,0, ,0.0,0.0,0.0,0.0,1,1650,0,0,0,0,0,0

STAR,ADER1G,28,5
IF,ADERA,68.866667,66.783333, ,0.0,0.0,0,0,0,0,0,0,0,0
TF,ATNIR,69.989722,67.892500,0, ,0.0,0.0,0.0,0.0,2,6000,0,0,0,0,0,0
TF,DB011,70.145800,68.579756,0, ,0.0,0.0,0.0,0.0,1,1650,0,0,0,0,0,0

STAR,LEPE1C,ALL,2
IF,LEPES,69.963889,66.184444, ,0.0,0.0,0,0,0,0,0,0,0,0
TF,UNKOR,70.198333,67.331111,0, ,0.0,0.0,0.0,0.0,2,6000,0,0,0,0,0,0
TF,BN,70.316056,68.349028,0, ,0.0,0.0,0.0,0.0,2,1650,0,0,0,0,0,0

STAR,LEPE1F,10,5
IF,LEPES,69.963889,66.184444, ,0.0,0.0,0,0,0,0,0,0,0,0
TF,UNKOR,70.198333,67.331111,0, ,0.0,0.0,0.0,0.0,2,6000,0,0,0,0,0,0
TF,DB004,70.337203,67.777261,0, ,0.0,0.0,0.0,0.0,1,1650,0,0,0,0,0,0

STAR,LEPE1G,28,5
IF,LEPES,69.963889,66.184444, ,0.0,0.0,0,0,0,0,0,0,0,0
TF,UNKOR,70.198333,67.331111,0, ,0.0,0.0,0.0,0.0,2,6000,0,0,0,0,0,0
TF,DB011,70.145800,68.579756,0, ,0.0,0.0,0.0,0.0,1,1650,0,0,0,0,0,0

STAR,NONR1C,ALL,2
IF,NONRA,70.030000,69.471389, ,0.0,0.0,0,0,0,0,0,0,0,0
TF,DEGIT,70.115556,69.212222,0, ,0.0,0.0,0.0,0.0,2,6000,0,0,0,0,0,0
TF,BN,70.316056,68.349028,0, ,0.0,0.0,0.0,0.0,2,1650,0,0,0,0,0,0

STAR,NONR1F,10,5
IF,NONRA,70.030000,69.471389, ,0.0,0.0,0,0,0,0,0,0,0,0
TF,DEGIT,70.115556,69.212222,0, ,0.0,0.0,0.0,0.0,2,6000,0,0,0,0,0,0
TF,DB003,70.206978,67.968936,0, ,0.0,0.0,0.0,0.0,0,0,0,0,0,0,0,0
TF,DB004,70.337203,67.777261,0, ,0.0,0.0,0.0,0.0,1,1650,0,0,0,0,0,0

STAR,NONR1G,28,5
IF,NONRA,70.030000,69.471389, ,0.0,0.0,0,0,0,0,0,0,0,0
TF,DEGIT,70.115556,69.212222,0, ,0.0,0.0,0.0,0.0,2,6000,0,0,0,0,0,0
TF,DB012,70.218658,68.733678,0, ,0.0,0.0,0.0,0.0,1,1320,0,0,0,0,0,0

STAR,TALN1C,ALL,2
IF,TALNA,68.900556,69.448056, ,0.0,0.0,0,0,0,0,0,0,0,0
TF,KEMIB,69.975278,68.667778,0, ,0.0,0.0,0.0,0.0,2,6000,0,0,0,0,0,0
TF,BN,70.316056,68.349028,0, ,0.0,0.0,0.0,0.0,2,1650,0,0,0,0,0,0

STAR,TALN1F,10,5
IF,TALNA,68.900556,69.448056, ,0.0,0.0,0,0,0,0,0,0,0,0
TF,KEMIB,69.975278,68.667778,0, ,0.0,0.0,0.0,0.0,2,6000,0,0,0,0,0,0
TF,DB003,70.206978,67.968936,0, ,0.0,0.0,0.0,0.0,0,0,0,0,0,0,0,0
TF,DB004,70.337203,67.777261,0, ,0.0,0.0,0.0,0.0,1,1650,0,0,0,0,0,0

STAR,TALN1G,28,5
IF,TALNA,68.900556,69.448056, ,0.0,0.0,0,0,0,0,0,0,0,0
TF,KEMIB,69.975278,68.667778,0, ,0.0,0.0,0.0,0.0,2,6000,0,0,0,0,0,0
TF,DB011,70.145800,68.579756,0, ,0.0,0.0,0.0,0.0,1,1650,0,0,0,0,0,0

STAR,TUMO1C,ALL,2
IF,TUMOK,71.217222,66.906111, ,0.0,0.0,0,0,0,0,0,0,0,0
TF,RENLA,70.645833,67.917500,0, ,0.0,0.0,0.0,0.0,2,6000,0,0,0,0,0,0
TF,BN,70.316056,68.349028,0, ,0.0,0.0,0.0,0.0,2,1650,0,0,0,0,0,0

STAR,TUMO1F,10,5
IF,TUMOK,71.217222,66.906111, ,0.0,0.0,0,0,0,0,0,0,0,0
TF,RENLA,70.645833,67.917500,0, ,0.0,0.0,0.0,0.0,2,6000,0,0,0,0,0,0
TF,DB007,70.410742,67.929753,0, ,0.0,0.0,0.0,0.0,1,1650,0,0,0,0,0,0

STAR,TUMO1G,28,5
IF,TUMOK,71.217222,66.906111, ,0.0,0.0,0,0,0,0,0,0,0,0
TF,RENLA,70.645833,67.917500,0, ,0.0,0.0,0.0,0.0,2,6000,0,0,0,0,0,0
TF,DB009,70.291383,68.888692,0, ,0.0,0.0,0.0,0.0,1,1320,0,0,0,0,0,0

APPTR,J10,10,DB004
IF,DB004,70.337203,67.777261, ,0.0,0.0,1,1650,0,0,0,0,1,0
TF,DB007,70.410742,67.929753,0,DB10,0.0,0.0,0.0,0.0,1,1320,0,0,0,0,1,0

APPTR,J10,10,DB006
IF,DB006,70.484150,68.083344, ,0.0,0.0,1,1320,0,0,0,0,1,0
TF,DB007,70.410742,67.929753,0,DB10,0.0,0.0,0.0,0.0,1,1320,0,0,0,0,1,0

FINAL,J10,10,G,3
IF,DB007,70.410742,67.929753,DB10,0.0,0.0,1,1320,0,0,0,0,1,0
TF,DB008,70.361989,68.136658,0,DB10,0.0,0.0,98.0,5.1,1,1320,0,0,0,0,2,0
TF,RW10,70.322031,68.304772,0,DB10,0.0,0.0,98.0,4.2,1,71,0,0,0,0,3,1
TF,DB001,70.282289,68.470678,0, ,0.0,0.0,0.0,0.0,2,430,0,0,0,0,0,1
CF,DB006,70.484150,68.083344,1,BN,304.2,11.5,278.0,14.0,1,1320,0,0,0,0,0,0

APPTR,J28,28,DB009
IF,DB009,70.291383,68.888692, ,0.0,0.0,1,1320,0,0,0,0,1,0
TF,DB012,70.218658,68.733678,0,DB28,0.0,0.0,0.0,0.0,1,1320,0,0,0,0,1,0

APPTR,J28,28,DB011
IF,DB011,70.145800,68.579756, ,0.0,0.0,1,1650,0,0,0,0,1,0
TF,DB012,70.218658,68.733678,0,DB28,0.0,0.0,0.0,0.0,1,1320,0,0,0,0,1,0

FINAL,J28,28,G,3
IF,DB012,70.218658,68.733678,DB28,0.0,0.0,1,1320,0,0,0,0,1,0
TF,DB013,70.268153,68.529392,0,DB28,0.0,0.0,278.0,5.1,1,1320,0,0,0,0,2,0
TF,RW28,70.308261,68.362400,0,DB28,0.0,0.0,278.0,4.2,1,73,0,0,0,0,3,1
TF,DB002,70.347903,68.196075,0, ,0.0,0.0,0.0,0.0,2,430,0,0,0,0,0,1
CF,DB009,70.291383,68.888692,2,BN,69.5,11.1,98.0,14.0,1,1320,0,0,0,0,0,0

APPTR,N10,10,BN1
IF,BN,70.316056,68.349028, ,0.0,0.0,2,1650,0,0,0,0,1,0
FC,BN,70.316056,68.349028,0,BN,0.0,0.0,299.0,7.0,1,1320,0,0,0,0,0,1
CF,FN10,70.355342,68.138142,1,BN,271.0,4.9,91.0,2.0,1,1320,0,0,0,0,0,0

APPTR,N10,10,BN2
IF,BN,70.316056,68.349028, ,0.0,0.0,2,1650,0,0,0,0,1,0
FC,BN,70.316056,68.349028,0,BN,0.0,0.0,281.0,7.0,1,1320,0,0,0,0,0,1
CF,FN10,70.355342,68.138142,1,BN,271.0,4.9,91.0,6.0,1,1320,0,0,0,0,0,0

APPTR,N10,10,BN3
IF,BN,70.316056,68.349028, ,0.0,0.0,2,1650,0,0,0,0,0,0
HF,BN,70.316056,68.349028,1, ,0.0,0.0,91.0,04.3,1,1320,0,0,0,0,1,0,0

APPTR,N10,10,BN4
IF,BN,70.316056,68.349028, ,0.0,0.0,2,1650,0,0,0,0,0,0
HF,BN,70.316056,68.349028,1, ,0.0,0.0,91.0,04.3,1,1320,0,0,0,0,1,0,0

FINAL,N10,10,N,2
IF,FN10,70.355342,68.138142,BN,0.0,0.0,1,1320,0,0,0,0,2,0
CF,RW10,70.322031,68.304772,0,BN,0.0,0.0,91.0,3.9,1,71,0,0,0,0,3,0
TF,BN,70.316056,68.349028,0, ,0.0,0.0,0.0,0.0,2,430,0,0,0,0,0,1
CA,0,91.0,2,1320,0,0,0,0,0,0
DF,BN,70.316056,68.349028,2, ,0.0,0.0,1,1320,0,0,0,0,0,0

APPTR,N28,28,BN1
IF,BN,70.316056,68.349028, ,0.0,0.0,2,1650,0,0,0,0,1,0
FC,BN,70.316056,68.349028,0,BN,0.0,0.0,78.0,7.0,1,1320,0,0,0,0,0,1
CF,FN28,70.264786,68.505919,2,BN,106.0,4.4,286.0,3.0,1,1320,0,0,0,0,0,0

APPTR,N28,28,BN2
IF,BN,70.316056,68.349028, ,0.0,0.0,2,1650,0,0,0,0,1,0
FC,BN,70.316056,68.349028,0,BN,0.0,0.0,95.0,7.0,1,1320,0,0,0,0,0,1
CF,FN28,70.264786,68.505919,2,BN,106.0,4.4,286.0,3.0,1,1320,0,0,0,0,0,0

APPTR,N28,28,BN3
IF,BN,70.316056,68.349028, ,0.0,0.0,2,1650,0,0,0,0,0,0
HF,BN,70.316056,68.349028,2, ,0.0,0.0,286.0,04.3,1,1320,0,0,0,0,1,0,0

APPTR,N28,28,BN4
IF,BN,70.316056,68.349028, ,0.0,0.0,2,1650,0,0,0,0,0,0
HF,BN,70.316056,68.349028,2, ,0.0,0.0,286.0,04.3,1,1320,0,0,0,0,1,0,0

FINAL,N28,28,N,3
IF,FN28,70.264786,68.505919,BN,0.0,0.0,1,1320,0,0,0,0,2,0
CF,EN28,70.310056,68.367442,0,BN,0.0,0.0,286.0,3.9,1,73,0,0,0,0,0,1
CF,BN,70.316056,68.349028,0,BN,0.0,0.0,286.0,0.5,2,460,0,0,0,0,3,1
FA,BN,70.316056,68.349028,0,BN,0.0,0.0,286.0,2,1320,0,0,0,0,0,0
DF,BN,70.316056,68.349028,1, ,0.0,0.0,0,0,0,0,0,0,0,0

APPTR,R10,10,DB004
IF,DB004,70.337203,67.777261, ,0.0,0.0,1,1650,0,0,0,0,1,0
TF,DB007,70.410742,67.929753,0, ,0.0,0.0,0.0,0.0,1,1320,0,0,0,0,1,0

APPTR,R10,10,DB006
IF,DB006,70.484150,68.083344, ,0.0,0.0,1,1320,0,0,0,0,1,0
TF,DB007,70.410742,67.929753,0, ,0.0,0.0,0.0,0.0,1,1320,0,0,0,0,1,0

FINAL,R10,10,R,3
IF,DB007,70.410742,67.929753, ,0.0,0.0,1,1320,0,0,0,0,1,0
TF,DB008,70.361989,68.136658,0, ,0.0,0.0,98.0,5.1,1,1320,0,0,0,0,2,0
TF,RW10,70.322031,68.304772,0, ,0.0,0.0,98.0,4.2,1,71,0,0,0,0,3,1
TF,DB001,70.282289,68.470678,0, ,0.0,0.0,0.0,0.0,2,430,0,0,0,0,0,1
CF,DB006,70.484150,68.083344,1,BN,304.2,11.5,278.0,14.0,1,1320,0,0,0,0,0,0

APPTR,R28,28,DB009
IF,DB009,70.291383,68.888692, ,0.0,0.0,1,1320,0,0,0,0,1,0
TF,DB012,70.218658,68.733678,0, ,0.0,0.0,0.0,0.0,1,1320,0,0,0,0,1,0

APPTR,R28,28,DB011
IF,DB011,70.145800,68.579756, ,0.0,0.0,1,1650,0,0,0,0,1,0
TF,DB012,70.218658,68.733678,0, ,0.0,0.0,0.0,0.0,1,1320,0,0,0,0,1,0

FINAL,R28,28,R,3
IF,DB012,70.218658,68.733678, ,0.0,0.0,1,1320,0,0,0,0,1,0
TF,DB013,70.268153,68.529392,0, ,0.0,0.0,278.0,5.1,1,1320,0,0,0,0,2,0
TF,RW28,70.308261,68.362400,0, ,0.0,0.0,278.0,4.2,1,73,0,0,0,0,3,1
TF,DB002,70.347903,68.196075,0, ,0.0,0.0,0.0,0.0,2,430,0,0,0,0,0,1
CF,DB009,70.291383,68.888692,2,BN,69.5,11.1,98.0,14.0,1,1320,0,0,0,0,0,0

