SID,BUR12D,12L,2
CA,0,115.0,2,1400,0,0,0,0,0,0
CF,BUROT,38.481111,59.165833,0,ASB,49.6,48.6,45.0,46.0,0,0,0,0,0,0,0,0

SID,BUR12D,12R,2
CA,0,115.0,2,1400,0,0,0,0,0,0
CF,BUROT,38.481111,59.165833,0,ASB,49.6,48.6,45.0,46.0,0,0,0,0,0,0,0,0

SID,BUR30D,30L,2
CD, ,0,0,0,ASB,0,0.0,295.0,3.0,2,1400,0,0,0,0,0,0
CF,BUROT,38.481111,59.165833,2,ASB,49.6,48.6,57.0,49.0,0,0,0,0,0,0,0,0

SID,BUR30D,30R,2
CD, ,0,0,0,ASB,0,0.0,295.0,3.0,2,1400,0,0,0,0,0,0
CF,BUROT,38.481111,59.165833,2,ASB,49.6,48.6,57.0,49.0,0,0,0,0,0,0,0,0

SID,DOL12D,12L,2
CA,0,115.0,2,1400,0,0,0,0,0,0
CF,DOLOS,38.400000,58.283333,1,ASB,350.1,23.9,336.0,25.0,0,0,0,0,0,0,0,0

SID,DOL12D,12R,2
CA,0,115.0,2,1400,0,0,0,0,0,0
CF,DOLOS,38.400000,58.283333,1,ASB,350.1,23.9,336.0,25.0,0,0,0,0,0,0,0,0

SID,DOL30D,30L,2
CD, ,0,0,0,ASB,0,0.0,295.0,3.0,2,1400,0,0,0,0,0,0
CF,DOLOS,38.400000,58.283333,0,ASB,350.1,23.9,359.0,22.0,0,0,0,0,0,0,0,0

SID,DOL30D,30R,2
CD, ,0,0,0,ASB,0,0.0,295.0,3.0,2,1400,0,0,0,0,0,0
CF,DOLOS,38.400000,58.283333,0,ASB,350.1,23.9,359.0,22.0,0,0,0,0,0,0,0,0

SID,KEM12D,12L,2
CA,0,115.0,2,1400,0,0,0,0,0,0
CF,KEMOR,37.891389,59.350000,0,ASB,93.6,48.6,93.0,45.0,0,0,0,0,0,0,0,0

SID,KEM12D,12R,2
CA,0,115.0,2,1400,0,0,0,0,0,0
CF,KEMOR,37.891389,59.350000,0,ASB,93.6,48.6,93.0,45.0,0,0,0,0,0,0,0,0

SID,KEM30D,30L,2
CD, ,0,0,0,ASB,0,0.0,295.0,3.0,2,1400,0,0,0,0,0,0
CF,KEMOR,37.891389,59.350000,2,ASB,93.6,48.6,100.0,51.0,0,0,0,0,0,0,0,0

SID,KEM30D,30R,2
CD, ,0,0,0,ASB,0,0.0,295.0,3.0,2,1400,0,0,0,0,0,0
CF,KEMOR,37.891389,59.350000,2,ASB,93.6,48.6,100.0,51.0,0,0,0,0,0,0,0,0

SID,MAM12D,12L,2
CA,0,115.0,2,1400,0,0,0,0,0,0
CF,MAMED,38.617500,57.665000,1,ASB,315.5,48.6,309.0,51.0,0,0,0,0,0,0,0,0

SID,MAM12D,12R,2
CA,0,115.0,2,1400,0,0,0,0,0,0
CF,MAMED,38.617500,57.665000,1,ASB,315.5,48.6,309.0,51.0,0,0,0,0,0,0,0,0

SID,MAM30D,30L,2
CD, ,0,0,0,ASB,0,0.0,295.0,3.0,2,1400,0,0,0,0,0,0
CF,MAMED,38.617500,57.665000,0,ASB,315.5,48.6,317.0,46.0,0,0,0,0,0,0,0,0

SID,MAM30D,30R,2
CD, ,0,0,0,ASB,0,0.0,295.0,3.0,2,1400,0,0,0,0,0,0
CF,MAMED,38.617500,57.665000,0,ASB,315.5,48.6,317.0,46.0,0,0,0,0,0,0,0,0

SID,ORP12D,12L,2
CA,0,115.0,2,1400,0,0,0,0,0,0
CF,GUDRA,37.934722,58.605278,0,ASB,103.7,13.4,101.0,9.0,2,13000,0,0,0,0,0,0
TF,ORPAB,37.700000,58.575000,0, ,0.0,0.0,0.0,0.0,2,18000,0,0,0,0,0,0

SID,ORP12D,12R,2
CA,0,115.0,2,1400,0,0,0,0,0,0
CF,GUDRA,37.934722,58.605278,0,ASB,103.7,13.4,101.0,9.0,2,13000,0,0,0,0,0,0
TF,ORPAB,37.700000,58.575000,0, ,0.0,0.0,0.0,0.0,2,18000,0,0,0,0,0,0

SID,ORP30D,30L,2
CD, ,0,0,0,ASB,0,0.0,295.0,3.0,2,1400,0,0,0,0,0,0
CF,GUDRA,37.934722,58.605278,2,ASB,103.7,13.4,120.0,15.0,2,13000,0,0,0,0,0,0
TF,ORPAB,37.700000,58.575000,0, ,0.0,0.0,0.0,0.0,2,18000,0,0,0,0,0,0

SID,ORP30D,30R,2
CD, ,0,0,0,ASB,0,0.0,295.0,3.0,2,1400,0,0,0,0,0,0
CF,GUDRA,37.934722,58.605278,2,ASB,103.7,13.4,120.0,15.0,2,13000,0,0,0,0,0,0
TF,ORPAB,37.700000,58.575000,0, ,0.0,0.0,0.0,0.0,2,18000,0,0,0,0,0,0

SID,POD12D,12L,2
CA,0,115.0,2,1400,0,0,0,0,0,0
CF,PODOK,38.776389,58.641667,1,ASB,13.2,48.5,7.0,48.0,0,0,0,0,0,0,0,0

SID,POD12D,12R,2
CA,0,115.0,2,1400,0,0,0,0,0,0
CF,PODOK,38.776389,58.641667,1,ASB,13.2,48.5,7.0,48.0,0,0,0,0,0,0,0,0

SID,POD30D,30L,2
CD, ,0,0,0,ASB,0,0.0,295.0,3.0,2,1400,0,0,0,0,0,0
CF,PODOK,38.776389,58.641667,0,ASB,13.2,48.5,19.0,48.0,0,0,0,0,0,0,0,0

SID,POD30D,30R,2
CD, ,0,0,0,ASB,0,0.0,295.0,3.0,2,1400,0,0,0,0,0,0
CF,PODOK,38.776389,58.641667,0,ASB,13.2,48.5,19.0,48.0,0,0,0,0,0,0,0,0

SID,RIK12D,12L,2
CA,0,115.0,2,1400,0,0,0,0,0,0
CF,GUDRA,37.934722,58.605278,0,ASB,103.7,13.4,101.0,9.0,2,13000,0,0,0,0,0,0
TF,RIKOP,37.673889,58.247222,2, ,0.0,0.0,0.0,0.0,2,18000,0,0,0,0,0,0

SID,RIK12D,12R,2
CA,0,115.0,2,1400,0,0,0,0,0,0
CF,GUDRA,37.934722,58.605278,0,ASB,103.7,13.4,101.0,9.0,2,13000,0,0,0,0,0,0
TF,RIKOP,37.673889,58.247222,2, ,0.0,0.0,0.0,0.0,2,18000,0,0,0,0,0,0

SID,RIK30D,30L,2
CD, ,0,0,0,ASB,0,0.0,295.0,3.0,2,1400,0,0,0,0,0,0
CF,GUDRA,37.934722,58.605278,2,ASB,103.7,13.4,120.0,15.0,2,13000,0,0,0,0,0,0
TF,RIKOP,37.673889,58.247222,0, ,0.0,0.0,0.0,0.0,2,18000,0,0,0,0,0,0

SID,RIK30D,30R,2
CD, ,0,0,0,ASB,0,0.0,295.0,3.0,2,1400,0,0,0,0,0,0
CF,GUDRA,37.934722,58.605278,2,ASB,103.7,13.4,120.0,15.0,2,13000,0,0,0,0,0,0
TF,RIKOP,37.673889,58.247222,0, ,0.0,0.0,0.0,0.0,2,18000,0,0,0,0,0,0

SID,URA12D,12L,2
CA,0,115.0,2,1400,0,0,0,0,0,0
CF,URABA,38.224167,59.323056,0,ASB,69.9,48.6,67.0,46.0,0,0,0,0,0,0,0,0

SID,URA12D,12R,2
CA,0,115.0,2,1400,0,0,0,0,0,0
CF,URABA,38.224167,59.323056,0,ASB,69.9,48.6,67.0,46.0,0,0,0,0,0,0,0,0

SID,URA30D,30L,2
CD, ,0,0,0,ASB,0,0.0,295.0,3.0,2,1400,0,0,0,0,0,0
CF,URABA,38.224167,59.323056,2,ASB,69.9,48.6,77.0,50.0,0,0,0,0,0,0,0,0

SID,URA30D,30R,2
CD, ,0,0,0,ASB,0,0.0,295.0,3.0,2,1400,0,0,0,0,0,0
CF,URABA,38.224167,59.323056,2,ASB,69.9,48.6,77.0,50.0,0,0,0,0,0,0,0,0

STAR,BUR12A,12L,2
IF,BUROT,38.481111,59.165833, ,0.0,0.0,0,0,0,0,0,0,0,0
TF,UGMUR,38.125833,58.173333,0, ,0.0,0.0,0.0,0.0,0,0,0,0,0,0,0,0

STAR,BUR12A,12R,2
IF,BUROT,38.481111,59.165833, ,0.0,0.0,0,0,0,0,0,0,0,0
TF,UGMUR,38.125833,58.173333,0, ,0.0,0.0,0.0,0.0,0,0,0,0,0,0,0,0

STAR,BUR30A,30L,2
IF,BUROT,38.481111,59.165833, ,0.0,0.0,0,0,0,0,0,0,0,0
TF,GUDRA,37.934722,58.605278,0, ,0.0,0.0,0.0,0.0,0,0,0,0,0,0,0,0

STAR,BUR30A,30R,2
IF,BUROT,38.481111,59.165833, ,0.0,0.0,0,0,0,0,0,0,0,0
TF,GUDRA,37.934722,58.605278,0, ,0.0,0.0,0.0,0.0,0,0,0,0,0,0,0,0

STAR,DOL12A,12L,2
IF,DOLOS,38.400000,58.283333, ,0.0,0.0,0,0,0,0,0,0,0,0
TF,UGMUR,38.125833,58.173333,0, ,0.0,0.0,0.0,0.0,0,0,0,0,0,0,0,0

STAR,DOL12A,12R,2
IF,DOLOS,38.400000,58.283333, ,0.0,0.0,0,0,0,0,0,0,0,0
TF,UGMUR,38.125833,58.173333,0, ,0.0,0.0,0.0,0.0,0,0,0,0,0,0,0,0

STAR,DOL30A,30L,2
IF,DOLOS,38.400000,58.283333, ,0.0,0.0,0,0,0,0,0,0,0,0
TF,GUDRA,37.934722,58.605278,0, ,0.0,0.0,0.0,0.0,0,0,0,0,0,0,0,0

STAR,DOL30A,30R,2
IF,DOLOS,38.400000,58.283333, ,0.0,0.0,0,0,0,0,0,0,0,0
TF,GUDRA,37.934722,58.605278,0, ,0.0,0.0,0.0,0.0,0,0,0,0,0,0,0,0

STAR,KEM12A,12L,2
IF,KEMOR,37.891389,59.350000, ,0.0,0.0,0,0,0,0,0,0,0,0
TF,GIPUN,38.090000,58.437222,0, ,0.0,0.0,0.0,0.0,0,0,0,0,0,0,0,0
TF,UGMUR,38.125833,58.173333,0, ,0.0,0.0,0.0,0.0,0,0,0,0,0,0,0,0

STAR,KEM12A,12R,2
IF,KEMOR,37.891389,59.350000, ,0.0,0.0,0,0,0,0,0,0,0,0
TF,GIPUN,38.090000,58.437222,0, ,0.0,0.0,0.0,0.0,0,0,0,0,0,0,0,0
TF,UGMUR,38.125833,58.173333,0, ,0.0,0.0,0.0,0.0,0,0,0,0,0,0,0,0

STAR,KEM30A,30L,2
IF,KEMOR,37.891389,59.350000, ,0.0,0.0,0,0,0,0,0,0,0,0
TF,GUDRA,37.934722,58.605278,0, ,0.0,0.0,0.0,0.0,0,0,0,0,0,0,0,0

STAR,KEM30A,30R,2
IF,KEMOR,37.891389,59.350000, ,0.0,0.0,0,0,0,0,0,0,0,0
TF,GUDRA,37.934722,58.605278,0, ,0.0,0.0,0.0,0.0,0,0,0,0,0,0,0,0

STAR,MAM12A,12L,2
IF,MAMED,38.617500,57.665000, ,0.0,0.0,0,0,0,0,0,0,0,0
TF,UGMUR,38.125833,58.173333,0, ,0.0,0.0,0.0,0.0,0,0,0,0,0,0,0,0

STAR,MAM12A,12R,2
IF,MAMED,38.617500,57.665000, ,0.0,0.0,0,0,0,0,0,0,0,0
TF,UGMUR,38.125833,58.173333,0, ,0.0,0.0,0.0,0.0,0,0,0,0,0,0,0,0

STAR,MAM30A,30L,2
IF,MAMED,38.617500,57.665000, ,0.0,0.0,0,0,0,0,0,0,0,0
TF,GIPUN,38.090000,58.437222,0, ,0.0,0.0,0.0,0.0,0,0,0,0,0,0,0,0
TF,GUDRA,37.934722,58.605278,0, ,0.0,0.0,0.0,0.0,0,0,0,0,0,0,0,0

STAR,MAM30A,30R,2
IF,MAMED,38.617500,57.665000, ,0.0,0.0,0,0,0,0,0,0,0,0
TF,GIPUN,38.090000,58.437222,0, ,0.0,0.0,0.0,0.0,0,0,0,0,0,0,0,0
TF,GUDRA,37.934722,58.605278,0, ,0.0,0.0,0.0,0.0,0,0,0,0,0,0,0,0

STAR,ORP12A,12L,2
IF,ORPAB,37.700000,58.575000, ,0.0,0.0,2,17000,0,0,0,0,0,0
TF,GUDRA,37.934722,58.605278,0, ,0.0,0.0,0.0,0.0,0,0,0,0,0,0,0,0
TF,GIPUN,38.090000,58.437222,0, ,0.0,0.0,0.0,0.0,0,0,0,0,0,0,0,0
TF,UGMUR,38.125833,58.173333,0, ,0.0,0.0,0.0,0.0,0,0,0,0,0,0,0,0

STAR,ORP12A,12R,2
IF,ORPAB,37.700000,58.575000, ,0.0,0.0,2,17000,0,0,0,0,0,0
TF,GUDRA,37.934722,58.605278,0, ,0.0,0.0,0.0,0.0,0,0,0,0,0,0,0,0
TF,GIPUN,38.090000,58.437222,0, ,0.0,0.0,0.0,0.0,0,0,0,0,0,0,0,0
TF,UGMUR,38.125833,58.173333,0, ,0.0,0.0,0.0,0.0,0,0,0,0,0,0,0,0

STAR,ORP30A,30L,2
IF,ORPAB,37.700000,58.575000, ,0.0,0.0,2,17000,0,0,0,0,0,0
TF,GUDRA,37.934722,58.605278,0, ,0.0,0.0,0.0,0.0,0,0,0,0,0,0,0,0

STAR,ORP30A,30R,2
IF,ORPAB,37.700000,58.575000, ,0.0,0.0,2,17000,0,0,0,0,0,0
TF,GUDRA,37.934722,58.605278,0, ,0.0,0.0,0.0,0.0,0,0,0,0,0,0,0,0

STAR,POD12A,12L,2
IF,PODOK,38.776389,58.641667, ,0.0,0.0,0,0,0,0,0,0,0,0
TF,UGMUR,38.125833,58.173333,0, ,0.0,0.0,0.0,0.0,0,0,0,0,0,0,0,0

STAR,POD12A,12R,2
IF,PODOK,38.776389,58.641667, ,0.0,0.0,0,0,0,0,0,0,0,0
TF,UGMUR,38.125833,58.173333,0, ,0.0,0.0,0.0,0.0,0,0,0,0,0,0,0,0

STAR,POD30A,30L,2
IF,PODOK,38.776389,58.641667, ,0.0,0.0,0,0,0,0,0,0,0,0
TF,GUDRA,37.934722,58.605278,0, ,0.0,0.0,0.0,0.0,0,0,0,0,0,0,0,0

STAR,POD30A,30R,2
IF,PODOK,38.776389,58.641667, ,0.0,0.0,0,0,0,0,0,0,0,0
TF,GUDRA,37.934722,58.605278,0, ,0.0,0.0,0.0,0.0,0,0,0,0,0,0,0,0

STAR,RIK12A,12L,2
IF,RIKOP,37.673889,58.247222, ,0.0,0.0,2,17000,0,0,0,0,0,0
TF,GUDRA,37.934722,58.605278,0, ,0.0,0.0,0.0,0.0,0,0,0,0,0,0,0,0
TF,GIPUN,38.090000,58.437222,0, ,0.0,0.0,0.0,0.0,0,0,0,0,0,0,0,0
TF,UGMUR,38.125833,58.173333,0, ,0.0,0.0,0.0,0.0,0,0,0,0,0,0,0,0

STAR,RIK12A,12R,2
IF,RIKOP,37.673889,58.247222, ,0.0,0.0,2,17000,0,0,0,0,0,0
TF,GUDRA,37.934722,58.605278,0, ,0.0,0.0,0.0,0.0,0,0,0,0,0,0,0,0
TF,GIPUN,38.090000,58.437222,0, ,0.0,0.0,0.0,0.0,0,0,0,0,0,0,0,0
TF,UGMUR,38.125833,58.173333,0, ,0.0,0.0,0.0,0.0,0,0,0,0,0,0,0,0

STAR,RIK30A,30L,2
IF,RIKOP,37.673889,58.247222, ,0.0,0.0,2,17000,0,0,0,0,0,0
TF,GUDRA,37.934722,58.605278,0, ,0.0,0.0,0.0,0.0,0,0,0,0,0,0,0,0

STAR,RIK30A,30R,2
IF,RIKOP,37.673889,58.247222, ,0.0,0.0,2,17000,0,0,0,0,0,0
TF,GUDRA,37.934722,58.605278,0, ,0.0,0.0,0.0,0.0,0,0,0,0,0,0,0,0

STAR,URA12A,12L,2
IF,URABA,38.224167,59.323056, ,0.0,0.0,0,0,0,0,0,0,0,0
TF,UGMUR,38.125833,58.173333,0, ,0.0,0.0,0.0,0.0,0,0,0,0,0,0,0,0

STAR,URA12A,12R,2
IF,URABA,38.224167,59.323056, ,0.0,0.0,0,0,0,0,0,0,0,0
TF,UGMUR,38.125833,58.173333,0, ,0.0,0.0,0.0,0.0,0,0,0,0,0,0,0,0

STAR,URA30A,30L,2
IF,URABA,38.224167,59.323056, ,0.0,0.0,0,0,0,0,0,0,0,0
TF,GUDRA,37.934722,58.605278,0, ,0.0,0.0,0.0,0.0,0,0,0,0,0,0,0,0

STAR,URA30A,30R,2
IF,URABA,38.224167,59.323056, ,0.0,0.0,0,0,0,0,0,0,0,0
TF,GUDRA,37.934722,58.605278,0, ,0.0,0.0,0.0,0.0,0,0,0,0,0,0,0,0

APPTR,D12L,12L,UGMUR
IF,UGMUR,38.125833,58.173333, ,0.0,0.0,0,0,0,0,0,0,1,0
CF,CD12L,38.059722,58.191944,0,ASB,292.5,7.6,163.0,4.1,1,2500,0,0,0,0,1,0

FINAL,D12L,12L,D,4
IF,CD12L,38.059722,58.191944,ASB,292.5,7.6,1,2500,0,0,0,0,0,0
CF,FD12L,38.041111,58.238889,0,ASB,292.4,5.1,112.0,2.5,1,2500,0,0,0,0,2,0
CF,20VOR,38.017997,58.297856,0,ASB,292.4,2.0,112.0,3.1,1,1500,0,0,0,0,0,0
CF,MD12L,38.008503,58.321800,0,ASB,292.0,0.7,112.0,1.3,1,1092,0,0,0,0,3,0
CF,ASB,38.003167,58.335639,0,ASB,0.0,0.0,112.0,0.7,2,1100,0,0,0,0,0,0
CF,GUDRA,37.934722,58.605278,0,ASB,103.7,13.4,103.0,13.4,1,3000,0,0,0,0,0,0

APPTR,D30R,30R,GUDRA
IF,GUDRA,37.934722,58.605278, ,0.0,0.0,0,0,0,0,0,0,1,0
CF,CD30R,37.919444,58.529444,0,ASB,114.6,10.5,251.0,3.7,1,2500,0,0,0,0,1,0

FINAL,D30R,30R,D,4
IF,CD30R,37.919444,58.529444,ASB,114.6,10.5,1,2500,0,0,0,0,0,0
CF,FD30R,37.939167,58.483611,0,ASB,114.6,8.0,294.0,2.5,1,2500,0,0,0,0,2,0
CF,49VOR,37.963986,58.426303,0,ASB,114.6,4.9,294.0,3.1,2,1500,0,0,0,0,0,0
CF,MD30R,37.974386,58.402256,0,ASB,114.6,3.6,294.0,1.3,1,1097,0,0,0,0,3,0
CF,ASB,38.003167,58.335639,0,ASB,0.0,0.0,294.0,3.6,2,1100,0,0,0,0,0,0
CF,UGMUR,38.125833,58.173333,0,ASB,309.8,10.6,309.0,10.6,1,3000,0,0,0,0,0,0

APPTR,I12L,12L,UGMUR
IF,UGMUR,38.125833,58.173333, ,0.0,0.0,0,0,0,0,0,0,1,0
CF,CF12L,38.065556,58.195000,0,ABW,295.3,10.4,160.0,3.8,1,2500,0,0,0,0,1,0

FINAL,I12L,12L,I,3
IF,CF12L,38.065556,58.195000,ABW,295.3,10.4,1,2500,0,0,0,0,0,0
CF,FF12L,38.045556,58.241111,0,ABW,295.4,7.9,115.0,2.5,1,2500,0,0,0,0,2,0
CF,RW12L,38.000211,58.343108,0,ABW,295.4,2.4,115.0,5.6,1,732,0,0,0,0,3,0
FD,RW12L,38.000211,58.343108,0,ASB,112.6,2.0,115.0,2.0,2,1100,0,0,0,0,0,0
CF,GUDRA,37.934722,58.605278,0,ASB,103.7,13.4,103.0,11.5,1,3000,0,0,0,0,0,0

APPTR,I12R,12R,UGMUR
IF,UGMUR,38.125833,58.173333, ,0.0,0.0,0,0,0,0,0,0,1,0
CF,CI12R,38.056667,58.188611,0,IAD,295.8,10.4,165.0,4.2,1,2500,0,0,0,0,1,0

FINAL,I12R,12R,I,3
IF,CI12R,38.056667,58.188611,IAD,295.8,10.4,1,2500,0,0,0,0,0,0
CF,FI12R,38.035556,58.233611,0,IAD,295.5,7.9,115.0,2.5,1,2500,0,0,0,0,2,0
CF,RW12R,37.989928,58.335789,0,IAD,295.4,2.4,115.0,5.6,1,733,0,0,0,0,3,0
FA,RW12R,37.989928,58.335789,0,ASB,0.0,0.0,115.0,2,2000,0,0,0,0,0,0
VI,0, ,0.0,73.0,0,0,0,0,0,0,0,0
CF,GUDRA,37.934722,58.605278,0,ASB,103.7,13.4,103.0,7.0,1,3000,0,0,0,0,0,0

APPTR,I30L,30L,GUDRA
IF,GUDRA,37.934722,58.605278, ,0.0,0.0,0,0,0,0,0,0,1,0
CF,CI30L,37.907778,58.521667,0,IPQ,115.1,10.4,244.0,4.3,1,2500,0,0,0,0,1,0

FINAL,I30L,30L,I,3
IF,CI30L,37.907778,58.521667,IPQ,115.1,10.4,1,2500,0,0,0,0,0,0
CF,FI30L,37.927794,58.474972,0,IPQ,115.4,7.9,295.0,2.5,1,2500,0,0,0,0,2,0
CF,RW30L,37.973128,58.373478,0,IPQ,115.4,2.4,295.0,5.5,1,729,0,0,0,0,3,0
CA,0,295.0,2,2000,0,0,0,0,0,0
VI,0, ,0.0,339.0,0,0,0,0,0,0,0,0
CF,UGMUR,38.125833,58.173333,0,ASB,309.8,10.6,309.0,7.0,1,3000,0,0,0,0,0,0

APPTR,I30R,30R,GUDRA
IF,GUDRA,37.934722,58.605278, ,0.0,0.0,0,0,0,0,0,0,1,0
CF,CF30R,37.917778,58.528889,0,AHD,115.2,10.4,250.0,3.8,1,2500,0,0,0,0,0,0

FINAL,I30R,30R,I,3
IF,CF30R,37.917778,58.528889,AHD,115.2,10.4,1,2500,0,0,0,0,0,0
CF,FF30R,37.938056,58.483056,0,AHD,115.3,7.9,295.0,2.5,1,2500,0,0,0,0,2,0
CF,RW30R,37.983414,58.380803,0,AHD,115.4,2.4,295.0,5.6,1,730,0,0,0,0,3,0
CF,ASB,38.003167,58.335639,0,ASB,0.0,0.0,295.0,2.5,2,1100,0,0,0,0,0,0
CF,UGMUR,38.125833,58.173333,0,ASB,309.8,10.6,309.0,10.6,1,3000,0,0,0,0,0,0

APPTR,N12L,12L,UGMUR
IF,UGMUR,38.125833,58.173333, ,0.0,0.0,0,0,0,0,0,0,1,0
CF,CF12L,38.065556,58.195000,0,ASB,295.3,7.6,160.0,3.8,1,2500,0,0,0,0,1,0

FINAL,N12L,12L,N,3
IF,CF12L,38.065556,58.195000,GH,0.0,0.0,1,2500,0,0,0,0,0,0
CF,FF12L,38.045556,58.241111,0,GH,0.0,0.0,115.0,2.5,1,2500,0,0,0,0,2,0
CF,MN12L,38.012797,58.314575,0,GH,0.0,0.0,115.0,4.0,1,1226,0,0,0,0,3,0
CF,GH,38.004306,58.333944,0,ASB,306.4,0.1,115.0,1.1,2,1226,0,0,0,0,0,1
CF,GUDRA,37.934722,58.605278,0,ASB,103.7,13.4,103.0,13.5,1,3000,0,0,0,0,0,0

APPTR,N30R,30R,GUDRA
IF,GUDRA,37.934722,58.605278, ,0.0,0.0,0,0,0,0,0,0,1,0
CF,CF30R,37.917778,58.528889,0,ASB,115.1,10.5,250.0,3.8,1,2500,0,0,0,0,1,0

FINAL,N30R,30R,N,3
IF,CF30R,37.917778,58.528889,GH,0.0,0.0,1,2500,0,0,0,0,0,0
CF,FF30R,37.938056,58.483056,0,GH,0.0,0.0,295.0,2.5,1,2500,0,0,0,0,2,0
CF,MN30R,37.969575,58.413028,0,GH,0.0,0.0,295.0,3.8,1,1285,0,0,0,0,3,0
CF,GH,38.004306,58.333944,0,ASB,306.4,0.1,295.0,4.3,1,1285,0,0,0,0,0,0
CF,UGMUR,38.125833,58.173333,0,ASB,309.8,10.6,309.0,10.6,1,3000,0,0,0,0,0,0

