APPTR,N17,17,CB1
IF,CB,21.452867,91.965783, ,0.0,0.0,2,2000,0,0,0,0,0,0
FC,CB,21.452867,91.965783,0,CTG,0.0,0.0,327.0,7.0,2,1400,0,0,0,0,0,1
CF,FN17,21.529050,91.942433,2,CTG,172.6,44.0,165.0,3.0,2,1400,0,0,0,0,0,0

APPTR,N17,17,CB2
IF,CB,21.452867,91.965783, ,0.0,0.0,2,2000,0,0,0,0,0,0
FC,CB,21.452867,91.965783,0,CTG,0.0,0.0,333.0,7.0,2,1400,0,0,0,0,0,1
CF,FN17,21.529050,91.942433,2,CTG,172.6,44.0,165.0,3.0,2,1400,0,0,0,0,0,0

FINAL,N17,17,N,2
IF,FN17,21.529050,91.942433,CB,0.0,0.0,2,1400,0,0,0,0,2,0
CF,RW17,21.461319,91.962478,0,CB,0.0,0.0,165.0,4.2,1,62,0,0,0,0,3,1
TF,CB,21.452867,91.965783,0, ,0.0,0.0,0.0,0.0,0,0,0,0,0,0,0,0
VM,0,0,0,165.0,1,2000,0,0,0,0,0,0

APPTR,N35,35,CB1
IF,CB,21.452867,91.965783, ,0.0,0.0,2,2000,0,0,0,0,0,0
FC,CB,21.452867,91.965783,0,CTG,0.0,0.0,155.0,7.0,2,1400,0,0,0,0,0,1
CF,FN35,21.373525,91.977686,2,CTG,172.0,53.5,353.0,3.0,2,1400,0,0,0,0,0,0

APPTR,N35,35,CB2
IF,CB,21.452867,91.965783, ,0.0,0.0,2,2000,0,0,0,0,0,0
FC,CB,21.452867,91.965783,0,CTG,0.0,0.0,161.0,7.0,2,1400,0,0,0,0,0,1
CF,FN35,21.373525,91.977686,2,CTG,172.0,53.5,353.0,3.0,2,1400,0,0,0,0,0,0

FINAL,N35,35,N,2
IF,FN35,21.373525,91.977686,CB,0.0,0.0,2,1400,0,0,0,0,2,0
CF,RW35,21.442994,91.966172,0,CB,0.0,0.0,353.0,4.2,1,62,0,0,0,0,3,1
TF,CB,21.452867,91.965783,0, ,0.0,0.0,0.0,0.0,0,0,0,0,0,0,0,0
VM,0,0,0,353.0,1,2000,0,0,0,0,0,0

