APPTR,R06,06,SU401
HF,SU401,-1.403308,132.100894,2, ,0.0,0.0,64.0,04.3,2,4500,0,0,0,0,0,0,0
TF,SU402,-1.382244,132.146175,0, ,0.0,0.0,0.0,0.0,2,3800,0,0,0,0,0,0

FINAL,R06,06,R,3
IF,SU402,-1.382244,132.146175, ,0.0,0.0,2,3800,0,0,0,0,0,0
TF,SU403,-1.354186,132.206561,0, ,0.0,0.0,64.0,4.0,2,3000,0,0,0,0,2,0
TF,RW06,-1.319111,132.282044,0, ,0.0,0.0,64.0,5.0,1,1444,0,0,0,0,3,1
DF,SU404,-1.298050,132.327331,0, ,0.0,0.0,0,0,0,0,0,0,0,1
DF,SU401,-1.403308,132.100894,1, ,0.0,0.0,2,4500,0,0,0,0,0,0
HM,SU401,-1.403308,132.100894,2, ,0.0,0.0,64.0,04.3,2,4500,0,0,0,0,0,0,0

APPTR,R24,24,SU405
HF,SU405,-1.230744,132.472194,2, ,0.0,0.0,244.0,04.3,2,4500,0,0,0,0,0,0,0
TF,SU406,-1.251783,132.426892,0, ,0.0,0.0,0.0,0.0,2,3800,0,0,0,0,0,0

FINAL,R24,24,R,3
IF,SU406,-1.251783,132.426892, ,0.0,0.0,2,3800,0,0,0,0,0,0
TF,SU407,-1.279853,132.366497,0, ,0.0,0.0,244.0,4.0,2,3000,0,0,0,0,2,0
TF,RW24,-1.314942,132.291011,0, ,0.0,0.0,244.0,5.0,1,1446,0,0,0,0,3,1
DF,SU408,-1.335983,132.245719,0, ,0.0,0.0,0,0,0,0,0,0,0,1
DF,SU405,-1.230744,132.472194,1, ,0.0,0.0,2,4500,0,0,0,0,0,0
HM,SU405,-1.230744,132.472194,2, ,0.0,0.0,244.0,04.3,2,4500,0,0,0,0,0,0,0

