APPTR,R14,14,WD401
IF,WD401,-5.091192,123.471469, ,0.0,0.0,2,4000,0,0,0,0,1,0
TF,WD402,-5.155892,123.524486,0, ,0.0,0.0,0.0,0.0,2,2800,0,0,0,0,1,0

FINAL,R14,14,R,3
IF,WD402,-5.155892,123.524486, ,0.0,0.0,2,2800,0,0,0,0,0,0
TF,WD403,-5.220586,123.577517,0, ,0.0,0.0,140.0,5.0,2,1700,0,0,0,0,2,0
TF,RW14,-5.285278,123.630556,0, ,0.0,0.0,140.0,5.0,1,112,0,0,0,0,3,1
DF,WD401,-5.091192,123.471469,1, ,0.0,0.0,1,4000,0,0,0,0,0,0
HM,WD401,-5.091192,123.471469,2, ,0.0,0.0,140.0,04.3,2,4000,0,0,0,0,0,0,0

APPTR,R32,32,WD404
IF,WD404,-5.493214,123.801131, ,0.0,0.0,2,4000,0,0,0,0,0,0
TF,WD405,-5.428536,123.748072,0, ,0.0,0.0,0.0,0.0,2,2700,0,0,0,0,0,0

FINAL,R32,32,R,3
IF,WD405,-5.428536,123.748072, ,0.0,0.0,2,2700,0,0,0,0,0,0
TF,WD406,-5.363853,123.694994,0, ,0.0,0.0,320.0,5.0,2,1690,0,0,0,0,2,0
TF,RW32,-5.299167,123.641944,0, ,0.0,0.0,320.0,5.0,1,102,0,0,0,0,3,1
DF,WD404,-5.493214,123.801131,2, ,0.0,0.0,1,4000,0,0,0,0,0,0
HM,WD404,-5.493214,123.801131,2, ,0.0,0.0,320.0,04.3,2,4000,0,0,0,0,0,0,0

