SID,ADNU1S,15,2
DF,SM,3.088139,101.573556,0, ,0.0,0.0,2,900,0,0,0,0,0,1
CR,2,VBA,168.0,275.0,3,3000,0,1,210,0,0,0
CI,0, ,0.0,315.0,0,0,0,0,0,0,0,0
CF,VBA,3.324806,101.456917,0,VBA,0.0,0.0,360.0,15.0,2,6500,0,0,0,0,0,0
TF,ADNUT,3.359200,102.627200,0, ,0.0,0.0,0.0,0.0,0,0,0,0,0,0,0,0

SID,ADNU1T,15,2
DF,SM,3.088139,101.573556,0, ,0.0,0.0,2,1030,0,0,0,0,0,1
CI,1, ,0.0,345.0,0,0,0,1,230,0,0,0
CF,D134E,3.266631,101.516850,0,VBA,134.0,5.0,314.0,11.0,2,5500,0,0,0,0,0,1
CF,ADNUT,3.359200,102.627200,2,VBA,88.3,70.3,88.0,65.0,0,0,0,0,0,0,0,0

SID,AGOSA,15,2
CF,VKL20,3.033411,101.609283,0,VKL,337.3,20.0,149.0,8.0,0,0,0,0,0,0,0,0
CA,0,149.0,2,1500,0,0,0,0,0,0
CI,2, ,0.0,275.0,3,5500,0,0,0,0,0,0
CF,AGOSA,3.144700,101.219200,0,VKL,308.9,40.0,309.0,18.0,0,0,0,0,0,0,0,0

SID,BATA1S,15,2
DF,SM,3.088139,101.573556,0, ,0.0,0.0,1,900,0,0,0,0,0,1
CR,2,VBA,168.0,275.0,3,3000,0,1,210,0,0,0
CR,0,VBA,180.0,275.0,0,0,0,0,0,0,0,0
CD, ,0,0,0,VBA,0,0.0,186.0,38.0,0,0,0,0,0,0,0,0
CF,RUMID,2.337778,101.607500,0,VKL,198.8,24.4,148.0,25.0,0,0,0,0,0,0,0,0
TF,BATAR,2.166700,102.083300,0, ,0.0,0.0,0.0,0.0,0,0,0,0,0,0,0,0

SID,BATAR,33,2
CA,0,329.0,2,1500,0,0,0,0,0,0
VI,1, ,0.0,220.0,3,6000,0,0,0,0,0,0
CF,VBA22,2.955419,101.456944,0,VBA,180.0,22.1,180.0,15.0,0,0,0,0,0,0,0,0
TF,VBA44,2.587864,101.456917,0, ,0.0,0.0,0.0,0.0,0,0,0,0,0,0,0,1
VI,0, ,0.0,148.0,0,0,0,0,0,0,0,0
CF,BATAR,2.166700,102.083300,0,VKL,148.1,39.2,118.0,38.0,0,0,0,0,0,0,0,0

SID,BILI1S,15,2
DF,SM,3.088139,101.573556,0, ,0.0,0.0,2,900,0,0,0,0,0,1
CR,2,VBA,168.0,275.0,3,3000,0,1,210,0,0,0
CI,0, ,0.0,315.0,0,0,0,0,0,0,0,0
CF,VBA,3.324806,101.456917,0,VBA,0.0,0.0,360.0,15.0,2,6500,0,0,0,0,0,0
TF,BILIK,3.345300,101.127500,0, ,0.0,0.0,0.0,0.0,0,0,0,0,0,0,0,0

SID,BILI1T,15,2
DF,SM,3.088139,101.573556,0, ,0.0,0.0,2,1030,0,0,0,0,0,1
CI,1, ,0.0,345.0,0,0,0,1,230,0,0,0
CF,VBA,3.324806,101.456917,0,VBA,0.0,0.0,314.0,14.0,2,6500,0,0,0,0,0,0
TF,BILIK,3.345300,101.127500,0, ,0.0,0.0,0.0,0.0,0,0,0,0,0,0,0,0

SID,BILIKA,33,2
DF,DER33,3.145353,101.540756,0, ,0.0,0.0,2,500,0,0,0,0,0,1
CF,VBA,3.324806,101.456917,0,VBA,0.0,0.0,334.0,11.8,3,6000,0,0,0,0,0,0
TF,BILIK,3.345300,101.127500,0, ,0.0,0.0,0.0,0.0,0,0,0,0,0,0,0,0

SID,BILIKB,33,2
CF,VBA10,3.174267,101.529958,0,VBA,154.0,10.0,329.0,4.0,2,500,0,0,0,0,0,0
CF,D234G,3.255947,101.362631,0,VBA,234.0,7.0,291.0,10.0,3,6000,0,0,0,0,0,0
TF,BILIK,3.345300,101.127500,0, ,0.0,0.0,0.0,0.0,0,0,0,0,0,0,0,0

SID,DUMO1S,15,2
DF,SM,3.088139,101.573556,0, ,0.0,0.0,1,900,0,0,0,0,0,1
CR,2,VBA,168.0,275.0,3,3000,0,1,210,0,0,0
CR,0,VBA,180.0,275.0,0,0,0,0,0,0,0,0
CD, ,0,0,0,VBA,0,0.0,186.0,38.0,0,0,0,0,0,0,0,0
CF,RUMID,2.337778,101.607500,0,VKL,198.8,24.4,148.0,25.0,0,0,0,0,0,0,0,0
TF,DUMOK,2.299200,102.004200,0, ,0.0,0.0,0.0,0.0,0,0,0,0,0,0,0,0

SID,GUPTA,15,1
CF,D153T,3.027228,101.609964,0,VBA,152.7,20.0,149.0,8.0,2,2200,0,0,0,0,0,1
CA,0,149.0,2,2200,0,0,0,0,0,0
DF,VB29C,2.926897,101.734006,0, ,0.0,0.0,3,5500,0,0,0,0,0,0
CI,0, ,0.0,100.0,0,0,0,0,0,0,0,0
CF,VBA69,2.518186,102.280061,0,VBA,134.2,69.0,134.0,34.0,2,12000,0,0,0,0,0,0
TF,GUPTA,2.163300,102.641700,0, ,0.0,0.0,0.0,0.0,0,0,0,0,0,0,0,0

SID,GUPTA,33,1
CA,0,329.0,2,2500,0,0,0,0,0,0
VI,2, ,0.0,90.0,3,6000,0,0,0,0,0,0
CF,VBA20,3.092086,101.696614,0,VBA,134.0,20.0,144.0,15.0,0,0,0,0,0,0,0,0
TF,VBA69,2.518186,102.280061,0, ,0.0,0.0,0.0,0.0,2,12000,0,0,0,0,0,0
TF,GUPTA,2.163300,102.641700,0, ,0.0,0.0,0.0,0.0,0,0,0,0,0,0,0,0

SID,KIMA1S,15,2
DF,SM,3.088139,101.573556,0, ,0.0,0.0,2,900,0,0,0,0,0,1
CR,2,VBA,168.0,275.0,3,3000,0,1,210,0,0,0
CI,0, ,0.0,315.0,0,0,0,0,0,0,0,0
CF,VBA,3.324806,101.456917,0,VBA,0.0,0.0,360.0,15.0,2,6500,0,0,0,0,0,0
TF,KIMAT,3.162200,102.350600,2, ,0.0,0.0,0.0,0.0,0,0,0,0,0,0,0,0

SID,KIMA1T,15,2
DF,SM,3.088139,101.573556,0, ,0.0,0.0,2,1030,0,0,0,0,0,1
CI,1, ,0.0,345.0,0,0,0,1,230,0,0,0
CF,D134E,3.266631,101.516850,0,VBA,134.0,5.0,314.0,9.0,2,5500,0,0,0,0,0,1
CF,KIMAT,3.162200,102.350600,2,VBA,100.2,54.5,100.0,50.0,0,0,0,0,0,0,0,0

SID,MATS1S,15,2
DF,SM,3.088139,101.573556,0, ,0.0,0.0,2,900,0,0,0,0,0,1
CR,2,VBA,168.0,275.0,3,3000,0,1,210,0,0,0
CI,0, ,0.0,315.0,0,0,0,0,0,0,0,0
CF,VBA,3.324806,101.456917,0,VBA,0.0,0.0,360.0,15.0,2,6500,0,0,0,0,0,0
TF,MATSU,3.437200,102.103900,0, ,0.0,0.0,0.0,0.0,0,0,0,0,0,0,0,0

SID,MATS1T,15,2
DF,SM,3.088139,101.573556,0, ,0.0,0.0,2,1030,0,0,0,0,0,1
CI,1, ,0.0,345.0,0,0,0,1,230,0,0,0
CF,D134E,3.266631,101.516850,0,VBA,134.0,5.0,314.0,9.0,2,5500,0,0,0,0,0,1
CF,MATSU,3.437200,102.103900,2,VBA,80.2,39.4,79.0,35.0,0,0,0,0,0,0,0,0

SID,MITO1S,15,2
DF,SM,3.088139,101.573556,0, ,0.0,0.0,1,900,0,0,0,0,0,1
CR,2,VBA,168.0,275.0,3,3000,0,1,210,0,0,0
CR,0,VBA,180.0,275.0,0,0,0,0,0,0,0,0
CD, ,0,0,0,VBA,0,0.0,186.0,38.0,0,0,0,0,0,0,0,0
CF,RUMID,2.337778,101.607500,0,VKL,198.8,24.4,148.0,25.0,0,0,0,0,0,0,0,0
TF,MITOS,1.975000,102.102800,0, ,0.0,0.0,0.0,0.0,0,0,0,0,0,0,0,0

SID,PULI1S,15,2
DF,SM,3.088139,101.573556,0, ,0.0,0.0,2,900,0,0,0,0,0,1
CR,2,VBA,168.0,275.0,3,3000,0,1,210,0,0,0
CI,0, ,0.0,315.0,0,0,0,0,0,0,0,0
CF,VBA,3.324806,101.456917,0,VBA,0.0,0.0,360.0,15.0,2,6500,0,0,0,0,0,0
TF,PULIP,3.673333,101.896667,0, ,0.0,0.0,0.0,0.0,0,0,0,0,0,0,0,0

SID,PULI1T,15,2
DF,SM,3.088139,101.573556,0, ,0.0,0.0,2,1030,0,0,0,0,0,1
CI,1, ,0.0,345.0,0,0,0,1,230,0,0,0
CF,D134E,3.266631,101.516850,0,VBA,134.0,5.0,314.0,9.0,2,5500,0,0,0,0,0,1
CI,0, ,0.0,21.0,0,0,0,0,0,0,0,0
CF,PULIP,3.673333,101.896667,0,VBA,51.7,33.6,51.0,29.0,0,0,0,0,0,0,0,0

SID,RUMI1S,15,2
DF,SM,3.088139,101.573556,0, ,0.0,0.0,1,900,0,0,0,0,0,1
CR,2,VBA,168.0,275.0,3,3000,0,1,210,0,0,0
CR,0,VBA,180.0,275.0,0,0,0,0,0,0,0,0
CD, ,0,0,0,VBA,0,0.0,186.0,38.0,0,0,0,0,0,0,0,0
CF,RUMID,2.337778,101.607500,0,VKL,198.8,24.4,148.0,25.0,0,0,0,0,0,0,0,0

SID,SUBAN1,15,1
DF,DER15,3.115881,101.558025,0, ,0.0,0.0,0,0,0,0,0,0,0,1
VA,0,149.0,2,1600,0,0,0,0,0,0
VM,0,0,0,149.0,0,0,0,0,0,0,0,0

SID,SUBAN1,33,1
DF,DER33,3.145353,101.540756,0, ,0.0,0.0,0,0,0,0,0,0,0,1
VA,0,329.0,2,1600,0,0,0,0,0,0
VM,0,0,0,329.0,0,0,0,0,0,0,0,0

SID,SUKA1S,15,2
DF,SM,3.088139,101.573556,0, ,0.0,0.0,2,900,0,0,0,0,0,1
CR,2,VBA,168.0,275.0,3,3000,0,1,210,0,0,0
CI,0, ,0.0,315.0,0,0,0,0,0,0,0,0
CF,VBA,3.324806,101.456917,0,VBA,0.0,0.0,360.0,15.0,2,6500,0,0,0,0,0,0
TF,SUKAT,3.590278,101.020000,0, ,0.0,0.0,0.0,0.0,0,0,0,0,0,0,0,0

SID,SUKA1T,15,2
DF,SM,3.088139,101.573556,0, ,0.0,0.0,2,1030,0,0,0,0,0,1
CI,1, ,0.0,345.0,0,0,0,1,230,0,0,0
CF,VBA,3.324806,101.456917,0,VBA,0.0,0.0,314.0,14.0,2,6500,0,0,0,0,0,0
TF,SUKAT,3.590278,101.020000,0, ,0.0,0.0,0.0,0.0,0,0,0,0,0,0,0,0

SID,SUKAT,33,2
DF,DER33,3.145353,101.540756,0, ,0.0,0.0,2,500,0,0,0,0,0,1
CF,VBA,3.324806,101.456917,0,VBA,0.0,0.0,334.0,11.8,3,6000,0,0,0,0,0,0
TF,SUKAT,3.590278,101.020000,0, ,0.0,0.0,0.0,0.0,0,0,0,0,0,0,0,0

SID,VKL,15,1
CA,0,149.0,2,1500,0,0,0,0,0,0
CF,D334K,2.890031,101.657731,0,VKL,334.0,11.0,154.0,13.0,3,5500,0,0,0,0,0,0
TF,VKL,2.724444,101.738056,0, ,0.0,0.0,0.0,0.0,3,10000,0,0,0,0,0,0

SID,VKL,33,1
CA,0,329.0,2,1500,0,0,0,0,0,0
VM,0,0,1,220.0,3,6000,0,0,0,0,0,0
CF,VKL,2.724444,101.738056,1,VKL,0.0,0.0,136.0,29.0,0,0,0,0,0,0,0,0

STAR,CE1,DAKUS,1
IF,DAKUS,3.803900,101.317500, ,0.0,0.0,0,0,0,0,0,0,0,0
TF,D344O,3.565939,101.386764,0, ,0.0,0.0,0.0,0.0,2,6000,0,0,0,0,0,0
TF,D344C,3.373031,101.442889,0, ,0.0,0.0,0.0,0.0,2,3000,0,0,0,0,0,0
TF,CE,3.295083,101.451917,0, ,0.0,0.0,0.0,0.0,2,2500,0,0,0,0,0,0

STAR,CE1,GOBAS,1
IF,GOBAS,3.356400,100.956100, ,0.0,0.0,0,0,0,0,0,0,0,0
TF,D273T,3.345603,101.127597,0, ,0.0,0.0,0.0,0.0,2,7000,0,0,0,0,0,0
TF,D273C,3.327961,101.407019,0, ,0.0,0.0,0.0,0.0,2,3000,0,0,0,0,0,0
TF,CE,3.295083,101.451917,0, ,0.0,0.0,0.0,0.0,2,2500,0,0,0,0,0,0

STAR,CE1,PIBOS,1
IF,PIBOS,3.351700,102.054400, ,0.0,0.0,0,0,0,0,0,0,0,0
TF,VB29A,3.346642,101.939711,0, ,0.0,0.0,0.0,0.0,2,9000,0,0,0,0,0,0
TF,VBA15,3.336131,101.706636,0, ,0.0,0.0,0.0,0.0,2,7200,0,0,0,0,0,0
TF,VBA11,3.333117,101.640042,0, ,0.0,0.0,0.0,0.0,2,6000,0,0,0,0,0,0
TF,VBA04,3.327831,101.523506,0, ,0.0,0.0,0.0,0.0,2,3700,0,0,0,0,0,0
TF,D088B,3.325939,101.481886,0, ,0.0,0.0,0.0,0.0,0,0,0,0,0,0,0,1
CF,CE,3.295083,101.451917,1,VBA,189.6,1.8,149.0,1.0,2,2500,0,1,180,0,0,0

STAR,CE1,PULIP,1
IF,PULIP,3.673333,101.896667, ,0.0,0.0,0,0,0,0,0,0,0,0
TF,VB22A,3.553017,101.744792,0, ,0.0,0.0,0.0,0.0,2,10000,0,0,0,0,0,0
TF,VB15A,3.480414,101.653181,0, ,0.0,0.0,0.0,0.0,2,7200,0,0,0,0,0,0
TF,VB11A,3.438922,101.600836,0, ,0.0,0.0,0.0,0.0,2,6000,0,0,0,0,0,0
TF,VBA05,3.376678,101.522331,0, ,0.0,0.0,0.0,0.0,2,3700,0,0,0,0,0,0
TF,VBA,3.324806,101.456917,0, ,0.0,0.0,0.0,0.0,0,0,0,0,0,0,0,0
CF,CE,3.295083,101.451917,0,VBA,189.6,1.8,149.0,1.0,2,2500,0,1,180,0,0,0

STAR,CE1,SAROX,1
IF,SAROX,2.800600,102.671900, ,0.0,0.0,0,0,0,0,0,0,0,0
TF,VBA39,3.067350,102.054156,0, ,0.0,0.0,0.0,0.0,2,13000,0,0,0,0,0,0
TF,VBA21,3.186219,101.778542,0, ,0.0,0.0,0.0,0.0,2,7000,0,0,0,0,0,0
TF,VBA12,3.245625,101.640714,0, ,0.0,0.0,0.0,0.0,2,5300,0,0,0,0,0,0
TF,VB04A,3.298414,101.518183,0, ,0.0,0.0,0.0,0.0,2,3700,0,0,0,0,0,0
TF,D113B,3.314908,101.479892,0, ,0.0,0.0,0.0,0.0,0,0,0,0,0,0,0,1
CF,CE,3.295083,101.451917,1,VBA,189.6,1.8,149.0,1.0,2,2500,0,1,180,0,0,0

STAR,CE1,SUKAT,1
IF,SUKAT,3.590278,101.020000, ,0.0,0.0,0,0,0,0,0,0,0,0
TF,D301P,3.463486,101.228744,0, ,0.0,0.0,0.0,0.0,2,7000,0,0,0,0,0,0
TF,D301C,3.350811,101.414139,0, ,0.0,0.0,0.0,0.0,2,3000,0,0,0,0,0,0
TF,CE,3.295083,101.451917,0, ,0.0,0.0,0.0,0.0,2,2500,0,0,0,0,0,0

STAR,CE1,VKL,1
IF,VKL,2.724444,101.738056, ,0.0,0.0,0,0,0,0,0,0,0,0
TF,VKL14,2.923289,101.614469,0, ,0.0,0.0,0.0,0.0,2,11000,0,0,0,0,0,0
TF,VKL29,3.136322,101.482006,0, ,0.0,0.0,0.0,0.0,2,6500,0,0,0,0,0,0
TF,VKL38,3.264133,101.402503,0, ,0.0,0.0,0.0,0.0,2,3500,0,0,0,0,0,0
CF,CE,3.295083,101.451917,2,VBA,189.6,1.8,149.0,1.0,2,2500,0,1,210,0,0,0

STAR,CE1,ALL,2
IF,CE,3.295083,101.451917, ,0.0,0.0,2,2500,0,0,0,0,0,0

FINAL,I15,15,I,3
IF,CE,3.295083,101.451917,ISB,329.2,12.5,2,2500,0,0,0,0,0,0
CF,FI15,3.252267,101.477450,0,ISB,329.2,9.6,149.0,3.0,1,2500,0,0,0,0,2,0
CF,RW15,3.145353,101.540756,0,ISB,329.2,2.1,149.0,7.4,1,122,0,0,0,0,3,0
CF,SM,3.088139,101.573556,0,VBA,153.6,15.8,149.0,4.0,2,1000,0,0,0,0,0,1
CR,2,VBA,195.0,320.0,3,2000,0,1,210,0,0,0
CA,0,320.0,2,3000,0,0,0,0,0,0
DF,RUKVU,3.225689,101.245492,0, ,0.0,0.0,0,0,0,0,0,0,0,0
HM,RUKVU,3.225689,101.245492,2, ,0.0,0.0,65.0,04.3,0,0,0,1,210,0,0,0,0

APPTR,Q15,15,CE
HF,CE,3.295083,101.451917,2, ,0.0,0.0,149.0,04.3,2,3300,0,0,0,0,0,0,0

FINAL,Q15,15,N,7
IF,CE,3.295083,101.451917,CE,0.0,0.0,2,3300,0,0,0,0,0,0
CF,FQ15,3.286756,101.456894,0,CE,0.0,0.0,149.0,0.6,2,3300,0,0,0,0,2,0
CF,80NDB,3.258039,101.474058,0,CE,0.0,0.0,149.0,2.0,2,2650,0,0,0,0,0,0
CF,60NDB,3.229322,101.491225,0,CE,0.0,0.0,149.0,2.0,2,2000,0,0,0,0,0,0
CF,NM,3.199806,101.508556,0,CE,0.0,0.0,149.0,2.0,2,1350,0,0,0,0,0,0
CF,20NDB,3.171864,101.525569,0,CE,0.0,0.0,149.0,2.0,2,700,0,0,0,0,0,0
CF,MA15,3.163231,101.530728,0,ISB,0.0,1.4,149.0,0.6,1,522,0,0,0,0,3,0
CF,SM,3.088139,101.573556,0,VBA,153.6,15.8,149.0,5.2,2,1000,0,0,0,0,0,1
CR,2,VBA,195.0,320.0,3,2000,0,1,210,0,0,0
CA,0,320.0,2,3000,0,0,0,0,0,0
DF,RUKVU,3.225689,101.245492,0, ,0.0,0.0,0,0,0,0,0,0,0,0
HM,RUKVU,3.225689,101.245492,2, ,0.0,0.0,65.0,04.3,0,0,0,1,210,0,0,0,0

FINAL,R15,15,R,3
IF,CE,3.295083,101.451917, ,0.0,0.0,2,2500,0,0,0,0,0,0
TF,SA401,3.232000,101.490231,0, ,0.0,0.0,149.0,4.5,2,1900,0,0,0,0,2,0
TF,RW15,3.145353,101.540756,0, ,0.0,0.0,149.0,6.0,1,122,0,0,0,0,3,1
TF,SA402,3.041169,101.601792,0, ,0.0,0.0,0.0,0.0,2,1500,0,1,210,0,0,0
TF,SA403,2.990197,101.515717,0, ,0.0,0.0,0.0,0.0,1,2000,0,1,210,0,0,0
TF,SA404,3.150014,101.410406,0, ,0.0,0.0,0.0,0.0,1,2000,0,0,0,0,0,0
TF,SA405,3.241892,101.349858,0, ,0.0,0.0,0.0,0.0,1,3000,0,0,0,0,0,0
TF,RUKVU,3.225689,101.245492,0, ,0.0,0.0,0.0,0.0,2,3000,0,0,0,0,0,1
HM,RUKVU,3.225689,101.245492,2, ,0.0,0.0,65.0,04.3,2,3000,0,1,210,0,0,0,0

FINAL,R33,33,R,3
IF,VISAX,2.941944,101.661389, ,0.0,0.0,2,2400,0,0,0,0,0,0
TF,SA411,3.006019,101.622397,0, ,0.0,0.0,329.0,4.5,2,2400,0,0,0,0,2,0
TF,RW33,3.115881,101.558025,0, ,0.0,0.0,329.0,7.6,1,146,0,0,0,0,3,1
TF,CE,3.295083,101.451917,0, ,0.0,0.0,0.0,0.0,1,3300,0,0,0,0,0,1
HM,CE,3.295083,101.451917,2, ,0.0,0.0,149.0,04.3,2,3300,0,0,0,0,0,0,0

