APPTR,R17-Z,17,BXGND
IF,BXGND,-36.530489,144.241475, ,0.0,0.0,2,2400,0,1,210,0,1,0
TF,BXGNI,-36.561675,144.337403,0, ,0.0,0.0,0.0,0.0,2,2400,0,0,0,0,1,0

APPTR,R17-Z,17,BXGNE
IF,BXGNE,-36.478275,144.340858, ,0.0,0.0,2,2400,0,1,210,0,1,0
TF,BXGNI,-36.561675,144.337403,0, ,0.0,0.0,0.0,0.0,2,2400,0,0,0,0,1,0

APPTR,R17-Z,17,BXGNG
IF,BXGNG,-36.535733,144.435700, ,0.0,0.0,2,2400,0,1,210,0,1,0
TF,BXGNI,-36.561675,144.337403,0, ,0.0,0.0,0.0,0.0,2,2400,0,0,0,0,1,0

FINAL,R17-Z,17,R,3
IF,BXGNI,-36.561675,144.337403, ,0.0,0.0,2,2400,0,0,0,0,0,0
TF,BXGNF,-36.645072,144.333936,0, ,0.0,0.0,171.0,5.0,2,2330,0,0,0,0,2,0
TF,BXGNM,-36.728472,144.330464,0, ,0.0,0.0,171.0,5.0,1,741,0,0,0,0,3,1
DF,BXGNH,-36.795189,144.327681,0, ,0.0,0.0,0,0,0,0,0,0,0,1
VM,0,0,1,10.0,2,2400,0,0,0,0,0,0

APPTR,R35-Z,35,BXGSA
IF,BXGSA,-36.957467,144.418647, ,0.0,0.0,2,4100,0,1,210,0,1,0
TF,BXGSI,-36.926347,144.322194,0, ,0.0,0.0,0.0,0.0,2,4100,0,0,0,0,1,0

APPTR,R35-Z,35,BXGSB
IF,BXGSB,-37.009742,144.318697, ,0.0,0.0,2,4100,0,1,210,0,1,0
TF,BXGSI,-36.926347,144.322194,0, ,0.0,0.0,0.0,0.0,2,4100,0,0,0,0,1,0

APPTR,R35-Z,35,BXGSC
IF,BXGSC,-36.952192,144.223358, ,0.0,0.0,2,4100,0,1,210,0,1,0
TF,BXGSI,-36.926347,144.322194,0, ,0.0,0.0,0.0,0.0,2,4100,0,0,0,0,1,0

FINAL,R35-Z,35,R,3
IF,BXGSI,-36.926347,144.322194, ,0.0,0.0,2,4100,0,0,0,0,0,0
TF,BXGSF,-36.842953,144.325686,0, ,0.0,0.0,351.0,5.0,2,2670,0,0,0,0,2,0
TF,BXGSM,-36.742878,144.329864,0, ,0.0,0.0,351.0,6.0,1,760,0,0,0,0,3,1
DF,BXGSH,-36.676158,144.332644,0, ,0.0,0.0,0,0,0,0,0,0,0,0
CA,0,351.0,2,2400,0,0,0,0,0,0

