APPTR,R14-Z,14,DLOWD
IF,DLOWD,-27.796194,121.040939, ,0.0,0.0,2,3100,0,1,230,0,1,0
TF,DLOWI,-27.756767,121.123772,0, ,0.0,0.0,0.0,0.0,2,3100,0,0,0,0,1,0

APPTR,R14-Z,14,DLOWE
IF,DLOWE,-27.701022,121.053811, ,0.0,0.0,2,3100,0,1,230,0,1,0
TF,DLOWI,-27.756767,121.123772,0, ,0.0,0.0,0.0,0.0,2,3100,0,0,0,0,1,0

APPTR,R14-Z,14,DLOWG
IF,DLOWG,-27.679186,121.158672, ,0.0,0.0,2,3100,0,1,230,0,1,0
TF,DLOWI,-27.756767,121.123772,0, ,0.0,0.0,0.0,0.0,2,3100,0,0,0,0,1,0

FINAL,R14-Z,14,R,3
IF,DLOWI,-27.756767,121.123772, ,0.0,0.0,2,3100,0,0,0,0,0,0
TF,DLOWF,-27.812475,121.193806,0, ,0.0,0.0,130.0,5.0,2,3100,0,0,0,0,2,0
TF,DLOWM,-27.868144,121.263908,0, ,0.0,0.0,130.0,5.0,1,1533,0,0,0,0,3,1
DF,DLOWH,-27.901531,121.306006,0, ,0.0,0.0,0,0,0,0,0,0,0,0
CA,0,130.0,2,3100,0,0,0,0,0,0

APPTR,R32-Z,32,DLOEA
IF,DLOEA,-27.951547,121.502128, ,0.0,0.0,2,3100,0,1,230,0,1,0
TF,DLOEI,-27.991203,121.419283,0, ,0.0,0.0,0.0,0.0,2,3100,0,0,0,0,1,0

APPTR,R32-Z,32,DLOEB
IF,DLOEB,-28.046758,121.489617, ,0.0,0.0,2,3100,0,1,230,0,1,0
TF,DLOEI,-27.991203,121.419283,0, ,0.0,0.0,0.0,0.0,2,3100,0,0,0,0,1,0

APPTR,R32-Z,32,DLOEC
IF,DLOEC,-28.068844,121.384469, ,0.0,0.0,2,3100,0,1,230,0,1,0
TF,DLOEI,-27.991203,121.419283,0, ,0.0,0.0,0.0,0.0,2,3100,0,0,0,0,1,0

FINAL,R32-Z,32,R,3
IF,DLOEI,-27.991203,121.419283, ,0.0,0.0,2,3100,0,0,0,0,0,0
TF,DLOEF,-27.935611,121.349019,0, ,0.0,0.0,310.0,5.0,2,3100,0,0,0,0,2,0
TF,DLOEM,-27.879981,121.278828,0, ,0.0,0.0,310.0,5.0,1,1563,0,0,0,0,3,1
DF,DLOEH,-27.846589,121.236750,0, ,0.0,0.0,0,0,0,0,0,0,0,0
CA,0,310.0,2,3100,0,0,0,0,0,0

