APPTR,R08,08,HSMWD
IF,HSMWD,-36.748072,141.922733, ,0.0,0.0,2,2400,0,1,210,0,1,0
TF,HSMWI,-36.669561,141.957931,0, ,0.0,0.0,0.0,0.0,2,2400,0,0,0,0,1,0

APPTR,R08,08,HSMWE
IF,HSMWE,-36.669753,141.854342, ,0.0,0.0,2,2400,0,1,210,0,1,0
TF,HSMWI,-36.669561,141.957931,0, ,0.0,0.0,0.0,0.0,2,2400,0,0,0,0,1,0

APPTR,R08,08,HSMWG
IF,HSMWG,-36.591219,141.922264, ,0.0,0.0,2,2400,0,1,210,0,1,0
TF,HSMWI,-36.669561,141.957931,0, ,0.0,0.0,0.0,0.0,2,2400,0,0,0,0,1,0

FINAL,R08,08,R,3
IF,HSMWI,-36.669561,141.957931, ,0.0,0.0,2,2400,0,0,0,0,0,0
TF,HSMWF,-36.669281,142.061547,0, ,0.0,0.0,80.0,5.0,2,2170,0,0,0,0,2,0
TF,HSMWM,-36.668908,142.165158,0, ,0.0,0.0,80.0,5.0,1,574,0,0,0,0,3,1
CA,0,92.0,2,1300,0,0,0,0,0,0
DF,HSMWH,-36.555625,142.189211,1, ,0.0,0.0,0,0,0,0,0,0,0,1
VM,0,0,0,280.0,2,2400,0,0,0,0,0,0

APPTR,R26,26,HSMEA
IF,HSMEA,-36.589097,142.433031, ,0.0,0.0,2,4000,0,1,210,0,1,0
TF,HSMEI,-36.667742,142.398356,0, ,0.0,0.0,0.0,0.0,2,3770,0,0,0,0,1,0

APPTR,R26,26,HSMEB
IF,HSMEB,-36.667075,142.501928, ,0.0,0.0,2,4000,0,1,210,0,1,0
TF,HSMEI,-36.667742,142.398356,0, ,0.0,0.0,0.0,0.0,2,3770,0,0,0,0,1,0

APPTR,R26,26,HSMEC
IF,HSMEC,-36.745928,142.434542, ,0.0,0.0,2,4000,0,1,210,0,1,0
TF,HSMEI,-36.667742,142.398356,0, ,0.0,0.0,0.0,0.0,2,3770,0,0,0,0,1,0

FINAL,R26,26,R,3
IF,HSMEI,-36.667742,142.398356, ,0.0,0.0,2,3770,0,0,0,0,0,0
TF,HSMEF,-36.668317,142.294753,0, ,0.0,0.0,260.0,5.0,2,2170,0,0,0,0,2,0
TF,HSMEM,-36.668803,142.191144,0, ,0.0,0.0,260.0,5.0,1,581,0,0,0,0,3,1
DF,HSMEH,-36.669053,142.128978,0, ,0.0,0.0,0,0,0,0,0,0,0,1
VM,0,0,2,60.0,2,2400,0,0,0,0,0,0

