APPTR,R09,09,JABWD
IF,JABWD,-12.718611,132.668939, ,0.0,0.0,2,3100,0,1,210,0,1,0
TF,JABWI,-12.642625,132.704617,0, ,0.0,0.0,0.0,0.0,2,3100,0,0,0,0,1,0

APPTR,R09,09,JABWE
IF,JABWE,-12.635694,132.619728, ,0.0,0.0,2,3100,0,1,210,0,1,0
TF,JABWI,-12.642625,132.704617,0, ,0.0,0.0,0.0,0.0,2,3100,0,0,0,0,1,0

APPTR,R09,09,JABWG
IF,JABWG,-12.561922,132.682206, ,0.0,0.0,2,3100,0,1,210,0,1,0
TF,JABWI,-12.642625,132.704617,0, ,0.0,0.0,0.0,0.0,2,3100,0,0,0,0,1,0

FINAL,R09,09,R,3
IF,JABWI,-12.642625,132.704617, ,0.0,0.0,2,3100,0,0,0,0,0,0
TF,JABWF,-12.649533,132.789533,0, ,0.0,0.0,91.0,5.0,2,1970,0,0,0,0,2,0
TF,JABWM,-12.656417,132.874461,0, ,0.0,0.0,91.0,5.0,1,380,0,0,0,0,3,1
DF,JABWH,-12.573394,132.881419,1, ,0.0,0.0,0,0,0,1,200,0,0,0
VM,0,0,0,290.0,2,3100,0,0,0,0,0,0

APPTR,R27,27,JABEA
IF,JABEA,-12.596542,133.111108, ,0.0,0.0,2,3100,0,1,210,0,1,0
TF,JABEI,-12.672603,133.075553,0, ,0.0,0.0,0.0,0.0,2,3100,0,0,0,0,1,0

APPTR,R27,27,JABEB
IF,JABEB,-12.679392,133.160489, ,0.0,0.0,2,3100,0,1,210,0,1,0
TF,JABEI,-12.672603,133.075553,0, ,0.0,0.0,0.0,0.0,2,3100,0,0,0,0,1,0

APPTR,R27,27,JABEC
IF,JABEC,-12.753294,133.098094, ,0.0,0.0,2,3100,0,1,210,0,1,0
TF,JABEI,-12.672603,133.075553,0, ,0.0,0.0,0.0,0.0,2,3100,0,0,0,0,1,0

FINAL,R27,27,R,3
IF,JABEI,-12.672603,133.075553, ,0.0,0.0,2,3100,0,0,0,0,0,0
TF,JABEF,-12.665783,132.990603,0, ,0.0,0.0,271.0,5.0,2,1800,0,0,0,0,2,0
TF,JABEM,-12.658936,132.905664,0, ,0.0,0.0,271.0,5.0,1,205,0,0,0,0,3,1
DF,JABEH,-12.654819,132.854703,0, ,0.0,0.0,0,0,0,0,0,0,0,1
CA,0,271.0,2,1100,0,0,0,0,0,0
VM,0,0,2,70.0,2,3100,0,0,0,0,0,0

