APPTR,R10-Z,10,JLCWA
IF,JLCWA,-20.682333,141.483956, ,0.0,0.0,2,2200,0,1,210,0,1,0
TF,JLCWI,-20.615672,141.537622,0, ,0.0,0.0,0.0,0.0,2,2200,0,0,0,0,1,0

APPTR,R10-Z,10,JLCWB
IF,JLCWB,-20.590911,141.452772, ,0.0,0.0,2,2200,0,1,210,0,1,0
TF,JLCWI,-20.615672,141.537622,0, ,0.0,0.0,0.0,0.0,2,2200,0,0,0,0,1,0

APPTR,R10-Z,10,JLCWC
IF,JLCWC,-20.532136,141.533200, ,0.0,0.0,2,2200,0,1,210,0,1,0
TF,JLCWI,-20.615672,141.537622,0, ,0.0,0.0,0.0,0.0,2,2200,0,0,0,0,1,0

FINAL,R10-Z,10,R,3
IF,JLCWI,-20.615672,141.537622, ,0.0,0.0,2,2200,0,0,0,0,0,0
TF,JLCWF,-20.640392,141.622497,0, ,0.0,0.0,101.0,5.0,2,2130,0,0,0,0,2,0
TF,JLCWM,-20.665069,141.707403,0, ,0.0,0.0,101.0,5.0,1,538,0,0,0,0,3,1
DF,JLCWH,-20.679856,141.758358,0, ,0.0,0.0,0,0,0,0,0,0,0,1
VM,0,0,2,266.0,2,2100,0,0,0,0,0,0

APPTR,R28-Z,28,JLCED
IF,JLCED,-20.654003,141.953000, ,0.0,0.0,2,2200,0,1,210,0,1,0
TF,JLCEI,-20.720683,141.899347,0, ,0.0,0.0,0.0,0.0,2,2200,0,0,0,0,1,0

APPTR,R28-Z,28,JLCEE
IF,JLCEE,-20.745228,141.984339, ,0.0,0.0,2,2200,0,1,210,0,1,0
TF,JLCEI,-20.720683,141.899347,0, ,0.0,0.0,0.0,0.0,2,2200,0,0,0,0,1,0

APPTR,R28-Z,28,JLCEG
IF,JLCEG,-20.804217,141.903783, ,0.0,0.0,2,2200,0,1,210,0,1,0
TF,JLCEI,-20.720683,141.899347,0, ,0.0,0.0,0.0,0.0,2,2200,0,0,0,0,1,0

FINAL,R28-Z,28,R,3
IF,JLCEI,-20.720683,141.899347, ,0.0,0.0,2,2200,0,0,0,0,0,0
TF,JLCEF,-20.696094,141.814381,0, ,0.0,0.0,281.0,5.0,2,2130,0,0,0,0,2,0
TF,JLCEM,-20.671467,141.729444,0, ,0.0,0.0,281.0,5.0,1,538,0,0,0,0,3,1
DF,JLCEH,-20.656669,141.678494,0, ,0.0,0.0,0,0,0,0,0,0,0,1
VM,0,0,1,116.0,2,2100,0,0,0,0,0,0

