APPTR,N30,30,LHR1
IF,LHR,-12.788594,143.303750, ,0.0,0.0,2,3100,0,1,210,0,1,0
FC,LHR,-12.788594,143.303750,0,LHR,0.0,0.0,91.0,7.0,0,0,0,0,0,0,0,1
CF,FF30,-12.843619,143.397106,2,LHR,115.0,6.4,295.0,1.0,2,2000,0,0,0,0,0,0

APPTR,N30,30,LHR2
IF,LHR,-12.788594,143.303750, ,0.0,0.0,2,3100,0,1,140,0,1,0
FC,LHR,-12.788594,143.303750,0,LHR,0.0,0.0,103.0,7.0,0,0,0,0,0,0,0,1
CF,FF30,-12.843619,143.397106,2,LHR,115.0,6.4,295.0,1.0,2,2000,0,0,0,0,0,0

FINAL,N30,30,N,2
IF,FF30,-12.843619,143.397106,LHR,0.0,0.0,2,2000,0,0,0,0,2,0
CF,RW30,-12.791489,143.311919,0,LHR,0.0,0.0,295.0,5.9,1,126,0,0,0,0,3,0
TF,LHR,-12.788594,143.303750,0, ,0.0,0.0,295.0,0.5,2,580,0,0,0,0,0,1
CA,2,90.0,2,3500,0,0,0,0,0,0

APPTR,R12,12,LHRWD
IF,LHRWD,-12.716858,143.062997, ,0.0,0.0,2,3500,0,1,210,0,1,0
TF,LHRWI,-12.668772,143.132778,0, ,0.0,0.0,0.0,0.0,2,3500,0,0,0,0,1,0

APPTR,R12,12,LHRWE
IF,LHRWE,-12.620836,143.062900, ,0.0,0.0,2,3500,0,1,210,0,1,0
TF,LHRWI,-12.668772,143.132778,0, ,0.0,0.0,0.0,0.0,2,3500,0,0,0,0,1,0

APPTR,R12,12,LHRWG
IF,LHRWG,-12.587889,143.154731, ,0.0,0.0,2,3500,0,1,210,0,1,0
TF,LHRWI,-12.668772,143.132778,0, ,0.0,0.0,0.0,0.0,2,3500,0,0,0,0,1,0

FINAL,R12,12,R,3
IF,LHRWI,-12.668772,143.132778, ,0.0,0.0,2,3500,0,0,0,0,0,0
TF,LHRWF,-12.716686,143.202683,0, ,0.0,0.0,119.0,5.0,2,2660,0,0,0,0,2,0
TF,LHRWM,-12.783736,143.300592,0, ,0.0,0.0,119.0,7.0,1,98,0,0,0,0,3,1
DF,LHRWH,-12.812461,143.342569,0, ,0.0,0.0,0,0,0,0,0,0,0,0
CA,0,119.0,2,3500,0,0,0,0,0,0

APPTR,R30,30,LHREA
IF,LHREA,-12.851878,143.540439, ,0.0,0.0,2,3500,0,1,210,0,1,0
TF,LHREI,-12.900056,143.470731,0, ,0.0,0.0,0.0,0.0,2,3500,0,0,0,0,1,0

APPTR,R30,30,LHREB
IF,LHREB,-12.947833,143.540714, ,0.0,0.0,2,3500,0,1,210,0,1,0
TF,LHREI,-12.900056,143.470731,0, ,0.0,0.0,0.0,0.0,2,3500,0,0,0,0,1,0

APPTR,R30,30,LHREC
IF,LHREC,-12.980928,143.448875, ,0.0,0.0,2,3500,0,1,210,0,1,0
TF,LHREI,-12.900056,143.470731,0, ,0.0,0.0,0.0,0.0,2,3500,0,0,0,0,1,0

FINAL,R30,30,R,3
IF,LHREI,-12.900056,143.470731, ,0.0,0.0,2,3500,0,0,0,0,0,0
TF,LHREF,-12.852244,143.400753,0, ,0.0,0.0,299.0,5.0,2,2160,0,0,0,0,2,0
TF,LHREM,-12.804408,143.330800,0, ,0.0,0.0,299.0,5.0,1,556,0,0,0,0,3,1
DF,LHREH,-12.766150,143.291664,0, ,0.0,0.0,0,0,0,0,0,0,0,1
VM,0,0,2,90.0,2,3500,0,1,200,0,0,0

