APPTR,R01-N,01,NSMNA
IF,NSMNA,-31.989956,121.690031, ,0.0,0.0,2,2800,0,1,210,0,1,0
TF,NSMNI,-32.026028,121.778422,0, ,0.0,0.0,0.0,0.0,2,2800,0,0,0,0,1,0

APPTR,R01-N,01,NSMNC
IF,NSMNC,-31.942914,121.787925, ,0.0,0.0,2,2800,0,1,210,0,1,0
TF,NSMNI,-32.026028,121.778422,0, ,0.0,0.0,0.0,0.0,2,2800,0,0,0,0,1,0

APPTR,R01-N,01,NSMND
IF,NSMND,-32.005178,121.873331, ,0.0,0.0,2,2800,0,1,210,0,1,0
TF,NSMNI,-32.026028,121.778422,0, ,0.0,0.0,0.0,0.0,2,2800,0,0,0,0,1,0

FINAL,R01-N,01,R,3
IF,NSMNI,-32.026028,121.778422, ,0.0,0.0,2,2800,0,0,0,0,0,0
TF,NSMNF,-32.109142,121.768919,0, ,0.0,0.0,185.0,5.0,2,2590,0,0,0,0,2,0
TF,NSMNM,-32.192256,121.759400,0, ,0.0,0.0,185.0,5.0,1,998,0,0,0,0,3,1
DF,NSMNH,-32.239167,121.738692,0, ,0.0,0.0,0,0,0,0,0,0,0,0
CA,0,200.0,2,2800,0,0,0,0,0,0

APPTR,R01-Z,01,NSMSE
IF,NSMSE,-32.412539,121.827042, ,0.0,0.0,2,2800,0,1,210,0,1,0
TF,NSMSI,-32.376531,121.738242,0, ,0.0,0.0,0.0,0.0,2,2800,0,0,0,0,1,0

APPTR,R01-Z,01,NSMSG
IF,NSMSG,-32.459642,121.728686, ,0.0,0.0,2,2800,0,1,210,0,1,0
TF,NSMSI,-32.376531,121.738242,0, ,0.0,0.0,0.0,0.0,2,2800,0,0,0,0,1,0

APPTR,R01-Z,01,NSMSJ
IF,NSMSJ,-32.397306,121.642925, ,0.0,0.0,2,2800,0,1,210,0,1,0
TF,NSMSI,-32.376531,121.738242,0, ,0.0,0.0,0.0,0.0,2,2800,0,0,0,0,1,0

FINAL,R01-Z,01,R,3
IF,NSMSI,-32.376531,121.738242, ,0.0,0.0,2,2800,0,0,0,0,0,0
TF,NSMSF,-32.293422,121.747792,0, ,0.0,0.0,5.0,5.0,2,2510,0,0,0,0,2,0
TF,NSMSM,-32.210311,121.757331,0, ,0.0,0.0,5.0,5.0,1,913,0,0,0,0,3,1
DF,NSMSH,-32.143822,121.764950,0, ,0.0,0.0,0,0,0,0,0,0,0,0
CA,0,5.0,2,2800,0,0,0,0,0,0

APPTR,R04-N,04,NSMNA
IF,NSMNA,-31.989956,121.690031, ,0.0,0.0,2,2800,0,1,210,0,1,0
TF,NSMNI,-32.026028,121.778422,0, ,0.0,0.0,0.0,0.0,2,2800,0,0,0,0,1,0

APPTR,R04-N,04,NSMNC
IF,NSMNC,-31.942914,121.787925, ,0.0,0.0,2,2800,0,1,210,0,1,0
TF,NSMNI,-32.026028,121.778422,0, ,0.0,0.0,0.0,0.0,2,2800,0,0,0,0,1,0

APPTR,R04-N,04,NSMND
IF,NSMND,-32.005178,121.873331, ,0.0,0.0,2,2800,0,1,210,0,1,0
TF,NSMNI,-32.026028,121.778422,0, ,0.0,0.0,0.0,0.0,2,2800,0,0,0,0,1,0

FINAL,R04-N,04,R,3
IF,NSMNI,-32.026028,121.778422, ,0.0,0.0,2,2800,0,0,0,0,0,0
TF,NSMNF,-32.109142,121.768919,0, ,0.0,0.0,185.0,5.0,2,2590,0,0,0,0,2,0
TF,NSMNM,-32.192256,121.759400,0, ,0.0,0.0,185.0,5.0,1,998,0,0,0,0,3,1
DF,NSMNH,-32.239167,121.738692,0, ,0.0,0.0,0,0,0,0,0,0,0,0
CA,0,200.0,2,2800,0,0,0,0,0,0

APPTR,R19-N,19,NSMNA
IF,NSMNA,-31.989956,121.690031, ,0.0,0.0,2,2800,0,1,210,0,1,0
TF,NSMNI,-32.026028,121.778422,0, ,0.0,0.0,0.0,0.0,2,2800,0,0,0,0,1,0

APPTR,R19-N,19,NSMNC
IF,NSMNC,-31.942914,121.787925, ,0.0,0.0,2,2800,0,1,210,0,1,0
TF,NSMNI,-32.026028,121.778422,0, ,0.0,0.0,0.0,0.0,2,2800,0,0,0,0,1,0

APPTR,R19-N,19,NSMND
IF,NSMND,-32.005178,121.873331, ,0.0,0.0,2,2800,0,1,210,0,1,0
TF,NSMNI,-32.026028,121.778422,0, ,0.0,0.0,0.0,0.0,2,2800,0,0,0,0,1,0

FINAL,R19-N,19,R,3
IF,NSMNI,-32.026028,121.778422, ,0.0,0.0,2,2800,0,0,0,0,0,0
TF,NSMNF,-32.109142,121.768919,0, ,0.0,0.0,185.0,5.0,2,2590,0,0,0,0,2,0
TF,NSMNM,-32.192256,121.759400,0, ,0.0,0.0,185.0,5.0,1,998,0,0,0,0,3,1
DF,NSMNH,-32.239167,121.738692,0, ,0.0,0.0,0,0,0,0,0,0,0,0
CA,0,200.0,2,2800,0,0,0,0,0,0

APPTR,R22-N,22,NSMNA
IF,NSMNA,-31.989956,121.690031, ,0.0,0.0,2,2800,0,1,210,0,1,0
TF,NSMNI,-32.026028,121.778422,0, ,0.0,0.0,0.0,0.0,2,2800,0,0,0,0,1,0

APPTR,R22-N,22,NSMNC
IF,NSMNC,-31.942914,121.787925, ,0.0,0.0,2,2800,0,1,210,0,1,0
TF,NSMNI,-32.026028,121.778422,0, ,0.0,0.0,0.0,0.0,2,2800,0,0,0,0,1,0

APPTR,R22-N,22,NSMND
IF,NSMND,-32.005178,121.873331, ,0.0,0.0,2,2800,0,1,210,0,1,0
TF,NSMNI,-32.026028,121.778422,0, ,0.0,0.0,0.0,0.0,2,2800,0,0,0,0,1,0

FINAL,R22-N,22,R,3
IF,NSMNI,-32.026028,121.778422, ,0.0,0.0,2,2800,0,0,0,0,0,0
TF,NSMNF,-32.109142,121.768919,0, ,0.0,0.0,185.0,5.0,2,2590,0,0,0,0,2,0
TF,NSMNM,-32.192256,121.759400,0, ,0.0,0.0,185.0,5.0,1,998,0,0,0,0,3,1
DF,NSMNH,-32.239167,121.738692,0, ,0.0,0.0,0,0,0,0,0,0,0,0
CA,0,200.0,2,2800,0,0,0,0,0,0

