APPTR,Q12-A,12,D122L
IF,D122L,-27.975525,140.026369, ,0.0,0.0,2,1800,0,0,0,0,1,0
TF,FF122,-28.036836,140.108514,0, ,0.0,0.0,0.0,0.0,2,1800,0,0,0,0,0,0

FINAL,Q12-A,12,N,2
IF,FF122,-28.036836,140.108514,OOM,0.0,0.0,2,1800,0,0,0,0,2,0
CF,MA122,-28.072308,140.156114,0,OOM,0.0,3.0,122.0,3.3,1,910,0,0,0,0,3,1
VM,0,0,0,35.0,2,1700,0,1,140,0,0,0

APPTR,Q12-B,12,D122L
IF,D122L,-27.975525,140.026369, ,0.0,0.0,2,1800,0,1,210,0,1,0
TF,FN122,-28.029308,140.098419,0, ,0.0,0.0,0.0,0.0,2,1800,0,0,0,0,0,0

FINAL,Q12-B,12,N,2
IF,FN122,-28.029308,140.098419,OOM,0.0,0.0,2,1800,0,0,0,0,2,0
CF,MN122,-28.061561,140.141686,0,OOM,0.0,4.0,122.0,3.0,1,1228,0,0,0,0,3,1
VM,0,0,0,35.0,2,1700,0,1,180,0,0,0

APPTR,Q30-A,30,D122L
IF,D122L,-27.975525,140.026369, ,0.0,0.0,2,1800,0,0,0,0,1,0
TF,FF122,-28.036836,140.108514,0, ,0.0,0.0,0.0,0.0,2,1800,0,0,0,0,0,0

FINAL,Q30-A,30,N,2
IF,FF122,-28.036836,140.108514,OOM,0.0,0.0,2,1800,0,0,0,0,2,0
CF,MA122,-28.072308,140.156114,0,OOM,0.0,3.0,122.0,3.3,1,910,0,0,0,0,3,1
VM,0,0,0,35.0,2,1700,0,1,140,0,0,0

APPTR,Q30-B,30,D122L
IF,D122L,-27.975525,140.026369, ,0.0,0.0,2,1800,0,1,210,0,1,0
TF,FN122,-28.029308,140.098419,0, ,0.0,0.0,0.0,0.0,2,1800,0,0,0,0,0,0

FINAL,Q30-B,30,N,2
IF,FN122,-28.029308,140.098419,OOM,0.0,0.0,2,1800,0,0,0,0,2,0
CF,MN122,-28.061561,140.141686,0,OOM,0.0,4.0,122.0,3.0,1,1228,0,0,0,0,3,1
VM,0,0,0,35.0,2,1700,0,1,180,0,0,0

APPTR,R12-Z,12,OOMWA
IF,OOMWA,-28.030931,139.947469, ,0.0,0.0,1,2100,0,1,210,0,1,0
TF,OOMWI,-27.985161,140.026239,0, ,0.0,0.0,0.0,0.0,1,2100,0,0,0,0,1,0

APPTR,R12-Z,12,OOMWB
IF,OOMWB,-27.935039,139.950942, ,0.0,0.0,1,2100,0,1,210,0,1,0
TF,OOMWI,-27.985161,140.026239,0, ,0.0,0.0,0.0,0.0,1,2100,0,0,0,0,1,0

APPTR,R12-Z,12,OOMWC
IF,OOMWC,-27.905153,140.053378, ,0.0,0.0,1,2100,0,1,210,0,1,0
TF,OOMWI,-27.985161,140.026239,0, ,0.0,0.0,0.0,0.0,1,2100,0,0,0,0,1,0

FINAL,R12-Z,12,R,3
IF,OOMWI,-27.985161,140.026239, ,0.0,0.0,1,2100,0,0,0,0,0,0
TF,OOMWF,-28.035242,140.101608,0, ,0.0,0.0,119.0,5.0,2,2070,0,0,0,0,2,0
TF,OOMWM,-28.085281,140.177044,0, ,0.0,0.0,119.0,5.0,1,480,0,0,0,0,3,1
DF,OOMWH,-27.989881,140.245917,1, ,0.0,0.0,0,0,0,0,0,0,0,0
VM,0,0,0,302.0,2,1700,0,0,0,0,0,0

