SID,ALKIM6,05,1
CD, ,0,0,0,PEA,0,0.0,46.0,2.0,0,0,0,1,210,0,0,0
CA,0,46.0,2,1200,0,1,210,0,0,0
CI,1, ,0.0,270.0,0,0,0,1,210,0,0,0
CF,D304J,-31.582867,115.853750,0,PEA,304.0,10.0,304.0,1.0,2,5000,0,0,0,0,0,0
TF,D304O,-31.537250,115.772050,0, ,0.0,0.0,0.0,0.0,0,0,0,0,0,0,0,0
VM,0,0,0,304.0,0,0,0,0,0,0,0,0

SID,ALKIM6,18L,1
CD, ,0,0,0,PEA,0,0.0,175.0,1.0,0,0,0,1,250,0,0,0
CA,0,175.0,2,600,0,1,250,0,0,0
CI,2, ,0.0,340.0,0,0,0,1,250,0,0,0
CF,D304J,-31.582867,115.853750,0,PEA,304.0,10.0,304.0,3.0,2,5000,0,1,250,0,0,0
TF,D304O,-31.537250,115.772050,0, ,0.0,0.0,0.0,0.0,0,0,0,1,250,0,0,0
VM,0,0,0,304.0,0,0,0,1,250,0,0,0

SID,ALKIM6,23,1
CD, ,0,0,0,PEA,0,0.0,226.0,3.0,0,0,0,1,180,0,0,0
CA,0,226.0,2,600,0,1,180,0,0,0
CI,2, ,0.0,340.0,0,0,0,1,180,0,0,0
CF,D304J,-31.582867,115.853750,0,PEA,304.0,10.0,304.0,1.0,2,5000,0,0,0,0,0,0
TF,D304O,-31.537250,115.772050,0, ,0.0,0.0,0.0,0.0,0,0,0,0,0,0,0,0
VM,0,0,0,304.0,0,0,0,0,0,0,0,0

SID,ALKIM6,36R,1
CD, ,0,0,0,PEA,0,0.0,355.0,2.0,0,0,0,1,210,0,0,0
CA,0,355.0,2,900,0,1,210,0,0,0
CI,1, ,0.0,260.0,0,0,0,1,210,0,0,0
CF,D304J,-31.582867,115.853750,0,PEA,304.0,10.0,304.0,2.0,2,5000,0,0,0,0,0,0
TF,D304O,-31.537250,115.772050,0, ,0.0,0.0,0.0,0.0,0,0,0,0,0,0,0,0
VM,0,0,0,304.0,0,0,0,0,0,0,0,0

SID,CUBBY3,05,1
CD, ,0,0,0,PEA,0,0.0,46.0,2.0,0,0,0,1,180,0,0,0
CA,0,46.0,2,1200,0,1,180,0,0,0
CF,CUBBY,-31.554667,116.124333,0,PEA,38.5,9.0,39.0,6.0,2,4000,0,0,0,0,0,0
VM,0,0,0,39.0,0,0,0,0,0,0,0,0

SID,CUBBY3,18L,1
CD, ,0,0,0,PEA,0,0.0,175.0,1.0,0,0,0,1,180,0,0,0
CA,0,175.0,2,1000,0,1,180,0,0,0
CI,1, ,0.0,10.0,0,0,0,1,180,0,0,0
CF,CUBBY,-31.554667,116.124333,0,PEA,38.5,9.0,39.0,1.0,2,4000,0,1,180,0,0,0
VM,0,0,0,39.0,0,0,0,1,180,0,0,0

SID,CUBBY3,36R,1
CD, ,0,0,0,PEA,0,0.0,355.0,2.0,0,0,0,1,180,0,0,0
CA,0,355.0,2,900,0,1,180,0,0,0
CI,0, ,0.0,85.0,0,0,0,1,180,0,0,0
CF,CUBBY,-31.554667,116.124333,0,PEA,38.5,9.0,39.0,2.0,2,4000,0,0,0,0,0,0
VM,0,0,0,40.0,0,0,0,0,0,0,0,0

SID,MULAL7,18L,1
CD, ,0,0,0,PEA,0,0.0,175.0,1.0,0,0,0,1,250,0,0,0
CA,0,175.0,2,600,0,1,250,0,0,0
CI,2, ,0.0,290.0,0,0,0,1,250,0,0,0
CF,D250J,-31.733669,115.834936,0,PEA,250.0,10.0,250.0,3.0,2,5000,0,1,250,0,0,0
TF,D250T,-31.793133,115.652250,0, ,0.0,0.0,0.0,0.0,0,0,0,1,250,0,0,0
VM,0,0,0,250.0,0,0,0,1,250,0,0,0

SID,MULAL7,23,1
CD, ,0,0,0,PEA,0,0.0,226.0,3.0,0,0,0,1,240,0,0,0
CA,0,226.0,2,600,0,1,240,0,0,0
CI,0, ,0.0,280.0,0,0,0,1,240,0,0,0
CF,D250J,-31.733669,115.834936,0,PEA,250.0,10.0,250.0,3.0,2,5000,0,0,0,0,0,0
TF,D250T,-31.793133,115.652250,0, ,0.0,0.0,0.0,0.0,0,0,0,0,0,0,0,0
VM,0,0,0,250.0,0,0,0,0,0,0,0,0

SID,MULAL7,36R,1
CD, ,0,0,0,PEA,0,0.0,355.0,2.0,0,0,0,0,0,0,0,0
CA,0,355.0,2,900,0,0,0,0,0,0
CI,1, ,0.0,205.0,0,0,0,0,0,0,0,0
CF,D250J,-31.733669,115.834936,0,PEA,250.0,10.0,250.0,3.0,2,5000,0,0,0,0,0,0
TF,D250T,-31.793133,115.652250,0, ,0.0,0.0,0.0,0.0,0,0,0,0,0,0,0,0
VM,0,0,0,250.0,0,0,0,0,0,0,0,0

SID,WAMAL5,05,1
CD, ,0,0,0,PEA,0,0.0,46.0,2.0,0,0,0,1,210,0,0,0
CA,0,46.0,2,1200,0,1,210,0,0,0
CI,0, ,0.0,320.0,0,0,0,1,210,0,0,0
CF,D356J,-31.507547,116.000394,0,PEA,356.0,10.0,356.0,1.0,2,5000,0,0,0,0,0,0
TF,D356O,-31.424347,115.991922,0, ,0.0,0.0,0.0,0.0,0,0,0,0,0,0,0,0
VM,0,0,0,356.0,0,0,0,0,0,0,0,0

SID,WAMAL5,18L,1
CD, ,0,0,0,PEA,0,0.0,175.0,1.0,0,0,0,1,250,0,0,0
CA,0,175.0,2,600,0,1,250,0,0,0
CA,0,260.0,2,4000,0,1,250,0,0,0
CI,2, ,0.0,40.0,0,0,0,1,250,0,0,0
CF,D356J,-31.507547,116.000394,0,PEA,356.0,10.0,356.0,1.0,2,5000,0,1,250,0,0,0
TF,D356O,-31.424347,115.991922,0, ,0.0,0.0,0.0,0.0,0,0,0,1,250,0,0,0
VM,0,0,0,356.0,0,0,0,1,250,0,0,0

SID,WAMAL5,23,1
CD, ,0,0,0,PEA,0,0.0,226.0,3.0,0,0,0,1,210,0,0,0
CA,0,226.0,2,600,0,1,210,0,0,0
CA,0,260.0,2,4000,0,1,210,0,0,0
CI,2, ,0.0,40.0,0,0,0,1,210,0,0,0
CF,D356J,-31.507547,116.000394,0,PEA,356.0,10.0,356.0,1.0,2,5000,0,0,0,0,0,0
TF,D356O,-31.424347,115.991922,0, ,0.0,0.0,0.0,0.0,0,0,0,0,0,0,0,0
VM,0,0,0,356.0,0,0,0,0,0,0,0,0

SID,WAMAL5,36R,1
CD, ,0,0,0,PEA,0,0.0,355.0,2.0,0,0,0,1,250,0,0,0
CA,0,355.0,2,900,0,1,250,0,0,0
CI,0, ,0.0,10.0,0,0,0,1,250,0,0,0
CF,D356J,-31.507547,116.000394,0,PEA,356.0,10.0,356.0,6.0,2,5000,0,0,0,0,0,0
TF,D356O,-31.424347,115.991922,0, ,0.0,0.0,0.0,0.0,0,0,0,0,0,0,0,0
VM,0,0,0,356.0,0,0,0,0,0,0,0,0

STAR,PEAR3G,BEVLY,4
IF,BEVLY,-32.180553,116.900053, ,0.0,0.0,0,0,0,0,0,0,0,0
TF,KYEMA,-32.144906,116.625000,0, ,0.0,0.0,0.0,0.0,0,0,0,0,0,0,0,0
TF,GOSNL,-32.072475,116.086169,0, ,0.0,0.0,0.0,0.0,0,0,0,0,0,0,0,0

STAR,PEAR3G,GRENE,4
IF,GRENE,-31.890761,116.936242, ,0.0,0.0,0,0,0,0,0,0,0,0
TF,BOOKA,-32.020753,116.659047,0, ,0.0,0.0,0.0,0.0,0,0,0,0,0,0,0,0
TF,GOSNL,-32.072475,116.086169,0, ,0.0,0.0,0.0,0.0,0,0,0,0,0,0,0,0

STAR,PEAR3G,ALL,5
IF,GOSNL,-32.072475,116.086169, ,0.0,0.0,0,0,0,0,0,0,0,0
TF,PH,-31.945000,115.959167,0, ,0.0,0.0,0.0,0.0,0,0,0,0,0,0,0,0

STAR,PEAR3R,BEVLY,4
IF,BEVLY,-32.180553,116.900053, ,0.0,0.0,0,0,0,0,0,0,0,0
TF,BOOKA,-32.020753,116.659047,0, ,0.0,0.0,0.0,0.0,0,0,0,0,0,0,0,0
TF,PONYS,-31.946011,116.546850,0, ,0.0,0.0,0.0,0.0,3,11000,0,0,0,0,0,0
TF,DELAK,-31.861289,116.381350,0, ,0.0,0.0,0.0,0.0,3,7000,0,0,0,0,0,0
TF,ROLOB,-31.792950,116.248378,0, ,0.0,0.0,0.0,0.0,0,0,0,0,0,0,0,0

STAR,PEAR3R,GRENE,4
IF,GRENE,-31.890761,116.936242, ,0.0,0.0,0,0,0,0,0,0,0,0
TF,DORIS,-31.900900,116.715372,0, ,0.0,0.0,0.0,0.0,0,0,0,0,0,0,0,0
TF,RONAN,-31.871033,116.585317,0, ,0.0,0.0,0.0,0.0,3,11000,0,0,0,0,0,0
TF,UNDOW,-31.829147,116.404019,0, ,0.0,0.0,0.0,0.0,3,7000,0,0,0,0,0,0
TF,ROLOB,-31.792950,116.248378,0, ,0.0,0.0,0.0,0.0,0,0,0,0,0,0,0,0

STAR,PEAR3R,ALL,5
IF,ROLOB,-31.792950,116.248378, ,0.0,0.0,0,0,0,0,0,0,0,0
TF,PH,-31.945000,115.959167,0, ,0.0,0.0,0.0,0.0,0,0,0,0,0,0,0,0

STAR,PEAR3W,HAMTN,4
IF,HAMTN,-32.363889,117.656167, ,0.0,0.0,0,0,0,0,0,0,0,0
TF,DAYLR,-32.268378,116.554781,0, ,0.0,0.0,0.0,0.0,0,0,0,0,0,0,0,0
TF,WUNGO,-32.198333,116.028333,0, ,0.0,0.0,0.0,0.0,0,0,0,0,0,0,0,0

STAR,PEAR3W,ALL,5
IF,WUNGO,-32.198333,116.028333, ,0.0,0.0,0,0,0,0,0,0,0,0
TF,HARMN,-32.170000,115.898333,0, ,0.0,0.0,0.0,0.0,0,0,0,0,0,0,0,0
TF,PH,-31.945000,115.959167,0, ,0.0,0.0,0.0,0.0,0,0,0,0,0,0,0,0

APPTR,I18LX,18L,AKMER
IF,AKMER,-31.425167,115.984833, ,0.0,0.0,2,4000,0,0,0,0,1,0
CF,CI18L,-31.524850,115.994722,0,IPE,354.3,9.8,175.0,6.0,2,2100,0,0,0,0,0,0

APPTR,I18LX,18L,CUBBY
IF,CUBBY,-31.554667,116.124333, ,0.0,0.0,2,3000,0,0,0,0,1,0
AF,D009I,-31.525078,116.041811,1,PEA,9.0,9.0,40.0,2,2100,0,0,0,0,0,1
VI,0,IPE,0.0,205.0,0,0,0,0,0,0,0,0

APPTR,I18LX,18L,SCOUT
IF,SCOUT,-31.628667,115.849833, ,0.0,0.0,2,3000,0,0,0,0,1,0
AF,D343I,-31.530964,115.963153,2,PEA,343.0,9.0,290.0,2,2100,0,0,0,0,0,1
VI,0,IPE,0.0,145.0,0,0,0,0,0,0,0,0

FINAL,I18LX,18L,I,3
IF,CI18L,-31.524850,115.994722,IPE,354.3,9.8,2,2100,0,0,0,0,0,0
CF,OM18L,-31.577500,116.001944,0,IPE,354.3,6.6,175.0,3.2,1,1800,0,0,0,0,2,0
CF,RW18L,-31.662411,116.013714,0,IPE,354.5,1.5,175.0,5.1,1,166,0,0,0,0,3,0
CA,0,175.0,2,1500,0,0,0,0,0,0
VM,0,0,2,280.0,2,3000,0,0,0,0,0,0

APPTR,I18LY,18L,AKMER
IF,AKMER,-31.425167,115.984833, ,0.0,0.0,2,4000,0,0,0,0,1,0
CF,CI18L,-31.524850,115.994722,0,IPE,354.3,9.8,175.0,6.0,2,2100,0,0,0,0,0,0

APPTR,I18LY,18L,CUBBY
IF,CUBBY,-31.554667,116.124333, ,0.0,0.0,2,3000,0,0,0,0,1,0
AF,D009I,-31.525078,116.041811,1,PEA,9.0,9.0,40.0,2,2100,0,0,0,0,0,1
VI,0,IPE,0.0,205.0,0,0,0,0,0,0,0,0

APPTR,I18LY,18L,SCOUT
IF,SCOUT,-31.628667,115.849833, ,0.0,0.0,2,3000,0,0,0,0,1,0
AF,D343I,-31.530964,115.963153,2,PEA,343.0,9.0,290.0,2,2100,0,0,0,0,0,1
VI,0,IPE,0.0,145.0,0,0,0,0,0,0,0,0

FINAL,I18LY,18L,I,3
IF,CI18L,-31.524850,115.994722,IPE,354.3,9.8,2,2100,0,0,0,0,0,0
CF,OM18L,-31.577500,116.001944,0,IPE,354.3,6.6,175.0,3.2,1,1800,0,0,0,0,2,0
CF,RW18L,-31.662411,116.013714,0,IPE,354.5,1.5,175.0,5.1,1,166,0,0,0,0,3,0
CA,0,175.0,2,1500,0,0,0,0,0,0
VM,0,0,0,260.0,2,3000,0,0,0,0,0,0

APPTR,I18LZ,18L,D355K
IF,D355K,-31.491664,115.991019, ,0.0,0.0,2,2400,0,0,0,0,1,0
CF,CI1LZ,-31.541453,115.997628,0,IPE,354.5,8.8,175.0,3.0,2,2400,0,0,0,0,0,0

APPTR,I18LZ,18L,PEA
IF,PEA,-31.654444,116.018889, ,0.0,0.0,2,3500,0,0,0,0,1,0
CF,CI1LZ,-31.541453,115.997628,0,PH,6.7,24.2,355.0,6.9,2,2400,0,0,0,0,0,0
FC,CI1LZ,-31.541453,115.997628,0,PH,0.0,0.0,310.0,4.3,2,2400,0,0,0,0,0,1
CF,CI1LZ,-31.541453,115.997628,2,IPE,354.5,8.8,175.0,4.5,2,2400,0,0,0,0,0,0

FINAL,I18LZ,18L,I,3
IF,CI1LZ,-31.541453,115.997628,IPE,354.5,8.8,2,2400,0,0,0,0,0,0
CF,OM18L,-31.577500,116.001944,0,IPE,354.3,6.6,175.0,2.2,1,1800,0,0,0,0,2,0
CF,RW18L,-31.662411,116.013714,0,IPE,354.5,1.5,175.0,5.1,1,166,0,0,0,0,3,0
CA,0,175.0,2,1500,0,0,0,0,0,0
VM,0,0,2,280.0,2,2700,0,0,0,0,0,0

APPTR,I36RY,36R,RAYMO
IF,RAYMO,-31.697500,115.882833, ,0.0,0.0,2,3000,0,0,0,0,1,0
AF,D175G,-31.790167,116.031161,1,PEA,175.2,7.0,260.0,2,1500,0,0,0,0,0,0
CF,CI3RY,-31.757128,116.025864,0,IPC,174.7,5.8,355.0,2.0,2,1500,0,0,0,0,0,0

FINAL,I36RY,36R,I,3
IF,CI3RY,-31.757128,116.025864,IPC,174.7,5.8,2,1500,0,0,0,0,0,0
CF,FI3RY,-31.740519,116.023714,0,IPC,174.7,4.8,355.0,1.0,1,1258,0,0,0,0,2,0
CF,RW36R,-31.684267,116.016622,0,IPC,174.3,1.4,355.0,3.4,1,179,0,0,0,0,3,0
CA,0,355.0,2,1500,0,0,0,0,0,0
VM,0,0,0,290.0,2,3000,0,0,0,0,0,0

APPTR,I36RZ,36R,MUGOB
IF,MUGOB,-31.704333,115.844667, ,0.0,0.0,2,3000,0,0,0,0,1,0
AF,D189I,-31.822800,115.992886,1,PEA,189.0,9.0,260.0,2,2000,0,0,0,0,0,1
VI,0,IPC,0.0,25.0,0,0,0,0,0,0,0,0

FINAL,I36RZ,36R,I,3
IF,CI3RZ,-31.823531,116.034603,IPC,174.7,9.8,2,2000,0,0,0,0,0,0
CF,OM36R,-31.773333,116.028056,0,IPC,174.7,6.8,355.0,3.0,1,1875,0,0,0,0,2,0
CF,RW36R,-31.684267,116.016622,0,IPC,174.3,1.4,355.0,5.4,1,179,0,0,0,0,3,0
CA,0,355.0,2,1500,0,0,0,0,0,0
VM,0,0,0,290.0,2,3000,0,0,0,0,0,0

APPTR,N05-A,05,PEA
IF,PEA,-31.654444,116.018889, ,0.0,0.0,2,3000,0,0,0,0,1,0
FC,PEA,-31.654444,116.018889,0,PH,0.0,0.0,23.0,8.8,0,0,0,0,0,0,0,1
CF,FF180,-31.560261,116.016967,1,PH,9.3,23.2,180.0,3.5,2,2200,0,0,0,0,0,0

FINAL,N05-A,05,N,2
IF,FF180,-31.560261,116.016967,PEA,0.0,0.0,2,2200,0,0,0,0,2,0
CF,PEA,-31.654444,116.018889,0,PEA,0.0,0.0,180.0,5.6,1,1230,0,0,0,0,3,0
FM,PEA,-31.654444,116.018889,0,PH,0.0,0.0,260.0,2,3000,0,0,0,0,0,0

APPTR,N05-B,05,PEA
IF,PEA,-31.654444,116.018889, ,0.0,0.0,2,2100,0,0,0,0,1,0
FC,PEA,-31.654444,116.018889,0,PH,0.0,0.0,186.0,4.7,0,0,0,1,140,0,0,1
CF,FF042,-31.713872,115.958439,2,PH,1.9,13.8,42.0,1.0,2,1500,0,0,0,0,0,0

FINAL,N05-B,05,N,2
IF,FF042,-31.713872,115.958439,PEA,0.0,0.0,2,1500,0,0,0,0,2,0
CF,PEA,-31.654444,116.018889,0,PEA,0.0,0.0,42.0,4.7,1,1100,0,0,0,0,3,0
VM,0,0,0,20.0,2,3000,0,0,0,0,0,0

APPTR,N18L-A,18L,PEA
IF,PEA,-31.654444,116.018889, ,0.0,0.0,2,3000,0,0,0,0,1,0
FC,PEA,-31.654444,116.018889,0,PH,0.0,0.0,23.0,8.8,0,0,0,0,0,0,0,1
CF,FF180,-31.560261,116.016967,1,PH,9.3,23.2,180.0,3.5,2,2200,0,0,0,0,0,0

FINAL,N18L-A,18L,N,2
IF,FF180,-31.560261,116.016967,PEA,0.0,0.0,2,2200,0,0,0,0,2,0
CF,PEA,-31.654444,116.018889,0,PEA,0.0,0.0,180.0,5.6,1,1230,0,0,0,0,3,0
FM,PEA,-31.654444,116.018889,0,PH,0.0,0.0,260.0,2,3000,0,0,0,0,0,0

APPTR,N18L-B,18L,PEA
IF,PEA,-31.654444,116.018889, ,0.0,0.0,2,2100,0,0,0,0,1,0
FC,PEA,-31.654444,116.018889,0,PH,0.0,0.0,186.0,4.7,0,0,0,1,140,0,0,1
CF,FF042,-31.713872,115.958439,2,PH,1.9,13.8,42.0,1.0,2,1500,0,0,0,0,0,0

FINAL,N18L-B,18L,N,2
IF,FF042,-31.713872,115.958439,PEA,0.0,0.0,2,1500,0,0,0,0,2,0
CF,PEA,-31.654444,116.018889,0,PEA,0.0,0.0,42.0,4.7,1,1100,0,0,0,0,3,0
VM,0,0,0,20.0,2,3000,0,0,0,0,0,0

APPTR,N18R-A,18R,PEA
IF,PEA,-31.654444,116.018889, ,0.0,0.0,2,3000,0,0,0,0,1,0
FC,PEA,-31.654444,116.018889,0,PH,0.0,0.0,23.0,8.8,0,0,0,0,0,0,0,1
CF,FF180,-31.560261,116.016967,1,PH,9.3,23.2,180.0,3.5,2,2200,0,0,0,0,0,0

FINAL,N18R-A,18R,N,2
IF,FF180,-31.560261,116.016967,PEA,0.0,0.0,2,2200,0,0,0,0,2,0
CF,PEA,-31.654444,116.018889,0,PEA,0.0,0.0,180.0,5.6,1,1230,0,0,0,0,3,0
FM,PEA,-31.654444,116.018889,0,PH,0.0,0.0,260.0,2,3000,0,0,0,0,0,0

APPTR,N18R-B,18R,PEA
IF,PEA,-31.654444,116.018889, ,0.0,0.0,2,2100,0,0,0,0,1,0
FC,PEA,-31.654444,116.018889,0,PH,0.0,0.0,186.0,4.7,0,0,0,1,140,0,0,1
CF,FF042,-31.713872,115.958439,2,PH,1.9,13.8,42.0,1.0,2,1500,0,0,0,0,0,0

FINAL,N18R-B,18R,N,2
IF,FF042,-31.713872,115.958439,PEA,0.0,0.0,2,1500,0,0,0,0,2,0
CF,PEA,-31.654444,116.018889,0,PEA,0.0,0.0,42.0,4.7,1,1100,0,0,0,0,3,0
VM,0,0,0,20.0,2,3000,0,0,0,0,0,0

APPTR,N23-A,23,PEA
IF,PEA,-31.654444,116.018889, ,0.0,0.0,2,3000,0,0,0,0,1,0
FC,PEA,-31.654444,116.018889,0,PH,0.0,0.0,23.0,8.8,0,0,0,0,0,0,0,1
CF,FF180,-31.560261,116.016967,1,PH,9.3,23.2,180.0,3.5,2,2200,0,0,0,0,0,0

FINAL,N23-A,23,N,2
IF,FF180,-31.560261,116.016967,PEA,0.0,0.0,2,2200,0,0,0,0,2,0
CF,PEA,-31.654444,116.018889,0,PEA,0.0,0.0,180.0,5.6,1,1230,0,0,0,0,3,0
FM,PEA,-31.654444,116.018889,0,PH,0.0,0.0,260.0,2,3000,0,0,0,0,0,0

APPTR,N23-B,23,PEA
IF,PEA,-31.654444,116.018889, ,0.0,0.0,2,2100,0,0,0,0,1,0
FC,PEA,-31.654444,116.018889,0,PH,0.0,0.0,186.0,4.7,0,0,0,1,140,0,0,1
CF,FF042,-31.713872,115.958439,2,PH,1.9,13.8,42.0,1.0,2,1500,0,0,0,0,0,0

FINAL,N23-B,23,N,2
IF,FF042,-31.713872,115.958439,PEA,0.0,0.0,2,1500,0,0,0,0,2,0
CF,PEA,-31.654444,116.018889,0,PEA,0.0,0.0,42.0,4.7,1,1100,0,0,0,0,3,0
VM,0,0,0,20.0,2,3000,0,0,0,0,0,0

APPTR,N36L-A,36L,PEA
IF,PEA,-31.654444,116.018889, ,0.0,0.0,2,3000,0,0,0,0,1,0
FC,PEA,-31.654444,116.018889,0,PH,0.0,0.0,23.0,8.8,0,0,0,0,0,0,0,1
CF,FF180,-31.560261,116.016967,1,PH,9.3,23.2,180.0,3.5,2,2200,0,0,0,0,0,0

FINAL,N36L-A,36L,N,2
IF,FF180,-31.560261,116.016967,PEA,0.0,0.0,2,2200,0,0,0,0,2,0
CF,PEA,-31.654444,116.018889,0,PEA,0.0,0.0,180.0,5.6,1,1230,0,0,0,0,3,0
FM,PEA,-31.654444,116.018889,0,PH,0.0,0.0,260.0,2,3000,0,0,0,0,0,0

APPTR,N36L-B,36L,PEA
IF,PEA,-31.654444,116.018889, ,0.0,0.0,2,2100,0,0,0,0,1,0
FC,PEA,-31.654444,116.018889,0,PH,0.0,0.0,186.0,4.7,0,0,0,1,140,0,0,1
CF,FF042,-31.713872,115.958439,2,PH,1.9,13.8,42.0,1.0,2,1500,0,0,0,0,0,0

FINAL,N36L-B,36L,N,2
IF,FF042,-31.713872,115.958439,PEA,0.0,0.0,2,1500,0,0,0,0,2,0
CF,PEA,-31.654444,116.018889,0,PEA,0.0,0.0,42.0,4.7,1,1100,0,0,0,0,3,0
VM,0,0,0,20.0,2,3000,0,0,0,0,0,0

APPTR,N36R-A,36R,PEA
IF,PEA,-31.654444,116.018889, ,0.0,0.0,2,3000,0,0,0,0,1,0
FC,PEA,-31.654444,116.018889,0,PH,0.0,0.0,23.0,8.8,0,0,0,0,0,0,0,1
CF,FF180,-31.560261,116.016967,1,PH,9.3,23.2,180.0,3.5,2,2200,0,0,0,0,0,0

FINAL,N36R-A,36R,N,2
IF,FF180,-31.560261,116.016967,PEA,0.0,0.0,2,2200,0,0,0,0,2,0
CF,PEA,-31.654444,116.018889,0,PEA,0.0,0.0,180.0,5.6,1,1230,0,0,0,0,3,0
FM,PEA,-31.654444,116.018889,0,PH,0.0,0.0,260.0,2,3000,0,0,0,0,0,0

APPTR,N36R-B,36R,PEA
IF,PEA,-31.654444,116.018889, ,0.0,0.0,2,2100,0,0,0,0,1,0
FC,PEA,-31.654444,116.018889,0,PH,0.0,0.0,186.0,4.7,0,0,0,1,140,0,0,1
CF,FF042,-31.713872,115.958439,2,PH,1.9,13.8,42.0,1.0,2,1500,0,0,0,0,0,0

FINAL,N36R-B,36R,N,2
IF,FF042,-31.713872,115.958439,PEA,0.0,0.0,2,1500,0,0,0,0,2,0
CF,PEA,-31.654444,116.018889,0,PEA,0.0,0.0,42.0,4.7,1,1100,0,0,0,0,3,0
VM,0,0,0,20.0,2,3000,0,0,0,0,0,0

APPTR,T05,05,SCOUT
IF,SCOUT,-31.628667,115.849833, ,0.0,0.0,2,3000,0,0,0,0,1,0
AF,CF05,-31.739742,115.859289,1,PEA,245.0,9.0,290.0,2,1500,0,0,0,0,0,0

FINAL,T05,05,D,3
IF,CF05,-31.739742,115.859289,PEA,245.0,9.0,2,1500,0,0,0,0,0,0
CF,FF05,-31.705406,115.941881,0,PEA,245.0,4.3,65.0,4.7,2,1420,0,0,0,0,2,0
CF,MA05,-31.683458,115.994564,0,PEA,245.0,1.3,65.0,3.0,1,470,0,0,0,0,3,0
CF,PEA,-31.673944,116.017389,0,PEA,0.0,0.0,65.0,1.3,0,0,0,0,0,0,0,0
FM,PEA,-31.673944,116.017389,0,PEA,0.0,0.0,40.0,2,3000,0,0,0,0,0,0

APPTR,T18LY,18L,CUBBY
IF,CUBBY,-31.554667,116.124333, ,0.0,0.0,2,3000,0,0,0,0,1,0
AF,CF18L,-31.525464,115.989933,1,PEA,352.0,9.0,40.0,2,2100,0,0,0,0,0,0

APPTR,T18LY,18L,SABTO
IF,SABTO,-31.427333,115.966667, ,0.0,0.0,2,4000,0,0,0,0,1,0
TF,CF18L,-31.525464,115.989933,0, ,0.0,0.0,0.0,0.0,2,2100,0,0,0,0,0,0

APPTR,T18LY,18L,SCOUT
IF,SCOUT,-31.628667,115.849833, ,0.0,0.0,2,3000,0,0,0,0,1,0
AF,CF18L,-31.525464,115.989933,2,PEA,352.0,9.0,290.0,2,2100,0,0,0,0,0,0

FINAL,T18LY,18L,D,4
IF,CF18L,-31.525464,115.989933,PEA,352.0,9.0,2,2100,0,0,0,0,0,0
CF,50TAC,-31.591456,116.002125,0,PEA,352.0,5.0,172.0,4.0,2,1535,0,0,0,0,0,0
CF,FF18L,-31.607953,116.005175,0,PEA,352.0,4.0,172.0,1.0,2,1215,0,0,0,0,2,0
CF,MA18L,-31.657447,116.014333,0,PEA,352.0,0.0,172.0,3.0,1,262,0,0,0,0,3,1
DF,PEA,-31.673944,116.017389,0, ,0.0,0.0,0,0,0,0,0,0,0,0
FA,PEA,-31.673944,116.017389,0,PEA,0.0,0.0,172.0,2,1500,0,0,0,0,0,0
CA,0,260.0,2,3000,0,0,0,0,0,0

APPTR,T18LZ,18L,CUBBY
IF,CUBBY,-31.554667,116.124333, ,0.0,0.0,2,3000,0,0,0,0,1,0
AF,CF18L,-31.525464,115.989933,1,PEA,352.0,9.0,40.0,2,2100,0,0,0,0,0,0

APPTR,T18LZ,18L,SABTO
IF,SABTO,-31.427333,115.966667, ,0.0,0.0,2,4000,0,0,0,0,1,0
TF,CF18L,-31.525464,115.989933,0, ,0.0,0.0,0.0,0.0,2,2100,0,0,0,0,0,0

APPTR,T18LZ,18L,SCOUT
IF,SCOUT,-31.628667,115.849833, ,0.0,0.0,2,3000,0,0,0,0,1,0
AF,CF18L,-31.525464,115.989933,2,PEA,352.0,9.0,290.0,2,2100,0,0,0,0,0,0

FINAL,T18LZ,18L,D,4
IF,CF18L,-31.525464,115.989933,PEA,352.0,9.0,2,2100,0,0,0,0,0,0
CF,50TAC,-31.591456,116.002125,0,PEA,352.0,5.0,172.0,4.0,2,1535,0,0,0,0,0,0
CF,FF18L,-31.607953,116.005175,0,PEA,352.0,4.0,172.0,1.0,2,1215,0,0,0,0,2,0
CF,MA18L,-31.657447,116.014333,0,PEA,352.0,0.0,172.0,3.0,1,262,0,0,0,0,3,1
DF,PEA,-31.673944,116.017389,0, ,0.0,0.0,0,0,0,0,0,0,0,0
FA,PEA,-31.673944,116.017389,0,PEA,0.0,0.0,172.0,2,1500,0,0,0,0,0,0
VM,0,0,0,260.0,1,3000,0,0,0,0,0,0

APPTR,T23,23,D360I
IF,D360I,-31.523833,116.009667, ,0.0,0.0,2,3000,0,0,0,0,1,0
AF,CF23,-31.553844,116.123036,2,PEA,38.0,9.0,360.0,2,2100,0,0,0,0,0,0

FINAL,T23,23,D,4
IF,CF23,-31.553844,116.123036,PEA,38.0,9.0,2,2100,0,0,0,0,0,0
CF,FF23,-31.620578,116.064375,0,PEA,38.0,4.0,218.0,5.0,2,1600,0,0,0,0,2,0
CF,20TAC,-31.647261,116.040889,0,PEA,38.0,2.0,218.0,2.0,2,1100,0,0,0,0,0,0
CF,MA23,-31.660603,116.029139,0,PEA,38.0,0.0,218.0,1.0,1,412,0,0,0,0,3,1
DF,PEA,-31.673944,116.017389,0, ,0.0,0.0,0,0,0,0,0,0,0,0
FA,PEA,-31.673944,116.017389,0,PEA,0.0,0.0,218.0,2,1500,0,0,0,0,0,0
CA,0,260.0,2,4000,0,0,0,0,0,0

APPTR,T36RY,36R,CUBBY
IF,CUBBY,-31.554667,116.124333, ,0.0,0.0,2,4000,0,0,0,0,1,0
TF,PEA,-31.673944,116.017389,0, ,0.0,0.0,0.0,0.0,2,4000,0,0,0,0,0,0
TF,RAYMO,-31.697500,115.882833,0, ,0.0,0.0,0.0,0.0,2,3000,0,0,0,0,0,0
AF,D180G,-31.790844,116.019778,1,PEA,180.0,7.0,260.0,2,2000,0,0,0,0,0,0
TF,CF36R,-31.774144,116.019436,0, ,0.0,0.0,0.0,0.0,2,1700,0,0,0,0,0,0

APPTR,T36RY,36R,RAYMO
IF,RAYMO,-31.697500,115.882833, ,0.0,0.0,2,3000,0,0,0,0,1,0
AF,D180G,-31.790844,116.019778,1,PEA,180.0,7.0,260.0,2,2000,0,0,0,0,0,0
TF,CF36R,-31.774144,116.019436,0, ,0.0,0.0,0.0,0.0,2,1700,0,0,0,0,0,0

FINAL,T36RY,36R,D,3
IF,CF36R,-31.774144,116.019436,PEA,180.0,6.0,2,1700,0,0,0,0,0,0
CF,FF36R,-31.740744,116.018753,0,PEA,180.0,4.0,360.0,2.0,2,1420,0,0,0,0,2,0
CF,MA36R,-31.690644,116.017728,0,PEA,180.0,0.0,360.0,3.0,1,303,0,0,0,0,3,1
DF,PEA,-31.673944,116.017389,0, ,0.0,0.0,0,0,0,0,0,0,0,0
FA,PEA,-31.673944,116.017389,0,PEA,0.0,0.0,360.0,2,1500,0,0,0,0,0,0
CA,0,290.0,2,3000,0,0,0,0,0,0

APPTR,T36RZ,36R,MUGOB
IF,MUGOB,-31.704333,115.844667, ,0.0,0.0,2,3000,0,0,0,0,1,0
AF,D180I,-31.824242,116.020461,1,PEA,180.0,9.0,260.0,2,2000,0,0,0,0,0,0
CF,CF36R,-31.774144,116.019436,0,PEA,180.0,6.0,360.0,3.0,2,1880,0,0,0,0,0,0

FINAL,T36RZ,36R,D,3
IF,CF36R,-31.774144,116.019436,PEA,180.0,6.0,2,1880,0,0,0,0,0,0
CF,FF36R,-31.740744,116.018753,0,PEA,180.0,4.0,360.0,2.0,2,1240,0,0,0,0,2,0
CF,MA36R,-31.690644,116.017728,0,PEA,180.0,0.0,360.0,3.0,1,283,0,0,0,0,3,1
DF,PEA,-31.673944,116.017389,0, ,0.0,0.0,0,0,0,0,0,0,0,0
FA,PEA,-31.673944,116.017389,0,PEA,0.0,0.0,360.0,2,1500,0,0,0,0,0,0
CA,0,290.0,2,3000,0,0,0,0,0,0

