SID,BK8,11C,1
CA,0,111.0,2,500,0,0,0,0,0,0
VM,0,0,1,290.0,0,0,0,0,0,0,0,0

SID,BK8,29C,1
CA,0,291.0,2,500,0,0,0,0,0,0
VM,0,0,0,290.0,0,0,0,0,0,0,0,0

FINAL,N11C-A,11C,N,2
IF,FF230,-33.889100,151.076892,BK,0.0,0.0,2,1500,0,0,0,0,2,0
CF,BK,-33.928328,150.988506,0,BK,0.0,0.0,230.0,5.0,1,840,0,0,0,0,3,0
CA,0,302.0,2,2000,0,0,0,0,0,0
VM,0,0,0,219.0,2,3000,0,0,0,0,0,0

FINAL,N11L-A,11L,N,2
IF,FF230,-33.889100,151.076892,BK,0.0,0.0,2,1500,0,0,0,0,2,0
CF,BK,-33.928328,150.988506,0,BK,0.0,0.0,230.0,5.0,1,840,0,0,0,0,3,0
CA,0,302.0,2,2000,0,0,0,0,0,0
VM,0,0,0,219.0,2,3000,0,0,0,0,0,0

FINAL,N11R-A,11R,N,2
IF,FF230,-33.889100,151.076892,BK,0.0,0.0,2,1500,0,0,0,0,2,0
CF,BK,-33.928328,150.988506,0,BK,0.0,0.0,230.0,5.0,1,840,0,0,0,0,3,0
CA,0,302.0,2,2000,0,0,0,0,0,0
VM,0,0,0,219.0,2,3000,0,0,0,0,0,0

FINAL,N29C-A,29C,N,2
IF,FF230,-33.889100,151.076892,BK,0.0,0.0,2,1500,0,0,0,0,2,0
CF,BK,-33.928328,150.988506,0,BK,0.0,0.0,230.0,5.0,1,840,0,0,0,0,3,0
CA,0,302.0,2,2000,0,0,0,0,0,0
VM,0,0,0,219.0,2,3000,0,0,0,0,0,0

FINAL,N29L-A,29L,N,2
IF,FF230,-33.889100,151.076892,BK,0.0,0.0,2,1500,0,0,0,0,2,0
CF,BK,-33.928328,150.988506,0,BK,0.0,0.0,230.0,5.0,1,840,0,0,0,0,3,0
CA,0,302.0,2,2000,0,0,0,0,0,0
VM,0,0,0,219.0,2,3000,0,0,0,0,0,0

FINAL,N29R-A,29R,N,2
IF,FF230,-33.889100,151.076892,BK,0.0,0.0,2,1500,0,0,0,0,2,0
CF,BK,-33.928328,150.988506,0,BK,0.0,0.0,230.0,5.0,1,840,0,0,0,0,3,0
CA,0,302.0,2,2000,0,0,0,0,0,0
VM,0,0,0,219.0,2,3000,0,0,0,0,0,0

APPTR,Q11C,11C,BK297
IF,BK297,-33.767586,150.751167, ,0.0,0.0,2,4900,0,1,180,0,1,0
TF,CF11C,-33.811044,150.815178,0, ,0.0,0.0,0.0,0.0,2,3630,0,0,0,0,0,0

FINAL,Q11C,11C,N,4
IF,CF11C,-33.811044,150.815178,BK,0.0,0.0,2,3630,0,0,0,0,0,0
CF,FF11C,-33.844050,150.863872,0,BK,0.0,0.0,117.0,3.1,1,2520,0,0,0,0,2,0
CF,DME14,-33.877714,150.913606,0,BK,0.0,0.0,117.0,3.2,2,1530,0,0,0,0,0,0
CF,MA11C,-33.905539,150.954761,0,SY,0.0,11.6,117.0,2.7,1,648,0,0,0,0,3,0
CD, ,0,0,1,SY,0,0.0,300.0,12.0,3,1500,0,1,160,0,0,0
VM,0,0,0,300.0,2,2500,0,0,0,0,0,0

APPTR,R11CZ,11C,RAKSO
IF,RAKSO,-34.038592,150.691581, ,0.0,0.0,2,3700,0,1,180,0,1,0
TF,SBKWI,-33.857397,150.846597,0, ,0.0,0.0,0.0,0.0,1,2500,0,0,0,0,1,0

APPTR,R11CZ,11C,SBKWB
IF,SBKWB,-33.820219,150.806372, ,0.0,0.0,2,2500,0,1,180,0,1,0
TF,SBKWI,-33.857397,150.846597,0, ,0.0,0.0,0.0,0.0,1,2500,0,0,0,0,1,0

FINAL,R11CZ,11C,R,3
IF,SBKWI,-33.857397,150.846597, ,0.0,0.0,1,2500,0,0,0,0,0,0
TF,SBKWF,-33.884800,150.908478,0, ,0.0,0.0,106.0,3.5,2,1460,0,0,0,0,2,0
TF,SBKWM,-33.912169,150.970394,0, ,0.0,0.0,106.0,3.5,1,344,0,0,0,0,3,1
DF,SBKWH,-33.850992,150.958264,1, ,0.0,0.0,3,1500,0,1,160,0,0,0
VM,0,0,0,300.0,2,2500,0,0,0,0,0,0

