APPTR,N28-1,28,MU
IF,MU,49.653028,100.174167, ,0.0,0.0,2,9680,0,0,0,0,1,0
HF,MU,49.653028,100.174167,2, ,0.0,0.0,290.0,04.3,2,7880,0,0,0,0,0,0,0

FINAL,N28-1,28,N,2
IF,FN28,49.604358,100.390747,MU,0.0,0.0,2,7880,0,0,0,0,2,0
CF,MU,49.653028,100.174167,0,MU,0.0,0.0,290.0,8.9,1,5031,0,0,0,0,3,0
VA,2,110.0,2,7880,0,0,0,0,0,0

APPTR,N28-2,28,MU
IF,MU,49.653028,100.174167, ,0.0,0.0,2,9680,0,0,0,0,1,0
FC,MU,49.653028,100.174167,0,MUR,0.0,0.0,96.0,9.0,2,7880,0,0,0,0,0,1
CF,FN28,49.604358,100.390747,2,MUR,180.4,5.3,290.0,1.0,2,7880,0,0,0,0,0,0

FINAL,N28-2,28,N,2
IF,FN28,49.604358,100.390747,MU,0.0,0.0,2,7880,0,0,0,0,2,0
CF,MU,49.653028,100.174167,0,MU,0.0,0.0,290.0,8.9,1,5031,0,0,0,0,3,0
VA,2,110.0,2,7880,0,0,0,0,0,0

APPTR,R28,28,MN101
IF,MN101,49.591139,100.615444, ,0.0,0.0,2,9850,0,0,0,0,1,0
TF,MN103,49.612222,100.465194,0, ,0.0,0.0,0.0,0.0,2,8860,0,0,0,0,1,0

APPTR,R28,28,MN102
IF,MN102,49.513250,100.486222, ,0.0,0.0,2,9850,0,0,0,0,1,0
TF,MN103,49.612222,100.465194,0, ,0.0,0.0,0.0,0.0,2,8860,0,0,0,0,1,0

FINAL,R28,28,R,4
IF,MN103,49.612222,100.465194, ,0.0,0.0,2,8860,0,0,0,0,0,0
TF,MN104,49.629750,100.339917,0, ,0.0,0.0,283.0,5.0,2,7550,0,0,0,0,2,0
TF,SDF,49.643667,100.241222,0, ,0.0,0.0,283.0,3.9,2,6110,0,0,0,0,0,0
TF,MR28,49.654222,100.166000,0, ,0.0,0.0,283.0,3.0,1,5018,0,0,0,0,3,1
TF,THR28,49.661222,100.115861,0, ,0.0,0.0,0.0,0.0,2,5420,0,1,185,0,0,0
TF,MN105,49.679750,99.983000,0, ,0.0,0.0,0.0,0.0,2,6570,0,1,185,0,0,1
DF,MN106,49.590500,99.952889,1, ,0.0,0.0,2,7550,0,1,185,0,0,0
TF,MN102,49.513250,100.486222,0, ,0.0,0.0,0.0,0.0,2,9850,0,1,185,0,0,0

