SID,ABV11D,07,2
CA,0,67.0,2,430,0,0,0,0,0,0
CF,D087B,30.244567,120.492856,0,HGH,86.8,1.7,82.0,2.0,0,0,0,0,0,0,0,1
DF,DSH,30.148333,120.501667,2, ,0.0,0.0,0,0,0,1,205,0,0,0
TF,D242O,30.011614,120.255603,0, ,0.0,0.0,0.0,0.0,3,9850,0,0,0,0,0,0
TF,D242U,29.960000,120.163333,0, ,0.0,0.0,0.0,0.0,3,11800,0,0,0,0,0,0
TF,MOLGU,29.850000,119.966667,0, ,0.0,0.0,0.0,0.0,3,13800,0,0,0,0,0,0
TF,UGAGO,29.628333,119.650000,0, ,0.0,0.0,0.0,0.0,0,0,0,0,0,0,0,0
TF,ELNEX,29.631667,119.490000,0, ,0.0,0.0,0.0,0.0,0,0,0,0,0,0,0,0
TF,ABVIL,29.641667,119.315000,0, ,0.0,0.0,0.0,0.0,0,0,0,0,0,0,0,0

SID,ABV21D,06,2
CD, ,0,0,0,IXS,0,0.0,67.0,7.5,0,0,0,0,0,0,0,0
CF,DSH,30.148333,120.501667,2,DSH,0.0,0.0,225.0,8.0,0,0,0,1,205,0,0,0
TF,D242O,30.011614,120.255603,0, ,0.0,0.0,0.0,0.0,3,9850,0,0,0,0,0,0
TF,D242U,29.960000,120.163333,0, ,0.0,0.0,0.0,0.0,3,11800,0,0,0,0,0,0
TF,MOLGU,29.850000,119.966667,0, ,0.0,0.0,0.0,0.0,3,13800,0,0,0,0,0,0
TF,UGAGO,29.628333,119.650000,0, ,0.0,0.0,0.0,0.0,0,0,0,0,0,0,0,0
TF,ELNEX,29.631667,119.490000,0, ,0.0,0.0,0.0,0.0,0,0,0,0,0,0,0,0
TF,ABVIL,29.641667,119.315000,0, ,0.0,0.0,0.0,0.0,0,0,0,0,0,0,0,0

SID,ABV61K,06,5
CF,HC030,30.310000,120.568889,0,HGH,57.8,7.0,67.0,8.0,2,1480,0,0,0,0,0,0
TF,HC049,30.165278,120.655000,0, ,0.0,0.0,0.0,0.0,2,2960,0,1,205,0,0,0
TF,HC050,30.089167,120.483056,0, ,0.0,0.0,0.0,0.0,0,0,0,0,0,0,0,0
TF,HC051,30.059167,120.415000,0, ,0.0,0.0,0.0,0.0,3,7880,0,0,0,0,0,0
TF,HC052,29.995833,120.273611,0, ,0.0,0.0,0.0,0.0,3,9850,0,0,0,0,0,0
TF,HC053,29.951667,120.180833,0, ,0.0,0.0,0.0,0.0,3,11800,0,0,0,0,0,0
TF,MOLGU,29.850000,119.966667,0, ,0.0,0.0,0.0,0.0,3,13800,0,0,0,0,0,0
TF,UGAGO,29.628333,119.650000,0, ,0.0,0.0,0.0,0.0,0,0,0,0,0,0,0,0
TF,ELNEX,29.631667,119.490000,0, ,0.0,0.0,0.0,0.0,0,0,0,0,0,0,0,0
TF,ABVIL,29.641667,119.315000,0, ,0.0,0.0,0.0,0.0,0,0,0,0,0,0,0,0

SID,ABV71K,07,5
DF,DER07,30.236894,120.451061,0, ,0.0,0.0,0,0,0,0,0,0,0,1
CF,HC048,30.264167,120.596111,0,HGH,82.9,7.2,82.0,7.0,2,1480,0,0,0,0,0,0
TF,HC049,30.165278,120.655000,0, ,0.0,0.0,0.0,0.0,2,2960,0,1,205,0,0,0
TF,HC050,30.089167,120.483056,0, ,0.0,0.0,0.0,0.0,0,0,0,0,0,0,0,0
TF,HC051,30.059167,120.415000,0, ,0.0,0.0,0.0,0.0,3,7880,0,0,0,0,0,0
TF,HC052,29.995833,120.273611,0, ,0.0,0.0,0.0,0.0,3,9850,0,0,0,0,0,0
TF,HC053,29.951667,120.180833,0, ,0.0,0.0,0.0,0.0,3,11800,0,0,0,0,0,0
TF,MOLGU,29.850000,119.966667,0, ,0.0,0.0,0.0,0.0,3,13800,0,0,0,0,0,0
TF,UGAGO,29.628333,119.650000,0, ,0.0,0.0,0.0,0.0,0,0,0,0,0,0,0,0
TF,ELNEX,29.631667,119.490000,0, ,0.0,0.0,0.0,0.0,0,0,0,0,0,0,0,0
TF,ABVIL,29.641667,119.315000,0, ,0.0,0.0,0.0,0.0,0,0,0,0,0,0,0,0

SID,ELN11D,07,2
CA,0,67.0,2,430,0,0,0,0,0,0
CF,D087B,30.244567,120.492856,0,HGH,86.8,1.7,82.0,2.0,0,0,0,0,0,0,0,1
DF,DSH,30.148333,120.501667,2, ,0.0,0.0,0,0,0,1,205,0,0,0
TF,D242O,30.011614,120.255603,0, ,0.0,0.0,0.0,0.0,3,9850,0,0,0,0,0,0
TF,D242U,29.960000,120.163333,0, ,0.0,0.0,0.0,0.0,3,11800,0,0,0,0,0,0
TF,MOLGU,29.850000,119.966667,0, ,0.0,0.0,0.0,0.0,3,13800,0,0,0,0,0,0
TF,UGAGO,29.628333,119.650000,0, ,0.0,0.0,0.0,0.0,0,0,0,0,0,0,0,0
TF,ELNEX,29.631667,119.490000,0, ,0.0,0.0,0.0,0.0,0,0,0,0,0,0,0,0

SID,ELN21D,06,2
CD, ,0,0,0,IXS,0,0.0,67.0,7.5,0,0,0,0,0,0,0,0
CF,DSH,30.148333,120.501667,2,DSH,0.0,0.0,225.0,8.0,0,0,0,1,205,0,0,0
TF,D242O,30.011614,120.255603,0, ,0.0,0.0,0.0,0.0,3,9850,0,0,0,0,0,0
TF,D242U,29.960000,120.163333,0, ,0.0,0.0,0.0,0.0,3,11800,0,0,0,0,0,0
TF,MOLGU,29.850000,119.966667,0, ,0.0,0.0,0.0,0.0,3,13800,0,0,0,0,0,0
TF,UGAGO,29.628333,119.650000,0, ,0.0,0.0,0.0,0.0,0,0,0,0,0,0,0,0
TF,ELNEX,29.631667,119.490000,0, ,0.0,0.0,0.0,0.0,0,0,0,0,0,0,0,0

SID,ELN61K,06,5
CF,HC030,30.310000,120.568889,0,HGH,57.8,7.0,67.0,8.0,2,1480,0,0,0,0,0,0
TF,HC049,30.165278,120.655000,0, ,0.0,0.0,0.0,0.0,2,2960,0,1,205,0,0,0
TF,HC050,30.089167,120.483056,0, ,0.0,0.0,0.0,0.0,0,0,0,0,0,0,0,0
TF,HC051,30.059167,120.415000,0, ,0.0,0.0,0.0,0.0,3,7880,0,0,0,0,0,0
TF,HC052,29.995833,120.273611,0, ,0.0,0.0,0.0,0.0,3,9850,0,0,0,0,0,0
TF,HC053,29.951667,120.180833,0, ,0.0,0.0,0.0,0.0,3,11800,0,0,0,0,0,0
TF,MOLGU,29.850000,119.966667,0, ,0.0,0.0,0.0,0.0,3,13800,0,0,0,0,0,0
TF,UGAGO,29.628333,119.650000,0, ,0.0,0.0,0.0,0.0,0,0,0,0,0,0,0,0
TF,ELNEX,29.631667,119.490000,0, ,0.0,0.0,0.0,0.0,0,0,0,0,0,0,0,0

SID,ELN71K,07,5
DF,DER07,30.236894,120.451061,0, ,0.0,0.0,0,0,0,0,0,0,0,1
CF,HC048,30.264167,120.596111,0,HGH,82.9,7.2,82.0,7.0,2,1480,0,0,0,0,0,0
TF,HC049,30.165278,120.655000,0, ,0.0,0.0,0.0,0.0,2,2960,0,1,205,0,0,0
TF,HC050,30.089167,120.483056,0, ,0.0,0.0,0.0,0.0,0,0,0,0,0,0,0,0
TF,HC051,30.059167,120.415000,0, ,0.0,0.0,0.0,0.0,3,7880,0,0,0,0,0,0
TF,HC052,29.995833,120.273611,0, ,0.0,0.0,0.0,0.0,3,9850,0,0,0,0,0,0
TF,HC053,29.951667,120.180833,0, ,0.0,0.0,0.0,0.0,3,11800,0,0,0,0,0,0
TF,MOLGU,29.850000,119.966667,0, ,0.0,0.0,0.0,0.0,3,13800,0,0,0,0,0,0
TF,UGAGO,29.628333,119.650000,0, ,0.0,0.0,0.0,0.0,0,0,0,0,0,0,0,0
TF,ELNEX,29.631667,119.490000,0, ,0.0,0.0,0.0,0.0,0,0,0,0,0,0,0,0

SID,NIV11D,07,2
CA,0,67.0,2,430,0,0,0,0,0,0
CF,D087B,30.244567,120.492856,0,HGH,86.8,1.7,82.0,2.0,0,0,0,0,0,0,0,1
DF,X,30.218122,120.408717,2, ,0.0,0.0,2,4930,0,1,205,0,0,0
TF,D286G,30.266311,120.322981,0, ,0.0,0.0,0.0,0.0,2,6890,0,0,0,0,0,0
TF,HC028,30.325000,120.216667,0, ,0.0,0.0,0.0,0.0,0,0,0,0,0,0,0,0
TF,KAKIS,30.483333,120.146667,0, ,0.0,0.0,0.0,0.0,3,7880,0,0,0,0,0,0
TF,NIVIK,30.761667,119.911667,0, ,0.0,0.0,0.0,0.0,2,9850,0,0,0,0,0,0

SID,NIV12D,25,2
CF,WY,30.125775,120.200631,0,HGH,247.0,15.2,247.0,13.0,2,2470,0,0,0,0,0,1
DF,D262S,30.173486,120.097411,0, ,0.0,0.0,2,6890,0,1,205,0,0,0
TF,HC009,30.236667,120.130000,0, ,0.0,0.0,0.0,0.0,2,6890,0,0,0,0,0,0
TF,HC010,30.439722,120.003056,0, ,0.0,0.0,0.0,0.0,4,7880,6890,0,0,0,0,0
TF,HC011,30.641389,119.874444,0, ,0.0,0.0,0.0,0.0,0,0,0,0,0,0,0,0
TF,NIVIK,30.761667,119.911667,0, ,0.0,0.0,0.0,0.0,2,9850,0,0,0,0,0,0

SID,NIV13D,07,2
CA,0,67.0,2,430,0,0,0,0,0,0
CF,D087B,30.244567,120.492856,0,HGH,86.8,1.7,82.0,2.0,0,0,0,0,0,0,0,1
DF,X,30.218122,120.408717,2, ,0.0,0.0,2,4930,0,1,205,0,0,0
TF,D292F,30.273500,120.345081,0, ,0.0,0.0,0.0,0.0,2,6890,0,0,0,0,0,0
TF,ADBAS,30.343333,120.266667,0, ,0.0,0.0,0.0,0.0,0,0,0,0,0,0,0,0
TF,KAKIS,30.483333,120.146667,0, ,0.0,0.0,0.0,0.0,3,7880,0,0,0,0,0,0
TF,NIVIK,30.761667,119.911667,0, ,0.0,0.0,0.0,0.0,2,9850,0,0,0,0,0,0

SID,NIV14D,25,2
CF,WY,30.125775,120.200631,0,HGH,247.0,15.2,247.0,13.0,2,2470,0,0,0,0,0,0
TF,HC008,30.198333,120.153333,0, ,0.0,0.0,0.0,0.0,2,6890,0,1,205,0,0,0
TF,HC009,30.236667,120.130000,0, ,0.0,0.0,0.0,0.0,2,6890,0,0,0,0,0,0
TF,HC010,30.439722,120.003056,0, ,0.0,0.0,0.0,0.0,4,7880,6890,0,0,0,0,0
TF,HC011,30.641389,119.874444,0, ,0.0,0.0,0.0,0.0,0,0,0,0,0,0,0,0
TF,NIVIK,30.761667,119.911667,0, ,0.0,0.0,0.0,0.0,2,9850,0,0,0,0,0,0

SID,NIV15D,07,2
CD, ,0,0,0,HGH,0,0.0,67.0,2.5,0,0,0,0,0,0,0,0
CF,ADBAS,30.343333,120.266667,1,HGH,305.4,11.8,280.0,12.0,3,4930,0,1,205,0,0,0
TF,KAKIS,30.483333,120.146667,0, ,0.0,0.0,0.0,0.0,3,7880,0,0,0,0,0,0
TF,NIVIK,30.761667,119.911667,0, ,0.0,0.0,0.0,0.0,2,9850,0,0,0,0,0,0

SID,NIV21D,06,2
CD, ,0,0,0,IXS,0,0.0,67.0,7.5,0,0,0,0,0,0,0,0
CF,X,30.218122,120.408717,2,HGH,247.0,3.0,270.0,8.0,2,4930,0,1,205,0,0,0
TF,D286G,30.266311,120.322981,0, ,0.0,0.0,0.0,0.0,2,6890,0,0,0,0,0,0
TF,HC028,30.325000,120.216667,0, ,0.0,0.0,0.0,0.0,0,0,0,0,0,0,0,0
TF,KAKIS,30.483333,120.146667,0, ,0.0,0.0,0.0,0.0,3,7880,0,0,0,0,0,0
TF,NIVIK,30.761667,119.911667,0, ,0.0,0.0,0.0,0.0,2,9850,0,0,0,0,0,0

SID,NIV22D,24,2
CD, ,0,0,0,IHZ,0,0.0,247.0,16.8,0,0,0,0,0,0,0,0
DF,D262S,30.173486,120.097411,2, ,0.0,0.0,2,6890,0,1,205,0,0,0
TF,HC009,30.236667,120.130000,0, ,0.0,0.0,0.0,0.0,2,6890,0,0,0,0,0,0
TF,HC010,30.439722,120.003056,0, ,0.0,0.0,0.0,0.0,4,7880,6890,0,0,0,0,0
TF,HC011,30.641389,119.874444,0, ,0.0,0.0,0.0,0.0,0,0,0,0,0,0,0,0
TF,NIVIK,30.761667,119.911667,0, ,0.0,0.0,0.0,0.0,2,9850,0,0,0,0,0,0

SID,NIV23D,06,2
CD, ,0,0,0,IXS,0,0.0,67.0,7.5,0,0,0,0,0,0,0,0
CF,HGH,30.241028,120.460408,2,HGH,0.0,0.0,283.0,5.0,2,4930,0,1,205,0,0,0
TF,D307E,30.284483,120.378228,0, ,0.0,0.0,0.0,0.0,2,6890,0,0,0,0,0,0
TF,ADBAS,30.343333,120.266667,0, ,0.0,0.0,0.0,0.0,0,0,0,0,0,0,0,0
TF,KAKIS,30.483333,120.146667,0, ,0.0,0.0,0.0,0.0,3,7880,0,0,0,0,0,0
TF,NIVIK,30.761667,119.911667,0, ,0.0,0.0,0.0,0.0,2,9850,0,0,0,0,0,0

SID,NIV24D,24,2
CD, ,0,0,0,IHZ,0,0.0,247.0,12.2,2,2140,0,0,0,0,0,0
CF,HC008,30.198333,120.153333,0,HGH,265.0,16.2,337.0,3.0,2,6890,0,1,205,0,0,0
TF,HC009,30.236667,120.130000,0, ,0.0,0.0,0.0,0.0,2,6890,0,0,0,0,0,0
TF,HC010,30.439722,120.003056,0, ,0.0,0.0,0.0,0.0,4,7880,6890,0,0,0,0,0
TF,HC011,30.641389,119.874444,0, ,0.0,0.0,0.0,0.0,0,0,0,0,0,0,0,0
TF,NIVIK,30.761667,119.911667,0, ,0.0,0.0,0.0,0.0,2,9850,0,0,0,0,0,0

SID,NIV25D,06,2
DF,DER06,30.252142,120.439761,0, ,0.0,0.0,2,430,0,0,0,0,0,1
CD, ,0,0,0,IXS,0,0.0,52.0,4.8,0,0,0,0,0,0,0,0
CF,ADBAS,30.343333,120.266667,1,HGH,305.4,11.8,273.0,10.0,3,4930,0,1,205,0,0,0
TF,KAKIS,30.483333,120.146667,0, ,0.0,0.0,0.0,0.0,3,7880,0,0,0,0,0,0
TF,NIVIK,30.761667,119.911667,0, ,0.0,0.0,0.0,0.0,2,9850,0,0,0,0,0,0

SID,NIV26D,24,2
CA,0,247.0,2,830,0,0,0,0,0,0
CF,HC008,30.198333,120.153333,0,HGH,265.0,16.2,266.0,12.0,0,0,0,1,205,0,0,0
TF,HC009,30.236667,120.130000,0, ,0.0,0.0,0.0,0.0,2,6890,0,0,0,0,0,0
TF,HC010,30.439722,120.003056,0, ,0.0,0.0,0.0,0.0,4,7880,6890,0,0,0,0,0
TF,HC011,30.641389,119.874444,0, ,0.0,0.0,0.0,0.0,0,0,0,0,0,0,0,0
TF,NIVIK,30.761667,119.911667,0, ,0.0,0.0,0.0,0.0,2,9850,0,0,0,0,0,0

SID,NIV42K,24,5
DF,DER24,30.238189,120.408294,0, ,0.0,0.0,0,0,0,0,0,0,0,1
CF,HC005,30.140278,120.188333,0,HGH,251.0,15.4,247.0,13.0,2,2630,0,0,0,0,0,0
TF,HC008,30.198333,120.153333,0, ,0.0,0.0,0.0,0.0,2,6890,0,1,205,0,0,0
TF,HC009,30.236667,120.130000,0, ,0.0,0.0,0.0,0.0,0,0,0,0,0,0,0,0
TF,HC010,30.439722,120.003056,0, ,0.0,0.0,0.0,0.0,4,7880,6890,0,0,0,0,0
TF,HC011,30.641389,119.874444,0, ,0.0,0.0,0.0,0.0,0,0,0,0,0,0,0,0
TF,NIVIK,30.761667,119.911667,0, ,0.0,0.0,0.0,0.0,2,9850,0,0,0,0,0,0

SID,NIV52K,25,5
DF,DER25,30.222122,120.417753,0, ,0.0,0.0,0,0,0,0,0,0,0,1
CF,HC001,30.124167,120.197778,0,HGH,247.0,15.3,247.0,13.0,2,2630,0,0,0,0,0,0
TF,HC008,30.198333,120.153333,0, ,0.0,0.0,0.0,0.0,2,6890,0,1,205,0,0,0
TF,HC009,30.236667,120.130000,0, ,0.0,0.0,0.0,0.0,0,0,0,0,0,0,0,0
TF,HC010,30.439722,120.003056,0, ,0.0,0.0,0.0,0.0,4,7880,6890,0,0,0,0,0
TF,HC011,30.641389,119.874444,0, ,0.0,0.0,0.0,0.0,0,0,0,0,0,0,0,0
TF,NIVIK,30.761667,119.911667,0, ,0.0,0.0,0.0,0.0,2,9850,0,0,0,0,0,0

SID,NIV61K,06,5
CF,HC030,30.310000,120.568889,0,HGH,57.8,7.0,67.0,8.0,2,1480,0,0,0,0,0,0
TF,HC049,30.165278,120.655000,0, ,0.0,0.0,0.0,0.0,2,2960,0,1,205,0,0,0
TF,HC050,30.089167,120.483056,0, ,0.0,0.0,0.0,0.0,0,0,0,0,0,0,0,0
TF,HC033,30.206389,120.381667,0, ,0.0,0.0,0.0,0.0,2,4930,0,0,0,0,0,0
TF,HC035,30.260000,120.310000,0, ,0.0,0.0,0.0,0.0,2,6890,0,0,0,0,0,0
TF,HC028,30.325000,120.216667,0, ,0.0,0.0,0.0,0.0,0,0,0,0,0,0,0,0
TF,KAKIS,30.483333,120.146667,0, ,0.0,0.0,0.0,0.0,3,7880,0,0,0,0,0,0
TF,NIVIK,30.761667,119.911667,0, ,0.0,0.0,0.0,0.0,2,9850,0,0,0,0,0,0

SID,NIV63K,06,5
CF,HC030,30.310000,120.568889,0,HGH,57.8,7.0,67.0,8.0,2,1480,0,0,0,0,0,0
TF,HC049,30.165278,120.655000,0, ,0.0,0.0,0.0,0.0,2,2960,0,1,205,0,0,0
TF,HC050,30.089167,120.483056,0, ,0.0,0.0,0.0,0.0,0,0,0,0,0,0,0,0
TF,HC033,30.206389,120.381667,0, ,0.0,0.0,0.0,0.0,2,4930,0,0,0,0,0,0
TF,HC037,30.269167,120.330278,0, ,0.0,0.0,0.0,0.0,2,6890,0,0,0,0,0,0
TF,ADBAS,30.343333,120.266667,0, ,0.0,0.0,0.0,0.0,0,0,0,0,0,0,0,0
TF,KAKIS,30.483333,120.146667,0, ,0.0,0.0,0.0,0.0,3,7880,0,0,0,0,0,0
TF,NIVIK,30.761667,119.911667,0, ,0.0,0.0,0.0,0.0,2,9850,0,0,0,0,0,0

SID,NIV65K,06,5
CF,HC030,30.310000,120.568889,0,HGH,57.8,7.0,67.0,8.0,2,1480,0,0,0,0,0,0
TF,HC054,30.427778,120.498611,0, ,0.0,0.0,0.0,0.0,0,0,0,1,205,0,0,0
TF,ADBAS,30.343333,120.266667,0, ,0.0,0.0,0.0,0.0,3,4930,0,0,0,0,0,0
TF,KAKIS,30.483333,120.146667,0, ,0.0,0.0,0.0,0.0,3,7880,0,0,0,0,0,0
TF,NIVIK,30.761667,119.911667,0, ,0.0,0.0,0.0,0.0,2,9850,0,0,0,0,0,0

SID,NIV71K,07,5
DF,DER07,30.236894,120.451061,0, ,0.0,0.0,0,0,0,0,0,0,0,1
CF,HC048,30.264167,120.596111,0,HGH,82.9,7.2,82.0,7.0,2,1480,0,0,0,0,0,0
TF,HC049,30.165278,120.655000,0, ,0.0,0.0,0.0,0.0,2,2960,0,1,205,0,0,0
TF,HC050,30.089167,120.483056,0, ,0.0,0.0,0.0,0.0,0,0,0,0,0,0,0,0
TF,HC033,30.206389,120.381667,0, ,0.0,0.0,0.0,0.0,2,4930,0,0,0,0,0,0
TF,HC035,30.260000,120.310000,0, ,0.0,0.0,0.0,0.0,2,6890,0,0,0,0,0,0
TF,HC028,30.325000,120.216667,0, ,0.0,0.0,0.0,0.0,0,0,0,0,0,0,0,0
TF,KAKIS,30.483333,120.146667,0, ,0.0,0.0,0.0,0.0,3,7880,0,0,0,0,0,0
TF,NIVIK,30.761667,119.911667,0, ,0.0,0.0,0.0,0.0,2,9850,0,0,0,0,0,0

SID,NIV73K,07,5
DF,DER07,30.236894,120.451061,0, ,0.0,0.0,0,0,0,0,0,0,0,1
CF,HC048,30.264167,120.596111,0,HGH,82.9,7.2,82.0,7.0,2,1480,0,0,0,0,0,0
TF,HC049,30.165278,120.655000,0, ,0.0,0.0,0.0,0.0,2,2960,0,1,205,0,0,0
TF,HC050,30.089167,120.483056,0, ,0.0,0.0,0.0,0.0,0,0,0,0,0,0,0,0
TF,HC033,30.206389,120.381667,0, ,0.0,0.0,0.0,0.0,2,4930,0,0,0,0,0,0
TF,HC037,30.269167,120.330278,0, ,0.0,0.0,0.0,0.0,2,6890,0,0,0,0,0,0
TF,ADBAS,30.343333,120.266667,0, ,0.0,0.0,0.0,0.0,0,0,0,0,0,0,0,0
TF,KAKIS,30.483333,120.146667,0, ,0.0,0.0,0.0,0.0,3,7880,0,0,0,0,0,0
TF,NIVIK,30.761667,119.911667,0, ,0.0,0.0,0.0,0.0,2,9850,0,0,0,0,0,0

SID,NIV75K,07,5
DF,DER07,30.236894,120.451061,0, ,0.0,0.0,0,0,0,0,0,0,0,1
CF,HC048,30.264167,120.596111,0,HGH,82.9,7.2,82.0,7.0,2,1480,0,0,0,0,0,0
TF,HC054,30.427778,120.498611,1, ,0.0,0.0,0.0,0.0,0,0,0,1,205,0,0,0
TF,ADBAS,30.343333,120.266667,0, ,0.0,0.0,0.0,0.0,3,4930,0,0,0,0,0,0
TF,KAKIS,30.483333,120.146667,0, ,0.0,0.0,0.0,0.0,3,7880,0,0,0,0,0,0
TF,NIVIK,30.761667,119.911667,0, ,0.0,0.0,0.0,0.0,2,9850,0,0,0,0,0,0

SID,OKT11D,07,2
CA,0,67.0,2,430,0,0,0,0,0,0
CF,D087B,30.244567,120.492856,0,HGH,86.8,1.7,82.0,2.0,0,0,0,0,0,0,0,1
CF,D114I,30.190775,120.623578,0,HGH,113.5,9.0,123.0,7.0,0,0,0,1,205,0,0,0
TF,OSTIN,30.151667,120.750000,0, ,0.0,0.0,0.0,0.0,2,5910,0,0,0,0,0,0
TF,D114T,30.131667,120.816667,0, ,0.0,0.0,0.0,0.0,2,6890,0,0,0,0,0,0
TF,D114V,30.116436,120.868242,0, ,0.0,0.0,0.0,0.0,0,0,0,0,0,0,0,0
TF,OKTUG,30.088333,120.960000,0, ,0.0,0.0,0.0,0.0,2,8860,0,0,0,0,0,0

SID,OKT21D,06,2
CD, ,0,0,0,IXS,0,0.0,67.0,7.5,0,0,0,0,0,0,0,0
CF,D114I,30.190775,120.623578,2,HGH,113.5,9.0,170.0,6.0,0,0,0,1,205,0,0,0
TF,OSTIN,30.151667,120.750000,0, ,0.0,0.0,0.0,0.0,2,5910,0,0,0,0,0,0
TF,D114T,30.131667,120.816667,0, ,0.0,0.0,0.0,0.0,2,6890,0,0,0,0,0,0
TF,D114V,30.116436,120.868242,0, ,0.0,0.0,0.0,0.0,0,0,0,0,0,0,0,0
TF,OKTUG,30.088333,120.960000,0, ,0.0,0.0,0.0,0.0,2,8860,0,0,0,0,0,0

SID,OKT61K,06,5
CF,HC030,30.310000,120.568889,0,HGH,57.8,7.0,67.0,8.0,2,1480,0,0,0,0,0,0
TF,HC049,30.165278,120.655000,0, ,0.0,0.0,0.0,0.0,2,2960,0,1,205,0,0,0
TF,OSTIN,30.151667,120.750000,0, ,0.0,0.0,0.0,0.0,2,5910,0,0,0,0,0,0
TF,HC018,30.131667,120.816667,0, ,0.0,0.0,0.0,0.0,2,6890,0,0,0,0,0,0
TF,HC019,30.116667,120.866389,0, ,0.0,0.0,0.0,0.0,0,0,0,0,0,0,0,0
TF,OKTUG,30.088333,120.960000,0, ,0.0,0.0,0.0,0.0,2,8860,0,0,0,0,0,0

SID,OKT71K,07,5
DF,DER07,30.236894,120.451061,0, ,0.0,0.0,0,0,0,0,0,0,0,1
CF,HC048,30.264167,120.596111,0,HGH,82.9,7.2,82.0,7.0,2,1480,0,0,0,0,0,0
TF,HC049,30.165278,120.655000,0, ,0.0,0.0,0.0,0.0,2,2960,0,1,205,0,0,0
TF,OSTIN,30.151667,120.750000,0, ,0.0,0.0,0.0,0.0,2,5910,0,0,0,0,0,0
TF,HC018,30.131667,120.816667,0, ,0.0,0.0,0.0,0.0,2,6890,0,0,0,0,0,0
TF,HC019,30.116667,120.866389,0, ,0.0,0.0,0.0,0.0,0,0,0,0,0,0,0,0
TF,OKTUG,30.088333,120.960000,0, ,0.0,0.0,0.0,0.0,2,8860,0,0,0,0,0,0

SID,SUP11D,07,2
CA,0,67.0,2,430,0,0,0,0,0,0
CF,D087B,30.244567,120.492856,0,HGH,86.8,1.7,82.0,2.0,0,0,0,0,0,0,0,1
CF,D114I,30.190775,120.623578,0,HGH,113.5,9.0,123.0,7.0,0,0,0,1,205,0,0,0
TF,OSTIN,30.151667,120.750000,0, ,0.0,0.0,0.0,0.0,2,5910,0,0,0,0,0,0
TF,D114T,30.131667,120.816667,0, ,0.0,0.0,0.0,0.0,2,6890,0,0,0,0,0,0
TF,D114V,30.116436,120.868242,0, ,0.0,0.0,0.0,0.0,0,0,0,0,0,0,0,0
TF,SUPAR,30.023333,120.858333,0, ,0.0,0.0,0.0,0.0,2,8860,0,0,0,0,0,0

SID,SUP12D,25,2
DF,DER25,30.222122,120.417753,0, ,0.0,0.0,0,0,0,0,0,0,0,1
CD, ,0,0,0,HGH,0,0.0,232.0,6.2,2,890,0,0,0,0,0,0
CF,DSH,30.148333,120.501667,1,DSH,0.0,0.0,67.0,6.0,3,4930,0,1,205,0,0,0
TF,D117K,30.078333,120.700000,0, ,0.0,0.0,0.0,0.0,4,7880,5910,0,0,0,0,0
TF,SUPAR,30.023333,120.858333,0, ,0.0,0.0,0.0,0.0,2,8860,0,0,0,0,0,0

SID,SUP14D,25,2
DF,DER25,30.222122,120.417753,0, ,0.0,0.0,0,0,0,0,0,0,0,1
CD, ,0,0,0,HGH,0,0.0,232.0,6.2,2,890,0,0,0,0,0,0
CF,D136E,30.087942,120.578761,1,DSH,136.0,5.4,100.0,11.0,3,4930,0,1,205,0,0,0
TF,D117K,30.078333,120.700000,0, ,0.0,0.0,0.0,0.0,4,7880,5910,0,0,0,0,0
TF,SUPAR,30.023333,120.858333,0, ,0.0,0.0,0.0,0.0,2,8860,0,0,0,0,0,0

SID,SUP21D,06,2
CD, ,0,0,0,IXS,0,0.0,67.0,7.5,0,0,0,0,0,0,0,0
CF,D114I,30.190775,120.623578,2,HGH,113.5,9.0,170.0,6.0,0,0,0,1,205,0,0,0
TF,OSTIN,30.151667,120.750000,0, ,0.0,0.0,0.0,0.0,2,5910,0,0,0,0,0,0
TF,D114T,30.131667,120.816667,0, ,0.0,0.0,0.0,0.0,2,6890,0,0,0,0,0,0
TF,D114V,30.116436,120.868242,0, ,0.0,0.0,0.0,0.0,0,0,0,0,0,0,0,0
TF,SUPAR,30.023333,120.858333,0, ,0.0,0.0,0.0,0.0,2,8860,0,0,0,0,0,0

SID,SUP22D,24,2
CD, ,0,0,0,IHZ,0,0.0,247.0,12.2,2,2140,0,0,0,0,0,0
CF,DSH,30.148333,120.501667,1,DSH,0.0,0.0,79.0,14.0,3,4930,0,1,205,0,0,0
TF,D117K,30.078333,120.700000,0, ,0.0,0.0,0.0,0.0,4,7880,5910,0,0,0,0,0
TF,SUPAR,30.023333,120.858333,0, ,0.0,0.0,0.0,0.0,2,8860,0,0,0,0,0,0

SID,SUP42K,24,5
DF,DER24,30.238189,120.408294,0, ,0.0,0.0,0,0,0,0,0,0,0,1
CF,HC005,30.140278,120.188333,0,HGH,251.0,15.4,247.0,13.0,2,2630,0,0,0,0,0,0
TF,HC052,29.995833,120.273611,0, ,0.0,0.0,0.0,0.0,2,3940,0,1,205,0,0,0
TF,HC044,30.070556,120.441944,0, ,0.0,0.0,0.0,0.0,2,4930,0,0,0,0,0,0
TF,HC039,30.089722,120.666944,0, ,0.0,0.0,0.0,0.0,4,7880,5910,0,0,0,0,0
TF,SUPAR,30.023333,120.858333,0, ,0.0,0.0,0.0,0.0,2,8860,0,0,0,0,0,0

SID,SUP52K,25,5
DF,DER25,30.222122,120.417753,0, ,0.0,0.0,0,0,0,0,0,0,0,1
CF,HC001,30.124167,120.197778,0,HGH,247.0,15.3,247.0,13.0,2,2630,0,0,0,0,0,0
TF,HC002,30.072778,120.228889,0, ,0.0,0.0,0.0,0.0,2,2630,0,1,205,0,0,0
TF,HC052,29.995833,120.273611,0, ,0.0,0.0,0.0,0.0,2,3940,0,0,0,0,0,0
TF,HC044,30.070556,120.441944,0, ,0.0,0.0,0.0,0.0,2,4930,0,0,0,0,0,0
TF,HC039,30.089722,120.666944,0, ,0.0,0.0,0.0,0.0,4,7880,5910,0,0,0,0,0
TF,SUPAR,30.023333,120.858333,0, ,0.0,0.0,0.0,0.0,2,8860,0,0,0,0,0,0

SID,SUP54K,25,5
DF,DER25,30.222122,120.417753,0, ,0.0,0.0,0,0,0,0,0,0,0,1
CF,HC002,30.072778,120.228889,0,HGH,234.2,15.7,232.0,13.0,2,2630,0,0,0,0,0,0
TF,HC052,29.995833,120.273611,0, ,0.0,0.0,0.0,0.0,2,3940,0,1,205,0,0,0
TF,HC044,30.070556,120.441944,0, ,0.0,0.0,0.0,0.0,2,4930,0,0,0,0,0,0
TF,HC039,30.089722,120.666944,0, ,0.0,0.0,0.0,0.0,4,7880,5910,0,0,0,0,0
TF,SUPAR,30.023333,120.858333,0, ,0.0,0.0,0.0,0.0,2,8860,0,0,0,0,0,0

SID,SUP61K,06,5
CF,HC030,30.310000,120.568889,0,HGH,57.8,7.0,67.0,8.0,2,1480,0,0,0,0,0,0
TF,HC049,30.165278,120.655000,0, ,0.0,0.0,0.0,0.0,2,2960,0,1,205,0,0,0
TF,OSTIN,30.151667,120.750000,0, ,0.0,0.0,0.0,0.0,2,5910,0,0,0,0,0,0
TF,HC018,30.131667,120.816667,0, ,0.0,0.0,0.0,0.0,2,6890,0,0,0,0,0,0
TF,HC019,30.116667,120.866389,0, ,0.0,0.0,0.0,0.0,0,0,0,0,0,0,0,0
TF,SUPAR,30.023333,120.858333,0, ,0.0,0.0,0.0,0.0,2,8860,0,0,0,0,0,0

SID,SUP71K,07,5
DF,DER07,30.236894,120.451061,0, ,0.0,0.0,0,0,0,0,0,0,0,1
CF,HC048,30.264167,120.596111,0,HGH,82.9,7.2,82.0,7.0,2,1480,0,0,0,0,0,0
TF,HC049,30.165278,120.655000,0, ,0.0,0.0,0.0,0.0,2,2960,0,1,205,0,0,0
TF,OSTIN,30.151667,120.750000,0, ,0.0,0.0,0.0,0.0,2,5910,0,0,0,0,0,0
TF,HC018,30.131667,120.816667,0, ,0.0,0.0,0.0,0.0,2,6890,0,0,0,0,0,0
TF,HC019,30.116667,120.866389,0, ,0.0,0.0,0.0,0.0,0,0,0,0,0,0,0,0
TF,SUPAR,30.023333,120.858333,0, ,0.0,0.0,0.0,0.0,2,8860,0,0,0,0,0,0

SID,TOL11D,07,2
CD, ,0,0,0,HGH,0,0.0,67.0,2.5,0,0,0,0,0,0,0,0
CF,ADBAS,30.343333,120.266667,1,HGH,305.4,11.8,280.0,12.0,3,4930,0,1,205,0,0,0
TF,CJ,30.305000,120.166667,0, ,0.0,0.0,0.0,0.0,0,0,0,0,0,0,0,0
TF,D008R,30.063650,119.678092,0, ,0.0,0.0,0.0,0.0,0,0,0,0,0,0,0,0
TF,DUBGO,29.855000,119.665000,0, ,0.0,0.0,0.0,0.0,0,0,0,0,0,0,0,0
TF,TOL,29.763333,119.660000,0, ,0.0,0.0,0.0,0.0,0,0,0,0,0,0,0,0

SID,TOL12D,25,2
CF,WY,30.125775,120.200631,0,HGH,247.0,15.2,247.0,13.0,2,2470,0,0,0,0,0,0
TF,HGH28,30.018306,119.987175,0, ,0.0,0.0,0.0,0.0,4,11800,7880,0,0,0,0,0
TF,DUBGO,29.855000,119.665000,0, ,0.0,0.0,0.0,0.0,0,0,0,0,0,0,0,0
TF,TOL,29.763333,119.660000,0, ,0.0,0.0,0.0,0.0,0,0,0,0,0,0,0,0

SID,TOL21D,06,2
DF,DER06,30.252142,120.439761,0, ,0.0,0.0,2,430,0,0,0,0,0,1
CD, ,0,0,0,IXS,0,0.0,52.0,4.8,0,0,0,0,0,0,0,0
CF,ADBAS,30.343333,120.266667,1,HGH,305.4,11.8,273.0,10.0,3,4930,0,1,205,0,0,0
TF,CJ,30.305000,120.166667,0, ,0.0,0.0,0.0,0.0,0,0,0,0,0,0,0,0
TF,D008R,30.063650,119.678092,0, ,0.0,0.0,0.0,0.0,0,0,0,0,0,0,0,0
TF,DUBGO,29.855000,119.665000,0, ,0.0,0.0,0.0,0.0,0,0,0,0,0,0,0,0
TF,TOL,29.763333,119.660000,0, ,0.0,0.0,0.0,0.0,0,0,0,0,0,0,0,0

SID,TOL22D,24,2
CD, ,0,0,0,IHZ,0,0.0,247.0,12.2,2,2140,0,0,0,0,0,0
CF,WY,30.125775,120.200631,0,HGH,247.0,15.2,220.0,3.0,2,2960,0,0,0,0,0,0
TF,HGH28,30.018306,119.987175,0, ,0.0,0.0,0.0,0.0,4,11800,7880,0,0,0,0,0
TF,DUBGO,29.855000,119.665000,0, ,0.0,0.0,0.0,0.0,0,0,0,0,0,0,0,0
TF,TOL,29.763333,119.660000,0, ,0.0,0.0,0.0,0.0,0,0,0,0,0,0,0,0

SID,TOL42K,24,5
DF,DER24,30.238189,120.408294,0, ,0.0,0.0,0,0,0,0,0,0,0,1
CF,HC005,30.140278,120.188333,0,HGH,251.0,15.4,247.0,13.0,2,2630,0,0,0,0,0,0
TF,HC006,30.103056,120.105000,0, ,0.0,0.0,0.0,0.0,0,0,0,0,0,0,0,0
TF,HC004,30.025278,119.995278,0, ,0.0,0.0,0.0,0.0,4,11800,7880,0,0,0,0,0
TF,DUBGO,29.855000,119.665000,0, ,0.0,0.0,0.0,0.0,0,0,0,0,0,0,0,0
TF,TOL,29.763333,119.660000,0, ,0.0,0.0,0.0,0.0,0,0,0,0,0,0,0,0

SID,TOL52K,25,5
DF,DER25,30.222122,120.417753,0, ,0.0,0.0,0,0,0,0,0,0,0,1
CF,HC001,30.124167,120.197778,0,HGH,247.0,15.3,247.0,13.0,2,2630,0,0,0,0,0,0
TF,HC003,30.087500,120.115278,0, ,0.0,0.0,0.0,0.0,0,0,0,0,0,0,0,0
TF,HC004,30.025278,119.995278,0, ,0.0,0.0,0.0,0.0,4,11800,7880,0,0,0,0,0
TF,DUBGO,29.855000,119.665000,0, ,0.0,0.0,0.0,0.0,0,0,0,0,0,0,0,0
TF,TOL,29.763333,119.660000,0, ,0.0,0.0,0.0,0.0,0,0,0,0,0,0,0,0

SID,TOL61K,06,5
CF,HC030,30.310000,120.568889,0,HGH,57.8,7.0,67.0,8.0,2,1480,0,0,0,0,0,0
TF,HC054,30.427778,120.498611,0, ,0.0,0.0,0.0,0.0,0,0,0,1,205,0,0,0
TF,ADBAS,30.343333,120.266667,0, ,0.0,0.0,0.0,0.0,3,4930,0,0,0,0,0,0
TF,HC028,30.325000,120.216667,0, ,0.0,0.0,0.0,0.0,0,0,0,0,0,0,0,0
TF,CJ,30.305000,120.166667,0, ,0.0,0.0,0.0,0.0,0,0,0,0,0,0,0,0
TF,HC036,30.066667,119.676667,0, ,0.0,0.0,0.0,0.0,0,0,0,0,0,0,0,0
TF,DUBGO,29.855000,119.665000,0, ,0.0,0.0,0.0,0.0,0,0,0,0,0,0,0,0
TF,TOL,29.763333,119.660000,0, ,0.0,0.0,0.0,0.0,0,0,0,0,0,0,0,0

SID,TOL71K,07,5
DF,DER07,30.236894,120.451061,0, ,0.0,0.0,0,0,0,0,0,0,0,1
CF,HC048,30.264167,120.596111,0,HGH,82.9,7.2,82.0,7.0,2,1480,0,0,0,0,0,0
TF,HC054,30.427778,120.498611,1, ,0.0,0.0,0.0,0.0,0,0,0,1,205,0,0,0
TF,ADBAS,30.343333,120.266667,0, ,0.0,0.0,0.0,0.0,3,4930,0,0,0,0,0,0
TF,HC028,30.325000,120.216667,0, ,0.0,0.0,0.0,0.0,0,0,0,0,0,0,0,0
TF,CJ,30.305000,120.166667,0, ,0.0,0.0,0.0,0.0,0,0,0,0,0,0,0,0
TF,HC036,30.066667,119.676667,0, ,0.0,0.0,0.0,0.0,0,0,0,0,0,0,0,0
TF,DUBGO,29.855000,119.665000,0, ,0.0,0.0,0.0,0.0,0,0,0,0,0,0,0,0
TF,TOL,29.763333,119.660000,0, ,0.0,0.0,0.0,0.0,0,0,0,0,0,0,0,0

SID,UGA11D,07,2
CA,0,67.0,2,430,0,0,0,0,0,0
CF,D087B,30.244567,120.492856,0,HGH,86.8,1.7,82.0,2.0,0,0,0,0,0,0,0,1
DF,DSH,30.148333,120.501667,2, ,0.0,0.0,0,0,0,1,205,0,0,0
TF,D242O,30.011614,120.255603,0, ,0.0,0.0,0.0,0.0,3,9850,0,0,0,0,0,0
TF,D242U,29.960000,120.163333,0, ,0.0,0.0,0.0,0.0,3,11800,0,0,0,0,0,0
TF,MOLGU,29.850000,119.966667,0, ,0.0,0.0,0.0,0.0,3,13800,0,0,0,0,0,0
TF,UGAGO,29.628333,119.650000,0, ,0.0,0.0,0.0,0.0,0,0,0,0,0,0,0,0

SID,UGA21D,06,2
CD, ,0,0,0,IXS,0,0.0,67.0,7.5,0,0,0,0,0,0,0,0
CF,DSH,30.148333,120.501667,2,DSH,0.0,0.0,225.0,8.0,0,0,0,1,205,0,0,0
TF,D242O,30.011614,120.255603,0, ,0.0,0.0,0.0,0.0,3,9850,0,0,0,0,0,0
TF,D242U,29.960000,120.163333,0, ,0.0,0.0,0.0,0.0,3,11800,0,0,0,0,0,0
TF,MOLGU,29.850000,119.966667,0, ,0.0,0.0,0.0,0.0,3,13800,0,0,0,0,0,0
TF,UGAGO,29.628333,119.650000,0, ,0.0,0.0,0.0,0.0,0,0,0,0,0,0,0,0

SID,UGA61K,06,5
CF,HC030,30.310000,120.568889,0,HGH,57.8,7.0,67.0,8.0,2,1480,0,0,0,0,0,0
TF,HC049,30.165278,120.655000,0, ,0.0,0.0,0.0,0.0,2,2960,0,1,205,0,0,0
TF,HC050,30.089167,120.483056,0, ,0.0,0.0,0.0,0.0,0,0,0,0,0,0,0,0
TF,HC051,30.059167,120.415000,0, ,0.0,0.0,0.0,0.0,3,7880,0,0,0,0,0,0
TF,HC052,29.995833,120.273611,0, ,0.0,0.0,0.0,0.0,3,9850,0,0,0,0,0,0
TF,HC053,29.951667,120.180833,0, ,0.0,0.0,0.0,0.0,3,11800,0,0,0,0,0,0
TF,MOLGU,29.850000,119.966667,0, ,0.0,0.0,0.0,0.0,3,13800,0,0,0,0,0,0
TF,UGAGO,29.628333,119.650000,0, ,0.0,0.0,0.0,0.0,0,0,0,0,0,0,0,0

SID,UGA71K,07,5
DF,DER07,30.236894,120.451061,0, ,0.0,0.0,0,0,0,0,0,0,0,1
CF,HC048,30.264167,120.596111,0,HGH,82.9,7.2,82.0,7.0,2,1480,0,0,0,0,0,0
TF,HC049,30.165278,120.655000,0, ,0.0,0.0,0.0,0.0,2,2960,0,1,205,0,0,0
TF,HC050,30.089167,120.483056,0, ,0.0,0.0,0.0,0.0,0,0,0,0,0,0,0,0
TF,HC051,30.059167,120.415000,0, ,0.0,0.0,0.0,0.0,3,7880,0,0,0,0,0,0
TF,HC052,29.995833,120.273611,0, ,0.0,0.0,0.0,0.0,3,9850,0,0,0,0,0,0
TF,HC053,29.951667,120.180833,0, ,0.0,0.0,0.0,0.0,3,11800,0,0,0,0,0,0
TF,MOLGU,29.850000,119.966667,0, ,0.0,0.0,0.0,0.0,3,13800,0,0,0,0,0,0
TF,UGAGO,29.628333,119.650000,0, ,0.0,0.0,0.0,0.0,0,0,0,0,0,0,0,0

STAR,ABV12A,25,2
IF,ABVIL,29.641667,119.315000, ,0.0,0.0,0,0,0,0,0,0,0,0
TF,ELNEX,29.631667,119.490000,0, ,0.0,0.0,0.0,0.0,0,0,0,0,0,0,0,0
TF,UGAGO,29.628333,119.650000,0, ,0.0,0.0,0.0,0.0,0,0,0,0,0,0,0,0
TF,MOLGU,29.850000,119.966667,0, ,0.0,0.0,0.0,0.0,3,13800,0,0,0,0,0,0
TF,D242U,29.960000,120.163333,0, ,0.0,0.0,0.0,0.0,3,11800,0,0,0,0,0,0
TF,D242O,30.011614,120.255603,0, ,0.0,0.0,0.0,0.0,3,9850,0,0,0,0,0,0
TF,D242G,30.089922,120.396358,0, ,0.0,0.0,0.0,0.0,2,7880,0,0,0,0,0,0
TF,DSH,30.148333,120.501667,0, ,0.0,0.0,0.0,0.0,2,3940,0,1,205,0,0,0

STAR,ABV22A,24,2
IF,ABVIL,29.641667,119.315000, ,0.0,0.0,0,0,0,0,0,0,0,0
TF,ELNEX,29.631667,119.490000,0, ,0.0,0.0,0.0,0.0,0,0,0,0,0,0,0,0
TF,UGAGO,29.628333,119.650000,0, ,0.0,0.0,0.0,0.0,0,0,0,0,0,0,0,0
TF,MOLGU,29.850000,119.966667,0, ,0.0,0.0,0.0,0.0,3,13800,0,0,0,0,0,0
TF,D242U,29.960000,120.163333,0, ,0.0,0.0,0.0,0.0,3,11800,0,0,0,0,0,0
TF,D242O,30.011614,120.255603,0, ,0.0,0.0,0.0,0.0,3,9850,0,0,0,0,0,0
TF,D242G,30.089922,120.396358,0, ,0.0,0.0,0.0,0.0,2,7880,0,0,0,0,0,0
TF,DSH,30.148333,120.501667,0, ,0.0,0.0,0.0,0.0,2,3940,0,1,205,0,0,0

STAR,ABV42J,24,5
IF,ABVIL,29.641667,119.315000, ,0.0,0.0,0,0,0,0,0,0,0,0
TF,ELNEX,29.631667,119.490000,0, ,0.0,0.0,0.0,0.0,0,0,0,0,0,0,0,0
TF,UGAGO,29.628333,119.650000,0, ,0.0,0.0,0.0,0.0,0,0,0,0,0,0,0,0
TF,MOLGU,29.850000,119.966667,0, ,0.0,0.0,0.0,0.0,3,13800,0,0,0,0,0,0
TF,HC053,29.951667,120.180833,0, ,0.0,0.0,0.0,0.0,3,11800,0,0,0,0,0,0
TF,HC052,29.995833,120.273611,0, ,0.0,0.0,0.0,0.0,3,9850,0,0,0,0,0,0
TF,HC051,30.059167,120.415000,0, ,0.0,0.0,0.0,0.0,3,7880,0,0,0,0,0,0
TF,HC050,30.089167,120.483056,0, ,0.0,0.0,0.0,0.0,2,4930,0,0,0,0,0,0
TF,HC058,30.178333,120.683889,0, ,0.0,0.0,0.0,0.0,2,3940,0,1,205,0,0,0

STAR,ABV44J,24,5
IF,ABVIL,29.641667,119.315000, ,0.0,0.0,0,0,0,0,0,0,0,0
TF,ELNEX,29.631667,119.490000,0, ,0.0,0.0,0.0,0.0,0,0,0,0,0,0,0,0
TF,UGAGO,29.628333,119.650000,0, ,0.0,0.0,0.0,0.0,0,0,0,0,0,0,0,0
TF,MOLGU,29.850000,119.966667,0, ,0.0,0.0,0.0,0.0,3,13800,0,0,0,0,0,0
TF,HC057,29.972222,120.122500,0, ,0.0,0.0,0.0,0.0,3,11800,0,0,0,0,0,0
TF,HC056,30.060278,120.236111,0, ,0.0,0.0,0.0,0.0,3,9850,0,0,0,0,0,0
TF,HC055,30.161944,120.464722,0, ,0.0,0.0,0.0,0.0,2,3940,0,1,205,0,0,0

STAR,ABV52J,25,5
IF,ABVIL,29.641667,119.315000, ,0.0,0.0,0,0,0,0,0,0,0,0
TF,ELNEX,29.631667,119.490000,0, ,0.0,0.0,0.0,0.0,0,0,0,0,0,0,0,0
TF,UGAGO,29.628333,119.650000,0, ,0.0,0.0,0.0,0.0,0,0,0,0,0,0,0,0
TF,MOLGU,29.850000,119.966667,0, ,0.0,0.0,0.0,0.0,3,13800,0,0,0,0,0,0
TF,HC053,29.951667,120.180833,0, ,0.0,0.0,0.0,0.0,3,11800,0,0,0,0,0,0
TF,HC052,29.995833,120.273611,0, ,0.0,0.0,0.0,0.0,3,9850,0,0,0,0,0,0
TF,HC051,30.059167,120.415000,0, ,0.0,0.0,0.0,0.0,3,7880,0,0,0,0,0,0
TF,HC050,30.089167,120.483056,0, ,0.0,0.0,0.0,0.0,2,4930,0,0,0,0,0,0
TF,HC058,30.178333,120.683889,0, ,0.0,0.0,0.0,0.0,2,3940,0,1,205,0,0,0

STAR,ABV54J,25,5
IF,ABVIL,29.641667,119.315000, ,0.0,0.0,0,0,0,0,0,0,0,0
TF,ELNEX,29.631667,119.490000,0, ,0.0,0.0,0.0,0.0,0,0,0,0,0,0,0,0
TF,UGAGO,29.628333,119.650000,0, ,0.0,0.0,0.0,0.0,0,0,0,0,0,0,0,0
TF,MOLGU,29.850000,119.966667,0, ,0.0,0.0,0.0,0.0,3,13800,0,0,0,0,0,0
TF,HC057,29.972222,120.122500,0, ,0.0,0.0,0.0,0.0,3,11800,0,0,0,0,0,0
TF,HC056,30.060278,120.236111,0, ,0.0,0.0,0.0,0.0,3,9850,0,0,0,0,0,0
TF,HC055,30.161944,120.464722,0, ,0.0,0.0,0.0,0.0,2,3940,0,1,205,0,0,0

STAR,ABV82J,24,5
IF,ABVIL,29.641667,119.315000, ,0.0,0.0,0,0,0,0,0,0,0,0
TF,ELNEX,29.631667,119.490000,0, ,0.0,0.0,0.0,0.0,0,0,0,0,0,0,0,0
TF,UGAGO,29.628333,119.650000,0, ,0.0,0.0,0.0,0.0,0,0,0,0,0,0,0,0
TF,MOLGU,29.850000,119.966667,0, ,0.0,0.0,0.0,0.0,3,13800,0,0,0,0,0,0
TF,HC053,29.951667,120.180833,0, ,0.0,0.0,0.0,0.0,3,11800,0,0,0,0,0,0
TF,HC052,29.995833,120.273611,0, ,0.0,0.0,0.0,0.0,3,9850,0,0,0,0,0,0
TF,HC051,30.059167,120.415000,0, ,0.0,0.0,0.0,0.0,3,7880,0,0,0,0,0,0
TF,HC050,30.089167,120.483056,0, ,0.0,0.0,0.0,0.0,2,4930,0,0,0,0,0,0
TF,HC089,30.166389,120.654722,0, ,0.0,0.0,0.0,0.0,0,0,0,0,0,0,0,0
TF,HC084,30.240833,120.820833,0, ,0.0,0.0,0.0,0.0,2,3940,0,1,205,0,0,0

STAR,ABV84J,24,5
IF,ABVIL,29.641667,119.315000, ,0.0,0.0,0,0,0,0,0,0,0,0
TF,ELNEX,29.631667,119.490000,0, ,0.0,0.0,0.0,0.0,0,0,0,0,0,0,0,0
TF,UGAGO,29.628333,119.650000,0, ,0.0,0.0,0.0,0.0,0,0,0,0,0,0,0,0
TF,MOLGU,29.850000,119.966667,0, ,0.0,0.0,0.0,0.0,3,13800,0,0,0,0,0,0
TF,HC057,29.972222,120.122500,0, ,0.0,0.0,0.0,0.0,3,11800,0,0,0,0,0,0
TF,HC056,30.060278,120.236111,0, ,0.0,0.0,0.0,0.0,3,9850,0,0,0,0,0,0
TF,HC055,30.161944,120.464722,0, ,0.0,0.0,0.0,0.0,2,3940,0,1,205,0,0,0

STAR,ABV92J,25,5
IF,ABVIL,29.641667,119.315000, ,0.0,0.0,0,0,0,0,0,0,0,0
TF,ELNEX,29.631667,119.490000,0, ,0.0,0.0,0.0,0.0,0,0,0,0,0,0,0,0
TF,UGAGO,29.628333,119.650000,0, ,0.0,0.0,0.0,0.0,0,0,0,0,0,0,0,0
TF,MOLGU,29.850000,119.966667,0, ,0.0,0.0,0.0,0.0,3,13800,0,0,0,0,0,0
TF,HC053,29.951667,120.180833,0, ,0.0,0.0,0.0,0.0,3,11800,0,0,0,0,0,0
TF,HC052,29.995833,120.273611,0, ,0.0,0.0,0.0,0.0,3,9850,0,0,0,0,0,0
TF,HC051,30.059167,120.415000,0, ,0.0,0.0,0.0,0.0,3,7880,0,0,0,0,0,0
TF,HC050,30.089167,120.483056,0, ,0.0,0.0,0.0,0.0,2,4930,0,0,0,0,0,0
TF,HC089,30.166389,120.654722,0, ,0.0,0.0,0.0,0.0,0,0,0,0,0,0,0,0
TF,HC084,30.240833,120.820833,0, ,0.0,0.0,0.0,0.0,2,3940,0,1,205,0,0,0

STAR,ABV94J,25,5
IF,ABVIL,29.641667,119.315000, ,0.0,0.0,0,0,0,0,0,0,0,0
TF,ELNEX,29.631667,119.490000,0, ,0.0,0.0,0.0,0.0,0,0,0,0,0,0,0,0
TF,UGAGO,29.628333,119.650000,0, ,0.0,0.0,0.0,0.0,0,0,0,0,0,0,0,0
TF,MOLGU,29.850000,119.966667,0, ,0.0,0.0,0.0,0.0,3,13800,0,0,0,0,0,0
TF,HC057,29.972222,120.122500,0, ,0.0,0.0,0.0,0.0,3,11800,0,0,0,0,0,0
TF,HC056,30.060278,120.236111,0, ,0.0,0.0,0.0,0.0,3,9850,0,0,0,0,0,0
TF,HC055,30.161944,120.464722,0, ,0.0,0.0,0.0,0.0,2,3940,0,1,205,0,0,0

STAR,ELN12A,25,2
IF,ELNEX,29.631667,119.490000, ,0.0,0.0,0,0,0,0,0,0,0,0
TF,UGAGO,29.628333,119.650000,0, ,0.0,0.0,0.0,0.0,0,0,0,0,0,0,0,0
TF,MOLGU,29.850000,119.966667,0, ,0.0,0.0,0.0,0.0,3,13800,0,0,0,0,0,0
TF,D242U,29.960000,120.163333,0, ,0.0,0.0,0.0,0.0,3,11800,0,0,0,0,0,0
TF,D242O,30.011614,120.255603,0, ,0.0,0.0,0.0,0.0,3,9850,0,0,0,0,0,0
TF,D242G,30.089922,120.396358,0, ,0.0,0.0,0.0,0.0,2,7880,0,0,0,0,0,0
TF,DSH,30.148333,120.501667,0, ,0.0,0.0,0.0,0.0,2,3940,0,1,205,0,0,0

STAR,ELN22A,24,2
IF,ELNEX,29.631667,119.490000, ,0.0,0.0,0,0,0,0,0,0,0,0
TF,UGAGO,29.628333,119.650000,0, ,0.0,0.0,0.0,0.0,0,0,0,0,0,0,0,0
TF,MOLGU,29.850000,119.966667,0, ,0.0,0.0,0.0,0.0,3,13800,0,0,0,0,0,0
TF,D242U,29.960000,120.163333,0, ,0.0,0.0,0.0,0.0,3,11800,0,0,0,0,0,0
TF,D242O,30.011614,120.255603,0, ,0.0,0.0,0.0,0.0,3,9850,0,0,0,0,0,0
TF,D242G,30.089922,120.396358,0, ,0.0,0.0,0.0,0.0,2,7880,0,0,0,0,0,0
TF,DSH,30.148333,120.501667,0, ,0.0,0.0,0.0,0.0,2,3940,0,1,205,0,0,0

STAR,ELN42J,24,5
IF,ELNEX,29.631667,119.490000, ,0.0,0.0,0,0,0,0,0,0,0,0
TF,UGAGO,29.628333,119.650000,0, ,0.0,0.0,0.0,0.0,0,0,0,0,0,0,0,0
TF,MOLGU,29.850000,119.966667,0, ,0.0,0.0,0.0,0.0,3,13800,0,0,0,0,0,0
TF,HC053,29.951667,120.180833,0, ,0.0,0.0,0.0,0.0,3,11800,0,0,0,0,0,0
TF,HC052,29.995833,120.273611,0, ,0.0,0.0,0.0,0.0,3,9850,0,0,0,0,0,0
TF,HC051,30.059167,120.415000,0, ,0.0,0.0,0.0,0.0,3,7880,0,0,0,0,0,0
TF,HC050,30.089167,120.483056,0, ,0.0,0.0,0.0,0.0,2,4930,0,0,0,0,0,0
TF,HC058,30.178333,120.683889,0, ,0.0,0.0,0.0,0.0,2,3940,0,1,205,0,0,0

STAR,ELN44J,24,5
IF,ELNEX,29.631667,119.490000, ,0.0,0.0,0,0,0,0,0,0,0,0
TF,UGAGO,29.628333,119.650000,0, ,0.0,0.0,0.0,0.0,0,0,0,0,0,0,0,0
TF,MOLGU,29.850000,119.966667,0, ,0.0,0.0,0.0,0.0,3,13800,0,0,0,0,0,0
TF,HC057,29.972222,120.122500,0, ,0.0,0.0,0.0,0.0,3,11800,0,0,0,0,0,0
TF,HC056,30.060278,120.236111,0, ,0.0,0.0,0.0,0.0,3,9850,0,0,0,0,0,0
TF,HC055,30.161944,120.464722,0, ,0.0,0.0,0.0,0.0,2,3940,0,1,205,0,0,0

STAR,ELN52J,25,5
IF,ELNEX,29.631667,119.490000, ,0.0,0.0,0,0,0,0,0,0,0,0
TF,UGAGO,29.628333,119.650000,0, ,0.0,0.0,0.0,0.0,0,0,0,0,0,0,0,0
TF,MOLGU,29.850000,119.966667,0, ,0.0,0.0,0.0,0.0,3,13800,0,0,0,0,0,0
TF,HC053,29.951667,120.180833,0, ,0.0,0.0,0.0,0.0,3,11800,0,0,0,0,0,0
TF,HC052,29.995833,120.273611,0, ,0.0,0.0,0.0,0.0,3,9850,0,0,0,0,0,0
TF,HC051,30.059167,120.415000,0, ,0.0,0.0,0.0,0.0,3,7880,0,0,0,0,0,0
TF,HC050,30.089167,120.483056,0, ,0.0,0.0,0.0,0.0,2,4930,0,0,0,0,0,0
TF,HC058,30.178333,120.683889,0, ,0.0,0.0,0.0,0.0,2,3940,0,1,205,0,0,0

STAR,ELN54J,25,5
IF,ELNEX,29.631667,119.490000, ,0.0,0.0,0,0,0,0,0,0,0,0
TF,UGAGO,29.628333,119.650000,0, ,0.0,0.0,0.0,0.0,0,0,0,0,0,0,0,0
TF,MOLGU,29.850000,119.966667,0, ,0.0,0.0,0.0,0.0,3,13800,0,0,0,0,0,0
TF,HC057,29.972222,120.122500,0, ,0.0,0.0,0.0,0.0,3,11800,0,0,0,0,0,0
TF,HC056,30.060278,120.236111,0, ,0.0,0.0,0.0,0.0,3,9850,0,0,0,0,0,0
TF,HC055,30.161944,120.464722,0, ,0.0,0.0,0.0,0.0,1,3940,0,1,205,0,0,0

STAR,ELN82J,24,5
IF,ELNEX,29.631667,119.490000, ,0.0,0.0,0,0,0,0,0,0,0,0
TF,UGAGO,29.628333,119.650000,0, ,0.0,0.0,0.0,0.0,0,0,0,0,0,0,0,0
TF,MOLGU,29.850000,119.966667,0, ,0.0,0.0,0.0,0.0,3,13800,0,0,0,0,0,0
TF,HC053,29.951667,120.180833,0, ,0.0,0.0,0.0,0.0,3,11800,0,0,0,0,0,0
TF,HC052,29.995833,120.273611,0, ,0.0,0.0,0.0,0.0,3,9850,0,0,0,0,0,0
TF,HC051,30.059167,120.415000,0, ,0.0,0.0,0.0,0.0,3,7880,0,0,0,0,0,0
TF,HC050,30.089167,120.483056,0, ,0.0,0.0,0.0,0.0,2,4930,0,0,0,0,0,0
TF,HC089,30.166389,120.654722,0, ,0.0,0.0,0.0,0.0,0,0,0,0,0,0,0,0
TF,HC084,30.240833,120.820833,0, ,0.0,0.0,0.0,0.0,2,3940,0,1,205,0,0,0

STAR,ELN84J,24,5
IF,ELNEX,29.631667,119.490000, ,0.0,0.0,0,0,0,0,0,0,0,0
TF,UGAGO,29.628333,119.650000,0, ,0.0,0.0,0.0,0.0,0,0,0,0,0,0,0,0
TF,MOLGU,29.850000,119.966667,0, ,0.0,0.0,0.0,0.0,3,13800,0,0,0,0,0,0
TF,HC057,29.972222,120.122500,0, ,0.0,0.0,0.0,0.0,3,11800,0,0,0,0,0,0
TF,HC056,30.060278,120.236111,0, ,0.0,0.0,0.0,0.0,3,9850,0,0,0,0,0,0
TF,HC055,30.161944,120.464722,0, ,0.0,0.0,0.0,0.0,2,3940,0,1,205,0,0,0

STAR,ELN92J,25,5
IF,ELNEX,29.631667,119.490000, ,0.0,0.0,0,0,0,0,0,0,0,0
TF,UGAGO,29.628333,119.650000,0, ,0.0,0.0,0.0,0.0,0,0,0,0,0,0,0,0
TF,MOLGU,29.850000,119.966667,0, ,0.0,0.0,0.0,0.0,3,13800,0,0,0,0,0,0
TF,HC053,29.951667,120.180833,0, ,0.0,0.0,0.0,0.0,3,11800,0,0,0,0,0,0
TF,HC052,29.995833,120.273611,0, ,0.0,0.0,0.0,0.0,3,9850,0,0,0,0,0,0
TF,HC051,30.059167,120.415000,0, ,0.0,0.0,0.0,0.0,3,7880,0,0,0,0,0,0
TF,HC050,30.089167,120.483056,0, ,0.0,0.0,0.0,0.0,2,4930,0,0,0,0,0,0
TF,HC089,30.166389,120.654722,0, ,0.0,0.0,0.0,0.0,0,0,0,0,0,0,0,0
TF,HC084,30.240833,120.820833,0, ,0.0,0.0,0.0,0.0,2,3940,0,1,205,0,0,0

STAR,ELN94J,25,5
IF,ELNEX,29.631667,119.490000, ,0.0,0.0,0,0,0,0,0,0,0,0
TF,UGAGO,29.628333,119.650000,0, ,0.0,0.0,0.0,0.0,0,0,0,0,0,0,0,0
TF,MOLGU,29.850000,119.966667,0, ,0.0,0.0,0.0,0.0,3,13800,0,0,0,0,0,0
TF,HC057,29.972222,120.122500,0, ,0.0,0.0,0.0,0.0,3,11800,0,0,0,0,0,0
TF,HC056,30.060278,120.236111,0, ,0.0,0.0,0.0,0.0,3,9850,0,0,0,0,0,0
TF,HC055,30.161944,120.464722,0, ,0.0,0.0,0.0,0.0,2,3940,0,1,205,0,0,0

STAR,IGR11A,07,2
IF,IGRAT,30.716667,119.806667, ,0.0,0.0,2,9850,0,0,0,0,0,0
TF,HC011,30.641389,119.874444,0, ,0.0,0.0,0.0,0.0,0,0,0,0,0,0,0,0
TF,HC010,30.439722,120.003056,0, ,0.0,0.0,0.0,0.0,4,7880,6890,0,0,0,0,0
TF,HC009,30.236667,120.130000,0, ,0.0,0.0,0.0,0.0,2,6890,0,1,205,0,0,0

STAR,IGR12A,25,2
IF,IGRAT,30.716667,119.806667, ,0.0,0.0,2,9850,0,0,0,0,0,0
TF,HC029,30.665278,119.994444,0, ,0.0,0.0,0.0,0.0,2,12800,0,0,0,0,0,0
TF,KAKIS,30.483333,120.146667,0, ,0.0,0.0,0.0,0.0,3,7880,0,0,0,0,0,0
TF,HC028,30.325000,120.216667,0, ,0.0,0.0,0.0,0.0,0,0,0,0,0,0,0,0
TF,D310K,30.250331,120.337367,0, ,0.0,0.0,0.0,0.0,2,6890,0,0,0,0,0,0
TF,DSH,30.148333,120.501667,0, ,0.0,0.0,0.0,0.0,2,3940,0,1,205,0,0,0

STAR,IGR13A,07,2
IF,IGRAT,30.716667,119.806667, ,0.0,0.0,2,9850,0,0,0,0,0,0
TF,HC011,30.641389,119.874444,0, ,0.0,0.0,0.0,0.0,0,0,0,0,0,0,0,0
TF,HC010,30.439722,120.003056,0, ,0.0,0.0,0.0,0.0,4,7880,6890,0,0,0,0,0
TF,HC009,30.236667,120.130000,0, ,0.0,0.0,0.0,0.0,2,4930,0,1,205,0,0,0

STAR,IGR14A,25,2
IF,IGRAT,30.716667,119.806667, ,0.0,0.0,2,9850,0,0,0,0,0,0
TF,HC029,30.665278,119.994444,0, ,0.0,0.0,0.0,0.0,2,12800,0,0,0,0,0,0
TF,KAKIS,30.483333,120.146667,0, ,0.0,0.0,0.0,0.0,3,7880,0,0,0,0,0,0
TF,ADBAS,30.343333,120.266667,0, ,0.0,0.0,0.0,0.0,0,0,0,0,0,0,0,0
TF,D318J,30.260350,120.366844,0, ,0.0,0.0,0.0,0.0,2,6890,0,0,0,0,0,0
TF,DSH,30.148333,120.501667,0, ,0.0,0.0,0.0,0.0,2,3940,0,1,205,0,0,0

STAR,IGR16A,25,2
IF,IGRAT,30.716667,119.806667, ,0.0,0.0,2,9850,0,0,0,0,0,0
TF,HC029,30.665278,119.994444,0, ,0.0,0.0,0.0,0.0,2,12800,0,0,0,0,0,0
TF,KAKIS,30.483333,120.146667,0, ,0.0,0.0,0.0,0.0,3,7880,0,0,0,0,0,0
TF,ADBAS,30.343333,120.266667,0, ,0.0,0.0,0.0,0.0,2,3940,0,1,205,0,0,0

STAR,IGR21A,06,2
IF,IGRAT,30.716667,119.806667, ,0.0,0.0,2,9850,0,0,0,0,0,0
TF,HC011,30.641389,119.874444,0, ,0.0,0.0,0.0,0.0,0,0,0,0,0,0,0,0
TF,HC010,30.439722,120.003056,0, ,0.0,0.0,0.0,0.0,4,7880,6890,0,0,0,0,0
TF,HC009,30.236667,120.130000,0, ,0.0,0.0,0.0,0.0,2,6890,0,1,205,0,0,0

STAR,IGR22A,24,2
IF,IGRAT,30.716667,119.806667, ,0.0,0.0,2,9850,0,0,0,0,0,0
TF,HC029,30.665278,119.994444,0, ,0.0,0.0,0.0,0.0,2,12800,0,0,0,0,0,0
TF,KAKIS,30.483333,120.146667,0, ,0.0,0.0,0.0,0.0,3,7880,0,0,0,0,0,0
TF,HC028,30.325000,120.216667,0, ,0.0,0.0,0.0,0.0,0,0,0,0,0,0,0,0
TF,D310K,30.250331,120.337367,0, ,0.0,0.0,0.0,0.0,2,6890,0,0,0,0,0,0
TF,DSH,30.148333,120.501667,0, ,0.0,0.0,0.0,0.0,2,3940,0,1,205,0,0,0

STAR,IGR23A,06,2
IF,IGRAT,30.716667,119.806667, ,0.0,0.0,2,9850,0,0,0,0,0,0
TF,HC011,30.641389,119.874444,0, ,0.0,0.0,0.0,0.0,0,0,0,0,0,0,0,0
TF,HC010,30.439722,120.003056,0, ,0.0,0.0,0.0,0.0,4,7880,6890,0,0,0,0,0
TF,HC009,30.236667,120.130000,0, ,0.0,0.0,0.0,0.0,2,4930,0,1,205,0,0,0

STAR,IGR24A,24,2
IF,IGRAT,30.716667,119.806667, ,0.0,0.0,2,9850,0,0,0,0,0,0
TF,HC029,30.665278,119.994444,0, ,0.0,0.0,0.0,0.0,2,12800,0,0,0,0,0,0
TF,KAKIS,30.483333,120.146667,0, ,0.0,0.0,0.0,0.0,3,7880,0,0,0,0,0,0
TF,ADBAS,30.343333,120.266667,0, ,0.0,0.0,0.0,0.0,0,0,0,0,0,0,0,0
TF,D318J,30.260350,120.366844,0, ,0.0,0.0,0.0,0.0,2,6890,0,0,0,0,0,0
TF,DSH,30.148333,120.501667,0, ,0.0,0.0,0.0,0.0,2,3940,0,1,205,0,0,0

STAR,IGR26A,24,2
IF,IGRAT,30.716667,119.806667, ,0.0,0.0,2,9850,0,0,0,0,0,0
TF,HC029,30.665278,119.994444,0, ,0.0,0.0,0.0,0.0,2,12800,0,0,0,0,0,0
TF,KAKIS,30.483333,120.146667,0, ,0.0,0.0,0.0,0.0,3,7880,0,0,0,0,0,0
TF,ADBAS,30.343333,120.266667,0, ,0.0,0.0,0.0,0.0,2,3940,0,1,205,0,0,0

STAR,IGR42J,24,5
IF,IGRAT,30.716667,119.806667, ,0.0,0.0,2,9850,0,0,0,0,0,0
TF,HC029,30.665278,119.994444,0, ,0.0,0.0,0.0,0.0,0,0,0,0,0,0,0,0
TF,KAKIS,30.483333,120.146667,0, ,0.0,0.0,0.0,0.0,3,7880,0,0,0,0,0,0
TF,HC028,30.325000,120.216667,0, ,0.0,0.0,0.0,0.0,0,0,0,0,0,0,0,0
TF,HC059,30.250000,120.321111,0, ,0.0,0.0,0.0,0.0,2,6890,0,0,0,0,0,0
TF,HC033,30.206389,120.381667,0, ,0.0,0.0,0.0,0.0,0,0,0,0,0,0,0,0
TF,HC055,30.161944,120.464722,0, ,0.0,0.0,0.0,0.0,2,3940,0,1,205,0,0,0

STAR,IGR44J,24,5
IF,IGRAT,30.716667,119.806667, ,0.0,0.0,2,9850,0,0,0,0,0,0
TF,HC029,30.665278,119.994444,0, ,0.0,0.0,0.0,0.0,0,0,0,0,0,0,0,0
TF,KAKIS,30.483333,120.146667,0, ,0.0,0.0,0.0,0.0,3,7880,0,0,0,0,0,0
TF,ADBAS,30.343333,120.266667,0, ,0.0,0.0,0.0,0.0,0,0,0,0,0,0,0,0
TF,HC060,30.258056,120.338889,0, ,0.0,0.0,0.0,0.0,0,0,0,0,0,0,0,0
TF,HC033,30.206389,120.381667,0, ,0.0,0.0,0.0,0.0,0,0,0,0,0,0,0,0
TF,HC055,30.161944,120.464722,0, ,0.0,0.0,0.0,0.0,2,3940,0,1,205,0,0,0

STAR,IGR46J,24,5
IF,IGRAT,30.716667,119.806667, ,0.0,0.0,2,9850,0,0,0,0,0,0
TF,HC029,30.665278,119.994444,0, ,0.0,0.0,0.0,0.0,0,0,0,0,0,0,0,0
TF,KAKIS,30.483333,120.146667,0, ,0.0,0.0,0.0,0.0,3,7880,0,0,0,0,0,0
TF,ADBAS,30.343333,120.266667,0, ,0.0,0.0,0.0,0.0,2,3940,0,1,205,0,0,0

STAR,IGR52J,25,5
IF,IGRAT,30.716667,119.806667, ,0.0,0.0,2,9850,0,0,0,0,0,0
TF,HC029,30.665278,119.994444,0, ,0.0,0.0,0.0,0.0,0,0,0,0,0,0,0,0
TF,KAKIS,30.483333,120.146667,0, ,0.0,0.0,0.0,0.0,3,7880,0,0,0,0,0,0
TF,HC028,30.325000,120.216667,0, ,0.0,0.0,0.0,0.0,0,0,0,0,0,0,0,0
TF,HC059,30.250000,120.321111,0, ,0.0,0.0,0.0,0.0,2,6890,0,0,0,0,0,0
TF,HC033,30.206389,120.381667,0, ,0.0,0.0,0.0,0.0,0,0,0,0,0,0,0,0
TF,HC055,30.161944,120.464722,0, ,0.0,0.0,0.0,0.0,2,3940,0,1,205,0,0,0

STAR,IGR54J,25,5
IF,IGRAT,30.716667,119.806667, ,0.0,0.0,2,9850,0,0,0,0,0,0
TF,HC029,30.665278,119.994444,0, ,0.0,0.0,0.0,0.0,0,0,0,0,0,0,0,0
TF,KAKIS,30.483333,120.146667,0, ,0.0,0.0,0.0,0.0,3,7880,0,0,0,0,0,0
TF,ADBAS,30.343333,120.266667,0, ,0.0,0.0,0.0,0.0,0,0,0,0,0,0,0,0
TF,HC060,30.258056,120.338889,0, ,0.0,0.0,0.0,0.0,0,0,0,0,0,0,0,0
TF,HC033,30.206389,120.381667,0, ,0.0,0.0,0.0,0.0,0,0,0,0,0,0,0,0
TF,HC055,30.161944,120.464722,0, ,0.0,0.0,0.0,0.0,2,3940,0,1,205,0,0,0

STAR,IGR56J,25,5
IF,IGRAT,30.716667,119.806667, ,0.0,0.0,2,9850,0,0,0,0,0,0
TF,HC029,30.665278,119.994444,0, ,0.0,0.0,0.0,0.0,0,0,0,0,0,0,0,0
TF,KAKIS,30.483333,120.146667,0, ,0.0,0.0,0.0,0.0,3,7880,0,0,0,0,0,0
TF,ADBAS,30.343333,120.266667,0, ,0.0,0.0,0.0,0.0,2,3940,0,1,205,0,0,0

STAR,IGR58J,25,5
IF,IGRAT,30.716667,119.806667, ,0.0,0.0,2,9850,0,0,0,0,0,0
TF,HC029,30.665278,119.994444,0, ,0.0,0.0,0.0,0.0,0,0,0,0,0,0,0,0
TF,KAKIS,30.483333,120.146667,0, ,0.0,0.0,0.0,0.0,3,7880,0,0,0,0,0,0
TF,ADBAS,30.343333,120.266667,0, ,0.0,0.0,0.0,0.0,2,3940,0,1,190,0,0,0

STAR,IGR61J,06,5
IF,IGRAT,30.716667,119.806667, ,0.0,0.0,2,9850,0,0,0,0,0,0
TF,HC011,30.641389,119.874444,0, ,0.0,0.0,0.0,0.0,0,0,0,0,0,0,0,0
TF,HC010,30.439722,120.003056,0, ,0.0,0.0,0.0,0.0,4,7880,6890,0,0,0,0,0
TF,HC009,30.236667,120.130000,0, ,0.0,0.0,0.0,0.0,2,6890,0,1,205,0,0,0

STAR,IGR63J,06,5
IF,IGRAT,30.716667,119.806667, ,0.0,0.0,2,9850,0,0,0,0,0,0
TF,HC011,30.641389,119.874444,0, ,0.0,0.0,0.0,0.0,0,0,0,0,0,0,0,0
TF,HC010,30.439722,120.003056,0, ,0.0,0.0,0.0,0.0,0,0,0,0,0,0,0,0
TF,HC009,30.236667,120.130000,0, ,0.0,0.0,0.0,0.0,2,4930,0,1,205,0,0,0

STAR,IGR65J,06,5
IF,IGRAT,30.716667,119.806667, ,0.0,0.0,2,9850,0,0,0,0,0,0
TF,HC011,30.641389,119.874444,0, ,0.0,0.0,0.0,0.0,0,0,0,0,0,0,0,0
TF,HC010,30.439722,120.003056,0, ,0.0,0.0,0.0,0.0,4,7880,6890,0,0,0,0,0
TF,HC009,30.236667,120.130000,0, ,0.0,0.0,0.0,0.0,2,6890,0,1,205,0,0,0

STAR,IGR71J,07,5
IF,IGRAT,30.716667,119.806667, ,0.0,0.0,2,9850,0,0,0,0,0,0
TF,HC011,30.641389,119.874444,0, ,0.0,0.0,0.0,0.0,0,0,0,0,0,0,0,0
TF,HC010,30.439722,120.003056,0, ,0.0,0.0,0.0,0.0,4,7880,6890,0,0,0,0,0
TF,HC009,30.236667,120.130000,0, ,0.0,0.0,0.0,0.0,2,6890,0,1,205,0,0,0

STAR,IGR73J,07,5
IF,IGRAT,30.716667,119.806667, ,0.0,0.0,2,9850,0,0,0,0,0,0
TF,HC011,30.641389,119.874444,0, ,0.0,0.0,0.0,0.0,0,0,0,0,0,0,0,0
TF,HC010,30.439722,120.003056,0, ,0.0,0.0,0.0,0.0,0,0,0,0,0,0,0,0
TF,HC009,30.236667,120.130000,0, ,0.0,0.0,0.0,0.0,2,4930,0,1,205,0,0,0

STAR,IGR75J,07,5
IF,IGRAT,30.716667,119.806667, ,0.0,0.0,2,9850,0,0,0,0,0,0
TF,HC011,30.641389,119.874444,0, ,0.0,0.0,0.0,0.0,0,0,0,0,0,0,0,0
TF,HC010,30.439722,120.003056,0, ,0.0,0.0,0.0,0.0,4,7880,6890,0,0,0,0,0
TF,HC009,30.236667,120.130000,0, ,0.0,0.0,0.0,0.0,2,6890,0,1,205,0,0,0

STAR,IGR81J,06,5
IF,IGRAT,30.716667,119.806667, ,0.0,0.0,2,9850,0,0,0,0,0,0
TF,HC011,30.641389,119.874444,0, ,0.0,0.0,0.0,0.0,0,0,0,0,0,0,0,0
TF,HC010,30.439722,120.003056,0, ,0.0,0.0,0.0,0.0,0,0,0,0,0,0,0,0
TF,HC012,30.285000,120.101111,0, ,0.0,0.0,0.0,0.0,0,0,0,0,0,0,0,0
TF,HC008,30.198333,120.153333,0, ,0.0,0.0,0.0,0.0,2,3940,0,1,205,0,0,0

STAR,IGR82J,24,5
IF,IGRAT,30.716667,119.806667, ,0.0,0.0,2,9850,0,0,0,0,0,0
TF,HC029,30.665278,119.994444,0, ,0.0,0.0,0.0,0.0,0,0,0,0,0,0,0,0
TF,KAKIS,30.483333,120.146667,0, ,0.0,0.0,0.0,0.0,3,7880,0,0,0,0,0,0
TF,ADBAS,30.343333,120.266667,0, ,0.0,0.0,0.0,0.0,2,3940,0,0,0,0,0,0
TF,HC085,30.294167,120.307778,0, ,0.0,0.0,0.0,0.0,2,3940,0,1,205,0,0,0

STAR,IGR83J,06,5
IF,IGRAT,30.716667,119.806667, ,0.0,0.0,2,9850,0,0,0,0,0,0
TF,HC011,30.641389,119.874444,0, ,0.0,0.0,0.0,0.0,0,0,0,0,0,0,0,0
TF,HC010,30.439722,120.003056,0, ,0.0,0.0,0.0,0.0,0,0,0,0,0,0,0,0
TF,HC012,30.285000,120.101111,0, ,0.0,0.0,0.0,0.0,0,0,0,0,0,0,0,0
TF,HC008,30.198333,120.153333,0, ,0.0,0.0,0.0,0.0,2,3940,0,1,205,0,0,0

STAR,IGR84J,24,5
IF,IGRAT,30.716667,119.806667, ,0.0,0.0,2,9850,0,0,0,0,0,0
TF,HC029,30.665278,119.994444,0, ,0.0,0.0,0.0,0.0,0,0,0,0,0,0,0,0
TF,KAKIS,30.483333,120.146667,0, ,0.0,0.0,0.0,0.0,3,7880,0,0,0,0,0,0
TF,ADBAS,30.343333,120.266667,0, ,0.0,0.0,0.0,0.0,0,0,0,0,0,0,0,0
TF,HC033,30.206389,120.381667,0, ,0.0,0.0,0.0,0.0,0,0,0,0,0,0,0,0
TF,HC055,30.161944,120.464722,0, ,0.0,0.0,0.0,0.0,2,3940,0,1,205,0,0,0

STAR,IGR91J,07,5
IF,IGRAT,30.716667,119.806667, ,0.0,0.0,2,9850,0,0,0,0,0,0
TF,HC011,30.641389,119.874444,0, ,0.0,0.0,0.0,0.0,0,0,0,0,0,0,0,0
TF,HC010,30.439722,120.003056,0, ,0.0,0.0,0.0,0.0,0,0,0,0,0,0,0,0
TF,HC012,30.285000,120.101111,0, ,0.0,0.0,0.0,0.0,0,0,0,0,0,0,0,0
TF,HC008,30.198333,120.153333,0, ,0.0,0.0,0.0,0.0,2,3940,0,1,205,0,0,0

STAR,IGR92J,25,5
IF,IGRAT,30.716667,119.806667, ,0.0,0.0,2,9850,0,0,0,0,0,0
TF,HC029,30.665278,119.994444,0, ,0.0,0.0,0.0,0.0,0,0,0,0,0,0,0,0
TF,KAKIS,30.483333,120.146667,0, ,0.0,0.0,0.0,0.0,3,7880,0,0,0,0,0,0
TF,ADBAS,30.343333,120.266667,0, ,0.0,0.0,0.0,0.0,2,3940,0,0,0,0,0,0
TF,HC085,30.294167,120.307778,0, ,0.0,0.0,0.0,0.0,2,3940,0,1,205,0,0,0

STAR,IGR93J,07,5
IF,IGRAT,30.716667,119.806667, ,0.0,0.0,2,9850,0,0,0,0,0,0
TF,HC011,30.641389,119.874444,0, ,0.0,0.0,0.0,0.0,0,0,0,0,0,0,0,0
TF,HC010,30.439722,120.003056,0, ,0.0,0.0,0.0,0.0,0,0,0,0,0,0,0,0
TF,HC012,30.285000,120.101111,0, ,0.0,0.0,0.0,0.0,0,0,0,0,0,0,0,0
TF,HC008,30.198333,120.153333,0, ,0.0,0.0,0.0,0.0,2,3940,0,1,205,0,0,0

STAR,IGR94J,25,5
IF,IGRAT,30.716667,119.806667, ,0.0,0.0,2,9850,0,0,0,0,0,0
TF,HC029,30.665278,119.994444,0, ,0.0,0.0,0.0,0.0,0,0,0,0,0,0,0,0
TF,KAKIS,30.483333,120.146667,0, ,0.0,0.0,0.0,0.0,3,7880,0,0,0,0,0,0
TF,ADBAS,30.343333,120.266667,0, ,0.0,0.0,0.0,0.0,0,0,0,0,0,0,0,0
TF,HC033,30.206389,120.381667,0, ,0.0,0.0,0.0,0.0,0,0,0,0,0,0,0,0
TF,HC055,30.161944,120.464722,0, ,0.0,0.0,0.0,0.0,2,3940,0,1,205,0,0,0

STAR,OKT12A,25,2
IF,OKTUG,30.088333,120.960000, ,0.0,0.0,2,9850,0,0,0,0,0,0
TF,D114V,30.116436,120.868242,0, ,0.0,0.0,0.0,0.0,0,0,0,0,0,0,0,0
TF,D114T,30.131667,120.816667,0, ,0.0,0.0,0.0,0.0,2,6240,0,0,0,0,0,0
TF,OSTIN,30.151667,120.750000,0, ,0.0,0.0,0.0,0.0,2,4930,0,1,205,0,0,0

STAR,OKT22A,24,2
IF,OKTUG,30.088333,120.960000, ,0.0,0.0,2,9850,0,0,0,0,0,0
TF,D114V,30.116436,120.868242,0, ,0.0,0.0,0.0,0.0,0,0,0,0,0,0,0,0
TF,D114T,30.131667,120.816667,0, ,0.0,0.0,0.0,0.0,2,6240,0,0,0,0,0,0
TF,OSTIN,30.151667,120.750000,0, ,0.0,0.0,0.0,0.0,2,4930,0,1,205,0,0,0

STAR,OKT42J,24,5
IF,OKTUG,30.088333,120.960000, ,0.0,0.0,2,9850,0,0,0,0,0,0
TF,HC019,30.116667,120.866389,0, ,0.0,0.0,0.0,0.0,0,0,0,0,0,0,0,0
TF,HC018,30.131667,120.816667,0, ,0.0,0.0,0.0,0.0,2,6240,0,0,0,0,0,0
TF,OSTIN,30.151667,120.750000,0, ,0.0,0.0,0.0,0.0,2,4930,0,0,0,0,0,0
TF,HC058,30.178333,120.683889,0, ,0.0,0.0,0.0,0.0,2,3940,0,1,205,0,0,0

STAR,OKT52J,25,5
IF,OKTUG,30.088333,120.960000, ,0.0,0.0,2,9850,0,0,0,0,0,0
TF,HC019,30.116667,120.866389,0, ,0.0,0.0,0.0,0.0,0,0,0,0,0,0,0,0
TF,HC018,30.131667,120.816667,0, ,0.0,0.0,0.0,0.0,2,6240,0,0,0,0,0,0
TF,OSTIN,30.151667,120.750000,0, ,0.0,0.0,0.0,0.0,2,4930,0,0,0,0,0,0
TF,HC058,30.178333,120.683889,0, ,0.0,0.0,0.0,0.0,2,3940,0,1,205,0,0,0

STAR,OKT82J,24,5
IF,OKTUG,30.088333,120.960000, ,0.0,0.0,2,7880,0,0,0,0,0,0
TF,HC019,30.116667,120.866389,0, ,0.0,0.0,0.0,0.0,2,6240,0,0,0,0,0,0
TF,HC084,30.240833,120.820833,0, ,0.0,0.0,0.0,0.0,2,3940,0,1,205,0,0,0

STAR,OKT92J,25,5
IF,OKTUG,30.088333,120.960000, ,0.0,0.0,2,7880,0,0,0,0,0,0
TF,HC019,30.116667,120.866389,0, ,0.0,0.0,0.0,0.0,2,6240,0,0,0,0,0,0
TF,HC084,30.240833,120.820833,0, ,0.0,0.0,0.0,0.0,2,3940,0,1,205,0,0,0

STAR,SUP11A,07,2
IF,SUPAR,30.023333,120.858333, ,0.0,0.0,2,9850,0,0,0,0,0,0
TF,D117N,30.060000,120.750000,0, ,0.0,0.0,0.0,0.0,3,7880,0,0,0,0,0,0
TF,DSH,30.148333,120.501667,0, ,0.0,0.0,0.0,0.0,2,4930,0,1,205,0,0,0

STAR,SUP12A,25,2
IF,SUPAR,30.023333,120.858333, ,0.0,0.0,2,9850,0,0,0,0,0,0
TF,D114V,30.116436,120.868242,0, ,0.0,0.0,0.0,0.0,0,0,0,0,0,0,0,0
TF,D114T,30.131667,120.816667,0, ,0.0,0.0,0.0,0.0,2,6240,0,0,0,0,0,0
TF,OSTIN,30.151667,120.750000,0, ,0.0,0.0,0.0,0.0,2,4930,0,1,205,0,0,0

STAR,SUP21A,06,2
IF,SUPAR,30.023333,120.858333, ,0.0,0.0,2,9850,0,0,0,0,0,0
TF,D117N,30.060000,120.750000,0, ,0.0,0.0,0.0,0.0,3,7880,0,0,0,0,0,0
TF,DSH,30.148333,120.501667,0, ,0.0,0.0,0.0,0.0,2,4930,0,1,205,0,0,0

STAR,SUP22A,24,2
IF,SUPAR,30.023333,120.858333, ,0.0,0.0,2,9850,0,0,0,0,0,0
TF,D114V,30.116436,120.868242,0, ,0.0,0.0,0.0,0.0,0,0,0,0,0,0,0,0
TF,D114T,30.131667,120.816667,0, ,0.0,0.0,0.0,0.0,2,6240,0,0,0,0,0,0
TF,OSTIN,30.151667,120.750000,0, ,0.0,0.0,0.0,0.0,2,4930,0,1,205,0,0,0

STAR,SUP42J,24,5
IF,SUPAR,30.023333,120.858333, ,0.0,0.0,2,9850,0,0,0,0,0,0
TF,HC019,30.116667,120.866389,0, ,0.0,0.0,0.0,0.0,0,0,0,0,0,0,0,0
TF,HC018,30.131667,120.816667,0, ,0.0,0.0,0.0,0.0,2,6240,0,0,0,0,0,0
TF,OSTIN,30.151667,120.750000,0, ,0.0,0.0,0.0,0.0,2,4930,0,0,0,0,0,0
TF,HC058,30.178333,120.683889,0, ,0.0,0.0,0.0,0.0,2,3940,0,1,205,0,0,0

STAR,SUP52J,25,5
IF,SUPAR,30.023333,120.858333, ,0.0,0.0,2,9850,0,0,0,0,0,0
TF,HC019,30.116667,120.866389,0, ,0.0,0.0,0.0,0.0,0,0,0,0,0,0,0,0
TF,HC018,30.131667,120.816667,0, ,0.0,0.0,0.0,0.0,2,6240,0,0,0,0,0,0
TF,OSTIN,30.151667,120.750000,0, ,0.0,0.0,0.0,0.0,2,4930,0,0,0,0,0,0
TF,HC058,30.178333,120.683889,0, ,0.0,0.0,0.0,0.0,2,3940,0,1,205,0,0,0

STAR,SUP61J,06,5
IF,SUPAR,30.023333,120.858333, ,0.0,0.0,2,9850,0,0,0,0,0,0
TF,HC015,30.062222,120.748889,0, ,0.0,0.0,0.0,0.0,3,7880,0,0,0,0,0,0
TF,HC055,30.161944,120.464722,0, ,0.0,0.0,0.0,0.0,2,4930,0,1,205,0,0,0

STAR,SUP71J,07,5
IF,SUPAR,30.023333,120.858333, ,0.0,0.0,2,9850,0,0,0,0,0,0
TF,HC015,30.062222,120.748889,0, ,0.0,0.0,0.0,0.0,3,7880,0,0,0,0,0,0
TF,HC055,30.161944,120.464722,0, ,0.0,0.0,0.0,0.0,2,4930,0,1,205,0,0,0

STAR,SUP81J,06,5
IF,SUPAR,30.023333,120.858333, ,0.0,0.0,2,7880,0,0,0,0,0,0
TF,HC015,30.062222,120.748889,0, ,0.0,0.0,0.0,0.0,3,7880,0,0,0,0,0,0
TF,HC055,30.161944,120.464722,0, ,0.0,0.0,0.0,0.0,0,0,0,0,0,0,0,0
TF,HC088,30.110556,120.351111,0, ,0.0,0.0,0.0,0.0,2,3940,0,1,205,0,0,0

STAR,SUP82J,24,5
IF,SUPAR,30.023333,120.858333, ,0.0,0.0,2,7880,0,0,0,0,0,0
TF,HC019,30.116667,120.866389,0, ,0.0,0.0,0.0,0.0,2,6240,0,0,0,0,0,0
TF,HC084,30.240833,120.820833,0, ,0.0,0.0,0.0,0.0,2,3940,0,1,205,0,0,0

STAR,SUP91J,07,5
IF,SUPAR,30.023333,120.858333, ,0.0,0.0,2,7880,0,0,0,0,0,0
TF,HC015,30.062222,120.748889,0, ,0.0,0.0,0.0,0.0,3,7880,0,0,0,0,0,0
TF,HC055,30.161944,120.464722,0, ,0.0,0.0,0.0,0.0,0,0,0,0,0,0,0,0
TF,HC088,30.110556,120.351111,0, ,0.0,0.0,0.0,0.0,2,3940,0,1,205,0,0,0

STAR,SUP92J,25,5
IF,SUPAR,30.023333,120.858333, ,0.0,0.0,2,7880,0,0,0,0,0,0
TF,HC019,30.116667,120.866389,0, ,0.0,0.0,0.0,0.0,2,6240,0,0,0,0,0,0
TF,HC084,30.240833,120.820833,0, ,0.0,0.0,0.0,0.0,2,3940,0,1,205,0,0,0

STAR,TOL11A,07,2
IF,TOL,29.763333,119.660000, ,0.0,0.0,0,0,0,0,0,0,0,0
TF,DUBGO,29.855000,119.665000,0, ,0.0,0.0,0.0,0.0,3,14800,0,0,0,0,0,0
TF,HGH28,30.018306,119.987175,0, ,0.0,0.0,0.0,0.0,4,11800,7880,0,0,0,0,0
TF,D246V,30.067942,120.087300,0, ,0.0,0.0,0.0,0.0,2,5910,0,1,205,0,0,0

STAR,TOL21A,06,2
IF,TOL,29.763333,119.660000, ,0.0,0.0,0,0,0,0,0,0,0,0
TF,DUBGO,29.855000,119.665000,0, ,0.0,0.0,0.0,0.0,3,14800,0,0,0,0,0,0
TF,HGH28,30.018306,119.987175,0, ,0.0,0.0,0.0,0.0,4,11800,7880,0,0,0,0,0
TF,D246V,30.067942,120.087300,0, ,0.0,0.0,0.0,0.0,2,5910,0,1,205,0,0,0

STAR,TOL61J,06,5
IF,TOL,29.763333,119.660000, ,0.0,0.0,0,0,0,0,0,0,0,0
TF,DUBGO,29.855000,119.665000,0, ,0.0,0.0,0.0,0.0,3,14800,0,0,0,0,0,0
TF,HC004,30.025278,119.995278,0, ,0.0,0.0,0.0,0.0,4,11800,7880,1,205,0,0,0

STAR,TOL71J,07,5
IF,TOL,29.763333,119.660000, ,0.0,0.0,0,0,0,0,0,0,0,0
TF,DUBGO,29.855000,119.665000,0, ,0.0,0.0,0.0,0.0,3,14800,0,0,0,0,0,0
TF,HC004,30.025278,119.995278,0, ,0.0,0.0,0.0,0.0,4,11800,7880,1,205,0,0,0

STAR,TOL81J,06,5
IF,TOL,29.763333,119.660000, ,0.0,0.0,0,0,0,0,0,0,0,0
TF,DUBGO,29.855000,119.665000,0, ,0.0,0.0,0.0,0.0,3,14800,0,0,0,0,0,0
TF,HC004,30.025278,119.995278,0, ,0.0,0.0,0.0,0.0,2,4930,0,1,205,0,0,0

STAR,TOL91J,07,5
IF,TOL,29.763333,119.660000, ,0.0,0.0,0,0,0,0,0,0,0,0
TF,DUBGO,29.855000,119.665000,0, ,0.0,0.0,0.0,0.0,3,14800,0,0,0,0,0,0
TF,HC004,30.025278,119.995278,0, ,0.0,0.0,0.0,0.0,2,4930,0,1,205,0,0,0

STAR,UGA12A,25,2
IF,UGAGO,29.628333,119.650000, ,0.0,0.0,0,0,0,0,0,0,0,0
TF,MOLGU,29.850000,119.966667,0, ,0.0,0.0,0.0,0.0,3,13800,0,0,0,0,0,0
TF,D242U,29.960000,120.163333,0, ,0.0,0.0,0.0,0.0,3,11800,0,0,0,0,0,0
TF,D242O,30.011614,120.255603,0, ,0.0,0.0,0.0,0.0,3,9850,0,0,0,0,0,0
TF,D242G,30.089922,120.396358,0, ,0.0,0.0,0.0,0.0,2,7880,0,0,0,0,0,0
TF,DSH,30.148333,120.501667,0, ,0.0,0.0,0.0,0.0,2,3940,0,1,205,0,0,0

STAR,UGA22A,24,2
IF,UGAGO,29.628333,119.650000, ,0.0,0.0,0,0,0,0,0,0,0,0
TF,MOLGU,29.850000,119.966667,0, ,0.0,0.0,0.0,0.0,3,13800,0,0,0,0,0,0
TF,D242U,29.960000,120.163333,0, ,0.0,0.0,0.0,0.0,3,11800,0,0,0,0,0,0
TF,D242O,30.011614,120.255603,0, ,0.0,0.0,0.0,0.0,3,9850,0,0,0,0,0,0
TF,D242G,30.089922,120.396358,0, ,0.0,0.0,0.0,0.0,2,7880,0,0,0,0,0,0
TF,DSH,30.148333,120.501667,0, ,0.0,0.0,0.0,0.0,2,3940,0,1,205,0,0,0

STAR,UGA42J,24,5
IF,UGAGO,29.628333,119.650000, ,0.0,0.0,0,0,0,0,0,0,0,0
TF,MOLGU,29.850000,119.966667,0, ,0.0,0.0,0.0,0.0,3,13800,0,0,0,0,0,0
TF,HC053,29.951667,120.180833,0, ,0.0,0.0,0.0,0.0,3,11800,0,0,0,0,0,0
TF,HC052,29.995833,120.273611,0, ,0.0,0.0,0.0,0.0,3,9850,0,0,0,0,0,0
TF,HC051,30.059167,120.415000,0, ,0.0,0.0,0.0,0.0,3,7880,0,0,0,0,0,0
TF,HC050,30.089167,120.483056,0, ,0.0,0.0,0.0,0.0,2,4930,0,0,0,0,0,0
TF,HC058,30.178333,120.683889,0, ,0.0,0.0,0.0,0.0,2,3940,0,1,205,0,0,0

STAR,UGA44J,24,5
IF,UGAGO,29.628333,119.650000, ,0.0,0.0,0,0,0,0,0,0,0,0
TF,MOLGU,29.850000,119.966667,0, ,0.0,0.0,0.0,0.0,3,13800,0,0,0,0,0,0
TF,HC057,29.972222,120.122500,0, ,0.0,0.0,0.0,0.0,3,11800,0,0,0,0,0,0
TF,HC056,30.060278,120.236111,0, ,0.0,0.0,0.0,0.0,3,9850,0,0,0,0,0,0
TF,HC055,30.161944,120.464722,0, ,0.0,0.0,0.0,0.0,2,3940,0,1,205,0,0,0

STAR,UGA52J,25,5
IF,UGAGO,29.628333,119.650000, ,0.0,0.0,0,0,0,0,0,0,0,0
TF,MOLGU,29.850000,119.966667,0, ,0.0,0.0,0.0,0.0,3,13800,0,0,0,0,0,0
TF,HC053,29.951667,120.180833,0, ,0.0,0.0,0.0,0.0,3,11800,0,0,0,0,0,0
TF,HC052,29.995833,120.273611,0, ,0.0,0.0,0.0,0.0,3,9850,0,0,0,0,0,0
TF,HC051,30.059167,120.415000,0, ,0.0,0.0,0.0,0.0,3,7880,0,0,0,0,0,0
TF,HC050,30.089167,120.483056,0, ,0.0,0.0,0.0,0.0,2,4930,0,0,0,0,0,0
TF,HC058,30.178333,120.683889,0, ,0.0,0.0,0.0,0.0,2,3940,0,1,205,0,0,0

STAR,UGA54J,25,5
IF,UGAGO,29.628333,119.650000, ,0.0,0.0,0,0,0,0,0,0,0,0
TF,MOLGU,29.850000,119.966667,0, ,0.0,0.0,0.0,0.0,3,13800,0,0,0,0,0,0
TF,HC057,29.972222,120.122500,0, ,0.0,0.0,0.0,0.0,3,11800,0,0,0,0,0,0
TF,HC056,30.060278,120.236111,0, ,0.0,0.0,0.0,0.0,3,9850,0,0,0,0,0,0
TF,HC055,30.161944,120.464722,0, ,0.0,0.0,0.0,0.0,2,3940,0,1,205,0,0,0

STAR,UGA82J,24,5
IF,UGAGO,29.628333,119.650000, ,0.0,0.0,0,0,0,0,0,0,0,0
TF,MOLGU,29.850000,119.966667,0, ,0.0,0.0,0.0,0.0,3,13800,0,0,0,0,0,0
TF,HC053,29.951667,120.180833,0, ,0.0,0.0,0.0,0.0,3,11800,0,0,0,0,0,0
TF,HC052,29.995833,120.273611,0, ,0.0,0.0,0.0,0.0,3,9850,0,0,0,0,0,0
TF,HC051,30.059167,120.415000,0, ,0.0,0.0,0.0,0.0,3,7880,0,0,0,0,0,0
TF,HC050,30.089167,120.483056,0, ,0.0,0.0,0.0,0.0,2,4930,0,0,0,0,0,0
TF,HC089,30.166389,120.654722,0, ,0.0,0.0,0.0,0.0,0,0,0,0,0,0,0,0
TF,HC084,30.240833,120.820833,0, ,0.0,0.0,0.0,0.0,2,3940,0,1,205,0,0,0

STAR,UGA84J,24,5
IF,UGAGO,29.628333,119.650000, ,0.0,0.0,0,0,0,0,0,0,0,0
TF,MOLGU,29.850000,119.966667,0, ,0.0,0.0,0.0,0.0,3,13800,0,0,0,0,0,0
TF,HC057,29.972222,120.122500,0, ,0.0,0.0,0.0,0.0,3,11800,0,0,0,0,0,0
TF,HC056,30.060278,120.236111,0, ,0.0,0.0,0.0,0.0,3,9850,0,0,0,0,0,0
TF,HC055,30.161944,120.464722,0, ,0.0,0.0,0.0,0.0,2,3940,0,1,205,0,0,0

STAR,UGA92J,25,5
IF,UGAGO,29.628333,119.650000, ,0.0,0.0,0,0,0,0,0,0,0,0
TF,MOLGU,29.850000,119.966667,0, ,0.0,0.0,0.0,0.0,3,13800,0,0,0,0,0,0
TF,HC053,29.951667,120.180833,0, ,0.0,0.0,0.0,0.0,3,11800,0,0,0,0,0,0
TF,HC052,29.995833,120.273611,0, ,0.0,0.0,0.0,0.0,3,9850,0,0,0,0,0,0
TF,HC051,30.059167,120.415000,0, ,0.0,0.0,0.0,0.0,3,7880,0,0,0,0,0,0
TF,HC050,30.089167,120.483056,0, ,0.0,0.0,0.0,0.0,2,4930,0,0,0,0,0,0
TF,HC089,30.166389,120.654722,0, ,0.0,0.0,0.0,0.0,0,0,0,0,0,0,0,0
TF,HC084,30.240833,120.820833,0, ,0.0,0.0,0.0,0.0,2,3940,0,1,205,0,0,0

STAR,UGA94J,25,5
IF,UGAGO,29.628333,119.650000, ,0.0,0.0,0,0,0,0,0,0,0,0
TF,MOLGU,29.850000,119.966667,0, ,0.0,0.0,0.0,0.0,3,13800,0,0,0,0,0,0
TF,HC057,29.972222,120.122500,0, ,0.0,0.0,0.0,0.0,3,11800,0,0,0,0,0,0
TF,HC056,30.060278,120.236111,0, ,0.0,0.0,0.0,0.0,3,9850,0,0,0,0,0,0
TF,HC055,30.161944,120.464722,0, ,0.0,0.0,0.0,0.0,2,3940,0,1,205,0,0,0

APPTR,D07,07,D246V
IF,D246V,30.067942,120.087300, ,0.0,0.0,2,5910,0,1,205,0,1,0
TF,WY,30.125775,120.200631,0, ,0.0,0.0,0.0,0.0,0,0,0,0,0,0,0,0
CF,CD07,30.138431,120.229200,0,HGH,247.0,13.5,67.0,1.7,2,2960,0,0,0,0,1,0

APPTR,D07,07,DSH
IF,DSH,30.148333,120.501667, ,0.0,0.0,2,4930,0,1,205,0,1,0
FD,DSH,30.148333,120.501667,0,DSH,0.0,13.2,247.0,13.2,2,3940,0,0,0,0,0,0
CF,D241P,30.099753,120.210639,0,HGH,241.0,15.5,337.0,4.0,0,0,0,0,0,0,0,0
CF,CD07,30.138431,120.229200,0,HGH,247.0,13.5,67.0,2.0,2,2960,0,0,0,0,1,0

APPTR,D07,07,HC091
IF,HC009,30.236667,120.130000, ,0.0,0.0,2,4930,0,1,205,0,1,0
CF,HC008,30.198333,120.153333,0,HGH,265.0,16.2,157.0,2.6,2,3940,0,0,0,0,0,0
CF,D253O,30.148533,120.184031,0,HGH,253.0,15.4,157.0,3.4,0,0,0,0,0,0,0,1
CF,CD07,30.138431,120.229200,0,HGH,247.0,13.5,67.0,2.0,2,2960,0,0,0,0,1,0

APPTR,D07,07,HC092
IF,HC009,30.236667,120.130000, ,0.0,0.0,2,6890,0,1,205,0,1,0
FD,HC009,30.236667,120.130000,0,HGH,273.2,19.3,209.0,19.3,2,5910,0,0,0,0,0,0
DF,D250R,30.118331,120.144397,1, ,0.0,0.0,0,0,0,0,0,0,0,0
CF,WY,30.125775,120.200631,0,HGH,247.0,15.2,88.0,3.0,0,0,0,0,0,0,0,0
CF,CD07,30.138431,120.229200,0,HGH,247.0,13.5,67.0,1.7,2,2960,0,0,0,0,1,0

FINAL,D07,07,D,4
IF,CD07,30.138431,120.229200,HGH,247.0,13.5,2,2960,0,0,0,0,0,0
CF,FD07,30.153656,120.263422,0,HGH,247.0,11.5,67.0,2.0,2,2960,0,0,0,0,2,0
CF,68VOR,30.189400,120.343889,0,HGH,247.0,6.8,67.0,4.7,2,1460,0,0,0,0,0,0
CF,MD07,30.213708,120.398706,0,HGH,247.0,3.6,67.0,3.2,1,403,0,0,0,0,3,0
CF,HGH,30.241028,120.460408,0,HGH,0.0,0.0,67.0,3.6,2,500,0,0,0,0,0,1
FA,HGH,30.241028,120.460408,0,HGH,0.0,0.0,97.0,2,1320,0,0,0,0,0,0
DF,DSH,30.148333,120.501667,2, ,0.0,0.0,1,1970,0,1,205,0,0,0
HM,DSH,30.148333,120.501667,1, ,0.0,0.0,247.0,04.3,1,4930,0,1,215,0,0,0,0

APPTR,D25,25,ADBAS
IF,ADBAS,30.343333,120.266667, ,0.0,0.0,2,3940,0,1,205,0,1,0
TF,D012L,30.434583,120.491800,0, ,0.0,0.0,0.0,0.0,2,2960,0,0,0,0,0,1
CF,D055I,30.330331,120.587625,0,HGH,55.0,8.5,157.0,8.0,2,1970,0,0,0,0,0,1
CF,CD25,30.294064,120.580481,0,HGH,67.0,7.0,247.0,2.0,2,1510,0,0,0,0,0,0

APPTR,D25,25,DSH
IF,DSH,30.148333,120.501667, ,0.0,0.0,2,3940,0,1,205,0,1,0
FD,DSH,30.148333,120.501667,0,DSH,0.0,10.0,67.0,10.0,2,2960,0,0,0,0,0,0
DF,D084K,30.272772,120.668914,1, ,0.0,0.0,2,1970,0,0,0,0,0,0
CF,D071H,30.295125,120.607494,0,HGH,71.0,8.3,297.0,3.5,0,0,0,0,0,0,0,1
CF,CD25,30.294064,120.580481,0,HGH,67.0,7.0,247.0,1.0,2,1510,0,0,0,0,0,0

APPTR,D25,25,OSTIN
IF,OSTIN,30.151667,120.750000, ,0.0,0.0,2,4930,0,1,205,0,1,0
CI,0, ,0.0,294.0,0,0,0,0,0,0,0,0
AF,D060L,30.260297,120.693125,1,DSH,60.0,12.0,92.0,0,0,0,0,0,0,0,0
TF,D084K,30.272772,120.668914,0, ,0.0,0.0,0.0,0.0,2,1970,0,0,0,0,0,0
CF,D071H,30.295125,120.607494,0,HGH,71.0,8.3,297.0,3.5,0,0,0,0,0,0,0,1
CF,CD25,30.294064,120.580481,0,HGH,67.0,7.0,247.0,1.0,2,1510,0,0,0,0,0,0

FINAL,D25,25,D,4
IF,CD25,30.294064,120.580481,HGH,67.0,7.0,2,1510,0,0,0,0,0,0
CF,FD25,30.271347,120.529006,0,HGH,67.0,4.0,247.0,3.0,2,1510,0,0,0,0,2,0
CF,23VOR,30.258464,120.499844,0,HGH,67.0,2.3,247.0,1.7,2,990,0,0,0,0,0,0
CF,MD25,30.245578,120.470694,0,HGH,67.0,0.6,247.0,1.7,1,443,0,0,0,0,3,0
CF,X,30.218122,120.408717,0,HGH,247.0,3.0,247.0,3.6,0,0,0,0,0,0,0,1
FA,X,30.218122,120.408717,0,HGH,0.0,0.0,217.0,2,1320,0,0,0,0,0,0
DF,DSH,30.148333,120.501667,1, ,0.0,0.0,1,3940,0,1,205,0,0,0
HM,DSH,30.148333,120.501667,2, ,0.0,0.0,67.0,04.3,2,4930,0,1,215,0,0,0,0

APPTR,I06-X,06,HC004
IF,HC004,30.025278,119.995278, ,0.0,0.0,2,4930,0,1,205,0,1,0
CF,HC006,30.103056,120.105000,0,IXS,247.0,19.7,55.0,7.4,2,2960,0,0,0,0,1,0

APPTR,I06-X,06,HC081
IF,HC008,30.198333,120.153333, ,0.0,0.0,2,3940,0,1,205,0,1,0
TF,HC007,30.161111,120.070556,0, ,0.0,0.0,0.0,0.0,2,2960,0,0,0,0,0,0
CF,HC006,30.103056,120.105000,0,IXS,247.0,19.7,157.0,3.9,2,2960,0,0,0,0,1,0

APPTR,I06-X,06,HC082
IF,HC008,30.198333,120.153333, ,0.0,0.0,2,3940,0,1,205,0,1,0
TF,HC007,30.161111,120.070556,0, ,0.0,0.0,0.0,0.0,2,2960,0,0,0,0,0,0
TF,HC042,30.119444,119.980833,0, ,0.0,0.0,0.0,0.0,2,2960,0,0,0,0,0,0
TF,HC043,30.061667,120.012500,0, ,0.0,0.0,0.0,0.0,2,2960,0,0,0,0,0,0
CF,HC006,30.103056,120.105000,1,IXS,247.0,19.7,67.0,5.4,2,2960,0,0,0,0,1,0

APPTR,I06-X,06,HC088
IF,HC088,30.110556,120.351111, ,0.0,0.0,2,3940,0,1,205,0,1,0
TF,HC086,30.021389,120.155000,0, ,0.0,0.0,0.0,0.0,0,0,0,0,0,0,0,0
CF,HC006,30.103056,120.105000,0,IXS,247.0,19.7,337.0,5.5,2,2960,0,0,0,0,1,0

FINAL,I06-X,06,I,3
IF,HC006,30.103056,120.105000,IXS,247.0,19.7,2,2960,0,0,0,0,0,0
CF,FF06,30.169419,120.253581,0,IXS,247.0,11.0,67.0,8.7,1,2960,0,0,0,0,2,0
CF,RW06,30.238189,120.408294,0,IXS,247.0,2.0,67.0,9.0,1,71,0,0,0,0,3,0
FA,RW06,30.238189,120.408294,0,HGH,0.0,0.0,67.0,2,660,0,0,0,0,0,0
CA,0,37.0,2,990,0,1,205,0,0,0
DF,CJ,30.305000,120.166667,1, ,0.0,0.0,2,3940,0,0,0,0,0,0
HM,CJ,30.305000,120.166667,2, ,0.0,0.0,189.0,04.3,2,3940,0,1,215,0,0,0,0

APPTR,I06-Y,06,D246V
IF,D246V,30.067942,120.087300, ,0.0,0.0,2,5910,0,1,205,0,1,0
TF,WY,30.125775,120.200631,0, ,0.0,0.0,0.0,0.0,0,0,0,0,0,0,0,0
CF,CI06Y,30.154172,120.219367,0,IXS,247.0,13.0,28.0,2.0,2,2960,0,0,0,0,1,0

APPTR,I06-Y,06,DSH
IF,DSH,30.148333,120.501667, ,0.0,0.0,2,4930,0,1,205,0,1,0
FD,DSH,30.148333,120.501667,0,DSH,0.0,13.2,247.0,13.2,2,3940,0,0,0,0,0,0
CF,WY,30.125775,120.200631,0,HGH,247.0,15.2,337.0,6.0,0,0,0,0,0,0,0,0
CF,CI06Y,30.154172,120.219367,0,IXS,247.0,13.0,28.0,2.0,2,2960,0,0,0,0,1,0

APPTR,I06-Y,06,HC091
IF,HC009,30.236667,120.130000, ,0.0,0.0,2,4930,0,1,205,0,1,0
CF,HC008,30.198333,120.153333,0,HGH,265.0,16.2,157.0,2.6,2,3940,0,0,0,0,0,0
CF,D258O,30.169800,120.175775,0,HGH,258.0,15.4,157.0,2.1,0,0,0,0,0,0,0,1
CF,CI06Y,30.154172,120.219367,0,IXS,247.0,13.0,67.0,1.0,2,2960,0,0,0,0,1,0

APPTR,I06-Y,06,HC092
IF,HC009,30.236667,120.130000, ,0.0,0.0,2,6890,0,1,205,0,1,0
FD,HC009,30.236667,120.130000,0,HGH,273.2,19.3,209.0,19.3,2,5910,0,0,0,0,0,0
CF,D250R,30.118331,120.144397,1,HGH,250.0,18.0,67.0,1.0,0,0,0,0,0,0,0,0
CF,CI06Y,30.154172,120.219367,0,IXS,247.0,13.0,67.0,4.5,2,2960,0,0,0,0,1,0

FINAL,I06-Y,06,I,3
IF,CI06Y,30.154172,120.219367,IXS,247.0,13.0,2,2960,0,0,0,0,0,0
CF,FF06,30.169419,120.253581,0,IXS,247.0,11.0,67.0,2.0,1,2960,0,0,0,0,2,0
CF,RW06,30.238189,120.408294,0,IXS,247.0,2.0,67.0,9.0,1,71,0,0,0,0,3,0
CF,IXS08,30.298742,120.547339,0,DSH,18.8,9.3,67.0,8.1,2,2960,0,0,0,0,0,1
DF,DSH,30.148333,120.501667,2, ,0.0,0.0,1,4930,0,1,205,0,0,0
HM,DSH,30.148333,120.501667,1, ,0.0,0.0,247.0,04.3,0,0,0,1,215,0,0,0,0

APPTR,I06-Z,06,HC004
IF,HC004,30.025278,119.995278, ,0.0,0.0,4,11800,7880,1,205,0,1,0
TF,HC003,30.087500,120.115278,0, ,0.0,0.0,0.0,0.0,2,3940,0,0,0,0,0,0
CF,HC005,30.140278,120.188333,0,IXS,246.9,14.9,54.0,4.9,2,2960,0,0,0,0,1,0

APPTR,I06-Z,06,HC055
IF,HC055,30.161944,120.464722, ,0.0,0.0,2,4930,0,1,205,0,1,0
TF,HC056,30.060278,120.236111,0, ,0.0,0.0,0.0,0.0,2,3940,0,0,0,0,0,0
CF,HC005,30.140278,120.188333,0,IXS,246.9,14.9,337.0,5.4,2,2960,0,0,0,0,1,0

APPTR,I06-Z,06,HC091
IF,HC009,30.236667,120.130000, ,0.0,0.0,2,4930,0,1,205,0,1,0
TF,HC008,30.198333,120.153333,0, ,0.0,0.0,0.0,0.0,2,3940,0,0,0,0,0,0
CF,HC005,30.140278,120.188333,0,IXS,246.9,14.9,157.0,3.9,2,2960,0,0,0,0,1,0

APPTR,I06-Z,06,HC092
IF,HC009,30.236667,120.130000, ,0.0,0.0,2,6890,0,1,205,0,1,0
TF,HC008,30.198333,120.153333,0, ,0.0,0.0,0.0,0.0,2,5910,0,0,0,0,0,0
TF,HC007,30.161111,120.070556,0, ,0.0,0.0,0.0,0.0,2,5910,0,0,0,0,0,0
TF,HC006,30.103056,120.105000,0, ,0.0,0.0,0.0,0.0,2,3940,0,0,0,0,0,0
CF,HC005,30.140278,120.188333,0,IXS,246.9,14.9,67.0,4.9,2,2960,0,0,0,0,1,0

APPTR,I06-Z,06,HC093
IF,HC009,30.236667,120.130000, ,0.0,0.0,2,6890,0,1,205,0,1,0
TF,HC008,30.198333,120.153333,0, ,0.0,0.0,0.0,0.0,2,5910,0,0,0,0,0,0
TF,HC007,30.161111,120.070556,0, ,0.0,0.0,0.0,0.0,2,5910,0,0,0,0,0,0
TF,HC042,30.119444,119.980833,0, ,0.0,0.0,0.0,0.0,0,0,0,0,0,0,0,0
TF,HC043,30.061667,120.012500,0, ,0.0,0.0,0.0,0.0,0,0,0,0,0,0,0,0
TF,HC006,30.103056,120.105000,0, ,0.0,0.0,0.0,0.0,2,3940,0,0,0,0,0,0
CF,HC005,30.140278,120.188333,0,IXS,246.9,14.9,67.0,4.9,2,2960,0,0,0,0,1,0

FINAL,I06-Z,06,I,3
IF,HC005,30.140278,120.188333,IXS,246.9,14.9,2,2960,0,0,0,0,0,0
CF,FF06,30.169419,120.253581,0,IXS,247.0,11.0,67.0,3.8,1,2960,0,0,0,0,2,0
CF,RW06,30.238189,120.408294,0,IXS,247.0,2.0,67.0,9.0,1,71,0,0,0,0,3,0
CF,IXS08,30.298742,120.547339,0,DSH,18.8,9.3,67.0,8.1,2,2960,0,0,0,0,0,1
DF,DSH,30.148333,120.501667,2, ,0.0,0.0,1,4930,0,1,205,0,0,0
HM,DSH,30.148333,120.501667,1, ,0.0,0.0,247.0,04.3,2,5910,0,1,215,0,0,0,0

APPTR,I07-X,07,HC004
IF,HC004,30.025278,119.995278, ,0.0,0.0,2,4930,0,1,205,0,1,0
CF,HC003,30.087500,120.115278,0,IXX,247.0,19.8,63.0,7.3,2,3940,0,0,0,0,1,0

APPTR,I07-X,07,HC081
IF,HC008,30.198333,120.153333, ,0.0,0.0,2,3940,0,1,205,0,1,0
TF,HC007,30.161111,120.070556,0, ,0.0,0.0,0.0,0.0,0,0,0,0,0,0,0,0
CF,HC003,30.087500,120.115278,0,IXX,247.0,19.8,157.0,5.0,2,3940,0,0,0,0,1,0

APPTR,I07-X,07,HC082
IF,HC008,30.198333,120.153333, ,0.0,0.0,2,3940,0,1,205,0,1,0
TF,HC007,30.161111,120.070556,0, ,0.0,0.0,0.0,0.0,0,0,0,0,0,0,0,0
TF,HC042,30.119444,119.980833,0, ,0.0,0.0,0.0,0.0,0,0,0,0,0,0,0,0
TF,HC043,30.061667,120.012500,0, ,0.0,0.0,0.0,0.0,0,0,0,0,0,0,0,0
CF,HC003,30.087500,120.115278,0,IXX,247.0,19.8,78.0,5.6,2,3940,0,0,0,0,1,0

APPTR,I07-X,07,HC088
IF,HC088,30.110556,120.351111, ,0.0,0.0,2,3940,0,1,205,0,1,0
TF,HC086,30.021389,120.155000,0, ,0.0,0.0,0.0,0.0,0,0,0,0,0,0,0,0
CF,HC003,30.087500,120.115278,0,IXX,247.0,19.8,337.0,4.5,2,3940,0,0,0,0,1,0

FINAL,I07-X,07,I,3
IF,HC003,30.087500,120.115278,IXX,247.0,19.8,2,3940,0,0,0,0,0,0
CF,FI07X,30.129925,120.210522,0,IXX,247.0,14.2,67.0,5.6,1,3940,0,0,0,0,2,0
CF,RW07,30.222122,120.417753,0,IXX,247.0,2.1,67.0,12.1,1,71,0,0,0,0,3,0
CF,HGH,30.241028,120.460408,0,HGH,0.0,0.0,67.0,2.5,2,660,0,0,0,0,0,0
FA,HGH,30.241028,120.460408,0,HGH,0.0,0.0,97.0,2,1320,0,0,0,0,0,0
DF,DSH,30.148333,120.501667,2, ,0.0,0.0,2,1970,0,1,205,0,0,0
HM,DSH,30.148333,120.501667,1, ,0.0,0.0,258.0,04.3,2,3940,0,1,215,0,0,0,0

APPTR,I07-Y,07,D246V
IF,D246V,30.067942,120.087300, ,0.0,0.0,2,5910,0,1,205,0,1,0
TF,WY,30.125775,120.200631,0, ,0.0,0.0,0.0,0.0,0,0,0,0,0,0,0,0
CF,CI07Y,30.138314,120.229333,0,IXX,247.0,13.1,67.0,1.7,2,2960,0,0,0,0,1,0

APPTR,I07-Y,07,DSH
IF,DSH,30.148333,120.501667, ,0.0,0.0,2,4930,0,1,205,0,1,0
FD,DSH,30.148333,120.501667,0,DSH,0.0,13.2,247.0,13.2,2,3940,0,0,0,0,0,0
CF,D241P,30.099753,120.210639,0,HGH,241.0,15.5,337.0,4.0,0,0,0,0,0,0,0,0
CF,CI07Y,30.138314,120.229333,0,IXX,247.0,13.1,67.0,2.0,2,2960,0,0,0,0,1,0

APPTR,I07-Y,07,HC091
IF,HC009,30.236667,120.130000, ,0.0,0.0,2,4930,0,1,205,0,1,0
CF,HC008,30.198333,120.153333,0,HGH,265.0,16.2,157.0,2.6,2,3940,0,0,0,0,0,0
CF,D253O,30.148533,120.184031,0,HGH,253.0,15.4,157.0,3.4,0,0,0,0,0,0,0,1
CF,CI07Y,30.138314,120.229333,0,IXX,247.0,13.1,67.0,1.0,2,2960,0,0,0,0,1,0

APPTR,I07-Y,07,HC092
IF,HC009,30.236667,120.130000, ,0.0,0.0,2,6890,0,1,205,0,1,0
FD,HC009,30.236667,120.130000,0,HGH,273.2,19.3,209.0,19.3,2,5910,0,0,0,0,0,0
DF,D250R,30.118331,120.144397,1, ,0.0,0.0,0,0,0,0,0,0,0,0
CF,WY,30.125775,120.200631,0,HGH,247.0,15.2,88.0,3.0,0,0,0,0,0,0,0,0
CF,CI07Y,30.138314,120.229333,0,IXX,247.0,13.1,67.0,1.7,2,2960,0,0,0,0,1,0

FINAL,I07-Y,07,I,3
IF,CI07Y,30.138314,120.229333,IXX,247.0,13.1,2,2960,0,0,0,0,0,0
CF,FI07,30.153561,120.263544,0,IXX,247.0,11.1,67.0,2.0,1,2960,0,0,0,0,2,0
CF,RW07,30.222122,120.417753,0,IXX,247.0,2.1,67.0,9.0,1,71,0,0,0,0,3,0
CF,HGH,30.241028,120.460408,0,DSH,342.9,6.0,67.0,2.5,2,500,0,0,0,0,0,1
FA,HGH,30.241028,120.460408,0,HGH,0.0,0.0,97.0,2,1320,0,0,0,0,0,0
DF,DSH,30.148333,120.501667,2, ,0.0,0.0,1,1970,0,1,205,0,0,0
HM,DSH,30.148333,120.501667,1, ,0.0,0.0,247.0,04.3,1,4930,0,1,215,0,0,0,0

APPTR,I07-Z,07,HC004
IF,HC004,30.025278,119.995278, ,0.0,0.0,4,11800,7880,1,205,0,1,0
TF,HC003,30.087500,120.115278,0, ,0.0,0.0,0.0,0.0,2,3940,0,0,0,0,0,0
CF,HC001,30.124167,120.197778,0,IXX,246.9,14.9,67.0,4.8,2,2960,0,0,0,0,1,0

APPTR,I07-Z,07,HC055
IF,HC055,30.161944,120.464722, ,0.0,0.0,2,4930,0,1,205,0,1,0
TF,HC056,30.060278,120.236111,0, ,0.0,0.0,0.0,0.0,2,3940,0,0,0,0,0,0
CF,HC001,30.124167,120.197778,0,IXX,246.9,14.9,337.0,4.3,2,2960,0,0,0,0,1,0

APPTR,I07-Z,07,HC091
IF,HC009,30.236667,120.130000, ,0.0,0.0,2,4930,0,1,205,0,1,0
TF,HC008,30.198333,120.153333,0, ,0.0,0.0,0.0,0.0,2,3940,0,0,0,0,0,0
CF,HC001,30.124167,120.197778,0,IXX,246.9,14.9,157.0,5.0,2,2960,0,0,0,0,1,0

APPTR,I07-Z,07,HC092
IF,HC009,30.236667,120.130000, ,0.0,0.0,2,6890,0,1,205,0,1,0
TF,HC008,30.198333,120.153333,0, ,0.0,0.0,0.0,0.0,2,5910,0,0,0,0,0,0
TF,HC007,30.161111,120.070556,0, ,0.0,0.0,0.0,0.0,2,5910,0,0,0,0,0,0
TF,HC003,30.087500,120.115278,0, ,0.0,0.0,0.0,0.0,2,3940,0,0,0,0,0,0
CF,HC001,30.124167,120.197778,0,IXX,246.9,14.9,67.0,4.8,2,2960,0,0,0,0,1,0

APPTR,I07-Z,07,HC093
IF,HC009,30.236667,120.130000, ,0.0,0.0,2,6890,0,1,205,0,1,0
TF,HC008,30.198333,120.153333,0, ,0.0,0.0,0.0,0.0,2,5910,0,0,0,0,0,0
TF,HC007,30.161111,120.070556,0, ,0.0,0.0,0.0,0.0,2,5910,0,0,0,0,0,0
TF,HC042,30.119444,119.980833,0, ,0.0,0.0,0.0,0.0,0,0,0,0,0,0,0,0
TF,HC043,30.061667,120.012500,0, ,0.0,0.0,0.0,0.0,0,0,0,0,0,0,0,0
TF,HC003,30.087500,120.115278,0, ,0.0,0.0,0.0,0.0,2,3940,0,0,0,0,0,0
CF,HC001,30.124167,120.197778,0,IXX,246.9,14.9,67.0,4.8,2,2960,0,0,0,0,1,0

FINAL,I07-Z,07,I,3
IF,HC001,30.124167,120.197778,IXX,246.9,14.9,2,2960,0,0,0,0,0,0
CF,FI07,30.153561,120.263544,0,IXX,247.0,11.1,67.0,3.9,1,2960,0,0,0,0,2,0
CF,RW07,30.222122,120.417753,0,IXX,247.0,2.1,67.0,9.0,1,71,0,0,0,0,3,0
CF,HGH,30.241028,120.460408,0,DSH,342.9,6.0,67.0,2.5,2,500,0,0,0,0,0,1
FA,HGH,30.241028,120.460408,0,HGH,0.0,0.0,97.0,2,1320,0,0,0,0,0,0
DF,DSH,30.148333,120.501667,2, ,0.0,0.0,1,1970,0,1,205,0,0,0
HM,DSH,30.148333,120.501667,1, ,0.0,0.0,247.0,04.3,1,4930,0,1,215,0,0,0,0

APPTR,I24-X,24,HC055
IF,HC055,30.161944,120.464722, ,0.0,0.0,2,3940,0,1,205,0,1,0
TF,HC083,30.305000,120.782778,0, ,0.0,0.0,0.0,0.0,2,2960,0,0,0,0,0,0
CF,HC081,30.385000,120.735278,0,IHZ,66.6,19.3,337.0,5.4,2,1970,0,0,0,0,1,0

APPTR,I24-X,24,HC084
IF,HC084,30.240833,120.820833, ,0.0,0.0,2,3940,0,1,205,0,1,0
TF,HC083,30.305000,120.782778,0, ,0.0,0.0,0.0,0.0,2,2960,0,0,0,0,0,0
CF,HC081,30.385000,120.735278,0,IHZ,66.6,19.3,337.0,5.4,2,1970,0,0,0,0,1,0

APPTR,I24-X,24,HC085
IF,HC085,30.294167,120.307778, ,0.0,0.0,2,3940,0,1,205,0,1,0
TF,HC080,30.465000,120.687500,0, ,0.0,0.0,0.0,0.0,2,1970,0,0,0,0,0,0
CF,HC081,30.385000,120.735278,0,IHZ,66.6,19.3,157.0,5.4,2,1970,0,0,0,0,1,0

FINAL,I24-X,24,I,3
IF,HC081,30.385000,120.735278,IHZ,66.6,19.3,2,1970,0,0,0,0,0,0
CF,FI24X,30.297189,120.541536,0,IHZ,66.9,7.9,247.0,11.4,1,1970,0,0,0,0,2,0
CF,RW24,30.252142,120.439761,0,IHZ,66.9,2.0,247.0,5.9,1,71,0,0,0,0,3,0
FA,RW24,30.252142,120.439761,0,HGH,0.0,0.0,247.0,2,660,0,0,0,0,0,0
CA,0,277.0,2,1320,0,0,0,0,0,0
DF,CJ,30.305000,120.166667,2, ,0.0,0.0,1,3940,0,1,205,0,0,0
HM,CJ,30.305000,120.166667,1, ,0.0,0.0,98.0,04.3,2,3940,0,1,215,0,0,0,0

APPTR,I24-Y,24,ADBAS
IF,ADBAS,30.343333,120.266667, ,0.0,0.0,2,3940,0,1,205,0,1,0
TF,D012L,30.434583,120.491800,0, ,0.0,0.0,0.0,0.0,2,2960,0,0,0,0,0,1
CF,D049I,30.344928,120.580264,0,HGH,49.0,8.8,157.0,7.0,2,1970,0,0,0,0,0,1
CF,CI24,30.309319,120.568986,0,IHZ,66.9,9.5,247.0,2.0,2,1510,0,0,0,0,0,0

APPTR,I24-Y,24,DSH
IF,DSH,30.148333,120.501667, ,0.0,0.0,2,3940,0,1,205,0,1,0
FD,DSH,30.148333,120.501667,0,DSH,0.0,10.0,67.0,10.0,2,2960,0,0,0,0,0,0
DF,D084K,30.272772,120.668914,1, ,0.0,0.0,2,1970,0,0,0,0,0,0
CF,CI24,30.309319,120.568986,0,IHZ,66.9,9.5,297.0,5.6,2,1510,0,0,0,0,0,0

APPTR,I24-Y,24,OSTIN
IF,OSTIN,30.151667,120.750000, ,0.0,0.0,2,4930,0,1,205,0,1,0
CI,0, ,0.0,294.0,0,0,0,0,0,0,0,0
AF,D060L,30.260297,120.693125,1,DSH,60.0,12.0,92.0,0,0,0,0,0,0,0,0
TF,D084K,30.272772,120.668914,0, ,0.0,0.0,0.0,0.0,2,1970,0,0,0,0,0,0
CF,CI24,30.309319,120.568986,0,IHZ,66.9,9.5,297.0,5.6,2,1510,0,0,0,0,0,0

FINAL,I24-Y,24,I,3
IF,CI24,30.309319,120.568986,IHZ,66.9,9.5,2,1510,0,0,0,0,0,0
CF,FI24,30.286572,120.517522,0,IHZ,66.9,6.5,247.0,3.0,1,1510,0,0,0,0,2,0
CF,RW24,30.252142,120.439761,0,IHZ,66.9,2.0,247.0,4.5,1,71,0,0,0,0,3,0
FA,RW24,30.252142,120.439761,0,DSH,0.0,0.0,247.0,2,2960,0,0,0,0,0,0
DF,DSH,30.148333,120.501667,1, ,0.0,0.0,1,3940,0,1,205,0,0,0
HM,DSH,30.148333,120.501667,2, ,0.0,0.0,67.0,04.3,0,0,0,1,215,0,0,0,0

APPTR,I24-Z,24,ADBAS
IF,ADBAS,30.343333,120.266667, ,0.0,0.0,2,3940,0,1,205,0,1,0
TF,HC026,30.438889,120.528889,0, ,0.0,0.0,0.0,0.0,2,2960,0,0,0,0,0,0
CF,HC025,30.322500,120.598889,0,IHZ,66.9,11.3,157.0,7.9,2,1510,0,0,0,0,1,0

APPTR,I24-Z,24,HC055
IF,HC055,30.161944,120.464722, ,0.0,0.0,2,3940,0,1,205,0,1,0
TF,HC017,30.242222,120.645833,0, ,0.0,0.0,0.0,0.0,2,2960,0,0,0,0,0,0
CF,HC025,30.322500,120.598889,0,IHZ,66.9,11.3,337.0,5.4,2,1510,0,0,0,0,1,0

APPTR,I24-Z,24,HC058
IF,HC058,30.178333,120.683889, ,0.0,0.0,2,3940,0,1,205,0,1,0
TF,HC017,30.242222,120.645833,0, ,0.0,0.0,0.0,0.0,2,2960,0,0,0,0,0,0
CF,HC025,30.322500,120.598889,0,IHZ,66.9,11.3,337.0,5.4,2,1510,0,0,0,0,1,0

FINAL,I24-Z,24,I,3
IF,HC025,30.322500,120.598889,IHZ,66.9,11.3,2,1510,0,0,0,0,0,0
CF,FI24,30.286572,120.517522,0,IHZ,66.9,6.5,247.0,4.7,1,1510,0,0,0,0,2,0
CF,RW24,30.252142,120.439761,0,IHZ,66.9,2.0,247.0,4.5,1,71,0,0,0,0,3,0
FA,RW24,30.252142,120.439761,0,DSH,0.0,0.0,247.0,2,2960,0,0,0,0,0,0
DF,DSH,30.148333,120.501667,1, ,0.0,0.0,1,3940,0,1,205,0,0,0
HM,DSH,30.148333,120.501667,2, ,0.0,0.0,67.0,04.3,2,4930,0,1,215,0,0,0,0

APPTR,I25-X,25,HC055
IF,HC055,30.161944,120.464722, ,0.0,0.0,2,3940,0,1,205,0,1,0
TF,HC083,30.305000,120.782778,0, ,0.0,0.0,0.0,0.0,2,2960,0,0,0,0,0,0
CF,HC082,30.368889,120.744722,0,IDD,66.6,19.3,337.0,4.3,2,2960,0,0,0,0,1,0

APPTR,I25-X,25,HC084
IF,HC084,30.240833,120.820833, ,0.0,0.0,2,3940,0,1,205,0,1,0
TF,HC083,30.305000,120.782778,0, ,0.0,0.0,0.0,0.0,2,2960,0,0,0,0,0,0
CF,HC082,30.368889,120.744722,0,IDD,66.6,19.3,337.0,4.3,2,2960,0,0,0,0,1,0

APPTR,I25-X,25,HC085
IF,HC085,30.294167,120.307778, ,0.0,0.0,2,3940,0,1,205,0,1,0
TF,HC080,30.465000,120.687500,0, ,0.0,0.0,0.0,0.0,2,2960,0,0,0,0,0,0
CF,HC082,30.368889,120.744722,0,IDD,66.6,19.3,157.0,6.5,2,2960,0,0,0,0,1,0

FINAL,I25-X,25,I,3
IF,HC082,30.368889,120.744722,IDD,66.6,19.3,2,2960,0,0,0,0,0,0
CF,FI25X,30.305508,120.606228,0,IDD,67.0,11.1,247.0,8.1,1,2960,0,0,0,0,2,0
CF,RW25,30.236894,120.451061,0,IDD,67.0,2.1,247.0,9.1,1,71,0,0,0,0,3,0
CF,X,30.218122,120.408717,0,HGH,247.0,3.0,247.0,2.5,0,0,0,0,0,0,0,1
FA,X,30.218122,120.408717,0,DSH,0.0,0.0,217.0,2,1320,0,0,0,0,0,0
DF,DSH,30.148333,120.501667,1, ,0.0,0.0,1,3940,0,1,205,0,0,0
HM,DSH,30.148333,120.501667,2, ,0.0,0.0,87.0,04.3,2,3940,0,1,215,0,0,0,0

APPTR,I25-Y,25,ADBAS
IF,ADBAS,30.343333,120.266667, ,0.0,0.0,2,3940,0,1,205,0,1,0
TF,D012L,30.434583,120.491800,0, ,0.0,0.0,0.0,0.0,2,2960,0,0,0,0,0,1
CF,D055I,30.330331,120.587625,0,HGH,55.0,8.5,157.0,8.0,2,1970,0,0,0,0,0,1
CF,CI25Y,30.294144,120.580486,0,IDD,67.0,9.6,247.0,2.0,2,1510,0,0,0,0,0,0

APPTR,I25-Y,25,DSH
IF,DSH,30.148333,120.501667, ,0.0,0.0,2,3940,0,1,205,0,1,0
FD,DSH,30.148333,120.501667,0,DSH,0.0,10.0,67.0,10.0,2,2960,0,0,0,0,0,0
DF,D084K,30.272772,120.668914,1, ,0.0,0.0,2,1970,0,0,0,0,0,0
CF,D071H,30.295125,120.607494,0,HGH,71.0,8.3,297.0,3.5,0,0,0,0,0,0,0,1
CF,CI25Y,30.294144,120.580486,0,IDD,67.0,9.6,247.0,1.0,2,1510,0,0,0,0,0,0

APPTR,I25-Y,25,OSTIN
IF,OSTIN,30.151667,120.750000, ,0.0,0.0,2,4930,0,1,205,0,1,0
CI,0, ,0.0,294.0,0,0,0,0,0,0,0,0
AF,D060L,30.260297,120.693125,1,DSH,60.0,12.0,92.0,0,0,0,0,0,0,0,0
TF,D084K,30.272772,120.668914,0, ,0.0,0.0,0.0,0.0,2,1970,0,0,0,0,0,0
CF,D071H,30.295125,120.607494,0,HGH,71.0,8.3,297.0,3.5,0,0,0,0,0,0,0,1
CF,CI25Y,30.294144,120.580486,0,IDD,67.0,9.6,247.0,1.0,2,1510,0,0,0,0,0,0

FINAL,I25-Y,25,I,3
IF,CI25Y,30.294144,120.580486,IDD,67.0,9.6,1,1510,0,0,0,0,0,0
CF,OM25,30.270983,120.528192,0,IDD,67.0,6.6,247.0,3.0,1,1510,0,0,0,0,2,0
CF,RW25,30.236894,120.451061,0,IDD,67.0,2.1,247.0,4.5,1,71,0,0,0,0,3,0
CF,X,30.218122,120.408717,0,HGH,247.0,3.0,247.0,2.5,0,0,0,0,0,0,0,1
FA,X,30.218122,120.408717,0,DSH,0.0,0.0,217.0,2,1320,0,0,0,0,0,0
DF,DSH,30.148333,120.501667,1, ,0.0,0.0,1,3940,0,1,205,0,0,0
HM,DSH,30.148333,120.501667,2, ,0.0,0.0,67.0,04.3,0,0,0,1,215,0,0,0,0

APPTR,I25-Z,25,ADBA1
IF,ADBAS,30.343333,120.266667, ,0.0,0.0,2,3940,0,1,205,0,1,0
TF,HC026,30.438889,120.528889,0, ,0.0,0.0,0.0,0.0,2,2960,0,0,0,0,0,0
TF,HC061,30.362500,120.574722,0, ,0.0,0.0,0.0,0.0,0,0,0,0,0,0,0,0
CF,HC016,30.306389,120.608333,0,IDD,67.0,11.3,157.0,3.8,2,1510,0,0,0,0,1,0

APPTR,I25-Z,25,ADBA2
IF,ADBAS,30.343333,120.266667, ,0.0,0.0,2,3940,0,1,205,0,1,0
TF,HC060,30.258056,120.338889,0, ,0.0,0.0,0.0,0.0,0,0,0,0,0,0,0,0
TF,HC061,30.362500,120.574722,0, ,0.0,0.0,0.0,0.0,0,0,0,0,0,0,0,0
CF,HC016,30.306389,120.608333,0,IDD,67.0,11.3,157.0,3.8,2,1510,0,0,0,0,1,0

APPTR,I25-Z,25,HC055
IF,HC055,30.161944,120.464722, ,0.0,0.0,2,3940,0,1,205,0,1,0
TF,HC017,30.242222,120.645833,0, ,0.0,0.0,0.0,0.0,2,2960,0,0,0,0,0,0
CF,HC016,30.306389,120.608333,0,IDD,67.0,11.3,337.0,4.3,2,1510,0,0,0,0,1,0

APPTR,I25-Z,25,HC058
IF,HC058,30.178333,120.683889, ,0.0,0.0,2,3940,0,1,205,0,1,0
TF,HC017,30.242222,120.645833,0, ,0.0,0.0,0.0,0.0,2,2960,0,0,0,0,0,0
CF,HC016,30.306389,120.608333,0,IDD,67.0,11.3,337.0,4.3,2,1510,0,0,0,0,1,0

FINAL,I25-Z,25,I,3
IF,HC016,30.306389,120.608333,IDD,67.0,11.3,1,1510,0,0,0,0,0,0
CF,OM25,30.270983,120.528192,0,IDD,67.0,6.6,247.0,4.7,1,1510,0,0,0,0,2,0
CF,RW25,30.236894,120.451061,0,IDD,67.0,2.1,247.0,4.5,1,71,0,0,0,0,3,0
CF,X,30.218122,120.408717,0,HGH,247.0,3.0,247.0,2.5,0,0,0,0,0,0,0,1
FA,X,30.218122,120.408717,0,DSH,0.0,0.0,217.0,2,1320,0,0,0,0,0,0
DF,DSH,30.148333,120.501667,1, ,0.0,0.0,1,3940,0,1,205,0,0,0
HM,DSH,30.148333,120.501667,2, ,0.0,0.0,67.0,04.3,2,4930,0,1,215,0,0,0,0

