APPTR,N17-A,17,AKI
IF,AKI,65.759806,-18.004111, ,0.0,0.0,2,6000,0,0,0,0,0,0
TF,AKI30,66.257911,-17.982592,0, ,0.0,0.0,0.0,0.0,2,6000,0,0,0,0,0,0
TF,GR,66.528333,-17.983111,0, ,0.0,0.0,0.0,0.0,2,2000,0,0,0,0,1,0
HF,GR,66.528333,-17.983111,1, ,0.0,0.0,324.0,04.3,2,1400,0,0,0,0,0,0,0

APPTR,N17-A,17,GR
IF,GR,66.528333,-17.983111, ,0.0,0.0,2,2000,0,0,0,0,1,0
HF,GR,66.528333,-17.983111,1, ,0.0,0.0,324.0,04.3,2,1400,0,0,0,0,0,0,0

FINAL,N17-A,17,N,2
IF,FU324,66.498239,-17.893347,GR,0.0,0.0,2,1400,0,0,0,0,2,0
CF,GR,66.528333,-17.983111,0,GR,0.0,0.0,324.0,2.8,1,580,0,0,0,0,3,0
CA,0,324.0,2,1500,0,0,0,0,0,0
DF,GR,66.528333,-17.983111,1, ,0.0,0.0,1,2000,0,0,0,0,0,0
HM,GR,66.528333,-17.983111,1, ,0.0,0.0,324.0,04.3,0,0,0,0,0,0,0,0,0

APPTR,N35-A,35,AKI
IF,AKI,65.759806,-18.004111, ,0.0,0.0,2,6000,0,0,0,0,0,0
TF,AKI30,66.257911,-17.982592,0, ,0.0,0.0,0.0,0.0,2,6000,0,0,0,0,0,0
TF,GR,66.528333,-17.983111,0, ,0.0,0.0,0.0,0.0,2,2000,0,0,0,0,1,0
HF,GR,66.528333,-17.983111,1, ,0.0,0.0,324.0,04.3,2,1400,0,0,0,0,0,0,0

APPTR,N35-A,35,GR
IF,GR,66.528333,-17.983111, ,0.0,0.0,2,2000,0,0,0,0,1,0
HF,GR,66.528333,-17.983111,1, ,0.0,0.0,324.0,04.3,2,1400,0,0,0,0,0,0,0

FINAL,N35-A,35,N,2
IF,FU324,66.498239,-17.893347,GR,0.0,0.0,2,1400,0,0,0,0,2,0
CF,GR,66.528333,-17.983111,0,GR,0.0,0.0,324.0,2.8,1,580,0,0,0,0,3,0
CA,0,324.0,2,1500,0,0,0,0,0,0
DF,GR,66.528333,-17.983111,1, ,0.0,0.0,1,2000,0,0,0,0,0,0
HM,GR,66.528333,-17.983111,1, ,0.0,0.0,324.0,04.3,0,0,0,0,0,0,0,0,0

APPTR,R35,35,AKURA
IF,AKURA,66.317367,-18.015194, ,0.0,0.0,2,4000,0,0,0,0,1,0
TF,GRI35,66.370842,-17.857036,0, ,0.0,0.0,0.0,0.0,1,2500,0,0,0,0,1,0
TF,GRF35,66.449975,-17.929125,0, ,0.0,0.0,0.0,0.0,1,2000,0,0,0,0,0,0

APPTR,R35,35,GRETA
IF,GRETA,66.292803,-17.786417, ,0.0,0.0,2,4400,0,0,0,0,1,0
TF,GRI35,66.370842,-17.857036,0, ,0.0,0.0,0.0,0.0,1,2500,0,0,0,0,0,0
TF,GRF35,66.449975,-17.929125,0, ,0.0,0.0,0.0,0.0,1,2000,0,0,0,0,0,0

APPTR,R35,35,KOXAR
IF,KOXAR,66.370731,-17.650083, ,0.0,0.0,2,2500,0,0,0,0,1,0
TF,GRI35,66.370842,-17.857036,0, ,0.0,0.0,0.0,0.0,1,2500,0,0,0,0,1,0
TF,GRF35,66.449975,-17.929125,0, ,0.0,0.0,0.0,0.0,1,2000,0,0,0,0,0,0

FINAL,R35,35,R,2
IF,GRF35,66.449975,-17.929125, ,0.0,0.0,1,2000,0,0,0,0,2,0
TF,GRM35,66.526822,-17.999603,0, ,0.0,0.0,354.0,4.9,1,429,0,0,0,0,3,1
CA,0,354.0,2,1000,0,0,0,0,0,0
DF,GRI35,66.370842,-17.857036,1, ,0.0,0.0,1,2500,0,0,0,0,0,0
HM,GRI35,66.370842,-17.857036,2, ,0.0,0.0,353.0,04.3,0,0,0,0,0,0,0,0,0

