SID,BLC1A,17,2
VA,0,173.0,2,2190,0,0,0,0,0,0
CF,D165D,42.507267,21.050128,0,PRT,165.0,4.0,165.0,3.0,0,0,0,0,0,0,0,0
VI,1, ,0.0,350.0,0,0,0,0,0,0,0,0
CF,D017X,42.949206,21.214417,0,PRT,16.6,24.0,17.0,18.0,1,10000,0,0,0,0,0,0
TF,BLC,43.248694,21.361639,0, ,0.0,0.0,0.0,0.0,0,0,0,0,0,0,0,0

SID,BLC1B,35,2
VA,0,353.0,2,2190,0,0,0,0,0,0
CF,D360D,42.639097,21.036117,0,PRT,360.0,4.0,360.0,3.0,0,0,0,0,0,0,0,0
VI,0, ,0.0,40.0,0,0,0,0,0,0,0,0
CF,D017X,42.949206,21.214417,0,PRT,16.7,24.0,17.0,18.0,1,10000,0,0,0,0,0,0
TF,BLC,43.248694,21.361639,0, ,0.0,0.0,0.0,0.0,0,0,0,0,0,0,0,0

SID,BLC2A,17,2
VA,0,173.0,2,2190,0,0,0,0,0,0
CF,D165D,42.507267,21.050128,0,PRT,165.0,4.0,165.0,3.0,0,0,0,0,0,0,0,1
DF,PRT,42.572500,21.031389,1, ,0.0,0.0,0,0,0,1,205,0,0,0
CF,D345D,42.637731,21.012611,0,PRT,345.0,4.0,345.0,4.0,0,0,0,0,0,0,0,1
DF,PRT,42.572500,21.031389,2, ,0.0,0.0,0,0,0,1,205,0,0,0
CF,D165D,42.507267,21.050128,0,PRT,165.0,4.0,165.0,4.0,0,0,0,0,0,0,0,1
DF,PRT,42.572500,21.031389,1, ,0.0,0.0,0,0,0,1,205,0,0,0
TF,D017X,42.949206,21.214417,0, ,0.0,0.0,0.0,0.0,1,10000,0,0,0,0,0,0
TF,BLC,43.248694,21.361639,0, ,0.0,0.0,0.0,0.0,0,0,0,0,0,0,0,0

SID,BLC2B,35,2
VA,0,353.0,2,2190,0,0,0,0,0,0
CF,D360D,42.639097,21.036117,0,PRT,360.0,4.0,360.0,3.0,0,0,0,0,0,0,0,1
DF,PRT,42.572500,21.031389,2, ,0.0,0.0,0,0,0,1,205,0,0,0
CF,D180D,42.505903,21.026672,0,PRT,180.0,4.0,180.0,4.0,0,0,0,0,0,0,0,1
DF,PRT,42.572500,21.031389,1, ,0.0,0.0,0,0,0,1,205,0,0,0
CF,D360D,42.639097,21.036117,0,PRT,360.0,4.0,360.0,4.0,0,0,0,0,0,0,0,1
DF,PRT,42.572500,21.031389,2, ,0.0,0.0,0,0,0,1,205,0,0,0
TF,D017X,42.949206,21.214417,2, ,0.0,0.0,0.0,0.0,1,10000,0,0,0,0,0,0
TF,BLC,43.248694,21.361639,0, ,0.0,0.0,0.0,0.0,0,0,0,0,0,0,0,0

SID,SARA1A,17,2
VA,0,173.0,2,2190,0,0,0,0,0,0
CF,D165D,42.507267,21.050128,0,PRT,165.0,4.0,165.0,3.0,0,0,0,0,0,0,0,0
VI,0, ,0.0,220.0,0,0,0,0,0,0,0,0
CF,D189T,42.254453,20.940397,0,PRT,189.0,19.5,189.0,14.0,2,10000,0,0,0,0,0,0
TF,SARAX,42.096944,20.895556,0, ,0.0,0.0,0.0,0.0,0,0,0,0,0,0,0,0

SID,SARA1B,35,2
VA,0,353.0,2,2190,0,0,0,0,0,0
CF,D360D,42.639097,21.036117,0,PRT,360.0,4.0,360.0,3.0,0,0,0,0,0,0,0,1
DF,D051B,42.592094,21.067897,2, ,0.0,0.0,0,0,0,1,205,0,0,1
CF,D189T,42.254453,20.940397,0,PRT,189.0,19.5,189.0,20.0,2,10000,0,0,0,0,0,0
TF,SARAX,42.096944,20.895556,0, ,0.0,0.0,0.0,0.0,0,0,0,0,0,0,0,0

SID,SARA2A,17,2
VA,0,173.0,2,2190,0,0,0,0,0,0
CF,D165D,42.507267,21.050128,0,PRT,165.0,4.0,165.0,3.0,0,0,0,0,0,0,0,1
DF,PRT,42.572500,21.031389,1, ,0.0,0.0,0,0,0,1,205,0,0,0
CF,D345D,42.637731,21.012611,0,PRT,345.0,4.0,345.0,4.0,0,0,0,0,0,0,0,1
DF,PRT,42.572500,21.031389,2, ,0.0,0.0,0,0,0,1,205,0,0,0
CF,D165D,42.507267,21.050128,0,PRT,165.0,4.0,165.0,4.0,0,0,0,0,0,0,0,1
DF,PRT,42.572500,21.031389,1, ,0.0,0.0,0,0,0,1,205,0,0,0
TF,D189T,42.254453,20.940397,1, ,0.0,0.0,0.0,0.0,2,10000,0,0,0,0,0,0
TF,SARAX,42.096944,20.895556,0, ,0.0,0.0,0.0,0.0,0,0,0,0,0,0,0,0

SID,SARA2B,35,2
VA,0,353.0,2,2190,0,0,0,0,0,0
CF,D360D,42.639097,21.036117,0,PRT,360.0,4.0,360.0,3.0,0,0,0,0,0,0,0,1
DF,PRT,42.572500,21.031389,2, ,0.0,0.0,0,0,0,1,205,0,0,0
CF,D180D,42.505903,21.026672,0,PRT,180.0,4.0,180.0,4.0,0,0,0,0,0,0,0,1
DF,PRT,42.572500,21.031389,1, ,0.0,0.0,0,0,0,1,205,0,0,0
CF,D360D,42.639097,21.036117,0,PRT,360.0,4.0,360.0,4.0,0,0,0,0,0,0,0,1
DF,PRT,42.572500,21.031389,2, ,0.0,0.0,0,0,0,1,205,0,0,0
TF,D189T,42.254453,20.940397,0, ,0.0,0.0,0.0,0.0,2,10000,0,0,0,0,0,0
TF,SARAX,42.096944,20.895556,0, ,0.0,0.0,0.0,0.0,0,0,0,0,0,0,0,0

SID,XAXA1A,17,2
VA,0,173.0,2,2190,0,0,0,0,0,0
CF,D165D,42.507267,21.050128,0,PRT,165.0,4.0,165.0,3.0,0,0,0,0,0,0,0,0
VI,0, ,0.0,135.0,0,0,0,0,0,0,0,0
CF,D150V,42.252897,21.250444,0,PRT,150.0,21.5,150.0,14.0,2,10000,0,0,0,0,0,0
TF,XAXAN,42.136667,21.326944,0, ,0.0,0.0,0.0,0.0,0,0,0,0,0,0,0,0

SID,XAXA1B,35,2
VA,0,353.0,2,2190,0,0,0,0,0,0
CF,D360D,42.639097,21.036117,0,PRT,0.0,4.0,360.0,3.0,0,0,0,0,0,0,0,1
DF,D051B,42.592094,21.067897,2, ,0.0,0.0,0,0,0,1,205,0,0,1
CF,D150V,42.252897,21.250444,0,PRT,150.0,21.5,150.0,21.0,2,10000,0,0,0,0,0,0
TF,XAXAN,42.136667,21.326944,0, ,0.0,0.0,0.0,0.0,0,0,0,0,0,0,0,0

SID,XAXA2A,17,2
VA,0,173.0,2,2190,0,0,0,0,0,0
CF,D165D,42.507267,21.050128,0,PRT,165.0,4.0,165.0,3.0,0,0,0,0,0,0,0,1
DF,PRT,42.572500,21.031389,1, ,0.0,0.0,0,0,0,1,205,0,0,0
CF,D345D,42.637731,21.012611,0,PRT,345.0,4.0,345.0,4.0,0,0,0,0,0,0,0,1
DF,PRT,42.572500,21.031389,2, ,0.0,0.0,0,0,0,1,205,0,0,0
CF,D165D,42.507267,21.050128,0,PRT,165.0,4.0,165.0,4.0,0,0,0,0,0,0,0,1
DF,PRT,42.572500,21.031389,1, ,0.0,0.0,0,0,0,1,205,0,0,0
TF,D150V,42.252897,21.250444,1, ,0.0,0.0,0.0,0.0,2,10000,0,0,0,0,0,0
TF,XAXAN,42.136667,21.326944,0, ,0.0,0.0,0.0,0.0,0,0,0,0,0,0,0,0

SID,XAXA2B,35,2
VA,0,353.0,2,2190,0,0,0,0,0,0
CF,D360D,42.639097,21.036117,0,PRT,0.0,4.0,360.0,3.0,0,0,0,0,0,0,0,1
DF,PRT,42.572500,21.031389,2, ,0.0,0.0,0,0,0,1,205,0,0,0
CF,D180D,42.505903,21.026672,0,PRT,180.0,4.0,180.0,4.0,0,0,0,0,0,0,0,1
DF,PRT,42.572500,21.031389,1, ,0.0,0.0,0,0,0,1,205,0,0,0
CF,D360D,42.639097,21.036117,0,PRT,0.0,4.0,360.0,4.0,0,0,0,0,0,0,0,1
DF,PRT,42.572500,21.031389,2, ,0.0,0.0,0,0,0,1,205,0,0,0
TF,D150V,42.252897,21.250444,0, ,0.0,0.0,0.0,0.0,2,10000,0,0,0,0,0,0
TF,XAXAN,42.136667,21.326944,0, ,0.0,0.0,0.0,0.0,0,0,0,0,0,0,0,0

STAR,BLC17A,17,2
IF,BLC,43.248694,21.361639, ,0.0,0.0,0,0,0,0,0,0,0,0
TF,D017X,42.949206,21.214417,0, ,0.0,0.0,0.0,0.0,0,0,0,0,0,0,0,0
TF,D017R,42.855058,21.168450,0, ,0.0,0.0,0.0,0.0,0,0,0,0,0,0,0,0
CI,0, ,0.0,197.0,0,0,0,0,0,0,0,0
AF,D001P,42.838597,21.056672,1,PRT,0.0,16.0,17.0,0,0,0,0,0,0,0,0
CF,D353O,42.799717,21.013472,0,PRT,353.9,13.7,173.0,2.0,0,0,0,0,0,0,0,0

STAR,BLC17B,17,2
IF,BLC,43.248694,21.361639, ,0.0,0.0,0,0,0,0,0,0,0,0
TF,D017X,42.949206,21.214417,0, ,0.0,0.0,0.0,0.0,0,0,0,0,0,0,0,0
TF,D017R,42.855058,21.168450,0, ,0.0,0.0,0.0,0.0,0,0,0,0,0,0,0,0
CI,0, ,0.0,197.0,0,0,0,0,0,0,0,0
AF,D007P,42.835178,21.094325,1,PRT,7.0,16.0,17.0,0,0,0,0,0,0,0,0
CF,D360K,42.755639,21.044414,0,PRT,0.0,11.0,180.0,5.0,0,0,0,0,0,0,0,0

STAR,BLC35A,35,2
IF,BLC,43.248694,21.361639, ,0.0,0.0,0,0,0,0,0,0,0,0
TF,D017X,42.949206,21.214417,0, ,0.0,0.0,0.0,0.0,0,0,0,0,0,0,0,0
TF,PRT,42.572500,21.031389,0, ,0.0,0.0,0.0,0.0,0,0,0,0,0,0,0,0
TF,D140O,42.372592,21.234369,0, ,0.0,0.0,0.0,0.0,0,0,0,0,0,0,0,0
CI,0, ,0.0,140.0,0,0,0,0,0,0,0,0
AF,D158Q,42.304442,21.155703,2,PRT,158.0,17.0,140.0,0,0,0,0,0,0,0,0
CF,D165O,42.327856,21.101464,0,PRT,165.0,15.0,345.0,2.0,0,0,0,0,0,0,0,0

STAR,BLC35B,35,2
IF,BLC,43.248694,21.361639, ,0.0,0.0,0,0,0,0,0,0,0,0
TF,D017X,42.949206,21.214417,0, ,0.0,0.0,0.0,0.0,0,0,0,0,0,0,0,0
TF,PRT,42.572500,21.031389,0, ,0.0,0.0,0.0,0.0,0,0,0,0,0,0,0,0
TF,FD35,42.409408,21.078167,0, ,0.0,0.0,0.0,0.0,0,0,0,0,0,0,0,0

STAR,BLCE,ALL,2
IF,BLC,43.248694,21.361639, ,0.0,0.0,0,0,0,0,0,0,0,0
TF,D017X,42.949206,21.214417,0, ,0.0,0.0,0.0,0.0,0,0,0,0,0,0,0,0
TF,D017R,42.855058,21.168450,0, ,0.0,0.0,0.0,0.0,0,0,0,0,0,0,0,0
TF,D017B,42.603906,21.046556,0, ,0.0,0.0,0.0,0.0,0,0,0,0,0,0,0,1
CF,D090J,42.563553,21.256617,1,PRT,90.0,10.0,90.0,8.0,0,0,0,0,0,0,0,0

STAR,EAS17A,17,2
IF,D090J,42.563553,21.256617, ,0.0,0.0,0,0,0,0,0,0,0,0
TF,D090H,42.565378,21.211578,0, ,0.0,0.0,0.0,0.0,0,0,0,0,0,0,0,0
TF,D090B,42.570747,21.076439,0, ,0.0,0.0,0.0,0.0,3,6000,0,0,0,0,0,1
CF,D017N,42.791778,21.139778,2,PRT,17.0,14.0,17.0,13.0,0,0,0,0,0,0,0,0
CI,0, ,0.0,17.0,0,0,0,0,0,0,0,0
AF,D001P,42.838597,21.056672,1,PRT,0.0,16.0,17.0,0,0,0,0,0,0,0,0
CF,D353O,42.799717,21.013472,0,PRT,353.9,13.7,173.0,2.0,0,0,0,0,0,0,0,0

STAR,EAS17B,17,2
IF,D090J,42.563553,21.256617, ,0.0,0.0,0,0,0,0,0,0,0,0
TF,D090H,42.565378,21.211578,0, ,0.0,0.0,0.0,0.0,0,0,0,0,0,0,0,0
TF,D090B,42.570747,21.076439,0, ,0.0,0.0,0.0,0.0,3,6000,0,0,0,0,0,1
CF,D360G,42.689044,21.039669,2,PRT,0.0,7.0,360.0,5.0,0,0,0,0,0,0,0,0

STAR,EAS35A,35,2
IF,D090L,42.561711,21.301656, ,0.0,0.0,0,0,0,0,0,0,0,0
CI,0, ,0.0,270.0,0,0,0,0,0,0,0,0
AF,D128J,42.462994,21.201331,2,PRT,128.0,10.0,90.0,0,0,0,0,0,0,0,0
CF,D140O,42.372592,21.234369,0,PRT,140.0,15.0,140.0,5.0,0,0,0,0,0,0,0,0
CI,0, ,0.0,140.0,0,0,0,0,0,0,0,0
AF,D158Q,42.304442,21.155703,2,PRT,158.0,17.0,140.0,0,0,0,0,0,0,0,0
CF,D165O,42.327856,21.101464,0,PRT,165.0,15.0,345.0,2.0,0,0,0,0,0,0,0,0

STAR,EAS35B,35,2
IF,D090L,42.561711,21.301656, ,0.0,0.0,0,0,0,0,0,0,0,0
CI,0, ,0.0,270.0,0,0,0,0,0,0,0,0
AF,D128J,42.462994,21.201331,2,PRT,128.0,10.0,90.0,0,0,0,0,0,0,0,0
CF,D140O,42.372592,21.234369,0,PRT,140.0,15.0,140.0,5.0,0,0,0,0,0,0,0,0
CI,0, ,0.0,140.0,0,0,0,0,0,0,0,0
AF,D158Q,42.304442,21.155703,2,PRT,158.0,17.0,140.0,0,0,0,0,0,0,0,0
CF,D165O,42.327856,21.101464,0,PRT,165.0,15.0,345.0,2.0,0,0,0,0,0,0,0,0

STAR,XAX17A,17,2
IF,XAXAN,42.136667,21.326944, ,0.0,0.0,0,0,0,0,0,0,0,0
TF,D150V,42.252897,21.250444,0, ,0.0,0.0,0.0,0.0,0,0,0,0,0,0,0,0
TF,D150H,42.453419,21.112603,0, ,0.0,0.0,0.0,0.0,0,0,0,0,0,0,0,0
TF,PRT,42.572500,21.031389,0, ,0.0,0.0,0.0,0.0,3,6000,0,0,0,0,0,0
TF,D017N,42.791778,21.139778,0, ,0.0,0.0,0.0,0.0,0,0,0,0,0,0,0,0
CI,0, ,0.0,17.0,0,0,0,0,0,0,0,0
AF,D001P,42.838597,21.056672,1,PRT,0.0,16.0,17.0,0,0,0,0,0,0,0,0
CF,D353O,42.799717,21.013472,0,PRT,353.9,13.7,173.0,2.0,0,0,0,0,0,0,0,0

STAR,XAX17B,17,2
IF,XAXAN,42.136667,21.326944, ,0.0,0.0,0,0,0,0,0,0,0,0
TF,D150V,42.252897,21.250444,0, ,0.0,0.0,0.0,0.0,0,0,0,0,0,0,0,0
TF,D150H,42.453419,21.112603,0, ,0.0,0.0,0.0,0.0,0,0,0,0,0,0,0,0
TF,PRT,42.572500,21.031389,0, ,0.0,0.0,0.0,0.0,3,6000,0,0,0,0,0,0
TF,D360G,42.689044,21.039669,0, ,0.0,0.0,0.0,0.0,0,0,0,0,0,0,0,0

STAR,XAX35A,35,2
IF,XAXAN,42.136667,21.326944, ,0.0,0.0,0,0,0,0,0,0,0,0
TF,D150V,42.252897,21.250444,0, ,0.0,0.0,0.0,0.0,0,0,0,0,0,0,0,0
TF,D150S,42.289589,21.223767,0, ,0.0,0.0,0.0,0.0,0,0,0,0,0,0,0,0
CI,0, ,0.0,330.0,0,0,0,0,0,0,0,0
AF,D158Q,42.304442,21.155703,2,PRT,158.0,17.0,150.0,0,0,0,0,0,0,0,0
CF,D165O,42.327856,21.101464,0,PRT,165.0,15.0,345.0,2.0,0,0,0,0,0,0,0,0

STAR,XAX35B,35,2
IF,XAXAN,42.136667,21.326944, ,0.0,0.0,0,0,0,0,0,0,0,0
TF,D150V,42.252897,21.250444,0, ,0.0,0.0,0.0,0.0,0,0,0,0,0,0,0,0
TF,D150S,42.289589,21.223767,0, ,0.0,0.0,0.0,0.0,0,0,0,0,0,0,0,0
CI,0, ,0.0,330.0,0,0,0,0,0,0,0,0
AF,D158Q,42.304442,21.155703,2,PRT,158.0,17.0,150.0,0,0,0,0,0,0,0,0
CF,D165O,42.327856,21.101464,0,PRT,165.0,15.0,345.0,2.0,0,0,0,0,0,0,0,0

STAR,XAXANE,ALL,2
IF,XAXAN,42.136667,21.326944, ,0.0,0.0,0,0,0,0,0,0,0,0
TF,D150V,42.252897,21.250444,0, ,0.0,0.0,0.0,0.0,0,0,0,0,0,0,0,0
TF,D150L,42.393858,21.153092,0, ,0.0,0.0,0.0,0.0,0,0,0,0,0,0,0,0
CI,0, ,0.0,330.0,0,0,0,0,0,0,0,0
AF,D090J,42.563553,21.256617,1,PRT,90.0,10.0,150.0,0,0,0,0,0,0,0,0

APPTR,D17,17,D360K
IF,D360K,42.755639,21.044414, ,0.0,0.0,2,5000,0,0,0,0,1,0
CF,CD17,42.730667,21.042633,0,PRT,0.0,9.5,180.0,1.5,2,4500,0,0,0,0,0,0

FINAL,D17,17,D,3
IF,CD17,42.730667,21.042633,PRT,0.0,9.5,2,4500,0,0,0,0,0,0
CF,FD17,42.672394,21.038483,0,PRT,360.0,6.0,180.0,3.5,2,3500,0,0,0,0,2,0
CF,MD17,42.597475,21.033161,0,PRT,0.0,1.5,180.0,4.5,1,2071,0,0,0,0,3,0
CF,PRT,42.572500,21.031389,0,PRT,0.0,0.0,180.0,1.5,2,2200,0,0,0,0,0,0
FD,PRT,42.572500,21.031389,0,PRT,0.0,5.0,165.0,5.0,0,0,0,0,0,0,0,0
CI,0, ,0.0,165.0,0,0,0,0,0,0,0,0
AF,D360G,42.689044,21.039669,1,PRT,0.0,7.0,165.0,1,5000,0,1,185,0,0,0
HM,D360G,42.689044,21.039669,2, ,0.0,0.0,180.0,04,0,0,0,1,185,0,0,0,0

APPTR,D35,35,D1651
IF,D165O,42.327856,21.101464, ,0.0,0.0,2,9000,0,0,0,0,1,0
CF,FD35,42.409408,21.078167,0,PRT,165.0,10.0,345.0,5.0,2,7900,0,0,0,0,0,1
CF,D158O,42.335983,21.141131,2,PRT,158.0,15.0,165.0,5.0,2,6800,0,0,0,0,0,1
CF,D165O,42.327856,21.101464,2,PRT,165.0,15.0,345.0,1.0,2,6800,0,0,0,0,1,0
CF,CD35,42.376789,21.087492,0,PRT,165.0,12.0,345.0,3.0,2,5800,0,0,0,0,0,0

APPTR,D35,35,D1652
IF,D165O,42.327856,21.101464, ,0.0,0.0,2,6800,0,0,0,0,1,0
CF,CD35,42.376789,21.087492,0,PRT,165.0,12.0,345.0,3.0,2,5800,0,0,0,0,0,0

FINAL,D35,35,D,5
IF,CD35,42.376789,21.087492,PRT,165.0,12.0,2,5800,0,0,0,0,0,0
CF,FD35,42.409408,21.078167,0,PRT,165.0,10.0,345.0,2.0,2,5300,0,0,0,0,2,0
CF,60VOR,42.474647,21.059483,0,PRT,165.0,6.0,345.0,4.0,2,3830,0,0,0,0,0,0
CF,40VOR,42.507267,21.050128,0,PRT,165.0,4.0,345.0,2.0,2,3090,0,0,0,0,0,0
CF,MD35,42.548039,21.038422,0,PRT,165.0,1.5,345.0,2.5,1,2167,0,0,0,0,3,0
CF,PRT,42.572500,21.031389,0,PRT,0.0,0.0,345.0,1.5,2,2200,0,0,0,0,0,0
FD,PRT,42.572500,21.031389,0,PRT,0.0,6.0,360.0,6.0,0,0,0,0,0,0,0,0
DF,D020B,42.603192,21.049022,2, ,0.0,0.0,3,6000,0,1,185,0,0,0
CF,D130O,42.401675,21.278172,0,PRT,130.0,15.0,130.0,15.0,0,0,0,0,0,0,0,0
CI,0, ,0.0,130.0,0,0,0,0,0,0,0,0
AF,D158Q,42.304442,21.155703,2,PRT,158.0,17.0,130.0,0,0,0,0,0,0,0,0
CF,40VOR,42.507267,21.050128,0,PRT,165.0,4.0,345.0,13.0,0,0,0,0,0,0,0,1
DF,FD35,42.409408,21.078167,2, ,0.0,0.0,1,9000,0,0,0,0,0,0
HM,FD35,42.409408,21.078167,2, ,0.0,0.0,345.0,05,0,0,0,1,185,0,0,0,0

APPTR,I17,17,D353O
IF,D353O,42.799717,21.013472, ,0.0,0.0,2,5000,0,0,0,0,1,0
CF,CI17,42.766461,21.016758,0,PRS,352.9,12.5,173.0,2.0,2,4600,0,0,0,0,1,0

FINAL,I17,17,I,3
IF,CI17,42.766461,21.016758,PRS,352.9,12.5,2,4600,0,0,0,0,0,0
CF,FI17,42.724892,21.020864,0,PRS,352.9,10.0,173.0,2.5,1,4500,0,0,0,0,2,0
CF,RW17,42.585278,21.034606,0,PRS,352.9,1.6,173.0,8.4,1,1838,0,0,0,0,3,0
CF,D170E,42.489647,21.044358,0,PRT,170.4,5.0,173.0,5.8,2,5000,0,0,0,0,0,1
DF,D147B,42.543619,21.053933,1, ,0.0,0.0,0,0,0,1,185,0,0,0
CF,D017N,42.791778,21.139778,0,PRT,17.0,14.0,17.0,15.0,0,0,0,0,0,0,0,0
CI,0, ,0.0,17.0,0,0,0,0,0,0,0,0
AF,D001P,42.838597,21.056672,1,PRT,0.0,16.0,17.0,0,0,0,0,0,0,0,0
CF,D353O,42.799717,21.013472,0,PRT,353.7,13.7,173.0,2.5,1,5000,0,0,0,0,0,0
CF,D353K,42.733206,21.020042,0,PRT,354.0,9.7,173.0,4.0,0,0,0,0,0,0,0,0
HM,D353K,42.733206,21.020042,2, ,0.0,0.0,173.0,04,0,0,0,1,185,0,0,0,0

