APPTR,R13,13,ROMKU
IF,ROMKU,53.368575,-99.466067, ,0.0,0.0,0,0,0,1,210,0,1,0
TF,TAKVU,53.293072,-99.524469,0, ,0.0,0.0,0.0,0.0,2,2600,0,1,180,0,1,0

APPTR,R13,13,VIPMO
IF,VIPMO,53.257611,-99.650044, ,0.0,0.0,0,0,0,1,210,0,1,0
TF,TAKVU,53.293072,-99.524469,0, ,0.0,0.0,0.0,0.0,2,2600,0,1,180,0,1,0

FINAL,R13,13,R,3
IF,TAKVU,53.293072,-99.524469, ,0.0,0.0,2,2600,0,1,180,0,1,0
TF,SENDI,53.234378,-99.426108,0, ,0.0,0.0,130.0,5.0,2,2500,0,0,0,0,2,0
TF,RW13,53.175603,-99.328017,0, ,0.0,0.0,130.0,5.0,1,908,0,0,0,0,3,1
TF,MEVPU,53.116744,-99.230192,0, ,0.0,0.0,0.0,0.0,1,2300,0,0,0,0,0,1
HM,MEVPU,53.116744,-99.230192,2, ,0.0,0.0,130.0,04.3,0,0,0,1,230,0,0,0,0

APPTR,R31,31,PEMPU
IF,PEMPU,52.976414,-99.181211, ,0.0,0.0,0,0,0,1,210,0,1,0
TF,MEPSI,53.051753,-99.122633,0, ,0.0,0.0,0.0,0.0,2,2500,0,1,180,0,1,0

APPTR,R31,31,SIDVI
IF,SIDVI,53.086658,-98.997231, ,0.0,0.0,0,0,0,1,210,0,1,0
TF,MEPSI,53.051753,-99.122633,0, ,0.0,0.0,0.0,0.0,2,2500,0,1,180,0,1,0

FINAL,R31,31,R,3
IF,MEPSI,53.051753,-99.122633, ,0.0,0.0,2,2500,0,1,180,0,1,0
TF,LISNU,53.110697,-99.220164,0, ,0.0,0.0,310.0,5.0,2,2500,0,0,0,0,2,0
TF,RW31,53.169564,-99.317961,0, ,0.0,0.0,310.0,5.0,1,907,0,0,0,0,3,1
TF,VERKU,53.228347,-99.416025,0, ,0.0,0.0,0.0,0.0,1,2300,0,0,0,0,0,1
HM,VERKU,53.228347,-99.416025,2, ,0.0,0.0,310.0,04.3,0,0,0,1,230,0,0,0,0

