SID,CYQX5,03,1
VA,0,30.0,2,900,0,0,0,0,0,0
VM,0,0,0,30.0,0,0,0,0,0,0,0,0

SID,CYQX5,13,1
VA,0,128.0,2,900,0,0,0,0,0,0
VM,0,0,0,128.0,0,0,0,0,0,0,0,0

SID,CYQX5,21,1
VA,0,210.0,2,900,0,0,0,0,0,0
VM,0,0,0,210.0,0,0,0,0,0,0,0,0

SID,CYQX5,31,1
VA,0,308.0,2,900,0,0,0,0,0,0
VM,0,0,0,308.0,0,0,0,0,0,0,0,0

APPTR,D21,21,YQX
IF,YQX,48.899647,-54.535011, ,0.0,0.0,0,0,0,0,0,0,0,0
TF,UDBOS,49.036556,-54.589314,0, ,0.0,0.0,0.0,0.0,2,1900,0,0,0,0,0,0
PI,UDBOS,49.036556,-54.589314,1,YQX,50.0,10.0,005,5.0,2,1800,0,0,0,0,1,0
CF,UDBOS,49.036556,-54.589314,0,YQX,5.4,8.5,185.0,8.0,2,1100,0,0,0,0,0,0

FINAL,D21,21,D,2
IF,UDBOS,49.036556,-54.589314,YQX,5.4,8.5,2,1100,0,0,0,0,2,0
CF,TATVA,48.956436,-54.557511,0,YQX,5.4,3.5,185.0,5.0,1,651,0,0,0,0,3,0
CA,0,185.0,2,2600,0,0,0,0,0,0
DF,YQX,48.899647,-54.535011,1, ,0.0,0.0,1,2600,0,0,0,0,0,0
HM,YQX,48.899647,-54.535011,2, ,0.0,0.0,5.0,04.3,0,0,0,0,0,0,0,0,0

APPTR,I03,03,AVSIV
IF,AVSIV,48.731531,-54.328450, ,0.0,0.0,0,0,0,0,0,0,1,0
AF,D210P,48.692711,-54.633061,2,YQX,217.4,13.0,161.0,2,2600,0,0,0,0,0,0
CF,TIMAL,48.698344,-54.631583,0,IQX,210.8,15.4,30.0,0.3,2,2600,0,0,0,0,1,0

APPTR,I03,03,KELGU
IF,KELGU,48.943158,-54.856825, ,0.0,0.0,0,0,0,0,0,0,1,0
AF,D210P,48.692711,-54.633061,1,YQX,217.4,13.0,302.0,2,2600,0,0,0,0,0,0
CF,TIMAL,48.698344,-54.631583,0,IQX,210.8,15.4,30.0,0.3,2,2600,0,0,0,0,1,0

APPTR,I03,03,QX
IF,QX,48.964447,-54.670244, ,0.0,0.0,0,0,0,0,0,0,0,0
TF,DUREN,48.861978,-54.584708,0, ,0.0,0.0,0.0,0.0,2,2600,0,0,0,0,0,0
PI,DUREN,48.861978,-54.584708,2,YQX,165.0,10.0,210,5.0,2,2600,0,0,0,0,0,0

APPTR,I03,03,YQX
IF,YQX,48.899647,-54.535011, ,0.0,0.0,0,0,0,0,0,0,0,0
TF,DUREN,48.861978,-54.584708,0, ,0.0,0.0,0.0,0.0,2,2600,0,0,0,0,0,0
PI,DUREN,48.861978,-54.584708,2,YQX,165.0,10.0,210,5.0,2,2600,0,0,0,0,0,0

FINAL,I03,03,I,3
IF,TIMAL,48.698344,-54.631583,IQX,210.8,15.4,2,2600,0,0,0,0,0,0
CF,DUREN,48.861978,-54.584708,0,IQX,210.8,5.4,30.0,10.0,1,1630,0,0,0,0,2,0
CF,RW03,48.920839,-54.567772,0,IQX,210.7,1.8,30.0,3.6,1,478,0,0,0,0,3,0
VA,0,30.0,2,2200,0,0,0,0,0,0
DF,QX,48.964447,-54.670244,1, ,0.0,0.0,1,2200,0,0,0,0,0,0
HM,QX,48.964447,-54.670244,2, ,0.0,0.0,219.0,04.3,0,0,0,1,210,0,0,0,0

APPTR,I13,13,MITAM
IF,MITAM,48.739833,-54.888903, ,0.0,0.0,0,0,0,0,0,0,0,0
AF,D308P,49.023928,-54.921164,2,YQX,316.2,17.0,256.0,2,2600,0,0,0,0,0,0
CF,XETAR,49.021233,-54.908342,0,IGN,307.9,15.0,128.0,0.5,2,2600,0,0,0,0,1,0

APPTR,I13,13,PIGLI
IF,PIGLI,49.168817,-54.668425, ,0.0,0.0,0,0,0,0,0,0,0,0
AF,D308P,49.023928,-54.921164,1,YQX,316.2,17.0,2.0,2,2600,0,0,0,0,0,0
CF,XETAR,49.021233,-54.908342,0,IGN,307.9,15.0,128.0,0.5,2,2600,0,0,0,0,1,0

APPTR,I13,13,YQX
IF,YQX,48.899647,-54.535011, ,0.0,0.0,0,0,0,0,0,0,0,0
TF,QX,48.964447,-54.670244,0, ,0.0,0.0,0.0,0.0,2,2600,0,0,0,0,0,0
PI,QX,48.964447,-54.670244,2,YQX,263.0,10.0,308,5.0,2,2600,0,0,0,0,0,0

FINAL,I13,13,I,3
IF,XETAR,49.021233,-54.908342,IGN,307.9,15.0,2,2600,0,0,0,0,0,0
CF,SEGOG,48.971075,-54.670011,0,IGN,307.9,5.1,128.0,9.9,1,1650,0,0,0,0,2,0
CF,RW13,48.953203,-54.585756,0,IGN,307.9,1.6,128.0,3.5,1,530,0,0,0,0,3,0
VA,0,128.0,2,2700,0,0,0,0,0,0
DF,QX,48.964447,-54.670244,1, ,0.0,0.0,1,2700,0,0,0,0,0,0
HM,QX,48.964447,-54.670244,2, ,0.0,0.0,128.0,04.3,0,0,0,1,210,0,0,0,0

APPTR,N13,13,QX
PI,QX,48.964447,-54.670244,2,YQX,256.0,10.0,301,5.0,2,2200,0,0,0,0,0,0

APPTR,N13,13,YQX
IF,YQX,48.899647,-54.535011, ,0.0,0.0,0,0,0,0,0,0,0,0
TF,QX,48.964447,-54.670244,0, ,0.0,0.0,0.0,0.0,2,2200,0,0,0,0,0,0
PI,QX,48.964447,-54.670244,2,YQX,256.0,10.0,301,5.0,2,2200,0,0,0,0,1,0

FINAL,N13,13,N,3
IF,APDIN,48.986736,-54.833478,QX,0.0,0.0,2,2200,0,0,0,0,0,0
CF,QX,48.964447,-54.670244,0,QX,0.0,0.0,121.0,6.7,2,1580,0,0,0,0,2,0
CF,RW13,48.953203,-54.585756,0,QX,0.0,0.0,121.0,3.3,1,533,0,0,0,0,3,0
CA,0,121.0,2,2700,0,0,0,0,0,0
DF,QX,48.964447,-54.670244,1, ,0.0,0.0,1,2700,0,0,0,0,0,0
HM,QX,48.964447,-54.670244,2, ,0.0,0.0,121.0,04.3,0,0,0,0,0,0,0,0,0

APPTR,R03,03,IKDIX
IF,IKDIX,48.739244,-54.491747, ,0.0,0.0,0,0,0,1,210,0,1,0
TF,EMLEL,48.754792,-54.615447,0, ,0.0,0.0,0.0,0.0,2,1900,0,0,0,0,1,0

APPTR,R03,03,KITAS
IF,KITAS,48.770206,-54.739225, ,0.0,0.0,0,0,0,1,210,0,1,0
TF,EMLEL,48.754792,-54.615447,0, ,0.0,0.0,0.0,0.0,2,1900,0,0,0,0,1,0

FINAL,R03,03,R,4
IF,EMLEL,48.754792,-54.615447, ,0.0,0.0,2,1900,0,0,0,0,1,0
TF,BOSEK,48.852967,-54.587297,0, ,0.0,0.0,30.0,6.0,2,1800,0,0,0,0,2,0
TF,XIKOX,48.883208,-54.578606,0, ,0.0,0.0,30.0,1.8,2,1210,0,0,0,0,0,0
TF,RW03,48.920839,-54.567772,0, ,0.0,0.0,30.0,2.3,1,478,0,0,0,0,3,1
TF,APLAX,49.002642,-54.544167,0, ,0.0,0.0,0.0,0.0,1,2700,0,0,0,0,0,1
HM,APLAX,49.002642,-54.544167,2, ,0.0,0.0,30.0,04.3,0,0,0,1,210,0,0,0,0

APPTR,R21,21,OMOTA
IF,OMOTA,49.112183,-54.383289, ,0.0,0.0,0,0,0,0,0,0,1,0
TF,KEKDA,49.127792,-54.507897,0, ,0.0,0.0,0.0,0.0,2,2100,0,0,0,0,1,0

APPTR,R21,21,VIRDU
IF,VIRDU,49.143264,-54.632583, ,0.0,0.0,0,0,0,0,0,0,1,0
TF,KEKDA,49.127792,-54.507897,0, ,0.0,0.0,0.0,0.0,2,2100,0,0,0,0,1,0

FINAL,R21,21,R,3
IF,KEKDA,49.127792,-54.507897, ,0.0,0.0,2,2100,0,0,0,0,1,0
TF,GUDOB,49.029636,-54.536358,0, ,0.0,0.0,210.0,6.0,2,2100,0,0,0,0,2,0
TF,RW21,48.948306,-54.559856,0, ,0.0,0.0,210.0,5.0,1,504,0,0,0,0,3,1
TF,NUGAV,48.915583,-54.569286,0, ,0.0,0.0,0.0,0.0,0,0,0,0,0,0,0,0
TF,IRGOM,48.784686,-54.606889,0, ,0.0,0.0,0.0,0.0,1,2700,0,0,0,0,0,1
HM,IRGOM,48.784686,-54.606889,2, ,0.0,0.0,210.0,04.3,0,0,0,0,0,0,0,0,0

APPTR,R31,31,PEPMU
IF,PEPMU,48.968217,-54.247014, ,0.0,0.0,0,0,0,0,0,0,1,0
TF,LEVAD,48.888992,-54.285917,0, ,0.0,0.0,0.0,0.0,2,2100,0,0,0,0,1,0

APPTR,R31,31,URPIS
IF,URPIS,48.809756,-54.324697, ,0.0,0.0,0,0,0,0,0,0,1,0
TF,LEVAD,48.888992,-54.285917,0, ,0.0,0.0,0.0,0.0,2,2100,0,0,0,0,1,0

FINAL,R31,31,R,3
IF,LEVAD,48.888992,-54.285917, ,0.0,0.0,2,2100,0,0,0,0,1,0
TF,GOSIN,48.919969,-54.430019,0, ,0.0,0.0,308.0,6.0,2,2100,0,0,0,0,2,0
TF,RW31,48.945706,-54.550517,0, ,0.0,0.0,308.0,5.0,1,491,0,0,0,0,3,1
TF,ELUVI,48.955939,-54.598639,0, ,0.0,0.0,0.0,0.0,0,0,0,0,0,0,0,0
TF,IMAMO,48.996681,-54.791331,0, ,0.0,0.0,0.0,0.0,1,2700,0,0,0,0,0,1
HM,IMAMO,48.996681,-54.791331,2, ,0.0,0.0,308.0,04.3,0,0,0,0,0,0,0,0,0

