SID,BUB7R,04L,5
CA,0,44.0,2,1100,0,0,0,0,0,0
DF,LG011,50.691389,5.529861,0, ,0.0,0.0,0,0,0,0,0,0,0,0
TF,LG012,50.745694,5.616417,0, ,0.0,0.0,0.0,0.0,0,0,0,0,0,0,0,0
TF,LG013,50.778639,5.430639,1, ,0.0,0.0,0.0,0.0,2,6000,0,0,0,0,0,0
TF,LG008,50.819156,5.145711,0, ,0.0,0.0,0.0,0.0,0,0,0,0,0,0,0,0
TF,BUB,50.902333,4.538083,0, ,0.0,0.0,0.0,0.0,0,0,0,0,0,0,0,0

SID,BUB7R,04R,5
CA,0,44.0,2,1100,0,0,0,0,0,0
DF,LG011,50.691389,5.529861,0, ,0.0,0.0,0,0,0,0,0,0,0,0
TF,LG012,50.745694,5.616417,0, ,0.0,0.0,0.0,0.0,0,0,0,0,0,0,0,0
TF,LG013,50.778639,5.430639,1, ,0.0,0.0,0.0,0.0,2,6000,0,0,0,0,0,0
TF,LG008,50.819156,5.145711,0, ,0.0,0.0,0.0,0.0,0,0,0,0,0,0,0,0
TF,BUB,50.902333,4.538083,0, ,0.0,0.0,0.0,0.0,0,0,0,0,0,0,0,0

SID,BUB7S,22L,5
CA,0,224.0,2,1100,0,0,0,0,0,0
DF,LG001,50.585194,5.360942,0, ,0.0,0.0,0,0,0,0,0,0,0,0
TF,LG002,50.636894,5.207733,0, ,0.0,0.0,0.0,0.0,0,0,0,0,0,0,0,0
TF,LG003,50.679075,5.093267,0, ,0.0,0.0,0.0,0.0,2,6500,0,0,0,0,0,0
TF,BUB,50.902333,4.538083,0, ,0.0,0.0,0.0,0.0,0,0,0,0,0,0,0,0

SID,BUB7S,22R,5
CA,0,224.0,2,1100,0,0,0,0,0,0
DF,LG001,50.585194,5.360942,0, ,0.0,0.0,0,0,0,0,0,0,0,0
TF,LG002,50.636894,5.207733,0, ,0.0,0.0,0.0,0.0,0,0,0,0,0,0,0,0
TF,LG003,50.679075,5.093267,0, ,0.0,0.0,0.0,0.0,2,6500,0,0,0,0,0,0
TF,BUB,50.902333,4.538083,0, ,0.0,0.0,0.0,0.0,0,0,0,0,0,0,0,0

SID,CIV3R,04L,5
CA,0,44.0,2,1100,0,0,0,0,0,0
DF,LG011,50.691389,5.529861,0, ,0.0,0.0,0,0,0,0,0,0,0,0
TF,LG012,50.745694,5.616417,0, ,0.0,0.0,0.0,0.0,0,0,0,0,0,0,0,0
TF,LG013,50.778639,5.430639,1, ,0.0,0.0,0.0,0.0,2,6000,0,0,0,0,0,0
TF,LG008,50.819156,5.145711,0, ,0.0,0.0,0.0,0.0,0,0,0,0,0,0,0,0
TF,BUB,50.902333,4.538083,0, ,0.0,0.0,0.0,0.0,0,0,0,0,0,0,0,0
TF,CIV,50.573972,3.832872,0, ,0.0,0.0,0.0,0.0,0,0,0,0,0,0,0,0

SID,CIV3R,04R,5
CA,0,44.0,2,1100,0,0,0,0,0,0
DF,LG011,50.691389,5.529861,0, ,0.0,0.0,0,0,0,0,0,0,0,0
TF,LG012,50.745694,5.616417,0, ,0.0,0.0,0.0,0.0,0,0,0,0,0,0,0,0
TF,LG013,50.778639,5.430639,1, ,0.0,0.0,0.0,0.0,2,6000,0,0,0,0,0,0
TF,LG008,50.819156,5.145711,0, ,0.0,0.0,0.0,0.0,0,0,0,0,0,0,0,0
TF,BUB,50.902333,4.538083,0, ,0.0,0.0,0.0,0.0,0,0,0,0,0,0,0,0
TF,CIV,50.573972,3.832872,0, ,0.0,0.0,0.0,0.0,0,0,0,0,0,0,0,0

SID,CIV3S,22L,5
CA,0,224.0,2,1100,0,0,0,0,0,0
DF,LG001,50.585194,5.360942,0, ,0.0,0.0,0,0,0,0,0,0,0,0
TF,LG002,50.636894,5.207733,0, ,0.0,0.0,0.0,0.0,0,0,0,0,0,0,0,0
TF,LG003,50.679075,5.093267,0, ,0.0,0.0,0.0,0.0,2,6500,0,0,0,0,0,0
TF,BUB,50.902333,4.538083,0, ,0.0,0.0,0.0,0.0,0,0,0,0,0,0,0,0
TF,CIV,50.573972,3.832872,0, ,0.0,0.0,0.0,0.0,0,0,0,0,0,0,0,0

SID,CIV3S,22R,5
CA,0,224.0,2,1100,0,0,0,0,0,0
DF,LG001,50.585194,5.360942,0, ,0.0,0.0,0,0,0,0,0,0,0,0
TF,LG002,50.636894,5.207733,0, ,0.0,0.0,0.0,0.0,0,0,0,0,0,0,0,0
TF,LG003,50.679075,5.093267,0, ,0.0,0.0,0.0,0.0,2,6500,0,0,0,0,0,0
TF,BUB,50.902333,4.538083,0, ,0.0,0.0,0.0,0.0,0,0,0,0,0,0,0,0
TF,CIV,50.573972,3.832872,0, ,0.0,0.0,0.0,0.0,0,0,0,0,0,0,0,0

SID,LNO5E,22L,5
CA,0,224.0,2,1100,0,0,0,0,0,0
DF,LG001,50.585194,5.360942,0, ,0.0,0.0,0,0,0,0,0,0,0,0
TF,LG002,50.636894,5.207733,0, ,0.0,0.0,0.0,0.0,0,0,0,0,0,0,0,0
TF,LG003,50.679075,5.093267,0, ,0.0,0.0,0.0,0.0,2,6500,0,1,220,0,0,0
TF,LG006,50.772056,5.173306,0, ,0.0,0.0,0.0,0.0,0,0,0,1,220,0,0,0
TF,LNO,50.585833,5.710278,0, ,0.0,0.0,0.0,0.0,0,0,0,0,0,0,0,0

SID,LNO5E,22R,5
CA,0,224.0,2,1100,0,0,0,0,0,0
DF,LG001,50.585194,5.360942,0, ,0.0,0.0,0,0,0,0,0,0,0,0
TF,LG002,50.636894,5.207733,0, ,0.0,0.0,0.0,0.0,0,0,0,0,0,0,0,0
TF,LG003,50.679075,5.093267,0, ,0.0,0.0,0.0,0.0,2,6500,0,1,220,0,0,0
TF,LG006,50.772056,5.173306,0, ,0.0,0.0,0.0,0.0,0,0,0,1,220,0,0,0
TF,LNO,50.585833,5.710278,0, ,0.0,0.0,0.0,0.0,0,0,0,0,0,0,0,0

SID,LNO7S,22L,5
CA,0,224.0,2,1100,0,0,0,0,0,0
DF,LG001,50.585194,5.360942,0, ,0.0,0.0,0,0,0,0,0,0,0,0
TF,LG002,50.636894,5.207733,0, ,0.0,0.0,0.0,0.0,0,0,0,0,0,0,0,0
TF,LG003,50.679075,5.093267,0, ,0.0,0.0,0.0,0.0,2,6500,0,1,220,0,0,0
TF,LG004,50.604972,4.992278,0, ,0.0,0.0,0.0,0.0,0,0,0,1,220,0,0,0
TF,LG005,50.462089,5.255314,1, ,0.0,0.0,0.0,0.0,0,0,0,0,0,0,0,0
TF,LNO,50.585833,5.710278,0, ,0.0,0.0,0.0,0.0,0,0,0,0,0,0,0,0

SID,LNO7S,22R,5
CA,0,224.0,2,1100,0,0,0,0,0,0
DF,LG001,50.585194,5.360942,0, ,0.0,0.0,0,0,0,0,0,0,0,0
TF,LG002,50.636894,5.207733,0, ,0.0,0.0,0.0,0.0,0,0,0,0,0,0,0,0
TF,LG003,50.679075,5.093267,0, ,0.0,0.0,0.0,0.0,2,6500,0,1,220,0,0,0
TF,LG004,50.604972,4.992278,0, ,0.0,0.0,0.0,0.0,0,0,0,1,220,0,0,0
TF,LG005,50.462089,5.255314,1, ,0.0,0.0,0.0,0.0,0,0,0,0,0,0,0,0
TF,LNO,50.585833,5.710278,0, ,0.0,0.0,0.0,0.0,0,0,0,0,0,0,0,0

SID,LNO8R,04L,5
CA,0,44.0,2,1100,0,0,0,0,0,0
DF,LG011,50.691389,5.529861,0, ,0.0,0.0,0,0,0,0,0,0,0,0
TF,LG012,50.745694,5.616417,0, ,0.0,0.0,0.0,0.0,0,0,0,0,0,0,0,0
TF,LG013,50.778639,5.430639,1, ,0.0,0.0,0.0,0.0,2,6000,0,0,0,0,0,0
TF,LG008,50.819156,5.145711,0, ,0.0,0.0,0.0,0.0,0,0,0,1,220,0,0,0
TF,LG009,50.696289,5.162669,1, ,0.0,0.0,0.0,0.0,0,0,0,1,220,0,0,0
TF,LG010,50.541917,5.555147,0, ,0.0,0.0,0.0,0.0,0,0,0,0,0,0,0,0
TF,LNO,50.585833,5.710278,0, ,0.0,0.0,0.0,0.0,0,0,0,0,0,0,0,0

SID,LNO8R,04R,5
CA,0,44.0,2,1100,0,0,0,0,0,0
DF,LG011,50.691389,5.529861,0, ,0.0,0.0,0,0,0,0,0,0,0,0
TF,LG012,50.745694,5.616417,0, ,0.0,0.0,0.0,0.0,0,0,0,0,0,0,0,0
TF,LG013,50.778639,5.430639,1, ,0.0,0.0,0.0,0.0,2,6000,0,0,0,0,0,0
TF,LG008,50.819156,5.145711,0, ,0.0,0.0,0.0,0.0,0,0,0,1,220,0,0,0
TF,LG009,50.696289,5.162669,1, ,0.0,0.0,0.0,0.0,0,0,0,1,220,0,0,0
TF,LG010,50.541917,5.555147,0, ,0.0,0.0,0.0,0.0,0,0,0,0,0,0,0,0
TF,LNO,50.585833,5.710278,0, ,0.0,0.0,0.0,0.0,0,0,0,0,0,0,0,0

STAR,CIV4D,ALL,2
IF,CIV,50.573972,3.832872, ,0.0,0.0,0,0,0,0,0,0,0,0
TF,GSY,50.453917,4.441389,0, ,0.0,0.0,0.0,0.0,0,0,0,0,0,0,0,0
TF,RUDIX,50.417778,5.101944,0, ,0.0,0.0,0.0,0.0,0,0,0,0,0,0,0,0
TF,LGE,50.653972,5.470417,0, ,0.0,0.0,0.0,0.0,0,0,0,0,0,0,0,0

STAR,CIV4X,ALL,2
IF,CIV,50.573972,3.832872, ,0.0,0.0,0,0,0,0,0,0,0,0
TF,GILOM,50.752028,4.774111,0, ,0.0,0.0,0.0,0.0,0,0,0,0,0,0,0,0
TF,LGE,50.653972,5.470417,0, ,0.0,0.0,0.0,0.0,0,0,0,0,0,0,0,0

STAR,GESL3D,ALL,2
IF,GESLO,50.079167,6.005000, ,0.0,0.0,0,0,0,0,0,0,0,0
TF,RITAX,50.077778,5.806944,0, ,0.0,0.0,0.0,0.0,0,0,0,0,0,0,0,0
TF,GIREL,50.253889,5.541389,0, ,0.0,0.0,0.0,0.0,0,0,0,0,0,0,0,0
TF,RUDIX,50.417778,5.101944,0, ,0.0,0.0,0.0,0.0,0,0,0,0,0,0,0,0
TF,LGE,50.653972,5.470417,0, ,0.0,0.0,0.0,0.0,0,0,0,0,0,0,0,0

STAR,GESL3X,ALL,2
IF,GESLO,50.079167,6.005000, ,0.0,0.0,0,0,0,0,0,0,0,0
TF,LNO,50.585833,5.710278,0, ,0.0,0.0,0.0,0.0,0,0,0,0,0,0,0,0
TF,LGE,50.653972,5.470417,0, ,0.0,0.0,0.0,0.0,0,0,0,0,0,0,0,0

STAR,KOK4D,ALL,2
IF,KOK,51.094722,2.651667, ,0.0,0.0,0,0,0,0,0,0,0,0
TF,GSY,50.453917,4.441389,0, ,0.0,0.0,0.0,0.0,0,0,0,0,0,0,0,0
TF,RUDIX,50.417778,5.101944,0, ,0.0,0.0,0.0,0.0,0,0,0,0,0,0,0,0
TF,LGE,50.653972,5.470417,0, ,0.0,0.0,0.0,0.0,0,0,0,0,0,0,0,0

STAR,KOK4X,ALL,2
IF,KOK,51.094722,2.651667, ,0.0,0.0,0,0,0,0,0,0,0,0
TF,MAK,50.964444,3.496389,0, ,0.0,0.0,0.0,0.0,0,0,0,0,0,0,0,0
TF,LGE,50.653972,5.470417,0, ,0.0,0.0,0.0,0.0,0,0,0,0,0,0,0,0

STAR,LNO3D,ALL,2
IF,LNO,50.585833,5.710278, ,0.0,0.0,0,0,0,0,0,0,0,0
TF,GIREL,50.253889,5.541389,0, ,0.0,0.0,0.0,0.0,0,0,0,0,0,0,0,0
TF,RUDIX,50.417778,5.101944,0, ,0.0,0.0,0.0,0.0,0,0,0,0,0,0,0,0
TF,LGE,50.653972,5.470417,0, ,0.0,0.0,0.0,0.0,0,0,0,0,0,0,0,0

STAR,LNO3X,ALL,2
IF,LNO,50.585833,5.710278, ,0.0,0.0,0,0,0,0,0,0,0,0
TF,LGE,50.653972,5.470417,0, ,0.0,0.0,0.0,0.0,0,0,0,0,0,0,0,0

STAR,NIK4D,ALL,2
IF,NIK,51.165000,4.183889, ,0.0,0.0,0,0,0,0,0,0,0,0
TF,GSY,50.453917,4.441389,0, ,0.0,0.0,0.0,0.0,0,0,0,0,0,0,0,0
TF,RUDIX,50.417778,5.101944,0, ,0.0,0.0,0.0,0.0,0,0,0,0,0,0,0,0
TF,LGE,50.653972,5.470417,0, ,0.0,0.0,0.0,0.0,0,0,0,0,0,0,0,0

STAR,NIK4X,ALL,2
IF,NIK,51.165000,4.183889, ,0.0,0.0,0,0,0,0,0,0,0,0
TF,GILOM,50.752028,4.774111,0, ,0.0,0.0,0.0,0.0,0,0,0,0,0,0,0,0
TF,LGE,50.653972,5.470417,0, ,0.0,0.0,0.0,0.0,0,0,0,0,0,0,0,0

APPTR,D04R,04R,LGE1
FD,LGE,50.653972,5.470417,0,LGE,0.0,12.4,213.0,12.4,2,3000,0,1,185,0,1,0
CF,CF04R,50.508839,5.241208,2,LGE,224.3,12.4,44.0,1.0,2,3000,0,0,0,0,1,0

APPTR,D04R,04R,LGE2
IF,LGE,50.653972,5.470417,LGE,0.0,0.0,2,3000,0,0,0,0,1,0
FC,LGE,50.653972,5.470417,0,LGE,0.0,0.0,76.0,3.1,0,0,0,1,185,0,0,1
CF,LGE,50.653972,5.470417,1,LGE,0.0,0.0,214.0,4.0,0,0,0,0,0,0,0,0
FD,LGE,50.653972,5.470417,0,LGE,0.0,12.4,213.0,12.4,2,3000,0,1,185,0,0,0
CF,CF04R,50.508839,5.241208,2,LGE,224.3,12.4,44.0,1.0,2,3000,0,0,0,0,1,0

FINAL,D04R,04R,D,4
IF,CF04R,50.508839,5.241208,LGE,224.3,12.4,2,3000,0,0,0,0,0,0
CF,FF04R,50.543889,5.296667,0,LGE,224.2,9.4,44.0,3.0,1,3000,0,0,0,0,2,0
CF,62VOR,50.580925,5.355781,0,LGE,224.0,6.2,44.0,3.2,2,1150,0,0,0,0,0,0
CF,MD04R,50.613928,5.407508,0,LGE,224.0,3.4,44.0,2.8,1,1105,0,0,0,0,3,0
CF,LGE,50.653972,5.470417,0,LGE,0.0,0.0,44.0,3.4,0,0,0,0,0,0,0,0
FD,LGE,50.653972,5.470417,0,LGE,0.0,5.5,44.0,5.5,0,0,0,1,215,0,0,0
DF,LGE,50.653972,5.470417,1, ,0.0,0.0,1,3000,0,0,0,0,0,0

APPTR,D22L,22L,LGE1
IF,LGE,50.653972,5.470417, ,0.0,0.0,2,3000,0,0,0,0,1,0
FD,LGE,50.653972,5.470417,0,LGE,0.0,8.5,27.0,8.5,2,2500,0,1,185,0,0,0
CF,CF22L,50.753247,5.628619,2,LGE,44.3,8.5,224.0,1.0,2,2500,0,0,0,0,1,0

APPTR,D22L,22L,LGE2
IF,LGE,50.653972,5.470417, ,0.0,0.0,2,3000,0,0,0,0,1,0
FD,LGE,50.653972,5.470417,0,LGE,0.0,8.5,33.0,8.5,2,2500,0,1,140,0,0,0
CF,CF22L,50.753247,5.628619,2,LGE,44.3,8.5,224.0,1.0,2,2500,0,0,0,0,1,0

FINAL,D22L,22L,D,3
IF,CF22L,50.753247,5.628619,LGE,44.3,8.5,2,2500,0,0,0,0,0,0
CF,FD22L,50.715917,5.568833,0,LGE,44.2,5.3,224.0,3.2,1,2500,0,0,0,0,2,0
CF,LGE,50.653972,5.470417,0,LGE,0.0,0.0,224.0,5.3,1,822,0,0,0,0,3,0
CF,D224G,50.571486,5.340881,0,LGE,224.0,7.0,224.0,7.0,0,0,0,1,215,0,0,1
DF,LGE,50.653972,5.470417,2, ,0.0,0.0,1,3000,0,0,0,0,0,0

APPTR,I04R,04R,LGE1
FD,LGE,50.653972,5.470417,0,LGE,0.0,12.4,213.0,12.4,2,3000,0,1,185,0,1,0
CF,CF04R,50.508839,5.241208,2,IHH,224.2,12.2,44.0,1.0,2,3000,0,0,0,0,1,0

APPTR,I04R,04R,LGE2
IF,LGE,50.653972,5.470417,LGE,0.0,0.0,2,3000,0,0,0,0,1,0
FC,LGE,50.653972,5.470417,0,LGE,0.0,0.0,76.0,3.1,0,0,0,1,185,0,0,1
CF,LGE,50.653972,5.470417,1,LGE,0.0,0.0,213.0,4.0,0,0,0,0,0,0,0,0
FD,LGE,50.653972,5.470417,0,LGE,0.0,12.4,213.0,12.4,2,3000,0,1,185,0,0,0
CF,CF04R,50.508839,5.241208,2,IHH,224.2,12.2,44.0,1.0,2,3000,0,0,0,0,1,0

FINAL,I04R,04R,I,3
IF,CF04R,50.508839,5.241208,IHH,224.2,12.2,2,3000,0,0,0,0,0,0
CF,FF04R,50.543889,5.296667,0,IHH,224.2,9.2,44.0,3.0,1,3000,0,0,0,0,2,0
CF,RW04R,50.628639,5.430228,0,IHH,224.2,2.0,44.0,7.2,1,710,0,0,0,0,3,0
CF,LGE,50.653972,5.470417,0,LGE,0.0,0.0,44.0,2.2,0,0,0,0,0,0,0,0
FD,LGE,50.653972,5.470417,0,LGE,0.0,5.5,44.0,5.5,0,0,0,1,215,0,0,0
DF,LGE,50.653972,5.470417,1, ,0.0,0.0,1,3000,0,0,0,0,0,0

APPTR,I22L,22L,LGE1
IF,LGE,50.653972,5.470417, ,0.0,0.0,2,3000,0,0,0,0,1,0
FD,LGE,50.653972,5.470417,0,LGE,0.0,8.5,27.0,8.5,2,2500,0,0,0,0,0,0
CF,CF22L,50.753247,5.628619,2,ILG,44.2,10.9,224.0,1.0,2,2500,0,1,185,0,1,0

APPTR,I22L,22L,LGE2
IF,LGE,50.653972,5.470417, ,0.0,0.0,2,3000,0,0,0,0,1,0
FD,LGE,50.653972,5.470417,0,LGE,0.0,8.5,33.0,8.5,2,2500,0,0,0,0,0,0
CF,CF22L,50.753247,5.628619,2,ILG,44.2,10.9,224.0,1.0,2,2500,0,1,140,0,1,0

FINAL,I22L,22L,I,3
IF,CF22L,50.753247,5.628619,ILG,44.2,10.9,2,2500,0,0,0,0,0,0
CF,FF22L,50.715833,5.568889,0,ILG,44.2,7.7,224.0,3.2,1,2500,0,0,0,0,2,0
CF,RW22L,50.647953,5.460856,0,ILG,44.2,1.9,224.0,5.8,1,659,0,0,0,0,3,0
CF,D224G,50.571486,5.340881,0,LGE,224.0,7.0,224.0,6.5,0,0,0,1,215,0,0,1
DF,LGE,50.653972,5.470417,2, ,0.0,0.0,1,3000,0,0,0,0,0,0

APPTR,I22R,22R,LGE1
IF,LGE,50.653972,5.470417, ,0.0,0.0,2,3000,0,0,0,0,1,0
FD,LGE,50.653972,5.470417,0,LGE,0.0,8.5,28.0,8.5,2,2500,0,0,0,0,0,0
CF,CF22R,50.754933,5.626722,2,IBI,44.2,10.8,224.0,1.0,2,2500,0,1,185,0,1,0

APPTR,I22R,22R,LGE2
IF,LGE,50.653972,5.470417, ,0.0,0.0,2,3000,0,0,0,0,1,0
FD,LGE,50.653972,5.470417,0,LGE,0.0,8.5,33.0,8.5,2,2500,0,0,0,0,0,0
CF,CF22R,50.754933,5.626722,2,IBI,44.2,10.8,224.0,1.0,2,2500,0,1,140,0,1,0

FINAL,I22R,22R,I,3
IF,CF22R,50.754933,5.626722,IBI,44.2,10.8,2,2500,0,0,0,0,0,0
CF,FF22R,50.714444,5.560833,0,IBI,43.9,7.3,224.0,3.5,1,2500,0,0,0,0,2,0
CF,RW22R,50.646086,5.453619,0,IBI,44.2,1.5,224.0,5.8,1,639,0,0,0,0,3,0
FD,RW22R,50.646086,5.453619,0,LGE,232.6,7.0,224.0,7.0,0,0,0,1,185,0,0,0
DF,LGE,50.653972,5.470417,2, ,0.0,0.0,1,3000,0,0,0,0,0,0

APPTR,R04L,04L,LGE1
IF,LGE,50.653972,5.470417, ,0.0,0.0,2,3000,0,0,0,0,1,0
TF,NEPIV,50.468139,5.392917,0, ,0.0,0.0,0.0,0.0,2,3000,0,0,0,0,0,0
TF,EVSEN,50.414083,5.308806,0, ,0.0,0.0,0.0,0.0,2,3000,0,0,0,0,0,0
TF,MAPUP,50.484639,5.198889,0, ,0.0,0.0,0.0,0.0,2,3000,0,0,0,0,1,0

APPTR,R04L,04L,LGE2
IF,LGE,50.653972,5.470417, ,0.0,0.0,2,3000,0,0,0,0,1,0
TF,LITPO,50.601389,5.166139,0, ,0.0,0.0,0.0,0.0,2,3000,0,0,0,0,0,0
TF,OSTAT,50.553250,5.091472,0, ,0.0,0.0,0.0,0.0,2,3000,0,0,0,0,0,0
TF,MAPUP,50.484639,5.198889,0, ,0.0,0.0,0.0,0.0,2,3000,0,0,0,0,1,0

FINAL,R04L,04L,R,3
IF,MAPUP,50.484639,5.198889, ,0.0,0.0,2,3000,0,0,0,0,0,0
TF,L04LF,50.544194,5.292528,0, ,0.0,0.0,44.0,5.1,1,3000,0,0,0,0,2,0
TF,RW04L,50.631275,5.430139,0, ,0.0,0.0,44.0,7.4,1,687,0,0,0,0,3,1
TF,L04LT,50.719778,5.570750,0, ,0.0,0.0,0.0,0.0,0,0,0,1,185,0,0,1
DF,LGE,50.653972,5.470417,1, ,0.0,0.0,2,3000,0,0,0,0,0,0

APPTR,R04R,04R,LGE1
IF,LGE,50.653972,5.470417, ,0.0,0.0,2,3000,0,0,0,0,1,0
TF,NEPIV,50.468139,5.392917,0, ,0.0,0.0,0.0,0.0,2,3000,0,0,0,0,0,0
TF,EVSEN,50.414083,5.308806,0, ,0.0,0.0,0.0,0.0,2,3000,0,0,0,0,0,0
TF,TUTSO,50.483278,5.201000,0, ,0.0,0.0,0.0,0.0,2,3000,0,0,0,0,1,0

APPTR,R04R,04R,LGE2
IF,LGE,50.653972,5.470417, ,0.0,0.0,2,3000,0,0,0,0,1,0
TF,LITPO,50.601389,5.166139,0, ,0.0,0.0,0.0,0.0,2,3000,0,0,0,0,0,0
TF,OSTAT,50.553250,5.091472,0, ,0.0,0.0,0.0,0.0,2,3000,0,0,0,0,0,0
TF,TUTSO,50.483278,5.201000,0, ,0.0,0.0,0.0,0.0,2,3000,0,0,0,0,1,0

FINAL,R04R,04R,R,3
IF,TUTSO,50.483278,5.201000, ,0.0,0.0,2,3000,0,0,0,0,0,0
TF,L04RF,50.542083,5.293472,0, ,0.0,0.0,44.0,5.0,1,3000,0,0,0,0,2,0
TF,RW04R,50.628639,5.430228,0, ,0.0,0.0,44.0,7.4,1,710,0,0,0,0,3,1
TF,L04RT,50.718417,5.572889,0, ,0.0,0.0,0.0,0.0,0,0,0,1,185,0,0,1
DF,LGE,50.653972,5.470417,1, ,0.0,0.0,2,3000,0,0,0,0,0,0

APPTR,R22L,22L,LGE1
IF,LGE,50.653972,5.470417, ,0.0,0.0,2,3000,0,0,0,0,1,0
TF,IPLAN,50.782636,5.416994,0, ,0.0,0.0,0.0,0.0,0,0,0,0,0,0,0,0
TF,RERTI,50.843450,5.513853,0, ,0.0,0.0,0.0,0.0,0,0,0,0,0,0,0,0
TF,LIBVA,50.761533,5.641544,0, ,0.0,0.0,0.0,0.0,2,2500,0,1,200,0,1,0

APPTR,R22L,22L,LGE2
IF,LGE,50.653972,5.470417, ,0.0,0.0,2,3000,0,0,0,0,1,0
TF,OLPUN,50.654908,5.659183,0, ,0.0,0.0,0.0,0.0,0,0,0,0,0,0,0,0
TF,GIKLI,50.701994,5.733942,0, ,0.0,0.0,0.0,0.0,0,0,0,0,0,0,0,0
TF,LIBVA,50.761533,5.641544,0, ,0.0,0.0,0.0,0.0,2,2500,0,1,200,0,1,0

FINAL,R22L,22L,R,3
IF,LIBVA,50.761533,5.641544, ,0.0,0.0,2,2500,0,0,0,0,0,0
TF,L22LF,50.717800,5.571822,0, ,0.0,0.0,224.0,3.7,1,2500,0,0,0,0,2,0
TF,RW22L,50.647953,5.460856,0, ,0.0,0.0,224.0,6.0,1,657,0,0,0,0,3,1
TF,L22LT,50.571936,5.340556,0, ,0.0,0.0,0.0,0.0,0,0,0,1,185,0,0,1
DF,LGE,50.653972,5.470417,2, ,0.0,0.0,1,3000,0,0,0,0,0,0
HM,LGE,50.653972,5.470417,1, ,0.0,0.0,44.0,04.3,2,3000,0,0,0,0,0,0,0

APPTR,R22R,22R,LGE1
IF,LGE,50.653972,5.470417, ,0.0,0.0,2,3000,0,0,0,0,1,0
TF,IPLAN,50.782636,5.416994,0, ,0.0,0.0,0.0,0.0,0,0,0,0,0,0,0,0
TF,RERTI,50.843450,5.513853,0, ,0.0,0.0,0.0,0.0,0,0,0,0,0,0,0,0
TF,LAVTO,50.762944,5.639350,0, ,0.0,0.0,0.0,0.0,2,2500,0,1,200,0,1,0

APPTR,R22R,22R,LGE2
IF,LGE,50.653972,5.470417, ,0.0,0.0,2,3000,0,0,0,0,1,0
TF,OLPUN,50.654908,5.659183,0, ,0.0,0.0,0.0,0.0,0,0,0,0,0,0,0,0
TF,GIKLI,50.701994,5.733942,0, ,0.0,0.0,0.0,0.0,0,0,0,0,0,0,0,0
TF,LAVTO,50.762944,5.639350,0, ,0.0,0.0,0.0,0.0,2,2500,0,1,200,0,1,0

FINAL,R22R,22R,R,3
IF,LAVTO,50.762944,5.639350, ,0.0,0.0,2,2500,0,0,0,0,0,0
TF,L22RF,50.716544,5.565436,0, ,0.0,0.0,224.0,4.0,1,2500,0,0,0,0,2,0
TF,RW22R,50.646086,5.453619,0, ,0.0,0.0,224.0,6.0,1,639,0,0,0,0,3,1
TF,L22RT,50.573189,5.338458,0, ,0.0,0.0,0.0,0.0,0,0,0,1,185,0,0,1
DF,LGE,50.653972,5.470417,2, ,0.0,0.0,1,3000,0,0,0,0,0,0
HM,LGE,50.653972,5.470417,1, ,0.0,0.0,44.0,04.3,2,3000,0,0,0,0,0,0,0

