SID,ALG2E,08R,5
CA,0,80.0,2,1900,0,0,0,0,0,0
DF,DM081,48.356147,11.954686,0, ,0.0,0.0,0,0,0,0,0,0,0,0
TF,ALONU,48.293889,12.027778,0, ,0.0,0.0,0.0,0.0,0,0,0,1,230,0,0,0
TF,LAKOL,48.071133,12.014789,0, ,0.0,0.0,0.0,0.0,0,0,0,0,0,0,0,0
TF,OBAXA,48.012222,11.665556,0, ,0.0,0.0,0.0,0.0,0,0,0,0,0,0,0,0
TF,MERSI,47.982208,11.042586,0, ,0.0,0.0,0.0,0.0,0,0,0,1,250,0,0,0
TF,ALG,47.997381,10.262189,0, ,0.0,0.0,0.0,0.0,0,0,0,0,0,0,0,0

SID,ALG2N,26R,5
CA,0,260.0,2,1900,0,0,0,0,0,0
DF,MNE,48.355403,11.675978,0, ,0.0,0.0,0,0,0,1,220,0,0,0
TF,DM061,48.327847,11.303725,0, ,0.0,0.0,0.0,0.0,2,7000,0,1,250,0,0,0
TF,AMEXO,48.101667,10.803333,0, ,0.0,0.0,0.0,0.0,0,0,0,0,0,0,0,0
TF,ALG,47.997381,10.262189,0, ,0.0,0.0,0.0,0.0,0,0,0,0,0,0,0,0

SID,ALG2Q,08L,5
CA,0,80.0,2,1900,0,0,0,0,0,0
DF,DM071,48.379842,11.992742,0, ,0.0,0.0,0,0,0,0,0,0,0,0
TF,DM094,48.344233,12.030731,0, ,0.0,0.0,0.0,0.0,0,0,0,1,230,0,0,0
TF,LAKOL,48.071133,12.014789,0, ,0.0,0.0,0.0,0.0,0,0,0,0,0,0,0,0
TF,OBAXA,48.012222,11.665556,0, ,0.0,0.0,0.0,0.0,0,0,0,0,0,0,0,0
TF,MERSI,47.982208,11.042586,0, ,0.0,0.0,0.0,0.0,0,0,0,1,250,0,0,0
TF,ALG,47.997381,10.262189,0, ,0.0,0.0,0.0,0.0,0,0,0,0,0,0,0,0

SID,ALG2S,26L,5
CA,0,260.0,2,1900,0,0,0,0,0,0
DF,MSE,48.333408,11.652883,0, ,0.0,0.0,0,0,0,1,220,0,0,0
TF,DM053,48.306453,11.289600,0, ,0.0,0.0,0.0,0.0,2,7000,0,1,250,0,0,0
TF,AMEXO,48.101667,10.803333,0, ,0.0,0.0,0.0,0.0,0,0,0,0,0,0,0,0
TF,ALG,47.997381,10.262189,0, ,0.0,0.0,0.0,0.0,0,0,0,0,0,0,0,0

SID,ANKE7S,26L,5
CA,0,260.0,2,1900,0,0,0,0,0,0
CF,DM051,48.333600,11.652767,0,MUN,321.6,11.3,261.0,3.0,0,0,0,1,220,0,0,0
TF,DM056,48.491850,11.615867,0, ,0.0,0.0,0.0,0.0,0,0,0,1,250,0,0,0
TF,DM057,48.538664,11.986067,0, ,0.0,0.0,0.0,0.0,0,0,0,0,0,0,0,0
TF,ANKER,48.572625,12.002328,0, ,0.0,0.0,0.0,0.0,0,0,0,0,0,0,0,0

SID,ANKE8Q,08L,5
CF,DM070,48.368622,11.843867,0,MUN,2.6,11.4,80.0,0.9,0,0,0,0,0,0,0,1
CA,0,80.0,2,1900,0,0,0,0,0,0
CF,DM077,48.422942,11.919986,0,MUN,12.9,15.2,33.0,4.0,0,0,0,0,0,0,0,0
TF,DM079,48.457333,11.997553,0, ,0.0,0.0,0.0,0.0,0,0,0,0,0,0,0,0
TF,ANKER,48.572625,12.002328,0, ,0.0,0.0,0.0,0.0,0,0,0,1,250,0,0,0

SID,ANKE9E,08R,5
CA,0,80.0,2,1900,0,0,0,0,0,0
CF,DM083,48.359292,11.996778,0,MUN,30.9,13.0,80.0,7.7,0,0,0,1,230,0,0,0
TF,ANKER,48.572625,12.002328,0, ,0.0,0.0,0.0,0.0,0,0,0,1,250,0,0,0

SID,ANKE9N,26R,5
CA,0,260.0,2,1900,0,0,0,0,0,0
CF,DM066,48.354914,11.660864,0,MUN,326.4,12.2,261.0,4.3,0,0,0,1,220,0,0,0
TF,DM064,48.492408,11.620422,0, ,0.0,0.0,0.0,0.0,0,0,0,1,250,0,0,0
TF,DM057,48.538664,11.986067,0, ,0.0,0.0,0.0,0.0,0,0,0,0,0,0,0,0
TF,ANKER,48.572625,12.002328,0, ,0.0,0.0,0.0,0.0,0,0,0,0,0,0,0,0

SID,BIBA2E,08R,5
CA,0,80.0,2,1900,0,0,0,0,0,0
DF,DM080,48.354431,11.931797,0, ,0.0,0.0,0,0,0,1,230,0,0,0
TF,RATGI,48.234694,12.337419,0, ,0.0,0.0,0.0,0.0,0,0,0,1,250,0,0,0
TF,BIBAG,48.397050,12.749781,0, ,0.0,0.0,0.0,0.0,0,0,0,0,0,0,0,0

SID,BIBA2N,26R,5
DF,DM067,48.358317,11.710019,0, ,0.0,0.0,2,1900,0,1,210,0,0,0
TF,DM050,48.287569,11.708006,0, ,0.0,0.0,0.0,0.0,0,0,0,0,0,0,0,0
TF,MUN,48.180325,11.816017,0, ,0.0,0.0,0.0,0.0,0,0,0,1,250,0,0,0
TF,MEBEK,48.231908,12.565506,0, ,0.0,0.0,0.0,0.0,0,0,0,1,250,0,0,0
TF,BIBAG,48.397050,12.749781,0, ,0.0,0.0,0.0,0.0,0,0,0,0,0,0,0,0

SID,BIBA2Q,08L,5
CA,0,80.0,2,1900,0,0,0,0,0,0
DF,DM071,48.379842,11.992742,0, ,0.0,0.0,0,0,0,1,230,0,0,0
TF,RATGI,48.234694,12.337419,0, ,0.0,0.0,0.0,0.0,0,0,0,1,250,0,0,0
TF,BIBAG,48.397050,12.749781,0, ,0.0,0.0,0.0,0.0,0,0,0,0,0,0,0,0

SID,BIBA2S,26L,5
DF,DM049,48.337669,11.709431,0, ,0.0,0.0,2,1900,0,1,210,0,0,0
TF,DM050,48.287569,11.708006,0, ,0.0,0.0,0.0,0.0,0,0,0,1,210,0,0,0
TF,MUN,48.180325,11.816017,0, ,0.0,0.0,0.0,0.0,0,0,0,0,0,0,0,0
TF,MEBEK,48.231908,12.565506,0, ,0.0,0.0,0.0,0.0,0,0,0,1,250,0,0,0
TF,BIBAG,48.397050,12.749781,0, ,0.0,0.0,0.0,0.0,0,0,0,0,0,0,0,0

SID,BIBA2W,26L,5
CA,0,260.0,2,1900,0,0,0,0,0,0
DF,MSE,48.333408,11.652883,0, ,0.0,0.0,0,0,0,1,220,0,0,0
TF,DM058,48.316803,11.426458,0, ,0.0,0.0,0.0,0.0,0,0,0,0,0,0,0,1
DF,DM059,48.249664,11.413311,1, ,0.0,0.0,0,0,0,1,250,0,0,0
TF,MUN,48.180325,11.816017,0, ,0.0,0.0,0.0,0.0,0,0,0,0,0,0,0,0
TF,MEBEK,48.231908,12.565506,0, ,0.0,0.0,0.0,0.0,0,0,0,0,0,0,0,0
TF,BIBAG,48.397050,12.749781,0, ,0.0,0.0,0.0,0.0,0,0,0,0,0,0,0,0

SID,EVIV3E,08R,5
CF,DM084,48.347714,11.841939,0,MUN,2.9,10.1,80.0,1.5,0,0,0,0,0,0,0,1
CA,0,80.0,2,1900,0,0,0,0,0,0
CF,DM088,48.459167,11.879158,1,MUN,5.6,16.9,357.0,5.0,0,0,0,0,0,0,0,0
TF,DM089,48.583125,11.827850,0, ,0.0,0.0,0.0,0.0,0,0,0,1,250,0,0,0
TF,EVIVA,48.667431,11.702939,0, ,0.0,0.0,0.0,0.0,0,0,0,0,0,0,0,0

SID,EVIV3Q,08L,5
CF,DM070,48.368622,11.843867,0,MUN,2.6,11.4,80.0,0.9,0,0,0,0,0,0,0,1
CA,0,80.0,2,1900,0,0,0,0,0,0
CF,DM091,48.454606,11.881039,0,MUN,6.0,16.7,357.0,5.0,0,0,0,0,0,0,0,0
TF,DM089,48.583125,11.827850,0, ,0.0,0.0,0.0,0.0,0,0,0,1,250,0,0,0
TF,EVIVA,48.667431,11.702939,0, ,0.0,0.0,0.0,0.0,0,0,0,0,0,0,0,0

SID,EVIV3S,26L,5
CA,0,260.0,2,1900,0,0,0,0,0,0
CF,DM051,48.333600,11.652767,0,MUN,321.6,11.3,261.0,3.0,0,0,0,1,220,0,0,0
TF,DM056,48.491850,11.615867,0, ,0.0,0.0,0.0,0.0,0,0,0,0,0,0,0,0
TF,LASMI,48.541667,11.716667,0, ,0.0,0.0,0.0,0.0,0,0,0,1,250,0,0,0
TF,EVIVA,48.667431,11.702939,0, ,0.0,0.0,0.0,0.0,0,0,0,0,0,0,0,0

SID,EVIV4N,26R,5
CA,0,260.0,2,1900,0,0,0,0,0,0
CF,DM066,48.354914,11.660864,0,MUN,326.4,12.2,261.0,4.3,0,0,0,1,220,0,0,0
TF,DM064,48.492408,11.620422,0, ,0.0,0.0,0.0,0.0,0,0,0,0,0,0,0,0
TF,LASMI,48.541667,11.716667,0, ,0.0,0.0,0.0,0.0,0,0,0,1,250,0,0,0
TF,EVIVA,48.667431,11.702939,0, ,0.0,0.0,0.0,0.0,0,0,0,0,0,0,0,0

SID,GIVM1N,26R,5
CA,0,260.0,2,1900,0,0,0,0,0,0
DF,DM060,48.356431,11.681364,0, ,0.0,0.0,0,0,0,1,220,0,0,0
TF,DM063,48.457900,11.431669,0, ,0.0,0.0,0.0,0.0,0,0,0,1,250,0,0,0
TF,GIVMI,48.701094,11.364803,0, ,0.0,0.0,0.0,0.0,0,0,0,0,0,0,0,0

SID,GIVM5E,08R,5
DF,DM084,48.347714,11.841939,0, ,0.0,0.0,0,0,0,0,0,0,0,1
CA,0,80.0,2,1900,0,0,0,0,0,0
DF,DM085,48.394253,11.866242,1, ,0.0,0.0,0,0,0,0,0,0,0,0
TF,MIQ,48.570225,11.597503,0, ,0.0,0.0,0.0,0.0,0,0,0,1,250,0,0,0
TF,GIVMI,48.701094,11.364803,0, ,0.0,0.0,0.0,0.0,0,0,0,0,0,0,0,0

SID,GIVM5Q,08L,5
DF,DM070,48.368622,11.843867,0, ,0.0,0.0,0,0,0,0,0,0,0,1
CA,0,80.0,2,1900,0,0,0,0,0,0
DF,DM073,48.417508,11.866406,1, ,0.0,0.0,0,0,0,0,0,0,0,0
TF,MIQ,48.570225,11.597503,0, ,0.0,0.0,0.0,0.0,0,0,0,1,250,0,0,0
TF,GIVMI,48.701094,11.364803,0, ,0.0,0.0,0.0,0.0,0,0,0,0,0,0,0,0

SID,GIVM6S,26L,5
CA,0,260.0,2,1900,0,0,0,0,0,0
DF,DM052,48.331850,11.629333,0, ,0.0,0.0,0,0,0,1,220,0,0,0
TF,DM055,48.425981,11.440478,0, ,0.0,0.0,0.0,0.0,0,0,0,1,250,0,0,0
TF,GIVMI,48.701094,11.364803,0, ,0.0,0.0,0.0,0.0,0,0,0,0,0,0,0,0

SID,INPU2E,08R,5
CF,DM084,48.347714,11.841939,0,MUN,2.9,10.1,80.0,1.5,0,0,0,0,0,0,0,1
CA,0,80.0,2,1900,0,0,0,0,0,0
DF,DM076,48.396814,11.866089,1, ,0.0,0.0,0,0,0,0,0,0,0,0
TF,DM065,48.570225,11.597503,0, ,0.0,0.0,0.0,0.0,0,0,0,1,250,0,0,0
TF,INPUD,48.667103,11.541492,0, ,0.0,0.0,0.0,0.0,0,0,0,0,0,0,0,0

SID,INPU2N,26R,5
CA,0,260.0,2,1900,0,0,0,0,0,0
CF,DM066,48.354914,11.660864,0,MUN,326.4,12.2,261.0,4.3,0,0,0,1,220,0,0,0
TF,DM064,48.492408,11.620422,0, ,0.0,0.0,0.0,0.0,0,0,0,0,0,0,0,0
TF,DM065,48.570225,11.597503,0, ,0.0,0.0,0.0,0.0,0,0,0,1,250,0,0,0
TF,INPUD,48.667103,11.541492,0, ,0.0,0.0,0.0,0.0,0,0,0,0,0,0,0,0

SID,INPU2Q,08L,5
CF,DM070,48.368622,11.843867,0,MUN,2.6,11.4,80.0,0.9,0,0,0,0,0,0,0,1
CA,0,80.0,2,1900,0,0,0,0,0,0
DF,DM073,48.417508,11.866406,1, ,0.0,0.0,0,0,0,0,0,0,0,0
TF,DM065,48.570225,11.597503,0, ,0.0,0.0,0.0,0.0,0,0,0,1,250,0,0,0
TF,INPUD,48.667103,11.541492,0, ,0.0,0.0,0.0,0.0,0,0,0,0,0,0,0,0

SID,INPU2S,26L,5
CA,0,260.0,2,1900,0,0,0,0,0,0
CF,DM051,48.333600,11.652767,0,MUN,321.6,11.3,261.0,3.0,0,0,0,1,220,0,0,0
TF,DM056,48.491850,11.615867,0, ,0.0,0.0,0.0,0.0,0,0,0,0,0,0,0,0
TF,DM065,48.570225,11.597503,0, ,0.0,0.0,0.0,0.0,0,0,0,1,250,0,0,0
TF,INPUD,48.667103,11.541492,0, ,0.0,0.0,0.0,0.0,0,0,0,0,0,0,0,0

SID,KIRD2E,08R,5
CA,0,80.0,2,1900,0,0,0,0,0,0
DF,DM080,48.354431,11.931797,0, ,0.0,0.0,0,0,0,1,230,0,0,0
TF,RATGI,48.234694,12.337419,0, ,0.0,0.0,0.0,0.0,0,0,0,1,250,0,0,0
TF,MEBEK,48.231908,12.565506,0, ,0.0,0.0,0.0,0.0,0,0,0,0,0,0,0,0
TF,KIRDI,48.207678,12.821653,0, ,0.0,0.0,0.0,0.0,0,0,0,0,0,0,0,0

SID,KIRD2N,26R,5
DF,DM067,48.358317,11.710019,0, ,0.0,0.0,2,1900,0,1,210,0,0,0
TF,DM050,48.287569,11.708006,0, ,0.0,0.0,0.0,0.0,0,0,0,0,0,0,0,0
TF,MUN,48.180325,11.816017,0, ,0.0,0.0,0.0,0.0,0,0,0,0,0,0,0,0
TF,MEBEK,48.231908,12.565506,0, ,0.0,0.0,0.0,0.0,0,0,0,1,250,0,0,0
TF,KIRDI,48.207678,12.821653,0, ,0.0,0.0,0.0,0.0,0,0,0,0,0,0,0,0

SID,KIRD2Q,08L,5
CA,0,80.0,2,1900,0,0,0,0,0,0
DF,DM071,48.379842,11.992742,0, ,0.0,0.0,0,0,0,1,230,0,0,0
TF,RATGI,48.234694,12.337419,0, ,0.0,0.0,0.0,0.0,0,0,0,1,250,0,0,0
TF,MEBEK,48.231908,12.565506,0, ,0.0,0.0,0.0,0.0,0,0,0,0,0,0,0,0
TF,KIRDI,48.207678,12.821653,0, ,0.0,0.0,0.0,0.0,0,0,0,0,0,0,0,0

SID,KIRD2S,26L,5
DF,DM049,48.337669,11.709431,0, ,0.0,0.0,2,1900,0,1,210,0,0,0
TF,DM050,48.287569,11.708006,0, ,0.0,0.0,0.0,0.0,0,0,0,1,210,0,0,0
TF,MUN,48.180325,11.816017,0, ,0.0,0.0,0.0,0.0,0,0,0,0,0,0,0,0
TF,MEBEK,48.231908,12.565506,0, ,0.0,0.0,0.0,0.0,0,0,0,1,250,0,0,0
TF,KIRDI,48.207678,12.821653,0, ,0.0,0.0,0.0,0.0,0,0,0,0,0,0,0,0

SID,KIRD2W,26L,5
CA,0,260.0,2,1900,0,0,0,0,0,0
DF,MSE,48.333408,11.652883,0, ,0.0,0.0,0,0,0,1,220,0,0,0
TF,DM058,48.316803,11.426458,0, ,0.0,0.0,0.0,0.0,0,0,0,0,0,0,0,1
TF,DM059,48.249664,11.413311,0, ,0.0,0.0,0.0,0.0,0,0,0,1,250,0,0,0
TF,MUN,48.180325,11.816017,0, ,0.0,0.0,0.0,0.0,0,0,0,0,0,0,0,0
TF,MEBEK,48.231908,12.565506,0, ,0.0,0.0,0.0,0.0,0,0,0,0,0,0,0,0
TF,KIRDI,48.207678,12.821653,0, ,0.0,0.0,0.0,0.0,0,0,0,0,0,0,0,0

SID,MERS1P,08R,5
CA,0,80.0,2,1900,0,0,0,0,0,0
DF,DM081,48.356147,11.954686,0, ,0.0,0.0,0,0,0,0,0,0,0,0
TF,DM082,48.309981,11.991433,0, ,0.0,0.0,0.0,0.0,0,0,0,1,230,0,0,0
TF,DM086,48.279131,11.949361,0, ,0.0,0.0,0.0,0.0,2,7000,0,0,0,0,0,0
TF,MUN,48.180325,11.816017,0, ,0.0,0.0,0.0,0.0,0,0,0,0,0,0,0,0
TF,OBAXA,48.012222,11.665556,0, ,0.0,0.0,0.0,0.0,0,0,0,0,0,0,0,0
TF,MERSI,47.982208,11.042586,0, ,0.0,0.0,0.0,0.0,0,0,0,1,250,0,0,0

SID,MERS1T,08L,5
CA,0,80.0,2,1900,0,0,0,0,0,0
DF,DM071,48.379842,11.992742,0, ,0.0,0.0,0,0,0,0,0,0,0,0
TF,DM074,48.341431,12.033717,0, ,0.0,0.0,0.0,0.0,0,0,0,1,230,0,0,0
TF,DM078,48.279153,11.949325,0, ,0.0,0.0,0.0,0.0,2,7000,0,0,0,0,0,0
TF,MUN,48.180325,11.816017,0, ,0.0,0.0,0.0,0.0,0,0,0,0,0,0,0,0
TF,OBAXA,48.012222,11.665556,0, ,0.0,0.0,0.0,0.0,0,0,0,0,0,0,0,0
TF,MERSI,47.982208,11.042586,0, ,0.0,0.0,0.0,0.0,0,0,0,1,250,0,0,0

SID,MERS4E,08R,5
CA,0,80.0,2,1900,0,0,0,0,0,0
DF,DM081,48.356147,11.954686,0, ,0.0,0.0,0,0,0,0,0,0,0,0
TF,ALONU,48.293889,12.027778,0, ,0.0,0.0,0.0,0.0,0,0,0,1,230,0,0,0
TF,LAKOL,48.071133,12.014789,0, ,0.0,0.0,0.0,0.0,0,0,0,0,0,0,0,0
TF,OBAXA,48.012222,11.665556,0, ,0.0,0.0,0.0,0.0,0,0,0,0,0,0,0,0
TF,MERSI,47.982208,11.042586,0, ,0.0,0.0,0.0,0.0,0,0,0,1,250,0,0,0

SID,MERS4Q,08L,5
CA,0,80.0,2,1900,0,0,0,0,0,0
DF,DM071,48.379842,11.992742,0, ,0.0,0.0,0,0,0,0,0,0,0,0
TF,DM094,48.344233,12.030731,0, ,0.0,0.0,0.0,0.0,0,0,0,1,230,0,0,0
TF,LAKOL,48.071133,12.014789,0, ,0.0,0.0,0.0,0.0,0,0,0,0,0,0,0,0
TF,OBAXA,48.012222,11.665556,0, ,0.0,0.0,0.0,0.0,0,0,0,0,0,0,0,0
TF,MERSI,47.982208,11.042586,0, ,0.0,0.0,0.0,0.0,0,0,0,1,250,0,0,0

SID,MERS5N,26R,5
CA,0,260.0,2,1900,0,0,0,0,0,0
DF,MNE,48.355403,11.675978,0, ,0.0,0.0,0,0,0,1,220,0,0,0
TF,DM061,48.327847,11.303725,0, ,0.0,0.0,0.0,0.0,2,7000,0,1,250,0,0,0
TF,AMPEG,48.132222,11.178056,0, ,0.0,0.0,0.0,0.0,0,0,0,0,0,0,0,0
TF,MERSI,47.982208,11.042586,0, ,0.0,0.0,0.0,0.0,0,0,0,0,0,0,0,0

SID,MERS5S,26L,5
CA,0,260.0,2,1900,0,0,0,0,0,0
DF,MSE,48.333408,11.652883,0, ,0.0,0.0,0,0,0,1,220,0,0,0
TF,DM053,48.306453,11.289600,0, ,0.0,0.0,0.0,0.0,2,7000,0,1,250,0,0,0
TF,AMPEG,48.132222,11.178056,0, ,0.0,0.0,0.0,0.0,0,0,0,0,0,0,0,0
TF,MERSI,47.982208,11.042586,0, ,0.0,0.0,0.0,0.0,0,0,0,0,0,0,0,0

SID,MIQ8E,08R,2
CD, ,0,0,0,DMS,0,0.0,80.0,2.6,0,0,0,0,0,0,0,0
CA,0,80.0,2,1900,0,0,0,0,0,0
DF,MIQ,48.570225,11.597503,1, ,0.0,0.0,0,0,0,1,250,0,0,0

SID,MIQ8Q,08L,2
CD, ,0,0,0,DMN,0,0.0,80.0,2.0,0,0,0,0,0,0,0,0
CA,0,80.0,2,1900,0,0,0,0,0,0
DF,MIQ,48.570225,11.597503,1, ,0.0,0.0,0,0,0,1,250,0,0,0

SID,MIQ8S,26L,2
CD, ,0,0,0,DMS,0,0.0,260.0,3.1,0,0,0,1,220,0,0,0
CF,MIQ,48.570225,11.597503,0,MUN,336.6,25.0,348.0,14.0,0,0,0,1,250,0,0,0

SID,MIQ9N,26R,2
CD, ,0,0,0,DMN,0,0.0,260.0,3.5,0,0,0,1,220,0,0,0
CF,MIQ,48.570225,11.597503,0,MUN,337.6,25.0,346.0,13.0,0,0,0,1,250,0,0,0

SID,OBAX1P,08R,5
CA,0,80.0,2,1900,0,0,0,0,0,0
DF,DM081,48.356147,11.954686,0, ,0.0,0.0,0,0,0,0,0,0,0,0
TF,DM082,48.309981,11.991433,0, ,0.0,0.0,0.0,0.0,0,0,0,1,230,0,0,0
TF,DM086,48.279131,11.949361,0, ,0.0,0.0,0.0,0.0,2,7000,0,0,0,0,0,0
TF,MUN,48.180325,11.816017,0, ,0.0,0.0,0.0,0.0,0,0,0,0,0,0,0,0
TF,OBAXA,48.012222,11.665556,0, ,0.0,0.0,0.0,0.0,0,0,0,1,250,0,0,0

SID,OBAX1T,08L,5
CA,0,80.0,2,1900,0,0,0,0,0,0
DF,DM071,48.379842,11.992742,0, ,0.0,0.0,0,0,0,0,0,0,0,0
TF,DM074,48.341431,12.033717,0, ,0.0,0.0,0.0,0.0,0,0,0,1,230,0,0,0
TF,DM078,48.279153,11.949325,0, ,0.0,0.0,0.0,0.0,2,7000,0,0,0,0,0,0
TF,MUN,48.180325,11.816017,0, ,0.0,0.0,0.0,0.0,0,0,0,0,0,0,0,0
TF,OBAXA,48.012222,11.665556,0, ,0.0,0.0,0.0,0.0,0,0,0,1,250,0,0,0

SID,OBAX4N,26R,5
DF,DM067,48.358317,11.710019,0, ,0.0,0.0,2,1900,0,1,210,0,0,0
TF,DM068,48.230222,11.706375,0, ,0.0,0.0,0.0,0.0,0,0,0,0,0,0,0,0
TF,DM069,48.094592,11.739131,0, ,0.0,0.0,0.0,0.0,0,0,0,0,0,0,0,0
TF,OBAXA,48.012222,11.665556,0, ,0.0,0.0,0.0,0.0,0,0,0,1,250,0,0,0

SID,OBAX5S,26L,5
DF,DM049,48.337669,11.709431,0, ,0.0,0.0,2,1900,0,1,210,0,0,0
TF,DM068,48.230222,11.706375,0, ,0.0,0.0,0.0,0.0,0,0,0,0,0,0,0,0
TF,DM069,48.094592,11.739131,0, ,0.0,0.0,0.0,0.0,0,0,0,0,0,0,0,0
TF,OBAXA,48.012222,11.665556,0, ,0.0,0.0,0.0,0.0,0,0,0,1,250,0,0,0

SID,OLAS2E,08R,5
CA,0,80.0,2,1900,0,0,0,0,0,0
DF,DM081,48.356147,11.954686,0, ,0.0,0.0,0,0,0,0,0,0,0,0
TF,ALONU,48.293889,12.027778,0, ,0.0,0.0,0.0,0.0,0,0,0,1,230,0,0,0
TF,LAKOL,48.071133,12.014789,0, ,0.0,0.0,0.0,0.0,0,0,0,0,0,0,0,0
TF,OBAXA,48.012222,11.665556,0, ,0.0,0.0,0.0,0.0,0,0,0,0,0,0,0,0
TF,MERSI,47.982208,11.042586,0, ,0.0,0.0,0.0,0.0,0,0,0,1,250,0,0,0
TF,OLASO,48.208333,10.232000,0, ,0.0,0.0,0.0,0.0,0,0,0,0,0,0,0,0

SID,OLAS2N,26R,5
CA,0,260.0,2,1900,0,0,0,0,0,0
DF,MNE,48.355403,11.675978,0, ,0.0,0.0,0,0,0,1,220,0,0,0
TF,DM061,48.327847,11.303725,0, ,0.0,0.0,0.0,0.0,2,7000,0,1,250,0,0,0
TF,OLASO,48.208333,10.232000,0, ,0.0,0.0,0.0,0.0,0,0,0,0,0,0,0,0

SID,OLAS2Q,08L,5
CA,0,80.0,2,1900,0,0,0,0,0,0
DF,DM071,48.379842,11.992742,0, ,0.0,0.0,0,0,0,0,0,0,0,0
TF,DM094,48.344233,12.030731,0, ,0.0,0.0,0.0,0.0,0,0,0,1,230,0,0,0
TF,LAKOL,48.071133,12.014789,0, ,0.0,0.0,0.0,0.0,0,0,0,0,0,0,0,0
TF,OBAXA,48.012222,11.665556,0, ,0.0,0.0,0.0,0.0,0,0,0,0,0,0,0,0
TF,MERSI,47.982208,11.042586,0, ,0.0,0.0,0.0,0.0,0,0,0,1,250,0,0,0
TF,OLASO,48.208333,10.232000,0, ,0.0,0.0,0.0,0.0,0,0,0,0,0,0,0,0

SID,OLAS2S,26L,5
CA,0,260.0,2,1900,0,0,0,0,0,0
DF,MSE,48.333408,11.652883,0, ,0.0,0.0,0,0,0,1,220,0,0,0
TF,DM053,48.306453,11.289600,0, ,0.0,0.0,0.0,0.0,2,7000,0,1,250,0,0,0
TF,OLASO,48.208333,10.232000,0, ,0.0,0.0,0.0,0.0,0,0,0,0,0,0,0,0

SID,RIDA6E,08R,5
DF,DM084,48.347714,11.841939,0, ,0.0,0.0,0,0,0,0,0,0,0,1
CA,0,80.0,2,1900,0,0,0,0,0,0
DF,DM085,48.394253,11.866242,1, ,0.0,0.0,0,0,0,0,0,0,0,0
TF,MIQ,48.570225,11.597503,0, ,0.0,0.0,0.0,0.0,0,0,0,1,250,0,0,0
TF,WLD,48.579419,11.129386,0, ,0.0,0.0,0.0,0.0,0,0,0,0,0,0,0,0
TF,RIDAR,48.588422,10.802825,0, ,0.0,0.0,0.0,0.0,0,0,0,0,0,0,0,0

SID,RIDA6N,26R,5
CA,0,260.0,2,1900,0,0,0,0,0,0
DF,MNE,48.355403,11.675978,0, ,0.0,0.0,0,0,0,1,220,0,0,0
TF,DM061,48.327847,11.303725,0, ,0.0,0.0,0.0,0.0,2,7000,0,0,0,0,0,0
TF,DM062,48.321431,11.221300,0, ,0.0,0.0,0.0,0.0,0,0,0,1,250,0,0,0
TF,RIDAR,48.588422,10.802825,0, ,0.0,0.0,0.0,0.0,0,0,0,0,0,0,0,0

SID,RIDA6Q,08L,5
DF,DM070,48.368622,11.843867,0, ,0.0,0.0,0,0,0,0,0,0,0,1
CA,0,80.0,2,1900,0,0,0,0,0,0
DF,DM073,48.417508,11.866406,1, ,0.0,0.0,0,0,0,0,0,0,0,0
TF,MIQ,48.570225,11.597503,0, ,0.0,0.0,0.0,0.0,0,0,0,1,250,0,0,0
TF,WLD,48.579419,11.129386,0, ,0.0,0.0,0.0,0.0,0,0,0,0,0,0,0,0
TF,RIDAR,48.588422,10.802825,0, ,0.0,0.0,0.0,0.0,0,0,0,0,0,0,0,0

SID,RIDA6S,26L,5
CA,0,260.0,2,1900,0,0,0,0,0,0
DF,DM052,48.331850,11.629333,0, ,0.0,0.0,0,0,0,1,220,0,0,0
TF,DM053,48.306453,11.289600,0, ,0.0,0.0,0.0,0.0,2,7000,0,0,0,0,0,0
TF,DM054,48.303350,11.249061,0, ,0.0,0.0,0.0,0.0,0,0,0,1,250,0,0,0
TF,RIDAR,48.588422,10.802825,0, ,0.0,0.0,0.0,0.0,0,0,0,0,0,0,0,0

SID,ROTA2N,26R,5
DF,DM067,48.358317,11.710019,0, ,0.0,0.0,2,1900,0,1,210,0,0,0
TF,DM050,48.287569,11.708006,0, ,0.0,0.0,0.0,0.0,0,0,0,0,0,0,0,0
TF,MUN,48.180325,11.816017,0, ,0.0,0.0,0.0,0.0,0,0,0,1,250,0,0,0
TF,LAKOL,48.071133,12.014789,0, ,0.0,0.0,0.0,0.0,0,0,0,0,0,0,0,0
TF,ROTAX,47.977450,12.384081,0, ,0.0,0.0,0.0,0.0,0,0,0,0,0,0,0,0

SID,ROTA2S,26L,5
DF,DM049,48.337669,11.709431,0, ,0.0,0.0,2,1900,0,1,210,0,0,0
TF,DM050,48.287569,11.708006,0, ,0.0,0.0,0.0,0.0,0,0,0,1,210,0,0,0
TF,MUN,48.180325,11.816017,0, ,0.0,0.0,0.0,0.0,0,0,0,1,250,0,0,0
TF,LAKOL,48.071133,12.014789,0, ,0.0,0.0,0.0,0.0,0,0,0,0,0,0,0,0
TF,ROTAX,47.977450,12.384081,0, ,0.0,0.0,0.0,0.0,0,0,0,0,0,0,0,0

SID,ROTA2W,26L,5
CA,0,260.0,2,1900,0,0,0,0,0,0
DF,MSE,48.333408,11.652883,0, ,0.0,0.0,0,0,0,1,220,0,0,0
TF,DM058,48.316803,11.426458,0, ,0.0,0.0,0.0,0.0,0,0,0,0,0,0,0,1
DF,DM059,48.249664,11.413311,1, ,0.0,0.0,0,0,0,1,250,0,0,0
TF,MUN,48.180325,11.816017,0, ,0.0,0.0,0.0,0.0,0,0,0,0,0,0,0,0
TF,LAKOL,48.071133,12.014789,0, ,0.0,0.0,0.0,0.0,0,0,0,0,0,0,0,0
TF,ROTAX,47.977450,12.384081,0, ,0.0,0.0,0.0,0.0,0,0,0,0,0,0,0,0

SID,ROTA3E,08R,5
CA,0,80.0,2,1900,0,0,0,0,0,0
DF,DM080,48.354431,11.931797,0, ,0.0,0.0,0,0,0,1,230,0,0,0
TF,DM092,48.303819,12.104114,0, ,0.0,0.0,0.0,0.0,0,0,0,1,250,0,0,0
TF,DM467,48.134817,12.216344,0, ,0.0,0.0,0.0,0.0,0,0,0,0,0,0,0,0
TF,ROTAX,47.977450,12.384081,0, ,0.0,0.0,0.0,0.0,0,0,0,0,0,0,0,0

SID,ROTA3Q,08L,5
CA,0,80.0,2,1900,0,0,0,0,0,0
DF,DM071,48.379842,11.992742,0, ,0.0,0.0,0,0,0,1,230,0,0,0
TF,DM093,48.344569,12.076928,0, ,0.0,0.0,0.0,0.0,0,0,0,1,250,0,0,0
TF,DM467,48.134817,12.216344,0, ,0.0,0.0,0.0,0.0,0,0,0,0,0,0,0,0
TF,ROTAX,47.977450,12.384081,0, ,0.0,0.0,0.0,0.0,0,0,0,0,0,0,0,0

SID,TULS1N,26R,5
DF,DM067,48.358317,11.710019,0, ,0.0,0.0,2,1900,0,1,210,0,0,0
TF,DM050,48.287569,11.708006,0, ,0.0,0.0,0.0,0.0,0,0,0,0,0,0,0,0
TF,MUN,48.180325,11.816017,0, ,0.0,0.0,0.0,0.0,0,0,0,1,250,0,0,0
TF,MANAL,47.899353,11.799956,0, ,0.0,0.0,0.0,0.0,0,0,0,0,0,0,0,0
TF,TULSI,47.701608,11.788758,0, ,0.0,0.0,0.0,0.0,0,0,0,0,0,0,0,0

SID,TULS1Q,08L,5
CA,0,80.0,2,1900,0,0,0,0,0,0
DF,DM071,48.379842,11.992742,0, ,0.0,0.0,0,0,0,0,0,0,0,0
TF,DM094,48.344233,12.030731,0, ,0.0,0.0,0.0,0.0,0,0,0,1,230,0,0,0
TF,LAKOL,48.071133,12.014789,0, ,0.0,0.0,0.0,0.0,0,0,0,1,250,0,0,0
TF,MANAL,47.899353,11.799956,0, ,0.0,0.0,0.0,0.0,0,0,0,0,0,0,0,0
TF,TULSI,47.701608,11.788758,0, ,0.0,0.0,0.0,0.0,0,0,0,0,0,0,0,0

SID,TULS2E,08R,5
CA,0,80.0,2,1900,0,0,0,0,0,0
DF,DM081,48.356147,11.954686,0, ,0.0,0.0,0,0,0,0,0,0,0,0
TF,ALONU,48.293889,12.027778,0, ,0.0,0.0,0.0,0.0,0,0,0,1,230,0,0,0
TF,LAKOL,48.071133,12.014789,0, ,0.0,0.0,0.0,0.0,0,0,0,1,250,0,0,0
TF,MANAL,47.899353,11.799956,0, ,0.0,0.0,0.0,0.0,0,0,0,0,0,0,0,0
TF,TULSI,47.701608,11.788758,0, ,0.0,0.0,0.0,0.0,0,0,0,0,0,0,0,0

SID,TULS2W,26L,5
CA,0,260.0,2,1900,0,0,0,0,0,0
DF,MSE,48.333408,11.652883,0, ,0.0,0.0,0,0,0,1,220,0,0,0
TF,DM058,48.316803,11.426458,0, ,0.0,0.0,0.0,0.0,0,0,0,0,0,0,0,1
DF,DM059,48.249664,11.413311,1, ,0.0,0.0,0,0,0,1,250,0,0,0
TF,MUN,48.180325,11.816017,0, ,0.0,0.0,0.0,0.0,0,0,0,0,0,0,0,0
TF,MANAL,47.899353,11.799956,0, ,0.0,0.0,0.0,0.0,0,0,0,0,0,0,0,0
TF,TULSI,47.701608,11.788758,0, ,0.0,0.0,0.0,0.0,0,0,0,0,0,0,0,0

SID,TULS5S,26L,5
DF,DM049,48.337669,11.709431,0, ,0.0,0.0,2,1900,0,1,210,0,0,0
TF,DM050,48.287569,11.708006,0, ,0.0,0.0,0.0,0.0,0,0,0,1,210,0,0,0
TF,MUN,48.180325,11.816017,0, ,0.0,0.0,0.0,0.0,0,0,0,1,250,0,0,0
TF,MANAL,47.899353,11.799956,0, ,0.0,0.0,0.0,0.0,0,0,0,0,0,0,0,0
TF,TULSI,47.701608,11.788758,0, ,0.0,0.0,0.0,0.0,0,0,0,0,0,0,0,0

SID,TURB5N,26R,5
DF,DM067,48.358317,11.710019,0, ,0.0,0.0,2,1900,0,1,210,0,0,0
TF,DM050,48.287569,11.708006,0, ,0.0,0.0,0.0,0.0,0,0,0,0,0,0,0,0
TF,MUN,48.180325,11.816017,0, ,0.0,0.0,0.0,0.0,0,0,0,1,250,0,0,0
TF,TURBU,47.914083,11.948703,0, ,0.0,0.0,0.0,0.0,0,0,0,0,0,0,0,0

SID,TURB6E,08R,5
CA,0,80.0,2,1900,0,0,0,0,0,0
DF,DM081,48.356147,11.954686,0, ,0.0,0.0,0,0,0,0,0,0,0,0
TF,ALONU,48.293889,12.027778,0, ,0.0,0.0,0.0,0.0,0,0,0,1,230,0,0,0
TF,LAKOL,48.071133,12.014789,0, ,0.0,0.0,0.0,0.0,0,0,0,1,250,0,0,0
TF,TURBU,47.914083,11.948703,0, ,0.0,0.0,0.0,0.0,0,0,0,0,0,0,0,0

SID,TURB6S,26L,5
DF,DM049,48.337669,11.709431,0, ,0.0,0.0,2,1900,0,1,210,0,0,0
TF,DM050,48.287569,11.708006,0, ,0.0,0.0,0.0,0.0,0,0,0,1,210,0,0,0
TF,MUN,48.180325,11.816017,0, ,0.0,0.0,0.0,0.0,0,0,0,1,250,0,0,0
TF,TURBU,47.914083,11.948703,0, ,0.0,0.0,0.0,0.0,0,0,0,0,0,0,0,0

SID,TURB6W,26L,5
CA,0,260.0,2,1900,0,0,0,0,0,0
DF,MSE,48.333408,11.652883,0, ,0.0,0.0,0,0,0,1,220,0,0,0
TF,DM058,48.316803,11.426458,0, ,0.0,0.0,0.0,0.0,0,0,0,0,0,0,0,1
DF,DM059,48.249664,11.413311,1, ,0.0,0.0,0,0,0,1,250,0,0,0
TF,MUN,48.180325,11.816017,0, ,0.0,0.0,0.0,0.0,0,0,0,0,0,0,0,0
TF,TURBU,47.914083,11.948703,0, ,0.0,0.0,0.0,0.0,0,0,0,0,0,0,0,0

SID,TURB7Q,08L,5
CA,0,80.0,2,1900,0,0,0,0,0,0
DF,DM071,48.379842,11.992742,0, ,0.0,0.0,0,0,0,0,0,0,0,0
TF,DM094,48.344233,12.030731,0, ,0.0,0.0,0.0,0.0,0,0,0,1,230,0,0,0
TF,LAKOL,48.071133,12.014789,0, ,0.0,0.0,0.0,0.0,0,0,0,1,250,0,0,0
TF,TURBU,47.914083,11.948703,0, ,0.0,0.0,0.0,0.0,0,0,0,0,0,0,0,0

SID,VAVO2N,26R,5
DF,DM067,48.358317,11.710019,0, ,0.0,0.0,2,1900,0,1,210,0,0,0
TF,DM050,48.287569,11.708006,0, ,0.0,0.0,0.0,0.0,0,0,0,0,0,0,0,0
TF,MUN,48.180325,11.816017,0, ,0.0,0.0,0.0,0.0,0,0,0,1,250,0,0,0
TF,LAKOL,48.071133,12.014789,0, ,0.0,0.0,0.0,0.0,0,0,0,0,0,0,0,0
TF,VAVOR,47.934167,12.154547,0, ,0.0,0.0,0.0,0.0,0,0,0,0,0,0,0,0

SID,VAVO2S,26L,5
DF,DM049,48.337669,11.709431,0, ,0.0,0.0,2,1900,0,1,210,0,0,0
TF,DM050,48.287569,11.708006,0, ,0.0,0.0,0.0,0.0,0,0,0,1,210,0,0,0
TF,MUN,48.180325,11.816017,0, ,0.0,0.0,0.0,0.0,0,0,0,1,250,0,0,0
TF,LAKOL,48.071133,12.014789,0, ,0.0,0.0,0.0,0.0,0,0,0,0,0,0,0,0
TF,VAVOR,47.934167,12.154547,0, ,0.0,0.0,0.0,0.0,0,0,0,0,0,0,0,0

SID,VAVO2W,26L,5
CA,0,260.0,2,1900,0,0,0,0,0,0
DF,MSE,48.333408,11.652883,0, ,0.0,0.0,0,0,0,1,220,0,0,0
TF,DM058,48.316803,11.426458,0, ,0.0,0.0,0.0,0.0,0,0,0,0,0,0,0,1
DF,DM059,48.249664,11.413311,1, ,0.0,0.0,0,0,0,1,250,0,0,0
TF,MUN,48.180325,11.816017,0, ,0.0,0.0,0.0,0.0,0,0,0,0,0,0,0,0
TF,LAKOL,48.071133,12.014789,0, ,0.0,0.0,0.0,0.0,0,0,0,0,0,0,0,0
TF,VAVOR,47.934167,12.154547,0, ,0.0,0.0,0.0,0.0,0,0,0,0,0,0,0,0

SID,VAVO3E,08R,5
CA,0,80.0,2,1900,0,0,0,0,0,0
DF,DM081,48.356147,11.954686,0, ,0.0,0.0,0,0,0,0,0,0,0,0
TF,ALONU,48.293889,12.027778,0, ,0.0,0.0,0.0,0.0,0,0,0,1,230,0,0,0
TF,EBEVO,48.145556,12.019114,0, ,0.0,0.0,0.0,0.0,0,0,0,0,0,0,0,0
TF,VAVOR,47.934167,12.154547,0, ,0.0,0.0,0.0,0.0,0,0,0,1,250,0,0,0

SID,VAVO3Q,08L,5
CA,0,80.0,2,1900,0,0,0,0,0,0
DF,DM071,48.379842,11.992742,0, ,0.0,0.0,0,0,0,0,0,0,0,0
TF,DM094,48.344233,12.030731,0, ,0.0,0.0,0.0,0.0,0,0,0,1,230,0,0,0
TF,EBEVO,48.145556,12.019114,0, ,0.0,0.0,0.0,0.0,0,0,0,0,0,0,0,0
TF,VAVOR,47.934167,12.154547,0, ,0.0,0.0,0.0,0.0,0,0,0,1,250,0,0,0

STAR,ABGA3A,08L,3
IF,ABGAS,48.593611,10.391667, ,0.0,0.0,0,0,0,0,0,0,0,0
TF,LURER,48.462500,10.600833,0, ,0.0,0.0,0.0,0.0,3,14000,0,1,280,0,0,0
TF,LELTA,48.493056,10.955278,0, ,0.0,0.0,0.0,0.0,0,0,0,0,0,0,0,0
TF,ROKIL,48.513314,11.196725,0, ,0.0,0.0,0.0,0.0,0,0,0,0,0,0,0,0
TF,MIQ,48.570225,11.597503,0, ,0.0,0.0,0.0,0.0,0,0,0,0,0,0,0,0

STAR,ABGA3A,08R,3
IF,ABGAS,48.593611,10.391667, ,0.0,0.0,0,0,0,0,0,0,0,0
TF,LURER,48.462500,10.600833,0, ,0.0,0.0,0.0,0.0,3,14000,0,1,280,0,0,0
TF,LELTA,48.493056,10.955278,0, ,0.0,0.0,0.0,0.0,0,0,0,0,0,0,0,0
TF,ROKIL,48.513314,11.196725,0, ,0.0,0.0,0.0,0.0,0,0,0,0,0,0,0,0
TF,MIQ,48.570225,11.597503,0, ,0.0,0.0,0.0,0.0,0,0,0,0,0,0,0,0

STAR,ABGA3A,26L,3
IF,ABGAS,48.593611,10.391667, ,0.0,0.0,0,0,0,0,0,0,0,0
TF,LURER,48.462500,10.600833,0, ,0.0,0.0,0.0,0.0,3,16000,0,1,280,0,0,0
TF,LELTA,48.493056,10.955278,0, ,0.0,0.0,0.0,0.0,0,0,0,0,0,0,0,0
TF,ROKIL,48.513314,11.196725,0, ,0.0,0.0,0.0,0.0,0,0,0,0,0,0,0,0
TF,MIQ,48.570225,11.597503,0, ,0.0,0.0,0.0,0.0,0,0,0,0,0,0,0,0

STAR,ABGA3A,26R,3
IF,ABGAS,48.593611,10.391667, ,0.0,0.0,0,0,0,0,0,0,0,0
TF,LURER,48.462500,10.600833,0, ,0.0,0.0,0.0,0.0,3,16000,0,1,280,0,0,0
TF,LELTA,48.493056,10.955278,0, ,0.0,0.0,0.0,0.0,0,0,0,0,0,0,0,0
TF,ROKIL,48.513314,11.196725,0, ,0.0,0.0,0.0,0.0,0,0,0,0,0,0,0,0
TF,MIQ,48.570225,11.597503,0, ,0.0,0.0,0.0,0.0,0,0,0,0,0,0,0,0

STAR,AKAN3A,08L,3
IF,AKANU,49.050833,10.658100, ,0.0,0.0,3,25000,0,0,0,0,0,0
TF,LUPOX,48.922222,10.846944,0, ,0.0,0.0,0.0,0.0,0,0,0,0,0,0,0,0
TF,RENLO,48.775000,11.061944,0, ,0.0,0.0,0.0,0.0,3,13000,0,1,280,0,0,0
TF,ROKIL,48.513314,11.196725,0, ,0.0,0.0,0.0,0.0,0,0,0,0,0,0,0,0
TF,MIQ,48.570225,11.597503,0, ,0.0,0.0,0.0,0.0,0,0,0,0,0,0,0,0

STAR,AKAN3A,08R,3
IF,AKANU,49.050833,10.658100, ,0.0,0.0,3,25000,0,0,0,0,0,0
TF,LUPOX,48.922222,10.846944,0, ,0.0,0.0,0.0,0.0,0,0,0,0,0,0,0,0
TF,RENLO,48.775000,11.061944,0, ,0.0,0.0,0.0,0.0,3,13000,0,1,280,0,0,0
TF,ROKIL,48.513314,11.196725,0, ,0.0,0.0,0.0,0.0,0,0,0,0,0,0,0,0
TF,MIQ,48.570225,11.597503,0, ,0.0,0.0,0.0,0.0,0,0,0,0,0,0,0,0

STAR,AKAN3A,26L,3
IF,AKANU,49.050833,10.658100, ,0.0,0.0,3,25000,0,0,0,0,0,0
TF,LUPOX,48.922222,10.846944,0, ,0.0,0.0,0.0,0.0,0,0,0,0,0,0,0,0
TF,RENLO,48.775000,11.061944,0, ,0.0,0.0,0.0,0.0,3,15000,0,1,280,0,0,0
TF,ROKIL,48.513314,11.196725,0, ,0.0,0.0,0.0,0.0,0,0,0,0,0,0,0,0
TF,MIQ,48.570225,11.597503,0, ,0.0,0.0,0.0,0.0,0,0,0,0,0,0,0,0

STAR,AKAN3A,26R,3
IF,AKANU,49.050833,10.658100, ,0.0,0.0,3,25000,0,0,0,0,0,0
TF,LUPOX,48.922222,10.846944,0, ,0.0,0.0,0.0,0.0,0,0,0,0,0,0,0,0
TF,RENLO,48.775000,11.061944,0, ,0.0,0.0,0.0,0.0,3,15000,0,1,280,0,0,0
TF,ROKIL,48.513314,11.196725,0, ,0.0,0.0,0.0,0.0,0,0,0,0,0,0,0,0
TF,MIQ,48.570225,11.597503,0, ,0.0,0.0,0.0,0.0,0,0,0,0,0,0,0,0

STAR,ANOR3A,08L,3
IF,ANORA,48.949444,10.548333, ,0.0,0.0,3,25000,0,0,0,0,0,0
TF,XERUM,48.811111,10.767778,0, ,0.0,0.0,0.0,0.0,0,0,0,0,0,0,0,0
TF,BURAM,48.695497,10.949003,0, ,0.0,0.0,0.0,0.0,3,13000,0,1,280,0,0,0
TF,ROKIL,48.513314,11.196725,0, ,0.0,0.0,0.0,0.0,0,0,0,0,0,0,0,0
TF,MIQ,48.570225,11.597503,0, ,0.0,0.0,0.0,0.0,0,0,0,0,0,0,0,0

STAR,ANOR3A,08R,3
IF,ANORA,48.949444,10.548333, ,0.0,0.0,3,25000,0,0,0,0,0,0
TF,XERUM,48.811111,10.767778,0, ,0.0,0.0,0.0,0.0,0,0,0,0,0,0,0,0
TF,BURAM,48.695497,10.949003,0, ,0.0,0.0,0.0,0.0,3,13000,0,1,280,0,0,0
TF,ROKIL,48.513314,11.196725,0, ,0.0,0.0,0.0,0.0,0,0,0,0,0,0,0,0
TF,MIQ,48.570225,11.597503,0, ,0.0,0.0,0.0,0.0,0,0,0,0,0,0,0,0

STAR,ANOR3A,26L,3
IF,ANORA,48.949444,10.548333, ,0.0,0.0,3,25000,0,0,0,0,0,0
TF,XERUM,48.811111,10.767778,0, ,0.0,0.0,0.0,0.0,0,0,0,0,0,0,0,0
TF,BURAM,48.695497,10.949003,0, ,0.0,0.0,0.0,0.0,3,15000,0,1,280,0,0,0
TF,ROKIL,48.513314,11.196725,0, ,0.0,0.0,0.0,0.0,0,0,0,0,0,0,0,0
TF,MIQ,48.570225,11.597503,0, ,0.0,0.0,0.0,0.0,0,0,0,0,0,0,0,0

STAR,ANOR3A,26R,3
IF,ANORA,48.949444,10.548333, ,0.0,0.0,3,25000,0,0,0,0,0,0
TF,XERUM,48.811111,10.767778,0, ,0.0,0.0,0.0,0.0,0,0,0,0,0,0,0,0
TF,BURAM,48.695497,10.949003,0, ,0.0,0.0,0.0,0.0,3,15000,0,1,280,0,0,0
TF,ROKIL,48.513314,11.196725,0, ,0.0,0.0,0.0,0.0,0,0,0,0,0,0,0,0
TF,MIQ,48.570225,11.597503,0, ,0.0,0.0,0.0,0.0,0,0,0,0,0,0,0,0

STAR,ARBA3A,08L,3
IF,ARBAX,49.211111,13.043056, ,0.0,0.0,0,0,0,0,0,0,0,0
TF,USEMI,49.108611,12.968611,0, ,0.0,0.0,0.0,0.0,0,0,0,0,0,0,0,0
TF,LITLI,48.964444,12.863889,0, ,0.0,0.0,0.0,0.0,0,0,0,0,0,0,0,0
TF,OSTES,48.706111,12.678889,0, ,0.0,0.0,0.0,0.0,3,15000,0,1,280,0,0,0
TF,BINGU,48.620278,12.617500,0, ,0.0,0.0,0.0,0.0,0,0,0,0,0,0,0,0
TF,TUSTO,48.608333,12.441667,0, ,0.0,0.0,0.0,0.0,0,0,0,0,0,0,0,0
TF,LANDU,48.596361,12.273928,0, ,0.0,0.0,0.0,0.0,0,0,0,0,0,0,0,0
TF,MIQ,48.570225,11.597503,0, ,0.0,0.0,0.0,0.0,0,0,0,0,0,0,0,0

STAR,ARBA3A,08R,3
IF,ARBAX,49.211111,13.043056, ,0.0,0.0,0,0,0,0,0,0,0,0
TF,USEMI,49.108611,12.968611,0, ,0.0,0.0,0.0,0.0,0,0,0,0,0,0,0,0
TF,LITLI,48.964444,12.863889,0, ,0.0,0.0,0.0,0.0,0,0,0,0,0,0,0,0
TF,OSTES,48.706111,12.678889,0, ,0.0,0.0,0.0,0.0,3,15000,0,1,280,0,0,0
TF,BINGU,48.620278,12.617500,0, ,0.0,0.0,0.0,0.0,0,0,0,0,0,0,0,0
TF,TUSTO,48.608333,12.441667,0, ,0.0,0.0,0.0,0.0,0,0,0,0,0,0,0,0
TF,LANDU,48.596361,12.273928,0, ,0.0,0.0,0.0,0.0,0,0,0,0,0,0,0,0
TF,MIQ,48.570225,11.597503,0, ,0.0,0.0,0.0,0.0,0,0,0,0,0,0,0,0

STAR,ARBA3A,26L,3
IF,ARBAX,49.211111,13.043056, ,0.0,0.0,0,0,0,0,0,0,0,0
TF,USEMI,49.108611,12.968611,0, ,0.0,0.0,0.0,0.0,0,0,0,0,0,0,0,0
TF,LITLI,48.964444,12.863889,0, ,0.0,0.0,0.0,0.0,0,0,0,0,0,0,0,0
TF,OSTES,48.706111,12.678889,0, ,0.0,0.0,0.0,0.0,3,11000,0,1,280,0,0,0
TF,BINGU,48.620278,12.617500,0, ,0.0,0.0,0.0,0.0,0,0,0,0,0,0,0,0
TF,TUSTO,48.608333,12.441667,0, ,0.0,0.0,0.0,0.0,0,0,0,0,0,0,0,0
TF,LANDU,48.596361,12.273928,0, ,0.0,0.0,0.0,0.0,0,0,0,0,0,0,0,0
TF,MIQ,48.570225,11.597503,0, ,0.0,0.0,0.0,0.0,0,0,0,0,0,0,0,0

STAR,ARBA3A,26R,3
IF,ARBAX,49.211111,13.043056, ,0.0,0.0,0,0,0,0,0,0,0,0
TF,USEMI,49.108611,12.968611,0, ,0.0,0.0,0.0,0.0,0,0,0,0,0,0,0,0
TF,LITLI,48.964444,12.863889,0, ,0.0,0.0,0.0,0.0,0,0,0,0,0,0,0,0
TF,OSTES,48.706111,12.678889,0, ,0.0,0.0,0.0,0.0,3,11000,0,1,280,0,0,0
TF,BINGU,48.620278,12.617500,0, ,0.0,0.0,0.0,0.0,0,0,0,0,0,0,0,0
TF,TUSTO,48.608333,12.441667,0, ,0.0,0.0,0.0,0.0,0,0,0,0,0,0,0,0
TF,LANDU,48.596361,12.273928,0, ,0.0,0.0,0.0,0.0,0,0,0,0,0,0,0,0
TF,MIQ,48.570225,11.597503,0, ,0.0,0.0,0.0,0.0,0,0,0,0,0,0,0,0

STAR,BAGM4A,08L,3
IF,BAGMI,49.226667,12.857222, ,0.0,0.0,0,0,0,0,0,0,0,0
TF,ODUDA,49.074722,12.747222,0, ,0.0,0.0,0.0,0.0,0,0,0,0,0,0,0,0
TF,NETES,48.906389,12.626389,0, ,0.0,0.0,0.0,0.0,0,0,0,0,0,0,0,0
TF,UNKOM,48.796667,12.548333,0, ,0.0,0.0,0.0,0.0,0,0,0,0,0,0,0,0
TF,MITNU,48.701944,12.494722,0, ,0.0,0.0,0.0,0.0,3,15000,0,1,280,0,0,0
TF,TUSTO,48.608333,12.441667,0, ,0.0,0.0,0.0,0.0,0,0,0,0,0,0,0,0
TF,LANDU,48.596361,12.273928,0, ,0.0,0.0,0.0,0.0,0,0,0,0,0,0,0,0
TF,MIQ,48.570225,11.597503,0, ,0.0,0.0,0.0,0.0,0,0,0,0,0,0,0,0

STAR,BAGM4A,08R,3
IF,BAGMI,49.226667,12.857222, ,0.0,0.0,0,0,0,0,0,0,0,0
TF,ODUDA,49.074722,12.747222,0, ,0.0,0.0,0.0,0.0,0,0,0,0,0,0,0,0
TF,NETES,48.906389,12.626389,0, ,0.0,0.0,0.0,0.0,0,0,0,0,0,0,0,0
TF,UNKOM,48.796667,12.548333,0, ,0.0,0.0,0.0,0.0,0,0,0,0,0,0,0,0
TF,MITNU,48.701944,12.494722,0, ,0.0,0.0,0.0,0.0,3,15000,0,1,280,0,0,0
TF,TUSTO,48.608333,12.441667,0, ,0.0,0.0,0.0,0.0,0,0,0,0,0,0,0,0
TF,LANDU,48.596361,12.273928,0, ,0.0,0.0,0.0,0.0,0,0,0,0,0,0,0,0
TF,MIQ,48.570225,11.597503,0, ,0.0,0.0,0.0,0.0,0,0,0,0,0,0,0,0

STAR,BAGM4A,26L,3
IF,BAGMI,49.226667,12.857222, ,0.0,0.0,0,0,0,0,0,0,0,0
TF,ODUDA,49.074722,12.747222,0, ,0.0,0.0,0.0,0.0,0,0,0,0,0,0,0,0
TF,NETES,48.906389,12.626389,0, ,0.0,0.0,0.0,0.0,0,0,0,0,0,0,0,0
TF,UNKOM,48.796667,12.548333,0, ,0.0,0.0,0.0,0.0,0,0,0,0,0,0,0,0
TF,MITNU,48.701944,12.494722,0, ,0.0,0.0,0.0,0.0,3,11000,0,1,280,0,0,0
TF,TUSTO,48.608333,12.441667,0, ,0.0,0.0,0.0,0.0,0,0,0,0,0,0,0,0
TF,LANDU,48.596361,12.273928,0, ,0.0,0.0,0.0,0.0,0,0,0,0,0,0,0,0
TF,MIQ,48.570225,11.597503,0, ,0.0,0.0,0.0,0.0,0,0,0,0,0,0,0,0

STAR,BAGM4A,26R,3
IF,BAGMI,49.226667,12.857222, ,0.0,0.0,0,0,0,0,0,0,0,0
TF,ODUDA,49.074722,12.747222,0, ,0.0,0.0,0.0,0.0,0,0,0,0,0,0,0,0
TF,NETES,48.906389,12.626389,0, ,0.0,0.0,0.0,0.0,0,0,0,0,0,0,0,0
TF,UNKOM,48.796667,12.548333,0, ,0.0,0.0,0.0,0.0,0,0,0,0,0,0,0,0
TF,MITNU,48.701944,12.494722,0, ,0.0,0.0,0.0,0.0,3,11000,0,1,280,0,0,0
TF,TUSTO,48.608333,12.441667,0, ,0.0,0.0,0.0,0.0,0,0,0,0,0,0,0,0
TF,LANDU,48.596361,12.273928,0, ,0.0,0.0,0.0,0.0,0,0,0,0,0,0,0,0
TF,MIQ,48.570225,11.597503,0, ,0.0,0.0,0.0,0.0,0,0,0,0,0,0,0,0

STAR,BAMT3A,08L,3
IF,BAMTA,48.732222,12.887500, ,0.0,0.0,0,0,0,0,0,0,0,0
TF,ROSAB,48.633333,12.815000,0, ,0.0,0.0,0.0,0.0,3,15000,0,1,280,0,0,0
TF,BINGU,48.620278,12.617500,0, ,0.0,0.0,0.0,0.0,0,0,0,0,0,0,0,0
TF,TUSTO,48.608333,12.441667,0, ,0.0,0.0,0.0,0.0,0,0,0,0,0,0,0,0
TF,LANDU,48.596361,12.273928,0, ,0.0,0.0,0.0,0.0,0,0,0,0,0,0,0,0
TF,MIQ,48.570225,11.597503,0, ,0.0,0.0,0.0,0.0,0,0,0,0,0,0,0,0

STAR,BAMT3A,08R,3
IF,BAMTA,48.732222,12.887500, ,0.0,0.0,0,0,0,0,0,0,0,0
TF,ROSAB,48.633333,12.815000,0, ,0.0,0.0,0.0,0.0,3,15000,0,1,280,0,0,0
TF,BINGU,48.620278,12.617500,0, ,0.0,0.0,0.0,0.0,0,0,0,0,0,0,0,0
TF,TUSTO,48.608333,12.441667,0, ,0.0,0.0,0.0,0.0,0,0,0,0,0,0,0,0
TF,LANDU,48.596361,12.273928,0, ,0.0,0.0,0.0,0.0,0,0,0,0,0,0,0,0
TF,MIQ,48.570225,11.597503,0, ,0.0,0.0,0.0,0.0,0,0,0,0,0,0,0,0

STAR,BAMT3A,26L,3
IF,BAMTA,48.732222,12.887500, ,0.0,0.0,0,0,0,0,0,0,0,0
TF,ROSAB,48.633333,12.815000,0, ,0.0,0.0,0.0,0.0,3,11000,0,1,280,0,0,0
TF,BINGU,48.620278,12.617500,0, ,0.0,0.0,0.0,0.0,0,0,0,0,0,0,0,0
TF,TUSTO,48.608333,12.441667,0, ,0.0,0.0,0.0,0.0,0,0,0,0,0,0,0,0
TF,LANDU,48.596361,12.273928,0, ,0.0,0.0,0.0,0.0,0,0,0,0,0,0,0,0
TF,MIQ,48.570225,11.597503,0, ,0.0,0.0,0.0,0.0,0,0,0,0,0,0,0,0

STAR,BAMT3A,26R,3
IF,BAMTA,48.732222,12.887500, ,0.0,0.0,0,0,0,0,0,0,0,0
TF,ROSAB,48.633333,12.815000,0, ,0.0,0.0,0.0,0.0,3,11000,0,1,280,0,0,0
TF,BINGU,48.620278,12.617500,0, ,0.0,0.0,0.0,0.0,0,0,0,0,0,0,0,0
TF,TUSTO,48.608333,12.441667,0, ,0.0,0.0,0.0,0.0,0,0,0,0,0,0,0,0
TF,LANDU,48.596361,12.273928,0, ,0.0,0.0,0.0,0.0,0,0,0,0,0,0,0,0
TF,MIQ,48.570225,11.597503,0, ,0.0,0.0,0.0,0.0,0,0,0,0,0,0,0,0

STAR,EXUS3A,08L,3
IF,EXUSI,49.222778,12.657222, ,0.0,0.0,0,0,0,0,0,0,0,0
TF,RDG,49.040269,12.526547,0, ,0.0,0.0,0.0,0.0,0,0,0,0,0,0,0,0
TF,GOMAX,48.790278,12.348611,0, ,0.0,0.0,0.0,0.0,0,0,0,0,0,0,0,0
TF,VESIX,48.693333,12.311111,0, ,0.0,0.0,0.0,0.0,3,15000,0,1,280,0,0,0
TF,LANDU,48.596361,12.273928,0, ,0.0,0.0,0.0,0.0,0,0,0,0,0,0,0,0
TF,MIQ,48.570225,11.597503,0, ,0.0,0.0,0.0,0.0,0,0,0,0,0,0,0,0

STAR,EXUS3A,08R,3
IF,EXUSI,49.222778,12.657222, ,0.0,0.0,0,0,0,0,0,0,0,0
TF,RDG,49.040269,12.526547,0, ,0.0,0.0,0.0,0.0,0,0,0,0,0,0,0,0
TF,GOMAX,48.790278,12.348611,0, ,0.0,0.0,0.0,0.0,0,0,0,0,0,0,0,0
TF,VESIX,48.693333,12.311111,0, ,0.0,0.0,0.0,0.0,3,15000,0,1,280,0,0,0
TF,LANDU,48.596361,12.273928,0, ,0.0,0.0,0.0,0.0,0,0,0,0,0,0,0,0
TF,MIQ,48.570225,11.597503,0, ,0.0,0.0,0.0,0.0,0,0,0,0,0,0,0,0

STAR,EXUS3A,26L,3
IF,EXUSI,49.222778,12.657222, ,0.0,0.0,0,0,0,0,0,0,0,0
TF,RDG,49.040269,12.526547,0, ,0.0,0.0,0.0,0.0,0,0,0,0,0,0,0,0
TF,GOMAX,48.790278,12.348611,0, ,0.0,0.0,0.0,0.0,0,0,0,0,0,0,0,0
TF,VESIX,48.693333,12.311111,0, ,0.0,0.0,0.0,0.0,3,11000,0,1,280,0,0,0
TF,LANDU,48.596361,12.273928,0, ,0.0,0.0,0.0,0.0,0,0,0,0,0,0,0,0
TF,MIQ,48.570225,11.597503,0, ,0.0,0.0,0.0,0.0,0,0,0,0,0,0,0,0

STAR,EXUS3A,26R,3
IF,EXUSI,49.222778,12.657222, ,0.0,0.0,0,0,0,0,0,0,0,0
TF,RDG,49.040269,12.526547,0, ,0.0,0.0,0.0,0.0,0,0,0,0,0,0,0,0
TF,GOMAX,48.790278,12.348611,0, ,0.0,0.0,0.0,0.0,0,0,0,0,0,0,0,0
TF,VESIX,48.693333,12.311111,0, ,0.0,0.0,0.0,0.0,3,11000,0,1,280,0,0,0
TF,LANDU,48.596361,12.273928,0, ,0.0,0.0,0.0,0.0,0,0,0,0,0,0,0,0
TF,MIQ,48.570225,11.597503,0, ,0.0,0.0,0.0,0.0,0,0,0,0,0,0,0,0

STAR,GESL1A,08L,3
IF,GESLU,48.461944,9.688611, ,0.0,0.0,3,25000,0,0,0,0,0,0
TF,LURER,48.462500,10.600833,0, ,0.0,0.0,0.0,0.0,3,14000,0,1,280,0,0,0
TF,LELTA,48.493056,10.955278,0, ,0.0,0.0,0.0,0.0,0,0,0,0,0,0,0,0
TF,ROKIL,48.513314,11.196725,0, ,0.0,0.0,0.0,0.0,0,0,0,0,0,0,0,0
TF,MIQ,48.570225,11.597503,0, ,0.0,0.0,0.0,0.0,0,0,0,0,0,0,0,0

STAR,GESL1A,08R,3
IF,GESLU,48.461944,9.688611, ,0.0,0.0,3,25000,0,0,0,0,0,0
TF,LURER,48.462500,10.600833,0, ,0.0,0.0,0.0,0.0,3,14000,0,1,280,0,0,0
TF,LELTA,48.493056,10.955278,0, ,0.0,0.0,0.0,0.0,0,0,0,0,0,0,0,0
TF,ROKIL,48.513314,11.196725,0, ,0.0,0.0,0.0,0.0,0,0,0,0,0,0,0,0
TF,MIQ,48.570225,11.597503,0, ,0.0,0.0,0.0,0.0,0,0,0,0,0,0,0,0

STAR,GESL1A,26L,3
IF,GESLU,48.461944,9.688611, ,0.0,0.0,3,25000,0,0,0,0,0,0
TF,LURER,48.462500,10.600833,0, ,0.0,0.0,0.0,0.0,3,16000,0,1,280,0,0,0
TF,LELTA,48.493056,10.955278,0, ,0.0,0.0,0.0,0.0,0,0,0,0,0,0,0,0
TF,ROKIL,48.513314,11.196725,0, ,0.0,0.0,0.0,0.0,0,0,0,0,0,0,0,0
TF,MIQ,48.570225,11.597503,0, ,0.0,0.0,0.0,0.0,0,0,0,0,0,0,0,0

STAR,GESL1A,26R,3
IF,GESLU,48.461944,9.688611, ,0.0,0.0,3,25000,0,0,0,0,0,0
TF,LURER,48.462500,10.600833,0, ,0.0,0.0,0.0,0.0,3,16000,0,1,280,0,0,0
TF,LELTA,48.493056,10.955278,0, ,0.0,0.0,0.0,0.0,0,0,0,0,0,0,0,0
TF,ROKIL,48.513314,11.196725,0, ,0.0,0.0,0.0,0.0,0,0,0,0,0,0,0,0
TF,MIQ,48.570225,11.597503,0, ,0.0,0.0,0.0,0.0,0,0,0,0,0,0,0,0

STAR,IRBI4A,08L,3
IF,IRBIR,47.566389,11.103611, ,0.0,0.0,0,0,0,0,0,0,0,0
TF,NINUR,47.735833,11.250556,0, ,0.0,0.0,0.0,0.0,0,0,0,0,0,0,0,0
TF,ANDEC,47.886667,11.334444,0, ,0.0,0.0,0.0,0.0,3,13000,0,1,280,0,0,0
TF,BETOS,48.068056,11.350000,0, ,0.0,0.0,0.0,0.0,0,0,0,0,0,0,0,0
TF,MUN,48.180325,11.816017,0, ,0.0,0.0,0.0,0.0,0,0,0,0,0,0,0,0

STAR,IRBI4A,08R,3
IF,IRBIR,47.566389,11.103611, ,0.0,0.0,0,0,0,0,0,0,0,0
TF,NINUR,47.735833,11.250556,0, ,0.0,0.0,0.0,0.0,0,0,0,0,0,0,0,0
TF,ANDEC,47.886667,11.334444,0, ,0.0,0.0,0.0,0.0,3,13000,0,1,280,0,0,0
TF,BETOS,48.068056,11.350000,0, ,0.0,0.0,0.0,0.0,0,0,0,0,0,0,0,0
TF,MUN,48.180325,11.816017,0, ,0.0,0.0,0.0,0.0,0,0,0,0,0,0,0,0

STAR,IRBI4A,26L,3
IF,IRBIR,47.566389,11.103611, ,0.0,0.0,0,0,0,0,0,0,0,0
TF,NINUR,47.735833,11.250556,0, ,0.0,0.0,0.0,0.0,0,0,0,0,0,0,0,0
TF,ANDEC,47.886667,11.334444,0, ,0.0,0.0,0.0,0.0,3,15000,0,1,280,0,0,0
TF,BETOS,48.068056,11.350000,0, ,0.0,0.0,0.0,0.0,0,0,0,0,0,0,0,0
TF,MUN,48.180325,11.816017,0, ,0.0,0.0,0.0,0.0,0,0,0,0,0,0,0,0

STAR,IRBI4A,26R,3
IF,IRBIR,47.566389,11.103611, ,0.0,0.0,0,0,0,0,0,0,0,0
TF,NINUR,47.735833,11.250556,0, ,0.0,0.0,0.0,0.0,0,0,0,0,0,0,0,0
TF,ANDEC,47.886667,11.334444,0, ,0.0,0.0,0.0,0.0,3,15000,0,1,280,0,0,0
TF,BETOS,48.068056,11.350000,0, ,0.0,0.0,0.0,0.0,0,0,0,0,0,0,0,0
TF,MUN,48.180325,11.816017,0, ,0.0,0.0,0.0,0.0,0,0,0,0,0,0,0,0

STAR,KOGO3A,08L,3
IF,KOGOL,47.622222,11.399722, ,0.0,0.0,0,0,0,0,0,0,0,0
TF,ANDEC,47.886667,11.334444,0, ,0.0,0.0,0.0,0.0,3,13000,0,1,280,0,0,0
TF,BETOS,48.068056,11.350000,0, ,0.0,0.0,0.0,0.0,0,0,0,0,0,0,0,0
TF,MUN,48.180325,11.816017,0, ,0.0,0.0,0.0,0.0,0,0,0,0,0,0,0,0

STAR,KOGO3A,08R,3
IF,KOGOL,47.622222,11.399722, ,0.0,0.0,0,0,0,0,0,0,0,0
TF,ANDEC,47.886667,11.334444,0, ,0.0,0.0,0.0,0.0,3,13000,0,1,280,0,0,0
TF,BETOS,48.068056,11.350000,0, ,0.0,0.0,0.0,0.0,0,0,0,0,0,0,0,0
TF,MUN,48.180325,11.816017,0, ,0.0,0.0,0.0,0.0,0,0,0,0,0,0,0,0

STAR,KOGO3A,26L,3
IF,KOGOL,47.622222,11.399722, ,0.0,0.0,0,0,0,0,0,0,0,0
TF,ANDEC,47.886667,11.334444,0, ,0.0,0.0,0.0,0.0,3,15000,0,1,280,0,0,0
TF,BETOS,48.068056,11.350000,0, ,0.0,0.0,0.0,0.0,0,0,0,0,0,0,0,0
TF,MUN,48.180325,11.816017,0, ,0.0,0.0,0.0,0.0,0,0,0,0,0,0,0,0

STAR,KOGO3A,26R,3
IF,KOGOL,47.622222,11.399722, ,0.0,0.0,0,0,0,0,0,0,0,0
TF,ANDEC,47.886667,11.334444,0, ,0.0,0.0,0.0,0.0,3,15000,0,1,280,0,0,0
TF,BETOS,48.068056,11.350000,0, ,0.0,0.0,0.0,0.0,0,0,0,0,0,0,0,0
TF,MUN,48.180325,11.816017,0, ,0.0,0.0,0.0,0.0,0,0,0,0,0,0,0,0

STAR,KUNO3A,08L,3
IF,KUNOD,48.338850,9.618542, ,0.0,0.0,3,25000,0,0,0,0,0,0
TF,LURER,48.462500,10.600833,0, ,0.0,0.0,0.0,0.0,3,14000,0,1,280,0,0,0
TF,LELTA,48.493056,10.955278,0, ,0.0,0.0,0.0,0.0,0,0,0,0,0,0,0,0
TF,ROKIL,48.513314,11.196725,0, ,0.0,0.0,0.0,0.0,0,0,0,0,0,0,0,0
TF,MIQ,48.570225,11.597503,0, ,0.0,0.0,0.0,0.0,0,0,0,0,0,0,0,0

STAR,KUNO3A,08R,3
IF,KUNOD,48.338850,9.618542, ,0.0,0.0,3,25000,0,0,0,0,0,0
TF,LURER,48.462500,10.600833,0, ,0.0,0.0,0.0,0.0,3,14000,0,1,280,0,0,0
TF,LELTA,48.493056,10.955278,0, ,0.0,0.0,0.0,0.0,0,0,0,0,0,0,0,0
TF,ROKIL,48.513314,11.196725,0, ,0.0,0.0,0.0,0.0,0,0,0,0,0,0,0,0
TF,MIQ,48.570225,11.597503,0, ,0.0,0.0,0.0,0.0,0,0,0,0,0,0,0,0

STAR,KUNO3A,26L,3
IF,KUNOD,48.338850,9.618542, ,0.0,0.0,3,25000,0,0,0,0,0,0
TF,LURER,48.462500,10.600833,0, ,0.0,0.0,0.0,0.0,3,16000,0,1,280,0,0,0
TF,LELTA,48.493056,10.955278,0, ,0.0,0.0,0.0,0.0,0,0,0,0,0,0,0,0
TF,ROKIL,48.513314,11.196725,0, ,0.0,0.0,0.0,0.0,0,0,0,0,0,0,0,0
TF,MIQ,48.570225,11.597503,0, ,0.0,0.0,0.0,0.0,0,0,0,0,0,0,0,0

STAR,KUNO3A,26R,3
IF,KUNOD,48.338850,9.618542, ,0.0,0.0,3,25000,0,0,0,0,0,0
TF,LURER,48.462500,10.600833,0, ,0.0,0.0,0.0,0.0,3,16000,0,1,280,0,0,0
TF,LELTA,48.493056,10.955278,0, ,0.0,0.0,0.0,0.0,0,0,0,0,0,0,0,0
TF,ROKIL,48.513314,11.196725,0, ,0.0,0.0,0.0,0.0,0,0,0,0,0,0,0,0
TF,MIQ,48.570225,11.597503,0, ,0.0,0.0,0.0,0.0,0,0,0,0,0,0,0,0

STAR,MERS3A,ALL,2
IF,MERSI,47.982208,11.042586, ,0.0,0.0,0,0,0,0,0,0,0,0
TF,BETOS,48.068056,11.350000,0, ,0.0,0.0,0.0,0.0,0,0,0,0,0,0,0,0
TF,MUN,48.180325,11.816017,0, ,0.0,0.0,0.0,0.0,0,0,0,0,0,0,0,0

STAR,NAPS2A,ALL,2
IF,NAPSA,48.144167,12.345556, ,0.0,0.0,3,11000,0,0,0,0,0,0
TF,MUN,48.180325,11.816017,0, ,0.0,0.0,0.0,0.0,0,0,0,0,0,0,0,0

STAR,OBAG4A,08L,3
IF,OBAGA,47.547222,11.251389, ,0.0,0.0,0,0,0,0,0,0,0,0
TF,NINUR,47.735833,11.250556,0, ,0.0,0.0,0.0,0.0,0,0,0,0,0,0,0,0
TF,ANDEC,47.886667,11.334444,0, ,0.0,0.0,0.0,0.0,3,13000,0,1,280,0,0,0
TF,BETOS,48.068056,11.350000,0, ,0.0,0.0,0.0,0.0,0,0,0,0,0,0,0,0
TF,MUN,48.180325,11.816017,0, ,0.0,0.0,0.0,0.0,0,0,0,0,0,0,0,0

STAR,OBAG4A,08R,3
IF,OBAGA,47.547222,11.251389, ,0.0,0.0,0,0,0,0,0,0,0,0
TF,NINUR,47.735833,11.250556,0, ,0.0,0.0,0.0,0.0,0,0,0,0,0,0,0,0
TF,ANDEC,47.886667,11.334444,0, ,0.0,0.0,0.0,0.0,3,13000,0,1,280,0,0,0
TF,BETOS,48.068056,11.350000,0, ,0.0,0.0,0.0,0.0,0,0,0,0,0,0,0,0
TF,MUN,48.180325,11.816017,0, ,0.0,0.0,0.0,0.0,0,0,0,0,0,0,0,0

STAR,OBAG4A,26L,3
IF,OBAGA,47.547222,11.251389, ,0.0,0.0,0,0,0,0,0,0,0,0
TF,NINUR,47.735833,11.250556,0, ,0.0,0.0,0.0,0.0,0,0,0,0,0,0,0,0
TF,ANDEC,47.886667,11.334444,0, ,0.0,0.0,0.0,0.0,3,15000,0,1,280,0,0,0
TF,BETOS,48.068056,11.350000,0, ,0.0,0.0,0.0,0.0,0,0,0,0,0,0,0,0
TF,MUN,48.180325,11.816017,0, ,0.0,0.0,0.0,0.0,0,0,0,0,0,0,0,0

STAR,OBAG4A,26R,3
IF,OBAGA,47.547222,11.251389, ,0.0,0.0,0,0,0,0,0,0,0,0
TF,NINUR,47.735833,11.250556,0, ,0.0,0.0,0.0,0.0,0,0,0,0,0,0,0,0
TF,ANDEC,47.886667,11.334444,0, ,0.0,0.0,0.0,0.0,3,15000,0,1,280,0,0,0
TF,BETOS,48.068056,11.350000,0, ,0.0,0.0,0.0,0.0,0,0,0,0,0,0,0,0
TF,MUN,48.180325,11.816017,0, ,0.0,0.0,0.0,0.0,0,0,0,0,0,0,0,0

STAR,OSDE3A,08L,3
IF,OSDER,47.683333,10.891667, ,0.0,0.0,0,0,0,0,0,0,0,0
TF,DISUN,47.862778,11.105000,0, ,0.0,0.0,0.0,0.0,3,12000,0,1,280,0,0,0
TF,BETOS,48.068056,11.350000,0, ,0.0,0.0,0.0,0.0,0,0,0,0,0,0,0,0
TF,MUN,48.180325,11.816017,0, ,0.0,0.0,0.0,0.0,0,0,0,0,0,0,0,0

STAR,OSDE3A,08R,3
IF,OSDER,47.683333,10.891667, ,0.0,0.0,0,0,0,0,0,0,0,0
TF,DISUN,47.862778,11.105000,0, ,0.0,0.0,0.0,0.0,3,12000,0,1,280,0,0,0
TF,BETOS,48.068056,11.350000,0, ,0.0,0.0,0.0,0.0,0,0,0,0,0,0,0,0
TF,MUN,48.180325,11.816017,0, ,0.0,0.0,0.0,0.0,0,0,0,0,0,0,0,0

STAR,OSDE3A,26L,3
IF,OSDER,47.683333,10.891667, ,0.0,0.0,0,0,0,0,0,0,0,0
TF,DISUN,47.862778,11.105000,0, ,0.0,0.0,0.0,0.0,3,16000,0,1,280,0,0,0
TF,BETOS,48.068056,11.350000,0, ,0.0,0.0,0.0,0.0,0,0,0,0,0,0,0,0
TF,MUN,48.180325,11.816017,0, ,0.0,0.0,0.0,0.0,0,0,0,0,0,0,0,0

STAR,OSDE3A,26R,3
IF,OSDER,47.683333,10.891667, ,0.0,0.0,0,0,0,0,0,0,0,0
TF,DISUN,47.862778,11.105000,0, ,0.0,0.0,0.0,0.0,3,16000,0,1,280,0,0,0
TF,BETOS,48.068056,11.350000,0, ,0.0,0.0,0.0,0.0,0,0,0,0,0,0,0,0
TF,MUN,48.180325,11.816017,0, ,0.0,0.0,0.0,0.0,0,0,0,0,0,0,0,0

STAR,PELO3A,08L,3
IF,PELOG,48.228056,9.675000, ,0.0,0.0,3,25000,0,0,0,0,0,0
TF,LURER,48.462500,10.600833,0, ,0.0,0.0,0.0,0.0,3,14000,0,1,280,0,0,0
TF,LELTA,48.493056,10.955278,0, ,0.0,0.0,0.0,0.0,0,0,0,0,0,0,0,0
TF,ROKIL,48.513314,11.196725,0, ,0.0,0.0,0.0,0.0,0,0,0,0,0,0,0,0
TF,MIQ,48.570225,11.597503,0, ,0.0,0.0,0.0,0.0,0,0,0,0,0,0,0,0

STAR,PELO3A,08R,3
IF,PELOG,48.228056,9.675000, ,0.0,0.0,3,25000,0,0,0,0,0,0
TF,LURER,48.462500,10.600833,0, ,0.0,0.0,0.0,0.0,3,14000,0,1,280,0,0,0
TF,LELTA,48.493056,10.955278,0, ,0.0,0.0,0.0,0.0,0,0,0,0,0,0,0,0
TF,ROKIL,48.513314,11.196725,0, ,0.0,0.0,0.0,0.0,0,0,0,0,0,0,0,0
TF,MIQ,48.570225,11.597503,0, ,0.0,0.0,0.0,0.0,0,0,0,0,0,0,0,0

STAR,PELO3A,26L,3
IF,PELOG,48.228056,9.675000, ,0.0,0.0,3,25000,0,0,0,0,0,0
TF,LURER,48.462500,10.600833,0, ,0.0,0.0,0.0,0.0,3,16000,0,1,280,0,0,0
TF,LELTA,48.493056,10.955278,0, ,0.0,0.0,0.0,0.0,0,0,0,0,0,0,0,0
TF,ROKIL,48.513314,11.196725,0, ,0.0,0.0,0.0,0.0,0,0,0,0,0,0,0,0
TF,MIQ,48.570225,11.597503,0, ,0.0,0.0,0.0,0.0,0,0,0,0,0,0,0,0

STAR,PELO3A,26R,3
IF,PELOG,48.228056,9.675000, ,0.0,0.0,3,25000,0,0,0,0,0,0
TF,LURER,48.462500,10.600833,0, ,0.0,0.0,0.0,0.0,3,16000,0,1,280,0,0,0
TF,LELTA,48.493056,10.955278,0, ,0.0,0.0,0.0,0.0,0,0,0,0,0,0,0,0
TF,ROKIL,48.513314,11.196725,0, ,0.0,0.0,0.0,0.0,0,0,0,0,0,0,0,0
TF,MIQ,48.570225,11.597503,0, ,0.0,0.0,0.0,0.0,0,0,0,0,0,0,0,0

STAR,RIXE3A,08L,3
IF,RIXED,48.829444,10.418611, ,0.0,0.0,3,25000,0,0,0,0,0,0
TF,DODIL,48.732567,10.573739,0, ,0.0,0.0,0.0,0.0,0,0,0,0,0,0,0,0
TF,REDVO,48.657392,10.693458,0, ,0.0,0.0,0.0,0.0,0,0,0,0,0,0,0,0
TF,RIDAR,48.588422,10.802825,0, ,0.0,0.0,0.0,0.0,3,13000,0,1,280,0,0,0
TF,LELTA,48.493056,10.955278,0, ,0.0,0.0,0.0,0.0,0,0,0,0,0,0,0,0
TF,ROKIL,48.513314,11.196725,0, ,0.0,0.0,0.0,0.0,0,0,0,0,0,0,0,0
TF,MIQ,48.570225,11.597503,0, ,0.0,0.0,0.0,0.0,0,0,0,0,0,0,0,0

STAR,RIXE3A,08R,3
IF,RIXED,48.829444,10.418611, ,0.0,0.0,3,25000,0,0,0,0,0,0
TF,DODIL,48.732567,10.573739,0, ,0.0,0.0,0.0,0.0,0,0,0,0,0,0,0,0
TF,REDVO,48.657392,10.693458,0, ,0.0,0.0,0.0,0.0,0,0,0,0,0,0,0,0
TF,RIDAR,48.588422,10.802825,0, ,0.0,0.0,0.0,0.0,3,13000,0,1,280,0,0,0
TF,LELTA,48.493056,10.955278,0, ,0.0,0.0,0.0,0.0,0,0,0,0,0,0,0,0
TF,ROKIL,48.513314,11.196725,0, ,0.0,0.0,0.0,0.0,0,0,0,0,0,0,0,0
TF,MIQ,48.570225,11.597503,0, ,0.0,0.0,0.0,0.0,0,0,0,0,0,0,0,0

STAR,RIXE3A,26L,3
IF,RIXED,48.829444,10.418611, ,0.0,0.0,3,25000,0,0,0,0,0,0
TF,DODIL,48.732567,10.573739,0, ,0.0,0.0,0.0,0.0,0,0,0,0,0,0,0,0
TF,REDVO,48.657392,10.693458,0, ,0.0,0.0,0.0,0.0,0,0,0,0,0,0,0,0
TF,RIDAR,48.588422,10.802825,0, ,0.0,0.0,0.0,0.0,3,15000,0,1,280,0,0,0
TF,LELTA,48.493056,10.955278,0, ,0.0,0.0,0.0,0.0,0,0,0,0,0,0,0,0
TF,ROKIL,48.513314,11.196725,0, ,0.0,0.0,0.0,0.0,0,0,0,0,0,0,0,0
TF,MIQ,48.570225,11.597503,0, ,0.0,0.0,0.0,0.0,0,0,0,0,0,0,0,0

STAR,RIXE3A,26R,3
IF,RIXED,48.829444,10.418611, ,0.0,0.0,3,25000,0,0,0,0,0,0
TF,DODIL,48.732567,10.573739,0, ,0.0,0.0,0.0,0.0,0,0,0,0,0,0,0,0
TF,REDVO,48.657392,10.693458,0, ,0.0,0.0,0.0,0.0,0,0,0,0,0,0,0,0
TF,RIDAR,48.588422,10.802825,0, ,0.0,0.0,0.0,0.0,3,15000,0,1,280,0,0,0
TF,LELTA,48.493056,10.955278,0, ,0.0,0.0,0.0,0.0,0,0,0,0,0,0,0,0
TF,ROKIL,48.513314,11.196725,0, ,0.0,0.0,0.0,0.0,0,0,0,0,0,0,0,0
TF,MIQ,48.570225,11.597503,0, ,0.0,0.0,0.0,0.0,0,0,0,0,0,0,0,0

APPTR,I08L,08L,DM429
IF,DM429,48.493422,12.378447, ,0.0,0.0,0,0,0,0,0,0,0,0
TF,DM428,48.482686,12.229178,0, ,0.0,0.0,0.0,0.0,0,0,0,0,0,0,0,0
TF,DM427,48.468053,12.030256,0, ,0.0,0.0,0.0,0.0,0,0,0,0,0,0,0,0
TF,DM423,48.436925,11.622858,0, ,0.0,0.0,0.0,0.0,2,8000,0,0,0,0,0,0
TF,DM420,48.399839,11.162094,0, ,0.0,0.0,0.0,0.0,0,0,0,0,0,0,0,0
FM,DM420,48.399839,11.162094,0,MUN,0.0,0.0,261.0,0,0,0,0,0,0,0,0
CF,MAGAT,48.341522,11.496439,1,IMNE,260.4,13.3,80.0,16.0,2,5000,0,0,0,0,0,0

APPTR,I08L,08L,LAN08
IF,LANDU,48.596361,12.273928, ,0.0,0.0,0,0,0,0,0,0,0,0
TF,DM428,48.482686,12.229178,0, ,0.0,0.0,0.0,0.0,0,0,0,0,0,0,0,0
TF,DM427,48.468053,12.030256,0, ,0.0,0.0,0.0,0.0,0,0,0,0,0,0,0,0
TF,DM423,48.436925,11.622858,0, ,0.0,0.0,0.0,0.0,2,8000,0,0,0,0,0,0
TF,DM420,48.399839,11.162094,0, ,0.0,0.0,0.0,0.0,0,0,0,0,0,0,0,0
FM,DM420,48.399839,11.162094,0,MUN,0.0,0.0,261.0,0,0,0,0,0,0,0,0
CF,MAGAT,48.341522,11.496439,1,IMNE,260.4,13.3,80.0,16.0,2,5000,0,0,0,0,0,0

APPTR,I08L,08L,LUL1C
IF,LULAR,49.365833,12.758889, ,0.0,0.0,4,27000,23000,0,0,0,0,0
TF,GOMAX,48.790278,12.348611,0, ,0.0,0.0,0.0,0.0,0,0,0,0,0,0,0,0
TF,VESIX,48.693333,12.311111,0, ,0.0,0.0,0.0,0.0,4,19000,16000,1,280,0,0,0
TF,LANDU,48.596361,12.273928,0, ,0.0,0.0,0.0,0.0,0,0,0,0,0,0,0,0
TF,DM428,48.482686,12.229178,0, ,0.0,0.0,0.0,0.0,3,17000,0,1,250,0,0,0
TF,DM426,48.460414,11.928356,0, ,0.0,0.0,0.0,0.0,2,11000,0,1,230,0,0,0
TF,DM424,48.444850,11.724658,0, ,0.0,0.0,0.0,0.0,1,9000,0,1,220,0,0,0
TF,DM420,48.399839,11.162094,0, ,0.0,0.0,0.0,0.0,0,0,0,0,0,0,0,0
FM,DM420,48.399839,11.162094,0,MUN,0.0,0.0,261.0,0,0,0,0,0,0,0,0
CF,MAGAT,48.341522,11.496439,1,IMNE,260.4,13.4,80.0,16.0,2,5000,0,0,0,0,0,0

APPTR,I08L,08L,MIQ
IF,MIQ,48.570225,11.597503, ,0.0,0.0,2,5000,0,0,0,0,1,0
CF,D105N,48.508447,11.476172,0,WLD,105.0,14.5,226.0,6.1,0,0,0,0,0,0,0,0
CF,D128L,48.444894,11.369903,0,WLD,128.0,12.5,226.0,5.7,0,0,0,0,0,0,0,1
CF,D136R,48.352044,11.435994,0,WLD,136.0,18.3,136.0,6.2,0,0,0,0,0,0,0,1
CF,MAGAT,48.341522,11.496439,0,IMNE,260.4,13.3,80.0,2.0,2,5000,0,0,0,0,0,0

APPTR,I08L,08L,NIR1C
IF,NIRGO,49.330944,13.132219, ,0.0,0.0,4,29000,25000,0,0,0,0,0
TF,LITLI,48.964444,12.863889,0, ,0.0,0.0,0.0,0.0,0,0,0,0,0,0,0,0
TF,OSTES,48.706111,12.678889,0, ,0.0,0.0,0.0,0.0,0,0,0,0,0,0,0,0
TF,BINGU,48.620278,12.617500,0, ,0.0,0.0,0.0,0.0,4,19000,16000,1,280,0,0,0
TF,DM428,48.482686,12.229178,0, ,0.0,0.0,0.0,0.0,3,17000,0,1,250,0,0,0
TF,DM426,48.460414,11.928356,0, ,0.0,0.0,0.0,0.0,2,11000,0,1,230,0,0,0
TF,DM424,48.444850,11.724658,0, ,0.0,0.0,0.0,0.0,1,9000,0,1,220,0,0,0
TF,DM420,48.399839,11.162094,0, ,0.0,0.0,0.0,0.0,0,0,0,0,0,0,0,0
FM,DM420,48.399839,11.162094,0,MUN,0.0,0.0,261.0,0,0,0,0,0,0,0,0
CF,MAGAT,48.341522,11.496439,1,IMNE,260.4,13.4,80.0,16.0,2,5000,0,0,0,0,0,0

APPTR,I08L,08L,ROK08
IF,ROKIL,48.513314,11.196725, ,0.0,0.0,0,0,0,0,0,0,0,0
TF,DM412,48.577156,12.011833,0, ,0.0,0.0,0.0,0.0,0,0,0,0,0,0,0,0
TF,DM427,48.468053,12.030256,0, ,0.0,0.0,0.0,0.0,0,0,0,0,0,0,0,0
TF,DM423,48.436925,11.622858,0, ,0.0,0.0,0.0,0.0,2,8000,0,0,0,0,0,0
TF,DM420,48.399839,11.162094,0, ,0.0,0.0,0.0,0.0,0,0,0,0,0,0,0,0
FM,DM420,48.399839,11.162094,0,MUN,0.0,0.0,261.0,0,0,0,0,0,0,0,0
CF,MAGAT,48.341522,11.496439,1,IMNE,260.4,13.3,80.0,16.0,2,5000,0,0,0,0,0,0

APPTR,I08L,08L,VES1C
IF,VESUB,49.419258,12.997417, ,0.0,0.0,4,29000,25000,0,0,0,0,0
TF,ODUDA,49.074722,12.747222,0, ,0.0,0.0,0.0,0.0,0,0,0,0,0,0,0,0
TF,NETES,48.906389,12.626389,0, ,0.0,0.0,0.0,0.0,0,0,0,0,0,0,0,0
TF,UNKOM,48.796667,12.548333,0, ,0.0,0.0,0.0,0.0,0,0,0,0,0,0,0,0
TF,MITNU,48.701944,12.494722,0, ,0.0,0.0,0.0,0.0,4,19000,16000,1,280,0,0,0
TF,TUSTO,48.608333,12.441667,0, ,0.0,0.0,0.0,0.0,0,0,0,0,0,0,0,0
TF,DM428,48.482686,12.229178,0, ,0.0,0.0,0.0,0.0,3,17000,0,1,250,0,0,0
TF,DM426,48.460414,11.928356,0, ,0.0,0.0,0.0,0.0,2,11000,0,1,230,0,0,0
TF,DM424,48.444850,11.724658,0, ,0.0,0.0,0.0,0.0,1,9000,0,1,220,0,0,0
TF,DM420,48.399839,11.162094,0, ,0.0,0.0,0.0,0.0,0,0,0,0,0,0,0,0
FM,DM420,48.399839,11.162094,0,MUN,0.0,0.0,261.0,0,0,0,0,0,0,0,0
CF,MAGAT,48.341522,11.496439,1,IMNE,260.4,13.4,80.0,16.0,2,5000,0,0,0,0,0,0

FINAL,I08L,08L,I,3
IF,MAGAT,48.341522,11.496439,IMNE,260.4,13.4,2,5000,0,0,0,0,0,0
CF,FI08L,48.355631,11.675467,0,IMNE,260.5,6.2,80.0,7.2,1,2700,0,0,0,0,2,0
CF,RW08L,48.362767,11.767550,0,IMNE,260.5,2.5,80.0,3.7,1,1517,0,0,0,0,3,0
CF,D080A,48.366714,11.818944,0,WLD,112.6,30.4,80.0,2.1,0,0,0,0,0,0,0,0
FA,D080A,48.366714,11.818944,0,WLD,0.0,0.0,80.0,2,1900,0,0,0,0,0,0
DF,MIQ,48.570225,11.597503,1, ,0.0,0.0,1,5000,0,0,0,0,0,0

APPTR,I08R,08R,BET08
IF,BETOS,48.068056,11.350000, ,0.0,0.0,0,0,0,0,0,0,0,0
TF,DM472,48.120031,11.458086,0, ,0.0,0.0,0.0,0.0,0,0,0,0,0,0,0,0
TF,DM476,48.168144,12.080467,0, ,0.0,0.0,0.0,0.0,0,0,0,0,0,0,0,0
TF,DM457,48.277225,12.062275,0, ,0.0,0.0,0.0,0.0,0,0,0,0,0,0,0,0
TF,DM453,48.246264,11.656453,0, ,0.0,0.0,0.0,0.0,2,8000,0,0,0,0,0,0
TF,DM450,48.209375,11.197461,0, ,0.0,0.0,0.0,0.0,0,0,0,0,0,0,0,0
FM,DM450,48.209375,11.197461,0,MUN,0.0,0.0,261.0,0,0,0,0,0,0,0,0
CF,BEGEN,48.319533,11.481500,2,IMSE,260.4,13.6,80.0,16.0,2,5000,0,0,0,0,0,0

APPTR,I08R,08R,DM459
IF,DM459,48.302456,12.409128, ,0.0,0.0,0,0,0,0,0,0,0,0
TF,DM458,48.290317,12.240322,0, ,0.0,0.0,0.0,0.0,0,0,0,0,0,0,0,0
TF,DM457,48.277225,12.062275,0, ,0.0,0.0,0.0,0.0,0,0,0,0,0,0,0,0
TF,DM453,48.246264,11.656453,0, ,0.0,0.0,0.0,0.0,2,8000,0,0,0,0,0,0
TF,DM450,48.209375,11.197461,0, ,0.0,0.0,0.0,0.0,0,0,0,0,0,0,0,0
FM,DM450,48.209375,11.197461,0,MUN,0.0,0.0,261.0,0,0,0,0,0,0,0,0
CF,BEGEN,48.319533,11.481500,2,IMSE,260.4,13.6,80.0,16.0,2,5000,0,0,0,0,0,0

APPTR,I08R,08R,DM470
IF,DM470,48.087831,11.065933, ,0.0,0.0,0,0,0,0,0,0,0,0
TF,DM471,48.100453,11.217544,0, ,0.0,0.0,0.0,0.0,0,0,0,0,0,0,0,0
TF,DM472,48.120031,11.458086,0, ,0.0,0.0,0.0,0.0,0,0,0,0,0,0,0,0
TF,DM476,48.168144,12.080467,0, ,0.0,0.0,0.0,0.0,0,0,0,0,0,0,0,0
TF,DM457,48.277225,12.062275,0, ,0.0,0.0,0.0,0.0,0,0,0,0,0,0,0,0
TF,DM453,48.246264,11.656453,0, ,0.0,0.0,0.0,0.0,2,8000,0,0,0,0,0,0
TF,DM450,48.209375,11.197461,0, ,0.0,0.0,0.0,0.0,0,0,0,0,0,0,0,0
FM,DM450,48.209375,11.197461,0,MUN,0.0,0.0,261.0,0,0,0,0,0,0,0,0
CF,BEGEN,48.319533,11.481500,2,IMSE,260.4,13.6,80.0,16.0,2,5000,0,0,0,0,0,0

APPTR,I08R,08R,MUN
IF,MUN,48.180325,11.816017, ,0.0,0.0,2,5000,0,0,0,0,1,0
CF,D261R,48.148122,11.370467,0,MUN,261.0,18.0,261.0,18.0,2,5000,0,0,0,0,0,1
CF,MAH,48.263431,11.311925,2,MAH,0.0,0.0,352.0,7.0,2,5000,0,0,0,0,0,0
CF,D057F,48.314828,11.440344,0,MAH,57.0,6.0,57.0,6.0,0,0,0,0,0,0,0,1
CF,BEGEN,48.319533,11.481500,0,IMSE,260.4,13.6,80.0,1.7,2,5000,0,0,0,0,0,0

APPTR,I08R,08R,NAP08
IF,NAPSA,48.144167,12.345556, ,0.0,0.0,0,0,0,0,0,0,0,0
TF,DM458,48.290317,12.240322,0, ,0.0,0.0,0.0,0.0,0,0,0,0,0,0,0,0
TF,DM457,48.277225,12.062275,0, ,0.0,0.0,0.0,0.0,0,0,0,0,0,0,0,0
TF,DM453,48.246264,11.656453,0, ,0.0,0.0,0.0,0.0,2,8000,0,0,0,0,0,0
TF,DM450,48.209375,11.197461,0, ,0.0,0.0,0.0,0.0,0,0,0,0,0,0,0,0
FM,DM450,48.209375,11.197461,0,MUN,0.0,0.0,261.0,0,0,0,0,0,0,0,0
CF,BEGEN,48.319533,11.481500,2,IMSE,260.4,13.6,80.0,16.0,2,5000,0,0,0,0,0,0

FINAL,I08R,08R,I,3
IF,BEGEN,48.319533,11.481500,IMSE,260.4,13.6,2,5000,0,0,0,0,0,0
CF,FI08R,48.333111,11.653731,0,IMSE,260.4,6.6,80.0,6.9,1,2780,0,0,0,0,2,0
CF,RW08R,48.340669,11.751017,0,IMSE,260.4,2.7,80.0,3.9,1,1536,0,0,0,0,3,0
CF,D080B,48.344625,11.802389,0,MUN,353.8,9.9,80.0,2.1,0,0,0,0,0,0,0,0
FA,D080B,48.344625,11.802389,0,MUN,0.0,0.0,80.0,2,1900,0,0,0,0,0,0
DF,MUN,48.180325,11.816017,2, ,0.0,0.0,1,5000,0,0,0,0,0,0

APPTR,I26L,26L,BET26
IF,BETOS,48.068056,11.350000, ,0.0,0.0,0,0,0,0,0,0,0,0
TF,DM452,48.238289,11.555086,0, ,0.0,0.0,0.0,0.0,0,0,0,0,0,0,0,0
TF,DM455,48.261933,11.859306,0, ,0.0,0.0,0.0,0.0,2,8000,0,0,0,0,0,0
TF,DM459,48.302456,12.409128,0, ,0.0,0.0,0.0,0.0,0,0,0,0,0,0,0,0
FM,DM459,48.302456,12.409128,0,MUN,0.0,0.0,81.0,0,0,0,0,0,0,0,0
CF,NELBI,48.365233,12.075650,1,IMSW,80.4,13.6,261.0,16.0,2,5000,0,0,0,0,0,0

APPTR,I26L,26L,DM450
IF,DM450,48.209375,11.197461, ,0.0,0.0,0,0,0,0,0,0,0,0
TF,DM451,48.221503,11.345633,0, ,0.0,0.0,0.0,0.0,0,0,0,0,0,0,0,0
TF,DM452,48.238289,11.555086,0, ,0.0,0.0,0.0,0.0,0,0,0,0,0,0,0,0
TF,DM455,48.261933,11.859306,0, ,0.0,0.0,0.0,0.0,2,8000,0,0,0,0,0,0
TF,DM459,48.302456,12.409128,0, ,0.0,0.0,0.0,0.0,0,0,0,0,0,0,0,0
FM,DM459,48.302456,12.409128,0,MUN,0.0,0.0,81.0,0,0,0,0,0,0,0,0
CF,NELBI,48.365233,12.075650,1,IMSW,80.4,13.6,261.0,16.0,2,5000,0,0,0,0,0,0

APPTR,I26L,26L,DM469
IF,DM469,48.164214,12.630269, ,0.0,0.0,0,0,0,0,0,0,0,0
TF,DM468,48.154219,12.486986,0, ,0.0,0.0,0.0,0.0,0,0,0,0,0,0,0,0
TF,NAPSA,48.144167,12.345556,0, ,0.0,0.0,0.0,0.0,0,0,0,0,0,0,0,0
TF,DM463,48.086622,11.581906,0, ,0.0,0.0,0.0,0.0,0,0,0,0,0,0,0,0
TF,DM452,48.238289,11.555086,0, ,0.0,0.0,0.0,0.0,0,0,0,0,0,0,0,0
TF,DM455,48.261933,11.859306,0, ,0.0,0.0,0.0,0.0,2,8000,0,0,0,0,0,0
TF,DM459,48.302456,12.409128,0, ,0.0,0.0,0.0,0.0,0,0,0,0,0,0,0,0
FM,DM459,48.302456,12.409128,0,MUN,0.0,0.0,81.0,0,0,0,0,0,0,0,0
CF,NELBI,48.365233,12.075650,1,IMSW,80.4,13.6,261.0,16.0,2,5000,0,0,0,0,0,0

APPTR,I26L,26L,MUN
IF,MUN,48.180325,11.816017, ,0.0,0.0,2,5000,0,0,0,0,1,0
FD,MUN,48.180325,11.816017,0,MUN,0.0,15.4,55.0,15.4,2,5000,0,0,0,0,0,0
CF,NELBI,48.365233,12.075650,1,IMSW,80.4,13.6,261.0,4.0,2,5000,0,0,0,0,0,0

APPTR,I26L,26L,NAP26
IF,NAPSA,48.144167,12.345556, ,0.0,0.0,0,0,0,0,0,0,0,0
TF,DM463,48.086622,11.581906,0, ,0.0,0.0,0.0,0.0,0,0,0,0,0,0,0,0
TF,DM452,48.238289,11.555086,0, ,0.0,0.0,0.0,0.0,0,0,0,0,0,0,0,0
TF,DM455,48.261933,11.859306,0, ,0.0,0.0,0.0,0.0,2,8000,0,0,0,0,0,0
TF,DM459,48.302456,12.409128,0, ,0.0,0.0,0.0,0.0,0,0,0,0,0,0,0,0
FM,DM459,48.302456,12.409128,0,MUN,0.0,0.0,81.0,0,0,0,0,0,0,0,0
CF,NELBI,48.365233,12.075650,1,IMSW,80.4,13.6,261.0,16.0,2,5000,0,0,0,0,0,0

FINAL,I26L,26L,I,3
IF,NELBI,48.365233,12.075650,IMSW,80.4,13.6,2,5000,0,0,0,0,0,0
CF,FI26L,48.352406,11.904317,0,IMSW,80.4,6.7,261.0,6.9,1,2800,0,0,0,0,2,0
CF,RW26L,48.344797,11.804614,0,IMSW,80.4,2.7,261.0,4.0,1,1525,0,0,0,0,3,0
CF,D261B,48.340842,11.753239,0,MUN,342.4,10.0,261.0,2.1,0,0,0,0,0,0,0,0
FA,D261B,48.340842,11.753239,0,MUN,0.0,0.0,261.0,2,1900,0,0,0,0,0,0
DF,MUN,48.180325,11.816017,1, ,0.0,0.0,1,5000,0,0,0,0,0,0

APPTR,I26R,26R,DM420
IF,DM420,48.399839,11.162094, ,0.0,0.0,0,0,0,0,0,0,0,0
TF,DM421,48.413675,11.331114,0, ,0.0,0.0,0.0,0.0,0,0,0,0,0,0,0,0
TF,DM422,48.428906,11.521092,0, ,0.0,0.0,0.0,0.0,0,0,0,0,0,0,0,0
TF,DM425,48.452678,11.826492,0, ,0.0,0.0,0.0,0.0,2,8000,0,0,0,0,0,0
TF,DM429,48.493422,12.378447,0, ,0.0,0.0,0.0,0.0,0,0,0,0,0,0,0,0
FM,DM429,48.493422,12.378447,0,MUN,0.0,0.0,80.0,0,0,0,0,0,0,0,0
CF,GUDEG,48.387431,12.093969,2,IMNW,80.4,13.7,261.0,16.0,2,5000,0,0,0,0,0,0

APPTR,I26R,26R,ELM1C
IF,ELMOX,49.383611,9.824722, ,0.0,0.0,4,37000,32000,0,0,0,0,0
TF,PIGAB,49.198333,10.143333,0, ,0.0,0.0,0.0,0.0,4,31000,27000,0,0,0,0,0
TF,DKB,49.142753,10.238306,0, ,0.0,0.0,0.0,0.0,0,0,0,0,0,0,0,0
TF,LEVBU,49.006944,10.456667,0, ,0.0,0.0,0.0,0.0,4,27000,25000,0,0,0,0,0
TF,ANORA,48.949444,10.548333,0, ,0.0,0.0,0.0,0.0,4,26000,22000,0,0,0,0,0
TF,BURAM,48.695497,10.949003,0, ,0.0,0.0,0.0,0.0,4,19000,16000,1,280,0,0,0
TF,DM421,48.413675,11.331114,0, ,0.0,0.0,0.0,0.0,3,17000,0,1,240,0,0,0
TF,DM423,48.436925,11.622858,0, ,0.0,0.0,0.0,0.0,2,11000,0,1,230,0,0,0
TF,DM425,48.452678,11.826492,0, ,0.0,0.0,0.0,0.0,1,9000,0,1,220,0,0,0
TF,DM429,48.493422,12.378447,0, ,0.0,0.0,0.0,0.0,0,0,0,0,0,0,0,0
FM,DM429,48.493422,12.378447,0,MUN,0.0,0.0,80.0,0,0,0,0,0,0,0,0
CF,GUDEG,48.387431,12.093969,2,IMNW,80.4,13.7,261.0,16.0,2,5000,0,0,0,0,0,0

APPTR,I26R,26R,LAN26
IF,LANDU,48.596361,12.273928, ,0.0,0.0,0,0,0,0,0,0,0,0
TF,DM411,48.537917,11.501536,0, ,0.0,0.0,0.0,0.0,0,0,0,0,0,0,0,0
TF,DM422,48.428906,11.521092,0, ,0.0,0.0,0.0,0.0,0,0,0,0,0,0,0,0
TF,DM425,48.452678,11.826492,0, ,0.0,0.0,0.0,0.0,2,8000,0,0,0,0,0,0
TF,DM429,48.493422,12.378447,0, ,0.0,0.0,0.0,0.0,0,0,0,0,0,0,0,0
FM,DM429,48.493422,12.378447,0,MUN,0.0,0.0,80.0,0,0,0,0,0,0,0,0
CF,GUDEG,48.387431,12.093969,2,IMNW,80.4,13.7,261.0,16.0,2,5000,0,0,0,0,0,0

APPTR,I26R,26R,LEV1C
IF,LEVBU,49.006944,10.456667, ,0.0,0.0,4,27000,25000,0,0,0,0,0
TF,ANORA,48.949444,10.548333,0, ,0.0,0.0,0.0,0.0,4,26000,22000,0,0,0,0,0
TF,BURAM,48.695497,10.949003,0, ,0.0,0.0,0.0,0.0,4,19000,16000,1,280,0,0,0
TF,DM421,48.413675,11.331114,0, ,0.0,0.0,0.0,0.0,3,17000,0,1,240,0,0,0
TF,DM423,48.436925,11.622858,0, ,0.0,0.0,0.0,0.0,2,11000,0,1,230,0,0,0
TF,DM425,48.452678,11.826492,0, ,0.0,0.0,0.0,0.0,1,9000,0,1,220,0,0,0
TF,DM429,48.493422,12.378447,0, ,0.0,0.0,0.0,0.0,0,0,0,0,0,0,0,0
FM,DM429,48.493422,12.378447,0,MUN,0.0,0.0,80.0,0,0,0,0,0,0,0,0
CF,GUDEG,48.387431,12.093969,2,IMNW,80.4,13.7,261.0,16.0,2,5000,0,0,0,0,0,0

APPTR,I26R,26R,MIQ
IF,MIQ,48.570225,11.597503, ,0.0,0.0,2,5000,0,0,0,0,1,0
TF,D036U,48.450483,12.145442,0, ,0.0,0.0,0.0,0.0,2,5000,0,0,0,0,0,1
CF,GUDEG,48.387431,12.093969,2,IMNW,80.4,13.7,261.0,3.0,2,5000,0,0,0,0,0,0

APPTR,I26R,26R,ROK26
IF,ROKIL,48.513314,11.196725, ,0.0,0.0,0,0,0,0,0,0,0,0
TF,DM421,48.413675,11.331114,0, ,0.0,0.0,0.0,0.0,0,0,0,0,0,0,0,0
TF,DM422,48.428906,11.521092,0, ,0.0,0.0,0.0,0.0,0,0,0,0,0,0,0,0
TF,DM425,48.452678,11.826492,0, ,0.0,0.0,0.0,0.0,2,8000,0,0,0,0,0,0
TF,DM429,48.493422,12.378447,0, ,0.0,0.0,0.0,0.0,0,0,0,0,0,0,0,0
FM,DM429,48.493422,12.378447,0,MUN,0.0,0.0,80.0,0,0,0,0,0,0,0,0
CF,GUDEG,48.387431,12.093969,2,IMNW,80.4,13.7,261.0,16.0,2,5000,0,0,0,0,0,0

FINAL,I26R,26R,I,3
IF,GUDEG,48.387431,12.093969,IMNW,80.4,13.7,2,5000,0,0,0,0,0,0
CF,FI26R,48.373922,11.913567,0,IMNW,80.4,6.4,261.0,7.3,1,2690,0,0,0,0,2,0
CF,RW26R,48.366886,11.821172,0,IMNW,80.4,2.7,261.0,3.7,1,1500,0,0,0,0,3,0
CF,D261A,48.362936,11.769772,0,MUN,347.4,11.1,261.0,2.1,0,0,0,0,0,0,0,0
FA,D261A,48.362936,11.769772,0,MUN,0.0,0.0,261.0,2,1900,0,0,0,0,0,0
DF,MIQ,48.570225,11.597503,2, ,0.0,0.0,1,5000,0,0,0,0,0,0

APPTR,Q08L,08L,DM429
IF,DM429,48.493422,12.378447, ,0.0,0.0,0,0,0,0,0,0,0,0
TF,DM428,48.482686,12.229178,0, ,0.0,0.0,0.0,0.0,0,0,0,0,0,0,0,0
TF,DM427,48.468053,12.030256,0, ,0.0,0.0,0.0,0.0,0,0,0,0,0,0,0,0
TF,DM423,48.436925,11.622858,0, ,0.0,0.0,0.0,0.0,2,8000,0,0,0,0,0,0
TF,DM420,48.399839,11.162094,0, ,0.0,0.0,0.0,0.0,0,0,0,0,0,0,0,0
FM,DM420,48.399839,11.162094,0,MUN,0.0,0.0,261.0,0,0,0,0,0,0,0,0
CF,MAGAT,48.341522,11.496439,1,MUN,304.2,16.1,80.0,16.0,2,5000,0,0,0,0,0,0

APPTR,Q08L,08L,LAN08
IF,LANDU,48.596361,12.273928, ,0.0,0.0,0,0,0,0,0,0,0,0
TF,DM428,48.482686,12.229178,0, ,0.0,0.0,0.0,0.0,0,0,0,0,0,0,0,0
TF,DM427,48.468053,12.030256,0, ,0.0,0.0,0.0,0.0,0,0,0,0,0,0,0,0
TF,DM423,48.436925,11.622858,0, ,0.0,0.0,0.0,0.0,2,8000,0,0,0,0,0,0
TF,DM420,48.399839,11.162094,0, ,0.0,0.0,0.0,0.0,0,0,0,0,0,0,0,0
FM,DM420,48.399839,11.162094,0,MUN,0.0,0.0,261.0,0,0,0,0,0,0,0,0
CF,MAGAT,48.341522,11.496439,1,MUN,304.2,16.1,80.0,16.0,2,5000,0,0,0,0,0,0

APPTR,Q08L,08L,LUL1C
IF,LULAR,49.365833,12.758889, ,0.0,0.0,4,27000,23000,0,0,0,0,0
TF,GOMAX,48.790278,12.348611,0, ,0.0,0.0,0.0,0.0,0,0,0,0,0,0,0,0
TF,VESIX,48.693333,12.311111,0, ,0.0,0.0,0.0,0.0,4,19000,16000,1,280,0,0,0
TF,LANDU,48.596361,12.273928,0, ,0.0,0.0,0.0,0.0,0,0,0,0,0,0,0,0
TF,DM428,48.482686,12.229178,0, ,0.0,0.0,0.0,0.0,3,17000,0,1,250,0,0,0
TF,DM426,48.460414,11.928356,0, ,0.0,0.0,0.0,0.0,2,11000,0,1,230,0,0,0
TF,DM424,48.444850,11.724658,0, ,0.0,0.0,0.0,0.0,1,9000,0,1,220,0,0,0
TF,DM420,48.399839,11.162094,0, ,0.0,0.0,0.0,0.0,0,0,0,0,0,0,0,0
FM,DM420,48.399839,11.162094,0,MUN,0.0,0.0,261.0,0,0,0,0,0,0,0,0
CF,MAGAT,48.341522,11.496439,1,MUN,304.2,16.1,80.0,16.0,2,5000,0,0,0,0,0,0

APPTR,Q08L,08L,MIQ
IF,MIQ,48.570225,11.597503, ,0.0,0.0,2,5000,0,0,0,0,1,0
CF,D105N,48.508447,11.476172,0,WLD,105.0,14.5,226.0,6.1,2,5000,0,0,0,0,0,0
CF,D128L,48.444894,11.369903,0,WLD,128.0,12.5,226.0,5.7,2,5000,0,0,0,0,0,1
CF,D136R,48.352044,11.435994,0,WLD,136.0,18.3,136.0,6.2,0,0,0,0,0,0,0,1
CF,MAGAT,48.341522,11.496439,0,MUN,304.2,16.1,80.0,3.0,2,5000,0,0,0,0,0,0

APPTR,Q08L,08L,NIR1C
IF,NIRGO,49.330944,13.132219, ,0.0,0.0,4,29000,25000,0,0,0,0,0
TF,LITLI,48.964444,12.863889,0, ,0.0,0.0,0.0,0.0,0,0,0,0,0,0,0,0
TF,OSTES,48.706111,12.678889,0, ,0.0,0.0,0.0,0.0,0,0,0,0,0,0,0,0
TF,BINGU,48.620278,12.617500,0, ,0.0,0.0,0.0,0.0,4,19000,16000,1,280,0,0,0
TF,DM428,48.482686,12.229178,0, ,0.0,0.0,0.0,0.0,3,17000,0,1,250,0,0,0
TF,DM426,48.460414,11.928356,0, ,0.0,0.0,0.0,0.0,2,11000,0,1,230,0,0,0
TF,DM424,48.444850,11.724658,0, ,0.0,0.0,0.0,0.0,1,9000,0,1,220,0,0,0
TF,DM420,48.399839,11.162094,0, ,0.0,0.0,0.0,0.0,0,0,0,0,0,0,0,0
FM,DM420,48.399839,11.162094,0,MUN,0.0,0.0,261.0,0,0,0,0,0,0,0,0
CF,MAGAT,48.341522,11.496439,1,MUN,304.2,16.1,80.0,16.0,2,5000,0,0,0,0,0,0

APPTR,Q08L,08L,ROK08
IF,ROKIL,48.513314,11.196725, ,0.0,0.0,0,0,0,0,0,0,0,0
TF,DM412,48.577156,12.011833,0, ,0.0,0.0,0.0,0.0,0,0,0,0,0,0,0,0
TF,DM427,48.468053,12.030256,0, ,0.0,0.0,0.0,0.0,0,0,0,0,0,0,0,0
TF,DM423,48.436925,11.622858,0, ,0.0,0.0,0.0,0.0,2,8000,0,0,0,0,0,0
TF,DM420,48.399839,11.162094,0, ,0.0,0.0,0.0,0.0,0,0,0,0,0,0,0,0
FM,DM420,48.399839,11.162094,0,MUN,0.0,0.0,261.0,0,0,0,0,0,0,0,0
CF,MAGAT,48.341522,11.496439,1,MUN,304.2,16.1,80.0,16.0,2,5000,0,0,0,0,0,0

APPTR,Q08L,08L,VES1C
IF,VESUB,49.419258,12.997417, ,0.0,0.0,4,29000,25000,0,0,0,0,0
TF,ODUDA,49.074722,12.747222,0, ,0.0,0.0,0.0,0.0,0,0,0,0,0,0,0,0
TF,NETES,48.906389,12.626389,0, ,0.0,0.0,0.0,0.0,0,0,0,0,0,0,0,0
TF,UNKOM,48.796667,12.548333,0, ,0.0,0.0,0.0,0.0,0,0,0,0,0,0,0,0
TF,MITNU,48.701944,12.494722,0, ,0.0,0.0,0.0,0.0,4,19000,16000,1,280,0,0,0
TF,TUSTO,48.608333,12.441667,0, ,0.0,0.0,0.0,0.0,0,0,0,0,0,0,0,0
TF,DM428,48.482686,12.229178,0, ,0.0,0.0,0.0,0.0,3,17000,0,1,250,0,0,0
TF,DM426,48.460414,11.928356,0, ,0.0,0.0,0.0,0.0,2,11000,0,1,230,0,0,0
TF,DM424,48.444850,11.724658,0, ,0.0,0.0,0.0,0.0,1,9000,0,1,220,0,0,0
TF,DM420,48.399839,11.162094,0, ,0.0,0.0,0.0,0.0,0,0,0,0,0,0,0,0
FM,DM420,48.399839,11.162094,0,MUN,0.0,0.0,261.0,0,0,0,0,0,0,0,0
CF,MAGAT,48.341522,11.496439,1,MUN,304.2,16.1,80.0,16.0,2,5000,0,0,0,0,0,0

FINAL,Q08L,08L,N,4
IF,MAGAT,48.341522,11.496439,MNE,0.0,0.0,2,5000,0,0,0,0,2,0
CF,MNE,48.355403,11.675978,0,MNE,0.0,0.0,80.0,7.2,2,2700,0,0,0,0,0,0
CF,36DM3,48.357764,11.705250,0,MNE,0.0,0.0,80.0,1.2,2,2320,0,0,0,0,0,0
CF,MQ08L,48.361750,11.754875,0,DMN,0.0,1.6,80.0,2.0,1,1674,0,0,0,0,3,0
CF,D080A,48.366714,11.818944,0,WLD,112.6,30.4,80.0,2.6,0,0,0,0,0,0,0,1
FA,D080A,48.366714,11.818944,0,WLD,0.0,0.0,80.0,2,1900,0,0,0,0,0,0
DF,MIQ,48.570225,11.597503,1, ,0.0,0.0,1,5000,0,0,0,0,0,0

APPTR,Q08R,08R,BET08
IF,BETOS,48.068056,11.350000, ,0.0,0.0,0,0,0,0,0,0,0,0
TF,DM472,48.120031,11.458086,0, ,0.0,0.0,0.0,0.0,0,0,0,0,0,0,0,0
TF,DM476,48.168144,12.080467,0, ,0.0,0.0,0.0,0.0,0,0,0,0,0,0,0,0
TF,DM457,48.277225,12.062275,0, ,0.0,0.0,0.0,0.0,0,0,0,0,0,0,0,0
TF,DM453,48.246264,11.656453,0, ,0.0,0.0,0.0,0.0,2,8000,0,0,0,0,0,0
TF,DM450,48.209375,11.197461,0, ,0.0,0.0,0.0,0.0,0,0,0,0,0,0,0,0
FM,DM450,48.209375,11.197461,0,MUN,0.0,0.0,261.0,0,0,0,0,0,0,0,0
CF,BEGEN,48.319533,11.481500,2,MUN,299.1,15.8,80.0,16.0,2,5000,0,0,0,0,0,0

APPTR,Q08R,08R,DM459
IF,DM459,48.302456,12.409128, ,0.0,0.0,0,0,0,0,0,0,0,0
TF,DM458,48.290317,12.240322,0, ,0.0,0.0,0.0,0.0,0,0,0,0,0,0,0,0
TF,DM457,48.277225,12.062275,0, ,0.0,0.0,0.0,0.0,0,0,0,0,0,0,0,0
TF,DM453,48.246264,11.656453,0, ,0.0,0.0,0.0,0.0,2,8000,0,0,0,0,0,0
TF,DM450,48.209375,11.197461,0, ,0.0,0.0,0.0,0.0,0,0,0,0,0,0,0,0
FM,DM450,48.209375,11.197461,0,MUN,0.0,0.0,261.0,0,0,0,0,0,0,0,0
CF,BEGEN,48.319533,11.481500,2,MUN,299.1,15.8,80.0,16.0,2,5000,0,0,0,0,0,0

APPTR,Q08R,08R,DM470
IF,DM470,48.087831,11.065933, ,0.0,0.0,0,0,0,0,0,0,0,0
TF,DM471,48.100453,11.217544,0, ,0.0,0.0,0.0,0.0,0,0,0,0,0,0,0,0
TF,DM472,48.120031,11.458086,0, ,0.0,0.0,0.0,0.0,0,0,0,0,0,0,0,0
TF,DM476,48.168144,12.080467,0, ,0.0,0.0,0.0,0.0,0,0,0,0,0,0,0,0
TF,DM457,48.277225,12.062275,0, ,0.0,0.0,0.0,0.0,0,0,0,0,0,0,0,0
TF,DM453,48.246264,11.656453,0, ,0.0,0.0,0.0,0.0,2,8000,0,0,0,0,0,0
TF,DM450,48.209375,11.197461,0, ,0.0,0.0,0.0,0.0,0,0,0,0,0,0,0,0
FM,DM450,48.209375,11.197461,0,MUN,0.0,0.0,261.0,0,0,0,0,0,0,0,0
CF,BEGEN,48.319533,11.481500,2,MUN,299.1,15.8,80.0,16.0,2,5000,0,0,0,0,0,0

APPTR,Q08R,08R,MUN
IF,MUN,48.180325,11.816017, ,0.0,0.0,2,5000,0,0,0,0,1,0
CF,D261R,48.148122,11.370467,0,MUN,261.0,18.0,261.0,18.0,2,5000,0,0,0,0,0,1
CF,MAH,48.263431,11.311925,2,MAH,0.0,0.0,352.0,7.0,2,5000,0,0,0,0,0,0
CF,D057F,48.314828,11.440344,0,MAH,57.0,6.0,57.0,6.0,2,5000,0,0,0,0,0,1
CF,BEGEN,48.319533,11.481500,0,MUN,299.1,15.8,80.0,1.7,2,5000,0,0,0,0,0,0

APPTR,Q08R,08R,NAP08
IF,NAPSA,48.144167,12.345556, ,0.0,0.0,0,0,0,0,0,0,0,0
TF,DM458,48.290317,12.240322,0, ,0.0,0.0,0.0,0.0,0,0,0,0,0,0,0,0
TF,DM457,48.277225,12.062275,0, ,0.0,0.0,0.0,0.0,0,0,0,0,0,0,0,0
TF,DM453,48.246264,11.656453,0, ,0.0,0.0,0.0,0.0,2,8000,0,0,0,0,0,0
TF,DM450,48.209375,11.197461,0, ,0.0,0.0,0.0,0.0,0,0,0,0,0,0,0,0
FM,DM450,48.209375,11.197461,0,MUN,0.0,0.0,261.0,0,0,0,0,0,0,0,0
CF,BEGEN,48.319533,11.481500,2,MUN,299.1,15.8,80.0,16.0,2,5000,0,0,0,0,0,0

FINAL,Q08R,08R,N,4
IF,BEGEN,48.319533,11.481500,MSE,0.0,0.0,2,5000,0,0,0,0,2,0
CF,MSE,48.333408,11.652883,0,MSE,0.0,0.0,80.0,6.9,2,2780,0,0,0,0,0,0
CF,36DME,48.336303,11.688339,0,MSE,0.0,0.0,80.0,1.4,2,2340,0,0,0,0,0,0
CF,MQ08R,48.340358,11.738181,0,DMS,0.0,1.6,80.0,2.0,1,1699,0,0,0,0,3,0
CF,D080B,48.344625,11.802389,0,MUN,353.8,9.9,80.0,2.6,0,0,0,0,0,0,0,1
FA,D080B,48.344625,11.802389,0,MUN,0.0,0.0,80.0,2,1900,0,0,0,0,0,0
DF,MUN,48.180325,11.816017,2, ,0.0,0.0,1,5000,0,0,0,0,0,0

APPTR,Q26L,26L,BET26
IF,BETOS,48.068056,11.350000, ,0.0,0.0,0,0,0,0,0,0,0,0
TF,DM452,48.238289,11.555086,0, ,0.0,0.0,0.0,0.0,0,0,0,0,0,0,0,0
TF,DM455,48.261933,11.859306,0, ,0.0,0.0,0.0,0.0,2,8000,0,0,0,0,0,0
TF,DM459,48.302456,12.409128,0, ,0.0,0.0,0.0,0.0,0,0,0,0,0,0,0,0
FM,DM459,48.302456,12.409128,0,MUN,0.0,0.0,81.0,0,0,0,0,0,0,0,0
CF,NELBI,48.365233,12.075650,1,MUN,40.1,15.2,261.0,16.0,2,5000,0,0,0,0,0,0

APPTR,Q26L,26L,DM450
IF,DM450,48.209375,11.197461, ,0.0,0.0,0,0,0,0,0,0,0,0
TF,DM451,48.221503,11.345633,0, ,0.0,0.0,0.0,0.0,0,0,0,0,0,0,0,0
TF,DM452,48.238289,11.555086,0, ,0.0,0.0,0.0,0.0,0,0,0,0,0,0,0,0
TF,DM455,48.261933,11.859306,0, ,0.0,0.0,0.0,0.0,2,8000,0,0,0,0,0,0
TF,DM459,48.302456,12.409128,0, ,0.0,0.0,0.0,0.0,0,0,0,0,0,0,0,0
FM,DM459,48.302456,12.409128,0,MUN,0.0,0.0,81.0,0,0,0,0,0,0,0,0
CF,NELBI,48.365233,12.075650,1,MUN,40.1,15.2,261.0,16.0,2,5000,0,0,0,0,0,0

APPTR,Q26L,26L,DM469
IF,DM469,48.164214,12.630269, ,0.0,0.0,0,0,0,0,0,0,0,0
TF,DM468,48.154219,12.486986,0, ,0.0,0.0,0.0,0.0,0,0,0,0,0,0,0,0
TF,NAPSA,48.144167,12.345556,0, ,0.0,0.0,0.0,0.0,0,0,0,0,0,0,0,0
TF,DM463,48.086622,11.581906,0, ,0.0,0.0,0.0,0.0,0,0,0,0,0,0,0,0
TF,DM452,48.238289,11.555086,0, ,0.0,0.0,0.0,0.0,0,0,0,0,0,0,0,0
TF,DM455,48.261933,11.859306,0, ,0.0,0.0,0.0,0.0,2,8000,0,0,0,0,0,0
TF,DM459,48.302456,12.409128,0, ,0.0,0.0,0.0,0.0,0,0,0,0,0,0,0,0
FM,DM459,48.302456,12.409128,0,MUN,0.0,0.0,81.0,0,0,0,0,0,0,0,0
CF,NELBI,48.365233,12.075650,1,MUN,40.1,15.2,261.0,16.0,2,5000,0,0,0,0,0,0

APPTR,Q26L,26L,MUN
IF,MUN,48.180325,11.816017, ,0.0,0.0,2,5000,0,0,0,0,1,0
FD,MUN,48.180325,11.816017,0,MUN,0.0,15.4,55.0,15.4,2,5000,0,0,0,0,0,0
CF,NELBI,48.365233,12.075650,1,MUN,40.1,15.2,261.0,4.0,2,5000,0,0,0,0,0,0

APPTR,Q26L,26L,NAP26
IF,NAPSA,48.144167,12.345556, ,0.0,0.0,0,0,0,0,0,0,0,0
TF,DM463,48.086622,11.581906,0, ,0.0,0.0,0.0,0.0,0,0,0,0,0,0,0,0
TF,DM452,48.238289,11.555086,0, ,0.0,0.0,0.0,0.0,0,0,0,0,0,0,0,0
TF,DM455,48.261933,11.859306,0, ,0.0,0.0,0.0,0.0,2,8000,0,0,0,0,0,0
TF,DM459,48.302456,12.409128,0, ,0.0,0.0,0.0,0.0,0,0,0,0,0,0,0,0
FM,DM459,48.302456,12.409128,0,MUN,0.0,0.0,81.0,0,0,0,0,0,0,0,0
CF,NELBI,48.365233,12.075650,1,MUN,40.1,15.2,261.0,16.0,2,5000,0,0,0,0,0,0

FINAL,Q26L,26L,N,5
IF,NELBI,48.365233,12.075650,MSW,0.0,0.0,2,5000,0,0,0,0,2,0
CF,90DME,48.359158,12.001194,0,MSW,0.0,0.0,261.0,3.0,2,4040,0,0,0,0,0,0
CF,MSW,48.352378,11.903767,0,MSW,0.0,0.0,261.0,3.9,2,2800,0,0,0,0,0,0
CF,36DM2,48.349794,11.866986,0,MSW,0.0,0.0,261.0,1.5,2,2330,0,0,0,0,0,0
CF,MQ26L,48.346267,11.817044,0,DMS,0.0,1.6,261.0,2.0,1,1688,0,0,0,0,3,0
CF,D261B,48.340842,11.753239,0,MUN,342.4,10.0,261.0,2.6,0,0,0,0,0,0,0,0
FA,D261B,48.340842,11.753239,0,MUN,0.0,0.0,261.0,2,1900,0,0,0,0,0,0
DF,MUN,48.180325,11.816017,1, ,0.0,0.0,1,5000,0,0,0,0,0,0

APPTR,Q26R,26R,DM420
IF,DM420,48.399839,11.162094, ,0.0,0.0,0,0,0,0,0,0,0,0
TF,DM421,48.413675,11.331114,0, ,0.0,0.0,0.0,0.0,0,0,0,0,0,0,0,0
TF,DM422,48.428906,11.521092,0, ,0.0,0.0,0.0,0.0,0,0,0,0,0,0,0,0
TF,DM425,48.452678,11.826492,0, ,0.0,0.0,0.0,0.0,2,8000,0,0,0,0,0,0
TF,DM429,48.493422,12.378447,0, ,0.0,0.0,0.0,0.0,0,0,0,0,0,0,0,0
FM,DM429,48.493422,12.378447,0,MUN,0.0,0.0,80.0,0,0,0,0,0,0,0,0
CF,GUDEG,48.387431,12.093969,2,MUN,38.8,16.7,261.0,16.0,2,5000,0,0,0,0,0,0

APPTR,Q26R,26R,ELM1C
IF,ELMOX,49.383611,9.824722, ,0.0,0.0,4,37000,32000,0,0,0,0,0
TF,PIGAB,49.198333,10.143333,0, ,0.0,0.0,0.0,0.0,4,31000,27000,0,0,0,0,0
TF,DKB,49.142753,10.238306,0, ,0.0,0.0,0.0,0.0,0,0,0,0,0,0,0,0
TF,LEVBU,49.006944,10.456667,0, ,0.0,0.0,0.0,0.0,4,27000,25000,0,0,0,0,0
TF,ANORA,48.949444,10.548333,0, ,0.0,0.0,0.0,0.0,4,26000,22000,0,0,0,0,0
TF,BURAM,48.695497,10.949003,0, ,0.0,0.0,0.0,0.0,4,19000,16000,1,280,0,0,0
TF,DM421,48.413675,11.331114,0, ,0.0,0.0,0.0,0.0,3,17000,0,1,240,0,0,0
TF,DM423,48.436925,11.622858,0, ,0.0,0.0,0.0,0.0,2,11000,0,1,230,0,0,0
TF,DM425,48.452678,11.826492,0, ,0.0,0.0,0.0,0.0,1,9000,0,1,220,0,0,0
TF,DM429,48.493422,12.378447,0, ,0.0,0.0,0.0,0.0,0,0,0,0,0,0,0,0
FM,DM429,48.493422,12.378447,0,MUN,0.0,0.0,80.0,0,0,0,0,0,0,0,0
CF,GUDEG,48.387431,12.093969,2,MUN,38.8,16.7,261.0,16.0,2,5000,0,0,0,0,0,0

APPTR,Q26R,26R,LAN26
IF,LANDU,48.596361,12.273928, ,0.0,0.0,0,0,0,0,0,0,0,0
TF,DM411,48.537917,11.501536,0, ,0.0,0.0,0.0,0.0,0,0,0,0,0,0,0,0
TF,DM422,48.428906,11.521092,0, ,0.0,0.0,0.0,0.0,0,0,0,0,0,0,0,0
TF,DM425,48.452678,11.826492,0, ,0.0,0.0,0.0,0.0,2,8000,0,0,0,0,0,0
TF,DM429,48.493422,12.378447,0, ,0.0,0.0,0.0,0.0,0,0,0,0,0,0,0,0
FM,DM429,48.493422,12.378447,0,MUN,0.0,0.0,80.0,0,0,0,0,0,0,0,0
CF,GUDEG,48.387431,12.093969,2,MUN,38.8,16.7,261.0,16.0,2,5000,0,0,0,0,0,0

APPTR,Q26R,26R,LEV1C
IF,LEVBU,49.006944,10.456667, ,0.0,0.0,4,27000,25000,0,0,0,0,0
TF,ANORA,48.949444,10.548333,0, ,0.0,0.0,0.0,0.0,4,26000,22000,0,0,0,0,0
TF,BURAM,48.695497,10.949003,0, ,0.0,0.0,0.0,0.0,4,19000,16000,1,280,0,0,0
TF,DM421,48.413675,11.331114,0, ,0.0,0.0,0.0,0.0,3,17000,0,1,240,0,0,0
TF,DM423,48.436925,11.622858,0, ,0.0,0.0,0.0,0.0,2,11000,0,1,230,0,0,0
TF,DM425,48.452678,11.826492,0, ,0.0,0.0,0.0,0.0,1,9000,0,1,220,0,0,0
TF,DM429,48.493422,12.378447,0, ,0.0,0.0,0.0,0.0,0,0,0,0,0,0,0,0
FM,DM429,48.493422,12.378447,0,MUN,0.0,0.0,80.0,0,0,0,0,0,0,0,0
CF,GUDEG,48.387431,12.093969,2,MUN,38.8,16.7,261.0,16.0,2,5000,0,0,0,0,0,0

APPTR,Q26R,26R,MIQ
IF,MIQ,48.570225,11.597503, ,0.0,0.0,0,0,0,0,0,0,1,0
TF,D036U,48.450483,12.145442,0, ,0.0,0.0,0.0,0.0,2,5000,0,0,0,0,0,1
CF,GUDEG,48.387431,12.093969,2,MUN,38.8,16.7,261.0,3.0,2,5000,0,0,0,0,0,0

APPTR,Q26R,26R,ROK26
IF,ROKIL,48.513314,11.196725, ,0.0,0.0,0,0,0,0,0,0,0,0
TF,DM421,48.413675,11.331114,0, ,0.0,0.0,0.0,0.0,0,0,0,0,0,0,0,0
TF,DM422,48.428906,11.521092,0, ,0.0,0.0,0.0,0.0,0,0,0,0,0,0,0,0
TF,DM425,48.452678,11.826492,0, ,0.0,0.0,0.0,0.0,2,8000,0,0,0,0,0,0
TF,DM429,48.493422,12.378447,0, ,0.0,0.0,0.0,0.0,0,0,0,0,0,0,0,0
FM,DM429,48.493422,12.378447,0,MUN,0.0,0.0,80.0,0,0,0,0,0,0,0,0
CF,GUDEG,48.387431,12.093969,2,MUN,38.8,16.7,261.0,16.0,2,5000,0,0,0,0,0,0

FINAL,Q26R,26R,N,5
IF,GUDEG,48.387431,12.093969,MNW,0.0,0.0,2,5000,0,0,0,0,2,0
CF,91DME,48.381650,12.020317,0,MNW,0.0,0.0,261.0,3.0,2,4020,0,0,0,0,0,0
CF,MNW,48.374267,11.914142,0,MNW,0.0,0.0,261.0,4.3,2,2690,0,0,0,0,0,0
CF,36DM4,48.372119,11.883561,0,MNW,0.0,0.0,261.0,1.2,2,2310,0,0,0,0,0,0
CF,MQ26R,48.368614,11.833844,0,DMN,0.0,1.6,261.0,2.0,1,1662,0,0,0,0,3,0
CF,D261A,48.362936,11.769772,0,MUN,347.4,11.1,261.0,2.6,0,0,0,0,0,0,0,0
FA,D261A,48.362936,11.769772,0,MUN,0.0,0.0,261.0,2,1900,0,0,0,0,0,0
DF,MIQ,48.570225,11.597503,2, ,0.0,0.0,1,5000,0,0,0,0,0,0

APPTR,R08L,08L,DM429
IF,DM429,48.493422,12.378447, ,0.0,0.0,0,0,0,0,0,0,0,0
TF,DM428,48.482686,12.229178,0, ,0.0,0.0,0.0,0.0,0,0,0,0,0,0,0,0
TF,DM427,48.468053,12.030256,0, ,0.0,0.0,0.0,0.0,0,0,0,0,0,0,0,0
TF,DM423,48.436925,11.622858,0, ,0.0,0.0,0.0,0.0,2,8000,0,0,0,0,0,0
TF,DM420,48.399839,11.162094,0, ,0.0,0.0,0.0,0.0,0,0,0,0,0,0,0,0
FM,DM420,48.399839,11.162094,0,MUN,0.0,0.0,261.0,0,0,0,0,0,0,0,0
CF,MAGAT,48.341522,11.496439,1,MUN,304.2,16.1,80.0,16.0,2,5000,0,0,0,0,0,0

APPTR,R08L,08L,LAN08
IF,LANDU,48.596361,12.273928, ,0.0,0.0,0,0,0,0,0,0,0,0
TF,DM428,48.482686,12.229178,0, ,0.0,0.0,0.0,0.0,0,0,0,0,0,0,0,0
TF,DM427,48.468053,12.030256,0, ,0.0,0.0,0.0,0.0,0,0,0,0,0,0,0,0
TF,DM423,48.436925,11.622858,0, ,0.0,0.0,0.0,0.0,2,8000,0,0,0,0,0,0
TF,DM420,48.399839,11.162094,0, ,0.0,0.0,0.0,0.0,0,0,0,0,0,0,0,0
FM,DM420,48.399839,11.162094,0,MUN,0.0,0.0,261.0,0,0,0,0,0,0,0,0
CF,MAGAT,48.341522,11.496439,1,MUN,304.2,16.1,80.0,16.0,2,5000,0,0,0,0,0,0

APPTR,R08L,08L,LUL1C
IF,LULAR,49.365833,12.758889, ,0.0,0.0,4,27000,23000,0,0,0,0,0
TF,GOMAX,48.790278,12.348611,0, ,0.0,0.0,0.0,0.0,0,0,0,0,0,0,0,0
TF,VESIX,48.693333,12.311111,0, ,0.0,0.0,0.0,0.0,4,19000,16000,1,280,0,0,0
TF,LANDU,48.596361,12.273928,0, ,0.0,0.0,0.0,0.0,0,0,0,0,0,0,0,0
TF,DM428,48.482686,12.229178,0, ,0.0,0.0,0.0,0.0,3,17000,0,1,250,0,0,0
TF,DM426,48.460414,11.928356,0, ,0.0,0.0,0.0,0.0,2,11000,0,1,230,0,0,0
TF,DM424,48.444850,11.724658,0, ,0.0,0.0,0.0,0.0,1,9000,0,1,220,0,0,0
TF,DM420,48.399839,11.162094,0, ,0.0,0.0,0.0,0.0,0,0,0,0,0,0,0,0
FM,DM420,48.399839,11.162094,0,MUN,0.0,0.0,261.0,0,0,0,0,0,0,0,0
CF,MAGAT,48.341522,11.496439,1,MUN,304.2,16.1,80.0,16.0,2,5000,0,0,0,0,0,0

APPTR,R08L,08L,MIQ
IF,MIQ,48.570225,11.597503, ,0.0,0.0,2,5000,0,0,0,0,1,0
TF,DM421,48.413675,11.331114,0, ,0.0,0.0,0.0,0.0,0,0,0,0,0,0,0,0
TF,DM431,48.329472,11.346489,0, ,0.0,0.0,0.0,0.0,0,0,0,0,0,0,1,0
TF,MAGAT,48.341522,11.496439,0, ,0.0,0.0,0.0,0.0,2,5000,0,0,0,0,0,0

APPTR,R08L,08L,NIR1C
IF,NIRGO,49.330944,13.132219, ,0.0,0.0,4,29000,25000,0,0,0,0,0
TF,LITLI,48.964444,12.863889,0, ,0.0,0.0,0.0,0.0,0,0,0,0,0,0,0,0
TF,OSTES,48.706111,12.678889,0, ,0.0,0.0,0.0,0.0,0,0,0,0,0,0,0,0
TF,BINGU,48.620278,12.617500,0, ,0.0,0.0,0.0,0.0,4,19000,16000,1,280,0,0,0
TF,DM428,48.482686,12.229178,0, ,0.0,0.0,0.0,0.0,3,17000,0,1,250,0,0,0
TF,DM426,48.460414,11.928356,0, ,0.0,0.0,0.0,0.0,2,11000,0,1,230,0,0,0
TF,DM424,48.444850,11.724658,0, ,0.0,0.0,0.0,0.0,1,9000,0,1,220,0,0,0
TF,DM420,48.399839,11.162094,0, ,0.0,0.0,0.0,0.0,0,0,0,0,0,0,0,0
FM,DM420,48.399839,11.162094,0,MUN,0.0,0.0,261.0,0,0,0,0,0,0,0,0
CF,MAGAT,48.341522,11.496439,1,MUN,304.2,16.1,80.0,16.0,2,5000,0,0,0,0,0,0

APPTR,R08L,08L,ROK08
IF,ROKIL,48.513314,11.196725, ,0.0,0.0,0,0,0,0,0,0,0,0
TF,DM412,48.577156,12.011833,0, ,0.0,0.0,0.0,0.0,0,0,0,0,0,0,0,0
TF,DM427,48.468053,12.030256,0, ,0.0,0.0,0.0,0.0,0,0,0,0,0,0,0,0
TF,DM423,48.436925,11.622858,0, ,0.0,0.0,0.0,0.0,2,8000,0,0,0,0,0,0
TF,DM420,48.399839,11.162094,0, ,0.0,0.0,0.0,0.0,0,0,0,0,0,0,0,0
FM,DM420,48.399839,11.162094,0,MUN,0.0,0.0,261.0,0,0,0,0,0,0,0,0
CF,MAGAT,48.341522,11.496439,1,MUN,304.2,16.1,80.0,16.0,2,5000,0,0,0,0,0,0

APPTR,R08L,08L,VES1C
IF,VESUB,49.419258,12.997417, ,0.0,0.0,4,29000,25000,0,0,0,0,0
TF,ODUDA,49.074722,12.747222,0, ,0.0,0.0,0.0,0.0,0,0,0,0,0,0,0,0
TF,NETES,48.906389,12.626389,0, ,0.0,0.0,0.0,0.0,0,0,0,0,0,0,0,0
TF,UNKOM,48.796667,12.548333,0, ,0.0,0.0,0.0,0.0,0,0,0,0,0,0,0,0
TF,MITNU,48.701944,12.494722,0, ,0.0,0.0,0.0,0.0,4,19000,16000,1,280,0,0,0
TF,TUSTO,48.608333,12.441667,0, ,0.0,0.0,0.0,0.0,0,0,0,0,0,0,0,0
TF,DM428,48.482686,12.229178,0, ,0.0,0.0,0.0,0.0,3,17000,0,1,250,0,0,0
TF,DM426,48.460414,11.928356,0, ,0.0,0.0,0.0,0.0,2,11000,0,1,230,0,0,0
TF,DM424,48.444850,11.724658,0, ,0.0,0.0,0.0,0.0,1,9000,0,1,220,0,0,0
TF,DM420,48.399839,11.162094,0, ,0.0,0.0,0.0,0.0,0,0,0,0,0,0,0,0
FM,DM420,48.399839,11.162094,0,MUN,0.0,0.0,261.0,0,0,0,0,0,0,0,0
CF,MAGAT,48.341522,11.496439,1,MUN,304.2,16.1,80.0,16.0,2,5000,0,0,0,0,0,0

FINAL,R08L,08L,R,2
IF,MAGAT,48.341522,11.496439, ,0.0,0.0,2,5000,0,0,0,0,2,0
TF,RW08L,48.362767,11.767550,0, ,0.0,0.0,80.0,10.9,1,1517,0,0,0,0,3,1
CF,DM551,48.366719,11.818972,0,MUN,357.6,11.2,81.0,2.1,0,0,0,0,0,0,0,1
CA,0,81.0,2,1900,0,0,0,0,0,0
DF,MIQ,48.570225,11.597503,1, ,0.0,0.0,1,5000,0,0,0,0,0,0

APPTR,R08R,08R,BET08
IF,BETOS,48.068056,11.350000, ,0.0,0.0,0,0,0,0,0,0,0,0
TF,DM472,48.120031,11.458086,0, ,0.0,0.0,0.0,0.0,0,0,0,0,0,0,0,0
TF,DM476,48.168144,12.080467,0, ,0.0,0.0,0.0,0.0,0,0,0,0,0,0,0,0
TF,DM457,48.277225,12.062275,0, ,0.0,0.0,0.0,0.0,0,0,0,0,0,0,0,0
TF,DM453,48.246264,11.656453,0, ,0.0,0.0,0.0,0.0,2,8000,0,0,0,0,0,0
TF,DM450,48.209375,11.197461,0, ,0.0,0.0,0.0,0.0,0,0,0,0,0,0,0,0
FM,DM450,48.209375,11.197461,0,MUN,0.0,0.0,261.0,0,0,0,0,0,0,0,0
CF,BEGEN,48.319533,11.481500,2,MUN,299.1,15.8,80.0,16.0,2,5000,0,0,0,0,0,0

APPTR,R08R,08R,DM459
IF,DM459,48.302456,12.409128, ,0.0,0.0,0,0,0,0,0,0,0,0
TF,DM458,48.290317,12.240322,0, ,0.0,0.0,0.0,0.0,0,0,0,0,0,0,0,0
TF,DM457,48.277225,12.062275,0, ,0.0,0.0,0.0,0.0,0,0,0,0,0,0,0,0
TF,DM453,48.246264,11.656453,0, ,0.0,0.0,0.0,0.0,2,8000,0,0,0,0,0,0
TF,DM450,48.209375,11.197461,0, ,0.0,0.0,0.0,0.0,0,0,0,0,0,0,0,0
FM,DM450,48.209375,11.197461,0,MUN,0.0,0.0,261.0,0,0,0,0,0,0,0,0
CF,BEGEN,48.319533,11.481500,2,MUN,299.1,15.8,80.0,16.0,2,5000,0,0,0,0,0,0

APPTR,R08R,08R,DM470
IF,DM470,48.087831,11.065933, ,0.0,0.0,0,0,0,0,0,0,0,0
TF,DM471,48.100453,11.217544,0, ,0.0,0.0,0.0,0.0,0,0,0,0,0,0,0,0
TF,DM472,48.120031,11.458086,0, ,0.0,0.0,0.0,0.0,0,0,0,0,0,0,0,0
TF,DM476,48.168144,12.080467,0, ,0.0,0.0,0.0,0.0,0,0,0,0,0,0,0,0
TF,DM457,48.277225,12.062275,0, ,0.0,0.0,0.0,0.0,0,0,0,0,0,0,0,0
TF,DM453,48.246264,11.656453,0, ,0.0,0.0,0.0,0.0,2,8000,0,0,0,0,0,0
TF,DM450,48.209375,11.197461,0, ,0.0,0.0,0.0,0.0,0,0,0,0,0,0,0,0
FM,DM450,48.209375,11.197461,0,MUN,0.0,0.0,261.0,0,0,0,0,0,0,0,0
CF,BEGEN,48.319533,11.481500,2,MUN,299.1,15.8,80.0,16.0,2,5000,0,0,0,0,0,0

APPTR,R08R,08R,MUN
IF,MUN,48.180325,11.816017, ,0.0,0.0,2,5000,0,0,0,0,1,0
TF,DM451,48.221503,11.345633,0, ,0.0,0.0,0.0,0.0,0,0,0,0,0,0,0,0
TF,DM441,48.307347,11.330008,0, ,0.0,0.0,0.0,0.0,0,0,0,0,0,0,1,0
TF,BEGEN,48.319533,11.481500,0, ,0.0,0.0,0.0,0.0,2,5000,0,0,0,0,0,0

APPTR,R08R,08R,NAP08
IF,NAPSA,48.144167,12.345556, ,0.0,0.0,0,0,0,0,0,0,0,0
TF,DM458,48.290317,12.240322,0, ,0.0,0.0,0.0,0.0,0,0,0,0,0,0,0,0
TF,DM457,48.277225,12.062275,0, ,0.0,0.0,0.0,0.0,0,0,0,0,0,0,0,0
TF,DM453,48.246264,11.656453,0, ,0.0,0.0,0.0,0.0,2,8000,0,0,0,0,0,0
TF,DM450,48.209375,11.197461,0, ,0.0,0.0,0.0,0.0,0,0,0,0,0,0,0,0
FM,DM450,48.209375,11.197461,0,MUN,0.0,0.0,261.0,0,0,0,0,0,0,0,0
CF,BEGEN,48.319533,11.481500,2,MUN,299.1,15.8,80.0,16.0,2,5000,0,0,0,0,0,0

FINAL,R08R,08R,R,2
IF,BEGEN,48.319533,11.481500, ,0.0,0.0,2,5000,0,0,0,0,2,0
TF,RW08R,48.340669,11.751017,0, ,0.0,0.0,80.0,10.9,1,1536,0,0,0,0,3,1
CF,DM561,48.344628,11.802408,0,MUN,353.8,9.9,81.0,2.1,0,0,0,0,0,0,0,1
CA,0,81.0,2,1900,0,0,0,0,0,0
DF,MUN,48.180325,11.816017,2, ,0.0,0.0,1,5000,0,0,0,0,0,0

APPTR,R26L,26L,BET26
IF,BETOS,48.068056,11.350000, ,0.0,0.0,0,0,0,0,0,0,0,0
TF,DM452,48.238289,11.555086,0, ,0.0,0.0,0.0,0.0,0,0,0,0,0,0,0,0
TF,DM455,48.261933,11.859306,0, ,0.0,0.0,0.0,0.0,2,8000,0,0,0,0,0,0
TF,DM459,48.302456,12.409128,0, ,0.0,0.0,0.0,0.0,0,0,0,0,0,0,0,0
FM,DM459,48.302456,12.409128,0,MUN,0.0,0.0,81.0,0,0,0,0,0,0,0,0
CF,NELBI,48.365233,12.075650,1,MUN,40.1,15.2,261.0,16.0,2,5000,0,0,0,0,0,0

APPTR,R26L,26L,DM450
IF,DM450,48.209375,11.197461, ,0.0,0.0,0,0,0,0,0,0,0,0
TF,DM451,48.221503,11.345633,0, ,0.0,0.0,0.0,0.0,0,0,0,0,0,0,0,0
TF,DM452,48.238289,11.555086,0, ,0.0,0.0,0.0,0.0,0,0,0,0,0,0,0,0
TF,DM455,48.261933,11.859306,0, ,0.0,0.0,0.0,0.0,2,8000,0,0,0,0,0,0
TF,DM459,48.302456,12.409128,0, ,0.0,0.0,0.0,0.0,0,0,0,0,0,0,0,0
FM,DM459,48.302456,12.409128,0,MUN,0.0,0.0,81.0,0,0,0,0,0,0,0,0
CF,NELBI,48.365233,12.075650,1,MUN,40.1,15.2,261.0,16.0,2,5000,0,0,0,0,0,0

APPTR,R26L,26L,DM469
IF,DM469,48.164214,12.630269, ,0.0,0.0,0,0,0,0,0,0,0,0
TF,DM468,48.154219,12.486986,0, ,0.0,0.0,0.0,0.0,0,0,0,0,0,0,0,0
TF,NAPSA,48.144167,12.345556,0, ,0.0,0.0,0.0,0.0,0,0,0,0,0,0,0,0
TF,DM463,48.086622,11.581906,0, ,0.0,0.0,0.0,0.0,0,0,0,0,0,0,0,0
TF,DM452,48.238289,11.555086,0, ,0.0,0.0,0.0,0.0,0,0,0,0,0,0,0,0
TF,DM455,48.261933,11.859306,0, ,0.0,0.0,0.0,0.0,2,8000,0,0,0,0,0,0
TF,DM459,48.302456,12.409128,0, ,0.0,0.0,0.0,0.0,0,0,0,0,0,0,0,0
FM,DM459,48.302456,12.409128,0,MUN,0.0,0.0,81.0,0,0,0,0,0,0,0,0
CF,NELBI,48.365233,12.075650,1,MUN,40.1,15.2,261.0,16.0,2,5000,0,0,0,0,0,0

APPTR,R26L,26L,MUN
IF,MUN,48.180325,11.816017, ,0.0,0.0,2,5000,0,0,0,0,1,0
TF,DM458,48.290317,12.240322,0, ,0.0,0.0,0.0,0.0,0,0,0,0,0,0,0,0
TF,DM448,48.376292,12.226256,0, ,0.0,0.0,0.0,0.0,0,0,0,0,0,0,1,0
TF,NELBI,48.365233,12.075650,0, ,0.0,0.0,0.0,0.0,2,5000,0,0,0,0,0,0

APPTR,R26L,26L,NAP26
IF,NAPSA,48.144167,12.345556, ,0.0,0.0,0,0,0,0,0,0,0,0
TF,DM463,48.086622,11.581906,0, ,0.0,0.0,0.0,0.0,0,0,0,0,0,0,0,0
TF,DM452,48.238289,11.555086,0, ,0.0,0.0,0.0,0.0,0,0,0,0,0,0,0,0
TF,DM455,48.261933,11.859306,0, ,0.0,0.0,0.0,0.0,2,8000,0,0,0,0,0,0
TF,DM459,48.302456,12.409128,0, ,0.0,0.0,0.0,0.0,0,0,0,0,0,0,0,0
FM,DM459,48.302456,12.409128,0,MUN,0.0,0.0,81.0,0,0,0,0,0,0,0,0
CF,NELBI,48.365233,12.075650,1,MUN,40.1,15.2,261.0,16.0,2,5000,0,0,0,0,0,0

FINAL,R26L,26L,R,2
IF,NELBI,48.365233,12.075650, ,0.0,0.0,2,5000,0,0,0,0,2,0
TF,RW26L,48.344797,11.804614,0, ,0.0,0.0,261.0,10.9,1,1520,0,0,0,0,3,1
CF,DM541,48.340842,11.753222,0,MUN,342.4,10.0,261.0,2.1,0,0,0,0,0,0,0,1
CA,0,261.0,2,1900,0,0,0,0,0,0
DF,MUN,48.180325,11.816017,1, ,0.0,0.0,1,5000,0,0,0,0,0,0

APPTR,R26R,26R,DM420
IF,DM420,48.399839,11.162094, ,0.0,0.0,0,0,0,0,0,0,0,0
TF,DM422,48.428906,11.521092,0, ,0.0,0.0,0.0,0.0,0,0,0,0,0,0,0,0
TF,DM425,48.452678,11.826492,0, ,0.0,0.0,0.0,0.0,2,8000,0,0,0,0,0,0
TF,DM429,48.493422,12.378447,0, ,0.0,0.0,0.0,0.0,0,0,0,0,0,0,0,0
FM,DM429,48.493422,12.378447,0,MUN,0.0,0.0,80.0,0,0,0,0,0,0,0,0
CF,GUDEG,48.387431,12.093969,2,MUN,39.8,16.7,261.0,16.0,2,5000,0,0,0,0,0,0

APPTR,R26R,26R,ELM1C
IF,ELMOX,49.383611,9.824722, ,0.0,0.0,4,37000,32000,0,0,0,0,0
TF,PIGAB,49.198333,10.143333,0, ,0.0,0.0,0.0,0.0,4,31000,27000,0,0,0,0,0
TF,DKB,49.142753,10.238306,0, ,0.0,0.0,0.0,0.0,0,0,0,0,0,0,0,0
TF,LEVBU,49.006944,10.456667,0, ,0.0,0.0,0.0,0.0,4,27000,25000,0,0,0,0,0
TF,ANORA,48.949444,10.548333,0, ,0.0,0.0,0.0,0.0,4,26000,22000,0,0,0,0,0
TF,BURAM,48.695497,10.949003,0, ,0.0,0.0,0.0,0.0,4,19000,16000,1,280,0,0,0
TF,DM421,48.413675,11.331114,0, ,0.0,0.0,0.0,0.0,3,17000,0,1,240,0,0,0
TF,DM423,48.436925,11.622858,0, ,0.0,0.0,0.0,0.0,2,11000,0,1,230,0,0,0
TF,DM425,48.452678,11.826492,0, ,0.0,0.0,0.0,0.0,1,9000,0,1,220,0,0,0
TF,DM429,48.493422,12.378447,0, ,0.0,0.0,0.0,0.0,0,0,0,0,0,0,0,0
FM,DM429,48.493422,12.378447,0,MUN,0.0,0.0,80.0,0,0,0,0,0,0,0,0
CF,GUDEG,48.387431,12.093969,2,MUN,38.8,16.7,261.0,16.0,2,5000,0,0,0,0,0,0

APPTR,R26R,26R,LAN26
IF,LANDU,48.596361,12.273928, ,0.0,0.0,0,0,0,0,0,0,0,0
TF,DM411,48.537917,11.501536,0, ,0.0,0.0,0.0,0.0,0,0,0,0,0,0,0,0
TF,DM422,48.428906,11.521092,0, ,0.0,0.0,0.0,0.0,0,0,0,0,0,0,0,0
TF,DM425,48.452678,11.826492,0, ,0.0,0.0,0.0,0.0,2,8000,0,0,0,0,0,0
TF,DM429,48.493422,12.378447,0, ,0.0,0.0,0.0,0.0,0,0,0,0,0,0,0,0
FM,DM429,48.493422,12.378447,0,MUN,0.0,0.0,80.0,0,0,0,0,0,0,0,0
CF,GUDEG,48.387431,12.093969,2,MUN,38.8,16.7,261.0,16.0,2,5000,0,0,0,0,0,0

APPTR,R26R,26R,LEV1C
IF,LEVBU,49.006944,10.456667, ,0.0,0.0,4,27000,25000,0,0,0,0,0
TF,ANORA,48.949444,10.548333,0, ,0.0,0.0,0.0,0.0,4,26000,22000,0,0,0,0,0
TF,BURAM,48.695497,10.949003,0, ,0.0,0.0,0.0,0.0,4,19000,16000,1,280,0,0,0
TF,DM421,48.413675,11.331114,0, ,0.0,0.0,0.0,0.0,3,17000,0,1,240,0,0,0
TF,DM423,48.436925,11.622858,0, ,0.0,0.0,0.0,0.0,2,11000,0,1,230,0,0,0
TF,DM425,48.452678,11.826492,0, ,0.0,0.0,0.0,0.0,1,9000,0,1,220,0,0,0
TF,DM429,48.493422,12.378447,0, ,0.0,0.0,0.0,0.0,0,0,0,0,0,0,0,0
FM,DM429,48.493422,12.378447,0,MUN,0.0,0.0,80.0,0,0,0,0,0,0,0,0
CF,GUDEG,48.387431,12.093969,2,MUN,38.8,16.7,261.0,16.0,2,5000,0,0,0,0,0,0

APPTR,R26R,26R,MIQ
IF,MIQ,48.570225,11.597503, ,0.0,0.0,2,5000,0,0,0,0,1,0
TF,DM428,48.482686,12.229178,0, ,0.0,0.0,0.0,0.0,0,0,0,0,0,0,0,0
TF,DM438,48.398358,12.243011,0, ,0.0,0.0,0.0,0.0,0,0,0,0,0,0,1,0
TF,GUDEG,48.387431,12.093969,0, ,0.0,0.0,0.0,0.0,2,5000,0,0,0,0,0,0

APPTR,R26R,26R,ROK26
IF,ROKIL,48.513314,11.196725, ,0.0,0.0,0,0,0,0,0,0,0,0
TF,DM421,48.413675,11.331114,0, ,0.0,0.0,0.0,0.0,0,0,0,0,0,0,0,0
TF,DM425,48.452678,11.826492,0, ,0.0,0.0,0.0,0.0,2,8000,0,0,0,0,0,0
TF,DM429,48.493422,12.378447,0, ,0.0,0.0,0.0,0.0,0,0,0,0,0,0,0,0
FM,DM429,48.493422,12.378447,0,MUN,0.0,0.0,80.0,0,0,0,0,0,0,0,0
CF,GUDEG,48.387431,12.093969,2,MUN,38.8,16.7,261.0,16.0,2,5000,0,0,0,0,0,0

FINAL,R26R,26R,R,2
IF,GUDEG,48.387431,12.093969, ,0.0,0.0,2,5000,0,0,0,0,2,0
TF,RW26R,48.366886,11.821172,0, ,0.0,0.0,261.0,11.0,1,1499,0,0,0,0,3,1
CF,DM531,48.362939,11.769789,0,MUN,347.4,11.1,261.0,2.1,0,0,0,0,0,0,0,1
CA,0,261.0,2,1900,0,0,0,0,0,0
DF,MIQ,48.570225,11.597503,2, ,0.0,0.0,1,5000,0,0,0,0,0,0

