SID,ARBE1E,24,5
CA,0,236.0,2,810,0,0,0,0,0,0
DF,TP364,61.387500,23.487778,0, ,0.0,0.0,0,0,0,1,200,0,0,0
TF,BANRI,61.477222,23.397778,0, ,0.0,0.0,0.0,0.0,0,0,0,0,0,0,0,0
TF,ATBOK,61.565758,23.866606,2, ,0.0,0.0,0.0,0.0,0,0,0,0,0,0,0,0
TF,ARBEV,61.626944,24.494444,0, ,0.0,0.0,0.0,0.0,0,0,0,0,0,0,0,0

SID,ARBE1F,06,5
CA,0,56.0,2,940,0,0,0,0,0,0
DF,TP366,61.440833,23.721111,0, ,0.0,0.0,0,0,0,0,0,0,0,0
TF,ARBEV,61.626944,24.494444,0, ,0.0,0.0,0.0,0.0,0,0,0,0,0,0,0,0

SID,ENET1E,24,5
CA,0,236.0,2,810,0,0,0,0,0,0
DF,TP364,61.387500,23.487778,0, ,0.0,0.0,0,0,0,1,200,0,0,0
TF,ENETI,61.074722,23.572222,0, ,0.0,0.0,0.0,0.0,0,0,0,0,0,0,0,0

SID,ENET1F,06,5
CA,0,56.0,2,1100,0,0,0,0,0,0
DF,EMBOT,61.356667,23.801111,0, ,0.0,0.0,0,0,0,0,0,0,0,0
TF,ENETI,61.074722,23.572222,0, ,0.0,0.0,0.0,0.0,0,0,0,0,0,0,0,0

SID,EVLI1E,24,5
CA,0,236.0,2,810,0,0,0,0,0,0
DF,TP364,61.387500,23.487778,0, ,0.0,0.0,0,0,0,1,200,0,0,0
TF,EVLIT,61.046389,23.074722,0, ,0.0,0.0,0.0,0.0,0,0,0,0,0,0,0,0

SID,EVLI1F,06,5
CA,0,56.0,2,1100,0,0,0,0,0,0
DF,EMBOT,61.356667,23.801111,0, ,0.0,0.0,0,0,0,0,0,0,0,0
TF,EVLIT,61.046389,23.074722,0, ,0.0,0.0,0.0,0.0,0,0,0,0,0,0,0,0

SID,GEMK1E,24,5
CA,0,236.0,2,810,0,0,0,0,0,0
DF,TP364,61.387500,23.487778,0, ,0.0,0.0,0,0,0,1,200,0,0,0
TF,BANRI,61.477222,23.397778,0, ,0.0,0.0,0.0,0.0,0,0,0,0,0,0,0,0
TF,GEMKU,61.650833,23.430833,0, ,0.0,0.0,0.0,0.0,0,0,0,0,0,0,0,0

SID,GEMK1F,06,5
CA,0,56.0,2,1100,0,0,0,0,0,0
DF,RIXIL,61.515833,23.646111,0, ,0.0,0.0,0,0,0,0,0,0,0,0
TF,GEMKU,61.650833,23.430833,0, ,0.0,0.0,0.0,0.0,0,0,0,0,0,0,0,0

SID,NEBA1E,24,5
CA,0,236.0,2,810,0,0,0,0,0,0
DF,TP364,61.387500,23.487778,0, ,0.0,0.0,0,0,0,1,200,0,0,0
TF,NEBAB,61.109444,22.846667,0, ,0.0,0.0,0.0,0.0,0,0,0,0,0,0,0,0

SID,NEBA1F,06,5
CA,0,56.0,2,1100,0,0,0,0,0,0
DF,EMBOT,61.356667,23.801111,0, ,0.0,0.0,0,0,0,0,0,0,0,0
TF,NEBAB,61.109444,22.846667,0, ,0.0,0.0,0.0,0.0,0,0,0,0,0,0,0,0

SID,NISV1E,24,5
CA,0,236.0,2,810,0,0,0,0,0,0
DF,TP364,61.387500,23.487778,0, ,0.0,0.0,0,0,0,1,200,0,0,0
TF,GONEM,61.183889,23.689722,0, ,0.0,0.0,0.0,0.0,0,0,0,0,0,0,0,0
TF,NISVI,61.126111,24.048611,0, ,0.0,0.0,0.0,0.0,0,0,0,0,0,0,0,0

SID,NISV1F,06,5
CA,0,56.0,2,1100,0,0,0,0,0,0
DF,EMBOT,61.356667,23.801111,0, ,0.0,0.0,0,0,0,0,0,0,0,0
TF,NISVI,61.126111,24.048611,0, ,0.0,0.0,0.0,0.0,0,0,0,0,0,0,0,0

SID,UVEM1E,24,5
CA,0,236.0,2,810,0,0,0,0,0,0
DF,TP364,61.387500,23.487778,0, ,0.0,0.0,0,0,0,1,200,0,0,0
TF,GONEM,61.183889,23.689722,0, ,0.0,0.0,0.0,0.0,0,0,0,0,0,0,0,0
TF,UVEMO,61.092500,23.849444,0, ,0.0,0.0,0.0,0.0,0,0,0,0,0,0,0,0

SID,UVEM1F,06,5
CA,0,56.0,2,1100,0,0,0,0,0,0
DF,EMBOT,61.356667,23.801111,0, ,0.0,0.0,0,0,0,0,0,0,0,0
TF,UVEMO,61.092500,23.849444,0, ,0.0,0.0,0.0,0.0,0,0,0,0,0,0,0,0

SID,XORM1E,24,5
CA,0,236.0,2,810,0,0,0,0,0,0
DF,TP364,61.387500,23.487778,0, ,0.0,0.0,0,0,0,1,200,0,0,0
TF,XORMU,61.324444,22.648333,0, ,0.0,0.0,0.0,0.0,0,0,0,0,0,0,0,0

SID,XORM1F,06,5
CA,0,56.0,2,1100,0,0,0,0,0,0
DF,RIXIL,61.515833,23.646111,0, ,0.0,0.0,0,0,0,0,0,0,0,0
TF,XORMU,61.324444,22.648333,0, ,0.0,0.0,0.0,0.0,0,0,0,0,0,0,0,0

STAR,ARBE1C,24,5
IF,ARBEV,61.626944,24.494444, ,0.0,0.0,2,10000,0,0,0,0,0,0
TF,LEDGU,61.490622,23.940933,0, ,0.0,0.0,0.0,0.0,2,2700,0,0,0,0,0,0

STAR,ARBE1D,06,5
IF,ARBEV,61.626944,24.494444, ,0.0,0.0,2,10000,0,0,0,0,0,0
TF,ATBOK,61.565758,23.866606,0, ,0.0,0.0,0.0,0.0,0,0,0,0,0,0,0,0
TF,TEPDA,61.411614,23.193933,0, ,0.0,0.0,0.0,0.0,2,2700,0,1,240,0,0,0

STAR,EVLI1C,24,5
IF,EVLIT,61.046389,23.074722, ,0.0,0.0,2,10000,0,0,0,0,0,0
TF,TP408,61.097739,23.203244,0, ,0.0,0.0,0.0,0.0,2,7000,0,0,0,0,0,0
TF,INRUL,61.415444,24.014903,0, ,0.0,0.0,0.0,0.0,2,2700,0,1,240,0,0,0

STAR,EVLI1D,06,5
IF,EVLIT,61.046389,23.074722, ,0.0,0.0,2,10000,0,0,0,0,0,0
TF,TP407,61.125186,23.127192,0, ,0.0,0.0,0.0,0.0,2,7000,0,0,0,0,0,0
TF,OLNEG,61.336844,23.269503,0, ,0.0,0.0,0.0,0.0,2,2700,0,0,0,0,0,0

STAR,GEMK2C,24,5
IF,GEMKU,61.650833,23.430833, ,0.0,0.0,2,10000,0,0,0,0,0,0
TF,NOLNO,61.578656,23.517306,0, ,0.0,0.0,0.0,0.0,0,0,0,0,0,0,0,0
TF,ATBOK,61.565758,23.866606,0, ,0.0,0.0,0.0,0.0,2,2700,0,1,240,0,0,0

STAR,GEMK2D,06,5
IF,GEMKU,61.650833,23.430833, ,0.0,0.0,2,10000,0,0,0,0,0,0
TF,NOLNO,61.578656,23.517306,0, ,0.0,0.0,0.0,0.0,0,0,0,0,0,0,0,0
TF,TEPDA,61.411614,23.193933,0, ,0.0,0.0,0.0,0.0,2,2700,0,1,240,0,0,0

STAR,NEBA1C,24,5
IF,NEBAB,61.109444,22.846667, ,0.0,0.0,2,10000,0,0,0,0,0,0
TF,TP411,61.174444,23.077500,0, ,0.0,0.0,0.0,0.0,2,7000,0,0,0,0,0,0
TF,ELSIT,61.333936,23.656214,0, ,0.0,0.0,0.0,0.0,0,0,0,0,0,0,0,0
TF,INRUL,61.415444,24.014903,0, ,0.0,0.0,0.0,0.0,2,2700,0,1,240,0,0,0
TF,LEDGU,61.490622,23.940933,0, ,0.0,0.0,0.0,0.0,2,2700,0,0,0,0,0,0

STAR,NEBA1D,06,5
IF,NEBAB,61.109444,22.846667, ,0.0,0.0,2,10000,0,0,0,0,0,0
TF,TP409,61.213056,23.038333,0, ,0.0,0.0,0.0,0.0,2,7000,0,0,0,0,0,0
TF,OLNEG,61.336844,23.269503,0, ,0.0,0.0,0.0,0.0,2,2700,0,0,0,0,0,0

STAR,NISV1C,24,5
IF,NISVI,61.126111,24.048611, ,0.0,0.0,2,10000,0,0,0,0,0,0
TF,INRUL,61.415444,24.014903,0, ,0.0,0.0,0.0,0.0,2,2700,0,1,240,0,0,0

STAR,NISV1D,06,5
IF,NISVI,61.126111,24.048611, ,0.0,0.0,2,10000,0,0,0,0,0,0
TF,ERTIN,61.262033,23.344714,0, ,0.0,0.0,0.0,0.0,2,2700,0,1,240,0,0,0

STAR,UVEM1C,24,5
IF,UVEMO,61.092500,23.849444, ,0.0,0.0,2,10000,0,0,0,0,0,0
TF,INRUL,61.415444,24.014903,0, ,0.0,0.0,0.0,0.0,2,2700,0,1,240,0,0,0

STAR,UVEM1D,06,5
IF,UVEMO,61.092500,23.849444, ,0.0,0.0,2,10000,0,0,0,0,0,0
TF,ERTIN,61.262033,23.344714,0, ,0.0,0.0,0.0,0.0,2,2700,0,1,240,0,0,0

STAR,XORM1C,24,5
IF,XORMU,61.324444,22.648333, ,0.0,0.0,2,10000,0,0,0,0,0,0
TF,TP412,61.370278,22.891944,0, ,0.0,0.0,0.0,0.0,2,7000,0,0,0,0,0,0
TF,PIKOB,61.483625,23.506658,0, ,0.0,0.0,0.0,0.0,0,0,0,0,0,0,0,0
TF,ATBOK,61.565758,23.866606,0, ,0.0,0.0,0.0,0.0,2,2700,0,1,240,0,0,0
TF,LEDGU,61.490622,23.940933,0, ,0.0,0.0,0.0,0.0,2,2700,0,0,0,0,0,0

STAR,XORM1D,06,5
IF,XORMU,61.324444,22.648333, ,0.0,0.0,2,10000,0,0,0,0,0,0
TF,TP410,61.330278,22.918889,0, ,0.0,0.0,0.0,0.0,2,7000,0,0,0,0,0,0
TF,OLNEG,61.336844,23.269503,0, ,0.0,0.0,0.0,0.0,2,2700,0,0,0,0,0,0

APPTR,D06,06,EVLIT
IF,EVLIT,61.046389,23.074722, ,0.0,0.0,2,10000,0,0,0,0,1,0
FD,EVLIT,61.046389,23.074722,0,PIR,205.9,21.0,26.0,21.0,2,7000,0,0,0,0,0,0
CD, ,0,0,0,PIR,0,0.0,26.0,13.0,2,2500,0,0,0,0,0,0
CI,0, ,0.0,26.0,0,0,0,0,0,0,0,0
AF,D221K,61.289667,23.290886,2,PIR,221.0,11.0,206.0,2,2500,0,0,0,0,0,0
VI,0, ,0.0,23.0,0,0,0,0,0,0,0,0
CF,FD06,61.365492,23.411089,0,PIR,233.0,5.5,53.0,5.0,2,2220,0,0,0,0,0,0

APPTR,D06,06,GEMKU
IF,GEMKU,61.650833,23.430833, ,0.0,0.0,2,10000,0,0,0,0,1,0
FD,GEMKU,61.650833,23.430833,0,PIR,335.8,13.0,156.0,13.0,2,2500,0,0,0,0,0,0
CI,0, ,0.0,156.0,0,0,0,0,0,0,0,0
AF,D245K,61.355972,23.213514,1,PIR,245.0,11.0,336.0,2,2500,0,0,0,0,0,0
VI,0, ,0.0,83.0,0,0,0,0,0,0,0,0
CF,FD06,61.365492,23.411089,0,PIR,233.0,5.5,53.0,5.0,2,2220,0,0,0,0,0,0

APPTR,D06,06,NEBAB
IF,NEBAB,61.109444,22.846667, ,0.0,0.0,2,10000,0,0,0,0,1,0
FD,NEBAB,61.109444,22.846667,0,PIR,221.8,19.0,42.0,19.0,2,7000,0,0,0,0,0,0
CF,D233K,61.320872,23.244992,0,PIR,233.0,11.0,25.0,8.5,2,2500,0,0,0,0,1,0
CF,FD06,61.365492,23.411089,0,PIR,233.0,5.5,53.0,5.5,2,2220,0,0,0,0,0,0

APPTR,D06,06,NISVI
IF,NISVI,61.126111,24.048611, ,0.0,0.0,2,10000,0,0,0,0,1,0
FD,NISVI,61.126111,24.048611,0,PIR,133.2,13.0,313.0,13.0,2,2500,0,0,0,0,0,0
CI,0, ,0.0,313.0,0,0,0,0,0,0,0,0
AF,D221K,61.289667,23.290886,2,PIR,221.0,11.0,133.0,2,2500,0,0,0,0,0,0
VI,0, ,0.0,23.0,0,0,0,0,0,0,0,0
CF,FD06,61.365492,23.411089,0,PIR,233.0,5.5,53.0,5.0,2,2220,0,0,0,0,0,0

APPTR,D06,06,SOXOR
HF,SOXOR,61.361667,23.395556,2, ,0.0,0.0,53.0,04.3,2,2500,0,0,0,0,1,0,0
CF,FD06,61.365492,23.411089,0,PIR,233.0,5.5,53.0,5.0,2,2220,0,0,0,0,0,0

APPTR,D06,06,UVEMO
IF,UVEMO,61.092500,23.849444, ,0.0,0.0,2,10000,0,0,0,0,1,0
FD,UVEMO,61.092500,23.849444,0,PIR,149.5,13.0,329.0,13.0,2,2500,0,0,0,0,0,0
CI,0, ,0.0,329.0,0,0,0,0,0,0,0,0
AF,D221K,61.289667,23.290886,2,PIR,221.0,11.0,149.0,2,2500,0,0,0,0,0,0
VI,0, ,0.0,23.0,0,0,0,0,0,0,0,0
CF,FD06,61.365492,23.411089,0,PIR,233.0,5.5,53.0,5.0,2,2220,0,0,0,0,0,0

APPTR,D06,06,XORMU
IF,XORMU,61.324444,22.648333, ,0.0,0.0,2,10000,0,0,0,0,1,0
FD,XORMU,61.324444,22.648333,0,PIR,251.6,19.0,71.0,19.0,2,7000,0,0,0,0,0,0
CF,D233K,61.320872,23.244992,0,PIR,233.0,11.0,95.0,9.3,2,2500,0,0,0,0,1,0
CF,FD06,61.365492,23.411089,0,PIR,233.0,5.5,53.0,5.5,2,2220,0,0,0,0,0,0

FINAL,D06,06,D,2
IF,FD06,61.365492,23.411089,PIR,233.0,5.5,2,2220,0,0,0,0,2,0
CF,PIR,61.409911,23.577661,0,PIR,0.0,0.0,53.0,5.5,1,483,0,0,0,0,3,0
CF,TUBDO,61.465556,23.830000,0,PIR,57.2,8.0,57.0,8.0,1,2500,0,0,0,0,0,1

APPTR,D24,24,ARBEV
IF,ARBEV,61.626944,24.494444, ,0.0,0.0,2,10000,0,0,0,0,1,0
FD,ARBEV,61.626944,24.494444,0,PIR,55.2,15.0,235.0,15.0,2,2500,0,0,0,0,0,0
CF,D057M,61.500603,23.987406,0,PIR,57.0,13.0,230.0,2.0,2,2500,0,0,0,0,1,0
CF,FD24,61.460292,23.804303,0,PIR,57.0,7.2,237.0,5.8,2,2220,0,0,0,0,0,0

APPTR,D24,24,GEMKU
IF,GEMKU,61.650833,23.430833, ,0.0,0.0,2,10000,0,0,0,0,1,0
CI,0, ,0.0,156.0,2,2500,0,0,0,0,0,0
AF,D047M,61.533331,23.948392,2,PIR,47.0,13.0,336.0,2,2500,0,0,0,0,0,0
VI,0, ,0.0,207.0,0,0,0,0,0,0,0,0
CF,FD24,61.460292,23.804303,0,PIR,57.0,7.2,237.0,6.0,2,2220,0,0,0,0,0,0

APPTR,D24,24,NISVI
IF,NISVI,61.126111,24.048611, ,0.0,0.0,2,10000,0,0,0,0,1,0
FD,NISVI,61.126111,24.048611,0,PIR,133.2,15.0,313.0,15.0,2,2500,0,0,0,0,0,0
CI,0, ,0.0,313.0,0,0,0,0,0,0,0,0
AF,D067M,61.465131,24.013864,1,PIR,67.0,13.0,133.0,2,2500,0,0,0,0,0,0
VI,0, ,0.0,267.0,0,0,0,0,0,0,0,0
CF,FD24,61.460292,23.804303,0,PIR,57.0,7.2,237.0,6.0,2,2220,0,0,0,0,0,0

APPTR,D24,24,TUBDO
HF,TUBDO,61.465556,23.830000,1, ,0.0,0.0,237.0,04.3,2,2500,0,0,0,0,1,0,0
CF,FD24,61.460292,23.804303,0,PIR,57.0,7.2,237.0,5.0,2,2220,0,0,0,0,0,0

APPTR,D24,24,UVEMO
IF,UVEMO,61.092500,23.849444, ,0.0,0.0,2,10000,0,0,0,0,1,0
FD,UVEMO,61.092500,23.849444,0,PIR,149.5,15.0,329.0,15.0,2,2500,0,0,0,0,0,0
CI,0, ,0.0,329.0,2,2500,0,0,0,0,0,0
AF,D067M,61.465131,24.013864,1,PIR,67.0,13.0,149.0,2,2500,0,0,0,0,0,0
VI,0, ,0.0,267.0,0,0,0,0,0,0,0,0
CF,FD24,61.460292,23.804303,0,PIR,57.0,7.2,237.0,5.0,2,2220,0,0,0,0,0,0

FINAL,D24,24,D,3
IF,FD24,61.460292,23.804303,PIR,57.0,7.2,2,2220,0,0,0,0,2,0
CF,35VOR,61.434447,23.687742,0,PIR,57.0,3.5,237.0,3.7,2,1040,0,0,0,0,0,0
CF,RW24,61.419369,23.627208,0,PIR,60.3,1.5,237.0,2.0,1,420,0,0,0,0,3,0
CF,PIR,61.409911,23.577661,0,PIR,0.0,0.0,237.0,1.5,2,800,0,0,0,0,0,0
CF,SOXOR,61.361667,23.395556,0,PIR,233.2,6.0,233.0,6.0,1,2500,0,0,0,0,0,1

APPTR,I24-Y,24,ARBEV
IF,ARBEV,61.626944,24.494444, ,0.0,0.0,2,10000,0,0,0,0,1,0
FD,ARBEV,61.626944,24.494444,0,PIR,55.2,15.0,235.0,15.0,2,2500,0,0,0,0,0,0
CF,D057M,61.500603,23.987406,0,PIR,57.0,13.0,230.0,2.0,2,2500,0,0,0,0,1,0
CF,CI24Y,61.472836,23.862231,0,TP,56.2,9.3,237.0,4.0,2,2200,0,0,0,0,0,0

APPTR,I24-Y,24,GEMKU
IF,GEMKU,61.650833,23.430833, ,0.0,0.0,2,10000,0,0,0,0,1,0
CI,0, ,0.0,156.0,2,2500,0,0,0,0,0,0
AF,D047M,61.533331,23.948392,2,PIR,47.0,13.0,336.0,2,2500,0,0,0,0,0,0
VI,0, ,0.0,207.0,0,0,0,0,0,0,0,0
CF,CI24Y,61.472836,23.862231,0,TP,56.2,9.3,237.0,4.0,2,2200,0,0,0,0,0,0

APPTR,I24-Y,24,NISVI
IF,NISVI,61.126111,24.048611, ,0.0,0.0,2,10000,0,0,0,0,1,0
FD,NISVI,61.126111,24.048611,0,PIR,133.2,15.0,313.0,15.0,2,2500,0,0,0,0,0,0
CI,0, ,0.0,313.0,0,0,0,0,0,0,0,0
AF,D067M,61.465131,24.013864,1,PIR,67.0,13.0,133.0,2,2500,0,0,0,0,0,0
VI,0, ,0.0,267.0,0,0,0,0,0,0,0,0
CF,CI24Y,61.472836,23.862231,0,TP,56.2,9.3,237.0,4.0,2,2200,0,0,0,0,0,0

APPTR,I24-Y,24,TUBDO
HF,TUBDO,61.465556,23.830000,1, ,0.0,0.0,237.0,04.3,2,2500,0,0,0,0,1,0,0
CF,CI24Y,61.472836,23.862231,0,TP,56.2,9.3,237.0,4.0,2,2200,0,0,0,0,0,0

APPTR,I24-Y,24,UVEMO
IF,UVEMO,61.092500,23.849444, ,0.0,0.0,2,10000,0,0,0,0,1,0
FD,UVEMO,61.092500,23.849444,0,PIR,149.5,15.0,329.0,15.0,2,2500,0,0,0,0,0,0
CI,0, ,0.0,329.0,2,2500,0,0,0,0,0,0
AF,D067M,61.465131,24.013864,1,PIR,67.0,13.0,149.0,2,2500,0,0,0,0,0,0
VI,0, ,0.0,267.0,0,0,0,0,0,0,0,0
CF,CI24Y,61.472836,23.862231,0,TP,56.2,9.3,237.0,4.0,2,2200,0,0,0,0,0,0

FINAL,I24-Y,24,I,3
IF,CI24Y,61.472836,23.862231,TP,56.2,9.3,2,2200,0,0,0,0,0,0
CF,FI24Y,61.458608,23.799439,0,TP,56.2,7.3,236.0,2.0,1,2200,0,0,0,0,2,0
CF,RW24,61.419369,23.627208,0,TP,56.2,1.8,236.0,5.4,1,420,0,0,0,0,3,0
TF,SOXOR,61.361667,23.395556,0, ,0.0,0.0,0.0,0.0,1,2500,0,0,0,0,0,1

APPTR,I24-Z,24,ATBOK
IF,ATBOK,61.565758,23.866606, ,0.0,0.0,2,2700,0,1,240,0,1,0
TF,LEDGU,61.490622,23.940933,0, ,0.0,0.0,0.0,0.0,2,2700,0,0,0,0,1,0
CF,CI24Z,61.468997,23.845269,2,TP,56.2,8.7,237.0,3.0,2,2000,0,0,0,0,0,0

APPTR,I24-Z,24,INRUL
IF,INRUL,61.415444,24.014903, ,0.0,0.0,2,2700,0,1,240,0,1,0
TF,LEDGU,61.490622,23.940933,0, ,0.0,0.0,0.0,0.0,2,2700,0,0,0,0,1,0
CF,CI24Z,61.468997,23.845269,1,TP,56.2,8.7,237.0,3.0,2,2000,0,0,0,0,0,0

APPTR,I24-Z,24,LEDGU
IF,LEDGU,61.490622,23.940933, ,0.0,0.0,2,2700,0,0,0,0,1,0
CF,CI24Z,61.468997,23.845269,0,TP,56.2,8.7,237.0,3.0,2,2000,0,0,0,0,0,0

FINAL,I24-Z,24,I,3
IF,CI24Z,61.468997,23.845269,TP,56.2,8.7,2,2000,0,0,0,0,0,0
CF,GOMIB,61.454803,23.782644,0,TP,56.2,6.7,236.0,2.0,1,2000,0,0,0,0,2,0
CF,RW24,61.419369,23.627208,0,TP,56.2,1.8,236.0,5.0,1,421,0,0,0,0,3,1
DF,OLNEG,61.336844,23.269503,0, ,0.0,0.0,1,2700,0,0,0,0,0,1

APPTR,R06,06,ERTIN
IF,ERTIN,61.262033,23.344714, ,0.0,0.0,2,2700,0,1,240,0,1,0
TF,OLNEG,61.336844,23.269503,0, ,0.0,0.0,0.0,0.0,2,2700,0,0,0,0,1,0
TF,RIRAR,61.373717,23.428581,0, ,0.0,0.0,0.0,0.0,2,2000,0,0,0,0,0,0

APPTR,R06,06,OLNEG
IF,OLNEG,61.336844,23.269503, ,0.0,0.0,2,2700,0,0,0,0,1,0
TF,RIRAR,61.373717,23.428581,0, ,0.0,0.0,0.0,0.0,2,2000,0,0,0,0,0,0

APPTR,R06,06,TEPDA
IF,TEPDA,61.411614,23.193933, ,0.0,0.0,2,2700,0,1,240,0,1,0
TF,OLNEG,61.336844,23.269503,0, ,0.0,0.0,0.0,0.0,2,2700,0,0,0,0,1,0
TF,RIRAR,61.373717,23.428581,0, ,0.0,0.0,0.0,0.0,2,2000,0,0,0,0,0,0

FINAL,R06,06,R,2
IF,RIRAR,61.373717,23.428581, ,0.0,0.0,2,2000,0,0,0,0,2,0
TF,RW06,61.408922,23.581586,0, ,0.0,0.0,56.0,4.9,1,441,0,0,0,0,3,1
TF,LEDGU,61.490622,23.940933,0, ,0.0,0.0,0.0,0.0,1,2700,0,0,0,0,0,1

APPTR,R24,24,ATBOK
IF,ATBOK,61.565758,23.866606, ,0.0,0.0,2,2700,0,1,240,0,1,0
TF,LEDGU,61.490622,23.940933,0, ,0.0,0.0,0.0,0.0,2,2700,0,0,0,0,1,0
TF,GOMIB,61.454803,23.782644,0, ,0.0,0.0,0.0,0.0,2,2000,0,0,0,0,0,0

APPTR,R24,24,INRUL
IF,INRUL,61.415444,24.014903, ,0.0,0.0,2,2700,0,1,240,0,1,0
TF,LEDGU,61.490622,23.940933,0, ,0.0,0.0,0.0,0.0,2,2700,0,0,0,0,1,0
TF,GOMIB,61.454803,23.782644,0, ,0.0,0.0,0.0,0.0,2,2000,0,0,0,0,0,0

APPTR,R24,24,LEDGU
IF,LEDGU,61.490622,23.940933, ,0.0,0.0,2,2700,0,0,0,0,1,0
TF,GOMIB,61.454803,23.782644,0, ,0.0,0.0,0.0,0.0,2,2000,0,0,0,0,0,0

FINAL,R24,24,R,2
IF,GOMIB,61.454803,23.782644, ,0.0,0.0,2,2000,0,0,0,0,2,0
TF,RW24,61.419369,23.627208,0, ,0.0,0.0,236.0,5.0,1,420,0,0,0,0,3,1
TF,OLNEG,61.336844,23.269503,0, ,0.0,0.0,0.0,0.0,1,2700,0,0,0,0,0,0

