SID,DEP10,10,2
CA,0,103.0,2,1370,0,0,0,0,0,0
CA,0,169.0,2,3370,0,0,0,0,0,0
VM,0,0,2,319.0,1,10000,0,0,0,0,0,0

SID,DEP13,24,2
CA,0,238.0,2,2370,0,0,0,0,0,0
VM,0,0,1,99.0,1,5000,0,0,0,0,0,0

SID,DEP5,24,2
CR,0,GAM,163.0,238.0,2,5000,0,0,0,0,0,0
VM,0,0,2,319.0,1,10000,0,0,0,0,0,0

SID,DEP6,28,2
CA,0,283.0,2,1370,0,0,0,0,0,0
CR,0,GAM,163.0,239.0,2,5000,0,0,0,0,0,0
VM,0,0,0,319.0,1,10000,0,0,0,0,0,0

SID,DEP7,06,2
CA,0,58.0,2,1370,0,0,0,0,0,0
CA,2,169.0,2,3370,0,0,0,0,0,0
VM,0,0,0,139.0,1,10000,0,0,0,0,0,0

SID,DEP8,06,2
CA,0,58.0,2,1370,0,0,0,0,0,0
CA,2,169.0,2,3370,0,0,0,0,0,0
VM,0,0,2,319.0,1,10000,0,0,0,0,0,0

SID,DEP9,10,2
CA,0,103.0,2,1370,0,0,0,0,0,0
CA,0,169.0,2,3370,0,0,0,0,0,0
VM,0,0,0,139.0,1,10000,0,0,0,0,0,0

