APPTR,I11,11,KOR
FD,KOR,55.439364,11.631531,0,KOR,0.0,12.0,29.0,12.0,2,3000,0,0,0,0,0,0
CF,D029M,55.624569,11.828369,0,KOR,29.0,13.0,29.0,1.0,0,0,0,0,0,0,0,0
CF,CI11,55.644392,11.920053,0,KV,294.3,8.5,114.0,2.0,2,2000,0,0,0,0,0,0

APPTR,I11,11,RK1
FC,RK,55.623131,11.997169,0,TNO,0.0,0.0,266.0,4.7,0,0,0,1,210,0,0,1
CF,CI11,55.644392,11.920053,2,KV,294.3,8.5,114.0,2.0,2,2000,0,0,0,0,0,0

APPTR,I11,11,RK2
HF,RK,55.623131,11.997169,2, ,0.0,0.0,114.0,04,2,2000,0,1,210,0,0,0,0

APPTR,I11,11,TNO
IF,TNO,55.774094,11.439189, ,0.0,0.0,0,0,0,0,0,0,0,0
TF,FISKO,55.684722,11.771111,0, ,0.0,0.0,0.0,0.0,2,3000,0,0,0,0,0,0
CF,CI11,55.644392,11.920053,0,KV,294.3,8.5,114.0,5.5,2,2000,0,0,0,0,0,0

FINAL,I11,11,I,3
IF,CI11,55.644392,11.920053,KV,294.3,8.5,1,2000,0,0,0,0,0,0
CF,RK,55.623131,11.997169,0,KV,294.4,5.6,114.0,2.9,1,1627,0,0,0,0,2,0
CF,RW11,55.589981,12.115639,0,KV,294.3,1.1,114.0,4.4,1,197,0,0,0,0,3,0
CA,0,114.0,2,500,0,0,0,0,0,0
DF,RK,55.623131,11.997169,2, ,0.0,0.0,1,2000,0,0,0,0,0,0

APPTR,I21,21,KOR
FD,KOR,55.439364,11.631531,0,KOR,0.0,31.5,43.0,31.5,2,3000,0,0,0,0,0,0
CI,2, ,0.0,179.0,0,0,0,0,0,0,0,0
CF,MALIX,55.753056,12.309722,0,SN,29.0,12.4,209.0,5.0,2,3000,0,0,0,0,0,0

APPTR,I21,21,RK
IF,RK,55.623131,11.997169, ,0.0,0.0,0,0,0,0,0,0,0,0
CF,D012B,55.652953,12.010319,0,KOR,43.0,18.2,12.0,1.9,0,0,0,0,0,0,0,0
FD,D012B,55.652953,12.010319,0,KOR,43.0,31.5,43.0,31.5,2,3000,0,0,0,0,0,0
CI,2, ,0.0,179.0,0,0,0,0,0,0,0,0
CF,MALIX,55.753056,12.309722,0,SN,29.0,12.4,209.0,5.0,2,3000,0,0,0,0,0,0

APPTR,I21,21,TNO
FD,TNO,55.774094,11.439189,0,TNO,0.0,29.4,83.0,29.4,2,3000,0,0,0,0,0,0
CI,2, ,0.0,179.0,0,0,0,0,0,0,0,0
CF,MALIX,55.753056,12.309722,0,SN,29.0,12.4,209.0,5.0,2,3000,0,0,0,0,0,0

FINAL,I21,21,I,3
IF,MALIX,55.753056,12.309722,SN,29.0,12.4,2,3000,0,0,0,0,0,0
CF,FI21,55.715858,12.269775,0,SN,28.9,9.8,209.0,2.7,1,3000,0,0,0,0,2,0
CF,RW21,55.589958,12.136069,0,SN,28.9,0.0,209.0,8.8,1,196,0,0,0,0,3,0
CA,0,209.0,2,500,0,0,0,0,0,0
DF,RK,55.623131,11.997169,2, ,0.0,0.0,1,2000,0,0,0,0,0,0

APPTR,Q11,11,KOR1
IF,KOR,55.439364,11.631531, ,0.0,0.0,0,0,0,0,0,0,1,0
TF,RK364,55.611978,11.807731,0, ,0.0,0.0,0.0,0.0,2,3000,0,0,0,0,0,0
TF,D270F,55.626494,11.822631,0, ,0.0,0.0,0.0,0.0,0,0,0,0,0,0,0,0
CF,RK368,55.635672,11.951483,0,TNO,113.4,19.3,114.0,3.5,2,2000,0,0,0,0,1,0

APPTR,Q11,11,KOR2
IF,KOR,55.439364,11.631531, ,0.0,0.0,0,0,0,0,0,0,1,0
TF,RK364,55.611978,11.807731,0, ,0.0,0.0,0.0,0.0,2,3000,0,0,0,0,0,0
TF,D279F,55.640878,11.837408,0, ,0.0,0.0,0.0,0.0,0,0,0,0,0,0,0,0
CF,RK368,55.635672,11.951483,0,TNO,113.4,19.3,114.0,3.5,2,2000,0,0,0,0,1,0

APPTR,Q11,11,RK1
IF,RK,55.623131,11.997169, ,0.0,0.0,0,0,0,1,210,0,1,0
CF,RK367,55.620278,11.862158,0,TNO,120.6,17.1,266.0,4.7,2,2000,0,0,0,0,0,1
CF,RK368,55.635672,11.951483,2,TNO,113.4,19.3,114.0,3.0,2,2000,0,0,0,0,1,0

APPTR,Q11,11,RK3
IF,RK,55.623131,11.997169, ,0.0,0.0,0,0,0,0,0,0,1,0
CF,RK371,55.631397,11.865981,0,TNO,118.5,16.8,274.0,4.5,2,2000,0,0,0,0,0,1
CF,RK368,55.635672,11.951483,2,TNO,113.4,19.3,114.0,2.8,2,2000,0,0,0,0,1,0

APPTR,Q11,11,TNO
IF,TNO,55.774094,11.439189, ,0.0,0.0,0,0,0,0,0,0,1,0
TF,RK365,55.683872,11.777042,0, ,0.0,0.0,0.0,0.0,2,3000,0,0,0,0,0,0
CF,RK368,55.635672,11.951483,0,TNO,113.4,19.3,114.0,6.6,2,2000,0,0,0,0,1,0

FINAL,Q11,11,N,3
IF,RK368,55.635672,11.951483,RK,0.0,0.0,2,2000,0,0,0,0,0,0
CF,RK,55.623131,11.997169,0,RK,0.0,0.0,114.0,1.7,2,1700,0,0,0,0,2,0
CF,RK369,55.596081,12.093794,0,KV,0.0,0.0,114.0,3.7,1,475,0,0,0,0,3,0
CA,0,114.0,2,550,0,0,0,0,0,0
DF,RK,55.623131,11.997169,2, ,0.0,0.0,1,2000,0,0,0,0,0,0

APPTR,R03,03,EGABA
IF,EGABA,55.388244,12.083814, ,0.0,0.0,2,2000,0,0,0,0,1,0
TF,RK374,55.452747,11.991486,0, ,0.0,0.0,0.0,0.0,2,2000,0,0,0,0,1,0

APPTR,R03,03,GATMA
IF,GATMA,55.468264,11.847675, ,0.0,0.0,2,3000,0,0,0,0,1,0
TF,RK376,55.462078,11.905214,0, ,0.0,0.0,0.0,0.0,2,3000,0,0,0,0,0,0
TF,RK374,55.452747,11.991486,0, ,0.0,0.0,0.0,0.0,2,2000,0,0,0,0,1,0

APPTR,R03,03,SISVA
IF,SISVA,55.381286,11.916658, ,0.0,0.0,2,3000,0,0,0,0,1,0
TF,RK375,55.409875,11.946558,0, ,0.0,0.0,0.0,0.0,2,3000,0,0,0,0,0,0
TF,RK374,55.452747,11.991486,0, ,0.0,0.0,0.0,0.0,2,2000,0,0,0,0,1,0

FINAL,R03,03,R,3
IF,RK374,55.452747,11.991486, ,0.0,0.0,2,2000,0,0,0,0,0,0
TF,RK373,55.507028,12.048542,0, ,0.0,0.0,28.0,3.8,2,2000,0,0,0,0,2,0
TF,RW03,55.578403,12.123847,0, ,0.0,0.0,28.0,5.0,1,177,0,0,0,0,3,1
CA,0,28.0,2,550,0,0,0,0,0,0
DF,RK,55.623131,11.997169,1, ,0.0,0.0,1,2000,0,0,0,0,0,0

APPTR,R11-1,11,R3631
IF,RK363,55.623017,11.997069, ,0.0,0.0,2,2000,0,1,210,0,1,0
TF,RK367,55.620278,11.862158,0, ,0.0,0.0,0.0,0.0,0,0,0,0,0,0,0,0
TF,RK366,55.660783,11.857878,0, ,0.0,0.0,0.0,0.0,0,0,0,0,0,0,1,0
TF,RK368,55.635672,11.951483,0, ,0.0,0.0,0.0,0.0,2,2000,0,0,0,0,0,0

APPTR,R11-1,11,R3632
IF,RK363,55.623017,11.997069, ,0.0,0.0,2,2000,0,0,0,0,1,0
TF,RK371,55.631397,11.865981,0, ,0.0,0.0,0.0,0.0,0,0,0,0,0,0,0,0
TF,RK366,55.660783,11.857878,0, ,0.0,0.0,0.0,0.0,0,0,0,0,0,0,1,0
TF,RK368,55.635672,11.951483,0, ,0.0,0.0,0.0,0.0,2,2000,0,0,0,0,0,0

APPTR,R11-1,11,R3633
HF,RK363,55.623017,11.997069,2, ,0.0,0.0,114.0,04.3,2,2000,0,1,210,0,1,0,0

APPTR,R11-1,11,R3634
HF,RK363,55.623017,11.997069,2, ,0.0,0.0,114.0,04.3,2,2000,0,0,0,0,1,0,0

APPTR,R11-1,11,RK361
IF,RK361,55.774094,11.439189, ,0.0,0.0,0,0,0,0,0,0,0,0
TF,RK365,55.683872,11.777042,0, ,0.0,0.0,0.0,0.0,2,3000,0,0,0,0,1,0
TF,RK366,55.660783,11.857878,0, ,0.0,0.0,0.0,0.0,2,2000,0,0,0,0,1,0
TF,RK368,55.635672,11.951483,0, ,0.0,0.0,0.0,0.0,2,2000,0,0,0,0,0,0

APPTR,R11-1,11,RK362
IF,RK362,55.439364,11.631531, ,0.0,0.0,2,3000,0,0,0,0,0,0
TF,RK364,55.611978,11.807731,0, ,0.0,0.0,0.0,0.0,2,3000,0,0,0,0,1,0
TF,RK366,55.660783,11.857878,0, ,0.0,0.0,0.0,0.0,2,2000,0,0,0,0,1,0
TF,RK368,55.635672,11.951483,0, ,0.0,0.0,0.0,0.0,2,2000,0,0,0,0,0,0

FINAL,R11-1,11,R,3
IF,RK368,55.635672,11.951483, ,0.0,0.0,2,2000,0,0,0,0,0,0
TF,RK363,55.623017,11.997069,0, ,0.0,0.0,114.0,1.7,2,1700,0,0,0,0,2,0
TF,RK369,55.596081,12.093794,0, ,0.0,0.0,114.0,3.7,1,472,0,0,0,0,3,1
CA,0,114.0,2,550,0,0,0,0,0,0
DF,RK363,55.623017,11.997069,2, ,0.0,0.0,1,2000,0,0,0,0,0,0

APPTR,R29,29,NUSMO
IF,NUSMO,55.592961,12.436942, ,0.0,0.0,2,2000,0,0,0,0,1,0
TF,RK292,55.518194,12.371208,0, ,0.0,0.0,0.0,0.0,2,2000,0,0,0,0,1,0

APPTR,R29,29,SOTAS
IF,SOTAS,55.443400,12.305725, ,0.0,0.0,2,2000,0,0,0,0,1,0
TF,RK292,55.518194,12.371208,0, ,0.0,0.0,0.0,0.0,2,2000,0,0,0,0,1,0

APPTR,R29,29,VIBUM
IF,VIBUM,55.480906,12.502889, ,0.0,0.0,2,2000,0,0,0,0,1,0
TF,RK292,55.518194,12.371208,0, ,0.0,0.0,0.0,0.0,2,2000,0,0,0,0,1,0

FINAL,R29,29,R,4
IF,RK292,55.518194,12.371208, ,0.0,0.0,2,2000,0,0,0,0,0,0
TF,RK291,55.546178,12.271931,0, ,0.0,0.0,294.0,3.8,2,2000,0,0,0,0,2,0
TF,13THR,55.573483,12.174608,0, ,0.0,0.0,294.0,3.7,2,690,0,0,0,0,0,0
TF,RW29,55.583064,12.140386,0, ,0.0,0.0,294.0,1.3,1,188,0,0,0,0,3,1
CA,0,294.0,2,550,0,0,0,0,0,0
DF,RK363,55.623017,11.997069,0, ,0.0,0.0,1,2000,0,0,0,0,0,1
HM,RK363,55.623017,11.997069,2, ,0.0,0.0,113.0,04.3,0,0,0,0,0,0,0,0,0

