SID,BENG1H,01,5
CF,GJ400,57.830222,14.113167,0,JON,16.0,4.5,14.0,4.0,0,0,0,0,0,0,0,1
DF,BENGI,57.822306,14.806250,0, ,0.0,0.0,0,0,0,0,0,0,0,0

SID,BENG1J,19,5
CF,GJ700,57.684944,14.024472,0,JON,192.2,4.7,194.0,4.0,2,1500,0,1,230,0,0,1
DF,GJ550,57.680417,14.249306,1, ,0.0,0.0,2,2800,0,1,230,0,0,0
TF,BENGI,57.822306,14.806250,0, ,0.0,0.0,0.0,0.0,0,0,0,0,0,0,0,0

SID,BENG3B,01,2
CF,OA,57.827056,14.112278,0,JON,16.6,4.3,14.0,4.0,0,0,0,0,0,0,0,1
CI,2, ,0.0,107.0,0,0,0,0,0,0,0,0
CF,BENGI,57.822306,14.806250,0,JON,76.8,24.1,77.0,13.0,0,0,0,0,0,0,0,0

SID,BENG3C,19,2
CF,OJ,57.696389,14.031139,0,JON,192.0,4.0,194.0,3.0,0,0,0,0,0,0,0,1
CI,1, ,0.0,47.0,0,0,0,0,0,0,0,0
CF,BENGI,57.822306,14.806250,0,JON,76.8,24.1,77.0,13.0,0,0,0,0,0,0,0,0

SID,DEVN1H,01,5
CF,GJ400,57.830222,14.113167,0,JON,16.0,4.5,14.0,4.0,2,1500,0,1,230,0,0,1
DF,GJ850,57.779917,13.983778,1, ,0.0,0.0,2,2500,0,1,230,0,0,0
TF,DEVNI,57.216611,13.926778,0, ,0.0,0.0,0.0,0.0,0,0,0,0,0,0,0,0

SID,DEVN1J,19,5
CF,GJ700,57.684944,14.024472,0,JON,192.2,4.7,194.0,4.0,0,0,0,0,0,0,0,1
TF,DEVNI,57.216611,13.926778,0, ,0.0,0.0,0.0,0.0,0,0,0,0,0,0,0,0

SID,DEVN4B,01,2
CA,0,14.0,2,1200,0,0,0,0,0,0
CI,1, ,0.0,154.0,0,0,0,0,0,0,0,0
CF,DEVNI,57.216611,13.926778,0,JON,183.9,33.0,184.0,26.0,0,0,0,0,0,0,0,0

SID,DEVN5C,19,2
CF,OJ,57.696389,14.031139,0,JON,192.0,4.0,194.0,3.0,0,0,0,0,0,0,0,1
CF,DEVNI,57.216611,13.926778,0,JON,183.9,33.0,184.0,29.0,0,0,0,0,0,0,0,0

SID,NEGA1H,01,5
CF,GJ400,57.830222,14.113167,0,JON,16.0,4.5,14.0,4.0,0,0,0,0,0,0,0,1
DF,NEGAS,58.037833,14.893111,0, ,0.0,0.0,0,0,0,0,0,0,0,0

SID,NEGA1J,19,5
CF,GJ700,57.684944,14.024472,0,JON,192.2,4.7,194.0,4.0,2,1500,0,1,230,0,0,1
DF,GJ550,57.680417,14.249306,1, ,0.0,0.0,2,2800,0,1,230,0,0,0
TF,NEGAS,58.037833,14.893111,0, ,0.0,0.0,0.0,0.0,0,0,0,0,0,0,0,0

SID,NEGA4B,01,2
CF,OA,57.827056,14.112278,0,JON,16.6,4.3,14.0,4.0,0,0,0,0,0,0,0,1
CI,0, ,0.0,84.0,0,0,0,0,0,0,0,0
CF,NEGAS,58.037833,14.893111,0,JON,53.5,31.3,53.0,24.0,0,0,0,0,0,0,0,0

SID,NEGA4C,19,2
CF,OJ,57.696389,14.031139,0,JON,192.0,4.0,194.0,3.0,0,0,0,0,0,0,0,1
CI,1, ,0.0,24.0,0,0,0,0,0,0,0,0
CF,NEGAS,58.037833,14.893111,0,JON,53.5,31.3,53.0,24.0,0,0,0,0,0,0,0,0

STAR,DEVN2K,01,5
IF,DEVNI,57.216611,13.926778, ,0.0,0.0,0,0,0,0,0,0,0,0
TF,GJ721,57.465694,13.942056,0, ,0.0,0.0,0.0,0.0,2,5000,0,0,0,0,0,0
TF,GOLAV,57.558361,13.947778,0, ,0.0,0.0,0.0,0.0,2,2800,0,0,0,0,0,0

STAR,DEVN2L,19,5
IF,DEVNI,57.216611,13.926778, ,0.0,0.0,0,0,0,0,0,0,0,0
TF,GJ720,57.576417,13.796139,0, ,0.0,0.0,0.0,0.0,2,5000,0,0,0,0,0,0
TF,GJ870,57.982528,14.042278,0, ,0.0,0.0,0.0,0.0,0,0,0,0,0,0,0,0
TF,BAMAX,57.956694,14.191000,0, ,0.0,0.0,0.0,0.0,2,2800,0,1,210,0,0,0

STAR,DEVN4E,01,2
IF,DEVNI,57.216611,13.926778, ,0.0,0.0,0,0,0,0,0,0,0,0
TF,D184Q,57.480336,13.993508,0, ,0.0,0.0,0.0,0.0,0,0,0,0,0,0,0,0
TF,D184M,57.546233,14.010328,0, ,0.0,0.0,0.0,0.0,0,0,0,0,0,0,0,1
CF,CI01,57.621161,13.985817,0,JON,193.1,8.8,344.0,4.0,0,0,0,0,0,0,0,0

STAR,DEVN4F,19,2
IF,DEVNI,57.216611,13.926778, ,0.0,0.0,0,0,0,0,0,0,0,0
TF,D184Q,57.480336,13.993508,0, ,0.0,0.0,0.0,0.0,0,0,0,0,0,0,0,0
TF,D184M,57.546233,14.010328,0, ,0.0,0.0,0.0,0.0,0,0,0,0,0,0,0,0
CI,0, ,0.0,4.0,0,0,0,0,0,0,0,0
AF,D026K,57.918681,14.237283,1,JON,26.0,11.0,184.0,0,0,0,0,0,0,0,1
CF,CI19,57.896928,14.154117,0,JON,15.1,8.7,194.0,3.0,0,0,0,0,0,0,0,0

STAR,NEGA2K,01,5
IF,NEGAS,58.037833,14.893111, ,0.0,0.0,0,0,0,0,0,0,0,0
TF,IXOLA,57.770028,14.466139,0, ,0.0,0.0,0.0,0.0,2,5000,0,0,0,0,0,0
TF,GJ570,57.532667,14.094861,0, ,0.0,0.0,0.0,0.0,0,0,0,0,0,0,0,0
TF,GOLAV,57.558361,13.947778,0, ,0.0,0.0,0.0,0.0,2,2800,0,1,210,0,0,0

STAR,NEGA2L,19,5
IF,NEGAS,58.037833,14.893111, ,0.0,0.0,0,0,0,0,0,0,0,0
TF,GJ420,57.979472,14.384639,0, ,0.0,0.0,0.0,0.0,2,5000,0,0,0,0,0,0
TF,BAMAX,57.956694,14.191000,0, ,0.0,0.0,0.0,0.0,2,2800,0,0,0,0,0,0

STAR,NEGA4E,01,2
IF,NEGAS,58.037833,14.893111, ,0.0,0.0,0,0,0,0,0,0,0,0
TF,D053M,57.876217,14.407461,0, ,0.0,0.0,0.0,0.0,0,0,0,0,0,0,0,0
CI,0, ,0.0,233.0,0,0,0,0,0,0,0,0
AF,D182K,57.578464,14.029822,2,JON,182.0,11.0,53.0,0,0,0,0,0,0,0,1
CF,CI01,57.621161,13.985817,0,JON,193.1,8.8,14.0,3.0,0,0,0,0,0,0,0,0

STAR,NEGA4F,19,2
IF,NEGAS,58.037833,14.893111, ,0.0,0.0,0,0,0,0,0,0,0,0
TF,D053M,57.876217,14.407461,0, ,0.0,0.0,0.0,0.0,0,0,0,0,0,0,0,0
CI,0, ,0.0,233.0,0,0,0,0,0,0,0,0
AF,D026K,57.918681,14.237283,1,JON,26.0,11.0,53.0,0,0,0,0,0,0,0,0
CF,CI19,57.896928,14.154117,0,JON,15.1,8.7,194.0,3.0,0,0,0,0,0,0,0,0

APPTR,I01,01,GOLAV
IF,GOLAV,57.558361,13.947778, ,0.0,0.0,0,0,0,0,0,0,1,0
TF,CI01,57.621161,13.985817,0,SGJ,0.0,0.0,0.0,0.0,2,2700,0,0,0,0,0,0

APPTR,I01,01,OJ
IF,OJ,57.696389,14.031139, ,0.0,0.0,0,0,0,0,0,0,0,0
HF,OJ,57.696389,14.031139,2, ,0.0,0.0,14.0,08.6,2,2700,0,0,0,0,0,0,0

FINAL,I01,01,I,3
IF,CI01,57.621161,13.985817,SGJ,194.1,9.3,2,2700,0,0,0,0,0,0
CF,FI01,57.652792,14.004981,0,SGJ,194.1,7.3,14.0,2.0,1,2700,0,0,0,0,2,0
CF,RW01,57.748189,14.062989,0,SGJ,194.1,1.3,14.0,6.0,1,790,0,0,0,0,3,0
FA,RW01,57.748189,14.062989,0,JON,0.0,0.0,14.0,2,1500,0,0,0,0,0,0
DF,OJ,57.696389,14.031139,1, ,0.0,0.0,1,2700,0,0,0,0,0,0

APPTR,I19,19,BAMAX
IF,BAMAX,57.956694,14.191000, ,0.0,0.0,0,0,0,0,0,0,1,0
TF,CI19,57.896928,14.154117,0,SJ,0.0,0.0,0.0,0.0,2,2700,0,0,0,0,0,0

APPTR,I19,19,OA1
HF,OA,57.827056,14.112278,2, ,0.0,0.0,194.0,04.3,2,2700,0,0,0,0,0,0,0

APPTR,I19,19,OA2
HF,OA,57.827056,14.112278,2, ,0.0,0.0,194.0,04.3,2,2700,0,0,0,0,0,0,0

APPTR,I19,19,OA3
HF,OA,57.827056,14.112278,2, ,0.0,0.0,194.0,04.3,2,2700,0,0,0,0,0,0,0

FINAL,I19,19,I,3
IF,CI19,57.896928,14.154117,SJ,14.1,9.6,1,2700,0,0,0,0,0,0
CF,OM19,57.827111,14.112333,0,SJ,14.4,5.2,194.0,4.4,1,2010,0,0,0,0,2,0
CF,RW19,57.766997,14.074472,0,SJ,14.1,1.4,194.0,3.8,1,789,0,0,0,0,3,0
FA,RW19,57.766997,14.074472,0,JON,0.0,0.0,194.0,2,1500,0,0,0,0,0,0
DF,OA,57.827056,14.112278,2, ,0.0,0.0,1,2700,0,0,0,0,0,0

APPTR,N19,19,OA
IF,OA,57.827056,14.112278, ,0.0,0.0,0,0,0,0,0,0,0,0
HF,OA,57.827056,14.112278,2, ,0.0,0.0,195.0,03.5,2,2700,0,0,0,0,0,0,0

FINAL,N19,19,N,3
IF,CN19,57.866358,14.137672,OA,0.0,0.0,2,2700,0,0,0,0,0,0
CF,OA,57.827056,14.112278,0,OA,0.0,0.0,195.0,2.5,2,2010,0,0,0,0,2,0
CF,RW19,57.766997,14.074472,0,OA,0.0,0.0,195.0,3.8,1,789,0,0,0,0,3,0
FA,RW19,57.766997,14.074472,0,JON,0.0,0.0,195.0,2,1500,0,0,0,0,0,0
DF,OA,57.827056,14.112278,2, ,0.0,0.0,1,2700,0,0,0,0,0,0

APPTR,Q01,01,OJ
IF,OJ,57.696389,14.031139, ,0.0,0.0,0,0,0,0,0,0,0,0
HF,OJ,57.696389,14.031139,2, ,0.0,0.0,14.0,08.6,2,2700,0,0,0,0,0,0,0

FINAL,Q01,01,N,4
IF,FQ01,57.652103,14.004297,OJ,0.0,0.0,2,2700,0,0,0,0,2,0
CF,OJ,57.696389,14.031139,0,OJ,0.0,0.0,14.0,2.8,2,1830,0,0,0,0,0,0
CF,23DME,57.723272,14.047464,0,OJ,0.0,0.0,14.0,1.7,2,1290,0,0,0,0,0,0
CF,MQ01,57.745569,14.061025,0,JON,0.0,0.9,14.0,1.4,1,845,0,0,0,0,3,0
FA,MQ01,57.745569,14.061025,0,JON,0.0,0.0,14.0,2,1500,0,0,0,0,0,0
DF,OJ,57.696389,14.031139,1, ,0.0,0.0,1,2700,0,0,0,0,0,0

APPTR,R01,01,GJ742
IF,GJ742,57.583944,13.800528, ,0.0,0.0,2,3200,0,0,0,0,1,0
TF,GOLAV,57.558361,13.947778,0, ,0.0,0.0,0.0,0.0,2,2800,0,0,0,0,1,0

FINAL,R01,01,R,3
IF,GOLAV,57.558361,13.947778, ,0.0,0.0,2,2800,0,0,0,0,0,0
TF,GJ740,57.653000,14.005056,0, ,0.0,0.0,14.0,6.0,1,2700,0,0,0,0,2,0
TF,RW01,57.748189,14.062989,0, ,0.0,0.0,14.0,6.0,1,784,0,0,0,0,3,1
CF,GJ541,57.827222,14.111333,0,JON,16.1,4.3,14.0,5.0,0,0,0,0,0,0,0,1
DF,IXOLA,57.770028,14.466139,2, ,0.0,0.0,2,5000,0,0,0,0,0,1
HM,IXOLA,57.770028,14.466139,2, ,0.0,0.0,216.0,04.3,2,5000,0,1,200,0,0,0,0

APPTR,R19,19,GJ542
IF,GJ542,58.035667,14.239889, ,0.0,0.0,2,3200,0,0,0,0,1,0
TF,BAMAX,57.956694,14.191000,0, ,0.0,0.0,0.0,0.0,2,2800,0,0,0,0,1,0

FINAL,R19,19,R,3
IF,BAMAX,57.956694,14.191000, ,0.0,0.0,2,2800,0,0,0,0,0,0
TF,GJ540,57.861917,14.132611,0, ,0.0,0.0,194.0,6.0,1,2700,0,0,0,0,2,0
TF,RW19,57.766997,14.074472,0, ,0.0,0.0,194.0,6.0,1,788,0,0,0,0,3,1
CF,GJ741,57.687944,14.026306,0,JON,192.1,4.5,194.0,5.0,0,0,0,0,0,0,0,1
DF,IXOLA,57.770028,14.466139,1, ,0.0,0.0,2,5000,0,0,0,0,0,1
HM,IXOLA,57.770028,14.466139,2, ,0.0,0.0,216.0,04.3,2,5000,0,1,200,0,0,0,0

