APPTR,I19,19,D003M
IF,D003M,56.143397,14.135342, ,0.0,0.0,2,2600,0,0,0,0,1,0
CF,CF19,56.082336,14.121567,0,MK,3.2,10.6,183.0,3.7,2,2500,0,0,0,0,1,0

APPTR,I19,19,OEM
HF,OEM,55.989750,14.100861,2, ,0.0,0.0,183.0,06.3,2,2500,0,1,230,0,0,0,0

FINAL,I19,19,I,3
IF,CF19,56.082336,14.121567,MK,3.2,10.6,2,2500,0,0,0,0,0,0
CF,FF19,56.031175,14.110058,0,MK,3.2,7.5,183.0,3.1,1,2200,0,0,0,0,2,0
CF,RW19,55.931556,14.087739,0,MK,3.1,1.4,183.0,6.0,1,125,0,0,0,0,3,0
FA,RW19,55.931556,14.087739,0,SUP,0.0,0.0,183.0,2,2500,0,0,0,0,0,0
DF,OEM,55.989750,14.100861,2, ,0.0,0.0,1,2500,0,0,0,0,0,0
HM,OEM,55.989750,14.100861,2, ,0.0,0.0,183.0,04.3,0,0,0,1,230,0,0,0,0

APPTR,N19,19,OEM1
HF,OEM,55.989750,14.100861,2, ,0.0,0.0,183.0,04.3,2,2500,0,0,0,0,0,0,0

APPTR,N19,19,OEM2
HF,OEM,55.989750,14.100861,2, ,0.0,0.0,183.0,04.3,2,2500,0,0,0,0,0,0,0

FINAL,N19,19,N,3
IF,CN19,56.072267,14.118981,OEM,0.0,0.0,2,2500,0,0,0,0,0,0
CF,OEM,55.989750,14.100861,0,OEM,0.0,0.0,183.0,5.0,2,1340,0,0,0,0,2,0
CF,RW19,55.931556,14.087739,0,OEM,0.0,0.0,183.0,3.5,1,125,0,0,0,0,3,0
FA,RW19,55.931556,14.087739,0,SUP,0.0,0.0,183.0,2,2500,0,0,0,0,0,0
DF,OEM,55.989750,14.100861,2, ,0.0,0.0,1,2500,0,0,0,0,0,0
HM,OEM,55.989750,14.100861,2, ,0.0,0.0,183.0,04.3,0,0,0,1,230,0,0,0,0

APPTR,Q01,01,D180N
IF,D180N,55.696986,14.056619, ,0.0,0.0,2,2600,0,0,0,0,1,0
CF,CQ01,55.746767,14.062764,0,SUP,57.9,26.5,360.0,3.0,2,2500,0,0,0,0,1,0

APPTR,Q01,01,KD
HF,KD,55.871250,14.078167,1, ,0.0,0.0,360.0,08.5,2,2500,0,0,0,0,0,0,0

FINAL,Q01,01,N,4
IF,CQ01,55.746767,14.062764,KD,0.0,0.0,2,2500,0,0,0,0,0,0
CF,FQ01,55.803186,14.069747,0,KD,0.0,0.0,360.0,3.4,2,2200,0,0,0,0,2,0
CF,40DME,55.862925,14.077161,0,KD,0.0,0.0,360.0,3.6,2,1070,0,0,0,0,0,0
CF,RW01,55.911803,14.083331,0,MK,0.0,0.0,360.0,3.0,1,126,0,0,0,0,3,0
FA,RW01,55.911803,14.083331,0,SUP,0.0,0.0,360.0,2,2500,0,0,0,0,0,0
DF,KD,55.871250,14.078167,1, ,0.0,0.0,1,2500,0,0,0,0,0,0
HM,KD,55.871250,14.078167,1, ,0.0,0.0,360.0,04.3,0,0,0,1,230,0,0,0,0

