APPTR,D17,17,OBV
IF,OBV,-34.556119,20.247139, ,0.0,0.0,2,4000,0,0,0,0,0,0
PI,OBV,-34.556119,20.247139,2,OBV,315.0,10.0,000,5.0,2,2100,0,0,0,0,0,0
CF,FD17,-34.480456,20.204536,0,OBV,0.0,5.0,180.0,5.0,2,1100,0,0,0,0,0,0

FINAL,D17,17,D,3
IF,FD17,-34.480456,20.204536,OBV,0.0,5.0,2,1100,0,0,0,0,2,0
CF,30DME,-34.510725,20.221569,0,OBV,0.0,3.0,180.0,2.0,2,800,0,0,0,0,0,0
CF,OBV,-34.556119,20.247139,0,OBV,0.0,0.0,180.0,3.0,1,96,0,0,0,0,3,0
FA,OBV,-34.556119,20.247139,0,OBV,0.0,0.0,180.0,2,3000,0,0,0,0,0,0
DF,OBV,-34.556119,20.247139,1, ,0.0,0.0,1,4000,0,0,0,0,0,0

APPTR,D35,35,OBV
IF,OBV,-34.556119,20.247139, ,0.0,0.0,2,4000,0,0,0,0,0,0
PI,OBV,-34.556119,20.247139,2,OBV,120.0,10.0,165,5.0,2,1600,0,0,0,0,0,0
CF,FD35,-34.594478,20.286069,0,OBV,165.0,3.0,345.0,7.0,2,550,0,0,0,0,0,0

FINAL,D35,35,D,2
IF,FD35,-34.594478,20.286069,OBV,165.0,3.0,2,550,0,0,0,0,2,0
CF,RW35,-34.577242,20.269875,0,OBV,163.3,1.7,345.0,1.3,1,87,0,0,0,0,3,0
CF,OBV,-34.556119,20.247139,0,OBV,0.0,0.0,345.0,1.7,0,0,0,0,0,0,0,1
FA,OBV,-34.556119,20.247139,0,OBV,0.0,0.0,345.0,2,3000,0,0,0,0,0,0
DF,OBV,-34.556119,20.247139,2, ,0.0,0.0,1,4000,0,0,0,0,0,0

FINAL,I35,35,I,3
IF,CI35,-34.667300,20.349667,OBI,168.8,8.6,2,1600,0,0,0,0,0,0
CF,FI35,-34.640367,20.325781,0,OBI,168.8,6.6,348.0,2.0,1,1600,0,0,0,0,2,0
CF,RW35,-34.577242,20.269875,0,OBI,168.8,2.0,348.0,4.7,1,87,0,0,0,0,3,0
CF,OBV,-34.556119,20.247139,0,OBV,0.0,0.0,348.0,1.7,0,0,0,0,0,0,0,0
FA,OBV,-34.556119,20.247139,0,OBV,0.0,0.0,345.0,2,3000,0,0,0,0,0,0
DF,OBV,-34.556119,20.247139,2, ,0.0,0.0,1,4000,0,0,0,0,0,0

APPTR,R17,17,EGPAX
IF,EGPAX,-34.459856,20.025111, ,0.0,0.0,2,5000,0,1,220,0,1,0
TF,OB1T1,-34.403158,20.124778,0, ,0.0,0.0,0.0,0.0,2,3400,0,1,220,0,1,0

APPTR,R17,17,IBMAV
IF,IBMAV,-34.320533,20.056478, ,0.0,0.0,2,5000,0,1,220,0,1,0
TF,OB1T1,-34.403158,20.124778,0, ,0.0,0.0,0.0,0.0,2,3400,0,1,220,0,1,0

APPTR,R17,17,TEVUS
IF,TEVUS,-34.346381,20.224308, ,0.0,0.0,2,5000,0,1,220,0,1,0
TF,OB1T1,-34.403158,20.124778,0, ,0.0,0.0,0.0,0.0,2,3400,0,1,220,0,1,0

FINAL,R17,17,R,4
IF,OB1T1,-34.403158,20.124778, ,0.0,0.0,2,3400,0,1,220,0,0,0
TF,OB1F1,-34.471936,20.181872,0, ,0.0,0.0,172.0,5.0,2,2000,0,1,220,0,2,0
TF,OB1SD,-34.502000,20.206867,0, ,0.0,0.0,172.0,2.2,2,1320,0,0,0,0,0,0
TF,RW17,-34.554286,20.249883,0, ,0.0,0.0,172.0,3.8,1,96,0,0,0,0,3,1
FA,RW17,-34.554286,20.249883,0,OBV,0.0,0.0,168.0,2,460,0,1,185,0,0,0
DF,OB1M1,-34.622883,20.307592,0, ,0.0,0.0,2,1300,0,1,230,0,0,0
TF,OB1M2,-34.693931,20.182819,0, ,0.0,0.0,0.0,0.0,2,2400,0,1,230,0,0,0
TF,EGPAX,-34.459856,20.025111,2, ,0.0,0.0,0.0,0.0,2,3700,0,0,0,0,0,0
HM,EGPAX,-34.459856,20.025111,1, ,0.0,0.0,82.0,04.3,2,3700,0,1,230,0,0,0,0

APPTR,R35,35,AVOBI
IF,AVOBI,-34.785397,20.296008, ,0.0,0.0,2,5000,0,1,220,0,1,0
TF,OB2T1,-34.728478,20.395872,0, ,0.0,0.0,0.0,0.0,2,3400,0,1,220,0,1,0

APPTR,R35,35,DUTLI
IF,DUTLI,-34.810850,20.464936, ,0.0,0.0,2,5000,0,1,220,0,1,0
TF,OB2T1,-34.728478,20.395872,0, ,0.0,0.0,0.0,0.0,2,3400,0,1,220,0,1,0

APPTR,R35,35,UVIXI
IF,UVIXI,-34.671472,20.495603, ,0.0,0.0,2,5000,0,1,220,0,1,0
TF,OB2T1,-34.728478,20.395872,0, ,0.0,0.0,0.0,0.0,2,3400,0,1,220,0,1,0

FINAL,R35,35,R,3
IF,OB2T1,-34.728478,20.395872, ,0.0,0.0,2,3400,0,1,220,0,0,0
TF,OB2F1,-34.659803,20.338425,0, ,0.0,0.0,352.0,5.0,2,2000,0,1,220,0,2,0
TF,RW35,-34.577242,20.269875,0, ,0.0,0.0,352.0,6.0,1,87,0,0,0,0,3,1
FA,RW35,-34.577242,20.269875,0,OBV,0.0,0.0,352.0,2,460,0,0,0,0,0,0
DF,OB2M1,-34.508131,20.211883,0, ,0.0,0.0,2,1040,0,1,230,0,0,0
TF,OB2M2,-34.577575,20.090931,0, ,0.0,0.0,0.0,0.0,2,2100,0,1,230,0,0,0
TF,AVOBI,-34.785397,20.296008,1, ,0.0,0.0,0.0,0.0,2,3600,0,0,0,0,0,0
HM,AVOBI,-34.785397,20.296008,2, ,0.0,0.0,82.0,04.3,2,3600,0,1,230,0,0,0,0

APPTR,T17,17,OBV1
IF,OBV,-34.556119,20.247139, ,0.0,0.0,2,4000,0,0,0,0,0,0
FD,OBV,-34.556119,20.247139,0,OBV,0.0,12.0,90.0,12.0,2,3200,0,0,0,0,0,0
CI,0, ,0.0,90.0,0,0,0,0,0,0,0,0
AF,D010M,-34.346456,20.179411,1,OBV,10.0,13.0,90.0,2,3200,0,0,0,0,0,0
CF,CT17,-34.374503,20.145022,0,OBV,360.0,12.0,180.0,1.0,2,3200,0,0,0,0,0,0

APPTR,T17,17,OBV2
IF,OBV,-34.556119,20.247139, ,0.0,0.0,2,4000,0,0,0,0,0,0
FD,OBV,-34.556119,20.247139,0,OBV,0.0,12.0,50.0,12.0,2,3200,0,0,0,0,0,0
CI,0, ,0.0,50.0,0,0,0,0,0,0,0,0
AF,D010M,-34.346456,20.179411,1,OBV,10.0,13.0,50.0,2,3200,0,0,0,0,0,0
CF,CT17,-34.374503,20.145022,0,OBV,360.0,12.0,180.0,1.0,2,3200,0,0,0,0,0,0

APPTR,T17,17,OBV3
IF,OBV,-34.556119,20.247139, ,0.0,0.0,2,4000,0,0,0,0,0,0
FD,OBV,-34.556119,20.247139,0,OBV,0.0,12.0,310.0,12.0,2,3200,0,0,0,0,0,0
CI,0, ,0.0,310.0,0,0,0,0,0,0,0,0
AF,D350M,-34.378239,20.096989,2,OBV,350.0,13.0,310.0,2,3200,0,0,0,0,0,0
CF,CT17,-34.374503,20.145022,0,OBV,360.0,12.0,180.0,1.0,2,3200,0,0,0,0,0,0

APPTR,T17,17,OBV4
IF,OBV,-34.556119,20.247139, ,0.0,0.0,2,4000,0,0,0,0,0,0
FD,OBV,-34.556119,20.247139,0,OBV,0.0,12.0,270.0,12.0,2,3200,0,0,0,0,0,0
CI,0, ,0.0,270.0,0,0,0,0,0,0,0,0
AF,D350M,-34.378239,20.096989,2,OBV,350.0,13.0,270.0,2,3200,0,0,0,0,0,0
CF,CT17,-34.374503,20.145022,0,OBV,360.0,12.0,180.0,1.0,2,3200,0,0,0,0,0,0

FINAL,T17,17,D,4
IF,CT17,-34.374503,20.145022,OBV,360.0,12.0,2,3200,0,0,0,0,0,0
CF,FT17,-34.435050,20.179011,0,OBV,360.0,8.0,180.0,4.0,2,2500,0,0,0,0,2,0
CF,30DME,-34.510725,20.221569,0,OBV,360.0,3.0,180.0,5.0,2,800,0,0,0,0,0,0
CF,OBV,-34.556119,20.247139,0,OBV,0.0,0.0,180.0,3.0,1,96,0,0,0,0,3,0
FA,OBV,-34.556119,20.247139,0,OBV,0.0,0.0,180.0,2,3000,0,0,0,0,0,0
DF,OBV,-34.556119,20.247139,1, ,0.0,0.0,1,4000,0,0,0,0,0,0

