APPTR,D05,05,PPV
IF,PPV,-23.839819,29.460567, ,0.0,0.0,2,8000,0,0,0,0,0,0
PI,PPV,-23.839819,29.460567,1,PPV,276.0,10.0,231,5.0,2,5700,0,0,0,0,0,0
CF,FD05,-23.927467,29.393789,0,PPV,231.0,6.4,51.0,3.6,2,5700,0,0,0,0,0,0

FINAL,D05,05,D,2
IF,FD05,-23.927467,29.393789,PPV,231.0,6.4,2,5700,0,0,0,0,2,0
CF,MD05,-23.889125,29.423014,0,PPV,231.0,3.6,51.0,2.8,1,4780,0,0,0,0,3,0
CF,PPV,-23.839819,29.460567,0,PPV,0.0,0.0,51.0,3.6,0,0,0,0,0,0,0,0
FA,PPV,-23.839819,29.460567,0,PPV,0.0,0.0,51.0,2,5500,0,0,0,0,0,0
CF,D261H,-23.896297,29.328703,1,PPV,261.0,8.0,231.0,9.0,1,8000,0,0,0,0,0,1
DF,PPV,-23.839819,29.460567,1, ,0.0,0.0,1,8000,0,0,0,0,0,0

APPTR,I05,05,PPV
IF,PPV,-23.839819,29.460567, ,0.0,0.0,2,7000,0,0,0,0,0,0
PI,PPV,-23.839819,29.460567,1,PPV,279.0,12.0,234,5.0,2,6700,0,0,0,0,0,0

FINAL,I05,05,I,3
IF,CI05,-23.986128,29.339206,PPI,233.9,11.5,2,6700,0,0,0,0,0,0
CF,FI05,-23.945094,29.373678,0,PPI,234.0,8.4,54.0,3.1,1,6200,0,0,0,0,2,0
CF,RW05,-23.858808,29.447144,0,PPI,233.9,1.9,54.0,6.6,1,4063,0,0,0,0,3,0
FD,RW05,-23.858808,29.447144,0,PPV,229.0,2.0,54.0,2.0,0,0,0,0,0,0,0,0
CF,D253K,-23.941114,29.293683,1,PPV,252.5,11.0,231.0,13.0,1,6700,0,0,0,0,0,1
CF,PPV,-23.839819,29.460567,1,PPV,0.0,0.0,54.0,11.0,0,0,0,1,230,0,0,0

