APPTR,D29,29,FD291
IF,FD29,-25.650881,28.299192, ,0.0,0.0,2,8000,0,0,0,0,0,0
HF,FD29,-25.650881,28.299192,2, ,0.0,0.0,284.0,05.5,2,7000,0,1,140,0,0,0,0

APPTR,D29,29,FD292
IF,FD29,-25.650881,28.299192, ,0.0,0.0,2,7000,0,0,0,0,0,0
TF,D104G,-25.647742,28.348131,0, ,0.0,0.0,0.0,0.0,2,7000,0,0,0,0,0,0
FC,D104G,-25.647742,28.348131,0,DPV,0.0,0.0,59.0,2.7,2,7000,0,0,0,0,0,1
CF,D104G,-25.647742,28.348131,2,DPV,104.0,7.0,284.0,3.0,2,7000,0,0,0,0,0,0
CF,FD29,-25.650881,28.299192,0,DPV,104.0,4.3,284.0,2.7,2,5300,0,0,0,0,0,0

FINAL,D29,29,D,2
IF,FD29,-25.650881,28.299192,DPV,104.0,4.3,2,5300,0,0,0,0,2,0
CF,MD29,-25.654047,28.249514,0,DPV,104.0,1.6,284.0,2.7,1,4464,0,0,0,0,3,0
FD,MD29,-25.654047,28.249514,0,DPV,104.0,2.2,284.0,2.2,0,0,0,0,0,0,0,0
DF,DPV,-25.655917,28.220075,2, ,0.0,0.0,0,0,0,0,0,0,0,0
TF,FD29,-25.650881,28.299192,0, ,0.0,0.0,0.0,0.0,1,7000,0,0,0,0,0,0
HM,FD29,-25.650881,28.299192,2, ,0.0,0.0,284.0,04.3,0,0,0,1,140,0,0,0,0

APPTR,N29,29,WB
IF,WB,-25.656617,28.298769, ,0.0,0.0,2,7000,0,0,0,0,0,0
HF,WB,-25.656617,28.298769,2, ,0.0,0.0,291.0,05,2,6000,0,1,160,0,1,0,0

FINAL,N29,29,N,2
IF,WB,-25.656617,28.298769,WB,0.0,0.0,2,5100,0,0,0,0,2,0
CF,WR,-25.654286,28.242292,0,WB,0.0,0.0,291.0,3.1,1,4307,0,0,0,0,3,0
FA,WR,-25.654286,28.242292,0,WKV,0.0,0.0,291.0,2,6000,0,0,0,0,0,0
DF,WB,-25.656617,28.298769,2, ,0.0,0.0,1,7000,0,0,0,0,0,0

APPTR,R29,29,ETUPU
IF,ETUPU,-25.664292,28.488953, ,0.0,0.0,2,9100,0,0,0,0,1,0
TF,WB2T1,-25.660636,28.396814,0, ,0.0,0.0,0.0,0.0,2,7000,0,1,180,0,1,0

APPTR,R29,29,IMSOL
IF,IMSOL,-25.744139,28.392694, ,0.0,0.0,2,9000,0,0,0,0,1,0
TF,WB2T1,-25.660636,28.396814,0, ,0.0,0.0,0.0,0.0,2,7000,0,1,180,0,1,0

APPTR,R29,29,UDGIS
IF,UDGIS,-25.577133,28.400925, ,0.0,0.0,2,7000,0,0,0,0,1,0
TF,WB2T1,-25.660636,28.396814,0, ,0.0,0.0,0.0,0.0,2,7000,0,1,180,0,1,0

FINAL,R29,29,R,3
IF,WB2T1,-25.660636,28.396814, ,0.0,0.0,2,7000,0,0,0,0,0,0
TF,WB2F1,-25.656119,28.286253,0, ,0.0,0.0,291.0,6.0,2,5200,0,1,180,0,2,0
TF,WB2MP,-25.653828,28.230978,0, ,0.0,0.0,291.0,3.0,1,4145,0,1,130,0,3,1
CA,0,291.0,2,4740,0,0,0,0,0,0
DF,WB2M1,-25.649844,28.138608,0, ,0.0,0.0,2,5510,0,1,150,0,0,0
TF,WB2M2,-25.586731,28.141950,0, ,0.0,0.0,0.0,0.0,2,6090,0,1,150,0,0,0
TF,UDGIS,-25.577133,28.400925,0, ,0.0,0.0,0.0,0.0,2,7000,0,1,150,0,0,0

