APPTR,N13,13,DO1
IF,DO,-12.346333,49.289444, ,0.0,0.0,2,3000,0,0,0,0,1,0
CF,D286G,-12.332025,49.171142,0,DO,286.0,7.0,286.0,7.0,2,2300,0,0,0,0,0,1
CF,FN13,-12.290603,49.198775,2,DO,311.0,6.3,131.0,2.0,2,2300,0,0,0,0,0,0

APPTR,N13,13,DO2
IF,DO,-12.346333,49.289444, ,0.0,0.0,2,3000,0,0,0,0,1,0
CF,D296H,-12.309594,49.167328,0,DO,296.0,7.5,296.0,7.5,2,2300,0,0,0,0,0,1
CF,FN13,-12.290603,49.198775,2,DO,311.0,6.3,131.0,2.0,2,2300,0,0,0,0,0,0

FINAL,N13,13,N,2
IF,FN13,-12.290603,49.198775,DO,0.0,0.0,2,2300,0,0,0,0,2,0
CF,DO,-12.346333,49.289444,0,DO,0.0,0.0,131.0,6.3,1,1170,0,0,0,0,3,0
CA,0,131.0,2,1170,0,0,0,0,0,0
DF,DO,-12.346333,49.289444,1, ,0.0,0.0,1,3000,0,0,0,0,0,0

