APPTR,D14,14,OTTIF
IF,OTTIF,32.346131,-95.217894, ,0.0,0.0,0,0,0,0,0,0,1,0
AF,WENIK,32.626978,-95.156708,2,GGG,294.6,24.0,253.0,2,2500,0,0,0,0,1,0

APPTR,D14,14,OTTUV
IF,OTTUV,32.684803,-95.106089, ,0.0,0.0,0,0,0,0,0,0,1,0
AF,WENIK,32.626978,-95.156708,1,GGG,294.6,24.0,305.0,2,2500,0,0,0,0,1,0

FINAL,D14,14,D,3
IF,WENIK,32.626978,-95.156708,GGG,294.6,24.0,2,2500,0,0,0,0,0,0
CF,GOKEC,32.574767,-95.055597,0,GGG,294.6,18.0,115.0,6.0,2,2000,0,0,0,0,2,0
CF,RW14,32.533208,-94.975325,0,GGG,294.6,13.2,115.0,4.8,1,325,0,0,0,0,3,1
DF,GGG,32.417753,-94.753194,0, ,0.0,0.0,2,4000,0,0,0,0,0,0
HM,GGG,32.417753,-94.753194,1, ,0.0,0.0,264.0,04.3,0,0,0,0,0,0,0,0,0

APPTR,R14,14,GAVVN
HF,GAVVN,32.695969,-95.122078,2, ,0.0,0.0,140.0,04,2,2500,0,0,0,0,1,0,0
TF,ATWAT,32.629608,-95.062164,0, ,0.0,0.0,0.0,0.0,2,2200,0,0,0,0,0,0

APPTR,R14,14,LASSA
IF,LASSA,32.822392,-94.504353, ,0.0,0.0,0,0,0,0,0,0,0,0
TF,MAMRE,32.766906,-95.012147,0, ,0.0,0.0,0.0,0.0,2,2500,0,0,0,0,1,0
TF,GAVVN,32.695969,-95.122078,0, ,0.0,0.0,0.0,0.0,2,2500,0,0,0,0,0,0
TF,ATWAT,32.629608,-95.062164,0, ,0.0,0.0,0.0,0.0,2,2200,0,0,0,0,0,0

APPTR,R14,14,OTTIF
IF,OTTIF,32.346131,-95.217894, ,0.0,0.0,0,0,0,0,0,0,0,0
TF,AUNTY,32.619858,-95.239667,0, ,0.0,0.0,0.0,0.0,2,2500,0,0,0,0,1,0
TF,GAVVN,32.695969,-95.122078,0, ,0.0,0.0,0.0,0.0,2,2500,0,0,0,0,0,0
TF,ATWAT,32.629608,-95.062164,0, ,0.0,0.0,0.0,0.0,2,2200,0,0,0,0,0,0

FINAL,R14,14,R,4
IF,ATWAT,32.629608,-95.062164, ,0.0,0.0,2,2200,0,0,0,0,0,0
TF,ZENOD,32.603056,-95.038222,0, ,0.0,0.0,140.0,2.0,2,2000,0,0,0,0,2,0
TF,WIPAN,32.559775,-94.999231,0, ,0.0,0.0,140.0,3.3,2,960,0,0,0,0,0,0
TF,RW14,32.533208,-94.975325,0, ,0.0,0.0,140.0,2.0,1,325,0,0,0,0,3,1
CA,0,140.0,2,697,0,0,0,0,0,0
DF,GAVVN,32.695969,-95.122078,2, ,0.0,0.0,2,2500,0,0,0,0,0,1
HM,GAVVN,32.695969,-95.122078,2, ,0.0,0.0,140.0,04,0,0,0,0,0,0,0,0,0

APPTR,R32,32,NEVER
IF,NEVER,32.635583,-94.619594, ,0.0,0.0,0,0,0,0,0,0,0,0
TF,DANAY,32.434206,-94.713261,0, ,0.0,0.0,0.0,0.0,2,2500,0,0,0,0,1,0
TF,JOVOG,32.363508,-94.823003,0, ,0.0,0.0,0.0,0.0,2,2500,0,0,0,0,1,0

APPTR,R32,32,OTTIF
IF,OTTIF,32.346131,-95.217894, ,0.0,0.0,0,0,0,0,0,0,0,0
TF,BOCAR,32.290692,-94.935703,0, ,0.0,0.0,0.0,0.0,2,2800,0,0,0,0,1,0
TF,JOVOG,32.363508,-94.823003,0, ,0.0,0.0,0.0,0.0,2,2500,0,0,0,0,1,0

FINAL,R32,32,R,4
IF,JOVOG,32.363508,-94.823003, ,0.0,0.0,2,2500,0,0,0,0,0,0
TF,ZOBKO,32.456556,-94.906433,0, ,0.0,0.0,320.0,7.0,2,2000,0,0,0,0,2,0
TF,HANOF,32.500756,-94.946139,0, ,0.0,0.0,320.0,3.3,2,940,0,0,0,0,0,0
TF,RW32,32.525997,-94.968836,0, ,0.0,0.0,320.0,1.9,1,336,0,0,0,0,3,1
CA,0,320.0,2,697,0,0,0,0,0,0
DF,GAVVN,32.695969,-95.122078,0, ,0.0,0.0,2,2500,0,0,0,0,0,1
HM,GAVVN,32.695969,-95.122078,2, ,0.0,0.0,140.0,04,0,0,0,0,0,0,0,0,0

