APPTR,R11-A,11,JERUP
HF,JERUP,37.235631,-93.459233,2, ,0.0,0.0,83.0,04,2,4000,0,0,0,0,1,0,0

APPTR,R11-A,11,MEVDY
IF,MEVDY,37.192414,-93.688947, ,0.0,0.0,0,0,0,0,0,0,1,0
TF,JERUP,37.235631,-93.459233,0, ,0.0,0.0,0.0,0.0,2,4000,0,0,0,0,1,0

FINAL,R11-A,11,R,4
IF,JERUP,37.235631,-93.459233, ,0.0,0.0,2,4000,0,0,0,0,0,0
TF,HOSKO,37.242781,-93.376564,0, ,0.0,0.0,83.0,4.0,2,3200,0,0,0,0,0,0
TF,ZAMEV,37.246783,-93.335764,0, ,0.0,0.0,82.0,2.0,2,2700,0,0,0,0,2,0
TF,BOTHY,37.228058,-93.267761,0, ,0.0,0.0,108.0,3.5,1,1602,0,0,0,0,3,1
CA,0,108.0,2,1775,0,0,0,0,0,0
DF,FANGA,37.192047,-93.137469,0, ,0.0,0.0,0,0,0,0,0,0,0,0
TF,ETUNE,37.130264,-93.061106,0, ,0.0,0.0,0.0,0.0,2,4000,0,0,0,0,0,1
HM,ETUNE,37.130264,-93.061106,2, ,0.0,0.0,314.0,04,0,0,0,0,0,0,0,0,0

APPTR,R11-B,11,DGD
IF,DGD,37.023469,-92.876922, ,0.0,0.0,0,0,0,0,0,0,1,0
TF,ETUNE,37.130264,-93.061106,0, ,0.0,0.0,0.0,0.0,2,4000,0,0,0,0,1,0

APPTR,R11-B,11,ETUNE
HF,ETUNE,37.130264,-93.061106,2, ,0.0,0.0,314.0,04,2,4000,0,0,0,0,1,0,0

FINAL,R11-B,11,R,3
IF,ETUNE,37.130264,-93.061106, ,0.0,0.0,2,4000,0,0,0,0,0,0
TF,FANGA,37.192047,-93.137469,0, ,0.0,0.0,314.0,5.2,2,3100,0,0,0,0,2,0
TF,POKAE,37.216164,-93.224656,0, ,0.0,0.0,288.0,4.4,1,1693,0,0,0,0,3,1
CA,0,288.0,2,1780,0,0,0,0,0,0
DF,ZAMEV,37.246783,-93.335764,0, ,0.0,0.0,0,0,0,0,0,0,0,0
TF,JERUP,37.235631,-93.459233,0, ,0.0,0.0,0.0,0.0,2,4000,0,0,0,0,0,1
HM,JERUP,37.235631,-93.459233,2, ,0.0,0.0,83.0,04,0,0,0,0,0,0,0,0,0

APPTR,R29-A,29,JERUP
HF,JERUP,37.235631,-93.459233,2, ,0.0,0.0,83.0,04,2,4000,0,0,0,0,1,0,0

APPTR,R29-A,29,MEVDY
IF,MEVDY,37.192414,-93.688947, ,0.0,0.0,0,0,0,0,0,0,1,0
TF,JERUP,37.235631,-93.459233,0, ,0.0,0.0,0.0,0.0,2,4000,0,0,0,0,1,0

FINAL,R29-A,29,R,4
IF,JERUP,37.235631,-93.459233, ,0.0,0.0,2,4000,0,0,0,0,0,0
TF,HOSKO,37.242781,-93.376564,0, ,0.0,0.0,83.0,4.0,2,3200,0,0,0,0,0,0
TF,ZAMEV,37.246783,-93.335764,0, ,0.0,0.0,82.0,2.0,2,2700,0,0,0,0,2,0
TF,BOTHY,37.228058,-93.267761,0, ,0.0,0.0,108.0,3.5,1,1602,0,0,0,0,3,1
CA,0,108.0,2,1775,0,0,0,0,0,0
DF,FANGA,37.192047,-93.137469,0, ,0.0,0.0,0,0,0,0,0,0,0,0
TF,ETUNE,37.130264,-93.061106,0, ,0.0,0.0,0.0,0.0,2,4000,0,0,0,0,0,1
HM,ETUNE,37.130264,-93.061106,2, ,0.0,0.0,314.0,04,0,0,0,0,0,0,0,0,0

APPTR,R29-B,29,DGD
IF,DGD,37.023469,-92.876922, ,0.0,0.0,0,0,0,0,0,0,1,0
TF,ETUNE,37.130264,-93.061106,0, ,0.0,0.0,0.0,0.0,2,4000,0,0,0,0,1,0

APPTR,R29-B,29,ETUNE
HF,ETUNE,37.130264,-93.061106,2, ,0.0,0.0,314.0,04,2,4000,0,0,0,0,1,0,0

FINAL,R29-B,29,R,3
IF,ETUNE,37.130264,-93.061106, ,0.0,0.0,2,4000,0,0,0,0,0,0
TF,FANGA,37.192047,-93.137469,0, ,0.0,0.0,314.0,5.2,2,3100,0,0,0,0,2,0
TF,POKAE,37.216164,-93.224656,0, ,0.0,0.0,288.0,4.4,1,1693,0,0,0,0,3,1
CA,0,288.0,2,1780,0,0,0,0,0,0
DF,ZAMEV,37.246783,-93.335764,0, ,0.0,0.0,0,0,0,0,0,0,0,0
TF,JERUP,37.235631,-93.459233,0, ,0.0,0.0,0.0,0.0,2,4000,0,0,0,0,0,1
HM,JERUP,37.235631,-93.459233,2, ,0.0,0.0,83.0,04,0,0,0,0,0,0,0,0,0

