APPTR,R05,05,MERLS
HF,MERLS,35.773472,-92.846842,2, ,0.0,0.0,51.0,04,2,4000,0,0,0,0,1,0,0

FINAL,R05,05,R,5
IF,MERLS,35.773472,-92.846842, ,0.0,0.0,2,4000,0,0,0,0,0,0
TF,ASUME,35.805003,-92.798972,0, ,0.0,0.0,51.0,3.0,2,3500,0,0,0,0,0,0
TF,JENKA,35.837464,-92.749625,0, ,0.0,0.0,51.0,3.1,2,3000,0,0,0,0,2,0
TF,HIBIT,35.853344,-92.725458,0, ,0.0,0.0,51.0,1.5,2,2440,0,0,0,0,0,0
TF,RW05,35.895250,-92.661597,0, ,0.0,0.0,51.0,4.0,1,980,0,0,0,0,3,1
CA,0,51.0,2,1353,0,0,0,0,0,0
DF,DULLS,36.026314,-92.461069,0, ,0.0,0.0,2,4000,0,0,0,0,0,1
HM,DULLS,36.026314,-92.461069,2, ,0.0,0.0,231.0,04,0,0,0,0,0,0,0,0,0

APPTR,R23,23,DULLS
HF,DULLS,36.026314,-92.461069,2, ,0.0,0.0,231.0,04,2,4000,0,0,0,0,1,0,0

FINAL,R23,23,R,3
IF,DULLS,36.026314,-92.461069, ,0.0,0.0,2,4000,0,0,0,0,0,0
TF,RUNGS,35.962564,-92.558756,0, ,0.0,0.0,231.0,6.1,2,3000,0,0,0,0,2,0
TF,RW23,35.902144,-92.651078,0, ,0.0,0.0,231.0,5.8,1,1008,0,0,0,0,3,1
CA,0,231.0,2,1364,0,0,0,0,0,0
DF,MERLS,35.773472,-92.846842,0, ,0.0,0.0,2,4000,0,0,0,0,0,1
HM,MERLS,35.773472,-92.846842,2, ,0.0,0.0,51.0,04,0,0,0,0,0,0,0,0,0

