APPTR,R10,10,BAGEL
IF,BAGEL,41.515975,-85.613689, ,0.0,0.0,0,0,0,0,0,0,1,0
TF,ZIVAR,41.476544,-85.446128,0, ,0.0,0.0,0.0,0.0,2,3000,0,0,0,0,1,0

APPTR,R10,10,ILTON
IF,ILTON,41.499200,-84.986856, ,0.0,0.0,0,0,0,0,0,0,0,0
TF,ZIVAR,41.476544,-85.446128,0, ,0.0,0.0,0.0,0.0,2,3000,0,0,0,0,0,1
HF,ZIVAR,41.476544,-85.446128,2, ,0.0,0.0,96.0,04,2,3000,0,0,0,0,1,0,0

APPTR,R10,10,RABBT
IF,RABBT,41.403447,-85.523794, ,0.0,0.0,0,0,0,0,0,0,1,0
TF,ZIVAR,41.476544,-85.446128,0, ,0.0,0.0,0.0,0.0,2,3000,0,0,0,0,1,0

FINAL,R10,10,R,4
IF,ZIVAR,41.476544,-85.446128, ,0.0,0.0,2,3000,0,0,0,0,0,0
TF,EDXUR,41.475656,-85.401800,0, ,0.0,0.0,96.0,2.0,2,2500,0,0,0,0,0,0
TF,HIATT,41.474731,-85.356567,0, ,0.0,0.0,96.0,2.0,2,2300,0,0,0,0,2,0
TF,RW10,41.472886,-85.268819,0, ,0.0,0.0,96.0,4.0,1,1039,0,0,0,0,3,1
CA,0,96.0,2,1360,0,0,0,0,0,0
DF,JOTRO,41.468586,-85.075489,0, ,0.0,0.0,2,3000,0,0,0,0,0,1
HM,JOTRO,41.468586,-85.075489,1, ,0.0,0.0,276.0,04,0,0,0,0,0,0,0,0,0

APPTR,R28,28,GAREN
IF,GAREN,41.291036,-85.067786, ,0.0,0.0,0,0,0,0,0,0,1,0
TF,JOTRO,41.468586,-85.075489,0, ,0.0,0.0,0.0,0.0,2,3000,0,0,0,0,1,0

APPTR,R28,28,ILTON
IF,ILTON,41.499200,-84.986856, ,0.0,0.0,0,0,0,0,0,0,1,0
TF,JOTRO,41.468586,-85.075489,0, ,0.0,0.0,0.0,0.0,2,3000,0,0,0,0,1,0

APPTR,R28,28,JOTRO
HF,JOTRO,41.468586,-85.075489,1, ,0.0,0.0,276.0,04,2,3000,0,0,0,0,1,0,0

FINAL,R28,28,R,4
IF,JOTRO,41.468586,-85.075489, ,0.0,0.0,2,3000,0,0,0,0,0,0
TF,HEVDA,41.469600,-85.119808,0, ,0.0,0.0,276.0,2.0,2,2500,0,0,0,0,0,0
TF,DEYFE,41.470625,-85.165364,0, ,0.0,0.0,276.0,2.1,2,2300,0,0,0,0,2,0
TF,RW28,41.472542,-85.252775,0, ,0.0,0.0,276.0,3.9,1,1044,0,0,0,0,3,1
CA,0,276.0,2,1276,0,0,0,0,0,0
DF,HIATT,41.474731,-85.356567,0, ,0.0,0.0,0,0,0,0,0,0,0,0
TF,BAGEL,41.515975,-85.613689,0, ,0.0,0.0,286.0,0.0,2,3000,0,0,0,0,0,1
HM,BAGEL,41.515975,-85.613689,2, ,0.0,0.0,26.0,04,0,0,0,0,0,0,0,0,0

