APPTR,B13,13,CIPMI
IF,CIPMI,47.056986,-88.784017, ,0.0,0.0,0,0,0,0,0,0,1,0
AF,D304N,47.293481,-88.776092,2,CMX,304.0,14.0,243.0,2,2800,0,0,0,0,0,0
VI,0,ICMX,0.0,103.0,0,0,0,0,0,0,0,0

APPTR,B13,13,CMX
IF,CMX,47.170258,-88.485394, ,0.0,0.0,0,0,0,0,0,0,0,0
TF,FREDA,47.231342,-88.594064,0, ,0.0,0.0,0.0,0.0,2,2800,0,0,0,0,0,0
PI,FREDA,47.231342,-88.594064,2,CMX,268.0,10.0,313,5.0,2,2800,0,0,0,0,1,0

APPTR,B13,13,VAYUC
IF,VAYUC,47.371444,-88.658697, ,0.0,0.0,0,0,0,0,0,0,1,0
AF,D321N,47.346053,-88.710500,1,CMX,321.0,14.0,332.0,2,2800,0,0,0,0,0,0
VI,0,ICMX,0.0,163.0,0,0,0,0,0,0,0,0

FINAL,B13,13,D,3
IF,GERKE,47.320883,-88.746864,ICMX,312.9,13.2,2,2800,0,0,0,0,0,0
CF,FREDA,47.231342,-88.594064,0,ICMX,312.9,5.0,133.0,8.2,2,2800,0,0,0,0,2,0
CF,JOTUV,47.182514,-88.511083,0,ICMX,312.9,0.5,133.0,4.5,1,1351,0,0,0,0,3,0
CA,0,133.0,2,3100,0,0,0,0,0,0
DF,CMX,47.170258,-88.485394,2, ,0.0,0.0,0,0,0,0,0,0,0,0
HM,CMX,47.170258,-88.485394,2, ,0.0,0.0,320.0,04.3,0,0,0,0,0,0,0,0,0

APPTR,I31,31,CIBPA
IF,CIBPA,46.941236,-88.420917, ,0.0,0.0,0,0,0,0,0,0,1,0
AF,D142N,46.991389,-88.266289,1,CMX,142.0,14.0,171.0,2,2500,0,0,0,0,0,0
VI,0,ICMX,0.0,343.0,0,0,0,0,0,0,0,0

APPTR,I31,31,CMX
IF,CMX,47.170258,-88.485394, ,0.0,0.0,0,0,0,0,0,0,0,0
TF,GALEY,47.116789,-88.399778,0, ,0.0,0.0,0.0,0.0,2,2800,0,0,0,0,0,0
PI,GALEY,47.116789,-88.399778,2,CMX,88.0,10.0,133,5.0,2,2800,0,0,0,0,1,0

APPTR,I31,31,PEVXI
IF,PEVXI,46.963003,-88.202933, ,0.0,0.0,0,0,0,0,0,0,1,0
TF,CFVPV,47.002228,-88.206953,0, ,0.0,0.0,0.0,0.0,2,2500,0,0,0,0,0,0
CF,MUMBY,47.015747,-88.229592,0,ICMX,132.9,14.8,313.0,1.2,2,2500,0,0,0,0,1,0

FINAL,I31,31,I,3
IF,MUMBY,47.015747,-88.229592,ICMX,132.9,14.8,2,2500,0,0,0,0,0,0
CF,GALEY,47.116789,-88.399778,0,ICMX,132.8,5.5,313.0,9.3,1,2494,0,0,0,0,2,0
CF,RW31,47.163656,-88.479111,0,ICMX,132.9,1.2,313.0,4.3,1,1107,0,0,0,0,3,0
CA,0,313.0,2,2500,0,0,0,0,0,0
DF,CMX,47.170258,-88.485394,2, ,0.0,0.0,2,3100,0,0,0,0,0,0
HM,CMX,47.170258,-88.485394,2, ,0.0,0.0,136.0,04.3,0,0,0,0,0,0,0,0,0

APPTR,R07,07,CMX
IF,CMX,47.170258,-88.485394, ,0.0,0.0,0,0,0,0,0,0,0,0
TF,FAXET,47.088022,-88.759150,0, ,0.0,0.0,0.0,0.0,2,3700,0,0,0,0,0,1
HF,FAXET,47.088022,-88.759150,2, ,0.0,0.0,69.0,04,2,3700,0,0,0,0,1,0,0

FINAL,R07,07,R,4
IF,FAXET,47.088022,-88.759150, ,0.0,0.0,2,3700,0,0,0,0,0,0
TF,CEDAG,47.127508,-88.624661,0, ,0.0,0.0,69.0,6.0,2,2900,0,0,0,0,2,0
TF,WUMRO,47.145283,-88.563894,0, ,0.0,0.0,69.0,2.7,2,2020,0,0,0,0,0,0
TF,RW07,47.164278,-88.498778,0, ,0.0,0.0,69.0,2.9,1,1114,0,0,0,0,3,1
CA,0,69.0,2,1431,0,0,0,0,0,0
DF,ZORIV,47.243358,-88.225842,0, ,0.0,0.0,2,3700,0,0,0,0,0,1
HM,ZORIV,47.243358,-88.225842,2, ,0.0,0.0,249.0,04,0,0,0,0,0,0,0,0,0

APPTR,R13,13,CMX
IF,CMX,47.170258,-88.485394, ,0.0,0.0,0,0,0,0,0,0,0,0
TF,BAPYA,47.299803,-88.710839,0, ,0.0,0.0,0.0,0.0,2,3700,0,0,0,0,0,1
HF,BAPYA,47.299803,-88.710839,2, ,0.0,0.0,133.0,04,2,3700,0,0,0,0,1,0,0

APPTR,R13,13,FEMOK
IF,FEMOK,47.457581,-88.733378, ,0.0,0.0,0,0,0,0,0,0,1,0
TF,BAPYA,47.299803,-88.710839,0, ,0.0,0.0,0.0,0.0,2,3700,0,0,0,0,1,0

APPTR,R13,13,PAVGE
IF,PAVGE,47.048864,-88.805297, ,0.0,0.0,0,0,0,0,0,0,0,0
TF,JOVSI,47.198981,-88.837944,0, ,0.0,0.0,0.0,0.0,2,3700,0,0,0,0,1,0
TF,BAPYA,47.299803,-88.710839,0, ,0.0,0.0,0.0,0.0,2,3700,0,0,0,0,1,0

FINAL,R13,13,R,3
IF,BAPYA,47.299803,-88.710839, ,0.0,0.0,2,3700,0,0,0,0,0,0
TF,FEGOD,47.235450,-88.601058,0, ,0.0,0.0,133.0,5.9,2,2900,0,0,0,0,2,0
TF,RW13,47.175314,-88.498875,0, ,0.0,0.0,133.0,5.5,1,1141,0,0,0,0,3,1
CA,0,133.0,2,2400,0,0,0,0,0,0
DF,BAPYA,47.299803,-88.710839,1, ,0.0,0.0,2,3700,0,0,0,0,0,1
HM,BAPYA,47.299803,-88.710839,2, ,0.0,0.0,133.0,04,0,0,0,0,0,0,0,0,0

APPTR,R25,25,CMX
IF,CMX,47.170258,-88.485394, ,0.0,0.0,0,0,0,0,0,0,0,0
TF,ZORIV,47.243358,-88.225842,0, ,0.0,0.0,0.0,0.0,2,3700,0,0,0,0,0,1
HF,ZORIV,47.243358,-88.225842,2, ,0.0,0.0,249.0,04,2,3700,0,0,0,0,1,0,0

FINAL,R25,25,R,3
IF,ZORIV,47.243358,-88.225842, ,0.0,0.0,2,3700,0,0,0,0,0,0
TF,HAMIP,47.204336,-88.360914,0, ,0.0,0.0,249.0,6.0,2,2800,0,0,0,0,2,0
TF,RW25,47.169878,-88.479550,0, ,0.0,0.0,249.0,5.3,1,1119,0,0,0,0,3,1
CA,0,249.0,2,1440,0,0,0,0,0,0
DF,FAXET,47.088022,-88.759150,0, ,0.0,0.0,2,3700,0,0,0,0,0,1
HM,FAXET,47.088022,-88.759150,2, ,0.0,0.0,69.0,04,0,0,0,0,0,0,0,0,0

APPTR,R31,31,CIBPA
IF,CIBPA,46.941236,-88.420917, ,0.0,0.0,0,0,0,0,0,0,1,0
TF,MUMBY,47.015747,-88.229592,0, ,0.0,0.0,0.0,0.0,2,3000,0,0,0,0,1,0

APPTR,R31,31,CMX
IF,CMX,47.170258,-88.485394, ,0.0,0.0,0,0,0,0,0,0,0,0
TF,MUMBY,47.015747,-88.229592,0, ,0.0,0.0,0.0,0.0,2,3000,0,0,0,0,0,1
HF,MUMBY,47.015747,-88.229592,2, ,0.0,0.0,313.0,04,2,3000,0,0,0,0,1,0,0

APPTR,R31,31,PEVXI
IF,PEVXI,46.963003,-88.202933, ,0.0,0.0,0,0,0,0,0,0,1,0
TF,MUMBY,47.015747,-88.229592,0, ,0.0,0.0,0.0,0.0,2,3000,0,0,0,0,1,0

FINAL,R31,31,R,3
IF,MUMBY,47.015747,-88.229592, ,0.0,0.0,2,3000,0,0,0,0,0,0
TF,COPKA,47.116544,-88.399369,0, ,0.0,0.0,313.0,9.2,2,2500,0,0,0,0,2,0
TF,RW31,47.163656,-88.479111,0, ,0.0,0.0,313.0,4.3,1,1108,0,0,0,0,3,1
DF,BAPYA,47.299803,-88.710839,0, ,0.0,0.0,2,3700,0,0,0,0,0,0
HM,BAPYA,47.299803,-88.710839,2, ,0.0,0.0,133.0,04,0,0,0,0,0,0,0,0,0

APPTR,S25,25,CMX
PI,CMX,47.170258,-88.485394,2,CMX,35.0,10.0,080,5.0,2,3100,0,0,0,0,1,0
CF,FF25,47.190950,-88.341961,0,CMX,80.0,6.0,260.0,4.2,2,3100,0,0,0,0,0,0

FINAL,S25,25,D,2
IF,FF25,47.190950,-88.341961,CMX,80.0,6.0,2,3100,0,0,0,0,2,0
CF,RW25,47.169878,-88.479550,0,CMX,97.5,0.2,260.0,5.8,1,1124,0,0,0,0,3,0
CF,CMX,47.170258,-88.485394,0,CMX,0.0,0.0,260.0,0.2,2,1495,0,0,0,0,0,0
CA,0,260.0,2,3100,0,0,0,0,0,0
DF,CMX,47.170258,-88.485394,2, ,0.0,0.0,0,0,0,0,0,0,0,0
HM,CMX,47.170258,-88.485394,2, ,0.0,0.0,260.0,04.3,0,0,0,0,0,0,0,0,0

