APPTR,I08,08,TIVNE
HF,TIVNE,40.174839,-77.014103,2, ,0.0,0.0,82.0,04.3,2,3000,0,0,0,0,1,0,0

FINAL,I08,08,I,3
IF,CFDRR,40.153189,-77.096356,ICXY,262.2,12.5,2,3000,0,0,0,0,0,0
CF,TIVNE,40.174839,-77.014103,0,ICXY,262.2,8.5,82.0,4.0,1,2800,0,0,0,0,2,0
CF,RW08,40.215592,-76.858539,0,ICXY,262.2,0.9,82.0,7.6,1,393,0,0,0,0,3,0
CA,0,82.0,2,1100,0,0,0,0,0,0
VI,0, ,0.0,87.0,0,0,0,0,0,0,0,0
CF,BAARN,40.291486,-76.611328,0,RAV,193.0,15.7,13.0,3.0,2,3000,0,0,0,0,0,0
HM,BAARN,40.291486,-76.611328,2, ,0.0,0.0,314.0,04.3,0,0,0,0,0,0,0,0,0

FINAL,R08,08,R,4
IF,JUVUS,40.137728,-77.154931, ,0.0,0.0,2,3100,0,0,0,0,0,0
TF,TIVNE,40.174839,-77.014103,0, ,0.0,0.0,82.0,6.9,2,2800,0,0,0,0,2,0
TF,HORVI,40.199442,-76.920308,0, ,0.0,0.0,82.0,4.6,2,1340,0,0,0,0,0,0
TF,RW08,40.215592,-76.858539,0, ,0.0,0.0,82.0,3.0,1,393,0,0,0,0,3,1
CA,0,82.0,2,747,0,0,0,0,0,0
DF,DAPNY,40.251439,-76.720889,0, ,0.0,0.0,0,0,0,0,0,0,0,0
TF,BAARN,40.291486,-76.611328,0, ,0.0,0.0,0.0,0.0,2,3000,0,0,0,0,0,1
HM,BAARN,40.291486,-76.611328,2, ,0.0,0.0,314.0,04,0,0,0,0,0,0,0,0,0

APPTR,R26,26,CURNA
HF,CURNA,40.283719,-76.596258,2, ,0.0,0.0,262.0,04,2,3100,0,0,0,0,1,0,0

APPTR,R26,26,KUPPS
IF,KUPPS,40.287311,-76.451947, ,0.0,0.0,0,0,0,0,0,0,1,0
TF,CURNA,40.283719,-76.596258,0, ,0.0,0.0,0.0,0.0,2,3100,0,0,0,0,1,0

FINAL,R26,26,R,3
IF,CURNA,40.283719,-76.596258, ,0.0,0.0,2,3100,0,0,0,0,0,0
TF,DAPNY,40.251439,-76.720889,0, ,0.0,0.0,262.0,6.0,2,2300,0,0,0,0,2,0
TF,RW26,40.220017,-76.841592,0, ,0.0,0.0,262.0,5.9,1,402,0,0,0,0,3,1
DF,LOTCI,40.185003,-76.975403,0, ,0.0,0.0,0,0,0,0,0,0,0,0
TF,WAPKO,40.359517,-76.938453,2, ,0.0,0.0,0.0,0.0,0,0,0,0,0,0,0,0
TF,CURNA,40.283719,-76.596258,0, ,0.0,0.0,0.0,0.0,2,3100,0,0,0,0,0,1
HM,CURNA,40.283719,-76.596258,2, ,0.0,0.0,262.0,04,0,0,0,0,0,0,0,0,0

