APPTR,L30,30,CSI
IF,CSI,29.922356,-99.214486, ,0.0,0.0,0,0,0,0,0,0,0,0
TF,ZOTEP,29.900533,-98.987331,0, ,0.0,0.0,0.0,0.0,2,3600,0,0,0,0,0,0
HF,ZOTEP,29.900533,-98.987331,1, ,0.0,0.0,305.0,04.3,2,3600,0,0,0,0,1,0,0

APPTR,L30,30,STV
IF,STV,30.206758,-98.705756, ,0.0,0.0,0,0,0,0,0,0,0,0
TF,ZOTEP,29.900533,-98.987331,0, ,0.0,0.0,0.0,0.0,2,3600,0,0,0,0,0,0
HF,ZOTEP,29.900533,-98.987331,1, ,0.0,0.0,305.0,04.3,2,3600,0,0,0,0,1,0,0

FINAL,L30,30,D,4
IF,CFBHB,29.857014,-98.929083,IERV,124.5,11.2,2,3600,0,0,0,0,0,0
CF,ZOTEP,29.900533,-98.987331,0,IERV,124.5,7.2,305.0,4.0,2,3600,0,0,0,0,2,0
CF,ZABOS,29.942850,-99.044044,0,IERV,124.5,3.3,305.0,3.9,2,2360,0,0,0,0,0,0
CF,RW30,29.967775,-99.077489,0,IERV,124.5,0.0,305.0,2.3,1,1629,0,0,0,0,3,0
CA,0,305.0,2,2100,0,0,0,0,0,0
DF,CSI,29.922356,-99.214486,1, ,0.0,0.0,2,4100,0,0,0,0,0,0
HM,CSI,29.922356,-99.214486,1, ,0.0,0.0,88.0,04.3,0,0,0,0,0,0,0,0,0

APPTR,R12,12,OBUCO
HF,OBUCO,30.110553,-99.269711,2, ,0.0,0.0,124.0,04,2,4000,0,0,0,0,1,0,0

FINAL,R12,12,R,4
IF,OBUCO,30.110553,-99.269711, ,0.0,0.0,2,4000,0,0,0,0,0,0
TF,LAVIC,30.034658,-99.167414,0, ,0.0,0.0,124.0,7.0,2,3300,0,0,0,0,2,0
TF,HALOL,30.007661,-99.131092,0, ,0.0,0.0,124.0,2.5,2,2500,0,0,0,0,0,0
TF,RW12,29.977278,-99.090247,0, ,0.0,0.0,125.0,2.8,1,1616,0,0,0,0,3,1
CA,0,125.0,2,1826,0,0,0,0,0,0
DF,DIYER,29.846514,-98.914925,0, ,0.0,0.0,2,4100,0,0,0,0,0,1
HM,DIYER,29.846514,-98.914925,2, ,0.0,0.0,305.0,05,0,0,0,0,0,0,0,0,0

APPTR,R30,30,CSI
IF,CSI,29.922356,-99.214486, ,0.0,0.0,0,0,0,0,0,0,0,0
TF,JAMPI,29.783081,-98.977258,0, ,0.0,0.0,0.0,0.0,2,4100,0,0,0,0,1,0
TF,DIYER,29.846514,-98.914925,0, ,0.0,0.0,0.0,0.0,2,4100,0,0,0,0,1,0

APPTR,R30,30,DIYER
HF,DIYER,29.846514,-98.914925,2, ,0.0,0.0,305.0,05,2,4100,0,0,0,0,1,0,0

APPTR,R30,30,STV
IF,STV,30.206758,-98.705756, ,0.0,0.0,0,0,0,0,0,0,0,0
TF,FIMEL,29.909917,-98.852511,0, ,0.0,0.0,0.0,0.0,2,4100,0,0,0,0,1,0
TF,DIYER,29.846514,-98.914925,0, ,0.0,0.0,0.0,0.0,2,4100,0,0,0,0,1,0

FINAL,R30,30,R,3
IF,DIYER,29.846514,-98.914925, ,0.0,0.0,2,4100,0,0,0,0,0,0
TF,RITRE,29.911803,-99.002369,0, ,0.0,0.0,305.0,6.0,2,3300,0,0,0,0,2,0
TF,RW30,29.967775,-99.077489,0, ,0.0,0.0,305.0,5.2,1,1634,0,0,0,0,3,1
CA,0,305.0,2,1860,0,0,0,0,0,0
DF,OBUCO,30.110553,-99.269711,0, ,0.0,0.0,2,4000,0,0,0,0,0,1
HM,OBUCO,30.110553,-99.269711,2, ,0.0,0.0,124.0,04,0,0,0,0,0,0,0,0,0

APPTR,V03-A,03,CSI
HF,CSI,29.922356,-99.214486,2, ,0.0,0.0,55.0,04.3,2,4000,0,0,0,0,1,0,0

FINAL,V03-A,03,D,3
IF,CSI,29.922356,-99.214486,CSI,0.0,0.0,2,4000,0,0,0,0,2,0
CF,HODIS,29.952650,-99.146131,0,CSI,55.0,4.0,55.0,4.0,2,2440,0,0,0,0,0,0
CF,ZEMOT,29.977033,-99.091058,0,CSI,55.0,7.2,55.0,3.2,1,2380,0,0,0,0,3,0
CA,0,55.0,2,2380,0,0,0,0,0,0
DF,CSI,29.922356,-99.214486,1, ,0.0,0.0,2,4000,0,0,0,0,0,0

APPTR,V12-A,12,CSI
HF,CSI,29.922356,-99.214486,2, ,0.0,0.0,55.0,04.3,2,4000,0,0,0,0,1,0,0

FINAL,V12-A,12,D,3
IF,CSI,29.922356,-99.214486,CSI,0.0,0.0,2,4000,0,0,0,0,2,0
CF,HODIS,29.952650,-99.146131,0,CSI,55.0,4.0,55.0,4.0,2,2440,0,0,0,0,0,0
CF,ZEMOT,29.977033,-99.091058,0,CSI,55.0,7.2,55.0,3.2,1,2380,0,0,0,0,3,0
CA,0,55.0,2,2380,0,0,0,0,0,0
DF,CSI,29.922356,-99.214486,1, ,0.0,0.0,2,4000,0,0,0,0,0,0

APPTR,V21-A,21,CSI
HF,CSI,29.922356,-99.214486,2, ,0.0,0.0,55.0,04.3,2,4000,0,0,0,0,1,0,0

FINAL,V21-A,21,D,3
IF,CSI,29.922356,-99.214486,CSI,0.0,0.0,2,4000,0,0,0,0,2,0
CF,HODIS,29.952650,-99.146131,0,CSI,55.0,4.0,55.0,4.0,2,2440,0,0,0,0,0,0
CF,ZEMOT,29.977033,-99.091058,0,CSI,55.0,7.2,55.0,3.2,1,2380,0,0,0,0,3,0
CA,0,55.0,2,2380,0,0,0,0,0,0
DF,CSI,29.922356,-99.214486,1, ,0.0,0.0,2,4000,0,0,0,0,0,0

APPTR,V30-A,30,CSI
HF,CSI,29.922356,-99.214486,2, ,0.0,0.0,55.0,04.3,2,4000,0,0,0,0,1,0,0

FINAL,V30-A,30,D,3
IF,CSI,29.922356,-99.214486,CSI,0.0,0.0,2,4000,0,0,0,0,2,0
CF,HODIS,29.952650,-99.146131,0,CSI,55.0,4.0,55.0,4.0,2,2440,0,0,0,0,0,0
CF,ZEMOT,29.977033,-99.091058,0,CSI,55.0,7.2,55.0,3.2,1,2380,0,0,0,0,3,0
CA,0,55.0,2,2380,0,0,0,0,0,0
DF,CSI,29.922356,-99.214486,1, ,0.0,0.0,2,4000,0,0,0,0,0,0

