APPTR,R14,14,CAPVA
IF,CAPVA,40.605208,-103.747600, ,0.0,0.0,0,0,0,0,0,0,1,0
TF,ECUDI,40.525856,-103.939947,0, ,0.0,0.0,0.0,0.0,2,7400,0,0,0,0,1,0

APPTR,R14,14,DEKTE
IF,DEKTE,40.446181,-104.131847, ,0.0,0.0,0,0,0,0,0,0,1,0
TF,ECUDI,40.525856,-103.939947,0, ,0.0,0.0,0.0,0.0,2,7400,0,0,0,0,1,0

APPTR,R14,14,ECUDI
HF,ECUDI,40.525856,-103.939947,2, ,0.0,0.0,144.0,07,2,7400,0,0,0,0,1,0,0

FINAL,R14,14,R,4
IF,ECUDI,40.525856,-103.939947, ,0.0,0.0,2,7400,0,0,0,0,0,0
TF,FEPAS,40.417378,-103.862986,0, ,0.0,0.0,144.0,7.4,2,6200,0,0,0,0,2,0
TF,GISEY,40.378606,-103.835517,0, ,0.0,0.0,144.0,2.6,2,5340,0,0,0,0,0,0
TF,RW14,40.344853,-103.811692,0, ,0.0,0.0,144.0,2.3,1,4625,0,0,0,0,3,1
CA,0,144.0,2,4845,0,0,0,0,0,0
DF,HARPU,40.140975,-103.668197,0, ,0.0,0.0,2,7400,0,0,0,0,0,1
HM,HARPU,40.140975,-103.668197,2, ,0.0,0.0,324.0,07,0,0,0,0,0,0,0,0,0

APPTR,R32,32,HARPU
HF,HARPU,40.140975,-103.668197,2, ,0.0,0.0,324.0,07,2,7400,0,0,0,0,1,0,0

APPTR,R32,32,KASEC
IF,KASEC,40.219875,-103.476614, ,0.0,0.0,0,0,0,0,0,0,1,0
TF,HARPU,40.140975,-103.668197,0, ,0.0,0.0,0.0,0.0,2,7400,0,0,0,0,1,0

APPTR,R32,32,LAYCE
IF,LAYCE,40.061758,-103.859336, ,0.0,0.0,0,0,0,0,0,0,1,0
TF,HARPU,40.140975,-103.668197,0, ,0.0,0.0,0.0,0.0,2,7400,0,0,0,0,1,0

FINAL,R32,32,R,3
IF,HARPU,40.140975,-103.668197, ,0.0,0.0,2,7400,0,0,0,0,0,0
TF,JADEK,40.255519,-103.748694,0, ,0.0,0.0,324.0,7.8,2,6200,0,0,0,0,2,0
TF,RW32,40.331017,-103.801922,0, ,0.0,0.0,324.0,5.1,1,4561,0,0,0,0,3,1
CA,0,324.0,2,4796,0,0,0,0,0,0
DF,ECUDI,40.525856,-103.939947,0, ,0.0,0.0,2,7400,0,0,0,0,0,1
HM,ECUDI,40.525856,-103.939947,2, ,0.0,0.0,144.0,07,0,0,0,0,0,0,0,0,0

