APPTR,N03,03,FAK
IF,FAK,37.528508,-77.828219, ,0.0,0.0,0,0,0,0,0,0,0,0
TF,FVX,37.353011,-78.437536,0, ,0.0,0.0,0.0,0.0,2,2500,0,0,0,0,0,0
PI,FVX,37.353011,-78.437536,1,FAK,264.0,10.0,219,5.0,2,2500,0,0,0,0,1,0
CF,FF03,37.258986,-78.505892,0,FAK,249.7,36.2,39.0,3.5,2,2500,0,0,0,0,0,0

FINAL,N03,03,N,2
IF,FF03,37.258986,-78.505892,FVX,0.0,0.0,2,2500,0,0,0,0,2,0
CF,RW03,37.351858,-78.440411,0,FVX,0.0,0.0,39.0,6.4,1,466,0,0,0,0,3,0
CF,FVX,37.353011,-78.437536,0,FAK,256.3,31.0,39.0,0.2,0,0,0,0,0,0,0,0
CA,0,39.0,2,2300,0,0,0,0,0,0
DF,FVX,37.353011,-78.437536,1, ,0.0,0.0,2,2500,0,0,0,0,0,0
HM,FVX,37.353011,-78.437536,2, ,0.0,0.0,39.0,04.3,0,0,0,0,0,0,0,0,0

APPTR,R03,03,INSAC
IF,INSAC,37.192681,-78.685408, ,0.0,0.0,0,0,0,0,0,0,1,0
TF,WAMPO,37.148294,-78.534211,0, ,0.0,0.0,0.0,0.0,2,3000,0,0,0,0,1,0

APPTR,R03,03,LELLI
IF,LELLI,36.988264,-78.383228, ,0.0,0.0,0,0,0,0,0,0,1,0
TF,WAMPO,37.148294,-78.534211,0, ,0.0,0.0,0.0,0.0,2,3000,0,0,0,0,1,0

APPTR,R03,03,WAMPO
HF,WAMPO,37.148294,-78.534211,2, ,0.0,0.0,29.0,04,2,3000,0,0,0,0,1,0,0

FINAL,R03,03,R,4
IF,WAMPO,37.148294,-78.534211, ,0.0,0.0,2,3000,0,0,0,0,0,0
TF,NUVME,37.253556,-78.485775,0, ,0.0,0.0,29.0,6.7,2,2500,0,0,0,0,2,0
TF,JILAR,37.308019,-78.460658,0, ,0.0,0.0,29.0,3.5,2,1360,0,0,0,0,0,0
TF,RW03,37.351858,-78.440411,0, ,0.0,0.0,29.0,2.8,1,466,0,0,0,0,3,1
CA,0,29.0,2,720,0,0,0,0,0,0
DF,BODRY,37.566678,-78.340850,0, ,0.0,0.0,2,3000,0,0,0,0,0,1
HM,BODRY,37.566678,-78.340850,1, ,0.0,0.0,209.0,04,0,0,0,0,0,0,0,0,0

APPTR,R21,21,BODRY
HF,BODRY,37.566678,-78.340850,1, ,0.0,0.0,209.0,04,2,3000,0,0,0,0,1,0,0

APPTR,R21,21,COLAB
IF,COLAB,37.592303,-78.427969, ,0.0,0.0,0,0,0,0,0,0,1,0
TF,BODRY,37.566678,-78.340850,0, ,0.0,0.0,0.0,0.0,2,3000,0,0,0,0,1,0

APPTR,R21,21,FAK
IF,FAK,37.528508,-77.828219, ,0.0,0.0,0,0,0,0,0,0,0,0
TF,APIGY,37.548211,-78.088983,0, ,0.0,0.0,0.0,0.0,2,3000,0,0,0,0,1,0
TF,BODRY,37.566678,-78.340850,0, ,0.0,0.0,0.0,0.0,2,3000,0,0,0,0,1,0

FINAL,R21,21,R,4
IF,BODRY,37.566678,-78.340850, ,0.0,0.0,2,3000,0,0,0,0,0,0
TF,DEPOY,37.461383,-78.389728,0, ,0.0,0.0,209.0,6.7,2,2500,0,0,0,0,2,0
TF,SIBTE,37.413289,-78.412003,0, ,0.0,0.0,209.0,3.1,2,1480,0,0,0,0,0,0
TF,RW21,37.363194,-78.435172,0, ,0.0,0.0,209.0,3.2,1,468,0,0,0,0,3,1
CA,0,209.0,2,696,0,0,0,0,0,0
DF,WAMPO,37.148294,-78.534211,0, ,0.0,0.0,2,3000,0,0,0,0,0,1
HM,WAMPO,37.148294,-78.534211,2, ,0.0,0.0,29.0,04,0,0,0,0,0,0,0,0,0

