SID,BIMMR1,ALL,5
IF,ZNTRM,34.768594,-81.958700, ,0.0,0.0,0,0,0,0,0,0,0,0
TF,ZZCAR,34.725931,-81.871781,0, ,0.0,0.0,0.0,0.0,0,0,0,0,0,0,0,0
TF,BIMMR,34.855167,-81.612608,0, ,0.0,0.0,0.0,0.0,0,0,0,0,0,0,0,0

SID,BIMMR1,ACERB,6
IF,BIMMR,34.855167,-81.612608, ,0.0,0.0,0,0,0,0,0,0,0,0
TF,ACERB,35.098956,-81.128606,0, ,0.0,0.0,0.0,0.0,0,0,0,0,0,0,0,0

SID,BIMMR1,DRIVN,6
IF,BIMMR,34.855167,-81.612608, ,0.0,0.0,0,0,0,0,0,0,0,0
TF,ACERB,35.098956,-81.128606,0, ,0.0,0.0,0.0,0.0,0,0,0,0,0,0,0,0
TF,DRIVN,35.214925,-80.896178,0, ,0.0,0.0,0.0,0.0,0,0,0,0,0,0,0,0

SID,BWALL1,ALL,5
IF,HALJO,34.992136,-82.015042, ,0.0,0.0,0,0,0,0,0,0,0,0
TF,ALYSA,35.094358,-81.941536,0, ,0.0,0.0,0.0,0.0,0,0,0,0,0,0,0,0
TF,BWALL,35.216897,-82.030003,0, ,0.0,0.0,0.0,0.0,0,0,0,0,0,0,0,0

SID,BWALL1,JLENA,6
IF,BWALL,35.216897,-82.030003, ,0.0,0.0,0,0,0,0,0,0,0,0
TF,JLENA,35.569753,-82.286517,0, ,0.0,0.0,0.0,0.0,0,0,0,0,0,0,0,0

STAR,JUNNR2,FUBLL,4
IF,FUBLL,37.141528,-79.454131, ,0.0,0.0,0,0,0,0,0,0,0,0
TF,GMONY,36.552847,-80.111997,0, ,0.0,0.0,0.0,0.0,0,0,0,0,0,0,0,0
TF,WAMUR,36.196906,-80.443644,0, ,0.0,0.0,0.0,0.0,0,0,0,0,0,0,0,0
TF,JUNNR,35.892942,-80.651942,0, ,0.0,0.0,0.0,0.0,0,0,0,0,0,0,0,0

STAR,JUNNR2,ALL,5
IF,JUNNR,35.892942,-80.651942, ,0.0,0.0,0,0,0,0,0,0,0,0
TF,OPENS,35.430833,-80.965667,0, ,0.0,0.0,0.0,0.0,0,0,0,0,0,0,0,0
TF,YELKS,35.342456,-81.028822,0, ,0.0,0.0,0.0,0.0,0,0,0,0,0,0,0,0
TF,KWOOD,35.171908,-81.149892,0, ,0.0,0.0,0.0,0.0,0,0,0,0,0,0,0,0
TF,TANCE,35.091144,-81.604756,0, ,0.0,0.0,0.0,0.0,0,0,0,0,0,0,0,0
TF,SPA,35.033625,-81.927011,0, ,0.0,0.0,0.0,0.0,0,0,0,0,0,0,0,1
VM,34.847944,-82.350000,0,264.0,0,0,0,0,0,0,0,0

STAR,MCHLN1,PROVN,4
IF,PROVN,33.883203,-81.966014, ,0.0,0.0,0,0,0,0,0,0,0,0
TF,MCHLN,34.236772,-81.978753,0, ,0.0,0.0,0.0,0.0,0,0,0,0,0,0,0,0

STAR,MCHLN1,ALL,5
IF,MCHLN,34.236772,-81.978753, ,0.0,0.0,0,0,0,0,0,0,0,0
TF,TYRES,34.459183,-81.986239,0, ,0.0,0.0,0.0,0.0,0,0,0,0,0,0,0,1
VM,34.847944,-82.350000,0,4.0,0,0,0,0,0,0,0,0

STAR,RCTOR1,DAJPI,4
IF,DAJPI,35.779881,-82.638572, ,0.0,0.0,0,0,0,0,0,0,0,0
TF,LUVTT,35.501528,-82.399439,0, ,0.0,0.0,0.0,0.0,0,0,0,0,0,0,0,0
TF,RCTOR,35.213347,-82.248806,0, ,0.0,0.0,0.0,0.0,0,0,0,0,0,0,0,0

STAR,RCTOR1,ALL,5
IF,RCTOR,35.213347,-82.248806, ,0.0,0.0,0,0,0,0,0,0,0,0
TF,UNMAN,35.021950,-82.230139,0, ,0.0,0.0,0.0,0.0,0,0,0,0,0,0,0,1
VM,34.847944,-82.350000,0,181.0,0,0,0,0,0,0,0,0

STAR,UNMAN3,HMV,4
IF,HMV,36.437056,-82.129600, ,0.0,0.0,0,0,0,0,0,0,0,0
TF,BUSIC,35.693147,-82.230314,0, ,0.0,0.0,0.0,0.0,0,0,0,0,0,0,0,0
TF,SUG,35.406506,-82.268614,0, ,0.0,0.0,0.0,0.0,0,0,0,0,0,0,0,0

STAR,UNMAN3,LOZ,4
IF,LOZ,37.033150,-84.110075, ,0.0,0.0,0,0,0,0,0,0,0,0
TF,TOMPS,36.732633,-83.692136,0, ,0.0,0.0,0.0,0.0,0,0,0,0,0,0,0,0
TF,WAOUT,36.520275,-83.399983,0, ,0.0,0.0,0.0,0.0,0,0,0,0,0,0,0,0
TF,BARRD,36.022022,-82.724506,0, ,0.0,0.0,0.0,0.0,0,0,0,0,0,0,0,0
TF,WEAKS,35.722200,-82.501381,0, ,0.0,0.0,0.0,0.0,0,0,0,0,0,0,0,0
TF,SUG,35.406506,-82.268614,0, ,0.0,0.0,0.0,0.0,0,0,0,0,0,0,0,0

STAR,UNMAN3,VXV,4
IF,VXV,35.904839,-83.894728, ,0.0,0.0,0,0,0,0,0,0,0,0
TF,YONTO,35.847739,-83.469803,0, ,0.0,0.0,0.0,0.0,0,0,0,0,0,0,0,0
TF,SOT,35.790100,-83.052369,0, ,0.0,0.0,0.0,0.0,0,0,0,0,0,0,0,0
TF,OZONE,35.561842,-82.583831,0, ,0.0,0.0,0.0,0.0,0,0,0,0,0,0,0,0
TF,SUG,35.406506,-82.268614,0, ,0.0,0.0,0.0,0.0,0,0,0,0,0,0,0,0

STAR,UNMAN3,ALL,5
IF,SUG,35.406506,-82.268614, ,0.0,0.0,0,0,0,0,0,0,0,0
TF,UNMAN,35.021950,-82.230139,0, ,0.0,0.0,0.0,0.0,0,0,0,0,0,0,0,1
VM,34.847944,-82.350000,0,181.0,0,0,0,0,0,0,0,0

STAR,WORXS1,BESTT,4
IF,BESTT,33.591139,-83.895564, ,0.0,0.0,0,0,0,0,0,0,0,0
TF,CNTLR,33.668378,-83.581161,0, ,0.0,0.0,0.0,0.0,0,0,0,0,0,0,0,0
TF,EVRRR,33.833953,-83.240464,0, ,0.0,0.0,0.0,0.0,0,0,0,0,0,0,0,0
TF,WORXS,33.971464,-82.986975,0, ,0.0,0.0,0.0,0.0,0,0,0,0,0,0,0,0

STAR,WORXS1,CNTLR,4
IF,CNTLR,33.668378,-83.581161, ,0.0,0.0,0,0,0,0,0,0,0,0
TF,EVRRR,33.833953,-83.240464,0, ,0.0,0.0,0.0,0.0,0,0,0,0,0,0,0,0
TF,WORXS,33.971464,-82.986975,0, ,0.0,0.0,0.0,0.0,0,0,0,0,0,0,0,0

STAR,WORXS1,ALL,5
IF,WORXS,33.971464,-82.986975, ,0.0,0.0,0,0,0,0,0,0,0,0
TF,ANGRI,34.349925,-82.644397,0, ,0.0,0.0,0.0,0.0,0,0,0,0,0,0,0,0
TF,TDAAY,34.562942,-82.448042,0, ,0.0,0.0,0.0,0.0,0,0,0,0,0,0,0,1
VM,34.847944,-82.350000,0,43.0,0,0,0,0,0,0,0,0

APPTR,I01-Y,01,SPRKI
HF,SPRKI,34.574083,-82.355333,2, ,0.0,0.0,6.0,04,2,3000,0,0,0,0,1,0,0

FINAL,I01-Y,01,I,3
IF,SPRKI,34.574083,-82.355333,IGMU,186.2,17.0,2,3000,0,0,0,0,0,0
CF,JUDKY,34.780150,-82.349781,0,IGMU,186.2,4.6,6.0,12.4,1,2187,0,0,0,0,2,0
CF,RW01,34.840506,-82.348589,0,IGMU,186.2,0.0,6.0,3.6,1,1024,0,0,0,0,3,0
CA,0,6.0,2,1500,0,0,0,0,0,0
DF,GM,34.780167,-82.349789,2, ,0.0,0.0,2,2900,0,0,0,0,0,1
HM,GM,34.780167,-82.349789,2, ,0.0,0.0,6.0,04.3,0,0,0,0,0,0,0,0,0

APPTR,I01-Z,01,DUNKE
IF,DUNKE,34.831731,-82.211253, ,0.0,0.0,0,0,0,0,0,0,0,0
TF,JUDKY,34.780150,-82.349781,0, ,0.0,0.0,0.0,0.0,2,2900,0,0,0,0,0,0
PI,JUDKY,34.780150,-82.349781,2,SPA,141.0,10.0,186,5.0,2,2900,0,0,0,0,1,0

APPTR,I01-Z,01,PEDAL
IF,PEDAL,34.884019,-82.543375, ,0.0,0.0,0,0,0,0,0,0,0,0
TF,JUDKY,34.780150,-82.349781,0, ,0.0,0.0,0.0,0.0,2,3000,0,0,0,0,0,0
PI,JUDKY,34.780150,-82.349781,2,SPA,141.0,10.0,186,5.0,2,2900,0,0,0,0,1,0

APPTR,I01-Z,01,PETON
IF,PETON,34.645847,-82.192861, ,0.0,0.0,0,0,0,0,0,0,0,0
TF,JUDKY,34.780150,-82.349781,0, ,0.0,0.0,0.0,0.0,2,2900,0,0,0,0,0,0
PI,JUDKY,34.780150,-82.349781,2,SPA,141.0,10.0,186,5.0,2,2900,0,0,0,0,1,0

FINAL,I01-Z,01,I,3
IF,SPRKI,34.574083,-82.355333,IGMU,186.2,17.0,2,2900,0,0,0,0,0,0
CF,JUDKY,34.780150,-82.349781,0,IGMU,186.2,4.6,6.0,12.4,1,2187,0,0,0,0,2,0
CF,RW01,34.840506,-82.348589,0,IGMU,186.2,0.0,6.0,3.6,1,1024,0,0,0,0,3,0
CA,0,6.0,2,1500,0,0,0,0,0,0
DF,GM,34.780167,-82.349789,2, ,0.0,0.0,2,2900,0,0,0,0,0,0
HM,GM,34.780167,-82.349789,2, ,0.0,0.0,6.0,04.3,0,0,0,0,0,0,0,0,0

APPTR,N01,01,DUNKE
IF,GM,34.780167,-82.349789, ,0.0,0.0,0,0,0,0,0,0,0,0
TF,GM,34.780167,-82.349789,0, ,0.0,0.0,0.0,0.0,2,2900,0,0,0,0,0,0
PI,GM,34.780167,-82.349789,2,SPA,141.0,10.0,186,5.0,2,2900,0,0,0,0,1,0
CF,GM,34.780167,-82.349789,0,SPA,236.1,25.8,6.0,8.0,2,2200,0,0,0,0,0,0

APPTR,N01,01,PEDAL
IF,PEDAL,34.884019,-82.543375, ,0.0,0.0,0,0,0,0,0,0,0,0
TF,GM,34.780167,-82.349789,0, ,0.0,0.0,0.0,0.0,2,2900,0,0,0,0,0,0
PI,GM,34.780167,-82.349789,2,SPA,141.0,10.0,186,5.0,2,2900,0,0,0,0,1,0
CF,GM,34.780167,-82.349789,0,SPA,236.1,25.8,6.0,8.0,2,2200,0,0,0,0,0,0

APPTR,N01,01,PETON
IF,PETON,34.645847,-82.192861, ,0.0,0.0,0,0,0,0,0,0,0,0
TF,GM,34.780167,-82.349789,0, ,0.0,0.0,0.0,0.0,2,2900,0,0,0,0,0,0
PI,GM,34.780167,-82.349789,2,SPA,141.0,10.0,186,5.0,2,2900,0,0,0,0,1,0
CF,GM,34.780167,-82.349789,0,SPA,236.1,25.8,6.0,8.0,2,2200,0,0,0,0,0,0

FINAL,N01,01,N,2
IF,GM,34.780167,-82.349789,GM,0.0,0.0,2,2200,0,0,0,0,2,0
CF,RW01,34.840506,-82.348589,0,GM,0.0,0.0,6.0,3.6,1,1024,0,0,0,0,3,0
CA,0,6.0,2,1448,0,0,0,0,0,0
DF,GM,34.780167,-82.349789,1, ,0.0,0.0,2,2900,0,0,0,0,0,0
HM,GM,34.780167,-82.349789,2, ,0.0,0.0,6.0,04.3,0,0,0,0,0,0,0,0,0

APPTR,R01,01,ICASY
IF,ICASY,34.666633,-82.251947, ,0.0,0.0,2,3700,0,0,0,0,1,0
TF,RIGYY,34.668422,-82.352953,0, ,0.0,0.0,0.0,0.0,2,3000,0,0,0,0,1,0

APPTR,R01,01,JOGED
IF,JOGED,34.670128,-82.453964, ,0.0,0.0,2,3000,0,0,0,0,1,0
TF,RIGYY,34.668422,-82.352953,0, ,0.0,0.0,0.0,0.0,2,3000,0,0,0,0,1,0

APPTR,R01,01,RIGYY
HF,RIGYY,34.668422,-82.352953,2, ,0.0,0.0,6.0,04,2,3000,0,0,0,0,1,0,0

FINAL,R01,01,R,3
IF,RIGYY,34.668422,-82.352953, ,0.0,0.0,2,3000,0,0,0,0,0,0
TF,FARUL,34.769214,-82.350397,0, ,0.0,0.0,6.0,6.0,2,2400,0,0,0,0,2,0
TF,RW01,34.840506,-82.348589,0, ,0.0,0.0,6.0,4.3,1,1025,0,0,0,0,3,1
DF,GEBLL,34.890575,-82.347317,0, ,0.0,0.0,0,0,0,0,0,0,0,0
TF,PELAM,34.961978,-82.224167,0, ,0.0,0.0,0.0,0.0,2,3400,0,0,0,0,0,1
HM,PELAM,34.961978,-82.224167,2, ,0.0,0.0,259.0,04,0,0,0,0,0,0,0,0,0

APPTR,R10,10,FOORT
HF,FOORT,34.852189,-82.584125,2, ,0.0,0.0,96.0,04,2,3700,0,0,0,0,1,0,0

FINAL,R10,10,R,3
IF,FOORT,34.852189,-82.584125, ,0.0,0.0,2,3700,0,0,0,0,0,0
TF,IWAKE,34.850031,-82.462650,0, ,0.0,0.0,96.0,6.0,2,2700,0,0,0,0,2,0
TF,RW10,34.848069,-82.357928,0, ,0.0,0.0,96.0,5.2,1,1053,0,0,0,0,3,1
CA,0,96.0,2,1269,0,0,0,0,0,0
DF,JADOT,34.843342,-82.120253,0, ,0.0,0.0,2,3700,0,0,0,0,0,1
HM,JADOT,34.843342,-82.120253,2, ,0.0,0.0,276.0,04,0,0,0,0,0,0,0,0,0

APPTR,R19,19,DOODD
IF,DOODD,35.025542,-82.469358, ,0.0,0.0,0,0,0,0,0,0,1,0
TF,TIVIL,35.022219,-82.343964,0, ,0.0,0.0,0.0,0.0,2,4000,0,1,180,0,1,0

APPTR,R19,19,TUXDO
IF,TUXDO,35.139864,-82.409311, ,0.0,0.0,0,0,0,0,0,0,1,0
TF,TIVIL,35.022219,-82.343964,0, ,0.0,0.0,0.0,0.0,2,4000,0,1,180,0,1,0

APPTR,R19,19,UNMAN
IF,UNMAN,35.021950,-82.230139, ,0.0,0.0,0,0,0,1,210,0,1,0
TF,TIVIL,35.022219,-82.343964,0, ,0.0,0.0,0.0,0.0,2,4000,0,1,180,0,1,0

FINAL,R19,19,R,3
IF,TIVIL,35.022219,-82.343964, ,0.0,0.0,2,4000,0,1,180,0,0,0
TF,HIDBA,34.914236,-82.346714,0, ,0.0,0.0,186.0,6.5,2,2400,0,0,0,0,2,0
TF,RW19,34.855317,-82.348211,0, ,0.0,0.0,186.0,3.5,1,1088,0,0,0,0,3,1
CA,0,186.0,2,1373,0,0,0,0,0,0
DF,RIGYY,34.668422,-82.352953,0, ,0.0,0.0,2,3000,0,0,0,0,0,1
HM,RIGYY,34.668422,-82.352953,2, ,0.0,0.0,6.0,04,0,0,0,0,0,0,0,0,0

APPTR,R28,28,JADOT
HF,JADOT,34.843342,-82.120253,2, ,0.0,0.0,276.0,04,2,3700,0,0,0,0,1,0,0

FINAL,R28,28,R,3
IF,JADOT,34.843342,-82.120253, ,0.0,0.0,2,3700,0,0,0,0,0,0
TF,BECKM,34.845817,-82.241711,0, ,0.0,0.0,276.0,6.0,2,2700,0,0,0,0,2,0
TF,RW28,34.847850,-82.346394,0, ,0.0,0.0,276.0,5.2,1,1053,0,0,0,0,3,1
CA,0,276.0,2,1263,0,0,0,0,0,0
DF,FOORT,34.852189,-82.584125,0, ,0.0,0.0,2,3700,0,0,0,0,0,1
HM,FOORT,34.852189,-82.584125,2, ,0.0,0.0,96.0,04,0,0,0,0,0,0,0,0,0

