APPTR,R10-Y,10,JOBBY
IF,JOBBY,44.409594,-71.078642, ,0.0,0.0,0,0,0,0,0,0,0,0
TF,AYZOO,44.422661,-71.678664,0, ,0.0,0.0,0.0,0.0,2,7100,0,0,0,0,0,0
TF,LIDOW,44.355892,-71.859703,0, ,0.0,0.0,0.0,0.0,2,4800,0,0,0,0,0,1
HF,LIDOW,44.355892,-71.859703,2, ,0.0,0.0,104.0,05,2,4800,0,0,0,0,1,0,0

APPTR,R10-Y,10,LAROE
IF,LAROE,43.749644,-71.279986, ,0.0,0.0,0,0,0,0,0,0,0,0
TF,ZAMIM,44.149614,-72.021211,0, ,0.0,0.0,0.0,0.0,2,7100,0,0,0,0,1,0
TF,LIDOW,44.355892,-71.859703,0, ,0.0,0.0,0.0,0.0,2,4800,0,0,0,0,1,0

APPTR,R10-Y,10,MPV
IF,MPV,44.085483,-72.449378, ,0.0,0.0,0,0,0,0,0,0,0,0
TF,IREYU,44.281814,-72.046906,0, ,0.0,0.0,0.0,0.0,2,6000,0,0,0,0,1,0
TF,LIDOW,44.355892,-71.859703,0, ,0.0,0.0,0.0,0.0,2,4800,0,0,0,0,1,0

FINAL,R10-Y,10,R,4
IF,LIDOW,44.355892,-71.859703, ,0.0,0.0,2,4800,0,0,0,0,0,0
TF,ELJUM,44.361253,-71.718289,0, ,0.0,0.0,104.0,6.1,2,3400,0,0,0,0,2,0
TF,PAYIK,44.363319,-71.662508,0, ,0.0,0.0,104.0,2.4,2,2600,0,0,0,0,0,0
TF,RW10,44.367281,-71.553453,0, ,0.0,0.0,104.0,4.7,1,1093,0,0,0,0,3,1
CA,0,104.0,2,1480,0,0,0,0,0,0
DF,LIDOW,44.355892,-71.859703,1, ,0.0,0.0,2,4800,0,0,0,0,0,1
HM,LIDOW,44.355892,-71.859703,2, ,0.0,0.0,104.0,05,0,0,0,0,0,0,0,0,0

APPTR,R10-Z,10,JOBBY
IF,JOBBY,44.409594,-71.078642, ,0.0,0.0,0,0,0,0,0,0,0,0
TF,AYZOO,44.422661,-71.678664,0, ,0.0,0.0,0.0,0.0,2,7100,0,0,0,0,0,0
TF,LIDOW,44.355892,-71.859703,0, ,0.0,0.0,0.0,0.0,2,4800,0,0,0,0,0,0
HF,LIDOW,44.355892,-71.859703,2, ,0.0,0.0,104.0,05,2,4800,0,0,0,0,1,0,0

APPTR,R10-Z,10,LAROE
IF,LAROE,43.749644,-71.279986, ,0.0,0.0,0,0,0,0,0,0,0,0
TF,ZAMIM,44.149614,-72.021211,0, ,0.0,0.0,0.0,0.0,2,7100,0,0,0,0,1,0
TF,LIDOW,44.355892,-71.859703,0, ,0.0,0.0,0.0,0.0,2,4800,0,0,0,0,1,0

APPTR,R10-Z,10,MPV
IF,MPV,44.085483,-72.449378, ,0.0,0.0,0,0,0,0,0,0,0,0
TF,IREYU,44.281814,-72.046906,0, ,0.0,0.0,0.0,0.0,2,6000,0,0,0,0,1,0
TF,LIDOW,44.355892,-71.859703,0, ,0.0,0.0,0.0,0.0,2,4800,0,0,0,0,1,0

FINAL,R10-Z,10,R,3
IF,LIDOW,44.355892,-71.859703, ,0.0,0.0,2,4800,0,0,0,0,0,0
TF,ELJUM,44.361253,-71.718289,0, ,0.0,0.0,104.0,6.1,2,3400,0,0,0,0,2,0
TF,RW10,44.367281,-71.553453,0, ,0.0,0.0,104.0,7.1,1,1093,0,0,0,0,3,1
CA,0,104.0,2,1474,0,0,0,0,0,0
DF,CRESY,44.370569,-71.460622,0, ,0.0,0.0,0,0,0,0,0,0,0,0
TF,JOBBY,44.409594,-71.078642,0, ,0.0,0.0,0.0,0.0,2,7100,0,0,0,0,0,1
HM,JOBBY,44.409594,-71.078642,2, ,0.0,0.0,178.0,07,0,0,0,0,0,0,0,0,0

