APPTR,D16,16,D078J
IF,D078J,38.853278,-99.063542, ,0.0,0.0,0,0,0,0,0,0,1,0
AF,CF16,39.014481,-99.276769,1,HYS,350.0,10.0,78.0,2,3800,0,0,0,0,0,0

APPTR,D16,16,D221J
IF,D221J,38.742542,-99.442322, ,0.0,0.0,0,0,0,0,0,0,1,0
AF,CF16,39.014481,-99.276769,2,HYS,350.0,10.0,221.0,2,4200,0,0,0,0,0,0

APPTR,D16,16,DISKS
IF,DISKS,38.360486,-98.872003, ,0.0,0.0,0,0,0,0,0,0,0,0
TF,HYS,38.847656,-99.276792,0, ,0.0,0.0,0.0,0.0,2,3900,0,0,0,0,0,0
PI,HYS,38.847656,-99.276792,1,HYS,35.0,10.0,350,5.0,2,3900,0,0,0,0,1,0

FINAL,D16,16,D,3
IF,CF16,39.014481,-99.276769,HYS,350.0,10.0,2,3800,0,0,0,0,0,0
CF,FF16,38.907708,-99.276769,0,HYS,350.0,3.6,170.0,6.4,2,3100,0,0,0,0,2,0
CF,RW16,38.852842,-99.276300,0,HYS,354.3,0.3,170.0,3.3,1,2039,0,0,0,0,3,0
CA,0,170.0,2,2400,0,0,0,0,0,0
FA,HYS,38.847656,-99.276792,0,HYS,0.0,0.0,152.0,2,3800,0,0,0,0,0,0
DF,HYS,38.847656,-99.276792,1, ,0.0,0.0,2,3900,0,0,0,0,0,0
HM,HYS,38.847656,-99.276792,1, ,0.0,0.0,170.0,04.3,0,0,0,0,0,0,0,0,0

APPTR,D34,34,D078J
IF,D078J,38.853278,-99.063542, ,0.0,0.0,0,0,0,0,0,0,1,0
AF,CD34,38.688961,-99.210989,2,HYS,152.0,10.0,78.0,2,3800,0,0,0,0,0,0

APPTR,D34,34,D289J
IF,D289J,38.928383,-99.463569, ,0.0,0.0,0,0,0,0,0,0,1,0
AF,CD34,38.688961,-99.210989,1,HYS,152.0,10.0,289.0,2,3800,0,0,0,0,0,0

APPTR,D34,34,DISKS
IF,DISKS,38.360486,-98.872003, ,0.0,0.0,0,0,0,0,0,0,0,0
TF,HYS,38.847656,-99.276792,0, ,0.0,0.0,0.0,0.0,2,3900,0,0,0,0,0,0
PI,HYS,38.847656,-99.276792,2,HYS,107.0,10.0,152,5.0,2,3800,0,0,0,0,1,0

FINAL,D34,34,D,3
IF,CD34,38.688961,-99.210989,HYS,152.0,10.0,2,3800,0,0,0,0,0,0
CF,FF34,38.784181,-99.250419,0,HYS,152.0,4.0,332.0,6.0,2,3100,0,0,0,0,2,0
CF,RW34,38.835425,-99.271314,0,HYS,150.7,0.8,332.0,3.2,1,2024,0,0,0,0,3,0
CA,0,332.0,2,2400,0,0,0,0,0,0
FA,HYS,38.847656,-99.276792,0,HYS,0.0,0.0,350.0,2,3800,0,0,0,0,0,0
DF,HYS,38.847656,-99.276792,2, ,0.0,0.0,2,3900,0,0,0,0,0,0
HM,HYS,38.847656,-99.276792,1, ,0.0,0.0,170.0,04.3,0,0,0,0,0,0,0,0,0

APPTR,I34,34,HYS
IF,HYS,38.847656,-99.276792, ,0.0,0.0,0,0,0,0,0,0,0,0
CF,NETTE,38.769289,-99.251739,0,HYS,156.0,4.8,156.0,4.9,2,3800,0,0,0,0,0,0
PI,NETTE,38.769289,-99.251739,2,HYS,114.0,10.0,159,5.0,2,3800,0,0,0,0,1,0

APPTR,I34,34,IGEXE
IF,IGEXE,38.853819,-99.042222, ,0.0,0.0,0,0,0,0,0,0,1,0
AF,D146K,38.679956,-99.181544,2,HYS,146.0,11.0,78.0,2,3800,0,0,0,0,0,0
VI,0,IHYS,0.0,309.0,0,0,0,0,0,0,0,0

APPTR,I34,34,VIVWU
IF,VIVWU,38.806144,-99.505292, ,0.0,0.0,0,0,0,0,0,0,1,0
AF,D168K,38.664236,-99.268603,1,HYS,168.0,11.0,247.0,2,3800,0,0,0,0,0,0
VI,0,IHYS,0.0,9.0,0,0,0,0,0,0,0,0

FINAL,I34,34,I,3
IF,EPMEF,38.668883,-99.223800,IHYS,159.4,11.5,2,3800,0,0,0,0,0,0
CF,NETTE,38.769289,-99.251739,0,IHYS,159.1,5.3,339.0,6.2,1,3343,0,0,0,0,2,0
CF,RW34,38.835425,-99.271314,0,IHYS,159.4,1.2,339.0,4.1,1,2029,0,0,0,0,3,0
CA,0,339.0,2,2600,0,0,0,0,0,0
DF,NETTE,38.769289,-99.251739,2, ,0.0,0.0,2,3800,0,0,0,0,0,0
HM,NETTE,38.769289,-99.251739,2, ,0.0,0.0,339.0,04.3,0,0,0,0,0,0,0,0,0

APPTR,R04,04,DISKS
IF,DISKS,38.360486,-98.872003, ,0.0,0.0,0,0,0,0,0,0,0,0
TF,SUYJE,38.647550,-99.385886,0, ,0.0,0.0,0.0,0.0,2,4000,0,0,0,0,1,0
TF,UTUCO,38.709592,-99.457019,0, ,0.0,0.0,0.0,0.0,2,4000,0,0,0,0,1,0

APPTR,R04,04,RANSO
IF,RANSO,38.740097,-99.883186, ,0.0,0.0,0,0,0,0,0,0,0,0
TF,IVZOT,38.771589,-99.528278,0, ,0.0,0.0,0.0,0.0,2,4000,0,0,0,0,1,0
TF,UTUCO,38.709592,-99.457019,0, ,0.0,0.0,0.0,0.0,2,4000,0,0,0,0,1,0

APPTR,R04,04,UTUCO
HF,UTUCO,38.709592,-99.457019,2, ,0.0,0.0,40.0,04,2,4000,0,0,0,0,1,0,0

FINAL,R04,04,R,4
IF,UTUCO,38.709592,-99.457019, ,0.0,0.0,2,4000,0,0,0,0,0,0
TF,WOVEP,38.777611,-99.360361,0, ,0.0,0.0,40.0,6.1,2,3700,0,0,0,0,2,0
TF,HUTIR,38.814150,-99.308314,0, ,0.0,0.0,40.0,3.3,2,2620,0,0,0,0,0,0
TF,RW04,38.835306,-99.278139,0, ,0.0,0.0,40.0,1.9,1,2027,0,0,0,0,3,1
DF,HOSNI,38.968964,-99.086814,0, ,0.0,0.0,2,4000,0,0,0,0,0,1
HM,HOSNI,38.968964,-99.086814,2, ,0.0,0.0,220.0,04,0,0,0,0,0,0,0,0,0

APPTR,R16,16,EQPOX
HF,EQPOX,39.035647,-99.328781,2, ,0.0,0.0,159.0,04,2,4000,0,0,0,0,1,0,0

APPTR,R16,16,IBQUP
IF,IBQUP,38.973744,-99.564819, ,0.0,0.0,0,0,0,0,0,0,0,0
TF,AZTIJ,39.017333,-99.433108,0, ,0.0,0.0,0.0,0.0,2,4500,0,0,0,0,1,0
TF,EQPOX,39.035647,-99.328781,0, ,0.0,0.0,0.0,0.0,2,4000,0,0,0,0,1,0

APPTR,R16,16,PUQZE
IF,PUQZE,39.110167,-99.002006, ,0.0,0.0,0,0,0,0,0,0,0,0
TF,IMYIF,39.053867,-99.224400,0, ,0.0,0.0,0.0,0.0,2,4500,0,0,0,0,1,0
TF,EQPOX,39.035647,-99.328781,0, ,0.0,0.0,0.0,0.0,2,4000,0,0,0,0,1,0

FINAL,R16,16,R,4
IF,EQPOX,39.035647,-99.328781, ,0.0,0.0,2,4000,0,0,0,0,0,0
TF,UTINY,38.936400,-99.300256,0, ,0.0,0.0,159.0,6.1,2,3700,0,0,0,0,2,0
TF,WODAN,38.896797,-99.288894,0, ,0.0,0.0,159.0,2.4,2,2900,0,0,0,0,0,0
TF,RW16,38.852842,-99.276300,0, ,0.0,0.0,159.0,2.7,1,2042,0,0,0,0,3,1
DF,GEYJA,38.651936,-99.218928,0, ,0.0,0.0,2,4000,0,0,0,0,0,1
HM,GEYJA,38.651936,-99.218928,2, ,0.0,0.0,339.0,04,0,0,0,0,0,0,0,0,0

APPTR,R22,22,HOSNI
HF,HOSNI,38.968964,-99.086814,2, ,0.0,0.0,220.0,04,2,4000,0,0,0,0,1,0,0

APPTR,R22,22,IBQUP
IF,IBQUP,38.973744,-99.564819, ,0.0,0.0,0,0,0,0,0,0,0,0
TF,JENUL,39.031181,-99.158011,0, ,0.0,0.0,0.0,0.0,2,4200,0,0,0,0,1,0
TF,HOSNI,38.968964,-99.086814,0, ,0.0,0.0,0.0,0.0,2,4000,0,0,0,0,1,0

APPTR,R22,22,ZISDA
IF,ZISDA,38.863956,-98.967044, ,0.0,0.0,0,0,0,0,0,0,1,0
TF,HOSNI,38.968964,-99.086814,0, ,0.0,0.0,0.0,0.0,2,4000,0,0,0,0,1,0

FINAL,R22,22,R,4
IF,HOSNI,38.968964,-99.086814, ,0.0,0.0,2,4000,0,0,0,0,0,0
TF,JIKOT,38.901153,-99.184031,0, ,0.0,0.0,220.0,6.1,2,3700,0,0,0,0,2,0
TF,YESUD,38.863581,-99.237761,0, ,0.0,0.0,220.0,3.4,2,2600,0,0,0,0,0,0
TF,RW22,38.843550,-99.266372,0, ,0.0,0.0,220.0,1.8,1,2027,0,0,0,0,3,1
DF,UTUCO,38.709592,-99.457019,0, ,0.0,0.0,2,4000,0,0,0,0,0,1
HM,UTUCO,38.709592,-99.457019,2, ,0.0,0.0,40.0,04,0,0,0,0,0,0,0,0,0

APPTR,R34,34,DISKS
IF,DISKS,38.360486,-98.872003, ,0.0,0.0,0,0,0,0,0,0,0,0
TF,IKAHU,38.670072,-99.115083,0, ,0.0,0.0,0.0,0.0,2,4000,0,0,0,0,1,0
TF,GEYJA,38.651936,-99.218928,0, ,0.0,0.0,0.0,0.0,2,4000,0,0,0,0,1,0

APPTR,R34,34,GEYJA
HF,GEYJA,38.651936,-99.218928,2, ,0.0,0.0,339.0,04,2,4000,0,0,0,0,1,0,0

APPTR,R34,34,RANSO
IF,RANSO,38.740097,-99.883186, ,0.0,0.0,0,0,0,0,0,0,0,0
TF,AYUCU,38.633708,-99.322719,0, ,0.0,0.0,0.0,0.0,2,4000,0,0,0,0,1,0
TF,GEYJA,38.651936,-99.218928,0, ,0.0,0.0,0.0,0.0,2,4000,0,0,0,0,1,0

FINAL,R34,34,R,4
IF,GEYJA,38.651936,-99.218928, ,0.0,0.0,2,4000,0,0,0,0,0,0
TF,YURWU,38.751194,-99.247231,0, ,0.0,0.0,339.0,6.1,2,3700,0,0,0,0,2,0
TF,OYLUC,38.807750,-99.263394,0, ,0.0,0.0,339.0,3.5,2,2560,0,0,0,0,0,0
TF,RW34,38.835425,-99.271314,0, ,0.0,0.0,339.0,1.7,1,2029,0,0,0,0,3,1
DF,EQPOX,39.035647,-99.328781,0, ,0.0,0.0,2,4000,0,0,0,0,0,1
HM,EQPOX,39.035647,-99.328781,2, ,0.0,0.0,159.0,04,0,0,0,0,0,0,0,0,0

APPTR,S16,16,DISKS
IF,DISKS,38.360486,-98.872003, ,0.0,0.0,0,0,0,0,0,0,0,0
TF,HYS,38.847656,-99.276792,0, ,0.0,0.0,0.0,0.0,2,3900,0,0,0,0,0,0
PI,HYS,38.847656,-99.276792,1,HYS,35.0,10.0,350,5.0,2,3900,0,0,0,0,1,0
CF,FS16,38.949814,-99.276789,0,HYS,350.0,6.1,170.0,3.9,2,3900,0,0,0,0,0,0

FINAL,S16,16,D,2
IF,FS16,38.949814,-99.276789,HYS,350.0,6.1,2,3900,0,0,0,0,2,0
CF,RW16,38.852842,-99.276300,0,HYS,354.3,0.3,170.0,5.8,1,2049,0,0,0,0,3,0
CF,HYS,38.847656,-99.276792,0,HYS,0.0,0.0,170.0,0.3,2,2400,0,0,0,0,0,0
FA,HYS,38.847656,-99.276792,0,HYS,0.0,0.0,152.0,2,3800,0,0,0,0,0,0
DF,HYS,38.847656,-99.276792,1, ,0.0,0.0,2,3900,0,0,0,0,0,0
HM,HYS,38.847656,-99.276792,1, ,0.0,0.0,170.0,04.3,0,0,0,0,0,0,0,0,0

APPTR,S34,34,DISKS
IF,DISKS,38.360486,-98.872003, ,0.0,0.0,0,0,0,0,0,0,0,0
TF,HYS,38.847656,-99.276792,0, ,0.0,0.0,0.0,0.0,2,3900,0,0,0,0,0,0
PI,HYS,38.847656,-99.276792,2,HYS,107.0,10.0,152,5.0,2,3800,0,0,0,0,1,0
CF,FS34,38.747083,-99.235064,0,HYS,152.0,6.3,332.0,3.7,2,3800,0,0,0,0,0,0

FINAL,S34,34,D,2
IF,FS34,38.747083,-99.235064,HYS,152.0,6.3,2,3800,0,0,0,0,2,0
CF,RW34,38.835425,-99.271314,0,HYS,150.7,0.8,332.0,5.6,1,2029,0,0,0,0,3,0
CF,HYS,38.847656,-99.276792,0,HYS,0.0,0.0,332.0,0.8,2,2400,0,0,0,0,0,0
FA,HYS,38.847656,-99.276792,0,HYS,0.0,0.0,350.0,2,3800,0,0,0,0,0,0
DF,HYS,38.847656,-99.276792,2, ,0.0,0.0,2,3900,0,0,0,0,0,0
HM,HYS,38.847656,-99.276792,1, ,0.0,0.0,170.0,04.3,0,0,0,0,0,0,0,0,0

