STAR,BAIRN4,PBI,4
IF,PBI,26.680056,-80.086489, ,0.0,0.0,0,0,0,0,0,0,0,0
TF,LLNCH,27.435464,-80.695683,0, ,0.0,0.0,0.0,0.0,0,0,0,0,0,0,0,0
TF,BAIRN,27.947881,-81.115097,0, ,0.0,0.0,0.0,0.0,0,0,0,0,0,0,0,0

STAR,BAIRN4,PHK,4
IF,PHK,26.782742,-80.691433, ,0.0,0.0,0,0,0,0,0,0,0,0
TF,BAIRN,27.947881,-81.115097,0, ,0.0,0.0,0.0,0.0,0,0,0,0,0,0,0,0

STAR,BAIRN4,TRV,4
IF,TRV,27.678425,-80.489725, ,0.0,0.0,0,0,0,0,0,0,0,0
TF,BAIRN,27.947881,-81.115097,0, ,0.0,0.0,0.0,0.0,0,0,0,0,0,0,0,0

STAR,BAIRN4,ALL,5
IF,BAIRN,27.947881,-81.115097, ,0.0,0.0,0,0,0,0,0,0,0,0
TF,NOBBS,28.164444,-81.187500,0, ,0.0,0.0,0.0,0.0,0,0,0,0,0,0,0,0
TF,MICKX,28.391558,-81.187500,0, ,0.0,0.0,0.0,0.0,0,0,0,0,0,0,0,0
TF,RAMEZ,28.538889,-81.187500,0, ,0.0,0.0,0.0,0.0,0,0,0,0,0,0,0,0
TF,POPYE,28.708611,-81.187500,0, ,0.0,0.0,0.0,0.0,0,0,0,0,0,0,0,1
FM,POPYE,28.708611,-81.187500,1,SGJ,0.0,0.0,275.0,0,0,0,0,0,0,0,0

STAR,BITHO7,ALL,2
IF,OMN,29.303253,-81.112697, ,0.0,0.0,0,0,0,0,0,0,0,0
TF,LAMMA,29.014419,-81.089714,0, ,0.0,0.0,0.0,0.0,0,0,0,0,0,0,0,0
TF,JESUP,28.888431,-81.079733,0, ,0.0,0.0,0.0,0.0,0,0,0,0,0,0,0,0
TF,COZMO,28.799106,-81.072672,0, ,0.0,0.0,0.0,0.0,0,0,0,0,0,0,0,0
TF,BITHO,28.630942,-81.059408,0, ,0.0,0.0,0.0,0.0,0,0,0,0,0,0,0,0

STAR,BUGGZ2,AMG,4
IF,AMG,31.536556,-82.508089, ,0.0,0.0,0,0,0,0,0,0,0,0
TF,SHEMP,30.932136,-82.384497,0, ,0.0,0.0,0.0,0.0,0,0,0,0,0,0,0,0
TF,TWETY,30.608389,-82.318750,0, ,0.0,0.0,0.0,0.0,0,0,0,0,0,0,0,0
TF,UGENE,30.168892,-82.230497,0, ,0.0,0.0,0.0,0.0,0,0,0,0,0,0,0,0

STAR,BUGGZ2,EMPEE,4
IF,EMPEE,30.806389,-82.938611, ,0.0,0.0,0,0,0,0,0,0,0,0
TF,UGENE,30.168892,-82.230497,0, ,0.0,0.0,0.0,0.0,0,0,0,0,0,0,0,0

STAR,BUGGZ2,SAV,4
IF,SAV,32.146267,-81.199106, ,0.0,0.0,0,0,0,0,0,0,0,0
TF,SHEMP,30.932136,-82.384497,0, ,0.0,0.0,0.0,0.0,0,0,0,0,0,0,0,0
TF,TWETY,30.608389,-82.318750,0, ,0.0,0.0,0.0,0.0,0,0,0,0,0,0,0,0
TF,UGENE,30.168892,-82.230497,0, ,0.0,0.0,0.0,0.0,0,0,0,0,0,0,0,0

STAR,BUGGZ2,ALL,5
IF,UGENE,30.168892,-82.230497, ,0.0,0.0,0,0,0,0,0,0,0,0
TF,HARLD,30.018333,-82.199167,0, ,0.0,0.0,0.0,0.0,0,0,0,0,0,0,0,0
TF,COAXE,29.479389,-82.093681,0, ,0.0,0.0,0.0,0.0,0,0,0,0,0,0,0,0
TF,BURRD,29.248056,-82.022222,0, ,0.0,0.0,0.0,0.0,0,0,0,0,0,0,0,0
TF,GRNCH,29.069167,-81.910000,0, ,0.0,0.0,0.0,0.0,0,0,0,0,0,0,0,0
TF,BUGGZ,28.981389,-81.815833,0, ,0.0,0.0,0.0,0.0,0,0,0,0,0,0,0,0
TF,DAFIE,28.917908,-81.724678,0, ,0.0,0.0,0.0,0.0,0,0,0,0,0,0,0,0
TF,BUNIE,28.791389,-81.534444,0, ,0.0,0.0,0.0,0.0,0,0,0,0,0,0,0,0
TF,TWONA,28.603611,-81.424167,0, ,0.0,0.0,0.0,0.0,0,0,0,0,0,0,0,0
TF,PACCA,28.517778,-81.424167,0, ,0.0,0.0,0.0,0.0,0,0,0,0,0,0,0,0
TF,SHBAG,28.348056,-81.424167,0, ,0.0,0.0,0.0,0.0,0,0,0,0,0,0,0,0
TF,KAYWY,28.170000,-81.419444,0, ,0.0,0.0,0.0,0.0,0,0,0,0,0,0,0,1
FM,KAYWY,28.170000,-81.419444,1,SGJ,0.0,0.0,95.0,0,0,0,0,0,0,0,0

STAR,COSTR3,BOXKR,4
IF,BOXKR,27.585992,-83.298789, ,0.0,0.0,0,0,0,0,0,0,0,0
TF,SYKES,27.664711,-83.049783,0, ,0.0,0.0,0.0,0.0,0,0,0,0,0,0,0,0
TF,GUMMY,27.826503,-82.532353,0, ,0.0,0.0,0.0,0.0,0,0,0,0,0,0,0,0
TF,LAL,27.986181,-82.013892,0, ,0.0,0.0,0.0,0.0,0,0,0,0,0,0,0,0
TF,ANDRO,28.049181,-81.885686,0, ,0.0,0.0,0.0,0.0,0,0,0,0,0,0,0,0
TF,SETME,28.071111,-81.840556,0, ,0.0,0.0,0.0,0.0,0,0,0,0,0,0,0,0
TF,COSTR,28.111158,-81.758306,0, ,0.0,0.0,0.0,0.0,0,0,0,0,0,0,0,0

STAR,COSTR3,LBV,4
IF,LBV,26.828186,-81.391439, ,0.0,0.0,0,0,0,0,0,0,0,0
TF,DOWNN,27.510767,-81.756578,0, ,0.0,0.0,0.0,0.0,0,0,0,0,0,0,0,0
TF,MOANS,27.913881,-81.748581,0, ,0.0,0.0,0.0,0.0,0,0,0,0,0,0,0,0
TF,COSTR,28.111158,-81.758306,0, ,0.0,0.0,0.0,0.0,0,0,0,0,0,0,0,0

STAR,COSTR3,PIE,4
IF,PIE,27.907764,-82.684308, ,0.0,0.0,0,0,0,0,0,0,0,0
TF,GUMMY,27.826503,-82.532353,0, ,0.0,0.0,0.0,0.0,0,0,0,0,0,0,0,0
TF,LAL,27.986181,-82.013892,0, ,0.0,0.0,0.0,0.0,0,0,0,0,0,0,0,0
TF,ANDRO,28.049181,-81.885686,0, ,0.0,0.0,0.0,0.0,0,0,0,0,0,0,0,0
TF,SETME,28.071111,-81.840556,0, ,0.0,0.0,0.0,0.0,0,0,0,0,0,0,0,0
TF,COSTR,28.111158,-81.758306,0, ,0.0,0.0,0.0,0.0,0,0,0,0,0,0,0,0

STAR,COSTR3,RSW,4
IF,RSW,26.529875,-81.775767, ,0.0,0.0,0,0,0,0,0,0,0,0
TF,DOWNN,27.510767,-81.756578,0, ,0.0,0.0,0.0,0.0,0,0,0,0,0,0,0,0
TF,MOANS,27.913881,-81.748581,0, ,0.0,0.0,0.0,0.0,0,0,0,0,0,0,0,0
TF,COSTR,28.111158,-81.758306,0, ,0.0,0.0,0.0,0.0,0,0,0,0,0,0,0,0

STAR,COSTR3,SIMMR,4
IF,SIMMR,27.783917,-84.204389, ,0.0,0.0,0,0,0,0,0,0,0,0
TF,SYKES,27.664711,-83.049783,0, ,0.0,0.0,0.0,0.0,0,0,0,0,0,0,0,0
TF,GUMMY,27.826503,-82.532353,0, ,0.0,0.0,0.0,0.0,0,0,0,0,0,0,0,0
TF,LAL,27.986181,-82.013892,0, ,0.0,0.0,0.0,0.0,0,0,0,0,0,0,0,0
TF,ANDRO,28.049181,-81.885686,0, ,0.0,0.0,0.0,0.0,0,0,0,0,0,0,0,0
TF,SETME,28.071111,-81.840556,0, ,0.0,0.0,0.0,0.0,0,0,0,0,0,0,0,0
TF,COSTR,28.111158,-81.758306,0, ,0.0,0.0,0.0,0.0,0,0,0,0,0,0,0,0

STAR,COSTR3,ALL,5
IF,COSTR,28.111158,-81.758306, ,0.0,0.0,0,0,0,0,0,0,0,0
TF,BIGGR,28.241667,-81.549444,0, ,0.0,0.0,0.0,0.0,0,0,0,0,0,0,0,0
TF,TINKR,28.323056,-81.424167,0, ,0.0,0.0,0.0,0.0,0,0,0,0,0,0,0,0
TF,KRAKN,28.393056,-81.424167,0, ,0.0,0.0,0.0,0.0,0,0,0,0,0,0,0,0
TF,TWONA,28.603611,-81.424167,0, ,0.0,0.0,0.0,0.0,0,0,0,0,0,0,0,0
TF,KNUKL,28.747778,-81.424167,0, ,0.0,0.0,0.0,0.0,0,0,0,0,0,0,0,1
FM,KNUKL,28.747778,-81.424167,2,SGJ,0.0,0.0,95.0,0,0,0,0,0,0,0,0

STAR,CWRLD4,GRDON,4
IF,GRDON,29.377972,-80.646642, ,0.0,0.0,0,0,0,0,0,0,0,0
TF,TIMIE,29.013817,-80.740178,0, ,0.0,0.0,0.0,0.0,0,0,0,0,0,0,0,0
TF,ASTRO,28.777433,-80.800892,0, ,0.0,0.0,0.0,0.0,0,0,0,0,0,0,0,0
TF,ZEMOR,28.760556,-80.937222,0, ,0.0,0.0,0.0,0.0,0,0,0,0,0,0,0,0
TF,CWRLD,28.724017,-81.139067,0, ,0.0,0.0,0.0,0.0,0,0,0,0,0,0,0,0

STAR,CWRLD4,HIBAC,4
IF,HIBAC,29.094064,-79.567958, ,0.0,0.0,0,0,0,0,0,0,0,0
TF,PETEE,28.925269,-80.121106,0, ,0.0,0.0,0.0,0.0,0,0,0,0,0,0,0,0
TF,APOLO,28.832600,-80.420903,0, ,0.0,0.0,0.0,0.0,0,0,0,0,0,0,0,0
TF,RTROE,28.817778,-80.523611,0, ,0.0,0.0,0.0,0.0,0,0,0,0,0,0,0,0
TF,ASTRO,28.777433,-80.800892,0, ,0.0,0.0,0.0,0.0,0,0,0,0,0,0,0,0
TF,ZEMOR,28.760556,-80.937222,0, ,0.0,0.0,0.0,0.0,0,0,0,0,0,0,0,0
TF,CWRLD,28.724017,-81.139067,0, ,0.0,0.0,0.0,0.0,0,0,0,0,0,0,0,0

STAR,CWRLD4,OMN,4
IF,OMN,29.303253,-81.112697, ,0.0,0.0,0,0,0,0,0,0,0,0
TF,LAMMA,29.014419,-81.089714,0, ,0.0,0.0,0.0,0.0,0,0,0,0,0,0,0,0
TF,CEPON,28.973611,-81.082778,0, ,0.0,0.0,0.0,0.0,0,0,0,0,0,0,0,0
TF,HARNY,28.781889,-81.050908,0, ,0.0,0.0,0.0,0.0,0,0,0,0,0,0,0,0
TF,CWRLD,28.724017,-81.139067,0, ,0.0,0.0,0.0,0.0,0,0,0,0,0,0,0,0

STAR,CWRLD4,ALL,5
IF,CWRLD,28.724017,-81.139067, ,0.0,0.0,0,0,0,0,0,0,0,0
TF,RAMEZ,28.538889,-81.187500,0, ,0.0,0.0,0.0,0.0,0,0,0,0,0,0,0,0
TF,MICKX,28.391558,-81.187500,0, ,0.0,0.0,0.0,0.0,0,0,0,0,0,0,0,0
TF,NOBBS,28.164444,-81.187500,0, ,0.0,0.0,0.0,0.0,0,0,0,0,0,0,0,1
FM,NOBBS,28.164444,-81.187500,0,SGJ,0.0,0.0,275.0,0,0,0,0,0,0,0,0

STAR,GOOFY7,PBI,1
IF,PBI,26.680056,-80.086489, ,0.0,0.0,0,0,0,0,0,0,0,0
TF,LLNCH,27.435464,-80.695683,0, ,0.0,0.0,0.0,0.0,0,0,0,0,0,0,0,0
TF,BAIRN,27.947881,-81.115097,0, ,0.0,0.0,0.0,0.0,0,0,0,0,0,0,0,0

STAR,GOOFY7,PHK,1
IF,PHK,26.782742,-80.691433, ,0.0,0.0,0,0,0,0,0,0,0,0
TF,BAIRN,27.947881,-81.115097,0, ,0.0,0.0,0.0,0.0,0,0,0,0,0,0,0,0

STAR,GOOFY7,TRV,1
IF,TRV,27.678425,-80.489725, ,0.0,0.0,0,0,0,0,0,0,0,0
TF,BAIRN,27.947881,-81.115097,0, ,0.0,0.0,0.0,0.0,0,0,0,0,0,0,0,0

STAR,GOOFY7,ALL,2
IF,BAIRN,27.947881,-81.115097, ,0.0,0.0,0,0,0,0,0,0,0,0
TF,ODDEL,28.095975,-81.169511,0, ,0.0,0.0,0.0,0.0,0,0,0,0,0,0,0,0
TF,SABOT,28.251417,-81.226989,0, ,0.0,0.0,0.0,0.0,0,0,0,0,0,0,0,0

STAR,LEESE2,AMG,1
IF,AMG,31.536556,-82.508089, ,0.0,0.0,0,0,0,0,0,0,0,0
TF,SHEMP,30.932136,-82.384497,0, ,0.0,0.0,0.0,0.0,0,0,0,0,0,0,0,0
TF,UGENE,30.168892,-82.230497,0, ,0.0,0.0,0.0,0.0,0,0,0,0,0,0,0,0
TF,COAXE,29.479389,-82.093681,0, ,0.0,0.0,0.0,0.0,0,0,0,0,0,0,0,0
TF,ALADN,29.068183,-82.071525,0, ,0.0,0.0,0.0,0.0,0,0,0,0,0,0,0,0
TF,SHIMM,28.966456,-81.927939,0, ,0.0,0.0,0.0,0.0,0,0,0,0,0,0,0,0
TF,LEESE,28.860106,-81.778244,0, ,0.0,0.0,0.0,0.0,0,0,0,0,0,0,0,0

STAR,LEESE2,OCF,1
IF,OCF,29.177478,-82.226333, ,0.0,0.0,0,0,0,0,0,0,0,0
TF,ALADN,29.068183,-82.071525,0, ,0.0,0.0,0.0,0.0,0,0,0,0,0,0,0,0
TF,SHIMM,28.966456,-81.927939,0, ,0.0,0.0,0.0,0.0,0,0,0,0,0,0,0,0
TF,LEESE,28.860106,-81.778244,0, ,0.0,0.0,0.0,0.0,0,0,0,0,0,0,0,0

STAR,LEESE2,OTK,1
IF,OTK,30.780444,-83.279728, ,0.0,0.0,0,0,0,0,0,0,0,0
TF,CLAWZ,30.641333,-83.038522,0, ,0.0,0.0,0.0,0.0,0,0,0,0,0,0,0,0
TF,UGENE,30.168892,-82.230497,0, ,0.0,0.0,0.0,0.0,0,0,0,0,0,0,0,0
TF,COAXE,29.479389,-82.093681,0, ,0.0,0.0,0.0,0.0,0,0,0,0,0,0,0,0
TF,ALADN,29.068183,-82.071525,0, ,0.0,0.0,0.0,0.0,0,0,0,0,0,0,0,0
TF,SHIMM,28.966456,-81.927939,0, ,0.0,0.0,0.0,0.0,0,0,0,0,0,0,0,0
TF,LEESE,28.860106,-81.778244,0, ,0.0,0.0,0.0,0.0,0,0,0,0,0,0,0,0

STAR,LEESE2,SAV,1
IF,SAV,32.146267,-81.199106, ,0.0,0.0,0,0,0,0,0,0,0,0
TF,SHEMP,30.932136,-82.384497,0, ,0.0,0.0,0.0,0.0,0,0,0,0,0,0,0,0
TF,UGENE,30.168892,-82.230497,0, ,0.0,0.0,0.0,0.0,0,0,0,0,0,0,0,0
TF,COAXE,29.479389,-82.093681,0, ,0.0,0.0,0.0,0.0,0,0,0,0,0,0,0,0
TF,ALADN,29.068183,-82.071525,0, ,0.0,0.0,0.0,0.0,0,0,0,0,0,0,0,0
TF,SHIMM,28.966456,-81.927939,0, ,0.0,0.0,0.0,0.0,0,0,0,0,0,0,0,0
TF,LEESE,28.860106,-81.778244,0, ,0.0,0.0,0.0,0.0,0,0,0,0,0,0,0,0

STAR,LEESE2,ALL,2
IF,LEESE,28.860106,-81.778244, ,0.0,0.0,0,0,0,0,0,0,0,0
TF,ORL,28.542725,-81.335019,0, ,0.0,0.0,0.0,0.0,0,0,0,0,0,0,0,0

STAR,MINEE5,BOXKR,1
IF,BOXKR,27.585992,-83.298789, ,0.0,0.0,0,0,0,0,0,0,0,0
TF,SYKES,27.664711,-83.049783,0, ,0.0,0.0,0.0,0.0,0,0,0,0,0,0,0,0
TF,GUMMY,27.826503,-82.532353,0, ,0.0,0.0,0.0,0.0,0,0,0,0,0,0,0,0
TF,LAL,27.986181,-82.013892,0, ,0.0,0.0,0.0,0.0,0,0,0,0,0,0,0,0
TF,ANDRO,28.049181,-81.885686,0, ,0.0,0.0,0.0,0.0,0,0,0,0,0,0,0,0
TF,MINEE,28.118339,-81.744494,0, ,0.0,0.0,0.0,0.0,0,0,0,0,0,0,0,0

STAR,MINEE5,LBV,1
IF,LBV,26.828186,-81.391439, ,0.0,0.0,0,0,0,0,0,0,0,0
TF,DOWNN,27.510767,-81.756578,0, ,0.0,0.0,0.0,0.0,0,0,0,0,0,0,0,0
TF,MOANS,27.913881,-81.748581,0, ,0.0,0.0,0.0,0.0,0,0,0,0,0,0,0,0
TF,MINEE,28.118339,-81.744494,0, ,0.0,0.0,0.0,0.0,0,0,0,0,0,0,0,0

STAR,MINEE5,PIE,1
IF,PIE,27.907764,-82.684308, ,0.0,0.0,0,0,0,0,0,0,0,0
TF,GUMMY,27.826503,-82.532353,0, ,0.0,0.0,0.0,0.0,0,0,0,0,0,0,0,0
TF,LAL,27.986181,-82.013892,0, ,0.0,0.0,0.0,0.0,0,0,0,0,0,0,0,0
TF,ANDRO,28.049181,-81.885686,0, ,0.0,0.0,0.0,0.0,0,0,0,0,0,0,0,0
TF,MINEE,28.118339,-81.744494,0, ,0.0,0.0,0.0,0.0,0,0,0,0,0,0,0,0

STAR,MINEE5,RSW,1
IF,RSW,26.529875,-81.775767, ,0.0,0.0,0,0,0,0,0,0,0,0
TF,DOWNN,27.510767,-81.756578,0, ,0.0,0.0,0.0,0.0,0,0,0,0,0,0,0,0
TF,MOANS,27.913881,-81.748581,0, ,0.0,0.0,0.0,0.0,0,0,0,0,0,0,0,0
TF,MINEE,28.118339,-81.744494,0, ,0.0,0.0,0.0,0.0,0,0,0,0,0,0,0,0

STAR,MINEE5,ALL,2
IF,MINEE,28.118339,-81.744494, ,0.0,0.0,0,0,0,0,0,0,0,0
TF,UNITY,28.261508,-81.450583,0, ,0.0,0.0,0.0,0.0,0,0,0,0,0,0,0,0
TF,ORL,28.542725,-81.335019,0, ,0.0,0.0,0.0,0.0,0,0,0,0,0,0,0,0

STAR,PIGLT4,OCF,4
IF,OCF,29.177478,-82.226333, ,0.0,0.0,0,0,0,0,0,0,0,0
TF,JAFAR,28.986944,-82.046944,0, ,0.0,0.0,0.0,0.0,0,0,0,0,0,0,0,0

STAR,PIGLT4,OTK,4
IF,OTK,30.780444,-83.279728, ,0.0,0.0,0,0,0,0,0,0,0,0
TF,HKUNA,30.600556,-83.093333,0, ,0.0,0.0,0.0,0.0,0,0,0,0,0,0,0,0
TF,MTATA,29.974806,-82.454806,0, ,0.0,0.0,0.0,0.0,0,0,0,0,0,0,0,0
TF,JAZMN,29.189167,-82.172500,0, ,0.0,0.0,0.0,0.0,0,0,0,0,0,0,0,0
TF,JAFAR,28.986944,-82.046944,0, ,0.0,0.0,0.0,0.0,0,0,0,0,0,0,0,0

STAR,PIGLT4,ALL,5
IF,JAFAR,28.986944,-82.046944, ,0.0,0.0,0,0,0,0,0,0,0,0
TF,PIGLT,28.883889,-81.931667,0, ,0.0,0.0,0.0,0.0,0,0,0,0,0,0,0,0
TF,RFIKI,28.812633,-81.809100,0, ,0.0,0.0,0.0,0.0,0,0,0,0,0,0,0,0
TF,TTIGR,28.720278,-81.649722,0, ,0.0,0.0,0.0,0.0,0,0,0,0,0,0,0,0
TF,TWONA,28.603611,-81.424167,0, ,0.0,0.0,0.0,0.0,0,0,0,0,0,0,0,0
TF,PACCA,28.517778,-81.424167,0, ,0.0,0.0,0.0,0.0,0,0,0,0,0,0,0,0
TF,SHBAG,28.348056,-81.424167,0, ,0.0,0.0,0.0,0.0,0,0,0,0,0,0,0,0
TF,KAYWY,28.170000,-81.419444,0, ,0.0,0.0,0.0,0.0,0,0,0,0,0,0,0,1
FM,KAYWY,28.170000,-81.419444,0,SGJ,0.0,0.0,95.0,0,0,0,0,0,0,0,0

APPTR,D06-A,06,JIHMU
IF,JIHMU,28.184964,-80.994083,ORL,139.8,28.0,0,0,0,0,0,0,1,0
AF,TEMPE,28.102911,-81.515494,2,ORL,200.0,28.0,140.0,2,2700,0,0,0,0,1,0

APPTR,D06-A,06,JIJCI
IF,JIJCI,28.225214,-81.723647,ORL,227.4,28.0,0,0,0,0,0,0,1,0
AF,TEMPE,28.102911,-81.515494,1,ORL,200.0,28.0,227.0,2,2200,0,0,0,0,1,0

APPTR,D06-A,06,ORL
IF,ORL,28.542725,-81.335019, ,0.0,0.0,0,0,0,0,0,0,0,0
TF,COOPY,28.212889,-81.470514,0, ,0.0,0.0,0.0,0.0,2,2200,0,0,0,0,0,0
HF,COOPY,28.212889,-81.470514,1, ,0.0,0.0,20.0,04.3,2,2200,0,0,0,0,1,0,0

FINAL,D06-A,06,D,3
IF,TEMPE,28.102911,-81.515494,ORL,200.0,28.0,2,2200,0,0,0,0,0,0
CF,COOPY,28.212889,-81.470514,0,ORL,200.0,21.0,20.0,7.0,2,2200,0,0,0,0,2,0
CF,MABJE,28.291439,-81.438342,0,ORL,200.0,16.0,20.0,5.0,1,640,0,0,0,0,3,0
VI,0, ,0.0,315.0,0,0,0,0,0,0,0,0
CF,CAMBE,28.316044,-81.612828,0,ORL,227.4,20.0,227.0,6.0,2,4000,0,0,0,0,0,0
HM,CAMBE,28.316044,-81.612828,2, ,0.0,0.0,47.0,04.3,0,0,0,0,0,0,0,0,0

APPTR,D15-A,15,JIHMU
IF,JIHMU,28.184964,-80.994083,ORL,139.8,28.0,0,0,0,0,0,0,1,0
AF,TEMPE,28.102911,-81.515494,2,ORL,200.0,28.0,140.0,2,2700,0,0,0,0,1,0

APPTR,D15-A,15,JIJCI
IF,JIJCI,28.225214,-81.723647,ORL,227.4,28.0,0,0,0,0,0,0,1,0
AF,TEMPE,28.102911,-81.515494,1,ORL,200.0,28.0,227.0,2,2200,0,0,0,0,1,0

APPTR,D15-A,15,ORL
IF,ORL,28.542725,-81.335019, ,0.0,0.0,0,0,0,0,0,0,0,0
TF,COOPY,28.212889,-81.470514,0, ,0.0,0.0,0.0,0.0,2,2200,0,0,0,0,0,0
HF,COOPY,28.212889,-81.470514,1, ,0.0,0.0,20.0,04.3,2,2200,0,0,0,0,1,0,0

FINAL,D15-A,15,D,3
IF,TEMPE,28.102911,-81.515494,ORL,200.0,28.0,2,2200,0,0,0,0,0,0
CF,COOPY,28.212889,-81.470514,0,ORL,200.0,21.0,20.0,7.0,2,2200,0,0,0,0,2,0
CF,MABJE,28.291439,-81.438342,0,ORL,200.0,16.0,20.0,5.0,1,640,0,0,0,0,3,0
VI,0, ,0.0,315.0,0,0,0,0,0,0,0,0
CF,CAMBE,28.316044,-81.612828,0,ORL,227.4,20.0,227.0,6.0,2,4000,0,0,0,0,0,0
HM,CAMBE,28.316044,-81.612828,2, ,0.0,0.0,47.0,04.3,0,0,0,0,0,0,0,0,0

APPTR,D24-A,24,JIHMU
IF,JIHMU,28.184964,-80.994083,ORL,139.8,28.0,0,0,0,0,0,0,1,0
AF,TEMPE,28.102911,-81.515494,2,ORL,200.0,28.0,140.0,2,2700,0,0,0,0,1,0

APPTR,D24-A,24,JIJCI
IF,JIJCI,28.225214,-81.723647,ORL,227.4,28.0,0,0,0,0,0,0,1,0
AF,TEMPE,28.102911,-81.515494,1,ORL,200.0,28.0,227.0,2,2200,0,0,0,0,1,0

APPTR,D24-A,24,ORL
IF,ORL,28.542725,-81.335019, ,0.0,0.0,0,0,0,0,0,0,0,0
TF,COOPY,28.212889,-81.470514,0, ,0.0,0.0,0.0,0.0,2,2200,0,0,0,0,0,0
HF,COOPY,28.212889,-81.470514,1, ,0.0,0.0,20.0,04.3,2,2200,0,0,0,0,1,0,0

FINAL,D24-A,24,D,3
IF,TEMPE,28.102911,-81.515494,ORL,200.0,28.0,2,2200,0,0,0,0,0,0
CF,COOPY,28.212889,-81.470514,0,ORL,200.0,21.0,20.0,7.0,2,2200,0,0,0,0,2,0
CF,MABJE,28.291439,-81.438342,0,ORL,200.0,16.0,20.0,5.0,1,640,0,0,0,0,3,0
VI,0, ,0.0,315.0,0,0,0,0,0,0,0,0
CF,CAMBE,28.316044,-81.612828,0,ORL,227.4,20.0,227.0,6.0,2,4000,0,0,0,0,0,0
HM,CAMBE,28.316044,-81.612828,2, ,0.0,0.0,47.0,04.3,0,0,0,0,0,0,0,0,0

APPTR,D33-A,33,JIHMU
IF,JIHMU,28.184964,-80.994083,ORL,139.8,28.0,0,0,0,0,0,0,1,0
AF,TEMPE,28.102911,-81.515494,2,ORL,200.0,28.0,140.0,2,2700,0,0,0,0,1,0

APPTR,D33-A,33,JIJCI
IF,JIJCI,28.225214,-81.723647,ORL,227.4,28.0,0,0,0,0,0,0,1,0
AF,TEMPE,28.102911,-81.515494,1,ORL,200.0,28.0,227.0,2,2200,0,0,0,0,1,0

APPTR,D33-A,33,ORL
IF,ORL,28.542725,-81.335019, ,0.0,0.0,0,0,0,0,0,0,0,0
TF,COOPY,28.212889,-81.470514,0, ,0.0,0.0,0.0,0.0,2,2200,0,0,0,0,0,0
HF,COOPY,28.212889,-81.470514,1, ,0.0,0.0,20.0,04.3,2,2200,0,0,0,0,1,0,0

FINAL,D33-A,33,D,3
IF,TEMPE,28.102911,-81.515494,ORL,200.0,28.0,2,2200,0,0,0,0,0,0
CF,COOPY,28.212889,-81.470514,0,ORL,200.0,21.0,20.0,7.0,2,2200,0,0,0,0,2,0
CF,MABJE,28.291439,-81.438342,0,ORL,200.0,16.0,20.0,5.0,1,640,0,0,0,0,3,0
VI,0, ,0.0,315.0,0,0,0,0,0,0,0,0
CF,CAMBE,28.316044,-81.612828,0,ORL,227.4,20.0,227.0,6.0,2,4000,0,0,0,0,0,0
HM,CAMBE,28.316044,-81.612828,2, ,0.0,0.0,47.0,04.3,0,0,0,0,0,0,0,0,0

FINAL,I15,15,I,3
IF,WERPO,28.429908,-81.535931,IISM,333.1,10.6,2,2000,0,0,0,0,0,0
CF,WADSI,28.343439,-81.474928,0,IISM,333.1,4.5,153.0,6.1,1,1200,0,0,0,0,2,0
CF,RW15,28.296247,-81.441697,0,IISM,333.1,1.1,153.0,3.3,1,131,0,0,0,0,3,0
CA,0,153.0,2,600,0,0,0,0,0,0
VI,0, ,0.0,240.0,0,0,0,0,0,0,0,0
CF,TEMPE,28.102911,-81.515494,0,ORL,200.0,28.0,200.0,7.0,2,2200,0,0,0,0,0,0
HM,TEMPE,28.102911,-81.515494,1, ,0.0,0.0,20.0,04.3,0,0,0,0,0,0,0,0,0

APPTR,R06,06,JENSN
IF,JENSN,28.343314,-81.763606, ,0.0,0.0,0,0,0,0,0,0,0,0
TF,ZOVLU,28.255064,-81.687325,0, ,0.0,0.0,0.0,0.0,2,2000,0,1,210,0,1,0
TF,FOJSO,28.185494,-81.627311,0, ,0.0,0.0,0.0,0.0,2,2000,0,0,0,0,1,0

APPTR,R06,06,YOJIX
IF,YOJIX,28.045567,-81.562594, ,0.0,0.0,0,0,0,0,0,0,0,0
TF,VACTE,28.102822,-81.613628,0, ,0.0,0.0,0.0,0.0,2,2000,0,0,0,0,1,0
TF,FOJSO,28.185494,-81.627311,0, ,0.0,0.0,0.0,0.0,2,2000,0,0,0,0,1,0

FINAL,R06,06,R,4
IF,FOJSO,28.185494,-81.627311, ,0.0,0.0,2,2000,0,0,0,0,0,0
TF,TOTNY,28.243094,-81.523256,0, ,0.0,0.0,63.0,6.5,2,1700,0,0,0,0,2,0
TF,EHECU,28.269158,-81.476086,0, ,0.0,0.0,63.0,3.0,2,760,0,0,0,0,0,0
TF,RW06,28.286844,-81.444050,0, ,0.0,0.0,63.0,2.0,1,125,0,0,0,0,3,1
CA,0,63.0,2,600,0,0,0,0,0,0
DF,JENSN,28.343314,-81.763606,1, ,0.0,0.0,2,4000,0,0,0,0,0,1
HM,JENSN,28.343314,-81.763606,2, ,0.0,0.0,67.0,04,0,0,0,0,0,0,0,0,0

APPTR,R15,15,JENSN
IF,JENSN,28.343314,-81.763606, ,0.0,0.0,0,0,0,0,0,0,1,0
TF,WERPO,28.429908,-81.535931,0, ,0.0,0.0,0.0,0.0,2,2000,0,0,0,0,1,0

APPTR,R15,15,ORL
IF,ORL,28.542725,-81.335019, ,0.0,0.0,0,0,0,0,0,0,1,0
TF,WERPO,28.429908,-81.535931,0, ,0.0,0.0,0.0,0.0,2,2000,0,0,0,0,1,0

FINAL,R15,15,R,3
IF,WERPO,28.429908,-81.535931, ,0.0,0.0,2,2000,0,0,0,0,0,0
TF,WADSI,28.343439,-81.474928,0, ,0.0,0.0,153.0,6.1,2,1200,0,0,0,0,2,0
TF,RW15,28.296247,-81.441697,0, ,0.0,0.0,153.0,3.3,1,131,0,0,0,0,3,1
DF,YARTU,28.239506,-81.401789,0, ,0.0,0.0,0,0,0,0,0,0,0,0
TF,TEMPE,28.102911,-81.515494,0, ,0.0,0.0,0.0,0.0,2,2200,0,0,0,0,0,1
HM,TEMPE,28.102911,-81.515494,1, ,0.0,0.0,25.0,04,0,0,0,0,0,0,0,0,0

APPTR,R33,33,PRESK
IF,PRESK,28.336203,-81.137839, ,0.0,0.0,0,0,0,0,0,0,0,0
TF,UFRAJ,28.160936,-81.226356,0, ,0.0,0.0,0.0,0.0,2,2000,0,1,210,0,1,0
TF,AXMEB,28.126733,-81.322603,0, ,0.0,0.0,0.0,0.0,2,2000,0,0,0,0,1,0

APPTR,R33,33,YONMA
IF,YONMA,28.065467,-81.408661, ,0.0,0.0,0,0,0,1,210,0,1,0
TF,AXMEB,28.126733,-81.322603,0, ,0.0,0.0,0.0,0.0,2,2000,0,0,0,0,1,0

FINAL,R33,33,R,3
IF,AXMEB,28.126733,-81.322603, ,0.0,0.0,2,2000,0,0,0,0,0,0
TF,LOJUF,28.211917,-81.382392,0, ,0.0,0.0,333.0,6.0,2,1700,0,0,0,0,2,0
TF,RW33,28.282239,-81.431839,0, ,0.0,0.0,333.0,5.0,1,121,0,0,0,0,3,1
CA,0,333.0,2,540,0,0,0,0,0,0
DF,CAMBE,28.316044,-81.612828,0, ,0.0,0.0,2,2000,0,0,0,0,0,1
HM,CAMBE,28.316044,-81.612828,2, ,0.0,0.0,47.0,04,0,0,0,0,0,0,0,0,0

