APPTR,I32,32,CFB
FC,CFB,42.157486,-76.136472,0,CFB,0.0,0.0,353.0,6.0,2,3400,0,0,0,0,1,0
CF,OCCIE,42.316122,-76.201822,0,IITH,144.5,16.2,353.0,4.0,2,3400,0,0,0,0,1,0

APPTR,I32,32,CORTA
IF,CORTA,42.673792,-76.076369, ,0.0,0.0,0,0,0,0,0,0,0,0
TF,VRNAH,42.430064,-76.367958,0, ,0.0,0.0,0.0,0.0,2,3800,0,0,0,0,0,0
PI,VRNAH,42.430064,-76.367958,2,ITH,100.0,10.0,145,5.0,2,3400,0,0,0,0,1,0

APPTR,I32,32,ITH
IF,ITH,42.495028,-76.459728, ,0.0,0.0,0,0,0,0,0,0,0,0
CF,VRNAH,42.430064,-76.367958,0,ITH,143.6,5.7,144.0,5.7,2,3600,0,0,0,0,0,0
PI,VRNAH,42.430064,-76.367958,2,ITH,100.0,10.0,145,5.0,2,3400,0,0,0,0,1,0

FINAL,I32,32,I,3
IF,OCCIE,42.316122,-76.201822,IITH,144.5,16.2,2,3400,0,0,0,0,0,0
CF,VRNAH,42.430064,-76.367958,0,IITH,144.3,6.1,325.0,10.1,1,2837,0,0,0,0,2,0
CF,RW32,42.484897,-76.449431,0,IITH,144.5,1.3,325.0,4.9,1,1153,0,0,0,0,3,0
CA,0,325.0,2,2600,0,0,0,0,0,0
DF,ITH,42.495028,-76.459728,2, ,0.0,0.0,2,3400,0,0,0,0,0,0
HM,ITH,42.495028,-76.459728,1, ,0.0,0.0,135.0,04.3,0,0,0,0,0,0,0,0,0

APPTR,R14-Y,14,VAFKU
IF,VAFKU,42.532267,-76.691767, ,0.0,0.0,0,0,0,0,0,0,1,0
TF,TIFZY,42.599553,-76.618903,0, ,0.0,0.0,0.0,0.0,2,3100,0,0,0,0,1,0

FINAL,R14-Y,14,R,3
IF,TIFZY,42.599553,-76.618903, ,0.0,0.0,2,3100,0,0,0,0,0,0
TF,STATN,42.531964,-76.518881,0, ,0.0,0.0,144.0,6.0,2,2100,0,0,0,0,2,0
TF,RW14,42.497831,-76.468497,0, ,0.0,0.0,144.0,3.0,1,1127,0,0,0,0,3,1
CA,0,144.0,2,1500,0,0,0,0,0,0
DF,VAFKU,42.532267,-76.691767,2, ,0.0,0.0,2,3700,0,0,0,0,0,1
HM,VAFKU,42.532267,-76.691767,2, ,0.0,0.0,51.0,04,0,0,0,0,0,0,0,0,0

APPTR,R14-Z,14,VAFKU
IF,VAFKU,42.532267,-76.691767, ,0.0,0.0,0,0,0,0,0,0,1,0
TF,TIFZY,42.599553,-76.618903,0, ,0.0,0.0,0.0,0.0,2,3100,0,0,0,0,1,0

FINAL,R14-Z,14,R,3
IF,TIFZY,42.599553,-76.618903, ,0.0,0.0,2,3100,0,0,0,0,0,0
TF,STATN,42.531964,-76.518881,0, ,0.0,0.0,144.0,6.0,2,2100,0,0,0,0,2,0
TF,RW14,42.497831,-76.468497,0, ,0.0,0.0,144.0,3.0,1,1127,0,0,0,0,3,1
DF,HUBTU,42.462903,-76.417033,0, ,0.0,0.0,0,0,0,0,0,0,0,0
TF,MESTE,42.305986,-76.479292,0, ,0.0,0.0,0.0,0.0,2,3800,0,0,0,0,0,1
HM,MESTE,42.305986,-76.479292,1, ,0.0,0.0,132.0,04,0,0,0,0,0,0,0,0,0

APPTR,R32,32,CFB
IF,CFB,42.157486,-76.136472, ,0.0,0.0,0,0,0,0,0,0,1,0
TF,OCCIE,42.316122,-76.201822,0, ,0.0,0.0,0.0,0.0,2,3400,0,0,0,0,1,0

FINAL,R32,32,R,3
IF,OCCIE,42.316122,-76.201822, ,0.0,0.0,2,3400,0,0,0,0,0,0
TF,CONUL,42.424444,-76.360497,0, ,0.0,0.0,325.0,9.6,2,3000,0,0,0,0,2,0
TF,RW32,42.484897,-76.449431,0, ,0.0,0.0,325.0,5.4,1,1153,0,0,0,0,3,1
CA,0,325.0,2,1385,0,0,0,0,0,0
DF,STATN,42.531964,-76.518881,0, ,0.0,0.0,0,0,0,0,0,0,0,0
TF,VAFKU,42.532267,-76.691767,0, ,0.0,0.0,0.0,0.0,2,3700,0,0,0,0,0,1
HM,VAFKU,42.532267,-76.691767,2, ,0.0,0.0,51.0,04,0,0,0,0,0,0,0,0,0

APPTR,S14,14,ITH
PI,ITH,42.495028,-76.459728,1,ITH,359.0,10.0,314,5.0,2,2800,0,0,0,0,1,0
CF,ESEBY,42.517394,-76.504786,0,ITH,313.1,4.0,134.0,6.0,2,1700,0,0,0,0,0,0

FINAL,S14,14,D,2
IF,ESEBY,42.517394,-76.504786,ITH,314.0,2.4,2,1700,0,0,0,0,2,0
CF,RW14,42.497831,-76.468497,0,ITH,304.1,0.4,134.0,2.0,1,1127,0,0,0,0,3,0
CF,ITH,42.495028,-76.459728,0,ITH,0.0,0.0,134.0,0.4,0,0,0,0,0,0,0,0
VA,1,314.0,2,3200,0,0,0,0,0,0
DF,ITH,42.495028,-76.459728,1, ,0.0,0.0,0,0,0,0,0,0,0,0
HM,ITH,42.495028,-76.459728,1, ,0.0,0.0,134.0,04.3,0,0,0,0,0,0,0,0,0

