APPTR,R12,12,BLEAR
IF,BLEAR,36.821322,-120.180189, ,0.0,0.0,0,0,0,0,0,0,0,0
TF,RUGUE,37.041194,-120.384389,0, ,0.0,0.0,0.0,0.0,2,2000,0,0,0,0,1,0
TF,IDAYI,37.123839,-120.281347,0, ,0.0,0.0,0.0,0.0,2,2000,0,0,0,0,1,0

APPTR,R12,12,UYOKA
IF,UYOKA,37.227125,-120.152458, ,0.0,0.0,0,0,0,0,0,0,1,0
TF,IDAYI,37.123839,-120.281347,0, ,0.0,0.0,0.0,0.0,2,2000,0,0,0,0,1,0

FINAL,R12,12,R,4
IF,IDAYI,37.123839,-120.281347, ,0.0,0.0,2,2000,0,0,0,0,0,0
TF,FOSAB,37.053872,-120.193853,0, ,0.0,0.0,122.0,5.9,2,1900,0,0,0,0,2,0
TF,CIVSI,37.023494,-120.155942,0, ,0.0,0.0,122.0,2.6,2,1080,0,0,0,0,0,0
TF,RW12,36.993986,-120.119158,0, ,0.0,0.0,122.0,2.5,1,284,0,0,0,0,3,1
CA,0,122.0,2,700,0,0,0,0,0,0
DF,KITBY,36.770703,-120.047125,2, ,0.0,0.0,2,2000,0,0,0,0,0,1
HM,KITBY,36.770703,-120.047125,2, ,0.0,0.0,119.0,05,0,0,0,0,0,0,0,0,0

APPTR,R30,30,BEREN
IF,BEREN,37.049806,-119.977475, ,0.0,0.0,0,0,0,0,0,0,0,0
TF,JENYE,36.934453,-119.839769,0, ,0.0,0.0,0.0,0.0,2,2800,0,0,0,0,1,0
TF,GEVRY,36.853350,-119.944447,0, ,0.0,0.0,0.0,0.0,2,2000,0,0,0,0,1,0

APPTR,R30,30,BLEAR
IF,BLEAR,36.821322,-120.180189, ,0.0,0.0,0,0,0,0,0,0,0,0
TF,KITBY,36.770703,-120.047125,0, ,0.0,0.0,0.0,0.0,2,2000,0,0,0,0,1,0
TF,GEVRY,36.853350,-119.944447,0, ,0.0,0.0,0.0,0.0,2,2000,0,0,0,0,1,0

APPTR,R30,30,CZQ
IF,CZQ,36.884322,-119.815144, ,0.0,0.0,0,0,0,0,0,0,1,0
TF,GEVRY,36.853350,-119.944447,0, ,0.0,0.0,0.0,0.0,2,2000,0,0,0,0,1,0

FINAL,R30,30,R,4
IF,GEVRY,36.853350,-119.944447, ,0.0,0.0,2,2000,0,0,0,0,0,0
TF,HATXI,36.923464,-120.031428,0, ,0.0,0.0,302.0,5.9,2,1900,0,0,0,0,2,0
TF,KNOSP,36.961958,-120.079286,0, ,0.0,0.0,302.0,3.3,2,860,0,0,0,0,0,0
TF,RW30,36.983214,-120.105742,0, ,0.0,0.0,302.0,1.8,1,289,0,0,0,0,3,1
CA,0,302.0,2,700,0,0,0,0,0,0
DF,KITBY,36.770703,-120.047125,1, ,0.0,0.0,2,2000,0,0,0,0,0,1
HM,KITBY,36.770703,-120.047125,2, ,0.0,0.0,119.0,05,0,0,0,0,0,0,0,0,0

APPTR,S30,30,CZQ
IF,CZQ,36.884322,-119.815144, ,0.0,0.0,0,0,0,0,0,0,1,0
TF,PARSE,36.915989,-119.911267,0, ,0.0,0.0,0.0,0.0,2,2000,0,0,0,0,0,0

FINAL,S30,30,D,3
IF,PARSE,36.915989,-119.911267,CZQ,277.3,5.0,2,2000,0,0,0,0,0,0
CF,KREAM,36.947589,-120.007464,0,CZQ,277.3,10.0,277.0,5.0,2,1900,0,0,0,0,2,0
CF,RW30,36.983214,-120.105742,0,CZQ,278.1,15.2,277.0,5.2,1,287,0,0,0,0,3,0
CA,0,277.0,2,653,0,0,0,0,0,0
CF,BEREN,37.049806,-119.977475,2,FRA,243.0,18.6,63.0,7.0,2,2000,0,0,0,0,0,0
HM,BEREN,37.049806,-119.977475,2, ,0.0,0.0,63.0,04.3,0,0,0,0,0,0,0,0,0

