APPTR,I05,05,INDEX
IF,INDEX,43.323361,-84.481206, ,0.0,0.0,0,0,0,0,0,0,1,0
VI,0,IMBS,0.0,100.0,2,2400,0,0,0,0,0,0

APPTR,I05,05,MBS
IF,MBS,43.531653,-84.077300, ,0.0,0.0,0,0,0,0,0,0,0,0
TF,OLSTE,43.461967,-84.180486,0, ,0.0,0.0,0.0,0.0,2,2400,0,0,0,0,0,0
PI,OLSTE,43.461967,-84.180486,1,MBS,275.0,10.0,230,5.0,2,2400,0,0,0,0,1,0

FINAL,I05,05,I,3
IF,CF05,43.313089,-84.387411,IMBS,229.6,19.8,1,2400,0,0,0,0,0,0
CF,OLSTE,43.461967,-84.180486,0,IMBS,229.7,7.1,50.0,12.7,1,2378,0,0,0,0,2,0
CF,RW05,43.526822,-84.089244,0,IMBS,229.6,1.5,50.0,5.6,1,726,0,0,0,0,3,0
CA,0,50.0,2,2400,0,0,0,0,0,0
CF,SEEKS,43.756622,-84.003581,0,MBS,16.4,13.9,16.0,10.0,0,0,0,0,0,0,0,0
HM,SEEKS,43.756622,-84.003581,2, ,0.0,0.0,196.0,04.3,0,0,0,0,0,0,0,0,0

APPTR,I23,23,MBS
IF,MBS,43.531653,-84.077300, ,0.0,0.0,0,0,0,0,0,0,1,0
TF,WASEE,43.595153,-83.993106,0, ,0.0,0.0,0.0,0.0,2,2500,0,0,0,0,0,0
PI,WASEE,43.595153,-83.993106,2,MBS,5.0,10.0,050,5.0,2,2500,0,0,0,0,0,0

FINAL,I23,23,I,3
IF,CF23,43.664769,-83.894911,ITQR,49.6,12.0,2,2500,0,0,0,0,0,0
CF,WASEE,43.595153,-83.993106,0,ITQR,49.6,6.0,230.0,6.0,1,2172,0,0,0,0,2,0
CF,RW23,43.542175,-84.067678,0,ITQR,49.6,1.5,230.0,4.5,1,704,0,0,0,0,3,0
CF,OLSTE,43.461967,-84.180486,0,MBS,230.2,6.2,230.0,6.9,2,2500,0,0,0,0,0,0
HM,OLSTE,43.461967,-84.180486,1, ,0.0,0.0,50.0,04.3,0,0,0,0,0,0,0,0,0

APPTR,R05,05,NAGEE
IF,NAGEE,43.458789,-84.347867, ,0.0,0.0,2,2800,0,0,0,0,1,0
TF,WERDO,43.399369,-84.267669,0, ,0.0,0.0,0.0,0.0,2,2300,0,0,0,0,1,0

APPTR,R05,05,RUPUE
IF,RUPUE,43.339894,-84.187631, ,0.0,0.0,2,3100,0,0,0,0,1,0
TF,WERDO,43.399369,-84.267669,0, ,0.0,0.0,0.0,0.0,2,2300,0,0,0,0,1,0

APPTR,R05,05,WERDO
HF,WERDO,43.399369,-84.267669,2, ,0.0,0.0,50.0,04,2,2300,0,0,0,0,1,0,0

FINAL,R05,05,R,3
IF,WERDO,43.399369,-84.267669, ,0.0,0.0,2,2300,0,0,0,0,0,0
TF,OTILE,43.469556,-84.169556,0, ,0.0,0.0,50.0,6.0,2,2300,0,0,0,0,2,0
TF,RW05,43.526822,-84.089244,0, ,0.0,0.0,50.0,4.9,1,715,0,0,0,0,3,1
DF,FOROX,43.669672,-83.887931,0, ,0.0,0.0,2,2500,0,0,0,0,0,1
HM,FOROX,43.669672,-83.887931,2, ,0.0,0.0,230.0,04,0,0,0,0,0,0,0,0,0

APPTR,R14,14,KASTE
IF,KASTE,43.608989,-84.347053, ,0.0,0.0,2,2900,0,0,0,0,1,0
TF,OGREE,43.667436,-84.265242,0, ,0.0,0.0,0.0,0.0,2,2300,0,0,0,0,1,0

APPTR,R14,14,OGREE
HF,OGREE,43.667436,-84.265242,2, ,0.0,0.0,140.0,04,2,2300,0,0,0,0,1,0,0

APPTR,R14,14,PUBOE
IF,PUBOE,43.725822,-84.183272, ,0.0,0.0,2,2700,0,0,0,0,1,0
TF,OGREE,43.667436,-84.265242,0, ,0.0,0.0,0.0,0.0,2,2300,0,0,0,0,1,0

FINAL,R14,14,R,4
IF,OGREE,43.667436,-84.265242, ,0.0,0.0,2,2300,0,0,0,0,0,0
TF,NURGE,43.595911,-84.168583,0, ,0.0,0.0,140.0,6.0,2,2300,0,0,0,0,2,0
TF,PIBYI,43.555106,-84.113586,0, ,0.0,0.0,140.0,3.4,2,1160,0,0,0,0,0,0
TF,RW14,43.537236,-84.089542,0, ,0.0,0.0,140.0,1.5,1,710,0,0,0,0,3,1
DF,OTANE,43.394075,-83.897631,0, ,0.0,0.0,2,2700,0,0,0,0,0,1
HM,OTANE,43.394075,-83.897631,2, ,0.0,0.0,320.0,04,0,0,0,0,0,0,0,0,0

APPTR,R23,23,FOROX
HF,FOROX,43.669672,-83.887931,2, ,0.0,0.0,230.0,04,2,2500,0,0,0,0,1,0,0

APPTR,R23,23,HUTAN
IF,HUTAN,43.729344,-83.968128, ,0.0,0.0,2,2800,0,0,0,0,1,0
TF,FOROX,43.669672,-83.887931,0, ,0.0,0.0,0.0,0.0,2,2500,0,0,0,0,1,0

APPTR,R23,23,MOGRE
IF,MOGRE,43.609944,-83.807892, ,0.0,0.0,2,3100,0,0,0,0,1,0
TF,FOROX,43.669672,-83.887931,0, ,0.0,0.0,0.0,0.0,2,2500,0,0,0,0,1,0

FINAL,R23,23,R,3
IF,FOROX,43.669672,-83.887931, ,0.0,0.0,2,2500,0,0,0,0,0,0
TF,JURBO,43.599781,-83.986608,0, ,0.0,0.0,230.0,6.0,2,2300,0,0,0,0,2,0
TF,RW23,43.542175,-84.067678,0, ,0.0,0.0,230.0,4.9,1,704,0,0,0,0,3,1
DF,WERDO,43.399369,-84.267669,0, ,0.0,0.0,2,2300,0,0,0,0,0,1
HM,WERDO,43.399369,-84.267669,2, ,0.0,0.0,50.0,04,0,0,0,0,0,0,0,0,0

APPTR,R32,32,DUKSE
IF,DUKSE,43.452206,-83.815683, ,0.0,0.0,2,2700,0,0,0,0,1,0
TF,OTANE,43.394075,-83.897631,0, ,0.0,0.0,0.0,0.0,2,2700,0,0,0,0,1,0

APPTR,R32,32,OTANE
HF,OTANE,43.394075,-83.897631,2, ,0.0,0.0,320.0,04,2,2700,0,0,0,0,1,0,0

APPTR,R32,32,RIRTE
IF,RIRTE,43.335886,-83.979422, ,0.0,0.0,2,2900,0,0,0,0,1,0
TF,OTANE,43.394075,-83.897631,0, ,0.0,0.0,0.0,0.0,2,2700,0,0,0,0,1,0

FINAL,R32,32,R,4
IF,OTANE,43.394075,-83.897631, ,0.0,0.0,2,2700,0,0,0,0,0,0
TF,WURBA,43.465942,-83.993800,0, ,0.0,0.0,320.0,6.0,2,2300,0,0,0,0,2,0
TF,GICEV,43.508006,-84.050244,0, ,0.0,0.0,320.0,3.5,2,1140,0,0,0,0,0,0
TF,RW32,43.524689,-84.072667,0, ,0.0,0.0,320.0,1.4,1,709,0,0,0,0,3,1
DF,OGREE,43.667436,-84.265242,0, ,0.0,0.0,2,2300,0,0,0,0,0,1
HM,OGREE,43.667436,-84.265242,2, ,0.0,0.0,140.0,04,0,0,0,0,0,0,0,0,0

APPTR,S14,14,MBS
IF,MBS,43.531653,-84.077300, ,0.0,0.0,0,0,0,0,0,0,0,0
TF,WALRS,43.582914,-84.167661,0, ,0.0,0.0,0.0,0.0,2,2200,0,0,0,0,0,0
PI,WALRS,43.582914,-84.167661,2,MBS,266.0,10.0,311,5.0,2,2200,0,0,0,0,1,0
CF,WALRS,43.582914,-84.167661,0,MBS,310.7,5.0,131.0,8.0,2,2200,0,0,0,0,0,0

APPTR,S14,14,WHIPP
IF,WHIPP,43.738628,-84.339594, ,0.0,0.0,0,0,0,0,0,0,1,0
VI,0, ,0.0,180.0,2,2200,0,0,0,0,0,0
CF,WALRS,43.582914,-84.167661,0,MBS,311.0,5.0,131.0,9.3,2,2200,0,0,0,0,0,0

FINAL,S14,14,D,2
IF,WALRS,43.582914,-84.167661,MBS,310.7,5.0,2,2200,0,0,0,0,2,0
CF,RW14,43.537236,-84.089542,0,MBS,305.2,0.6,131.0,4.4,1,714,0,0,0,0,3,0
CF,MBS,43.531653,-84.077300,0,MBS,0.0,0.0,131.0,0.6,2,1068,0,0,0,0,0,0
CA,0,131.0,2,3000,0,0,0,0,0,0
CF,REESE,43.465136,-83.740986,0,MBS,108.1,15.2,108.0,10.0,0,0,0,0,0,0,0,0
HM,REESE,43.465136,-83.740986,2, ,0.0,0.0,288.0,04.3,0,0,0,0,0,0,0,0,0

