APPTR,I27,27,BATEZ
IF,BATEZ,34.773075,-94.205397, ,0.0,0.0,0,0,0,0,0,0,0,0
TF,FENCH,34.538667,-94.072669,0, ,0.0,0.0,0.0,0.0,2,4200,0,0,0,0,0,0
PI,FENCH,34.538667,-94.072669,2,PGO,44.0,10.0,089,5.0,2,3600,0,0,0,0,1,0

APPTR,I27,27,UMPIR
IF,UMPIR,34.345525,-94.160050, ,0.0,0.0,0,0,0,0,0,0,0,0
TF,FENCH,34.538667,-94.072669,0, ,0.0,0.0,0.0,0.0,2,4200,0,0,0,0,0,0
PI,FENCH,34.538667,-94.072669,2,PGO,44.0,10.0,089,5.0,2,3600,0,0,0,0,1,0

FINAL,I27,27,I,3
IF,CFCJK,34.534678,-93.952122,IVMU,89.2,12.9,2,3600,0,0,0,0,0,0
CF,FENCH,34.538667,-94.072669,0,IVMU,89.2,6.9,269.0,6.0,1,2953,0,0,0,0,2,0
CF,RW27,34.542378,-94.188183,0,IVMU,89.2,1.2,269.0,5.7,1,1106,0,0,0,0,3,0
CA,0,269.0,2,1700,0,0,0,0,0,0
DF,FENCH,34.538667,-94.072669,2, ,0.0,0.0,2,3600,0,0,0,0,0,0
HM,FENCH,34.538667,-94.072669,2, ,0.0,0.0,269.0,04.3,0,0,0,0,0,0,0,0,0

APPTR,N27,27,BATEZ
IF,BATEZ,34.773075,-94.205397, ,0.0,0.0,0,0,0,0,0,0,0,0
TF,VM,34.539139,-94.072711,0, ,0.0,0.0,0.0,0.0,2,4200,0,0,0,0,0,0
PI,VM,34.539139,-94.072711,2,PGO,44.0,10.0,089,5.0,2,3600,0,0,0,0,1,0
CF,VM,34.539139,-94.072711,0,PGO,103.5,27.9,269.0,8.0,2,3100,0,0,0,0,0,0

APPTR,N27,27,UMPIR
IF,UMPIR,34.345525,-94.160050, ,0.0,0.0,0,0,0,0,0,0,0,0
TF,VM,34.539139,-94.072711,0, ,0.0,0.0,0.0,0.0,2,4200,0,0,0,0,0,0
PI,VM,34.539139,-94.072711,2,PGO,44.0,10.0,089,5.0,2,3600,0,0,0,0,1,0
CF,VM,34.539139,-94.072711,0,PGO,103.5,27.9,269.0,8.0,2,3100,0,0,0,0,0,0

FINAL,N27,27,N,2
IF,VM,34.539139,-94.072711,VM,0.0,0.0,2,3100,0,0,0,0,2,0
CF,RW27,34.542378,-94.188183,0,VM,0.0,0.0,269.0,5.7,1,1099,0,0,0,0,3,0
CA,0,269.0,2,1480,0,0,0,0,0,0
DF,VM,34.539139,-94.072711,2, ,0.0,0.0,2,3600,0,0,0,0,0,0
HM,VM,34.539139,-94.072711,2, ,0.0,0.0,269.0,04.3,0,0,0,0,0,0,0,0,0

APPTR,R17,17,BLURB
IF,BLURB,34.827522,-93.538656, ,0.0,0.0,0,0,0,0,0,0,0,0
TF,GARKE,34.783992,-94.091953,0, ,0.0,0.0,0.0,0.0,2,4100,0,0,0,0,1,0
TF,DAVDE,34.789028,-94.192944,0, ,0.0,0.0,0.0,0.0,2,4100,0,0,0,0,1,0

APPTR,R17,17,PGO
IF,PGO,34.680456,-94.609003, ,0.0,0.0,0,0,0,0,0,0,0,0
TF,ILAKE,34.793981,-94.293947,0, ,0.0,0.0,0.0,0.0,2,4100,0,0,0,0,1,0
TF,DAVDE,34.789028,-94.192944,0, ,0.0,0.0,0.0,0.0,2,4100,0,0,0,0,1,0

APPTR,R17,17,SISCO
IF,SISCO,35.024092,-94.232253, ,0.0,0.0,0,0,0,0,0,0,0,0
TF,DAVDE,34.789028,-94.192944,0, ,0.0,0.0,0.0,0.0,2,4100,0,0,0,0,0,0
HF,DAVDE,34.789028,-94.192944,2, ,0.0,0.0,179.0,04,2,4100,0,0,0,0,1,0,0

FINAL,R17,17,R,4
IF,DAVDE,34.789028,-94.192944, ,0.0,0.0,2,4100,0,0,0,0,0,0
TF,GOSBE,34.688875,-94.200208,0, ,0.0,0.0,179.0,6.0,2,3800,0,0,0,0,2,0
TF,NATBE,34.638831,-94.203833,0, ,0.0,0.0,179.0,3.0,2,2800,0,0,0,0,0,0
TF,SESIE,34.559556,-94.209567,0, ,0.0,0.0,179.0,4.8,1,1159,0,0,0,0,3,0
CA,0,179.0,2,1480,0,0,0,0,0,0
DF,DAVDE,34.789028,-94.192944,1, ,0.0,0.0,2,4100,0,0,0,0,0,0
HM,DAVDE,34.789028,-94.192944,2, ,0.0,0.0,179.0,04,0,0,0,0,0,0,0,0,0

