APPTR,R36,36,BARHA
IF,BARHA,44.488300,-68.327544, ,0.0,0.0,0,0,0,0,0,0,0,0
TF,AYUYU,44.531875,-67.376903,0, ,0.0,0.0,0.0,0.0,2,3000,0,0,0,0,0,0
HF,AYUYU,44.531875,-67.376903,2, ,0.0,0.0,356.0,04,2,3000,0,0,0,0,1,0,0

FINAL,R36,36,R,3
IF,AYUYU,44.531875,-67.376903, ,0.0,0.0,2,3000,0,0,0,0,0,0
TF,CIBEV,44.623944,-67.431503,0, ,0.0,0.0,356.0,6.0,2,1700,0,0,0,0,2,0
TF,RW36,44.699439,-67.476411,0, ,0.0,0.0,356.0,4.9,1,110,0,0,0,0,3,0
CA,0,356.0,2,496,0,0,0,0,0,0
DF,AYUYU,44.531875,-67.376903,1, ,0.0,0.0,2,3000,0,0,0,0,0,0
HM,AYUYU,44.531875,-67.376903,2, ,0.0,0.0,356.0,04,0,0,0,0,0,0,0,0,0

