APPTR,D36,36,HAUWK
PI,HAUWK,30.468953,-92.073717,1,LFT,208.0,10.0,163,5.0,2,2100,0,0,0,0,1,0

APPTR,D36,36,LFT
IF,LFT,30.193814,-91.992569, ,0.0,0.0,0,0,0,0,0,0,1,0
TF,POYIS,30.355675,-92.040250,0, ,0.0,0.0,0.0,0.0,2,2100,0,0,0,0,1,0

FINAL,D36,36,D,3
IF,POYIS,30.355675,-92.040250,LFT,342.7,10.0,2,2100,0,0,0,0,0,0
CF,HAUWK,30.468953,-92.073717,0,LFT,342.7,17.0,343.0,7.0,2,1800,0,0,0,0,2,0
CF,RW36,30.554050,-92.098919,0,LFT,342.7,22.3,343.0,5.3,1,123,0,0,0,0,3,0
CA,0,343.0,2,1000,0,0,0,0,0,0
VI,1, ,0.0,120.0,0,0,0,0,0,0,0,0
CF,HAUWK,30.468953,-92.073717,0,LFT,342.7,17.0,163.0,2.0,2,2100,0,0,0,0,0,0
HM,HAUWK,30.468953,-92.073717,2, ,0.0,0.0,343.0,04.3,0,0,0,0,0,0,0,0,0

APPTR,R18,18,JUGBO
HF,JUGBO,30.769428,-92.098219,2, ,0.0,0.0,179.0,04,2,2000,0,0,0,0,1,0,0

FINAL,R18,18,R,4
IF,JUGBO,30.769428,-92.098219, ,0.0,0.0,2,2000,0,0,0,0,0,0
TF,HUPIG,30.655914,-92.098589,0, ,0.0,0.0,179.0,6.8,2,1800,0,0,0,0,2,0
TF,ZOXEB,30.593022,-92.098792,0, ,0.0,0.0,179.0,3.8,2,600,0,0,0,0,0,0
TF,RW18,30.567964,-92.098872,0, ,0.0,0.0,179.0,1.5,1,123,0,0,0,0,3,1
CA,0,179.0,2,321,0,0,0,0,0,0
DF,YOLUG,30.351911,-92.099569,0, ,0.0,0.0,2,2300,0,0,0,0,0,1
HM,YOLUG,30.351911,-92.099569,2, ,0.0,0.0,359.0,04,0,0,0,0,0,0,0,0,0

APPTR,R36,36,YOLUG
HF,YOLUG,30.351911,-92.099569,2, ,0.0,0.0,359.0,04,2,2300,0,0,0,0,1,0,0

FINAL,R36,36,R,3
IF,YOLUG,30.351911,-92.099569, ,0.0,0.0,2,2300,0,0,0,0,0,0
TF,PUZKO,30.465542,-92.099206,0, ,0.0,0.0,359.0,6.8,2,1800,0,0,0,0,2,0
TF,RW36,30.554050,-92.098919,0, ,0.0,0.0,359.0,5.3,1,113,0,0,0,0,3,1
CA,0,359.0,2,350,0,0,0,0,0,0
DF,JUGBO,30.769428,-92.098219,0, ,0.0,0.0,2,2000,0,0,0,0,0,1
HM,JUGBO,30.769428,-92.098219,2, ,0.0,0.0,179.0,04,0,0,0,0,0,0,0,0,0

