APPTR,R03,03,HANDE
IF,HANDE,33.312333,-86.523456, ,0.0,0.0,0,0,0,0,0,0,1,0
TF,HANUR,33.368761,-86.341103,0, ,0.0,0.0,0.0,0.0,2,4000,0,0,0,0,1,0

APPTR,R03,03,HANUR
HF,HANUR,33.368761,-86.341103,2, ,0.0,0.0,26.0,04,2,4000,0,0,0,0,1,0,0

FINAL,R03,03,R,4
IF,HANUR,33.368761,-86.341103, ,0.0,0.0,2,4000,0,0,0,0,0,0
TF,CEKLA,33.465403,-86.294386,0, ,0.0,0.0,26.0,6.3,2,2400,0,0,0,0,2,0
TF,WIKMU,33.509742,-86.272875,0, ,0.0,0.0,26.0,2.9,2,1440,0,0,0,0,0,0
TF,RW03,33.553050,-86.251842,0, ,0.0,0.0,26.0,2.8,1,535,0,0,0,0,3,1
CA,0,26.0,2,1200,0,0,0,0,0,0
DF,HANUR,33.368761,-86.341103,1, ,0.0,0.0,2,4000,0,0,0,0,0,1
HM,HANUR,33.368761,-86.341103,2, ,0.0,0.0,26.0,04,0,0,0,0,0,0,0,0,0

APPTR,R21,21,STAMP
IF,STAMP,33.875817,-86.243425, ,0.0,0.0,0,0,0,0,0,0,1,0
TF,TADUW,33.732075,-86.164750,0, ,0.0,0.0,0.0,0.0,2,3500,0,0,0,0,1,0

APPTR,R21,21,TADUW
HF,TADUW,33.732075,-86.164750,2, ,0.0,0.0,206.0,04,2,3500,0,0,0,0,1,0,0

FINAL,R21,21,R,4
IF,TADUW,33.732075,-86.164750, ,0.0,0.0,2,3500,0,0,0,0,0,0
TF,EFBUB,33.636333,-86.211375,0, ,0.0,0.0,206.0,6.2,2,2000,0,0,0,0,2,0
TF,UTACE,33.597681,-86.230167,0, ,0.0,0.0,206.0,2.5,2,1200,0,0,0,0,0,0
TF,RW21,33.565197,-86.245944,0, ,0.0,0.0,206.0,2.1,1,535,0,0,0,0,3,1
CA,0,206.0,2,735,0,0,0,0,0,0
DF,HANUR,33.368761,-86.341103,0, ,0.0,0.0,2,4000,0,0,0,0,0,1
HM,HANUR,33.368761,-86.341103,2, ,0.0,0.0,26.0,04,0,0,0,0,0,0,0,0,0

