APPTR,R01,01,CURIB
IF,CURIB,33.631186,-103.927622, ,0.0,0.0,0,0,0,0,0,0,0,0
TF,DEYAC,33.882778,-103.690303,0, ,0.0,0.0,0.0,0.0,2,7200,0,0,0,0,1,0
TF,ECERI,33.953475,-103.508867,0, ,0.0,0.0,0.0,0.0,2,6300,0,0,0,0,1,0

APPTR,R01,01,ECERI
HF,ECERI,33.953475,-103.508867,2, ,0.0,0.0,14.0,06,2,6300,0,0,0,0,1,0,0

APPTR,R01,01,KEBYO
IF,KEBYO,34.165831,-103.148814, ,0.0,0.0,0,0,0,0,0,0,0,0
TF,JELAT,33.921064,-103.416564,0, ,0.0,0.0,0.0,0.0,2,6700,0,0,0,0,1,0
TF,ECERI,33.953475,-103.508867,0, ,0.0,0.0,0.0,0.0,2,6300,0,0,0,0,1,0

FINAL,R01,01,R,3
IF,ECERI,33.953475,-103.508867, ,0.0,0.0,2,6300,0,0,0,0,0,0
TF,FELIB,34.047192,-103.461497,0, ,0.0,0.0,14.0,6.1,2,6000,0,0,0,0,2,0
TF,RW01,34.138117,-103.415428,0, ,0.0,0.0,14.0,5.9,1,4118,0,0,0,0,3,0
CA,0,14.0,2,4478,0,0,0,0,0,0
DF,ECERI,33.953475,-103.508867,1, ,0.0,0.0,2,6300,0,0,0,0,0,0
HM,ECERI,33.953475,-103.508867,2, ,0.0,0.0,14.0,06,0,0,0,0,0,0,0,0,0

