SID,BLAKO1,16,4
VA,0,162.0,2,600,0,0,0,0,0,0
DF,BLAKO,47.326603,-122.068133,1, ,0.0,0.0,2,6000,0,1,175,0,0,0

SID,BLAKO1,34,4
VA,0,342.0,2,600,0,0,0,0,0,0
DF,BLAKO,47.326603,-122.068133,2, ,0.0,0.0,2,6000,0,1,175,0,0,0

SID,BLAKO1,ALL,5
IF,BLAKO,47.326603,-122.068133, ,0.0,0.0,2,6000,0,1,175,0,0,0
HA,BLAKO,47.326603,-122.068133,2, ,0.0,0.0,343.0,04,2,6600,0,1,175,0,0,0,0

APPTR,R16-A,16,CIDUG
IF,CIDUG,47.007803,-122.382731, ,0.0,0.0,0,0,0,0,0,0,1,0
TF,ORTIN,47.125436,-122.170811,0, ,0.0,0.0,0.0,0.0,2,3000,0,0,0,0,1,0

APPTR,R16-A,16,ORTIN
HF,ORTIN,47.125436,-122.170811,1, ,0.0,0.0,33.0,04,2,3000,0,0,0,0,1,0,0

FINAL,R16-A,16,R,4
IF,ORTIN,47.125436,-122.170811, ,0.0,0.0,2,3000,0,0,0,0,0,0
TF,JISTA,47.246644,-122.205028,0, ,0.0,0.0,331.0,7.4,2,2100,0,0,0,0,2,0
TF,CAXAM,47.283603,-122.215458,0, ,0.0,0.0,331.0,2.3,2,1140,0,0,0,0,0,0
TF,UGUYE,47.314850,-122.224289,0, ,0.0,0.0,331.0,1.9,1,329,0,0,0,0,3,1
CA,0,331.0,2,463,0,0,0,0,0,0
DF,ORTIN,47.125436,-122.170811,2, ,0.0,0.0,2,3000,0,0,0,0,0,1
HM,ORTIN,47.125436,-122.170811,1, ,0.0,0.0,33.0,04,0,0,0,0,0,0,0,0,0

APPTR,R34-A,34,CIDUG
IF,CIDUG,47.007803,-122.382731, ,0.0,0.0,0,0,0,0,0,0,1,0
TF,ORTIN,47.125436,-122.170811,0, ,0.0,0.0,0.0,0.0,2,3000,0,0,0,0,1,0

APPTR,R34-A,34,ORTIN
HF,ORTIN,47.125436,-122.170811,1, ,0.0,0.0,33.0,04,2,3000,0,0,0,0,1,0,0

FINAL,R34-A,34,R,4
IF,ORTIN,47.125436,-122.170811, ,0.0,0.0,2,3000,0,0,0,0,0,0
TF,JISTA,47.246644,-122.205028,0, ,0.0,0.0,331.0,7.4,2,2100,0,0,0,0,2,0
TF,CAXAM,47.283603,-122.215458,0, ,0.0,0.0,331.0,2.3,2,1140,0,0,0,0,0,0
TF,UGUYE,47.314850,-122.224289,0, ,0.0,0.0,331.0,1.9,1,329,0,0,0,0,3,1
CA,0,331.0,2,463,0,0,0,0,0,0
DF,ORTIN,47.125436,-122.170811,2, ,0.0,0.0,2,3000,0,0,0,0,0,1
HM,ORTIN,47.125436,-122.170811,1, ,0.0,0.0,33.0,04,0,0,0,0,0,0,0,0,0

