SID,POAKE2,02,1
VI,0, ,0.0,27.0,0,0,0,0,0,0,0,0
CF,CFFDN,35.673078,-106.045492,0,SAF,353.8,8.0,354.0,1.0,3,9000,0,0,0,0,0,0
TF,NAMBE,35.789156,-106.028411,0, ,0.0,0.0,0.0,0.0,0,0,0,0,0,0,0,0
TF,POAKE,35.905128,-106.011292,0, ,0.0,0.0,0.0,0.0,2,10000,0,0,0,0,0,0

SID,POAKE2,20,1
CA,0,207.0,2,6750,0,0,0,0,0,0
CF,CFFDN,35.673078,-106.045492,1,SAF,353.8,8.0,354.0,7.0,3,9000,0,0,0,0,0,0
TF,NAMBE,35.789156,-106.028411,0, ,0.0,0.0,0.0,0.0,0,0,0,0,0,0,0,0
TF,POAKE,35.905128,-106.011292,0, ,0.0,0.0,0.0,0.0,2,10000,0,0,0,0,0,0

SID,POAKE2,SAF,3
IF,POAKE,35.905128,-106.011292, ,0.0,0.0,2,10000,0,0,0,0,0,0
VD, ,0,0,1,SAF,0.0,0.0,174.0,18.0,2,11000,0,0,0,0,0,0
DF,SAF,35.540542,-106.064936,0, ,0.0,0.0,0,0,0,0,0,0,0,0

SID,POAKE2,TAS,3
IF,POAKE,35.905128,-106.011292, ,0.0,0.0,2,10000,0,0,0,0,0,0
TF,TAS,36.608769,-105.906319,0, ,0.0,0.0,0.0,0.0,0,0,0,0,0,0,0,0

SID,TAFOY2,02,1
VA,0,27.0,2,6748,0,0,0,0,0,0
DF,SAF,35.540542,-106.064936,2, ,0.0,0.0,0,0,0,0,0,0,0,0

SID,TAFOY2,15,1
VA,0,159.0,2,6748,0,0,0,0,0,0
DF,SAF,35.540542,-106.064936,0, ,0.0,0.0,0,0,0,0,0,0,0,0

SID,TAFOY2,20,1
VA,0,207.0,2,6748,0,0,0,0,0,0
DF,SAF,35.540542,-106.064936,0, ,0.0,0.0,0,0,0,0,0,0,0,0

SID,TAFOY2,33,1
VA,0,339.0,2,6748,0,0,0,0,0,0
DF,SAF,35.540542,-106.064936,2, ,0.0,0.0,0,0,0,0,0,0,0,0

SID,TAFOY2,ALL,2
IF,SAF,35.540542,-106.064936, ,0.0,0.0,0,0,0,0,0,0,0,0
TF,TAFOY,35.337497,-105.575636,0, ,0.0,0.0,0.0,0.0,0,0,0,0,0,0,0,0

SID,TAFOY2,ACH,3
IF,TAFOY,35.337497,-105.575636, ,0.0,0.0,0,0,0,0,0,0,0,0
TF,ACH,35.111706,-105.039928,0, ,0.0,0.0,0.0,0.0,0,0,0,0,0,0,0,0

SID,TAFOY2,FTI,3
IF,TAFOY,35.337497,-105.575636, ,0.0,0.0,0,0,0,0,0,0,0,0
TF,FTI,35.657550,-105.135597,0, ,0.0,0.0,0.0,0.0,0,0,0,0,0,0,0,0

SID,ZIASE4,02,1
CA,0,27.0,2,6750,0,0,0,0,0,0
VI,1, ,0.0,204.0,0,0,0,0,0,0,0,0
CF,ZIASE,35.523600,-106.614158,0,SAF,255.0,26.9,255.0,17.0,0,0,0,0,0,0,0,0

SID,ZIASE4,15,1
CA,0,159.0,2,6750,0,0,0,0,0,0
VI,0, ,0.0,204.0,0,0,0,0,0,0,0,0
CF,ZIASE,35.523600,-106.614158,0,SAF,255.0,26.9,255.0,24.0,0,0,0,0,0,0,0,0

SID,ZIASE4,20,1
CA,0,207.0,2,6750,0,0,0,0,0,0
VI,0, ,0.0,207.0,0,0,0,0,0,0,0,0
CF,ZIASE,35.523600,-106.614158,0,SAF,255.0,26.9,255.0,23.0,0,0,0,0,0,0,0,0

SID,ZIASE4,33,1
CA,0,339.0,2,6750,0,0,0,0,0,0
VI,1, ,0.0,204.0,0,0,0,0,0,0,0,0
CF,ZIASE,35.523600,-106.614158,0,SAF,255.0,26.9,255.0,19.0,0,0,0,0,0,0,0,0

SID,ZIASE4,ABQ,3
IF,ZIASE,35.523600,-106.614158, ,0.0,0.0,0,0,0,0,0,0,0,0
TF,ABQ,35.043794,-106.816311,0, ,0.0,0.0,0.0,0.0,0,0,0,0,0,0,0,0

SID,ZIASE4,GUP,3
IF,ZIASE,35.523600,-106.614158, ,0.0,0.0,0,0,0,0,0,0,0,0
TF,CABZO,35.504417,-107.156475,0, ,0.0,0.0,0.0,0.0,0,0,0,0,0,0,0,0
TF,GUP,35.476000,-108.872611,0, ,0.0,0.0,0.0,0.0,0,0,0,0,0,0,0,0

APPTR,D02-A,02,POAKE
IF,POAKE,35.905128,-106.011292, ,0.0,0.0,0,0,0,0,0,0,1,0
FC,POAKE,35.905128,-106.011292,0,SAF,0.0,0.0,223.0,6.6,2,8300,0,0,0,0,0,0
CF,MITUM,35.705422,-106.096953,0,SAF,338.0,10.0,158.0,8.4,2,8300,0,0,0,0,0,0

APPTR,D02-A,02,SAF
IF,SAF,35.540542,-106.064936, ,0.0,0.0,0,0,0,0,0,0,0,0
TF,MITUM,35.705422,-106.096953,0, ,0.0,0.0,0.0,0.0,2,9500,0,0,0,0,0,0
PI,MITUM,35.705422,-106.096953,1,SAF,23.0,10.0,338,5.0,2,9000,0,0,0,0,1,0
CF,MITUM,35.705422,-106.096953,0,SAF,338.0,10.0,158.0,8.0,2,8300,0,0,0,0,0,0

FINAL,D02-A,02,D,2
IF,MITUM,35.705422,-106.096953,SAF,338.0,10.0,2,8300,0,0,0,0,2,0
CF,MA158,35.627906,-106.081889,0,SAF,338.0,5.3,158.0,4.7,1,7020,0,0,0,0,3,0
CF,SAF,35.540542,-106.064936,0,SAF,0.0,0.0,158.0,5.3,2,9000,0,0,0,0,0,0
HM,SAF,35.540542,-106.064936,2, ,0.0,0.0,332.0,04.3,0,0,0,0,0,0,0,0,0

APPTR,D10-A,10,POAKE
IF,POAKE,35.905128,-106.011292, ,0.0,0.0,0,0,0,0,0,0,1,0
FC,POAKE,35.905128,-106.011292,0,SAF,0.0,0.0,223.0,6.6,2,8300,0,0,0,0,0,0
CF,MITUM,35.705422,-106.096953,0,SAF,338.0,10.0,158.0,8.4,2,8300,0,0,0,0,0,0

APPTR,D10-A,10,SAF
IF,SAF,35.540542,-106.064936, ,0.0,0.0,0,0,0,0,0,0,0,0
TF,MITUM,35.705422,-106.096953,0, ,0.0,0.0,0.0,0.0,2,9500,0,0,0,0,0,0
PI,MITUM,35.705422,-106.096953,1,SAF,23.0,10.0,338,5.0,2,9000,0,0,0,0,1,0
CF,MITUM,35.705422,-106.096953,0,SAF,338.0,10.0,158.0,8.0,2,8300,0,0,0,0,0,0

FINAL,D10-A,10,D,2
IF,MITUM,35.705422,-106.096953,SAF,338.0,10.0,2,8300,0,0,0,0,2,0
CF,MA158,35.627906,-106.081889,0,SAF,338.0,5.3,158.0,4.7,1,7020,0,0,0,0,3,0
CF,SAF,35.540542,-106.064936,0,SAF,0.0,0.0,158.0,5.3,2,9000,0,0,0,0,0,0
HM,SAF,35.540542,-106.064936,2, ,0.0,0.0,332.0,04.3,0,0,0,0,0,0,0,0,0

APPTR,D15-A,15,POAKE
IF,POAKE,35.905128,-106.011292, ,0.0,0.0,0,0,0,0,0,0,1,0
FC,POAKE,35.905128,-106.011292,0,SAF,0.0,0.0,223.0,6.6,2,8300,0,0,0,0,0,0
CF,MITUM,35.705422,-106.096953,0,SAF,338.0,10.0,158.0,8.4,2,8300,0,0,0,0,0,0

APPTR,D15-A,15,SAF
IF,SAF,35.540542,-106.064936, ,0.0,0.0,0,0,0,0,0,0,0,0
TF,MITUM,35.705422,-106.096953,0, ,0.0,0.0,0.0,0.0,2,9500,0,0,0,0,0,0
PI,MITUM,35.705422,-106.096953,1,SAF,23.0,10.0,338,5.0,2,9000,0,0,0,0,1,0
CF,MITUM,35.705422,-106.096953,0,SAF,338.0,10.0,158.0,8.0,2,8300,0,0,0,0,0,0

FINAL,D15-A,15,D,2
IF,MITUM,35.705422,-106.096953,SAF,338.0,10.0,2,8300,0,0,0,0,2,0
CF,MA158,35.627906,-106.081889,0,SAF,338.0,5.3,158.0,4.7,1,7020,0,0,0,0,3,0
CF,SAF,35.540542,-106.064936,0,SAF,0.0,0.0,158.0,5.3,2,9000,0,0,0,0,0,0
HM,SAF,35.540542,-106.064936,2, ,0.0,0.0,332.0,04.3,0,0,0,0,0,0,0,0,0

APPTR,D20-A,20,POAKE
IF,POAKE,35.905128,-106.011292, ,0.0,0.0,0,0,0,0,0,0,1,0
FC,POAKE,35.905128,-106.011292,0,SAF,0.0,0.0,223.0,6.6,2,8300,0,0,0,0,0,0
CF,MITUM,35.705422,-106.096953,0,SAF,338.0,10.0,158.0,8.4,2,8300,0,0,0,0,0,0

APPTR,D20-A,20,SAF
IF,SAF,35.540542,-106.064936, ,0.0,0.0,0,0,0,0,0,0,0,0
TF,MITUM,35.705422,-106.096953,0, ,0.0,0.0,0.0,0.0,2,9500,0,0,0,0,0,0
PI,MITUM,35.705422,-106.096953,1,SAF,23.0,10.0,338,5.0,2,9000,0,0,0,0,1,0
CF,MITUM,35.705422,-106.096953,0,SAF,338.0,10.0,158.0,8.0,2,8300,0,0,0,0,0,0

FINAL,D20-A,20,D,2
IF,MITUM,35.705422,-106.096953,SAF,338.0,10.0,2,8300,0,0,0,0,2,0
CF,MA158,35.627906,-106.081889,0,SAF,338.0,5.3,158.0,4.7,1,7020,0,0,0,0,3,0
CF,SAF,35.540542,-106.064936,0,SAF,0.0,0.0,158.0,5.3,2,9000,0,0,0,0,0,0
HM,SAF,35.540542,-106.064936,2, ,0.0,0.0,332.0,04.3,0,0,0,0,0,0,0,0,0

APPTR,D28-A,28,POAKE
IF,POAKE,35.905128,-106.011292, ,0.0,0.0,0,0,0,0,0,0,1,0
FC,POAKE,35.905128,-106.011292,0,SAF,0.0,0.0,223.0,6.6,2,8300,0,0,0,0,0,0
CF,MITUM,35.705422,-106.096953,0,SAF,338.0,10.0,158.0,8.4,2,8300,0,0,0,0,0,0

APPTR,D28-A,28,SAF
IF,SAF,35.540542,-106.064936, ,0.0,0.0,0,0,0,0,0,0,0,0
TF,MITUM,35.705422,-106.096953,0, ,0.0,0.0,0.0,0.0,2,9500,0,0,0,0,0,0
PI,MITUM,35.705422,-106.096953,1,SAF,23.0,10.0,338,5.0,2,9000,0,0,0,0,1,0
CF,MITUM,35.705422,-106.096953,0,SAF,338.0,10.0,158.0,8.0,2,8300,0,0,0,0,0,0

FINAL,D28-A,28,D,2
IF,MITUM,35.705422,-106.096953,SAF,338.0,10.0,2,8300,0,0,0,0,2,0
CF,MA158,35.627906,-106.081889,0,SAF,338.0,5.3,158.0,4.7,1,7020,0,0,0,0,3,0
CF,SAF,35.540542,-106.064936,0,SAF,0.0,0.0,158.0,5.3,2,9000,0,0,0,0,0,0
HM,SAF,35.540542,-106.064936,2, ,0.0,0.0,332.0,04.3,0,0,0,0,0,0,0,0,0

APPTR,D33-A,33,POAKE
IF,POAKE,35.905128,-106.011292, ,0.0,0.0,0,0,0,0,0,0,1,0
FC,POAKE,35.905128,-106.011292,0,SAF,0.0,0.0,223.0,6.6,2,8300,0,0,0,0,0,0
CF,MITUM,35.705422,-106.096953,0,SAF,338.0,10.0,158.0,8.4,2,8300,0,0,0,0,0,0

APPTR,D33-A,33,SAF
IF,SAF,35.540542,-106.064936, ,0.0,0.0,0,0,0,0,0,0,0,0
TF,MITUM,35.705422,-106.096953,0, ,0.0,0.0,0.0,0.0,2,9500,0,0,0,0,0,0
PI,MITUM,35.705422,-106.096953,1,SAF,23.0,10.0,338,5.0,2,9000,0,0,0,0,1,0
CF,MITUM,35.705422,-106.096953,0,SAF,338.0,10.0,158.0,8.0,2,8300,0,0,0,0,0,0

FINAL,D33-A,33,D,2
IF,MITUM,35.705422,-106.096953,SAF,338.0,10.0,2,8300,0,0,0,0,2,0
CF,MA158,35.627906,-106.081889,0,SAF,338.0,5.3,158.0,4.7,1,7020,0,0,0,0,3,0
CF,SAF,35.540542,-106.064936,0,SAF,0.0,0.0,158.0,5.3,2,9000,0,0,0,0,0,0
HM,SAF,35.540542,-106.064936,2, ,0.0,0.0,332.0,04.3,0,0,0,0,0,0,0,0,0

APPTR,I02,02,ECISA
IF,ECISA,35.450183,-105.846347, ,0.0,0.0,0,0,0,0,0,0,1,0
AF,FAKER,35.418514,-106.259189,2,SAF,219.5,12.0,104.0,2,10400,0,0,0,0,1,0
CF,CIBVU,35.489683,-106.198108,0,ISGB,207.1,10.3,27.0,5.2,2,8800,0,0,0,0,0,0

APPTR,I02,02,HEGMI
IF,HEGMI,35.533300,-106.309847, ,0.0,0.0,0,0,0,0,0,0,1,0
AF,FAKER,35.418514,-106.259189,1,SAF,219.5,12.0,255.0,2,10400,0,0,0,0,1,0
CF,CIBVU,35.489683,-106.198108,0,ISGB,207.1,10.3,27.0,5.2,2,8800,0,0,0,0,0,0

APPTR,I02,02,LIYIR
IF,LIYIR,35.420203,-106.379136, ,0.0,0.0,0,0,0,0,0,0,1,0
TF,CFCGG,35.379317,-106.292728,0, ,0.0,0.0,0.0,0.0,2,10400,0,0,0,0,0,0
TF,FAKER,35.418514,-106.259189,0, ,0.0,0.0,0.0,0.0,2,10400,0,0,0,0,1,0
CF,CIBVU,35.489683,-106.198108,0,ISGB,207.1,10.3,27.0,5.2,2,8800,0,0,0,0,0,0

FINAL,I02,02,I,3
IF,CIBVU,35.489683,-106.198108,ISGB,207.1,10.3,2,8800,0,0,0,0,0,0
CF,DOUMA,35.545183,-106.150522,0,ISGB,207.1,6.2,27.0,4.1,1,7800,0,0,0,0,2,0
CF,RW02,35.608347,-106.096175,0,ISGB,207.1,1.6,27.0,4.6,1,6326,0,0,0,0,3,0
CA,0,27.0,2,7300,0,0,0,0,0,0
CI,0, ,0.0,27.0,0,0,0,0,0,0,0,0
CF,ZEDAN,36.037706,-105.991631,0,SAF,353.8,30.0,354.0,20.0,2,11000,0,0,0,0,0,0
HM,ZEDAN,36.037706,-105.991631,2, ,0.0,0.0,174.0,04.3,0,0,0,0,0,0,0,0,0

APPTR,R02,02,DULKE
IF,DULKE,35.243442,-106.279397, ,0.0,0.0,0,0,0,0,0,0,1,0
TF,WODES,35.436833,-106.273550,0, ,0.0,0.0,0.0,0.0,2,10000,0,0,0,0,1,0

APPTR,R02,02,NELGE
IF,NELGE,35.359756,-106.535811, ,0.0,0.0,0,0,0,0,0,0,1,0
TF,WODES,35.436833,-106.273550,0, ,0.0,0.0,0.0,0.0,2,10000,0,0,0,0,1,0

APPTR,R02,02,ZIASE
IF,ZIASE,35.523600,-106.614158, ,0.0,0.0,0,0,0,0,0,0,1,0
TF,WODES,35.436833,-106.273550,0, ,0.0,0.0,0.0,0.0,2,10000,0,0,0,0,1,0

FINAL,R02,02,R,3
IF,WODES,35.436833,-106.273550, ,0.0,0.0,2,10000,0,0,0,0,0,0
TF,DOUMA,35.545183,-106.150522,0, ,0.0,0.0,35.0,8.9,2,7800,0,0,0,0,2,0
TF,RW02,35.608347,-106.096175,0, ,0.0,0.0,27.0,4.6,1,6326,0,0,0,0,3,0
CA,0,27.0,2,7300,0,0,0,0,0,0
DF,ZEDAN,36.037706,-105.991631,0, ,0.0,0.0,2,11000,0,0,0,0,0,1
HM,ZEDAN,36.037706,-105.991631,2, ,0.0,0.0,179.0,07,0,0,0,0,0,0,0,0,0

APPTR,R15,15,SAF
IF,SAF,35.540542,-106.064936, ,0.0,0.0,0,0,0,0,0,0,0,0
TF,KARSE,35.887728,-106.131628,0, ,0.0,0.0,0.0,0.0,2,10000,0,0,0,0,0,1
HF,KARSE,35.887728,-106.131628,1, ,0.0,0.0,172.0,07,2,10000,0,0,0,0,1,0,0

APPTR,R15,15,ZEDAN
IF,ZEDAN,36.037706,-105.991631, ,0.0,0.0,0,0,0,0,0,0,1,0
TF,KARSE,35.887728,-106.131628,0, ,0.0,0.0,0.0,0.0,2,10000,0,0,0,0,1,0

FINAL,R15,15,R,4
IF,KARSE,35.887728,-106.131628, ,0.0,0.0,2,10000,0,0,0,0,0,0
TF,FINAK,35.758839,-106.130542,0, ,0.0,0.0,172.0,7.7,2,9000,0,0,0,0,2,0
TF,SECRO,35.679661,-106.107561,0, ,0.0,0.0,159.0,4.9,2,7440,0,0,0,0,0,0
TF,RW15,35.624433,-106.091561,0, ,0.0,0.0,159.0,3.4,1,6364,0,0,0,0,3,1
CA,0,159.0,2,6569,0,0,0,0,0,0
DF,LACRO,35.393994,-106.024453,0, ,0.0,0.0,2,10300,0,0,0,0,0,1
HM,LACRO,35.393994,-106.024453,2, ,0.0,0.0,339.0,11,0,0,0,0,0,0,0,0,0

APPTR,R20,20,SAF
IF,SAF,35.540542,-106.064936, ,0.0,0.0,0,0,0,0,0,0,0,0
TF,POAKE,35.905128,-106.011292,0, ,0.0,0.0,0.0,0.0,2,11000,0,0,0,0,0,1
HF,POAKE,35.905128,-106.011292,2, ,0.0,0.0,177.0,07,2,11000,0,0,0,0,1,0,0

FINAL,R20,20,R,4
IF,POAKE,35.905128,-106.011292, ,0.0,0.0,2,11000,0,0,0,0,0,0
TF,JETEK,35.729622,-106.031156,0, ,0.0,0.0,177.0,10.6,2,8500,0,0,0,0,2,0
TF,SACBO,35.669928,-106.057994,0, ,0.0,0.0,192.0,3.8,2,7280,0,0,0,0,0,0
TF,ROYSO,35.633881,-106.074181,0, ,0.0,0.0,192.0,2.3,1,6555,0,0,0,0,3,1
CA,0,192.0,2,6749,0,0,0,0,0,0
DF,HEGMI,35.533300,-106.309847,0, ,0.0,0.0,2,9000,0,0,0,0,0,1
HM,HEGMI,35.533300,-106.309847,2, ,0.0,0.0,80.0,07,0,0,0,0,0,0,0,0,0

APPTR,R28,28,CAYAL
IF,CAYAL,35.342264,-106.010186, ,0.0,0.0,0,0,0,0,0,0,0,0
TF,RENCO,35.424483,-105.784369,0, ,0.0,0.0,0.0,0.0,2,10000,0,0,0,0,0,1
HF,RENCO,35.424483,-105.784369,1, ,0.0,0.0,310.0,07,2,10000,0,0,0,0,1,0,0

APPTR,R28,28,OTO
IF,OTO,35.072269,-105.936081, ,0.0,0.0,0,0,0,0,0,0,1,0
TF,RENCO,35.424483,-105.784369,0, ,0.0,0.0,0.0,0.0,2,10000,0,0,0,0,1,0

APPTR,R28,28,SAF
IF,SAF,35.540542,-106.064936, ,0.0,0.0,0,0,0,0,0,0,0,0
TF,RENCO,35.424483,-105.784369,0, ,0.0,0.0,0.0,0.0,2,10000,0,0,0,0,0,1
HF,RENCO,35.424483,-105.784369,1, ,0.0,0.0,310.0,07,2,10000,0,0,0,0,1,0,0

FINAL,R28,28,R,4
IF,RENCO,35.424483,-105.784369, ,0.0,0.0,2,10000,0,0,0,0,0,0
TF,ZEBIT,35.546794,-105.918050,0, ,0.0,0.0,310.0,9.8,2,9200,0,0,0,0,2,0
TF,COTAC,35.587147,-106.015967,0, ,0.0,0.0,289.0,5.4,2,7480,0,0,0,0,0,0
TF,RW28,35.614164,-106.081686,0, ,0.0,0.0,289.0,3.6,1,6343,0,0,0,0,3,1
CA,0,289.0,2,6749,0,0,0,0,0,0
DF,LACRO,35.393994,-106.024453,1, ,0.0,0.0,2,9200,0,0,0,0,0,1
HM,LACRO,35.393994,-106.024453,2, ,0.0,0.0,339.0,07,0,0,0,0,0,0,0,0,0

APPTR,R33,33,NELGE
IF,NELGE,35.359756,-106.535811, ,0.0,0.0,0,0,0,0,0,0,0,0
TF,LACRO,35.393994,-106.024453,0, ,0.0,0.0,0.0,0.0,2,11000,0,0,0,0,0,1
HF,LACRO,35.393994,-106.024453,2, ,0.0,0.0,339.0,07,2,10000,0,0,0,0,1,0,0

APPTR,R33,33,RENCO
IF,RENCO,35.424483,-105.784369, ,0.0,0.0,0,0,0,0,0,0,1,0
TF,LACRO,35.393994,-106.024453,0, ,0.0,0.0,0.0,0.0,2,10000,0,0,0,0,1,0

APPTR,R33,33,SAF
IF,SAF,35.540542,-106.064936, ,0.0,0.0,0,0,0,0,0,0,0,0
TF,LACRO,35.393994,-106.024453,0, ,0.0,0.0,0.0,0.0,2,10000,0,0,0,0,0,1
HF,LACRO,35.393994,-106.024453,2, ,0.0,0.0,339.0,07,2,10000,0,0,0,0,1,0,0

APPTR,R33,33,ZIASE
IF,ZIASE,35.523600,-106.614158, ,0.0,0.0,0,0,0,0,0,0,0,0
TF,LACRO,35.393994,-106.024453,0, ,0.0,0.0,0.0,0.0,2,11000,0,0,0,0,0,1
HF,LACRO,35.393994,-106.024453,2, ,0.0,0.0,339.0,07,2,10000,0,0,0,0,1,0,0

FINAL,R33,33,R,4
IF,LACRO,35.393994,-106.024453, ,0.0,0.0,2,10000,0,0,0,0,0,0
TF,TISKE,35.512333,-106.059144,0, ,0.0,0.0,339.0,7.3,2,8200,0,0,0,0,2,0
TF,WAMOK,35.581561,-106.079153,0, ,0.0,0.0,339.0,4.3,2,6840,0,0,0,0,0,0
TF,RW33,35.607550,-106.086672,0, ,0.0,0.0,339.0,1.6,1,6333,0,0,0,0,3,1
CA,0,339.0,2,6800,0,0,0,0,0,0
DF,ZEDAN,36.037706,-105.991631,2, ,0.0,0.0,2,11000,0,0,0,0,0,1
HM,ZEDAN,36.037706,-105.991631,2, ,0.0,0.0,179.0,07,0,0,0,0,0,0,0,0,0

APPTR,S33,33,D104I
IF,D104I,35.472247,-105.901306, ,0.0,0.0,0,0,0,0,0,0,1,0
AF,LACRO,35.393994,-106.024453,2,SAF,154.3,9.0,104.0,2,9000,0,0,0,0,0,0
CF,SAF,35.540542,-106.064936,0,SAF,0.0,0.0,334.0,9.0,2,7800,0,0,0,0,0,0

APPTR,S33,33,D255G
IF,D255G,35.536400,-106.207806, ,0.0,0.0,0,0,0,0,0,0,1,0
AF,D154G,35.426592,-106.033431,1,SAF,154.2,7.0,255.0,2,9000,0,0,0,0,0,0
CF,SAF,35.540542,-106.064936,0,SAF,0.0,0.0,334.0,7.0,2,7800,0,0,0,0,0,0

APPTR,S33,33,LACRO
IF,LACRO,35.393994,-106.024453, ,0.0,0.0,0,0,0,0,0,0,1,0
TF,SAF,35.540542,-106.064936,0, ,0.0,0.0,0.0,0.0,2,7800,0,0,0,0,0,0

APPTR,S33,33,SAF
PI,SAF,35.540542,-106.064936,2,SAF,109.0,10.0,154,5.0,2,8200,0,0,0,0,1,0
CF,SAF,35.540542,-106.064936,0,SAF,0.0,0.0,334.0,8.0,2,7800,0,0,0,0,0,0

FINAL,S33,33,D,2
IF,SAF,35.540542,-106.064936,SAF,0.0,0.0,2,7800,0,0,0,0,2,0
CF,RW33,35.607550,-106.086672,0,SAF,332.2,4.2,332.0,4.2,1,6335,0,0,0,0,3,0
CA,0,332.0,2,6748,0,0,0,0,0,0
DF,SAF,35.540542,-106.064936,2, ,0.0,0.0,2,9000,0,0,0,0,0,0
HM,SAF,35.540542,-106.064936,2, ,0.0,0.0,332.0,04.3,0,0,0,0,0,0,0,0,0

