APPTR,I29R,29R,HONEZ
IF,HONEZ,37.788464,-120.713519, ,0.0,0.0,0,0,0,0,0,0,0,0
TF,DIJER,37.676758,-120.883164,0, ,0.0,0.0,0.0,0.0,2,2900,0,0,0,0,1,0
FC,DIJER,37.676758,-120.883164,0,MOD,0.0,0.0,294.0,4.2,2,2900,0,0,0,0,0,0
CF,SIMMS,37.760264,-121.018811,0,ISCK,113.6,14.1,294.0,4.0,2,2900,0,0,0,0,1,0

APPTR,I29R,29R,LIN
IF,LIN,38.074581,-121.003858, ,0.0,0.0,0,0,0,0,0,0,0,0
TF,CUSEX,37.829717,-121.131975,0, ,0.0,0.0,0.0,0.0,2,2600,0,0,0,0,0,0
HF,CUSEX,37.829717,-121.131975,2, ,0.0,0.0,294.0,04.3,2,1800,0,0,0,0,1,0,0

APPTR,I29R,29R,MOD
FC,MOD,37.627375,-120.957867,0,MOD,0.0,0.0,323.0,4.5,2,2900,0,0,0,0,1,0
CF,SIMMS,37.760264,-121.018811,0,ISCK,113.6,14.1,323.0,4.0,2,2900,0,0,0,0,1,0

FINAL,I29R,29R,I,3
IF,SIMMS,37.760264,-121.018811,ISCK,113.6,14.1,2,2900,0,0,0,0,0,0
CF,CUSEX,37.829717,-121.131975,0,ISCK,113.6,7.3,294.0,6.8,1,1800,0,0,0,0,2,0
CF,RW29R,37.886181,-121.224389,0,ISCK,113.6,1.8,294.0,5.5,1,93,0,0,0,0,3,0
CA,0,294.0,2,500,0,0,0,0,0,0
VI,0, ,0.0,10.0,0,0,0,0,0,0,0,0
CF,ORANG,37.983453,-121.264153,0,MOD,308.8,25.8,309.0,3.0,2,2000,0,0,0,0,0,0
HM,ORANG,37.983453,-121.264153,1, ,0.0,0.0,129.0,04.3,0,0,0,0,0,0,0,0,0

APPTR,R11L,11L,ALTAM
IF,ALTAM,37.812172,-121.747094, ,0.0,0.0,0,0,0,0,0,0,1,0
TF,LITPE,37.913978,-121.594314,0, ,0.0,0.0,0.0,0.0,2,5000,0,0,0,0,0,0
TF,HAXEK,38.016631,-121.438894,0, ,0.0,0.0,0.0,0.0,2,2700,0,0,0,0,1,0

APPTR,R11L,11L,LIN
IF,LIN,38.074581,-121.003858, ,0.0,0.0,0,0,0,0,0,0,0,0
TF,HAXEK,38.016631,-121.438894,0, ,0.0,0.0,0.0,0.0,2,2700,0,0,0,0,0,1
HF,HAXEK,38.016631,-121.438894,2, ,0.0,0.0,113.0,04,2,2700,0,0,0,0,1,0,0

APPTR,R11L,11L,OAKEY
IF,OAKEY,38.056619,-121.671831, ,0.0,0.0,0,0,0,0,0,0,1,0
TF,HAXEK,38.016631,-121.438894,0, ,0.0,0.0,0.0,0.0,2,2700,0,0,0,0,1,0

APPTR,R11L,11L,VISTO
IF,VISTO,38.194083,-121.629317, ,0.0,0.0,0,0,0,0,0,0,1,0
TF,HAXEK,38.016631,-121.438894,0, ,0.0,0.0,0.0,0.0,2,2700,0,0,0,0,1,0

FINAL,R11L,11L,R,3
IF,HAXEK,38.016631,-121.438894, ,0.0,0.0,2,2700,0,0,0,0,0,0
TF,GIKTE,37.955700,-121.338528,0, ,0.0,0.0,113.0,6.0,2,1800,0,0,0,0,2,0
TF,RW11L,37.900667,-121.248142,0, ,0.0,0.0,114.0,5.4,1,77,0,0,0,0,3,1
CA,0,114.0,2,229,0,0,0,0,0,0
DF,OXJEF,37.769833,-121.034253,0, ,0.0,0.0,2,2000,0,0,0,0,0,1
HM,OXJEF,37.769833,-121.034253,2, ,0.0,0.0,294.0,04,0,0,0,0,0,0,0,0,0

APPTR,R29R,29R,MOD
IF,MOD,37.627375,-120.957867, ,0.0,0.0,0,0,0,0,0,0,1,0
TF,OXJEF,37.769833,-121.034253,0, ,0.0,0.0,0.0,0.0,2,2000,0,0,0,0,1,0

APPTR,R29R,29R,OXJEF
HF,OXJEF,37.769833,-121.034253,2, ,0.0,0.0,294.0,04,0,0,0,0,0,0,1,0,0

APPTR,R29R,29R,WRAPS
IF,WRAPS,37.857944,-120.783744, ,0.0,0.0,0,0,0,0,0,0,1,0
TF,OXJEF,37.769833,-121.034253,0, ,0.0,0.0,0.0,0.0,2,2000,0,0,0,0,1,0

FINAL,R29R,29R,R,3
IF,OXJEF,37.769833,-121.034253, ,0.0,0.0,2,2000,0,0,0,0,0,0
TF,IPDEW,37.831239,-121.134467,0, ,0.0,0.0,294.0,6.0,2,1800,0,0,0,0,2,0
TF,RW29R,37.886181,-121.224389,0, ,0.0,0.0,294.0,5.4,1,82,0,0,0,0,3,1
CA,0,294.0,2,232,0,0,0,0,0,0
DF,HAXEK,38.016631,-121.438894,0, ,0.0,0.0,2,2700,0,0,0,0,0,1
HM,HAXEK,38.016631,-121.438894,2, ,0.0,0.0,113.0,04,0,0,0,0,0,0,0,0,0

