APPTR,I32,32,TNU
IF,TNU,41.783883,-93.109033, ,0.0,0.0,0,0,0,0,0,0,0,0
TF,MATAG,41.602103,-92.943517,0, ,0.0,0.0,0.0,0.0,2,3000,0,0,0,0,0,0
PI,MATAG,41.602103,-92.943517,2,TNU,96.0,10.0,141,5.0,2,3000,0,0,0,0,1,0

FINAL,I32,32,I,3
IF,CFBXR,41.524047,-92.861044,IMGX,141.2,12.1,2,3000,0,0,0,0,0,0
CF,MATAG,41.602103,-92.943517,0,IMGX,141.0,6.2,321.0,6.0,1,2653,0,0,0,0,2,0
CF,RW32,41.668439,-93.015308,0,IMGX,141.2,0.0,321.0,5.1,1,1005,0,0,0,0,3,0
CA,0,321.0,2,1360,0,0,0,0,0,0
DF,TNU,41.783883,-93.109033,0, ,0.0,0.0,2,3000,0,0,0,0,0,0
HM,TNU,41.783883,-93.109033,2, ,0.0,0.0,147.0,04.3,0,0,0,0,0,0,0,0,0

APPTR,R14,14,KOWDO
HF,KOWDO,41.823281,-93.181764,2, ,0.0,0.0,141.0,04,2,3100,0,0,0,0,1,0,0

FINAL,R14,14,R,3
IF,KOWDO,41.823281,-93.181764, ,0.0,0.0,2,3100,0,0,0,0,0,0
TF,EBSUH,41.746061,-93.098619,0, ,0.0,0.0,141.0,6.0,2,2600,0,0,0,0,2,0
TF,RW14,41.680417,-93.028147,0, ,0.0,0.0,141.0,5.1,1,991,0,0,0,0,3,1
CA,0,141.0,2,1203,0,0,0,0,0,0
DF,UBHIT,41.525350,-92.862433,0, ,0.0,0.0,2,2700,0,0,0,0,0,1
HM,UBHIT,41.525350,-92.862433,2, ,0.0,0.0,321.0,04,0,0,0,0,0,0,0,0,0

APPTR,R32,32,JUDVU
IF,JUDVU,41.473211,-92.948975, ,0.0,0.0,2,2700,0,0,0,0,1,0
TF,UBHIT,41.525350,-92.862433,0, ,0.0,0.0,0.0,0.0,2,2700,0,0,0,0,1,0

APPTR,R32,32,UBHIT
HF,UBHIT,41.525350,-92.862433,2, ,0.0,0.0,321.0,04,2,2700,0,0,0,0,1,0,0

APPTR,R32,32,WAHYO
IF,WAHYO,41.577425,-92.775753, ,0.0,0.0,2,2700,0,0,0,0,1,0
TF,UBHIT,41.525350,-92.862433,0, ,0.0,0.0,0.0,0.0,2,2700,0,0,0,0,1,0

FINAL,R32,32,R,3
IF,UBHIT,41.525350,-92.862433, ,0.0,0.0,2,2700,0,0,0,0,0,0
TF,BUDAW,41.604231,-92.946597,0, ,0.0,0.0,321.0,6.1,2,2600,0,0,0,0,2,0
TF,RW32,41.668439,-93.015308,0, ,0.0,0.0,321.0,4.9,1,1005,0,0,0,0,3,1
CA,0,321.0,2,1200,0,0,0,0,0,0
DF,KOWDO,41.823281,-93.181764,0, ,0.0,0.0,2,3100,0,0,0,0,0,1
HM,KOWDO,41.823281,-93.181764,2, ,0.0,0.0,141.0,04,0,0,0,0,0,0,0,0,0

APPTR,S14,14,TNU
PI,TNU,41.783883,-93.109033,2,TNU,282.0,10.0,327,5.0,2,2700,0,0,0,0,1,0
CF,TNU,41.783883,-93.109033,0,TNU,0.0,0.0,147.0,8.0,2,2700,0,0,0,0,0,0

FINAL,S14,14,D,3
IF,TNU,41.783883,-93.109033,TNU,0.0,0.0,2,2700,0,0,0,0,2,0
CF,40VOR,41.726272,-93.063953,0,TNU,146.6,4.0,147.0,4.0,2,1440,0,0,0,0,0,0
CF,RW14,41.680417,-93.028147,0,TNU,146.6,7.2,147.0,3.2,1,1002,0,0,0,0,3,0
CA,0,147.0,2,2700,0,0,0,0,0,0
DF,TNU,41.783883,-93.109033,2, ,0.0,0.0,0,0,0,0,0,0,0,0
HM,TNU,41.783883,-93.109033,2, ,0.0,0.0,147.0,04.3,0,0,0,0,0,0,0,0,0

