SID,MATE1P,06,2
CD, ,0,0,0,CTN,0,0.0,57.0,5.0,0,0,0,1,230,0,0,0
VI,0, ,0.0,337.0,0,0,0,0,0,0,0,0
CF,MATEX,40.556583,0.265472,0,CTN,21.7,21.8,22.0,14.0,2,7500,0,0,0,0,0,0

SID,MATE1Q,24,2
CD, ,0,0,0,CTN,0,0.0,237.0,7.0,0,0,0,0,0,0,0,0
CI,0, ,0.0,237.0,0,0,0,1,230,0,0,0
AF,D011J,40.382519,0.130808,2,CTN,11.0,10.0,237.0,0,0,0,0,0,0,0,0
CF,MATEX,40.556583,0.265472,0,CTN,21.7,21.8,22.0,12.0,2,7500,0,0,0,0,0,0

SID,NAVA1P,06,2
CA,0,57.0,2,1590,0,0,0,0,0,0
CF,NAVAR,40.376750,0.521750,0,CTN,64.4,22.0,64.0,21.0,2,5000,0,0,0,0,0,0

SID,NAVA1Q,24,2
CD, ,0,0,0,CTN,0,0.0,237.0,6.0,0,0,0,0,0,0,0,0
CI,0, ,0.0,237.0,0,0,0,1,230,0,0,0
AF,D078H,40.246422,0.259519,1,CTN,78.0,8.0,237.0,0,0,0,0,0,0,0,0
CF,NAVAR,40.376750,0.521750,0,CTN,64.4,22.0,64.0,14.0,2,5000,0,0,0,0,0,0

SID,TATO1P,06,2
CD, ,0,0,0,CTN,0,0.0,57.0,5.0,0,0,0,0,0,0,0,0
CI,0, ,0.0,57.0,0,0,0,1,230,0,0,0
AF,D247H,40.166558,-0.070906,1,CTN,247.0,8.0,57.0,0,0,0,0,0,0,0,0
CF,TATOS,40.000000,-0.283750,0,CTN,232.7,21.6,233.0,14.0,2,7500,0,0,0,0,0,0

SID,TATO1Q,24,2
CD, ,0,0,0,CTN,0,0.0,237.0,7.0,0,0,0,0,0,0,0,0
CF,TATOS,40.000000,-0.283750,0,CTN,232.7,21.6,233.0,14.0,2,7500,0,0,0,0,0,0

STAR,RIME1R,24,2
IF,RIMES,40.557944,-0.063944, ,0.0,0.0,0,0,0,0,0,0,0,0
TF,D341S,40.518356,-0.045983,0, ,0.0,0.0,0.0,0.0,0,0,0,0,0,0,0,0
CI,0, ,0.0,161.0,0,0,0,0,0,0,0,0
AF,D023Q,40.479711,0.234275,2,CTN,23.0,17.0,341.0,0,0,0,0,0,0,0,0
AF,D045Q,40.419000,0.351511,2,CTN,45.0,17.0,23.0,0,0,0,0,0,0,0,0
CF,OSPES,40.372556,0.346944,0,CTN,52.0,15.0,232.0,2.0,0,0,0,0,0,0,0,0

STAR,RIME1S,06,2
IF,RIMES,40.557944,-0.063944, ,0.0,0.0,0,0,0,0,0,0,0,0
TF,SAURA,40.256111,-0.183333,0, ,0.0,0.0,0.0,0.0,0,0,0,0,0,0,0,0

STAR,SOPE1R,24,2
IF,SOPET,39.833833,-0.004694, ,0.0,0.0,0,0,0,0,0,0,0,0
TF,D102Q,40.159286,0.450675,0, ,0.0,0.0,0.0,0.0,0,0,0,0,0,0,0,0
AF,D059Q,40.364403,0.406922,1,CTN,59.0,17.0,102.0,0,0,0,0,0,0,0,0
CF,OSPES,40.372556,0.346944,0,CTN,52.0,15.0,232.0,2.0,0,0,0,0,0,0,0,0

STAR,SOPE1S,06,2
IF,SOPET,39.833833,-0.004694, ,0.0,0.0,0,0,0,0,0,0,0,0
CI,0, ,0.0,11.0,0,0,0,0,0,0,0,0
AF,D228V,39.972725,-0.265244,2,CTN,228.0,22.0,191.0,0,0,0,0,0,0,0,0
CF,TATOS,40.000000,-0.283750,0,CTN,232.7,21.6,17.0,1.0,0,0,0,0,0,0,0,0
TF,NIBEN,40.056111,-0.261667,0, ,0.0,0.0,0.0,0.0,0,0,0,0,0,0,0,0

STAR,TORD1R,24,2
IF,TORDU,40.257917,0.588194, ,0.0,0.0,0,0,0,0,0,0,0,0
TF,D084S,40.251203,0.500519,0, ,0.0,0.0,0.0,0.0,0,0,0,0,0,0,0,0
CI,0, ,0.0,264.0,0,0,0,0,0,0,0,0
AF,D059Q,40.364403,0.406922,1,CTN,59.0,17.0,84.0,0,0,0,0,0,0,0,0
CF,OSPES,40.372556,0.346944,0,CTN,52.0,15.0,232.0,2.0,0,0,0,0,0,0,0,0

STAR,TORD1S,06,2
IF,TORDU,40.257917,0.588194, ,0.0,0.0,0,0,0,0,0,0,0,0
TF,CTN,40.218806,0.089194,0, ,0.0,0.0,0.0,0.0,0,0,0,0,0,0,0,0

APPTR,D06,06,CTN
IF,CTN,40.218806,0.089194, ,0.0,0.0,2,5000,0,1,220,0,1,0
FD,CTN,40.218806,0.089194,0,CTN,0.0,12.0,221.0,12.0,0,0,0,0,0,0,0,0
CF,CD06,40.115500,-0.134278,2,CTN,239.0,12.0,59.0,1.0,2,3700,0,0,0,0,1,0

APPTR,D06,06,NIBEN
IF,NIBEN,40.056111,-0.261667, ,0.0,0.0,2,6500,0,0,0,0,1,0
CF,CD06,40.115500,-0.134278,0,CTN,239.0,12.0,59.0,6.9,2,3700,0,0,0,0,1,0

APPTR,D06,06,SAURA
IF,SAURA,40.256111,-0.183333, ,0.0,0.0,2,7500,0,0,0,0,1,0
CI,0, ,0.0,100.0,0,0,0,0,0,0,0,0
AF,D259L,40.180331,-0.166953,1,CTN,259.0,12.0,280.0,2,5500,0,0,0,0,0,0
AF,CD06,40.115500,-0.134278,1,CTN,239.0,12.0,259.0,2,3700,0,0,0,0,1,0

FINAL,D06,06,D,3
IF,CD06,40.115500,-0.134278,CTN,239.0,12.0,2,3700,0,0,0,0,0,0
CF,FD06,40.160333,-0.037528,0,CTN,239.0,6.8,59.0,5.2,2,2800,0,0,0,0,2,0
CF,MD06,40.197333,0.042583,0,CTN,239.0,2.5,59.0,4.3,1,1467,0,0,0,0,3,0
CD, ,0,0,0,CTN,0,0.0,59.0,11.0,0,0,0,0,0,0,0,0
DF,CTN,40.218806,0.089194,2, ,0.0,0.0,1,5000,0,0,0,0,0,0
HM,CTN,40.218806,0.089194,2, ,0.0,0.0,237.0,04.3,0,0,0,0,0,0,0,0,0

APPTR,I06,06,CTN
IF,CTN,40.218806,0.089194, ,0.0,0.0,2,5000,0,1,220,0,1,0
FD,CTN,40.218806,0.089194,0,CTN,0.0,12.0,220.0,12.0,0,0,0,0,0,0,0,0
CF,CF06,40.112583,-0.131556,2,ICN,237.2,12.1,57.0,1.0,2,3700,0,0,0,0,1,0

APPTR,I06,06,NIBEN
IF,NIBEN,40.056111,-0.261667, ,0.0,0.0,2,6500,0,0,0,0,1,0
CI,0, ,0.0,88.0,0,0,0,0,0,0,0,0
CF,CF06,40.112583,-0.131556,0,ICN,237.2,12.1,57.0,7.0,2,3700,0,0,0,0,1,0

APPTR,I06,06,SAURA
IF,SAURA,40.256111,-0.183333, ,0.0,0.0,2,7500,0,0,0,0,1,0
CI,0, ,0.0,100.0,0,0,0,0,0,0,0,0
AF,D259L,40.180331,-0.166953,1,CTN,259.0,12.0,280.0,2,5500,0,0,0,0,0,0
AF,D246L,40.137150,-0.149036,1,CTN,246.0,12.0,259.0,0,0,0,0,0,0,0,0
VI,0,ICN,0.0,87.0,2,3700,0,0,0,0,0,0

FINAL,I06,06,I,3
IF,CF06,40.112583,-0.131556,ICN,237.2,12.1,2,3700,0,0,0,0,0,0
CF,FI06,40.161194,-0.033528,0,ICN,237.2,6.7,57.0,5.4,1,2800,0,0,0,0,2,0
CF,RW06,40.207539,0.060242,0,ICN,237.2,1.6,57.0,5.1,1,1142,0,0,0,0,3,0
CD, ,0,0,0,CTN,0,0.0,57.0,11.0,0,0,0,0,0,0,0,0
DF,CTN,40.218806,0.089194,2, ,0.0,0.0,1,5000,0,0,0,0,0,0
HM,CTN,40.218806,0.089194,2, ,0.0,0.0,237.0,04.3,0,0,0,0,0,0,0,0,0

APPTR,L06,06,CTN
IF,CTN,40.218806,0.089194, ,0.0,0.0,2,5000,0,1,220,0,1,0
FD,CTN,40.218806,0.089194,0,CTN,0.0,12.0,220.0,12.0,0,0,0,0,0,0,0,0
CF,CF06,40.112583,-0.131556,2,ICN,237.2,12.1,57.0,1.0,2,3700,0,0,0,0,1,0

APPTR,L06,06,NIBEN
IF,NIBEN,40.056111,-0.261667, ,0.0,0.0,2,6500,0,0,0,0,1,0
CI,0, ,0.0,88.0,0,0,0,0,0,0,0,0
CF,CF06,40.112583,-0.131556,0,ICN,237.2,12.1,58.0,7.0,2,3700,0,0,0,0,1,0

APPTR,L06,06,SAURA
IF,SAURA,40.256111,-0.183333, ,0.0,0.0,2,7500,0,0,0,0,1,0
CI,0, ,0.0,100.0,0,0,0,0,0,0,0,0
AF,D259L,40.180331,-0.166953,1,CTN,259.0,12.0,280.0,2,5500,0,0,0,0,0,0
AF,D246L,40.137150,-0.149036,1,CTN,246.0,12.0,259.0,0,0,0,0,0,0,0,0
VI,0,ICN,0.0,87.0,2,3700,0,0,0,0,0,0

FINAL,L06,06,D,3
IF,CF06,40.112583,-0.131556,ICN,237.2,12.1,2,3700,0,0,0,0,0,0
CF,FF06,40.159083,-0.037722,0,ICN,237.2,7.0,57.0,5.1,2,2800,0,0,0,0,2,0
CF,ML06,40.198500,0.041944,0,ICN,237.2,2.6,57.0,4.4,1,1461,0,0,0,0,3,0
CD, ,0,0,0,CTN,0,0.0,57.0,11.0,0,0,0,0,0,0,0,0
DF,CTN,40.218806,0.089194,2, ,0.0,0.0,1,5000,0,0,0,0,0,0
HM,CTN,40.218806,0.089194,2, ,0.0,0.0,237.0,04.3,2,5000,0,0,0,0,0,0,0

