APPTR,R12,12,MEN
IF,MEN,44.608361,3.162417, ,0.0,0.0,2,7000,0,0,0,0,1,0
TF,INB12,44.648306,3.243972,0, ,0.0,0.0,0.0,0.0,1,7000,0,0,0,0,1,0

APPTR,R12,12,NB502
IF,NB502,44.716306,3.270444, ,0.0,0.0,2,7400,0,0,0,0,1,0
TF,INB12,44.648306,3.243972,0, ,0.0,0.0,0.0,0.0,1,7000,0,0,0,0,1,0

FINAL,R12,12,R,3
IF,INB12,44.648306,3.243972, ,0.0,0.0,1,7000,0,0,0,0,1,0
TF,FNB12,44.586278,3.366306,0, ,0.0,0.0,125.0,6.4,1,7000,0,0,0,0,2,0
TF,RW12,44.503592,3.528589,0, ,0.0,0.0,125.0,8.6,1,3370,0,0,0,0,3,1
TF,NB510,44.486250,3.562500,0, ,0.0,0.0,0.0,0.0,3,7000,0,1,130,0,0,1
DF,MEN,44.608361,3.162417,2, ,0.0,0.0,1,7000,0,1,130,0,0,0
HM,MEN,44.608361,3.162417,1, ,0.0,0.0,55.0,04.3,2,7000,0,1,170,0,0,0,0

