APPTR,I26,26,EMT
HF,EMT,48.332444,6.193639,2, ,0.0,0.0,264.0,04.3,2,3000,0,1,220,0,1,0,0

FINAL,I26,26,I,3
IF,CI26,48.334833,6.235056,MI,83.9,7.5,1,3000,0,0,0,0,0,0
CF,OM26,48.332306,6.193806,0,MI,84.0,5.8,264.0,1.7,1,2500,0,0,0,0,2,0
CF,RW26,48.326033,6.084633,0,MI,84.1,1.5,264.0,4.4,1,1083,0,0,0,0,3,0
CA,0,264.0,2,2000,0,0,0,0,0,0
DF,EMT,48.332444,6.193639,1, ,0.0,0.0,1,3000,0,1,200,0,0,0
HM,EMT,48.332444,6.193639,2, ,0.0,0.0,264.0,04.3,0,0,0,1,220,0,0,0,0

APPTR,N26,26,EMT
HF,EMT,48.332444,6.193639,2, ,0.0,0.0,264.0,04.3,2,3000,0,1,220,0,1,0,0

FINAL,N26,26,N,3
IF,CN26,48.334833,6.235056,EMT,0.0,0.0,2,3000,0,0,0,0,0,0
CF,EMT,48.332444,6.193639,0,EMT,0.0,0.0,264.0,1.7,2,2500,0,0,0,0,2,0
CF,MN26,48.326594,6.094114,0,EMT,0.0,0.0,264.0,4.0,1,1206,0,0,0,0,3,0
CA,0,264.0,2,2000,0,0,0,0,0,0
DF,EMT,48.332444,6.193639,1, ,0.0,0.0,1,3000,0,1,200,0,0,0
HM,EMT,48.332444,6.193639,2, ,0.0,0.0,264.0,04.3,0,0,0,1,220,0,0,0,0

APPTR,R26,26,EMT
IF,EMT,48.332444,6.193639, ,0.0,0.0,0,0,0,0,0,0,0,0
TF,SG411,48.414611,6.182806,0, ,0.0,0.0,0.0,0.0,2,3000,0,1,220,0,0,0
TF,SG403,48.424444,6.349222,0, ,0.0,0.0,0.0,0.0,2,3000,0,0,0,0,0,0
TF,SG406,48.341472,6.359917,0, ,0.0,0.0,0.0,0.0,2,3000,0,0,0,0,1,0

APPTR,R26,26,SG402
IF,SG402,48.258500,6.370611, ,0.0,0.0,0,0,0,0,0,0,1,0
TF,SG406,48.341472,6.359917,0, ,0.0,0.0,0.0,0.0,2,3000,0,0,0,0,1,0

APPTR,R26,26,SG403
IF,SG403,48.424444,6.349222, ,0.0,0.0,0,0,0,0,0,0,1,0
TF,SG406,48.341472,6.359917,0, ,0.0,0.0,0.0,0.0,2,3000,0,0,0,0,1,0

FINAL,R26,26,R,3
IF,SG406,48.341472,6.359917, ,0.0,0.0,2,3000,0,0,0,0,1,0
TF,SG408,48.334528,6.234472,0, ,0.0,0.0,264.0,5.0,2,3000,0,0,0,0,2,0
TF,RW26,48.326033,6.084633,0, ,0.0,0.0,264.0,6.0,1,1083,0,0,0,0,3,1
TF,SG409,48.321667,6.009750,0, ,0.0,0.0,0.0,0.0,0,0,0,0,0,0,0,1
DF,SG402,48.258500,6.370611,1, ,0.0,0.0,1,3000,0,1,200,0,0,0

