SID,BRD5C,17,2
CA,0,166.0,2,620,0,0,0,0,0,0
CF,D167D,40.443964,17.423161,0,TAG,167.0,4.0,167.0,3.0,2,1000,0,0,0,0,0,1
CR,1,TAG,75.0,10.0,2,4500,0,1,200,0,0,0
CF,D270N,40.622675,17.696847,0,TAG,59.8,14.8,60.0,8.0,2,7000,0,0,0,0,0,0
TF,BRD,40.610861,18.002861,0, ,0.0,0.0,0.0,0.0,0,0,0,0,0,0,0,0

SID,BRD5D,17,2
CA,0,166.0,2,620,0,0,0,0,0,0
CF,D167D,40.443964,17.423161,0,TAG,167.0,4.0,167.0,3.0,2,1000,0,0,0,0,0,1
CI,1, ,0.0,10.0,2,4500,0,1,200,0,0,0
CF,D075R,40.575369,17.791972,0,TAG,74.2,18.0,75.0,13.0,2,7000,0,0,0,0,0,0
TF,BRD,40.610861,18.002861,0, ,0.0,0.0,0.0,0.0,0,0,0,0,0,0,0,0

SID,BRD5E,35,2
CA,0,346.0,2,620,0,0,0,0,0,0
CF,D336D,40.571969,17.376647,0,TAG,336.0,4.0,336.0,2.0,2,1300,0,0,0,0,0,1
CF,TAG,40.509694,17.408000,1,TAG,0.0,0.0,95.0,4.0,2,3000,0,1,200,0,0,0
TF,D060I,40.578283,17.583017,0, ,0.0,0.0,0.0,0.0,2,7000,0,0,0,0,0,0
TF,D270N,40.622675,17.696847,0, ,0.0,0.0,0.0,0.0,0,0,0,0,0,0,0,0
TF,BRD,40.610861,18.002861,0, ,0.0,0.0,0.0,0.0,0,0,0,0,0,0,0,0

SID,BRD5F,35,2
CA,0,346.0,2,620,0,0,0,0,0,0
CF,D336D,40.571969,17.376647,0,TAG,336.0,4.0,336.0,2.0,2,1300,0,0,0,0,0,1
CF,TAG,40.509694,17.408000,1,TAG,0.0,0.0,95.0,4.0,2,3000,0,1,200,0,0,0
TF,D075J,40.546344,17.621228,0, ,0.0,0.0,0.0,0.0,2,7000,0,0,0,0,0,0
TF,BRD,40.610861,18.002861,0, ,0.0,0.0,0.0,0.0,0,0,0,0,0,0,0,0

SID,BRD6A,17,1
CF,GRT,40.445972,17.422139,0,BRD,246.8,28.4,166.0,3.0,2,1300,0,0,0,0,0,1
CR,1,BRD,247.0,5.0,2,3000,0,1,200,0,0,0
CI,0, ,0.0,5.0,0,0,0,0,0,0,0,0
CF,D257S,40.556156,17.593150,0,BRD,257.2,19.0,49.0,6.0,2,4500,0,0,0,0,0,0

SID,BRD6A,35,1
CA,0,346.0,2,620,0,0,0,0,0,0
CA,0,344.0,2,1300,0,0,0,0,0,0
CF,GRT,40.445972,17.422139,1,BRD,246.8,28.4,141.0,7.0,0,0,0,0,0,0,0,1
CR,1,BRD,247.0,5.0,2,3000,0,1,200,0,0,0
CI,0, ,0.0,5.0,0,0,0,0,0,0,0,0
CF,D257S,40.556156,17.593150,0,BRD,257.2,19.0,49.0,6.0,2,4500,0,0,0,0,0,0

SID,BRD6A,ALL,2
IF,D257S,40.556156,17.593150, ,0.0,0.0,2,4500,0,0,0,0,0,0
TF,D270N,40.622675,17.696847,0, ,0.0,0.0,0.0,0.0,2,7000,0,0,0,0,0,0
TF,BRD,40.610861,18.002861,0, ,0.0,0.0,0.0,0.0,0,0,0,0,0,0,0,0

SID,BRD6B,17,1
CF,GRT,40.445972,17.422139,0,BRD,246.8,28.4,166.0,3.0,2,1300,0,0,0,0,0,1
CI,1, ,0.0,5.0,2,3000,0,1,200,0,0,0
CF,D247R,40.506456,17.633819,0,BRD,246.8,18.0,67.0,8.0,2,4500,0,0,0,0,0,0

SID,BRD6B,35,1
CA,0,346.0,2,620,0,0,0,0,0,0
CA,0,344.0,2,1300,0,0,0,0,0,0
CF,GRT,40.445972,17.422139,1,BRD,246.8,28.4,141.0,7.0,0,0,0,0,0,0,0,1
CI,1, ,0.0,5.0,2,3000,0,1,200,0,0,0
CF,D247R,40.506456,17.633819,0,BRD,246.8,18.0,67.0,8.0,2,4500,0,0,0,0,0,0

SID,BRD6B,ALL,2
IF,D247R,40.506456,17.633819, ,0.0,0.0,2,4500,0,0,0,0,0,0
TF,D247J,40.553003,17.797697,0, ,0.0,0.0,0.0,0.0,2,7000,0,0,0,0,0,0
TF,BRD,40.610861,18.002861,0, ,0.0,0.0,0.0,0.0,0,0,0,0,0,0,0,0

SID,ROBO5C,17,2
CA,0,166.0,2,620,0,0,0,0,0,0
CF,D167D,40.443964,17.423161,0,TAG,167.0,4.0,167.0,3.0,2,1000,0,0,0,0,0,1
CF,D101B,40.501617,17.450397,1,TAG,101.0,2.0,281.0,2.0,2,3000,0,1,200,0,0,1
CF,D011G,40.615222,17.440372,2,TAG,10.2,6.5,11.0,5.0,2,5000,0,0,0,0,0,0
TF,ROBOT,40.709722,17.469444,0, ,0.0,0.0,0.0,0.0,2,9000,0,0,0,0,0,0

SID,ROBO5E,35,2
CA,0,346.0,2,620,0,0,0,0,0,0
CF,D336D,40.571969,17.376647,0,TAG,336.0,4.0,336.0,2.0,2,1300,0,0,0,0,0,1
CF,TAG,40.509694,17.408000,1,TAG,0.0,0.0,95.0,4.0,2,3000,0,1,200,0,0,1
CI,1, ,0.0,342.0,0,0,0,0,0,0,0,0
CF,D011G,40.615222,17.440372,0,TAG,10.2,6.5,11.0,2.0,2,5000,0,0,0,0,0,0
TF,ROBOT,40.709722,17.469444,0, ,0.0,0.0,0.0,0.0,2,9000,0,0,0,0,0,0

SID,ROBO6A,17,1
CF,GRT,40.445972,17.422139,0,BRD,246.8,28.4,166.0,3.0,2,1300,0,0,0,0,0,1
CR,1,BRD,247.0,319.0,2,3000,0,1,200,0,0,0
CI,0, ,0.0,319.0,0,0,0,0,0,0,0,0
CF,D268Y,40.616867,17.452747,0,BRD,268.0,25.1,5.0,6.0,2,5000,0,0,0,0,0,0

SID,ROBO6A,35,1
CA,0,346.0,2,620,0,0,0,0,0,0
CA,0,344.0,2,1300,0,0,0,0,0,0
CF,GRT,40.445972,17.422139,1,BRD,246.8,28.4,141.0,7.0,0,0,0,0,0,0,0,1
CR,1,BRD,247.0,349.0,2,3000,0,1,200,0,0,0
CI,0, ,0.0,319.0,0,0,0,0,0,0,0,0
CF,D268Y,40.616867,17.452747,0,BRD,268.0,25.1,5.0,6.0,2,5000,0,0,0,0,0,0

SID,ROBO6A,ALL,2
IF,D268Y,40.616867,17.452747, ,0.0,0.0,2,5000,0,0,0,0,0,0
TF,ROBOT,40.709722,17.469444,0, ,0.0,0.0,0.0,0.0,2,9000,0,0,0,0,0,0

STAR,BRD2A,ALL,2
IF,BRD,40.610861,18.002861, ,0.0,0.0,0,0,0,0,0,0,0,0
TF,D247J,40.553003,17.797697,0, ,0.0,0.0,0.0,0.0,0,0,0,0,0,0,0,0
TF,D247R,40.506456,17.633819,0, ,0.0,0.0,0.0,0.0,0,0,0,0,0,0,0,0
TF,GRT,40.445972,17.422139,0, ,0.0,0.0,0.0,0.0,0,0,0,0,0,0,0,0

STAR,BRD2B,ALL,2
IF,BRD,40.610861,18.002861, ,0.0,0.0,0,0,0,0,0,0,0,0
TF,D270N,40.622675,17.696847,0, ,0.0,0.0,0.0,0.0,0,0,0,0,0,0,0,0
TF,D257S,40.556156,17.593150,0, ,0.0,0.0,0.0,0.0,0,0,0,0,0,0,0,0
TF,GRT,40.445972,17.422139,0, ,0.0,0.0,0.0,0.0,0,0,0,0,0,0,0,0

STAR,BRD2C,ALL,2
FD,BRD,40.610861,18.002861,0,BRD,0.0,17.9,255.0,17.9,0,0,0,0,0,0,0,0
CF,TAG,40.509694,17.408000,0,TAG,0.0,0.0,255.0,18.0,0,0,0,0,0,0,0,0

STAR,BRD2D,ALL,2
IF,BRD,40.610861,18.002861, ,0.0,0.0,0,0,0,0,0,0,0,0
TF,D270N,40.622675,17.696847,0, ,0.0,0.0,0.0,0.0,0,0,0,0,0,0,0,0
FD,D270N,40.622675,17.696847,0,TAG,59.8,8.0,240.0,8.0,0,0,0,0,0,0,0,0
CF,TAG,40.509694,17.408000,0,TAG,0.0,0.0,240.0,8.0,0,0,0,0,0,0,0,0

STAR,BRD2E,ALL,2
FD,BRD,40.610861,18.002861,0,BRD,0.0,17.9,255.0,17.9,0,0,0,0,0,0,0,0
CF,TAG,40.509694,17.408000,0,TAG,0.0,0.0,255.0,18.0,0,0,0,0,0,0,0,0
TF,MASAX,40.411111,17.431111,0, ,0.0,0.0,0.0,0.0,0,0,0,0,0,0,0,0

STAR,BRD2F,ALL,2
IF,BRD,40.610861,18.002861, ,0.0,0.0,0,0,0,0,0,0,0,0
TF,D270N,40.622675,17.696847,0, ,0.0,0.0,0.0,0.0,0,0,0,0,0,0,0,0
FD,D270N,40.622675,17.696847,0,TAG,59.8,8.0,240.0,8.0,0,0,0,0,0,0,0,0
CF,TAG,40.509694,17.408000,0,TAG,0.0,0.0,240.0,8.0,0,0,0,0,0,0,0,0
TF,MASAX,40.411111,17.431111,0, ,0.0,0.0,0.0,0.0,0,0,0,0,0,0,0,0

STAR,ROBO2A,ALL,2
IF,ROBOT,40.709722,17.469444, ,0.0,0.0,0,0,0,0,0,0,0,0
TF,D270Y,40.631422,17.455361,0, ,0.0,0.0,0.0,0.0,0,0,0,0,0,0,0,0
TF,GRT,40.445972,17.422139,0, ,0.0,0.0,0.0,0.0,0,0,0,0,0,0,0,0

STAR,ROBO2C,ALL,2
IF,ROBOT,40.709722,17.469444, ,0.0,0.0,0,0,0,0,0,0,0,0
TF,TAG,40.509694,17.408000,0, ,0.0,0.0,0.0,0.0,0,0,0,0,0,0,0,0

STAR,ROBO2E,ALL,2
IF,ROBOT,40.709722,17.469444, ,0.0,0.0,0,0,0,0,0,0,0,0
TF,TAG,40.509694,17.408000,0, ,0.0,0.0,0.0,0.0,0,0,0,0,0,0,0,0
TF,MASAX,40.411111,17.431111,0, ,0.0,0.0,0.0,0.0,0,0,0,0,0,0,0,0

FINAL,D35-Y,35,D,3
IF,FD35,40.410853,17.428478,TAG,168.0,6.0,2,2000,0,0,0,0,2,0
CF,40VOR,40.443800,17.421656,0,TAG,168.0,4.0,348.0,2.0,2,1370,0,0,0,0,0,0
CF,MD35,40.476747,17.414831,0,TAG,168.0,2.0,348.0,2.0,1,711,0,0,0,0,3,0
CF,TAG,40.509694,17.408000,0,TAG,0.0,0.0,348.0,2.0,2,711,0,0,0,0,0,0
FD,TAG,40.509694,17.408000,0,TAG,0.0,3.0,348.0,3.0,2,1300,0,0,0,0,0,1
VI,1, ,0.0,136.0,0,0,0,1,200,0,0,0
CF,D271B,40.512011,17.364400,0,TAG,271.0,2.0,91.0,2.0,0,0,0,0,0,0,0,1
CF,MASAX,40.411111,17.431111,0,TAG,166.8,6.0,168.0,7.0,1,3000,0,0,0,0,0,0
HM,MASAX,40.411111,17.431111,2, ,0.0,0.0,348.0,04,0,0,0,1,200,0,0,0,0

APPTR,D35-Z,35,TAG1
IF,TAG,40.509694,17.408000, ,0.0,0.0,2,5000,0,1,200,0,1,0
FD,TAG,40.509694,17.408000,0,TAG,0.0,10.0,151.0,10.0,2,2000,0,0,0,0,0,0
CF,D168J,40.344958,17.442097,2,TAG,168.0,10.0,348.0,1.0,0,0,0,0,0,0,1,0
CF,FD35,40.410853,17.428478,0,TAG,168.0,6.0,348.0,4.0,2,2000,0,0,0,0,0,0

APPTR,D35-Z,35,TAG2
IF,TAG,40.509694,17.408000, ,0.0,0.0,2,5000,0,1,140,0,1,0
FD,TAG,40.509694,17.408000,0,TAG,0.0,10.0,159.0,10.0,2,2000,0,0,0,0,0,0
CF,D168J,40.344958,17.442097,2,TAG,168.0,10.0,348.0,1.0,0,0,0,0,0,0,1,0
CF,FD35,40.410853,17.428478,0,TAG,168.0,6.0,348.0,4.0,2,2000,0,0,0,0,0,0

FINAL,D35-Z,35,D,3
IF,FD35,40.410853,17.428478,TAG,168.0,6.0,2,2000,0,0,0,0,2,0
CF,40VOR,40.443800,17.421656,0,TAG,168.0,4.0,348.0,2.0,2,1370,0,0,0,0,0,0
CF,MD35,40.476747,17.414831,0,TAG,168.0,2.0,348.0,2.0,1,711,0,0,0,0,3,0
CF,TAG,40.509694,17.408000,0,TAG,0.0,0.0,348.0,2.0,2,711,0,0,0,0,0,0
FD,TAG,40.509694,17.408000,0,TAG,0.0,3.0,348.0,3.0,2,1300,0,0,0,0,0,1
VI,1, ,0.0,136.0,0,0,0,1,200,0,0,0
CF,D271B,40.512011,17.364400,0,TAG,271.0,2.0,91.0,2.0,0,0,0,0,0,0,0,1
CF,MASAX,40.411111,17.431111,0,TAG,166.8,6.0,168.0,7.0,1,3000,0,0,0,0,0,0
HM,MASAX,40.411111,17.431111,2, ,0.0,0.0,348.0,04,0,0,0,1,200,0,0,0,0

FINAL,I35-X,35,I,3
IF,CI35,40.399350,17.434447,ITGT,165.6,7.9,2,2200,0,0,0,0,0,0
CF,FI35,40.436956,17.424542,0,ITGT,165.6,5.6,346.0,2.3,1,1480,0,0,0,0,2,0
CF,RW35,40.499006,17.408161,0,ITGT,165.6,1.8,346.0,3.8,1,260,0,0,0,0,3,0
CF,D346B,40.557983,17.392878,0,TAG,343.6,3.0,346.0,3.6,2,800,0,0,0,0,0,1
VI,1, ,0.0,136.0,0,0,0,1,200,0,0,0
CF,D271B,40.512011,17.364400,0,TAG,271.0,2.0,91.0,2.0,0,0,0,0,0,0,0,1
CF,MASAX,40.411111,17.431111,0,TAG,166.8,6.0,168.0,7.0,1,3000,0,0,0,0,0,0
HM,MASAX,40.411111,17.431111,2, ,0.0,0.0,348.0,04,0,0,0,1,200,0,0,0,0

APPTR,I35-Y,35,GRT1
IF,GRT,40.445972,17.422139, ,0.0,0.0,2,3000,0,1,200,0,1,0
FC,GRT,40.445972,17.422139,0,TAG,0.0,0.0,138.0,5.8,2,2200,0,0,0,0,0,1
CF,D166J,40.355208,17.445925,2,TAG,166.4,9.4,346.0,1.0,0,0,0,0,0,0,1,0
CF,CI35,40.399350,17.434447,0,ITGT,165.6,7.9,346.0,2.7,2,2200,0,0,0,0,0,0

APPTR,I35-Y,35,GRT2
IF,GRT,40.445972,17.422139, ,0.0,0.0,2,3000,0,1,140,0,1,0
FC,GRT,40.445972,17.422139,0,TAG,0.0,0.0,150.0,5.7,2,2200,0,0,0,0,0,1
CF,D166J,40.355208,17.445925,2,TAG,166.4,9.4,346.0,1.0,0,0,0,0,0,0,1,0
CF,CI35,40.399350,17.434447,0,ITGT,165.6,7.9,346.0,2.7,2,2200,0,0,0,0,0,0

FINAL,I35-Y,35,I,3
IF,CI35,40.399350,17.434447,ITGT,165.6,7.9,2,2200,0,0,0,0,0,0
CF,FI35,40.436956,17.424542,0,ITGT,165.6,5.6,346.0,2.3,1,1480,0,0,0,0,2,0
CF,RW35,40.499006,17.408161,0,ITGT,165.6,1.8,346.0,3.8,1,260,0,0,0,0,3,0
CF,D346B,40.557983,17.392878,0,TAG,343.6,3.0,346.0,3.6,2,800,0,0,0,0,0,1
DF,GRT,40.445972,17.422139,1, ,0.0,0.0,1,3000,0,1,200,0,0,0
HM,GRT,40.445972,17.422139,1, ,0.0,0.0,166.0,04.3,0,0,0,1,200,0,0,0,0

APPTR,I35-Z,35,TAG1
IF,TAG,40.509694,17.408000, ,0.0,0.0,2,5000,0,1,200,0,1,0
FD,TAG,40.509694,17.408000,0,TAG,0.0,10.0,149.0,10.0,2,2200,0,0,0,0,0,0
CF,D166K,40.347025,17.448208,2,TAG,166.3,9.9,346.0,1.0,0,0,0,0,0,0,1,0
CF,CI35,40.399350,17.434447,0,ITGT,165.6,7.9,346.0,3.2,2,2200,0,0,0,0,0,0

APPTR,I35-Z,35,TAG2
IF,TAG,40.509694,17.408000, ,0.0,0.0,2,5000,0,1,140,0,1,0
FD,TAG,40.509694,17.408000,0,TAG,0.0,10.0,157.0,10.0,2,2200,0,0,0,0,0,0
CF,D166K,40.347025,17.448208,2,TAG,166.3,9.9,346.0,1.0,0,0,0,0,0,0,1,0
CF,CI35,40.399350,17.434447,0,ITGT,165.6,7.9,346.0,3.2,2,2200,0,0,0,0,0,0

FINAL,I35-Z,35,I,3
IF,CI35,40.399350,17.434447,ITGT,165.6,7.9,2,2200,0,0,0,0,0,0
CF,FI35,40.436956,17.424542,0,ITGT,165.6,5.6,346.0,2.3,1,1480,0,0,0,0,2,0
CF,RW35,40.499006,17.408161,0,ITGT,165.6,1.8,346.0,3.8,1,260,0,0,0,0,3,0
CF,D346B,40.557983,17.392878,0,TAG,343.6,3.0,346.0,3.6,2,800,0,0,0,0,0,1
VI,1, ,0.0,136.0,0,0,0,1,200,0,0,0
CF,D271B,40.512011,17.364400,0,TAG,271.0,2.0,91.0,2.0,0,0,0,0,0,0,0,1
CF,MASAX,40.411111,17.431111,0,TAG,166.8,6.0,168.0,7.0,1,3000,0,0,0,0,0,0
HM,MASAX,40.411111,17.431111,2, ,0.0,0.0,348.0,04,0,0,0,1,200,0,0,0,0

APPTR,N35,35,GRT1
IF,GRT,40.445972,17.422139, ,0.0,0.0,2,3000,0,1,210,0,0,0
FC,GRT,40.445972,17.422139,0,TAG,0.0,0.0,118.0,3.5,2,2000,0,0,0,0,0,1
CF,CN35,40.388767,17.437358,2,TAG,166.5,7.4,346.0,1.0,2,2000,0,0,0,0,0,0

APPTR,N35,35,GRT2
IF,GRT,40.445972,17.422139, ,0.0,0.0,2,3000,0,1,140,0,0,0
FC,GRT,40.445972,17.422139,0,TAG,0.0,0.0,142.0,3.5,2,2000,0,0,0,0,0,1
CF,CN35,40.388767,17.437358,2,TAG,166.5,7.4,346.0,1.0,2,2000,0,0,0,0,0,0

FINAL,N35,35,N,3
IF,CN35,40.388767,17.437358,GRT,0.0,0.0,2,2000,0,0,0,0,0,0
CF,GRT,40.445972,17.422139,0,GRT,0.0,0.0,346.0,3.5,2,1300,0,0,0,0,2,0
CF,RW35,40.499006,17.408161,0,GRT,0.0,0.0,346.0,3.2,1,260,0,0,0,0,3,0
FA,RW35,40.499006,17.408161,0,TAG,0.0,0.0,346.0,2,1300,0,0,0,0,0,0
DF,GRT,40.445972,17.422139,1, ,0.0,0.0,1,3000,0,1,200,0,0,0

