SID,ARGO1D,12,2
CF,MG,46.173222,14.555944,0,DOL,296.0,10.7,123.0,5.0,2,2300,0,0,0,0,0,0
TF,DOL,46.084139,14.778583,0, ,0.0,0.0,0.0,0.0,2,4900,0,0,0,0,0,0
TF,ARGOM,45.794553,15.427367,0, ,0.0,0.0,0.0,0.0,0,0,0,0,0,0,0,0

SID,ARLO2D,12,2
CF,MG,46.173222,14.555944,0,DOL,296.0,10.7,123.0,5.0,2,2300,0,0,0,0,0,0
TF,D010F,46.176033,14.811567,0, ,0.0,0.0,0.0,0.0,2,4900,0,0,0,0,0,1
CF,ARLON,46.413822,15.029764,0,DOL,23.8,22.4,24.0,16.0,0,0,0,0,0,0,0,0

SID,BERT1W,30,2
CF,D123A,46.233603,14.438267,0,LBL,123.0,0.5,303.0,1.0,0,0,0,0,0,0,0,0
CA,0,303.0,2,1800,0,0,0,0,0,0
VI,1, ,0.0,160.0,0,0,0,1,210,0,0,0
FD,LBL,46.238500,14.428556,0,LBL,0.0,11.0,190.0,11.0,2,6000,0,0,0,0,0,0
CF,D249C,46.071456,14.719061,1,DOL,249.0,2.6,69.0,12.0,2,9500,0,0,0,0,0,1
CF,BERTA,46.449708,14.625236,0,DOL,339.8,22.9,340.0,22.0,0,0,0,0,0,0,0,0

SID,BERT2D,12,2
CF,MG,46.173222,14.555944,0,DOL,296.0,10.7,123.0,5.0,2,2600,0,0,0,0,0,0
CR,0,DOL,263.0,176.0,2,4600,0,0,0,0,0,0
CF,MG,46.173222,14.555944,2,LBL,123.4,6.6,39.0,6.0,0,0,0,0,0,0,0,0
CR,0,DOL,334.0,39.0,0,0,0,0,0,0,0,0
CF,BERTA,46.449708,14.625236,0,DOL,339.8,22.9,340.0,10.0,0,0,0,0,0,0,0,0

SID,DARZ1W,30,2
CF,D123A,46.233603,14.438267,0,LBL,123.0,0.5,303.0,1.0,0,0,0,0,0,0,0,0
CA,0,303.0,2,1800,0,0,0,0,0,0
VI,1, ,0.0,160.0,0,0,0,1,210,0,0,0
FD,LBL,46.238500,14.428556,0,LBL,0.0,11.0,190.0,11.0,2,6000,0,0,0,0,0,0
CF,D249K,46.031750,14.533800,1,DOL,249.0,10.7,69.0,4.0,2,7900,0,0,0,0,0,1
CF,DARZA,45.495017,15.007147,0,LBL,148.3,50.8,148.0,37.0,0,0,0,0,0,0,0,0

SID,DARZ2D,12,2
CF,MG,46.173222,14.555944,0,LBL,123.4,6.6,123.0,5.0,2,2300,0,0,0,0,0,0
TF,D148K,46.073581,14.558442,0, ,0.0,0.0,0.0,0.0,2,4500,0,0,0,0,0,0
TF,DARZA,45.495017,15.007147,0, ,0.0,0.0,0.0,0.0,0,0,0,0,0,0,0,0

SID,DOL1W,30,2
CF,D123A,46.233603,14.438267,0,LBL,123.0,0.5,303.0,1.0,0,0,0,0,0,0,0,0
CA,0,303.0,2,1800,0,0,0,0,0,0
VI,1, ,0.0,160.0,0,0,0,1,210,0,0,0
FD,LBL,46.238500,14.428556,0,LBL,0.0,11.0,190.0,11.0,2,6000,0,0,0,0,0,0
CF,DOL,46.084139,14.778583,1,DOL,0.0,0.0,69.0,15.0,0,0,0,0,0,0,0,0

SID,GIMI1J,30,2
CF,D123A,46.233603,14.438267,0,LBL,123.0,0.5,303.0,1.0,0,0,0,0,0,0,0,0
CA,0,303.0,2,1800,0,0,0,0,0,0
FD,LBL,46.238500,14.428556,0,LBL,0.0,12.8,268.0,12.8,2,10500,0,1,210,0,0,0
VI,0, ,0.0,351.0,0,0,0,0,0,0,0,0
CF,GIMIX,46.522989,13.714081,0,LBL,297.2,34.2,297.0,17.0,0,0,0,0,0,0,0,0

SID,GIMI1W,30,2
CF,D123A,46.233603,14.438267,0,LBL,123.0,0.5,303.0,1.0,0,0,0,0,0,0,0,0
CA,0,303.0,2,1800,0,0,0,0,0,0
VI,1, ,0.0,160.0,0,0,0,1,210,0,0,0
FD,LBL,46.238500,14.428556,0,LBL,0.0,11.0,190.0,11.0,2,6000,0,0,0,0,0,0
CF,D215C,46.196475,14.381283,2,LBL,215.0,3.2,35.0,8.0,2,9300,0,0,0,0,0,1
CF,GIMIX,46.522989,13.714081,1,LBL,297.2,34.2,297.0,32.0,0,0,0,0,0,0,0,0

SID,GIMI1Z,30,5
DF,DER30,46.232492,14.440392,0, ,0.0,0.0,0,0,0,0,0,0,0,0
CA,0,303.0,2,1800,0,1,210,0,0,0
DF,LJ711,46.257417,14.118278,0, ,0.0,0.0,2,10500,0,1,210,0,0,1
DF,GIMIX,46.522989,13.714081,0, ,0.0,0.0,0,0,0,0,0,0,0,0

SID,GIMI2D,12,2
CF,MG,46.173222,14.555944,0,LBL,123.4,6.6,123.0,5.0,2,2300,0,0,0,0,0,0
FD,MG,46.173222,14.555944,0,LBL,123.4,11.1,176.0,11.1,2,3700,0,0,0,0,0,0
CF,D172B,46.213603,14.431692,2,LBL,172.0,1.5,352.0,9.0,2,6900,0,0,0,0,0,1
CF,GIMIX,46.522989,13.714081,0,LBL,297.2,34.2,297.0,34.0,0,0,0,0,0,0,0,0

SID,ILB1W,30,2
CF,D123A,46.233603,14.438267,0,LBL,123.0,0.5,303.0,1.0,0,0,0,0,0,0,0,0
CA,0,303.0,2,1800,0,0,0,0,0,0
VI,1, ,0.0,160.0,0,0,0,1,210,0,0,0
CF,ILB,45.565586,14.170864,0,LBL,192.1,41.8,192.0,35.0,0,0,0,0,0,0,0,0

SID,ILB2D,12,2
CF,MG,46.173222,14.555944,0,DOL,296.0,10.7,123.0,5.0,2,2300,0,0,0,0,0,0
TF,DOL14,45.901442,14.562739,0, ,0.0,0.0,0.0,0.0,0,0,0,0,0,0,0,0
TF,ILB,45.565586,14.170864,0, ,0.0,0.0,0.0,0.0,0,0,0,0,0,0,0,0

SID,LUPI1E,12,5
CF,LUPIX,46.068275,14.759758,0,LBL,123.4,17.2,123.0,15.0,2,6000,0,0,0,0,0,0
FM,LUPIX,46.068275,14.759758,0,LBL,0.0,0.0,123.0,0,0,0,0,0,0,0,0

SID,LUPI2D,12,2
CA,0,123.0,2,1680,0,0,0,0,0,0
CF,LUPIX,46.068275,14.759758,0,LBL,123.4,17.2,123.0,15.0,0,0,0,0,0,0,0,0
FM,LUPIX,46.068275,14.759758,0,LBL,0.0,0.0,123.0,0,0,0,0,0,0,0,0

SID,MAGA2D,12,2
CF,MG,46.173222,14.555944,0,DOL,296.0,10.7,123.0,5.0,0,0,0,0,0,0,0,0
TF,DOL,46.084139,14.778583,0, ,0.0,0.0,0.0,0.0,2,4900,0,0,0,0,0,0
TF,MAGAM,45.972669,15.702931,0, ,0.0,0.0,0.0,0.0,0,0,0,0,0,0,0,0

SID,MODR1W,30,2
CF,D123A,46.233603,14.438267,0,LBL,123.0,0.5,303.0,1.0,0,0,0,0,0,0,0,0
CA,0,303.0,2,1800,0,0,0,0,0,0
VI,1, ,0.0,160.0,0,0,0,1,210,0,0,0
CF,MODRO,46.060433,14.367631,0,LBL,190.4,11.0,190.0,3.0,2,6000,0,0,0,0,0,0
FM,MODRO,46.060433,14.367631,0,LBL,0.0,0.0,190.0,0,0,0,0,0,0,0,0

SID,MODR1Z,30,5
DF,DER30,46.232492,14.440392,0, ,0.0,0.0,0,0,0,0,0,0,0,0
CA,0,303.0,2,1800,0,1,210,0,0,0
DF,MODRO,46.060433,14.367631,1, ,0.0,0.0,2,6000,0,1,210,0,0,0
FM,MODRO,46.060433,14.367631,0,LBL,0.0,0.0,180.0,0,0,0,0,0,0,0,0

SID,RIFE1W,30,2
CF,D123A,46.233603,14.438267,0,LBL,123.0,0.5,303.0,1.0,0,0,0,0,0,0,0,0
CA,0,303.0,2,1800,0,0,0,0,0,0
VI,1, ,0.0,160.0,0,0,0,1,210,0,0,0
FD,LBL,46.238500,14.428556,0,LBL,0.0,13.1,190.0,13.1,2,6600,0,0,0,0,0,0
CF,RIFEN,45.851111,13.589722,0,DOL,250.7,51.7,251.0,32.0,0,0,0,0,0,0,0,0

SID,RIFE2D,12,2
CF,MG,46.173222,14.555944,0,DOL,296.0,10.7,123.0,5.0,2,2300,0,0,0,0,0,0
CR,0,DOL,263.0,176.0,2,3800,0,0,0,0,0,0
CF,RIFEN,45.851111,13.589722,0,DOL,250.7,51.7,251.0,42.0,0,0,0,0,0,0,0,0

SID,SABA1W,30,2
CF,D123A,46.233603,14.438267,0,LBL,123.0,0.5,303.0,1.0,0,0,0,0,0,0,0,0
CA,0,303.0,2,1800,0,0,0,0,0,0
VI,1, ,0.0,160.0,0,0,0,1,210,0,0,0
FD,LBL,46.238500,14.428556,0,LBL,0.0,11.0,190.0,11.0,2,6000,0,0,0,0,0,0
CF,D249M,46.022394,14.490383,1,DOL,249.0,12.6,69.0,3.0,2,7500,0,0,0,0,0,1
CF,SABAD,45.465872,14.867481,0,LBL,155.2,49.9,155.0,36.0,0,0,0,0,0,0,0,0

SID,SABA2D,12,2
CF,MG,46.173222,14.555944,0,LBL,123.4,6.6,123.0,5.0,2,2300,0,0,0,0,0,0
TF,D155O,46.009472,14.560044,0, ,0.0,0.0,0.0,0.0,2,5900,0,0,0,0,0,0
TF,SABAD,45.465872,14.867481,0, ,0.0,0.0,0.0,0.0,0,0,0,0,0,0,0,0

SID,VALU3D,12,2
CF,MG,46.173222,14.555944,0,DOL,296.0,10.7,123.0,5.0,0,0,0,0,0,0,0,0
TF,D058K,46.177981,15.029450,0, ,0.0,0.0,0.0,0.0,2,7200,0,0,0,0,0,0
TF,VALLU,46.291589,15.336317,0, ,0.0,0.0,0.0,0.0,0,0,0,0,0,0,0,0

STAR,BARP1R,30,5
IF,BARPI,45.585806,13.522864, ,0.0,0.0,0,0,0,0,0,0,0,0
TF,LJ416,45.945667,14.420667,0, ,0.0,0.0,0.0,0.0,2,8000,0,0,0,0,0,0
TF,LJ415,45.986639,14.524750,0, ,0.0,0.0,0.0,0.0,2,6000,0,0,0,0,0,0
TF,VIITA,46.041083,14.663722,0, ,0.0,0.0,0.0,0.0,2,5000,0,1,220,0,0,0
TF,MIPRO,46.090611,14.716500,0, ,0.0,0.0,0.0,0.0,2,4000,0,1,200,0,0,0

STAR,BARP2L,30,2
IF,BARPI,45.585806,13.522864, ,0.0,0.0,0,0,0,0,0,0,0,0
TF,D237T,45.921136,14.361500,0, ,0.0,0.0,0.0,0.0,0,0,0,0,0,0,0,0
TF,D237J,46.002828,14.569736,0, ,0.0,0.0,0.0,0.0,0,0,0,0,0,0,0,0
TF,D216G,46.000583,14.679631,0, ,0.0,0.0,0.0,0.0,0,0,0,0,0,0,0,0
TF,LUPIX,46.068275,14.759758,0, ,0.0,0.0,0.0,0.0,0,0,0,0,0,0,0,0

STAR,BERT1R,30,5
IF,BERTA,46.449708,14.625236, ,0.0,0.0,0,0,0,0,0,0,0,0
TF,LJ519,46.310500,14.883500,0, ,0.0,0.0,0.0,0.0,2,10500,0,0,0,0,0,0
TF,LJ518,46.221556,14.839611,0, ,0.0,0.0,0.0,0.0,2,8000,0,1,230,0,0,0
TF,NORTO,46.141472,14.770806,0, ,0.0,0.0,0.0,0.0,2,6000,0,1,220,0,0,0
TF,MIPRO,46.090611,14.716500,0, ,0.0,0.0,0.0,0.0,2,4000,0,1,200,0,0,0

STAR,BERT2L,30,2
IF,BERTA,46.449708,14.625236, ,0.0,0.0,0,0,0,0,0,0,0,0
TF,D340R,46.372122,14.657958,0, ,0.0,0.0,0.0,0.0,0,0,0,0,0,0,0,0
TF,D340J,46.244147,14.711725,0, ,0.0,0.0,0.0,0.0,0,0,0,0,0,0,0,0
VR,0,DOL,6.0,128.0,0,0,0,0,0,0,0,0
DF,D024D,46.142975,14.823594,0, ,0.0,0.0,0,0,0,1,210,0,0,0
TF,DOL,46.084139,14.778583,0, ,0.0,0.0,0.0,0.0,0,0,0,0,0,0,0,0

STAR,DARZ1R,30,5
IF,DARZA,45.495017,15.007147, ,0.0,0.0,0,0,0,0,0,0,0,0
TF,LJ622,45.944917,14.788833,0, ,0.0,0.0,0.0,0.0,2,8000,0,0,0,0,0,0
TF,LJ621,46.043333,14.740028,0, ,0.0,0.0,0.0,0.0,2,5000,0,0,0,0,0,0
TF,MIPRO,46.090611,14.716500,0, ,0.0,0.0,0.0,0.0,2,4000,0,1,230,0,0,0

STAR,DARZ2L,30,2
IF,DARZA,45.495017,15.007147, ,0.0,0.0,0,0,0,0,0,0,0,0
TF,D161K,45.907300,14.847719,0, ,0.0,0.0,0.0,0.0,0,0,0,0,0,0,0,0
TF,D161D,46.019839,14.803772,0, ,0.0,0.0,0.0,0.0,0,0,0,0,0,0,0,1
DF,LUPIX,46.068275,14.759758,0, ,0.0,0.0,0,0,0,0,0,0,0,0

STAR,DEGU2L,30,2
IF,DEGUM,46.465864,13.699278, ,0.0,0.0,0,0,0,0,0,0,0,0
TF,D291J,46.307392,14.209789,0, ,0.0,0.0,0.0,0.0,0,0,0,0,0,0,0,0
TF,LBL,46.238500,14.428556,0, ,0.0,0.0,0.0,0.0,0,0,0,0,0,0,0,0

STAR,GORP1L,30,2
IF,GORPA,45.773075,15.353242, ,0.0,0.0,0,0,0,0,0,0,0,0
TF,LBL31,45.933322,15.027447,0, ,0.0,0.0,0.0,0.0,0,0,0,0,0,0,0,0
TF,LUPIX,46.068275,14.759758,0, ,0.0,0.0,0.0,0.0,0,0,0,0,0,0,0,0

STAR,GORP1R,30,5
IF,GORPA,45.773075,15.353242, ,0.0,0.0,0,0,0,0,0,0,0,0
TF,LJ619,45.955139,14.989667,0, ,0.0,0.0,0.0,0.0,2,8000,0,0,0,0,0,0
TF,LJ618,46.061667,14.775139,0, ,0.0,0.0,0.0,0.0,2,5000,0,0,0,0,0,0
TF,MIPRO,46.090611,14.716500,0, ,0.0,0.0,0.0,0.0,2,4000,0,1,230,0,0,0

STAR,ILB1R,30,5
IF,ILB,45.565586,14.170864, ,0.0,0.0,0,0,0,0,0,0,0,0
TF,LJ417,45.939972,14.559194,0, ,0.0,0.0,0.0,0.0,2,8000,0,0,0,0,0,0
TF,VIITA,46.041083,14.663722,0, ,0.0,0.0,0.0,0.0,2,5000,0,1,220,0,0,0
TF,MIPRO,46.090611,14.716500,0, ,0.0,0.0,0.0,0.0,2,4000,0,1,200,0,0,0

STAR,ILB2L,30,2
IF,ILB,45.565586,14.170864, ,0.0,0.0,0,0,0,0,0,0,0,0
TF,D216N,45.904067,14.565828,0, ,0.0,0.0,0.0,0.0,0,0,0,0,0,0,0,0
TF,LUPIX,46.068275,14.759758,0, ,0.0,0.0,0.0,0.0,0,0,0,0,0,0,0,0

STAR,LUMU1N,30,5
IF,LUMUS,46.590103,14.156300, ,0.0,0.0,0,0,0,0,0,0,0,0
TF,LJ517,46.419889,14.299972,0, ,0.0,0.0,0.0,0.0,2,13000,0,0,0,0,0,0
TF,LJ513,46.308611,14.393333,0, ,0.0,0.0,0.0,0.0,2,10500,0,0,0,0,0,0
TF,LJ512,46.229472,14.559528,0, ,0.0,0.0,0.0,0.0,2,9000,0,1,230,0,0,0
TF,LJ511,46.204056,14.649444,0, ,0.0,0.0,0.0,0.0,2,8000,0,1,220,0,0,0
TF,NORTO,46.141472,14.770806,0, ,0.0,0.0,0.0,0.0,2,6000,0,1,200,0,0,0
TF,MIPRO,46.090611,14.716500,0, ,0.0,0.0,0.0,0.0,2,4000,0,0,0,0,0,0

STAR,LUMU1R,30,5
IF,LUMUS,46.590103,14.156300, ,0.0,0.0,0,0,0,0,0,0,0,0
TF,LJ517,46.419889,14.299972,0, ,0.0,0.0,0.0,0.0,2,13000,0,0,0,0,0,0
TF,LJ513,46.308611,14.393333,0, ,0.0,0.0,0.0,0.0,2,10500,0,0,0,0,0,0
TF,LJ516,46.204417,14.476778,0, ,0.0,0.0,0.0,0.0,2,9000,0,0,0,0,0,0
TF,XIMTO,46.078778,14.590611,0, ,0.0,0.0,0.0,0.0,2,6000,0,1,230,0,0,0
TF,VIITA,46.041083,14.663722,0, ,0.0,0.0,0.0,0.0,2,5000,0,1,200,0,0,0
TF,MIPRO,46.090611,14.716500,0, ,0.0,0.0,0.0,0.0,2,4000,0,0,0,0,0,0

STAR,LUMU4L,30,2
IF,LUMUS,46.590103,14.156300, ,0.0,0.0,0,0,0,0,0,0,0,0
TF,D328M,46.429517,14.281144,0, ,0.0,0.0,0.0,0.0,0,0,0,0,0,0,0,0
TF,D328E,46.311989,14.371978,0, ,0.0,0.0,0.0,0.0,0,0,0,0,0,0,0,0
TF,LBL,46.238500,14.428556,0, ,0.0,0.0,0.0,0.0,0,0,0,0,0,0,0,0

STAR,MAGA1R,30,5
IF,MAGAM,45.972669,15.702931, ,0.0,0.0,0,0,0,0,0,0,0,0
TF,LJ617,46.051361,15.053556,0, ,0.0,0.0,0.0,0.0,2,8000,0,0,0,0,0,0
TF,LJ616,46.069000,14.903278,0, ,0.0,0.0,0.0,0.0,2,6000,0,0,0,0,0,0
TF,LJ615,46.082472,14.787361,0, ,0.0,0.0,0.0,0.0,2,5000,0,0,0,0,0,0
TF,MIPRO,46.090611,14.716500,0, ,0.0,0.0,0.0,0.0,2,4000,0,1,230,0,0,0

STAR,MAGA2L,30,2
IF,MAGAM,45.972669,15.702931, ,0.0,0.0,0,0,0,0,0,0,0,0
TF,D096N,46.045203,15.108989,0, ,0.0,0.0,0.0,0.0,0,0,0,0,0,0,0,0
TF,D096F,46.067569,14.920242,0, ,0.0,0.0,0.0,0.0,0,0,0,0,0,0,0,0
TF,DOL,46.084139,14.778583,0, ,0.0,0.0,0.0,0.0,0,0,0,0,0,0,0,0

STAR,RADL1R,30,5
IF,RADLY,46.646858,15.209175, ,0.0,0.0,0,0,0,0,0,0,0,0
TF,LJ518,46.221556,14.839611,0, ,0.0,0.0,0.0,0.0,2,8000,0,1,230,0,0,0
TF,NORTO,46.141472,14.770806,0, ,0.0,0.0,0.0,0.0,2,6000,0,1,220,0,0,0
TF,MIPRO,46.090611,14.716500,0, ,0.0,0.0,0.0,0.0,2,4000,0,1,200,0,0,0

STAR,RADL2L,30,2
IF,RADLY,46.646858,15.209175, ,0.0,0.0,0,0,0,0,0,0,0,0
TF,D024M,46.275725,14.924050,0, ,0.0,0.0,0.0,0.0,0,0,0,0,0,0,0,0
TF,D024J,46.231528,14.890392,0, ,0.0,0.0,0.0,0.0,0,0,0,0,0,0,0,0
TF,D024G,46.187322,14.856786,0, ,0.0,0.0,0.0,0.0,0,0,0,0,0,0,0,0
TF,DOL,46.084139,14.778583,0, ,0.0,0.0,0.0,0.0,0,0,0,0,0,0,0,0

STAR,RIFE1R,30,5
IF,RIFEN,45.851111,13.589722, ,0.0,0.0,0,0,0,0,0,0,0,0
TF,LJ414,45.970222,14.255583,0, ,0.0,0.0,0.0,0.0,2,8000,0,0,0,0,0,0
TF,VIITA,46.041083,14.663722,0, ,0.0,0.0,0.0,0.0,2,5000,0,1,220,0,0,0
TF,MIPRO,46.090611,14.716500,0, ,0.0,0.0,0.0,0.0,2,4000,0,1,200,0,0,0

STAR,RIFE2L,30,2
IF,RIFEN,45.851111,13.589722, ,0.0,0.0,0,0,0,0,0,0,0,0
TF,D251Y,45.972961,14.202256,0, ,0.0,0.0,0.0,0.0,0,0,0,0,0,0,0,0
TF,D251J,46.040017,14.547775,0, ,0.0,0.0,0.0,0.0,0,0,0,0,0,0,0,0
TF,D216D,46.039158,14.725264,0, ,0.0,0.0,0.0,0.0,0,0,0,0,0,0,0,0
TF,LUPIX,46.068275,14.759758,0, ,0.0,0.0,0.0,0.0,0,0,0,0,0,0,0,0

STAR,SABA1R,30,5
IF,SABAD,45.465872,14.867481, ,0.0,0.0,0,0,0,0,0,0,0,0
TF,LJ624,45.937389,14.757000,0, ,0.0,0.0,0.0,0.0,2,8000,0,0,0,0,0,0
TF,LJ623,46.041417,14.729528,0, ,0.0,0.0,0.0,0.0,2,5000,0,0,0,0,0,0
TF,MIPRO,46.090611,14.716500,0, ,0.0,0.0,0.0,0.0,2,4000,0,1,230,0,0,0

STAR,SABA2L,30,2
IF,SABAD,45.465872,14.867481, ,0.0,0.0,0,0,0,0,0,0,0,0
TF,DOL11,45.901781,14.805008,0, ,0.0,0.0,0.0,0.0,0,0,0,0,0,0,0,0
TF,D171D,46.017828,14.788211,0, ,0.0,0.0,0.0,0.0,0,0,0,0,0,0,0,1
DF,LUPIX,46.068275,14.759758,0, ,0.0,0.0,0,0,0,0,0,0,0,0

STAR,VALU1R,30,5
IF,VALLU,46.291589,15.336317, ,0.0,0.0,0,0,0,0,0,0,0,0
TF,LJ614,46.202556,15.059806,0, ,0.0,0.0,0.0,0.0,2,8000,0,0,0,0,0,0
TF,LJ613,46.168139,14.953778,0, ,0.0,0.0,0.0,0.0,2,7000,0,0,0,0,0,0
TF,LJ612,46.136083,14.855389,0, ,0.0,0.0,0.0,0.0,2,6000,0,0,0,0,0,0
TF,LJ611,46.112250,14.782500,0, ,0.0,0.0,0.0,0.0,2,5000,0,0,0,0,0,0
TF,MIPRO,46.090611,14.716500,0, ,0.0,0.0,0.0,0.0,2,4000,0,1,230,0,0,0

STAR,VALU2L,30,2
IF,VALLU,46.291589,15.336317, ,0.0,0.0,0,0,0,0,0,0,0,0
TF,D058L,46.178869,15.031836,0, ,0.0,0.0,0.0,0.0,0,0,0,0,0,0,0,0
TF,D058F,46.131572,14.905100,0, ,0.0,0.0,0.0,0.0,0,0,0,0,0,0,0,0
TF,DOL,46.084139,14.778583,0, ,0.0,0.0,0.0,0.0,0,0,0,0,0,0,0,0

STAR,VEKE1N,30,5
IF,VEKEN,46.563611,13.379444, ,0.0,0.0,0,0,0,0,0,0,0,0
TF,LJ521,46.441000,13.691111,0, ,0.0,0.0,0.0,0.0,2,12000,0,0,0,0,0,0
TF,LJ515,46.395389,13.997889,0, ,0.0,0.0,0.0,0.0,2,12000,0,0,0,0,0,0
TF,LJ514,46.359278,14.235361,0, ,0.0,0.0,0.0,0.0,2,10500,0,0,0,0,0,0
TF,LJ513,46.308611,14.393333,0, ,0.0,0.0,0.0,0.0,2,10500,0,0,0,0,0,0
TF,LJ512,46.229472,14.559528,0, ,0.0,0.0,0.0,0.0,2,9000,0,1,230,0,0,0
TF,LJ511,46.204056,14.649444,0, ,0.0,0.0,0.0,0.0,2,8000,0,1,220,0,0,0
TF,NORTO,46.141472,14.770806,0, ,0.0,0.0,0.0,0.0,2,6000,0,1,200,0,0,0
TF,MIPRO,46.090611,14.716500,0, ,0.0,0.0,0.0,0.0,2,4000,0,0,0,0,0,0

STAR,VEKE1R,30,5
IF,VEKEN,46.563611,13.379444, ,0.0,0.0,0,0,0,0,0,0,0,0
TF,LJ413,46.324861,13.983056,0, ,0.0,0.0,0.0,0.0,2,12000,0,0,0,0,0,0
TF,LJ412,46.262639,14.134833,0, ,0.0,0.0,0.0,0.0,2,10500,0,0,0,0,0,0
TF,LJ411,46.127694,14.470083,0, ,0.0,0.0,0.0,0.0,2,7000,0,0,0,0,0,0
TF,XIMTO,46.078778,14.590611,0, ,0.0,0.0,0.0,0.0,2,6000,0,1,230,0,0,0
TF,VIITA,46.041083,14.663722,0, ,0.0,0.0,0.0,0.0,2,5000,0,1,200,0,0,0
TF,MIPRO,46.090611,14.716500,0, ,0.0,0.0,0.0,0.0,2,4000,0,0,0,0,0,0

APPTR,D30,30,DOL
IF,DOL,46.084139,14.778583, ,0.0,0.0,2,5000,0,0,0,0,1,0
TF,D123N,46.098031,14.702575,0, ,0.0,0.0,0.0,0.0,2,4000,0,0,0,0,1,0
TF,BASTA,46.128333,14.643333,0, ,0.0,0.0,0.0,0.0,2,4000,0,0,0,0,0,0

APPTR,D30,30,LBL1
FD,LBL,46.238500,14.428556,0,LBL,0.0,5.0,137.0,5.0,2,7000,0,0,0,0,1,0
CF,D137M,46.072397,14.628600,0,LBL,137.0,13.0,137.0,8.0,2,4000,0,0,0,0,0,1
CF,BASTA,46.128333,14.643333,1,LBL,123.4,11.1,303.0,2.0,2,4000,0,1,210,0,0,0

APPTR,D30,30,LBL2
FD,LBL,46.238500,14.428556,0,LBL,0.0,5.0,130.0,5.0,2,7000,0,0,0,0,1,0
CF,D130M,46.090550,14.656236,0,LBL,130.0,13.0,130.0,8.0,2,4000,0,0,0,0,0,1
CF,BASTA,46.128333,14.643333,1,LBL,123.4,11.1,303.0,2.0,2,4000,0,0,0,0,0,0

APPTR,D30,30,LUPIX
IF,LUPIX,46.068275,14.759758, ,0.0,0.0,0,0,0,0,0,0,1,0
TF,D123N,46.098031,14.702575,0, ,0.0,0.0,0.0,0.0,2,4000,0,0,0,0,1,0
TF,BASTA,46.128333,14.643333,0, ,0.0,0.0,0.0,0.0,2,4000,0,0,0,0,0,0

APPTR,D30,30,MIPRO
IF,MIPRO,46.090611,14.716500, ,0.0,0.0,2,4000,0,0,0,0,1,0
TF,BASTA,46.128333,14.643333,0, ,0.0,0.0,0.0,0.0,2,4000,0,0,0,0,0,0

FINAL,D30,30,D,4
IF,BASTA,46.128333,14.643333,LBL,123.4,11.1,2,4000,0,0,0,0,2,0
CF,59VOR,46.180214,14.542578,0,LBL,123.3,5.9,303.0,5.2,2,2360,0,0,0,0,0,0
CF,47VOR,46.192078,14.519406,0,LBL,123.3,4.7,303.0,1.2,2,1960,0,0,0,0,0,0
CF,MD30,46.209864,14.484631,0,LBL,123.3,2.9,303.0,1.8,1,1403,0,0,0,0,3,0
CF,LBL,46.238500,14.428556,0,LBL,0.0,0.0,303.0,2.9,2,1680,0,0,0,0,0,1
VI,1, ,0.0,128.0,0,0,0,1,190,0,0,0
CF,D171K,46.056219,14.456072,0,LBL,171.0,11.0,171.0,6.0,0,0,0,0,0,0,0,1
CI,1, ,0.0,99.0,0,0,0,0,0,0,0,0
CF,DOL,46.084139,14.778583,0,DOL,0.0,0.0,54.0,10.0,1,6000,0,0,0,0,0,0
HM,DOL,46.084139,14.778583,1, ,0.0,0.0,303.0,05.1,0,0,0,1,210,0,0,0,0

APPTR,I30,30,DOL
IF,DOL,46.084139,14.778583, ,0.0,0.0,2,5000,0,0,0,0,1,0
TF,D123N,46.098031,14.702575,0, ,0.0,0.0,0.0,0.0,2,4000,0,0,0,0,1,0
CF,CI30,46.118431,14.662714,0,LJB,123.4,11.7,303.0,2.1,2,4000,0,0,0,0,0,0

APPTR,I30,30,LBL1
FD,LBL,46.238500,14.428556,0,LBL,0.0,5.0,137.0,5.0,2,7000,0,0,0,0,1,0
CF,D137M,46.072397,14.628600,0,LBL,137.0,13.0,137.0,8.0,2,4000,0,0,0,0,0,1
CF,CI30,46.118431,14.662714,1,LJB,123.4,11.7,303.0,1.0,2,4000,0,1,210,0,0,0

APPTR,I30,30,LBL2
FD,LBL,46.238500,14.428556,0,LBL,0.0,5.0,130.0,5.0,2,7000,0,0,0,0,1,0
CF,D130M,46.090550,14.656236,0,LBL,130.0,13.0,130.0,8.0,2,4000,0,0,0,0,0,1
CF,CI30,46.118431,14.662714,1,LJB,123.4,11.7,303.0,1.0,2,4000,0,0,0,0,0,0

APPTR,I30,30,LUPIX
IF,LUPIX,46.068275,14.759758, ,0.0,0.0,0,0,0,0,0,0,1,0
TF,D123N,46.098031,14.702575,0, ,0.0,0.0,0.0,0.0,2,4000,0,0,0,0,1,0
CF,CI30,46.118431,14.662714,0,LJB,123.4,11.7,303.0,2.1,2,4000,0,0,0,0,0,0

APPTR,I30,30,MIPRO
IF,MIPRO,46.090611,14.716500, ,0.0,0.0,2,4000,0,0,0,0,1,0
TF,CI30,46.118431,14.662714,0,LJB,0.0,0.0,0.0,0.0,2,4000,0,0,0,0,0,0

FINAL,I30,30,I,3
IF,CI30,46.118431,14.662714,LJB,123.4,11.7,2,4000,0,0,0,0,0,0
CF,BASTA,46.128333,14.643333,0,LJB,123.4,10.7,303.0,1.0,1,4000,0,0,0,0,2,0
CF,RW30,46.214878,14.474825,0,LJB,123.4,2.0,303.0,8.7,1,1240,0,0,0,0,3,0
CF,MWEST,46.238617,14.428322,0,LBL,302.8,0.0,303.0,2.4,2,1680,0,0,0,0,0,1
VI,1, ,0.0,138.0,0,0,0,1,185,0,0,0
CF,D173M,46.022422,14.450242,0,LBL,173.0,13.0,173.0,7.0,0,0,0,0,0,0,0,1
CI,0, ,0.0,98.0,0,0,0,0,0,0,0,0
CF,DOL,46.084139,14.778583,0,DOL,0.0,0.0,53.0,12.0,1,6000,0,0,0,0,0,0
HM,DOL,46.084139,14.778583,1, ,0.0,0.0,303.0,05.1,0,0,0,1,210,0,0,0,0

