SID,EDAS1A,06,2
CF,D060F,40.598922,43.222953,0,KAR,60.0,6.0,60.0,6.0,0,0,0,0,0,0,0,0
AF,KA06B,40.576453,42.975336,1,KAR,276.4,6.0,60.0,0,0,0,0,0,0,0,0
TF,EDASU,40.606667,42.776667,0, ,0.0,0.0,0.0,0.0,0,0,0,0,0,0,0,0

SID,EDAS1B,24,2
CF,KA06A,40.519464,42.982222,0,KAR,243.2,6.0,243.0,6.0,0,0,0,0,0,0,0,0
AF,KA06B,40.576453,42.975336,2,KAR,276.4,6.0,243.0,0,0,0,0,0,0,0,0
TF,EDASU,40.606667,42.776667,0, ,0.0,0.0,0.0,0.0,0,0,0,0,0,0,0,0

SID,EKPO1A,06,2
CF,D060F,40.598922,43.222953,0,KAR,60.0,6.0,60.0,6.0,0,0,0,0,0,0,0,1
CD, ,0,0,0,KAR,0,0.0,22.0,8.0,0,0,0,0,0,0,0,0
CF,EKPOS,40.690556,43.377222,0,KAR,52.2,14.8,52.0,8.0,0,0,0,0,0,0,0,0

SID,EKPO1B,24,2
CF,KA06A,40.519464,42.982222,0,KAR,243.2,6.0,243.0,6.0,0,0,0,0,0,0,0,1
DF,KAR,40.556694,43.103972,2, ,0.0,0.0,0,0,0,0,0,0,0,0
TF,EKPOS,40.690556,43.377222,0, ,0.0,0.0,0.0,0.0,0,0,0,0,0,0,0,0

SID,NIVL1A,06,2
CF,D060F,40.598922,43.222953,0,KAR,60.0,6.0,60.0,6.0,0,0,0,0,0,0,0,0
AF,KA06A,40.519464,42.982222,1,KAR,243.2,6.0,60.0,0,0,0,0,0,0,0,0
TF,NIVLA,40.462222,42.796111,0, ,0.0,0.0,0.0,0.0,0,0,0,0,0,0,0,0

SID,NIVL1B,24,2
CF,NIVLA,40.462222,42.796111,0,KAR,243.2,15.2,243.0,16.0,0,0,0,0,0,0,0,0

STAR,EDAS1D,06,2
IF,EDASU,40.606667,42.776667, ,0.0,0.0,0,0,0,0,0,0,0,0
TF,KAR,40.556694,43.103972,0, ,0.0,0.0,0.0,0.0,0,0,0,0,0,0,0,0

STAR,EDAS1E,24,2
IF,EDASU,40.606667,42.776667, ,0.0,0.0,0,0,0,0,0,0,0,0
TF,KAR,40.556694,43.103972,0, ,0.0,0.0,0.0,0.0,0,0,0,0,0,0,0,0

STAR,EKPO1D,06,2
IF,EKPOS,40.690556,43.377222, ,0.0,0.0,0,0,0,0,0,0,0,0
TF,KAR,40.556694,43.103972,0, ,0.0,0.0,0.0,0.0,0,0,0,0,0,0,0,0

STAR,EKPO1E,24,2
IF,EKPOS,40.690556,43.377222, ,0.0,0.0,0,0,0,0,0,0,0,0
TF,KAR,40.556694,43.103972,0, ,0.0,0.0,0.0,0.0,0,0,0,0,0,0,0,0

STAR,NIVL1D,06,2
IF,NIVLA,40.462222,42.796111, ,0.0,0.0,0,0,0,0,0,0,0,0
TF,KAR,40.556694,43.103972,0, ,0.0,0.0,0.0,0.0,0,0,0,0,0,0,0,0

STAR,NIVL1E,24,2
IF,NIVLA,40.462222,42.796111, ,0.0,0.0,0,0,0,0,0,0,0,0
TF,KAR,40.556694,43.103972,0, ,0.0,0.0,0.0,0.0,0,0,0,0,0,0,0,0

FINAL,D06-Y,06,D,4
IF,CF06,40.458503,42.828958,KAR,240.0,13.9,2,11000,0,0,0,0,0,0
CF,FF06,40.493939,42.927811,0,KAR,240.0,8.9,60.0,5.0,2,9250,0,0,0,0,2,0
CF,39VOR,40.529289,43.026769,0,KAR,240.1,3.9,60.0,5.0,2,7500,0,0,0,0,0,0
CF,MA06,40.550458,43.086192,0,KAR,240.3,0.9,60.0,3.0,1,6173,0,0,0,0,3,0
CF,KAR,40.556694,43.103972,0,KAR,0.0,0.0,60.0,1.0,0,0,0,0,0,0,0,0
FD,KAR,40.556694,43.103972,0,KAR,0.0,11.0,59.0,11.0,1,10000,0,0,0,0,0,0
DF,KAR,40.556694,43.103972,1, ,0.0,0.0,1,12000,0,0,0,0,0,0
HM,KAR,40.556694,43.103972,1, ,0.0,0.0,60.0,04.3,0,0,0,1,230,0,0,0,0

FINAL,I06-Z,06,I,3
IF,CI06,40.465508,42.849444,IKAR,239.6,14.6,2,9500,0,0,0,0,0,0
CF,FI06,40.475606,42.877014,0,IKAR,239.6,13.2,60.0,1.4,1,9500,0,0,0,0,2,0
CF,RW06,40.555683,43.096586,0,IKAR,239.6,2.0,60.0,11.1,1,5925,0,0,0,0,3,0
CA,0,60.0,2,6290,0,0,0,0,0,0
FD,KAR,40.556694,43.103972,0,KAR,0.0,17.0,59.0,17.0,1,8500,0,0,0,0,0,0
DF,KAR,40.556694,43.103972,1, ,0.0,0.0,1,12000,0,0,0,0,0,0
HM,KAR,40.556694,43.103972,1, ,0.0,0.0,60.0,04.3,0,0,0,1,230,0,0,0,0

APPTR,N06-Z,06,KAR1
IF,KAR,40.556694,43.103972, ,0.0,0.0,2,11000,0,0,0,0,0,0
FC,KAR,40.556694,43.103972,0,KAR,0.0,0.0,212.0,7.0,2,9500,0,0,0,0,0,1
CF,FF060,40.514453,42.985194,2,KAR,240.1,6.0,60.0,1.0,2,9500,0,0,0,0,0,0

APPTR,N06-Z,06,KAR2
IF,KAR,40.556694,43.103972, ,0.0,0.0,2,11000,0,0,0,0,0,0
FC,KAR,40.556694,43.103972,0,KAR,0.0,0.0,224.0,6.0,2,9500,0,0,0,0,0,1
CF,FF060,40.514453,42.985194,2,KAR,240.1,6.0,60.0,1.0,2,9500,0,0,0,0,0,0

FINAL,N06-Z,06,N,2
IF,FF060,40.514453,42.985194,KAR,0.0,0.0,2,9500,0,0,0,0,2,0
CF,KAR,40.556694,43.103972,0,KAR,0.0,0.0,60.0,6.0,1,8500,0,0,0,0,3,0
FA,KAR,40.556694,43.103972,0,KAR,0.0,0.0,59.0,2,10000,0,0,0,0,0,0
DF,KAR,40.556694,43.103972,1, ,0.0,0.0,1,11000,0,0,0,0,0,0
HM,KAR,40.556694,43.103972,1, ,0.0,0.0,187.0,04.3,0,0,0,1,230,0,0,0,0

APPTR,N24-Z,24,KAR1
IF,KAR,40.556694,43.103972, ,0.0,0.0,2,11000,0,0,0,0,0,0
FC,KAR,40.556694,43.103972,0,KAR,0.0,0.0,212.0,7.0,2,9500,0,0,0,0,0,1
CF,FF060,40.514453,42.985194,2,KAR,240.1,6.0,60.0,1.0,2,9500,0,0,0,0,0,0

APPTR,N24-Z,24,KAR2
IF,KAR,40.556694,43.103972, ,0.0,0.0,2,11000,0,0,0,0,0,0
FC,KAR,40.556694,43.103972,0,KAR,0.0,0.0,224.0,6.0,2,9500,0,0,0,0,0,1
CF,FF060,40.514453,42.985194,2,KAR,240.1,6.0,60.0,1.0,2,9500,0,0,0,0,0,0

FINAL,N24-Z,24,N,2
IF,FF060,40.514453,42.985194,KAR,0.0,0.0,2,9500,0,0,0,0,2,0
CF,KAR,40.556694,43.103972,0,KAR,0.0,0.0,60.0,6.0,1,8500,0,0,0,0,3,0
FA,KAR,40.556694,43.103972,0,KAR,0.0,0.0,59.0,2,10000,0,0,0,0,0,0
DF,KAR,40.556694,43.103972,1, ,0.0,0.0,1,11000,0,0,0,0,0,0
HM,KAR,40.556694,43.103972,1, ,0.0,0.0,187.0,04.3,0,0,0,1,230,0,0,0,0

APPTR,V06-Z,06,KAR1
IF,KAR,40.556694,43.103972, ,0.0,0.0,2,11000,0,0,0,0,0,0
FC,KAR,40.556694,43.103972,0,KAR,0.0,0.0,212.0,7.0,2,9500,0,0,0,0,0,1
CF,FF060,40.514453,42.985194,2,KAR,240.1,6.0,60.0,1.0,2,9500,0,0,0,0,0,0

APPTR,V06-Z,06,KAR2
IF,KAR,40.556694,43.103972, ,0.0,0.0,2,11000,0,0,0,0,0,0
FC,KAR,40.556694,43.103972,0,KAR,0.0,0.0,224.0,6.0,2,9500,0,0,0,0,0,1
CF,FF060,40.514453,42.985194,2,KAR,240.1,6.0,60.0,1.0,2,9500,0,0,0,0,0,0

FINAL,V06-Z,06,D,2
IF,FF060,40.514453,42.985194,KAR,240.1,6.0,2,9500,0,0,0,0,2,0
CF,KAR,40.556694,43.103972,0,KAR,0.0,0.0,60.0,6.0,1,8500,0,0,0,0,3,0
FA,KAR,40.556694,43.103972,0,KAR,0.0,0.0,59.0,2,10000,0,0,0,0,0,0
DF,KAR,40.556694,43.103972,1, ,0.0,0.0,1,11000,0,0,0,0,0,0
HM,KAR,40.556694,43.103972,1, ,0.0,0.0,187.0,04.3,0,0,0,1,230,0,0,0,0

APPTR,V24-Z,24,KAR1
IF,KAR,40.556694,43.103972, ,0.0,0.0,2,11000,0,0,0,0,0,0
FC,KAR,40.556694,43.103972,0,KAR,0.0,0.0,212.0,7.0,2,9500,0,0,0,0,0,1
CF,FF060,40.514453,42.985194,2,KAR,240.1,6.0,60.0,1.0,2,9500,0,0,0,0,0,0

APPTR,V24-Z,24,KAR2
IF,KAR,40.556694,43.103972, ,0.0,0.0,2,11000,0,0,0,0,0,0
FC,KAR,40.556694,43.103972,0,KAR,0.0,0.0,224.0,6.0,2,9500,0,0,0,0,0,1
CF,FF060,40.514453,42.985194,2,KAR,240.1,6.0,60.0,1.0,2,9500,0,0,0,0,0,0

FINAL,V24-Z,24,D,2
IF,FF060,40.514453,42.985194,KAR,240.1,6.0,2,9500,0,0,0,0,2,0
CF,KAR,40.556694,43.103972,0,KAR,0.0,0.0,60.0,6.0,1,8500,0,0,0,0,3,0
FA,KAR,40.556694,43.103972,0,KAR,0.0,0.0,59.0,2,10000,0,0,0,0,0,0
DF,KAR,40.556694,43.103972,1, ,0.0,0.0,1,11000,0,0,0,0,0,0
HM,KAR,40.556694,43.103972,1, ,0.0,0.0,187.0,04.3,0,0,0,1,230,0,0,0,0

