SID,LADI2A,24,5
CA,0,240.0,2,870,0,0,0,0,0,0
CF,NIPIR,-40.986978,175.563181,0,WN,36.4,39.8,235.0,3.0,0,0,0,0,0,0,0,1
TF,LADIT,-41.056406,175.219406,0, ,0.0,0.0,0.0,0.0,0,0,0,0,0,0,0,0

SID,LADI2B,06,5
CA,0,60.0,2,870,0,0,0,0,0,0
CF,OLNOL,-40.962206,175.706394,0,WN,39.1,46.2,55.0,3.0,0,0,0,0,0,0,0,1
VI,1, ,0.0,255.0,0,0,0,0,0,0,0,0
CF,LADIT,-41.056406,175.219406,0,WN,25.4,24.8,225.0,25.0,0,0,0,0,0,0,0,0

SID,MAMO3B,06,5
CA,0,60.0,2,870,0,0,0,0,0,0
CF,OLNOL,-40.962206,175.706394,0,WN,39.1,46.2,55.0,3.0,0,0,0,0,0,0,0,1
DF,MAMOD,-41.147183,175.469958,1, ,0.0,0.0,0,0,0,0,0,0,0,0

SID,MAMO3B,FY,6
IF,MAMOD,-41.147183,175.469958, ,0.0,0.0,0,0,0,0,0,0,0,0
TF,FY,-41.391811,175.149014,0, ,0.0,0.0,0.0,0.0,0,0,0,0,0,0,0,0

SID,MAMO3B,PP,6
IF,MAMOD,-41.147183,175.469958, ,0.0,0.0,0,0,0,0,0,0,0,0
TF,PP,-40.903000,174.983347,0, ,0.0,0.0,0.0,0.0,0,0,0,0,0,0,0,0

SID,MAMO3B,WITBY,6
IF,MAMOD,-41.147183,175.469958, ,0.0,0.0,0,0,0,0,0,0,0,0
TF,WITBY,-41.121789,174.820694,0, ,0.0,0.0,0.0,0.0,0,0,0,0,0,0,0,0

SID,MAMO3B,WN,6
IF,MAMOD,-41.147183,175.469958, ,0.0,0.0,0,0,0,0,0,0,0,0
TF,WN,-41.337228,174.816961,0, ,0.0,0.0,0.0,0.0,0,0,0,0,0,0,0,0

SID,MAMO4A,24,5
CA,0,240.0,2,870,0,0,0,0,0,0
CF,NIPIR,-40.986978,175.563181,0,WN,36.4,39.8,235.0,3.0,0,0,0,0,0,0,0,1
TF,MAMOD,-41.147183,175.469958,0, ,0.0,0.0,0.0,0.0,0,0,0,0,0,0,0,0

SID,MAMO4A,FY,6
IF,MAMOD,-41.147183,175.469958, ,0.0,0.0,0,0,0,0,0,0,0,0
TF,FY,-41.391811,175.149014,0, ,0.0,0.0,0.0,0.0,0,0,0,0,0,0,0,0

SID,MAMO4A,PP,6
IF,MAMOD,-41.147183,175.469958, ,0.0,0.0,0,0,0,0,0,0,0,0
TF,PP,-40.903000,174.983347,0, ,0.0,0.0,0.0,0.0,0,0,0,0,0,0,0,0

SID,MAMO4A,WITBY,6
IF,MAMOD,-41.147183,175.469958, ,0.0,0.0,0,0,0,0,0,0,0,0
TF,WITBY,-41.121789,174.820694,0, ,0.0,0.0,0.0,0.0,0,0,0,0,0,0,0,0

SID,MAMO4A,WN,6
IF,MAMOD,-41.147183,175.469958, ,0.0,0.0,0,0,0,0,0,0,0,0
TF,WN,-41.337228,174.816961,0, ,0.0,0.0,0.0,0.0,0,0,0,0,0,0,0,0

SID,URDA3A,24,5
CA,0,240.0,2,870,0,0,0,0,0,0
CF,NIPIR,-40.986978,175.563181,0,WN,36.4,39.8,235.0,3.0,0,0,0,0,0,0,0,1
DF,SADUN,-40.936061,175.856450,1, ,0.0,0.0,0,0,0,0,0,0,0,0
TF,URDAL,-40.854808,175.831756,0, ,0.0,0.0,0.0,0.0,0,0,0,0,0,0,0,0

SID,URDA3A,KAMET,6
IF,URDAL,-40.854808,175.831756, ,0.0,0.0,0,0,0,0,0,0,0,0
TF,KAMET,-40.668161,175.119608,0, ,0.0,0.0,0.0,0.0,0,0,0,0,0,0,0,0

SID,URDA3A,PM,6
IF,URDAL,-40.854808,175.831756, ,0.0,0.0,0,0,0,0,0,0,0,0
TF,OKEVO,-40.578544,175.731108,0, ,0.0,0.0,0.0,0.0,0,0,0,0,0,0,0,0
TF,PM,-40.320247,175.637847,0, ,0.0,0.0,0.0,0.0,0,0,0,0,0,0,0,0

SID,URDA3A,PP,6
IF,URDAL,-40.854808,175.831756, ,0.0,0.0,0,0,0,0,0,0,0,0
TF,PP,-40.903000,174.983347,0, ,0.0,0.0,0.0,0.0,0,0,0,0,0,0,0,0

SID,URDA3A,WEBER,6
IF,URDAL,-40.854808,175.831756, ,0.0,0.0,0,0,0,0,0,0,0,0
TF,WEBER,-40.225917,176.459967,0, ,0.0,0.0,0.0,0.0,0,0,0,0,0,0,0,0

SID,URDA3B,06,5
CA,0,60.0,2,870,0,0,0,0,0,0
CF,SADUN,-40.936061,175.856450,0,WN,41.3,52.9,55.0,10.0,0,0,0,0,0,0,0,0
TF,URDAL,-40.854808,175.831756,1, ,0.0,0.0,0.0,0.0,0,0,0,0,0,0,0,0

SID,URDA3B,KAMET,6
IF,URDAL,-40.854808,175.831756, ,0.0,0.0,0,0,0,0,0,0,0,0
TF,KAMET,-40.668161,175.119608,0, ,0.0,0.0,0.0,0.0,0,0,0,0,0,0,0,0

SID,URDA3B,PM,6
IF,URDAL,-40.854808,175.831756, ,0.0,0.0,0,0,0,0,0,0,0,0
TF,OKEVO,-40.578544,175.731108,0, ,0.0,0.0,0.0,0.0,0,0,0,0,0,0,0,0
TF,PM,-40.320247,175.637847,0, ,0.0,0.0,0.0,0.0,0,0,0,0,0,0,0,0

SID,URDA3B,PP,6
IF,URDAL,-40.854808,175.831756, ,0.0,0.0,0,0,0,0,0,0,0,0
TF,PP,-40.903000,174.983347,0, ,0.0,0.0,0.0,0.0,0,0,0,0,0,0,0,0

SID,URDA3B,WEBER,6
IF,URDAL,-40.854808,175.831756, ,0.0,0.0,0,0,0,0,0,0,0,0
TF,WEBER,-40.225917,176.459967,0, ,0.0,0.0,0.0,0.0,0,0,0,0,0,0,0,0

STAR,GPS06,FY,4
IF,FY,-41.391811,175.149014, ,0.0,0.0,0,0,0,0,0,0,0,0
TF,MAMOD,-41.147183,175.469958,0, ,0.0,0.0,0.0,0.0,0,0,0,0,0,0,0,0

STAR,GPS06,KAMET,4
IF,KAMET,-40.668161,175.119608, ,0.0,0.0,0,0,0,0,0,0,0,0
TF,URDAL,-40.854808,175.831756,0, ,0.0,0.0,0.0,0.0,0,0,0,0,0,0,0,0
TF,MAMOD,-41.147183,175.469958,0, ,0.0,0.0,0.0,0.0,0,0,0,0,0,0,0,0

STAR,GPS06,MUPAR,4
IF,MUPAR,-41.017306,175.881206, ,0.0,0.0,0,0,0,0,0,0,0,0
TF,MAMOD,-41.147183,175.469958,0, ,0.0,0.0,0.0,0.0,0,0,0,0,0,0,0,0

STAR,GPS06,PM,4
IF,PM,-40.320247,175.637847, ,0.0,0.0,0,0,0,0,0,0,0,0
TF,OKEVO,-40.578544,175.731108,0, ,0.0,0.0,0.0,0.0,0,0,0,0,0,0,0,0
TF,URDAL,-40.854808,175.831756,0, ,0.0,0.0,0.0,0.0,0,0,0,0,0,0,0,0
TF,MAMOD,-41.147183,175.469958,0, ,0.0,0.0,0.0,0.0,0,0,0,0,0,0,0,0

STAR,GPS06,PP,4
IF,PP,-40.903000,174.983347, ,0.0,0.0,0,0,0,0,0,0,0,0
TF,MAMOD,-41.147183,175.469958,0, ,0.0,0.0,0.0,0.0,0,0,0,0,0,0,0,0

STAR,GPS06,WEBER,4
IF,WEBER,-40.225917,176.459967, ,0.0,0.0,0,0,0,0,0,0,0,0
TF,URDAL,-40.854808,175.831756,0, ,0.0,0.0,0.0,0.0,0,0,0,0,0,0,0,0
TF,MAMOD,-41.147183,175.469958,0, ,0.0,0.0,0.0,0.0,0,0,0,0,0,0,0,0

STAR,GPS06,WITBY,4
IF,WITBY,-41.121789,174.820694, ,0.0,0.0,0,0,0,0,0,0,0,0
TF,MAMOD,-41.147183,175.469958,0, ,0.0,0.0,0.0,0.0,0,0,0,0,0,0,0,0

STAR,GPS06,WN,4
IF,WN,-41.337228,174.816961, ,0.0,0.0,0,0,0,0,0,0,0,0
TF,MAMOD,-41.147183,175.469958,0, ,0.0,0.0,0.0,0.0,0,0,0,0,0,0,0,0

STAR,GPS06,06,5
IF,MAMOD,-41.147183,175.469958, ,0.0,0.0,0,0,0,0,0,0,0,0

STAR,MUPA24,FY,4
IF,FY,-41.391811,175.149014, ,0.0,0.0,0,0,0,0,0,0,0,0
TF,MAMOD,-41.147183,175.469958,0, ,0.0,0.0,0.0,0.0,0,0,0,0,0,0,0,0
TF,MUPAR,-41.017306,175.881206,0, ,0.0,0.0,0.0,0.0,0,0,0,0,0,0,0,0

STAR,MUPA24,PP,4
IF,PP,-40.903000,174.983347, ,0.0,0.0,0,0,0,0,0,0,0,0
TF,MAMOD,-41.147183,175.469958,0, ,0.0,0.0,0.0,0.0,0,0,0,0,0,0,0,0
TF,MUPAR,-41.017306,175.881206,0, ,0.0,0.0,0.0,0.0,0,0,0,0,0,0,0,0

STAR,MUPA24,WITBY,4
IF,WITBY,-41.121789,174.820694, ,0.0,0.0,0,0,0,0,0,0,0,0
TF,MAMOD,-41.147183,175.469958,0, ,0.0,0.0,0.0,0.0,0,0,0,0,0,0,0,0
TF,MUPAR,-41.017306,175.881206,0, ,0.0,0.0,0.0,0.0,0,0,0,0,0,0,0,0

STAR,MUPA24,WN,4
IF,WN,-41.337228,174.816961, ,0.0,0.0,0,0,0,0,0,0,0,0
TF,MAMOD,-41.147183,175.469958,0, ,0.0,0.0,0.0,0.0,0,0,0,0,0,0,0,0
TF,MUPAR,-41.017306,175.881206,0, ,0.0,0.0,0.0,0.0,0,0,0,0,0,0,0,0

STAR,MUPA24,24,5
IF,MUPAR,-41.017306,175.881206, ,0.0,0.0,0,0,0,0,0,0,0,0

STAR,URDA24,FY,4
IF,FY,-41.391811,175.149014, ,0.0,0.0,0,0,0,0,0,0,0,0
TF,MAMOD,-41.147183,175.469958,0, ,0.0,0.0,0.0,0.0,0,0,0,0,0,0,0,0
TF,URDAL,-40.854808,175.831756,0, ,0.0,0.0,0.0,0.0,0,0,0,0,0,0,0,0

STAR,URDA24,KAMET,4
IF,KAMET,-40.668161,175.119608, ,0.0,0.0,0,0,0,0,0,0,0,0
TF,URDAL,-40.854808,175.831756,0, ,0.0,0.0,0.0,0.0,0,0,0,0,0,0,0,0

STAR,URDA24,PM,4
IF,PM,-40.320247,175.637847, ,0.0,0.0,0,0,0,0,0,0,0,0
TF,OKEVO,-40.578544,175.731108,0, ,0.0,0.0,0.0,0.0,0,0,0,0,0,0,0,0
TF,URDAL,-40.854808,175.831756,0, ,0.0,0.0,0.0,0.0,0,0,0,0,0,0,0,0

STAR,URDA24,PP,4
IF,PP,-40.903000,174.983347, ,0.0,0.0,0,0,0,0,0,0,0,0
TF,URDAL,-40.854808,175.831756,0, ,0.0,0.0,0.0,0.0,0,0,0,0,0,0,0,0

STAR,URDA24,WEBER,4
IF,WEBER,-40.225917,176.459967, ,0.0,0.0,0,0,0,0,0,0,0,0
TF,URDAL,-40.854808,175.831756,0, ,0.0,0.0,0.0,0.0,0,0,0,0,0,0,0,0

STAR,URDA24,WITBY,4
IF,WITBY,-41.121789,174.820694, ,0.0,0.0,0,0,0,0,0,0,0,0
TF,MAMOD,-41.147183,175.469958,0, ,0.0,0.0,0.0,0.0,0,0,0,0,0,0,0,0
TF,URDAL,-40.854808,175.831756,0, ,0.0,0.0,0.0,0.0,0,0,0,0,0,0,0,0

STAR,URDA24,WN,4
IF,WN,-41.337228,174.816961, ,0.0,0.0,0,0,0,0,0,0,0,0
TF,MAMOD,-41.147183,175.469958,0, ,0.0,0.0,0.0,0.0,0,0,0,0,0,0,0,0
TF,URDAL,-40.854808,175.831756,0, ,0.0,0.0,0.0,0.0,0,0,0,0,0,0,0,0

STAR,URDA24,24,5
IF,URDAL,-40.854808,175.831756, ,0.0,0.0,0,0,0,0,0,0,0,0

APPTR,R06,06,MAMOD
IF,MAMOD,-41.147183,175.469958, ,0.0,0.0,2,4300,0,0,0,0,1,0
TF,MS603,-41.064469,175.483867,0, ,0.0,0.0,0.0,0.0,2,3050,0,0,0,0,1,0

FINAL,R06,06,R,3
IF,MS603,-41.064469,175.483867, ,0.0,0.0,2,3050,0,0,0,0,0,0
TF,MS602,-40.998072,175.550475,0, ,0.0,0.0,15.0,5.0,2,1550,0,0,0,0,2,0
TF,MS601,-40.978669,175.611333,0, ,0.0,0.0,45.0,3.0,1,643,0,0,0,0,3,1
DF,SADUN,-40.936061,175.856450,0, ,0.0,0.0,1,3800,0,0,0,0,0,0

APPTR,R24,24,MUPAR
IF,MUPAR,-41.017306,175.881206, ,0.0,0.0,0,0,0,0,0,0,1,0
TF,SADUN,-40.936061,175.856450,0, ,0.0,0.0,0.0,0.0,2,3300,0,0,0,0,1,0

APPTR,R24,24,SADUN
HF,SADUN,-40.936061,175.856450,2, ,0.0,0.0,235.0,04.3,2,3800,0,0,0,0,1,0,0

APPTR,R24,24,URDAL
IF,URDAL,-40.854808,175.831756, ,0.0,0.0,0,0,0,0,0,0,1,0
TF,SADUN,-40.936061,175.856450,0, ,0.0,0.0,0.0,0.0,2,3300,0,0,0,0,1,0

FINAL,R24,24,R,3
IF,SADUN,-40.936061,175.856450, ,0.0,0.0,2,3300,0,0,0,0,0,0
TF,MS402,-40.951028,175.770719,0, ,0.0,0.0,235.0,4.0,2,2200,0,0,0,0,2,0
TF,MS401,-40.973358,175.642050,0, ,0.0,0.0,235.0,6.0,1,405,0,0,0,0,3,1
CA,0,235.0,2,1500,0,0,0,0,0,0
DF,SADUN,-40.936061,175.856450,1, ,0.0,0.0,1,3800,0,0,0,0,0,0

