SID,BAGRM3,21L,2
CA,0,207.0,2,5270,0,0,0,0,0,0
CF,BRNNZ,34.779708,69.144247,0,BGM,208.6,12.0,209.0,12.0,0,0,0,0,0,0,0,0
TF,KBL,34.545583,69.290389,0, ,0.0,0.0,0.0,0.0,2,10600,0,0,0,0,0,0

SID,BAGRM3,21R,2
CA,0,207.0,2,5270,0,0,0,0,0,0
CF,BRNNZ,34.779708,69.144247,0,BGM,208.6,12.0,209.0,12.0,0,0,0,0,0,0,0,0
TF,KBL,34.545583,69.290389,0, ,0.0,0.0,0.0,0.0,2,10600,0,0,0,0,0,0

SID,CIDVU6,03L,2
VA,0,27.0,2,5826,0,0,0,0,0,0
VI,1, ,0.0,175.0,0,0,0,0,0,0,0,0
CF,CIDVU,34.555933,69.016703,0,BGM,205.1,26.8,205.0,23.0,0,0,0,0,0,0,0,0

SID,CIDVU6,03R,2
VA,0,27.0,2,5826,0,0,0,0,0,0
VI,1, ,0.0,175.0,0,0,0,0,0,0,0,0
CF,CIDVU,34.555933,69.016703,0,BGM,205.1,26.8,205.0,23.0,0,0,0,0,0,0,0,0

SID,FYDER8,03L,2
VA,0,27.0,2,7500,0,0,0,0,0,0
DF,BGM,34.950381,69.271506,1, ,0.0,0.0,0,0,0,1,310,0,0,0

SID,FYDER8,03R,2
VA,0,27.0,2,7500,0,0,0,0,0,0
DF,BGM,34.950381,69.271506,1, ,0.0,0.0,0,0,0,1,310,0,0,0

SID,FYDER8,FYDER,3
IF,BGM,34.950381,69.271506, ,0.0,0.0,0,0,0,0,0,0,0,0
TF,FYDER,34.515761,69.148611,0, ,0.0,0.0,0.0,0.0,2,14100,0,0,0,0,0,0

SID,FYDER8,ITMEV,3
IF,BGM,34.950381,69.271506, ,0.0,0.0,0,0,0,0,0,0,0,0
TF,ITMEV,34.837950,68.844864,0, ,0.0,0.0,0.0,0.0,2,17500,0,0,0,0,0,0

SID,FYDER8,JOGVA,3
IF,BGM,34.950381,69.271506, ,0.0,0.0,0,0,0,0,0,0,0,0
TF,JOGVA,34.869339,69.661697,0, ,0.0,0.0,0.0,0.0,2,15500,0,0,0,0,0,0

SID,MIRAB7,03R,4
DF,LEIPS,35.017833,69.316167,0, ,0.0,0.0,0,0,0,0,0,0,0,1
DF,MIRAB,34.767500,69.149667,1, ,0.0,0.0,0,0,0,1,310,0,0,0

SID,MIRAB7,21L,4
DF,MENPA,34.899864,69.233917,0, ,0.0,0.0,0,0,0,0,0,0,0,0
TF,MIRAB,34.767500,69.149667,0, ,0.0,0.0,0.0,0.0,0,0,0,1,310,0,0,0

SID,MIRAB7,ALL,5
IF,MIRAB,34.767500,69.149667, ,0.0,0.0,0,0,0,1,310,0,0,0
TF,TAPIS,34.516667,69.150000,0, ,0.0,0.0,0.0,0.0,0,0,0,0,0,0,0,0

APPTR,D03RY,03R,GINRI
IF,GINRI,34.785667,69.526628, ,0.0,0.0,2,12600,0,0,0,0,1,0
AF,DAPUB,34.688167,69.333208,2,BGM,166.0,16.0,125.0,2,12500,0,0,0,0,0,0
AF,PASEN,34.726239,69.095303,2,BGM,210.0,16.0,166.0,2,10000,0,0,0,0,1,0

FINAL,D03RY,03R,D,5
IF,PASEN,34.726239,69.095303,BGM,210.0,16.0,2,10000,0,0,0,0,0,0
CF,EMUMA,34.768286,69.128267,0,BGM,210.0,13.0,30.0,3.0,2,9500,0,0,0,0,0,0
CF,HERUT,34.810322,69.161267,0,BGM,210.0,10.0,30.0,3.0,2,8000,0,0,0,0,0,0
CF,GENOP,34.838342,69.183283,0,BGM,210.0,8.0,30.0,2.0,2,7300,0,0,0,0,2,0
CF,KUMDU,34.923778,69.250531,0,BGM,210.0,1.9,30.0,6.1,1,5106,0,0,0,0,3,0
CF,BGM,34.950381,69.271506,0,BGM,0.0,0.0,30.0,1.9,2,5270,0,0,0,0,0,0
CF,DOLME,35.018256,69.337906,0,BGM,35.8,5.2,36.0,5.2,0,0,0,0,0,0,0,1
DF,BGM,34.950381,69.271506,1, ,0.0,0.0,2,12600,0,0,0,0,0,0
CF,GINRI,34.785667,69.526628,0,BGM,125.0,16.0,125.0,16.0,0,0,0,0,0,0,0,0
HM,GINRI,34.785667,69.526628,1, ,0.0,0.0,305.0,04.3,3,16000,0,1,310,0,0,0,0

APPTR,D03RZ,03R,GINRI
IF,GINRI,34.785667,69.526628, ,0.0,0.0,2,12600,0,0,0,0,1,0
AF,DAPUB,34.688167,69.333208,2,BGM,166.0,16.0,125.0,2,12500,0,0,0,0,0,0
AF,PASEN,34.726239,69.095303,2,BGM,210.0,16.0,166.0,2,10000,0,0,0,0,1,0

FINAL,D03RZ,03R,D,5
IF,PASEN,34.726239,69.095303,BGM,210.0,16.0,2,10000,0,0,0,0,0,0
CF,EMUMA,34.768286,69.128267,0,BGM,210.0,13.0,30.0,3.0,2,9500,0,0,0,0,0,0
CF,HERUT,34.810322,69.161267,0,BGM,210.0,10.0,30.0,3.0,2,7900,0,0,0,0,0,0
CF,GENOP,34.838342,69.183283,0,BGM,210.0,8.0,30.0,2.0,2,7300,0,0,0,0,2,0
CF,KUMDU,34.923778,69.250531,0,BGM,210.0,1.9,30.0,6.1,1,5106,0,0,0,0,3,0
CF,BGM,34.950381,69.271506,0,BGM,0.0,0.0,30.0,1.9,2,5270,0,0,0,0,0,0
CF,DOLME,35.018256,69.337906,0,BGM,35.8,5.2,36.0,5.2,0,0,0,0,0,0,0,1
DF,BGM,34.950381,69.271506,1, ,0.0,0.0,2,12600,0,0,0,0,0,0
CF,GINRI,34.785667,69.526628,0,BGM,125.0,16.0,125.0,16.0,0,0,0,0,0,0,0,0
HM,GINRI,34.785667,69.526628,1, ,0.0,0.0,305.0,04.3,3,16000,0,1,310,0,0,0,0

APPTR,I03R,03R,GINRI
IF,GINRI,34.785667,69.526628, ,0.0,0.0,2,12600,0,0,0,0,1,0
AF,DAPUB,34.688167,69.333208,2,BGM,166.0,16.0,125.0,2,12500,0,0,0,0,0,0
AF,LUDES,34.719442,69.108731,2,BGM,207.2,16.0,166.0,2,9800,0,0,0,0,0,0
TF,LORAD,34.760161,69.136919,0, ,0.0,0.0,0.0,0.0,2,8700,0,0,0,0,0,0
CF,SULOE,34.799169,69.163925,0,IBAG,206.9,11.3,27.0,2.7,2,7400,0,0,0,0,0,0

FINAL,I03R,03R,I,3
IF,SULOE,34.799169,69.163925,IBAG,206.9,11.3,2,7400,0,0,0,0,0,0
CF,ANVES,34.838631,69.191367,0,IBAG,206.9,8.6,27.0,2.7,1,7000,0,0,0,0,2,0
CF,RW03R,34.931719,69.256106,0,IBAG,206.9,2.1,27.0,6.4,1,4915,0,0,0,0,3,0
CA,0,27.0,2,5270,0,0,0,0,0,0
CF,DOLME,35.018256,69.337906,0,BGM,35.8,5.2,36.0,5.6,0,0,0,0,0,0,0,1
DF,BGM,34.950381,69.271506,1, ,0.0,0.0,2,12600,0,0,0,0,0,0
CF,GINRI,34.785667,69.526628,0,BGM,125.0,16.0,125.0,16.0,0,0,0,0,0,0,0,0
HM,GINRI,34.785667,69.526628,1, ,0.0,0.0,305.0,04.3,3,16000,0,1,310,0,0,0,0

APPTR,L03RY,03R,GINRI
IF,GINRI,34.785667,69.526628, ,0.0,0.0,2,12600,0,0,0,0,1,0
AF,DAPUB,34.688167,69.333208,2,BGM,166.0,16.0,125.0,2,12500,0,0,0,0,0,0
AF,LUDES,34.719442,69.108731,2,BGM,207.2,16.0,166.0,2,9800,0,0,0,0,0,0
CF,LORAD,34.760161,69.136919,0,IBAG,206.9,14.0,27.0,2.8,2,8700,0,0,0,0,0,0

FINAL,L03RY,03R,D,4
IF,LORAD,34.760161,69.136919,IBAG,206.9,14.0,2,8700,0,0,0,0,0,0
CF,SULOE,34.799169,69.163925,0,IBAG,206.9,11.3,27.0,2.7,2,7400,0,0,0,0,0,0
CF,ANVES,34.838631,69.191367,0,IBAG,206.9,8.6,27.0,2.7,2,7000,0,0,0,0,2,0
CF,IMSIK,34.919542,69.247633,0,IBAG,206.9,3.0,27.0,5.6,1,5182,0,0,0,0,3,0
CA,0,27.0,2,5270,0,0,0,0,0,0
CF,DOLME,35.018256,69.337906,0,BGM,35.8,5.2,36.0,6.4,0,0,0,0,0,0,0,1
DF,BGM,34.950381,69.271506,1, ,0.0,0.0,2,12600,0,0,0,0,0,0
CF,GINRI,34.785667,69.526628,0,BGM,125.0,16.0,125.0,16.0,0,0,0,0,0,0,0,0
HM,GINRI,34.785667,69.526628,1, ,0.0,0.0,305.0,04.3,3,16000,0,1,310,0,0,0,0

APPTR,L03RZ,03R,GINRI
IF,GINRI,34.785667,69.526628, ,0.0,0.0,2,12600,0,0,0,0,1,0
AF,DAPUB,34.688167,69.333208,2,BGM,166.0,16.0,125.0,2,12500,0,0,0,0,0,0
AF,LUDES,34.719442,69.108731,2,BGM,207.2,16.0,166.0,2,9800,0,0,0,0,0,0
CF,LORAD,34.760161,69.136919,0,IBAG,206.9,14.0,27.0,2.8,2,8700,0,0,0,0,0,0

FINAL,L03RZ,03R,D,4
IF,LORAD,34.760161,69.136919,IBAG,206.9,14.0,2,8700,0,0,0,0,0,0
CF,SULOE,34.799169,69.163925,0,IBAG,206.9,11.3,27.0,2.7,2,7400,0,0,0,0,0,0
CF,ANVES,34.838631,69.191367,0,IBAG,206.9,8.6,27.0,2.7,2,7000,0,0,0,0,2,0
CF,IMSIK,34.919542,69.247633,0,IBAG,206.9,3.0,27.0,5.6,1,5182,0,0,0,0,3,0
CA,0,27.0,2,5270,0,0,0,0,0,0
CF,DOLME,35.018256,69.337906,0,BGM,35.8,5.2,36.0,6.4,0,0,0,0,0,0,0,1
DF,BGM,34.950381,69.271506,1, ,0.0,0.0,2,12600,0,0,0,0,0,0
CF,GINRI,34.785667,69.526628,0,BGM,125.0,16.0,125.0,16.0,0,0,0,0,0,0,0,0
HM,GINRI,34.785667,69.526628,1, ,0.0,0.0,305.0,04.3,3,16000,0,1,310,0,0,0,0

FINAL,R03R,03R,R,4
IF,RIGEN,34.719197,69.141831, ,0.0,0.0,2,9700,0,0,0,0,1,0
TF,RAGOR,34.774772,69.163683,0, ,0.0,0.0,15.0,3.5,2,8600,0,0,0,0,0,0
TF,OLOSE,34.830344,69.185567,0, ,0.0,0.0,15.0,3.5,2,7500,0,0,0,0,2,0
TF,RW03R,34.931719,69.256106,0, ,0.0,0.0,27.0,7.0,1,4908,0,0,0,0,3,1
CA,0,27.0,2,7300,0,0,0,0,0,0
DF,RIGEN,34.719197,69.141831,1, ,0.0,0.0,2,10200,0,1,230,0,0,0
HM,RIGEN,34.719197,69.141831,2, ,0.0,0.0,10.0,05,1,10200,0,1,230,0,0,0,0

APPTR,T03RY,03R,GINRI
IF,GINRI,34.785667,69.526628, ,0.0,0.0,2,12600,0,0,0,0,1,0
AF,DAPUB,34.688167,69.333208,2,BGM,166.0,16.0,125.0,2,12500,0,0,0,0,0,0
AF,PASEN,34.726239,69.095303,2,BGM,210.0,16.0,166.0,2,10000,0,0,0,0,1,0

FINAL,T03RY,03R,D,5
IF,PASEN,34.726239,69.095303,BGM,210.0,16.0,2,10000,0,0,0,0,0,0
CF,EMUMA,34.768286,69.128267,0,BGM,210.0,13.0,30.0,3.0,2,9500,0,0,0,0,0,0
CF,HERUT,34.810322,69.161267,0,BGM,210.0,10.0,30.0,3.0,2,8000,0,0,0,0,0,0
CF,GENOP,34.838342,69.183283,0,BGM,210.0,8.0,30.0,2.0,2,7300,0,0,0,0,2,0
CF,KUMDU,34.923778,69.250531,0,BGM,210.0,1.9,30.0,6.1,1,5106,0,0,0,0,3,0
CF,BGM,34.950381,69.271506,0,BGM,0.0,0.0,30.0,1.9,2,5270,0,0,0,0,0,0
CF,DOLME,35.018256,69.337906,0,BGM,35.8,5.2,36.0,5.2,0,0,0,0,0,0,0,1
DF,BGM,34.950381,69.271506,1, ,0.0,0.0,2,12600,0,0,0,0,0,0
CF,GINRI,34.785667,69.526628,0,BGM,125.0,16.0,125.0,16.0,0,0,0,0,0,0,0,0
HM,GINRI,34.785667,69.526628,1, ,0.0,0.0,305.0,04.3,3,16000,0,1,310,0,0,0,0

APPTR,T03RZ,03R,GINRI
IF,GINRI,34.785667,69.526628, ,0.0,0.0,2,12600,0,0,0,0,1,0
AF,DAPUB,34.688167,69.333208,2,BGM,166.0,16.0,125.0,2,12500,0,0,0,0,0,0
AF,PASEN,34.726239,69.095303,2,BGM,210.0,16.0,166.0,2,10000,0,0,0,0,1,0

FINAL,T03RZ,03R,D,5
IF,PASEN,34.726239,69.095303,BGM,210.0,16.0,2,10000,0,0,0,0,0,0
CF,EMUMA,34.768286,69.128267,0,BGM,210.0,13.0,30.0,3.0,2,9500,0,0,0,0,0,0
CF,HERUT,34.810322,69.161267,0,BGM,210.0,10.0,30.0,3.0,2,7900,0,0,0,0,0,0
CF,GENOP,34.838342,69.183283,0,BGM,210.0,8.0,30.0,2.0,2,7300,0,0,0,0,2,0
CF,KUMDU,34.923778,69.250531,0,BGM,210.0,1.9,30.0,6.1,1,5106,0,0,0,0,3,0
CF,BGM,34.950381,69.271506,0,BGM,0.0,0.0,30.0,1.9,2,5270,0,0,0,0,0,0
CF,DOLME,35.018256,69.337906,0,BGM,35.8,5.2,36.0,5.2,0,0,0,0,0,0,0,1
DF,BGM,34.950381,69.271506,1, ,0.0,0.0,2,12600,0,0,0,0,0,0
CF,GINRI,34.785667,69.526628,0,BGM,125.0,16.0,125.0,16.0,0,0,0,0,0,0,0,0
HM,GINRI,34.785667,69.526628,1, ,0.0,0.0,305.0,04.3,3,16000,0,1,310,0,0,0,0

