APPTR,R18,18,CENDU
HF,CENDU,59.027572,-158.407397,2, ,0.0,0.0,183.0,04,2,2900,0,0,0,0,1,0,0

APPTR,R18,18,DUHGO
IF,DUHGO,59.053267,-158.560803, ,0.0,0.0,2,5100,0,0,0,0,1,0
TF,CENDU,59.027572,-158.407397,0, ,0.0,0.0,0.0,0.0,2,2900,0,0,0,0,1,0

APPTR,R18,18,EPOMY
IF,EPOMY,59.001697,-158.254222, ,0.0,0.0,2,2900,0,0,0,0,1,0
TF,CENDU,59.027572,-158.407397,0, ,0.0,0.0,0.0,0.0,2,2900,0,0,0,0,1,0

FINAL,R18,18,R,3
IF,CENDU,59.027572,-158.407397, ,0.0,0.0,2,2900,0,0,0,0,0,0
TF,BUNUW,58.928597,-158.469853,0, ,0.0,0.0,183.0,6.3,2,2000,0,0,0,0,2,0
TF,RW18,58.837850,-158.526789,0, ,0.0,0.0,183.0,5.7,1,101,0,0,0,0,3,1
DF,HEGPI,58.639675,-158.649997,0, ,0.0,0.0,2,2900,0,0,0,0,0,1
HM,HEGPI,58.639675,-158.649997,2, ,0.0,0.0,3.0,04,0,0,0,0,0,0,0,0,0

APPTR,R36,36,HEGPI
HF,HEGPI,58.639675,-158.649997,2, ,0.0,0.0,3.0,04,2,2900,0,0,0,0,1,0,0

APPTR,R36,36,IKULE
IF,IKULE,58.614089,-158.498342, ,0.0,0.0,2,2900,0,0,0,0,1,0
TF,HEGPI,58.639675,-158.649997,0, ,0.0,0.0,0.0,0.0,2,2900,0,0,0,0,1,0

APPTR,R36,36,JEGVO
IF,JEGVO,58.665081,-158.801872, ,0.0,0.0,2,5000,0,0,0,0,1,0
TF,HEGPI,58.639675,-158.649997,0, ,0.0,0.0,0.0,0.0,2,2900,0,0,0,0,1,0

FINAL,R36,36,R,3
IF,HEGPI,58.639675,-158.649997, ,0.0,0.0,2,2900,0,0,0,0,0,0
TF,GACCU,58.737606,-158.589297,0, ,0.0,0.0,3.0,6.2,2,2000,0,0,0,0,2,0
TF,RW36,58.829522,-158.531997,0, ,0.0,0.0,3.0,5.8,1,120,0,0,0,0,3,1
DF,CENDU,59.027572,-158.407397,0, ,0.0,0.0,2,2900,0,0,0,0,0,1
HM,CENDU,59.027572,-158.407397,2, ,0.0,0.0,183.0,04,0,0,0,0,0,0,0,0,0

