SID,MD1A,03,1
VA,0,32.0,2,600,0,0,0,0,0,0
DF,MEDIT,26.152581,120.109531,2, ,0.0,0.0,0,0,0,0,0,0,0,0

SID,MD1A,21,1
VA,0,212.0,2,600,0,0,0,0,0,0
VI,0, ,0.0,130.0,0,0,0,0,0,0,0,0
IF,NK,26.155361,119.955194, ,0.0,0.0,0,0,0,0,0,0,0,0
TF,MEDIT,26.152581,120.109531,0, ,0.0,0.0,0.0,0.0,0,0,0,0,0,0,0,0

SID,MD1A,HIPPO,3
IF,MEDIT,26.152581,120.109531, ,0.0,0.0,0,0,0,0,0,0,0,0
TF,HIPPO,26.143333,120.234444,0, ,0.0,0.0,0.0,0.0,0,0,0,0,0,0,0,0

SID,MD1B,03,1
VA,0,32.0,2,600,0,0,0,0,0,0
DF,MEDIT,26.152581,120.109531,2, ,0.0,0.0,0,0,0,0,0,0,0,0

SID,MD1B,21,1
VA,0,212.0,2,600,0,0,0,0,0,0
VI,0, ,0.0,130.0,0,0,0,0,0,0,0,0
IF,NK,26.155361,119.955194, ,0.0,0.0,0,0,0,0,0,0,0,0
TF,MEDIT,26.152581,120.109531,0, ,0.0,0.0,0.0,0.0,0,0,0,0,0,0,0,0

SID,MD1B,HIPPO,3
IF,MEDIT,26.152581,120.109531, ,0.0,0.0,0,0,0,0,0,0,0,0
TF,HIPPO,26.143333,120.234444,0, ,0.0,0.0,0.0,0.0,0,0,0,0,0,0,0,0

FINAL,Q03,03,N,3
IF,MATIS,26.076014,119.936842,PK,0.0,0.0,2,2000,0,0,0,0,0,0
CF,FQ03,26.161861,119.973308,0,PK,0.0,0.0,25.0,5.5,2,1300,0,0,0,0,2,0
CF,MQ03,26.200878,119.989900,0,PKN,0.0,1.5,25.0,2.5,1,1300,0,0,0,0,3,0
CF,ZIPPY,26.146956,120.153606,2,FOC,68.2,29.2,124.0,9.5,1,3000,0,0,0,0,0,0
HM,ZIPPY,26.146956,120.153606,1, ,0.0,0.0,277.0,04.3,1,3000,0,0,0,0,0,0,0

APPTR,R03,03,MT033
IF,MT033,26.032836,119.994358, ,0.0,0.0,2,3000,0,0,0,0,1,0
TF,MT032,26.072278,119.912775,0, ,0.0,0.0,0.0,0.0,2,2000,0,0,0,0,1,0

FINAL,R03,03,R,3
IF,MT032,26.072278,119.912775, ,0.0,0.0,2,2000,0,0,0,0,0,0
TF,MT031,26.146000,119.956397,0, ,0.0,0.0,32.0,5.0,1,1400,0,0,0,0,2,0
TF,RW03,26.219708,120.000072,0, ,0.0,0.0,32.0,5.0,1,76,0,0,0,0,3,1
FA,RW03,26.219708,120.000072,0,FOC,0.0,0.0,32.0,2,1300,0,0,0,0,0,0
DF,MT033,26.032836,119.994358,2, ,0.0,0.0,1,3000,0,0,0,0,0,1
HM,MT033,26.032836,119.994358,1, ,0.0,0.0,302.0,05,1,3000,0,0,0,0,0,0,0

FINAL,X03,03,C,3
IF,NODUS,26.086603,119.915644,IBGS,214.0,9.8,2,2000,0,0,0,0,0,0
CF,FF03,26.159017,119.961903,0,IBGS,214.0,4.8,34.0,5.0,2,1400,0,0,0,0,2,0
CF,MA03,26.202486,119.989700,0,IBGS,214.0,1.8,34.0,3.0,1,449,0,0,0,0,3,0
CA,0,32.0,2,1400,0,0,0,0,0,0
VI,2, ,0.0,169.0,0,0,0,0,0,0,0,0
CF,ZIPPY,26.146956,120.153606,0,FOC,68.2,29.2,124.0,6.0,1,3000,0,0,0,0,0,0
HM,ZIPPY,26.146956,120.153606,1, ,0.0,0.0,277.0,04.3,1,3000,0,0,0,0,0,0,0

FINAL,X21,21,C,3
IF,MAZDA,26.296522,120.049906,IBGN,35.1,5.0,2,1300,0,0,0,0,0,0
CF,FF21,26.267869,120.030794,0,IBGN,35.1,3.0,215.0,2.0,2,1000,0,0,0,0,2,0
CF,MA21,26.246381,120.016467,0,IBGN,35.2,1.5,215.0,1.5,1,474,0,0,0,0,3,0
CA,0,212.0,2,1200,0,0,0,0,0,0
VI,0, ,0.0,130.0,0,0,0,0,0,0,0,0
CF,AICER,26.147456,120.141950,0,FOC,67.6,28.6,97.0,7.0,1,3000,0,0,0,0,0,0
HM,AICER,26.147456,120.141950,1, ,0.0,0.0,277.0,04.3,1,3000,0,0,0,0,0,0,0

