SID,CUBO,07,1
VA,0,69.0,2,757,0,0,0,0,0,0
VI,2, ,0.0,232.0,0,0,0,0,0,0,0,0
CF,CUBO,-5.819667,-49.160000,0,MRB,203.1,27.0,202.0,21.0,0,0,0,0,0,0,0,0

SID,CUBO,25,1
VA,0,249.0,2,757,0,0,0,0,0,0
VI,0, ,0.0,172.0,0,0,0,0,0,0,0,0
CF,CUBO,-5.819667,-49.160000,0,MRB,203.1,27.0,202.0,22.0,0,0,0,0,0,0,0,0

SID,CUBO,ALL,2
IF,CUBO,-5.819667,-49.160000, ,0.0,0.0,0,0,0,0,0,0,0,0
TF,ARG,-8.353667,-49.299167,0, ,0.0,0.0,0.0,0.0,0,0,0,0,0,0,0,0

SID,CUBO1A,07,5
CF,MA023,-5.331000,-49.092333,0,MRB,66.2,3.4,71.0,3.0,0,0,0,1,190,0,0,1
TF,MA013,-5.434333,-49.007333,0, ,0.0,0.0,0.0,0.0,0,0,0,0,0,0,0,0
TF,CUBO,-5.819667,-49.160000,0, ,0.0,0.0,0.0,0.0,0,0,0,0,0,0,0,0

SID,CUBO1B,25,5
CF,MA014,-5.406333,-49.183667,0,MRB,248.8,3.7,251.0,3.0,0,0,0,1,190,0,0,1
TF,CUBO,-5.819667,-49.160000,0, ,0.0,0.0,0.0,0.0,0,0,0,0,0,0,0,0

SID,LOTE,07,1
VA,0,69.0,2,757,0,0,0,0,0,0
VI,0, ,0.0,358.0,0,0,0,0,0,0,0,0
CF,LOTE,-4.922000,-49.061500,0,MRB,29.4,27.0,28.0,24.0,0,0,0,0,0,0,0,0

SID,LOTE,25,1
VA,0,249.0,2,757,0,0,0,0,0,0
VI,2, ,0.0,58.0,0,0,0,0,0,0,0,0
CF,LOTE,-4.922000,-49.061500,0,MRB,29.4,27.0,28.0,20.0,0,0,0,0,0,0,0,0

SID,LOTE,ALL,2
IF,LOTE,-4.922000,-49.061500, ,0.0,0.0,0,0,0,0,0,0,0,0
TF,CURUK,-3.716000,-48.862167,0, ,0.0,0.0,0.0,0.0,0,0,0,0,0,0,0,0

SID,LOTE1A,07,5
CF,MA023,-5.331000,-49.092333,0,MRB,66.2,3.4,71.0,3.0,0,0,0,1,190,0,0,1
TF,LOTE,-4.922000,-49.061500,0, ,0.0,0.0,0.0,0.0,0,0,0,0,0,0,0,0

SID,LOTE1B,25,5
CF,MA014,-5.406333,-49.183667,0,MRB,248.8,3.7,251.0,3.0,0,0,0,1,190,0,0,1
TF,MA016,-5.303000,-49.268667,0, ,0.0,0.0,0.0,0.0,0,0,0,0,0,0,0,0
TF,LOTE,-4.922000,-49.061500,0, ,0.0,0.0,0.0,0.0,0,0,0,0,0,0,0,0

APPTR,R07,07,MA001
HF,MA001,-5.544500,-49.351333,2, ,0.0,0.0,71.0,04.3,2,4000,0,0,0,0,1,0,0
TF,MA004,-5.480833,-49.274000,0, ,0.0,0.0,0.0,0.0,2,2500,0,0,0,0,1,0

APPTR,R07,07,MA002
IF,MA002,-5.575667,-49.240500, ,0.0,0.0,2,4000,0,0,0,0,1,0
TF,MA004,-5.480833,-49.274000,0, ,0.0,0.0,0.0,0.0,2,2500,0,0,0,0,1,0

APPTR,R07,07,MA003
IF,MA003,-5.429833,-49.360333, ,0.0,0.0,2,4000,0,0,0,0,1,0
TF,MA004,-5.480833,-49.274000,0, ,0.0,0.0,0.0,0.0,2,2500,0,0,0,0,1,0

FINAL,R07,07,R,3
IF,MA004,-5.480833,-49.274000, ,0.0,0.0,2,2500,0,0,0,0,0,0
TF,MA006,-5.427667,-49.209500,0, ,0.0,0.0,71.0,5.0,2,2000,0,0,0,0,2,0
TF,RW07,-5.374444,-49.145000,0, ,0.0,0.0,71.0,5.0,1,406,0,0,0,0,3,1
DF,MA007,-5.192500,-48.924833,0, ,0.0,0.0,2,4000,0,0,0,0,0,1
HM,MA007,-5.192500,-48.924833,2, ,0.0,0.0,251.0,04.3,0,0,0,0,0,0,0,0,0

APPTR,R25,25,MA007
HF,MA007,-5.192500,-48.924833,2, ,0.0,0.0,251.0,04.3,2,4000,0,0,0,0,1,0,0
TF,MA011,-5.256333,-49.002167,0, ,0.0,0.0,0.0,0.0,2,2500,0,0,0,0,1,0

APPTR,R25,25,MA008
IF,MA008,-5.161667,-49.035667, ,0.0,0.0,2,4000,0,0,0,0,1,0
TF,MA011,-5.256333,-49.002167,0, ,0.0,0.0,0.0,0.0,2,2500,0,0,0,0,1,0

APPTR,R25,25,MA009
IF,MA009,-5.307500,-48.915833, ,0.0,0.0,2,4000,0,0,0,0,1,0
TF,MA011,-5.256333,-49.002167,0, ,0.0,0.0,0.0,0.0,2,2500,0,0,0,0,1,0

FINAL,R25,25,R,3
IF,MA011,-5.256333,-49.002167, ,0.0,0.0,2,2500,0,0,0,0,0,0
TF,MA012,-5.309667,-49.066667,0, ,0.0,0.0,251.0,5.0,2,1980,0,0,0,0,2,0
TF,RW25,-5.362778,-49.131111,0, ,0.0,0.0,251.0,5.0,1,383,0,0,0,0,3,1
DF,MA001,-5.544500,-49.351333,0, ,0.0,0.0,2,4000,0,0,0,0,0,0
HM,MA001,-5.544500,-49.351333,2, ,0.0,0.0,71.0,04.3,0,0,0,0,0,0,0,0,0

APPTR,S07,07,MRB
IF,MRB,-5.368158,-49.135231, ,0.0,0.0,2,2000,0,0,0,0,0,0
FC,MRB,-5.368158,-49.135231,0,MRB,0.0,0.0,230.0,7.0,0,0,0,0,0,0,0,1
CF,FS07,-5.416522,-49.197006,2,MRB,252.0,4.7,72.0,1.0,2,1600,0,0,0,0,0,0

FINAL,S07,07,D,2
IF,FS07,-5.416522,-49.197006,MRB,252.0,4.7,2,1600,0,0,0,0,2,0
CF,RW07,-5.374444,-49.145000,0,MRB,257.3,0.7,72.0,4.0,1,406,0,0,0,0,3,0
CF,MRB,-5.368158,-49.135231,0,MRB,0.0,0.0,72.0,0.7,2,760,0,0,0,0,0,0
CA,0,72.0,2,2000,0,0,0,0,0,0

APPTR,S25,25,MRB
IF,MRB,-5.368158,-49.135231, ,0.0,0.0,2,2000,0,0,0,0,0,0
FC,MRB,-5.368158,-49.135231,0,MRB,0.0,0.0,87.0,7.0,0,0,0,0,0,0,0,1
CF,FS25,-5.316036,-49.083233,1,MRB,65.0,4.4,245.0,1.0,2,1600,0,0,0,0,0,0

FINAL,S25,25,D,2
IF,FS25,-5.316036,-49.083233,MRB,65.0,4.4,2,1600,0,0,0,0,2,0
CF,RW25,-5.362778,-49.131111,0,MRB,57.5,0.4,245.0,4.0,1,383,0,0,0,0,3,0
CF,MRB,-5.368158,-49.135231,0,MRB,0.0,0.0,245.0,0.4,2,760,0,0,0,0,0,0
CA,0,245.0,2,2000,0,0,0,0,0,0

