SID,ADA1B,05,4
CF,CRUZ,-22.825000,-43.667500,0,SCR,45.0,8.2,46.0,7.8,0,0,0,0,0,0,0,0

SID,ADA1B,23,4
CA,0,226.0,2,1500,0,0,0,0,0,0
DF,CRUZ,-22.825000,-43.667500,2, ,0.0,0.0,0,0,0,0,0,0,0,0

SID,ADA1B,ALL,5
IF,CRUZ,-22.825000,-43.667500, ,0.0,0.0,0,0,0,0,0,0,0,0
TF,AFS,-22.867000,-43.366833,0, ,0.0,0.0,0.0,0.0,0,0,0,0,0,0,0,0
TF,UTNOP,-22.898658,-43.220978,0, ,0.0,0.0,0.0,0.0,0,0,0,0,0,0,0,0
TF,UBMIG,-22.875158,-42.904483,0, ,0.0,0.0,0.0,0.0,3,5000,0,0,0,0,0,0
TF,PUMSO,-22.869933,-42.832536,0, ,0.0,0.0,0.0,0.0,0,0,0,0,0,0,0,0
TF,ADA,-22.812811,-42.095433,0, ,0.0,0.0,0.0,0.0,0,0,0,0,0,0,0,0

SID,BITA1A,05,4
CF,CRUZ,-22.825000,-43.667500,0,SCR,45.0,8.2,46.0,7.8,0,0,0,0,0,0,0,1
CF,SCR,-22.949628,-43.727403,1,SCR,0.0,0.0,207.0,8.0,0,0,0,0,0,0,0,0
TF,SC10A,-23.115647,-43.705675,0, ,0.0,0.0,0.0,0.0,3,5000,0,0,0,0,0,0
TF,SCR19,-23.265058,-43.686078,0, ,0.0,0.0,0.0,0.0,3,10000,0,0,0,0,0,0
TF,SCR30,-23.447667,-43.662064,0, ,0.0,0.0,0.0,0.0,3,15000,0,0,0,0,0,0
TF,BITAK,-23.630167,-43.638000,0, ,0.0,0.0,0.0,0.0,0,0,0,0,0,0,0,0

SID,BITA1A,23,4
CA,0,226.0,2,500,0,0,0,0,0,0
CF,SC019,-23.115667,-43.705667,0,SCR,194.1,10.0,195.0,10.0,3,5000,0,0,0,0,0,0
TF,SCR19,-23.265058,-43.686078,0, ,0.0,0.0,0.0,0.0,3,10000,0,0,0,0,0,0
TF,SCR30,-23.447667,-43.662064,0, ,0.0,0.0,0.0,0.0,3,15000,0,0,0,0,0,0
TF,BITAK,-23.630167,-43.638000,0, ,0.0,0.0,0.0,0.0,0,0,0,0,0,0,0,0

SID,IMBA1B,05,4
CF,CRUZ,-22.825000,-43.667500,0,CXI,290.7,22.6,46.0,7.8,0,0,0,0,0,0,0,0

SID,IMBA1B,23,4
CA,0,226.0,2,1500,0,0,0,0,0,0
DF,CRUZ,-22.825000,-43.667500,2, ,0.0,0.0,0,0,0,0,0,0,0,0

SID,IMBA1B,ALL,5
IF,CRUZ,-22.825000,-43.667500, ,0.0,0.0,0,0,0,0,0,0,0,0
TF,AFS,-22.867000,-43.366833,0, ,0.0,0.0,0.0,0.0,0,0,0,0,0,0,0,0
TF,UTNOP,-22.898658,-43.220978,0, ,0.0,0.0,0.0,0.0,0,0,0,0,0,0,0,0
TF,UBMIG,-22.875158,-42.904483,0, ,0.0,0.0,0.0,0.0,3,5000,0,0,0,0,0,0
TF,PUMSO,-22.869933,-42.832536,0, ,0.0,0.0,0.0,0.0,0,0,0,1,210,0,0,0
TF,MOMVO,-22.782322,-42.847033,1, ,0.0,0.0,0.0,0.0,2,8000,0,0,0,0,0,0
TF,PCX,-22.715394,-42.857422,0, ,0.0,0.0,0.0,0.0,0,0,0,0,0,0,0,0
TF,PC24A,-22.315419,-42.923978,0, ,0.0,0.0,0.0,0.0,2,21000,0,0,0,0,0,0
TF,ISRIN,-22.158833,-42.949667,0, ,0.0,0.0,0.0,0.0,0,0,0,0,0,0,0,0
TF,IMBAP,-21.632833,-42.586500,0, ,0.0,0.0,0.0,0.0,0,0,0,0,0,0,0,0

SID,ISRI1B,05,4
CF,CRUZ,-22.825000,-43.667500,0,CXI,290.7,22.6,46.0,7.8,0,0,0,0,0,0,0,0

SID,ISRI1B,23,4
CA,0,226.0,2,1500,0,0,0,0,0,0
DF,CRUZ,-22.825000,-43.667500,2, ,0.0,0.0,0,0,0,0,0,0,0,0

SID,ISRI1B,ALL,5
IF,CRUZ,-22.825000,-43.667500, ,0.0,0.0,0,0,0,0,0,0,0,0
TF,AFS,-22.867000,-43.366833,0, ,0.0,0.0,0.0,0.0,0,0,0,0,0,0,0,0
TF,UTNOP,-22.898658,-43.220978,0, ,0.0,0.0,0.0,0.0,0,0,0,0,0,0,0,0
TF,UBMIG,-22.875158,-42.904483,0, ,0.0,0.0,0.0,0.0,3,5000,0,0,0,0,0,0
TF,PUMSO,-22.869933,-42.832536,0, ,0.0,0.0,0.0,0.0,0,0,0,1,210,0,0,0
TF,MOMVO,-22.782322,-42.847033,1, ,0.0,0.0,0.0,0.0,2,8000,0,0,0,0,0,0
TF,PCX,-22.715394,-42.857422,0, ,0.0,0.0,0.0,0.0,0,0,0,0,0,0,0,0
TF,PC24A,-22.315419,-42.923978,0, ,0.0,0.0,0.0,0.0,2,21000,0,0,0,0,0,0
TF,ISRIN,-22.158833,-42.949667,0, ,0.0,0.0,0.0,0.0,0,0,0,0,0,0,0,0

SID,KEVU1A,05,4
CF,CRUZ,-22.825000,-43.667500,0,SCR,45.0,8.2,46.0,7.8,0,0,0,0,0,0,0,1
CF,SCR,-22.949628,-43.727403,1,SCR,0.0,0.0,207.0,8.0,0,0,0,0,0,0,0,0
TF,SC17B,-23.067914,-44.006672,0, ,0.0,0.0,0.0,0.0,3,5000,0,0,0,0,0,0
TF,KEVUN,-23.462994,-44.951733,0, ,0.0,0.0,0.0,0.0,0,0,0,0,0,0,0,0

SID,KEVU1A,23,4
CA,0,226.0,2,500,0,0,0,0,0,0
CF,SC021,-23.068000,-44.006667,0,SCR,266.3,17.0,266.0,17.0,3,5000,0,0,0,0,0,0
TF,KEVUN,-23.462994,-44.951733,0, ,0.0,0.0,0.0,0.0,0,0,0,0,0,0,0,0

SID,MUDK1B,05,4
CF,CRUZ,-22.825000,-43.667500,0,CXI,290.7,22.6,46.0,7.8,0,0,0,0,0,0,0,0

SID,MUDK1B,23,4
CA,0,226.0,2,1500,0,0,0,0,0,0
DF,CRUZ,-22.825000,-43.667500,2, ,0.0,0.0,0,0,0,0,0,0,0,0

SID,MUDK1B,ALL,5
IF,CRUZ,-22.825000,-43.667500, ,0.0,0.0,0,0,0,0,0,0,0,0
TF,AFS,-22.867000,-43.366833,0, ,0.0,0.0,0.0,0.0,0,0,0,0,0,0,0,0
TF,UTNOP,-22.898658,-43.220978,0, ,0.0,0.0,0.0,0.0,0,0,0,0,0,0,0,0
TF,UBMIG,-22.875158,-42.904483,0, ,0.0,0.0,0.0,0.0,3,5000,0,0,0,0,0,0
TF,PUMSO,-22.869933,-42.832536,0, ,0.0,0.0,0.0,0.0,0,0,0,1,210,0,0,0
TF,MOMVO,-22.782322,-42.847033,1, ,0.0,0.0,0.0,0.0,2,8000,0,0,0,0,0,0
TF,PCX,-22.715394,-42.857422,0, ,0.0,0.0,0.0,0.0,0,0,0,0,0,0,0,0
TF,PC24A,-22.315419,-42.923978,0, ,0.0,0.0,0.0,0.0,2,21000,0,0,0,0,0,0
TF,ISRIN,-22.158833,-42.949667,0, ,0.0,0.0,0.0,0.0,0,0,0,0,0,0,0,0
TF,FRA,-21.767736,-43.383731,0, ,0.0,0.0,0.0,0.0,0,0,0,0,0,0,0,0
TF,MUDKA,-21.572333,-43.575167,0, ,0.0,0.0,0.0,0.0,0,0,0,0,0,0,0,0

SID,NAXO1A,05,4
CF,CRUZ,-22.825000,-43.667500,0,SCR,45.0,8.2,46.0,7.8,0,0,0,0,0,0,0,1
CF,SCR,-22.949628,-43.727403,1,SCR,0.0,0.0,207.0,8.0,0,0,0,0,0,0,0,0
TF,SC10B,-23.086631,-43.831008,0, ,0.0,0.0,0.0,0.0,3,5000,0,0,0,0,0,0
TF,SCR29,-23.346742,-44.028439,0, ,0.0,0.0,0.0,0.0,3,16000,0,0,0,0,0,0
TF,NAXOP,-23.515194,-44.156817,0, ,0.0,0.0,0.0,0.0,2,8000,0,0,0,0,0,0

SID,NAXO1A,23,4
CA,0,226.0,2,500,0,0,0,0,0,0
CF,SC018,-23.086667,-43.831000,0,SCR,236.0,10.0,237.0,10.0,3,5000,0,0,0,0,0,0
TF,SCR29,-23.346742,-44.028439,0, ,0.0,0.0,0.0,0.0,3,16000,0,0,0,0,0,0
TF,NAXOP,-23.515194,-44.156817,0, ,0.0,0.0,0.0,0.0,2,8000,0,0,0,0,0,0

SID,NAXO1B,05,1
CF,CRUZ,-22.825000,-43.667500,0,SCR,45.0,8.2,46.0,7.7,0,0,0,0,0,0,0,1
CI,1, ,0.0,215.0,0,0,0,0,0,0,0,0
CF,SC10B,-23.086631,-43.831008,0,SCR,236.0,10.0,237.0,5.0,3,5000,0,0,0,0,0,0
TF,SCR29,-23.346742,-44.028439,0, ,0.0,0.0,0.0,0.0,3,16000,0,0,0,0,0,0
TF,NAXOP,-23.515194,-44.156817,0, ,0.0,0.0,0.0,0.0,2,8000,0,0,0,0,0,0

SID,NAXO1B,23,1
CF,SCR,-22.949628,-43.727403,0,SCR,0.0,0.0,226.0,1.8,0,0,0,0,0,0,0,0
TF,SC10B,-23.086631,-43.831008,0, ,0.0,0.0,0.0,0.0,3,5000,0,0,0,0,0,0
TF,SCR29,-23.346742,-44.028439,0, ,0.0,0.0,0.0,0.0,3,16000,0,0,0,0,0,0
TF,NAXOP,-23.515194,-44.156817,0, ,0.0,0.0,0.0,0.0,2,8000,0,0,0,0,0,0

SID,OPSO1A,05,1
CA,0,47.0,2,1000,0,1,260,0,0,0
CF,SCR,-22.949628,-43.727403,1,SCR,0.0,0.0,180.0,5.0,0,0,0,1,260,0,0,0
TF,OPSON,-23.393533,-43.529994,0, ,0.0,0.0,0.0,0.0,3,6000,0,0,0,0,0,0

SID,OPSO1A,23,1
CA,0,227.0,2,500,0,0,0,0,0,0
CF,OPSON,-23.393533,-43.529994,0,SCR,178.7,28.7,180.0,29.0,3,6000,0,0,0,0,0,0

SID,OPSO1A,ADA,3
IF,OPSON,-23.393533,-43.529994, ,0.0,0.0,3,6000,0,0,0,0,0,0
TF,ADA,-22.812811,-42.095433,0, ,0.0,0.0,0.0,0.0,0,0,0,0,0,0,0,0

SID,OPSO1A,TISVA,3
IF,OPSON,-23.393533,-43.529994, ,0.0,0.0,3,6000,0,0,0,0,0,0
TF,MIA,-22.967175,-42.890947,0, ,0.0,0.0,0.0,0.0,0,0,0,0,0,0,0,0
TF,TISVA,-22.583667,-42.250500,0, ,0.0,0.0,0.0,0.0,0,0,0,0,0,0,0,0

SID,PAI1A,05,1
CF,CRUZ,-22.825000,-43.667500,0,SCR,45.0,8.2,46.0,7.8,0,0,0,0,0,0,0,0

SID,PAI1A,23,1
CA,0,227.0,2,1000,0,1,260,0,0,0
CF,SCR,-22.949628,-43.727403,2,SCR,0.0,0.0,90.0,4.0,0,0,0,1,260,0,0,0
TF,CRUZ,-22.825000,-43.667500,0, ,0.0,0.0,0.0,0.0,0,0,0,0,0,0,0,0

SID,PAI1A,ALL,2
IF,CRUZ,-22.825000,-43.667500, ,0.0,0.0,0,0,0,0,0,0,0,0
TF,SC023,-22.579875,-43.781789,0, ,0.0,0.0,0.0,0.0,3,5000,0,0,0,0,0,0
TF,PAI,-22.454031,-43.840567,0, ,0.0,0.0,0.0,0.0,3,7000,0,0,0,0,0,0

SID,PAI1A,EPKAX,3
IF,PAI,-22.454031,-43.840567, ,0.0,0.0,3,7000,0,0,0,0,0,0
TF,EPKAX,-21.752353,-43.016569,0, ,0.0,0.0,0.0,0.0,3,9000,0,0,0,0,0,0

SID,PAI1A,IMBAP,3
IF,PAI,-22.454031,-43.840567, ,0.0,0.0,3,7000,0,0,0,0,0,0
TF,IMBAP,-21.632833,-42.586500,0, ,0.0,0.0,0.0,0.0,3,9000,0,0,0,0,0,0

SID,PAI1A,MUDKA,3
IF,PAI,-22.454031,-43.840567, ,0.0,0.0,3,7000,0,0,0,0,0,0
TF,MUDKA,-21.572333,-43.575167,0, ,0.0,0.0,0.0,0.0,3,9000,0,0,0,0,0,0

SID,SIDU1A,05,4
CF,CRUZ,-22.825000,-43.667500,0,SCR,45.0,8.2,46.0,7.8,0,0,0,0,0,0,0,1
DF,PUDUM,-22.870667,-43.926500,1, ,0.0,0.0,3,6000,0,1,230,0,0,0
TF,SIDUR,-22.754467,-44.218056,0, ,0.0,0.0,0.0,0.0,0,0,0,0,0,0,0,0

SID,SIDU1A,23,4
CA,0,226.0,2,500,0,0,0,0,0,0
CF,PUDUM,-22.870667,-43.926500,0,SCR,314.1,12.0,315.0,12.0,3,6000,0,1,230,0,0,0
TF,SIDUR,-22.754467,-44.218056,0, ,0.0,0.0,0.0,0.0,0,0,0,0,0,0,0,0

SID,SIDU1B,05,1
CF,CRUZ,-22.825000,-43.667500,0,SCR,45.0,8.2,46.0,7.7,0,0,0,0,0,0,0,1
CI,1, ,0.0,215.0,0,0,0,0,0,0,0,0
CF,SC12B,-22.870661,-43.926556,2,SCR,314.1,12.0,315.0,10.0,3,6000,0,0,0,0,0,0
TF,SIDUR,-22.754467,-44.218056,0, ,0.0,0.0,0.0,0.0,0,0,0,0,0,0,0,0

SID,SIDU1B,23,1
CF,SCR,-22.949628,-43.727403,0,SCR,0.0,0.0,226.0,1.8,2,410,0,1,230,0,0,0
TF,SC12B,-22.870661,-43.926556,0, ,0.0,0.0,0.0,0.0,3,6000,0,0,0,0,0,0
TF,SIDUR,-22.754467,-44.218056,0, ,0.0,0.0,0.0,0.0,0,0,0,0,0,0,0,0

SID,TISV1B,05,4
CF,CRUZ,-22.825000,-43.667500,0,SCR,45.0,8.2,46.0,7.8,0,0,0,0,0,0,0,0

SID,TISV1B,23,4
CA,0,226.0,2,1500,0,0,0,0,0,0
DF,CRUZ,-22.825000,-43.667500,2, ,0.0,0.0,0,0,0,0,0,0,0,0

SID,TISV1B,ALL,5
IF,CRUZ,-22.825000,-43.667500, ,0.0,0.0,0,0,0,0,0,0,0,0
TF,AFS,-22.867000,-43.366833,0, ,0.0,0.0,0.0,0.0,0,0,0,0,0,0,0,0
TF,UTNOP,-22.898658,-43.220978,0, ,0.0,0.0,0.0,0.0,0,0,0,0,0,0,0,0
TF,UBMIG,-22.875158,-42.904483,0, ,0.0,0.0,0.0,0.0,3,5000,0,0,0,0,0,0
TF,PUMSO,-22.869933,-42.832536,0, ,0.0,0.0,0.0,0.0,0,0,0,0,0,0,0,0
TF,TISVA,-22.583667,-42.250500,0, ,0.0,0.0,0.0,0.0,0,0,0,0,0,0,0,0

SID,UKEN1B,05,4
CF,CRUZ,-22.825000,-43.667500,0,CXI,290.7,22.6,46.0,7.8,0,0,0,0,0,0,0,0

SID,UKEN1B,23,4
CA,0,226.0,2,1500,0,0,0,0,0,0
DF,CRUZ,-22.825000,-43.667500,2, ,0.0,0.0,0,0,0,0,0,0,0,0

SID,UKEN1B,ALL,5
IF,CRUZ,-22.825000,-43.667500, ,0.0,0.0,0,0,0,0,0,0,0,0
TF,AFS,-22.867000,-43.366833,0, ,0.0,0.0,0.0,0.0,0,0,0,0,0,0,0,0
TF,UTNOP,-22.898658,-43.220978,0, ,0.0,0.0,0.0,0.0,0,0,0,0,0,0,0,0
TF,UBMIG,-22.875158,-42.904483,0, ,0.0,0.0,0.0,0.0,3,5000,0,0,0,0,0,0
TF,PUMSO,-22.869933,-42.832536,0, ,0.0,0.0,0.0,0.0,0,0,0,1,210,0,0,0
TF,MOMVO,-22.782322,-42.847033,1, ,0.0,0.0,0.0,0.0,2,8000,0,0,0,0,0,0
TF,PCX,-22.715394,-42.857422,0, ,0.0,0.0,0.0,0.0,0,0,0,0,0,0,0,0
TF,PC24A,-22.315419,-42.923978,0, ,0.0,0.0,0.0,0.0,2,21000,0,0,0,0,0,0
TF,ISRIN,-22.158833,-42.949667,0, ,0.0,0.0,0.0,0.0,0,0,0,0,0,0,0,0
TF,UKENU,-21.201000,-41.823833,0, ,0.0,0.0,0.0,0.0,0,0,0,0,0,0,0,0

SID,UMBA1A,05,4
CF,CRUZ,-22.825000,-43.667500,0,SCR,45.0,8.2,46.0,7.8,0,0,0,0,0,0,0,1
CF,SCR,-22.949628,-43.727403,1,SCR,0.0,0.0,207.0,8.0,0,0,0,0,0,0,0,0
TF,SC12A,-23.081319,-43.890986,0, ,0.0,0.0,0.0,0.0,3,5000,0,0,0,0,0,0
TF,SCR20,-23.169022,-44.000222,0, ,0.0,0.0,0.0,0.0,3,11000,0,0,0,0,0,0
TF,UMBAD,-23.282092,-44.141483,0, ,0.0,0.0,0.0,0.0,2,8000,0,0,0,0,0,0

SID,UMBA1A,23,4
CA,0,226.0,2,500,0,0,0,0,0,0
CF,SC017,-23.081333,-43.891000,0,SCR,250.0,12.0,251.0,12.0,3,5000,0,0,0,0,0,0
TF,SCR20,-23.169022,-44.000222,0, ,0.0,0.0,0.0,0.0,3,11000,0,0,0,0,0,0
TF,UMBAD,-23.282092,-44.141483,0, ,0.0,0.0,0.0,0.0,2,8000,0,0,0,0,0,0

SID,VUKI1A,05,4
CF,CRUZ,-22.825000,-43.667500,0,SCR,45.0,8.2,46.0,7.8,0,0,0,0,0,0,0,1
CF,SCR,-22.949628,-43.727403,1,SCR,0.0,0.0,207.0,8.0,0,0,0,0,0,0,0,0
TF,SC17A,-23.079786,-44.000453,0, ,0.0,0.0,0.0,0.0,3,5000,0,0,0,0,0,0
TF,SCR60,-23.406881,-44.693461,0, ,0.0,0.0,0.0,0.0,3,15000,0,0,0,0,0,0
TF,VUKIK,-23.849058,-45.644797,0, ,0.0,0.0,0.0,0.0,0,0,0,0,0,0,0,0

SID,VUKI1A,23,4
CA,0,226.0,2,500,0,0,0,0,0,0
CF,SC016,-23.081500,-43.999667,0,SCR,263.3,17.0,265.0,17.0,3,5000,0,0,0,0,0,0
TF,SCR60,-23.406881,-44.693461,0, ,0.0,0.0,0.0,0.0,3,15000,0,0,0,0,0,0
TF,VUKIK,-23.849058,-45.644797,0, ,0.0,0.0,0.0,0.0,0,0,0,0,0,0,0,0

SID,VUKI1B,05,1
CF,CRUZ,-22.825000,-43.667500,0,SCR,45.0,8.2,46.0,7.7,0,0,0,0,0,0,0,1
CI,1, ,0.0,215.0,0,0,0,0,0,0,0,0
CF,SC17A,-23.079786,-44.000453,0,SCR,263.7,17.0,265.0,14.0,3,5000,0,0,0,0,0,0
TF,SCR60,-23.406881,-44.693461,0, ,0.0,0.0,0.0,0.0,3,15000,0,0,0,0,0,0
TF,VUKIK,-23.849058,-45.644797,0, ,0.0,0.0,0.0,0.0,0,0,0,0,0,0,0,0

SID,VUKI1B,23,1
CF,SCR,-22.949628,-43.727403,0,SCR,0.0,0.0,226.0,1.8,0,0,0,0,0,0,0,0
TF,SC17A,-23.079786,-44.000453,0, ,0.0,0.0,0.0,0.0,3,5000,0,0,0,0,0,0
TF,SCR60,-23.406881,-44.693461,0, ,0.0,0.0,0.0,0.0,3,15000,0,0,0,0,0,0
TF,VUKIK,-23.849058,-45.644797,0, ,0.0,0.0,0.0,0.0,0,0,0,0,0,0,0,0

APPTR,R05,05,SC001
IF,SC001,-23.114500,-43.807500, ,0.0,0.0,2,3500,0,1,220,0,1,0
TF,SC002,-23.050500,-43.776500,0, ,0.0,0.0,0.0,0.0,2,2000,0,0,0,0,1,0

APPTR,R05,05,SC003
IF,SC003,-23.120500,-43.698667, ,0.0,0.0,2,3500,0,0,0,0,1,0
TF,SC002,-23.050500,-43.776500,0, ,0.0,0.0,0.0,0.0,2,2000,0,0,0,0,1,0

FINAL,R05,05,R,3
IF,SC002,-23.050500,-43.776500, ,0.0,0.0,2,2000,0,0,0,0,0,0
TF,SC004,-22.989500,-43.746833,0, ,0.0,0.0,46.0,4.0,2,1010,0,0,0,0,2,0
TF,RW05,-22.943769,-43.724550,0, ,0.0,0.0,46.0,3.0,1,59,0,0,0,0,3,1
CA,0,46.0,2,1000,0,0,0,0,0,0
CF,SC001,-23.114500,-43.807500,1,SCR,225.2,10.8,212.0,13.0,2,5000,0,1,220,0,0,0
HM,SC001,-23.114500,-43.807500,2, ,0.0,0.0,46.0,04.3,0,0,0,1,220,0,0,0,0

APPTR,R23,23,SC008
IF,SC008,-22.702000,-43.696667, ,0.0,0.0,2,5000,0,0,0,0,1,0
TF,SC007,-22.814444,-43.661778,0, ,0.0,0.0,0.0,0.0,2,2260,0,0,0,0,1,0

FINAL,R23,23,R,3
IF,SC007,-22.814444,-43.661778, ,0.0,0.0,2,2260,0,0,0,0,0,0
TF,SC006,-22.875444,-43.691361,0, ,0.0,0.0,226.0,4.0,2,1020,0,0,0,0,2,0
TF,RW23,-22.921203,-43.713592,0, ,0.0,0.0,226.0,3.0,1,60,0,0,0,0,3,1
CF,SC002,-23.050500,-43.776500,0,SCR,225.3,6.6,226.0,8.5,2,5000,0,0,0,0,0,1
HM,SC002,-23.050500,-43.776500,2, ,0.0,0.0,46.0,04.3,0,0,0,0,0,0,0,0,0

APPTR,S05-Z,05,SCR
IF,SCR,-22.949628,-43.727403, ,0.0,0.0,2,4000,0,0,0,0,0,0
FC,SCR,-22.949628,-43.727403,0,SCR,0.0,0.0,202.0,7.6,0,0,0,0,0,0,0,1
CF,FS05,-23.027278,-43.764756,2,SCR,225.0,5.1,45.0,2.5,2,1800,0,0,0,0,0,0

FINAL,S05-Z,05,D,2
IF,FS05,-23.027278,-43.764756,SCR,225.0,5.1,2,1800,0,0,0,0,2,0
CF,SCR,-22.949628,-43.727403,0,SCR,0.0,0.0,45.0,5.1,1,180,0,0,0,0,3,0
FC,SCR,-22.949628,-43.727403,0,SCR,0.0,0.0,45.0,1.8,0,0,0,0,0,0,0,1
DF,SCR,-22.949628,-43.727403,1, ,0.0,0.0,2,4000,0,0,0,0,0,0

APPTR,S23-Z,23,SCR
IF,SCR,-22.949628,-43.727403, ,0.0,0.0,2,4000,0,0,0,0,0,0
TF,CRUZ,-22.825000,-43.667500,0, ,0.0,0.0,0.0,0.0,0,0,0,0,0,0,0,0
FD,CRUZ,-22.825000,-43.667500,0,SCR,45.0,10.5,360.0,10.5,0,0,0,0,0,0,0,0
CF,CF23,-22.789281,-43.650322,2,SCR,45.0,10.5,226.0,1.0,2,3000,0,0,0,0,0,0

FINAL,S23-Z,23,D,3
IF,CF23,-22.789281,-43.650322,SCR,45.0,10.5,2,3000,0,0,0,0,0,0
CF,CRUZ,-22.825000,-43.667500,0,SCR,45.0,8.2,226.0,2.3,2,2400,0,0,0,0,2,0
CF,RW23,-22.921203,-43.713592,0,SCR,45.2,1.9,226.0,6.3,1,60,0,0,0,0,3,0
CF,SCR,-22.949628,-43.727403,0,SCR,0.0,0.0,226.0,1.9,0,0,0,0,0,0,0,0
FM,SCR,-22.949628,-43.727403,0,SCR,0.0,0.0,226.0,2,4000,0,0,0,0,0,0

