FINAL,V02-A,02,D,3
IF,CF02,4.128464,-74.920547,GIR,227.0,5.0,2,4000,0,0,0,0,0,0
CF,GIR,4.191667,-74.865833,0,GIR,0.0,0.0,47.0,5.0,2,3000,0,0,0,0,2,0
CF,MA02,4.244017,-74.811831,0,GIR,52.0,4.5,52.0,4.5,1,1410,0,1,130,0,3,0
CF,D052H,4.284733,-74.769825,0,GIR,52.0,8.0,52.0,3.5,2,2500,0,0,0,0,0,1
DF,GIR,4.191667,-74.865833,1, ,0.0,0.0,2,5000,0,0,0,0,0,0
HM,GIR,4.191667,-74.865833,1, ,0.0,0.0,47.0,04.3,2,5000,0,0,0,0,0,0,0

FINAL,V02-B,02,D,3
IF,CV02,4.134783,-74.915075,GIR,227.0,4.5,2,4000,0,0,0,0,0,0
CF,GIR,4.191667,-74.865833,0,GIR,0.0,0.0,47.0,4.5,2,3000,0,0,0,0,2,0
CF,MS02,4.238200,-74.817831,0,GIR,52.0,4.0,52.0,4.0,1,1500,0,1,130,0,3,0
CA,0,52.0,2,2500,0,0,0,0,0,0
DF,GIR,4.191667,-74.865833,1, ,0.0,0.0,2,5000,0,0,0,0,0,0
HM,GIR,4.191667,-74.865833,1, ,0.0,0.0,47.0,04.3,2,5000,0,0,0,0,0,0,0

FINAL,V20-A,20,D,3
IF,CF02,4.128464,-74.920547,GIR,227.0,5.0,2,4000,0,0,0,0,0,0
CF,GIR,4.191667,-74.865833,0,GIR,0.0,0.0,47.0,5.0,2,3000,0,0,0,0,2,0
CF,MA02,4.244017,-74.811831,0,GIR,52.0,4.5,52.0,4.5,1,1410,0,1,130,0,3,0
CF,D052H,4.284733,-74.769825,0,GIR,52.0,8.0,52.0,3.5,2,2500,0,0,0,0,0,1
DF,GIR,4.191667,-74.865833,1, ,0.0,0.0,2,5000,0,0,0,0,0,0
HM,GIR,4.191667,-74.865833,1, ,0.0,0.0,47.0,04.3,2,5000,0,0,0,0,0,0,0

FINAL,V20-B,20,D,3
IF,CV02,4.134783,-74.915075,GIR,227.0,4.5,2,4000,0,0,0,0,0,0
CF,GIR,4.191667,-74.865833,0,GIR,0.0,0.0,47.0,4.5,2,3000,0,0,0,0,2,0
CF,MS02,4.238200,-74.817831,0,GIR,52.0,4.0,52.0,4.0,1,1500,0,1,130,0,3,0
CA,0,52.0,2,2500,0,0,0,0,0,0
DF,GIR,4.191667,-74.865833,1, ,0.0,0.0,2,5000,0,0,0,0,0,0
HM,GIR,4.191667,-74.865833,1, ,0.0,0.0,47.0,04.3,2,5000,0,0,0,0,0,0,0

