APPTR,N06,06,PJE
IF,PJE,17.487442,-62.990839, ,0.0,0.0,2,3000,0,0,0,0,1,0
FC,PJE,17.487442,-62.990839,0,PJM,0.0,0.0,264.0,8.8,2,2000,0,0,0,0,0,1
CF,FF06,17.431311,-63.060506,1,PJM,188.8,36.4,64.0,3.6,2,2000,0,0,0,0,0,0

FINAL,N06,06,N,2
IF,FF06,17.431311,-63.060506,PJE,0.0,0.0,2,2000,0,0,0,0,2,0
CF,PJE,17.487442,-62.990839,0,PJE,0.0,0.0,64.0,5.2,1,338,0,0,0,0,3,0
CA,0,64.0,2,3000,0,0,0,0,0,0
DF,PJE,17.487442,-62.990839,1, ,0.0,0.0,2,3000,0,0,0,0,0,0
HM,PJE,17.487442,-62.990839,2, ,0.0,0.0,264.0,04.3,3,6000,0,1,230,0,0,0,0

APPTR,R06,06,CE610
HF,CE610,17.395222,-63.107072,1, ,0.0,0.0,64.0,04,1,2000,0,1,230,0,1,0,0

APPTR,R06,06,CE630
IF,CE630,17.875753,-63.076003, ,0.0,0.0,2,2000,0,0,0,0,0,0
TF,CE620,17.459664,-63.162664,0, ,0.0,0.0,0.0,0.0,2,2000,0,0,0,0,1,0
TF,CE610,17.395222,-63.107072,0, ,0.0,0.0,0.0,0.0,2,2000,0,0,0,0,1,0

APPTR,R06,06,PKSKB
IF,PKSKB,17.295278,-62.743889, ,0.0,0.0,2,4000,0,0,0,0,0,0
TF,CE650,17.305297,-62.830361,0, ,0.0,0.0,0.0,0.0,2,4000,0,0,0,0,0,0
TF,CE640,17.330764,-63.051519,0, ,0.0,0.0,0.0,0.0,2,2000,0,0,0,0,1,0
TF,CE610,17.395222,-63.107072,0, ,0.0,0.0,0.0,0.0,2,2000,0,0,0,0,1,0

FINAL,R06,06,R,3
IF,CE610,17.395222,-63.107072, ,0.0,0.0,2,2000,0,0,0,0,0,0
TF,CE600,17.448594,-63.039881,0, ,0.0,0.0,64.0,5.0,2,1500,0,0,0,0,2,0
TF,RW06,17.492769,-62.984219,0, ,0.0,0.0,64.0,4.1,1,181,0,0,0,0,3,1
VA,0,64.0,2,2000,0,0,0,0,0,0
DF,CMPJM,18.038117,-63.118278,1, ,0.0,0.0,2,3000,0,0,0,0,0,0

APPTR,R24,24,CE630
IF,CE630,17.875753,-63.076003, ,0.0,0.0,2,2000,0,0,0,0,0,0
TF,CE720,17.663372,-62.905878,0, ,0.0,0.0,0.0,0.0,2,2000,0,0,0,0,1,0
TF,CE710,17.598847,-62.850331,0, ,0.0,0.0,0.0,0.0,2,2000,0,0,0,0,1,0

APPTR,R24,24,CE710
HF,CE710,17.598847,-62.850331,2, ,0.0,0.0,244.0,04,1,2000,0,1,230,0,1,0,0

APPTR,R24,24,TIKAL
IF,TIKAL,17.473056,-62.833333, ,0.0,0.0,2,2000,0,0,0,0,0,0
TF,CE730,17.534308,-62.794822,0, ,0.0,0.0,0.0,0.0,2,2000,0,0,0,0,1,0
TF,CE710,17.598847,-62.850331,0, ,0.0,0.0,0.0,0.0,2,2000,0,0,0,0,1,0

FINAL,R24,24,R,3
IF,CE710,17.598847,-62.850331, ,0.0,0.0,2,2000,0,0,0,0,0,0
TF,CE700,17.545581,-62.917597,0, ,0.0,0.0,244.0,5.0,2,1500,0,0,0,0,2,0
TF,RW24,17.499672,-62.975522,0, ,0.0,0.0,244.0,4.3,1,146,0,0,0,0,3,1
VA,0,244.0,2,2000,0,0,0,0,0,0
DF,CMPJM,18.038117,-63.118278,2, ,0.0,0.0,2,3000,0,0,0,0,0,0

