SID,ASMI1C,02,5
CF,SG452,40.797444,43.886333,0,GRM,18.6,4.5,19.0,3.0,2,6000,0,1,185,0,0,1
DF,SG454,40.820833,43.815556,1, ,0.0,0.0,2,7500,0,1,185,0,0,0
TF,SG455,40.725278,43.810833,1, ,0.0,0.0,0.0,0.0,2,10100,0,1,210,0,0,0
TF,ASMIK,40.661389,44.233333,0, ,0.0,0.0,0.0,0.0,2,13000,0,0,0,0,0,0

SID,ASMI1G,20,5
CF,SG453,40.660472,43.807639,0,GRM,198.6,4.5,199.0,5.0,2,6500,0,1,195,0,0,1
DF,SG500,40.701778,43.969306,1, ,0.0,0.0,2,9500,0,1,210,0,0,0
TF,ASMIK,40.661389,44.233333,0, ,0.0,0.0,0.0,0.0,2,13000,0,0,0,0,0,0

SID,TABA1C,02,5
CF,SG452,40.797444,43.886333,0,GRM,18.6,4.5,19.0,3.0,2,6000,0,1,185,0,0,1
DF,SG454,40.820833,43.815556,1, ,0.0,0.0,2,7500,0,1,185,0,0,0
TF,SG453,40.660472,43.807639,1, ,0.0,0.0,0.0,0.0,2,10100,0,1,210,0,0,1
DF,TABAS,40.835278,43.831667,1, ,0.0,0.0,2,13000,0,0,0,0,0,0

SID,TABA1G,20,5
CF,SG453,40.660472,43.807639,0,GRM,198.6,4.5,199.0,5.0,2,6700,0,1,195,0,0,1
DF,TABAS,40.835278,43.831667,1, ,0.0,0.0,2,13000,0,0,0,0,0,0

SID,TIBL1C,02,5
CF,SG452,40.797444,43.886333,0,GRM,18.6,4.5,19.0,3.0,2,6000,0,1,185,0,0,1
DF,SG454,40.820833,43.815556,1, ,0.0,0.0,2,7500,0,1,185,0,0,0
TF,SG453,40.660472,43.807639,1, ,0.0,0.0,0.0,0.0,2,11500,0,1,210,0,0,1
TF,TIBLO,40.385556,43.891111,0, ,0.0,0.0,0.0,0.0,2,13000,0,0,0,0,0,0

SID,TIBL1G,20,5
CF,SG453,40.660472,43.807639,0,GRM,198.6,4.5,199.0,5.0,2,6800,0,1,195,0,0,1
TF,TIBLO,40.385556,43.891111,0, ,0.0,0.0,0.0,0.0,2,13000,0,0,0,0,0,0

STAR,ARR02,02,2
IF,OGEVI,41.134722,43.786944, ,0.0,0.0,0,0,0,0,0,0,0,0
TF,TABAS,40.835278,43.831667,0, ,0.0,0.0,0.0,0.0,0,0,0,0,0,0,0,0
TF,GRM,40.729417,43.847250,0, ,0.0,0.0,0.0,0.0,2,10000,0,0,0,0,0,0

STAR,ASMI1J,20,5
IF,ASMIK,40.661389,44.233333, ,0.0,0.0,2,13000,0,1,210,0,0,0
TF,BERDO,40.989750,44.189861,0, ,0.0,0.0,0.0,0.0,2,11500,0,0,0,0,0,0

STAR,TABA1J,20,5
IF,TABAS,40.835278,43.831667, ,0.0,0.0,2,13000,0,1,210,0,0,0
TF,BERDO,40.989750,44.189861,0, ,0.0,0.0,0.0,0.0,2,11500,0,0,0,0,0,0

STAR,TIBL1J,20,5
IF,TIBLO,40.385556,43.891111, ,0.0,0.0,2,14000,0,1,210,0,0,0
TF,BERDO,40.989750,44.189861,0, ,0.0,0.0,0.0,0.0,2,11500,0,0,0,0,0,0

APPTR,D02,02,GRM1
IF,GRM,40.729417,43.847250, ,0.0,0.0,2,10000,0,1,190,0,1,0
FD,GRM,40.729417,43.847250,0,GRM,0.0,11.7,183.0,11.7,2,7600,0,0,0,0,0,0
CF,FF02,40.597222,43.770000,2,GRM,199.0,8.7,19.0,3.0,2,7600,0,0,0,0,0,0

APPTR,D02,02,GRM2
IF,GRM,40.729417,43.847250, ,0.0,0.0,2,10000,0,1,135,0,1,0
FD,GRM,40.729417,43.847250,0,GRM,0.0,11.7,190.0,11.7,2,7600,0,0,0,0,0,0
CF,FF02,40.597222,43.770000,2,GRM,199.0,8.7,19.0,3.0,2,7600,0,0,0,0,0,0

FINAL,D02,02,D,4
IF,FF02,40.597222,43.770000,GRM,199.0,8.7,2,7600,0,0,0,0,2,0
CF,49VOR,40.654747,43.803594,0,GRM,199.0,4.9,19.0,3.8,2,6540,0,0,0,0,0,0
CF,OM02,40.703611,43.832472,0,GRM,198.6,1.7,19.0,3.2,2,5620,0,0,0,0,0,0
CF,GRM,40.729417,43.847250,0,GRM,0.0,0.0,19.0,1.7,1,5139,0,0,0,0,3,0
FD,GRM,40.729417,43.847250,0,GRM,0.0,3.0,19.0,3.0,0,0,0,0,0,0,0,0
DF,GRM,40.729417,43.847250,1, ,0.0,0.0,1,10000,0,0,0,0,0,0
HM,GRM,40.729417,43.847250,1, ,0.0,0.0,149.0,04.3,0,0,0,1,215,0,0,0,0

APPTR,I02,02,GRM1
IF,GRM,40.729417,43.847250, ,0.0,0.0,2,10000,0,1,190,0,1,0
FD,GRM,40.729417,43.847250,0,GRM,0.0,11.7,183.0,11.7,2,7600,0,0,0,0,0,0
CF,CI02,40.566644,43.752258,2,IGM,198.9,13.1,19.0,2.0,2,7600,0,0,0,0,0,0

APPTR,I02,02,GRM2
IF,GRM,40.729417,43.847250, ,0.0,0.0,2,10000,0,1,135,0,1,0
FD,GRM,40.729417,43.847250,0,GRM,0.0,11.7,190.0,11.7,2,7600,0,0,0,0,0,0
CF,CI02,40.566644,43.752258,2,IGM,198.9,13.1,19.0,2.0,2,7600,0,0,0,0,0,0

FINAL,I02,02,I,3
IF,CI02,40.566644,43.752258,IGM,198.9,13.1,2,7600,0,0,0,0,0,0
CF,FF02,40.597222,43.770000,0,IGM,198.9,11.1,19.0,2.0,1,7600,0,0,0,0,2,0
CF,RW02,40.737197,43.851700,0,IGM,198.6,1.9,19.0,9.2,1,4995,0,0,0,0,3,0
FD,RW02,40.737197,43.851700,0,GRM,18.5,3.0,19.0,3.0,0,0,0,0,0,0,0,0
DF,GRM,40.729417,43.847250,1, ,0.0,0.0,1,10000,0,0,0,0,0,0
HM,GRM,40.729417,43.847250,1, ,0.0,0.0,149.0,04.3,0,0,0,1,215,0,0,0,0

APPTR,R02,02,ASMIK
IF,ASMIK,40.661389,44.233333, ,0.0,0.0,2,13000,0,0,0,0,1,0
TF,SG449,40.515639,43.843944,0, ,0.0,0.0,0.0,0.0,2,9500,0,1,210,0,0,0
TF,SG450,40.549056,43.743833,0, ,0.0,0.0,0.0,0.0,2,8500,0,1,210,0,1,0

APPTR,R02,02,GRM
IF,GRM,40.729417,43.847250, ,0.0,0.0,2,10000,0,0,0,0,1,0
TF,SG448,40.630222,43.909667,0, ,0.0,0.0,0.0,0.0,2,9500,0,1,210,0,0,0
TF,SG449,40.515639,43.843944,0, ,0.0,0.0,0.0,0.0,2,9500,0,1,210,0,0,0
TF,SG450,40.549056,43.743833,0, ,0.0,0.0,0.0,0.0,2,8500,0,1,210,0,1,0

APPTR,R02,02,TIBLO
IF,TIBLO,40.385556,43.891111, ,0.0,0.0,2,14000,0,0,0,0,1,0
TF,SG450,40.549056,43.743833,0, ,0.0,0.0,0.0,0.0,2,8500,0,1,210,0,1,0

FINAL,R02,02,R,3
IF,SG450,40.549056,43.743833, ,0.0,0.0,2,8500,0,1,210,0,0,0
TF,EDIGU,40.640750,43.796361,0, ,0.0,0.0,19.0,6.0,2,7000,0,1,210,0,2,0
TF,RW02,40.737197,43.851700,0, ,0.0,0.0,19.0,6.3,1,4993,0,1,185,0,3,1
TF,SG447,40.775389,43.873694,0, ,0.0,0.0,0.0,0.0,2,5700,0,1,190,0,0,1
DF,GRM,40.729417,43.847250,1, ,0.0,0.0,2,10000,0,1,190,0,0,0
HM,GRM,40.729417,43.847250,1, ,0.0,0.0,149.0,04.3,2,10000,0,1,215,0,0,0,0

APPTR,R20,20,BERDO
IF,BERDO,40.989750,44.189861, ,0.0,0.0,2,11500,0,0,0,0,1,0
TF,SG451,41.043472,44.028639,0, ,0.0,0.0,0.0,0.0,2,11000,0,1,210,0,1,0

FINAL,R20,20,R,3
IF,SG451,41.043472,44.028639, ,0.0,0.0,2,11000,0,1,210,0,0,0
TF,IDRUS,40.967139,43.984361,0, ,0.0,0.0,199.0,5.0,2,10000,0,1,210,0,2,0
TF,RW20,40.763753,43.866969,0, ,0.0,0.0,199.0,13.3,1,5050,0,1,185,0,3,1
TF,SG453,40.660472,43.807639,0, ,0.0,0.0,0.0,0.0,2,6000,0,1,195,0,0,1
DF,BERDO,40.989750,44.189861,1, ,0.0,0.0,2,11500,0,1,195,0,0,0
HM,BERDO,40.989750,44.189861,1, ,0.0,0.0,18.0,04.3,2,11500,0,1,215,0,0,0,0

