SID,ROTN1E,13,2
CA,0,125.0,2,790,0,0,0,0,0,0
CD, ,0,0,0,PTR,0,0.0,123.0,4.3,0,0,0,0,0,0,0,0
CA,0,123.0,2,3650,0,0,0,0,0,0
DF,T,45.264722,147.932278,1, ,0.0,0.0,0,0,0,0,0,0,0,1
TF,ROTNI,45.088611,147.805000,0, ,0.0,0.0,0.0,0.0,2,10000,0,0,0,0,0,0

SID,ROTN1G,13,5
CA,0,125.0,2,790,0,0,0,0,0,0
CF,SI016,45.218250,148.073750,0,PTR,122.0,4.3,123.0,4.0,0,0,0,0,0,0,0,1
CA,0,123.0,2,3650,0,0,0,0,0,0
DF,PTR,45.247556,147.980667,1, ,0.0,0.0,0,0,0,0,0,0,0,0
TF,ROTNI,45.088611,147.805000,0, ,0.0,0.0,0.0,0.0,2,10000,0,0,0,0,0,0

SID,ROTN1W,13,2
CA,0,125.0,2,760,0,0,0,0,0,0
CA,0,119.0,2,3650,0,0,0,0,0,0
CF,T,45.264722,147.932278,1,PTR,304.7,2.3,285.0,8.0,0,0,0,0,0,0,0,1
TF,ROTNI,45.088611,147.805000,0, ,0.0,0.0,0.0,0.0,2,10000,0,0,0,0,0,0

SID,ROTN2A,13,2
CA,0,125.0,2,790,0,0,0,0,0,0
CA,0,123.0,2,3650,0,0,0,0,0,0
DF,TR,45.277250,147.896917,1, ,0.0,0.0,0,0,0,0,0,0,0,1
TF,ROTNI,45.088611,147.805000,0, ,0.0,0.0,0.0,0.0,2,10000,0,0,0,0,0,0

SID,SARE1E,13,2
CA,0,125.0,2,790,0,0,0,0,0,0
CD, ,0,0,0,PTR,0,0.0,123.0,4.3,0,0,0,0,0,0,0,0
CA,0,123.0,2,3650,0,0,0,0,0,0
DF,T,45.264722,147.932278,1, ,0.0,0.0,0,0,0,0,0,0,0,0
TF,SARET,45.388889,147.544722,0, ,0.0,0.0,0.0,0.0,2,4310,0,0,0,0,0,0

SID,SARE1F,31,2
CA,0,305.0,2,790,0,0,0,0,0,0
CF,SARET,45.388889,147.544722,0,PTR,302.8,20.3,303.0,17.0,2,4320,0,0,0,0,0,0

SID,SARE1G,13,5
CA,0,125.0,2,790,0,0,0,0,0,0
CF,SI016,45.218250,148.073750,0,PTR,122.0,4.3,123.0,4.0,0,0,0,0,0,0,0,1
CA,0,123.0,2,3650,0,0,0,0,0,0
DF,PTR,45.247556,147.980667,1, ,0.0,0.0,0,0,0,0,0,0,0,0
TF,SARET,45.388889,147.544722,0, ,0.0,0.0,0.0,0.0,2,4310,0,0,0,0,0,0

SID,SARE1H,31,5
CA,0,305.0,2,790,0,0,0,0,0,0
CF,SARET,45.388889,147.544722,0,PTR,302.8,20.3,303.0,17.0,2,4320,0,0,0,0,0,0

SID,SARE1W,13,2
CA,0,125.0,2,760,0,0,0,0,0,0
CA,0,119.0,2,3650,0,0,0,0,0,0
CF,T,45.264722,147.932278,1,PTR,304.7,2.3,285.0,8.0,0,0,0,0,0,0,0,0
TF,SARET,45.388889,147.544722,0, ,0.0,0.0,0.0,0.0,2,4310,0,0,0,0,0,0

SID,SARE2A,13,2
CA,0,125.0,2,790,0,0,0,0,0,0
CA,0,123.0,2,3650,0,0,0,0,0,0
DF,TR,45.277250,147.896917,1, ,0.0,0.0,0,0,0,0,0,0,0,0
TF,SARET,45.388889,147.544722,0, ,0.0,0.0,0.0,0.0,2,4310,0,0,0,0,0,0

SID,SARE2B,31,2
CA,0,305.0,2,790,0,0,0,0,0,0
CF,SARET,45.388889,147.544722,0,PTR,302.8,20.3,303.0,17.0,2,4320,0,0,0,0,0,0

STAR,ROTN1J,13,2
IF,ROTNI,45.088611,147.805000, ,0.0,0.0,2,10000,0,0,0,0,0,0
TF,PTR,45.247556,147.980667,0, ,0.0,0.0,0.0,0.0,2,7280,0,0,0,0,0,0

STAR,ROTN1K,13,2
IF,ROTNI,45.088611,147.805000, ,0.0,0.0,2,10000,0,0,0,0,0,0
TF,PTR,45.247556,147.980667,0, ,0.0,0.0,0.0,0.0,2,7280,0,0,0,0,0,0

STAR,ROTN1L,31,2
IF,ROTNI,45.088611,147.805000, ,0.0,0.0,2,10000,0,0,0,0,0,0
TF,SI002,45.125500,148.009472,0, ,0.0,0.0,0.0,0.0,1,7280,0,0,0,0,0,0

STAR,ROTN1M,13,5
IF,ROTNI,45.088611,147.805000, ,0.0,0.0,3,10000,0,0,0,0,0,0
TF,SI017,45.256111,147.660194,0, ,0.0,0.0,0.0,0.0,4,5290,4310,0,0,0,0,0

STAR,ROTN1Z,31,2
IF,ROTNI,45.088611,147.805000, ,0.0,0.0,2,10000,0,0,0,0,0,0
TF,T,45.264722,147.932278,0, ,0.0,0.0,0.0,0.0,2,7280,0,0,0,0,0,0

STAR,ROTN2C,13,2
IF,ROTNI,45.088611,147.805000, ,0.0,0.0,2,10000,0,0,0,0,0,0
TF,TR,45.277250,147.896917,0, ,0.0,0.0,0.0,0.0,2,7280,0,0,0,0,0,0

STAR,ROTN2D,31,2
IF,ROTNI,45.088611,147.805000, ,0.0,0.0,2,10000,0,0,0,0,0,0
TF,TP,45.247139,147.981889,0, ,0.0,0.0,0.0,0.0,2,7280,0,0,0,0,0,0

STAR,SARE1J,13,2
IF,SARET,45.388889,147.544722, ,0.0,0.0,2,7280,0,0,0,0,0,0
TF,PTR,45.247556,147.980667,0, ,0.0,0.0,0.0,0.0,2,7280,0,0,0,0,0,0

STAR,SARE1K,13,2
IF,SARET,45.388889,147.544722, ,0.0,0.0,2,7280,0,0,0,0,0,0
TF,PTR,45.247556,147.980667,0, ,0.0,0.0,0.0,0.0,2,7280,0,0,0,0,0,0

STAR,SARE1L,31,5
IF,SARET,45.388889,147.544722, ,0.0,0.0,2,7280,0,0,0,0,0,0
TF,SI002,45.125500,148.009472,0, ,0.0,0.0,0.0,0.0,1,7280,0,0,0,0,0,0

STAR,SARE1Z,31,2
IF,SARET,45.388889,147.544722, ,0.0,0.0,2,7280,0,0,0,0,0,0
TF,T,45.264722,147.932278,0, ,0.0,0.0,0.0,0.0,2,7280,0,0,0,0,0,0

STAR,SARE2C,13,2
IF,SARET,45.388889,147.544722, ,0.0,0.0,2,7280,0,0,0,0,0,0
TF,TR,45.277250,147.896917,0, ,0.0,0.0,0.0,0.0,2,7280,0,0,0,0,0,0

STAR,SARE2D,31,2
IF,SARET,45.388889,147.544722, ,0.0,0.0,2,7280,0,0,0,0,0,0
TF,TP,45.247139,147.981889,0, ,0.0,0.0,0.0,0.0,2,7280,0,0,0,0,0,0

APPTR,D13-Y,13,PTR1
IF,PTR,45.247556,147.980667, ,0.0,0.0,2,7280,0,0,0,0,1,0
CF,D282G,45.255797,147.811203,0,PTR,282.0,7.2,282.0,7.2,2,5950,0,0,0,0,0,0
FD,D282G,45.255797,147.811203,0,PTR,282.0,12.7,282.0,12.7,2,3650,0,0,0,0,0,0
CF,CD13Y,45.343322,147.713269,2,PTR,305.0,12.7,125.0,1.0,2,3650,0,0,0,0,0,0

APPTR,D13-Y,13,PTR2
IF,PTR,45.247556,147.980667, ,0.0,0.0,2,7280,0,0,0,0,1,0
CF,D297G,45.286503,147.819956,0,PTR,297.0,7.2,297.0,7.2,2,5950,0,0,0,0,0,0
FD,D297G,45.286503,147.819956,0,PTR,297.0,12.7,297.0,12.7,2,3650,0,0,0,0,0,0
CF,CD13Y,45.343322,147.713269,2,PTR,305.0,12.7,125.0,1.0,2,3650,0,0,0,0,0,0

FINAL,D13-Y,13,D,4
IF,CD13Y,45.343322,147.713269,PTR,305.0,12.7,2,3650,0,0,0,0,0,0
CF,FD13,45.286842,147.871289,0,PTR,305.0,5.2,125.0,7.5,2,1680,0,0,0,0,2,0
CF,44VOR,45.280806,147.888125,0,PTR,305.0,4.4,125.0,0.8,2,1370,0,0,0,0,0,0
CF,RW13,45.261006,147.942794,0,PTR,304.7,1.8,125.0,2.6,1,413,0,0,0,0,3,0
CF,PTR,45.247556,147.980667,0,PTR,0.0,0.0,125.0,1.8,0,0,0,0,0,0,0,0
FD,PTR,45.247556,147.980667,0,PTR,0.0,4.3,119.0,4.3,0,0,0,0,0,0,0,0
CA,0,119.0,2,4310,0,0,0,0,0,0
DF,PTR,45.247556,147.980667,1, ,0.0,0.0,2,5950,0,0,0,0,0,0

APPTR,D13-Z,13,SARET
IF,SARET,45.388889,147.544722, ,0.0,0.0,4,7280,4310,0,0,0,1,0
CI,0, ,0.0,96.0,0,0,0,0,0,0,0,0
CF,D305N,45.355342,147.679517,0,PTR,305.0,14.3,125.0,5.0,0,0,0,0,0,0,0,0
CF,CD13Z,45.325272,147.763869,0,PTR,305.0,10.3,125.0,4.0,2,2760,0,0,0,0,1,0

FINAL,D13-Z,13,D,4
IF,CD13Z,45.325272,147.763869,PTR,305.0,10.3,2,2760,0,0,0,0,0,0
CF,FD13,45.286842,147.871289,0,PTR,305.0,5.2,125.0,5.1,2,1680,0,0,0,0,2,0
CF,44VOR,45.280806,147.888125,0,PTR,305.0,4.4,125.0,0.8,2,1370,0,0,0,0,0,0
CF,RW13,45.261006,147.942794,0,PTR,304.7,1.8,125.0,2.6,1,413,0,0,0,0,3,0
CF,PTR,45.247556,147.980667,0,PTR,0.0,0.0,125.0,1.8,0,0,0,0,0,0,0,0
FD,PTR,45.247556,147.980667,0,PTR,0.0,4.3,119.0,4.3,0,0,0,0,0,0,0,0
CA,0,119.0,2,4310,0,0,0,0,0,0
DF,PTR,45.247556,147.980667,1, ,0.0,0.0,2,5950,0,0,0,0,0,0

APPTR,D31,31,PTR1
IF,PTR,45.247556,147.980667, ,0.0,0.0,2,7280,0,0,0,0,1,0
FD,PTR,45.247556,147.980667,0,PTR,0.0,7.2,94.0,7.2,2,3990,0,0,0,0,0,0
CD, ,0,0,0,PTR,0,0.0,94.0,11.2,2,3660,0,0,0,0,0,0
CF,CD31,45.177500,148.224903,2,PTR,120.0,11.2,300.0,1.0,2,3660,0,0,0,0,0,0

APPTR,D31,31,PTR2
IF,PTR,45.247556,147.980667, ,0.0,0.0,2,7280,0,0,0,0,1,0
FD,PTR,45.247556,147.980667,0,PTR,0.0,7.2,111.0,7.2,2,3990,0,0,0,0,0,0
CD, ,0,0,0,PTR,0,0.0,111.0,11.2,2,3660,0,0,0,0,0,0
CF,CD31,45.177500,148.224903,2,PTR,120.0,11.2,300.0,1.0,2,3660,0,0,0,0,0,0

FINAL,D31,31,D,4
IF,CD31,45.177500,148.224903,PTR,120.0,11.2,2,3660,0,0,0,0,0,0
CF,FD31,45.213156,148.100894,0,PTR,120.0,5.5,300.0,5.7,2,2350,0,0,0,0,2,0
CF,13VOR,45.239436,148.009097,0,PTR,120.0,1.3,300.0,4.2,2,1020,0,0,0,0,0,0
CF,PTR,45.247556,147.980667,0,PTR,0.0,0.0,300.0,1.3,1,604,0,0,0,0,3,0
CA,0,300.0,2,3990,0,0,0,0,0,0
DF,PTR,45.247556,147.980667,1, ,0.0,0.0,2,3990,0,0,0,0,0,0

APPTR,I13-W,13,T1
IF,T,45.264722,147.932278, ,0.0,0.0,2,7280,0,0,0,0,1,0
FC,T,45.264722,147.932278,0,PTR,0.0,0.0,296.0,15.4,0,0,0,1,185,0,0,1
CF,CI13W,45.368950,147.636708,2,ITP,304.7,16.0,125.0,3.0,2,4630,0,0,0,0,0,0

APPTR,I13-W,13,T2
IF,T,45.264722,147.932278, ,0.0,0.0,2,7280,0,0,0,0,1,0
FC,T,45.264722,147.932278,0,PTR,0.0,0.0,300.0,17.5,0,0,0,1,140,0,0,1
CF,CI13W,45.368950,147.636708,2,ITP,304.7,16.0,125.0,5.0,2,4630,0,0,0,0,0,0

FINAL,I13-W,13,I,3
IF,CI13W,45.368950,147.636708,ITP,304.7,16.0,2,4630,0,0,0,0,0,0
CF,FF13,45.290875,147.858442,0,ITP,304.7,5.5,125.0,10.5,1,1680,0,0,0,0,2,0
CF,RW13,45.261006,147.942794,0,ITP,304.7,1.5,125.0,4.0,1,413,0,0,0,0,3,0
CA,0,125.0,2,1030,0,0,0,0,0,0
CI,0, ,0.0,79.0,0,0,0,0,0,0,0,0
FA,T,45.264722,147.932278,0,PTR,0.0,0.0,103.0,2,3650,0,0,0,0,0,0
DF,T,45.264722,147.932278,2, ,0.0,0.0,2,4630,0,0,0,0,0,0

APPTR,I13-X,13,TR1
IF,TR,45.277250,147.896917, ,0.0,0.0,2,7280,0,0,0,0,1,0
FC,TR,45.277250,147.896917,0,PTR,0.0,0.0,295.0,13.9,0,0,0,1,185,0,0,1
CF,CI13X,45.368953,147.636711,2,ITP,304.7,16.0,125.0,1.0,2,4630,0,0,0,0,0,0

APPTR,I13-X,13,TR2
IF,TR,45.277250,147.896917, ,0.0,0.0,2,7280,0,0,0,0,1,0
FC,TR,45.277250,147.896917,0,PTR,0.0,0.0,299.0,15.2,0,0,0,1,140,0,0,1
CF,CI13X,45.368953,147.636711,2,ITP,304.7,16.0,125.0,1.0,2,4630,0,0,0,0,0,0

FINAL,I13-X,13,I,3
IF,CI13X,45.368953,147.636711,ITP,304.7,16.0,2,4630,0,0,0,0,0,0
CF,FF13,45.290875,147.858442,0,ITP,304.7,5.5,125.0,10.5,1,1680,0,0,0,0,2,0
CF,RW13,45.261006,147.942794,0,ITP,304.7,1.5,125.0,4.0,1,413,0,0,0,0,3,0
CA,0,125.0,2,1030,0,0,0,0,0,0
CI,0, ,0.0,79.0,0,0,0,0,0,0,0,0
FA,TR,45.277250,147.896917,0,PTR,0.0,0.0,106.0,2,3650,0,0,0,0,0,0
DF,TR,45.277250,147.896917,2, ,0.0,0.0,2,4630,0,0,0,0,0,0

APPTR,I13-Y,13,TR1
IF,TR,45.277250,147.896917, ,0.0,0.0,2,7280,0,0,0,0,1,0
FC,TR,45.277250,147.896917,0,PTR,0.0,0.0,272.0,3.9,2,4310,0,0,0,0,0,0
CF,D272I,45.261822,147.691600,0,PTR,282.1,12.3,272.0,4.8,2,3650,0,0,0,0,0,1
CF,D305L,45.339453,147.720697,2,PTR,304.7,12.3,125.0,1.0,2,3650,0,0,0,0,0,0
CF,CI13,45.304750,147.819169,0,ITP,304.7,7.4,125.0,4.7,2,1680,0,0,0,0,0,0

APPTR,I13-Y,13,TR2
IF,TR,45.277250,147.896917, ,0.0,0.0,2,7280,0,0,0,0,1,0
FC,TR,45.277250,147.896917,0,PTR,0.0,0.0,294.0,3.7,2,4310,0,0,0,0,0,0
CF,D294I,45.316572,147.701506,0,PTR,297.4,12.5,294.0,4.9,2,3650,0,0,0,0,0,1
CF,D305M,45.342278,147.712661,2,PTR,304.7,12.7,125.0,1.0,2,3650,0,0,0,0,0,0
CF,CI13,45.304750,147.819169,0,ITP,304.7,7.4,125.0,5.0,2,1680,0,0,0,0,0,0

FINAL,I13-Y,13,I,3
IF,CI13,45.304750,147.819169,ITP,304.7,7.4,2,1680,0,0,0,0,0,0
CF,FF13,45.290875,147.858442,0,ITP,304.7,5.5,125.0,1.9,1,1680,0,0,0,0,2,0
CF,RW13,45.261006,147.942794,0,ITP,304.7,1.5,125.0,4.0,1,413,0,0,0,0,3,0
CA,0,125.0,2,1030,0,0,0,0,0,0
CI,0, ,0.0,86.0,0,0,0,0,0,0,0,0
CF,D116H,45.234939,148.080561,0,PTR,108.1,4.3,116.0,4.0,0,0,0,0,0,0,0,1
CA,0,116.0,2,3650,0,0,0,0,0,0
DF,TR,45.277250,147.896917,1, ,0.0,0.0,2,4310,0,0,0,0,0,0

APPTR,I13-Z,13,SARET
IF,SARET,45.388889,147.544722, ,0.0,0.0,4,7280,4310,0,0,0,1,0
VI,0, ,0.0,96.0,0,0,0,0,0,0,0,0
CF,D305J,45.328292,147.752408,0,PTR,304.7,10.8,125.0,9.0,2,2760,0,0,0,0,1,0
CF,CI13,45.304750,147.819169,0,ITP,304.7,7.4,125.0,3.2,2,1680,0,0,0,0,0,0

FINAL,I13-Z,13,I,3
IF,CI13,45.304750,147.819169,ITP,304.7,7.4,2,1680,0,0,0,0,0,0
CF,FF13,45.290875,147.858442,0,ITP,304.7,5.5,125.0,1.9,1,1680,0,0,0,0,2,0
CF,RW13,45.261006,147.942794,0,ITP,304.7,1.5,125.0,4.0,1,413,0,0,0,0,3,0
CA,0,125.0,2,1030,0,0,0,0,0,0
CI,0, ,0.0,86.0,0,0,0,0,0,0,0,0
CF,D116H,45.234939,148.080561,0,PTR,108.1,4.3,116.0,4.0,0,0,0,0,0,0,0,1
CA,0,116.0,2,3650,0,0,0,0,0,0
DF,TR,45.277250,147.896917,1, ,0.0,0.0,2,4310,0,0,0,0,0,0

APPTR,I31-X,31,TP1
IF,TP,45.247139,147.981889, ,0.0,0.0,1,7280,0,1,185,0,1,0
FC,TP,45.247139,147.981889,0,PTR,0.0,0.0,116.0,15.4,2,4980,0,0,0,0,0,1
CF,CI31X,45.132886,148.301675,2,ITU,124.7,17.2,305.0,1.0,1,4980,0,0,0,0,0,0

APPTR,I31-X,31,TP2
IF,TP,45.247139,147.981889, ,0.0,0.0,1,7280,0,1,120,0,1,0
FC,TP,45.247139,147.981889,0,PTR,0.0,0.0,121.0,18.0,2,4980,0,0,0,0,0,1
CF,CI31X,45.132886,148.301675,2,ITU,124.7,17.2,305.0,3.0,1,4980,0,0,0,0,0,0

FINAL,I31-X,31,I,3
IF,CI31X,45.132886,148.301675,ITU,124.7,17.2,1,4980,0,0,0,0,0,0
CF,FI31,45.198375,148.118828,0,ITU,124.7,8.5,305.0,8.7,1,2680,0,0,0,0,2,0
CF,RW31,45.251708,147.968997,0,ITU,124.7,1.4,305.0,7.1,1,433,0,0,0,0,3,0
CA,0,305.0,2,1700,0,0,0,0,0,0
FA,TP,45.247139,147.981889,0,PTR,0.0,0.0,300.0,2,3990,0,0,0,0,0,0
DF,TP,45.247139,147.981889,1, ,0.0,0.0,2,4980,0,0,0,0,0,0

APPTR,I31-Y,31,PTR1
IF,PTR,45.247556,147.980667, ,0.0,0.0,1,7280,0,0,0,0,1,0
FD,PTR,45.247556,147.980667,0,PTR,0.0,8.6,99.0,8.6,2,4480,0,0,0,0,0,0
CD, ,0,0,0,PTR,0,0.0,99.0,11.3,2,3660,0,0,0,0,0,0
CF,CI31Y,45.162431,148.219342,2,ITU,124.7,13.3,305.0,1.0,2,3660,0,0,0,0,0,0

APPTR,I31-Y,31,PTR2
IF,PTR,45.247556,147.980667, ,0.0,0.0,1,7280,0,0,0,0,1,0
FD,PTR,45.247556,147.980667,0,PTR,0.0,8.6,117.0,8.6,2,4480,0,0,0,0,0,0
CD, ,0,0,0,PTR,0,0.0,117.0,11.3,2,3660,0,0,0,0,0,0
CF,CI31Y,45.162431,148.219342,2,ITU,124.7,13.3,305.0,1.0,2,3660,0,0,0,0,0,0

FINAL,I31-Y,31,I,3
IF,CI31Y,45.162431,148.219342,ITU,124.7,13.3,2,3660,0,0,0,0,0,0
CF,FI31,45.198375,148.118828,0,ITU,124.7,8.5,305.0,4.8,1,2680,0,0,0,0,2,0
CF,RW31,45.251708,147.968997,0,ITU,124.7,1.4,305.0,7.1,1,433,0,0,0,0,3,0
FD,RW31,45.251708,147.968997,0,PTR,304.7,14.0,305.0,14.0,0,0,0,0,0,0,0,0
CA,0,305.0,2,3990,0,0,0,0,0,0
DF,PTR,45.247556,147.980667,1, ,0.0,0.0,2,4480,0,0,0,0,0,0

APPTR,I31-Z,31,SI002
IF,SI002,45.125500,148.009472, ,0.0,0.0,1,7280,0,0,0,0,1,0
TF,SI003,45.071444,148.160778,0, ,0.0,0.0,0.0,0.0,1,5960,0,0,0,0,0,0
TF,SI004,45.160611,148.224472,0,ITU,0.0,0.0,0.0,0.0,1,3660,0,0,0,0,1,0

FINAL,I31-Z,31,I,3
IF,SI004,45.160611,148.224472,ITU,124.7,13.5,1,3660,0,0,0,0,0,0
CF,FI31,45.198375,148.118828,0,ITU,124.7,8.5,305.0,5.0,1,2680,0,0,0,0,2,0
CF,RW31,45.251708,147.968997,0,ITU,124.7,1.4,305.0,7.1,1,433,0,0,0,0,3,0
TF,SI026,45.314917,147.790306,0, ,0.0,0.0,0.0,0.0,0,0,0,0,0,0,0,1
CA,0,305.0,2,3500,0,0,0,0,0,0
DF,SI002,45.125500,148.009472,1, ,0.0,0.0,1,7280,0,0,0,0,0,0

APPTR,J13,13,SARET
IF,SARET,45.388889,147.544722, ,0.0,0.0,4,7280,4310,0,0,0,1,0
TF,SI013,45.324333,147.763583,0,G13A,0.0,0.0,0.0,0.0,2,1520,0,0,0,0,1,0

APPTR,J13,13,SI012
IF,SI012,45.475833,147.839528, ,0.0,0.0,2,7280,0,0,0,0,1,0
TF,SI013,45.324333,147.763583,0,G13A,0.0,0.0,0.0,0.0,2,1520,0,0,0,0,1,0

APPTR,J13,13,SI017
IF,SI017,45.256111,147.660194, ,0.0,0.0,4,5290,4310,0,0,0,1,0
TF,SI013,45.324333,147.763583,0,G13A,0.0,0.0,0.0,0.0,2,1520,0,0,0,0,1,0

FINAL,J13,13,G,3
IF,SI013,45.324333,147.763583,G13A,0.0,0.0,2,1520,0,0,0,0,0,0
TF,SI014,45.286889,147.869667,0,G13A,0.0,0.0,125.0,5.0,1,1520,0,0,0,0,2,0
TF,RW13,45.261006,147.942794,0,G13A,0.0,0.0,125.0,3.5,1,413,0,0,0,0,3,1
CA,0,125.0,2,1030,0,0,0,0,0,0
CI,0, ,0.0,125.0,0,0,0,0,0,0,0,0
CF,SI024,45.190000,148.297833,0,PTR,112.3,13.9,110.0,14.0,0,0,0,1,230,0,0,0
TF,SI025,45.309972,148.372778,0, ,0.0,0.0,0.0,0.0,0,0,0,1,230,0,0,0
TF,SI012,45.475833,147.839528,0, ,0.0,0.0,0.0,0.0,1,7280,0,0,0,0,0,0

APPTR,J31,31,SI002
IF,SI002,45.125500,148.009472, ,0.0,0.0,2,7280,0,0,0,0,1,0
TF,SI003,45.071444,148.160778,0, ,0.0,0.0,0.0,0.0,2,5960,0,0,0,0,0,0
TF,SI004,45.160611,148.224472,0,G31A,0.0,0.0,0.0,0.0,2,3660,0,0,0,0,1,0

FINAL,J31,31,G,3
IF,SI004,45.160611,148.224472,G31A,0.0,0.0,2,3660,0,0,0,0,0,0
TF,SI005,45.198361,148.118833,0,G31A,0.0,0.0,305.0,5.0,1,2680,0,0,0,0,2,0
TF,RW31,45.251708,147.968997,0,G31A,0.0,0.0,305.0,7.1,1,428,0,0,0,0,3,1
TF,SI026,45.314917,147.790306,0, ,0.0,0.0,0.0,0.0,0,0,0,0,0,0,0,1
CA,0,305.0,2,3500,0,0,0,0,0,0
DF,SI002,45.125500,148.009472,1, ,0.0,0.0,1,7280,0,0,0,0,0,0

APPTR,N13-X,13,TR1
IF,TR,45.277250,147.896917, ,0.0,0.0,2,7280,0,1,185,0,1,0
FC,TR,45.277250,147.896917,0,PTR,0.0,0.0,295.0,13.9,2,4630,0,0,0,0,0,1
CF,FN13X,45.347664,147.700458,2,PTR,305.0,13.3,125.0,5.0,2,4630,0,0,0,0,0,0

APPTR,N13-X,13,TR2
IF,TR,45.277250,147.896917, ,0.0,0.0,2,7280,0,1,140,0,1,0
FC,TR,45.277250,147.896917,0,PTR,0.0,0.0,299.0,15.2,2,4630,0,0,0,0,0,1
CF,FN13X,45.347664,147.700458,2,PTR,305.0,13.3,125.0,5.0,2,4630,0,0,0,0,0,0

FINAL,N13-X,13,N,3
IF,FN13X,45.347664,147.700458,TR,0.0,0.0,2,4630,0,0,0,0,2,0
CF,TR,45.277250,147.896917,0,TR,0.0,0.0,125.0,9.3,2,1220,0,0,0,0,0,0
CF,T,45.264722,147.932278,0,TR,0.0,0.0,125.0,1.7,1,595,0,0,0,0,3,0
CA,0,125.0,2,1680,0,0,0,0,0,0
CI,0, ,0.0,79.0,0,0,0,0,0,0,0,0
FA,TR,45.277250,147.896917,0,PTR,0.0,0.0,106.0,2,3650,0,0,0,0,0,0
DF,TR,45.277250,147.896917,2, ,0.0,0.0,2,4630,0,0,0,0,0,0

APPTR,N31-X,31,TP1
IF,TP,45.247139,147.981889, ,0.0,0.0,2,7280,0,0,0,0,1,0
FC,TP,45.247139,147.981889,0,PTR,0.0,0.0,110.0,13.9,2,4980,0,1,185,0,0,1
CF,FN31X,45.172994,148.240306,2,PTR,120.0,11.9,300.0,1.0,2,4980,0,0,0,0,0,0

APPTR,N31-X,31,TP2
IF,TP,45.247139,147.981889, ,0.0,0.0,2,7280,0,0,0,0,1,0
FC,TP,45.247139,147.981889,0,PTR,0.0,0.0,115.0,14.0,2,4980,0,1,120,0,0,1
CF,FN31X,45.172994,148.240306,2,PTR,120.0,11.9,300.0,1.0,2,4980,0,0,0,0,0,0

FINAL,N31-X,31,N,2
IF,FN31X,45.172994,148.240306,TP,0.0,0.0,2,4980,0,0,0,0,2,0
CF,TP,45.247139,147.981889,0,TP,0.0,0.0,300.0,11.8,1,652,0,0,0,0,3,0
CA,0,300.0,2,3010,0,0,0,0,0,0
DF,TP,45.247139,147.981889,1, ,0.0,0.0,2,4980,0,0,0,0,0,0

APPTR,Q13-Y,13,TR1
IF,TR,45.277250,147.896917, ,0.0,0.0,2,7280,0,0,0,0,1,0
FC,TR,45.277250,147.896917,0,PTR,0.0,0.0,272.0,3.9,2,4310,0,0,0,0,0,1
CF,D272I,45.261822,147.691600,0,PTR,282.1,12.3,272.0,4.8,2,3650,0,0,0,0,0,1
CF,FQ13,45.286853,147.870203,2,PTR,304.8,5.2,125.0,8.0,2,1680,0,0,0,0,0,0

APPTR,Q13-Y,13,TR2
IF,TR,45.277250,147.896917, ,0.0,0.0,2,7280,0,0,0,0,1,0
FC,TR,45.277250,147.896917,0,PTR,0.0,0.0,294.0,3.6,2,4310,0,0,0,0,0,0
CF,D294I,45.316572,147.701506,0,PTR,297.4,12.5,294.0,5.0,2,3650,0,0,0,0,0,1
CF,FQ13,45.286853,147.870203,2,PTR,304.8,5.2,125.0,8.5,2,1680,0,0,0,0,0,0

FINAL,Q13-Y,13,N,3
IF,FQ13,45.286853,147.870203,TR,0.0,0.0,2,1680,0,0,0,0,2,0
CF,TR,45.277250,147.896917,0,TR,0.0,0.0,125.0,1.3,2,1220,0,0,0,0,0,0
CF,T,45.264722,147.932278,0,PTR,0.0,2.3,125.0,1.7,1,595,0,0,0,0,3,0
CA,0,125.0,2,1030,0,0,0,0,0,0
CI,0, ,0.0,86.0,0,0,0,0,0,0,0,0
CF,D116H,45.234939,148.080561,0,PTR,108.1,4.3,116.0,3.7,2,3650,0,0,0,0,0,1
DF,TR,45.277250,147.896917,1, ,0.0,0.0,2,4310,0,0,0,0,0,0

APPTR,Q13-Z,13,SARET
IF,SARET,45.388889,147.544722, ,0.0,0.0,4,7280,4310,0,0,0,1,0
CI,0, ,0.0,96.0,0,0,0,0,0,0,0,0
CF,D305F,45.324758,147.764525,0,PTR,304.9,10.3,125.0,9.0,2,2760,0,0,0,0,1,0
CF,FQ13,45.286853,147.870203,0,PTR,304.8,5.2,125.0,5.0,2,1680,0,0,0,0,0,0

FINAL,Q13-Z,13,N,3
IF,FQ13,45.286853,147.870203,TR,0.0,0.0,2,1680,0,0,0,0,2,0
CF,TR,45.277250,147.896917,0,TR,0.0,0.0,125.0,1.3,2,1220,0,0,0,0,0,0
CF,T,45.264722,147.932278,0,PTR,0.0,2.3,125.0,1.7,1,595,0,0,0,0,3,0
CA,0,125.0,2,1030,0,0,0,0,0,0
CI,0, ,0.0,86.0,0,0,0,0,0,0,0,0
CF,D116H,45.234939,148.080561,0,PTR,108.1,4.3,116.0,3.7,2,3650,0,0,0,0,0,1
DF,TR,45.277250,147.896917,1, ,0.0,0.0,2,4310,0,0,0,0,0,0

APPTR,Q31-Z,31,TP1
IF,TP,45.247139,147.981889, ,0.0,0.0,2,7280,0,0,0,0,1,0
CF,D094G,45.255325,148.150172,0,PTR,94.2,7.2,94.0,7.2,2,3990,0,0,0,0,0,0
CF,D094K,45.259797,148.244339,0,PTR,94.2,11.2,94.0,4.0,2,3660,0,0,0,0,0,1
CF,FD31,45.213156,148.100894,2,PTR,120.0,5.5,300.0,6.0,2,2350,0,0,0,0,0,0

APPTR,Q31-Z,31,TP2
IF,TP,45.247139,147.981889,PTR,123.8,0.1,2,7280,0,0,0,0,1,0
CF,D111G,45.220253,148.145928,0,PTR,111.1,7.2,111.0,7.1,2,3990,0,0,0,0,0,0
CF,D111K,45.205092,148.237761,0,PTR,111.1,11.2,111.0,4.0,2,3660,0,0,0,0,0,1
CF,FD31,45.213156,148.100894,2,PTR,120.0,5.5,300.0,6.0,2,2350,0,0,0,0,0,0

FINAL,Q31-Z,31,N,3
IF,FD31,45.213156,148.100894,TP,0.0,0.0,2,2350,0,0,0,0,2,0
CF,33NDB,45.226889,148.052731,0,TP,0.0,0.0,300.0,2.2,2,1660,0,0,0,0,0,0
CF,TP,45.247139,147.981889,0,PTR,0.0,0.1,300.0,3.2,1,623,0,0,0,0,3,0
CA,0,300.0,2,3990,0,0,0,0,0,0
DF,TP,45.247139,147.981889,1, ,0.0,0.0,2,3990,0,0,0,0,0,0

APPTR,R13-Y,13,SARET
IF,SARET,45.388889,147.544722, ,0.0,0.0,4,7280,4310,0,0,0,1,0
TF,SI013,45.324333,147.763583,0, ,0.0,0.0,0.0,0.0,4,2600,1520,0,0,0,1,0
TF,SI014,45.286889,147.869667,0, ,0.0,0.0,0.0,0.0,1,1520,0,0,0,0,0,0

APPTR,R13-Y,13,SI012
IF,SI012,45.475833,147.839528, ,0.0,0.0,1,7280,0,0,0,0,1,0
TF,SI013,45.324333,147.763583,0, ,0.0,0.0,0.0,0.0,4,2600,1520,0,0,0,1,0
TF,SI014,45.286889,147.869667,0, ,0.0,0.0,0.0,0.0,1,1520,0,0,0,0,0,0

APPTR,R13-Y,13,SI017
IF,SI017,45.256111,147.660194, ,0.0,0.0,4,5290,4310,0,0,0,1,0
TF,SI013,45.324333,147.763583,0, ,0.0,0.0,0.0,0.0,4,2600,1520,0,0,0,1,0
TF,SI014,45.286889,147.869667,0, ,0.0,0.0,0.0,0.0,1,1520,0,0,0,0,0,0

FINAL,R13-Y,13,R,3
IF,SI014,45.286889,147.869667, ,0.0,0.0,1,1520,0,0,0,0,2,0
TF,SI015,45.276917,147.897889,0, ,0.0,0.0,125.0,1.3,1,1090,0,0,0,0,0,0
TF,RW13,45.261006,147.942794,0, ,0.0,0.0,125.0,2.1,1,413,0,0,0,0,3,1
TF,SI010,45.176278,148.215778,0, ,0.0,0.0,0.0,0.0,0,0,0,1,260,0,0,0
TF,SI011,45.311972,148.300861,0, ,0.0,0.0,0.0,0.0,0,0,0,1,260,0,0,0
TF,SI012,45.475833,147.839528,0, ,0.0,0.0,0.0,0.0,1,7280,0,0,0,0,0,0

APPTR,R13-Z,13,SARET
IF,SARET,45.388889,147.544722, ,0.0,0.0,4,7280,4310,0,0,0,1,0
TF,SI013,45.324333,147.763583,0, ,0.0,0.0,0.0,0.0,4,2600,1520,0,0,0,1,0
TF,SI014,45.286889,147.869667,0, ,0.0,0.0,0.0,0.0,1,1520,0,0,0,0,0,0

APPTR,R13-Z,13,SI012
IF,SI012,45.475833,147.839528, ,0.0,0.0,1,7280,0,0,0,0,1,0
TF,SI013,45.324333,147.763583,0, ,0.0,0.0,0.0,0.0,4,2600,1520,0,0,0,1,0
TF,SI014,45.286889,147.869667,0, ,0.0,0.0,0.0,0.0,1,1520,0,0,0,0,0,0

APPTR,R13-Z,13,SI017
IF,SI017,45.256111,147.660194, ,0.0,0.0,4,5290,4310,0,0,0,1,0
TF,SI013,45.324333,147.763583,0, ,0.0,0.0,0.0,0.0,4,2600,1520,0,0,0,1,0
TF,SI014,45.286889,147.869667,0, ,0.0,0.0,0.0,0.0,1,1520,0,0,0,0,0,0

FINAL,R13-Z,13,R,3
IF,SI014,45.286889,147.869667, ,0.0,0.0,1,1520,0,0,0,0,2,0
TF,SI015,45.276917,147.897889,0, ,0.0,0.0,125.0,1.3,2,1090,0,0,0,0,0,0
TF,RW13,45.261006,147.942794,0, ,0.0,0.0,125.0,2.1,1,413,0,0,0,0,3,1
TF,SI018,45.214528,148.092861,0, ,0.0,0.0,0.0,0.0,0,0,0,0,0,0,0,0
TF,SI019,45.354944,148.180611,0, ,0.0,0.0,0.0,0.0,0,0,0,0,0,0,0,0
TF,SI012,45.475833,147.839528,0, ,0.0,0.0,0.0,0.0,1,7280,0,0,0,0,0,0

APPTR,R31,31,SI002
IF,SI002,45.125500,148.009472, ,0.0,0.0,1,7280,0,0,0,0,1,0
TF,SI003,45.071444,148.160778,0, ,0.0,0.0,0.0,0.0,1,5960,0,0,0,0,0,0
TF,SI004,45.160611,148.224472,0, ,0.0,0.0,0.0,0.0,1,3660,0,0,0,0,1,0

FINAL,R31,31,R,4
IF,SI004,45.160611,148.224472, ,0.0,0.0,1,3660,0,0,0,0,0,0
TF,SI005,45.198361,148.118833,0, ,0.0,0.0,305.0,5.0,1,2680,0,0,0,0,2,0
TF,SI006,45.236556,148.011694,0, ,0.0,0.0,305.0,5.1,2,1070,0,0,0,0,0,0
TF,RW31,45.251708,147.968997,0, ,0.0,0.0,305.0,2.0,1,428,0,0,0,0,3,1
TF,SI001,45.304611,147.676139,0, ,0.0,0.0,0.0,0.0,0,0,0,0,0,0,0,1
DF,SI002,45.125500,148.009472,1, ,0.0,0.0,1,7280,0,0,0,0,0,0

