SID,HAL5,27,5
VA,0,267.0,2,3500,0,0,0,0,0,0
DF,BL508,12.955708,77.454411,0, ,0.0,0.0,2,7000,0,0,0,0,0,0
TF,BG151,13.099497,77.327250,0, ,0.0,0.0,0.0,0.0,3,9000,0,0,0,0,0,1
VM,0,0,0,15.0,0,0,0,0,0,0,0,0

SID,HAL6,09,5
VA,0,87.0,2,3500,0,0,0,0,0,0
DF,BG251,12.975806,77.866247,0, ,0.0,0.0,2,7000,0,0,0,0,0,0
TF,BG252,13.014300,77.991531,0, ,0.0,0.0,0.0,0.0,0,0,0,0,0,0,0,0
TF,BG253,13.199458,78.018319,0, ,0.0,0.0,0.0,0.0,3,9000,0,0,0,0,0,1
VM,0,0,0,360.0,0,0,0,0,0,0,0,0

STAR,GELA5H,GELAT,4
IF,UNSAL,14.401389,76.165556, ,0.0,0.0,0,0,0,0,0,0,0,0
TF,GELAT,14.217994,76.978100,0, ,0.0,0.0,0.0,0.0,2,21000,0,0,0,0,0,0
TF,ROMET,13.584822,77.389447,0, ,0.0,0.0,0.0,0.0,2,11000,0,1,230,0,0,0

STAR,GELA5H,RIKBU,4
IF,RIKBU,15.165833,76.359444, ,0.0,0.0,0,0,0,0,0,0,0,0
TF,GELAT,14.217994,76.978100,0, ,0.0,0.0,0.0,0.0,2,21000,0,0,0,0,0,0
TF,ROMET,13.584822,77.389447,0, ,0.0,0.0,0.0,0.0,2,11000,0,1,230,0,0,0

STAR,GELA5H,27,5
IF,ROMET,13.584822,77.389447, ,0.0,0.0,2,11000,0,1,230,0,0,0
TF,NUPER,13.311208,77.596403,0, ,0.0,0.0,0.0,0.0,0,0,0,0,0,0,0,0
TF,BL554,13.307536,78.039514,0, ,0.0,0.0,0.0,0.0,2,10000,0,1,185,0,0,0
TF,BL559,13.104069,78.038883,0, ,0.0,0.0,0.0,0.0,0,0,0,0,0,0,0,1

STAR,GELA6H,GELAT,4
IF,UNSAL,14.401389,76.165556, ,0.0,0.0,0,0,0,0,0,0,0,0
TF,GELAT,14.217994,76.978100,0, ,0.0,0.0,0.0,0.0,2,21000,0,0,0,0,0,0
TF,ROMET,13.584822,77.389447,0, ,0.0,0.0,0.0,0.0,2,11000,0,1,230,0,0,0

STAR,GELA6H,RIKBU,4
IF,RIKBU,15.165833,76.359444, ,0.0,0.0,0,0,0,0,0,0,0,0
TF,GELAT,14.217994,76.978100,0, ,0.0,0.0,0.0,0.0,2,21000,0,0,0,0,0,0
TF,ROMET,13.584822,77.389447,0, ,0.0,0.0,0.0,0.0,2,11000,0,1,230,0,0,0

STAR,GELA6H,09,5
IF,ROMET,13.584822,77.389447, ,0.0,0.0,2,11000,0,1,230,0,0,0
TF,BL451,13.313428,77.303919,0, ,0.0,0.0,0.0,0.0,0,0,0,1,185,0,0,0
TF,RATOM,13.170597,77.268078,0, ,0.0,0.0,0.0,0.0,0,0,0,0,0,0,0,0
TF,BG101,13.073017,77.337128,0, ,0.0,0.0,0.0,0.0,2,11000,0,0,0,0,0,1
VM,12.952222,77.664722,0,120.0,0,0,0,0,0,0,0,0

STAR,LUMP5H,LUMPU,4
IF,UNSAL,14.401389,76.165556, ,0.0,0.0,0,0,0,0,0,0,0,0
TF,LUMPU,13.824064,76.926314,0, ,0.0,0.0,0.0,0.0,0,0,0,0,0,0,0,0
TF,ROMET,13.584822,77.389447,0, ,0.0,0.0,0.0,0.0,2,11000,0,1,230,0,0,0

STAR,LUMP5H,27,5
IF,ROMET,13.584822,77.389447, ,0.0,0.0,2,11000,0,1,230,0,0,0
TF,NUPER,13.311208,77.596403,0, ,0.0,0.0,0.0,0.0,0,0,0,0,0,0,0,0
TF,BL554,13.307536,78.039514,0, ,0.0,0.0,0.0,0.0,2,10000,0,1,185,0,0,0
TF,BL559,13.104069,78.038883,0, ,0.0,0.0,0.0,0.0,0,0,0,0,0,0,0,1

STAR,LUMP6H,LUMPU,4
IF,UNSAL,14.401389,76.165556, ,0.0,0.0,0,0,0,0,0,0,0,0
TF,LUMPU,13.824064,76.926314,0, ,0.0,0.0,0.0,0.0,0,0,0,0,0,0,0,0
TF,ROMET,13.584822,77.389447,0, ,0.0,0.0,0.0,0.0,2,11000,0,1,230,0,0,0

STAR,LUMP6H,09,5
IF,ROMET,13.584822,77.389447, ,0.0,0.0,2,11000,0,1,230,0,0,0
TF,BL451,13.313428,77.303919,0, ,0.0,0.0,0.0,0.0,0,0,0,1,185,0,0,0
TF,RATOM,13.170597,77.268078,0, ,0.0,0.0,0.0,0.0,0,0,0,0,0,0,0,0
TF,BG101,13.073017,77.337128,0, ,0.0,0.0,0.0,0.0,2,11000,0,0,0,0,0,1
VM,12.952222,77.664722,0,120.0,0,0,0,0,0,0,0,0

STAR,PUTO5H,TELUV,4
IF,TELUV,14.161753,78.187044, ,0.0,0.0,0,0,0,0,0,0,0,0
TF,PUTOT,13.662481,77.947936,0, ,0.0,0.0,0.0,0.0,2,11000,0,1,230,0,0,0

STAR,PUTO5H,VABDI,4
IF,VABDI,15.097500,78.633889, ,0.0,0.0,0,0,0,0,0,0,0,0
TF,PUTOT,13.662481,77.947936,0, ,0.0,0.0,0.0,0.0,2,11000,0,1,230,0,0,0

STAR,PUTO5H,27,5
IF,PUTOT,13.662481,77.947936, ,0.0,0.0,2,11000,0,1,230,0,0,0
TF,BL551,13.460692,77.941581,0, ,0.0,0.0,0.0,0.0,0,0,0,0,0,0,0,0
TF,BL554,13.307536,78.039514,0, ,0.0,0.0,0.0,0.0,2,10000,0,1,185,0,0,0
TF,BL559,13.104069,78.038883,0, ,0.0,0.0,0.0,0.0,0,0,0,0,0,0,0,1

STAR,PUTO6H,TELUV,4
IF,TELUV,14.161753,78.187044, ,0.0,0.0,0,0,0,0,0,0,0,0
TF,PUTOT,13.662481,77.947936,0, ,0.0,0.0,0.0,0.0,2,11000,0,1,230,0,0,0

STAR,PUTO6H,VABDI,4
IF,VABDI,15.097500,78.633889, ,0.0,0.0,0,0,0,0,0,0,0,0
TF,PUTOT,13.662481,77.947936,0, ,0.0,0.0,0.0,0.0,2,11000,0,1,230,0,0,0

STAR,PUTO6H,09,5
IF,PUTOT,13.662481,77.947936, ,0.0,0.0,2,11000,0,1,230,0,0,0
TF,BL455,13.309731,77.781250,0, ,0.0,0.0,0.0,0.0,0,0,0,1,210,0,0,0
TF,RUMAL,13.310617,77.675756,0, ,0.0,0.0,0.0,0.0,0,0,0,0,0,0,0,0
TF,BL451,13.313428,77.303919,0, ,0.0,0.0,0.0,0.0,0,0,0,1,185,0,0,0
TF,RATOM,13.170597,77.268078,0, ,0.0,0.0,0.0,0.0,0,0,0,0,0,0,0,0
TF,BG101,13.073017,77.337128,0, ,0.0,0.0,0.0,0.0,2,11000,0,0,0,0,0,1
VM,12.952222,77.664722,0,120.0,0,0,0,0,0,0,0,0

APPTR,D09,09,ADKAL
IF,ADKAL,11.848333,78.280278, ,0.0,0.0,0,0,0,0,0,0,0,0
TF,D124N,12.828461,77.885478,0, ,0.0,0.0,0.0,0.0,0,0,0,0,0,0,1,1
CI,0, ,0.0,304.0,0,0,0,0,0,0,0,0
AF,D220L,12.789400,77.557650,2,BBG,219.6,12.0,124.0,2,5100,0,0,0,0,0,0
AF,D259L,12.902775,77.481875,2,BBG,259.0,12.0,220.0,2,4600,0,0,0,0,0,0
CF,FD09,12.942669,77.563450,0,BBG,269.0,6.9,89.0,5.1,1,4600,0,0,0,0,0,0

APPTR,D09,09,BBG1
IF,BBG,12.949750,77.681000, ,0.0,0.0,2,6000,0,0,0,0,0,0
FD,BBG,12.949750,77.681000,0,BBG,0.0,9.0,248.0,9.0,2,4600,0,0,0,0,0,0
CF,FD09,12.942669,77.563450,2,BBG,269.0,6.9,89.0,3.0,1,4600,0,0,0,0,0,0

APPTR,D09,09,BBG2
IF,BBG,12.949750,77.681000, ,0.0,0.0,2,6000,0,0,0,0,0,0
FD,BBG,12.949750,77.681000,0,BBG,0.0,8.0,257.0,8.0,2,4600,0,0,0,0,0,0
CF,FD09,12.942669,77.563450,2,BBG,269.0,6.9,89.0,1.0,1,4600,0,0,0,0,0,0

APPTR,D09,09,UGABA
IF,UGABA,12.149722,77.291389, ,0.0,0.0,0,0,0,0,0,0,0,0
TF,D217N,12.757486,77.544333,0, ,0.0,0.0,0.0,0.0,0,0,0,0,0,0,1,0
CI,0, ,0.0,25.0,0,0,0,0,0,0,0,0
AF,D259L,12.902775,77.481875,2,BBG,259.0,12.0,220.0,2,4600,0,0,0,0,0,0
CF,FD09,12.942669,77.563450,0,BBG,269.0,6.9,89.0,5.1,1,4600,0,0,0,0,0,0

FINAL,D09,09,D,2
IF,FD09,12.942669,77.563450,BBG,269.0,6.9,1,4600,0,0,0,0,2,0
CF,RW09,12.948889,77.653806,0,BBG,270.7,1.6,89.0,5.3,1,2924,0,0,0,0,3,0
CF,BBG,12.949750,77.681000,0,BBG,0.0,0.0,89.0,1.6,0,0,0,0,0,0,0,1
FA,BBG,12.949750,77.681000,0,BBG,0.0,0.0,89.0,2,5000,0,0,0,0,0,0
DF,BBG,12.949750,77.681000,1, ,0.0,0.0,1,6000,0,0,0,0,0,0
HM,BBG,12.949750,77.681000,1, ,0.0,0.0,248.0,04.3,0,0,0,0,0,0,0,0,0

APPTR,D27,27,ADKAL
IF,ADKAL,11.848333,78.280278, ,0.0,0.0,0,0,0,0,0,0,0,0
TF,D120M,12.848533,77.877361,0, ,0.0,0.0,0.0,0.0,0,0,0,0,0,0,1,1
CI,0, ,0.0,340.0,0,0,0,0,0,0,0,0
AF,D093K,12.948075,77.868742,1,BBG,93.0,11.0,111.0,2,4600,0,0,0,0,0,0
CF,FD27,12.966511,77.773308,0,BBG,82.0,5.5,262.0,5.5,1,4600,0,0,0,0,0,0

APPTR,D27,27,BBG1
IF,BBG,12.949750,77.681000, ,0.0,0.0,2,6000,0,0,0,0,0,0
FD,BBG,12.949750,77.681000,0,BBG,0.0,8.0,107.0,8.0,2,4600,0,0,0,0,0,0
CF,FD27,12.966511,77.773308,1,BBG,82.0,5.5,262.0,3.0,1,4600,0,0,0,0,0,0

APPTR,D27,27,BBG2
IF,BBG,12.949750,77.681000, ,0.0,0.0,2,6000,0,0,0,0,0,0
FD,BBG,12.949750,77.681000,0,BBG,0.0,8.0,94.0,8.0,2,4600,0,0,0,0,0,0
CF,FD27,12.966511,77.773308,1,BBG,82.0,5.5,262.0,3.0,2,4600,0,0,0,0,0,0

APPTR,D27,27,UGABA
IF,UGABA,12.149722,77.291389, ,0.0,0.0,0,0,0,0,0,0,0,0
TF,D218M,12.773444,77.550992,0, ,0.0,0.0,0.0,0.0,0,0,0,0,0,0,1,1
CI,0, ,0.0,40.0,0,0,0,0,0,0,0,0
AF,D111K,12.892722,77.859481,1,BBG,110.5,11.0,218.0,2,5100,0,0,0,0,0,0
AF,D093K,12.948075,77.868742,1,BBG,93.0,11.0,111.0,2,4600,0,0,0,0,0,0
CF,FD27,12.966511,77.773308,0,BBG,82.0,5.5,262.0,5.5,1,4600,0,0,0,0,0,0

FINAL,D27,27,D,2
IF,FD27,12.966511,77.773308,BBG,82.0,5.5,1,4600,0,0,0,0,2,0
CF,RW27,12.951667,77.684333,0,BBG,62.1,0.2,262.0,5.3,1,2943,0,0,0,0,3,0
FA,RW27,12.951667,77.684333,0,BBG,0.0,0.0,262.0,2,5000,0,0,0,0,0,0
DF,BBG,12.949750,77.681000,2, ,0.0,0.0,1,6000,0,0,0,0,0,0
HM,BBG,12.949750,77.681000,2, ,0.0,0.0,107.0,04.3,0,0,0,0,0,0,0,0,0

APPTR,I27,27,ADKAL
IF,ADKAL,11.848333,78.280278, ,0.0,0.0,0,0,0,0,0,0,0,0
TF,D120M,12.848533,77.877361,0, ,0.0,0.0,0.0,0.0,0,0,0,0,0,0,1,1
CI,0, ,0.0,340.0,0,0,0,0,0,0,0,0
AF,D099K,12.928836,77.867528,1,BBG,99.0,11.0,111.0,2,4500,0,0,0,0,0,0
CF,CI27,12.962628,77.800939,0,IBLR,87.0,8.8,268.0,4.0,2,4500,0,0,0,0,0,0

APPTR,I27,27,BBG
IF,BBG,12.949750,77.681000, ,0.0,0.0,2,6000,0,0,0,0,0,0
CF,CI27,12.962628,77.800939,0,BBG,86.2,7.1,87.0,7.1,2,4500,0,0,0,0,0,0
FC,CI27,12.962628,77.800939,0,BBG,0.0,0.0,133.0,4.3,2,4500,0,0,0,0,0,1
CF,CI27,12.962628,77.800939,1,IBLR,87.0,8.8,268.0,5.0,2,4500,0,0,0,0,0,0

APPTR,I27,27,UGABA
IF,UGABA,12.149722,77.291389, ,0.0,0.0,0,0,0,0,0,0,0,0
TF,D218M,12.773444,77.550992,0, ,0.0,0.0,0.0,0.0,0,0,0,0,0,0,1,1
CI,0, ,0.0,40.0,0,0,0,0,0,0,0,0
AF,D125K,12.850758,77.839283,1,BBG,125.0,11.0,218.0,2,6000,0,0,0,0,0,0
AF,D099K,12.928836,77.867528,1,BBG,99.0,11.0,125.0,2,4500,0,0,0,0,0,0
CF,CI27,12.962628,77.800939,0,IBLR,87.0,8.8,268.0,4.0,2,4500,0,0,0,0,0,0

FINAL,I27,27,I,3
IF,CI27,12.962628,77.800939,IBLR,87.0,8.8,1,4500,0,0,0,0,0,0
CF,FI27,12.959439,77.766956,0,IBLR,87.0,6.8,268.0,2.0,1,4500,0,0,0,0,2,0
CF,RW27,12.951667,77.684333,0,IBLR,87.0,2.0,268.0,4.9,1,2943,0,0,0,0,3,0
FA,RW27,12.951667,77.684333,0,BBG,0.0,0.0,268.0,2,4000,0,0,0,0,0,0
DF,BBG,12.949750,77.681000,2, ,0.0,0.0,1,6000,0,0,0,0,0,0
HM,BBG,12.949750,77.681000,2, ,0.0,0.0,87.0,04.3,0,0,0,0,0,0,0,0,0

