APPTR,R23,23,HUNSA
IF,HUNSA,12.537703,101.983450, ,0.0,0.0,2,7000,0,0,0,0,1,0
TF,SEPPA,12.471061,102.432472,0, ,0.0,0.0,0.0,0.0,2,4100,0,1,230,0,0,0
TF,FINZA,12.405808,102.485633,0, ,0.0,0.0,0.0,0.0,2,3300,0,1,210,0,1,0

APPTR,R23,23,SUNDA
IF,SUNDA,11.803892,102.137244, ,0.0,0.0,2,7000,0,0,0,0,1,0
TF,KUGAR,12.206003,102.437867,0, ,0.0,0.0,0.0,0.0,2,6000,0,0,0,0,0,0
TF,NOVEM,12.340550,102.538769,0, ,0.0,0.0,0.0,0.0,2,4100,0,1,230,0,0,0
TF,FINZA,12.405808,102.485633,0, ,0.0,0.0,0.0,0.0,2,3300,0,1,210,0,1,0

FINAL,R23,23,R,3
IF,FINZA,12.405808,102.485633, ,0.0,0.0,2,3300,0,1,210,0,0,0
TF,SMART,12.343100,102.405986,0, ,0.0,0.0,232.0,6.0,1,2000,0,0,0,0,2,0
TF,TDXNM,12.280361,102.326372,0, ,0.0,0.0,232.0,6.0,1,112,0,0,0,0,3,1
CA,0,232.0,2,1200,0,0,0,0,0,0
DF,SMART,12.343100,102.405986,2, ,0.0,0.0,2,2000,0,0,0,0,0,1
HM,SMART,12.343100,102.405986,2, ,0.0,0.0,232.0,04.3,2,2000,0,1,230,0,0,0,0

