SID,ADLU1N,36,5
DF,DER36,18.781058,98.962919,0, ,0.0,0.0,0,0,0,0,0,0,0,1
CF,NIMMA,18.848011,98.963092,0,CMA,2.3,4.9,1.0,4.0,2,2000,0,1,200,0,0,1
TF,ADLUS,19.102914,99.222192,0, ,0.0,0.0,0.0,0.0,4,11000,8000,0,0,0,0,0

SID,ASAV1N,36,5
DF,DER36,18.781058,98.962919,0, ,0.0,0.0,0,0,0,0,0,0,0,1
CF,NIMMA,18.848011,98.963092,0,CMA,2.3,4.9,1.0,4.0,2,2000,0,1,200,0,0,1
DF,NOBLE,18.847242,99.219156,2, ,0.0,0.0,2,6500,0,1,260,0,0,0
TF,CM101,18.656039,99.218378,0, ,0.0,0.0,0.0,0.0,3,11000,0,0,0,0,0,0
TF,ADORN,18.420408,99.217428,0, ,0.0,0.0,0.0,0.0,2,14000,0,0,0,0,0,0
TF,ASAVI,18.390419,99.499411,0, ,0.0,0.0,0.0,0.0,2,15000,0,0,0,0,0,0

SID,CTR1A,18,2
VA,0,181.0,2,2000,0,0,0,0,0,0
VI,1, ,0.0,10.0,3,11000,0,0,0,0,0,0
IF,CMA,18.766119,98.961264, ,0.0,0.0,0,0,0,0,0,0,0,0
TF,CTR,19.948861,99.883142,0, ,0.0,0.0,0.0,0.0,0,0,0,0,0,0,0,0

SID,CTR1B,36,2
VA,0,1.0,2,2500,0,0,0,0,0,0
VI,0, ,0.0,60.0,3,11000,0,0,0,0,0,0
IF,CMA,18.766119,98.961264, ,0.0,0.0,0,0,0,0,0,0,0,0
TF,CTR,19.948861,99.883142,0, ,0.0,0.0,0.0,0.0,0,0,0,0,0,0,0,0

SID,ENBA1N,36,5
DF,DER36,18.781058,98.962919,0, ,0.0,0.0,0,0,0,0,0,0,0,1
CF,NIMMA,18.848011,98.963092,0,CMA,2.3,4.9,1.0,4.0,2,2000,0,1,200,0,0,1
DF,NOBLE,18.847242,99.219156,2, ,0.0,0.0,2,6500,0,1,260,0,0,0
TF,CM101,18.656039,99.218378,0, ,0.0,0.0,0.0,0.0,3,11000,0,0,0,0,0,0
TF,ADORN,18.420408,99.217428,0, ,0.0,0.0,0.0,0.0,2,14000,0,0,0,0,0,0
TF,ENBAT,18.161400,99.167878,0, ,0.0,0.0,0.0,0.0,2,15000,0,0,0,0,0,0

SID,GOGO1N,36,5
DF,DER36,18.781058,98.962919,0, ,0.0,0.0,0,0,0,0,0,0,0,1
CF,NIMMA,18.848011,98.963092,0,CMA,2.3,4.9,1.0,4.0,2,2000,0,1,200,0,0,1
DF,NOBLE,18.847242,99.219156,2, ,0.0,0.0,2,6500,0,1,260,0,0,0
TF,CM101,18.656039,99.218378,0, ,0.0,0.0,0.0,0.0,3,11000,0,0,0,0,0,0
TF,ADORN,18.420408,99.217428,0, ,0.0,0.0,0.0,0.0,2,14000,0,0,0,0,0,0
TF,GOGOP,18.136886,98.863800,0, ,0.0,0.0,0.0,0.0,2,15000,0,0,0,0,0,0

SID,KABM1N,36,5
DF,DER36,18.781058,98.962919,0, ,0.0,0.0,0,0,0,0,0,0,0,1
CF,NIMMA,18.848011,98.963092,0,CMA,2.3,4.9,1.0,4.0,2,2000,0,1,200,0,0,1
DF,NOBLE,18.847242,99.219156,2, ,0.0,0.0,2,6500,0,1,260,0,0,0
TF,CM301,18.660319,99.377883,0, ,0.0,0.0,0.0,0.0,3,11000,0,0,0,0,0,0
TF,CM302,18.531861,99.486397,0, ,0.0,0.0,0.0,0.0,2,14000,0,0,0,0,0,0
TF,KABMU,18.460717,99.546403,0, ,0.0,0.0,0.0,0.0,2,15000,0,0,0,0,0,0

SID,KEDO1A,18,2
VA,0,181.0,2,2000,0,0,0,0,0,0
VI,0, ,0.0,150.0,3,11000,0,0,0,0,0,0
CF,KEDOB,18.161947,99.168878,0,CMA,162.8,38.0,162.0,35.0,0,0,0,0,0,0,0,0

SID,KEDO1B,36,2
VA,0,1.0,2,2500,0,0,0,0,0,0
VI,2, ,0.0,180.0,3,11000,0,0,0,0,0,0
CF,KEDOB,18.161947,99.168878,0,CMA,162.8,38.0,162.0,25.0,0,0,0,0,0,0,0,0

SID,LAMU1N,36,5
DF,DER36,18.781058,98.962919,0, ,0.0,0.0,0,0,0,0,0,0,0,1
CF,CM901,18.948439,98.963350,0,CMA,1.6,10.9,1.0,10.0,2,4000,0,0,0,0,0,0
TF,LAMUN,19.086983,98.678961,0, ,0.0,0.0,0.0,0.0,4,10000,9000,0,0,0,0,0

SID,LAMU1X,36,5
DF,DER36,18.781058,98.962919,0, ,0.0,0.0,0,0,0,0,0,0,0,1
CF,CM701,18.965175,98.963392,0,CMA,1.6,11.9,1.0,11.0,0,0,0,1,200,0,0,0
TF,CM702,18.964867,99.081261,0, ,0.0,0.0,0.0,0.0,0,0,0,1,200,0,0,0
TF,CM703,19.090164,99.081672,0, ,0.0,0.0,0.0,0.0,3,9000,0,1,200,0,0,0
TF,CM704,19.090475,98.963714,0, ,0.0,0.0,0.0,0.0,2,10000,0,1,220,0,0,0
TF,CM705,19.090733,98.831669,0, ,0.0,0.0,0.0,0.0,2,13000,0,0,0,0,0,0
TF,LAMUN,19.086983,98.678961,0, ,0.0,0.0,0.0,0.0,0,0,0,0,0,0,0,0

SID,MHS1A,18,2
VA,0,181.0,2,3500,0,0,0,0,0,0
VR,2,CMA,255.0,320.0,2,6500,0,0,0,0,0,0
VI,0, ,0.0,320.0,3,11000,0,0,0,0,0,0
IF,CMA,18.766119,98.961264, ,0.0,0.0,0,0,0,0,0,0,0,0
TF,MHS,19.319647,97.912083,0, ,0.0,0.0,0.0,0.0,0,0,0,0,0,0,0,0

SID,MHS1B,36,2
VA,0,1.0,2,2500,0,0,0,0,0,0
VR,2,CMA,130.0,180.0,2,6500,0,0,0,0,0,0
VI,2, ,0.0,310.0,3,11000,0,0,0,0,0,0
IF,CMA,18.766119,98.961264, ,0.0,0.0,0,0,0,0,0,0,0,0
TF,MHS,19.319647,97.912083,0, ,0.0,0.0,0.0,0.0,0,0,0,0,0,0,0,0

SID,MONL1N,36,5
DF,DER36,18.781058,98.962919,0, ,0.0,0.0,0,0,0,0,0,0,0,1
CF,NIMMA,18.848011,98.963092,0,CMA,2.3,4.9,1.0,4.0,2,2000,0,1,200,0,0,1
DF,NOBLE,18.847242,99.219156,2, ,0.0,0.0,2,6500,0,1,260,0,0,0
TF,EXTAR,18.780842,99.505742,0, ,0.0,0.0,0.0,0.0,3,11000,0,0,0,0,0,0
TF,MONLO,18.783944,99.628708,0, ,0.0,0.0,0.0,0.0,3,11000,0,0,0,0,0,0

SID,PANT1N,36,5
DF,DER36,18.781058,98.962919,0, ,0.0,0.0,0,0,0,0,0,0,0,1
CF,NIMMA,18.848011,98.963092,0,CMA,2.3,4.9,1.0,4.0,2,2000,0,1,200,0,0,1
DF,NOBLE,18.847242,99.219156,2, ,0.0,0.0,2,6500,0,1,260,0,0,0
TF,CM101,18.656039,99.218378,0, ,0.0,0.0,0.0,0.0,3,11000,0,0,0,0,0,0
TF,ADORN,18.420408,99.217428,0, ,0.0,0.0,0.0,0.0,2,14000,0,0,0,0,0,0
TF,PANTA,18.230881,99.321403,0, ,0.0,0.0,0.0,0.0,2,15000,0,0,0,0,0,0

SID,PR1A,18,2
VA,0,181.0,2,2000,0,0,0,0,0,0
VI,1, ,0.0,80.0,3,11000,0,0,0,0,0,0
IF,CMA,18.766119,98.961264, ,0.0,0.0,0,0,0,0,0,0,0,0
TF,PR,18.129483,100.161364,0, ,0.0,0.0,0.0,0.0,0,0,0,0,0,0,0,0

SID,PR1B,36,2
VA,0,1.0,2,2500,0,0,0,0,0,0
VI,2, ,0.0,140.0,3,11000,0,0,0,0,0,0
IF,CMA,18.766119,98.961264, ,0.0,0.0,0,0,0,0,0,0,0,0
TF,PR,18.129483,100.161364,0, ,0.0,0.0,0.0,0.0,0,0,0,0,0,0,0,0

SID,PSL1A,18,2
VA,0,181.0,2,2000,0,0,0,0,0,0
VI,0, ,0.0,110.0,3,11000,0,0,0,0,0,0
IF,CMA,18.766119,98.961264, ,0.0,0.0,0,0,0,0,0,0,0,0
TF,PSL,16.770372,100.291306,0, ,0.0,0.0,0.0,0.0,0,0,0,0,0,0,0,0

SID,PSL1B,36,2
VA,0,1.0,2,2500,0,0,0,0,0,0
VI,2, ,0.0,170.0,3,11000,0,0,0,0,0,0
IF,CMA,18.766119,98.961264, ,0.0,0.0,0,0,0,0,0,0,0,0
TF,PSL,16.770372,100.291306,0, ,0.0,0.0,0.0,0.0,0,0,0,0,0,0,0,0

SID,PUMA1N,36,5
DF,DER36,18.781058,98.962919,0, ,0.0,0.0,0,0,0,0,0,0,0,1
CF,NIMMA,18.848011,98.963092,0,CMA,2.3,4.9,1.0,4.0,2,2000,0,1,200,0,0,1
DF,NOBLE,18.847242,99.219156,2, ,0.0,0.0,2,6500,0,1,260,0,0,0
TF,CM101,18.656039,99.218378,0, ,0.0,0.0,0.0,0.0,3,11000,0,0,0,0,0,0
TF,ADORN,18.420408,99.217428,0, ,0.0,0.0,0.0,0.0,2,14000,0,0,0,0,0,0
TF,PUMAM,18.141819,98.833636,0, ,0.0,0.0,0.0,0.0,2,15000,0,0,0,0,0,0

SID,UTTA1A,18,2
VA,0,181.0,2,2000,0,0,0,0,0,0
VI,1, ,0.0,90.0,3,11000,0,0,0,0,0,0
IF,CMA,18.766119,98.961264, ,0.0,0.0,0,0,0,0,0,0,0,0
TF,UTTAR,17.718028,100.451667,0, ,0.0,0.0,0.0,0.0,0,0,0,0,0,0,0,0

SID,UTTA1B,36,2
VA,0,1.0,2,2500,0,0,0,0,0,0
VI,2, ,0.0,150.0,3,11000,0,0,0,0,0,0
IF,CMA,18.766119,98.961264, ,0.0,0.0,0,0,0,0,0,0,0,0
TF,UTTAR,17.718028,100.451667,0, ,0.0,0.0,0.0,0.0,0,0,0,0,0,0,0,0

SID,VISE1N,36,5
DF,DER36,18.781058,98.962919,0, ,0.0,0.0,0,0,0,0,0,0,0,1
CF,CM901,18.948439,98.963350,0,CMA,1.6,10.9,1.0,10.0,2,4000,0,0,0,0,0,0
TF,WIZAR,18.962575,98.709906,0, ,0.0,0.0,0.0,0.0,2,9000,0,0,0,0,0,0
TF,VISES,18.969836,98.577261,0, ,0.0,0.0,0.0,0.0,4,10000,9000,0,0,0,0,0

SID,VISE1X,36,5
DF,DER36,18.781058,98.962919,0, ,0.0,0.0,0,0,0,0,0,0,0,1
CF,CM701,18.965175,98.963392,0,CMA,1.6,11.9,1.0,11.0,0,0,0,1,200,0,0,0
TF,CM702,18.964867,99.081261,0, ,0.0,0.0,0.0,0.0,0,0,0,1,200,0,0,0
TF,CM703,19.090164,99.081672,0, ,0.0,0.0,0.0,0.0,3,9000,0,1,200,0,0,0
TF,CM704,19.090475,98.963714,0, ,0.0,0.0,0.0,0.0,2,10000,0,1,220,0,0,0
TF,CM706,19.051414,98.838239,0, ,0.0,0.0,0.0,0.0,2,13000,0,0,0,0,0,0
TF,VISES,18.969836,98.577261,0, ,0.0,0.0,0.0,0.0,0,0,0,0,0,0,0,0

STAR,ADLU1A,36,5
IF,ADLUS,19.102914,99.222192, ,0.0,0.0,4,18000,13000,0,0,0,0,0
TF,CM201,18.993308,99.178658,0, ,0.0,0.0,0.0,0.0,4,15000,13000,0,0,0,0,0
TF,CM202,18.769753,99.090067,0, ,0.0,0.0,0.0,0.0,1,13000,0,1,250,0,0,0
TF,NAZAI,18.481094,99.089114,0, ,0.0,0.0,0.0,0.0,2,7000,0,0,0,0,0,0
TF,MAKOK,18.481431,98.962156,0, ,0.0,0.0,0.0,0.0,2,5600,0,1,210,0,0,0

STAR,ASAV1A,36,5
IF,ASAVI,18.390419,99.499411, ,0.0,0.0,4,13000,7000,0,0,0,0,0
TF,CM401,18.467861,99.388847,0, ,0.0,0.0,0.0,0.0,3,10000,0,1,250,0,0,0
TF,CM402,18.475478,99.217647,0, ,0.0,0.0,0.0,0.0,4,9000,7000,0,0,0,0,0
TF,NAZAI,18.481094,99.089114,0, ,0.0,0.0,0.0,0.0,2,7000,0,0,0,0,0,0
TF,MAKOK,18.481431,98.962156,0, ,0.0,0.0,0.0,0.0,2,5600,0,1,210,0,0,0

STAR,ENBA1A,36,5
IF,ENBAT,18.161400,99.167878, ,0.0,0.0,4,13000,7000,1,250,0,0,0
TF,EASTA,18.362742,99.085811,0, ,0.0,0.0,0.0,0.0,2,7000,0,0,0,0,0,0
TF,MAKOK,18.481431,98.962156,0, ,0.0,0.0,0.0,0.0,2,5600,0,1,210,0,0,0

STAR,GOGO1A,36,5
IF,GOGOP,18.136886,98.863800, ,0.0,0.0,2,11000,0,1,250,0,0,0
TF,CM601,18.280136,98.885914,0, ,0.0,0.0,0.0,0.0,4,10000,7000,0,0,0,0,0
TF,MAKOK,18.481431,98.962156,0, ,0.0,0.0,0.0,0.0,2,5600,0,1,210,0,0,0

STAR,KABM1A,36,5
IF,KABMU,18.460717,99.546403, ,0.0,0.0,4,13000,7000,0,0,0,0,0
TF,CM401,18.467861,99.388847,0, ,0.0,0.0,0.0,0.0,3,10000,0,1,250,0,0,0
TF,CM402,18.475478,99.217647,0, ,0.0,0.0,0.0,0.0,4,9000,7000,0,0,0,0,0
TF,NAZAI,18.481094,99.089114,0, ,0.0,0.0,0.0,0.0,2,7000,0,0,0,0,0,0
TF,MAKOK,18.481431,98.962156,0, ,0.0,0.0,0.0,0.0,2,5600,0,1,210,0,0,0

STAR,LAMU1A,36,5
IF,LAMUN,19.086983,98.678961, ,0.0,0.0,1,11000,0,0,0,0,0,0
TF,WIGGY,18.981733,98.728664,0, ,0.0,0.0,0.0,0.0,1,11000,0,0,0,0,0,0
TF,CM801,18.864172,98.776725,0, ,0.0,0.0,0.0,0.0,1,11000,0,1,250,0,0,0
TF,CM802,18.709681,98.839775,0, ,0.0,0.0,0.0,0.0,2,8000,0,0,0,0,0,0
TF,PINNY,18.481678,98.839358,0, ,0.0,0.0,0.0,0.0,2,6000,0,0,0,0,0,0
TF,MAKOK,18.481431,98.962156,0, ,0.0,0.0,0.0,0.0,2,5600,0,1,210,0,0,0

STAR,MARN1A,36,5
IF,MARNI,18.143372,99.096975, ,0.0,0.0,4,13000,7000,1,250,0,0,0
TF,CM602,18.316950,99.027822,0, ,0.0,0.0,0.0,0.0,4,10000,7000,0,0,0,0,0
TF,MAKOK,18.481431,98.962156,0, ,0.0,0.0,0.0,0.0,2,5600,0,1,210,0,0,0

STAR,MONL1A,36,5
IF,MONLO,18.783944,99.628708, ,0.0,0.0,4,24000,15000,0,0,0,0,0
TF,ENGRO,18.773289,99.218864,0, ,0.0,0.0,0.0,0.0,4,15000,13000,0,0,0,0,0
TF,CM202,18.769753,99.090067,0, ,0.0,0.0,0.0,0.0,1,13000,0,1,250,0,0,0
TF,NAZAI,18.481094,99.089114,0, ,0.0,0.0,0.0,0.0,2,7000,0,0,0,0,0,0
TF,MAKOK,18.481431,98.962156,0, ,0.0,0.0,0.0,0.0,2,5600,0,1,210,0,0,0

STAR,PANT1A,36,5
IF,PANTA,18.230881,99.321403, ,0.0,0.0,4,13000,7000,1,250,0,0,0
TF,EASTA,18.362742,99.085811,0, ,0.0,0.0,0.0,0.0,2,7000,0,0,0,0,0,0
TF,MAKOK,18.481431,98.962156,0, ,0.0,0.0,0.0,0.0,2,5600,0,1,210,0,0,0

STAR,PUMA1A,36,5
IF,PUMAM,18.141819,98.833636, ,0.0,0.0,4,11000,9000,1,250,0,0,0
TF,CM601,18.280136,98.885914,0, ,0.0,0.0,0.0,0.0,4,10000,7000,0,0,0,0,0
TF,MAKOK,18.481431,98.962156,0, ,0.0,0.0,0.0,0.0,2,5600,0,1,210,0,0,0

STAR,VISE1A,36,5
IF,VISES,18.969836,98.577261, ,0.0,0.0,1,11000,0,0,0,0,0,0
TF,WOTTO,18.912878,98.684861,0, ,0.0,0.0,0.0,0.0,1,11000,0,0,0,0,0,0
TF,CM801,18.864172,98.776725,0, ,0.0,0.0,0.0,0.0,1,11000,0,1,250,0,0,0
TF,CM802,18.709681,98.839775,0, ,0.0,0.0,0.0,0.0,2,8000,0,0,0,0,0,0
TF,PINNY,18.481678,98.839358,0, ,0.0,0.0,0.0,0.0,2,6000,0,0,0,0,0,0
TF,MAKOK,18.481431,98.962156,0, ,0.0,0.0,0.0,0.0,2,5600,0,1,210,0,0,0

APPTR,D36,36,BAIPU
IF,BAIPU,18.364261,98.961856, ,0.0,0.0,2,7000,0,0,0,0,1,0
TF,MAKOK,18.481431,98.962156,0, ,0.0,0.0,0.0,0.0,2,5600,0,0,0,0,1,0

APPTR,D36,36,CMA
IF,CMA,18.766119,98.961264, ,0.0,0.0,2,7600,0,0,0,0,1,0
FD,CMA,18.766119,98.961264,0,CMA,0.0,17.0,163.0,17.0,0,0,0,0,0,0,0,0
CF,MAKOK,18.481431,98.962156,2,CMA,180.8,17.0,1.0,1.0,2,5600,0,0,0,0,1,0

APPTR,D36,36,EASTA
IF,EASTA,18.362742,99.085811, ,0.0,0.0,2,7000,0,0,0,0,1,0
TF,MAKOK,18.481431,98.962156,0, ,0.0,0.0,0.0,0.0,2,5600,0,0,0,0,1,0

FINAL,D36,36,D,3
IF,MAKOK,18.481431,98.962156,CMA,180.8,17.0,2,5600,0,0,0,0,0,0
CF,FS36,18.623908,98.961686,0,CMA,180.8,8.5,1.0,8.5,2,3500,0,0,0,0,2,0
CF,MS36,18.720953,98.961367,0,CMA,180.8,2.7,1.0,5.8,1,1673,0,0,0,0,3,1
CA,0,1.0,2,1700,0,0,0,0,0,0
VI,2, ,0.0,172.0,0,0,0,1,200,0,0,0
CF,AOFFY,18.518133,99.316975,0,CMA,127.1,25.1,127.0,20.0,2,5000,0,0,0,0,0,0
CI,0, ,0.0,127.0,0,0,0,0,0,0,0,0
AF,CMA27,18.332767,99.095042,2,CMA,164.6,27.0,127.0,0,0,0,0,0,0,0,0
TF,EASTA,18.362742,99.085811,0, ,0.0,0.0,0.0,0.0,1,7000,0,0,0,0,0,0
HM,EASTA,18.362742,99.085811,2, ,0.0,0.0,344.0,04.3,2,7000,0,1,230,0,0,0,0

APPTR,I36,36,BAIPU
IF,BAIPU,18.364261,98.961856, ,0.0,0.0,2,7000,0,0,0,0,1,0
CF,MAKOK,18.481431,98.962156,0,ICMA,181.1,18.2,1.0,7.0,2,5600,0,0,0,0,1,0

APPTR,I36,36,CMA
IF,CMA,18.766119,98.961264, ,0.0,0.0,2,7600,0,0,0,0,1,0
FD,CMA,18.766119,98.961264,0,CMA,0.0,17.0,163.0,17.0,0,0,0,0,0,0,0,0
CF,MAKOK,18.481431,98.962156,2,ICMA,181.1,18.2,1.0,1.0,2,5600,0,0,0,0,1,0

APPTR,I36,36,EASTA
IF,EASTA,18.362742,99.085811, ,0.0,0.0,2,7000,0,0,0,0,1,0
FC,EASTA,18.362742,99.085811,0,CMA,0.0,0.0,316.0,6.0,0,0,0,0,0,0,0,0
CF,MAKOK,18.481431,98.962156,0,ICMA,181.1,18.2,316.0,4.0,2,5600,0,0,0,0,1,0

FINAL,I36,36,I,3
IF,MAKOK,18.481431,98.962156,ICMA,181.1,18.2,2,5600,0,0,0,0,0,0
CF,FF36,18.623708,98.962519,0,ICMA,181.1,9.7,1.0,8.5,1,3500,0,0,0,0,2,0
CF,RW36,18.753042,98.962850,0,ICMA,181.1,1.9,1.0,7.7,1,1061,0,0,0,0,3,1
CA,0,1.0,2,1700,0,0,0,0,0,0
VI,2, ,0.0,172.0,0,0,0,1,200,0,0,0
CF,AOFFY,18.518133,99.316975,0,CMA,127.1,25.1,127.0,20.0,2,5000,0,0,0,0,0,0
CI,0, ,0.0,127.0,0,0,0,0,0,0,0,0
AF,CMA27,18.332767,99.095042,2,CMA,164.6,27.0,127.0,0,0,0,0,0,0,0,0
TF,EASTA,18.362742,99.085811,0, ,0.0,0.0,0.0,0.0,1,7000,0,0,0,0,0,0
HM,EASTA,18.362742,99.085811,2, ,0.0,0.0,344.0,04.3,2,7000,0,1,230,0,0,0,0

APPTR,R18,18,ADLUS
IF,ADLUS,19.102914,99.222192, ,0.0,0.0,2,8000,0,0,0,0,1,0
TF,PAPAI,18.974917,99.122847,0, ,0.0,0.0,0.0,0.0,2,8000,0,1,200,0,0,0
TF,LAMMY,18.999097,98.994272,0, ,0.0,0.0,0.0,0.0,2,5200,0,1,200,0,0,0
TF,MALIM,18.948439,98.963350,0, ,0.0,0.0,0.0,0.0,2,3700,0,1,200,0,1,0

APPTR,R18,18,ANGET
IF,ANGET,19.064944,98.706181, ,0.0,0.0,2,9000,0,0,0,0,1,0
TF,WANCA,19.019014,98.807700,0, ,0.0,0.0,0.0,0.0,2,8000,0,1,200,0,0,0
TF,ZUTEP,18.980861,98.891894,0, ,0.0,0.0,0.0,0.0,2,5600,0,1,200,0,0,0
TF,MALIM,18.948439,98.963350,0, ,0.0,0.0,0.0,0.0,2,3700,0,1,200,0,1,0

APPTR,R18,18,NIWAT
IF,NIWAT,18.637769,99.145603, ,0.0,0.0,2,8000,0,0,0,0,0,0
TF,WISTA,18.771042,99.136617,0, ,0.0,0.0,0.0,0.0,2,8000,0,0,0,0,1,0
TF,PAPAI,18.974917,99.122847,0, ,0.0,0.0,0.0,0.0,2,8000,0,1,200,0,0,0
TF,LAMMY,18.999097,98.994272,0, ,0.0,0.0,0.0,0.0,2,5200,0,1,200,0,0,0
TF,MALIM,18.948439,98.963350,0, ,0.0,0.0,0.0,0.0,2,3700,0,1,200,0,1,0

APPTR,R18,18,YAMUN
IF,YAMUN,18.953569,98.608011, ,0.0,0.0,2,9000,0,0,0,0,1,0
TF,WANCA,19.019014,98.807700,0, ,0.0,0.0,0.0,0.0,2,8000,0,1,200,0,0,0
TF,ZUTEP,18.980861,98.891894,0, ,0.0,0.0,0.0,0.0,2,5600,0,1,200,0,0,0
TF,MALIM,18.948439,98.963350,0, ,0.0,0.0,0.0,0.0,2,3700,0,1,200,0,1,0

FINAL,R18,18,R,4
IF,MALIM,18.948439,98.963350, ,0.0,0.0,2,3700,0,1,200,0,0,0
TF,CNXNF,18.856381,98.963114,0, ,0.0,0.0,181.0,5.5,2,2500,0,0,0,0,2,0
TF,SAPUT,18.839642,98.963069,0, ,0.0,0.0,181.0,1.0,2,2200,0,0,0,0,0,0
TF,RW18,18.781058,98.962919,0, ,0.0,0.0,181.0,3.5,1,1086,0,0,0,0,3,1
TF,NEWLY,18.432900,98.962031,0, ,0.0,0.0,0.0,0.0,0,0,0,1,200,0,0,1
DF,NIWAT,18.637769,99.145603,1, ,0.0,0.0,1,8000,0,1,200,0,0,0
HM,NIWAT,18.637769,99.145603,2, ,0.0,0.0,307.0,04.3,2,8000,0,1,230,0,0,0,0

APPTR,R36,36,BAIPU
IF,BAIPU,18.364261,98.961856, ,0.0,0.0,2,7000,0,0,0,0,1,0
TF,MAKOK,18.481431,98.962156,0, ,0.0,0.0,0.0,0.0,2,5600,0,1,210,0,1,0

APPTR,R36,36,EASTA
IF,EASTA,18.362742,99.085811, ,0.0,0.0,2,7000,0,0,0,0,1,0
TF,MAKOK,18.481431,98.962156,0, ,0.0,0.0,0.0,0.0,2,5600,0,1,210,0,1,0

APPTR,R36,36,NAZAI
IF,NAZAI,18.481094,99.089114, ,0.0,0.0,2,7000,0,0,0,0,1,0
TF,MAKOK,18.481431,98.962156,0, ,0.0,0.0,0.0,0.0,2,5600,0,1,210,0,1,0

APPTR,R36,36,PINNY
IF,PINNY,18.481678,98.839358, ,0.0,0.0,2,6000,0,0,0,0,1,0
TF,MAKOK,18.481431,98.962156,0, ,0.0,0.0,0.0,0.0,2,5600,0,1,210,0,1,0

FINAL,R36,36,R,3
IF,MAKOK,18.481431,98.962156, ,0.0,0.0,2,5600,0,1,210,0,0,0
TF,CNXSF,18.623708,98.962519,0, ,0.0,0.0,1.0,8.5,2,3500,0,0,0,0,2,0
TF,MA36,18.721094,98.962767,0, ,0.0,0.0,1.0,5.8,1,1671,0,0,0,0,3,1
TF,SAIYA,18.836681,98.984431,0, ,0.0,0.0,0.0,0.0,0,0,0,1,200,0,0,0
TF,DANAI,18.836419,99.081117,0, ,0.0,0.0,0.0,0.0,0,0,0,1,200,0,0,0
TF,EASTA,18.362742,99.085811,0, ,0.0,0.0,0.0,0.0,1,7000,0,0,0,0,0,0
HM,EASTA,18.362742,99.085811,2, ,0.0,0.0,344.0,04.3,2,7000,0,1,230,0,0,0,0

