SID,KAJA1A,09,5
CF,REEMA,16.700500,98.586833,0,MST,88.6,2.6,90.0,2.0,2,1400,0,1,210,0,0,1
TF,TARAD,16.918000,98.586167,0, ,0.0,0.0,0.0,0.0,2,6000,0,0,0,0,0,0
TF,KAJAO,17.060158,98.614681,0, ,0.0,0.0,0.0,0.0,2,8000,0,0,0,0,0,0
TF,CMA,18.766119,98.961264,0, ,0.0,0.0,0.0,0.0,0,0,0,0,0,0,0,0

SID,PAWA1A,09,5
CF,REEMA,16.700500,98.586833,0,MST,88.6,2.6,90.0,2.0,2,1400,0,1,210,0,0,1
TF,NAWAA,16.783333,98.840167,0, ,0.0,0.0,0.0,0.0,2,8000,0,0,0,0,0,0
TF,PAWAI,16.803000,98.909500,0, ,0.0,0.0,0.0,0.0,2,8000,0,0,0,0,0,0
TF,TK,16.899511,99.252197,0, ,0.0,0.0,0.0,0.0,0,0,0,0,0,0,0,0

SID,PAWA1B,09,5
CF,REEMA,16.700500,98.586833,0,MST,88.6,2.6,90.0,2.0,2,1400,0,1,210,0,0,1
TF,RIKKA,16.556833,98.676000,0, ,0.0,0.0,0.0,0.0,2,5000,0,0,0,0,0,0
TF,SAMMA,16.557000,98.814667,0, ,0.0,0.0,0.0,0.0,2,8000,0,0,0,0,0,0
TF,NAWAA,16.783333,98.840167,0, ,0.0,0.0,0.0,0.0,2,8000,0,0,0,0,0,0
TF,PAWAI,16.803000,98.909500,0, ,0.0,0.0,0.0,0.0,2,8000,0,0,0,0,0,0
TF,TK,16.899511,99.252197,0, ,0.0,0.0,0.0,0.0,0,0,0,0,0,0,0,0

APPTR,D27,27,KAJAO
IF,KAJAO,17.060158,98.614681, ,0.0,0.0,1,7000,0,0,0,0,1,0
CI,0, ,0.0,192.0,0,0,0,0,0,0,0,0
AF,POORI,16.914650,98.760122,2,MST,45.2,18.0,12.0,2,5000,0,0,0,0,0,0
AF,D087R,16.718186,98.854028,2,MST,87.2,18.0,45.0,0,0,0,0,0,0,0,0
TF,MUZER,16.716044,98.819367,0, ,0.0,0.0,0.0,0.0,1,5000,0,0,0,0,1,0

APPTR,D27,27,PATAE
IF,PATAE,16.798836,98.894950, ,0.0,0.0,1,7000,0,0,0,0,1,0
TF,MUZER,16.716044,98.819367,0, ,0.0,0.0,0.0,0.0,1,5000,0,0,0,0,1,0

FINAL,D27,27,D,5
IF,MUZER,16.716044,98.819367,MST,87.2,16.0,1,5000,0,0,0,0,0,0
CF,FF27,16.708494,98.698058,0,MST,87.2,9.0,267.0,7.0,1,3600,0,0,0,0,2,0
CF,SDF02,16.706653,98.668600,0,MST,87.2,7.3,267.0,1.7,1,3020,0,0,0,0,0,0
CF,SDF01,16.704042,98.627011,0,MST,87.2,4.9,267.0,2.4,1,2200,0,0,0,0,0,0
CF,MA27,16.701422,98.585425,0,MST,87.2,2.5,267.0,2.4,1,1382,0,0,0,0,3,0
VI,2, ,0.0,327.0,0,0,0,1,180,0,0,0
CF,MUMAI,16.816992,98.565828,0,MST,11.9,7.2,12.0,5.0,0,0,0,1,200,0,0,0
TF,KEREE,16.961578,98.594861,0, ,0.0,0.0,0.0,0.0,2,4000,0,1,200,0,0,0
CI,0, ,0.0,12.0,0,0,0,0,0,0,0,0
AF,POORI,16.914650,98.760122,2,MST,45.2,18.0,12.0,2,5000,0,0,0,0,0,0
AF,D087R,16.718186,98.854028,2,MST,87.2,18.0,45.0,0,0,0,0,0,0,0,0
TF,MUZER,16.716044,98.819367,0, ,0.0,0.0,0.0,0.0,1,5000,0,0,0,0,0,0
HM,MUZER,16.716044,98.819367,2, ,0.0,0.0,267.0,04.3,2,5000,0,0,0,0,0,0,0

APPTR,R27,27,KAJAO
IF,KAJAO,17.060158,98.614681, ,0.0,0.0,1,7000,0,1,240,0,1,0
TF,MUHAO,16.899911,98.750794,0, ,0.0,0.0,0.0,0.0,2,5000,0,0,0,0,0,0
TF,PHANU,16.820842,98.817844,0, ,0.0,0.0,0.0,0.0,1,5000,0,0,0,0,0,0
TF,KESMU,16.703708,98.819531,0, ,0.0,0.0,0.0,0.0,1,5000,0,1,200,0,1,0

APPTR,R27,27,LAULA
IF,LAULA,16.643022,98.884239, ,0.0,0.0,1,7000,0,1,200,0,1,0
TF,KESMU,16.703708,98.819531,0, ,0.0,0.0,0.0,0.0,1,5000,0,1,200,0,1,0

APPTR,R27,27,PATAE
IF,PATAE,16.798836,98.894950, ,0.0,0.0,1,7000,0,1,240,0,1,0
TF,KESMU,16.703708,98.819531,0, ,0.0,0.0,0.0,0.0,1,5000,0,1,200,0,1,0

FINAL,R27,27,R,5
IF,KESMU,16.703708,98.819531, ,0.0,0.0,1,5000,0,1,200,0,0,0
TF,MAQEF,16.702047,98.697989,0, ,0.0,0.0,270.0,7.0,1,3600,0,0,0,0,2,0
TF,SDF12,16.701583,98.665000,0, ,0.0,0.0,270.0,1.9,1,2950,0,0,0,0,0,0
TF,SDF11,16.701039,98.626800,0, ,0.0,0.0,270.0,2.2,1,2200,0,0,0,0,0,0
TF,MAQ27,16.700439,98.585131,0, ,0.0,0.0,270.0,2.4,1,1377,0,1,180,0,3,1
DF,MUMAI,16.816992,98.565828,2, ,0.0,0.0,0,0,0,1,200,0,0,0
TF,SAMAE,16.897817,98.601694,0, ,0.0,0.0,0.0,0.0,2,4000,0,1,200,0,0,0
TF,MUHAO,16.899911,98.750794,0, ,0.0,0.0,0.0,0.0,2,5000,0,0,0,0,0,0
TF,PHANU,16.820842,98.817844,0, ,0.0,0.0,0.0,0.0,1,5000,0,0,0,0,0,0
TF,KESMU,16.703708,98.819531,0, ,0.0,0.0,0.0,0.0,1,5000,0,1,200,0,0,0
HM,KESMU,16.703708,98.819531,2, ,0.0,0.0,270.0,04.3,2,5000,0,1,200,0,0,0,0

