SID,CEDI1A,03,5
CF,SAMMY,16.540061,102.832831,0,KKN,32.1,4.9,34.0,4.5,2,1500,0,0,0,0,0,1
DF,CEDIA,16.110069,102.568261,2, ,0.0,0.0,0,0,0,0,0,0,0,0

SID,CEDI1B,21,5
CF,TALLY,16.393189,102.734522,0,KKN,213.6,5.6,214.0,4.5,2,1500,0,0,0,0,0,1
DF,CEDIA,16.110069,102.568261,0, ,0.0,0.0,0,0,0,0,0,0,0,0

SID,OSAK1A,03,5
CF,SAMMY,16.540061,102.832831,0,KKN,32.1,4.9,34.0,4.5,2,1500,0,0,0,0,0,1
DF,OSAKI,16.083014,102.625058,2, ,0.0,0.0,0,0,0,0,0,0,0,0
TF,KRT,14.917319,102.139811,0, ,0.0,0.0,0.0,0.0,0,0,0,0,0,0,0,0

SID,OSAK1B,21,5
CF,TALLY,16.393189,102.734522,0,KKN,213.6,5.6,214.0,4.5,2,1500,0,0,0,0,0,1
DF,OSAKI,16.083014,102.625058,0, ,0.0,0.0,0,0,0,0,0,0,0,0
TF,KRT,14.917319,102.139811,0, ,0.0,0.0,0.0,0.0,0,0,0,0,0,0,0,0

APPTR,D03-Y,03,KKN
IF,KKN,16.470758,102.787797, ,0.0,0.0,2,4000,0,0,0,0,1,0
FD,KKN,16.470758,102.787797,0,KKN,0.0,13.0,193.0,13.0,0,0,0,0,0,0,0,0
CF,NISTA,16.288819,102.664867,2,KKN,213.1,13.0,33.0,1.0,2,3000,0,0,0,0,1,0

FINAL,D03-Y,03,D,3
IF,NISTA,16.288819,102.664867,KKN,213.1,13.0,2,3000,0,0,0,0,0,0
CF,FF03,16.386681,102.730917,0,KKN,213.2,6.0,33.0,7.0,2,2200,0,0,0,0,2,0
CF,RW03,16.456183,102.776678,0,KKN,216.4,1.1,33.0,4.9,1,651,0,0,0,0,3,0
CA,0,33.0,2,1500,0,0,0,0,0,0
VI,2, ,0.0,243.0,0,0,0,0,0,0,0,0
CF,NISTA,16.288819,102.664867,0,KKN,213.1,13.0,213.0,7.0,1,3000,0,0,0,0,0,0
HM,NISTA,16.288819,102.664867,2, ,0.0,0.0,33.0,04.3,0,0,0,1,230,0,0,0,0

APPTR,D03-Z,03,DANCE
IF,DANCE,16.805050,102.783131, ,0.0,0.0,2,6000,0,0,0,0,1,0
TF,D359M,16.688297,102.784761,0, ,0.0,0.0,0.0,0.0,0,0,0,0,0,0,0,0
AF,NISTA,16.288819,102.664867,1,KKN,213.1,13.0,359.0,2,3000,0,0,0,0,1,0

APPTR,D03-Z,03,MUSIC
IF,MUSIC,16.354739,103.112547, ,0.0,0.0,2,6000,0,0,0,0,1,0
TF,D110M,16.395292,102.999231,0, ,0.0,0.0,0.0,0.0,0,0,0,0,0,0,0,0
AF,NISTA,16.288819,102.664867,2,KKN,213.1,13.0,110.0,2,3000,0,0,0,0,1,0

APPTR,D03-Z,03,NETIC
IF,NETIC,16.637728,103.088144, ,0.0,0.0,2,6000,0,0,0,0,1,0
TF,D060M,16.579450,102.983169,0, ,0.0,0.0,0.0,0.0,0,0,0,0,0,0,0,0
AF,NISTA,16.288819,102.664867,2,KKN,213.1,13.0,60.0,2,3000,0,0,0,0,1,0

APPTR,D03-Z,03,OSAKI
IF,OSAKI,16.083014,102.625058, ,0.0,0.0,2,6000,0,0,0,0,1,0
TF,UK333,16.217056,102.681131,0, ,0.0,0.0,0.0,0.0,2,4000,0,0,0,0,0,0
TF,NISTA,16.288819,102.664867,0, ,0.0,0.0,0.0,0.0,2,3000,0,0,0,0,1,0

APPTR,D03-Z,03,TECNO
IF,TECNO,16.541208,102.449039, ,0.0,0.0,2,6000,0,0,0,0,1,0
TF,D282M,16.516667,102.567372,0, ,0.0,0.0,0.0,0.0,0,0,0,0,0,0,0,0
AF,NISTA,16.288819,102.664867,1,KKN,213.1,13.0,282.0,2,3000,0,0,0,0,1,0

FINAL,D03-Z,03,D,3
IF,NISTA,16.288819,102.664867,KKN,213.1,13.0,2,3000,0,0,0,0,0,0
CF,FF03,16.386681,102.730917,0,KKN,213.2,6.0,33.0,7.0,2,2200,0,0,0,0,2,0
CF,RW03,16.456183,102.776678,0,KKN,216.4,1.1,33.0,4.9,1,651,0,0,0,0,3,0
CA,0,33.0,2,1500,0,0,0,0,0,0
VI,2, ,0.0,243.0,0,0,0,0,0,0,0,0
CF,NISTA,16.288819,102.664867,0,KKN,213.1,13.0,213.0,7.0,1,3000,0,0,0,0,0,0
HM,NISTA,16.288819,102.664867,2, ,0.0,0.0,33.0,04.3,2,3000,0,1,230,0,0,0,0

APPTR,D21-Y,21,KKN
IF,KKN,16.470758,102.787797, ,0.0,0.0,2,4000,0,0,0,0,1,0
FD,KKN,16.470758,102.787797,0,KKN,0.0,13.0,11.0,13.0,0,0,0,0,0,0,0,0
CF,VOLVO,16.654219,102.909244,2,KKN,32.5,13.0,212.0,1.0,2,3000,0,0,0,0,1,0

FINAL,D21-Y,21,D,4
IF,VOLVO,16.654219,102.909244,KKN,32.5,13.0,2,3000,0,0,0,0,0,0
CF,FF21,16.555381,102.843828,0,KKN,32.6,6.0,212.0,7.0,2,2500,0,0,0,0,2,0
CF,38VOR,16.524356,102.823278,0,KKN,32.6,3.8,212.0,2.2,2,1800,0,0,0,0,0,0
CF,RW21,16.477072,102.790647,0,KKN,23.5,0.4,212.0,3.4,1,720,0,0,0,0,3,0
CA,0,212.0,2,1500,0,0,0,0,0,0
VI,1, ,0.0,2.0,0,0,0,0,0,0,0,0
CF,VOLVO,16.654219,102.909244,0,KKN,32.5,13.0,32.0,7.0,1,3000,0,0,0,0,0,0
HM,VOLVO,16.654219,102.909244,2, ,0.0,0.0,212.0,04.3,0,0,0,1,230,0,0,0,0

APPTR,D21-Z,21,AGGER
IF,AGGER,16.161314,102.657717, ,0.0,0.0,2,6000,0,0,0,0,1,0
TF,D202M,16.269178,102.703008,0, ,0.0,0.0,0.0,0.0,0,0,0,0,0,0,0,0
AF,VOLVO,16.654219,102.909244,1,KKN,32.5,13.0,202.0,2,3000,0,0,0,0,1,0

APPTR,D21-Z,21,DANCE
IF,DANCE,16.805050,102.783131, ,0.0,0.0,2,6000,0,0,0,0,1,0
TF,D359M,16.688297,102.784761,0, ,0.0,0.0,0.0,0.0,0,0,0,0,0,0,0,0
AF,VOLVO,16.654219,102.909244,2,KKN,32.5,13.0,359.0,2,3000,0,0,0,0,1,0

APPTR,D21-Z,21,MUSIC
IF,MUSIC,16.354739,103.112547, ,0.0,0.0,2,6000,0,0,0,0,1,0
TF,D110M,16.395292,102.999231,0, ,0.0,0.0,0.0,0.0,0,0,0,0,0,0,0,0
AF,VOLVO,16.654219,102.909244,1,KKN,32.5,13.0,110.0,2,3000,0,0,0,0,1,0

APPTR,D21-Z,21,NETIC
IF,NETIC,16.637728,103.088144, ,0.0,0.0,2,6000,0,0,0,0,1,0
TF,D060M,16.579450,102.983169,0, ,0.0,0.0,0.0,0.0,0,0,0,0,0,0,0,0
AF,VOLVO,16.654219,102.909244,1,KKN,32.5,13.0,60.0,2,3000,0,0,0,0,1,0

APPTR,D21-Z,21,TECNO
IF,TECNO,16.541208,102.449039, ,0.0,0.0,2,6000,0,0,0,0,1,0
TF,D282M,16.516667,102.567372,0, ,0.0,0.0,0.0,0.0,0,0,0,0,0,0,0,0
AF,VOLVO,16.654219,102.909244,2,KKN,32.5,13.0,282.0,2,3000,0,0,0,0,1,0

FINAL,D21-Z,21,D,4
IF,VOLVO,16.654219,102.909244,KKN,32.5,13.0,2,3000,0,0,0,0,0,0
CF,FF21,16.555381,102.843828,0,KKN,32.6,6.0,212.0,7.0,2,2500,0,0,0,0,2,0
CF,38VOR,16.524356,102.823278,0,KKN,32.6,3.8,212.0,2.2,2,1800,0,0,0,0,0,0
CF,RW21,16.477072,102.790647,0,KKN,23.5,0.4,212.0,3.4,1,720,0,0,0,0,3,0
CA,0,212.0,2,1500,0,0,0,0,0,0
VI,1, ,0.0,2.0,0,0,0,0,0,0,0,0
CF,VOLVO,16.654219,102.909244,0,KKN,32.5,13.0,32.0,7.0,1,3000,0,0,0,0,0,0
HM,VOLVO,16.654219,102.909244,2, ,0.0,0.0,212.0,04.3,0,0,0,1,230,0,0,0,0

APPTR,N03-Y,03,GEESE
IF,GEESE,16.577719,102.984267, ,0.0,0.0,2,4000,0,0,0,0,1,0
CI,0, ,0.0,239.0,0,0,0,0,0,0,0,0
AF,D041L,16.317164,102.653792,2,KKN,220.1,12.0,61.0,0,0,0,0,0,0,0,0
TF,CN03,16.329789,102.665169,0, ,0.0,0.0,0.0,0.0,2,2200,0,0,0,0,1,0

APPTR,N03-Y,03,HARDY
IF,HARDY,16.208608,102.673161, ,0.0,0.0,2,4000,0,0,0,0,1,0
TF,CN03,16.329789,102.665169,0, ,0.0,0.0,0.0,0.0,2,2200,0,0,0,0,1,0

APPTR,N03-Y,03,KN
IF,KN,16.462058,102.784494, ,0.0,0.0,2,4000,0,0,0,0,0,0
FD,KN,16.462058,102.784494,0,KKN,200.1,11.0,200.0,11.0,0,0,0,1,230,0,0,0
CF,CN03,16.329789,102.665169,2,KKN,220.0,11.0,41.0,1.0,2,2200,0,0,0,0,1,0

FINAL,N03-Y,03,N,3
IF,CN03,16.329789,102.665169,KN,0.0,0.0,2,2200,0,0,0,0,0,0
CF,FN03Y,16.392961,102.722131,0,KN,0.0,0.0,41.0,5.0,2,2200,0,0,0,0,2,0
CF,RW03,16.456183,102.776678,0,KN,0.0,0.0,41.0,4.8,1,651,0,0,0,0,3,0
CA,0,41.0,2,2000,0,0,0,0,0,0
DF,FN03Y,16.392961,102.722131,1, ,0.0,0.0,2,3400,0,0,0,0,0,0
HM,FN03Y,16.392961,102.722131,2, ,0.0,0.0,41.0,05,0,0,0,0,0,0,0,0,0

FINAL,N03-Z,03,N,2
IF,FN03Z,16.401481,102.729944,KN,0.0,0.0,2,2000,0,0,0,0,2,0
CF,RW03,16.456183,102.776678,0,KN,0.0,0.0,41.0,4.2,1,651,0,0,0,0,3,0
CF,KN,16.462058,102.784494,0,KKN,200.1,0.6,41.0,0.6,0,0,0,0,0,0,0,1
CA,0,41.0,2,2000,0,0,0,0,0,0
DF,KN,16.462058,102.784494,1, ,0.0,0.0,2,3400,0,0,0,0,0,0
HM,KN,16.462058,102.784494,1, ,0.0,0.0,41.0,04.3,0,0,0,0,0,0,0,0,0

APPTR,N21,21,CARAT
IF,CARAT,16.771994,102.784494, ,0.0,0.0,2,4000,0,0,0,0,1,0
TF,CN21,16.634953,102.874103,0, ,0.0,0.0,0.0,0.0,2,2500,0,0,0,0,1,0

APPTR,N21,21,KN
IF,KN,16.462058,102.784494, ,0.0,0.0,2,4000,0,0,0,0,0,0
FD,KN,16.462058,102.784494,0,KKN,200.1,11.0,45.0,11.0,0,0,0,1,230,0,0,0
CF,CN21,16.634953,102.874103,1,KKN,26.9,11.0,206.0,1.0,2,2500,0,0,0,0,1,0

APPTR,N21,21,MOOSE
IF,MOOSE,16.612133,103.043811, ,0.0,0.0,2,4000,0,0,0,0,1,0
TF,CN21,16.634953,102.874103,0, ,0.0,0.0,0.0,0.0,2,2500,0,0,0,0,1,0

FINAL,N21,21,N,4
IF,CN21,16.634953,102.874103,KN,0.0,0.0,2,2500,0,0,0,0,0,0
CF,FN21,16.559858,102.835161,0,KN,0.0,0.0,206.0,5.0,2,2500,0,0,0,0,2,0
CF,50DME,16.545142,102.827533,0,KN,0.0,0.0,206.0,1.0,2,2170,0,0,0,0,0,0
CF,MN21,16.485261,102.796508,0,KN,0.0,0.0,206.0,4.0,1,909,0,0,0,0,3,0
CA,0,206.0,2,2500,0,0,0,0,0,0
DF,FN21,16.559858,102.835161,2, ,0.0,0.0,2,3400,0,0,0,0,0,0
HM,FN21,16.559858,102.835161,2, ,0.0,0.0,206.0,05,0,0,0,0,0,0,0,0,0

APPTR,R03,03,AGGER
IF,AGGER,16.161314,102.657717, ,0.0,0.0,2,6000,0,0,0,0,1,0
TF,NISTA,16.288819,102.664867,0, ,0.0,0.0,0.0,0.0,2,3000,0,0,0,0,1,0

APPTR,R03,03,DANCE
IF,DANCE,16.805050,102.783131, ,0.0,0.0,2,6000,0,0,0,0,1,0
TF,VOICE,16.350428,102.562106,0, ,0.0,0.0,0.0,0.0,2,3000,0,0,0,0,0,0
TF,NISTA,16.288819,102.664867,0, ,0.0,0.0,0.0,0.0,2,3000,0,0,0,0,1,0

APPTR,R03,03,MUSIC
IF,MUSIC,16.354739,103.112547, ,0.0,0.0,2,6000,0,0,0,0,1,0
TF,PLATU,16.224144,102.765889,0, ,0.0,0.0,0.0,0.0,2,3000,0,0,0,0,0,0
TF,NISTA,16.288819,102.664867,0, ,0.0,0.0,0.0,0.0,2,3000,0,0,0,0,1,0

APPTR,R03,03,NETIC
IF,NETIC,16.637728,103.088144, ,0.0,0.0,2,6000,0,0,0,0,1,0
TF,PLATU,16.224144,102.765889,0, ,0.0,0.0,0.0,0.0,2,3000,0,0,0,0,0,0
TF,NISTA,16.288819,102.664867,0, ,0.0,0.0,0.0,0.0,2,3000,0,0,0,0,1,0

APPTR,R03,03,TECNO
IF,TECNO,16.541208,102.449039, ,0.0,0.0,2,6000,0,0,0,0,1,0
TF,VOICE,16.350428,102.562106,0, ,0.0,0.0,0.0,0.0,2,3000,0,0,0,0,0,0
TF,NISTA,16.288819,102.664867,0, ,0.0,0.0,0.0,0.0,2,3000,0,0,0,0,1,0

FINAL,R03,03,R,3
IF,NISTA,16.288819,102.664867, ,0.0,0.0,2,3000,0,0,0,0,0,0
TF,KKCSF,16.387278,102.730614,0, ,0.0,0.0,34.0,7.0,2,2200,0,0,0,0,2,0
TF,RW03,16.456183,102.776678,0, ,0.0,0.0,34.0,4.9,1,651,0,0,0,0,3,1
CA,0,34.0,2,1500,0,0,0,0,0,0
DF,NISTA,16.288819,102.664867,2, ,0.0,0.0,1,3000,0,0,0,0,0,0
HM,NISTA,16.288819,102.664867,2, ,0.0,0.0,34.0,04.3,0,0,0,1,230,0,0,0,0

APPTR,R21,21,AGGER
IF,AGGER,16.161314,102.657717, ,0.0,0.0,2,6000,0,0,0,0,1,0
TF,REKKE,16.413644,102.892478,0, ,0.0,0.0,0.0,0.0,2,4000,0,0,0,0,0,0
TF,LAKSA,16.591000,103.012128,0, ,0.0,0.0,0.0,0.0,2,3000,0,0,0,0,0,0
TF,VOLVO,16.654219,102.909244,0, ,0.0,0.0,0.0,0.0,2,3000,0,0,0,0,1,0

APPTR,R21,21,DANCE
IF,DANCE,16.805050,102.783131, ,0.0,0.0,2,6000,0,0,0,0,1,0
TF,VOLVO,16.654219,102.909244,0, ,0.0,0.0,0.0,0.0,2,3000,0,0,0,0,1,0

APPTR,R21,21,MUSIC
IF,MUSIC,16.354739,103.112547, ,0.0,0.0,2,6000,0,0,0,0,1,0
TF,LAKSA,16.591000,103.012128,0, ,0.0,0.0,0.0,0.0,2,3000,0,0,0,0,0,0
TF,VOLVO,16.654219,102.909244,0, ,0.0,0.0,0.0,0.0,2,3000,0,0,0,0,1,0

APPTR,R21,21,NETIC
IF,NETIC,16.637728,103.088144, ,0.0,0.0,2,6000,0,0,0,0,1,0
TF,VOLVO,16.654219,102.909244,0, ,0.0,0.0,0.0,0.0,2,3000,0,0,0,0,1,0

APPTR,R21,21,TECNO
IF,TECNO,16.541208,102.449039, ,0.0,0.0,2,6000,0,0,0,0,1,0
TF,ICEZY,16.718853,102.807975,0, ,0.0,0.0,0.0,0.0,2,3000,0,0,0,0,0,0
TF,VOLVO,16.654219,102.909244,0, ,0.0,0.0,0.0,0.0,2,3000,0,0,0,0,1,0

FINAL,R21,21,R,4
IF,VOLVO,16.654219,102.909244, ,0.0,0.0,2,3000,0,0,0,0,0,0
TF,KKCNF,16.555814,102.843331,0, ,0.0,0.0,214.0,7.0,2,2500,0,0,0,0,2,0
TF,KKC01,16.524881,102.822628,0, ,0.0,0.0,214.0,2.2,2,1800,0,0,0,0,0,0
TF,MR21,16.491133,102.800053,0, ,0.0,0.0,214.0,2.4,1,1039,0,0,0,0,3,1
CA,0,214.0,2,1500,0,0,0,0,0,0
DF,VOLVO,16.654219,102.909244,1, ,0.0,0.0,1,3000,0,0,0,0,0,0
HM,VOLVO,16.654219,102.909244,2, ,0.0,0.0,214.0,04.3,0,0,0,1,230,0,0,0,0

