SID,ANKI1B,20,5
CF,CR400,11.866250,109.173639,0,CRA,199.6,8.1,199.0,7.5,2,1970,0,0,0,0,0,0
TF,CR401,11.828389,109.286222,0, ,0.0,0.0,0.0,0.0,0,0,0,0,0,0,0,0
TF,CR402,12.003111,109.346111,0, ,0.0,0.0,0.0,0.0,2,9030,0,0,0,0,0,0
TF,CR403,12.049194,109.236278,0, ,0.0,0.0,0.0,0.0,0,0,0,1,250,0,0,0
TF,ANKIN,11.746778,108.952139,0, ,0.0,0.0,0.0,0.0,0,0,0,0,0,0,0,0
TF,IBUNU,11.668889,108.868056,0, ,0.0,0.0,0.0,0.0,0,0,0,0,0,0,0,0

SID,BANK1B,20,5
CF,CR400,11.866250,109.173639,0,CRA,199.6,8.1,199.0,7.5,2,1970,0,0,0,0,0,0
TF,CR401,11.828389,109.286222,0, ,0.0,0.0,0.0,0.0,0,0,0,0,0,0,0,0
TF,CR402,12.003111,109.346111,0, ,0.0,0.0,0.0,0.0,2,9030,0,0,0,0,0,0
TF,CR403,12.049194,109.236278,0, ,0.0,0.0,0.0,0.0,0,0,0,1,250,0,0,0
TF,CR404,11.986111,109.082028,0, ,0.0,0.0,0.0,0.0,2,14000,0,0,0,0,0,0
TF,BANKE,11.897278,108.865250,0, ,0.0,0.0,0.0,0.0,0,0,0,0,0,0,0,0
TF,SOSPA,11.833889,108.640833,0, ,0.0,0.0,0.0,0.0,0,0,0,0,0,0,0,0

SID,DAL1A,02,2
VA,0,18.0,2,1970,0,0,0,0,0,0
DF,CRA,11.994444,109.220000,2, ,0.0,0.0,2,5910,0,0,0,0,0,1
TF,PANCA,11.923611,108.954167,0, ,0.0,0.0,0.0,0.0,0,0,0,0,0,0,0,0
TF,SOSPA,11.833889,108.640833,0, ,0.0,0.0,0.0,0.0,0,0,0,0,0,0,0,0

SID,DAL1B,20,2
CA,0,198.0,2,1970,0,0,0,0,0,0
DF,CRA,11.994444,109.220000,1, ,0.0,0.0,2,5910,0,0,0,0,0,1
VI,0, ,0.0,225.0,0,0,0,0,0,0,0,0
CF,PANCA,11.923611,108.954167,0,CRA,254.9,16.2,255.0,13.0,0,0,0,0,0,0,0,0
TF,SOSPA,11.833889,108.640833,0, ,0.0,0.0,0.0,0.0,0,0,0,0,0,0,0,0

SID,DAL1C,02,2
VA,0,18.0,2,1970,0,0,0,0,0,0
DF,CR,12.000278,109.216389,2, ,0.0,0.0,2,5910,0,0,0,0,0,0
TF,PANCA,11.923611,108.954167,0, ,0.0,0.0,0.0,0.0,2,7550,0,0,0,0,0,0
TF,SOSPA,11.833889,108.640833,0, ,0.0,0.0,0.0,0.0,0,0,0,0,0,0,0,0

SID,DAL1D,20,2
VA,0,198.0,2,2300,0,0,0,0,0,0
DF,CR,12.000278,109.216389,1, ,0.0,0.0,2,5910,0,0,0,0,0,1
TF,PANCA,11.923611,108.954167,0, ,0.0,0.0,0.0,0.0,2,7550,0,0,0,0,0,0
TF,SOSPA,11.833889,108.640833,0, ,0.0,0.0,0.0,0.0,0,0,0,0,0,0,0,0

SID,FURA1A,02,5
CF,CR300,12.090389,109.251333,0,CRA,17.8,6.0,19.0,5.0,0,0,0,0,0,0,0,0
TF,FURAL,12.260083,109.469333,0, ,0.0,0.0,0.0,0.0,3,8040,0,0,0,0,0,0

SID,FURA1A,NIT1A,6
IF,FURAL,12.260083,109.469333, ,0.0,0.0,3,8040,0,0,0,0,0,0
TF,RABIN,12.415417,109.760306,0, ,0.0,0.0,0.0,0.0,0,0,0,0,0,0,0,0
TF,NITOM,12.741944,110.640278,0, ,0.0,0.0,0.0,0.0,0,0,0,0,0,0,0,0

SID,KAR1A,02,2
VD, ,0,0,0,CRA,0.0,0.0,18.0,10.0,2,2960,0,0,0,0,0,0
VI,0, ,0.0,325.0,0,0,0,0,0,0,0,0
CF,KARAN,12.648889,109.156667,0,CRA,354.6,39.3,355.0,22.0,2,10000,0,0,0,0,0,0

SID,KAR1B,02,2
VA,0,18.0,2,1970,0,0,0,0,0,0
DF,CRA,11.994444,109.220000,2, ,0.0,0.0,2,5090,0,0,0,0,0,1
TF,NHATA,12.226389,109.201111,0, ,0.0,0.0,0.0,0.0,0,0,0,0,0,0,0,0
TF,KARAN,12.648889,109.156667,0, ,0.0,0.0,0.0,0.0,0,0,0,0,0,0,0,0

SID,KAR1C,20,2
CA,0,198.0,2,1970,0,0,0,0,0,0
DF,CRA,11.994444,109.220000,1, ,0.0,0.0,2,5090,0,0,0,0,0,1
TF,NHATA,12.226389,109.201111,0, ,0.0,0.0,0.0,0.0,0,0,0,0,0,0,0,0
TF,KARAN,12.648889,109.156667,0, ,0.0,0.0,0.0,0.0,0,0,0,0,0,0,0,0

SID,KAR1D,02,2
VA,0,18.0,2,2960,0,0,0,0,0,0
VI,0, ,0.0,325.0,0,0,0,0,0,0,0,0
CF,KARAN,12.648889,109.156667,0,CRA,354.6,39.3,355.0,30.0,2,10000,0,0,0,0,0,0

SID,KAR1E,02,2
VA,0,18.0,2,1970,0,0,0,0,0,0
DF,CR,12.000278,109.216389,2, ,0.0,0.0,2,5910,0,0,0,0,0,1
TF,NHATA,12.226389,109.201111,0, ,0.0,0.0,0.0,0.0,0,0,0,0,0,0,0,0
TF,KARAN,12.648889,109.156667,0, ,0.0,0.0,0.0,0.0,2,10000,0,0,0,0,0,0

SID,KAR1F,20,2
VA,0,198.0,2,2300,0,0,0,0,0,0
DF,CR,12.000278,109.216389,1, ,0.0,0.0,2,5910,0,0,0,0,0,0
TF,NHATA,12.226389,109.201111,0, ,0.0,0.0,0.0,0.0,0,0,0,0,0,0,0,0
TF,KARAN,12.648889,109.156667,0, ,0.0,0.0,0.0,0.0,2,10000,0,0,0,0,0,0

SID,KOPO1A,20,5
CF,CR400,11.866250,109.173639,0,CRA,199.6,8.1,199.0,7.5,2,1970,0,0,0,0,0,0
TF,CR401,11.828389,109.286222,0, ,0.0,0.0,0.0,0.0,0,0,0,0,0,0,0,0
TF,KOPOM,12.037778,109.583444,0, ,0.0,0.0,0.0,0.0,2,9030,0,0,0,0,0,0

SID,KOPO1A,NIT1B,6
IF,KOPOM,12.037778,109.583444, ,0.0,0.0,2,9030,0,0,0,0,0,0
TF,TEMMA,12.191639,109.877889,0, ,0.0,0.0,0.0,0.0,0,0,0,0,0,0,0,0
TF,NITOM,12.741944,110.640278,0, ,0.0,0.0,0.0,0.0,0,0,0,0,0,0,0,0

SID,NIHO1A,02,5
CF,CR300,12.090389,109.251333,0,CRA,17.8,6.0,19.0,5.0,0,0,0,0,0,0,0,0
TF,CR301,12.213306,109.220750,0, ,0.0,0.0,0.0,0.0,3,7060,0,0,0,0,0,0
TF,NIHOA,12.355500,109.185333,0, ,0.0,0.0,0.0,0.0,0,0,0,0,0,0,0,0
TF,KARAN,12.648889,109.156667,0, ,0.0,0.0,0.0,0.0,0,0,0,0,0,0,0,0

SID,NIHO1B,20,5
CF,CR400,11.866250,109.173639,0,CRA,199.6,8.1,199.0,7.5,2,1970,0,0,0,0,0,0
TF,CR401,11.828389,109.286222,0, ,0.0,0.0,0.0,0.0,0,0,0,0,0,0,0,0
TF,CR402,12.003111,109.346111,0, ,0.0,0.0,0.0,0.0,2,9030,0,1,250,0,0,0
TF,CR406,12.187833,109.261917,0, ,0.0,0.0,0.0,0.0,2,12000,0,0,0,0,0,0
TF,NIHOA,12.355500,109.185333,0, ,0.0,0.0,0.0,0.0,0,0,0,0,0,0,0,0
TF,KARAN,12.648889,109.156667,0, ,0.0,0.0,0.0,0.0,0,0,0,0,0,0,0,0

SID,NIT1A,02,2
VD, ,0,0,0,CRA,0.0,0.0,18.0,10.0,2,2960,0,0,0,0,0,0
DF,PHUSA,12.123056,109.462778,2, ,0.0,0.0,0,0,0,0,0,0,0,0
TF,NITOM,12.741944,110.640278,0, ,0.0,0.0,0.0,0.0,0,0,0,0,0,0,0,0

SID,NIT1B,20,2
CA,0,198.0,2,1970,0,0,0,0,0,0
DF,CRA,11.994444,109.220000,1, ,0.0,0.0,2,5910,0,0,0,0,0,1
TF,PHUSA,12.123056,109.462778,0, ,0.0,0.0,0.0,0.0,0,0,0,0,0,0,0,0
TF,NITOM,12.741944,110.640278,0, ,0.0,0.0,0.0,0.0,0,0,0,0,0,0,0,0

SID,NIT1C,02,2
VA,0,18.0,2,2960,0,0,0,0,0,0
DF,PHUSA,12.123056,109.462778,2, ,0.0,0.0,2,6890,0,0,0,0,0,0
TF,NITOM,12.741944,110.640278,0, ,0.0,0.0,0.0,0.0,0,0,0,0,0,0,0,0

SID,NIT1D,20,2
VA,0,198.0,2,2300,0,0,0,0,0,0
DF,CR,12.000278,109.216389,1, ,0.0,0.0,2,5910,0,0,0,0,0,1
TF,PHUSA,12.123056,109.462778,2, ,0.0,0.0,0.0,0.0,2,6890,0,0,0,0,0,0
TF,NITOM,12.741944,110.640278,0, ,0.0,0.0,0.0,0.0,0,0,0,0,0,0,0,0

SID,PANL1A,02,5
CF,CR300,12.090389,109.251333,0,CRA,17.8,6.0,19.0,5.0,0,0,0,0,0,0,0,0
TF,CR301,12.213306,109.220750,0, ,0.0,0.0,0.0,0.0,3,7060,0,0,0,0,0,0
TF,PANLU,12.308750,109.035000,0, ,0.0,0.0,0.0,0.0,2,9030,0,0,0,0,0,0

SID,PANL1A,CHU1A,6
IF,PANLU,12.308750,109.035000, ,0.0,0.0,2,9030,0,0,0,0,0,0
TF,CHUTU,12.354361,108.633944,0, ,0.0,0.0,0.0,0.0,0,0,0,0,0,0,0,0

SID,PTH1A,02,2
VA,0,18.0,2,1970,0,0,0,0,0,0
DF,CRA,11.994444,109.220000,2, ,0.0,0.0,2,5910,0,0,0,0,0,1
TF,SUIDA,11.808889,109.019167,0, ,0.0,0.0,0.0,0.0,0,0,0,0,0,0,0,0
TF,IBUNU,11.668889,108.868056,0, ,0.0,0.0,0.0,0.0,0,0,0,0,0,0,0,0

SID,PTH1B,20,2
CA,0,198.0,2,1970,0,0,0,0,0,0
DF,CRA,11.994444,109.220000,1, ,0.0,0.0,2,5910,0,0,0,0,0,1
VI,1, ,0.0,197.0,0,0,0,0,0,0,0,0
CF,SUIDA,11.808889,109.019167,0,CRA,226.9,16.2,227.0,11.0,0,0,0,0,0,0,0,0
TF,IBUNU,11.668889,108.868056,0, ,0.0,0.0,0.0,0.0,0,0,0,0,0,0,0,0

SID,PTH1C,02,2
VA,0,18.0,2,1970,0,0,0,0,0,0
DF,CR,12.000278,109.216389,2, ,0.0,0.0,2,5910,0,0,0,0,0,0
TF,SUIDA,11.808889,109.019167,0, ,0.0,0.0,0.0,0.0,2,7550,0,0,0,0,0,0
TF,IBUNU,11.668889,108.868056,0, ,0.0,0.0,0.0,0.0,0,0,0,0,0,0,0,0

SID,PTH1D,20,2
VA,0,198.0,2,2300,0,0,0,0,0,0
DF,CR,12.000278,109.216389,1, ,0.0,0.0,2,5910,0,0,0,0,0,1
VI,1, ,0.0,195.0,0,0,0,0,0,0,0,0
CF,SUIDA,11.808889,109.019167,0,CRA,226.9,16.2,225.0,11.0,2,7550,0,0,0,0,0,0
TF,IBUNU,11.668889,108.868056,0, ,0.0,0.0,0.0,0.0,0,0,0,0,0,0,0,0

SID,SOTE1B,20,5
CF,CR400,11.866250,109.173639,0,CRA,199.6,8.1,199.0,7.5,2,1970,0,0,0,0,0,0
TF,CR401,11.828389,109.286222,0, ,0.0,0.0,0.0,0.0,0,0,0,0,0,0,0,0
TF,CR402,12.003111,109.346111,0, ,0.0,0.0,0.0,0.0,2,9030,0,1,250,0,0,0
TF,CR405,12.082528,109.156694,0, ,0.0,0.0,0.0,0.0,2,12000,0,0,0,0,0,0
TF,SOTEN,12.186944,108.907028,0, ,0.0,0.0,0.0,0.0,0,0,0,0,0,0,0,0

SID,THAK1A,02,5
CF,CR300,12.090389,109.251333,0,CRA,17.8,6.0,19.0,5.0,0,0,0,0,0,0,0,0
TF,CR301,12.213306,109.220750,0, ,0.0,0.0,0.0,0.0,3,7060,0,0,0,0,0,0
TF,CR303,12.288639,109.074139,0, ,0.0,0.0,0.0,0.0,2,9030,0,0,0,0,0,0
TF,THAKA,12.151389,108.889083,0, ,0.0,0.0,0.0,0.0,2,14000,0,0,0,0,0,0

SID,THAK1A,LKH1A,6
IF,THAKA,12.151389,108.889083, ,0.0,0.0,2,14000,0,0,0,0,0,0
TF,LKH,11.754139,108.355167,0, ,0.0,0.0,0.0,0.0,0,0,0,0,0,0,0,0

STAR,ANKI1A,02,5
IF,IBUNU,11.668889,108.868056, ,0.0,0.0,0,0,0,0,0,0,0,0
TF,ANKIN,11.746778,108.952139,0, ,0.0,0.0,0.0,0.0,4,13000,9030,0,0,0,0,0
TF,CR027,11.957556,109.215917,0, ,0.0,0.0,0.0,0.0,2,6070,0,0,0,0,0,0
TF,CR025,11.914833,109.335833,0, ,0.0,0.0,0.0,0.0,0,0,0,0,0,0,0,0
TF,CR021,11.784056,109.287750,0, ,0.0,0.0,0.0,0.0,2,4930,0,0,0,0,0,0

STAR,BANK1A,02,5
IF,SOSPA,11.833889,108.640833, ,0.0,0.0,0,0,0,0,0,0,0,0
TF,BANKE,11.897278,108.865250,0, ,0.0,0.0,0.0,0.0,4,13000,11000,0,0,0,0,0
TF,CR027,11.957556,109.215917,0, ,0.0,0.0,0.0,0.0,2,6070,0,0,0,0,0,0
TF,CR025,11.914833,109.335833,0, ,0.0,0.0,0.0,0.0,0,0,0,0,0,0,0,0
TF,CR021,11.784056,109.287750,0, ,0.0,0.0,0.0,0.0,2,4930,0,0,0,0,0,0

STAR,BANK1C,HAP1A,4
IF,PTH,10.928044,108.072042, ,0.0,0.0,0,0,0,0,0,0,0,0
TF,HAPHA,11.530028,108.718278,0, ,0.0,0.0,0.0,0.0,0,0,0,0,0,0,0,0
TF,BANKE,11.897278,108.865250,0, ,0.0,0.0,0.0,0.0,4,13000,11000,0,0,0,0,0

STAR,BANK1C,20,5
IF,BANKE,11.897278,108.865250, ,0.0,0.0,4,13000,11000,0,0,0,0,0
TF,CR211,12.035528,108.973750,0, ,0.0,0.0,0.0,0.0,3,11000,0,0,0,0,0,0
TF,CR209,12.232444,109.128528,0, ,0.0,0.0,0.0,0.0,2,6070,0,0,0,0,0,0

STAR,COTU1A,KAM1A,4
IF,KAMGO,13.287500,109.101389, ,0.0,0.0,0,0,0,0,0,0,0,0
TF,SIMME,12.669611,109.291056,0, ,0.0,0.0,0.0,0.0,0,0,0,0,0,0,0,0
TF,COTUN,12.342167,109.322861,0, ,0.0,0.0,0.0,0.0,2,12000,0,0,0,0,0,0

STAR,COTU1A,02,5
IF,COTUN,12.342167,109.322861, ,0.0,0.0,2,12000,0,0,0,0,0,0
TF,CR026,12.047361,109.384611,0, ,0.0,0.0,0.0,0.0,2,9030,0,0,0,0,0,0
TF,CR025,11.914833,109.335833,0, ,0.0,0.0,0.0,0.0,0,0,0,0,0,0,0,0
TF,CR021,11.784056,109.287750,0, ,0.0,0.0,0.0,0.0,2,4930,0,0,0,0,0,0

STAR,COTU1B,KAM1A,4
IF,KAMGO,13.287500,109.101389, ,0.0,0.0,0,0,0,0,0,0,0,0
TF,SIMME,12.669611,109.291056,0, ,0.0,0.0,0.0,0.0,0,0,0,0,0,0,0,0
TF,COTUN,12.342167,109.322861,0, ,0.0,0.0,0.0,0.0,2,5420,0,0,0,0,0,0

STAR,COTU1B,20,5
IF,COTUN,12.342167,109.322861, ,0.0,0.0,2,5420,0,0,0,0,0,0
TF,CR202,12.248806,109.306306,0, ,0.0,0.0,0.0,0.0,2,4110,0,0,0,0,0,0

STAR,HUNT1A,02,5
IF,NITOM,12.741944,110.640278, ,0.0,0.0,0,0,0,0,0,0,0,0
TF,LIGUN,12.315111,109.826111,0, ,0.0,0.0,0.0,0.0,0,0,0,0,0,0,0,0
TF,HUNTA,12.167444,109.543139,0, ,0.0,0.0,0.0,0.0,2,12000,0,0,0,0,0,0
TF,CR026,12.047361,109.384611,0, ,0.0,0.0,0.0,0.0,2,9030,0,0,0,0,0,0
TF,CR025,11.914833,109.335833,0, ,0.0,0.0,0.0,0.0,0,0,0,0,0,0,0,0
TF,CR021,11.784056,109.287750,0, ,0.0,0.0,0.0,0.0,2,4930,0,0,0,0,0,0

STAR,HUNT1B,20,5
IF,NITOM,12.741944,110.640278, ,0.0,0.0,0,0,0,0,0,0,0,0
TF,LIGUN,12.315111,109.826111,0, ,0.0,0.0,0.0,0.0,0,0,0,0,0,0,0,0
TF,HUNTA,12.167444,109.543139,0, ,0.0,0.0,0.0,0.0,3,7060,0,0,0,0,0,0
TF,CR201,12.143028,109.396222,0, ,0.0,0.0,0.0,0.0,2,4930,0,0,0,0,0,0

STAR,NHA1A,20,2
IF,NHATA,12.226389,109.201111, ,0.0,0.0,0,0,0,0,0,0,0,0
TF,CRA,11.994444,109.220000,0, ,0.0,0.0,0.0,0.0,1,7550,0,0,0,0,0,0

STAR,NHA1B,20,2
IF,NHATA,12.226389,109.201111, ,0.0,0.0,0,0,0,0,0,0,0,0
TF,CR,12.000278,109.216389,0, ,0.0,0.0,0.0,0.0,1,6070,0,0,0,0,0,0

STAR,NHA1C,02,2
IF,NHATA,12.226389,109.201111, ,0.0,0.0,0,0,0,0,0,0,0,0
FD,NHATA,12.226389,109.201111,0,CRA,355.4,8.0,175.0,8.0,1,7550,0,0,0,0,0,0
CF,CRA,11.994444,109.220000,0,CRA,0.0,0.0,175.0,8.0,1,5290,0,0,0,0,0,0

STAR,PAN1A,20,2
IF,SOSPA,11.833889,108.640833, ,0.0,0.0,0,0,0,0,0,0,0,0
TF,PANCA,11.923611,108.954167,0, ,0.0,0.0,0.0,0.0,0,0,0,0,0,0,0,0
TF,CRA,11.994444,109.220000,0, ,0.0,0.0,0.0,0.0,1,7550,0,0,0,0,0,0

STAR,PAN1B,20,2
IF,SOSPA,11.833889,108.640833, ,0.0,0.0,0,0,0,0,0,0,0,0
TF,PANCA,11.923611,108.954167,0, ,0.0,0.0,0.0,0.0,0,0,0,0,0,0,0,0
TF,CR,12.000278,109.216389,0, ,0.0,0.0,0.0,0.0,1,6070,0,0,0,0,0,0

STAR,PAN1C,02,2
IF,SOSPA,11.833889,108.640833, ,0.0,0.0,0,0,0,0,0,0,0,0
TF,PANCA,11.923611,108.954167,0, ,0.0,0.0,0.0,0.0,0,0,0,0,0,0,0,0
FD,PANCA,11.923611,108.954167,0,CRA,254.9,8.0,75.0,8.0,1,7550,0,0,0,0,0,0
CF,CRA,11.994444,109.220000,0,CRA,0.0,0.0,75.0,8.0,1,5290,0,0,0,0,0,0

STAR,PANL1B,CHU1B,4
IF,CHUTU,12.354361,108.633944, ,0.0,0.0,0,0,0,0,0,0,0,0
TF,PANLU,12.308750,109.035000,0, ,0.0,0.0,0.0,0.0,4,9030,7060,0,0,0,0,0

STAR,PANL1B,20,5
IF,PANLU,12.308750,109.035000, ,0.0,0.0,4,9030,7060,0,0,0,0,0
TF,CR209,12.232444,109.128528,0, ,0.0,0.0,0.0,0.0,2,6070,0,0,0,0,0,0

STAR,PHU1A,20,2
IF,NITOM,12.741944,110.640278, ,0.0,0.0,0,0,0,0,0,0,0,0
TF,PHUSA,12.123056,109.462778,0, ,0.0,0.0,0.0,0.0,0,0,0,0,0,0,0,0
TF,CRA,11.994444,109.220000,0, ,0.0,0.0,0.0,0.0,1,7550,0,0,0,0,0,0

STAR,PHU1B,20,2
IF,NITOM,12.741944,110.640278, ,0.0,0.0,0,0,0,0,0,0,0,0
TF,PHUSA,12.123056,109.462778,0, ,0.0,0.0,0.0,0.0,0,0,0,0,0,0,0,0
TF,CR,12.000278,109.216389,0, ,0.0,0.0,0.0,0.0,1,6070,0,0,0,0,0,0

STAR,PHU1C,02,2
IF,ATVIT,12.140556,109.496111, ,0.0,0.0,0,0,0,0,0,0,0,0
TF,PHUSA,12.123056,109.462778,0, ,0.0,0.0,0.0,0.0,0,0,0,0,0,0,0,0
FD,PHUSA,12.123056,109.462778,0,CRA,61.7,8.0,242.0,8.0,1,7550,0,0,0,0,0,0
CF,CRA,11.994444,109.220000,0,CRA,0.0,0.0,242.0,8.0,1,5290,0,0,0,0,0,0

STAR,SOTE1A,02,5
IF,BIDAM,12.249139,108.805694, ,0.0,0.0,1,8040,0,0,0,0,0,0
TF,SOTEN,12.186944,108.907028,0, ,0.0,0.0,0.0,0.0,0,0,0,0,0,0,0,0
TF,CR027,11.957556,109.215917,0, ,0.0,0.0,0.0,0.0,2,6070,0,0,0,0,0,0
TF,CR025,11.914833,109.335833,0, ,0.0,0.0,0.0,0.0,0,0,0,0,0,0,0,0
TF,CR021,11.784056,109.287750,0, ,0.0,0.0,0.0,0.0,2,4930,0,0,0,0,0,0

STAR,SUI1A,20,2
IF,PTH,10.928044,108.072042, ,0.0,0.0,0,0,0,0,0,0,0,0
TF,SUIDA,11.808889,109.019167,0, ,0.0,0.0,0.0,0.0,0,0,0,0,0,0,0,0
TF,CRA,11.994444,109.220000,0, ,0.0,0.0,0.0,0.0,1,7550,0,0,0,0,0,0

STAR,SUI1B,20,2
IF,PTH,10.928044,108.072042, ,0.0,0.0,0,0,0,0,0,0,0,0
TF,SUIDA,11.808889,109.019167,0, ,0.0,0.0,0.0,0.0,0,0,0,0,0,0,0,0
TF,CR,12.000278,109.216389,0, ,0.0,0.0,0.0,0.0,1,6070,0,0,0,0,0,0

STAR,SUI1C,02,2
IF,IBUNU,11.668889,108.868056, ,0.0,0.0,0,0,0,0,0,0,0,0
TF,SUIDA,11.808889,109.019167,0, ,0.0,0.0,0.0,0.0,0,0,0,0,0,0,0,0
FD,SUIDA,11.808889,109.019167,0,CRA,226.9,8.0,47.0,8.0,1,7550,0,0,0,0,0,0
CF,CRA,11.994444,109.220000,0,CRA,0.0,0.0,47.0,8.0,1,5290,0,0,0,0,0,0

APPTR,D02,02,CRA
IF,CRA,11.994444,109.220000, ,0.0,0.0,2,5290,0,1,165,0,1,0
FD,CRA,11.994444,109.220000,0,CRA,0.0,8.0,186.0,8.0,2,2790,0,0,0,0,0,0
CF,FF02,11.870256,109.169058,2,CRA,202.0,8.0,22.0,1.0,2,2790,0,0,0,0,0,0

FINAL,D02,02,D,2
IF,FF02,11.870256,109.169058,CRA,202.0,8.0,2,2790,0,0,0,0,2,0
CF,MA02,11.952531,109.202800,0,CRA,202.0,2.7,22.0,5.3,1,842,0,0,0,0,3,0
CF,CRA,11.994444,109.220000,0,CRA,0.0,0.0,22.0,2.7,0,0,0,0,0,0,0,0
CA,0,22.0,2,2630,0,0,0,0,0,0
DF,CRA,11.994444,109.220000,2, ,0.0,0.0,2,5290,0,0,0,0,0,0
HM,CRA,11.994444,109.220000,1, ,0.0,0.0,186.0,04.3,2,5290,0,0,0,0,0,0,0

APPTR,D20,20,D355Y
IF,D355Y,12.411386,109.182886, ,0.0,0.0,2,10000,0,0,0,0,1,0
TF,CF20,12.204664,109.277261,0, ,0.0,0.0,0.0,0.0,2,4110,0,0,0,0,1,0

FINAL,D20,20,D,3
IF,CF20,12.204664,109.277261,CRA,15.0,13.0,2,4110,0,0,0,0,0,0
CF,FF20,12.107642,109.250822,0,CRA,15.0,7.0,195.0,6.0,2,1880,0,0,0,0,2,0
CF,MA20,12.042956,109.233206,0,CRA,15.0,3.0,195.0,4.0,1,697,0,0,0,0,3,0
VI,0, ,0.0,135.0,0,0,0,0,0,0,0,0
FA,CRA,11.994444,109.220000,0,CRA,0.0,0.0,90.0,2,1970,0,0,0,0,0,0
DF,CRA,11.994444,109.220000,1, ,0.0,0.0,2,7550,0,0,0,0,0,0
HM,CRA,11.994444,109.220000,1, ,0.0,0.0,195.0,04.3,2,7550,0,0,0,0,0,0,0

APPTR,I02-Y,02,CRA
IF,CRA,11.994444,109.220000, ,0.0,0.0,2,7550,0,0,0,0,1,0
FD,CRA,11.994444,109.220000,0,CRA,0.0,19.5,184.0,19.5,2,5880,0,0,0,0,0,0
CF,D198S,11.686214,109.111550,2,CRA,199.1,19.5,18.0,1.0,2,5880,0,0,0,0,1,0
TF,D198O,11.757483,109.136156,0, ,0.0,0.0,0.0,0.0,2,4430,0,0,0,0,0,0
TF,D198M,11.774919,109.142175,0, ,0.0,0.0,0.0,0.0,2,4110,0,0,0,0,0,0
TF,D198K,11.816128,109.156411,0, ,0.0,0.0,0.0,0.0,2,3290,0,0,0,0,0,0
TF,D198I,11.841486,109.165172,0, ,0.0,0.0,0.0,0.0,2,2790,0,0,0,0,0,0
CF,CI02,11.869986,109.174892,0,ICR,198.9,9.1,18.0,1.8,2,2220,0,0,0,0,0,0

APPTR,I02-Y,02,D227W
IF,D227W,11.731683,108.934217, ,0.0,0.0,2,7550,0,0,0,0,1,0
CI,0, ,0.0,47.0,0,0,0,0,0,0,0,0
AF,D220U,11.725022,108.990669,1,CRA,220.0,21.0,227.0,2,6570,0,0,0,0,0,0
AF,D198U,11.662122,109.103236,1,CRA,199.1,21.0,220.0,0,0,0,0,0,0,0,0
TF,D198S,11.686214,109.111550,0, ,0.0,0.0,0.0,0.0,2,5880,0,0,0,0,1,0
TF,D198O,11.757483,109.136156,0, ,0.0,0.0,0.0,0.0,2,4430,0,0,0,0,0,0
TF,D198M,11.774919,109.142175,0, ,0.0,0.0,0.0,0.0,2,4110,0,0,0,0,0,0
TF,D198K,11.816128,109.156411,0, ,0.0,0.0,0.0,0.0,2,3290,0,0,0,0,0,0
TF,D198I,11.841486,109.165172,0, ,0.0,0.0,0.0,0.0,2,2790,0,0,0,0,0,0
CF,CI02,11.869986,109.174892,0,ICR,198.9,9.1,18.0,1.8,2,2220,0,0,0,0,0,0

APPTR,I02-Y,02,D254W
IF,D254W,11.888053,108.844164, ,0.0,0.0,2,7550,0,0,0,0,1,0
CI,0, ,0.0,74.0,0,0,0,0,0,0,0,0
AF,D220U,11.725022,108.990669,1,CRA,220.0,21.0,254.0,2,6570,0,0,0,0,0,0
AF,D198U,11.662122,109.103236,1,CRA,199.1,21.0,220.0,0,0,0,0,0,0,0,0
TF,D198S,11.686214,109.111550,0, ,0.0,0.0,0.0,0.0,2,5880,0,0,0,0,1,0
TF,D198O,11.757483,109.136156,0, ,0.0,0.0,0.0,0.0,2,4430,0,0,0,0,0,0
TF,D198M,11.774919,109.142175,0, ,0.0,0.0,0.0,0.0,2,4110,0,0,0,0,0,0
TF,D198K,11.816128,109.156411,0, ,0.0,0.0,0.0,0.0,2,3290,0,0,0,0,0,0
TF,D198I,11.841486,109.165172,0, ,0.0,0.0,0.0,0.0,2,2790,0,0,0,0,0,0
CF,CI02,11.869986,109.174892,0,ICR,198.9,9.1,18.0,1.8,2,2220,0,0,0,0,0,0

FINAL,I02-Y,02,I,3
IF,CI02,11.869986,109.174892,ICR,198.9,9.1,2,2220,0,0,0,0,0,0
CF,FI02,11.893750,109.183133,0,ICR,198.9,7.6,18.0,1.5,1,2220,0,0,0,0,2,0
CF,RW02,11.985089,109.214822,0,ICR,198.9,1.8,18.0,5.8,1,72,0,0,0,0,3,0
CF,018AT,11.995028,109.218258,0,CRA,288.8,0.1,18.0,0.6,0,0,0,0,0,0,0,0
CA,0,18.0,2,550,0,0,0,0,0,0
FA,CRA,11.994444,109.220000,0,CRA,0.0,0.0,18.0,2,3940,0,0,0,0,0,0
DF,CRA,11.994444,109.220000,2, ,0.0,0.0,1,7550,0,0,0,0,0,0
HM,CRA,11.994444,109.220000,1, ,0.0,0.0,184.0,04.3,2,7550,0,0,0,0,0,0,0

APPTR,I02-Z,02,CR021
IF,CR021,11.784056,109.287750, ,0.0,0.0,2,4930,0,0,0,0,1,0
TF,CR022,11.842500,109.165361,0, ,0.0,0.0,0.0,0.0,2,2610,0,0,0,0,1,0
CF,CF02,11.862064,109.172144,0,ICR,198.9,9.6,19.0,1.2,2,2220,0,0,0,0,0,0

FINAL,I02-Z,02,I,3
IF,CF02,11.862064,109.172144,ICR,198.9,9.6,2,2220,0,0,0,0,0,0
CF,FI02,11.893750,109.183133,0,ICR,198.9,7.6,18.0,2.0,1,2220,0,0,0,0,2,0
CF,RW02,11.985089,109.214822,0,ICR,198.9,1.8,18.0,5.8,1,72,0,0,0,0,3,1
DF,CR218,12.040528,109.234056,0, ,0.0,0.0,0,0,0,0,0,0,0,0
TF,CR219,12.065472,109.433500,0, ,0.0,0.0,0.0,0.0,3,4110,0,0,0,0,0,0
TF,CR220,11.837806,109.550111,0, ,0.0,0.0,0.0,0.0,1,4110,0,0,0,0,0,0
HM,CR220,11.837806,109.550111,1, ,0.0,0.0,230.0,04.3,2,4110,0,0,0,0,0,0,0

APPTR,R02,02,CR021
IF,CR021,11.784056,109.287750, ,0.0,0.0,2,4930,0,0,0,0,1,0
TF,CR022,11.842500,109.165361,0, ,0.0,0.0,0.0,0.0,2,2610,0,0,0,0,1,0

FINAL,R02,02,R,3
IF,CR022,11.842500,109.165361, ,0.0,0.0,2,2610,0,0,0,0,0,0
TF,CR023,11.895167,109.183583,0, ,0.0,0.0,19.0,3.3,2,2140,0,0,0,0,2,0
TF,MR02,11.962333,109.206917,0, ,0.0,0.0,19.0,4.2,1,598,0,0,0,0,3,1
DF,CR218,12.040528,109.234056,0, ,0.0,0.0,0,0,0,0,0,0,0,0
TF,CR219,12.065472,109.433500,0, ,0.0,0.0,0.0,0.0,3,4110,0,0,0,0,0,0
TF,CR220,11.837806,109.550111,0, ,0.0,0.0,0.0,0.0,1,4110,0,0,0,0,0,0
HM,CR220,11.837806,109.550111,1, ,0.0,0.0,230.0,04.3,2,4110,0,0,0,0,0,0,0

APPTR,R20,20,CR201
IF,CR201,12.143028,109.396222, ,0.0,0.0,2,4930,0,0,0,0,1,0
TF,CR203,12.180972,109.282917,0, ,0.0,0.0,0.0,0.0,2,3120,0,0,0,0,1,0

APPTR,R20,20,CR202
IF,CR202,12.248806,109.306306, ,0.0,0.0,2,4110,0,0,0,0,1,0
TF,CR203,12.180972,109.282917,0, ,0.0,0.0,0.0,0.0,2,3120,0,0,0,0,1,0

APPTR,R20,20,CR209
IF,CR209,12.232444,109.128528, ,0.0,0.0,2,6070,0,0,0,0,1,0
TF,CR203,12.180972,109.282917,0, ,0.0,0.0,0.0,0.0,2,3120,0,0,0,0,1,0

FINAL,R20,20,R,3
IF,CR203,12.180972,109.282917, ,0.0,0.0,2,3120,0,0,0,0,0,0
TF,CR204,12.112944,109.259250,0, ,0.0,0.0,199.0,4.3,2,2140,0,0,0,0,2,0
TF,RW20,12.011169,109.223864,0, ,0.0,0.0,199.0,6.4,1,93,0,0,0,0,3,1
DF,CR205,11.931944,109.196417,0, ,0.0,0.0,2,1970,0,0,0,0,0,1
DF,CR222,11.755861,109.385500,0, ,0.0,0.0,0,0,0,0,0,0,0,0
TF,CR223,11.819528,109.541361,0, ,0.0,0.0,0.0,0.0,1,4110,0,0,0,0,0,0
HM,CR223,11.819528,109.541361,2, ,0.0,0.0,336.0,04.3,2,4110,0,0,0,0,0,0,0

