SID,HOTU1A,28,2
VA,0,276.0,2,1970,0,0,0,0,0,0
VI,1, ,0.0,140.0,0,0,0,0,0,0,0,0
CF,HOTUN,9.812222,104.048889,0,PQU,178.4,21.1,178.0,10.0,0,0,0,0,0,0,0,0
TF,ADBOP,8.500000,104.083333,0, ,0.0,0.0,0.0,0.0,0,0,0,0,0,0,0,0

SID,HOTU1B,10,2
VA,0,96.0,2,1970,0,0,0,0,0,0
DF,D178H,10.031394,104.042717,2, ,0.0,0.0,0,0,0,0,0,0,0,0
TF,HOTUN,9.812222,104.048889,0, ,0.0,0.0,0.0,0.0,0,0,0,0,0,0,0,0
TF,ADBOP,8.500000,104.083333,0, ,0.0,0.0,0.0,0.0,0,0,0,0,0,0,0,0

SID,NUMD1A,28,2
VA,0,276.0,2,1970,0,0,0,0,0,0
DF,PQU,10.165297,104.038944,1, ,0.0,0.0,2,3940,0,0,0,0,0,1
CF,NUMDI,10.445278,103.776389,1,PQU,317.1,22.8,317.0,20.0,0,0,0,0,0,0,0,0

SID,NUMD1B,10,2
DF,PQU,10.165297,104.038944,0, ,0.0,0.0,0,0,0,0,0,0,0,0
FA,PQU,10.165297,104.038944,0,PQU,0.0,0.0,96.0,2,1970,0,0,0,0,0,0
DF,PQU,10.165297,104.038944,2, ,0.0,0.0,2,3940,0,0,0,0,0,0
TF,NUMDI,10.445278,103.776389,0, ,0.0,0.0,0.0,0.0,0,0,0,0,0,0,0,0

SID,OSOT1A,28,2
VA,0,276.0,2,1970,0,0,0,0,0,0
DF,PQU,10.165297,104.038944,1, ,0.0,0.0,2,3940,0,0,0,0,0,0
TF,OSOTA,10.551944,104.263611,0, ,0.0,0.0,0.0,0.0,2,5910,0,0,0,0,0,0

SID,OSOT1B,10,2
VA,0,96.0,2,1970,0,0,0,0,0,0
VI,1, ,0.0,360.0,0,0,0,0,0,0,0,0
CF,OSOTA,10.551944,104.263611,0,PQU,29.9,26.6,30.0,22.0,2,5910,0,0,0,0,0,0

SID,TIHA1A,28,2
VA,0,276.0,2,1970,0,0,0,0,0,0
DF,PQU,10.165297,104.038944,1, ,0.0,0.0,2,3940,0,0,0,0,0,0
TF,TIHAN,10.106667,104.352500,0, ,0.0,0.0,0.0,0.0,0,0,0,0,0,0,0,0
TF,TUNPO,10.062222,104.589444,0, ,0.0,0.0,0.0,0.0,0,0,0,0,0,0,0,0

SID,TIHA1B,10,2
VA,0,96.0,2,530,0,0,0,0,0,0
DF,PQU,10.165297,104.038944,0, ,0.0,0.0,0,0,0,0,0,0,0,0
TF,TIHAN,10.106667,104.352500,0, ,0.0,0.0,0.0,0.0,0,0,0,0,0,0,0,0
TF,TUNPO,10.062222,104.589444,0, ,0.0,0.0,0.0,0.0,0,0,0,0,0,0,0,0

STAR,HOTU1A,ALL,2
IF,ADBOP,8.500000,104.083333, ,0.0,0.0,0,0,0,0,0,0,0,0
TF,TOTRA,9.546111,104.055833,0, ,0.0,0.0,0.0,0.0,1,13500,0,0,0,0,0,0
TF,HOTUN,9.812222,104.048889,0, ,0.0,0.0,0.0,0.0,1,10000,0,0,0,0,0,0
TF,PQU,10.165297,104.038944,0, ,0.0,0.0,0.0,0.0,1,3450,0,0,0,0,0,0

STAR,NUMD1A,ALL,2
IF,NUMDI,10.445278,103.776389, ,0.0,0.0,0,0,0,0,0,0,0,0
TF,PQU,10.165297,104.038944,0, ,0.0,0.0,0.0,0.0,1,3450,0,0,0,0,0,0

STAR,OSOT1A,ALL,2
IF,OSOTA,10.551944,104.263611, ,0.0,0.0,0,0,0,0,0,0,0,0
TF,PQU,10.165297,104.038944,0, ,0.0,0.0,0.0,0.0,1,3450,0,0,0,0,0,0

STAR,TIHA1A,ALL,2
IF,TUNPO,10.062222,104.589444, ,0.0,0.0,0,0,0,0,0,0,0,0
TF,TIHAN,10.106667,104.352500,0, ,0.0,0.0,0.0,0.0,0,0,0,0,0,0,0,0
TF,PQU,10.165297,104.038944,0, ,0.0,0.0,0.0,0.0,1,3450,0,0,0,0,0,0

APPTR,D10,10,PQU
IF,PQU,10.165297,104.038944, ,0.0,0.0,2,3450,0,0,0,0,1,0
FD,PQU,10.165297,104.038944,0,PQU,0.0,14.6,259.0,14.6,2,2010,0,0,0,0,0,0
CF,CS10,10.190756,103.793525,2,PQU,276.0,14.6,96.0,1.0,2,2010,0,0,0,0,1,0

FINAL,D10,10,D,3
IF,CS10,10.190756,103.793525,PQU,276.0,14.6,2,2010,0,0,0,0,0,0
CF,FS10,10.182056,103.877578,0,PQU,276.0,9.6,96.0,5.0,2,2010,0,0,0,0,2,0
CF,MS10,10.175258,103.943136,0,PQU,276.0,5.7,96.0,3.9,1,747,0,0,0,0,3,0
CF,PQU,10.165297,104.038944,0,PQU,0.0,0.0,96.0,5.7,0,0,0,0,0,0,0,0
CA,0,96.0,2,1970,0,0,0,0,0,0
DF,PQU,10.165297,104.038944,2, ,0.0,0.0,1,3450,0,0,0,0,0,0
HM,PQU,10.165297,104.038944,1, ,0.0,0.0,259.0,04.3,0,0,0,0,0,0,0,0,0

APPTR,D28,28,D101O
IF,D101O,10.116636,104.291072, ,0.0,0.0,2,3940,0,0,0,0,1,0
TF,CS28,10.144231,104.240625,0, ,0.0,0.0,0.0,0.0,2,2790,0,0,0,0,1,0

APPTR,D28,28,HOTUN
IF,HOTUN,9.812222,104.048889, ,0.0,0.0,2,10000,0,0,0,0,1,0
TF,D178N,9.930972,104.045544,0, ,0.0,0.0,0.0,0.0,0,0,0,0,0,0,0,0
CI,0, ,0.0,358.0,0,0,0,0,0,0,0,0
AF,CS28,10.144231,104.240625,1,PQU,96.0,12.0,178.0,2,2790,0,0,0,0,1,0

APPTR,D28,28,OSOTA
IF,OSOTA,10.551944,104.263611, ,0.0,0.0,2,8000,0,0,0,0,1,0
TF,D030N,10.368500,104.156936,0, ,0.0,0.0,0.0,0.0,0,0,0,0,0,0,0,0
CI,0, ,0.0,210.0,0,0,0,0,0,0,0,0
AF,CS28,10.144231,104.240625,2,PQU,96.0,12.0,30.0,2,2790,0,0,0,0,1,0

APPTR,D28,28,PQU
IF,PQU,10.165297,104.038944, ,0.0,0.0,2,3450,0,0,0,0,1,0
FD,PQU,10.165297,104.038944,0,PQU,0.0,12.0,118.0,12.0,2,2790,0,0,0,0,0,0
CF,CS28,10.144231,104.240625,1,PQU,96.0,12.0,276.0,1.0,2,2790,0,0,0,0,1,0

FINAL,D28,28,D,3
IF,CS28,10.144231,104.240625,PQU,96.0,12.0,2,2790,0,0,0,0,0,0
CF,FS28,10.156358,104.124661,0,PQU,96.0,5.1,276.0,6.9,2,2320,0,0,0,0,2,0
CF,MS28,10.161619,104.074239,0,PQU,96.0,2.1,276.0,3.0,1,1354,0,0,0,0,3,0
CF,PQU,10.165297,104.038944,0,PQU,0.0,0.0,276.0,2.1,0,0,0,0,0,0,0,0
CA,0,276.0,2,1970,0,0,0,0,0,0
DF,PQU,10.165297,104.038944,1, ,0.0,0.0,1,3450,0,0,0,0,0,0
HM,PQU,10.165297,104.038944,2, ,0.0,0.0,118.0,04.3,0,0,0,0,0,0,0,0,0

APPTR,I10,10,PQU
IF,PQU,10.165297,104.038944, ,0.0,0.0,2,3450,0,0,0,0,1,0
FD,PQU,10.165297,104.038944,0,PQU,0.0,14.6,259.0,14.6,2,2010,0,0,0,0,0,0
CF,CI10,10.189553,103.793392,2,IPQ,275.7,12.9,96.0,1.0,2,2010,0,0,0,0,1,0

FINAL,I10,10,I,3
IF,CI10,10.189553,103.793392,IPQ,275.7,12.9,2,2010,0,0,0,0,0,0
CF,FI10,10.181222,103.877928,0,IPQ,275.7,7.8,96.0,5.0,1,2010,0,0,0,0,2,0
CF,RW10,10.171189,103.979464,0,IPQ,275.7,1.8,96.0,6.0,1,63,0,0,0,0,3,0
CF,PQU,10.165297,104.038944,0,PQU,0.0,0.0,96.0,3.5,0,0,0,0,0,0,0,0
CA,0,96.0,2,1970,0,0,0,0,0,0
DF,PQU,10.165297,104.038944,2, ,0.0,0.0,1,3450,0,0,0,0,0,0
HM,PQU,10.165297,104.038944,1, ,0.0,0.0,259.0,04.3,0,0,0,0,0,0,0,0,0

APPTR,I28,28,D101O
IF,D101O,10.116636,104.291072, ,0.0,0.0,2,3940,0,0,0,0,1,0
CF,CI28,10.150081,104.191964,0,IPH,95.7,12.8,288.0,6.1,2,2010,0,0,0,0,1,0

APPTR,I28,28,HOTUN
IF,HOTUN,9.812222,104.048889, ,0.0,0.0,2,10000,0,0,0,0,1,0
TF,D178K,9.979511,104.044178,0, ,0.0,0.0,0.0,0.0,0,0,0,0,0,0,0,0
CI,0, ,0.0,358.0,0,0,0,0,0,0,0,0
AF,D106I,10.123264,104.186761,1,PQU,106.0,9.1,178.0,0,0,0,0,0,0,0,0
VI,0,IPH,0.0,306.0,2,2010,0,0,0,0,0,0

APPTR,I28,28,OSOTA
IF,OSOTA,10.551944,104.263611, ,0.0,0.0,2,8000,0,0,0,0,1,0
TF,D030K,10.326411,104.132483,0, ,0.0,0.0,0.0,0.0,0,0,0,0,0,0,0,0
CI,0, ,0.0,210.0,0,0,0,0,0,0,0,0
AF,D086I,10.175889,104.192369,2,PQU,86.0,9.1,30.0,0,0,0,0,0,0,0,0
VI,0,IPH,0.0,246.0,2,2010,0,0,0,0,0,0

APPTR,I28,28,PQU
IF,PQU,10.165297,104.038944, ,0.0,0.0,2,3450,0,0,0,0,1,0
FD,PQU,10.165297,104.038944,0,PQU,0.0,9.1,123.0,9.1,2,2010,0,0,0,0,0,0
CF,CI28,10.150081,104.191964,1,IPH,95.7,12.8,276.0,1.0,2,2010,0,0,0,0,1,0

FINAL,I28,28,I,3
IF,CI28,10.150081,104.191964,IPH,95.7,12.8,2,2010,0,0,0,0,0,0
CF,FI28,10.158436,104.108014,0,IPH,95.7,7.8,276.0,5.0,1,2010,0,0,0,0,2,0
CF,RW28,10.168492,104.006706,0,IPH,95.7,1.8,276.0,6.0,1,73,0,0,0,0,3,0
CA,0,276.0,2,1970,0,0,0,0,0,0
DF,PQU,10.165297,104.038944,1, ,0.0,0.0,1,3450,0,0,0,0,0,0
HM,PQU,10.165297,104.038944,2, ,0.0,0.0,123.0,04.3,0,0,0,0,0,0,0,0,0

