APPTR,N22,22,MDG1
IF,MDG,-32.565361,149.616250, ,0.0,0.0,2,4500,0,1,210,0,1,0
FC,MDG,-32.565361,149.616250,0,MDG,0.0,0.0,9.0,8.8,0,0,0,0,0,0,0,1
CF,FF22,-32.478833,149.704956,2,MDG,29.0,6.9,209.0,2.0,2,3700,0,0,0,0,0,0

APPTR,N22,22,MDG2
IF,MDG,-32.565361,149.616250, ,0.0,0.0,2,4500,0,1,140,0,1,0
FC,MDG,-32.565361,149.616250,0,MDG,0.0,0.0,19.0,8.2,0,0,0,0,0,0,0,1
CF,FF22,-32.478833,149.704956,2,MDG,29.0,6.9,209.0,1.0,2,3700,0,0,0,0,0,0

FINAL,N22,22,N,3
IF,FF22,-32.478833,149.704956,MDG,0.0,0.0,2,3700,0,0,0,0,2,0
CF,EP22,-32.562222,149.619469,0,MDG,0.0,0.0,209.0,6.6,1,1594,0,0,0,0,0,1
CF,MDG,-32.565361,149.616250,0,MDG,0.0,0.0,209.0,0.3,2,2050,0,0,0,0,3,1
CA,2,300.0,2,4100,0,0,0,0,0,0

APPTR,R04-Z,04,MDGWD
IF,MDGWD,-32.686375,149.351153, ,0.0,0.0,2,4800,0,1,210,0,1,0
TF,MDGWI,-32.604744,149.371914,0, ,0.0,0.0,0.0,0.0,2,4800,0,0,0,0,1,0

APPTR,R04-Z,04,MDGWE
IF,MDGWE,-32.616128,149.274178, ,0.0,0.0,2,4800,0,1,210,0,1,0
TF,MDGWI,-32.604744,149.371914,0, ,0.0,0.0,0.0,0.0,2,4800,0,0,0,0,1,0

APPTR,R04-Z,04,MDGWG
IF,MDGWG,-32.530914,149.325847, ,0.0,0.0,2,4800,0,1,210,0,1,0
TF,MDGWI,-32.604744,149.371914,0, ,0.0,0.0,0.0,0.0,2,4800,0,0,0,0,1,0

FINAL,R04-Z,04,R,3
IF,MDGWI,-32.604744,149.371914, ,0.0,0.0,2,4800,0,0,0,0,0,0
TF,MDGWF,-32.593361,149.469636,0, ,0.0,0.0,71.0,5.0,2,4150,0,0,0,0,2,0
TF,MDGWM,-32.579708,149.586886,0, ,0.0,0.0,71.0,6.0,1,1884,0,0,0,0,3,1
CA,0,71.0,2,2050,0,0,0,0,0,0
DF,MDGWH,-32.463042,149.595636,1, ,0.0,0.0,0,0,0,1,160,0,0,0
VM,0,0,0,352.0,2,4100,0,0,0,0,0,0

APPTR,R22,22,MDGEA
IF,MDGEA,-32.343794,149.731917, ,0.0,0.0,2,4100,0,1,210,0,1,0
TF,MDGEI,-32.418242,149.776486,0, ,0.0,0.0,0.0,0.0,2,4100,0,0,0,0,1,0

APPTR,R22,22,MDGEB
IF,MDGEB,-32.357211,149.843653, ,0.0,0.0,2,4100,0,1,210,0,1,0
TF,MDGEI,-32.418242,149.776486,0, ,0.0,0.0,0.0,0.0,2,4100,0,0,0,0,1,0

APPTR,R22,22,MDGEC
IF,MDGEC,-32.450914,149.867100, ,0.0,0.0,2,4100,0,1,210,0,1,0
TF,MDGEI,-32.418242,149.776486,0, ,0.0,0.0,0.0,0.0,2,4100,0,0,0,0,1,0

FINAL,R22,22,R,3
IF,MDGEI,-32.418242,149.776486, ,0.0,0.0,2,4100,0,0,0,0,0,0
TF,MDGEF,-32.479236,149.709228,0, ,0.0,0.0,211.0,5.0,2,3750,0,0,0,0,2,0
TF,MDGEM,-32.552381,149.628397,0, ,0.0,0.0,211.0,6.0,1,1833,0,0,0,0,3,1
CA,0,211.0,2,2050,0,0,0,0,0,0
DF,MDGEH,-32.505594,149.492014,2, ,0.0,0.0,0,0,0,1,190,0,0,0
VM,0,0,0,300.0,1,4100,0,0,0,0,0,0

