APPTR,R06-W,06,SCNWA
IF,SCNWA,-34.209956,150.515819, ,0.0,0.0,2,5400,0,1,210,0,1,0
TF,SCNWI,-34.127781,150.498281,0, ,0.0,0.0,0.0,0.0,2,4060,0,0,0,0,1,0

APPTR,R06-W,06,SCNWB
IF,SCNWB,-34.169550,150.411378, ,0.0,0.0,2,5400,0,1,210,0,1,0
TF,SCNWI,-34.127781,150.498281,0, ,0.0,0.0,0.0,0.0,2,4060,0,0,0,0,1,0

APPTR,R06-W,06,SCNWC
IF,SCNWC,-34.074175,150.421389, ,0.0,0.0,2,5400,0,1,210,0,1,0
TF,SCNWI,-34.127781,150.498281,0, ,0.0,0.0,0.0,0.0,2,4060,0,0,0,0,1,0

FINAL,R06-W,06,R,3
IF,SCNWI,-34.127781,150.498281, ,0.0,0.0,2,4060,0,0,0,0,0,0
TF,SCNWF,-34.085947,150.585103,0, ,0.0,0.0,47.0,5.0,2,2250,0,0,0,0,2,0
TF,SCNWM,-34.044097,150.671725,0, ,0.0,0.0,47.0,5.0,1,448,0,0,0,0,3,1
DF,SCNWH,-34.186036,150.633183,2, ,0.0,0.0,1,2700,0,0,0,0,0,0
CA,0,233.0,2,5400,0,0,0,0,0,0

APPTR,R10-W,10,SCNWA
IF,SCNWA,-34.209956,150.515819, ,0.0,0.0,2,5400,0,1,210,0,1,0
TF,SCNWI,-34.127781,150.498281,0, ,0.0,0.0,0.0,0.0,2,4060,0,0,0,0,1,0

APPTR,R10-W,10,SCNWB
IF,SCNWB,-34.169550,150.411378, ,0.0,0.0,2,5400,0,1,210,0,1,0
TF,SCNWI,-34.127781,150.498281,0, ,0.0,0.0,0.0,0.0,2,4060,0,0,0,0,1,0

APPTR,R10-W,10,SCNWC
IF,SCNWC,-34.074175,150.421389, ,0.0,0.0,2,5400,0,1,210,0,1,0
TF,SCNWI,-34.127781,150.498281,0, ,0.0,0.0,0.0,0.0,2,4060,0,0,0,0,1,0

FINAL,R10-W,10,R,3
IF,SCNWI,-34.127781,150.498281, ,0.0,0.0,2,4060,0,0,0,0,0,0
TF,SCNWF,-34.085947,150.585103,0, ,0.0,0.0,47.0,5.0,2,2250,0,0,0,0,2,0
TF,SCNWM,-34.044097,150.671725,0, ,0.0,0.0,47.0,5.0,1,448,0,0,0,0,3,1
DF,SCNWH,-34.186036,150.633183,2, ,0.0,0.0,1,2700,0,0,0,0,0,0
CA,0,233.0,2,5400,0,0,0,0,0,0

APPTR,R24-W,24,SCNWA
IF,SCNWA,-34.209956,150.515819, ,0.0,0.0,2,5400,0,1,210,0,1,0
TF,SCNWI,-34.127781,150.498281,0, ,0.0,0.0,0.0,0.0,2,4060,0,0,0,0,1,0

APPTR,R24-W,24,SCNWB
IF,SCNWB,-34.169550,150.411378, ,0.0,0.0,2,5400,0,1,210,0,1,0
TF,SCNWI,-34.127781,150.498281,0, ,0.0,0.0,0.0,0.0,2,4060,0,0,0,0,1,0

APPTR,R24-W,24,SCNWC
IF,SCNWC,-34.074175,150.421389, ,0.0,0.0,2,5400,0,1,210,0,1,0
TF,SCNWI,-34.127781,150.498281,0, ,0.0,0.0,0.0,0.0,2,4060,0,0,0,0,1,0

FINAL,R24-W,24,R,3
IF,SCNWI,-34.127781,150.498281, ,0.0,0.0,2,4060,0,0,0,0,0,0
TF,SCNWF,-34.085947,150.585103,0, ,0.0,0.0,47.0,5.0,2,2250,0,0,0,0,2,0
TF,SCNWM,-34.044097,150.671725,0, ,0.0,0.0,47.0,5.0,1,448,0,0,0,0,3,1
DF,SCNWH,-34.186036,150.633183,2, ,0.0,0.0,1,2700,0,0,0,0,0,0
CA,0,233.0,2,5400,0,0,0,0,0,0

APPTR,R28-W,28,SCNWA
IF,SCNWA,-34.209956,150.515819, ,0.0,0.0,2,5400,0,1,210,0,1,0
TF,SCNWI,-34.127781,150.498281,0, ,0.0,0.0,0.0,0.0,2,4060,0,0,0,0,1,0

APPTR,R28-W,28,SCNWB
IF,SCNWB,-34.169550,150.411378, ,0.0,0.0,2,5400,0,1,210,0,1,0
TF,SCNWI,-34.127781,150.498281,0, ,0.0,0.0,0.0,0.0,2,4060,0,0,0,0,1,0

APPTR,R28-W,28,SCNWC
IF,SCNWC,-34.074175,150.421389, ,0.0,0.0,2,5400,0,1,210,0,1,0
TF,SCNWI,-34.127781,150.498281,0, ,0.0,0.0,0.0,0.0,2,4060,0,0,0,0,1,0

FINAL,R28-W,28,R,3
IF,SCNWI,-34.127781,150.498281, ,0.0,0.0,2,4060,0,0,0,0,0,0
TF,SCNWF,-34.085947,150.585103,0, ,0.0,0.0,47.0,5.0,2,2250,0,0,0,0,2,0
TF,SCNWM,-34.044097,150.671725,0, ,0.0,0.0,47.0,5.0,1,448,0,0,0,0,3,1
DF,SCNWH,-34.186036,150.633183,2, ,0.0,0.0,1,2700,0,0,0,0,0,0
CA,0,233.0,2,5400,0,0,0,0,0,0

