APPTR,R11-Z,11,SGEWD
IF,SGEWD,-28.012528,148.349711, ,0.0,0.0,2,2400,0,1,230,0,1,0
TF,SGEWI,-27.959486,148.422444,0, ,0.0,0.0,0.0,0.0,2,2400,0,0,0,0,1,0

APPTR,R11-Z,11,SGEWE
IF,SGEWE,-27.916858,148.341519, ,0.0,0.0,2,2400,0,1,230,0,1,0
TF,SGEWI,-27.959486,148.422444,0, ,0.0,0.0,0.0,0.0,2,2400,0,0,0,0,1,0

APPTR,R11-Z,11,SGEWG
IF,SGEWG,-27.877344,148.439708, ,0.0,0.0,2,2400,0,1,230,0,1,0
TF,SGEWI,-27.959486,148.422444,0, ,0.0,0.0,0.0,0.0,2,2400,0,0,0,0,1,0

FINAL,R11-Z,11,R,3
IF,SGEWI,-27.959486,148.422444, ,0.0,0.0,2,2400,0,0,0,0,0,0
TF,SGEWF,-28.002064,148.503431,0, ,0.0,0.0,111.0,5.0,2,2380,0,0,0,0,2,0
TF,SGEWM,-28.044597,148.584483,0, ,0.0,0.0,111.0,5.0,1,790,0,0,0,0,3,1
CA,0,111.0,2,1156,0,0,0,0,0,0
DF,SGEWH,-28.070094,148.633144,0, ,0.0,0.0,0,0,0,0,0,0,0,1
VM,0,0,2,277.0,2,2400,0,0,0,0,0,0

APPTR,R29-Z,29,SGEEA
IF,SGEEA,-28.087994,148.841681, ,0.0,0.0,2,2400,0,1,230,0,1,0
TF,SGEEI,-28.141081,148.768903,0, ,0.0,0.0,0.0,0.0,2,2400,0,0,0,0,1,0

APPTR,R29-Z,29,SGEEB
IF,SGEEB,-28.183461,148.850161, ,0.0,0.0,2,2400,0,1,230,0,1,0
TF,SGEEI,-28.141081,148.768903,0, ,0.0,0.0,0.0,0.0,2,2400,0,0,0,0,1,0

APPTR,R29-Z,29,SGEEC
IF,SGEEC,-28.223217,148.751594, ,0.0,0.0,2,2400,0,1,230,0,1,0
TF,SGEEI,-28.141081,148.768903,0, ,0.0,0.0,0.0,0.0,2,2400,0,0,0,0,1,0

FINAL,R29-Z,29,R,3
IF,SGEEI,-28.141081,148.768903, ,0.0,0.0,2,2400,0,0,0,0,0,0
TF,SGEEF,-28.098653,148.687711,0, ,0.0,0.0,291.0,5.0,2,2400,0,0,0,0,2,0
TF,SGEEM,-28.056178,148.606581,0, ,0.0,0.0,291.0,5.0,1,791,0,0,0,0,3,1
DF,SGEEH,-28.030669,148.557933,0, ,0.0,0.0,0,0,0,0,0,0,0,1
VM,0,0,1,126.0,2,2400,0,0,0,0,0,0

