APPTR,D05,05,D150O
IF,D150O,-35.403714,147.563375, ,0.0,0.0,0,0,0,0,0,0,0,0
AF,D216O,-35.332944,147.241797,2,WG,216.1,15.0,150.0,2,4700,0,1,210,0,1,0
AF,D234O,-35.267292,147.190092,2,WG,234.0,15.0,216.0,2,4700,0,0,0,0,0,0
TF,D234J,-35.233364,147.283006,0, ,0.0,0.0,0.0,0.0,2,3820,0,0,0,0,0,0
TF,CS05,-35.213239,147.338897,0, ,0.0,0.0,0.0,0.0,2,2860,0,0,0,0,0,0

APPTR,D05,05,D234O
IF,D234O,-35.267292,147.190092, ,0.0,0.0,2,4700,0,1,210,0,1,0
TF,D234J,-35.233364,147.283006,0, ,0.0,0.0,0.0,0.0,2,3820,0,0,0,0,0,0
TF,CS05,-35.213239,147.338897,0, ,0.0,0.0,0.0,0.0,2,2860,0,0,0,0,0,0

APPTR,D05,05,WG1
IF,WG,-35.165739,147.469094, ,0.0,0.0,2,3000,0,1,210,0,1,0
FD,WG,-35.165739,147.469094,0,WG,0.0,7.0,208.0,7.0,0,0,0,0,0,0,0,0
CF,CS05,-35.213239,147.338897,2,WG,234.0,7.0,54.0,1.0,2,2860,0,0,0,0,0,0

APPTR,D05,05,WG2
IF,WG,-35.165739,147.469094, ,0.0,0.0,2,3000,0,1,210,0,1,0
FD,WG,-35.165739,147.469094,0,WG,0.0,7.0,221.0,7.0,0,0,0,0,0,0,0,0
CF,CS05,-35.213239,147.338897,2,WG,234.0,7.0,54.0,1.0,2,2860,0,0,0,0,0,0

FINAL,D05,05,D,4
IF,CS05,-35.213239,147.338897,WG,234.0,7.0,2,2860,0,0,0,0,0,0
CF,FS05,-35.206469,147.357486,0,WG,234.0,6.0,54.0,1.0,2,2540,0,0,0,0,2,0
CF,30VOR,-35.186136,147.413242,0,WG,234.0,3.0,54.0,3.0,2,1590,0,0,0,0,0,0
CF,RW05,-35.167067,147.460136,0,WG,247.8,0.5,54.0,2.6,1,761,0,0,0,0,3,0
CF,WG,-35.165739,147.469094,0,WG,0.0,0.0,54.0,0.4,0,0,0,0,0,0,0,1
CA,0,54.0,2,4200,0,0,0,0,0,0

APPTR,D23,23,D046L
IF,D046L,-35.059278,147.675478, ,0.0,0.0,2,4200,0,1,210,0,1,0
TF,D046J,-35.077025,147.641081,0, ,0.0,0.0,0.0,0.0,2,3780,0,0,0,0,0,0
TF,CS23,-35.103806,147.589578,0, ,0.0,0.0,0.0,0.0,2,2820,0,0,0,0,0,0

APPTR,D23,23,D160J
IF,D160J,-35.330914,147.497222, ,0.0,0.0,0,0,0,0,0,0,0,0
AF,D069J,-35.139331,147.669592,1,WG,69.0,10.0,160.0,2,4200,0,1,210,0,1,0
AF,D058J,-35.108367,147.659767,1,WG,57.9,10.0,69.0,2,3780,0,0,0,0,0,1
CF,CS23,-35.103806,147.589578,0,WG,46.0,7.0,226.0,3.0,2,2820,0,0,0,0,0,0

APPTR,D23,23,D330J
IF,D330J,-35.006831,147.406175, ,0.0,0.0,0,0,0,0,0,0,0,0
AF,D023J,-35.028811,147.585278,2,WG,22.9,10.0,330.0,2,4200,0,1,210,0,1,0
AF,D034J,-35.049561,147.614897,2,WG,33.9,10.0,23.0,2,3780,0,0,0,0,0,1
CF,CS23,-35.103806,147.589578,0,WG,46.0,7.0,226.0,3.0,2,2820,0,0,0,0,0,0

APPTR,D23,23,WG1
IF,WG,-35.165739,147.469094, ,0.0,0.0,2,4700,0,1,210,0,1,0
FD,WG,-35.165739,147.469094,0,WG,0.0,7.0,74.0,7.0,0,0,0,0,0,0,0,0
CF,CS23,-35.103806,147.589578,1,WG,46.0,7.0,226.0,1.0,2,2820,0,0,0,0,0,0

APPTR,D23,23,WG2
IF,WG,-35.165739,147.469094, ,0.0,0.0,2,4700,0,1,210,0,1,0
FD,WG,-35.165739,147.469094,0,WG,0.0,7.0,60.0,7.0,0,0,0,0,0,0,0,0
CF,CS23,-35.103806,147.589578,1,WG,46.0,7.0,226.0,1.0,2,2820,0,0,0,0,0,0

FINAL,D23,23,D,4
IF,CS23,-35.103806,147.589578,WG,46.0,7.0,2,2820,0,0,0,0,0,0
CF,FS23,-35.112667,147.572361,0,WG,46.0,6.0,226.0,1.0,2,2500,0,0,0,0,2,0
CF,45VOR,-35.125956,147.546533,0,WG,46.0,4.5,226.0,1.5,2,2020,0,0,0,0,0,0
CF,RW23,-35.159606,147.477311,0,WG,35.7,0.6,226.0,4.0,1,754,0,0,0,0,3,0
CF,WG,-35.165739,147.469094,0,WG,0.0,0.0,226.0,0.6,0,0,0,0,0,0,0,1
CA,0,226.0,2,4700,0,0,0,0,0,0

APPTR,I23-Y,23,D020J
IF,D020J,-35.024119,147.576631, ,0.0,0.0,0,0,0,1,210,0,1,0
AF,D035J,-35.051797,147.617561,2,WG,35.0,10.0,20.0,2,3010,0,0,0,0,0,1
VI,0,IWG,0.0,200.0,0,0,0,0,0,0,0,0

APPTR,I23-Y,23,D080J
IF,D080J,-35.171392,147.672269, ,0.0,0.0,0,0,0,1,210,0,1,0
AF,D065J,-35.128022,147.667078,1,WG,65.0,10.0,80.0,2,3010,0,0,0,0,0,1
VI,0,IWG,0.0,260.0,0,0,0,0,0,0,0,0

APPTR,I23-Y,23,WG
IF,WG,-35.165739,147.469094, ,0.0,0.0,2,4700,0,1,210,0,1,0
FD,WG,-35.165739,147.469094,0,WG,0.0,8.0,80.0,8.0,0,0,0,0,0,0,0,0
CI,0, ,0.0,80.0,0,0,0,0,0,0,0,0
AF,D065J,-35.128022,147.667078,1,WG,65.0,10.0,80.0,2,3010,0,0,0,0,0,1
VI,0,IWG,0.0,260.0,0,0,0,0,0,0,0,0

FINAL,I23-Y,23,I,3
IF,CF23Y,-35.069522,147.682622,IWG,50.0,12.5,2,4200,0,1,210,0,1,0
CF,FF23,-35.104131,147.603792,0,IWG,50.0,8.1,230.0,4.4,1,3010,0,0,0,0,2,0
CF,RW23,-35.159606,147.477311,0,IWG,50.3,1.1,230.0,7.1,1,754,0,0,0,0,3,0
CA,0,230.0,2,4700,0,0,0,0,0,0

APPTR,I23-Z,23,D020J
IF,D020J,-35.024119,147.576631, ,0.0,0.0,0,0,0,1,210,0,1,0
AF,D035J,-35.051797,147.617561,2,WG,35.0,10.0,20.0,2,3010,0,0,0,0,0,1
VI,0,IWG,0.0,200.0,0,0,0,0,0,0,0,0

APPTR,I23-Z,23,D080J
IF,D080J,-35.171392,147.672269, ,0.0,0.0,0,0,0,1,210,0,1,0
AF,D065J,-35.128022,147.667078,1,WG,65.0,10.0,80.0,2,3010,0,0,0,0,0,1
VI,0,IWG,0.0,260.0,0,0,0,0,0,0,0,0

APPTR,I23-Z,23,WG
IF,WG,-35.165739,147.469094, ,0.0,0.0,2,4700,0,1,210,0,1,0
FD,WG,-35.165739,147.469094,0,WG,0.0,7.6,80.0,7.6,0,0,0,0,0,0,0,0
CI,0, ,0.0,80.0,0,0,0,0,0,0,0,0
AF,D065J,-35.128022,147.667078,1,WG,65.0,10.0,80.0,2,3010,0,0,0,0,0,1
VI,0,IWG,0.0,260.0,0,0,0,0,0,0,0,0

FINAL,I23-Z,23,I,3
IF,CF23Z,-35.066458,147.689592,IWG,50.4,12.9,2,4200,0,1,210,0,1,0
CF,FF23,-35.104131,147.603792,0,IWG,50.0,8.1,230.0,4.8,1,3010,0,0,0,0,2,0
CF,RW23,-35.159606,147.477311,0,IWG,50.3,1.1,230.0,7.1,1,754,0,0,0,0,3,0
CA,0,230.0,2,4700,0,0,0,0,0,0

APPTR,N05-A,05,WG1
IF,WG,-35.163056,147.455556, ,0.0,0.0,2,3000,0,1,210,0,1,0
FC,WG,-35.163056,147.455556,0,WG,0.0,0.0,351.0,5.3,0,0,0,0,0,0,0,1
CF,FN140,-35.084925,147.405022,1,WG,314.9,5.8,140.0,1.0,2,3000,0,0,0,0,0,0

APPTR,N05-A,05,WG2
IF,WG,-35.163056,147.455556, ,0.0,0.0,2,3000,0,1,140,0,1,0
FC,WG,-35.163056,147.455556,0,WG,0.0,0.0,332.0,7.0,0,0,0,0,0,0,0,1
CF,FN140,-35.084925,147.405022,1,WG,314.9,5.8,140.0,2.0,2,3000,0,0,0,0,0,0

FINAL,N05-A,05,N,2
IF,FN140,-35.084925,147.405022,WG,0.0,0.0,2,3000,0,0,0,0,2,0
CF,WG,-35.163056,147.455556,0,WG,0.0,0.0,140.0,5.3,1,1910,0,0,0,0,3,0
CA,0,140.0,2,3000,0,0,0,0,0,0
DF,WG,-35.163056,147.455556,1, ,0.0,0.0,2,4700,0,0,0,0,0,0

APPTR,N12-A,12,WG1
IF,WG,-35.163056,147.455556, ,0.0,0.0,2,3000,0,1,210,0,1,0
FC,WG,-35.163056,147.455556,0,WG,0.0,0.0,351.0,5.3,0,0,0,0,0,0,0,1
CF,FN140,-35.084925,147.405022,1,WG,314.9,5.8,140.0,1.0,2,3000,0,0,0,0,0,0

APPTR,N12-A,12,WG2
IF,WG,-35.163056,147.455556, ,0.0,0.0,2,3000,0,1,140,0,1,0
FC,WG,-35.163056,147.455556,0,WG,0.0,0.0,332.0,7.0,0,0,0,0,0,0,0,1
CF,FN140,-35.084925,147.405022,1,WG,314.9,5.8,140.0,2.0,2,3000,0,0,0,0,0,0

FINAL,N12-A,12,N,2
IF,FN140,-35.084925,147.405022,WG,0.0,0.0,2,3000,0,0,0,0,2,0
CF,WG,-35.163056,147.455556,0,WG,0.0,0.0,140.0,5.3,1,1910,0,0,0,0,3,0
CA,0,140.0,2,3000,0,0,0,0,0,0
DF,WG,-35.163056,147.455556,1, ,0.0,0.0,2,4700,0,0,0,0,0,0

APPTR,N23-A,23,WG1
IF,WG,-35.163056,147.455556, ,0.0,0.0,2,3000,0,1,210,0,1,0
FC,WG,-35.163056,147.455556,0,WG,0.0,0.0,351.0,5.3,0,0,0,0,0,0,0,1
CF,FN140,-35.084925,147.405022,1,WG,314.9,5.8,140.0,1.0,2,3000,0,0,0,0,0,0

APPTR,N23-A,23,WG2
IF,WG,-35.163056,147.455556, ,0.0,0.0,2,3000,0,1,140,0,1,0
FC,WG,-35.163056,147.455556,0,WG,0.0,0.0,332.0,7.0,0,0,0,0,0,0,0,1
CF,FN140,-35.084925,147.405022,1,WG,314.9,5.8,140.0,2.0,2,3000,0,0,0,0,0,0

FINAL,N23-A,23,N,2
IF,FN140,-35.084925,147.405022,WG,0.0,0.0,2,3000,0,0,0,0,2,0
CF,WG,-35.163056,147.455556,0,WG,0.0,0.0,140.0,5.3,1,1910,0,0,0,0,3,0
CA,0,140.0,2,3000,0,0,0,0,0,0
DF,WG,-35.163056,147.455556,1, ,0.0,0.0,2,4700,0,0,0,0,0,0

APPTR,N30-A,30,WG1
IF,WG,-35.163056,147.455556, ,0.0,0.0,2,3000,0,1,210,0,1,0
FC,WG,-35.163056,147.455556,0,WG,0.0,0.0,351.0,5.3,0,0,0,0,0,0,0,1
CF,FN140,-35.084925,147.405022,1,WG,314.9,5.8,140.0,1.0,2,3000,0,0,0,0,0,0

APPTR,N30-A,30,WG2
IF,WG,-35.163056,147.455556, ,0.0,0.0,2,3000,0,1,140,0,1,0
FC,WG,-35.163056,147.455556,0,WG,0.0,0.0,332.0,7.0,0,0,0,0,0,0,0,1
CF,FN140,-35.084925,147.405022,1,WG,314.9,5.8,140.0,2.0,2,3000,0,0,0,0,0,0

FINAL,N30-A,30,N,2
IF,FN140,-35.084925,147.405022,WG,0.0,0.0,2,3000,0,0,0,0,2,0
CF,WG,-35.163056,147.455556,0,WG,0.0,0.0,140.0,5.3,1,1910,0,0,0,0,3,0
CA,0,140.0,2,3000,0,0,0,0,0,0
DF,WG,-35.163056,147.455556,1, ,0.0,0.0,2,4700,0,0,0,0,0,0

APPTR,R05-Z,05,WGAWA
IF,WGAWA,-35.327719,147.294100, ,0.0,0.0,2,4700,0,1,210,0,1,0
TF,WGAWI,-35.245025,147.280303,0, ,0.0,0.0,0.0,0.0,2,3950,0,0,0,0,1,0

APPTR,R05-Z,05,WGAWB
IF,WGAWB,-35.283897,147.190250, ,0.0,0.0,2,4700,0,1,210,0,1,0
TF,WGAWI,-35.245025,147.280303,0, ,0.0,0.0,0.0,0.0,2,3950,0,0,0,0,1,0

APPTR,R05-Z,05,WGAWC
IF,WGAWC,-35.188919,147.205003, ,0.0,0.0,2,4700,0,1,210,0,1,0
TF,WGAWI,-35.245025,147.280303,0, ,0.0,0.0,0.0,0.0,2,3950,0,0,0,0,1,0

FINAL,R05-Z,05,R,3
IF,WGAWI,-35.245025,147.280303, ,0.0,0.0,2,3950,0,0,0,0,0,0
TF,WGAWF,-35.206083,147.370272,0, ,0.0,0.0,50.0,5.0,2,2350,0,0,0,0,2,0
TF,WGAWM,-35.167067,147.460136,0, ,0.0,0.0,50.0,5.0,1,761,0,0,0,0,3,1
DF,WGAWH,-35.143639,147.514042,0, ,0.0,0.0,0,0,0,0,0,0,0,0
CA,0,50.0,2,4200,0,0,0,0,0,0

APPTR,R23-Z,23,WGAED
IF,WGAED,-34.998728,147.642644, ,0.0,0.0,2,4200,0,1,210,0,1,0
TF,WGAEI,-35.081383,147.656764,0, ,0.0,0.0,0.0,0.0,2,3940,0,0,0,0,1,0

APPTR,R23-Z,23,WGAEE
IF,WGAEE,-35.042161,147.746372, ,0.0,0.0,2,4200,0,1,210,0,1,0
TF,WGAEI,-35.081383,147.656764,0, ,0.0,0.0,0.0,0.0,2,3940,0,0,0,0,1,0

APPTR,R23-Z,23,WGAEG
IF,WGAEG,-35.137208,147.732275, ,0.0,0.0,2,4200,0,1,210,0,1,0
TF,WGAEI,-35.081383,147.656764,0, ,0.0,0.0,0.0,0.0,2,3940,0,0,0,0,1,0

FINAL,R23-Z,23,R,3
IF,WGAEI,-35.081383,147.656764, ,0.0,0.0,2,3940,0,0,0,0,0,0
TF,WGAEF,-35.120536,147.567072,0, ,0.0,0.0,230.0,5.0,2,2340,0,0,0,0,2,0
TF,WGAEM,-35.159606,147.477311,0, ,0.0,0.0,230.0,5.0,1,751,0,0,0,0,3,1
DF,WGAEH,-35.183044,147.423383,0, ,0.0,0.0,0,0,0,0,0,0,0,0
CA,0,230.0,2,4700,0,0,0,0,0,0

APPTR,V05-A,05,WG1
IF,WG,-35.165739,147.469094, ,0.0,0.0,2,3000,0,1,210,0,1,0
FC,WG,-35.165739,147.469094,0,WG,0.0,0.0,351.0,5.3,0,0,0,0,0,0,0,1
CF,FF140,-35.087606,147.418558,1,WG,320.0,5.3,140.0,1.0,2,3000,0,0,0,0,0,0

APPTR,V05-A,05,WG2
IF,WG,-35.165739,147.469094, ,0.0,0.0,2,3000,0,1,140,0,1,0
FC,WG,-35.165739,147.469094,0,WG,0.0,0.0,332.0,7.0,0,0,0,0,0,0,0,1
CF,FF140,-35.087606,147.418558,1,WG,320.0,5.3,140.0,2.0,2,3000,0,0,0,0,0,0

FINAL,V05-A,05,D,2
IF,FF140,-35.087606,147.418558,WG,320.0,5.3,2,3000,0,0,0,0,2,0
CF,WG,-35.165739,147.469094,0,WG,0.0,0.0,140.0,5.3,1,1910,0,0,0,0,3,0
CA,0,140.0,2,3000,0,0,0,0,0,0
DF,WG,-35.165739,147.469094,1, ,0.0,0.0,2,4700,0,0,0,0,0,0

APPTR,V12-A,12,WG1
IF,WG,-35.165739,147.469094, ,0.0,0.0,2,3000,0,1,210,0,1,0
FC,WG,-35.165739,147.469094,0,WG,0.0,0.0,351.0,5.3,0,0,0,0,0,0,0,1
CF,FF140,-35.087606,147.418558,1,WG,320.0,5.3,140.0,1.0,2,3000,0,0,0,0,0,0

APPTR,V12-A,12,WG2
IF,WG,-35.165739,147.469094, ,0.0,0.0,2,3000,0,1,140,0,1,0
FC,WG,-35.165739,147.469094,0,WG,0.0,0.0,332.0,7.0,0,0,0,0,0,0,0,1
CF,FF140,-35.087606,147.418558,1,WG,320.0,5.3,140.0,2.0,2,3000,0,0,0,0,0,0

FINAL,V12-A,12,D,2
IF,FF140,-35.087606,147.418558,WG,320.0,5.3,2,3000,0,0,0,0,2,0
CF,WG,-35.165739,147.469094,0,WG,0.0,0.0,140.0,5.3,1,1910,0,0,0,0,3,0
CA,0,140.0,2,3000,0,0,0,0,0,0
DF,WG,-35.165739,147.469094,1, ,0.0,0.0,2,4700,0,0,0,0,0,0

APPTR,V23-A,23,WG1
IF,WG,-35.165739,147.469094, ,0.0,0.0,2,3000,0,1,210,0,1,0
FC,WG,-35.165739,147.469094,0,WG,0.0,0.0,351.0,5.3,0,0,0,0,0,0,0,1
CF,FF140,-35.087606,147.418558,1,WG,320.0,5.3,140.0,1.0,2,3000,0,0,0,0,0,0

APPTR,V23-A,23,WG2
IF,WG,-35.165739,147.469094, ,0.0,0.0,2,3000,0,1,140,0,1,0
FC,WG,-35.165739,147.469094,0,WG,0.0,0.0,332.0,7.0,0,0,0,0,0,0,0,1
CF,FF140,-35.087606,147.418558,1,WG,320.0,5.3,140.0,2.0,2,3000,0,0,0,0,0,0

FINAL,V23-A,23,D,2
IF,FF140,-35.087606,147.418558,WG,320.0,5.3,2,3000,0,0,0,0,2,0
CF,WG,-35.165739,147.469094,0,WG,0.0,0.0,140.0,5.3,1,1910,0,0,0,0,3,0
CA,0,140.0,2,3000,0,0,0,0,0,0
DF,WG,-35.165739,147.469094,1, ,0.0,0.0,2,4700,0,0,0,0,0,0

APPTR,V30-A,30,WG1
IF,WG,-35.165739,147.469094, ,0.0,0.0,2,3000,0,1,210,0,1,0
FC,WG,-35.165739,147.469094,0,WG,0.0,0.0,351.0,5.3,0,0,0,0,0,0,0,1
CF,FF140,-35.087606,147.418558,1,WG,320.0,5.3,140.0,1.0,2,3000,0,0,0,0,0,0

APPTR,V30-A,30,WG2
IF,WG,-35.165739,147.469094, ,0.0,0.0,2,3000,0,1,140,0,1,0
FC,WG,-35.165739,147.469094,0,WG,0.0,0.0,332.0,7.0,0,0,0,0,0,0,0,1
CF,FF140,-35.087606,147.418558,1,WG,320.0,5.3,140.0,2.0,2,3000,0,0,0,0,0,0

FINAL,V30-A,30,D,2
IF,FF140,-35.087606,147.418558,WG,320.0,5.3,2,3000,0,0,0,0,2,0
CF,WG,-35.165739,147.469094,0,WG,0.0,0.0,140.0,5.3,1,1910,0,0,0,0,3,0
CA,0,140.0,2,3000,0,0,0,0,0,0
DF,WG,-35.165739,147.469094,1, ,0.0,0.0,2,4700,0,0,0,0,0,0

