APPTR,R04-Z,04,TROSA
IF,TROSA,-32.086525,152.412647, ,0.0,0.0,2,4500,0,1,210,0,1,0
TF,TROSI,-32.010819,152.371258,0, ,0.0,0.0,0.0,0.0,2,3270,0,0,0,0,1,0

APPTR,R04-Z,04,TROSB
IF,TROSB,-32.069808,152.301861, ,0.0,0.0,2,4500,0,1,210,0,1,0
TF,TROSI,-32.010819,152.371258,0, ,0.0,0.0,0.0,0.0,2,3270,0,0,0,0,1,0

APPTR,R04-Z,04,TROSC
IF,TROSC,-31.975442,152.282497, ,0.0,0.0,2,4500,0,1,210,0,1,0
TF,TROSI,-32.010819,152.371258,0, ,0.0,0.0,0.0,0.0,2,3270,0,0,0,0,1,0

FINAL,R04-Z,04,R,3
IF,TROSI,-32.010819,152.371258, ,0.0,0.0,2,3270,0,0,0,0,0,0
TF,TROSF,-31.951833,152.440611,0, ,0.0,0.0,33.0,5.0,2,1670,0,0,0,0,2,0
TF,TROSM,-31.892847,152.509922,0, ,0.0,0.0,33.0,5.0,1,102,0,0,0,0,3,1
DF,TROSH,-31.845628,152.565306,0, ,0.0,0.0,0,0,0,0,0,0,0,0
CA,0,33.0,2,4500,0,0,0,0,0,0

APPTR,R22,22,TROND
IF,TROND,-31.694303,152.604208, ,0.0,0.0,2,5100,0,1,200,0,1,0
TF,TRONI,-31.753328,152.673328,0, ,0.0,0.0,0.0,0.0,2,3560,0,0,0,0,1,0

APPTR,R22,22,TRONE
IF,TRONE,-31.717864,152.714747, ,0.0,0.0,2,3400,0,1,200,0,1,0
TF,TRONI,-31.753328,152.673328,0, ,0.0,0.0,0.0,0.0,2,3400,0,0,0,0,1,0

APPTR,R22,22,TRONG
IF,TRONG,-31.781497,152.744239, ,0.0,0.0,2,3400,0,1,200,0,1,0
TF,TRONI,-31.753328,152.673328,0, ,0.0,0.0,0.0,0.0,2,3400,0,0,0,0,1,0

FINAL,R22,22,R,3
IF,TRONI,-31.753328,152.673328, ,0.0,0.0,2,3400,0,0,0,0,0,0
TF,TRONF,-31.812408,152.604225,0, ,0.0,0.0,213.0,5.0,2,1970,0,0,0,0,2,0
TF,TRONM,-31.883250,152.521186,0, ,0.0,0.0,213.0,6.0,1,57,0,0,0,0,3,1
CA,0,213.0,2,540,0,0,0,0,0,0
DF,TRONH,-31.826739,152.455103,2, ,0.0,0.0,0,0,0,1,200,0,0,0
CA,0,25.0,2,4500,0,0,0,0,0,0

