SID,KAN01D,09,2
CD, ,0,0,0,YNJ,0,0.0,91.0,4.5,0,0,0,0,0,0,0,0
CI,1, ,0.0,271.0,0,0,0,1,200,0,0,0
CF,D341Q,43.131461,129.265086,0,YNJ,340.2,17.0,341.0,13.0,2,6530,0,0,0,0,0,0
TF,KANVU,43.395000,129.065000,0, ,0.0,0.0,0.0,0.0,0,0,0,0,0,0,0,0

SID,KAN02D,09,2
CA,0,91.0,2,2430,0,1,205,0,0,0
CF,JA,42.871361,129.341094,1,YNJ,269.8,5.0,245.0,9.0,0,0,0,0,0,0,0,1
DF,JA,42.871361,129.341094,1, ,0.0,0.0,0,0,0,0,0,0,0,0
TF,V,43.131667,129.263333,0, ,0.0,0.0,0.0,0.0,0,0,0,0,0,0,0,0
TF,KANVU,43.395000,129.065000,0, ,0.0,0.0,0.0,0.0,0,0,0,0,0,0,0,0

SID,KAN09D,09,5
CF,YJ407,42.893611,129.551944,0,YNJ,91.0,4.5,91.0,4.0,0,0,0,0,0,0,0,1
DF,YJ406,42.989444,129.429444,1, ,0.0,0.0,2,3580,0,1,200,0,0,0
TF,YJ402,43.249722,129.175278,0, ,0.0,0.0,0.0,0.0,0,0,0,0,0,0,0,0
TF,KANVU,43.395000,129.065000,0, ,0.0,0.0,0.0,0.0,0,0,0,0,0,0,0,0

SID,KAN11D,27,2
CA,0,271.0,2,2270,0,0,0,0,0,0
CI,2, ,0.0,10.0,0,0,0,0,0,0,0,0
CF,D341Q,43.131461,129.265086,0,YNJ,340.2,17.0,341.0,8.0,2,6530,0,0,0,0,0,0
TF,KANVU,43.395000,129.065000,0, ,0.0,0.0,0.0,0.0,0,0,0,0,0,0,0,0

SID,KAN12D,27,2
CF,JA,42.871361,129.341094,0,YNJ,269.8,5.0,271.0,4.0,2,2270,0,1,205,0,0,1
DF,JA,42.871361,129.341094,1, ,0.0,0.0,0,0,0,0,0,0,0,0
TF,V,43.131667,129.263333,0, ,0.0,0.0,0.0,0.0,0,0,0,0,0,0,0,0
TF,KANVU,43.395000,129.065000,0, ,0.0,0.0,0.0,0.0,0,0,0,0,0,0,0,0

SID,KAN19D,27,5
CA,0,271.0,2,2270,0,0,0,0,0,0
DF,YJ402,43.249722,129.175278,2, ,0.0,0.0,0,0,0,0,0,0,0,0
TF,KANVU,43.395000,129.065000,0, ,0.0,0.0,0.0,0.0,0,0,0,0,0,0,0,0

SID,OMB09D,09,5
CF,YJ407,42.893611,129.551944,0,YNJ,91.0,4.5,91.0,4.0,0,0,0,0,0,0,0,1
DF,YJ406,42.989444,129.429444,1, ,0.0,0.0,2,3580,0,1,200,0,0,0
TF,YJ408,43.127222,128.986944,0, ,0.0,0.0,0.0,0.0,0,0,0,0,0,0,0,0
TF,YJ409,43.298611,128.659722,0, ,0.0,0.0,0.0,0.0,0,0,0,0,0,0,0,0
TF,OMBAD,43.495000,128.285000,0, ,0.0,0.0,0.0,0.0,0,0,0,0,0,0,0,0

SID,OMB19D,27,5
CA,0,271.0,2,2270,0,0,0,0,0,0
DF,YJ408,43.127222,128.986944,2, ,0.0,0.0,0,0,0,0,0,0,0,0
TF,YJ409,43.298611,128.659722,0, ,0.0,0.0,0.0,0.0,0,0,0,0,0,0,0,0
TF,OMBAD,43.495000,128.285000,0, ,0.0,0.0,0.0,0.0,0,0,0,0,0,0,0,0

SID,WQG01D,09,2
CD, ,0,0,0,YNJ,0,0.0,91.0,4.5,0,0,0,0,0,0,0,0
CI,1, ,0.0,356.0,0,0,0,1,200,0,0,0
CF,D041Q,43.126911,129.649061,0,YNJ,39.7,17.0,41.0,8.0,2,6530,0,0,0,0,0,0
TF,WQG,43.293333,129.785000,0, ,0.0,0.0,0.0,0.0,0,0,0,0,0,0,0,0

SID,WQG02D,09,2
CA,0,91.0,2,2430,0,1,205,0,0,0
CF,JA,42.871361,129.341094,1,YNJ,269.8,5.0,245.0,9.0,0,0,0,0,0,0,0,1
DF,JA,42.871361,129.341094,1, ,0.0,0.0,0,0,0,0,0,0,0,0
TF,W,43.061667,129.595000,0, ,0.0,0.0,0.0,0.0,0,0,0,0,0,0,0,0
TF,WQG,43.293333,129.785000,0, ,0.0,0.0,0.0,0.0,0,0,0,0,0,0,0,0

SID,WQG09D,09,5
CF,YJ407,42.893611,129.551944,0,YNJ,91.0,4.5,91.0,4.0,0,0,0,0,0,0,0,1
DF,YJ401,43.242778,129.741389,1, ,0.0,0.0,0,0,0,1,200,0,0,0
TF,WQG,43.293333,129.785000,0, ,0.0,0.0,0.0,0.0,0,0,0,0,0,0,0,0

SID,WQG11D,27,2
CA,0,271.0,2,2270,0,0,0,0,0,0
CI,2, ,0.0,91.0,0,0,0,0,0,0,0,0
CF,D041Q,43.126911,129.649061,0,WQG,220.9,11.6,41.0,13.0,2,6530,0,0,0,0,0,0
TF,WQG,43.293333,129.785000,0, ,0.0,0.0,0.0,0.0,0,0,0,0,0,0,0,0

SID,WQG12D,27,2
CF,JA,42.871361,129.341094,0,YNJ,269.8,5.0,271.0,4.0,2,2270,0,1,205,0,0,1
DF,JA,42.871361,129.341094,1, ,0.0,0.0,0,0,0,0,0,0,0,0
TF,W,43.061667,129.595000,0, ,0.0,0.0,0.0,0.0,0,0,0,0,0,0,0,0
TF,WQG,43.293333,129.785000,0, ,0.0,0.0,0.0,0.0,0,0,0,0,0,0,0,0

SID,WQG19D,27,5
CA,0,271.0,2,2270,0,0,0,0,0,0
DF,YJ401,43.242778,129.741389,2, ,0.0,0.0,0,0,0,0,0,0,0,0
TF,WQG,43.293333,129.785000,0, ,0.0,0.0,0.0,0.0,0,0,0,0,0,0,0,0

STAR,KAN01A,09,2
IF,KANVU,43.395000,129.065000, ,0.0,0.0,0,0,0,0,0,0,0,0
TF,D341Y,43.248119,129.176761,0, ,0.0,0.0,0.0,0.0,2,9490,0,0,0,0,0,1
CI,0, ,0.0,161.0,0,0,0,0,0,0,0,0
AF,D277V,42.869786,128.964664,1,YNJ,277.0,21.5,341.0,0,0,0,0,0,0,0,1
CF,D270T,42.834633,129.003389,0,YNJ,271.0,20.0,91.0,4.0,2,6530,0,0,0,0,0,0

STAR,KAN02A,09,2
IF,KANVU,43.395000,129.065000, ,0.0,0.0,0,0,0,0,0,0,0,0
TF,D341Y,43.248119,129.176761,0, ,0.0,0.0,0.0,0.0,2,9490,0,0,0,0,0,0
TF,YNJ,42.883333,129.451667,0, ,0.0,0.0,0.0,0.0,2,4560,0,0,0,0,0,0

STAR,KAN03A,ALL,2
IF,KANVU,43.395000,129.065000, ,0.0,0.0,0,0,0,0,0,0,0,0
TF,V,43.131667,129.263333,0, ,0.0,0.0,0.0,0.0,0,0,0,0,0,0,0,0
TF,JA,42.871361,129.341094,0, ,0.0,0.0,0.0,0.0,2,6530,0,0,0,0,0,0

STAR,KAN04A,09,2
IF,KANVU,43.395000,129.065000, ,0.0,0.0,0,0,0,0,0,0,0,0
TF,D341Y,43.248119,129.176761,0, ,0.0,0.0,0.0,0.0,2,9490,0,0,0,0,0,1
CI,0, ,0.0,161.0,0,0,0,0,0,0,0,0
AF,D273V,42.844839,128.967231,1,YNJ,273.0,21.5,341.0,0,0,0,0,0,0,0,1
CF,D267T,42.813150,129.008675,0,YNJ,267.0,20.0,87.0,4.0,2,6530,0,0,0,0,0,0

STAR,KAN09A,09,5
IF,YJ402,43.249722,129.175278, ,0.0,0.0,0,0,0,0,0,0,0,0
TF,YJ504,42.956667,129.125000,0, ,0.0,0.0,0.0,0.0,2,4570,0,1,210,0,0,0

STAR,KAN11A,27,2
IF,KANVU,43.395000,129.065000, ,0.0,0.0,0,0,0,0,0,0,0,0
TF,D341N,43.087697,129.298122,0, ,0.0,0.0,0.0,0.0,2,6530,0,0,0,0,0,0

STAR,KAN12A,27,2
IF,KANVU,43.395000,129.065000, ,0.0,0.0,0,0,0,0,0,0,0,0
TF,D341N,43.087697,129.298122,0, ,0.0,0.0,0.0,0.0,0,0,0,0,0,0,0,0
TF,D341B,42.912539,129.429792,0, ,0.0,0.0,0.0,0.0,2,4570,0,0,0,0,0,0

STAR,KAN18A,27,5
IF,YJ402,43.249722,129.175278, ,0.0,0.0,0,0,0,0,0,0,0,0
TF,YJ606,42.983889,129.375833,0, ,0.0,0.0,0.0,0.0,0,0,0,0,0,0,0,0
TF,YJ406,42.989444,129.429444,0, ,0.0,0.0,0.0,0.0,0,0,0,0,0,0,0,0
TF,YJ604,43.017778,129.695000,0, ,0.0,0.0,0.0,0.0,2,4570,0,1,200,0,0,0

STAR,KAN19A,27,5
IF,YJ402,43.249722,129.175278, ,0.0,0.0,0,0,0,0,0,0,0,0
TF,YJ604,43.017778,129.695000,0, ,0.0,0.0,0.0,0.0,2,4570,0,1,200,0,0,0

STAR,OMB09A,09,5
IF,YJ409,43.298611,128.659722, ,0.0,0.0,0,0,0,0,0,0,0,0
TF,YJ408,43.127222,128.986944,0, ,0.0,0.0,0.0,0.0,0,0,0,0,0,0,0,0
TF,YJ504,42.956667,129.125000,0, ,0.0,0.0,0.0,0.0,2,4570,0,1,210,0,0,0

STAR,OMB19A,27,5
IF,YJ409,43.298611,128.659722, ,0.0,0.0,0,0,0,0,0,0,0,0
TF,YJ408,43.127222,128.986944,0, ,0.0,0.0,0.0,0.0,0,0,0,0,0,0,0,0
TF,YJ607,42.973611,129.280833,0, ,0.0,0.0,0.0,0.0,0,0,0,0,0,0,0,0
TF,YJ606,42.983889,129.375833,0, ,0.0,0.0,0.0,0.0,0,0,0,0,0,0,0,0
TF,YJ406,42.989444,129.429444,0, ,0.0,0.0,0.0,0.0,0,0,0,0,0,0,0,0
TF,YJ604,43.017778,129.695000,0, ,0.0,0.0,0.0,0.0,2,4570,0,1,200,0,0,0

STAR,WQG01A,09,2
IF,WQG,43.293333,129.785000, ,0.0,0.0,0,0,0,0,0,0,0,0
TF,D041B,42.912006,129.474808,0, ,0.0,0.0,0.0,0.0,2,4560,0,0,0,0,0,0

STAR,WQG02A,ALL,2
IF,WQG,43.293333,129.785000, ,0.0,0.0,0,0,0,0,0,0,0,0
TF,W,43.061667,129.595000,0, ,0.0,0.0,0.0,0.0,0,0,0,0,0,0,0,0
TF,JA,42.871361,129.341094,0, ,0.0,0.0,0.0,0.0,2,6530,0,0,0,0,0,0

STAR,WQG09A,09,5
IF,YJ401,43.242778,129.741389, ,0.0,0.0,0,0,0,0,0,0,0,0
TF,YJ504,42.956667,129.125000,0, ,0.0,0.0,0.0,0.0,2,4570,0,1,210,0,0,0

STAR,WQG11A,27,2
IF,WQG,43.293333,129.785000, ,0.0,0.0,0,0,0,0,0,0,0,0
TF,D041N,43.083950,129.614114,0, ,0.0,0.0,0.0,0.0,2,4570,0,0,0,0,0,0

STAR,WQG12A,27,2
IF,WQG,43.293333,129.785000, ,0.0,0.0,0,0,0,0,0,0,0,0
TF,D041N,43.083950,129.614114,0, ,0.0,0.0,0.0,0.0,0,0,0,0,0,0,0,0
TF,YNJ,42.883333,129.451667,0, ,0.0,0.0,0.0,0.0,2,4570,0,0,0,0,0,0

STAR,WQG19A,27,5
IF,YJ401,43.242778,129.741389, ,0.0,0.0,0,0,0,0,0,0,0,0
TF,YJ605,43.132222,129.719722,0, ,0.0,0.0,0.0,0.0,0,0,0,0,0,0,0,0
TF,YJ604,43.017778,129.695000,0, ,0.0,0.0,0.0,0.0,2,4570,0,1,200,0,0,0

APPTR,D09,09,D0411
IF,D041B,42.912006,129.474808, ,0.0,0.0,2,4560,0,1,200,0,1,0
CF,YNJ,42.883333,129.451667,0,YNJ,0.0,0.0,221.0,2.0,0,0,0,0,0,0,0,0
FD,YNJ,42.883333,129.451667,0,YNJ,0.0,11.0,283.0,11.0,0,0,0,0,0,0,0,0
CF,CD09,42.844944,129.207897,1,YNJ,267.0,11.0,87.0,1.0,2,3090,0,0,0,0,1,0

APPTR,D09,09,D0412
IF,D041B,42.912006,129.474808, ,0.0,0.0,2,4560,0,1,200,0,1,0
CF,YNJ,42.883333,129.451667,0,YNJ,0.0,0.0,221.0,2.0,0,0,0,0,0,0,0,0
FD,YNJ,42.883333,129.451667,0,YNJ,0.0,11.0,277.0,11.0,0,0,0,0,0,0,0,0
CF,CD09,42.844944,129.207897,1,YNJ,267.0,11.0,87.0,1.0,2,3090,0,0,0,0,1,0

APPTR,D09,09,D267T
IF,D267T,42.813150,129.008675, ,0.0,0.0,2,6530,0,1,200,0,1,0
CF,D267N,42.836147,129.152536,0,YNJ,267.0,13.5,87.0,6.5,2,3910,0,0,0,0,0,0
CF,CD09,42.844944,129.207897,0,YNJ,267.0,11.0,87.0,2.5,2,3090,0,0,0,0,1,0

APPTR,D09,09,YNJ1
IF,YNJ,42.883333,129.451667, ,0.0,0.0,2,4560,0,1,200,0,1,0
FD,YNJ,42.883333,129.451667,0,YNJ,0.0,11.0,283.0,11.0,0,0,0,0,0,0,0,0
CF,CD09,42.844944,129.207897,1,YNJ,267.0,11.0,87.0,1.0,2,3090,0,0,0,0,1,0

APPTR,D09,09,YNJ2
IF,YNJ,42.883333,129.451667, ,0.0,0.0,2,4560,0,1,200,0,1,0
FD,YNJ,42.883333,129.451667,0,YNJ,0.0,11.0,277.0,11.0,0,0,0,0,0,0,0,0
CF,CD09,42.844944,129.207897,1,YNJ,267.0,11.0,87.0,1.0,2,3090,0,0,0,0,1,0

FINAL,D09,09,D,4
IF,CD09,42.844944,129.207897,YNJ,267.0,11.0,2,3090,0,0,0,0,0,0
CF,FD09,42.854414,129.267703,0,YNJ,267.0,8.3,87.0,2.7,2,3090,0,0,0,0,2,0
CF,42VOR,42.868736,129.358556,0,YNJ,267.0,4.2,87.0,4.1,2,1790,0,0,0,0,0,0
CF,MD09,42.878475,129.420622,0,YNJ,267.0,1.4,87.0,2.8,1,870,0,0,0,0,3,0
CF,YNJ,42.883333,129.451667,0,YNJ,0.0,0.0,87.0,1.4,0,0,0,0,0,0,0,0
FD,YNJ,42.883333,129.451667,0,YNJ,0.0,4.5,87.0,4.5,0,0,0,0,0,0,0,0
DF,YNJ,42.883333,129.451667,1, ,0.0,0.0,1,4560,0,1,200,0,0,0

APPTR,D27,27,D041N
IF,D041N,43.083950,129.614114, ,0.0,0.0,2,4540,0,1,200,0,1,0
CI,0, ,0.0,221.0,0,0,0,0,0,0,0,0
AF,D060L,43.009033,129.663511,2,YNJ,60.0,12.0,41.0,2,4540,0,0,0,0,0,0
AF,D080L,42.948175,129.709153,2,YNJ,80.0,12.0,60.0,0,0,0,0,0,0,0,0
CF,CD27,42.894739,129.677853,0,YNJ,95.0,10.0,275.0,2.0,2,3230,0,0,0,0,1,0

APPTR,D27,27,D3411
IF,D341B,42.912539,129.429792, ,0.0,0.0,2,4540,0,1,200,0,1,0
CF,YNJ,42.883333,129.451667,0,YNJ,0.0,0.0,161.0,2.0,0,0,0,0,0,0,0,0
FD,YNJ,42.883333,129.451667,0,YNJ,0.0,10.0,77.0,10.0,2,3230,0,0,0,0,0,0
CF,CD27,42.894739,129.677853,2,YNJ,95.0,10.0,275.0,1.0,2,3230,0,0,0,0,1,0

APPTR,D27,27,D3412
IF,D341B,42.912539,129.429792, ,0.0,0.0,2,4540,0,1,200,0,1,0
CF,YNJ,42.883333,129.451667,0,YNJ,0.0,0.0,161.0,2.0,0,0,0,0,0,0,0,0
FD,YNJ,42.883333,129.451667,0,YNJ,0.0,10.0,84.0,10.0,2,3230,0,0,0,0,0,0
CF,CD27,42.894739,129.677853,2,YNJ,95.0,10.0,275.0,1.0,2,3230,0,0,0,0,1,0

APPTR,D27,27,D341N
IF,D341N,43.087697,129.298122, ,0.0,0.0,2,6510,0,1,200,0,1,0
CI,0, ,0.0,161.0,0,0,0,0,0,0,0,0
AF,D060L,43.009033,129.663511,2,YNJ,60.0,12.0,341.0,2,4540,0,0,0,0,0,0
AF,D080L,42.948175,129.709153,2,YNJ,80.0,12.0,60.0,0,0,0,0,0,0,0,0
CF,CD27,42.894739,129.677853,0,YNJ,95.0,10.0,275.0,2.0,2,3230,0,0,0,0,1,0

APPTR,D27,27,YNJ1
IF,YNJ,42.883333,129.451667, ,0.0,0.0,2,4540,0,1,200,0,1,0
FD,YNJ,42.883333,129.451667,0,YNJ,0.0,10.0,77.0,10.0,2,3230,0,0,0,0,0,0
CF,CD27,42.894739,129.677853,2,YNJ,95.0,10.0,275.0,1.0,2,3230,0,0,0,0,1,0

APPTR,D27,27,YNJ2
IF,YNJ,42.883333,129.451667, ,0.0,0.0,2,4540,0,1,200,0,1,0
FD,YNJ,42.883333,129.451667,0,YNJ,0.0,10.0,84.0,10.0,2,3230,0,0,0,0,0,0
CF,CD27,42.894739,129.677853,2,YNJ,95.0,10.0,275.0,1.0,2,3230,0,0,0,0,1,0

FINAL,D27,27,D,4
IF,CD27,42.894739,129.677853,YNJ,95.0,10.0,2,3230,0,0,0,0,0,0
CF,FD27,42.892606,129.634872,0,YNJ,95.0,8.1,275.0,1.9,2,3230,0,0,0,0,2,0
CF,54VOR,42.889547,129.573797,0,YNJ,95.0,5.4,275.0,2.7,2,2290,0,0,0,0,0,0
CF,MD27,42.884839,129.481064,0,YNJ,95.0,1.3,275.0,4.1,1,885,0,0,0,0,3,0
FA,MD27,42.884839,129.481064,0,YNJ,0.0,0.0,275.0,2,2410,0,0,0,0,0,0
DF,YNJ,42.883333,129.451667,2, ,0.0,0.0,1,4540,0,1,200,0,0,0

APPTR,I09-Y,09,D0411
IF,D041B,42.912006,129.474808, ,0.0,0.0,2,4560,0,1,200,0,1,0
CF,YNJ,42.883333,129.451667,0,YNJ,0.0,0.0,221.0,2.0,0,0,0,0,0,0,0,0
FD,YNJ,42.883333,129.451667,0,YNJ,0.0,11.0,287.0,11.0,0,0,0,0,0,0,0,0
CF,CI09Y,42.856369,129.205133,1,IJA,270.8,11.9,91.0,1.0,2,3090,0,0,0,0,1,0

APPTR,I09-Y,09,D0412
IF,D041B,42.912006,129.474808, ,0.0,0.0,2,4560,0,1,200,0,1,0
CF,YNJ,42.883333,129.451667,0,YNJ,0.0,0.0,221.0,2.0,0,0,0,0,0,0,0,0
FD,YNJ,42.883333,129.451667,0,YNJ,0.0,11.0,281.0,11.0,0,0,0,0,0,0,0,0
CF,CI09Y,42.856369,129.205133,1,IJA,270.8,11.9,91.0,1.0,2,3090,0,0,0,0,1,0

APPTR,I09-Y,09,D270T
IF,D270T,42.834633,129.003389, ,0.0,0.0,2,6530,0,1,200,0,1,0
CF,D270N,42.850181,129.149125,0,YNJ,270.6,13.5,91.0,6.5,2,3910,0,0,0,0,0,0
CF,CI09Y,42.856369,129.205133,0,IJA,270.8,11.9,91.0,2.5,2,3090,0,0,0,0,1,0

APPTR,I09-Y,09,YNJ1
IF,YNJ,42.883333,129.451667, ,0.0,0.0,2,4560,0,1,200,0,1,0
FD,YNJ,42.883333,129.451667,0,YNJ,0.0,11.0,287.0,11.0,0,0,0,0,0,0,0,0
CF,CI09Y,42.856369,129.205133,1,IJA,270.8,11.9,91.0,1.0,2,3090,0,0,0,0,1,0

APPTR,I09-Y,09,YNJ2
IF,YNJ,42.883333,129.451667, ,0.0,0.0,2,4560,0,1,200,0,1,0
FD,YNJ,42.883333,129.451667,0,YNJ,0.0,11.0,281.0,11.0,0,0,0,0,0,0,0,0
CF,CI09Y,42.856369,129.205133,1,IJA,270.8,11.9,91.0,1.0,2,3090,0,0,0,0,1,0

FINAL,I09-Y,09,I,3
IF,CI09Y,42.856369,129.205133,IJA,270.8,11.9,2,3090,0,0,0,0,0,0
CF,FI09,42.862931,129.265664,0,IJA,270.8,9.2,91.0,2.7,1,3090,0,0,0,0,2,0
CF,RW09,42.881175,129.435625,0,IJA,270.8,1.6,91.0,7.6,1,670,0,0,0,0,3,0
FD,RW09,42.881175,129.435625,0,YNJ,268.6,4.5,91.0,4.5,0,0,0,0,0,0,0,0
DF,YNJ,42.883333,129.451667,1, ,0.0,0.0,1,4560,0,1,200,0,0,0

APPTR,I09-Z,09,YJ504
IF,YJ504,42.956667,129.125000, ,0.0,0.0,2,4560,0,1,210,0,1,0
TF,YJ506,42.894444,129.137778,0, ,0.0,0.0,0.0,0.0,2,3580,0,0,0,0,0,0
CF,YJ503,42.849722,129.146944,0,IJA,271.0,14.4,181.0,2.7,2,3090,0,0,0,0,1,0

FINAL,I09-Z,09,I,3
IF,YJ503,42.849722,129.146944,IJA,270.7,14.5,2,3090,0,0,0,0,0,0
CF,FI09,42.862931,129.265664,0,IJA,270.8,9.2,91.0,5.3,1,3090,0,0,0,0,2,0
CF,RW09,42.881175,129.435625,0,IJA,270.8,1.6,91.0,7.6,1,670,0,0,0,0,3,0
FD,RW09,42.881175,129.435625,0,YNJ,268.6,4.5,91.0,4.5,0,0,0,0,0,0,0,0
DF,YNJ,42.883333,129.451667,1, ,0.0,0.0,1,4560,0,1,200,0,0,0

APPTR,I27-Y,27,D041N
IF,D041N,43.083950,129.614114, ,0.0,0.0,2,4540,0,1,200,0,1,0
CI,0, ,0.0,221.0,0,0,0,0,0,0,0,0
AF,D060L,43.009033,129.663511,2,YNJ,60.0,12.0,41.0,2,4540,0,0,0,0,0,0
AF,D080L,42.948175,129.709153,2,YNJ,80.0,12.0,60.0,0,0,0,0,0,0,0,0
CF,CI27Y,42.906494,129.676169,0,IYJ,90.8,10.9,271.0,2.0,2,3230,0,0,0,0,1,0

APPTR,I27-Y,27,D3411
IF,D341B,42.912539,129.429792, ,0.0,0.0,2,4540,0,1,200,0,1,0
CF,YNJ,42.883333,129.451667,0,YNJ,0.0,0.0,161.0,2.0,0,0,0,0,0,0,0,0
FD,YNJ,42.883333,129.451667,0,YNJ,0.0,10.0,73.0,10.0,2,3230,0,0,0,0,0,0
CF,CI27Y,42.906494,129.676169,2,IYJ,90.8,10.9,271.0,1.0,2,3230,0,0,0,0,1,0

APPTR,I27-Y,27,D3412
IF,D341B,42.912539,129.429792, ,0.0,0.0,2,4540,0,1,200,0,1,0
CF,YNJ,42.883333,129.451667,0,YNJ,0.0,0.0,161.0,2.0,0,0,0,0,0,0,0,0
FD,YNJ,42.883333,129.451667,0,YNJ,0.0,10.0,81.0,10.0,2,3230,0,0,0,0,0,0
CF,CI27Y,42.906494,129.676169,2,IYJ,90.8,10.9,271.0,1.0,2,3230,0,0,0,0,1,0

APPTR,I27-Y,27,D341N
IF,D341N,43.087697,129.298122, ,0.0,0.0,2,6510,0,1,200,0,1,0
CI,0, ,0.0,161.0,0,0,0,0,0,0,0,0
AF,D060L,43.009033,129.663511,2,YNJ,60.0,12.0,341.0,2,4540,0,0,0,0,0,0
AF,D080L,42.948175,129.709153,2,YNJ,80.0,12.0,60.0,0,0,0,0,0,0,0,0
CF,CI27Y,42.906494,129.676169,0,IYJ,90.8,10.9,271.0,2.0,2,3230,0,0,0,0,1,0

APPTR,I27-Y,27,YNJ1
IF,YNJ,42.883333,129.451667, ,0.0,0.0,2,4540,0,1,200,0,1,0
FD,YNJ,42.883333,129.451667,0,YNJ,0.0,10.0,73.0,10.0,2,3230,0,0,0,0,0,0
CF,CI27Y,42.906494,129.676169,2,IYJ,90.8,10.9,271.0,1.0,2,3230,0,0,0,0,1,0

APPTR,I27-Y,27,YNJ2
IF,YNJ,42.883333,129.451667, ,0.0,0.0,2,4540,0,1,200,0,1,0
FD,YNJ,42.883333,129.451667,0,YNJ,0.0,10.0,81.0,10.0,2,3230,0,0,0,0,0,0
CF,CI27Y,42.906494,129.676169,2,IYJ,90.8,10.9,271.0,1.0,2,3230,0,0,0,0,1,0

FINAL,I27-Y,27,I,3
IF,CI27Y,42.906494,129.676169,IYJ,90.8,10.9,2,3230,0,0,0,0,0,0
CF,FI27,42.902044,129.633508,0,IYJ,90.8,9.0,271.0,1.9,1,3230,0,0,0,0,2,0
CF,RW27,42.884531,129.467125,0,IYJ,90.8,1.6,271.0,7.4,1,646,0,0,0,0,3,0
CA,0,271.0,2,2410,0,0,0,0,0,0
DF,YNJ,42.883333,129.451667,2, ,0.0,0.0,1,4540,0,1,200,0,0,0

APPTR,I27-Z,27,YJ604
IF,YJ604,43.017778,129.695000, ,0.0,0.0,2,4560,0,1,200,0,1,0
CF,YJ603,42.910833,129.716111,0,IYJ,90.7,12.7,181.0,6.5,2,3230,0,0,0,0,1,0

FINAL,I27-Z,27,I,3
IF,YJ603,42.910833,129.716111,IYJ,90.7,12.7,2,3230,0,0,0,0,0,0
CF,FI27,42.902044,129.633508,0,IYJ,90.8,9.0,271.0,3.7,1,3230,0,0,0,0,2,0
CF,RW27,42.884531,129.467125,0,IYJ,90.8,1.6,271.0,7.4,1,646,0,0,0,0,3,0
CA,0,271.0,2,2410,0,0,0,0,0,0
DF,YNJ,42.883333,129.451667,2, ,0.0,0.0,1,4560,0,1,200,0,0,0

APPTR,N09,09,JA1
IF,JA,42.871361,129.341094, ,0.0,0.0,2,6530,0,0,0,0,0,0
CF,J,42.879606,129.420472,0,YNJ,269.8,1.4,91.0,3.5,2,5550,0,0,0,0,0,1
DF,JA,42.871361,129.341094,2, ,0.0,0.0,2,4560,0,1,200,0,1,0
FC,JA,42.871361,129.341094,0,YNJ,0.0,0.0,302.0,5.0,2,3250,0,0,0,0,0,1
CF,FN09,42.865194,129.281619,1,YNJ,270.8,7.6,91.0,3.0,2,3250,0,0,0,0,0,0

APPTR,N09,09,JA2
IF,JA,42.871361,129.341094, ,0.0,0.0,2,6530,0,0,0,0,0,0
CF,J,42.879606,129.420472,0,YNJ,269.8,1.4,91.0,3.5,2,5550,0,0,0,0,0,1
DF,JA,42.871361,129.341094,2, ,0.0,0.0,2,4560,0,1,200,0,1,0
FC,JA,42.871361,129.341094,0,YNJ,0.0,0.0,293.0,6.7,2,3250,0,0,0,0,0,1
CF,FN09,42.865194,129.281619,1,YNJ,270.8,7.6,91.0,4.0,2,3250,0,0,0,0,0,0

FINAL,N09,09,N,0
IF,FN09,42.865194,129.281619,JA,0.0,0.0,2,3250,0,0,0,0,2,0
CF,JA,42.871361,129.341094,0,JA,0.0,0.0,91.0,2.7,2,2270,0,0,0,0,0,0
CF,J,42.879606,129.420472,0,JA,0.0,0.0,91.0,3.5,1,929,0,0,0,0,3,0
FA,J,42.879606,129.420472,0,YNJ,0.0,0.0,91.0,2,2430,0,0,0,0,0,0
DF,JA,42.871361,129.341094,1, ,0.0,0.0,1,4560,0,1,200,0,0,0

