APPTR,N02-A,02,HK
IF,HK,65.643611,-21.473611, ,0.0,0.0,2,2300,0,0,0,0,0,0
HF,HK,65.643611,-21.473611,2, ,0.0,0.0,324.0,04.3,2,1710,0,0,0,0,0,0,0

FINAL,N02-A,02,N,2
IF,HK,65.643611,-21.473611,HK,0.0,0.0,2,1710,0,0,0,0,2,0
CF,MN324,65.673567,-21.570106,0,HK,0.0,0.0,324.0,3.0,1,830,0,0,0,0,3,0
CA,0,339.0,2,1500,0,0,0,0,0,0
DF,HK,65.643611,-21.473611,2, ,0.0,0.0,1,2300,0,0,0,0,0,0
HM,HK,65.643611,-21.473611,2, ,0.0,0.0,324.0,04.3,0,0,0,0,0,0,0,0,0

APPTR,N20-A,20,HK
IF,HK,65.643611,-21.473611, ,0.0,0.0,2,2300,0,0,0,0,0,0
HF,HK,65.643611,-21.473611,2, ,0.0,0.0,324.0,04.3,2,1710,0,0,0,0,0,0,0

FINAL,N20-A,20,N,2
IF,HK,65.643611,-21.473611,HK,0.0,0.0,2,1710,0,0,0,0,2,0
CF,MN324,65.673567,-21.570106,0,HK,0.0,0.0,324.0,3.0,1,830,0,0,0,0,3,0
CA,0,339.0,2,1500,0,0,0,0,0,0
DF,HK,65.643611,-21.473611,2, ,0.0,0.0,1,2300,0,0,0,0,0,0
HM,HK,65.643611,-21.473611,2, ,0.0,0.0,324.0,04.3,0,0,0,0,0,0,0,0,0

