APPTR,N05,05,HA
HF,HA,65.629444,-15.041389,1, ,0.0,0.0,55.0,04.3,2,3900,0,0,0,0,0,0,0

FINAL,N05,05,N,2
IF,HA,65.629444,-15.041389,HA,0.0,0.0,2,2700,0,0,0,0,2,0
CF,VP,65.716389,-14.853889,0,HA,0.0,0.0,55.0,7.0,1,63,0,0,0,0,3,0
CA,0,55.0,2,3500,0,0,0,0,0,0
DF,HA,65.629444,-15.041389,1, ,0.0,0.0,1,4400,0,0,0,0,0,0

APPTR,R05,05,RATBO
IF,RATBO,65.587267,-15.319064, ,0.0,0.0,2,5100,0,0,0,0,1,0
TF,VOI05,65.540028,-15.154142,0, ,0.0,0.0,0.0,0.0,2,3800,0,0,0,0,1,0

APPTR,R05,05,SOVUM
IF,SOVUM,65.483106,-14.957022, ,0.0,0.0,2,5700,0,0,0,0,1,0
TF,VOI05,65.540028,-15.154142,0, ,0.0,0.0,0.0,0.0,2,3800,0,0,0,0,1,0

APPTR,R05,05,TOPVA
IF,TOPVA,65.471811,-15.268256, ,0.0,0.0,2,5100,0,0,0,0,1,0
TF,VOI05,65.540028,-15.154142,0, ,0.0,0.0,0.0,0.0,2,3800,0,0,0,0,1,0

FINAL,R05,05,R,4
IF,VOI05,65.540028,-15.154142, ,0.0,0.0,2,3800,0,0,0,0,0,0
TF,VOF05,65.629875,-15.003164,0, ,0.0,0.0,47.0,6.6,1,2100,0,0,0,0,2,0
TF,SD05,65.658683,-14.954822,0, ,0.0,0.0,47.0,2.1,2,1420,0,0,0,0,0,0
TF,VOM05,65.699636,-14.885878,0, ,0.0,0.0,47.0,3.0,1,473,0,0,0,0,3,1
CA,0,47.0,2,2300,0,0,0,0,0,0
DF,RATBO,65.587267,-15.319064,1, ,0.0,0.0,1,4200,0,0,0,0,0,0
HM,RATBO,65.587267,-15.319064,1, ,0.0,0.0,137.0,04.3,0,0,0,0,0,0,0,0,0

