SID,ONDAN3,32,5
DF,EPVEV,52.906967,-119.372892,0, ,0.0,0.0,0,0,0,0,0,0,0,0
TF,MUTKO,52.990336,-119.515206,0, ,0.0,0.0,0.0,0.0,0,0,0,0,0,0,0,0
TF,ONDAN,53.131961,-119.862708,0, ,0.0,0.0,0.0,0.0,2,11700,0,1,200,0,0,1

APPTR,R14-A,14,OMTOR
IF,OMTOR,53.019692,-119.981525, ,0.0,0.0,0,0,0,1,210,0,1,0
TF,ONDAN,53.131961,-119.862708,0, ,0.0,0.0,0.0,0.0,2,10600,0,1,180,0,1,0
TF,AGNEK,53.069158,-119.699697,0, ,0.0,0.0,0.0,0.0,2,9000,0,0,0,0,0,0

APPTR,R14-A,14,PEVMA
IF,PEVMA,53.203458,-120.049589, ,0.0,0.0,0,0,0,1,210,0,1,0
TF,ONDAN,53.131961,-119.862708,0, ,0.0,0.0,0.0,0.0,2,10100,0,1,180,0,1,0
TF,AGNEK,53.069158,-119.699697,0, ,0.0,0.0,0.0,0.0,2,9000,0,0,0,0,0,0

APPTR,R14-A,14,PIBTO
IF,PIBTO,53.244108,-119.743272, ,0.0,0.0,0,0,0,1,210,0,1,0
TF,ONDAN,53.131961,-119.862708,0, ,0.0,0.0,0.0,0.0,2,10200,0,1,180,0,1,0
TF,AGNEK,53.069158,-119.699697,0, ,0.0,0.0,0.0,0.0,2,9000,0,0,0,0,0,0

FINAL,R14-A,14,R,4
IF,AGNEK,53.069158,-119.699697, ,0.0,0.0,2,9000,0,0,0,0,0,0
TF,MUSOB,52.997111,-119.513978,0, ,0.0,0.0,106.0,8.0,2,7400,0,0,0,0,2,0
TF,DESGI,52.944064,-119.447411,0, ,0.0,0.0,127.0,4.0,2,7000,0,0,0,0,0,0
TF,OMROX,52.864386,-119.347878,0, ,0.0,0.0,127.0,6.0,1,6840,0,0,0,0,3,1
VA,0,127.0,2,6900,0,0,0,0,0,0
DF,MUSLU,52.710333,-119.023872,0, ,0.0,0.0,1,10100,0,1,200,0,0,1
HM,MUSLU,52.710333,-119.023872,1, ,0.0,0.0,109.0,04.3,0,0,0,1,200,0,0,0,0

APPTR,R14-B,14,OMTOR
IF,OMTOR,53.019692,-119.981525, ,0.0,0.0,0,0,0,1,210,0,1,0
TF,ONDAN,53.131961,-119.862708,0, ,0.0,0.0,0.0,0.0,2,10600,0,1,180,0,1,0
TF,AGNEK,53.069158,-119.699697,0, ,0.0,0.0,0.0,0.0,2,9000,0,0,0,0,0,0

APPTR,R14-B,14,PEVMA
IF,PEVMA,53.203458,-120.049589, ,0.0,0.0,0,0,0,1,210,0,1,0
TF,ONDAN,53.131961,-119.862708,0, ,0.0,0.0,0.0,0.0,2,10100,0,1,180,0,1,0
TF,AGNEK,53.069158,-119.699697,0, ,0.0,0.0,0.0,0.0,2,9000,0,0,0,0,0,0

APPTR,R14-B,14,PIBTO
IF,PIBTO,53.244108,-119.743272, ,0.0,0.0,0,0,0,1,210,0,1,0
TF,ONDAN,53.131961,-119.862708,0, ,0.0,0.0,0.0,0.0,2,10200,0,1,180,0,1,0
TF,AGNEK,53.069158,-119.699697,0, ,0.0,0.0,0.0,0.0,2,9000,0,0,0,0,0,0

FINAL,R14-B,14,R,4
IF,AGNEK,53.069158,-119.699697, ,0.0,0.0,2,9000,0,0,0,0,0,0
TF,MUSOB,52.997111,-119.513978,0, ,0.0,0.0,106.0,8.0,2,7400,0,0,0,0,2,0
TF,DESGI,52.944064,-119.447411,0, ,0.0,0.0,127.0,4.0,2,5820,0,0,0,0,0,0
TF,OMROX,52.864386,-119.347878,0, ,0.0,0.0,127.0,6.0,1,3860,0,0,0,0,3,1
VA,0,127.0,2,3900,0,0,0,0,0,0
DF,MUSLU,52.710333,-119.023872,0, ,0.0,0.0,1,10100,0,1,200,0,0,1
HM,MUSLU,52.710333,-119.023872,1, ,0.0,0.0,109.0,04.3,0,0,0,1,200,0,0,0,0

APPTR,R32-A,32,OMTOR
IF,OMTOR,53.019692,-119.981525, ,0.0,0.0,0,0,0,1,210,0,1,0
TF,ONDAN,53.131961,-119.862708,0, ,0.0,0.0,0.0,0.0,2,10600,0,1,180,0,1,0
TF,AGNEK,53.069158,-119.699697,0, ,0.0,0.0,0.0,0.0,2,9000,0,0,0,0,0,0

APPTR,R32-A,32,PEVMA
IF,PEVMA,53.203458,-120.049589, ,0.0,0.0,0,0,0,1,210,0,1,0
TF,ONDAN,53.131961,-119.862708,0, ,0.0,0.0,0.0,0.0,2,10100,0,1,180,0,1,0
TF,AGNEK,53.069158,-119.699697,0, ,0.0,0.0,0.0,0.0,2,9000,0,0,0,0,0,0

APPTR,R32-A,32,PIBTO
IF,PIBTO,53.244108,-119.743272, ,0.0,0.0,0,0,0,1,210,0,1,0
TF,ONDAN,53.131961,-119.862708,0, ,0.0,0.0,0.0,0.0,2,10200,0,1,180,0,1,0
TF,AGNEK,53.069158,-119.699697,0, ,0.0,0.0,0.0,0.0,2,9000,0,0,0,0,0,0

FINAL,R32-A,32,R,4
IF,AGNEK,53.069158,-119.699697, ,0.0,0.0,2,9000,0,0,0,0,0,0
TF,MUSOB,52.997111,-119.513978,0, ,0.0,0.0,106.0,8.0,2,7400,0,0,0,0,2,0
TF,DESGI,52.944064,-119.447411,0, ,0.0,0.0,127.0,4.0,2,7000,0,0,0,0,0,0
TF,OMROX,52.864386,-119.347878,0, ,0.0,0.0,127.0,6.0,1,6840,0,0,0,0,3,1
VA,0,127.0,2,6900,0,0,0,0,0,0
DF,MUSLU,52.710333,-119.023872,0, ,0.0,0.0,1,10100,0,1,200,0,0,1
HM,MUSLU,52.710333,-119.023872,1, ,0.0,0.0,109.0,04.3,0,0,0,1,200,0,0,0,0

APPTR,R32-B,32,OMTOR
IF,OMTOR,53.019692,-119.981525, ,0.0,0.0,0,0,0,1,210,0,1,0
TF,ONDAN,53.131961,-119.862708,0, ,0.0,0.0,0.0,0.0,2,10600,0,1,180,0,1,0
TF,AGNEK,53.069158,-119.699697,0, ,0.0,0.0,0.0,0.0,2,9000,0,0,0,0,0,0

APPTR,R32-B,32,PEVMA
IF,PEVMA,53.203458,-120.049589, ,0.0,0.0,0,0,0,1,210,0,1,0
TF,ONDAN,53.131961,-119.862708,0, ,0.0,0.0,0.0,0.0,2,10100,0,1,180,0,1,0
TF,AGNEK,53.069158,-119.699697,0, ,0.0,0.0,0.0,0.0,2,9000,0,0,0,0,0,0

APPTR,R32-B,32,PIBTO
IF,PIBTO,53.244108,-119.743272, ,0.0,0.0,0,0,0,1,210,0,1,0
TF,ONDAN,53.131961,-119.862708,0, ,0.0,0.0,0.0,0.0,2,10200,0,1,180,0,1,0
TF,AGNEK,53.069158,-119.699697,0, ,0.0,0.0,0.0,0.0,2,9000,0,0,0,0,0,0

FINAL,R32-B,32,R,4
IF,AGNEK,53.069158,-119.699697, ,0.0,0.0,2,9000,0,0,0,0,0,0
TF,MUSOB,52.997111,-119.513978,0, ,0.0,0.0,106.0,8.0,2,7400,0,0,0,0,2,0
TF,DESGI,52.944064,-119.447411,0, ,0.0,0.0,127.0,4.0,2,5820,0,0,0,0,0,0
TF,OMROX,52.864386,-119.347878,0, ,0.0,0.0,127.0,6.0,1,3860,0,0,0,0,3,1
VA,0,127.0,2,3900,0,0,0,0,0,0
DF,MUSLU,52.710333,-119.023872,0, ,0.0,0.0,1,10100,0,1,200,0,0,1
HM,MUSLU,52.710333,-119.023872,1, ,0.0,0.0,109.0,04.3,0,0,0,1,200,0,0,0,0

