APPTR,R06,06,ETBIL
IF,ETBIL,48.885883,-55.518644, ,0.0,0.0,0,0,0,0,0,0,1,0
TF,OVGAG,48.943278,-55.610175,0, ,0.0,0.0,0.0,0.0,2,1800,0,0,0,0,1,0

APPTR,R06,06,IRMAX
IF,IRMAX,49.000597,-55.701917, ,0.0,0.0,0,0,0,0,0,0,1,0
TF,OVGAG,48.943278,-55.610175,0, ,0.0,0.0,0.0,0.0,2,1800,0,0,0,0,1,0

FINAL,R06,06,R,3
IF,OVGAG,48.943278,-55.610175, ,0.0,0.0,2,1800,0,0,0,0,1,0
TF,FAUNC,49.003722,-55.523186,0, ,0.0,0.0,63.0,5.0,2,1650,0,0,0,0,2,0
TF,RW06,49.052033,-55.453442,0, ,0.0,0.0,63.0,4.0,1,378,0,0,0,0,3,1
TF,AXIVA,49.112358,-55.366069,0, ,0.0,0.0,0.0,0.0,1,3000,0,0,0,0,0,1
HM,AXIVA,49.112358,-55.366069,2, ,0.0,0.0,63.0,04.3,0,0,0,0,0,0,0,0,0

APPTR,R24,24,EPNIX
IF,EPNIX,49.111117,-55.192528, ,0.0,0.0,0,0,0,0,0,0,1,0
TF,OLIGA,49.168517,-55.284458,0, ,0.0,0.0,0.0,0.0,2,1800,0,0,0,0,1,0

APPTR,R24,24,MAFOZ
IF,MAFOZ,49.225844,-55.376603, ,0.0,0.0,0,0,0,0,0,0,1,0
TF,OLIGA,49.168517,-55.284458,0, ,0.0,0.0,0.0,0.0,2,2100,0,0,0,0,1,0

FINAL,R24,24,R,3
IF,OLIGA,49.168517,-55.284458, ,0.0,0.0,2,1800,0,0,0,0,1,0
TF,LONVI,49.108253,-55.372028,0, ,0.0,0.0,243.0,5.0,2,1640,0,0,0,0,2,0
TF,RW24,49.059994,-55.441928,0, ,0.0,0.0,243.0,4.0,1,366,0,0,0,0,3,1
TF,IPSEG,48.999608,-55.529117,0, ,0.0,0.0,0.0,0.0,1,3000,0,0,0,0,0,1
HM,IPSEG,48.999608,-55.529117,2, ,0.0,0.0,243.0,04.3,0,0,0,0,0,0,0,0,0

