APPTR,R10,10,KIRAK
IF,KIRAK,53.593386,-113.320053, ,0.0,0.0,0,0,0,0,0,0,1,0
TF,OTVUX,53.519325,-113.389644,0, ,0.0,0.0,0.0,0.0,2,4100,0,0,0,0,1,0

FINAL,R10,10,R,3
IF,OTVUX,53.519325,-113.389644, ,0.0,0.0,2,4100,0,0,0,0,1,0
TF,BOVUX,53.470528,-113.243572,0, ,0.0,0.0,105.0,6.0,2,4070,0,0,0,0,2,0
TF,RW10,53.429514,-113.121464,0, ,0.0,0.0,105.0,5.0,1,2477,0,0,0,0,3,1
TF,RIGIS,53.413158,-113.072939,0, ,0.0,0.0,0.0,0.0,0,0,0,0,0,0,0,0
TF,PENPU,53.368081,-112.939694,0, ,0.0,0.0,0.0,0.0,1,4600,0,0,0,0,0,1
HM,PENPU,53.368081,-112.939694,2, ,0.0,0.0,105.0,04.3,0,0,0,1,175,0,0,0,0

APPTR,R28,28,SAVID
IF,SAVID,53.408517,-112.771472, ,0.0,0.0,0,0,0,0,0,0,1,0
TF,KIXEX,53.334775,-112.841711,0, ,0.0,0.0,0.0,0.0,2,4100,0,0,0,0,1,0

FINAL,R28,28,R,3
IF,KIXEX,53.334775,-112.841711, ,0.0,0.0,2,4100,0,0,0,0,1,0
TF,LIBAT,53.384064,-112.986858,0, ,0.0,0.0,285.0,6.0,2,4100,0,0,0,0,2,0
TF,RW28,53.425542,-113.109672,0, ,0.0,0.0,285.0,5.1,1,2465,0,0,0,0,3,1
CA,0,285.0,2,3300,0,0,0,0,0,0
DF,SAVID,53.408517,-112.771472,2, ,0.0,0.0,1,4600,0,0,0,0,0,0
HM,SAVID,53.408517,-112.771472,2, ,0.0,0.0,195.0,04.3,0,0,0,1,175,0,0,0,0

