APPTR,N22,22,3B
PI,3B,44.701389,-75.700000,2,3B,359.0,9.0,044,5.0,2,2000,0,0,0,0,0,0
CF,3B,44.701389,-75.700000,0,3B,0.0,0.0,224.0,7.0,2,1690,0,0,0,0,0,0

FINAL,N22,22,N,2
IF,3B,44.701389,-75.700000,3B,0.0,0.0,2,1690,0,0,0,0,2,0
CF,RW22,44.644747,-75.745800,0,3B,0.0,0.0,224.0,3.9,1,445,0,0,0,0,3,0
CA,0,224.0,2,810,0,0,0,0,0,0
DF,3B,44.701389,-75.700000,2, ,0.0,0.0,1,2000,0,0,0,0,0,0
HM,3B,44.701389,-75.700000,2, ,0.0,0.0,224.0,04.3,0,0,0,1,265,0,0,0,0

APPTR,R04,04,GABLU
IF,GABLU,44.533297,-75.972392, ,0.0,0.0,0,0,0,1,210,0,1,0
TF,IRLIS,44.491211,-75.871875,0, ,0.0,0.0,0.0,0.0,2,1700,0,0,0,0,1,0

FINAL,R04,04,R,3
IF,IRLIS,44.491211,-75.871875, ,0.0,0.0,2,1700,0,0,0,0,1,0
TF,KELSU,44.577467,-75.801142,0, ,0.0,0.0,44.0,6.0,2,1700,0,0,0,0,2,0
TF,RW04,44.634097,-75.754569,0, ,0.0,0.0,44.0,3.9,1,445,0,0,0,0,3,1
TF,OMPEL,44.731764,-75.673997,0, ,0.0,0.0,0.0,0.0,1,2100,0,0,0,0,0,1
HM,OMPEL,44.731764,-75.673997,1, ,0.0,0.0,55.0,04.3,0,0,0,1,250,0,0,0,0

APPTR,R22,22,SIDVO
IF,SIDVO,44.745111,-75.527169, ,0.0,0.0,0,0,0,1,210,0,1,0
TF,EPRIL,44.787497,-75.627875,0, ,0.0,0.0,0.0,0.0,2,1700,0,0,0,0,1,0

APPTR,R22,22,VIKLA
IF,VIKLA,44.829794,-75.728725, ,0.0,0.0,0,0,0,1,210,0,1,0
TF,EPRIL,44.787497,-75.627875,0, ,0.0,0.0,0.0,0.0,2,1700,0,0,0,0,1,0

FINAL,R22,22,R,3
IF,EPRIL,44.787497,-75.627875, ,0.0,0.0,2,1700,0,0,0,0,1,0
TF,KESBU,44.701353,-75.699119,0, ,0.0,0.0,224.0,6.0,2,1700,0,0,0,0,2,0
TF,RW22,44.644747,-75.745800,0, ,0.0,0.0,224.0,3.9,1,445,0,0,0,0,3,1
TF,SEKAK,44.594458,-75.787181,0, ,0.0,0.0,0.0,0.0,0,0,0,0,0,0,0,0
TF,XOXAV,44.541369,-75.877033,0, ,0.0,0.0,0.0,0.0,1,2100,0,0,0,0,0,1
HM,XOXAV,44.541369,-75.877033,2, ,0.0,0.0,244.0,04.3,0,0,0,1,200,0,0,0,0

