APPTR,R09,09,LEPUG
IF,LEPUG,59.758139,-118.592122, ,0.0,0.0,0,0,0,1,200,0,1,0
TF,KAVGI,59.675819,-118.632264,0, ,0.0,0.0,0.0,0.0,2,3600,0,1,180,0,1,0

APPTR,R09,09,MAXUB
IF,MAXUB,59.593486,-118.672206, ,0.0,0.0,0,0,0,1,200,0,1,0
TF,KAVGI,59.675819,-118.632264,0, ,0.0,0.0,0.0,0.0,2,3600,0,1,180,0,1,0

FINAL,R09,09,R,3
IF,KAVGI,59.675819,-118.632264, ,0.0,0.0,2,3600,0,1,180,0,1,0
TF,IGSUS,59.655867,-118.472769,0, ,0.0,0.0,85.0,5.0,2,3230,0,0,0,0,2,0
TF,RW09,59.639767,-118.345314,0, ,0.0,0.0,85.0,4.0,1,1953,0,0,0,0,3,1
TF,IGTOX,59.619467,-118.186164,0, ,0.0,0.0,0.0,0.0,1,3800,0,0,0,0,0,1
HM,IGTOX,59.619467,-118.186164,2, ,0.0,0.0,85.0,04.3,0,0,0,1,250,0,0,0,0

APPTR,R27,27,KAVTI
IF,KAVTI,59.682081,-117.993192, ,0.0,0.0,0,0,0,1,200,0,1,0
TF,MEBAT,59.599944,-118.034706,0, ,0.0,0.0,0.0,0.0,2,3600,0,1,180,0,1,0

APPTR,R27,27,LERAM
IF,LERAM,59.517794,-118.076017, ,0.0,0.0,0,0,0,1,200,0,1,0
TF,MEBAT,59.599944,-118.034706,0, ,0.0,0.0,0.0,0.0,2,3600,0,1,180,0,1,0

FINAL,R27,27,R,3
IF,MEBAT,59.599944,-118.034706, ,0.0,0.0,2,3600,0,1,180,0,1,0
TF,SEBAV,59.620428,-118.193669,0, ,0.0,0.0,265.0,5.0,2,3270,0,0,0,0,2,0
TF,RW27,59.636678,-118.320981,0, ,0.0,0.0,265.0,4.0,1,2001,0,0,0,0,3,1
TF,SAXAR,59.656814,-118.480292,0, ,0.0,0.0,0.0,0.0,1,3600,0,0,0,0,0,1
HM,SAXAR,59.656814,-118.480292,2, ,0.0,0.0,265.0,04.3,0,0,0,1,250,0,0,0,0

