SID,KIRBY4,08,4
VA,0,82.0,2,2800,0,0,0,0,0,0
DF,OMPUG,55.516656,-110.716089,1, ,0.0,0.0,0,0,0,1,210,0,0,1

SID,KIRBY4,26,4
VA,0,262.0,2,2800,0,0,0,0,0,0
DF,OMPUG,55.516656,-110.716089,2, ,0.0,0.0,0,0,0,1,210,0,0,1

APPTR,R08,08,PENTA
IF,PENTA,55.458258,-111.331689, ,0.0,0.0,0,0,0,0,0,0,1,0
TF,XIKIB,55.396403,-110.926161,0, ,0.0,0.0,0.0,0.0,2,3600,0,0,0,0,1,0

APPTR,R08,08,TOXAK
IF,TOXAK,55.442156,-111.054917, ,0.0,0.0,0,0,0,0,0,0,1,0
TF,XIKIB,55.396403,-110.926161,0, ,0.0,0.0,0.0,0.0,2,3600,0,0,0,0,1,0

FINAL,R08,08,R,3
IF,XIKIB,55.396403,-110.926161, ,0.0,0.0,2,3600,0,0,0,0,1,0
TF,AXAXA,55.355592,-110.766200,0, ,0.0,0.0,100.0,6.0,2,3580,0,0,0,0,2,0
TF,MUSLI,55.358508,-110.649511,0, ,0.0,0.0,74.0,4.0,1,2306,0,0,0,0,3,1
DF,SEKEX,55.430869,-110.214428,0, ,0.0,0.0,1,3700,0,0,0,0,0,1
HM,SEKEX,55.430869,-110.214428,2, ,0.0,0.0,233.0,04.3,0,0,0,1,230,0,0,0,0

APPTR,R08-A,08,OKUVA
IF,OKUVA,55.491214,-110.360889, ,0.0,0.0,0,0,0,1,210,0,1,0
TF,VIVOX,55.411356,-110.319986,0, ,0.0,0.0,0.0,0.0,2,3500,0,0,0,0,1,0

APPTR,R08-A,08,SEKEX
IF,SEKEX,55.430869,-110.214428, ,0.0,0.0,0,0,0,0,0,0,1,0
TF,VIVOX,55.411356,-110.319986,0, ,0.0,0.0,0.0,0.0,2,3600,0,0,0,0,1,0

FINAL,R08-A,08,R,3
IF,VIVOX,55.411356,-110.319986, ,0.0,0.0,2,3500,0,0,0,0,1,0
TF,UMIGI,55.388050,-110.460292,0, ,0.0,0.0,240.0,5.0,2,3000,0,0,0,0,2,0
TF,VITAP,55.369986,-110.568286,0, ,0.0,0.0,240.0,3.9,1,2860,0,0,0,0,3,1
DF,SEKEX,55.430869,-110.214428,2, ,0.0,0.0,1,3700,0,1,200,0,0,1
HM,SEKEX,55.430869,-110.214428,2, ,0.0,0.0,233.0,04.3,0,0,0,1,230,0,0,0,0

APPTR,R26-A,26,OKUVA
IF,OKUVA,55.491214,-110.360889, ,0.0,0.0,0,0,0,1,210,0,1,0
TF,VIVOX,55.411356,-110.319986,0, ,0.0,0.0,0.0,0.0,2,3500,0,0,0,0,1,0

APPTR,R26-A,26,SEKEX
IF,SEKEX,55.430869,-110.214428, ,0.0,0.0,0,0,0,0,0,0,1,0
TF,VIVOX,55.411356,-110.319986,0, ,0.0,0.0,0.0,0.0,2,3600,0,0,0,0,1,0

FINAL,R26-A,26,R,3
IF,VIVOX,55.411356,-110.319986, ,0.0,0.0,2,3500,0,0,0,0,1,0
TF,UMIGI,55.388050,-110.460292,0, ,0.0,0.0,240.0,5.0,2,3000,0,0,0,0,2,0
TF,VITAP,55.369986,-110.568286,0, ,0.0,0.0,240.0,3.9,1,2860,0,0,0,0,3,1
DF,SEKEX,55.430869,-110.214428,2, ,0.0,0.0,1,3700,0,1,200,0,0,1
HM,SEKEX,55.430869,-110.214428,2, ,0.0,0.0,233.0,04.3,0,0,0,1,230,0,0,0,0

