APPTR,N06,06,BLAKK
IF,BLAKK,46.043333,-72.416667, ,0.0,0.0,0,0,0,0,0,0,0,0
TF,Y8,45.847222,-72.398889,0, ,0.0,0.0,0.0,0.0,2,2100,0,0,0,0,0,0
PI,Y8,45.847222,-72.398889,2,Y8,184.0,10.0,229,5.0,2,2100,0,0,0,0,1,0
CF,EPLIL,45.777925,-72.464672,0,YSC,331.4,39.8,49.0,5.0,2,2100,0,0,0,0,0,0

APPTR,N06,06,Y8
PI,Y8,45.847222,-72.398889,2,Y8,184.0,10.0,229,5.0,2,2100,0,0,0,0,1,0
CF,EPLIL,45.777925,-72.464672,0,YSC,331.4,39.8,49.0,5.0,2,2100,0,0,0,0,0,0

APPTR,N06,06,YSC
IF,YSC,45.316319,-71.788108, ,0.0,0.0,0,0,0,0,0,0,0,0
TF,Y8,45.847222,-72.398889,0, ,0.0,0.0,0.0,0.0,2,3100,0,0,0,0,0,0
PI,Y8,45.847222,-72.398889,2,Y8,184.0,10.0,229,5.0,2,2100,0,0,0,0,1,0
CF,EPLIL,45.777925,-72.464672,0,YSC,331.4,39.8,49.0,5.0,2,2100,0,0,0,0,0,0

FINAL,N06,06,N,2
IF,EPLIL,45.777925,-72.464672,Y8,0.0,0.0,2,2100,0,0,0,0,2,0
CF,RW06,45.837372,-72.405308,0,Y8,0.0,0.0,49.0,4.4,1,418,0,0,0,0,3,0
CF,Y8,45.847222,-72.398889,0,Y8,0.0,0.0,49.0,0.7,0,0,0,0,0,0,0,1
CA,0,49.0,2,1900,0,0,0,0,0,0
DF,Y8,45.847222,-72.398889,2, ,0.0,0.0,1,2900,0,0,0,0,0,0
HM,Y8,45.847222,-72.398889,2, ,0.0,0.0,49.0,04.3,0,0,0,0,0,0,0,0,0

APPTR,N24,24,BLAKK
IF,BLAKK,46.043333,-72.416667, ,0.0,0.0,0,0,0,0,0,0,0,0
TF,Y8,45.847222,-72.398889,0, ,0.0,0.0,0.0,0.0,2,2100,0,0,0,0,0,0
PI,Y8,45.847222,-72.398889,1,Y8,112.0,10.0,067,5.0,2,2100,0,0,0,0,1,0
CF,FN24,45.905825,-72.291350,0,Y8,67.0,5.7,247.0,4.3,2,2100,0,0,0,0,0,0

APPTR,N24,24,Y8
PI,Y8,45.847222,-72.398889,1,Y8,112.0,10.0,067,5.0,2,2100,0,0,0,0,1,0
CF,FN24,45.905825,-72.291350,0,Y8,67.0,5.7,247.0,4.3,2,2100,0,0,0,0,0,0

APPTR,N24,24,YSC
IF,YSC,45.316319,-71.788108, ,0.0,0.0,0,0,0,0,0,0,0,0
TF,Y8,45.847222,-72.398889,0, ,0.0,0.0,0.0,0.0,2,3100,0,0,0,0,0,0
PI,Y8,45.847222,-72.398889,1,Y8,112.0,10.0,067,5.0,2,2100,0,0,0,0,1,0
CF,FN24,45.905825,-72.291350,0,Y8,67.0,5.7,247.0,4.3,2,2100,0,0,0,0,0,0

FINAL,N24,24,N,2
IF,FN24,45.905825,-72.291350,Y8,0.0,0.0,2,2100,0,0,0,0,2,0
CF,RW24,45.849853,-72.389947,0,Y8,0.0,0.0,247.0,5.3,1,404,0,0,0,0,3,0
CF,Y8,45.847222,-72.398889,0,Y8,0.0,0.0,247.0,0.4,0,0,0,0,0,0,0,1
CA,0,219.0,2,2900,0,0,0,0,0,0
DF,Y8,45.847222,-72.398889,1, ,0.0,0.0,1,2900,0,0,0,0,0,0
HM,Y8,45.847222,-72.398889,1, ,0.0,0.0,247.0,04.3,0,0,0,0,0,0,0,0,0

