APPTR,N10,10,YXR
IF,YXR,47.711925,-79.790578, ,0.0,0.0,0,0,0,0,0,0,0,0
TF,YBM,47.451931,-79.424175,0, ,0.0,0.0,0.0,0.0,2,2800,0,0,0,0,0,0
PI,YBM,47.451931,-79.424175,2,YBM,222.0,9.0,267,5.0,2,2800,0,0,0,0,0,0
CF,FF10,47.424236,-79.575914,0,YBM,267.0,6.4,87.0,2.6,2,2800,0,0,0,0,0,0

FINAL,N10,10,N,2
IF,FF10,47.424236,-79.575914,YBM,0.0,0.0,2,2800,0,0,0,0,2,0
CF,RW10,47.449300,-79.427058,0,YBM,0.0,0.0,87.0,6.3,1,822,0,0,0,0,3,0
TF,YBM,47.451931,-79.424175,0, ,0.0,0.0,0.0,0.0,0,0,0,0,0,0,0,1
CA,0,87.0,2,2800,0,0,0,0,0,0
DF,YBM,47.451931,-79.424175,1, ,0.0,0.0,1,2800,0,0,0,0,0,0
HM,YBM,47.451931,-79.424175,2, ,0.0,0.0,87.0,04.3,0,0,0,1,230,0,0,0,0

APPTR,R10,10,DENBA
IF,DENBA,47.532561,-79.647919, ,0.0,0.0,0,0,0,0,0,0,1,0
TF,ESRID,47.449272,-79.648072,0, ,0.0,0.0,0.0,0.0,2,2700,0,0,0,0,1,0

APPTR,R10,10,MUPUR
IF,MUPUR,47.365983,-79.648225, ,0.0,0.0,0,0,0,0,0,0,1,0
TF,ESRID,47.449272,-79.648072,0, ,0.0,0.0,0.0,0.0,2,2700,0,0,0,0,1,0

FINAL,R10,10,R,3
IF,ESRID,47.449272,-79.648072, ,0.0,0.0,2,2700,0,0,0,0,1,0
TF,IPSOS,47.449342,-79.525286,0, ,0.0,0.0,102.0,5.0,2,2100,0,0,0,0,2,0
TF,RW10,47.449300,-79.427058,0, ,0.0,0.0,102.0,4.0,1,822,0,0,0,0,3,1
TF,NADUL,47.448967,-79.230603,0, ,0.0,0.0,0.0,0.0,1,2800,0,0,0,0,0,1
HM,NADUL,47.448967,-79.230603,2, ,0.0,0.0,102.0,04.3,0,0,0,1,265,0,0,0,0

