APPTR,R11,11,LEVUN
IF,LEVUN,61.723019,-73.683356, ,0.0,0.0,0,0,0,1,210,0,1,0
TF,BUBID,61.640692,-73.659664,0, ,0.0,0.0,0.0,0.0,2,3400,0,0,0,0,1,0

APPTR,R11,11,ODKEM
IF,ODKEM,61.558358,-73.636094, ,0.0,0.0,0,0,0,1,210,0,1,0
TF,BUBID,61.640692,-73.659664,0, ,0.0,0.0,0.0,0.0,2,3400,0,0,0,0,1,0

FINAL,R11,11,R,3
IF,BUBID,61.640692,-73.659664, ,0.0,0.0,2,3400,0,0,0,0,1,0
TF,AGDUV,61.651825,-73.486536,0, ,0.0,0.0,108.0,5.0,2,3300,0,0,0,0,2,0
TF,RW11,61.661078,-73.339883,0, ,0.0,0.0,108.0,4.2,1,1952,0,0,0,0,3,1
TF,VERPO,61.676033,-73.097156,0, ,0.0,0.0,0.0,0.0,1,3900,0,0,0,0,0,1
HM,VERPO,61.676033,-73.097156,2, ,0.0,0.0,108.0,04.3,0,0,0,0,0,0,0,0,0

APPTR,R29,29,EMLUS
IF,EMLUS,61.765661,-72.999778, ,0.0,0.0,0,0,0,1,210,0,1,0
TF,MELPI,61.683222,-72.977872,0, ,0.0,0.0,0.0,0.0,2,3300,0,0,0,0,1,0

APPTR,R29,29,URTOL
IF,URTOL,61.600775,-72.956083, ,0.0,0.0,0,0,0,1,210,0,1,0
TF,MELPI,61.683222,-72.977872,0, ,0.0,0.0,0.0,0.0,2,3300,0,0,0,0,1,0

FINAL,R29,29,R,3
IF,MELPI,61.683222,-72.977872, ,0.0,0.0,2,3300,0,0,0,0,1,0
TF,PEMTA,61.672733,-73.151356,0, ,0.0,0.0,288.0,5.0,2,3300,0,0,0,0,2,0
TF,RW29,61.663389,-73.302800,0, ,0.0,0.0,288.0,4.4,1,1909,0,0,0,0,3,1
TF,NUBOS,61.648069,-73.545325,0, ,0.0,0.0,0.0,0.0,1,3900,0,0,0,0,0,1
HM,NUBOS,61.648069,-73.545325,2, ,0.0,0.0,288.0,04.3,0,0,0,0,0,0,0,0,0

