APPTR,R18,18,ALNEK
IF,ALNEK,50.472828,-95.849825, ,0.0,0.0,0,0,0,0,0,0,1,0
TF,OVBUM,50.481500,-95.979567,0, ,0.0,0.0,0.0,0.0,2,2600,0,0,0,0,1,0

APPTR,R18,18,BORAB
IF,BORAB,50.490028,-96.109358, ,0.0,0.0,0,0,0,0,0,0,1,0
TF,OVBUM,50.481500,-95.979567,0, ,0.0,0.0,0.0,0.0,2,2600,0,0,0,0,1,0

FINAL,R18,18,R,3
IF,OVBUM,50.481500,-95.979567, ,0.0,0.0,2,2600,0,0,0,0,1,0
TF,UKRIX,50.382144,-95.995772,0, ,0.0,0.0,184.0,6.0,2,2500,0,0,0,0,2,0
TF,RW18,50.299650,-96.009172,0, ,0.0,0.0,184.0,5.0,1,900,0,0,0,0,3,1
DF,ALNEK,50.472828,-95.849825,1, ,0.0,0.0,1,2500,0,0,0,0,0,0
HM,ALNEK,50.472828,-95.849825,2, ,0.0,0.0,274.0,04.3,0,0,0,0,0,0,0,0,0

APPTR,R36,36,DUKNU
IF,DUKNU,50.144683,-95.903972, ,0.0,0.0,0,0,0,0,0,0,1,0
TF,ALRAV,50.153353,-96.032825,0, ,0.0,0.0,0.0,0.0,2,2300,0,0,0,0,1,0

APPTR,R36,36,ERBUP
IF,ERBUP,50.161881,-96.161725, ,0.0,0.0,0,0,0,0,0,0,1,0
TF,ALRAV,50.153353,-96.032825,0, ,0.0,0.0,0.0,0.0,2,2300,0,0,0,0,1,0

FINAL,R36,36,R,3
IF,ALRAV,50.153353,-96.032825, ,0.0,0.0,2,2300,0,0,0,0,1,0
TF,OMRIV,50.236158,-96.019456,0, ,0.0,0.0,4.0,5.0,2,2100,0,0,0,0,2,0
TF,RW36,50.289811,-96.010767,0, ,0.0,0.0,4.0,3.2,1,899,0,0,0,0,3,1
TF,MARUR,50.372614,-95.997322,0, ,0.0,0.0,0.0,0.0,1,2400,0,0,0,0,0,1
HM,MARUR,50.372614,-95.997322,2, ,0.0,0.0,4.0,04.3,0,0,0,0,0,0,0,0,0

