APPTR,R12-T,12,YCS
PI,YCS,63.338394,-90.730069,2,YCS,13.7,10.0,059,5.0,2,1300,0,0,0,0,1,0
CF,FF352,63.280806,-90.712092,0,YCS,182.0,3.5,36.2,6.5,2,1300,0,0,0,0,0,0

FINAL,R12-T,12,R,2
IF,FF352,63.280806,-90.712092,YCS,0.0,0.0,2,1300,0,0,0,0,2,0
CF,YCS,63.338394,-90.730069,0,YCS,0.0,0.0,36.2,3.5,1,640,0,0,0,0,3,0
CA,0,36.2,2,2100,0,0,0,0,0,0
DF,YCS,63.338394,-90.730069,1, ,0.0,0.0,1,2100,0,0,0,0,0,0
HM,YCS,63.338394,-90.730069,2, ,0.0,0.0,15.4,04.3,0,0,0,0,0,0,0,0,0

APPTR,R30-T,30,YCS
PI,YCS,63.338394,-90.730069,2,YCS,13.7,10.0,059,5.0,2,1300,0,0,0,0,1,0
CF,FF352,63.280806,-90.712092,0,YCS,182.0,3.5,36.2,6.5,2,1300,0,0,0,0,0,0

FINAL,R30-T,30,R,2
IF,FF352,63.280806,-90.712092,YCS,0.0,0.0,2,1300,0,0,0,0,2,0
CF,YCS,63.338394,-90.730069,0,YCS,0.0,0.0,36.2,3.5,1,640,0,0,0,0,3,0
CA,0,36.2,2,2100,0,0,0,0,0,0
DF,YCS,63.338394,-90.730069,1, ,0.0,0.0,1,2100,0,0,0,0,0,0
HM,YCS,63.338394,-90.730069,2, ,0.0,0.0,15.4,04.3,0,0,0,0,0,0,0,0,0

