APPTR,N33,33,YEK
PI,YEK,61.099056,-94.068861,2,YEK,12.0,10.0,057,5.0,2,1200,0,0,0,0,0,0
CF,FF33,61.034614,-94.023119,0,YEK,165.0,4.1,34.5,5.9,2,1200,0,0,0,0,0,0

FINAL,N33,33,N,2
IF,FF33,61.034614,-94.023119,YEK,0.0,0.0,2,1200,0,0,0,0,2,0
CF,RW33,61.089281,-94.065758,0,YEK,0.0,0.0,34.5,3.5,1,81,0,0,0,0,3,0
TF,YEK,61.099056,-94.068861,0, ,0.0,0.0,0.0,0.0,2,440,0,0,0,0,0,1
CA,0,34.5,2,1400,0,0,0,0,0,0
DF,YEK,61.099056,-94.068861,2, ,0.0,0.0,1,1400,0,0,0,0,0,0
HM,YEK,61.099056,-94.068861,2, ,0.0,0.0,34.5,04.3,0,0,0,0,0,0,0,0,0

APPTR,R15-Y,15,REROX
IF,REROX,61.285769,-94.110281, ,0.0,0.0,0,0,0,1,210,0,1,0
TF,MUTOT,61.242739,-94.257917,0, ,0.0,0.0,0.0,0.0,2,1400,0,0,0,0,1,0

APPTR,R15-Y,15,ULOLO
IF,ULOLO,61.199547,-94.405150, ,0.0,0.0,0,0,0,1,210,0,1,0
TF,MUTOT,61.242739,-94.257917,0, ,0.0,0.0,0.0,0.0,2,1400,0,0,0,0,1,0

FINAL,R15-Y,15,R,3
IF,MUTOT,61.242739,-94.257917, ,0.0,0.0,2,1400,0,0,0,0,1,0
TF,XUBDA,61.157447,-94.150842,0, ,0.0,0.0,15.3,6.0,2,1400,0,0,0,0,2,0
TF,RW15,61.098650,-94.077428,0, ,0.0,0.0,15.3,4.1,1,84,0,0,0,0,3,1
TF,PILDO,61.027461,-93.988967,0, ,0.0,0.0,0.0,0.0,1,1400,0,0,0,0,0,1
HM,PILDO,61.027461,-93.988967,2, ,0.0,0.0,15.3,04.3,0,0,0,0,0,0,0,0,0

APPTR,R15-Z,15,DEMRO
IF,DEMRO,61.198608,-94.403961, ,0.0,0.0,0,0,0,0,0,0,1,0
TF,IKBUD,61.241603,-94.256486,0, ,0.0,0.0,0.0,0.0,2,1400,0,0,0,0,1,0

APPTR,R15-Z,15,PUXUK
IF,PUXUK,61.284439,-94.108611, ,0.0,0.0,0,0,0,0,0,0,1,0
TF,IKBUD,61.241603,-94.256486,0, ,0.0,0.0,0.0,0.0,2,1400,0,0,0,0,1,0

FINAL,R15-Z,15,R,3
IF,IKBUD,61.241603,-94.256486, ,0.0,0.0,2,1400,0,0,0,0,1,0
TF,NOPOB,61.156311,-94.149419,0, ,0.0,0.0,15.3,6.0,2,1400,0,0,0,0,2,0
TF,RW15,61.098650,-94.077428,0, ,0.0,0.0,15.3,4.1,1,84,0,0,0,0,3,1
TF,OTVEN,61.070181,-94.041994,0, ,0.0,0.0,0.0,0.0,0,0,0,0,0,0,0,0
TF,PILDO,61.027461,-93.988967,0, ,0.0,0.0,0.0,0.0,1,1400,0,0,0,0,0,1
HM,PILDO,61.027461,-93.988967,2, ,0.0,0.0,15.3,04.3,0,0,0,0,0,0,0,0,0

APPTR,R33-Y,33,TAKEG
IF,TAKEG,60.902011,-94.033200, ,0.0,0.0,0,0,0,1,210,0,1,0
TF,ROKPO,60.944800,-93.886844,0, ,0.0,0.0,0.0,0.0,2,1400,0,0,0,0,1,0

APPTR,R33-Y,33,VISUD
IF,VISUD,60.987431,-93.740092, ,0.0,0.0,0,0,0,1,210,0,1,0
TF,ROKPO,60.944800,-93.886844,0, ,0.0,0.0,0.0,0.0,2,1400,0,0,0,0,1,0

FINAL,R33-Y,33,R,3
IF,ROKPO,60.944800,-93.886844, ,0.0,0.0,2,1400,0,0,0,0,1,0
TF,PEMVA,61.030306,-93.992492,0, ,0.0,0.0,33.3,6.0,2,1400,0,0,0,0,2,0
TF,RW33,61.089281,-94.065758,0, ,0.0,0.0,33.3,4.1,1,81,0,0,0,0,3,1
TF,OLAVU,61.160419,-94.154564,0, ,0.0,0.0,0.0,0.0,1,1400,0,0,0,0,0,1
HM,OLAVU,61.160419,-94.154564,2, ,0.0,0.0,33.3,04.3,0,0,0,0,0,0,0,0,0

APPTR,R33-Z,33,ADVAN
IF,ADVAN,60.988778,-93.741747, ,0.0,0.0,0,0,0,0,0,0,1,0
TF,DUNIM,60.945953,-93.888261,0, ,0.0,0.0,0.0,0.0,2,1400,0,0,0,0,1,0

APPTR,R33-Z,33,KEBGI
IF,KEBGI,60.902969,-94.034386, ,0.0,0.0,0,0,0,0,0,0,1,0
TF,DUNIM,60.945953,-93.888261,0, ,0.0,0.0,0.0,0.0,2,1400,0,0,0,0,1,0

FINAL,R33-Z,33,R,3
IF,DUNIM,60.945953,-93.888261, ,0.0,0.0,2,1400,0,0,0,0,1,0
TF,GAGBO,61.031456,-93.993919,0, ,0.0,0.0,33.3,6.0,2,1400,0,0,0,0,2,0
TF,RW33,61.089281,-94.065758,0, ,0.0,0.0,33.3,4.1,1,81,0,0,0,0,3,1
TF,ERBEV,61.117744,-94.101231,0, ,0.0,0.0,0.0,0.0,0,0,0,0,0,0,0,0
TF,OLAVU,61.160419,-94.154564,0, ,0.0,0.0,0.0,0.0,1,1400,0,0,0,0,0,1
HM,OLAVU,61.160419,-94.154564,2, ,0.0,0.0,33.3,04.3,0,0,0,0,0,0,0,0,0

