APPTR,N14,14,NM
IF,NM,49.723939,-77.741558, ,0.0,0.0,0,0,0,0,0,0,0,0
TF,9Q,48.557500,-78.243056,0, ,0.0,0.0,0.0,0.0,2,2900,0,0,0,0,1,0
PI,9Q,48.557500,-78.243056,2,YVO,284.0,10.0,329,5.0,2,2700,0,0,0,0,0,0
CF,FF14,48.628136,-78.346025,0,YVO,336.5,34.4,149.0,4.1,2,2700,0,0,0,0,0,0

APPTR,N14,14,YUY
IF,YUY,48.172911,-78.938642, ,0.0,0.0,0,0,0,0,0,0,0,0
TF,9Q,48.557500,-78.243056,0, ,0.0,0.0,0.0,0.0,2,2900,0,0,0,0,1,0
PI,9Q,48.557500,-78.243056,2,YVO,284.0,10.0,329,5.0,2,2700,0,0,0,0,0,0
CF,FF14,48.628136,-78.346025,0,YVO,336.5,34.4,149.0,4.1,2,2700,0,0,0,0,0,0

APPTR,N14,14,YVO
IF,YVO,48.175269,-77.820278, ,0.0,0.0,0,0,0,0,0,0,0,0
TF,9Q,48.557500,-78.243056,0, ,0.0,0.0,0.0,0.0,2,2900,0,0,0,0,1,0
PI,9Q,48.557500,-78.243056,2,YVO,284.0,10.0,329,5.0,2,2700,0,0,0,0,0,0
CF,FF14,48.628136,-78.346025,0,YVO,336.5,34.4,149.0,4.1,2,2700,0,0,0,0,0,0

FINAL,N14,14,N,2
IF,FF14,48.628136,-78.346025,9Q,0.0,0.0,2,2700,0,0,0,0,2,0
CF,RW14,48.569136,-78.257297,0,9Q,0.0,0.0,149.0,5.0,1,1119,0,0,0,0,3,0
CF,9Q,48.557500,-78.243056,0,YVO,337.8,28.5,149.0,0.9,0,0,0,0,0,0,0,1
CA,0,149.0,2,2900,0,0,0,0,0,0
DF,9Q,48.557500,-78.243056,2, ,0.0,0.0,1,3200,0,0,0,0,0,0
HM,9Q,48.557500,-78.243056,2, ,0.0,0.0,149.0,04.3,0,0,0,0,0,0,0,0,0

APPTR,N32,32,NM
IF,NM,49.723939,-77.741558, ,0.0,0.0,0,0,0,0,0,0,0,0
TF,9Q,48.557500,-78.243056,0, ,0.0,0.0,0.0,0.0,2,2900,0,0,0,0,1,0
PI,9Q,48.557500,-78.243056,2,YVO,83.0,10.0,128,5.0,2,2700,0,0,0,0,0,0
CF,FF32,48.522250,-78.129442,0,YVO,343.4,24.2,308.0,5.0,2,2700,0,0,0,0,0,0

APPTR,N32,32,YUY
IF,YUY,48.172911,-78.938642, ,0.0,0.0,0,0,0,0,0,0,0,0
TF,9Q,48.557500,-78.243056,0, ,0.0,0.0,0.0,0.0,2,2900,0,0,0,0,1,0
PI,9Q,48.557500,-78.243056,2,YVO,83.0,10.0,128,5.0,2,2700,0,0,0,0,0,0
CF,FF32,48.522250,-78.129442,0,YVO,343.4,24.2,308.0,5.0,2,2700,0,0,0,0,0,0

APPTR,N32,32,YVO
IF,YVO,48.175269,-77.820278, ,0.0,0.0,0,0,0,0,0,0,0,0
TF,9Q,48.557500,-78.243056,0, ,0.0,0.0,0.0,0.0,2,2900,0,0,0,0,1,0
PI,9Q,48.557500,-78.243056,2,YVO,83.0,10.0,128,5.0,2,2700,0,0,0,0,0,0
CF,FF32,48.522250,-78.129442,0,YVO,343.4,24.2,308.0,5.0,2,2700,0,0,0,0,0,0

FINAL,N32,32,N,2
IF,FF32,48.522250,-78.129442,9Q,0.0,0.0,2,2700,0,0,0,0,2,0
CF,9Q,48.557500,-78.243056,0,9Q,0.0,0.0,308.0,5.0,1,1103,0,0,0,0,3,0
CA,0,308.0,2,3200,0,0,0,0,0,0
DF,9Q,48.557500,-78.243056,2, ,0.0,0.0,1,3200,0,0,0,0,0,0
HM,9Q,48.557500,-78.243056,2, ,0.0,0.0,308.0,04.3,0,0,0,1,265,0,0,0,0

APPTR,R14,14,IKLAT
IF,IKLAT,48.747700,-78.395583, ,0.0,0.0,0,0,0,1,210,0,1,0
TF,DAPIG,48.682303,-78.473478,0, ,0.0,0.0,0.0,0.0,2,2700,0,0,0,0,1,0

APPTR,R14,14,KEPKI
IF,KEPKI,48.616850,-78.551169, ,0.0,0.0,0,0,0,1,210,0,1,0
TF,DAPIG,48.682303,-78.473478,0, ,0.0,0.0,0.0,0.0,2,2700,0,0,0,0,1,0

FINAL,R14,14,R,3
IF,DAPIG,48.682303,-78.473478, ,0.0,0.0,2,2700,0,0,0,0,1,0
TF,AVTIX,48.620425,-78.355058,0, ,0.0,0.0,141.0,6.0,2,2700,0,0,0,0,2,0
TF,RW14,48.569136,-78.257297,0, ,0.0,0.0,141.0,5.0,1,1119,0,0,0,0,3,1
TF,OTMUP,48.465572,-78.060969,0, ,0.0,0.0,0.0,0.0,1,2800,0,0,0,0,0,1
HM,OTMUP,48.465572,-78.060969,2, ,0.0,0.0,141.0,04.3,0,0,0,0,0,0,0,0,0

APPTR,R32,32,EPSAS
IF,EPSAS,48.511486,-77.946653, ,0.0,0.0,0,0,0,1,210,0,1,0
TF,UKMUL,48.446389,-78.024761,0, ,0.0,0.0,0.0,0.0,2,2700,0,0,0,0,1,0

APPTR,R32,32,GOTUD
IF,GOTUD,48.381236,-78.102669, ,0.0,0.0,0,0,0,1,210,0,1,0
TF,UKMUL,48.446389,-78.024761,0, ,0.0,0.0,0.0,0.0,2,2700,0,0,0,0,1,0

FINAL,R32,32,R,3
IF,UKMUL,48.446389,-78.024761, ,0.0,0.0,2,2700,0,0,0,0,1,0
TF,URSOP,48.508606,-78.142372,0, ,0.0,0.0,321.0,6.0,2,2700,0,0,0,0,2,0
TF,RW32,48.560642,-78.241139,0, ,0.0,0.0,321.0,5.0,1,1099,0,0,0,0,3,1
TF,IGSEK,48.663897,-78.438200,0, ,0.0,0.0,0.0,0.0,1,2700,0,0,0,0,0,1
HM,IGSEK,48.663897,-78.438200,2, ,0.0,0.0,321.0,04.3,0,0,0,0,0,0,0,0,0

