SID,CYFB2,16,1
VA,0,165.0,2,800,0,0,0,0,0,0
VM,0,0,0,165.0,1,5000,0,0,0,0,0,0

SID,CYFB2,34,1
VA,0,345.0,2,1000,0,0,0,0,0,0
VM,0,0,0,345.0,1,5000,0,0,0,0,0,0

APPTR,I34,34,YFB
IF,YFB,63.741667,-68.473333, ,0.0,0.0,0,0,0,0,0,0,0,0
TF,TIBEG,63.678961,-68.384856,0, ,0.0,0.0,0.0,0.0,2,2100,0,0,0,0,0,0
PI,TIBEG,63.678961,-68.384856,1,YFY,210.0,10.0,165,5.0,2,2100,0,0,0,0,0,0

APPTR,I34,34,YFY
IF,YFY,63.733447,-68.547919, ,0.0,0.0,0,0,0,0,0,0,0,0
TF,TIBEG,63.678961,-68.384856,0, ,0.0,0.0,0.0,0.0,2,2100,0,0,0,0,0,0
PI,TIBEG,63.678961,-68.384856,1,YFY,210.0,10.0,165,5.0,2,2100,0,0,0,0,0,0

FINAL,I34,34,I,3
IF,BILKU,63.559789,-68.124667,IFB,164.5,17.4,2,2100,0,0,0,0,0,0
CF,TIBEG,63.678961,-68.384856,0,IFB,164.5,7.4,345.0,10.0,1,1700,0,0,0,0,2,0
CF,RW34,63.748175,-68.537511,0,IFB,164.6,1.5,345.0,5.8,1,128,0,0,0,0,3,0
VA,0,345.0,2,3600,0,0,0,0,0,0
DF,YFB,63.741667,-68.473333,1, ,0.0,0.0,1,3600,0,0,0,0,0,0
HM,YFB,63.741667,-68.473333,2, ,0.0,0.0,344.0,04.3,0,0,0,0,0,0,0,0,0

APPTR,N16-A,16,YFY
PI,YFY,63.733447,-68.547919,1,YFY,234.0,10.0,189,5.0,2,2100,0,0,0,0,0,0
CF,FF009,63.649122,-68.478881,0,YFY,189.0,5.4,9.0,4.6,2,2100,0,0,0,0,0,0

FINAL,N16-A,16,N,2
IF,FF009,63.649122,-68.478881,YFY,0.0,0.0,2,2100,0,0,0,0,2,0
CF,YFY,63.733447,-68.547919,0,YFY,0.0,0.0,9.0,5.4,1,720,0,0,0,0,3,0
CA,0,349.0,2,3600,0,0,0,0,0,0
DF,YFY,63.733447,-68.547919,1, ,0.0,0.0,1,3600,0,0,0,0,0,0
HM,YFY,63.733447,-68.547919,2, ,0.0,0.0,189.0,04.3,0,0,0,0,0,0,0,0,0

APPTR,N34-A,34,YFY
PI,YFY,63.733447,-68.547919,1,YFY,234.0,10.0,189,5.0,2,2100,0,0,0,0,0,0
CF,FF009,63.649122,-68.478881,0,YFY,189.0,5.4,9.0,4.6,2,2100,0,0,0,0,0,0

FINAL,N34-A,34,N,2
IF,FF009,63.649122,-68.478881,YFY,0.0,0.0,2,2100,0,0,0,0,2,0
CF,YFY,63.733447,-68.547919,0,YFY,0.0,0.0,9.0,5.4,1,720,0,0,0,0,3,0
CA,0,349.0,2,3600,0,0,0,0,0,0
DF,YFY,63.733447,-68.547919,1, ,0.0,0.0,1,3600,0,0,0,0,0,0
HM,YFY,63.733447,-68.547919,2, ,0.0,0.0,189.0,04.3,0,0,0,0,0,0,0,0,0

APPTR,R16,16,CIRCK
IF,CIRCK,63.826786,-68.976917, ,0.0,0.0,0,0,0,0,0,0,1,0
TF,XUDPA,63.885039,-68.842697,0, ,0.0,0.0,0.0,0.0,2,2300,0,0,0,0,1,0

APPTR,R16,16,GLASE
IF,GLASE,63.965833,-69.024833, ,0.0,0.0,0,0,0,0,0,0,1,0
TF,XUDPA,63.885039,-68.842697,0, ,0.0,0.0,0.0,0.0,2,2300,0,0,0,0,1,0

APPTR,R16,16,USBIV
IF,USBIV,63.943167,-68.707922, ,0.0,0.0,0,0,0,0,0,0,1,0
TF,XUDPA,63.885039,-68.842697,0, ,0.0,0.0,0.0,0.0,2,2300,0,0,0,0,1,0

FINAL,R16,16,R,3
IF,XUDPA,63.885039,-68.842697, ,0.0,0.0,2,2300,0,0,0,0,0,0
TF,ATHAB,63.814111,-68.683986,0, ,0.0,0.0,165.0,6.0,2,1500,0,0,0,0,2,0
TF,RW16,63.764972,-68.574725,0, ,0.0,0.0,165.0,4.1,1,160,0,0,0,0,3,1
TF,KIXON,63.741250,-68.522183,0, ,0.0,0.0,0.0,0.0,0,0,0,0,0,0,0,0
TF,FORJE,63.646172,-68.312889,0, ,0.0,0.0,0.0,0.0,1,3600,0,0,0,0,0,1
HM,FORJE,63.646172,-68.312889,2, ,0.0,0.0,165.0,04.3,0,0,0,0,0,0,0,0,0

APPTR,R34,34,DEPMO
IF,DEPMO,63.560972,-68.386922, ,0.0,0.0,0,0,0,0,0,0,1,0
TF,IPTOV,63.619194,-68.253881,0, ,0.0,0.0,0.0,0.0,2,1900,0,0,0,0,1,0

APPTR,R34,34,OMTID
IF,OMTID,63.677292,-68.120294, ,0.0,0.0,0,0,0,0,0,0,1,0
TF,IPTOV,63.619194,-68.253881,0, ,0.0,0.0,0.0,0.0,2,1900,0,0,0,0,1,0

FINAL,R34,34,R,3
IF,IPTOV,63.619194,-68.253881, ,0.0,0.0,2,1900,0,0,0,0,1,0
TF,EPROK,63.690594,-68.410422,0, ,0.0,0.0,345.0,6.0,2,1650,0,0,0,0,2,0
TF,RW34,63.748175,-68.537511,0, ,0.0,0.0,345.0,4.8,1,128,0,0,0,0,3,1
TF,UMANI,63.807431,-68.669097,0, ,0.0,0.0,0.0,0.0,1,3600,0,0,0,0,0,1
HM,UMANI,63.807431,-68.669097,2, ,0.0,0.0,345.0,04.3,0,0,0,0,0,0,0,0,0

