APPTR,N14,14,YGO
PI,YGO,54.555825,-94.481936,1,YGO,359.0,10.0,314,5.0,2,2000,0,0,0,0,0,0
CF,FF14,54.613431,-94.581256,0,YGO,314.0,4.9,134.0,5.1,2,2000,0,0,0,0,0,0

FINAL,N14,14,N,2
IF,FF14,54.613431,-94.581256,YGO,0.0,0.0,2,2000,0,0,0,0,2,0
CF,RW14,54.562444,-94.496483,0,YGO,0.0,0.0,134.0,4.3,1,651,0,0,0,0,3,0
TF,YGO,54.555825,-94.481936,0, ,0.0,0.0,0.0,0.0,0,0,0,0,0,0,0,1
CA,0,134.0,2,2500,0,0,0,0,0,0
DF,YGO,54.555825,-94.481936,1, ,0.0,0.0,1,2500,0,0,0,0,0,0
HM,YGO,54.555825,-94.481936,1, ,0.0,0.0,134.0,04.3,0,0,0,0,0,0,0,0,0

APPTR,R14,14,AMIDO
IF,AMIDO,54.747236,-94.569117, ,0.0,0.0,0,0,0,1,210,0,1,0
TF,EPMUT,54.694944,-94.680881,0, ,0.0,0.0,0.0,0.0,2,2000,0,0,0,0,1,0

APPTR,R14,14,SELAS
IF,SELAS,54.642553,-94.792356, ,0.0,0.0,0,0,0,1,210,0,1,0
TF,EPMUT,54.694944,-94.680881,0, ,0.0,0.0,0.0,0.0,2,2000,0,0,0,0,1,0

FINAL,R14,14,R,3
IF,EPMUT,54.694944,-94.680881, ,0.0,0.0,2,2000,0,0,0,0,1,0
TF,ITGOK,54.617314,-94.572647,0, ,0.0,0.0,141.0,6.0,2,2000,0,0,0,0,2,0
TF,RW14,54.562444,-94.496483,0, ,0.0,0.0,141.0,4.2,1,651,0,0,0,0,3,1
TF,TIKIB,54.497619,-94.406844,0, ,0.0,0.0,0.0,0.0,1,2500,0,0,0,0,0,1
HM,TIKIB,54.497619,-94.406844,2, ,0.0,0.0,141.0,04.3,0,0,0,0,0,0,0,0,0

APPTR,R32,32,ETMEN
IF,ETMEN,54.473911,-94.191214, ,0.0,0.0,0,0,0,1,210,0,1,0
TF,OMSIV,54.421967,-94.302714,0, ,0.0,0.0,0.0,0.0,2,2000,0,0,0,0,1,0

APPTR,R32,32,UMIPU
IF,UMIPU,54.369919,-94.413931, ,0.0,0.0,0,0,0,1,210,0,1,0
TF,OMSIV,54.421967,-94.302714,0, ,0.0,0.0,0.0,0.0,2,2000,0,0,0,0,1,0

FINAL,R32,32,R,3
IF,OMSIV,54.421967,-94.302714, ,0.0,0.0,2,2000,0,0,0,0,1,0
TF,VITER,54.499844,-94.409917,0, ,0.0,0.0,321.0,6.0,2,2000,0,0,0,0,2,0
TF,RW32,54.554319,-94.485228,0, ,0.0,0.0,321.0,4.2,1,662,0,0,0,0,3,1
TF,BOXOS,54.619086,-94.575114,0, ,0.0,0.0,0.0,0.0,1,2500,0,0,0,0,0,1
HM,BOXOS,54.619086,-94.575114,2, ,0.0,0.0,321.0,04.3,0,0,0,0,0,0,0,0,0

