APPTR,R02,02,KIPUN
IF,KIPUN,72.470919,-77.851678, ,0.0,0.0,0,0,0,0,0,0,1,0
TF,VILNI,72.515614,-78.207925,0, ,0.0,0.0,0.0,0.0,2,3800,0,0,0,0,1,0

APPTR,R02,02,LIVRA
IF,LIVRA,72.559672,-78.565928, ,0.0,0.0,0,0,0,0,0,0,1,0
TF,VILNI,72.515614,-78.207925,0, ,0.0,0.0,0.0,0.0,2,3800,0,0,0,0,1,0

FINAL,R02,02,R,3
IF,VILNI,72.515614,-78.207925, ,0.0,0.0,2,3800,0,0,0,0,0,0
TF,ETBUT,72.592397,-78.103025,0, ,0.0,0.0,5.9,5.0,2,2300,0,0,0,0,2,0
TF,RW02,72.684461,-77.975953,0, ,0.0,0.0,5.9,6.0,1,252,0,0,0,0,3,1
CA,0,5.9,2,610,0,0,0,0,0,0
DF,LIVRA,72.559672,-78.565928,1, ,0.0,0.0,1,3800,0,0,0,0,0,1
HM,LIVRA,72.559672,-78.565928,2, ,0.0,0.0,14.9,04.3,0,0,0,0,0,0,0,0,0

APPTR,R02-T,02,YIO
IF,YIO,72.693119,-77.950964, ,0.0,0.0,2,2600,0,0,0,0,0,0
PI,YIO,72.693119,-77.950964,1,YIO,33.2,10.0,348,5.0,2,1600,0,0,0,0,0,0
CF,AVIKU,72.664483,-78.213244,0,YIO,291.0,5.0,10.7,5.0,2,1600,0,0,0,0,0,0

FINAL,R02-T,02,R,2
IF,AVIKU,72.664483,-78.213244,YIO,0.0,0.0,2,1600,0,0,0,0,2,0
CF,YIO,72.693119,-77.950964,0,YIO,0.0,0.0,10.7,5.0,1,820,0,0,0,0,3,0
VA,1,28.7,2,4700,0,0,0,0,0,0
DF,YIO,72.693119,-77.950964,1, ,0.0,0.0,1,4700,0,0,0,0,0,0
HM,YIO,72.693119,-77.950964,1, ,0.0,0.0,10.7,04.3,0,0,0,1,200,0,0,0,0

APPTR,R20,20,VIDPA
IF,VIDPA,72.889050,-78.237442, ,0.0,0.0,0,0,0,0,0,0,1,0
TF,IKBER,72.857767,-77.976611,0, ,0.0,0.0,0.0,0.0,2,4900,0,0,0,0,0,0
TF,SAVUV,72.832500,-77.768614,0, ,0.0,0.0,0.0,0.0,2,3000,0,0,0,0,1,0

APPTR,R20,20,VIGTI
IF,VIGTI,72.774875,-77.302797, ,0.0,0.0,0,0,0,0,0,0,1,0
TF,IRLET,72.807022,-77.561211,0, ,0.0,0.0,0.0,0.0,2,4900,0,0,0,0,0,0
TF,SAVUV,72.832500,-77.768614,0, ,0.0,0.0,0.0,0.0,2,3000,0,0,0,0,1,0

FINAL,R20,20,R,3
IF,SAVUV,72.832500,-77.768614, ,0.0,0.0,2,3000,0,0,0,0,0,0
TF,URSOX,72.755897,-77.876372,0, ,0.0,0.0,24.0,5.0,2,1500,0,0,0,0,2,0
TF,RW20,72.694572,-77.961911,0, ,0.0,0.0,24.0,4.0,1,239,0,0,0,0,3,1
TF,SUTEN,72.627775,-78.127011,0, ,0.0,0.0,0.0,0.0,1,4200,0,0,0,0,0,1
HM,SUTEN,72.627775,-78.127011,2, ,0.0,0.0,25.3,04.3,0,0,0,1,250,0,0,0,0

APPTR,R20-T,20,YIO
IF,YIO,72.693119,-77.950964, ,0.0,0.0,2,2600,0,0,0,0,0,0
PI,YIO,72.693119,-77.950964,1,YIO,33.2,10.0,348,5.0,2,1600,0,0,0,0,0,0
CF,AVIKU,72.664483,-78.213244,0,YIO,291.0,5.0,10.7,5.0,2,1600,0,0,0,0,0,0

FINAL,R20-T,20,R,2
IF,AVIKU,72.664483,-78.213244,YIO,0.0,0.0,2,1600,0,0,0,0,2,0
CF,YIO,72.693119,-77.950964,0,YIO,0.0,0.0,10.7,5.0,1,820,0,0,0,0,3,0
VA,1,28.7,2,4700,0,0,0,0,0,0
DF,YIO,72.693119,-77.950964,1, ,0.0,0.0,1,4700,0,0,0,0,0,0
HM,YIO,72.693119,-77.950964,1, ,0.0,0.0,10.7,04.3,0,0,0,1,200,0,0,0,0

