FINAL,N16,16,N,2
IF,FF16,58.784608,-66.119236,YLU,0.0,0.0,2,2000,0,0,0,0,2,0
CF,RW16,58.714661,-65.999672,0,YLU,0.0,0.0,164.0,5.6,1,208,0,0,0,0,3,0
TF,YLU,58.707281,-65.989656,0, ,0.0,0.0,0.0,0.0,0,0,0,0,0,0,0,1
CA,0,164.0,2,2200,0,0,0,0,0,0
DF,YLU,58.707281,-65.989656,2, ,0.0,0.0,1,2200,0,0,0,0,0,0
HM,YLU,58.707281,-65.989656,2, ,0.0,0.0,164.0,04.3,0,0,0,0,0,0,0,0,0

APPTR,R16,16,PELNA
IF,PELNA,58.886756,-66.123994, ,0.0,0.0,0,0,0,0,0,0,1,0
TF,LISLO,58.825619,-66.232714,0, ,0.0,0.0,0.0,0.0,2,1900,0,0,0,0,1,0

APPTR,R16,16,VIRDI
IF,VIRDI,58.764392,-66.341047, ,0.0,0.0,0,0,0,0,0,0,1,0
TF,LISLO,58.825619,-66.232714,0, ,0.0,0.0,0.0,0.0,2,1900,0,0,0,0,1,0

FINAL,R16,16,R,3
IF,LISLO,58.825619,-66.232714, ,0.0,0.0,2,1900,0,0,0,0,0,0
TF,KATRU,58.769500,-66.114547,0, ,0.0,0.0,157.0,5.0,2,1800,0,0,0,0,2,0
TF,DUSMI,58.720289,-66.011433,0, ,0.0,0.0,157.0,4.4,1,371,0,0,0,0,3,1
TF,VETMU,58.607536,-65.776908,0, ,0.0,0.0,0.0,0.0,1,3500,0,0,0,0,0,1
HM,VETMU,58.607536,-65.776908,2, ,0.0,0.0,158.0,04.3,0,0,0,0,0,0,0,0,0

APPTR,R34,34,KEDBO
IF,KEDBO,58.659864,-65.650678, ,0.0,0.0,0,0,0,0,0,0,1,0
TF,PENBI,58.598739,-65.758711,0, ,0.0,0.0,0.0,0.0,2,2500,0,0,0,0,1,0

APPTR,R34,34,KEMLI
IF,KEMLI,58.537519,-65.866369, ,0.0,0.0,0,0,0,0,0,0,1,0
TF,PENBI,58.598739,-65.758711,0, ,0.0,0.0,0.0,0.0,2,2500,0,0,0,0,1,0

FINAL,R34,34,R,4
IF,PENBI,58.598739,-65.758711, ,0.0,0.0,2,2500,0,0,0,0,0,0
TF,MEDSA,58.655186,-65.875728,0, ,0.0,0.0,338.0,5.0,2,1800,0,0,0,0,2,0
TF,PEPGU,58.678850,-65.924961,0, ,0.0,0.0,338.0,2.1,2,1120,0,0,0,0,0,0
TF,RW34,58.708136,-65.986042,0, ,0.0,0.0,338.0,2.6,1,267,0,0,0,0,3,1
TF,XOLVA,58.876528,-66.340433,0, ,0.0,0.0,0.0,0.0,1,3800,0,0,0,0,0,1
HM,XOLVA,58.876528,-66.340433,2, ,0.0,0.0,338.0,04.3,0,0,0,0,0,0,0,0,0

