APPTR,D13,13,YQD
IF,YQD,53.973478,-101.099908, ,0.0,0.0,0,0,0,0,0,0,0,0
TF,SEVBA,54.028639,-101.163122,0, ,0.0,0.0,0.0,0.0,2,2400,0,0,0,0,1,0
PI,SEVBA,54.028639,-101.163122,2,YQD,275.0,10.0,320,5.0,2,2400,0,0,0,0,0,0

FINAL,D13,13,D,3
IF,TAVDU,54.166392,-101.321892,YQD,320.0,14.0,2,2400,0,0,0,0,0,0
CF,SEVBA,54.028639,-101.163122,0,YQD,320.0,4.0,140.0,10.0,2,2150,0,0,0,0,2,0
CF,MA13,53.976128,-101.102936,0,YQD,320.0,0.2,140.0,3.8,1,938,0,0,0,0,3,0
CF,YQD,53.973478,-101.099908,0,YQD,0.0,0.0,140.0,0.2,0,0,0,0,0,0,0,0
CA,0,140.0,2,2400,0,0,0,0,0,0
DF,YQD,53.973478,-101.099908,2, ,0.0,0.0,1,2400,0,0,0,0,0,0
HM,YQD,53.973478,-101.099908,2, ,0.0,0.0,140.0,04.3,0,0,0,0,0,0,0,0,0

APPTR,D31,31,YQD
PI,YQD,53.973478,-101.099908,2,YQD,80.0,10.0,125,5.0,2,2300,0,0,0,0,1,0
CF,ITPOB,53.929783,-101.014792,0,YQD,125.0,4.0,305.0,6.0,2,1940,0,0,0,0,0,0

FINAL,D31,31,D,2
IF,ITPOB,53.929783,-101.014792,YQD,125.0,4.0,2,1940,0,0,0,0,2,0
CF,MA31,53.964658,-101.082706,0,YQD,125.0,0.8,305.0,3.2,1,926,0,0,0,0,3,0
CF,YQD,53.973478,-101.099908,0,YQD,0.0,0.0,305.0,0.8,0,0,0,0,0,0,0,0
CA,0,305.0,2,2400,0,0,0,0,0,0
DF,YQD,53.973478,-101.099908,2, ,0.0,0.0,1,2400,0,0,0,0,0,0
HM,YQD,53.973478,-101.099908,2, ,0.0,0.0,305.0,04.3,0,0,0,0,0,0,0,0,0

APPTR,N13-A,13,QD
PI,QD,53.978519,-101.080881,2,YQD,355.0,10.0,040,5.0,2,2300,0,0,0,0,1,0
CF,FF220,54.019689,-101.003186,0,YQD,44.9,4.4,220.0,6.3,2,2300,0,0,0,0,0,0

FINAL,N13-A,13,N,2
IF,FF220,54.019689,-101.003186,QD,0.0,0.0,2,2300,0,0,0,0,2,0
CF,QD,53.978519,-101.080881,0,QD,0.0,0.0,220.0,3.7,1,1500,0,0,0,0,3,0
FA,QD,53.978519,-101.080881,0,YQD,0.0,0.0,220.0,2,2400,0,0,0,0,0,0
DF,QD,53.978519,-101.080881,2, ,0.0,0.0,1,2400,0,0,0,0,0,0
HM,QD,53.978519,-101.080881,2, ,0.0,0.0,220.0,04.3,0,0,0,1,265,0,0,0,0

APPTR,N31-A,31,QD
PI,QD,53.978519,-101.080881,2,YQD,355.0,10.0,040,5.0,2,2300,0,0,0,0,1,0
CF,FF220,54.019689,-101.003186,0,YQD,44.9,4.4,220.0,6.3,2,2300,0,0,0,0,0,0

FINAL,N31-A,31,N,2
IF,FF220,54.019689,-101.003186,QD,0.0,0.0,2,2300,0,0,0,0,2,0
CF,QD,53.978519,-101.080881,0,QD,0.0,0.0,220.0,3.7,1,1500,0,0,0,0,3,0
FA,QD,53.978519,-101.080881,0,YQD,0.0,0.0,220.0,2,2400,0,0,0,0,0,0
DF,QD,53.978519,-101.080881,2, ,0.0,0.0,1,2400,0,0,0,0,0,0
HM,QD,53.978519,-101.080881,2, ,0.0,0.0,220.0,04.3,0,0,0,1,265,0,0,0,0

APPTR,R13,13,URNUR
IF,URNUR,54.038914,-101.405969, ,0.0,0.0,0,0,0,1,210,0,1,0
TF,ULBAT,54.097883,-101.306197,0, ,0.0,0.0,0.0,0.0,2,2300,0,0,0,0,1,0

APPTR,R13,13,VOKOS
IF,VOKOS,54.156769,-101.206144, ,0.0,0.0,0,0,0,1,210,0,1,0
TF,ULBAT,54.097883,-101.306197,0, ,0.0,0.0,0.0,0.0,2,2300,0,0,0,0,1,0

FINAL,R13,13,R,3
IF,ULBAT,54.097883,-101.306197, ,0.0,0.0,2,2300,0,0,0,0,1,0
TF,TUKEX,54.027353,-101.186092,0, ,0.0,0.0,129.0,6.0,2,2300,0,0,0,0,2,0
TF,RW13,53.977006,-101.100728,0, ,0.0,0.0,129.0,4.3,1,938,0,0,0,0,3,1
TF,OMPEP,53.918067,-101.001189,0, ,0.0,0.0,0.0,0.0,1,2400,0,0,0,0,0,1
HM,OMPEP,53.918067,-101.001189,2, ,0.0,0.0,129.0,04.3,0,0,0,0,0,0,0,0,0

APPTR,R31,31,LOBVA
IF,LOBVA,53.788944,-100.982444, ,0.0,0.0,0,0,0,1,210,0,1,0
TF,TUGOG,53.847567,-100.882672,0, ,0.0,0.0,0.0,0.0,2,2200,0,0,0,0,1,0

APPTR,R31,31,ONBER
IF,ONBER,53.906103,-100.782622, ,0.0,0.0,0,0,0,1,210,0,1,0
TF,TUGOG,53.847567,-100.882672,0, ,0.0,0.0,0.0,0.0,2,2200,0,0,0,0,1,0

FINAL,R31,31,R,3
IF,TUGOG,53.847567,-100.882672, ,0.0,0.0,2,2200,0,0,0,0,1,0
TF,VIXIR,53.918400,-101.001750,0, ,0.0,0.0,309.0,6.0,2,2200,0,0,0,0,2,0
TF,RW31,53.965564,-101.081369,0, ,0.0,0.0,309.0,4.0,1,926,0,0,0,0,3,1
TF,AMUBU,54.024436,-101.181136,0, ,0.0,0.0,0.0,0.0,1,2400,0,0,0,0,0,1
HM,AMUBU,54.024436,-101.181136,2, ,0.0,0.0,309.0,04.3,0,0,0,0,0,0,0,0,0

