APPTR,N08,08,YQK
PI,YQK,49.792444,-94.424436,1,VBI,325.0,10.0,280,5.0,2,2700,0,0,0,0,0,0
CF,YQK,49.792444,-94.424436,0,VBI,322.3,24.0,100.0,8.0,2,2100,0,0,0,0,0,0

FINAL,N08,08,N,2
IF,YQK,49.792444,-94.424436,YQK,0.0,0.0,2,2100,0,0,0,0,2,0
CF,RW08,49.786603,-94.375100,0,YQK,0.0,0.0,100.0,2.0,1,1375,0,0,0,0,3,0
CA,0,100.0,2,2900,0,0,0,0,0,0
DF,YQK,49.792444,-94.424436,1, ,0.0,0.0,1,2900,0,0,0,0,0,0
HM,YQK,49.792444,-94.424436,1, ,0.0,0.0,100.0,04.3,0,0,0,0,0,0,0,0,0

APPTR,R08,08,METVO
IF,METVO,49.834597,-94.632247, ,0.0,0.0,0,0,0,0,0,0,1,0
TF,LOPLU,49.753333,-94.604289,0, ,0.0,0.0,0.0,0.0,2,2700,0,0,0,0,1,0

APPTR,R08,08,NAKVI
IF,NAKVI,49.672061,-94.576425, ,0.0,0.0,0,0,0,0,0,0,1,0
TF,LOPLU,49.753333,-94.604289,0, ,0.0,0.0,0.0,0.0,2,2700,0,0,0,0,1,0

FINAL,R08,08,R,4
IF,LOPLU,49.753333,-94.604289, ,0.0,0.0,2,2700,0,0,0,0,1,0
TF,ROVKA,49.771597,-94.478894,0, ,0.0,0.0,76.0,5.0,2,2700,0,0,0,0,2,0
TF,PENLI,49.777544,-94.437847,0, ,0.0,0.0,77.0,1.6,2,2160,0,0,0,0,0,0
TF,RW08,49.786603,-94.375100,0, ,0.0,0.0,77.0,2.5,1,1375,0,0,0,0,3,1
TF,XIBED,49.804619,-94.249536,0, ,0.0,0.0,0.0,0.0,1,2900,0,0,0,0,0,1
HM,XIBED,49.804619,-94.249536,2, ,0.0,0.0,77.0,04.3,0,0,0,0,0,0,0,0,0

APPTR,R26,26,AMBAP
IF,AMBAP,49.907164,-94.127831, ,0.0,0.0,0,0,0,0,0,0,1,0
TF,ELVOL,49.825897,-94.099872,0, ,0.0,0.0,0.0,0.0,2,3000,0,0,0,0,1,0

APPTR,R26,26,DUVOX
IF,DUVOX,49.744619,-94.072006, ,0.0,0.0,0,0,0,0,0,0,1,0
TF,ELVOL,49.825897,-94.099872,0, ,0.0,0.0,0.0,0.0,2,3000,0,0,0,0,1,0

FINAL,R26,26,R,3
IF,ELVOL,49.825897,-94.099872, ,0.0,0.0,2,3000,0,0,0,0,1,0
TF,HENTY,49.808044,-94.225547,0, ,0.0,0.0,257.0,5.0,2,2970,0,0,0,0,2,0
TF,RW26,49.790053,-94.351131,0, ,0.0,0.0,257.0,5.0,1,1382,0,0,0,0,3,1
TF,MIKLL,49.771928,-94.476619,0, ,0.0,0.0,0.0,0.0,1,2900,0,0,0,0,0,1
HM,MIKLL,49.771928,-94.476619,2, ,0.0,0.0,257.0,04.3,0,0,0,0,0,0,0,0,0

