APPTR,N06,06,5B
PI,5B,46.396944,-63.881667,2,YQM,191.0,10.0,236,5.0,2,1500,0,0,0,0,0,0
CF,5B,46.396944,-63.881667,0,YQM,84.2,31.3,56.0,8.0,2,940,0,0,0,0,0,0

FINAL,N06,06,N,2
IF,5B,46.396944,-63.881667,5B,0.0,0.0,2,940,0,0,0,0,2,0
CF,RW06,46.431564,-63.842639,0,5B,0.0,0.0,56.0,2.6,1,98,0,0,0,0,3,0
CA,0,56.0,2,2100,0,0,0,0,0,0
DF,5B,46.396944,-63.881667,2, ,0.0,0.0,1,2100,0,0,0,0,0,0
HM,5B,46.396944,-63.881667,2, ,0.0,0.0,56.0,04.3,0,0,0,0,0,0,0,0,0

APPTR,R06,06,KEBOS
IF,KEBOS,46.320617,-64.102806, ,0.0,0.0,0,0,0,0,0,0,1,0
TF,ITNAG,46.272567,-64.004628,0, ,0.0,0.0,0.0,0.0,2,1600,0,0,0,0,1,0

APPTR,R06,06,LERUL
IF,LERUL,46.224433,-63.906622, ,0.0,0.0,0,0,0,0,0,0,1,0
TF,ITNAG,46.272567,-64.004628,0, ,0.0,0.0,0.0,0.0,2,1600,0,0,0,0,1,0

FINAL,R06,06,R,3
IF,ITNAG,46.272567,-64.004628, ,0.0,0.0,2,1600,0,0,0,0,1,0
TF,DEMRI,46.367894,-63.907647,0, ,0.0,0.0,54.0,7.0,2,1600,0,0,0,0,2,0
TF,RW06,46.431564,-63.842639,0, ,0.0,0.0,54.0,4.7,1,98,0,0,0,0,3,1
TF,URNUT,46.476447,-63.796697,0, ,0.0,0.0,0.0,0.0,0,0,0,0,0,0,0,0
TF,MAVIB,46.553931,-63.717164,0, ,0.0,0.0,0.0,0.0,1,2100,0,0,0,0,0,1
HM,MAVIB,46.553931,-63.717164,2, ,0.0,0.0,54.0,04.3,0,0,0,0,0,0,0,0,0

APPTR,R24,24,AVRUN
IF,AVRUN,46.560692,-63.562033, ,0.0,0.0,0,0,0,0,0,0,1,0
TF,OMSAR,46.608839,-63.660628,0, ,0.0,0.0,0.0,0.0,2,1600,0,0,0,0,1,0

APPTR,R24,24,MAVAG
IF,MAVAG,46.656903,-63.759397, ,0.0,0.0,0,0,0,0,0,0,1,0
TF,OMSAR,46.608839,-63.660628,0, ,0.0,0.0,0.0,0.0,2,1600,0,0,0,0,1,0

FINAL,R24,24,R,3
IF,OMSAR,46.608839,-63.660628, ,0.0,0.0,2,1600,0,0,0,0,1,0
TF,KERPA,46.513728,-63.758467,0, ,0.0,0.0,234.0,7.0,2,1600,0,0,0,0,2,0
TF,RW24,46.449475,-63.824317,0, ,0.0,0.0,234.0,4.7,1,83,0,0,0,0,3,1
TF,VESLA,46.408661,-63.866044,0, ,0.0,0.0,0.0,0.0,0,0,0,0,0,0,0,0
TF,TOTEN,46.326989,-63.949314,0, ,0.0,0.0,0.0,0.0,1,2100,0,0,0,0,0,1
HM,TOTEN,46.326989,-63.949314,2, ,0.0,0.0,234.0,04.3,0,0,0,0,0,0,0,0,0

