APPTR,N23,23,YTQ
PI,YTQ,58.671022,-69.946525,1,YTQ,90.0,10.0,045,5.0,2,2000,0,0,0,0,0,0
CF,FF23,58.761031,-69.880008,0,YTQ,45.0,5.8,225.0,4.2,2,2000,0,0,0,0,0,0

FINAL,N23,23,N,2
IF,FF23,58.761031,-69.880008,YTQ,0.0,0.0,2,2000,0,0,0,0,2,0
CF,YTQ,58.671022,-69.946525,0,YTQ,0.0,0.0,225.0,5.8,1,153,0,0,0,0,3,0
CA,0,225.0,2,2300,0,0,0,0,0,0
DF,YTQ,58.671022,-69.946525,1, ,0.0,0.0,1,2300,0,0,0,0,0,0
HM,YTQ,58.671022,-69.946525,1, ,0.0,0.0,225.0,04.3,0,0,0,0,0,0,0,0,0

APPTR,R05,05,KERBU
IF,KERBU,58.444639,-69.935361, ,0.0,0.0,0,0,0,0,0,0,1,0
TF,BOMUM,58.471556,-70.085442,0, ,0.0,0.0,0.0,0.0,2,2200,0,0,0,0,1,0

APPTR,R05,05,PEPMI
IF,PEPMI,58.498300,-70.235753, ,0.0,0.0,0,0,0,0,0,0,1,0
TF,BOMUM,58.471556,-70.085442,0, ,0.0,0.0,0.0,0.0,2,2200,0,0,0,0,1,0

FINAL,R05,05,R,4
IF,BOMUM,58.471556,-70.085442, ,0.0,0.0,2,2200,0,0,0,0,1,0
TF,MUSDO,58.566025,-70.024156,0, ,0.0,0.0,43.0,6.0,2,2200,0,0,0,0,2,0
TF,EPLAR,58.616314,-69.991386,0, ,0.0,0.0,43.0,3.2,2,1060,0,0,0,0,0,0
TF,SIDKU,58.647792,-69.970825,0, ,0.0,0.0,43.0,2.0,1,499,0,0,0,0,3,1
TF,IMOTO,58.790436,-69.806619,0, ,0.0,0.0,0.0,0.0,1,2300,0,0,0,0,0,1
HM,IMOTO,58.790436,-69.806619,2, ,0.0,0.0,55.0,04.3,0,0,0,0,0,0,0,0,0

APPTR,R23,23,NAMSU
IF,NAMSU,58.884533,-69.831222, ,0.0,0.0,0,0,0,0,0,0,1,0
TF,XEXAD,58.817228,-69.690767,0, ,0.0,0.0,0.0,0.0,2,2100,0,0,0,0,1,0

APPTR,R23,23,VIKPA
IF,VIKPA,58.760669,-69.573406, ,0.0,0.0,0,0,0,0,0,0,1,0
TF,XEXAD,58.817228,-69.690767,0, ,0.0,0.0,0.0,0.0,2,2100,0,0,0,0,1,0

FINAL,R23,23,R,3
IF,XEXAD,58.817228,-69.690767, ,0.0,0.0,2,2100,0,0,0,0,1,0
TF,SIBMO,58.744256,-69.821758,0, ,0.0,0.0,247.0,6.0,2,2050,0,0,0,0,2,0
TF,TASKI,58.683992,-69.929344,0, ,0.0,0.0,247.0,4.9,1,472,0,0,0,0,3,1
TF,XEVIS,58.561858,-70.145625,0, ,0.0,0.0,0.0,0.0,1,2300,0,0,0,0,0,1
HM,XEVIS,58.561858,-70.145625,2, ,0.0,0.0,247.0,04.3,0,0,0,0,0,0,0,0,0

