APPTR,R13,13,EPTEX
IF,EPTEX,64.350828,-114.249708, ,0.0,0.0,0,0,0,0,0,0,1,0
TF,PUXEV,64.284453,-114.364789,0, ,0.0,0.0,0.0,0.0,2,2600,0,0,0,0,1,0

APPTR,R13,13,UKSUR
IF,UKSUR,64.217986,-114.479319, ,0.0,0.0,0,0,0,0,0,0,1,0
TF,PUXEV,64.284453,-114.364789,0, ,0.0,0.0,0.0,0.0,2,2600,0,0,0,0,1,0

FINAL,R13,13,R,3
IF,PUXEV,64.284453,-114.364789, ,0.0,0.0,2,2600,0,0,0,0,1,0
TF,OVBUD,64.234786,-114.211678,0, ,0.0,0.0,10.8,5.0,2,2600,0,0,0,0,2,0
TF,RW13,64.193217,-114.084322,0, ,0.0,0.0,10.8,4.2,1,1253,0,0,0,0,3,1
TF,ILAVA,64.143258,-113.932217,0, ,0.0,0.0,0.0,0.0,1,2800,0,0,0,0,0,1
HM,ILAVA,64.143258,-113.932217,2, ,0.0,0.0,10.8,04.3,0,0,0,0,0,0,0,0,0

APPTR,R31,31,IRBUS
IF,IRBUS,64.162403,-113.675044, ,0.0,0.0,0,0,0,0,0,0,1,0
TF,ROSDI,64.096036,-113.789381,0, ,0.0,0.0,0.0,0.0,2,2600,0,0,0,0,1,0

APPTR,R31,31,TIBIL
IF,TIBIL,64.029581,-113.903175, ,0.0,0.0,0,0,0,0,0,0,1,0
TF,ROSDI,64.096036,-113.789381,0, ,0.0,0.0,0.0,0.0,2,2600,0,0,0,0,1,0

FINAL,R31,31,R,3
IF,ROSDI,64.096036,-113.789381, ,0.0,0.0,2,2600,0,0,0,0,1,0
TF,ULEMO,64.146144,-113.940972,0, ,0.0,0.0,28.8,5.0,2,2600,0,0,0,0,2,0
TF,RW31,64.188294,-114.069286,0, ,0.0,0.0,28.8,4.2,1,1238,0,0,0,0,3,1
TF,SEKIG,64.238108,-114.221886,0, ,0.0,0.0,0.0,0.0,1,2800,0,0,0,0,0,1
HM,SEKIG,64.238108,-114.221886,2, ,0.0,0.0,28.8,04.3,0,0,0,0,0,0,0,0,0

