APPTR,N14-A,14,YXQ
IF,YXQ,62.408772,-140.861186, ,0.0,0.0,0,0,0,0,0,0,0,0
PI,YXQ,62.408772,-140.861186,2,ORT,347.0,10.0,032,5.0,2,4700,0,0,0,0,0,0
CF,FF212,62.487592,-140.634556,0,ORT,103.5,44.9,212.0,2.1,2,4700,0,0,0,0,0,0

FINAL,N14-A,14,N,2
IF,FF212,62.487592,-140.634556,YXQ,0.0,0.0,2,4700,0,0,0,0,2,0
CF,YXQ,62.408772,-140.861186,0,YXQ,0.0,0.0,212.0,7.9,1,3340,0,0,0,0,3,0
CA,0,212.0,2,3340,0,0,0,0,0,0
VA,2,32.0,2,5200,0,0,0,0,0,0
DF,YXQ,62.408772,-140.861186,2, ,0.0,0.0,1,5200,0,0,0,0,0,0
HM,YXQ,62.408772,-140.861186,2, ,0.0,0.0,212.0,04.3,0,0,0,1,200,0,0,0,0

APPTR,N32-A,32,YXQ
IF,YXQ,62.408772,-140.861186, ,0.0,0.0,0,0,0,0,0,0,0,0
PI,YXQ,62.408772,-140.861186,2,ORT,347.0,10.0,032,5.0,2,4700,0,0,0,0,0,0
CF,FF212,62.487592,-140.634556,0,ORT,103.5,44.9,212.0,2.1,2,4700,0,0,0,0,0,0

FINAL,N32-A,32,N,2
IF,FF212,62.487592,-140.634556,YXQ,0.0,0.0,2,4700,0,0,0,0,2,0
CF,YXQ,62.408772,-140.861186,0,YXQ,0.0,0.0,212.0,7.9,1,3340,0,0,0,0,3,0
CA,0,212.0,2,3340,0,0,0,0,0,0
VA,2,32.0,2,5200,0,0,0,0,0,0
DF,YXQ,62.408772,-140.861186,2, ,0.0,0.0,1,5200,0,0,0,0,0,0
HM,YXQ,62.408772,-140.861186,2, ,0.0,0.0,212.0,04.3,0,0,0,1,200,0,0,0,0

