APPTR,I04,04,YYE
IF,YYE,58.891908,-123.015986, ,0.0,0.0,0,0,0,0,0,0,0,0
TF,YE,58.795833,-122.722500,0, ,0.0,0.0,0.0,0.0,2,4000,0,0,0,0,0,0
PI,YE,58.795833,-122.722500,2,YYE,172.0,10.0,217,5.0,2,4000,0,0,0,0,0,0

FINAL,I04,04,I,3
IF,BOXEX,58.704275,-122.989342,IYE,216.8,15.2,2,4000,0,0,0,0,0,0
CF,YE,58.795833,-122.722500,0,IYE,216.8,5.2,37.0,10.0,1,2600,0,0,0,0,2,0
CF,RW04,58.831608,-122.616419,0,IYE,215.9,1.3,37.0,3.9,1,1310,0,0,0,0,3,0
CA,0,37.0,2,4000,0,0,0,0,0,0
DF,YE,58.795833,-122.722500,2, ,0.0,0.0,1,4000,0,0,0,0,0,0
HM,YE,58.795833,-122.722500,2, ,0.0,0.0,37.0,04.3,0,0,0,0,0,0,0,0,0

APPTR,N04,04,YYE
IF,YYE,58.891908,-123.015986, ,0.0,0.0,0,0,0,0,0,0,0,0
TF,YE,58.795833,-122.722500,0, ,0.0,0.0,0.0,0.0,2,4000,0,0,0,0,0,0
PI,YE,58.795833,-122.722500,2,YYE,172.0,10.0,217,5.0,2,4000,0,0,0,0,0,0

FINAL,N04,04,N,3
IF,BOXEX,58.704275,-122.989342,YE,0.0,0.0,2,4000,0,0,0,0,0,0
CF,YE,58.795833,-122.722500,0,YE,0.0,0.0,37.0,10.0,2,2800,0,0,0,0,2,0
CF,RW04,58.831608,-122.616419,0,YE,0.0,0.0,37.0,3.9,1,1310,0,0,0,0,3,0
CA,0,37.0,2,4000,0,0,0,0,0,0
DF,YE,58.795833,-122.722500,2, ,0.0,0.0,1,4000,0,0,0,0,0,0
HM,YE,58.795833,-122.722500,2, ,0.0,0.0,37.0,04.3,0,0,0,0,0,0,0,0,0

APPTR,R04,04,DEMLI
IF,DEMLI,58.664722,-122.818364, ,0.0,0.0,0,0,0,0,0,0,1,0
TF,NAGOT,58.740794,-122.882778,0, ,0.0,0.0,0.0,0.0,2,2800,0,0,0,0,1,0

APPTR,R04,04,IKLAS
IF,IKLAS,58.810342,-122.970467, ,0.0,0.0,0,0,0,0,0,0,1,0
TF,NAGOT,58.740794,-122.882778,0, ,0.0,0.0,0.0,0.0,2,2730,0,0,0,0,1,0

FINAL,R04,04,R,4
IF,NAGOT,58.740794,-122.882778, ,0.0,0.0,2,2730,0,0,0,0,0,0
TF,SEPNO,58.795619,-122.722336,0, ,0.0,0.0,37.0,6.0,2,2730,0,0,0,0,2,0
TF,TALAT,58.806111,-122.691511,0, ,0.0,0.0,37.0,1.2,2,2300,0,0,0,0,0,0
TF,RW04,58.831608,-122.616419,0, ,0.0,0.0,37.0,2.8,1,1310,0,0,0,0,3,1
TF,UBTUK,58.845250,-122.576144,0, ,0.0,0.0,0.0,0.0,0,0,0,0,0,0,0,0
TF,VERLA,58.904747,-122.399869,0, ,0.0,0.0,0.0,0.0,1,3100,0,0,0,0,0,1
HM,VERLA,58.904747,-122.399869,2, ,0.0,0.0,217.0,04.3,0,0,0,0,0,0,0,0,0

APPTR,R22,22,AGLAR
IF,AGLAR,58.862217,-122.231136, ,0.0,0.0,0,0,0,0,0,0,1,0
TF,KATAM,58.931839,-122.318900,0, ,0.0,0.0,0.0,0.0,2,2900,0,0,0,0,1,0

APPTR,R22,22,BINSA
IF,BINSA,59.001406,-122.407017, ,0.0,0.0,0,0,0,0,0,0,1,0
TF,KATAM,58.931839,-122.318900,0, ,0.0,0.0,0.0,0.0,2,2900,0,0,0,0,1,0

FINAL,R22,22,R,3
IF,KATAM,58.931839,-122.318900, ,0.0,0.0,2,2900,0,0,0,0,0,0
TF,MAXIP,58.886586,-122.453692,0, ,0.0,0.0,217.0,5.0,2,2900,0,0,0,0,2,0
TF,RW22,58.841192,-122.588133,0, ,0.0,0.0,217.0,5.0,1,1297,0,0,0,0,3,1
TF,RIBAT,58.767781,-122.803942,0, ,0.0,0.0,0.0,0.0,1,5600,0,0,0,0,0,1
HM,RIBAT,58.767781,-122.803942,2, ,0.0,0.0,37.0,04.3,0,0,0,0,0,0,0,0,0

