APPTR,D25,25,YYQ
IF,YYQ,58.741744,-94.135311, ,0.0,0.0,0,0,0,0,0,0,0,0
TF,KALLE,58.771425,-93.952025,0, ,0.0,0.0,0.0,0.0,2,1400,0,0,0,0,0,0
PI,KALLE,58.771425,-93.952025,1,YYQ,121.0,10.0,076,5.0,2,1400,0,0,0,0,1,0

FINAL,D25,25,D,4
IF,DAXIT,58.820428,-93.645922,YYQ,75.6,16.0,2,1400,0,0,0,0,0,0
CF,KALLE,58.771425,-93.952025,0,YYQ,75.6,6.0,256.0,10.0,2,1210,0,0,0,0,2,0
CF,BIBAP,58.765511,-93.988706,0,YYQ,75.6,4.8,256.0,1.2,2,830,0,0,0,0,0,0
CF,RW25,58.754789,-94.055028,0,YYQ,75.6,2.6,256.0,2.2,1,134,0,0,0,0,3,0
CA,0,256.0,2,500,0,0,0,0,0,0
CF,YYQ,58.741744,-94.135311,0,YYQ,0.0,0.0,256.0,1.9,0,0,0,0,0,0,0,0
FA,YYQ,58.741744,-94.135311,0,YYQ,0.0,0.0,256.0,2,1400,0,0,0,0,0,0
DF,YYQ,58.741744,-94.135311,1, ,0.0,0.0,1,1400,0,0,0,0,0,0
HM,YYQ,58.741744,-94.135311,1, ,0.0,0.0,256.0,04.3,0,0,0,0,0,0,0,0,0

APPTR,I33,33,NUDIX
IF,NUDIX,58.524508,-94.436556, ,0.0,0.0,0,0,0,0,0,0,1,0
AF,D158P,58.498953,-93.919194,1,YYQ,158.0,16.1,219.0,2,1600,0,0,0,0,0,0
VI,0,IYQ,0.0,5.0,0,0,0,0,0,0,0,0

APPTR,I33,33,YQ
IF,YQ,58.762514,-93.953775, ,0.0,0.0,0,0,0,0,0,0,0,0
TF,DEDSA,58.665753,-93.998186,0, ,0.0,0.0,0.0,0.0,2,1400,0,0,0,0,1,0
PI,DEDSA,58.665753,-93.998186,1,YYQ,200.0,10.0,155,5.0,2,1400,0,0,0,0,0,0

APPTR,I33,33,YYQ
IF,YYQ,58.741744,-94.135311, ,0.0,0.0,0,0,0,0,0,0,0,0
TF,DEDSA,58.665753,-93.998186,0, ,0.0,0.0,0.0,0.0,2,1400,0,0,0,0,1,0
PI,DEDSA,58.665753,-93.998186,1,YYQ,200.0,10.0,155,5.0,2,1400,0,0,0,0,0,0

FINAL,I33,33,I,3
IF,VIRKO,58.517969,-93.852247,IYQ,154.6,15.6,2,1600,0,0,0,0,0,0
CF,DEDSA,58.665753,-93.998186,0,IYQ,154.6,5.6,335.0,10.0,1,1390,0,0,0,0,2,0
CF,RW33,58.723333,-94.055450,0,IYQ,154.6,1.7,335.0,3.9,1,119,0,0,0,0,3,0
VA,0,335.0,2,1400,0,0,0,0,0,0
DF,YQ,58.762514,-93.953775,2, ,0.0,0.0,1,1400,0,0,0,0,0,0
HM,YQ,58.762514,-93.953775,1, ,0.0,0.0,150.0,04.3,0,0,0,0,0,0,0,0,0

APPTR,N25,25,YQ
PI,YQ,58.762514,-93.953775,2,YYQ,39.0,10.0,084,5.0,2,1400,0,0,0,0,0,0
CF,YQ,58.762514,-93.953775,0,YYQ,80.5,5.8,264.0,8.0,2,1150,0,0,0,0,0,0

FINAL,N25,25,N,2
IF,YQ,58.762514,-93.953775,YQ,0.0,0.0,2,1150,0,0,0,0,2,0
CF,RW25,58.754789,-94.055028,0,YQ,0.0,0.0,264.0,3.2,1,134,0,0,0,0,3,0
CA,0,264.0,2,1400,0,0,0,0,0,0
DF,YQ,58.762514,-93.953775,1, ,0.0,0.0,1,1400,0,0,0,0,0,0
HM,YQ,58.762514,-93.953775,2, ,0.0,0.0,264.0,04.3,0,0,0,0,0,0,0,0,0

APPTR,R07,07,OMVEP
IF,OMVEP,58.620444,-94.326719, ,0.0,0.0,0,0,0,1,210,0,1,0
TF,URLON,58.699308,-94.377181,0, ,0.0,0.0,0.0,0.0,2,1400,0,0,0,0,1,0

APPTR,R07,07,OTNIB
IF,OTNIB,58.778153,-94.427869, ,0.0,0.0,0,0,0,1,210,0,1,0
TF,URLON,58.699308,-94.377181,0, ,0.0,0.0,0.0,0.0,2,1400,0,0,0,0,1,0

FINAL,R07,07,R,3
IF,URLON,58.699308,-94.377181, ,0.0,0.0,2,1400,0,0,0,0,1,0
TF,ITKUV,58.730767,-94.195211,0, ,0.0,0.0,74.0,6.0,2,1400,0,0,0,0,2,0
TF,RW07,58.751372,-94.075033,0, ,0.0,0.0,74.0,4.0,1,140,0,0,0,0,3,1
TF,USBOK,58.777250,-93.922964,0, ,0.0,0.0,0.0,0.0,1,1400,0,0,0,0,0,1
HM,USBOK,58.777250,-93.922964,2, ,0.0,0.0,74.0,04.3,0,0,0,0,0,0,0,0,0

APPTR,R15,15,DUTIG
IF,DUTIG,58.880297,-94.399894, ,0.0,0.0,0,0,0,0,0,0,1,0
TF,ONBIP,58.892406,-94.224808,0, ,0.0,0.0,0.0,0.0,2,1400,0,0,0,0,1,0

APPTR,R15,15,TAGEX
IF,TAGEX,58.959806,-94.105294, ,0.0,0.0,0,0,0,0,0,0,1,0
TF,ONBIP,58.892406,-94.224808,0, ,0.0,0.0,0.0,0.0,2,1400,0,0,0,0,1,0

FINAL,R15,15,R,3
IF,ONBIP,58.892406,-94.224808, ,0.0,0.0,2,1400,0,0,0,0,1,0
TF,KEMVU,58.803919,-94.135939,0, ,0.0,0.0,155.0,6.0,2,1400,0,0,0,0,2,0
TF,RW15,58.745672,-94.077719,0, ,0.0,0.0,155.0,3.9,1,143,0,0,0,0,3,1
TF,XUDAL,58.671850,-94.004250,0, ,0.0,0.0,0.0,0.0,1,1400,0,0,0,0,0,1
HM,XUDAL,58.671850,-94.004250,2, ,0.0,0.0,155.0,04.3,0,0,0,0,0,0,0,0,0

APPTR,R25,25,AGMES
IF,AGMES,58.885275,-93.800769, ,0.0,0.0,0,0,0,1,210,0,1,0
TF,MIXOS,58.806192,-93.751347,0, ,0.0,0.0,0.0,0.0,2,1400,0,0,0,0,1,0

APPTR,R25,25,SIKRA
IF,SIKRA,58.727086,-93.702153, ,0.0,0.0,0,0,0,1,210,0,1,0
TF,MIXOS,58.806192,-93.751347,0, ,0.0,0.0,0.0,0.0,2,1400,0,0,0,0,1,0

FINAL,R25,25,R,4
IF,MIXOS,58.806192,-93.751347, ,0.0,0.0,2,1400,0,0,0,0,1,0
TF,ARIUS,58.775358,-93.934111,0, ,0.0,0.0,254.0,6.0,2,1400,0,0,0,0,2,0
TF,MISET,58.765150,-93.994214,0, ,0.0,0.0,254.0,2.0,2,770,0,0,0,0,0,0
TF,RW25,58.754789,-94.055028,0, ,0.0,0.0,254.0,2.0,1,134,0,0,0,0,3,1
TF,AVATI,58.728756,-94.206903,0, ,0.0,0.0,0.0,0.0,1,1400,0,0,0,0,0,1
HM,AVATI,58.728756,-94.206903,2, ,0.0,0.0,254.0,04.3,0,0,0,0,0,0,0,0,0

APPTR,R33,33,NOSIM
IF,NOSIM,58.508075,-94.027269, ,0.0,0.0,0,0,0,0,0,0,1,0
TF,PUSIK,58.575294,-93.908689,0, ,0.0,0.0,0.0,0.0,2,1400,0,0,0,0,1,0

APPTR,R33,33,XOLTO
IF,XOLTO,58.586742,-93.734964, ,0.0,0.0,0,0,0,0,0,0,1,0
TF,PUSIK,58.575294,-93.908689,0, ,0.0,0.0,0.0,0.0,2,1400,0,0,0,0,1,0

FINAL,R33,33,R,3
IF,PUSIK,58.575294,-93.908689, ,0.0,0.0,2,1400,0,0,0,0,1,0
TF,IMIGO,58.663942,-93.996400,0, ,0.0,0.0,335.0,6.0,2,1400,0,0,0,0,2,0
TF,RW33,58.723333,-94.055450,0, ,0.0,0.0,335.0,4.0,1,119,0,0,0,0,3,1
TF,XIBIB,58.797125,-94.129136,0, ,0.0,0.0,0.0,0.0,1,1400,0,0,0,0,0,1
HM,XIBIB,58.797125,-94.129136,2, ,0.0,0.0,335.0,04.3,0,0,0,0,0,0,0,0,0

APPTR,S07,07,YYQ
PI,YYQ,58.741744,-94.135311,2,YYQ,211.0,8.0,256,5.0,2,1300,0,0,0,0,0,0

FINAL,S07,07,D,3
IF,XOMDA,58.702428,-94.379608,YYQ,255.9,8.0,2,1300,0,0,0,0,0,0
CF,YYQ,58.741744,-94.135311,0,YYQ,0.0,0.0,76.0,8.0,2,800,0,0,0,0,2,0
CF,RW07,58.751372,-94.075033,0,YYQ,75.9,2.0,76.0,2.0,1,140,0,0,0,0,3,0
CA,0,76.0,2,1400,0,0,0,0,0,0
DF,YYQ,58.741744,-94.135311,2, ,0.0,0.0,1,1400,0,0,0,0,0,0
HM,YYQ,58.741744,-94.135311,2, ,0.0,0.0,76.0,04.3,0,0,0,0,0,0,0,0,0

