APPTR,B15,15,ZR
IF,ZR,42.940478,-82.233844, ,0.0,0.0,0,0,0,0,0,0,0,0
TF,DURPO,43.031897,-82.350514,0, ,0.0,0.0,0.0,0.0,2,2200,0,0,0,0,0,0
PI,DURPO,43.031897,-82.350514,1,ZR,10.0,6.0,325,5.0,2,2100,0,0,0,0,0,0

FINAL,B15,15,D,3
IF,AXEXU,43.105569,-82.444867,IZR,324.9,8.2,2,2100,0,0,0,0,0,0
CF,DURPO,43.031897,-82.350514,0,IZR,324.9,2.1,145.0,6.0,2,1500,0,0,0,0,2,0
CF,RW15,43.004792,-82.315889,0,IZR,144.9,0.1,145.0,2.2,1,640,0,0,0,0,3,0
CA,0,145.0,2,1000,0,0,0,0,0,0
CF,ZR,42.940478,-82.233844,0,YXU,271.4,48.1,145.0,4.3,1,2700,0,0,0,0,0,0
HM,ZR,42.940478,-82.233844,1, ,0.0,0.0,145.0,04.3,0,0,0,0,0,0,0,0,0

APPTR,I33,33,YQG
IF,YQG,42.249711,-82.828936, ,0.0,0.0,0,0,0,0,0,0,0,0
TF,ZR,42.940478,-82.233844,0, ,0.0,0.0,0.0,0.0,2,2800,0,0,0,0,0,0
PI,ZR,42.940478,-82.233844,2,ZR,100.0,10.0,145,5.0,2,2200,0,0,0,0,0,0

FINAL,I33,33,I,3
IF,GOVAD,42.818392,-82.078958,IZR,144.9,15.4,2,2200,0,0,0,0,0,0
CF,ZR,42.940478,-82.233844,0,IZR,144.8,5.4,325.0,10.0,1,2070,0,0,0,0,2,0
CF,RW33,42.994567,-82.302842,0,IZR,144.9,0.0,325.0,4.4,1,642,0,0,0,0,3,0
VA,0,325.0,2,1100,0,0,0,0,0,0
DF,ZR,42.940478,-82.233844,2, ,0.0,0.0,1,2700,0,0,0,0,0,0
HM,ZR,42.940478,-82.233844,2, ,0.0,0.0,325.0,04.3,0,0,0,1,230,0,0,0,0

APPTR,N33,33,YQG
IF,YQG,42.249711,-82.828936, ,0.0,0.0,0,0,0,0,0,0,0,0
TF,ZR,42.940478,-82.233844,0, ,0.0,0.0,0.0,0.0,2,2800,0,0,0,0,0,0
PI,ZR,42.940478,-82.233844,2,ZR,100.0,10.0,145,5.0,2,2200,0,0,0,0,0,0

FINAL,N33,33,N,3
IF,GOVAD,42.818392,-82.078958,ZR,0.0,0.0,2,2200,0,0,0,0,0,0
CF,ZR,42.940478,-82.233844,0,ZR,0.0,0.0,325.0,10.0,2,2070,0,0,0,0,2,0
CF,RW33,42.994567,-82.302842,0,ZR,0.0,0.0,325.0,4.4,1,642,0,0,0,0,3,0
VA,0,325.0,2,1100,0,0,0,0,0,0
DF,ZR,42.940478,-82.233844,2, ,0.0,0.0,1,2700,0,0,0,0,0,0
HM,ZR,42.940478,-82.233844,2, ,0.0,0.0,325.0,04.3,0,0,0,1,230,0,0,0,0

APPTR,R15,15,SIGTU
IF,SIGTU,43.170728,-82.372258, ,0.0,0.0,0,0,0,1,210,0,1,0
TF,UDKUR,43.113667,-82.455233,0, ,0.0,0.0,0.0,0.0,2,1900,0,0,0,0,1,0

FINAL,R15,15,R,3
IF,UDKUR,43.113667,-82.455233, ,0.0,0.0,2,1900,0,0,0,0,1,0
TF,VIXUN,43.052908,-82.377383,0, ,0.0,0.0,145.0,5.0,2,1900,0,0,0,0,2,0
TF,RW15,43.004792,-82.315889,0, ,0.0,0.0,145.0,4.0,1,640,0,0,0,0,3,1
TF,XIGEK,42.943939,-82.238317,0, ,0.0,0.0,0.0,0.0,1,2700,0,0,0,0,0,1
HM,XIGEK,42.943939,-82.238317,1, ,0.0,0.0,145.0,04.3,0,0,0,1,250,0,0,0,0

APPTR,R33,33,ODGEG
IF,ODGEG,42.931306,-82.067089, ,0.0,0.0,0,0,0,1,210,0,1,0
TF,KAXIV,42.874464,-82.150022,0, ,0.0,0.0,0.0,0.0,2,2000,0,0,0,0,1,0

FINAL,R33,33,R,3
IF,KAXIV,42.874464,-82.150022, ,0.0,0.0,2,2000,0,0,0,0,1,0
TF,EPTOM,42.942686,-82.236719,0, ,0.0,0.0,325.0,5.6,2,2000,0,0,0,0,2,0
TF,RW33,42.994567,-82.302842,0, ,0.0,0.0,325.0,4.3,1,642,0,0,0,0,3,1
VA,0,325.0,2,1100,0,0,0,0,0,0
DF,ODGEG,42.931306,-82.067089,2, ,0.0,0.0,1,2700,0,1,185,0,0,1
HM,ODGEG,42.931306,-82.067089,1, ,0.0,0.0,235.0,04.3,0,0,0,0,0,0,0,0,0

