APPTR,D13,13,AGLEN
IF,AGLEN,50.397369,-66.305669, ,0.0,0.0,0,0,0,0,0,0,1,0
AF,KAVMO,50.307492,-66.505458,1,YZV,317.0,10.0,13.0,2,3000,0,0,0,0,0,0
AF,DUGLS,50.220406,-66.532656,1,YZV,286.0,10.0,317.0,2,2500,0,0,0,0,1,0

APPTR,D13,13,NOTUK
IF,NOTUK,50.102686,-66.436764, ,0.0,0.0,0,0,0,0,0,0,1,0
AF,DUGLS,50.220406,-66.532656,2,YZV,286.0,10.0,239.0,2,2500,0,0,0,0,1,0

APPTR,D13,13,YZV
PI,YZV,50.232222,-66.273889,2,YZV,241.0,10.0,286,5.0,2,2100,0,0,0,0,0,0

FINAL,D13,13,D,4
IF,DUGLS,50.220406,-66.532656,YZV,286.0,10.0,2,2500,0,0,0,0,0,0
CF,FREMS,50.227500,-66.377500,0,YZV,286.0,4.0,106.0,6.0,2,1600,0,0,0,0,2,0
CF,EP13,50.232075,-66.277100,0,YZV,285.9,0.1,106.0,3.9,1,220,0,0,0,0,0,1
CF,YZV,50.232222,-66.273889,0,YZV,0.0,0.0,106.0,0.1,2,580,0,0,0,0,3,1
FA,YZV,50.232222,-66.273889,0,YZV,0.0,0.0,106.0,2,3000,0,0,0,0,0,0
DF,YZV,50.232222,-66.273889,2, ,0.0,0.0,1,3000,0,0,0,0,0,0
HM,YZV,50.232222,-66.273889,2, ,0.0,0.0,106.0,04.3,0,0,0,0,0,0,0,0,0

APPTR,I09,09,IMOBO
IF,IMOBO,50.479950,-66.321539, ,0.0,0.0,0,0,0,0,0,0,1,0
AF,SUTET,50.344969,-66.621486,1,YZV,317.0,15.0,13.0,2,3200,0,0,0,0,0,0
AF,D274O,50.162778,-66.647617,1,YZV,274.0,15.0,317.0,2,2800,0,0,0,0,0,0
VI,0,IZV,0.0,119.0,0,0,0,0,0,0,0,0

APPTR,I09,09,LITKI
IF,LITKI,50.040583,-66.024619, ,0.0,0.0,0,0,0,0,0,0,1,0
AF,D258O,50.099406,-66.603164,2,YZV,258.0,15.0,160.0,2,2000,0,0,0,0,0,0
VI,0,IZV,0.0,59.0,0,0,0,0,0,0,0,0

APPTR,I09,09,YZV
IF,YZV,50.232222,-66.273889, ,0.0,0.0,0,0,0,0,0,0,0,0
TF,ONBEL,50.190853,-66.386439,0, ,0.0,0.0,0.0,0.0,2,2000,0,0,0,0,0,0
PI,ONBEL,50.190853,-66.386439,2,YZV,224.0,10.0,269,5.0,2,2000,0,0,0,0,0,0

APPTR,I09,09,ZV
IF,ZV,50.203889,-66.151389, ,0.0,0.0,0,0,0,0,0,0,0,0
TF,ONBEL,50.190853,-66.386439,0, ,0.0,0.0,0.0,0.0,2,2000,0,0,0,0,0,0
PI,ONBEL,50.190853,-66.386439,2,YZV,224.0,10.0,269,5.0,2,2000,0,0,0,0,0,0

FINAL,I09,09,I,3
IF,ETBAR,50.130272,-66.627853,IZV,269.9,15.7,2,2000,0,0,0,0,0,0
CF,ONBEL,50.190853,-66.386439,0,IZV,270.0,5.7,89.0,10.0,1,1650,0,0,0,0,2,0
CF,RW09,50.217458,-66.278744,0,IZV,269.0,1.3,89.0,4.4,1,221,0,0,0,0,3,0
VI,0, ,0.0,89.0,0,0,0,0,0,0,0,0
CF,RIDUK,50.279183,-65.997928,0,YZV,95.0,11.0,95.0,4.0,2,3000,0,0,0,0,0,0
HM,RIDUK,50.279183,-65.997928,2, ,0.0,0.0,275.0,04.3,1,3000,0,0,0,0,0,0,0

APPTR,N31,31,ZV
PI,ZV,50.203889,-66.151389,1,YZV,172.0,10.0,127,5.0,2,1400,0,0,0,0,0,0

FINAL,N31,31,N,3
IF,NUKEB,50.154278,-65.903889,ZV,0.0,0.0,2,3000,0,0,0,0,0,0
CF,ZV,50.203889,-66.151389,0,ZV,0.0,0.0,307.0,10.0,2,900,0,0,0,0,2,0
CF,RW31,50.224172,-66.253492,0,ZV,0.0,0.0,307.0,4.1,1,224,0,0,0,0,3,0
CA,0,307.0,2,3000,0,0,0,0,0,0
DF,ZV,50.203889,-66.151389,1, ,0.0,0.0,1,3000,0,0,0,0,0,0

APPTR,R09,09,UDMOG
IF,UDMOG,50.207925,-66.674583, ,0.0,0.0,0,0,0,0,0,0,1,0
TF,ETBAR,50.130272,-66.627853,0, ,0.0,0.0,0.0,0.0,2,2200,0,0,0,0,1,0

APPTR,R09,09,VOKON
IF,VOKON,50.052603,-66.581275, ,0.0,0.0,0,0,0,0,0,0,1,0
TF,ETBAR,50.130272,-66.627853,0, ,0.0,0.0,0.0,0.0,2,2200,0,0,0,0,1,0

FINAL,R09,09,R,3
IF,ETBAR,50.130272,-66.627853, ,0.0,0.0,2,2200,0,0,0,0,1,0
TF,DENEZ,50.186064,-66.405081,0, ,0.0,0.0,89.0,9.2,2,1900,0,0,0,0,2,0
TF,RW09,50.217458,-66.278744,0, ,0.0,0.0,89.0,5.2,1,221,0,0,0,0,3,1
TF,KODIB,50.292500,-65.973789,0, ,0.0,0.0,0.0,0.0,1,3000,0,0,0,0,0,1
HM,KODIB,50.292500,-65.973789,1, ,0.0,0.0,269.0,04.3,0,0,0,0,0,0,0,0,0

APPTR,R13,13,NORAX
IF,NORAX,50.404136,-66.512386, ,0.0,0.0,0,0,0,0,0,0,1,0
TF,LETAS,50.293947,-66.571714,0, ,0.0,0.0,0.0,0.0,2,3000,0,0,0,0,1,0

APPTR,R13,13,OMATI
IF,OMATI,50.215219,-66.613922, ,0.0,0.0,0,0,0,0,0,0,1,0
TF,LETAS,50.293947,-66.571714,0, ,0.0,0.0,0.0,0.0,2,3000,0,0,0,0,1,0

FINAL,R13,13,R,3
IF,LETAS,50.293947,-66.571714, ,0.0,0.0,2,3000,0,0,0,0,1,0
TF,PURIB,50.259217,-66.412703,0, ,0.0,0.0,129.0,6.5,2,2000,0,0,0,0,2,0
TF,RW13,50.229319,-66.276797,0, ,0.0,0.0,129.0,5.5,1,220,0,0,0,0,3,1
TF,KEKNA,50.158739,-65.959442,0, ,0.0,0.0,0.0,0.0,1,3000,0,0,0,0,0,1
HM,KEKNA,50.158739,-65.959442,1, ,0.0,0.0,309.0,04.3,0,0,0,0,0,0,0,0,0

APPTR,R27,27,LEPIM
IF,LEPIM,50.214819,-65.927097, ,0.0,0.0,0,0,0,0,0,0,1,0
TF,KODIB,50.292500,-65.973789,0, ,0.0,0.0,0.0,0.0,2,2300,0,0,0,0,1,0

APPTR,R27,27,PUPUN
IF,PUPUN,50.370158,-66.020636, ,0.0,0.0,0,0,0,0,0,0,1,0
TF,KODIB,50.292500,-65.973789,0, ,0.0,0.0,0.0,0.0,2,2300,0,0,0,0,1,0

FINAL,R27,27,R,4
IF,KODIB,50.292500,-65.973789, ,0.0,0.0,2,2300,0,0,0,0,0,0
TF,MEGRI,50.255103,-66.126283,0, ,0.0,0.0,269.0,6.3,2,1900,0,0,0,0,2,0
TF,ONKAK,50.232906,-66.216314,0, ,0.0,0.0,269.0,3.7,2,710,0,0,0,0,0,0
TF,RW27,50.223922,-66.252639,0, ,0.0,0.0,269.0,1.5,1,224,0,0,0,0,3,1
TF,ETBAR,50.130272,-66.627853,0, ,0.0,0.0,0.0,0.0,1,3000,0,0,0,0,0,1
HM,ETBAR,50.130272,-66.627853,2, ,0.0,0.0,89.0,04.3,0,0,0,0,0,0,0,0,0

APPTR,R31,31,DEGLU
IF,DEGLU,50.237442,-65.917175, ,0.0,0.0,0,0,0,0,0,0,1,0
TF,KEKNA,50.158739,-65.959442,0, ,0.0,0.0,0.0,0.0,2,2500,0,0,0,0,1,0

APPTR,R31,31,ITMOM
IF,ITMOM,50.080019,-66.001569, ,0.0,0.0,0,0,0,0,0,0,1,0
TF,KEKNA,50.158739,-65.959442,0, ,0.0,0.0,0.0,0.0,2,2500,0,0,0,0,1,0

FINAL,R31,31,R,4
IF,KEKNA,50.158739,-65.959442, ,0.0,0.0,2,2500,0,0,0,0,1,0
TF,LIBOT,50.194156,-66.118086,0, ,0.0,0.0,309.0,6.5,2,2000,0,0,0,0,2,0
TF,MENRI,50.216033,-66.216692,0, ,0.0,0.0,309.0,4.0,2,710,0,0,0,0,0,0
TF,RW31,50.224172,-66.253492,0, ,0.0,0.0,309.0,1.5,1,224,0,0,0,0,3,1
TF,LETAS,50.293947,-66.571714,0, ,0.0,0.0,0.0,0.0,1,3500,0,0,0,0,0,1
HM,LETAS,50.293947,-66.571714,2, ,0.0,0.0,129.0,04.3,0,0,0,0,0,0,0,0,0

APPTR,S13,13,YZV
PI,YZV,50.232222,-66.273889,2,YZV,241.0,10.0,286,5.0,2,2100,0,0,0,0,0,0
CF,FF13,50.225114,-66.429950,0,YZV,286.0,6.0,106.0,4.0,2,2100,0,0,0,0,0,0

FINAL,S13,13,D,3
IF,FF13,50.225114,-66.429950,YZV,286.0,6.0,2,2100,0,0,0,0,2,0
CF,ES13,50.232078,-66.277097,0,YZV,286.0,0.1,106.0,5.9,1,220,0,0,0,0,0,1
CF,YZV,50.232222,-66.273889,0,YZV,0.0,0.0,106.0,0.1,2,580,0,0,0,0,3,1
FA,YZV,50.232222,-66.273889,0,YZV,0.0,0.0,106.0,2,3000,0,0,0,0,0,0
DF,YZV,50.232222,-66.273889,2, ,0.0,0.0,1,3000,0,0,0,0,0,0
HM,YZV,50.232222,-66.273889,2, ,0.0,0.0,106.0,04.3,0,0,0,0,0,0,0,0,0

