APPTR,R10,10,BIVGO
IF,BIVGO,53.816997,-92.466608, ,0.0,0.0,0,0,0,1,210,0,1,0
TF,IKNEX,53.900061,-92.458661,0, ,0.0,0.0,0.0,0.0,2,2200,0,0,0,0,1,0

APPTR,R10,10,EBLEN
IF,EBLEN,53.983122,-92.450681, ,0.0,0.0,0,0,0,1,210,0,1,0
TF,IKNEX,53.900061,-92.458661,0, ,0.0,0.0,0.0,0.0,2,2200,0,0,0,0,1,0

FINAL,R10,10,R,3
IF,IKNEX,53.900061,-92.458661, ,0.0,0.0,2,2200,0,0,0,0,1,0
TF,ULDUV,53.895275,-92.318028,0, ,0.0,0.0,95.0,5.0,2,2200,0,0,0,0,2,0
TF,RW10,53.891286,-92.204383,0, ,0.0,0.0,95.0,4.0,1,913,0,0,0,0,3,1
TF,GONIT,53.886206,-92.063811,0, ,0.0,0.0,0.0,0.0,1,2300,0,0,0,0,0,1
HM,GONIT,53.886206,-92.063811,1, ,0.0,0.0,96.0,04.3,0,0,0,0,0,0,0,0,0

APPTR,R28,28,EBMUM
IF,EBMUM,53.964417,-91.925692, ,0.0,0.0,0,0,0,1,210,0,1,0
TF,KETRI,53.881389,-91.934706,0, ,0.0,0.0,0.0,0.0,2,2200,0,0,0,0,1,0

APPTR,R28,28,GADVU
IF,GADVU,53.798361,-91.943686, ,0.0,0.0,0,0,0,1,210,0,1,0
TF,KETRI,53.881389,-91.934706,0, ,0.0,0.0,0.0,0.0,2,2200,0,0,0,0,1,0

FINAL,R28,28,R,3
IF,KETRI,53.881389,-91.934706, ,0.0,0.0,2,2200,0,0,0,0,1,0
TF,DUXON,53.886625,-92.075247,0, ,0.0,0.0,276.0,5.0,2,2200,0,0,0,0,2,0
TF,RW28,53.890708,-92.188161,0, ,0.0,0.0,275.0,4.0,1,921,0,0,0,0,3,1
TF,LEPAT,53.895647,-92.328761,0, ,0.0,0.0,0.0,0.0,1,2300,0,0,0,0,0,1
HM,LEPAT,53.895647,-92.328761,2, ,0.0,0.0,275.0,04.3,0,0,0,0,0,0,0,0,0

