SID,NAKO1D,21,5
DF,TK600,4.824044,-1.815875,0, ,0.0,0.0,2,930,0,0,0,0,0,1
VI,1, ,0.0,31.0,0,0,0,0,0,0,0,0
CF,NAKOB,4.998492,-1.284897,0,ACC,244.7,77.5,76.0,30.0,2,7000,0,0,0,0,0,0

STAR,MEKE1B,21,5
IF,MEKEV,5.109636,-1.322078, ,0.0,0.0,0,0,0,0,0,0,0,0
TF,IKSAS,5.060719,-1.606231,0, ,0.0,0.0,0.0,0.0,2,3300,0,0,0,0,0,0

APPTR,N03,03,TI1
IF,TI,4.913092,-1.764906, ,0.0,0.0,2,3000,0,1,210,0,1,0
CF,D191G,4.796497,-1.777119,0,TI,191.0,7.0,191.0,7.0,2,1900,0,0,0,0,0,1
CF,FN03,4.805564,-1.826786,2,TI,215.0,7.4,35.0,1.0,2,1900,0,0,0,0,0,0

APPTR,N03,03,TI2
IF,TI,4.913092,-1.764906, ,0.0,0.0,2,3000,0,1,140,0,1,0
CF,D202G,4.800978,-1.799072,0,TI,202.0,7.0,202.0,7.0,2,1900,0,0,0,0,0,1
CF,FN03,4.805564,-1.826786,2,TI,215.0,7.4,35.0,1.0,2,1900,0,0,0,0,0,0

FINAL,N03,03,N,2
IF,FN03,4.805564,-1.826786,TI,0.0,0.0,2,1900,0,0,0,0,2,0
CF,RW03,4.889119,-1.778639,0,TI,0.0,0.0,35.0,5.8,1,65,0,0,0,0,3,0
TF,TI,4.913092,-1.764906,0, ,0.0,0.0,0.0,0.0,0,0,0,0,0,0,0,1
CA,0,35.0,2,2000,0,0,0,0,0,0
DF,TI,4.913092,-1.764906,2, ,0.0,0.0,1,3000,0,1,210,0,0,0
HM,TI,4.913092,-1.764906,1, ,0.0,0.0,215.0,04.3,0,0,0,1,230,0,0,0,0

APPTR,N21,21,TI1
IF,TI,4.913092,-1.764906, ,0.0,0.0,2,3000,0,1,210,0,1,0
CF,D011G,5.029683,-1.752683,0,TI,11.0,7.0,11.0,7.0,2,2700,0,0,0,0,0,1
CF,FN21,5.014617,-1.706453,2,TI,35.0,7.0,215.0,1.0,2,2700,0,0,0,0,0,0

APPTR,N21,21,TI2
IF,TI,4.913092,-1.764906, ,0.0,0.0,2,3000,0,1,140,0,1,0
CF,D023G,5.024586,-1.728778,0,TI,23.0,7.0,23.0,7.0,2,2700,0,0,0,0,0,1
CF,FN21,5.014617,-1.706453,2,TI,35.0,7.0,215.0,1.0,2,2700,0,0,0,0,0,0

FINAL,N21,21,N,2
IF,FN21,5.014617,-1.706453,TI,0.0,0.0,2,2700,0,0,0,0,2,0
CF,TI,4.913092,-1.764906,0,TI,0.0,0.0,215.0,7.0,1,338,0,0,0,0,3,0
CA,0,215.0,2,2000,0,0,0,0,0,0
DF,TI,4.913092,-1.764906,1, ,0.0,0.0,1,3000,0,1,210,0,0,0
HM,TI,4.913092,-1.764906,2, ,0.0,0.0,35.0,04.3,0,0,0,1,210,0,0,0,0

APPTR,R03,03,AMDIS
IF,AMDIS,4.702183,-1.789356, ,0.0,0.0,2,3300,0,0,0,0,1,0
TF,BIGIN,4.743867,-1.861744,2, ,0.0,0.0,0.0,0.0,2,1700,0,0,0,0,1,0

APPTR,R03,03,VOPIT
IF,VOPIT,4.785542,-1.934144, ,0.0,0.0,2,3300,0,0,0,0,1,0
TF,BIGIN,4.743867,-1.861744,1, ,0.0,0.0,0.0,0.0,2,1700,0,0,0,0,1,0

FINAL,R03,03,R,3
IF,BIGIN,4.743867,-1.861744, ,0.0,0.0,2,1700,0,0,0,0,0,0
TF,TK400,4.814539,-1.821314,0, ,0.0,0.0,34.0,4.9,2,1700,0,0,0,0,2,0
TF,RW03,4.889119,-1.778639,0, ,0.0,0.0,34.0,5.1,1,65,0,0,0,0,3,1
CA,0,35.0,2,1000,0,0,0,0,0,0
DF,VOPIT,4.785542,-1.934144,1, ,0.0,0.0,2,3300,0,0,0,0,0,0
HM,VOPIT,4.785542,-1.934144,1, ,0.0,0.0,34.0,04.3,0,0,0,0,0,0,0,0,0

APPTR,R21,21,GAPSO
IF,GAPSO,5.124956,-1.717789, ,0.0,0.0,2,3300,0,0,0,0,1,0
TF,KEDOV,5.046525,-1.688531,0, ,0.0,0.0,0.0,0.0,2,1800,0,0,0,0,1,0

APPTR,R21,21,IKSAS
IF,IKSAS,5.060719,-1.606231, ,0.0,0.0,2,3300,0,0,0,0,1,0
TF,KEDOV,5.046525,-1.688531,0, ,0.0,0.0,0.0,0.0,2,1800,0,0,0,0,1,0

FINAL,R21,21,R,3
IF,KEDOV,5.046525,-1.688531, ,0.0,0.0,2,1800,0,0,0,0,0,0
TF,TK500,4.975758,-1.729047,0, ,0.0,0.0,214.0,4.9,2,1700,0,0,0,0,2,0
TF,RW21,4.901286,-1.771675,0, ,0.0,0.0,214.0,5.1,1,67,0,0,0,0,3,1
CA,0,215.0,2,1200,0,0,0,0,0,0
DF,GAPSO,5.124956,-1.717789,2, ,0.0,0.0,2,3300,0,0,0,0,0,0
HM,GAPSO,5.124956,-1.717789,2, ,0.0,0.0,214.0,04.3,0,0,0,0,0,0,0,0,0

