FINAL,D09-Y,09,D,3
IF,FD09,9.369281,-5.662564,KRG,264.0,1.1,1,3100,0,0,0,0,2,0
CF,KRG,9.372481,-5.644300,0,KRG,0.0,0.0,84.0,1.1,2,2760,0,0,0,0,0,0
CF,RW09,9.385458,-5.566142,0,KRG,84.5,4.7,84.0,4.7,1,1255,0,0,0,0,3,0
FD,RW09,9.385458,-5.566142,0,KRG,84.5,10.0,84.0,10.0,0,0,0,0,0,0,0,0
DF,KRG,9.372481,-5.644300,2, ,0.0,0.0,2,3100,0,1,190,0,0,0

APPTR,D09-Z,09,LOVSO
IF,LOVSO,9.447806,-5.734722, ,0.0,0.0,2,3100,0,0,0,0,1,0
AF,PIVLA,9.353111,-5.760694,1,KRG,264.5,7.0,314.0,2,3100,0,0,0,0,1,0

APPTR,D09-Z,09,RANOS
IF,RANOS,9.255944,-5.631750, ,0.0,0.0,2,3100,0,0,0,0,1,0
AF,PIVLA,9.353111,-5.760694,2,KRG,264.5,7.0,178.0,2,3100,0,0,0,0,1,0

FINAL,D09-Z,09,D,4
IF,PIVLA,9.353111,-5.760694,KRG,264.5,7.0,2,3100,0,0,0,0,1,0
CF,FD09,9.369281,-5.662564,0,KRG,264.0,1.1,84.0,5.9,2,3100,0,0,0,0,2,0
CF,KRG,9.372481,-5.644300,0,KRG,0.0,0.0,84.0,1.1,2,2760,0,0,0,0,0,0
CF,RW09,9.385458,-5.566142,0,KRG,84.5,4.7,84.0,4.7,1,1255,0,0,0,0,3,0
FD,RW09,9.385458,-5.566142,0,KRG,84.5,10.0,84.0,10.0,0,0,0,0,0,0,0,0
CI,2, ,0.0,260.0,0,0,0,0,0,0,0,0
CF,RANOS,9.255944,-5.631750,0,KRG,177.9,7.0,178.0,3.0,2,3100,0,1,190,0,0,0

APPTR,D27-Y,27,KRG
IF,KRG,9.372481,-5.644300, ,0.0,0.0,2,3100,0,1,200,0,1,0
TF,D084L,9.407314,-5.445025,0, ,0.0,0.0,0.0,0.0,0,0,0,0,0,0,0,0
FC,D084L,9.407314,-5.445025,0,KRG,0.0,0.0,129.0,3.3,0,0,0,0,0,0,0,1
CF,FD27,9.406156,-5.451669,1,KRG,84.0,11.6,264.0,4.0,1,3100,0,0,0,0,0,0

FINAL,D27-Y,27,D,2
IF,FD27,9.406156,-5.451669,KRG,84.0,11.6,1,3100,0,0,0,0,2,0
CF,RW27,9.388794,-5.547319,0,KRG,84.4,5.8,264.0,5.8,1,1254,0,0,0,0,3,0
CF,KRG,9.372481,-5.644300,0,KRG,0.0,0.0,264.0,5.8,0,0,0,0,0,0,0,1
CI,1, ,0.0,92.0,0,0,0,0,0,0,0,0
CF,TAPIX,9.230889,-5.376444,0,KRG,122.0,18.0,122.0,11.0,2,3100,0,1,190,0,0,0

APPTR,D27-Z,27,TAPIX
IF,TAPIX,9.230889,-5.376444, ,0.0,0.0,2,3100,0,0,0,0,1,0
AF,USDOT,9.422111,-5.344944,1,KRG,84.5,18.0,122.0,2,3100,0,0,0,0,1,0

APPTR,D27-Z,27,VISTI
IF,VISTI,9.574083,-5.418639, ,0.0,0.0,2,3100,0,0,0,0,1,0
AF,USDOT,9.422111,-5.344944,2,KRG,84.5,18.0,52.0,2,3100,0,0,0,0,1,0

FINAL,D27-Z,27,D,3
IF,USDOT,9.422111,-5.344944,KRG,84.5,18.0,2,3100,0,0,0,0,1,0
CF,FD27,9.406156,-5.451669,0,KRG,84.0,11.6,264.0,6.4,1,3100,0,0,0,0,2,0
CF,RW27,9.388794,-5.547319,0,KRG,84.4,5.8,264.0,5.8,1,1254,0,0,0,0,3,0
CF,KRG,9.372481,-5.644300,0,KRG,0.0,0.0,264.0,5.8,0,0,0,0,0,0,0,1
CI,1, ,0.0,92.0,0,0,0,0,0,0,0,0
CF,TAPIX,9.230889,-5.376444,0,KRG,122.0,18.0,122.0,11.0,2,3100,0,1,190,0,0,0

APPTR,R09,09,GADUT
IF,GADUT,9.268861,-5.743806, ,0.0,0.0,2,3100,0,0,0,0,1,0
TF,ANOMO,9.351278,-5.758667,0, ,0.0,0.0,0.0,0.0,2,3100,0,0,0,0,1,0

APPTR,R09,09,MEMAR
IF,MEMAR,9.433694,-5.773528, ,0.0,0.0,2,3100,0,0,0,0,1,0
TF,ANOMO,9.351278,-5.758667,0, ,0.0,0.0,0.0,0.0,2,3100,0,0,0,0,1,0

FINAL,R09,09,R,3
IF,ANOMO,9.351278,-5.758667, ,0.0,0.0,2,3100,0,0,0,0,1,0
TF,KO501,9.368417,-5.662250,0, ,0.0,0.0,84.0,5.8,1,3100,0,0,0,0,2,0
TF,RW09,9.385458,-5.566142,0, ,0.0,0.0,84.0,5.8,1,1255,0,0,0,0,3,1
TF,KO502,9.400167,-5.483139,0, ,0.0,0.0,0.0,0.0,0,0,0,0,0,0,0,1
DF,GADUT,9.268861,-5.743806,2, ,0.0,0.0,1,3100,0,0,0,0,0,0

APPTR,R27,27,BOVLI
IF,BOVLI,9.339556,-5.344972, ,0.0,0.0,2,3100,0,0,0,0,1,0
TF,KONOR,9.421972,-5.359722,0, ,0.0,0.0,0.0,0.0,2,3100,0,0,0,0,1,0

APPTR,R27,27,DIMKA
IF,DIMKA,9.504417,-5.374500, ,0.0,0.0,2,3100,0,0,0,0,1,0
TF,KONOR,9.421972,-5.359722,0, ,0.0,0.0,0.0,0.0,2,3100,0,0,0,0,1,0

FINAL,R27,27,R,3
IF,KONOR,9.421972,-5.359722, ,0.0,0.0,2,3100,0,0,0,0,1,0
TF,KO503,9.405833,-5.451028,0, ,0.0,0.0,264.0,5.5,1,3100,0,0,0,0,2,0
TF,RW27,9.388794,-5.547319,0, ,0.0,0.0,264.0,5.8,1,1254,0,0,0,0,3,1
TF,KO504,9.374083,-5.630306,0, ,0.0,0.0,0.0,0.0,0,0,0,0,0,0,0,1
DF,BOVLI,9.339556,-5.344972,1, ,0.0,0.0,1,3100,0,0,0,0,0,0

