APPTR,D10,10,JOS
IF,JOS,9.641972,8.864011, ,0.0,0.0,2,7000,0,0,0,0,0,0
FD,JOS,9.641972,8.864011,0,JOS,0.0,8.0,297.0,8.0,2,6100,0,0,0,0,0,0
CF,FD10,9.655939,8.763750,1,JOS,279.0,6.0,99.0,3.0,2,6100,0,0,0,0,0,0

FINAL,D10,10,D,2
IF,FD10,9.655939,8.763750,JOS,279.0,6.0,2,6100,0,0,0,0,2,0
CF,MD10,9.644300,8.847300,0,JOS,279.0,0.0,99.0,5.0,1,4450,0,0,0,0,3,0
CF,JOS,9.641972,8.864011,0,JOS,0.0,0.0,99.0,1.0,2,4630,0,0,0,0,0,1
DF,JOS,9.641972,8.864011,1, ,0.0,0.0,1,7000,0,0,0,0,0,0
HM,JOS,9.641972,8.864011,2, ,0.0,0.0,279.0,04.3,0,0,0,0,0,0,0,0,0

APPTR,D28,28,JOS
IF,JOS,9.641972,8.864011, ,0.0,0.0,2,7000,0,0,0,0,0,0
FD,JOS,9.641972,8.864011,0,JOS,0.0,7.0,78.0,7.0,2,5500,0,0,0,0,0,0
CF,FD28,9.630308,8.947556,2,JOS,99.0,5.0,279.0,3.0,2,5500,0,0,0,0,0,0

FINAL,D28,28,D,2
IF,FD28,9.630308,8.947556,JOS,99.0,5.0,2,5500,0,0,0,0,2,0
CF,RW28,9.638575,8.882675,0,JOS,101.4,1.1,279.0,3.9,1,4276,0,0,0,0,3,0
CF,JOS,9.641972,8.864011,0,JOS,0.0,0.0,279.0,1.0,2,4630,0,0,0,0,0,1
DF,JOS,9.641972,8.864011,2, ,0.0,0.0,1,7000,0,0,0,0,0,0
HM,JOS,9.641972,8.864011,1, ,0.0,0.0,99.0,04.3,0,0,0,0,0,0,0,0,0

APPTR,R10,10,ERKOX
IF,ERKOX,9.665122,8.591156, ,0.0,0.0,0,0,0,0,0,0,1,0
TF,ARDAP,9.657472,8.675175,0, ,0.0,0.0,0.0,0.0,1,6500,0,1,200,0,1,0

APPTR,R10,10,MOVAM
IF,MOVAM,9.740842,8.682897, ,0.0,0.0,0,0,0,0,0,0,1,0
TF,ARDAP,9.657472,8.675175,0, ,0.0,0.0,0.0,0.0,1,6500,0,1,200,0,1,0

APPTR,R10,10,VOKSU
IF,VOKSU,9.574103,8.667456, ,0.0,0.0,0,0,0,0,0,0,1,0
TF,ARDAP,9.657472,8.675175,0, ,0.0,0.0,0.0,0.0,1,6500,0,1,200,0,1,0

FINAL,R10,10,R,3
IF,ARDAP,9.657472,8.675175, ,0.0,0.0,1,6500,0,0,0,0,0,0
TF,JO400,9.649822,8.759192,0, ,0.0,0.0,96.0,5.0,1,6100,0,0,0,0,2,0
TF,RW10,9.641058,8.855456,0, ,0.0,0.0,96.0,5.7,1,4277,0,0,0,0,3,1
DF,JO600,9.733169,8.766933,1, ,0.0,0.0,0,0,0,0,0,0,0,0
TF,MOVAM,9.740842,8.682897,0, ,0.0,0.0,0.0,0.0,0,0,0,1,200,0,0,0
TF,ARDAP,9.657472,8.675175,1, ,0.0,0.0,0.0,0.0,2,6500,0,0,0,0,0,0
HM,ARDAP,9.657472,8.675175,1, ,0.0,0.0,96.0,04.3,0,0,0,1,230,0,0,0,0

APPTR,R28,28,ONAVU
IF,ONAVU,9.705481,9.070664, ,0.0,0.0,0,0,0,0,0,0,1,0
TF,MONEK,9.622111,9.062942,0, ,0.0,0.0,0.0,0.0,1,6500,0,1,200,0,1,0

APPTR,R28,28,RUTNI
IF,RUTNI,9.538742,9.055225, ,0.0,0.0,0,0,0,0,0,0,1,0
TF,MONEK,9.622111,9.062942,0, ,0.0,0.0,0.0,0.0,1,6500,0,1,200,0,1,0

APPTR,R28,28,XUSEM
IF,XUSEM,9.614442,9.146950, ,0.0,0.0,0,0,0,0,0,0,1,0
TF,MONEK,9.622111,9.062942,0, ,0.0,0.0,0.0,0.0,1,6500,0,1,200,0,1,0

FINAL,R28,28,R,3
IF,MONEK,9.622111,9.062942, ,0.0,0.0,1,6500,0,0,0,0,0,0
TF,JO500,9.629783,8.978933,0, ,0.0,0.0,276.0,5.0,1,6100,0,0,0,0,2,0
TF,RW28,9.638575,8.882675,0, ,0.0,0.0,276.0,5.7,1,4276,0,0,0,0,3,1
DF,JO700,9.713131,8.986633,2, ,0.0,0.0,0,0,0,0,0,0,0,0
TF,ONAVU,9.705481,9.070664,0, ,0.0,0.0,0.0,0.0,0,0,0,1,200,0,0,0
TF,MONEK,9.622111,9.062942,2, ,0.0,0.0,0.0,0.0,2,6500,0,0,0,0,0,0
HM,MONEK,9.622111,9.062942,1, ,0.0,0.0,276.0,04.3,0,0,0,1,230,0,0,0,0

