SID,CIV1W,07L,2
CA,0,64.0,2,1700,0,0,0,0,0,0
VI,1, ,0.0,275.0,0,0,0,0,0,0,0,0
CF,CIV,50.573972,3.832872,0,BUB,233.0,33.3,222.0,35.0,0,0,0,0,0,0,0,0

SID,CIV1Y,07R,2
CA,0,69.0,2,700,0,0,0,0,0,0
CD, ,0,0,0,BUB,0,0.0,62.0,1.1,0,0,0,0,0,0,0,0
CA,0,62.0,2,1700,0,0,0,0,0,0
CF,D350C,50.798628,4.627981,2,BUB,150.2,7.1,170.0,7.0,0,0,0,0,0,0,0,1
VR,0,HUL,270.0,206.0,2,6000,0,0,0,0,0,0
CF,CIV,50.573972,3.832872,0,BUB,233.0,33.3,251.0,31.0,0,0,0,0,0,0,0,0

SID,CIV2D,25R,5
CA,0,244.0,2,700,0,0,0,0,0,0
CF,BR045,50.879972,4.362139,0,HUL,306.5,13.2,251.0,3.0,0,0,0,0,0,0,0,0
TF,BR009,50.779333,4.281361,0, ,0.0,0.0,0.0,0.0,0,0,0,0,0,0,0,0
TF,CIV,50.573972,3.832872,0, ,0.0,0.0,0.0,0.0,0,0,0,0,0,0,0,0

SID,CIV2L,19,5
CA,0,193.0,2,700,0,0,0,0,0,0
DF,BR012,50.778358,4.602042,0, ,0.0,0.0,0,0,0,0,0,0,0,0
TF,BR014,50.721003,4.383594,0, ,0.0,0.0,0.0,0.0,0,0,0,0,0,0,0,0
TF,CIV,50.573972,3.832872,0, ,0.0,0.0,0.0,0.0,0,0,0,0,0,0,0,0

SID,CIV2P,07L,2
CA,0,64.0,2,1700,0,0,0,0,0,0
CI,1, ,0.0,275.0,0,0,0,0,0,0,0,0
CF,CIV,50.573972,3.832872,0,BUN,230.0,50.4,222.0,37.0,0,0,0,0,0,0,0,0

SID,CIV2Q,25L,2
CD, ,0,0,0,BUB,0,0.0,249.0,7.0,0,0,0,0,0,0,0,0
CI,0, ,0.0,206.0,0,0,0,0,0,0,0,0
CF,CIV,50.573972,3.832872,0,HUL,251.5,32.6,233.0,22.0,0,0,0,0,0,0,0,0

SID,CIV2U,07R,2
CA,0,69.0,2,700,0,0,0,0,0,0
CA,0,62.0,2,1700,0,0,0,0,0,0
CI,1, ,0.0,275.0,0,0,0,0,0,0,0,0
CF,CIV,50.573972,3.832872,0,BUN,230.0,50.4,222.0,35.0,0,0,0,0,0,0,0,0

SID,CIV4C,25L,1
CA,0,249.0,2,700,0,0,0,0,0,0
CI,0, ,0.0,292.0,0,0,0,0,0,0,0,0
CF,D273G,50.909981,4.362086,0,BUB,273.0,6.7,273.0,2.0,0,0,0,0,0,0,0,0
CF,CIV,50.573972,3.832872,0,BUB,233.0,33.3,221.0,27.0,0,0,0,0,0,0,0,0

SID,CIV4C,25R,1
CA,0,244.0,2,700,0,0,0,0,0,0
CI,0, ,0.0,292.0,0,0,0,0,0,0,0,0
CF,D273G,50.909981,4.362086,0,BUB,273.0,6.7,273.0,2.0,0,0,0,0,0,0,0,0
CF,CIV,50.573972,3.832872,0,BUB,233.0,33.3,221.0,27.0,0,0,0,0,0,0,0,0

SID,CIV7H,07L,2
CD, ,0,0,0,AFI,0,0.0,64.0,17.7,0,0,0,0,0,0,0,0
FD,AFI,50.907778,4.138889,0,AFI,0.0,22.7,83.0,22.7,0,0,0,0,0,0,0,0
CI,0, ,0.0,157.0,0,0,0,0,0,0,0,0
CF,CIV,50.573972,3.832872,0,BUN,230.0,50.4,244.0,43.0,0,0,0,0,0,0,0,0

SID,CIV7J,07R,2
CA,0,69.0,2,700,0,0,0,0,0,0
CD, ,0,0,0,BUB,0,0.0,62.0,4.4,0,0,0,0,0,0,0,0
FD,BUB,50.902333,4.538083,0,BUB,0.0,8.0,68.0,8.0,0,0,0,0,0,0,0,0
CI,0, ,0.0,157.0,0,0,0,0,0,0,0,0
CF,CIV,50.573972,3.832872,0,BUN,230.0,50.4,244.0,44.0,0,0,0,0,0,0,0,0

SID,CIV9F,01,2
CA,0,13.0,2,700,0,0,0,0,0,0
CA,0,28.0,2,1700,0,0,0,0,0,0
CF,D355C,50.799197,4.634797,2,BUN,202.4,20.7,175.0,8.0,0,0,0,0,0,0,0,0
VI,0, ,0.0,206.0,0,0,0,0,0,0,0,0
CF,CIV,50.573972,3.832872,0,BUN,230.0,50.4,251.0,31.0,0,0,0,0,0,0,0,0

SID,DENU2J,07R,2
CA,0,69.0,2,700,0,0,0,0,0,0
CA,0,62.0,2,1800,0,0,0,0,0,0
DF,DENUT,51.236111,3.657611,1, ,0.0,0.0,0,0,0,0,0,0,0,0

SID,DENU4H,07L,2
CA,0,64.0,2,1800,0,0,0,0,0,0
DF,DENUT,51.236111,3.657611,1, ,0.0,0.0,0,0,0,0,0,0,0,0

SID,DENU6C,25L,1
CA,0,249.0,2,700,0,0,0,0,0,0
CI,0, ,0.0,297.0,0,0,0,0,0,0,0,0
CF,D278J,50.927247,4.286469,0,BUB,278.0,9.7,278.0,4.0,0,0,0,0,0,0,0,0
CR,0,BUB,280.0,308.0,2,1700,0,0,0,0,0,0
CF,DENUT,51.236111,3.657611,0,HUL,308.5,47.4,308.0,29.0,0,0,0,0,0,0,0,0

SID,DENU6C,25R,1
CA,0,244.0,2,700,0,0,0,0,0,0
CI,0, ,0.0,297.0,0,0,0,0,0,0,0,0
CF,D278J,50.927247,4.286469,0,BUB,278.0,9.7,278.0,4.0,0,0,0,0,0,0,0,0
CR,0,BUB,280.0,308.0,2,1700,0,0,0,0,0,0
CF,DENUT,51.236111,3.657611,0,HUL,308.5,47.4,308.0,29.0,0,0,0,0,0,0,0,0

SID,DENU6N,19,5
CA,0,193.0,2,700,0,0,0,0,0,0
DF,BR016,50.952075,4.322678,2, ,0.0,0.0,2,3700,0,0,0,0,0,0
TF,BR017,51.035764,4.189703,0, ,0.0,0.0,0.0,0.0,0,0,0,0,0,0,0,0
TF,DENUT,51.236111,3.657611,0, ,0.0,0.0,0.0,0.0,0,0,0,0,0,0,0,0

SID,DENU7L,19,5
CA,0,193.0,2,1700,0,0,0,0,0,0
DF,BR016,50.952075,4.322678,2, ,0.0,0.0,0,0,0,0,0,0,0,0
TF,BR017,51.035764,4.189703,0, ,0.0,0.0,0.0,0.0,0,0,0,0,0,0,0,0
TF,DENUT,51.236111,3.657611,0, ,0.0,0.0,0.0,0.0,0,0,0,0,0,0,0,0

SID,DENU8F,01,2
CA,0,13.0,2,700,0,0,0,0,0,0
CA,0,8.0,2,1800,0,0,0,0,0,0
DF,DENUT,51.236111,3.657611,1, ,0.0,0.0,0,0,0,0,0,0,0,0

SID,ELSI1H,07L,2
CA,0,64.0,2,700,0,0,0,0,0,0
DF,BUN,51.118611,4.842222,0, ,0.0,0.0,0,0,0,0,0,0,0,0
TF,ELSIK,51.195028,4.998611,0, ,0.0,0.0,0.0,0.0,0,0,0,0,0,0,0,0

SID,ELSI2F,01,2
CA,0,13.0,2,700,0,0,0,0,0,0
DF,BUN,51.118611,4.842222,0, ,0.0,0.0,0,0,0,0,0,0,0,0
TF,ELSIK,51.195028,4.998611,0, ,0.0,0.0,0.0,0.0,0,0,0,0,0,0,0,0

SID,ELSI2J,07R,2
CA,0,69.0,2,700,0,0,0,0,0,0
CD, ,0,0,0,BUB,0,0.0,62.0,4.4,0,0,0,0,0,0,0,0
DF,BUN,51.118611,4.842222,0, ,0.0,0.0,0,0,0,0,0,0,0,0
TF,ELSIK,51.195028,4.998611,0, ,0.0,0.0,0.0,0.0,0,0,0,0,0,0,0,0

SID,ELSI2L,19,5
CA,0,193.0,2,700,0,0,0,0,0,0
DF,BUN,51.118611,4.842222,1, ,0.0,0.0,0,0,0,0,0,0,0,0
TF,ELSIK,51.195028,4.998611,0, ,0.0,0.0,0.0,0.0,0,0,0,0,0,0,0,0

SID,ELSI3C,25L,1
CA,0,249.0,2,700,0,0,0,0,0,0
VR,0,BUB,280.0,334.0,2,1700,0,0,0,0,0,0
DF,BUN,51.118611,4.842222,2, ,0.0,0.0,0,0,0,0,0,0,0,0

SID,ELSI3C,25R,1
CA,0,244.0,2,700,0,0,0,0,0,0
VR,2,BUB,280.0,334.0,2,1700,0,0,0,0,0,0
DF,BUN,51.118611,4.842222,2, ,0.0,0.0,0,0,0,0,0,0,0,0

SID,ELSI3C,ALL,2
IF,BUN,51.118611,4.842222, ,0.0,0.0,0,0,0,0,0,0,0,0
TF,ELSIK,51.195028,4.998611,0, ,0.0,0.0,0.0,0.0,0,0,0,0,0,0,0,0

SID,ELSI3D,25L,1
CA,0,249.0,2,700,0,0,0,0,0,0
VR,0,BUB,280.0,334.0,2,1700,0,0,0,0,0,0
DF,NIK,51.165000,4.183889,0, ,0.0,0.0,0,0,0,0,0,0,0,0

SID,ELSI3D,25R,1
CA,0,244.0,2,700,0,0,0,0,0,0
VR,2,BUB,280.0,334.0,2,1700,0,0,0,0,0,0
DF,NIK,51.165000,4.183889,0, ,0.0,0.0,0,0,0,0,0,0,0,0

SID,ELSI3D,ALL,2
IF,NIK,51.165000,4.183889, ,0.0,0.0,0,0,0,0,0,0,0,0
TF,ELSIK,51.195028,4.998611,0, ,0.0,0.0,0.0,0.0,0,0,0,0,0,0,0,0

SID,HELE2J,07R,2
CA,0,69.0,2,700,0,0,0,0,0,0
CA,0,62.0,2,1800,0,0,0,0,0,0
DF,HELEN,51.235314,3.869711,1, ,0.0,0.0,0,0,0,0,0,0,0,0

SID,HELE4H,07L,2
CA,0,64.0,2,1800,0,0,0,0,0,0
DF,HELEN,51.235314,3.869711,1, ,0.0,0.0,0,0,0,0,0,0,0,0

SID,HELE5L,19,5
CA,0,193.0,2,1700,0,0,0,0,0,0
DF,BR016,50.952075,4.322678,2, ,0.0,0.0,0,0,0,0,0,0,0,0
TF,BR017,51.035764,4.189703,0, ,0.0,0.0,0.0,0.0,0,0,0,0,0,0,0,0
TF,HELEN,51.235314,3.869711,0, ,0.0,0.0,0.0,0.0,0,0,0,0,0,0,0,0

SID,HELE5N,19,5
CA,0,193.0,2,700,0,0,0,0,0,0
DF,BR016,50.952075,4.322678,2, ,0.0,0.0,2,3700,0,0,0,0,0,0
TF,BR017,51.035764,4.189703,0, ,0.0,0.0,0.0,0.0,0,0,0,0,0,0,0,0
TF,HELEN,51.235314,3.869711,0, ,0.0,0.0,0.0,0.0,0,0,0,0,0,0,0,0

SID,HELE6C,25L,1
CA,0,249.0,2,700,0,0,0,0,0,0
CR,0,BUB,280.0,305.0,2,1700,0,0,0,0,0,0
CI,0, ,0.0,305.0,0,0,0,0,0,0,0,0
CF,HELEN,51.235314,3.869711,0,HUL,315.2,41.3,315.0,23.0,0,0,0,0,0,0,0,0

SID,HELE6C,25R,1
CA,0,244.0,2,700,0,0,0,0,0,0
CR,0,BUB,280.0,305.0,2,1700,0,0,0,0,0,0
CI,0, ,0.0,305.0,0,0,0,0,0,0,0,0
CF,HELEN,51.235314,3.869711,0,HUL,315.2,41.3,315.0,23.0,0,0,0,0,0,0,0,0

SID,HELE8F,01,2
CA,0,13.0,2,700,0,0,0,0,0,0
CA,0,8.0,2,1800,0,0,0,0,0,0
DF,HELEN,51.235314,3.869711,1, ,0.0,0.0,0,0,0,0,0,0,0,0

SID,KOK1H,07L,2
CA,0,64.0,2,1700,0,0,0,0,0,0
DF,KOK,51.094722,2.651667,1, ,0.0,0.0,0,0,0,0,0,0,0,0

SID,KOK2F,01,2
CA,0,13.0,2,1700,0,0,0,0,0,0
DF,KOK,51.094722,2.651667,1, ,0.0,0.0,0,0,0,0,0,0,0,0

SID,KOK2J,07R,2
CA,0,69.0,2,700,0,0,0,0,0,0
CA,0,62.0,2,1700,0,0,0,0,0,0
DF,KOK,51.094722,2.651667,1, ,0.0,0.0,0,0,0,0,0,0,0,0

SID,KOK4C,25L,1
CA,0,249.0,2,700,0,0,0,0,0,0
DF,D280G,50.922253,4.356461,0, ,0.0,0.0,2,1700,0,0,0,0,0,0
TF,KOK,51.094722,2.651667,0, ,0.0,0.0,0.0,0.0,0,0,0,0,0,0,0,0

SID,KOK4C,25R,1
CA,0,244.0,2,700,0,0,0,0,0,0
DF,D280G,50.922253,4.356461,0, ,0.0,0.0,2,1700,0,0,0,0,0,0
TF,KOK,51.094722,2.651667,0, ,0.0,0.0,0.0,0.0,0,0,0,0,0,0,0,0

SID,KOK7L,19,5
CA,0,193.0,2,700,0,0,0,0,0,0
DF,BR015,50.924181,4.340744,2, ,0.0,0.0,2,2900,0,0,0,0,0,0
TF,KOK,51.094722,2.651667,0, ,0.0,0.0,0.0,0.0,0,0,0,0,0,0,0,0

SID,LNO1W,07L,2
CA,0,64.0,2,1700,0,0,0,0,0,0
CF,D355F,50.848950,4.627914,2,BUB,132.2,4.7,175.0,4.0,0,0,0,0,0,0,0,1
VI,0, ,0.0,152.0,0,0,0,0,0,0,0,0
CF,D045C,50.788797,4.703775,0,BUB,136.2,9.3,107.0,2.0,2,6000,0,0,0,0,0,0
TF,LNO,50.585833,5.710278,0, ,0.0,0.0,0.0,0.0,0,0,0,0,0,0,0,0

SID,LNO1Y,07R,2
CA,0,69.0,2,700,0,0,0,0,0,0
CD, ,0,0,0,BUB,0,0.0,62.0,2.2,0,0,0,0,0,0,0,0
DF,D355F,50.848950,4.627914,2, ,0.0,0.0,0,0,0,0,0,0,0,1
CF,D045C,50.788797,4.703775,1,HUL,45.0,3.3,107.0,2.0,2,6000,0,0,0,0,0,0
TF,LNO,50.585833,5.710278,0, ,0.0,0.0,0.0,0.0,0,0,0,0,0,0,0,0

SID,LNO3D,25L,1
CD, ,0,0,0,BUB,0,0.0,249.0,8.0,2,590,0,0,0,0,0,0
CA,0,249.0,2,4000,0,0,0,0,0,0
CF,HUL,50.749444,4.641667,1,HUL,0.0,0.0,103.0,13.0,2,6000,0,0,0,0,0,0

SID,LNO3D,25R,1
CD, ,0,0,0,BUB,0,0.0,244.0,8.0,2,590,0,0,0,0,0,0
CA,0,244.0,2,4000,0,0,0,0,0,0
CF,HUL,50.749444,4.641667,1,HUL,0.0,0.0,103.0,13.0,2,6000,0,0,0,0,0,0

SID,LNO3D,ALL,2
IF,HUL,50.749444,4.641667, ,0.0,0.0,2,6000,0,0,0,0,0,0
TF,LNO,50.585833,5.710278,0, ,0.0,0.0,0.0,0.0,0,0,0,0,0,0,0,0

SID,LNO5C,25R,2
CA,0,244.0,2,1700,0,0,0,0,0,0
CF,D045C,50.788797,4.703775,1,HUL,45.0,3.3,107.0,11.0,2,6000,0,0,0,0,0,0
TF,LNO,50.585833,5.710278,0, ,0.0,0.0,0.0,0.0,0,0,0,0,0,0,0,0

SID,LNO5H,07L,2
CD, ,0,0,0,AFI,0,0.0,64.0,17.7,0,0,0,0,0,0,0,0
FD,AFI,50.907778,4.138889,0,AFI,0.0,22.7,83.0,22.7,0,0,0,0,0,0,0,0
CF,D140X,50.879378,4.884236,0,ANT,140.0,24.3,140.0,5.0,0,0,0,0,0,0,0,0
TF,REMBA,50.662222,4.914028,0, ,0.0,0.0,0.0,0.0,0,0,0,0,0,0,0,0
TF,LNO,50.585833,5.710278,0, ,0.0,0.0,0.0,0.0,0,0,0,0,0,0,0,0

SID,LNO5J,07R,2
CA,0,69.0,2,700,0,0,0,0,0,0
CD, ,0,0,0,BUB,0,0.0,62.0,4.4,0,0,0,0,0,0,0,0
FD,BUB,50.902333,4.538083,0,BUB,0.0,8.0,68.0,8.0,0,0,0,0,0,0,0,0
CF,D140X,50.879378,4.884236,0,HUL,49.7,12.1,140.0,6.0,0,0,0,0,0,0,0,0
TF,REMBA,50.662222,4.914028,0, ,0.0,0.0,0.0,0.0,0,0,0,0,0,0,0,0
TF,LNO,50.585833,5.710278,0, ,0.0,0.0,0.0,0.0,0,0,0,0,0,0,0,0

SID,LNO5Q,25L,2
CA,0,249.0,2,700,0,0,0,0,0,0
CF,D045C,50.788797,4.703775,1,HUL,45.0,3.3,107.0,10.0,2,6000,0,0,0,0,0,0
TF,LNO,50.585833,5.710278,0, ,0.0,0.0,0.0,0.0,0,0,0,0,0,0,0,0

SID,LNO5Z,25R,2
CA,0,244.0,2,700,0,0,0,0,0,0
CI,0, ,0.0,290.0,0,0,0,0,0,0,0,0
CF,D043V,50.832297,4.227808,0,AFI,143.3,5.7,223.0,8.0,0,0,0,0,0,0,0,1
CF,D156I,50.770858,4.234992,0,AFI,156.0,9.0,156.0,4.0,0,0,0,0,0,0,0,1
CF,HUL,50.749444,4.641667,0,HUL,0.0,0.0,89.0,15.0,2,6000,0,0,0,0,0,0
TF,LNO,50.585833,5.710278,0, ,0.0,0.0,0.0,0.0,0,0,0,0,0,0,0,0

SID,LNO6F,01,2
CA,0,13.0,2,700,0,0,0,0,0,0
CA,0,28.0,2,1700,0,0,0,0,0,0
CF,D355F,50.848950,4.627914,2,HUL,355.0,6.0,175.0,6.0,0,0,0,0,0,0,0,1
CF,D045C,50.788797,4.703775,0,HUL,45.0,3.3,107.0,3.0,2,6000,0,0,0,0,0,0
TF,LNO,50.585833,5.710278,0, ,0.0,0.0,0.0,0.0,0,0,0,0,0,0,0,0

SID,LNO6L,19,5
CA,0,193.0,2,700,0,0,0,0,0,0
DF,BR010,50.799928,4.649389,0, ,0.0,0.0,0,0,0,0,0,0,0,0
TF,BR011,50.776264,4.767842,0, ,0.0,0.0,0.0,0.0,2,6000,0,0,0,0,0,0
TF,LNO,50.585833,5.710278,0, ,0.0,0.0,0.0,0.0,0,0,0,0,0,0,0,0

SID,NIK1H,07L,2
CA,0,64.0,2,1700,0,0,0,0,0,0
DF,NIK,51.165000,4.183889,1, ,0.0,0.0,0,0,0,0,0,0,0,0

SID,NIK2J,07R,2
CA,0,69.0,2,700,0,0,0,0,0,0
CA,0,62.0,2,1700,0,0,0,0,0,0
DF,NIK,51.165000,4.183889,1, ,0.0,0.0,0,0,0,0,0,0,0,0

SID,NIK3C,25L,1
CA,0,249.0,2,700,0,0,0,0,0,0
VR,0,BUB,280.0,334.0,2,1700,0,0,0,0,0,0
DF,NIK,51.165000,4.183889,0, ,0.0,0.0,0,0,0,0,0,0,0,0

SID,NIK3C,25R,1
CA,0,244.0,2,700,0,0,0,0,0,0
VR,2,BUB,280.0,334.0,2,1700,0,0,0,0,0,0
DF,NIK,51.165000,4.183889,0, ,0.0,0.0,0,0,0,0,0,0,0,0

SID,NIK3L,19,5
CA,0,193.0,2,1700,0,0,0,0,0,0
DF,BR018,50.973239,4.328842,2, ,0.0,0.0,0,0,0,0,0,0,0,0
TF,NIK,51.165000,4.183889,0, ,0.0,0.0,0.0,0.0,0,0,0,0,0,0,0,0

SID,NIK4N,19,5
CA,0,193.0,2,700,0,0,0,0,0,0
DF,BR018,50.973239,4.328842,2, ,0.0,0.0,2,4200,0,0,0,0,0,0
TF,NIK,51.165000,4.183889,0, ,0.0,0.0,0.0,0.0,0,0,0,0,0,0,0,0

SID,NIK5F,01,2
CA,0,13.0,2,700,0,0,0,0,0,0
CA,0,8.0,2,1700,0,0,0,0,0,0
DF,NIK,51.165000,4.183889,0, ,0.0,0.0,0,0,0,0,0,0,0,0

SID,PITE1W,07L,2
CA,0,64.0,2,1700,0,0,0,0,0,0
CF,HUL,50.749444,4.641667,2,BUB,155.7,10.0,175.0,10.0,2,6000,0,0,0,0,0,1
CF,REMBA,50.662222,4.914028,0,BUB,134.1,20.3,107.0,10.0,2,10000,0,0,0,0,0,0
TF,RITAX,50.077778,5.806944,0, ,0.0,0.0,0.0,0.0,0,0,0,0,0,0,0,0
TF,DIK,49.861306,6.129750,0, ,0.0,0.0,0.0,0.0,0,0,0,0,0,0,0,0
TF,PITES,49.728583,6.519361,0, ,0.0,0.0,0.0,0.0,0,0,0,0,0,0,0,0

SID,PITE1Y,07R,2
CA,0,69.0,2,700,0,0,0,0,0,0
CD, ,0,0,0,BUB,0,0.0,62.0,1.1,0,0,0,0,0,0,0,0
CA,0,62.0,2,1700,0,0,0,0,0,0
CF,HUL,50.749444,4.641667,2,BUB,155.7,10.0,170.0,9.0,2,6000,0,0,0,0,0,1
CF,REMBA,50.662222,4.914028,0,BUB,134.1,20.3,107.0,10.0,2,10000,0,0,0,0,0,0
TF,RITAX,50.077778,5.806944,0, ,0.0,0.0,0.0,0.0,0,0,0,0,0,0,0,0
TF,DIK,49.861306,6.129750,0, ,0.0,0.0,0.0,0.0,0,0,0,0,0,0,0,0
TF,PITES,49.728583,6.519361,0, ,0.0,0.0,0.0,0.0,0,0,0,0,0,0,0,0

SID,PITE4D,25L,1
CD, ,0,0,0,BUB,0,0.0,249.0,8.0,2,590,0,0,0,0,0,0
CA,0,249.0,2,4000,0,0,0,0,0,0
CF,D225B,50.725811,4.604444,1,HUL,225.0,2.0,107.0,14.0,2,6000,0,0,0,0,0,0

SID,PITE4D,25R,1
CD, ,0,0,0,BUB,0,0.0,244.0,8.0,2,590,0,0,0,0,0,0
CA,0,244.0,2,4000,0,0,0,0,0,0
CF,D225B,50.725811,4.604444,1,HUL,225.0,2.0,107.0,14.0,2,6000,0,0,0,0,0,0

SID,PITE4D,ALL,2
IF,D225B,50.725811,4.604444, ,0.0,0.0,2,6000,0,0,0,0,0,0
TF,REMBA,50.662222,4.914028,0, ,0.0,0.0,0.0,0.0,2,10000,0,0,0,0,0,0
TF,RITAX,50.077778,5.806944,0, ,0.0,0.0,0.0,0.0,0,0,0,0,0,0,0,0
TF,DIK,49.861306,6.129750,0, ,0.0,0.0,0.0,0.0,0,0,0,0,0,0,0,0
TF,PITES,49.728583,6.519361,0, ,0.0,0.0,0.0,0.0,0,0,0,0,0,0,0,0

SID,PITE5Z,25R,2
CA,0,244.0,2,700,0,0,0,0,0,0
CI,0, ,0.0,290.0,0,0,0,0,0,0,0,0
CF,D043V,50.832297,4.227808,0,BUB,249.5,12.5,223.0,8.0,0,0,0,0,0,0,0,1
CF,D156I,50.770858,4.234992,0,AFI,156.0,9.0,156.0,3.0,0,0,0,0,0,0,0,1
CF,D269H,50.747078,4.443386,0,HUL,269.0,7.6,89.0,5.0,0,0,0,0,0,0,0,0
TF,D225E,50.692061,4.551383,0, ,0.0,0.0,0.0,0.0,2,6000,0,0,0,0,0,0
TF,DIK,49.861306,6.129750,0, ,0.0,0.0,0.0,0.0,0,0,0,0,0,0,0,0
TF,PITES,49.728583,6.519361,0, ,0.0,0.0,0.0,0.0,0,0,0,0,0,0,0,0

SID,PITE6F,01,2
CA,0,13.0,2,700,0,0,0,0,0,0
CA,0,28.0,2,1700,0,0,0,0,0,0
CF,HUL,50.749444,4.641667,2,HUL,0.0,0.0,175.0,12.0,2,6000,0,0,0,0,0,1
CF,REMBA,50.662222,4.914028,0,SPI,287.4,28.5,107.0,10.0,2,10000,0,0,0,0,0,1
DF,RITAX,50.077778,5.806944,0, ,0.0,0.0,0,0,0,0,0,0,0,0
TF,DIK,49.861306,6.129750,0, ,0.0,0.0,0.0,0.0,0,0,0,0,0,0,0,0
TF,PITES,49.728583,6.519361,0, ,0.0,0.0,0.0,0.0,0,0,0,0,0,0,0,0

SID,PITE6H,07L,2
CD, ,0,0,0,AFI,0,0.0,64.0,17.7,0,0,0,0,0,0,0,0
FD,AFI,50.907778,4.138889,0,AFI,0.0,22.7,83.0,22.7,0,0,0,0,0,0,0,0
CF,D140X,50.879378,4.884236,0,ANT,140.0,24.3,140.0,5.0,0,0,0,0,0,0,0,0
TF,REMBA,50.662222,4.914028,0, ,0.0,0.0,0.0,0.0,2,10000,0,0,0,0,0,0
TF,RITAX,50.077778,5.806944,0, ,0.0,0.0,0.0,0.0,0,0,0,0,0,0,0,0
TF,DIK,49.861306,6.129750,0, ,0.0,0.0,0.0,0.0,0,0,0,0,0,0,0,0
TF,PITES,49.728583,6.519361,0, ,0.0,0.0,0.0,0.0,0,0,0,0,0,0,0,0

SID,PITE6J,07R,2
CA,0,69.0,2,700,0,0,0,0,0,0
CD, ,0,0,0,BUB,0,0.0,62.0,4.4,0,0,0,0,0,0,0,0
FD,BUB,50.902333,4.538083,0,BUB,0.0,8.0,68.0,8.0,0,0,0,0,0,0,0,0
CF,D140X,50.879378,4.884236,0,HUL,49.7,12.1,140.0,6.0,0,0,0,0,0,0,0,0
TF,REMBA,50.662222,4.914028,0, ,0.0,0.0,0.0,0.0,2,10000,0,0,0,0,0,0
TF,RITAX,50.077778,5.806944,0, ,0.0,0.0,0.0,0.0,0,0,0,0,0,0,0,0
TF,DIK,49.861306,6.129750,0, ,0.0,0.0,0.0,0.0,0,0,0,0,0,0,0,0
TF,PITES,49.728583,6.519361,0, ,0.0,0.0,0.0,0.0,0,0,0,0,0,0,0,0

SID,PITE7C,25L,1
CA,0,249.0,2,1700,0,0,0,0,0,0
DF,HUL,50.749444,4.641667,1, ,0.0,0.0,2,6000,0,0,0,0,0,0

SID,PITE7C,25R,1
CA,0,244.0,2,1700,0,0,0,0,0,0
DF,HUL,50.749444,4.641667,1, ,0.0,0.0,2,6000,0,0,0,0,0,0

SID,PITE7C,ALL,2
IF,HUL,50.749444,4.641667, ,0.0,0.0,2,6000,0,0,0,0,0,0
CF,REMBA,50.662222,4.914028,0,SPI,287.4,28.5,107.0,11.0,2,10000,0,0,0,0,0,0
TF,RITAX,50.077778,5.806944,0, ,0.0,0.0,0.0,0.0,0,0,0,0,0,0,0,0
TF,DIK,49.861306,6.129750,0, ,0.0,0.0,0.0,0.0,0,0,0,0,0,0,0,0
TF,PITES,49.728583,6.519361,0, ,0.0,0.0,0.0,0.0,0,0,0,0,0,0,0,0

SID,PITE7L,19,5
CA,0,193.0,2,700,0,0,0,0,0,0
DF,BR012,50.778358,4.602042,0, ,0.0,0.0,2,5000,0,0,0,0,0,0
TF,BR013,50.700094,4.708028,0, ,0.0,0.0,0.0,0.0,0,0,0,0,0,0,0,0
TF,REMBA,50.662222,4.914028,0, ,0.0,0.0,0.0,0.0,2,10000,0,0,0,0,0,0
TF,RITAX,50.077778,5.806944,0, ,0.0,0.0,0.0,0.0,0,0,0,0,0,0,0,0
TF,DIK,49.861306,6.129750,0, ,0.0,0.0,0.0,0.0,0,0,0,0,0,0,0,0
TF,PITES,49.728583,6.519361,0, ,0.0,0.0,0.0,0.0,0,0,0,0,0,0,0,0

SID,ROUS1W,07L,2
CA,0,64.0,2,1700,0,0,0,0,0,0
CF,HUL,50.749444,4.641667,2,BUB,155.7,10.0,175.0,10.0,2,6000,0,0,0,0,0,1
CF,REMBA,50.662222,4.914028,0,BUB,134.1,20.3,107.0,10.0,2,10000,0,0,0,0,0,0
TF,RITAX,50.077778,5.806944,0, ,0.0,0.0,0.0,0.0,0,0,0,0,0,0,0,0
TF,ROUSY,49.476389,6.115000,0, ,0.0,0.0,0.0,0.0,0,0,0,0,0,0,0,0

SID,ROUS1Y,07R,2
CA,0,69.0,2,700,0,0,0,0,0,0
CD, ,0,0,0,BUB,0,0.0,62.0,1.1,0,0,0,0,0,0,0,0
CA,0,62.0,2,1700,0,0,0,0,0,0
CF,HUL,50.749444,4.641667,2,BUB,155.7,10.0,170.0,9.0,2,6000,0,0,0,0,0,1
CF,REMBA,50.662222,4.914028,0,BUB,134.1,20.3,107.0,10.0,2,10000,0,0,0,0,0,0
TF,RITAX,50.077778,5.806944,0, ,0.0,0.0,0.0,0.0,0,0,0,0,0,0,0,0
TF,ROUSY,49.476389,6.115000,0, ,0.0,0.0,0.0,0.0,0,0,0,0,0,0,0,0

SID,ROUS4D,25L,1
CD, ,0,0,0,BUB,0,0.0,249.0,8.0,2,590,0,0,0,0,0,0
CA,0,249.0,2,4000,0,0,0,0,0,0
CF,D225B,50.725811,4.604444,1,HUL,225.0,2.0,107.0,14.0,2,6000,0,0,0,0,0,0

SID,ROUS4D,25R,1
CD, ,0,0,0,BUB,0,0.0,244.0,8.0,2,590,0,0,0,0,0,0
CA,0,244.0,2,4000,0,0,0,0,0,0
CF,D225B,50.725811,4.604444,1,HUL,225.0,2.0,107.0,14.0,2,6000,0,0,0,0,0,0

SID,ROUS4D,ALL,2
IF,D225B,50.725811,4.604444, ,0.0,0.0,2,6000,0,0,0,0,0,0
TF,REMBA,50.662222,4.914028,0, ,0.0,0.0,0.0,0.0,2,10000,0,0,0,0,0,0
TF,RITAX,50.077778,5.806944,0, ,0.0,0.0,0.0,0.0,0,0,0,0,0,0,0,0
TF,ROUSY,49.476389,6.115000,0, ,0.0,0.0,0.0,0.0,0,0,0,0,0,0,0,0

SID,ROUS5Z,25R,2
CA,0,244.0,2,700,0,0,0,0,0,0
CI,0, ,0.0,290.0,0,0,0,0,0,0,0,0
CF,D043V,50.832297,4.227808,0,BUB,249.5,12.5,223.0,8.0,0,0,0,0,0,0,0,1
CF,D156I,50.770858,4.234992,0,AFI,156.0,9.0,156.0,3.0,0,0,0,0,0,0,0,1
CF,D269J,50.746092,4.368025,0,HUL,269.0,10.4,89.0,5.0,0,0,0,0,0,0,0,0
TF,D225H,50.656503,4.495603,0, ,0.0,0.0,0.0,0.0,2,6000,0,0,0,0,0,0
TF,ROUSY,49.476389,6.115000,0, ,0.0,0.0,0.0,0.0,0,0,0,0,0,0,0,0

SID,ROUS6F,01,2
CA,0,13.0,2,700,0,0,0,0,0,0
CA,0,28.0,2,1700,0,0,0,0,0,0
CF,HUL,50.749444,4.641667,2,HUL,0.0,0.0,175.0,12.0,2,6000,0,0,0,0,0,1
CF,REMBA,50.662222,4.914028,0,SPI,287.4,28.5,107.0,10.0,2,10000,0,0,0,0,0,1
DF,RITAX,50.077778,5.806944,0, ,0.0,0.0,0,0,0,0,0,0,0,0
TF,ROUSY,49.476389,6.115000,0, ,0.0,0.0,0.0,0.0,0,0,0,0,0,0,0,0

SID,ROUS6H,07L,2
CD, ,0,0,0,AFI,0,0.0,64.0,17.7,0,0,0,0,0,0,0,0
FD,AFI,50.907778,4.138889,0,AFI,0.0,22.7,83.0,22.7,0,0,0,0,0,0,0,0
CF,D140X,50.879378,4.884236,0,ANT,140.0,24.3,140.0,5.0,0,0,0,0,0,0,0,0
TF,REMBA,50.662222,4.914028,0, ,0.0,0.0,0.0,0.0,2,10000,0,0,0,0,0,0
TF,RITAX,50.077778,5.806944,0, ,0.0,0.0,0.0,0.0,0,0,0,0,0,0,0,0
TF,ROUSY,49.476389,6.115000,0, ,0.0,0.0,0.0,0.0,0,0,0,0,0,0,0,0

SID,ROUS6J,07R,2
CA,0,69.0,2,700,0,0,0,0,0,0
CD, ,0,0,0,BUB,0,0.0,62.0,4.4,0,0,0,0,0,0,0,0
FD,BUB,50.902333,4.538083,0,BUB,0.0,8.0,68.0,8.0,0,0,0,0,0,0,0,0
CF,D140X,50.879378,4.884236,0,HUL,49.7,12.1,140.0,6.0,0,0,0,0,0,0,0,0
TF,REMBA,50.662222,4.914028,0, ,0.0,0.0,0.0,0.0,2,10000,0,0,0,0,0,0
TF,RITAX,50.077778,5.806944,0, ,0.0,0.0,0.0,0.0,0,0,0,0,0,0,0,0
TF,ROUSY,49.476389,6.115000,0, ,0.0,0.0,0.0,0.0,0,0,0,0,0,0,0,0

SID,ROUS7C,25L,1
CA,0,249.0,2,1700,0,0,0,0,0,0
DF,HUL,50.749444,4.641667,1, ,0.0,0.0,2,6000,0,0,0,0,0,0

SID,ROUS7C,25R,1
CA,0,244.0,2,1700,0,0,0,0,0,0
DF,HUL,50.749444,4.641667,1, ,0.0,0.0,2,6000,0,0,0,0,0,0

SID,ROUS7C,ALL,2
IF,HUL,50.749444,4.641667, ,0.0,0.0,2,6000,0,0,0,0,0,0
CF,REMBA,50.662222,4.914028,0,SPI,287.4,28.5,107.0,11.0,2,10000,0,0,0,0,0,0
TF,RITAX,50.077778,5.806944,0, ,0.0,0.0,0.0,0.0,0,0,0,0,0,0,0,0
TF,ROUSY,49.476389,6.115000,0, ,0.0,0.0,0.0,0.0,0,0,0,0,0,0,0,0

SID,ROUS7L,19,5
CA,0,193.0,2,700,0,0,0,0,0,0
DF,BR012,50.778358,4.602042,0, ,0.0,0.0,2,5000,0,0,0,0,0,0
TF,BR013,50.700094,4.708028,0, ,0.0,0.0,0.0,0.0,0,0,0,0,0,0,0,0
TF,REMBA,50.662222,4.914028,0, ,0.0,0.0,0.0,0.0,2,10000,0,0,0,0,0,0
TF,RITAX,50.077778,5.806944,0, ,0.0,0.0,0.0,0.0,0,0,0,0,0,0,0,0
TF,ROUSY,49.476389,6.115000,0, ,0.0,0.0,0.0,0.0,0,0,0,0,0,0,0,0

SID,SOPO1W,07L,2
CA,0,64.0,2,1700,0,0,0,0,0,0
CF,HUL,50.749444,4.641667,2,BUB,155.7,10.0,175.0,10.0,2,6000,0,0,0,0,0,1
CF,BULUX,50.592778,5.251278,0,BUB,123.1,32.9,107.0,24.0,0,0,0,0,0,0,0,0
CA,0,107.0,2,17000,0,0,0,0,0,0
DF,SOPOK,50.252778,5.773889,0, ,0.0,0.0,0,0,0,0,0,0,0,0

SID,SOPO1Y,07R,2
CA,0,69.0,2,700,0,0,0,0,0,0
CD, ,0,0,0,BUB,0,0.0,62.0,1.1,0,0,0,0,0,0,0,0
CA,0,62.0,2,1700,0,0,0,0,0,0
CF,HUL,50.749444,4.641667,2,BUB,155.7,10.0,170.0,9.0,2,6000,0,0,0,0,0,1
CF,BULUX,50.592778,5.251278,0,BUB,123.1,32.9,107.0,24.0,0,0,0,0,0,0,0,0
CA,0,107.0,2,17000,0,0,0,0,0,0
DF,SOPOK,50.252778,5.773889,0, ,0.0,0.0,0,0,0,0,0,0,0,0

SID,SOPO4D,25L,1
CD, ,0,0,0,BUB,0,0.0,249.0,8.0,2,590,0,0,0,0,0,0
CA,0,249.0,2,4000,0,0,0,0,0,0
CF,D225B,50.725811,4.604444,1,HUL,225.0,2.0,107.0,13.0,2,6000,0,0,0,0,0,0

SID,SOPO4D,25R,1
CD, ,0,0,0,BUB,0,0.0,244.0,8.0,2,590,0,0,0,0,0,0
CA,0,244.0,2,4000,0,0,0,0,0,0
CF,D225B,50.725811,4.604444,1,HUL,225.0,2.0,107.0,13.0,2,6000,0,0,0,0,0,0

SID,SOPO4D,ALL,2
IF,D225B,50.725811,4.604444, ,0.0,0.0,2,6000,0,0,0,0,0,0
TF,BULUX,50.592778,5.251278,0, ,0.0,0.0,0.0,0.0,2,17000,0,0,0,0,0,0
TF,SOPOK,50.252778,5.773889,0, ,0.0,0.0,0.0,0.0,0,0,0,0,0,0,0,0

SID,SOPO5H,07L,2
CD, ,0,0,0,AFI,0,0.0,64.0,17.7,0,0,0,0,0,0,0,0
FD,AFI,50.907778,4.138889,0,AFI,0.0,22.7,83.0,22.7,0,0,0,0,0,0,0,0
CF,D140X,50.879378,4.884236,0,ANT,140.0,24.3,140.0,5.0,0,0,0,0,0,0,0,0
TF,REMBA,50.662222,4.914028,0, ,0.0,0.0,0.0,0.0,0,0,0,0,0,0,0,0
TF,BULUX,50.592778,5.251278,0, ,0.0,0.0,0.0,0.0,0,0,0,0,0,0,0,0
TF,SOPOK,50.252778,5.773889,0, ,0.0,0.0,0.0,0.0,0,0,0,0,0,0,0,0

SID,SOPO5J,07R,2
CA,0,69.0,2,700,0,0,0,0,0,0
CD, ,0,0,0,BUB,0,0.0,62.0,4.4,0,0,0,0,0,0,0,0
FD,BUB,50.902333,4.538083,0,BUB,0.0,8.0,68.0,8.0,0,0,0,0,0,0,0,0
CF,D140X,50.879378,4.884236,0,HUL,49.7,12.1,140.0,6.0,0,0,0,0,0,0,0,0
TF,REMBA,50.662222,4.914028,0, ,0.0,0.0,0.0,0.0,0,0,0,0,0,0,0,0
TF,BULUX,50.592778,5.251278,0, ,0.0,0.0,0.0,0.0,0,0,0,0,0,0,0,0
TF,SOPOK,50.252778,5.773889,0, ,0.0,0.0,0.0,0.0,0,0,0,0,0,0,0,0

SID,SOPO6F,01,2
CA,0,13.0,2,700,0,0,0,0,0,0
CA,0,28.0,2,1700,0,0,0,0,0,0
CF,HUL,50.749444,4.641667,2,HUL,0.0,0.0,175.0,12.0,2,6000,0,0,0,0,0,1
CF,BULUX,50.592778,5.251278,0,SPI,287.4,15.0,107.0,24.0,0,0,0,0,0,0,0,0
CA,0,107.0,2,17000,0,0,0,0,0,0
DF,SOPOK,50.252778,5.773889,0, ,0.0,0.0,0,0,0,0,0,0,0,0

SID,SOPO6L,19,5
CA,0,193.0,2,700,0,0,0,0,0,0
DF,BR012,50.778358,4.602042,0, ,0.0,0.0,2,5000,0,0,0,0,0,0
TF,BR013,50.700094,4.708028,0, ,0.0,0.0,0.0,0.0,0,0,0,0,0,0,0,0
TF,REMBA,50.662222,4.914028,0, ,0.0,0.0,0.0,0.0,0,0,0,0,0,0,0,0
TF,BULUX,50.592778,5.251278,0, ,0.0,0.0,0.0,0.0,0,0,0,0,0,0,0,0
TF,SOPOK,50.252778,5.773889,0, ,0.0,0.0,0.0,0.0,0,0,0,0,0,0,0,0

SID,SOPO6Z,25R,2
CA,0,244.0,2,700,0,0,0,0,0,0
CI,0, ,0.0,290.0,0,0,0,0,0,0,0,0
CF,D043V,50.832297,4.227808,0,BUB,249.5,12.5,223.0,8.0,0,0,0,0,0,0,0,1
CF,D156I,50.770858,4.234992,0,AFI,156.0,9.0,156.0,3.0,0,0,0,0,0,0,0,1
CF,D269F,50.747378,4.467228,0,HUL,269.0,6.7,89.0,6.0,0,0,0,0,0,0,0,0
TF,D225B,50.725811,4.604444,0, ,0.0,0.0,0.0,0.0,2,6000,0,0,0,0,0,0
TF,BULUX,50.592778,5.251278,0, ,0.0,0.0,0.0,0.0,0,0,0,0,0,0,0,0
TF,SOPOK,50.252778,5.773889,0, ,0.0,0.0,0.0,0.0,0,0,0,0,0,0,0,0

SID,SOPO8C,25L,1
CA,0,249.0,2,1700,0,0,0,0,0,0
DF,HUL,50.749444,4.641667,1, ,0.0,0.0,2,6000,0,0,0,0,0,0

SID,SOPO8C,25R,1
CA,0,244.0,2,1700,0,0,0,0,0,0
DF,HUL,50.749444,4.641667,1, ,0.0,0.0,2,6000,0,0,0,0,0,0

SID,SOPO8C,ALL,2
IF,HUL,50.749444,4.641667, ,0.0,0.0,2,6000,0,0,0,0,0,0
CF,BULUX,50.592778,5.251278,0,SPI,287.4,15.0,107.0,25.0,0,0,0,0,0,0,0,0
CA,0,107.0,2,17000,0,0,0,0,0,0
DF,SOPOK,50.252778,5.773889,0, ,0.0,0.0,0,0,0,0,0,0,0,0

SID,SPI1W,07L,2
CA,0,64.0,2,1700,0,0,0,0,0,0
CF,D355F,50.848950,4.627914,2,BUB,132.2,4.7,175.0,4.0,0,0,0,0,0,0,0,1
VI,0, ,0.0,152.0,0,0,0,0,0,0,0,0
CF,D045C,50.788797,4.703775,0,BUB,136.2,9.3,107.0,2.0,2,6000,0,0,0,0,0,1
CF,SPI,50.514722,5.623611,0,BUB,117.9,47.5,115.0,38.0,0,0,0,0,0,0,0,0

SID,SPI1Y,07R,2
CA,0,69.0,2,700,0,0,0,0,0,0
CD, ,0,0,0,BUB,0,0.0,62.0,2.2,0,0,0,0,0,0,0,0
DF,D355F,50.848950,4.627914,2, ,0.0,0.0,0,0,0,0,0,0,0,1
CF,D045C,50.788797,4.703775,1,BUB,136.2,9.3,107.0,2.0,2,6000,0,0,0,0,0,0
CF,SPI,50.514722,5.623611,0,BUB,117.9,47.5,115.0,38.0,0,0,0,0,0,0,0,0

SID,SPI3D,25L,1
CD, ,0,0,0,BUB,0,0.0,249.0,8.0,2,590,0,0,0,0,0,0
CA,0,249.0,2,4000,0,0,0,0,0,0
CF,D225B,50.725811,4.604444,1,HUL,225.0,2.0,107.0,13.0,2,6000,0,0,0,0,0,0

SID,SPI3D,25R,1
CD, ,0,0,0,BUB,0,0.0,244.0,8.0,2,590,0,0,0,0,0,0
CA,0,244.0,2,4000,0,0,0,0,0,0
CF,D225B,50.725811,4.604444,1,HUL,225.0,2.0,107.0,13.0,2,6000,0,0,0,0,0,0

SID,SPI3D,ALL,2
IF,D225B,50.725811,4.604444, ,0.0,0.0,2,6000,0,0,0,0,0,0
TF,SPI,50.514722,5.623611,0, ,0.0,0.0,0.0,0.0,0,0,0,0,0,0,0,0

SID,SPI5C,25R,2
CA,0,244.0,2,1700,0,0,0,0,0,0
CF,D045C,50.788797,4.703775,1,HUL,45.0,3.3,107.0,11.0,2,6000,0,0,0,0,0,0
CI,0, ,0.0,107.0,0,0,0,0,0,0,0,0
CF,SPI,50.514722,5.623611,0,SPI,0.0,0.0,115.0,35.0,0,0,0,0,0,0,0,0

SID,SPI5J,07R,2
CA,0,69.0,2,700,0,0,0,0,0,0
CD, ,0,0,0,BUB,0,0.0,62.0,4.4,0,0,0,0,0,0,0,0
FD,BUB,50.902333,4.538083,0,BUB,0.0,8.0,68.0,8.0,0,0,0,0,0,0,0,0
CF,D140X,50.879378,4.884236,0,HUL,49.7,12.1,140.0,6.0,0,0,0,0,0,0,0,0
TF,REMBA,50.662222,4.914028,0, ,0.0,0.0,0.0,0.0,0,0,0,0,0,0,0,0
TF,SPI,50.514722,5.623611,0, ,0.0,0.0,0.0,0.0,0,0,0,0,0,0,0,0

SID,SPI5L,19,5
CA,0,193.0,2,700,0,0,0,0,0,0
DF,BR010,50.799928,4.649389,0, ,0.0,0.0,0,0,0,0,0,0,0,0
TF,BR011,50.776264,4.767842,0, ,0.0,0.0,0.0,0.0,2,6000,0,0,0,0,0,0
TF,SPI,50.514722,5.623611,0, ,0.0,0.0,0.0,0.0,0,0,0,0,0,0,0,0

SID,SPI5Q,25L,2
CA,0,249.0,2,700,0,0,0,0,0,0
CF,D045C,50.788797,4.703775,1,HUL,45.0,3.3,107.0,10.0,2,6000,0,0,0,0,0,0
CI,0, ,0.0,107.0,0,0,0,0,0,0,0,0
CF,SPI,50.514722,5.623611,0,SPI,0.0,0.0,115.0,33.0,0,0,0,0,0,0,0,0

SID,SPI6F,01,2
CA,0,13.0,2,700,0,0,0,0,0,0
CA,0,28.0,2,1700,0,0,0,0,0,0
CF,D355F,50.848950,4.627914,2,HUL,355.0,6.0,175.0,6.0,0,0,0,0,0,0,0,1
CF,D045C,50.788797,4.703775,0,HUL,45.0,3.3,107.0,3.0,2,6000,0,0,0,0,0,0
TF,SPI,50.514722,5.623611,0, ,0.0,0.0,0.0,0.0,0,0,0,0,0,0,0,0

SID,SPI6H,07L,2
CD, ,0,0,0,AFI,0,0.0,64.0,17.7,0,0,0,0,0,0,0,0
FD,AFI,50.907778,4.138889,0,AFI,0.0,22.7,83.0,22.7,0,0,0,0,0,0,0,0
CF,D140X,50.879378,4.884236,0,ANT,140.0,24.3,140.0,5.0,0,0,0,0,0,0,0,0
TF,REMBA,50.662222,4.914028,0, ,0.0,0.0,0.0,0.0,0,0,0,0,0,0,0,0
TF,SPI,50.514722,5.623611,0, ,0.0,0.0,0.0,0.0,0,0,0,0,0,0,0,0

SID,SPI6Z,25R,2
CA,0,244.0,2,700,0,0,0,0,0,0
CI,0, ,0.0,290.0,0,0,0,0,0,0,0,0
CF,D043V,50.832297,4.227808,0,BUB,249.5,12.5,223.0,8.0,0,0,0,0,0,0,0,1
CF,D156I,50.770858,4.234992,0,AFI,156.0,9.0,156.0,3.0,0,0,0,0,0,0,0,1
CF,HUL,50.749444,4.641667,0,HUL,0.0,0.0,89.0,15.0,2,6000,0,0,0,0,0,0
TF,SPI,50.514722,5.623611,0, ,0.0,0.0,0.0,0.0,0,0,0,0,0,0,0,0

STAR,ARVO7A,ALL,5
IF,ARVOL,50.545833,3.496944, ,0.0,0.0,0,0,0,1,250,0,0,0
TF,AKOVI,50.747222,3.718611,0, ,0.0,0.0,0.0,0.0,0,0,0,0,0,0,0,0
TF,RODRI,50.876667,3.862889,0, ,0.0,0.0,0.0,0.0,0,0,0,0,0,0,0,0
TF,BR209,50.909833,3.918389,0, ,0.0,0.0,0.0,0.0,0,0,0,0,0,0,0,0
TF,KERKY,50.926944,3.992611,0, ,0.0,0.0,0.0,0.0,2,7000,0,0,0,0,0,0

STAR,ARVO7B,ALL,5
IF,ARVOL,50.545833,3.496944, ,0.0,0.0,0,0,0,1,250,0,0,0
TF,CIV,50.573972,3.832872,0, ,0.0,0.0,0.0,0.0,0,0,0,0,0,0,0,0
TF,HUL,50.749444,4.641667,0, ,0.0,0.0,0.0,0.0,0,0,0,0,0,0,0,0
TF,FLO,50.876667,5.134444,0, ,0.0,0.0,0.0,0.0,2,7000,0,0,0,0,0,0

STAR,BATY5A,ALL,5
IF,BATTY,50.649167,5.848778, ,0.0,0.0,0,0,0,0,0,0,0,0
TF,BR205,50.757667,5.510750,0, ,0.0,0.0,0.0,0.0,0,0,0,1,250,0,0,0
TF,FLO,50.876667,5.134444,0, ,0.0,0.0,0.0,0.0,2,7000,0,0,0,0,0,0

STAR,BEKE3B,ALL,5
IF,BEKEM,51.432222,4.580197, ,0.0,0.0,0,0,0,1,250,0,0,0
TF,NIK,51.165000,4.183889,0, ,0.0,0.0,0.0,0.0,0,0,0,0,0,0,0,0
TF,KERKY,50.926944,3.992611,0, ,0.0,0.0,0.0,0.0,2,8000,0,0,0,0,0,0

STAR,BEKE7A,ALL,5
IF,BEKEM,51.432222,4.580197, ,0.0,0.0,0,0,0,1,250,0,0,0
TF,BR203,51.246694,4.304333,0, ,0.0,0.0,0.0,0.0,0,0,0,0,0,0,0,0
TF,ANT,51.190472,4.472583,0, ,0.0,0.0,0.0,0.0,2,7000,0,0,0,0,0,0

STAR,KOK7A,ALL,5
IF,KOK,51.094722,2.651667, ,0.0,0.0,0,0,0,0,0,0,0,0
TF,BR201,50.991306,3.493528,0, ,0.0,0.0,0.0,0.0,0,0,0,1,250,0,0,0
TF,KERKY,50.926944,3.992611,0, ,0.0,0.0,0.0,0.0,2,7000,0,0,0,0,0,0

STAR,LNO4A,ALL,5
IF,LNO,50.585833,5.710278, ,0.0,0.0,0,0,0,0,0,0,0,0
TF,BR204,50.711139,5.463833,0, ,0.0,0.0,0.0,0.0,0,0,0,1,250,0,0,0
TF,FLO,50.876667,5.134444,0, ,0.0,0.0,0.0,0.0,2,7000,0,0,0,0,0,0

STAR,TULN7A,ALL,5
IF,TULNI,50.557500,3.282222, ,0.0,0.0,0,0,0,1,250,0,0,0
TF,AKOVI,50.747222,3.718611,0, ,0.0,0.0,0.0,0.0,2,9000,0,0,0,0,0,0
TF,RODRI,50.876667,3.862889,0, ,0.0,0.0,0.0,0.0,0,0,0,0,0,0,0,0
TF,BR209,50.909833,3.918389,0, ,0.0,0.0,0.0,0.0,0,0,0,0,0,0,0,0
TF,KERKY,50.926944,3.992611,0, ,0.0,0.0,0.0,0.0,2,7000,0,0,0,0,0,0

STAR,TULN7B,ALL,5
IF,TULNI,50.557500,3.282222, ,0.0,0.0,0,0,0,1,250,0,0,0
TF,CIV,50.573972,3.832872,0, ,0.0,0.0,0.0,0.0,2,9000,0,0,0,0,0,0
TF,HUL,50.749444,4.641667,0, ,0.0,0.0,0.0,0.0,0,0,0,0,0,0,0,0
TF,FLO,50.876667,5.134444,0, ,0.0,0.0,0.0,0.0,2,7000,0,0,0,0,0,0

STAR,WODY3B,ALL,5
IF,WOODY,51.405661,4.366481, ,0.0,0.0,0,0,0,1,250,0,0,0
TF,NIK,51.165000,4.183889,0, ,0.0,0.0,0.0,0.0,0,0,0,0,0,0,0,0
TF,KERKY,50.926944,3.992611,0, ,0.0,0.0,0.0,0.0,2,8000,0,0,0,0,0,0

STAR,WODY7A,ALL,5
IF,WOODY,51.405661,4.366481, ,0.0,0.0,0,0,0,1,250,0,0,0
TF,BR202,51.262306,4.257444,0, ,0.0,0.0,0.0,0.0,0,0,0,0,0,0,0,0
TF,ANT,51.190472,4.472583,0, ,0.0,0.0,0.0,0.0,2,7000,0,0,0,0,0,0

APPTR,D07L,07L,ANT
IF,ANT,51.190472,4.472583, ,0.0,0.0,0,0,0,0,0,0,1,0
TF,AFI,50.907778,4.138889,0, ,0.0,0.0,0.0,0.0,2,3000,0,0,0,0,0,0
CF,CD07L,50.865572,4.176917,0,BUB,260.0,13.9,152.0,2.9,2,2000,0,0,0,0,1,0

APPTR,D07L,07L,FLO
IF,FLO,50.876667,5.134444, ,0.0,0.0,0,0,0,0,0,0,1,0
TF,BUB,50.902333,4.538083,0, ,0.0,0.0,0.0,0.0,0,0,0,0,0,0,0,0
FD,BUB,50.902333,4.538083,0,BUB,0.0,13.1,278.0,13.1,0,0,0,0,0,0,0,0
DF,AFI,50.907778,4.138889,0, ,0.0,0.0,2,3000,0,0,0,0,0,0
CF,CD07L,50.865572,4.176917,0,BUB,260.0,13.9,152.0,2.9,2,2000,0,0,0,0,1,0

APPTR,D07L,07L,KERKY
IF,KERKY,50.926944,3.992611, ,0.0,0.0,0,0,0,0,0,0,1,0
CF,AFI,50.907778,4.138889,0,AFI,0.0,0.0,101.0,5.7,2,3000,0,0,0,0,0,0
CF,CD07L,50.865572,4.176917,0,BUB,260.0,13.9,152.0,2.9,2,2000,0,0,0,0,1,0

FINAL,D07L,07L,D,4
IF,CD07L,50.865572,4.176917,BUB,260.0,13.9,2,2000,0,0,0,0,0,0
CF,FD07L,50.879189,4.309364,0,BUB,260.0,8.8,80.0,5.1,1,2000,0,0,0,0,2,0
CF,60VOR,50.886603,4.382114,0,BUB,260.0,6.0,80.0,2.8,2,1170,0,0,0,0,0,0
CF,MD07L,50.890817,4.423694,0,BUB,260.0,4.4,80.0,1.6,1,652,0,0,0,0,3,0
VA,0,15.0,2,4000,0,0,0,0,0,0
VM,0,0,0,15.0,1,4000,0,0,0,0,0,0

APPTR,D07R,07R,ANT
FD,ANT,51.190472,4.472583,0,ANT,0.0,18.0,212.0,18.0,2,3000,0,0,0,0,1,0
CF,CD07R,50.831422,4.214958,0,BUB,250.0,13.0,177.0,6.0,2,2000,0,0,0,0,1,0

APPTR,D07R,07R,FLO
IF,FLO,50.876667,5.134444, ,0.0,0.0,0,0,0,0,0,0,1,0
CF,FLO34,50.902531,4.253650,0,FLO,273.0,33.5,273.0,33.5,2,3000,0,0,0,0,0,1
CF,CD07R,50.831422,4.214958,1,BUB,250.0,13.0,177.0,5.0,2,2000,0,0,0,0,1,0

APPTR,D07R,07R,HUL
IF,HUL,50.749444,4.641667, ,0.0,0.0,0,0,0,0,0,0,1,0
CF,D200L,50.714914,4.424800,0,BUB,200.0,12.1,256.0,8.5,0,0,0,0,0,0,0,0
CI,0, ,0.0,256.0,0,0,0,0,0,0,0,0
AF,CD07R,50.831422,4.214958,2,BUB,250.0,13.0,206.0,2,2000,0,0,0,0,1,0

APPTR,D07R,07R,KERKY
IF,KERKY,50.926944,3.992611, ,0.0,0.0,0,0,0,0,0,0,1,0
VI,0, ,0.0,100.0,0,0,0,0,0,0,0,0
AF,D256R,50.834011,4.077000,1,BUB,256.0,18.0,273.0,0,0,0,0,0,0,0,0
CF,CD07R,50.831422,4.214958,0,BUB,250.0,13.0,70.0,5.0,2,2000,0,0,0,0,1,0

FINAL,D07R,07R,D,4
IF,CD07R,50.831422,4.214958,BUB,250.0,13.0,2,2000,0,0,0,0,0,0
CF,FD07R,50.858803,4.339119,0,BUB,250.0,8.0,70.0,5.0,1,2000,0,0,0,0,2,0
CF,47VOR,50.876800,4.421147,0,BUB,250.0,4.7,70.0,3.3,2,980,0,0,0,0,0,0
CF,MD07R,50.888767,4.475867,0,BUB,250.0,2.5,70.0,2.2,1,302,0,0,0,0,3,0
CF,BUB,50.902333,4.538083,0,BUB,0.0,0.0,69.0,2.5,0,0,0,0,0,0,0,0
FA,BUB,50.902333,4.538083,0,BUB,0.0,0.0,69.0,2,800,0,0,0,0,0,0
VA,2,215.0,2,4000,0,0,0,0,0,0
VM,0,0,0,215.0,1,4000,0,0,0,0,0,0

APPTR,D25LY,25L,FLO
FD,FLO,50.876667,5.134444,0,FLO,0.0,8.1,308.0,8.1,0,0,0,0,0,0,1,0
CF,CD25Y,50.973947,4.869672,0,BUB,70.0,13.3,279.0,3.8,2,3000,0,0,0,0,1,0

FINAL,D25LY,25L,D,3
IF,CD25Y,50.973947,4.869672,BUB,70.0,13.3,2,3000,0,0,0,0,0,0
CF,FD25Y,50.947136,4.744894,0,BUB,70.0,8.3,250.0,5.0,1,3000,0,0,0,0,2,0
CF,BUB,50.902333,4.538083,0,BUB,0.0,0.0,250.0,8.3,1,410,0,0,0,0,3,0
FA,BUB,50.902333,4.538083,0,BUB,0.0,0.0,249.0,2,700,0,0,0,0,0,0
VA,1,105.0,2,4000,0,1,185,0,0,0
VM,0,0,0,105.0,1,4000,0,0,0,0,0,0

APPTR,D25LZ,25L,ANT
IF,ANT,51.190472,4.472583, ,0.0,0.0,0,0,0,0,0,0,1,0
CF,BUN,51.118611,4.842222,0,BUN,0.0,0.0,107.0,14.6,2,3000,0,0,0,0,0,1
CF,CD25Z,50.957339,4.792294,2,BUB,70.0,10.2,204.0,9.0,2,2000,0,0,0,0,1,0

APPTR,D25LZ,25L,KERKY
IF,KERKY,50.926944,3.992611, ,0.0,0.0,0,0,0,0,0,0,1,0
CF,BUN,51.118611,4.842222,0,BUN,0.0,0.0,70.0,34.2,2,3000,0,0,0,0,0,1
CF,CD25Z,50.957339,4.792294,2,BUB,70.0,10.2,204.0,9.0,2,2000,0,0,0,0,1,0

FINAL,D25LZ,25L,D,3
IF,CD25Z,50.957339,4.792294,BUB,70.0,10.2,2,2000,0,0,0,0,0,0
CF,FD25Z,50.930444,4.667606,0,BUB,70.0,5.2,250.0,5.0,1,2000,0,0,0,0,2,0
CF,BUB,50.902333,4.538083,0,BUB,0.0,0.0,250.0,5.2,1,410,0,0,0,0,3,0
FA,BUB,50.902333,4.538083,0,BUB,0.0,0.0,249.0,2,700,0,0,0,0,0,0
VA,1,105.0,2,4000,0,1,185,0,0,0
VM,0,0,0,105.0,1,4000,0,0,0,0,0,0

APPTR,I01,01,ANT
IF,ANT,51.190472,4.472583, ,0.0,0.0,0,0,0,1,220,0,1,0
CF,AFI,50.907778,4.138889,0,AFI,0.0,0.0,216.0,21.2,0,0,0,0,0,0,0,0
FD,AFI,50.907778,4.138889,0,AFI,0.0,11.9,165.0,11.9,0,0,0,0,0,0,0,0
DF,NIVOR,50.693889,4.290972,1, ,0.0,0.0,2,3000,0,0,0,0,0,0
FC,NIVOR,50.693889,4.290972,0,AFI,0.0,0.0,76.0,3.3,2,2000,0,0,0,0,0,0
VI,0,IBX,0.0,43.0,0,0,0,0,0,0,0,0

APPTR,I01,01,DIK
IF,DIK,49.861306,6.129750, ,0.0,0.0,0,0,0,0,0,0,0,0
TF,GSY,50.453917,4.441389,0, ,0.0,0.0,0.0,0.0,0,0,0,0,0,0,0,0
TF,MAKOB,50.623889,4.430278,0, ,0.0,0.0,0.0,0.0,0,0,0,0,0,0,0,0
CF,CF01,50.714483,4.421361,0,IBX,193.5,12.5,356.0,5.4,2,2000,0,0,0,0,1,0

APPTR,I01,01,FLO
IF,FLO,50.876667,5.134444, ,0.0,0.0,0,0,0,1,220,0,1,0
CF,BUB,50.902333,4.538083,0,BUB,0.0,0.0,273.0,22.7,0,0,0,0,0,0,0,0
CF,D271L,50.908878,4.222297,0,BUB,271.0,12.0,271.0,12.0,0,0,0,0,0,0,0,1
CF,D165L,50.716386,4.219653,1,AFI,165.0,11.9,165.0,10.0,0,0,0,0,0,0,0,1
DF,NIVOR,50.693889,4.290972,1, ,0.0,0.0,2,3000,0,0,0,0,0,0
FC,NIVOR,50.693889,4.290972,0,AFI,0.0,0.0,76.0,3.3,2,2000,0,0,0,0,0,0
VI,0,IBX,0.0,43.0,0,0,0,0,0,0,0,0

APPTR,I01,01,KERKY
IF,KERKY,50.926944,3.992611, ,0.0,0.0,0,0,0,1,220,0,1,0
CF,AFI,50.907778,4.138889,0,AFI,0.0,0.0,102.0,5.7,0,0,0,0,0,0,0,0
FD,AFI,50.907778,4.138889,0,AFI,0.0,11.9,165.0,11.9,0,0,0,0,0,0,0,0
DF,NIVOR,50.693889,4.290972,1, ,0.0,0.0,2,3000,0,0,0,0,0,0
FC,NIVOR,50.693889,4.290972,0,AFI,0.0,0.0,76.0,3.3,2,2000,0,0,0,0,0,0
VI,0,IBX,0.0,43.0,0,0,0,0,0,0,0,0

APPTR,I01,01,REMBA
IF,REMBA,50.662222,4.914028, ,0.0,0.0,0,0,0,0,0,0,0,0
TF,MAKOB,50.623889,4.430278,0, ,0.0,0.0,0.0,0.0,0,0,0,0,0,0,0,0
CF,CF01,50.714483,4.421361,2,IBX,193.5,12.5,356.0,5.4,2,2000,0,0,0,0,1,0

FINAL,I01,01,I,3
IF,CF01,50.714483,4.421361,IBX,193.5,12.5,2,2000,0,0,0,0,0,0
CF,FF01,50.798325,4.455353,0,IBX,193.5,7.3,13.0,5.2,1,2000,0,0,0,0,2,0
CF,RW01,50.887331,4.491578,0,IBX,193.5,1.7,13.0,5.5,1,235,0,0,0,0,3,0
FA,RW01,50.887331,4.491578,0,AFI,0.0,0.0,13.0,2,1500,0,0,0,0,0,0
VA,0,305.0,2,4000,0,0,0,0,0,0
VM,0,0,0,305.0,1,4000,0,0,0,0,0,0

APPTR,I19,19,ANT
IF,ANT,51.190472,4.472583,ANT,0.0,0.0,0,0,0,1,220,0,1,0
TF,D198O,50.952917,4.350414,0, ,0.0,0.0,0.0,0.0,0,0,0,0,0,0,0,1
CF,BUB,50.902333,4.538083,1,BUB,0.0,0.0,90.0,7.0,0,0,0,0,0,0,0,0
FD,BUB,50.902333,4.538083,0,BUB,0.0,10.0,41.0,10.0,0,0,0,0,0,0,0,0
CF,D104Q,51.095719,4.619975,1,NIK,104.0,17.0,284.0,5.0,0,0,0,0,0,0,0,1
VI,0,IBM,0.0,223.0,2,3000,0,0,0,0,0,0

APPTR,I19,19,FLO
IF,FLO,50.876667,5.134444, ,0.0,0.0,0,0,0,1,220,0,1,0
TF,D308T,51.079403,4.721017,0, ,0.0,0.0,0.0,0.0,0,0,0,0,0,0,0,1
CF,D104Q,51.095719,4.619975,0,NIK,104.0,17.0,284.0,4.0,0,0,0,0,0,0,0,1
VI,0,IBM,0.0,223.0,2,3000,0,0,0,0,0,0

APPTR,I19,19,KERKY
IF,KERKY,50.926944,3.992611, ,0.0,0.0,0,0,0,1,220,0,1,0
CF,AFI,50.907778,4.138889,0,AFI,0.0,0.0,101.0,5.7,0,0,0,0,0,0,0,0
CF,BUB,50.902333,4.538083,0,BUB,0.0,0.0,90.0,15.2,0,0,0,0,0,0,0,0
FD,BUB,50.902333,4.538083,0,BUB,0.0,10.0,41.0,10.0,0,0,0,0,0,0,0,0
CF,D104Q,51.095719,4.619975,1,NIK,104.0,17.0,284.0,5.0,0,0,0,0,0,0,0,1
VI,0,IBM,0.0,223.0,2,3000,0,0,0,0,0,0

FINAL,I19,19,I,3
IF,CF19,51.101969,4.579517,IBM,13.5,13.5,2,3000,0,0,0,0,0,0
CF,FF19,51.055236,4.560297,0,IBM,13.5,10.6,193.0,2.9,1,3000,0,0,0,0,2,0
CF,RW19,50.911011,4.501239,0,IBM,13.5,1.6,193.0,8.9,1,167,0,0,0,0,3,0
FA,RW19,50.911011,4.501239,0,BUB,0.0,0.0,193.0,2,1100,0,0,0,0,0,0
VA,1,45.0,2,3000,0,1,185,0,0,0
VM,0,0,0,45.0,1,3000,0,0,0,0,0,0

APPTR,I25LY,25L,FLO
IF,FLO,50.876667,5.134444, ,0.0,0.0,0,0,0,1,220,0,1,0
TF,D308H,50.959564,4.966189,0, ,0.0,0.0,0.0,0.0,0,0,0,0,0,0,0,1
CF,CF2LY,50.977864,4.868300,0,IBL,68.9,15.8,279.0,3.9,2,3000,0,0,0,0,1,0

FINAL,I25LY,25L,I,3
IF,CF2LY,50.977864,4.868300,IBL,68.9,15.8,2,3000,0,0,0,0,0,0
CF,FF2LY,50.948514,4.739339,0,IBL,68.9,10.6,249.0,5.1,1,3000,0,0,0,0,2,0
CF,RW25L,50.898942,4.523300,0,IBL,68.9,1.8,249.0,8.7,1,218,0,0,0,0,3,0
FA,RW25L,50.898942,4.523300,0,BUB,0.0,0.0,249.0,2,700,0,0,0,0,0,0
VA,1,105.0,2,4000,0,1,185,0,0,0
VM,0,0,0,105.0,1,4000,0,0,0,0,0,0

APPTR,I25LZ,25L,ANT
IF,ANT,51.190472,4.472583, ,0.0,0.0,0,0,0,1,220,0,1,0
CF,BUN,51.118611,4.842222,0,BUN,0.0,0.0,107.0,14.6,2,3000,0,0,0,0,0,1
CF,CF2LZ,50.960383,4.791400,2,IBL,68.9,12.7,204.0,9.0,2,2000,0,0,0,0,1,0

APPTR,I25LZ,25L,KERKY
IF,KERKY,50.926944,3.992611, ,0.0,0.0,0,0,0,1,220,0,1,0
CF,BUN,51.118611,4.842222,0,BUN,0.0,0.0,70.0,34.2,2,3000,0,0,0,0,0,1
CF,CF2LZ,50.960383,4.791400,2,IBL,68.9,12.7,204.0,9.0,2,2000,0,0,0,0,1,0

FINAL,I25LZ,25L,I,3
IF,CF2LZ,50.960383,4.791400,IBL,68.9,12.7,2,2000,0,0,0,0,0,0
CF,FF2LZ,50.930947,4.662533,0,IBL,68.9,7.5,249.0,5.2,1,2000,0,0,0,0,2,0
CF,RW25L,50.898942,4.523300,0,IBL,68.9,1.8,249.0,5.6,1,218,0,0,0,0,3,0
FA,RW25L,50.898942,4.523300,0,BUB,0.0,0.0,249.0,2,700,0,0,0,0,0,0
VA,1,105.0,2,4000,0,1,185,0,0,0
VM,0,0,0,105.0,1,4000,0,0,0,0,0,0

APPTR,I25RY,25R,FLO
IF,FLO,50.876667,5.134444, ,0.0,0.0,0,0,0,1,220,0,1,0
TF,D308J,50.978975,4.926636,0, ,0.0,0.0,0.0,0.0,2,3000,0,0,0,0,0,1
CF,CF25R,50.986144,4.759381,0,IBR,64.4,13.0,274.0,6.4,2,2000,0,0,0,0,1,0

FINAL,I25RY,25R,I,3
IF,CF25R,50.986144,4.759381,IBR,64.4,13.0,2,2000,0,0,0,0,0,0
CF,FF25R,50.951792,4.639306,0,IBR,64.4,8.0,244.0,5.0,1,2000,0,0,0,0,2,0
CF,RW25R,50.911544,4.499389,0,IBR,64.4,2.1,244.0,5.8,1,164,0,0,0,0,3,0
FA,RW25R,50.911544,4.499389,0,BUB,0.0,0.0,244.0,2,700,0,0,0,0,0,0
VA,2,15.0,2,3000,0,0,0,0,0,0
VM,0,0,0,15.0,1,3000,0,0,0,0,0,0

APPTR,I25RZ,25R,ANT
IF,ANT,51.190472,4.472583, ,0.0,0.0,0,0,0,1,220,0,1,0
CF,BUN,51.118611,4.842222,0,BUN,0.0,0.0,107.0,14.6,2,3000,0,0,0,0,0,1
CF,CF25R,50.986144,4.759381,2,IBR,64.4,13.0,214.0,8.5,2,2000,0,0,0,0,1,0

APPTR,I25RZ,25R,KERKY
IF,KERKY,50.926944,3.992611, ,0.0,0.0,0,0,0,1,220,0,1,0
CF,BUN,51.118611,4.842222,0,BUN,0.0,0.0,70.0,34.2,2,3000,0,0,0,0,0,1
CF,CF25R,50.986144,4.759381,2,IBR,64.4,13.0,214.0,8.5,2,2000,0,0,0,0,1,0

FINAL,I25RZ,25R,I,3
IF,CF25R,50.986144,4.759381,IBR,64.4,13.0,2,2000,0,0,0,0,0,0
CF,FF25R,50.951792,4.639306,0,IBR,64.4,8.0,244.0,5.0,1,2000,0,0,0,0,2,0
CF,RW25R,50.911544,4.499389,0,IBR,64.4,2.1,244.0,5.8,1,164,0,0,0,0,3,0
FA,RW25R,50.911544,4.499389,0,BUB,0.0,0.0,244.0,2,700,0,0,0,0,0,0
VA,2,15.0,2,3000,0,0,0,0,0,0
VM,0,0,0,15.0,1,3000,0,0,0,0,0,0

APPTR,R01,01,ANT
IF,ANT,51.190472,4.472583, ,0.0,0.0,0,0,0,0,0,0,1,0
TF,AFI,50.907778,4.138889,0, ,0.0,0.0,0.0,0.0,0,0,0,0,0,0,0,0
TF,RUDEL,50.683722,4.226833,1, ,0.0,0.0,0.0,0.0,2,2200,0,1,220,0,0,0
TF,NIVOR,50.693889,4.290972,1, ,0.0,0.0,0.0,0.0,0,0,0,0,0,0,0,0
TF,BURUS,50.714306,4.420778,0, ,0.0,0.0,0.0,0.0,2,2000,0,0,0,0,1,0

APPTR,R01,01,FLO
IF,FLO,50.876667,5.134444, ,0.0,0.0,0,0,0,0,0,0,1,0
TF,BUB,50.902333,4.538083,0, ,0.0,0.0,0.0,0.0,0,0,0,0,0,0,0,0
TF,AFI,50.907778,4.138889,1, ,0.0,0.0,0.0,0.0,0,0,0,0,0,0,0,0
TF,RUDEL,50.683722,4.226833,1, ,0.0,0.0,0.0,0.0,2,2200,0,1,220,0,0,0
TF,NIVOR,50.693889,4.290972,1, ,0.0,0.0,0.0,0.0,0,0,0,0,0,0,0,0
TF,BURUS,50.714306,4.420778,0, ,0.0,0.0,0.0,0.0,2,2000,0,0,0,0,1,0

APPTR,R01,01,KERKY
IF,KERKY,50.926944,3.992611, ,0.0,0.0,0,0,0,0,0,0,1,0
TF,AFI,50.907778,4.138889,0, ,0.0,0.0,0.0,0.0,0,0,0,0,0,0,0,0
TF,RUDEL,50.683722,4.226833,2, ,0.0,0.0,0.0,0.0,2,2200,0,1,220,0,0,0
TF,NIVOR,50.693889,4.290972,1, ,0.0,0.0,0.0,0.0,0,0,0,0,0,0,0,0
TF,BURUS,50.714306,4.420778,0, ,0.0,0.0,0.0,0.0,2,2000,0,0,0,0,1,0

FINAL,R01,01,R,3
IF,BURUS,50.714306,4.420778, ,0.0,0.0,2,2000,0,0,0,0,0,0
TF,BR01F,50.795306,4.453861,0, ,0.0,0.0,14.0,5.0,1,2000,0,0,0,0,2,0
TF,RW01,50.887331,4.491578,0, ,0.0,0.0,14.0,5.7,1,235,0,0,0,0,3,1
CA,0,13.0,2,1500,0,0,0,0,0,0
VM,0,0,0,305.0,1,4000,0,0,0,0,0,0

APPTR,R25L,25L,ANT
IF,ANT,51.190472,4.472583, ,0.0,0.0,2,8000,0,0,0,0,1,0
TF,BUN,51.118611,4.842222,0, ,0.0,0.0,0.0,0.0,0,0,0,0,0,0,0,0
TF,NAXOD,51.017056,4.865083,0, ,0.0,0.0,0.0,0.0,0,0,0,0,0,0,0,0
TF,GIKNU,50.960472,4.790056,0, ,0.0,0.0,0.0,0.0,2,2000,0,0,0,0,1,0

APPTR,R25L,25L,FLO
IF,FLO,50.876667,5.134444, ,0.0,0.0,2,6000,0,0,0,0,1,0
TF,DIKBO,50.980333,4.876139,0, ,0.0,0.0,0.0,0.0,2,3000,0,0,0,0,0,0
TF,GIKNU,50.960472,4.790056,0, ,0.0,0.0,0.0,0.0,2,2000,0,0,0,0,1,0

APPTR,R25L,25L,KERKY
IF,KERKY,50.926944,3.992611, ,0.0,0.0,2,4000,0,0,0,0,1,0
TF,OKLUP,51.090361,4.714583,0, ,0.0,0.0,0.0,0.0,0,0,0,0,0,0,0,0
TF,BUN,51.118611,4.842222,0, ,0.0,0.0,0.0,0.0,0,0,0,0,0,0,0,0
TF,NAXOD,51.017056,4.865083,2, ,0.0,0.0,0.0,0.0,0,0,0,0,0,0,0,0
TF,GIKNU,50.960472,4.790056,0, ,0.0,0.0,0.0,0.0,2,2000,0,0,0,0,1,0

FINAL,R25L,25L,R,3
IF,GIKNU,50.960472,4.790056, ,0.0,0.0,2,2000,0,0,0,0,0,0
TF,B25LF,50.931944,4.666278,0, ,0.0,0.0,249.0,5.0,1,2000,0,0,0,0,2,0
TF,RW25L,50.898942,4.523300,0, ,0.0,0.0,249.0,5.8,1,218,0,0,0,0,3,1
CA,0,249.0,2,700,0,0,0,0,0,0
VM,0,0,1,105.0,1,4000,0,1,185,0,0,0

APPTR,R25R,25R,ANT
IF,ANT,51.190472,4.472583, ,0.0,0.0,2,8000,0,0,0,0,1,0
TF,BUN,51.118611,4.842222,0, ,0.0,0.0,0.0,0.0,0,0,0,0,0,0,0,0
TF,NAXOD,51.017056,4.865083,0, ,0.0,0.0,0.0,0.0,0,0,0,0,0,0,0,0
TF,UVETI,50.987222,4.761639,0, ,0.0,0.0,0.0,0.0,2,2000,0,0,0,0,1,0

APPTR,R25R,25R,FLO
IF,FLO,50.876667,5.134444, ,0.0,0.0,2,6000,0,0,0,0,1,0
TF,DIKBO,50.980333,4.876139,0, ,0.0,0.0,0.0,0.0,2,3000,0,0,0,0,0,0
TF,UVETI,50.987222,4.761639,0, ,0.0,0.0,0.0,0.0,2,2000,0,0,0,0,1,0

APPTR,R25R,25R,KERKY
IF,KERKY,50.926944,3.992611, ,0.0,0.0,2,4000,0,0,0,0,1,0
TF,OKLUP,51.090361,4.714583,0, ,0.0,0.0,0.0,0.0,0,0,0,0,0,0,0,0
TF,BUN,51.118611,4.842222,0, ,0.0,0.0,0.0,0.0,0,0,0,0,0,0,0,0
TF,NAXOD,51.017056,4.865083,2, ,0.0,0.0,0.0,0.0,0,0,0,0,0,0,0,0
TF,UVETI,50.987222,4.761639,0, ,0.0,0.0,0.0,0.0,2,2000,0,0,0,0,1,0

FINAL,R25R,25R,R,3
IF,UVETI,50.987222,4.761639, ,0.0,0.0,2,2000,0,0,0,0,0,0
TF,B25RF,50.952639,4.641722,0, ,0.0,0.0,244.0,5.0,1,2000,0,0,0,0,2,0
TF,RW25R,50.911544,4.499389,0, ,0.0,0.0,244.0,5.9,1,164,0,0,0,0,3,1
CA,0,244.0,2,700,0,0,0,0,0,0
VM,0,0,2,15.0,1,3000,0,0,0,0,0,0

