SID,BAMK6W,28,5
DF,ERT,50.982603,10.922967,0, ,0.0,0.0,2,1500,0,0,0,0,0,0
TF,DE281,50.992872,10.793214,0, ,0.0,0.0,0.0,0.0,0,0,0,0,0,0,0,1
DF,DE284,51.066292,10.771169,2, ,0.0,0.0,0,0,0,0,0,0,0,0
TF,DE285,51.113008,10.908703,0, ,0.0,0.0,0.0,0.0,0,0,0,0,0,0,0,0
TF,ERF,50.950869,11.236683,0, ,0.0,0.0,0.0,0.0,0,0,0,0,0,0,0,0
TF,BAMKI,50.718064,11.020208,0, ,0.0,0.0,0.0,0.0,0,0,0,0,0,0,0,0

SID,BAMK7E,10,5
CA,0,95.0,2,1500,0,0,0,0,0,0
DF,DE103,50.959767,11.152831,0, ,0.0,0.0,0,0,0,0,0,0,0,1
DF,DE104,50.904628,11.193483,0, ,0.0,0.0,0,0,0,0,0,0,0,0
TF,DE107,50.836108,11.129653,0, ,0.0,0.0,0.0,0.0,2,5000,0,0,0,0,0,0
TF,BAMKI,50.718064,11.020208,0, ,0.0,0.0,0.0,0.0,0,0,0,0,0,0,0,0

SID,ERSI4N,28,5
DF,ERT,50.982603,10.922967,0, ,0.0,0.0,2,1500,0,0,0,0,0,0
TF,DE281,50.992872,10.793214,0, ,0.0,0.0,0.0,0.0,0,0,0,0,0,0,0,1
DF,DE282,51.070761,10.808475,2, ,0.0,0.0,0,0,0,0,0,0,0,0
TF,DE283,51.060494,10.938542,0, ,0.0,0.0,0.0,0.0,0,0,0,0,0,0,0,1
DF,ERT,50.982603,10.922967,2, ,0.0,0.0,0,0,0,0,0,0,0,0
TF,ERSIL,51.050581,10.286603,0, ,0.0,0.0,0.0,0.0,0,0,0,0,0,0,0,0

SID,ERSI4W,28,5
DF,ERT,50.982603,10.922967,0, ,0.0,0.0,2,1500,0,0,0,0,0,0
TF,BETKO,50.985158,10.553056,0, ,0.0,0.0,0.0,0.0,0,0,0,0,0,0,0,0
TF,ERSIL,51.050581,10.286603,0, ,0.0,0.0,0.0,0.0,0,0,0,0,0,0,0,0

SID,ERSI6E,10,5
CA,0,95.0,2,1500,0,0,0,0,0,0
DF,DE101,50.969297,11.062319,0, ,0.0,0.0,0,0,0,0,0,0,0,1
FA,DE101,50.969297,11.062319,0,ERF,0.0,0.0,98.0,2,3000,0,0,0,0,0,0
DF,DE102,51.019856,11.097647,1, ,0.0,0.0,0,0,0,0,0,0,0,0
TF,TURAP,51.081956,10.971839,0, ,0.0,0.0,0.0,0.0,2,3900,0,0,0,0,0,0
TF,ANIBI,51.099783,10.745817,0, ,0.0,0.0,0.0,0.0,0,0,0,0,0,0,0,0
TF,ERSIL,51.050581,10.286603,0, ,0.0,0.0,0.0,0.0,0,0,0,0,0,0,0,0

SID,LAST5E,10,5
CA,0,95.0,2,1500,0,0,0,0,0,0
DF,DE105,50.961306,11.138275,0, ,0.0,0.0,0,0,0,0,0,0,0,1
DF,DE106,51.008417,11.196097,1, ,0.0,0.0,0,0,0,0,0,0,0,0
TF,LASTO,51.129025,11.110664,0, ,0.0,0.0,0.0,0.0,0,0,0,0,0,0,0,0

SID,LAST6W,28,5
DF,ERT,50.982603,10.922967,0, ,0.0,0.0,2,1500,0,0,0,0,0,0
TF,DE286,50.982972,10.878567,0, ,0.0,0.0,0.0,0.0,0,0,0,0,0,0,0,1
DF,DE289,51.037014,10.868556,2, ,0.0,0.0,0,0,0,0,0,0,0,0
TF,DE290,51.045647,10.923525,0, ,0.0,0.0,0.0,0.0,0,0,0,0,0,0,0,0
TF,LASTO,51.129025,11.110664,0, ,0.0,0.0,0.0,0.0,0,0,0,0,0,0,0,0

SID,PILA3E,10,5
CA,0,95.0,2,1500,0,0,0,0,0,0
DF,DE103,50.959767,11.152831,0, ,0.0,0.0,0,0,0,0,0,0,0,1
DF,DE104,50.904628,11.193483,2, ,0.0,0.0,0,0,0,0,0,0,0,0
TF,DE107,50.836108,11.129653,0, ,0.0,0.0,0.0,0.0,2,5000,0,0,0,0,0,0
TF,BAMKI,50.718064,11.020208,0, ,0.0,0.0,0.0,0.0,2,7000,0,0,0,0,0,0
TF,PILAM,50.435122,10.711022,0, ,0.0,0.0,0.0,0.0,0,0,0,0,0,0,0,0

SID,PILA3W,28,5
DF,ERT,50.982603,10.922967,0, ,0.0,0.0,2,1500,0,0,0,0,0,0
TF,ABGOT,50.984700,10.634372,0, ,0.0,0.0,0.0,0.0,2,5000,0,0,0,0,0,0
TF,ORTUV,50.836636,10.578836,0, ,0.0,0.0,0.0,0.0,2,7000,0,0,0,0,0,0
TF,PILAM,50.435122,10.711022,0, ,0.0,0.0,0.0,0.0,0,0,0,0,0,0,0,0

SID,SOMI4E,10,5
CA,0,95.0,2,1500,0,0,0,0,0,0
DF,DE105,50.961306,11.138275,0, ,0.0,0.0,0,0,0,0,0,0,0,1
DF,DE106,51.008417,11.196097,1, ,0.0,0.0,0,0,0,0,0,0,0,0
TF,SOMIX,51.255281,11.020711,0, ,0.0,0.0,0.0,0.0,0,0,0,0,0,0,0,0

SID,SOMI7W,28,5
DF,ERT,50.982603,10.922967,0, ,0.0,0.0,2,1500,0,0,0,0,0,0
TF,DE286,50.982972,10.878567,0, ,0.0,0.0,0.0,0.0,0,0,0,0,0,0,0,1
DF,DE287,51.033925,10.856744,2, ,0.0,0.0,0,0,0,0,0,0,0,0
TF,DE288,51.075417,10.956150,0, ,0.0,0.0,0.0,0.0,0,0,0,0,0,0,0,0
TF,SOMIX,51.255281,11.020711,0, ,0.0,0.0,0.0,0.0,0,0,0,0,0,0,0,0

SID,TABA3E,10,5
CA,0,95.0,2,1500,0,0,0,0,0,0
DF,ERF,50.950869,11.236683,0, ,0.0,0.0,0,0,0,0,0,0,0,0
TF,DE108,50.830783,11.327422,0, ,0.0,0.0,0.0,0.0,2,5000,0,0,0,0,0,0
TF,TABAT,50.558475,11.531250,0, ,0.0,0.0,0.0,0.0,0,0,0,0,0,0,0,0

SID,TABA3W,28,5
DF,ERT,50.982603,10.922967,0, ,0.0,0.0,2,1500,0,0,0,0,0,0
TF,DE281,50.992872,10.793214,0, ,0.0,0.0,0.0,0.0,0,0,0,0,0,0,0,1
DF,DE284,51.066292,10.771169,2, ,0.0,0.0,0,0,0,0,0,0,0,0
TF,DE285,51.113008,10.908703,0, ,0.0,0.0,0.0,0.0,0,0,0,0,0,0,0,0
TF,ERF,50.950869,11.236683,0, ,0.0,0.0,0.0,0.0,2,5000,0,0,0,0,0,0
TF,TABAT,50.558475,11.531250,0, ,0.0,0.0,0.0,0.0,0,0,0,0,0,0,0,0

APPTR,D28,28,ERF
IF,ERF,50.950869,11.236683, ,0.0,0.0,2,5000,0,0,0,0,1,0
FD,ERF,50.950869,11.236683,0,ERF,0.0,4.5,57.0,4.5,2,4000,0,0,0,0,0,0
CF,ERF,50.950869,11.236683,2,ERF,0.0,0.0,277.0,5.0,2,4000,0,0,0,0,0,0

APPTR,D28,28,ROBEL
FD,ROBEL,50.897500,10.435050,0,ERF,262.3,5.0,82.0,5.0,2,6000,0,0,0,0,1,0
CF,ERF,50.950869,11.236683,0,ERF,0.0,0.0,82.0,5.0,2,5000,0,0,0,0,0,0
FD,ERF,50.950869,11.236683,0,ERF,0.0,4.5,57.0,4.5,2,4000,0,0,0,0,0,0
CF,ERF,50.950869,11.236683,2,ERF,0.0,0.0,277.0,5.0,2,4000,0,0,0,0,0,0

FINAL,D28,28,D,4
IF,ERF,50.950869,11.236683,ERF,0.0,0.0,2,4000,0,0,0,0,2,0
CF,70DM2,50.960594,11.139053,0,ERF,277.0,3.8,277.0,3.8,2,2940,0,0,0,0,0,0
CF,33DME,50.970133,11.042419,0,ERF,277.0,7.5,277.0,3.7,2,1860,0,0,0,0,0,0
CF,MD28,50.975017,10.992653,0,ERF,277.0,9.4,277.0,1.9,1,1290,0,0,0,0,3,0
CA,0,277.0,2,1440,0,0,0,0,0,0
CF,DE491,50.987161,10.865650,0,ERF,277.0,14.2,275.0,4.0,2,2500,0,0,0,0,0,1
CI,2, ,0.0,70.0,0,0,0,0,0,0,0,0
CF,DE494,51.039017,11.012767,0,ERF,300.0,10.0,119.0,6.0,2,4000,0,0,0,0,0,0
CF,ERF,50.950869,11.236683,0,ERF,0.0,0.0,119.0,10.0,1,5000,0,0,0,0,0,0

APPTR,I10,10,ERF
IF,ERF,50.950869,11.236683, ,0.0,0.0,0,0,0,0,0,0,1,0
FD,ERF,50.950869,11.236683,0,ERF,0.0,15.0,284.0,15.0,1,5000,0,0,0,0,0,0
CF,D284V,51.050933,10.675592,0,ERF,284.0,22.1,284.0,7.1,0,0,0,0,0,0,0,1
CF,BULEM,51.000203,10.699278,1,IERE,275.2,10.7,95.0,2.0,2,4000,0,0,0,0,0,0

APPTR,I10,10,NAR10
IF,NARUS,50.668306,11.181544, ,0.0,0.0,0,0,0,0,0,0,0,0
TF,DE470,50.841872,10.999136,0, ,0.0,0.0,0.0,0.0,2,8000,0,0,0,0,0,0
TF,DE453,50.897256,10.940578,0, ,0.0,0.0,0.0,0.0,0,0,0,0,0,0,0,0
TF,DE452,50.909364,10.787792,0, ,0.0,0.0,0.0,0.0,2,7000,0,0,0,0,0,0
TF,DE451,50.917533,10.683178,0, ,0.0,0.0,0.0,0.0,0,0,0,0,0,0,0,0
TF,DE450,50.925606,10.578528,0, ,0.0,0.0,0.0,0.0,0,0,0,0,0,0,0,0
TF,DE430,51.008292,10.594431,0, ,0.0,0.0,0.0,0.0,0,0,0,0,0,0,0,0
CF,BULEM,51.000203,10.699278,2,IERE,275.2,10.7,95.0,4.0,2,4000,0,0,0,0,0,0

APPTR,I10,10,REL10
IF,RELKO,51.059783,11.483758, ,0.0,0.0,0,0,0,0,0,0,0,0
TF,DE428,51.029156,11.381819,0, ,0.0,0.0,0.0,0.0,0,0,0,0,0,0,0,0
TF,DE426,51.041606,11.231664,0, ,0.0,0.0,0.0,0.0,0,0,0,0,0,0,0,0
TF,DE425,51.050178,11.126831,0, ,0.0,0.0,0.0,0.0,0,0,0,0,0,0,0,0
TF,DE423,51.062522,10.973725,0, ,0.0,0.0,0.0,0.0,0,0,0,0,0,0,0,0
TF,DE422,51.074672,10.820397,0, ,0.0,0.0,0.0,0.0,2,7000,0,0,0,0,0,0
TF,DE421,51.082872,10.715414,0, ,0.0,0.0,0.0,0.0,0,0,0,0,0,0,0,0
TF,DE420,51.090975,10.610392,0, ,0.0,0.0,0.0,0.0,0,0,0,0,0,0,0,0
TF,DE430,51.008292,10.594431,0, ,0.0,0.0,0.0,0.0,0,0,0,0,0,0,0,0
CF,BULEM,51.000203,10.699278,1,IERE,275.2,10.7,95.0,4.0,2,4000,0,0,0,0,0,0

APPTR,I10,10,ROB10
IF,ROBEL,50.897500,10.435050, ,0.0,0.0,2,6000,0,0,0,0,1,0
TF,DE460,50.914594,10.522189,0, ,0.0,0.0,0.0,0.0,2,6000,0,0,0,0,0,0
TF,DE450,50.925606,10.578528,0, ,0.0,0.0,0.0,0.0,0,0,0,0,0,0,0,0
TF,DE430,51.008292,10.594431,0, ,0.0,0.0,0.0,0.0,0,0,0,0,0,0,0,0
CF,BULEM,51.000203,10.699278,2,IERE,275.2,10.7,95.0,4.0,2,4000,0,0,0,0,0,0

APPTR,I10,10,ROBEL
IF,ROBEL,50.897500,10.435050, ,0.0,0.0,2,6000,0,0,0,0,1,0
CF,27ERF,50.995814,10.526486,0,ERF,274.0,27.1,28.0,6.9,2,6000,0,0,0,0,0,1
CF,D275O,51.008586,10.590678,0,ERF,276.3,24.7,95.0,2.0,2,5000,0,0,0,0,0,0
CF,BULEM,51.000203,10.699278,0,IERE,275.2,10.7,95.0,4.2,2,4000,0,0,0,0,0,0

FINAL,I10,10,I,3
IF,BULEM,51.000203,10.699278,IERE,275.2,10.7,2,4000,0,0,0,0,0,0
CF,FI10,50.994378,10.773986,0,IERE,275.2,7.9,95.0,2.9,1,3090,0,0,0,0,2,0
CF,RW10,50.981278,10.939733,0,IERE,275.2,1.5,95.0,6.3,1,1076,0,0,0,0,3,0
CA,0,95.0,2,1440,0,0,0,0,0,0
CF,ERF,50.950869,11.236683,0,ERF,0.0,0.0,97.0,11.0,1,5000,0,0,0,0,0,0

APPTR,I28,28,ERF
IF,ERF,50.950869,11.236683, ,0.0,0.0,2,5000,0,0,0,0,1,0
FD,ERF,50.950869,11.236683,0,ERF,0.0,4.6,50.0,4.6,2,4000,0,0,0,0,0,0
CF,ENORO,50.959011,11.214603,2,IERW,95.2,10.7,275.0,6.0,2,4000,0,0,0,0,0,0

APPTR,I28,28,NAR28
IF,NARUS,50.668306,11.181544, ,0.0,0.0,0,0,0,0,0,0,0,0
TF,DE480,50.819672,10.966039,0, ,0.0,0.0,0.0,0.0,2,8000,0,0,0,0,0,0
TF,DE454,50.894022,10.980939,0, ,0.0,0.0,0.0,0.0,2,7000,0,0,0,0,0,0
TF,DE455,50.884958,11.093139,0, ,0.0,0.0,0.0,0.0,0,0,0,0,0,0,0,0
TF,DE456,50.876417,11.197603,0, ,0.0,0.0,0.0,0.0,0,0,0,0,0,0,0,0
TF,DE457,50.864011,11.347231,0, ,0.0,0.0,0.0,0.0,0,0,0,0,0,0,0,0
TF,DE437,50.946583,11.364494,0, ,0.0,0.0,0.0,0.0,0,0,0,0,0,0,0,0
CF,ENORO,50.959011,11.214603,1,IERW,95.2,10.7,275.0,5.7,2,4000,0,0,0,0,0,0

APPTR,I28,28,REL28
IF,RELKO,51.059783,11.483758, ,0.0,0.0,2,5000,0,0,0,0,0,0
TF,DE410,50.986247,11.406200,0, ,0.0,0.0,0.0,0.0,2,5000,0,0,0,0,0,0
TF,DE437,50.946583,11.364494,0, ,0.0,0.0,0.0,0.0,0,0,0,0,0,0,0,0
CF,ENORO,50.959011,11.214603,0,IERW,95.2,10.7,275.0,5.7,2,4000,0,0,0,0,0,0

APPTR,I28,28,ROB28
IF,ROBEL,50.897500,10.435050, ,0.0,0.0,0,0,0,0,0,0,0,0
TF,DE450,50.925606,10.578528,0, ,0.0,0.0,0.0,0.0,0,0,0,0,0,0,0,0
TF,DE451,50.917533,10.683178,0, ,0.0,0.0,0.0,0.0,0,0,0,0,0,0,0,0
TF,DE452,50.909364,10.787792,0, ,0.0,0.0,0.0,0.0,0,0,0,0,0,0,0,0
TF,DE454,50.894022,10.980939,0, ,0.0,0.0,0.0,0.0,2,7000,0,0,0,0,0,0
TF,DE455,50.884958,11.093139,0, ,0.0,0.0,0.0,0.0,0,0,0,0,0,0,0,0
TF,DE456,50.876417,11.197603,0, ,0.0,0.0,0.0,0.0,0,0,0,0,0,0,0,0
TF,DE457,50.864011,11.347231,0, ,0.0,0.0,0.0,0.0,0,0,0,0,0,0,0,0
TF,DE437,50.946583,11.364494,0, ,0.0,0.0,0.0,0.0,0,0,0,0,0,0,0,0
CF,ENORO,50.959011,11.214603,1,IERW,95.2,10.7,275.0,5.7,2,4000,0,0,0,0,0,0

APPTR,I28,28,ROBEL
FD,ROBEL,50.897500,10.435050,0,ERF,262.3,5.0,82.0,5.0,0,0,0,0,0,0,1,0
CF,ERF,50.950869,11.236683,0,ERF,0.0,0.0,82.0,5.0,2,5000,0,0,0,0,0,0
FD,ERF,50.950869,11.236683,0,ERF,0.0,4.6,50.0,4.6,2,4000,0,0,0,0,0,0
CF,ENORO,50.959011,11.214603,2,IERW,95.2,10.7,275.0,6.0,2,4000,0,0,0,0,0,0

FINAL,I28,28,I,3
IF,ENORO,50.959011,11.214603,IERW,95.2,10.7,2,4000,0,0,0,0,0,0
CF,FI28,50.965122,11.140050,0,IERW,95.2,7.8,275.0,2.9,1,3110,0,0,0,0,2,0
CF,RW28,50.978581,10.973492,0,IERW,95.2,1.5,275.0,6.4,1,1066,0,0,0,0,3,0
CF,DE491,50.987161,10.865650,0,ERF,277.0,14.2,275.0,4.1,2,2500,0,0,0,0,0,1
CI,2, ,0.0,70.0,0,0,0,0,0,0,0,0
CF,DE494,51.039017,11.012767,0,ERF,300.0,10.0,119.0,5.0,2,4000,0,0,0,0,0,0
CF,ERF,50.950869,11.236683,0,ERF,0.0,0.0,119.0,10.0,1,5000,0,0,0,0,0,0

APPTR,Q10,10,ERF
IF,ERF,50.950869,11.236683, ,0.0,0.0,0,0,0,0,0,0,1,0
FD,ERF,50.950869,11.236683,0,ERF,0.0,15.0,284.0,15.0,1,5000,0,0,0,0,0,0
CF,D284V,51.050933,10.675592,0,ERF,284.0,22.1,284.0,7.1,0,0,0,0,0,0,0,1
CF,BULEM,51.000203,10.699278,1,ERF,276.5,20.6,95.0,2.0,1,4000,0,0,0,0,0,0

APPTR,Q10,10,ROBEL
IF,ROBEL,50.897500,10.435050, ,0.0,0.0,2,6000,0,0,0,0,1,0
CF,27ERF,50.995814,10.526486,0,ERF,274.0,27.1,28.0,6.9,2,6000,0,0,0,0,0,1
CF,D275O,51.008586,10.590678,0,ERF,276.3,24.7,95.0,2.0,2,5000,0,0,0,0,0,0
CF,BULEM,51.000203,10.699278,0,ERF,276.5,20.6,95.0,4.2,1,4000,0,0,0,0,0,0

FINAL,Q10,10,N,4
IF,BULEM,51.000203,10.699278,ERT,0.0,0.0,2,4000,0,0,0,0,2,0
CF,70DME,50.994347,10.774308,0,ERT,0.0,0.0,95.0,2.9,2,3090,0,0,0,0,0,0
CF,30DME,50.986094,10.879003,0,ERT,0.0,0.0,95.0,4.0,2,1810,0,0,0,0,0,0
CF,ERT,50.982603,10.922967,0,EFD,0.0,1.3,95.0,1.7,1,1280,0,0,0,0,3,0
CA,0,95.0,2,1440,0,0,0,0,0,0
CF,ERF,50.950869,11.236683,0,ERF,0.0,0.0,97.0,11.0,1,5000,0,0,0,0,0,0

APPTR,R10,10,ERF
IF,ERF,50.950869,11.236683, ,0.0,0.0,2,5000,0,0,0,0,1,0
TF,DE422,51.074672,10.820397,0, ,0.0,0.0,0.0,0.0,2,5000,0,0,0,0,0,0
TF,DE420,51.090975,10.610392,0, ,0.0,0.0,0.0,0.0,2,4000,0,0,0,0,0,0
TF,DE430,51.008292,10.594431,0, ,0.0,0.0,0.0,0.0,2,4000,0,0,0,0,1,0

APPTR,R10,10,NAR10
IF,NARUS,50.668306,11.181544, ,0.0,0.0,0,0,0,0,0,0,0,0
TF,DE470,50.841872,10.999136,0, ,0.0,0.0,0.0,0.0,2,8000,0,0,0,0,0,0
TF,DE453,50.897256,10.940578,0, ,0.0,0.0,0.0,0.0,0,0,0,0,0,0,0,0
TF,DE452,50.909364,10.787792,0, ,0.0,0.0,0.0,0.0,2,7000,0,0,0,0,0,0
TF,DE451,50.917533,10.683178,0, ,0.0,0.0,0.0,0.0,0,0,0,0,0,0,0,0
TF,DE450,50.925606,10.578528,0, ,0.0,0.0,0.0,4.0,0,0,0,0,0,0,0,0
TF,DE430,51.008292,10.594431,0, ,0.0,0.0,0.0,0.0,2,4000,0,0,0,0,1,0

APPTR,R10,10,REL10
IF,RELKO,51.059783,11.483758, ,0.0,0.0,0,0,0,0,0,0,0,0
TF,DE428,51.029156,11.381819,0, ,0.0,0.0,0.0,0.0,0,0,0,0,0,0,0,0
TF,DE426,51.041606,11.231664,0, ,0.0,0.0,0.0,0.0,0,0,0,0,0,0,0,0
TF,DE425,51.050178,11.126831,0, ,0.0,0.0,0.0,0.0,0,0,0,0,0,0,0,0
TF,DE423,51.062522,10.973725,0, ,0.0,0.0,0.0,0.0,0,0,0,0,0,0,0,0
TF,DE422,51.074672,10.820397,0, ,0.0,0.0,0.0,0.0,2,7000,0,0,0,0,0,0
TF,DE421,51.082872,10.715414,0, ,0.0,0.0,0.0,0.0,0,0,0,0,0,0,0,0
TF,DE420,51.090975,10.610392,0, ,0.0,0.0,0.0,0.0,0,0,0,0,0,0,0,0
TF,DE430,51.008292,10.594431,0, ,0.0,0.0,0.0,0.0,2,4000,0,0,0,0,1,0

APPTR,R10,10,ROB10
IF,ROBEL,50.897500,10.435050, ,0.0,0.0,0,0,0,0,0,0,1,0
TF,DE460,50.914594,10.522189,0, ,0.0,0.0,0.0,0.0,2,6000,0,0,0,0,0,0
TF,DE450,50.925606,10.578528,0, ,0.0,0.0,0.0,0.0,0,0,0,0,0,0,0,0
TF,DE430,51.008292,10.594431,0, ,0.0,0.0,0.0,0.0,2,4000,0,0,0,0,1,0

APPTR,R10,10,ROBEL
IF,ROBEL,50.897500,10.435050, ,0.0,0.0,2,6000,0,0,0,0,1,0
TF,DE460,50.914594,10.522189,0, ,0.0,0.0,0.0,0.0,2,6000,0,0,0,0,0,0
TF,DE450,50.925606,10.578528,0, ,0.0,0.0,0.0,0.0,2,4000,0,0,0,0,0,0
TF,DE430,51.008292,10.594431,0, ,0.0,0.0,0.0,0.0,2,4000,0,0,0,0,1,0

FINAL,R10,10,R,3
IF,DE430,51.008292,10.594431, ,0.0,0.0,2,4000,0,0,0,0,0,0
TF,BULEM,51.000203,10.699278,0, ,0.0,0.0,95.0,4.0,2,4000,0,0,0,0,2,0
TF,RW10,50.981278,10.939733,0, ,0.0,0.0,95.0,9.2,1,1076,0,0,0,0,3,1
CA,0,95.0,2,1440,0,0,0,0,0,0
CF,ERF,50.950869,11.236683,0,ERF,0.0,0.0,97.0,11.0,1,5000,0,0,0,0,0,0

APPTR,R28,28,ERF
IF,ERF,50.950869,11.236683, ,0.0,0.0,2,5000,0,0,0,0,1,0
TF,DE427,51.039667,11.255200,0, ,0.0,0.0,0.0,0.0,0,0,0,0,0,0,0,0
TF,DE428,51.029156,11.381819,0, ,0.0,0.0,0.0,0.0,2,5000,0,0,0,0,0,0
TF,DE437,50.946583,11.364494,0, ,0.0,0.0,0.0,0.0,2,4000,0,0,0,0,1,0

APPTR,R28,28,NAR28
IF,NARUS,50.668306,11.181544, ,0.0,0.0,0,0,0,0,0,0,0,0
TF,DE480,50.819672,10.966039,0, ,0.0,0.0,0.0,0.0,2,8000,0,0,0,0,0,0
TF,DE454,50.894022,10.980939,0, ,0.0,0.0,0.0,0.0,2,7000,0,0,0,0,0,0
TF,DE455,50.884958,11.093139,0, ,0.0,0.0,0.0,0.0,0,0,0,0,0,0,0,0
TF,DE456,50.876417,11.197603,0, ,0.0,0.0,0.0,0.0,0,0,0,0,0,0,0,0
TF,DE457,50.864011,11.347231,0, ,0.0,0.0,0.0,0.0,0,0,0,0,0,0,0,0
TF,DE437,50.946583,11.364494,0, ,0.0,0.0,0.0,0.0,2,4000,0,0,0,0,1,0

APPTR,R28,28,REL28
IF,RELKO,51.059783,11.483758, ,0.0,0.0,2,5000,0,0,0,0,0,0
TF,DE410,50.986247,11.406200,0, ,0.0,0.0,0.0,0.0,2,5000,0,0,0,0,0,0
TF,DE437,50.946583,11.364494,0, ,0.0,0.0,0.0,0.0,2,4000,0,0,0,0,1,0

APPTR,R28,28,ROB28
IF,ROBEL,50.897500,10.435050, ,0.0,0.0,0,0,0,0,0,0,1,0
TF,DE450,50.925606,10.578528,0, ,0.0,0.0,0.0,0.0,0,0,0,0,0,0,0,0
TF,DE451,50.917533,10.683178,0, ,0.0,0.0,0.0,0.0,0,0,0,0,0,0,0,0
TF,DE452,50.909364,10.787792,0, ,0.0,0.0,0.0,0.0,0,0,0,0,0,0,0,0
TF,DE454,50.894022,10.980939,0, ,0.0,0.0,0.0,0.0,2,7000,0,0,0,0,0,0
TF,DE455,50.884958,11.093139,0, ,0.0,0.0,0.0,0.0,0,0,0,0,0,0,0,0
TF,DE456,50.876417,11.197603,0, ,0.0,0.0,0.0,0.0,0,0,0,0,0,0,0,0
TF,DE457,50.864011,11.347231,0, ,0.0,0.0,0.0,0.0,0,0,0,0,0,0,0,0
TF,DE437,50.946583,11.364494,0, ,0.0,0.0,0.0,0.0,2,4000,0,0,0,0,1,0

APPTR,R28,28,ROBEL
IF,ROBEL,50.897500,10.435050, ,0.0,0.0,0,0,0,0,0,0,1,0
TF,DE423,51.062522,10.973725,0, ,0.0,0.0,0.0,0.0,0,0,0,0,0,0,0,0
TF,DE427,51.039667,11.255200,0, ,0.0,0.0,0.0,0.0,2,6000,0,0,0,0,0,0
TF,DE428,51.029156,11.381819,0, ,0.0,0.0,0.0,0.0,2,5000,0,0,0,0,0,0
TF,DE437,50.946583,11.364494,0, ,0.0,0.0,0.0,0.0,2,4000,0,0,0,0,1,0

FINAL,R28,28,R,3
IF,DE437,50.946583,11.364494, ,0.0,0.0,2,4000,0,0,0,0,0,0
TF,ENORO,50.959011,11.214603,0, ,0.0,0.0,275.0,5.7,2,4000,0,0,0,0,2,0
TF,RW28,50.978581,10.973492,0, ,0.0,0.0,275.0,9.2,1,1066,0,0,0,0,3,1
CF,DE491,50.987161,10.865650,0,ERF,277.0,14.2,275.0,4.1,2,2500,0,0,0,0,0,1
DF,DE492,51.051797,10.855847,2, ,0.0,0.0,0,0,0,0,0,0,0,0
TF,DE493,51.068486,10.937464,0, ,0.0,0.0,0.0,0.0,0,0,0,0,0,0,0,0
TF,DE494,51.039017,11.012767,0, ,0.0,0.0,0.0,0.0,2,4000,0,0,0,0,0,0
TF,ERF,50.950869,11.236683,0, ,0.0,0.0,0.0,0.0,1,5000,0,0,0,0,0,0

