SID,AMLU8E,05,5
CA,0,49.0,2,500,0,0,0,0,0,0
CF,HI209,53.583381,9.937647,0,HAM,235.0,11.1,49.0,4.0,2,1500,0,0,0,0,0,0
TF,HI205,53.515417,10.283089,0, ,0.0,0.0,0.0,0.0,0,0,0,0,0,0,0,0
TF,AMLUH,53.428986,10.322508,0, ,0.0,0.0,0.0,0.0,0,0,0,0,0,0,0,0

SID,AMLU8W,23,5
CA,0,229.0,2,500,0,0,0,0,0,0
CF,HI100,53.493306,9.746617,0,HAM,233.0,20.1,229.0,2.5,2,1500,0,0,0,0,0,1
DF,HI115,53.450142,9.726739,0, ,0.0,0.0,0,0,0,0,0,0,0,0
TF,HI110,53.399467,9.763358,0, ,0.0,0.0,0.0,0.0,0,0,0,0,0,0,0,0
TF,AMLUH,53.428986,10.322508,0, ,0.0,0.0,0.0,0.0,0,0,0,0,0,0,0,0

SID,BASU3E,05,5
CA,0,49.0,2,500,0,0,0,0,0,0
CF,HI200,53.564211,9.896875,0,HAM,234.6,13.2,49.0,2.0,0,0,0,0,0,0,0,1
DF,HI202,53.619864,9.847792,1, ,0.0,0.0,0,0,0,0,0,0,0,0
TF,HI210,53.566956,9.562497,0, ,0.0,0.0,0.0,0.0,2,4000,0,0,0,0,0,0
TF,HI211,53.552964,9.488125,0, ,0.0,0.0,0.0,0.0,0,0,0,0,0,0,0,0
TF,HI114,53.274967,9.235772,0, ,0.0,0.0,0.0,0.0,0,0,0,0,0,0,0,0
TF,BASUM,52.771989,8.788539,0, ,0.0,0.0,0.0,0.0,0,0,0,0,0,0,0,0

SID,BASU9W,23,5
CA,0,229.0,2,500,0,0,0,0,0,0
CF,HI103,53.488592,9.735433,0,HAM,233.0,20.5,229.0,3.0,2,1500,0,0,0,0,0,0
TF,HI116,53.445953,9.634411,0, ,0.0,0.0,0.0,0.0,2,4000,0,0,0,0,0,0
TF,HI114,53.274967,9.235772,0, ,0.0,0.0,0.0,0.0,0,0,0,0,0,0,0,0
TF,BASUM,52.771989,8.788539,0, ,0.0,0.0,0.0,0.0,0,0,0,0,0,0,0,0

SID,HAM1W,23,5
CA,0,229.0,2,500,0,0,0,0,0,0
CF,HI100,53.493306,9.746617,0,HAM,233.0,20.1,229.0,2.5,2,1500,0,0,0,0,0,1
DF,HI115,53.450142,9.726739,0, ,0.0,0.0,0,0,0,0,0,0,0,0
TF,HI110,53.399467,9.763358,0, ,0.0,0.0,0.0,0.0,0,0,0,0,0,0,0,0
TF,HI111,53.422764,10.200431,0, ,0.0,0.0,0.0,0.0,0,0,0,0,0,0,0,0
TF,HAM,53.685575,10.204997,0, ,0.0,0.0,0.0,0.0,0,0,0,0,0,0,0,0

SID,HAM9E,05,5
CA,0,49.0,2,500,0,0,0,0,0,0
CF,HI203,53.582044,9.934800,0,HAM,235.3,11.5,49.0,3.0,2,1500,0,0,0,0,0,0
TF,HAM,53.685575,10.204997,0, ,0.0,0.0,0.0,0.0,0,0,0,0,0,0,0,0

SID,IDEK5W,23,5
CA,0,229.0,2,500,0,0,0,0,0,0
CF,HI103,53.488592,9.735433,0,HAM,233.0,20.5,229.0,3.0,2,1500,0,0,0,0,0,0
TF,HI116,53.445953,9.634411,0, ,0.0,0.0,0.0,0.0,2,4000,0,0,0,0,0,0
TF,HI113,53.401150,9.529811,0, ,0.0,0.0,0.0,0.0,0,0,0,0,0,0,0,0
TF,IDEKO,52.993947,9.450494,0, ,0.0,0.0,0.0,0.0,0,0,0,0,0,0,0,0

SID,IDEK7E,05,5
CA,0,49.0,2,500,0,0,0,0,0,0
CF,HI200,53.564211,9.896875,0,HAM,234.6,13.2,49.0,2.0,0,0,0,0,0,0,0,1
DF,HI202,53.619864,9.847792,1, ,0.0,0.0,0,0,0,0,0,0,0,0
TF,HI210,53.566956,9.562497,0, ,0.0,0.0,0.0,0.0,2,4000,0,0,0,0,0,0
TF,IDEKO,52.993947,9.450494,0, ,0.0,0.0,0.0,0.0,0,0,0,0,0,0,0,0

SID,LBV1E,05,5
CA,0,49.0,2,500,0,0,0,0,0,0
CF,HI200,53.564211,9.896875,0,HAM,234.6,13.2,49.0,2.0,0,0,0,0,0,0,0,1
DF,HI208,53.620717,9.873497,1, ,0.0,0.0,0,0,0,0,0,0,0,0
TF,LBV,53.652592,9.579481,0, ,0.0,0.0,0.0,0.0,2,4000,0,0,0,0,0,0

SID,LBV1W,23,5
CA,0,229.0,2,500,0,0,0,0,0,0
CF,HI100,53.493306,9.746617,0,HAM,233.0,20.1,229.0,2.5,2,1500,0,0,0,0,0,1
DF,HI112,53.510081,9.654739,2, ,0.0,0.0,0,0,0,0,0,0,0,0
TF,LBV,53.652592,9.579481,0, ,0.0,0.0,0.0,0.0,0,0,0,0,0,0,0,0

SID,RAMA3E,05,5
CA,0,49.0,2,500,0,0,0,0,0,0
CF,HI203,53.582044,9.934800,0,HAM,235.3,11.5,49.0,3.0,2,1500,0,0,0,0,0,0
TF,HAM,53.685575,10.204997,0, ,0.0,0.0,0.0,0.0,0,0,0,0,0,0,0,0
TF,LYE,53.800831,10.695869,0, ,0.0,0.0,0.0,0.0,0,0,0,0,0,0,0,0
TF,RAMAR,53.710789,10.938806,0, ,0.0,0.0,0.0,0.0,0,0,0,0,0,0,0,0

SID,RAMA4W,23,5
CA,0,229.0,2,500,0,0,0,0,0,0
CF,HI100,53.493306,9.746617,0,HAM,233.0,20.1,229.0,2.5,2,1500,0,0,0,0,0,1
DF,HI115,53.450142,9.726739,0, ,0.0,0.0,0,0,0,0,0,0,0,0
TF,HI110,53.399467,9.763358,0, ,0.0,0.0,0.0,0.0,0,0,0,0,0,0,0,0
TF,HI111,53.422764,10.200431,0, ,0.0,0.0,0.0,0.0,0,0,0,0,0,0,0,0
TF,HAM,53.685575,10.204997,0, ,0.0,0.0,0.0,0.0,0,0,0,0,0,0,0,0
TF,LYE,53.800831,10.695869,0, ,0.0,0.0,0.0,0.0,0,0,0,0,0,0,0,0
TF,RAMAR,53.710789,10.938806,0, ,0.0,0.0,0.0,0.0,0,0,0,0,0,0,0,0

SID,WSN2W,23,5
CA,0,229.0,2,500,0,0,0,0,0,0
CF,HI103,53.488592,9.735433,0,HAM,233.0,20.5,229.0,3.0,2,1500,0,0,0,0,0,0
TF,HI108,53.468231,9.608806,0, ,0.0,0.0,0.0,0.0,2,4000,0,0,0,0,0,0
TF,WSN,53.347169,8.874733,0, ,0.0,0.0,0.0,0.0,0,0,0,0,0,0,0,0

SID,WSN3E,05,5
CA,0,49.0,2,500,0,0,0,0,0,0
CF,HI200,53.564211,9.896875,0,HAM,234.6,13.2,49.0,2.0,0,0,0,0,0,0,0,1
DF,HI202,53.619864,9.847792,1, ,0.0,0.0,0,0,0,0,0,0,0,0
TF,HI210,53.566956,9.562497,0, ,0.0,0.0,0.0,0.0,2,4000,0,0,0,0,0,0
TF,HI212,53.530708,9.380358,0, ,0.0,0.0,0.0,0.0,0,0,0,0,0,0,0,0
TF,WSN,53.347169,8.874733,0, ,0.0,0.0,0.0,0.0,0,0,0,0,0,0,0,0

STAR,BOGM1B,ALL,2
IF,BOGMU,53.979167,10.288794, ,0.0,0.0,0,0,0,0,0,0,0,0
TF,LBV,53.652592,9.579481,0, ,0.0,0.0,0.0,0.0,0,0,0,0,0,0,0,0

STAR,NOLG1B,ALL,2
IF,NOLGO,53.396864,10.138342, ,0.0,0.0,0,0,0,0,0,0,0,0
TF,HAM,53.685575,10.204997,0, ,0.0,0.0,0.0,0.0,0,0,0,0,0,0,0,0
TF,LBV,53.652592,9.579481,0, ,0.0,0.0,0.0,0.0,0,0,0,0,0,0,0,0

STAR,RARU1B,ALL,2
IF,RARUP,53.641803,10.677000, ,0.0,0.0,0,0,0,0,0,0,0,0
TF,HAM,53.685575,10.204997,0, ,0.0,0.0,0.0,0.0,0,0,0,0,0,0,0,0
TF,LBV,53.652592,9.579481,0, ,0.0,0.0,0.0,0.0,0,0,0,0,0,0,0,0

STAR,RIBS1B,ALL,2
IF,RIBSO,53.812767,9.340222, ,0.0,0.0,0,0,0,0,0,0,0,0
TF,TOPRA,53.833333,9.543889,0, ,0.0,0.0,0.0,0.0,0,0,0,0,0,0,0,0
TF,LBV,53.652592,9.579481,0, ,0.0,0.0,0.0,0.0,0,0,0,0,0,0,0,0

APPTR,I05,05,LBV
IF,LBV,53.652592,9.579481, ,0.0,0.0,2,4000,0,0,0,0,1,0
CF,D187H,53.521181,9.542728,0,HAM,245.6,25.7,187.0,8.0,2,4000,0,0,0,0,0,0
CF,D187L,53.450592,9.523086,0,HAM,238.2,28.2,187.0,4.3,2,3000,0,0,0,0,0,1
CF,CI05,53.422311,9.597075,1,IHFE,229.7,11.7,49.0,1.0,2,3000,0,1,210,0,0,0

FINAL,I05,05,I,3
IF,CI05,53.422311,9.597075,IHFE,229.7,11.7,2,3000,0,0,0,0,0,0
CF,ERLEK,53.433192,9.619897,0,IHFE,229.7,10.7,49.0,1.1,1,3000,0,0,0,0,2,0
CF,RW05,53.528572,9.821231,0,IHFE,229.6,1.4,49.0,9.2,1,71,0,0,0,0,3,0
CF,HI019,53.576661,9.922886,0,HAM,235.1,12.0,49.0,4.6,2,430,0,0,0,0,0,1
DF,HAM,53.685575,10.204997,0, ,0.0,0.0,1,4000,0,0,0,0,0,0

APPTR,I23,23,LBV
IF,LBV,53.652592,9.579481, ,0.0,0.0,2,4000,0,0,0,0,1,0
CF,D080P,53.687442,10.035211,0,HAM,269.1,6.1,80.0,16.4,2,3000,0,0,0,0,0,1
CF,CI23,53.644378,10.067861,2,IHFW,49.6,11.7,230.0,1.0,2,3000,0,1,210,0,0,0

FINAL,I23,23,I,3
IF,CI23,53.644378,10.067861,IHFW,49.6,11.7,2,3000,0,0,0,0,0,0
CF,TAMAB,53.634058,10.045775,0,IHFW,49.6,10.7,230.0,1.0,1,3000,0,0,0,0,2,0
CF,RW23,53.538950,9.843236,0,IHFW,49.6,1.4,230.0,9.2,1,67,0,0,0,0,3,0
CF,HI038,53.503267,9.767650,0,HAM,233.2,19.1,230.0,3.5,2,430,0,0,0,0,0,1
DF,HAM,53.685575,10.204997,1, ,0.0,0.0,1,4000,0,0,0,0,0,0

APPTR,R05,05,LBV
IF,LBV,53.652592,9.579481, ,0.0,0.0,2,4000,0,0,0,0,1,0
TF,HI010,53.525119,9.589306,0, ,0.0,0.0,0.0,0.0,2,4000,0,0,0,0,0,0
TF,HI011,53.456786,9.445856,0, ,0.0,0.0,0.0,0.0,2,3000,0,0,0,0,0,0
TF,HI015,53.391744,9.532722,0, ,0.0,0.0,0.0,0.0,2,3000,0,0,0,0,1,0

FINAL,R05,05,R,3
IF,HI015,53.391744,9.532722, ,0.0,0.0,2,3000,0,0,0,0,0,0
TF,ERLEK,53.433192,9.619897,0, ,0.0,0.0,49.0,4.0,2,3000,0,0,0,0,2,0
TF,RW05,53.528572,9.821231,0, ,0.0,0.0,49.0,9.2,1,65,0,0,0,0,3,1
CA,0,49.0,2,430,0,0,0,0,0,0
CF,HI019,53.576661,9.922886,0,HAM,235.1,12.0,49.0,3.6,0,0,0,0,0,0,0,0
TF,HAM,53.685575,10.204997,0, ,0.0,0.0,0.0,0.0,1,4000,0,0,0,0,0,0

APPTR,R23,23,LBV
IF,LBV,53.652592,9.579481, ,0.0,0.0,2,4000,0,0,0,0,1,0
TF,HI030,53.740614,10.046706,0, ,0.0,0.0,0.0,0.0,2,3000,0,0,0,0,0,0
TF,HI035,53.675347,10.133675,0, ,0.0,0.0,0.0,0.0,2,3000,0,0,0,0,1,0

FINAL,R23,23,R,3
IF,HI035,53.675347,10.133675, ,0.0,0.0,2,3000,0,0,0,0,0,0
TF,TAMAB,53.634058,10.045775,0, ,0.0,0.0,230.0,4.0,2,3000,0,0,0,0,2,0
TF,RW23,53.538950,9.843236,0, ,0.0,0.0,230.0,9.2,1,65,0,0,0,0,3,1
CA,0,230.0,2,430,0,0,0,0,0,0
CF,HI038,53.503267,9.767650,0,HAM,233.2,19.1,230.0,2.5,0,0,0,0,0,0,0,1
DF,HI039,53.466339,9.821836,1, ,0.0,0.0,0,0,0,0,0,0,0,0
TF,HAM,53.685575,10.204997,0, ,0.0,0.0,0.0,0.0,1,4000,0,0,0,0,0,0

