SID,MAMO3R,09,5
CA,0,94.0,2,1500,0,0,0,0,0,0
DF,MS090,48.890725,12.640697,0, ,0.0,0.0,0,0,0,0,0,0,0,1
DF,MS091,48.856861,12.667953,2, ,0.0,0.0,0,0,0,0,0,0,0,0
TF,MS092,48.794561,12.620008,0, ,0.0,0.0,0.0,0.0,0,0,0,0,0,0,0,0
TF,MAMOR,48.885833,12.222222,0, ,0.0,0.0,0.0,0.0,0,0,0,0,0,0,0,0

SID,MAMO4G,27,5
CA,0,274.0,2,1500,0,0,0,0,0,0
DF,MS271,48.945939,12.341650,0, ,0.0,0.0,0,0,0,0,0,0,0,0
TF,MAMOR,48.885833,12.222222,0, ,0.0,0.0,0.0,0.0,1,5000,0,0,0,0,0,0

SID,RDG4G,27,5
CA,0,274.0,2,1500,0,0,0,0,0,0
DF,MS270,48.940958,12.360453,0, ,0.0,0.0,0,0,0,0,0,0,0,1
DF,MS272,48.975300,12.356169,2, ,0.0,0.0,0,0,0,0,0,0,0,0
TF,RDG,49.040269,12.526547,0, ,0.0,0.0,0.0,0.0,1,6000,0,0,0,0,0,0

SID,RDG4R,09,5
CA,0,94.0,2,1500,0,0,0,0,0,0
DF,MS093,48.885731,12.701094,0, ,0.0,0.0,0,0,0,0,0,0,0,1
DF,MS094,48.918553,12.724506,1, ,0.0,0.0,0,0,0,0,0,0,0,0
TF,RDG,49.040269,12.526547,0, ,0.0,0.0,0.0,0.0,1,6000,0,0,0,0,0,0

SID,STAU3G,27,5
CA,0,274.0,2,1500,0,0,0,0,0,0
DF,MS270,48.940958,12.360453,0, ,0.0,0.0,0,0,0,0,0,0,0,1
DF,MS273,48.913322,12.310956,1, ,0.0,0.0,0,0,0,0,0,0,0,0
TF,MS274,48.862114,12.326339,0, ,0.0,0.0,0.0,0.0,0,0,0,0,0,0,0,0
TF,STAUB,48.785739,12.658047,0, ,0.0,0.0,0.0,0.0,0,0,0,0,0,0,0,0

SID,STAU4R,09,5
CA,0,94.0,2,1500,0,0,0,0,0,0
DF,MS095,48.887692,12.677417,0, ,0.0,0.0,0,0,0,0,0,0,0,0
TF,STAUB,48.785739,12.658047,0, ,0.0,0.0,0.0,0.0,1,5000,0,0,0,0,0,0

APPTR,R27,27,RDG
IF,RDG,49.040269,12.526547, ,0.0,0.0,2,6000,0,0,0,0,1,0
TF,STAUB,48.785739,12.658047,0, ,0.0,0.0,0.0,0.0,2,5000,0,0,0,0,0,0
TF,MS459,48.772031,12.822139,0, ,0.0,0.0,0.0,0.0,2,5000,0,0,0,0,0,0
TF,MS439,48.873953,12.841850,0, ,0.0,0.0,0.0,0.0,2,4500,0,0,0,0,1,0

APPTR,R27,27,STAUB
IF,STAUB,48.785739,12.658047, ,0.0,0.0,2,5000,0,0,0,0,1,0
TF,MS459,48.772031,12.822139,0, ,0.0,0.0,0.0,0.0,2,5000,0,0,0,0,0,0
TF,MS439,48.873953,12.841850,0, ,0.0,0.0,0.0,0.0,2,4500,0,0,0,0,1,0

FINAL,R27,27,R,3
IF,MS439,48.873953,12.841850, ,0.0,0.0,2,4500,0,0,0,0,0,0
TF,NEGOB,48.881303,12.754261,0, ,0.0,0.0,274.0,3.5,2,4000,0,0,0,0,2,0
TF,RW27,48.900136,12.525806,0, ,0.0,0.0,274.0,9.1,1,1095,0,0,0,0,3,1
TF,MS491,48.911992,12.378881,0, ,0.0,0.0,0.0,0.0,2,1460,0,0,0,0,0,1
CA,0,274.0,2,3500,0,0,0,0,0,0
DF,MS492,48.940961,12.364481,2, ,0.0,0.0,0,0,0,0,0,0,0,0
TF,RDG,49.040269,12.526547,0, ,0.0,0.0,0.0,0.0,1,6000,0,0,0,0,0,0

