SID,DOTO1N,02,5
CA,0,21.0,2,500,0,0,0,0,0,0
CF,WI400,53.583389,8.107442,0,LBV,265.0,53.3,22.0,4.0,0,0,0,0,0,0,0,1
TF,WI401,53.582750,8.167361,2, ,0.0,0.0,0.0,0.0,0,0,0,0,0,0,0,0
TF,WI402,53.490147,8.223397,0, ,0.0,0.0,0.0,0.0,0,0,0,0,0,0,0,0
TF,DOTOB,53.285739,8.064906,0, ,0.0,0.0,0.0,0.0,0,0,0,0,0,0,0,0

SID,DOTO1S,20,5
CA,0,201.0,2,500,0,0,0,0,0,0
CF,WI500,53.436325,8.007689,0,LBV,256.7,58.3,202.0,3.0,0,0,0,0,0,0,0,0
TF,WI501,53.335733,7.987789,0, ,0.0,0.0,0.0,0.0,0,0,0,0,0,0,0,0
TF,DOTOB,53.285739,8.064906,0, ,0.0,0.0,0.0,0.0,0,0,0,0,0,0,0,0

APPTR,R02,02,DOTOB
IF,DOTOB,53.285739,8.064906, ,0.0,0.0,2,4000,0,0,0,0,1,0
TF,D317D,53.330858,7.996072,0, ,0.0,0.0,0.0,0.0,2,3000,0,0,0,0,0,0
TF,WI100,53.357869,7.954775,0, ,0.0,0.0,0.0,0.0,2,2000,0,0,0,0,1,0

FINAL,R02,02,R,3
IF,WI100,53.357869,7.954775, ,0.0,0.0,2,2000,0,0,0,0,0,0
TF,XETEL,53.404189,7.985989,0, ,0.0,0.0,21.0,3.0,2,2000,0,0,0,0,2,0
TF,RW02,53.498067,8.049481,0, ,0.0,0.0,21.0,6.1,1,63,0,0,0,0,3,1
TF,WI105,53.583389,8.107442,0, ,0.0,0.0,0.0,0.0,2,420,0,0,0,0,0,1
DF,WI106,53.581067,8.159669,2, ,0.0,0.0,0,0,0,0,0,0,0,0
TF,WI107,53.318439,8.263439,0, ,0.0,0.0,0.0,0.0,0,0,0,0,0,0,0,1
TF,WI108,53.300089,8.242431,0, ,0.0,0.0,0.0,0.0,0,0,0,0,0,0,0,0
TF,DOTOB,53.285739,8.064906,0, ,0.0,0.0,0.0,0.0,1,4000,0,0,0,0,0,0

APPTR,R20,20,DOTOB
IF,DOTOB,53.285739,8.064906, ,0.0,0.0,2,4000,0,0,0,0,1,0
TF,WI200,53.627278,8.228019,0, ,0.0,0.0,0.0,0.0,2,3000,0,0,0,0,0,0
TF,WI205,53.646078,8.150189,0, ,0.0,0.0,0.0,0.0,2,2000,0,0,0,0,1,0

FINAL,R20,20,R,3
IF,WI205,53.646078,8.150189, ,0.0,0.0,2,2000,0,0,0,0,0,0
TF,NOSNO,53.599806,8.118625,0, ,0.0,0.0,201.0,3.0,2,2000,0,0,0,0,2,0
TF,RW20,53.506239,8.055019,0, ,0.0,0.0,201.0,6.1,1,68,0,0,0,0,3,1
TF,WI210,53.472256,8.032172,0, ,0.0,0.0,0.0,0.0,2,420,0,0,0,0,0,0
TF,DOTOB,53.285739,8.064906,0, ,0.0,0.0,0.0,0.0,1,4000,0,0,0,0,0,0

