SID,ASTI3N,22R,5
CD, ,0,0,0,HEL,0,0.0,219.0,2.5,2,730,0,0,0,0,0,0
CF,HK451,60.304667,24.781942,0,HEL,240.8,5.5,275.0,3.0,0,0,0,0,0,0,0,0
TF,ASTIV,60.234722,24.423889,0, ,0.0,0.0,0.0,0.0,0,0,0,1,250,0,0,0

SID,DEVK1F,22L,5
CA,0,219.0,2,730,0,0,0,0,0,0
CF,VAVIS,60.235000,24.844167,0,HEL,199.9,7.0,200.0,5.0,0,0,0,1,230,0,0,0
TF,DEVKA,60.150278,24.766944,0, ,0.0,0.0,0.0,0.0,0,0,0,1,230,0,0,0

SID,ELPE4C,04R,5
CA,0,39.0,2,730,0,0,0,0,0,0
DF,HK416,60.397931,25.127797,0, ,0.0,0.0,0,0,0,0,0,0,0,0
TF,ELPEN,60.313889,25.495833,0, ,0.0,0.0,0.0,0.0,0,0,0,1,250,0,0,0

SID,ENUT3N,22R,5
CD, ,0,0,0,HEL,0,0.0,219.0,2.5,2,730,0,0,0,0,0,0
CF,HK461,60.318261,24.773625,0,HEL,249.7,5.5,285.0,3.0,0,0,0,0,0,0,0,0
TF,HK427,60.362433,24.613744,0, ,0.0,0.0,0.0,0.0,0,0,0,1,250,0,0,0
TF,ENUTO,60.481389,24.775556,0, ,0.0,0.0,0.0,0.0,0,0,0,0,0,0,0,0

SID,ERSA3P,33,5
CA,0,325.0,2,730,0,0,0,0,0,0
CF,ERSAV,60.308333,24.578333,0,HEL,253.2,11.3,244.0,11.0,0,0,0,1,250,0,0,0

SID,GIRL3D,15,5
CA,0,145.0,2,730,0,0,0,0,0,0
CF,RIPVI,60.273333,24.585278,2,HEL,242.7,11.7,258.0,12.0,0,0,0,1,250,0,0,0
TF,GIRLA,60.190833,24.561944,0, ,0.0,0.0,0.0,0.0,0,0,0,0,0,0,0,0

SID,GOVM2D,15,5
CA,0,145.0,2,730,0,0,0,0,0,0
CF,LAVTU,60.205278,25.231667,0,HEL,125.7,11.5,119.0,7.0,0,0,0,1,250,0,0,0
TF,GOVMI,60.146389,25.349444,0, ,0.0,0.0,0.0,0.0,0,0,0,0,0,0,0,0

SID,IDMO3P,33,5
CA,0,325.0,2,730,0,0,0,0,0,0
DF,IDMOP,60.400833,25.052500,0, ,0.0,0.0,0,0,0,1,250,0,0,0

SID,LULA2C,04R,5
CA,0,39.0,2,730,0,0,0,0,0,0
DF,HK416,60.397931,25.127797,0, ,0.0,0.0,0,0,0,0,0,0,0,0
TF,LULAB,60.505833,25.131667,0, ,0.0,0.0,0.0,0.0,0,0,0,1,250,0,0,0

SID,NIDA2U,15,5
CA,0,145.0,2,730,0,0,0,0,0,0
CF,NIDAG,60.197500,24.847222,0,HEL,192.7,9.0,215.0,7.0,0,0,0,1,250,0,0,0

SID,NUTR3D,15,5
CA,0,145.0,2,730,0,0,0,0,0,0
CF,NUTRU,60.290000,25.454722,0,HEL,92.7,15.2,78.0,12.0,0,0,0,1,250,0,0,0

SID,PENA5F,22L,5
CA,0,219.0,2,730,0,0,0,0,0,0
CF,VAVIS,60.235000,24.844167,0,HEL,199.9,7.0,200.0,5.0,0,0,0,1,230,0,0,0
TF,HK418,60.198589,24.999256,1, ,0.0,0.0,0.0,0.0,2,2500,0,1,230,0,0,0
TF,PENAD,60.278333,25.493333,0, ,0.0,0.0,0.0,0.0,0,0,0,0,0,0,0,0

SID,REDB3P,33,5
CA,0,325.0,2,730,0,0,0,0,0,0
DF,REDBO,60.427222,24.864444,0, ,0.0,0.0,0,0,0,1,250,0,0,0

SID,RILB1N,22R,5
CD, ,0,0,0,HEL,0,0.0,219.0,2.5,2,730,0,0,0,0,0,0
CF,HK451,60.304667,24.781942,0,HEL,240.8,5.5,275.0,3.0,0,0,0,0,0,0,0,0
TF,ASTIV,60.234722,24.423889,0, ,0.0,0.0,0.0,0.0,0,0,0,1,250,0,0,0
TF,RILBO,60.193611,24.278611,0, ,0.0,0.0,0.0,0.0,0,0,0,0,0,0,0,0

SID,RIPV3D,15,5
CA,0,145.0,2,730,0,0,0,0,0,0
CF,RIPVI,60.273333,24.585278,2,HEL,242.7,11.7,258.0,12.0,0,0,0,1,250,0,0,0

SID,ROLA3S,04R,5
CA,0,39.0,2,730,0,0,0,0,0,0
CF,HK419,60.329842,25.181944,0,HEL,85.9,6.8,90.0,5.0,0,0,0,0,0,0,0,0
TF,ROLAT,60.299167,25.522222,0, ,0.0,0.0,0.0,0.0,0,0,0,1,250,0,0,0

SID,UNUR4Z,04L,5
CA,0,39.0,2,730,0,0,0,0,0,0
DF,HK903,60.406128,24.946428,0, ,0.0,0.0,0,0,0,0,0,0,0,0
TF,UNURU,60.464722,24.765556,0, ,0.0,0.0,0.0,0.0,0,0,0,1,250,0,0,0

SID,URED3N,22R,5
CD, ,0,0,0,HEL,0,0.0,219.0,2.5,2,730,0,0,0,0,0,0
DF,HK428,60.268200,24.772547,0, ,0.0,0.0,0,0,0,0,0,0,0,0
TF,UREDA,60.238889,24.623056,0, ,0.0,0.0,0.0,0.0,0,0,0,1,250,0,0,0

SID,VAGI1N,22R,5
CD, ,0,0,0,HEL,0,0.0,219.0,2.5,2,730,0,0,0,0,0,0
CF,HK461,60.318261,24.773625,0,HEL,249.7,5.5,285.0,3.0,0,0,0,0,0,0,0,0
TF,VAGIP,60.309722,24.422222,0, ,0.0,0.0,0.0,0.0,0,0,0,1,250,0,0,0

SID,VAMR1P,33,5
CA,0,325.0,2,730,0,0,0,0,0,0
CF,ERSAV,60.308333,24.578333,0,HEL,253.2,11.3,244.0,11.0,0,0,0,1,250,0,0,0
TF,VAMRA,60.225833,24.557500,0, ,0.0,0.0,0.0,0.0,0,0,0,0,0,0,0,0

SID,VETU3C,04R,5
CA,0,39.0,2,730,0,0,0,0,0,0
DF,HK416,60.397931,25.127797,0, ,0.0,0.0,0,0,0,0,0,0,0,0
TF,LULAB,60.505833,25.131667,0, ,0.0,0.0,0.0,0.0,0,0,0,1,250,0,0,0
TF,VETUD,60.508333,24.811389,0, ,0.0,0.0,0.0,0.0,0,0,0,0,0,0,0,0

SID,XOMR1C,04R,5
CA,0,39.0,2,730,0,0,0,0,0,0
DF,HK416,60.397931,25.127797,0, ,0.0,0.0,0,0,0,0,0,0,0,0
TF,XOMRI,60.442778,25.227222,0, ,0.0,0.0,0.0,0.0,0,0,0,1,250,0,0,0

STAR,DIVA1B,04L,5
IF,DIVAM,59.848333,23.593611, ,0.0,0.0,2,10000,0,0,0,0,0,0
TF,PEXEN,59.913056,23.824444,0, ,0.0,0.0,0.0,0.0,2,7000,0,1,250,0,0,0
TF,HK803,60.087328,24.413369,0, ,0.0,0.0,0.0,0.0,2,3500,0,1,220,0,0,0
TF,HK801,60.171947,24.596078,0, ,0.0,0.0,0.0,0.0,0,0,0,0,0,0,0,0
TF,PODOM,60.205803,24.669603,0, ,0.0,0.0,0.0,0.0,2,2300,0,1,210,0,0,0

STAR,DIVA1M,15,5
IF,DIVAM,59.848333,23.593611, ,0.0,0.0,2,10000,0,0,0,0,0,0
TF,PEXEN,59.913056,23.824444,0, ,0.0,0.0,0.0,0.0,2,7000,0,1,250,0,0,0
TF,HK804,60.101703,24.724994,0, ,0.0,0.0,0.0,0.0,2,3500,0,0,0,0,0,0
TF,HK766,60.264736,25.081922,0, ,0.0,0.0,0.0,0.0,0,0,0,0,0,0,0,0
TF,HK817,60.355242,25.126969,0, ,0.0,0.0,0.0,0.0,2,3000,0,0,0,0,0,0
TF,SUTAX,60.493961,24.984744,0, ,0.0,0.0,0.0,0.0,2,2000,0,1,220,0,0,0
TF,HK822,60.538406,24.938883,0, ,0.0,0.0,0.0,0.0,2,2000,0,1,220,0,0,0
TF,HK821,60.500814,24.788517,0, ,0.0,0.0,0.0,0.0,0,0,0,0,0,0,0,0
TF,ELKUN,60.456419,24.834528,0, ,0.0,0.0,0.0,0.0,2,2000,0,1,210,0,0,0

STAR,DIVA1R,04R,5
IF,DIVAM,59.848333,23.593611, ,0.0,0.0,2,10000,0,0,0,0,0,0
TF,PEXEN,59.913056,23.824444,0, ,0.0,0.0,0.0,0.0,2,7000,0,1,250,0,0,0
TF,HK813,60.085794,24.445669,0, ,0.0,0.0,0.0,0.0,2,3500,0,1,220,0,0,0
TF,HK811,60.137033,24.556231,0, ,0.0,0.0,0.0,0.0,0,0,0,0,0,0,0,0
TF,GEDLO,60.170911,24.629633,0, ,0.0,0.0,0.0,0.0,2,3300,0,1,210,0,0,0

STAR,DIVA1W,33,5
IF,DIVAM,59.848333,23.593611, ,0.0,0.0,2,10000,0,0,0,0,0,0
TF,PEXEN,59.913056,23.824444,0, ,0.0,0.0,0.0,0.0,2,7000,0,1,250,0,0,0
TF,HK846,60.076761,25.035922,0, ,0.0,0.0,0.0,0.0,2,3500,0,1,220,0,0,0
TF,HK861,60.114278,25.184433,0, ,0.0,0.0,0.0,0.0,0,0,0,0,0,0,0,0
TF,OBONU,60.158794,25.139372,0, ,0.0,0.0,0.0,0.0,2,3000,0,1,210,0,0,0

STAR,DIVA2A,22L,5
IF,DIVAM,59.848333,23.593611, ,0.0,0.0,2,10000,0,0,0,0,0,0
TF,PEXEN,59.913056,23.824444,0, ,0.0,0.0,0.0,0.0,2,7000,0,1,250,0,0,0
TF,HK804,60.101703,24.724994,0, ,0.0,0.0,0.0,0.0,2,3500,0,0,0,0,0,0
TF,HK891,60.314978,25.193050,0, ,0.0,0.0,0.0,0.0,0,0,0,0,0,0,0,0
TF,LUVEX,60.365211,25.304725,0, ,0.0,0.0,0.0,0.0,2,3000,0,1,220,0,0,0
TF,HK906,60.431964,25.453964,0, ,0.0,0.0,0.0,0.0,2,3000,0,1,220,0,0,0
TF,HK904,60.493631,25.341136,0, ,0.0,0.0,0.0,0.0,0,0,0,0,0,0,0,0
TF,BIMVU,60.460150,25.266267,0, ,0.0,0.0,0.0,0.0,2,3000,0,1,210,0,0,0

STAR,DIVA2V,22R,5
IF,DIVAM,59.848333,23.593611, ,0.0,0.0,2,10000,0,0,0,0,0,0
TF,PEXEN,59.913056,23.824444,0, ,0.0,0.0,0.0,0.0,2,7000,0,1,250,0,0,0
TF,HK804,60.101703,24.724994,0, ,0.0,0.0,0.0,0.0,2,3500,0,0,0,0,0,0
TF,HK881,60.429158,25.447661,0, ,0.0,0.0,0.0,0.0,2,3000,0,1,220,0,0,0
TF,HK883,60.499803,25.318344,0, ,0.0,0.0,0.0,0.0,0,0,0,0,0,0,0,0
TF,TEDMU,60.462956,25.236008,0, ,0.0,0.0,0.0,0.0,1,2000,0,1,210,0,0,0

STAR,INTO3A,22L,5
IF,INTOR,59.827778,25.186667, ,0.0,0.0,2,12000,0,0,0,0,0,0
TF,BALTI,59.904167,25.251667,0, ,0.0,0.0,0.0,0.0,0,0,0,1,250,0,0,0
TF,HK806,59.980536,25.316878,0, ,0.0,0.0,0.0,0.0,0,0,0,0,0,0,0,0
TF,HK891,60.314978,25.193050,0, ,0.0,0.0,0.0,0.0,0,0,0,0,0,0,0,0
TF,LUVEX,60.365211,25.304725,0, ,0.0,0.0,0.0,0.0,2,3000,0,1,220,0,0,0
TF,HK906,60.431964,25.453964,0, ,0.0,0.0,0.0,0.0,2,3000,0,1,220,0,0,0
TF,HK904,60.493631,25.341136,0, ,0.0,0.0,0.0,0.0,0,0,0,0,0,0,0,0
TF,BIMVU,60.460150,25.266267,0, ,0.0,0.0,0.0,0.0,2,3000,0,1,210,0,0,0

STAR,INTO3V,22R,5
IF,INTOR,59.827778,25.186667, ,0.0,0.0,2,12000,0,0,0,0,0,0
TF,BALTI,59.904167,25.251667,0, ,0.0,0.0,0.0,0.0,0,0,0,1,250,0,0,0
TF,HK806,59.980536,25.316878,0, ,0.0,0.0,0.0,0.0,0,0,0,0,0,0,0,0
TF,HK881,60.429158,25.447661,0, ,0.0,0.0,0.0,0.0,2,3000,0,1,220,0,0,0
TF,HK883,60.499803,25.318344,0, ,0.0,0.0,0.0,0.0,0,0,0,0,0,0,0,0
TF,TEDMU,60.462956,25.236008,0, ,0.0,0.0,0.0,0.0,1,2000,0,1,210,0,0,0

STAR,INTO4B,04L,5
IF,INTOR,59.827778,25.186667, ,0.0,0.0,2,12000,0,0,0,0,0,0
TF,BALTI,59.904167,25.251667,0, ,0.0,0.0,0.0,0.0,0,0,0,1,250,0,0,0
TF,HK806,59.980536,25.316878,0, ,0.0,0.0,0.0,0.0,0,0,0,0,0,0,0,0
TF,HK804,60.101703,24.724994,0, ,0.0,0.0,0.0,0.0,2,3000,0,1,220,0,0,0
TF,HK801,60.171947,24.596078,0, ,0.0,0.0,0.0,0.0,0,0,0,0,0,0,0,0
TF,PODOM,60.205803,24.669603,0, ,0.0,0.0,0.0,0.0,2,2300,0,1,210,0,0,0

STAR,INTO4R,04R,5
IF,INTOR,59.827778,25.186667, ,0.0,0.0,2,12000,0,0,0,0,0,0
TF,BALTI,59.904167,25.251667,0, ,0.0,0.0,0.0,0.0,0,0,0,1,250,0,0,0
TF,HK806,59.980536,25.316878,0, ,0.0,0.0,0.0,0.0,0,0,0,0,0,0,0,0
TF,HK901,60.071306,25.038608,0, ,0.0,0.0,0.0,0.0,0,0,0,0,0,0,0,0
TF,HK894,60.143297,24.815514,0, ,0.0,0.0,0.0,0.0,2,3300,0,1,220,0,0,0
TF,HK814,60.075706,24.668594,0, ,0.0,0.0,0.0,0.0,2,3300,0,1,220,0,0,0
TF,HK811,60.137033,24.556231,0, ,0.0,0.0,0.0,0.0,0,0,0,0,0,0,0,0
TF,GEDLO,60.170911,24.629633,0, ,0.0,0.0,0.0,0.0,2,3300,0,1,210,0,0,0

STAR,INTO4W,33,5
IF,INTOR,59.827778,25.186667, ,0.0,0.0,2,12000,0,0,0,0,0,0
TF,BALTI,59.904167,25.251667,0, ,0.0,0.0,0.0,0.0,0,0,0,1,250,0,0,0
TF,HK806,59.980536,25.316878,0, ,0.0,0.0,0.0,0.0,0,0,0,0,0,0,0,0
TF,HK861,60.114278,25.184433,0, ,0.0,0.0,0.0,0.0,0,0,0,0,0,0,0,0
TF,OBONU,60.158794,25.139372,0, ,0.0,0.0,0.0,0.0,2,3000,0,1,210,0,0,0

STAR,INTO5M,15,5
IF,INTOR,59.827778,25.186667, ,0.0,0.0,2,12000,0,0,0,0,0,0
TF,BALTI,59.904167,25.251667,0, ,0.0,0.0,0.0,0.0,0,0,0,1,250,0,0,0
TF,HK806,59.980536,25.316878,0, ,0.0,0.0,0.0,0.0,0,0,0,0,0,0,0,0
TF,HK817,60.355242,25.126969,0, ,0.0,0.0,0.0,0.0,2,3000,0,0,0,0,0,0
TF,SUTAX,60.493961,24.984744,0, ,0.0,0.0,0.0,0.0,2,2000,0,1,220,0,0,0
TF,HK822,60.538406,24.938883,0, ,0.0,0.0,0.0,0.0,2,2000,0,1,220,0,0,0
TF,HK821,60.500814,24.788517,0, ,0.0,0.0,0.0,0.0,0,0,0,0,0,0,0,0
TF,ELKUN,60.456419,24.834528,0, ,0.0,0.0,0.0,0.0,2,2000,0,1,210,0,0,0

STAR,LAKU3A,22L,5
IF,LAKUT,60.438056,23.876389, ,0.0,0.0,2,10000,0,0,0,0,0,0
TF,MAROM,60.447778,24.043611,0, ,0.0,0.0,0.0,0.0,2,7000,0,1,250,0,0,0
TF,HK886,60.493589,24.566836,0, ,0.0,0.0,0.0,0.0,0,0,0,0,0,0,0,0
TF,NODMO,60.541944,25.035178,0, ,0.0,0.0,0.0,0.0,2,3000,0,1,220,0,0,0
TF,HK907,60.560369,25.218350,0, ,0.0,0.0,0.0,0.0,2,3000,0,1,220,0,0,0
TF,HK904,60.493631,25.341136,0, ,0.0,0.0,0.0,0.0,0,0,0,0,0,0,0,0
TF,BIMVU,60.460150,25.266267,0, ,0.0,0.0,0.0,0.0,2,3000,0,1,210,0,0,0

STAR,LAKU3V,22R,5
IF,LAKUT,60.438056,23.876389, ,0.0,0.0,2,10000,0,0,0,0,0,0
TF,MAROM,60.447778,24.043611,0, ,0.0,0.0,0.0,0.0,2,7000,0,1,250,0,0,0
TF,HK886,60.493589,24.566836,0, ,0.0,0.0,0.0,0.0,2,3000,0,0,0,0,0,0
TF,ADBIX,60.537131,24.986917,0, ,0.0,0.0,0.0,0.0,2,2000,0,1,220,0,0,0
TF,HK887,60.559511,25.208428,0, ,0.0,0.0,0.0,0.0,1,2000,0,1,220,0,0,0
TF,HK883,60.499803,25.318344,0, ,0.0,0.0,0.0,0.0,0,0,0,0,0,0,0,0
TF,TEDMU,60.462956,25.236008,0, ,0.0,0.0,0.0,0.0,1,2000,0,1,210,0,0,0

STAR,LAKU5B,04L,5
IF,LAKUT,60.438056,23.876389, ,0.0,0.0,2,10000,0,0,0,0,0,0
TF,MAROM,60.447778,24.043611,0, ,0.0,0.0,0.0,0.0,2,7000,0,1,250,0,0,0
TF,VIBEP,60.459167,24.244167,0, ,0.0,0.0,0.0,0.0,0,0,0,0,0,0,0,0
TF,HK802,60.233150,24.483114,0, ,0.0,0.0,0.0,0.0,2,3000,0,1,220,0,0,0
TF,HK801,60.171947,24.596078,0, ,0.0,0.0,0.0,0.0,0,0,0,0,0,0,0,0
TF,PODOM,60.205803,24.669603,0, ,0.0,0.0,0.0,0.0,2,2300,0,1,210,0,0,0

STAR,LAKU5M,15,5
IF,LAKUT,60.438056,23.876389, ,0.0,0.0,2,10000,0,0,0,0,0,0
TF,MAROM,60.447778,24.043611,0, ,0.0,0.0,0.0,0.0,2,7000,0,1,250,0,0,0
TF,HK823,60.483347,24.555981,0, ,0.0,0.0,0.0,0.0,2,3000,0,1,220,0,0,0
TF,HK821,60.500814,24.788517,0, ,0.0,0.0,0.0,0.0,0,0,0,0,0,0,0,0
TF,ELKUN,60.456419,24.834528,0, ,0.0,0.0,0.0,0.0,2,2000,0,1,210,0,0,0

STAR,LAKU5R,04R,5
IF,LAKUT,60.438056,23.876389, ,0.0,0.0,2,10000,0,0,0,0,0,0
TF,MAROM,60.447778,24.043611,0, ,0.0,0.0,0.0,0.0,2,7000,0,1,250,0,0,0
TF,VIBEP,60.459167,24.244167,0, ,0.0,0.0,0.0,0.0,0,0,0,0,0,0,0,0
TF,HK899,60.206811,24.426161,0, ,0.0,0.0,0.0,0.0,2,3300,0,1,220,0,0,0
TF,HK811,60.137033,24.556231,0, ,0.0,0.0,0.0,0.0,0,0,0,0,0,0,0,0
TF,GEDLO,60.170911,24.629633,0, ,0.0,0.0,0.0,0.0,2,3300,0,1,210,0,0,0

STAR,LAKU5W,33,5
IF,LAKUT,60.438056,23.876389, ,0.0,0.0,2,10000,0,0,0,0,0,0
TF,MAROM,60.447778,24.043611,0, ,0.0,0.0,0.0,0.0,2,7000,0,1,250,0,0,0
TF,VIBEP,60.459167,24.244167,0, ,0.0,0.0,0.0,0.0,0,0,0,0,0,0,0,0
TF,HK862,60.356631,24.749053,0, ,0.0,0.0,0.0,0.0,0,0,0,0,0,0,0,0
TF,HK846,60.076761,25.035922,0, ,0.0,0.0,0.0,0.0,2,3500,0,1,220,0,0,0
TF,HK861,60.114278,25.184433,0, ,0.0,0.0,0.0,0.0,0,0,0,0,0,0,0,0
TF,OBONU,60.158794,25.139372,0, ,0.0,0.0,0.0,0.0,2,3000,0,1,210,0,0,0

STAR,LUSE1B,04L,5
IF,LUSEP,60.952222,25.264722, ,0.0,0.0,2,10000,0,0,0,0,0,0
TF,NAPUN,60.828056,25.272778,0, ,0.0,0.0,0.0,0.0,2,7000,0,1,250,0,0,0
TF,HK890,60.598194,25.287528,0, ,0.0,0.0,0.0,0.0,0,0,0,0,0,0,0,0
TF,HK897,60.413367,24.876642,0, ,0.0,0.0,0.0,0.0,0,0,0,0,0,0,0,0
TF,NEMVI,60.267069,24.556658,0, ,0.0,0.0,0.0,0.0,2,3000,0,1,220,0,0,0
TF,HK802,60.233150,24.483114,0, ,0.0,0.0,0.0,0.0,2,3000,0,1,220,0,0,0
TF,HK801,60.171947,24.596078,0, ,0.0,0.0,0.0,0.0,0,0,0,0,0,0,0,0
TF,PODOM,60.205803,24.669603,0, ,0.0,0.0,0.0,0.0,2,2300,0,1,210,0,0,0

STAR,LUSE1M,15,5
IF,LUSEP,60.952222,25.264722, ,0.0,0.0,2,10000,0,0,0,0,0,0
TF,NAPUN,60.828056,25.272778,0, ,0.0,0.0,0.0,0.0,2,7000,0,1,250,0,0,0
TF,HK889,60.713000,25.280186,0, ,0.0,0.0,0.0,0.0,0,0,0,0,0,0,0,0
TF,HK888,60.588511,25.140922,0, ,0.0,0.0,0.0,0.0,2,3000,0,0,0,0,0,0
TF,HK822,60.538406,24.938883,0, ,0.0,0.0,0.0,0.0,2,2000,0,1,220,0,0,0
TF,HK821,60.500814,24.788517,0, ,0.0,0.0,0.0,0.0,0,0,0,0,0,0,0,0
TF,ELKUN,60.456419,24.834528,0, ,0.0,0.0,0.0,0.0,2,2000,0,1,210,0,0,0

STAR,LUSE1R,04R,5
IF,LUSEP,60.952222,25.264722, ,0.0,0.0,2,10000,0,0,0,0,0,0
TF,NAPUN,60.828056,25.272778,0, ,0.0,0.0,0.0,0.0,2,7000,0,1,250,0,0,0
TF,HK890,60.598194,25.287528,0, ,0.0,0.0,0.0,0.0,0,0,0,0,0,0,0,0
TF,HK897,60.413367,24.876642,0, ,0.0,0.0,0.0,0.0,0,0,0,0,0,0,0,0
TF,HK899,60.206811,24.426161,0, ,0.0,0.0,0.0,0.0,2,3300,0,1,220,0,0,0
TF,HK811,60.137033,24.556231,0, ,0.0,0.0,0.0,0.0,0,0,0,0,0,0,0,0
TF,GEDLO,60.170911,24.629633,0, ,0.0,0.0,0.0,0.0,2,3300,0,1,210,0,0,0

STAR,LUSE1W,33,5
IF,LUSEP,60.952222,25.264722, ,0.0,0.0,2,10000,0,0,0,0,0,0
TF,NAPUN,60.828056,25.272778,0, ,0.0,0.0,0.0,0.0,2,7000,0,1,250,0,0,0
TF,HK863,60.331281,25.151394,0, ,0.0,0.0,0.0,0.0,0,0,0,0,0,0,0,0
TF,HK844,60.151625,25.333281,0, ,0.0,0.0,0.0,0.0,2,3000,0,1,220,0,0,0
TF,HK861,60.114278,25.184433,0, ,0.0,0.0,0.0,0.0,0,0,0,0,0,0,0,0
TF,OBONU,60.158794,25.139372,0, ,0.0,0.0,0.0,0.0,2,3000,0,1,210,0,0,0

STAR,LUSE2A,22L,5
IF,LUSEP,60.952222,25.264722, ,0.0,0.0,2,10000,0,0,0,0,0,0
TF,NAPUN,60.828056,25.272778,0, ,0.0,0.0,0.0,0.0,2,7000,0,1,250,0,0,0
TF,HK902,60.692128,25.281525,0, ,0.0,0.0,0.0,0.0,2,3000,0,1,220,0,0,0
TF,HK907,60.560369,25.218350,0, ,0.0,0.0,0.0,0.0,2,3000,0,1,220,0,0,0
TF,HK904,60.493631,25.341136,0, ,0.0,0.0,0.0,0.0,0,0,0,0,0,0,0,0
TF,BIMVU,60.460150,25.266267,0, ,0.0,0.0,0.0,0.0,2,3000,0,1,210,0,0,0

STAR,LUSE3V,22R,5
IF,LUSEP,60.952222,25.264722, ,0.0,0.0,2,10000,0,0,0,0,0,0
TF,NAPUN,60.828056,25.272778,0, ,0.0,0.0,0.0,0.0,2,7000,0,1,250,0,0,0
TF,HK902,60.692128,25.281525,0, ,0.0,0.0,0.0,0.0,2,3000,0,1,220,0,0,0
TF,HK887,60.559511,25.208428,0, ,0.0,0.0,0.0,0.0,1,2000,0,1,220,0,0,0
TF,HK883,60.499803,25.318344,0, ,0.0,0.0,0.0,0.0,0,0,0,0,0,0,0,0
TF,TEDMU,60.462956,25.236008,0, ,0.0,0.0,0.0,0.0,1,2000,0,1,210,0,0,0

STAR,MARO4B,04L,5
IF,LAKUT,60.438056,23.876389, ,0.0,0.0,2,10000,0,0,0,0,0,0
TF,MAROM,60.447778,24.043611,0, ,0.0,0.0,0.0,0.0,2,7000,0,1,250,0,0,0
TF,HK871,60.434067,24.503836,0, ,0.0,0.0,0.0,0.0,2,3000,0,0,0,0,0,0
TF,HK849,60.306292,24.592669,0, ,0.0,0.0,0.0,0.0,0,0,0,0,0,0,0,0
TF,HK851,60.211292,24.386831,0, ,0.0,0.0,0.0,0.0,1,2300,0,1,220,0,0,0
TF,HK852,60.138250,24.523147,0, ,0.0,0.0,0.0,0.0,1,2300,0,0,0,0,0,0
TF,PODOM,60.205803,24.669603,0, ,0.0,0.0,0.0,0.0,1,2300,0,1,210,0,0,0

STAR,NAPU1B,04L,5
IF,LUSEP,60.952222,25.264722, ,0.0,0.0,2,10000,0,0,0,0,0,0
TF,NAPUN,60.828056,25.272778,0, ,0.0,0.0,0.0,0.0,2,7000,0,1,250,0,0,0
TF,HK890,60.598194,25.287528,0, ,0.0,0.0,0.0,0.0,0,0,0,0,0,0,0,0
TF,HK896,60.425761,24.854236,0, ,0.0,0.0,0.0,0.0,2,3000,0,0,0,0,0,0
TF,HK849,60.306292,24.592669,0, ,0.0,0.0,0.0,0.0,0,0,0,0,0,0,0,0
TF,HK851,60.211292,24.386831,0, ,0.0,0.0,0.0,0.0,1,2300,0,1,220,0,0,0
TF,HK852,60.138250,24.523147,0, ,0.0,0.0,0.0,0.0,1,2300,0,0,0,0,0,0
TF,PODOM,60.205803,24.669603,0, ,0.0,0.0,0.0,0.0,1,2300,0,1,210,0,0,0

STAR,PEXE3V,22R,5
IF,DIVAM,59.848333,23.593611, ,0.0,0.0,2,10000,0,0,0,0,0,0
TF,PEXEN,59.913056,23.824444,0, ,0.0,0.0,0.0,0.0,2,7000,0,1,250,0,0,0
TF,KUDOP,59.979444,24.076667,0, ,0.0,0.0,0.0,0.0,0,0,0,0,0,0,0,0
TF,HK886,60.493589,24.566836,0, ,0.0,0.0,0.0,0.0,2,3000,0,0,0,0,0,0
TF,ADBIX,60.537131,24.986917,0, ,0.0,0.0,0.0,0.0,2,2000,0,1,220,0,0,0
TF,HK887,60.559511,25.208428,0, ,0.0,0.0,0.0,0.0,1,2000,0,1,220,0,0,0
TF,HK883,60.499803,25.318344,0, ,0.0,0.0,0.0,0.0,0,0,0,0,0,0,0,0
TF,TEDMU,60.462956,25.236008,0, ,0.0,0.0,0.0,0.0,1,2000,0,1,210,0,0,0

STAR,PEXE4B,04L,5
IF,DIVAM,59.848333,23.593611, ,0.0,0.0,2,10000,0,0,0,0,0,0
TF,PEXEN,59.913056,23.824444,0, ,0.0,0.0,0.0,0.0,2,7000,0,1,250,0,0,0
TF,KUDOP,59.979444,24.076667,0, ,0.0,0.0,0.0,0.0,0,0,0,0,0,0,0,0
TF,HK874,60.208042,24.169211,0, ,0.0,0.0,0.0,0.0,2,3000,0,1,220,0,0,0
TF,HK873,60.251222,24.311936,0, ,0.0,0.0,0.0,0.0,2,3000,0,0,0,0,0,0
TF,HK851,60.211292,24.386831,0, ,0.0,0.0,0.0,0.0,1,2300,0,1,220,0,0,0
TF,HK852,60.138250,24.523147,0, ,0.0,0.0,0.0,0.0,1,2300,0,0,0,0,0,0
TF,PODOM,60.205803,24.669603,0, ,0.0,0.0,0.0,0.0,1,2300,0,1,210,0,0,0

STAR,ROPA1B,04L,5
IF,ROPAM,60.133056,25.601667, ,0.0,0.0,0,0,0,1,250,0,0,0
TF,HK711,60.272164,25.098308,0, ,0.0,0.0,0.0,0.0,0,0,0,0,0,0,0,0
TF,HK804,60.101703,24.724994,0, ,0.0,0.0,0.0,0.0,2,3000,0,1,220,0,0,0
TF,HK801,60.171947,24.596078,0, ,0.0,0.0,0.0,0.0,0,0,0,0,0,0,0,0
TF,PODOM,60.205803,24.669603,0, ,0.0,0.0,0.0,0.0,2,2300,0,1,210,0,0,0

STAR,ROPA1M,15,5
IF,ROPAM,60.133056,25.601667, ,0.0,0.0,0,0,0,1,250,0,0,0
TF,HK817,60.355242,25.126969,0, ,0.0,0.0,0.0,0.0,2,3000,0,0,0,0,0,0
TF,SUTAX,60.493961,24.984744,0, ,0.0,0.0,0.0,0.0,2,2000,0,1,220,0,0,0
TF,HK822,60.538406,24.938883,0, ,0.0,0.0,0.0,0.0,2,2000,0,1,220,0,0,0
TF,HK821,60.500814,24.788517,0, ,0.0,0.0,0.0,0.0,0,0,0,0,0,0,0,0
TF,ELKUN,60.456419,24.834528,0, ,0.0,0.0,0.0,0.0,2,2000,0,1,210,0,0,0

STAR,ROPA1R,04R,5
IF,ROPAM,60.133056,25.601667, ,0.0,0.0,0,0,0,1,250,0,0,0
TF,HK711,60.272164,25.098308,0, ,0.0,0.0,0.0,0.0,0,0,0,0,0,0,0,0
TF,HK894,60.143297,24.815514,0, ,0.0,0.0,0.0,0.0,2,3300,0,1,220,0,0,0
TF,HK814,60.075706,24.668594,0, ,0.0,0.0,0.0,0.0,2,3300,0,1,220,0,0,0
TF,HK811,60.137033,24.556231,0, ,0.0,0.0,0.0,0.0,0,0,0,0,0,0,0,0
TF,GEDLO,60.170911,24.629633,0, ,0.0,0.0,0.0,0.0,2,3300,0,1,210,0,0,0

STAR,ROPA1W,33,5
IF,ROPAM,60.133056,25.601667, ,0.0,0.0,0,0,0,1,250,0,0,0
TF,HK844,60.151625,25.333281,0, ,0.0,0.0,0.0,0.0,2,3000,0,1,220,0,0,0
TF,HK861,60.114278,25.184433,0, ,0.0,0.0,0.0,0.0,0,0,0,0,0,0,0,0
TF,OBONU,60.158794,25.139372,0, ,0.0,0.0,0.0,0.0,2,3000,0,1,210,0,0,0

STAR,ROPA2A,22L,5
IF,ROPAM,60.133056,25.601667, ,0.0,0.0,0,0,0,1,250,0,0,0
TF,HK906,60.431964,25.453964,0, ,0.0,0.0,0.0,0.0,2,3000,0,1,220,0,0,0
TF,HK904,60.493631,25.341136,0, ,0.0,0.0,0.0,0.0,0,0,0,0,0,0,0,0
TF,BIMVU,60.460150,25.266267,0, ,0.0,0.0,0.0,0.0,2,3000,0,1,210,0,0,0

STAR,ROPA2V,22R,5
IF,ROPAM,60.133056,25.601667, ,0.0,0.0,0,0,0,1,250,0,0,0
TF,HK881,60.429158,25.447661,0, ,0.0,0.0,0.0,0.0,2,3000,0,1,220,0,0,0
TF,HK883,60.499803,25.318344,0, ,0.0,0.0,0.0,0.0,0,0,0,0,0,0,0,0
TF,TEDMU,60.462956,25.236008,0, ,0.0,0.0,0.0,0.0,1,2000,0,1,210,0,0,0

STAR,VEPI1B,04L,5
IF,VEPIN,60.631389,26.333056, ,0.0,0.0,2,10000,0,0,0,0,0,0
TF,MAMOP,60.575000,25.984444,0, ,0.0,0.0,0.0,0.0,2,7000,0,1,250,0,0,0
TF,HK807,60.417833,25.420361,0, ,0.0,0.0,0.0,0.0,0,0,0,0,0,0,0,0
TF,HK711,60.272164,25.098308,0, ,0.0,0.0,0.0,0.0,0,0,0,0,0,0,0,0
TF,HK804,60.101703,24.724994,0, ,0.0,0.0,0.0,0.0,2,3000,0,1,220,0,0,0
TF,HK801,60.171947,24.596078,0, ,0.0,0.0,0.0,0.0,0,0,0,0,0,0,0,0
TF,PODOM,60.205803,24.669603,0, ,0.0,0.0,0.0,0.0,2,2300,0,1,210,0,0,0

STAR,VEPI1M,15,5
IF,VEPIN,60.631389,26.333056, ,0.0,0.0,2,10000,0,0,0,0,0,0
TF,MAMOP,60.575000,25.984444,0, ,0.0,0.0,0.0,0.0,2,7000,0,1,250,0,0,0
TF,HK888,60.588511,25.140922,0, ,0.0,0.0,0.0,0.0,2,3000,0,0,0,0,0,0
TF,HK822,60.538406,24.938883,0, ,0.0,0.0,0.0,0.0,2,2000,0,1,220,0,0,0
TF,HK821,60.500814,24.788517,0, ,0.0,0.0,0.0,0.0,0,0,0,0,0,0,0,0
TF,ELKUN,60.456419,24.834528,0, ,0.0,0.0,0.0,0.0,2,2000,0,1,210,0,0,0

STAR,VEPI1R,04R,5
IF,VEPIN,60.631389,26.333056, ,0.0,0.0,2,10000,0,0,0,0,0,0
TF,MAMOP,60.575000,25.984444,0, ,0.0,0.0,0.0,0.0,2,7000,0,1,250,0,0,0
TF,HK807,60.417833,25.420361,0, ,0.0,0.0,0.0,0.0,0,0,0,0,0,0,0,0
TF,HK711,60.272164,25.098308,0, ,0.0,0.0,0.0,0.0,0,0,0,0,0,0,0,0
TF,HK894,60.143297,24.815514,0, ,0.0,0.0,0.0,0.0,2,3300,0,1,220,0,0,0
TF,HK814,60.075706,24.668594,0, ,0.0,0.0,0.0,0.0,2,3300,0,1,220,0,0,0
TF,HK811,60.137033,24.556231,0, ,0.0,0.0,0.0,0.0,0,0,0,0,0,0,0,0
TF,GEDLO,60.170911,24.629633,0, ,0.0,0.0,0.0,0.0,2,3300,0,1,210,0,0,0

STAR,VEPI1W,33,5
IF,VEPIN,60.631389,26.333056, ,0.0,0.0,2,10000,0,0,0,0,0,0
TF,MAMOP,60.575000,25.984444,0, ,0.0,0.0,0.0,0.0,2,7000,0,1,250,0,0,0
TF,HK844,60.151625,25.333281,0, ,0.0,0.0,0.0,0.0,2,3000,0,1,220,0,0,0
TF,HK861,60.114278,25.184433,0, ,0.0,0.0,0.0,0.0,0,0,0,0,0,0,0,0
TF,OBONU,60.158794,25.139372,0, ,0.0,0.0,0.0,0.0,2,3000,0,1,210,0,0,0

STAR,VEPI2A,22L,5
IF,VEPIN,60.631389,26.333056, ,0.0,0.0,2,10000,0,0,0,0,0,0
TF,MAMOP,60.575000,25.984444,0, ,0.0,0.0,0.0,0.0,2,7000,0,1,250,0,0,0
TF,HK892,60.576419,25.527364,0, ,0.0,0.0,0.0,0.0,2,3000,0,1,220,0,0,0
TF,HK904,60.493631,25.341136,0, ,0.0,0.0,0.0,0.0,0,0,0,0,0,0,0,0
TF,BIMVU,60.460150,25.266267,0, ,0.0,0.0,0.0,0.0,2,3000,0,1,210,0,0,0

STAR,VEPI2V,22R,5
IF,VEPIN,60.631389,26.333056, ,0.0,0.0,2,10000,0,0,0,0,0,0
TF,MAMOP,60.575000,25.984444,0, ,0.0,0.0,0.0,0.0,2,7000,0,1,250,0,0,0
TF,HK893,60.588150,25.516997,0, ,0.0,0.0,0.0,0.0,2,3000,0,1,220,0,0,0
TF,HK883,60.499803,25.318344,0, ,0.0,0.0,0.0,0.0,0,0,0,0,0,0,0,0
TF,TEDMU,60.462956,25.236008,0, ,0.0,0.0,0.0,0.0,1,2000,0,1,210,0,0,0

FINAL,D33,33,D,4
IF,BAMEB,60.162381,25.144711,HEL,143.5,12.0,2,3000,0,0,0,0,1,0
CF,FD33,60.235511,25.065383,0,HEL,143.5,7.0,324.0,5.0,2,2000,0,0,0,0,2,0
CF,50VOR,60.264750,25.033553,0,HEL,143.5,5.0,324.0,2.0,2,1270,0,0,0,0,0,0
CF,RW33,60.307067,24.988286,0,HEL,142.9,2.1,324.0,2.9,1,197,0,0,0,0,3,0
CA,0,324.0,2,3000,0,0,0,0,0,0
VM,0,0,0,324.0,1,3000,0,0,0,0,0,0

FINAL,I04L,04L,I,3
IF,PODOM,60.205803,24.669603,HTV,219.5,11.3,2,2300,0,0,0,0,1,0
CF,EMPEV,60.238244,24.740278,0,HTV,219.5,8.5,39.0,2.9,1,2300,0,0,0,0,2,0
CF,RW04L,60.312947,24.903869,0,HTV,219.5,1.8,39.0,6.7,1,186,0,0,0,0,3,0
CA,0,39.0,2,580,0,0,0,0,0,0
CA,0,355.0,2,3000,0,0,0,0,0,0
VM,0,0,0,355.0,1,3000,0,0,0,0,0,0

FINAL,I04R,04R,I,3
IF,GEDLO,60.170911,24.629633,HG,219.5,14.3,2,3300,0,0,0,0,1,0
CF,DIPMO,60.201886,24.696942,0,HG,219.5,11.6,39.0,2.8,1,3300,0,0,0,0,2,0
CF,RW04R,60.311292,24.936372,0,HG,219.5,1.8,39.0,9.7,1,204,0,0,0,0,3,0
CD, ,0,0,0,HG,0,0.0,39.0,3.6,2,600,0,0,0,0,0,0
CA,0,85.0,2,3000,0,0,0,0,0,0
VM,0,0,0,85.0,1,3000,0,0,0,0,0,0

FINAL,I15,15,I,3
IF,ELKUN,60.456419,24.834528,HL,325.1,10.2,2,2000,0,0,0,0,0,0
CF,OBUPU,60.413303,24.879078,0,HL,325.1,7.3,145.0,2.9,1,2000,0,0,0,0,2,0
CF,RW15,60.330275,24.964497,0,HL,325.1,1.7,145.0,5.6,1,215,0,0,0,0,3,0
CD, ,0,0,0,HL,0,0.0,145.0,2.3,0,0,0,0,0,0,0,0
CA,0,80.0,2,3000,0,0,0,0,0,0
VM,0,0,0,80.0,1,3000,0,0,0,0,0,0

FINAL,I22L,22L,I,3
IF,BIMVU,60.460150,25.266267,HK,39.5,13.6,2,3000,0,0,0,0,1,0
CF,TIXED,60.429053,25.196947,0,HK,39.5,10.8,219.0,2.8,1,3000,0,0,0,0,2,0
CF,RW22L,60.330692,24.979092,0,HK,39.5,2.1,219.0,8.7,1,204,0,0,0,0,3,0
CD, ,0,0,0,HK,0,0.0,219.0,2.5,2,600,0,0,0,0,0,0
CA,0,185.0,2,3000,0,0,0,0,0,0
VM,0,0,0,185.0,1,3000,0,0,0,0,0,0

FINAL,I22R,22R,I,3
IF,TEDMU,60.462956,25.236008,HUO,39.5,13.6,2,2000,0,0,0,0,1,0
CF,XELBU,60.393436,25.081472,0,HUO,39.5,7.4,219.0,6.2,1,2000,0,0,0,0,2,0
CF,RW22R,60.331142,24.943892,0,HUO,39.5,1.8,219.0,5.5,1,231,0,0,0,0,3,0
CA,0,219.0,2,580,0,0,0,0,0,0
CA,0,265.0,2,3000,0,0,0,0,0,0
VM,0,0,0,265.0,1,3000,0,0,0,0,0,0

FINAL,R04L,04L,R,3
IF,PODOM,60.205803,24.669603, ,0.0,0.0,2,2300,0,1,210,0,1,0
TF,HK856,60.248833,24.763392,0, ,0.0,0.0,39.0,3.8,2,2000,0,0,0,0,2,0
TF,RW04L,60.312947,24.903869,0, ,0.0,0.0,39.0,5.7,1,186,0,0,0,0,3,1
CA,0,355.0,2,3000,0,0,0,0,0,0
VM,0,0,0,355.0,1,3000,0,0,0,0,0,0

FINAL,R04R,04R,R,3
IF,GEDLO,60.170911,24.629633, ,0.0,0.0,2,3300,0,1,210,0,1,0
TF,HK860,60.244336,24.789542,0, ,0.0,0.0,39.0,6.5,2,2100,0,0,0,0,2,0
TF,RW04R,60.311292,24.936372,0, ,0.0,0.0,39.0,6.0,1,204,0,0,0,0,3,1
TF,HK866,60.353928,25.030372,0, ,0.0,0.0,0.0,0.0,0,0,0,0,0,0,0,0
CA,0,85.0,2,3000,0,0,0,0,0,0
VM,0,0,0,85.0,1,3000,0,0,0,0,0,0

FINAL,R15,15,R,3
IF,ELKUN,60.456419,24.834528, ,0.0,0.0,2,2000,0,1,210,0,1,0
TF,OBUPU,60.413303,24.879078,0, ,0.0,0.0,145.0,2.9,2,2000,0,0,0,0,2,0
TF,RW15,60.330275,24.964497,0, ,0.0,0.0,145.0,5.6,1,215,0,0,0,0,3,1
TF,HK859,60.285819,25.010031,0, ,0.0,0.0,0.0,0.0,0,0,0,0,0,0,0,0
CA,0,80.0,2,3000,0,0,0,0,0,0
VM,0,0,0,80.0,1,3000,0,0,0,0,0,0

FINAL,R22L,22L,R,3
IF,BIMVU,60.460150,25.266267, ,0.0,0.0,2,3000,0,1,210,0,1,0
TF,GUMVO,60.393917,25.118897,0, ,0.0,0.0,219.0,5.9,2,2000,0,0,0,0,2,0
TF,RW22L,60.330692,24.979092,0, ,0.0,0.0,219.0,5.6,1,204,0,0,0,0,3,1
TF,HK864,60.297006,24.904964,0, ,0.0,0.0,0.0,0.0,0,0,0,0,0,0,0,0
CA,0,185.0,2,3000,0,0,0,0,0,0
VM,0,0,0,185.0,1,3000,0,0,0,0,0,0

FINAL,R22R,22R,R,3
IF,TEDMU,60.462956,25.236008, ,0.0,0.0,2,2000,0,1,210,0,1,0
TF,XELBU,60.393436,25.081472,0, ,0.0,0.0,219.0,6.2,2,2000,0,0,0,0,2,0
TF,RW22R,60.331142,24.943892,0, ,0.0,0.0,219.0,5.6,1,231,0,0,0,0,3,1
CA,0,265.0,2,3000,0,0,0,0,0,0
VM,0,0,0,265.0,1,3000,0,0,0,0,0,0

FINAL,R33,33,R,3
IF,OBONU,60.158794,25.139372, ,0.0,0.0,2,3000,0,1,210,0,1,0
TF,HK900,60.231133,25.065853,0, ,0.0,0.0,325.0,4.9,2,2100,0,0,0,0,2,0
TF,RW33,60.307067,24.988286,0, ,0.0,0.0,325.0,5.1,1,197,0,0,0,0,3,1
CA,0,325.0,2,3000,0,0,0,0,0,0
VM,0,0,0,325.0,1,3000,0,0,0,0,0,0

