APPTR,R13,13,AGBAD
IF,AGBAD,55.702897,-6.587550, ,0.0,0.0,2,2600,0,1,185,0,1,0
TF,PI13I,55.755425,-6.473281,0, ,0.0,0.0,0.0,0.0,2,2000,0,1,185,0,1,0

APPTR,R13,13,DIBNU
IF,DIBNU,55.837097,-6.445381, ,0.0,0.0,2,3600,0,1,185,0,1,0
TF,PI13I,55.755425,-6.473281,0, ,0.0,0.0,0.0,0.0,2,2000,0,1,185,0,1,0

APPTR,R13,13,TIKTU
IF,TIKTU,55.798047,-6.599994, ,0.0,0.0,2,2000,0,1,185,0,1,0
TF,PI13I,55.755425,-6.473281,0, ,0.0,0.0,0.0,0.0,2,2000,0,1,185,0,1,0

FINAL,R13,13,R,3
IF,PI13I,55.755425,-6.473281, ,0.0,0.0,2,2000,0,1,185,0,0,0
TF,PI13F,55.727267,-6.389750,0, ,0.0,0.0,124.0,3.3,2,1600,0,1,185,0,2,0
TF,RW13,55.686342,-6.268331,0, ,0.0,0.0,124.0,4.8,1,73,0,0,0,0,3,1
TF,PIM01,55.625597,-6.089122,0, ,0.0,0.0,0.0,0.0,0,0,0,1,185,0,0,0
TF,PIM02,55.548469,-6.170422,0, ,0.0,0.0,0.0,0.0,0,0,0,1,185,0,0,0
TF,TIKTU,55.798047,-6.599994,0, ,0.0,0.0,0.0,0.0,1,2000,0,1,185,0,0,0
HM,TIKTU,55.798047,-6.599994,2, ,0.0,0.0,124.0,04.3,0,0,0,1,185,0,0,0,0

APPTR,R31,31,ERKEV
IF,ERKEV,55.660806,-5.923950, ,0.0,0.0,2,3600,0,1,185,0,1,0
TF,PI31I,55.608375,-6.038089,0, ,0.0,0.0,0.0,0.0,2,2000,0,1,185,0,1,0

APPTR,R31,31,GITVI
IF,GITVI,55.565633,-5.912108, ,0.0,0.0,2,3600,0,1,185,0,1,0
TF,PI31I,55.608375,-6.038089,0, ,0.0,0.0,0.0,0.0,2,2000,0,1,185,0,1,0

APPTR,R31,31,KELUV
IF,KELUV,55.526711,-6.065925, ,0.0,0.0,2,3600,0,1,185,0,1,0
TF,PI31I,55.608375,-6.038089,0, ,0.0,0.0,0.0,0.0,2,2000,0,1,185,0,1,0

FINAL,R31,31,R,3
IF,PI31I,55.608375,-6.038089, ,0.0,0.0,2,2000,0,1,185,0,0,0
TF,PI31F,55.636569,-6.121325,0, ,0.0,0.0,304.0,3.3,2,2000,0,1,185,0,2,0
TF,RW31,55.680508,-6.251064,0, ,0.0,0.0,304.0,5.1,1,89,0,0,0,0,3,1
TF,PIM03,55.718028,-6.362339,0, ,0.0,0.0,0.0,0.0,0,0,0,1,185,0,0,0
TF,PIM04,55.638056,-6.446878,0, ,0.0,0.0,0.0,0.0,0,0,0,1,185,0,0,0
TF,GITVI,55.565633,-5.912108,0, ,0.0,0.0,0.0,0.0,1,2500,0,1,185,0,0,0
HM,GITVI,55.565633,-5.912108,2, ,0.0,0.0,304.0,04.3,0,0,0,1,185,0,0,0,0

