SID,SID1,08,1
CA,0,84.0,2,2000,0,0,0,0,0,0
VM,0,0,0,70.0,1,19000,0,0,0,0,0,0

SID,SID1,26,1
CA,0,264.0,2,2000,0,0,0,0,0,0
VM,0,0,2,70.0,1,19000,0,0,0,0,0,0

SID,SID2,08,1
CA,0,84.0,2,2000,0,0,0,0,0,0
VM,0,0,0,100.0,1,19000,0,0,0,0,0,0

SID,SID2,26,1
CA,0,264.0,2,2000,0,0,0,0,0,0
VM,0,0,1,100.0,1,19000,0,0,0,0,0,0

SID,SID3,08,1
CA,0,84.0,2,2000,0,0,0,0,0,0
VM,0,0,0,150.0,1,19000,0,0,0,0,0,0

SID,SID3,26,1
CA,0,264.0,2,2000,0,0,0,0,0,0
VM,0,0,1,150.0,1,19000,0,0,0,0,0,0

SID,SID4,08,1
CA,0,84.0,2,2000,0,0,0,0,0,0
VM,0,0,1,320.0,1,10000,0,0,0,0,0,0

SID,SID4,26,1
CA,0,264.0,2,2000,0,0,0,0,0,0
VM,0,0,0,320.0,1,10000,0,0,0,0,0,0

APPTR,I26,26,ALPHA
IF,ALPHA,56.418503,-2.330158, ,0.0,0.0,2,4030,0,0,0,0,1,0
CF,CI26,56.400253,-2.537517,0,ILU,83.7,11.8,263.0,7.0,2,2530,0,0,0,0,1,0

FINAL,I26,26,I,3
IF,CI26,56.400253,-2.537517,ILU,83.7,11.8,2,2530,0,0,0,0,0,0
CF,FI26,56.387231,-2.703806,0,ILU,83.8,6.2,264.0,5.6,1,1530,0,0,0,0,2,0
CF,RW26,56.376378,-2.840225,0,ILU,83.8,1.6,264.0,4.6,1,75,0,0,0,0,3,0
CA,0,264.0,2,740,0,0,0,0,0,0
FM,LUK,56.372817,-2.863664,0,LUK,0.0,0.0,254.0,1,3630,0,0,0,0,0,0

APPTR,T08,08,BRAVO
IF,BRAVO,56.418503,-2.330158, ,0.0,0.0,4,19000,12000,0,0,0,1,0
CF,D083L,56.403528,-2.508133,0,LUK,83.0,12.0,263.0,6.0,0,0,0,0,0,0,0,0
CI,0, ,0.0,263.0,0,0,0,0,0,0,0,0
AF,CT08,56.352189,-3.160992,2,LUK,265.0,10.0,83.0,2,2010,0,0,0,0,1,0

FINAL,T08,08,D,3
IF,CT08,56.352189,-3.160992,LUK,265.0,10.0,2,2010,0,0,0,0,0,0
CF,FT08,56.362592,-3.012367,0,LUK,265.0,5.0,85.0,5.0,2,1540,0,0,0,0,2,0
CF,MT08,56.368747,-2.923153,0,LUK,265.0,2.0,85.0,3.0,1,576,0,0,0,0,3,0
CF,LUK,56.372817,-2.863664,0,LUK,0.0,0.0,85.0,2.0,0,0,0,0,0,0,0,0
FM,LUK,56.372817,-2.863664,0,LUK,0.0,0.0,85.0,1,3640,0,0,0,0,0,0

APPTR,T26,26,ALPHA
IF,ALPHA,56.418503,-2.330158, ,0.0,0.0,2,4030,0,0,0,0,1,0
TF,CT26,56.401008,-2.537783,0, ,0.0,0.0,0.0,0.0,2,2530,0,0,0,0,1,0

APPTR,T26,26,ECHO
IF,ECHO,56.466569,-1.735914, ,0.0,0.0,4,19000,12000,0,0,0,1,0
TF,ALPHA,56.418503,-2.330158,0, ,0.0,0.0,0.0,0.0,2,4030,0,0,0,0,0,0
TF,CT26,56.401008,-2.537783,0, ,0.0,0.0,0.0,0.0,2,2530,0,0,0,0,1,0

FINAL,T26,26,D,3
IF,CT26,56.401008,-2.537783,LUK,83.0,11.0,2,2530,0,0,0,0,0,0
CF,FT26,56.386764,-2.703744,0,LUK,83.0,5.4,263.0,5.6,2,1530,0,0,0,0,2,0
CF,MT26,56.376711,-2.819253,0,LUK,83.0,1.5,263.0,3.9,1,298,0,0,0,0,3,0
CF,LUK,56.372817,-2.863664,0,LUK,0.0,0.0,263.0,1.5,0,0,0,0,0,0,0,0
FM,LUK,56.372817,-2.863664,0,LUK,0.0,0.0,263.0,1,3630,0,0,0,0,0,0

