SID,SID07E,07,2
CD, ,0,0,0,CGY,0,0.0,73.0,2.5,0,0,0,0,0,0,0,0
CA,0,73.0,2,1200,0,0,0,0,0,0
VM,0,0,0,69.0,0,0,0,0,0,0,0,0

SID,SID07N,07,2
CD, ,0,0,0,CGY,0,0.0,73.0,2.5,0,0,0,0,0,0,0,0
CA,0,73.0,2,1200,0,0,0,0,0,0
VM,0,0,0,9.0,0,0,0,0,0,0,0,0

SID,SID25E,25,2
CD, ,0,0,0,CGY,0,0.0,253.0,2.5,0,0,0,0,0,0,0,0
CA,0,253.0,2,1200,0,0,0,0,0,0
VM,0,0,2,69.0,0,0,0,0,0,0,0,0

SID,SID25N,25,2
CD, ,0,0,0,CGY,0,0.0,253.0,2.5,0,0,0,0,0,0,0,0
CA,0,253.0,2,1200,0,0,0,0,0,0
VM,0,0,2,9.0,0,0,0,0,0,0,0,0

APPTR,T07,07,D71T1
IF,D071T,53.203739,0.351950, ,0.0,0.0,2,5000,0,0,0,0,1,0
TF,CGY,53.091042,-0.168947,0, ,0.0,0.0,0.0,0.0,2,4030,0,0,0,0,0,0
FD,CGY,53.091042,-0.168947,0,CGY,0.0,10.0,283.0,10.0,0,0,0,0,0,0,0,0
CF,FT07,53.061614,-0.350394,1,CGY,256.0,6.8,76.0,3.0,2,2030,0,0,0,0,0,0

APPTR,T07,07,D71T2
IF,D071T,53.203739,0.351950, ,0.0,0.0,2,5000,0,0,0,0,1,0
TF,CGY,53.091042,-0.168947,0, ,0.0,0.0,0.0,0.0,2,4030,0,0,0,0,0,0
FD,CGY,53.091042,-0.168947,0,CGY,0.0,10.0,267.0,10.0,0,0,0,0,0,0,0,0
CF,FT07,53.061614,-0.350394,1,CGY,256.0,6.8,76.0,3.0,2,2030,0,0,0,0,0,0

FINAL,T07,07,D,2
IF,FT07,53.061614,-0.350394,CGY,256.0,6.8,2,2030,0,0,0,0,2,0
CF,MT07,53.084572,-0.208992,0,CGY,256.0,1.5,76.0,5.3,1,356,0,0,0,0,3,0
FA,MT07,53.084572,-0.208992,0,CGY,0.0,0.0,73.0,2,2730,0,0,0,0,0,0
VM,0,0,0,69.0,2,2730,0,0,0,0,0,0

APPTR,T25,25,D071T
IF,D071T,53.203739,0.351950, ,0.0,0.0,2,5000,0,0,0,0,1,0
TF,D071M,53.164553,0.169325,0, ,0.0,0.0,0.0,0.0,2,2030,0,0,0,0,1,0
CF,FT25,53.131308,0.015658,0,CGY,71.0,7.1,251.0,5.9,2,2030,0,0,0,0,0,0

FINAL,T25,25,D,3
IF,FT25,53.131308,0.015658,CGY,71.0,7.1,2,2030,0,0,0,0,2,0
CF,40TAC,53.113761,-0.064983,0,CGY,71.0,4.0,251.0,3.1,2,1070,0,0,0,0,0,0
CF,MT25,53.102414,-0.116978,0,CGY,71.0,2.0,251.0,2.0,1,431,0,0,0,0,3,0
FA,MT25,53.102414,-0.116978,0,CGY,0.0,0.0,253.0,2,2730,0,0,0,0,0,0
VM,0,0,2,69.0,2,2730,0,0,0,0,0,0

