SID,ELTI1N,35,5
FA,RW35,51.832267,-8.485789,0,CRK,0.0,0.0,345.0,2,2500,0,0,0,0,0,0
DF,ELTIG,51.753694,-7.835000,2, ,0.0,0.0,0,0,0,0,0,0,0,0

SID,ELTI1Q,17,5
CA,0,165.0,2,1000,0,0,0,0,0,0
DF,ELTIG,51.753694,-7.835000,0, ,0.0,0.0,0,0,0,0,0,0,0,0

SID,ELTI1S,17,5
FA,RW17,51.850269,-8.496439,0,CRK,0.0,0.0,165.0,2,2500,0,0,0,0,0,0
DF,ELTIG,51.753694,-7.835000,0, ,0.0,0.0,0,0,0,0,0,0,0,0

SID,ELTI1T,35,5
CA,0,345.0,2,1000,0,0,0,0,0,0
DF,ELTIG,51.753694,-7.835000,2, ,0.0,0.0,0,0,0,0,0,0,0,0

SID,ERTE1N,35,5
FA,RW35,51.832267,-8.485789,0,CRK,0.0,0.0,345.0,2,2500,0,0,0,0,0,0
DF,EPERO,51.845778,-8.262694,2, ,0.0,0.0,0,0,0,0,0,0,0,0
TF,CKE76,51.724167,-8.059444,0, ,0.0,0.0,0.0,0.0,0,0,0,0,0,0,0,0
TF,ERTER,51.562028,-8.060222,0, ,0.0,0.0,0.0,0.0,0,0,0,0,0,0,0,0

SID,ERTE1S,17,5
FA,RW17,51.850269,-8.496439,0,CRK,0.0,0.0,165.0,2,2500,0,0,0,0,0,0
DF,ERTER,51.562028,-8.060222,0, ,0.0,0.0,0,0,0,0,0,0,0,0

SID,ERTE1T,35,5
CA,0,345.0,2,1000,0,0,0,0,0,0
DF,EPERO,51.845778,-8.262694,2, ,0.0,0.0,0,0,0,0,0,0,0,0
TF,CKE76,51.724167,-8.059444,0, ,0.0,0.0,0.0,0.0,0,0,0,0,0,0,0,0
TF,ERTER,51.562028,-8.060222,0, ,0.0,0.0,0.0,0.0,0,0,0,0,0,0,0,0

SID,GOTE1N,35,5
FA,RW35,51.832267,-8.485789,0,CRK,0.0,0.0,345.0,2,2500,0,0,0,0,0,0
DF,GOTEM,51.823889,-7.820028,2, ,0.0,0.0,0,0,0,0,0,0,0,0

SID,GOTE1Q,17,5
CA,0,165.0,2,1000,0,0,0,0,0,0
DF,GOTEM,51.823889,-7.820028,0, ,0.0,0.0,0,0,0,0,0,0,0,0

SID,GOTE1S,17,5
FA,RW17,51.850269,-8.496439,0,CRK,0.0,0.0,165.0,2,2500,0,0,0,0,0,0
DF,GOTEM,51.823889,-7.820028,1, ,0.0,0.0,0,0,0,0,0,0,0,0

SID,GOTE1T,35,5
CA,0,345.0,2,1000,0,0,0,0,0,0
DF,GOTEM,51.823889,-7.820028,2, ,0.0,0.0,0,0,0,0,0,0,0,0

SID,KURU1N,35,5
FA,RW35,51.832267,-8.485789,0,CRK,0.0,0.0,345.0,2,2500,0,0,0,0,0,0
DF,KURUM,52.228639,-8.664583,0, ,0.0,0.0,0,0,0,0,0,0,0,0

SID,KURU1Q,17,5
CA,0,165.0,2,1000,0,0,0,0,0,0
DF,LANRO,51.785111,-8.709278,2, ,0.0,0.0,0,0,0,0,0,0,0,0
TF,CKW01,51.833611,-8.844167,0, ,0.0,0.0,0.0,0.0,0,0,0,0,0,0,0,0
TF,CKW26,52.038611,-8.979722,0, ,0.0,0.0,0.0,0.0,0,0,0,0,0,0,0,0
TF,CKN27,52.129167,-8.943611,0, ,0.0,0.0,0.0,0.0,0,0,0,0,0,0,0,0
TF,KURUM,52.228639,-8.664583,0, ,0.0,0.0,0.0,0.0,0,0,0,0,0,0,0,0

SID,KURU1S,17,5
FA,RW17,51.850269,-8.496439,0,CRK,0.0,0.0,165.0,2,2500,0,0,0,0,0,0
DF,LANRO,51.785111,-8.709278,2, ,0.0,0.0,0,0,0,0,0,0,0,0
TF,CKW01,51.833611,-8.844167,0, ,0.0,0.0,0.0,0.0,0,0,0,0,0,0,0,0
TF,CKW26,52.038611,-8.979722,0, ,0.0,0.0,0.0,0.0,0,0,0,0,0,0,0,0
TF,CKN27,52.129167,-8.943611,0, ,0.0,0.0,0.0,0.0,0,0,0,0,0,0,0,0
TF,KURUM,52.228639,-8.664583,0, ,0.0,0.0,0.0,0.0,0,0,0,0,0,0,0,0

SID,ORTO1N,35,5
FA,RW35,51.832267,-8.485789,0,CRK,0.0,0.0,345.0,2,2500,0,0,0,0,0,0
DF,CKW02,51.704444,-8.766667,1, ,0.0,0.0,0,0,0,0,0,0,0,0
TF,CKS01,51.497222,-8.639167,0, ,0.0,0.0,0.0,0.0,0,0,0,0,0,0,0,0
TF,SOVIX,51.427528,-8.562667,0, ,0.0,0.0,0.0,0.0,0,0,0,0,0,0,0,0
TF,ORTOM,51.270806,-8.299361,0, ,0.0,0.0,0.0,0.0,0,0,0,0,0,0,0,0

SID,ORTO1S,17,5
FA,RW17,51.850269,-8.496439,0,CRK,0.0,0.0,165.0,2,2500,0,0,0,0,0,0
DF,ORTOM,51.270806,-8.299361,0, ,0.0,0.0,0,0,0,0,0,0,0,0

SID,SOVI1N,35,5
FA,RW35,51.832267,-8.485789,0,CRK,0.0,0.0,345.0,2,2500,0,0,0,0,0,0
DF,CKW02,51.704444,-8.766667,1, ,0.0,0.0,0,0,0,0,0,0,0,0
TF,CKS01,51.497222,-8.639167,0, ,0.0,0.0,0.0,0.0,0,0,0,0,0,0,0,0
TF,SOVIX,51.427528,-8.562667,0, ,0.0,0.0,0.0,0.0,0,0,0,0,0,0,0,0

SID,SOVI1S,17,5
FA,RW17,51.850269,-8.496439,0,CRK,0.0,0.0,165.0,2,2500,0,0,0,0,0,0
DF,SOVIX,51.427528,-8.562667,0, ,0.0,0.0,0,0,0,0,0,0,0,0

SID,TISM1N,35,5
FA,RW35,51.832267,-8.485789,0,CRK,0.0,0.0,345.0,2,2500,0,0,0,0,0,0
DF,TISMO,52.134667,-8.013167,0, ,0.0,0.0,0,0,0,0,0,0,0,0

SID,TISM1Q,17,5
CA,0,165.0,2,1000,0,0,0,0,0,0
DF,TISMO,52.134667,-8.013167,1, ,0.0,0.0,0,0,0,0,0,0,0,0

SID,TISM1S,17,5
FA,RW17,51.850269,-8.496439,0,CRK,0.0,0.0,165.0,2,2500,0,0,0,0,0,0
DF,TISMO,52.134667,-8.013167,1, ,0.0,0.0,0,0,0,0,0,0,0,0

SID,TISM1T,35,5
CA,0,345.0,2,1000,0,0,0,0,0,0
DF,TISMO,52.134667,-8.013167,0, ,0.0,0.0,0,0,0,0,0,0,0,0

SID,VAPA1N,35,5
FA,RW35,51.832267,-8.485789,0,CRK,0.0,0.0,345.0,2,2500,0,0,0,0,0,0
DF,VAPAL,51.878639,-7.821750,2, ,0.0,0.0,0,0,0,0,0,0,0,0

SID,VAPA1Q,17,5
CA,0,165.0,2,1000,0,0,0,0,0,0
DF,VAPAL,51.878639,-7.821750,0, ,0.0,0.0,0,0,0,0,0,0,0,0

SID,VAPA1S,17,5
FA,RW17,51.850269,-8.496439,0,CRK,0.0,0.0,165.0,2,2500,0,0,0,0,0,0
DF,VAPAL,51.878639,-7.821750,1, ,0.0,0.0,0,0,0,0,0,0,0,0

SID,VAPA1T,35,5
CA,0,345.0,2,1000,0,0,0,0,0,0
DF,VAPAL,51.878639,-7.821750,2, ,0.0,0.0,0,0,0,0,0,0,0,0

STAR,ELTI1G,35,5
IF,ELTIG,51.753694,-7.835000, ,0.0,0.0,2,8000,0,0,0,0,0,0
TF,ROBVO,51.684444,-8.199250,0, ,0.0,0.0,0.0,0.0,2,6000,0,0,0,0,0,0
TF,ATLAM,51.644667,-8.375361,0, ,0.0,0.0,0.0,0.0,0,0,0,1,220,0,0,0

STAR,ELTI1R,17,5
IF,ELTIG,51.753694,-7.835000, ,0.0,0.0,2,8000,0,0,0,0,0,0
TF,GIVOL,52.077889,-8.430444,0, ,0.0,0.0,0.0,0.0,2,6000,0,0,0,0,0,0
TF,BARNU,52.037750,-8.607889,0, ,0.0,0.0,0.0,0.0,0,0,0,1,220,0,0,0

STAR,ERTE1G,35,5
IF,ERTER,51.562028,-8.060222, ,0.0,0.0,2,8000,0,0,0,0,0,0
TF,ATLAM,51.644667,-8.375361,0, ,0.0,0.0,0.0,0.0,0,0,0,1,220,0,0,0

STAR,ERTE1R,17,5
IF,ERTER,51.562028,-8.060222, ,0.0,0.0,0,0,0,0,0,0,0,0
TF,EPERO,51.845778,-8.262694,0, ,0.0,0.0,0.0,0.0,2,8000,0,0,0,0,0,0
TF,GIVOL,52.077889,-8.430444,0, ,0.0,0.0,0.0,0.0,2,6000,0,0,0,0,0,0
TF,BARNU,52.037750,-8.607889,0, ,0.0,0.0,0.0,0.0,0,0,0,1,220,0,0,0

STAR,GOTE1G,35,5
IF,GOTEM,51.823889,-7.820028, ,0.0,0.0,2,8000,0,0,0,0,0,0
TF,ROBVO,51.684444,-8.199250,0, ,0.0,0.0,0.0,0.0,2,6000,0,0,0,0,0,0
TF,ATLAM,51.644667,-8.375361,0, ,0.0,0.0,0.0,0.0,0,0,0,1,220,0,0,0

STAR,GOTE1R,17,5
IF,GOTEM,51.823889,-7.820028, ,0.0,0.0,2,8000,0,0,0,0,0,0
TF,GIVOL,52.077889,-8.430444,0, ,0.0,0.0,0.0,0.0,2,6000,0,0,0,0,0,0
TF,BARNU,52.037750,-8.607889,0, ,0.0,0.0,0.0,0.0,0,0,0,1,220,0,0,0

STAR,KURU1G,35,5
IF,KURUM,52.228639,-8.664583, ,0.0,0.0,0,0,0,0,0,0,0,0
TF,TIRUK,51.997361,-8.785000,0, ,0.0,0.0,0.0,0.0,0,0,0,0,0,0,0,0
TF,LANRO,51.785111,-8.709278,0, ,0.0,0.0,0.0,0.0,0,0,0,0,0,0,0,0
TF,INSAL,51.604611,-8.551139,0, ,0.0,0.0,0.0,0.0,2,6000,0,0,0,0,0,0
TF,ATLAM,51.644667,-8.375361,0, ,0.0,0.0,0.0,0.0,0,0,0,1,220,0,0,0

STAR,KURU1R,17,5
IF,KURUM,52.228639,-8.664583, ,0.0,0.0,0,0,0,0,0,0,0,0
TF,CKN28,52.147083,-8.673333,0, ,0.0,0.0,0.0,0.0,2,6000,0,0,0,0,0,0
TF,BARNU,52.037750,-8.607889,0, ,0.0,0.0,0.0,0.0,0,0,0,1,220,0,0,0

STAR,ORTO1G,35,5
IF,ORTOM,51.270806,-8.299361, ,0.0,0.0,2,8000,0,0,0,0,0,0
TF,ATLAM,51.644667,-8.375361,0, ,0.0,0.0,0.0,0.0,0,0,0,1,220,0,0,0

STAR,ORTO1R,17,5
IF,ORTOM,51.270806,-8.299361, ,0.0,0.0,0,0,0,0,0,0,0,0
TF,SOVIX,51.427528,-8.562667,0, ,0.0,0.0,0.0,0.0,0,0,0,0,0,0,0,0
TF,LANRO,51.785111,-8.709278,0, ,0.0,0.0,0.0,0.0,2,8000,0,0,0,0,0,0
TF,TIRUK,51.997361,-8.785000,0, ,0.0,0.0,0.0,0.0,2,6000,0,0,0,0,0,0
TF,BARNU,52.037750,-8.607889,0, ,0.0,0.0,0.0,0.0,0,0,0,1,220,0,0,0

STAR,SOVI1G,35,5
IF,SOVIX,51.427528,-8.562667, ,0.0,0.0,2,8000,0,0,0,0,0,0
TF,ATLAM,51.644667,-8.375361,0, ,0.0,0.0,0.0,0.0,0,0,0,1,220,0,0,0

STAR,SOVI1R,17,5
IF,SOVIX,51.427528,-8.562667, ,0.0,0.0,0,0,0,0,0,0,0,0
TF,LANRO,51.785111,-8.709278,0, ,0.0,0.0,0.0,0.0,2,8000,0,0,0,0,0,0
TF,TIRUK,51.997361,-8.785000,0, ,0.0,0.0,0.0,0.0,2,6000,0,0,0,0,0,0
TF,BARNU,52.037750,-8.607889,0, ,0.0,0.0,0.0,0.0,0,0,0,1,220,0,0,0

STAR,TISM1G,35,5
IF,TISMO,52.134667,-8.013167, ,0.0,0.0,2,8000,0,0,0,0,0,0
TF,ROBVO,51.684444,-8.199250,0, ,0.0,0.0,0.0,0.0,2,6000,0,0,0,0,0,0
TF,ATLAM,51.644667,-8.375361,0, ,0.0,0.0,0.0,0.0,0,0,0,1,220,0,0,0

STAR,TISM1R,17,5
IF,TISMO,52.134667,-8.013167, ,0.0,0.0,2,8000,0,0,0,0,0,0
TF,GIVOL,52.077889,-8.430444,0, ,0.0,0.0,0.0,0.0,2,6000,0,0,0,0,0,0
TF,BARNU,52.037750,-8.607889,0, ,0.0,0.0,0.0,0.0,0,0,0,1,220,0,0,0

STAR,VAPA1G,35,5
IF,VAPAL,51.878639,-7.821750, ,0.0,0.0,2,8000,0,0,0,0,0,0
TF,ROBVO,51.684444,-8.199250,0, ,0.0,0.0,0.0,0.0,2,6000,0,0,0,0,0,0
TF,ATLAM,51.644667,-8.375361,0, ,0.0,0.0,0.0,0.0,0,0,0,1,220,0,0,0

STAR,VAPA1R,17,5
IF,VAPAL,51.878639,-7.821750, ,0.0,0.0,2,8000,0,0,0,0,0,0
TF,GIVOL,52.077889,-8.430444,0, ,0.0,0.0,0.0,0.0,2,6000,0,0,0,0,0,0
TF,BARNU,52.037750,-8.607889,0, ,0.0,0.0,0.0,0.0,0,0,0,1,220,0,0,0

APPTR,D07,07,UPLOM
HF,UPLOM,51.785667,-8.689972,2, ,0.0,0.0,71.0,03,2,3000,0,0,0,0,0,0,0

FINAL,D07,07,D,3
IF,UPLOM,51.785667,-8.689972,CRK,250.7,8.0,2,3000,0,0,0,0,2,0
CF,40VOR,51.813178,-8.592178,0,CRK,250.7,4.0,71.0,4.0,2,1790,0,0,0,0,0,0
CF,MD07,51.833833,-8.518814,0,CRK,251.0,0.0,71.0,3.0,1,830,0,0,0,0,3,0
CA,0,71.0,2,910,0,0,0,0,0,0
VM,0,0,0,71.0,1,3000,0,0,0,0,0,0

APPTR,D17,17,FD17
HF,FD17,51.976861,-8.555944,2, ,0.0,0.0,170.0,04.5,2,3000,0,1,220,0,0,0,0

FINAL,D17,17,D,3
IF,FD17,51.976861,-8.555944,CRK,349.4,8.5,2,3000,0,0,0,0,2,0
CF,40VO2,51.904725,-8.523244,0,CRK,349.4,4.0,170.0,4.5,2,1620,0,0,0,0,0,0
CF,MD17,51.866331,-8.505403,0,CRK,350.0,1.6,170.0,2.4,1,859,0,0,0,0,3,0
CA,0,170.0,2,910,0,0,0,0,0,0
VM,0,0,0,170.0,1,3000,0,0,0,0,0,0

APPTR,D25,25,GINGI
HF,GINGI,51.899139,-8.331528,1, ,0.0,0.0,245.0,03,2,3000,0,0,0,0,0,0,0

FINAL,D25,25,D,2
IF,GINGI,51.899139,-8.331528,CRK,64.8,7.0,2,3000,0,0,0,0,2,0
CF,MD25,51.848928,-8.470992,0,CRK,65.0,0.0,245.0,6.0,1,678,0,0,0,0,3,0
CA,0,245.0,2,910,0,0,0,0,0,0
VM,0,0,0,245.0,1,3000,0,0,0,0,0,0

APPTR,D35,35,FD35
HF,FD35,51.711028,-8.398722,1, ,0.0,0.0,341.0,04.4,2,3000,0,1,220,0,0,0,0

FINAL,D35,35,D,3
IF,FD35,51.711028,-8.398722,CRK,160.4,8.6,2,3000,0,0,0,0,2,0
CF,55VOR,51.757361,-8.432817,0,CRK,160.4,5.5,341.0,3.1,2,2080,0,0,0,0,0,0
CF,MD35,51.816275,-8.476789,0,CRK,161.0,1.6,341.0,3.9,1,839,0,0,0,0,3,0
CA,0,341.0,2,910,0,0,0,0,0,0
VM,0,0,0,341.0,1,3000,0,0,0,0,0,0

FINAL,I17,17,I,3
IF,BARNU,52.037750,-8.607889,ICS,344.9,13.3,2,3000,0,0,0,0,0,0
CF,ROVAL,51.973722,-8.569694,0,ICS,344.9,9.2,165.0,4.1,1,3000,0,0,0,0,2,0
CF,RW17,51.850269,-8.496439,0,ICS,344.9,1.3,165.0,7.9,1,534,0,0,0,0,3,0
CA,0,165.0,2,910,0,0,0,0,0,0
VM,0,0,0,165.0,1,3000,0,0,0,0,0,0

FINAL,I35,35,I,3
IF,ATLAM,51.644667,-8.375361,ICN,164.9,13.2,2,3000,0,0,0,0,0,0
CF,GOSDA,51.707778,-8.412389,0,ICN,164.9,9.2,345.0,4.0,1,3000,0,0,0,0,2,0
CF,RW35,51.832267,-8.485789,0,ICN,164.9,1.2,345.0,8.0,1,514,0,0,0,0,3,0
CA,0,345.0,2,910,0,0,0,0,0,0
VM,0,0,0,345.0,1,3000,0,0,0,0,0,0

