SID,ABID1B,28,5
CA,0,279.0,2,750,0,0,0,0,0,0
DF,DWS80,53.270278,-6.180556,1, ,0.0,0.0,0,0,0,0,0,0,0,0
TF,DW682,53.095000,-6.287778,0, ,0.0,0.0,0.0,0.0,0,0,0,0,0,0,0,0
TF,NEPOD,52.949222,-6.174944,0, ,0.0,0.0,0.0,0.0,0,0,0,0,0,0,0,0
TF,ABIDO,52.478806,-5.795583,0, ,0.0,0.0,0.0,0.0,0,0,0,0,0,0,0,0
TF,PESIT,52.399056,-5.756667,0, ,0.0,0.0,0.0,0.0,0,0,0,0,0,0,0,0

SID,ABID1H,34,5
CA,0,341.0,2,750,0,0,0,0,0,0
DF,OE,53.430167,-6.428806,1, ,0.0,0.0,0,0,0,0,0,0,0,0
TF,DWW02,53.404722,-6.530278,0, ,0.0,0.0,0.0,0.0,2,4000,0,0,0,0,0,0
TF,BAL,53.299889,-6.447778,0, ,0.0,0.0,0.0,0.0,0,0,0,0,0,0,0,0
TF,NEPOD,52.949222,-6.174944,0, ,0.0,0.0,0.0,0.0,0,0,0,0,0,0,0,0
TF,ABIDO,52.478806,-5.795583,0, ,0.0,0.0,0.0,0.0,0,0,0,0,0,0,0,0
TF,PESIT,52.399056,-5.756667,0, ,0.0,0.0,0.0,0.0,0,0,0,0,0,0,0,0

SID,ABID1P,16,5
CA,0,154.0,2,750,0,0,0,0,0,0
CF,DWS81,53.311389,-6.146111,0,DUB,156.8,12.7,154.0,8.0,0,0,0,0,0,0,0,0
TF,NEPOD,52.949222,-6.174944,0, ,0.0,0.0,0.0,0.0,0,0,0,0,0,0,0,0
TF,ABIDO,52.478806,-5.795583,0, ,0.0,0.0,0.0,0.0,0,0,0,0,0,0,0,0
TF,PESIT,52.399056,-5.756667,0, ,0.0,0.0,0.0,0.0,0,0,0,0,0,0,0,0

SID,ABID2F,10,5
CA,0,99.0,2,750,0,0,0,0,0,0
DF,DW679,53.339722,-6.192222,2, ,0.0,0.0,0,0,0,0,0,0,0,0
TF,IRDEX,53.195861,-6.063917,0, ,0.0,0.0,0.0,0.0,0,0,0,0,0,0,0,0
TF,ERVAD,53.113083,-6.077889,0, ,0.0,0.0,0.0,0.0,0,0,0,0,0,0,0,0
TF,ABIDO,52.478806,-5.795583,0, ,0.0,0.0,0.0,0.0,0,0,0,0,0,0,0,0
TF,PESIT,52.399056,-5.756667,0, ,0.0,0.0,0.0,0.0,0,0,0,0,0,0,0,0

SID,BAML1B,28,5
CA,0,279.0,2,750,0,0,0,0,0,0
DF,DUB,53.499389,-6.307111,2, ,0.0,0.0,0,0,0,0,0,0,0,0
TF,DWN29,53.755833,-6.272500,0, ,0.0,0.0,0.0,0.0,0,0,0,0,0,0,0,0
TF,BAMLI,54.141250,-6.651111,0, ,0.0,0.0,0.0,0.0,0,0,0,0,0,0,0,0

SID,BAML1H,34,5
CA,0,341.0,2,750,0,0,0,0,0,0
CF,DUB,53.499389,-6.307111,0,DUB,0.0,0.0,341.0,4.0,0,0,0,0,0,0,0,0
TF,DWN29,53.755833,-6.272500,0, ,0.0,0.0,0.0,0.0,0,0,0,0,0,0,0,0
TF,BAMLI,54.141250,-6.651111,0, ,0.0,0.0,0.0,0.0,0,0,0,0,0,0,0,0

SID,BAML5P,16,5
CA,0,154.0,2,750,0,0,0,0,0,0
DF,OP,53.413806,-6.138361,1, ,0.0,0.0,0,0,0,0,0,0,0,0
TF,BATED,53.495278,-6.111944,0, ,0.0,0.0,0.0,0.0,0,0,0,0,0,0,0,0
TF,ERUDA,53.674722,-6.281944,0, ,0.0,0.0,0.0,0.0,0,0,0,0,0,0,0,0
TF,DODIG,53.962778,-6.492778,0, ,0.0,0.0,0.0,0.0,0,0,0,0,0,0,0,0
TF,BAMLI,54.141250,-6.651111,0, ,0.0,0.0,0.0,0.0,0,0,0,0,0,0,0,0

SID,BAML6F,10,5
CA,0,99.0,2,750,0,0,0,0,0,0
DF,DW931,53.495833,-6.139778,1, ,0.0,0.0,0,0,0,0,0,0,0,0
TF,LEMTA,53.726194,-6.053222,0, ,0.0,0.0,0.0,0.0,0,0,0,0,0,0,0,0
TF,DODIG,53.962778,-6.492778,0, ,0.0,0.0,0.0,0.0,0,0,0,0,0,0,0,0
TF,BAMLI,54.141250,-6.651111,0, ,0.0,0.0,0.0,0.0,0,0,0,0,0,0,0,0

SID,BEPA1B,28,5
CA,0,279.0,2,750,0,0,0,0,0,0
DF,DWS80,53.270278,-6.180556,1, ,0.0,0.0,0,0,0,0,0,0,0,0
TF,DW682,53.095000,-6.287778,0, ,0.0,0.0,0.0,0.0,0,0,0,0,0,0,0,0
TF,NEPOD,52.949222,-6.174944,0, ,0.0,0.0,0.0,0.0,0,0,0,0,0,0,0,0
TF,BEPAN,52.526722,-6.263750,0, ,0.0,0.0,0.0,0.0,0,0,0,0,0,0,0,0

SID,BEPA1M,16,5
CA,0,154.0,2,650,0,0,0,0,0,0
CF,DWS77,53.347500,-6.180556,0,DUB,157.5,10.2,154.0,5.0,2,3000,0,0,0,0,0,1
CF,DWS81,53.311389,-6.146111,0,DUB,156.8,12.7,154.0,2.5,0,0,0,0,0,0,0,0
TF,NEPOD,52.949222,-6.174944,0, ,0.0,0.0,0.0,0.0,0,0,0,0,0,0,0,0
TF,BEPAN,52.526722,-6.263750,0, ,0.0,0.0,0.0,0.0,0,0,0,0,0,0,0,0

SID,BEPA1P,16,5
CA,0,154.0,2,750,0,0,0,0,0,0
CF,DWS81,53.311389,-6.146111,0,DUB,156.8,12.7,154.0,8.0,0,0,0,0,0,0,0,0
TF,NEPOD,52.949222,-6.174944,0, ,0.0,0.0,0.0,0.0,0,0,0,0,0,0,0,0
TF,BEPAN,52.526722,-6.263750,0, ,0.0,0.0,0.0,0.0,0,0,0,0,0,0,0,0

SID,BEPA2E,10,5
CA,0,99.0,2,650,0,0,0,0,0,0
CF,DW554,53.410778,-6.081000,0,DUB,127.2,9.7,99.0,5.0,2,3000,0,0,0,0,0,1
CF,IRDEX,53.195861,-6.063917,0,DUB,158.3,20.2,189.0,11.0,0,0,0,0,0,0,0,0
TF,ERVAD,53.113083,-6.077889,0, ,0.0,0.0,0.0,0.0,0,0,0,0,0,0,0,0
TF,NEPOD,52.949222,-6.174944,0, ,0.0,0.0,0.0,0.0,0,0,0,0,0,0,0,0
TF,BEPAN,52.526722,-6.263750,0, ,0.0,0.0,0.0,0.0,0,0,0,0,0,0,0,0

SID,BEPA2F,10,5
CA,0,99.0,2,750,0,0,0,0,0,0
DF,DW679,53.339722,-6.192222,2, ,0.0,0.0,0,0,0,0,0,0,0,0
TF,IRDEX,53.195861,-6.063917,0, ,0.0,0.0,0.0,0.0,0,0,0,0,0,0,0,0
TF,ERVAD,53.113083,-6.077889,0, ,0.0,0.0,0.0,0.0,0,0,0,0,0,0,0,0
TF,NEPOD,52.949222,-6.174944,0, ,0.0,0.0,0.0,0.0,0,0,0,0,0,0,0,0
TF,BEPAN,52.526722,-6.263750,0, ,0.0,0.0,0.0,0.0,0,0,0,0,0,0,0,0

SID,BEPA5A,28,5
CA,0,279.0,2,650,0,0,0,0,0,0
CF,OE,53.430167,-6.428806,0,DUB,230.4,6.0,279.0,5.0,2,3000,0,0,0,0,0,1
CF,BAL,53.299889,-6.447778,1,DUB,206.9,13.0,159.0,6.0,0,0,0,0,0,0,0,0
TF,NEPOD,52.949222,-6.174944,0, ,0.0,0.0,0.0,0.0,0,0,0,0,0,0,0,0
TF,BEPAN,52.526722,-6.263750,0, ,0.0,0.0,0.0,0.0,0,0,0,0,0,0,0,0

SID,BEPA5G,34,5
CA,0,341.0,2,650,0,0,0,0,0,0
CF,DWN26,53.513333,-6.317500,0,DUB,340.2,0.9,341.0,5.0,2,3000,0,0,0,0,0,1
DF,BAL,53.299889,-6.447778,1, ,0.0,0.0,0,0,0,0,0,0,0,0
TF,NEPOD,52.949222,-6.174944,0, ,0.0,0.0,0.0,0.0,0,0,0,0,0,0,0,0
TF,BEPAN,52.526722,-6.263750,0, ,0.0,0.0,0.0,0.0,0,0,0,0,0,0,0,0

SID,BEPA5H,34,5
CA,0,341.0,2,750,0,0,0,0,0,0
DF,OE,53.430167,-6.428806,1, ,0.0,0.0,0,0,0,0,0,0,0,0
TF,DWW02,53.404722,-6.530278,0, ,0.0,0.0,0.0,0.0,2,4000,0,0,0,0,0,0
TF,BAL,53.299889,-6.447778,0, ,0.0,0.0,0.0,0.0,0,0,0,0,0,0,0,0
TF,NEPOD,52.949222,-6.174944,0, ,0.0,0.0,0.0,0.0,0,0,0,0,0,0,0,0
TF,BEPAN,52.526722,-6.263750,0, ,0.0,0.0,0.0,0.0,0,0,0,0,0,0,0,0

SID,DEXE1A,28,5
CA,0,279.0,2,650,0,0,0,0,0,0
CF,OE,53.430167,-6.428806,0,DUB,230.4,6.0,279.0,5.0,2,3000,0,0,0,0,0,1
CF,DEXEN,53.280278,-5.500000,1,DUB,118.1,31.8,102.0,35.0,2,12000,0,0,0,0,0,0

SID,DEXE1M,16,5
CA,0,154.0,2,650,0,0,0,0,0,0
CF,DWS77,53.347500,-6.180556,0,DUB,157.5,10.2,154.0,5.0,2,3000,0,0,0,0,0,1
CF,DWS81,53.311389,-6.146111,0,DUB,156.8,12.7,154.0,2.5,0,0,0,0,0,0,0,1
CF,DEXEN,53.280278,-5.500000,0,DUB,118.1,31.8,95.0,23.0,2,12000,0,0,0,0,0,0

SID,DEXE2E,10,5
CA,0,99.0,2,650,0,0,0,0,0,0
CF,DW554,53.410778,-6.081000,0,DUB,127.2,9.7,99.0,5.0,2,3000,0,0,0,0,0,1
DF,DW555,53.337139,-5.895556,0, ,0.0,0.0,0,0,0,0,0,0,0,0
TF,DEXEN,53.280278,-5.500000,0, ,0.0,0.0,0.0,0.0,2,12000,0,0,0,0,0,0

SID,INKU1G,34,5
CA,0,341.0,2,650,0,0,0,0,0,0
CF,DWN26,53.513333,-6.317500,0,DUB,340.2,0.9,341.0,5.0,2,3000,0,0,0,0,0,1
DF,DWW06,53.554167,-6.623611,0, ,0.0,0.0,0,0,0,0,0,0,0,0
TF,INKUR,53.597583,-7.391278,0, ,0.0,0.0,0.0,0.0,0,0,0,0,0,0,0,0

SID,INKU5A,28,5
CA,0,279.0,2,650,0,0,0,0,0,0
CF,OE,53.430167,-6.428806,0,DUB,230.4,6.0,279.0,5.0,2,3000,0,0,0,0,0,1
DF,INKUR,53.597583,-7.391278,0, ,0.0,0.0,0,0,0,0,0,0,0,0

SID,INKU5B,28,5
CA,0,279.0,2,750,0,0,0,0,0,0
DF,DUB,53.499389,-6.307111,2, ,0.0,0.0,0,0,0,0,0,0,0,0
TF,DWN28,53.570278,-6.422222,0, ,0.0,0.0,0.0,0.0,0,0,0,0,0,0,0,0
TF,INKUR,53.597583,-7.391278,0, ,0.0,0.0,0.0,0.0,0,0,0,0,0,0,0,0

SID,INKU5M,16,5
CA,0,154.0,2,650,0,0,0,0,0,0
CF,DWS77,53.347500,-6.180556,0,DUB,157.5,10.2,154.0,5.0,2,3000,0,0,0,0,0,1
CF,DWS78,53.235000,-6.417778,2,DUB,198.1,16.4,250.0,9.0,0,0,0,0,0,0,0,0
TF,NITIL,53.466667,-6.631944,0, ,0.0,0.0,0.0,0.0,0,0,0,0,0,0,0,0
TF,INKUR,53.597583,-7.391278,0, ,0.0,0.0,0.0,0.0,0,0,0,0,0,0,0,0

SID,INKU5P,16,5
CA,0,154.0,2,750,0,0,0,0,0,0
DF,OE,53.430167,-6.428806,2, ,0.0,0.0,0,0,0,0,0,0,0,0
TF,INKUR,53.597583,-7.391278,0, ,0.0,0.0,0.0,0.0,0,0,0,0,0,0,0,0

SID,INKU6E,10,5
CA,0,99.0,2,650,0,0,0,0,0,0
CF,DW551,53.412361,-6.108722,0,DUB,130.2,8.8,99.0,4.0,2,3000,0,0,0,0,0,1
DF,LEMTA,53.726194,-6.053222,1, ,0.0,0.0,0,0,0,0,0,0,0,0
TF,DODIG,53.962778,-6.492778,0, ,0.0,0.0,0.0,0.0,0,0,0,0,0,0,0,0
TF,INKUR,53.597583,-7.391278,0, ,0.0,0.0,0.0,0.0,0,0,0,0,0,0,0,0

SID,INKU6F,10,5
CA,0,99.0,2,750,0,0,0,0,0,0
DF,DW931,53.495833,-6.139778,1, ,0.0,0.0,0,0,0,0,0,0,0,0
TF,LEMTA,53.726194,-6.053222,0, ,0.0,0.0,0.0,0.0,0,0,0,0,0,0,0,0
TF,DODIG,53.962778,-6.492778,0, ,0.0,0.0,0.0,0.0,0,0,0,0,0,0,0,0
TF,INKUR,53.597583,-7.391278,0, ,0.0,0.0,0.0,0.0,0,0,0,0,0,0,0,0

SID,KISH1B,28,5
CA,0,279.0,2,750,0,0,0,0,0,0
DF,DUB,53.499389,-6.307111,2, ,0.0,0.0,0,0,0,0,0,0,0,0
TF,KISHA,53.483806,-5.639333,0, ,0.0,0.0,0.0,0.0,0,0,0,0,0,0,0,0
TF,LIFFY,53.480083,-5.500000,0, ,0.0,0.0,0.0,0.0,0,0,0,0,0,0,0,0

SID,KISH1H,34,5
CA,0,341.0,2,750,0,0,0,0,0,0
DF,BATED,53.495278,-6.111944,2, ,0.0,0.0,0,0,0,0,0,0,0,0
TF,KISHA,53.483806,-5.639333,0, ,0.0,0.0,0.0,0.0,0,0,0,0,0,0,0,0
TF,LIFFY,53.480083,-5.500000,0, ,0.0,0.0,0.0,0.0,0,0,0,0,0,0,0,0

SID,KISH1P,16,5
CA,0,154.0,2,750,0,0,0,0,0,0
DF,OP,53.413806,-6.138361,1, ,0.0,0.0,0,0,0,0,0,0,0,0
TF,BATED,53.495278,-6.111944,0, ,0.0,0.0,0.0,0.0,0,0,0,0,0,0,0,0
TF,KISHA,53.483806,-5.639333,0, ,0.0,0.0,0.0,0.0,0,0,0,0,0,0,0,0
TF,LIFFY,53.480083,-5.500000,0, ,0.0,0.0,0.0,0.0,0,0,0,0,0,0,0,0

SID,KISH2F,10,5
CA,0,99.0,2,750,0,0,0,0,0,0
DF,DW931,53.495833,-6.139778,1, ,0.0,0.0,0,0,0,0,0,0,0,0
TF,KISHA,53.483806,-5.639333,0, ,0.0,0.0,0.0,0.0,0,0,0,0,0,0,0,0
TF,LIFFY,53.480083,-5.500000,0, ,0.0,0.0,0.0,0.0,0,0,0,0,0,0,0,0

SID,LIFY2E,10,5
CA,0,99.0,2,650,0,0,0,0,0,0
CF,DW551,53.412361,-6.108722,0,DUB,130.2,8.8,99.0,4.0,2,3000,0,0,0,0,0,1
DF,LIFFY,53.480083,-5.500000,0, ,0.0,0.0,0,0,0,0,0,0,0,0

SID,LIFY5A,28,5
CA,0,279.0,2,650,0,0,0,0,0,0
CF,OE,53.430167,-6.428806,0,DUB,230.4,6.0,279.0,5.0,2,3000,0,0,0,0,0,1
CF,DUB,53.499389,-6.307111,2,DUB,0.0,0.0,96.0,4.0,0,0,0,0,0,0,0,0
TF,LIFFY,53.480083,-5.500000,0, ,0.0,0.0,0.0,0.0,0,0,0,0,0,0,0,0

SID,LIFY5G,34,5
CA,0,341.0,2,650,0,0,0,0,0,0
CF,DWN26,53.513333,-6.317500,0,DUB,340.2,0.9,341.0,5.0,2,3000,0,0,0,0,0,1
DF,BATED,53.495278,-6.111944,2, ,0.0,0.0,0,0,0,0,0,0,0,0
TF,LIFFY,53.480083,-5.500000,0, ,0.0,0.0,0.0,0.0,0,0,0,0,0,0,0,0

SID,LIFY5M,16,5
CA,0,154.0,2,650,0,0,0,0,0,0
CF,DWS77,53.347500,-6.180556,0,DUB,157.5,10.2,154.0,5.0,2,3000,0,0,0,0,0,1
DF,LIFFY,53.480083,-5.500000,1, ,0.0,0.0,0,0,0,0,0,0,0,0

SID,NEVR1A,28,5
CA,0,279.0,2,650,0,0,0,0,0,0
CF,OE,53.430167,-6.428806,0,DUB,230.4,6.0,279.0,5.0,2,3000,0,0,0,0,0,1
DF,DWN29,53.755833,-6.272500,2, ,0.0,0.0,0,0,0,0,0,0,0,0
TF,NEVRI,54.068333,-6.269833,0, ,0.0,0.0,0.0,0.0,0,0,0,0,0,0,0,0

SID,NEVR1B,28,5
CA,0,279.0,2,750,0,0,0,0,0,0
DF,DUB,53.499389,-6.307111,2, ,0.0,0.0,0,0,0,0,0,0,0,0
TF,DWN29,53.755833,-6.272500,0, ,0.0,0.0,0.0,0.0,0,0,0,0,0,0,0,0
TF,NEVRI,54.068333,-6.269833,0, ,0.0,0.0,0.0,0.0,0,0,0,0,0,0,0,0

SID,NEVR1G,34,5
CA,0,341.0,2,650,0,0,0,0,0,0
CF,DWN26,53.513333,-6.317500,0,DUB,340.2,0.9,341.0,5.0,2,3000,0,0,0,0,0,1
DF,DWN29,53.755833,-6.272500,0, ,0.0,0.0,0,0,0,0,0,0,0,0
TF,NEVRI,54.068333,-6.269833,0, ,0.0,0.0,0.0,0.0,0,0,0,0,0,0,0,0

SID,NEVR1H,34,5
CA,0,341.0,2,750,0,0,0,0,0,0
CF,DUB,53.499389,-6.307111,0,DUB,0.0,0.0,341.0,4.0,0,0,0,0,0,0,0,0
TF,DWN29,53.755833,-6.272500,0, ,0.0,0.0,0.0,0.0,0,0,0,0,0,0,0,0
TF,NEVRI,54.068333,-6.269833,0, ,0.0,0.0,0.0,0.0,0,0,0,0,0,0,0,0

SID,NEVR5M,16,5
CA,0,154.0,2,650,0,0,0,0,0,0
CF,DWS77,53.347500,-6.180556,0,DUB,157.5,10.2,154.0,5.0,2,3000,0,0,0,0,0,1
CF,BATED,53.495278,-6.111944,1,DUB,96.0,7.0,343.0,7.0,0,0,0,0,0,0,0,0
TF,ERUDA,53.674722,-6.281944,0, ,0.0,0.0,0.0,0.0,0,0,0,0,0,0,0,0
TF,NEVRI,54.068333,-6.269833,0, ,0.0,0.0,0.0,0.0,0,0,0,0,0,0,0,0

SID,NEVR5P,16,5
CA,0,154.0,2,750,0,0,0,0,0,0
DF,OP,53.413806,-6.138361,1, ,0.0,0.0,0,0,0,0,0,0,0,0
TF,BATED,53.495278,-6.111944,0, ,0.0,0.0,0.0,0.0,0,0,0,0,0,0,0,0
TF,ERUDA,53.674722,-6.281944,0, ,0.0,0.0,0.0,0.0,0,0,0,0,0,0,0,0
TF,NEVRI,54.068333,-6.269833,0, ,0.0,0.0,0.0,0.0,0,0,0,0,0,0,0,0

SID,NEVR6E,10,5
CA,0,99.0,2,650,0,0,0,0,0,0
CF,DW551,53.412361,-6.108722,0,DUB,130.2,8.8,99.0,4.0,2,3000,0,0,0,0,0,1
DF,LEMTA,53.726194,-6.053222,1, ,0.0,0.0,0,0,0,0,0,0,0,0
TF,NEVRI,54.068333,-6.269833,0, ,0.0,0.0,0.0,0.0,0,0,0,0,0,0,0,0

SID,NEVR6F,10,5
CA,0,99.0,2,750,0,0,0,0,0,0
DF,DW931,53.495833,-6.139778,1, ,0.0,0.0,0,0,0,0,0,0,0,0
TF,LEMTA,53.726194,-6.053222,0, ,0.0,0.0,0.0,0.0,0,0,0,0,0,0,0,0
TF,NEVRI,54.068333,-6.269833,0, ,0.0,0.0,0.0,0.0,0,0,0,0,0,0,0,0

SID,OLON1B,28,5
CA,0,279.0,2,750,0,0,0,0,0,0
DF,DWS80,53.270278,-6.180556,1, ,0.0,0.0,0,0,0,0,0,0,0,0
TF,DW682,53.095000,-6.287778,0, ,0.0,0.0,0.0,0.0,0,0,0,0,0,0,0,0
TF,NEPOD,52.949222,-6.174944,0, ,0.0,0.0,0.0,0.0,0,0,0,0,0,0,0,0
TF,OLONO,52.723083,-6.779000,0, ,0.0,0.0,0.0,0.0,0,0,0,0,0,0,0,0

SID,OLON1M,16,5
CA,0,154.0,2,650,0,0,0,0,0,0
CF,DWS77,53.347500,-6.180556,0,DUB,157.5,10.2,154.0,5.0,2,3000,0,0,0,0,0,1
CF,DWS81,53.311389,-6.146111,0,DUB,156.8,12.7,154.0,2.5,0,0,0,0,0,0,0,0
TF,NEPOD,52.949222,-6.174944,0, ,0.0,0.0,0.0,0.0,0,0,0,0,0,0,0,0
TF,OLONO,52.723083,-6.779000,0, ,0.0,0.0,0.0,0.0,0,0,0,0,0,0,0,0

SID,OLON1P,16,5
CA,0,154.0,2,750,0,0,0,0,0,0
CF,DWS81,53.311389,-6.146111,0,DUB,156.8,12.7,154.0,8.0,0,0,0,0,0,0,0,0
TF,NEPOD,52.949222,-6.174944,0, ,0.0,0.0,0.0,0.0,0,0,0,0,0,0,0,0
TF,OLONO,52.723083,-6.779000,0, ,0.0,0.0,0.0,0.0,0,0,0,0,0,0,0,0

SID,OLON2E,10,5
CA,0,99.0,2,650,0,0,0,0,0,0
CF,DW554,53.410778,-6.081000,0,DUB,127.2,9.7,99.0,5.0,2,3000,0,0,0,0,0,1
CF,IRDEX,53.195861,-6.063917,0,DUB,158.3,20.2,189.0,11.0,0,0,0,0,0,0,0,0
TF,ERVAD,53.113083,-6.077889,0, ,0.0,0.0,0.0,0.0,0,0,0,0,0,0,0,0
TF,NEPOD,52.949222,-6.174944,0, ,0.0,0.0,0.0,0.0,0,0,0,0,0,0,0,0
TF,OLONO,52.723083,-6.779000,0, ,0.0,0.0,0.0,0.0,0,0,0,0,0,0,0,0

SID,OLON2F,10,5
CA,0,99.0,2,750,0,0,0,0,0,0
DF,DW679,53.339722,-6.192222,2, ,0.0,0.0,0,0,0,0,0,0,0,0
TF,IRDEX,53.195861,-6.063917,0, ,0.0,0.0,0.0,0.0,0,0,0,0,0,0,0,0
TF,ERVAD,53.113083,-6.077889,0, ,0.0,0.0,0.0,0.0,0,0,0,0,0,0,0,0
TF,NEPOD,52.949222,-6.174944,0, ,0.0,0.0,0.0,0.0,0,0,0,0,0,0,0,0
TF,OLONO,52.723083,-6.779000,0, ,0.0,0.0,0.0,0.0,0,0,0,0,0,0,0,0

SID,OLON5A,28,5
CA,0,279.0,2,650,0,0,0,0,0,0
CF,OE,53.430167,-6.428806,0,DUB,230.4,6.0,279.0,5.0,2,3000,0,0,0,0,0,1
CF,BAL,53.299889,-6.447778,1,DUB,206.9,13.0,159.0,6.0,0,0,0,0,0,0,0,0
TF,NEPOD,52.949222,-6.174944,0, ,0.0,0.0,0.0,0.0,0,0,0,0,0,0,0,0
TF,OLONO,52.723083,-6.779000,0, ,0.0,0.0,0.0,0.0,0,0,0,0,0,0,0,0

SID,OLON5G,34,5
CA,0,341.0,2,650,0,0,0,0,0,0
CF,DWN26,53.513333,-6.317500,0,DUB,340.2,0.9,341.0,5.0,2,3000,0,0,0,0,0,1
DF,BAL,53.299889,-6.447778,1, ,0.0,0.0,0,0,0,0,0,0,0,0
TF,NEPOD,52.949222,-6.174944,0, ,0.0,0.0,0.0,0.0,0,0,0,0,0,0,0,0
TF,OLONO,52.723083,-6.779000,0, ,0.0,0.0,0.0,0.0,0,0,0,0,0,0,0,0

SID,OLON5H,34,5
CA,0,341.0,2,750,0,0,0,0,0,0
DF,OE,53.430167,-6.428806,1, ,0.0,0.0,0,0,0,0,0,0,0,0
TF,DWW02,53.404722,-6.530278,0, ,0.0,0.0,0.0,0.0,2,4000,0,0,0,0,0,0
TF,BAL,53.299889,-6.447778,0, ,0.0,0.0,0.0,0.0,0,0,0,0,0,0,0,0
TF,NEPOD,52.949222,-6.174944,0, ,0.0,0.0,0.0,0.0,0,0,0,0,0,0,0,0
TF,OLONO,52.723083,-6.779000,0, ,0.0,0.0,0.0,0.0,0,0,0,0,0,0,0,0

SID,PELI5A,28,5
CA,0,279.0,2,650,0,0,0,0,0,0
CF,OE,53.430167,-6.428806,0,DUB,230.4,6.0,279.0,5.0,2,3000,0,0,0,0,0,1
DF,PELIG,53.199583,-7.333333,0, ,0.0,0.0,0,0,0,0,0,0,0,0

SID,PELI5G,34,5
CA,0,341.0,2,650,0,0,0,0,0,0
CF,DWN26,53.513333,-6.317500,0,DUB,340.2,0.9,341.0,5.0,2,3000,0,0,0,0,0,1
DF,PELIG,53.199583,-7.333333,1, ,0.0,0.0,0,0,0,0,0,0,0,0

SID,PELI5H,34,5
CA,0,341.0,2,750,0,0,0,0,0,0
DF,OE,53.430167,-6.428806,1, ,0.0,0.0,0,0,0,0,0,0,0,0
TF,DWW02,53.404722,-6.530278,0, ,0.0,0.0,0.0,0.0,2,4000,0,0,0,0,0,0
TF,PELIG,53.199583,-7.333333,0, ,0.0,0.0,0.0,0.0,0,0,0,0,0,0,0,0

SID,PELI5M,16,5
CA,0,154.0,2,650,0,0,0,0,0,0
CF,DWS77,53.347500,-6.180556,0,DUB,157.5,10.2,154.0,5.0,2,3000,0,0,0,0,0,1
CF,DWS78,53.235000,-6.417778,2,BAL,169.5,4.1,250.0,9.0,0,0,0,0,0,0,0,0
TF,PELIG,53.199583,-7.333333,0, ,0.0,0.0,0.0,0.0,0,0,0,0,0,0,0,0

SID,PESI1M,16,5
CA,0,154.0,2,650,0,0,0,0,0,0
CF,DWS77,53.347500,-6.180556,0,DUB,157.5,10.2,154.0,5.0,2,3000,0,0,0,0,0,1
CF,DWS81,53.311389,-6.146111,0,DUB,156.8,12.7,154.0,2.5,0,0,0,0,0,0,0,0
TF,NEPOD,52.949222,-6.174944,0, ,0.0,0.0,0.0,0.0,0,0,0,0,0,0,0,0
TF,PESIT,52.399056,-5.756667,0, ,0.0,0.0,0.0,0.0,0,0,0,0,0,0,0,0

SID,PESI2E,10,5
CA,0,99.0,2,650,0,0,0,0,0,0
CF,DW554,53.410778,-6.081000,0,DUB,127.2,9.7,99.0,5.0,2,3000,0,0,0,0,0,1
CF,IRDEX,53.195861,-6.063917,0,DUB,158.3,20.2,189.0,11.0,0,0,0,0,0,0,0,0
TF,ERVAD,53.113083,-6.077889,0, ,0.0,0.0,0.0,0.0,0,0,0,0,0,0,0,0
TF,PESIT,52.399056,-5.756667,0, ,0.0,0.0,0.0,0.0,0,0,0,0,0,0,0,0

SID,PESI5A,28,5
CA,0,279.0,2,650,0,0,0,0,0,0
CF,OE,53.430167,-6.428806,0,DUB,230.4,6.0,279.0,5.0,2,3000,0,0,0,0,0,1
CF,BAL,53.299889,-6.447778,1,DUB,206.9,13.0,159.0,6.0,0,0,0,0,0,0,0,0
TF,NEPOD,52.949222,-6.174944,0, ,0.0,0.0,0.0,0.0,0,0,0,0,0,0,0,0
TF,PESIT,52.399056,-5.756667,0, ,0.0,0.0,0.0,0.0,0,0,0,0,0,0,0,0

SID,PESI5G,34,5
CA,0,341.0,2,650,0,0,0,0,0,0
CF,DWN26,53.513333,-6.317500,0,DUB,340.2,0.9,341.0,5.0,2,3000,0,0,0,0,0,1
DF,BAL,53.299889,-6.447778,1, ,0.0,0.0,0,0,0,0,0,0,0,0
TF,NEPOD,52.949222,-6.174944,0, ,0.0,0.0,0.0,0.0,0,0,0,0,0,0,0,0
TF,PESIT,52.399056,-5.756667,0, ,0.0,0.0,0.0,0.0,0,0,0,0,0,0,0,0

SID,ROTE1A,28,5
CA,0,279.0,2,650,0,0,0,0,0,0
CF,OE,53.430167,-6.428806,0,DUB,230.4,6.0,279.0,5.0,2,3000,0,0,0,0,0,1
DF,DWN29,53.755833,-6.272500,2, ,0.0,0.0,0,0,0,0,0,0,0,0
TF,ROTEV,54.028806,-6.066222,0, ,0.0,0.0,0.0,0.0,0,0,0,0,0,0,0,0

SID,ROTE1B,28,5
CA,0,279.0,2,750,0,0,0,0,0,0
DF,DUB,53.499389,-6.307111,2, ,0.0,0.0,0,0,0,0,0,0,0,0
TF,DWN29,53.755833,-6.272500,0, ,0.0,0.0,0.0,0.0,0,0,0,0,0,0,0,0
TF,ROTEV,54.028806,-6.066222,0, ,0.0,0.0,0.0,0.0,0,0,0,0,0,0,0,0

SID,ROTE1G,34,5
CA,0,341.0,2,650,0,0,0,0,0,0
CF,DWN26,53.513333,-6.317500,0,DUB,340.2,0.9,341.0,5.0,2,3000,0,0,0,0,0,1
DF,DWN29,53.755833,-6.272500,0, ,0.0,0.0,0,0,0,0,0,0,0,0
TF,ROTEV,54.028806,-6.066222,0, ,0.0,0.0,0.0,0.0,0,0,0,0,0,0,0,0

SID,ROTE1H,34,5
CA,0,341.0,2,750,0,0,0,0,0,0
CF,DUB,53.499389,-6.307111,0,DUB,0.0,0.0,341.0,4.0,0,0,0,0,0,0,0,0
TF,DWN29,53.755833,-6.272500,0, ,0.0,0.0,0.0,0.0,0,0,0,0,0,0,0,0
TF,ROTEV,54.028806,-6.066222,0, ,0.0,0.0,0.0,0.0,0,0,0,0,0,0,0,0

SID,ROTE5M,16,5
CA,0,154.0,2,650,0,0,0,0,0,0
CF,DWS77,53.347500,-6.180556,0,DUB,157.5,10.2,154.0,5.0,2,3000,0,0,0,0,0,1
CF,BATED,53.495278,-6.111944,1,DUB,96.0,7.0,343.0,7.0,0,0,0,0,0,0,0,0
TF,ERUDA,53.674722,-6.281944,0, ,0.0,0.0,0.0,0.0,0,0,0,0,0,0,0,0
TF,ROTEV,54.028806,-6.066222,0, ,0.0,0.0,0.0,0.0,0,0,0,0,0,0,0,0

SID,ROTE5P,16,5
CA,0,154.0,2,750,0,0,0,0,0,0
DF,OP,53.413806,-6.138361,1, ,0.0,0.0,0,0,0,0,0,0,0,0
TF,BATED,53.495278,-6.111944,0, ,0.0,0.0,0.0,0.0,0,0,0,0,0,0,0,0
TF,ERUDA,53.674722,-6.281944,0, ,0.0,0.0,0.0,0.0,0,0,0,0,0,0,0,0
TF,ROTEV,54.028806,-6.066222,0, ,0.0,0.0,0.0,0.0,0,0,0,0,0,0,0,0

SID,ROTE6E,10,5
CA,0,99.0,2,650,0,0,0,0,0,0
CF,DW551,53.412361,-6.108722,0,DUB,130.2,8.8,99.0,4.0,2,3000,0,0,0,0,0,1
DF,LEMTA,53.726194,-6.053222,1, ,0.0,0.0,0,0,0,0,0,0,0,0
TF,ROTEV,54.028806,-6.066222,0, ,0.0,0.0,0.0,0.0,0,0,0,0,0,0,0,0

SID,ROTE6F,10,5
CA,0,99.0,2,750,0,0,0,0,0,0
DF,DW931,53.495833,-6.139778,1, ,0.0,0.0,0,0,0,0,0,0,0,0
TF,LEMTA,53.726194,-6.053222,0, ,0.0,0.0,0.0,0.0,0,0,0,0,0,0,0,0
TF,ROTEV,54.028806,-6.066222,0, ,0.0,0.0,0.0,0.0,0,0,0,0,0,0,0,0

SID,SURO1A,28,5
CA,0,279.0,2,650,0,0,0,0,0,0
CF,OE,53.430167,-6.428806,0,DUB,230.4,6.0,279.0,5.0,2,3000,0,0,0,0,0,1
DF,DWW04,53.738333,-6.881389,2, ,0.0,0.0,0,0,0,0,0,0,0,0
TF,SUROX,53.996667,-6.993472,0, ,0.0,0.0,0.0,0.0,0,0,0,0,0,0,0,0

SID,SURO1B,28,5
CA,0,279.0,2,750,0,0,0,0,0,0
DF,DUB,53.499389,-6.307111,2, ,0.0,0.0,0,0,0,0,0,0,0,0
TF,DWN28,53.570278,-6.422222,0, ,0.0,0.0,0.0,0.0,0,0,0,0,0,0,0,0
TF,DWW04,53.738333,-6.881389,0, ,0.0,0.0,0.0,0.0,0,0,0,0,0,0,0,0
TF,SUROX,53.996667,-6.993472,0, ,0.0,0.0,0.0,0.0,0,0,0,0,0,0,0,0

SID,SURO1G,34,5
CA,0,341.0,2,650,0,0,0,0,0,0
CF,DWN26,53.513333,-6.317500,0,DUB,340.2,0.9,341.0,5.0,2,3000,0,0,0,0,0,1
DF,DWW06,53.554167,-6.623611,0, ,0.0,0.0,0,0,0,0,0,0,0,0
TF,DWW04,53.738333,-6.881389,0, ,0.0,0.0,0.0,0.0,0,0,0,0,0,0,0,0
TF,SUROX,53.996667,-6.993472,0, ,0.0,0.0,0.0,0.0,0,0,0,0,0,0,0,0

SID,SURO1H,34,5
CA,0,341.0,2,750,0,0,0,0,0,0
CF,DUB,53.499389,-6.307111,0,DUB,0.0,0.0,341.0,4.0,0,0,0,0,0,0,0,0
TF,DWN28,53.570278,-6.422222,0, ,0.0,0.0,0.0,0.0,0,0,0,0,0,0,0,0
TF,DWW04,53.738333,-6.881389,0, ,0.0,0.0,0.0,0.0,0,0,0,0,0,0,0,0
TF,SUROX,53.996667,-6.993472,0, ,0.0,0.0,0.0,0.0,0,0,0,0,0,0,0,0

SID,SURO5M,16,5
CA,0,154.0,2,650,0,0,0,0,0,0
CF,DWS77,53.347500,-6.180556,0,DUB,157.5,10.2,154.0,5.0,2,3000,0,0,0,0,0,1
CF,BATED,53.495278,-6.111944,1,DUB,96.0,7.0,343.0,7.0,0,0,0,0,0,0,0,0
TF,ERUDA,53.674722,-6.281944,0, ,0.0,0.0,0.0,0.0,0,0,0,0,0,0,0,0
TF,DODIG,53.962778,-6.492778,0, ,0.0,0.0,0.0,0.0,0,0,0,0,0,0,0,0
TF,SUROX,53.996667,-6.993472,0, ,0.0,0.0,0.0,0.0,0,0,0,0,0,0,0,0

SID,SURO5P,16,5
CA,0,154.0,2,750,0,0,0,0,0,0
DF,OP,53.413806,-6.138361,1, ,0.0,0.0,0,0,0,0,0,0,0,0
TF,BATED,53.495278,-6.111944,0, ,0.0,0.0,0.0,0.0,0,0,0,0,0,0,0,0
TF,ERUDA,53.674722,-6.281944,0, ,0.0,0.0,0.0,0.0,0,0,0,0,0,0,0,0
TF,DODIG,53.962778,-6.492778,0, ,0.0,0.0,0.0,0.0,0,0,0,0,0,0,0,0
TF,SUROX,53.996667,-6.993472,0, ,0.0,0.0,0.0,0.0,0,0,0,0,0,0,0,0

SID,SURO6E,10,5
CA,0,99.0,2,650,0,0,0,0,0,0
CF,DW551,53.412361,-6.108722,0,DUB,130.2,8.8,99.0,4.0,2,3000,0,0,0,0,0,1
DF,LEMTA,53.726194,-6.053222,1, ,0.0,0.0,0,0,0,0,0,0,0,0
TF,DODIG,53.962778,-6.492778,0, ,0.0,0.0,0.0,0.0,0,0,0,0,0,0,0,0
TF,SUROX,53.996667,-6.993472,0, ,0.0,0.0,0.0,0.0,0,0,0,0,0,0,0,0

SID,SURO6F,10,5
CA,0,99.0,2,750,0,0,0,0,0,0
DF,DW931,53.495833,-6.139778,1, ,0.0,0.0,0,0,0,0,0,0,0,0
TF,LEMTA,53.726194,-6.053222,0, ,0.0,0.0,0.0,0.0,0,0,0,0,0,0,0,0
TF,DODIG,53.962778,-6.492778,0, ,0.0,0.0,0.0,0.0,0,0,0,0,0,0,0,0
TF,SUROX,53.996667,-6.993472,0, ,0.0,0.0,0.0,0.0,0,0,0,0,0,0,0,0

STAR,ABLI1L,28,5
IF,ABLIN,52.782778,-4.992500, ,0.0,0.0,4,18000,15000,0,0,0,0,0
TF,IRKUM,52.996667,-5.377500,0, ,0.0,0.0,0.0,0.0,2,9000,0,0,0,0,0,0
TF,LIPGO,53.063917,-5.500000,0, ,0.0,0.0,0.0,0.0,0,0,0,1,240,0,0,0
TF,PEKOK,53.127583,-5.566889,0, ,0.0,0.0,0.0,0.0,1,7000,0,0,0,0,0,0
TF,SIVNA,53.197861,-5.641028,0, ,0.0,0.0,0.0,0.0,1,7000,0,1,230,0,0,0
TF,SUGAD,53.289583,-5.527722,0, ,0.0,0.0,0.0,0.0,1,7000,0,1,230,0,0,0
TF,DW704,53.401028,-5.486139,0, ,0.0,0.0,0.0,0.0,1,7000,0,1,230,0,0,0
TF,DW705,53.512944,-5.524000,0, ,0.0,0.0,0.0,0.0,1,7000,0,1,230,0,0,0
TF,DW706,53.605917,-5.635250,0, ,0.0,0.0,0.0,0.0,1,7000,0,1,230,0,0,0
TF,SOPEP,53.351639,-5.874833,0, ,0.0,0.0,0.0,0.0,0,0,0,0,0,0,0,0
TF,LAPMO,53.403056,-5.945583,0, ,0.0,0.0,0.0,0.0,2,3000,0,1,180,0,0,0

STAR,ABLI1X,28,5
IF,ABLIN,52.782778,-4.992500, ,0.0,0.0,4,18000,15000,0,0,0,0,0
TF,IRKUM,52.996667,-5.377500,0, ,0.0,0.0,0.0,0.0,2,9000,0,0,0,0,0,0
TF,LIPGO,53.063917,-5.500000,0, ,0.0,0.0,0.0,0.0,0,0,0,1,240,0,0,0
TF,PEKOK,53.127583,-5.566889,0, ,0.0,0.0,0.0,0.0,1,7000,0,0,0,0,0,0
TF,SIVNA,53.197861,-5.641028,0, ,0.0,0.0,0.0,0.0,1,7000,0,1,230,0,0,0
TF,SOPEP,53.351639,-5.874833,0, ,0.0,0.0,0.0,0.0,0,0,0,0,0,0,0,0
TF,LAPMO,53.403056,-5.945583,0, ,0.0,0.0,0.0,0.0,2,3000,0,1,180,0,0,0

STAR,BAGS1K,ALL,5
IF,BAGSO,53.680000,-5.500000, ,0.0,0.0,0,0,0,1,250,0,0,0
TF,ADSIS,53.684194,-5.659444,0, ,0.0,0.0,0.0,0.0,0,0,0,0,0,0,0,0
TF,KERAV,53.628528,-5.765917,0, ,0.0,0.0,0.0,0.0,2,6000,0,1,230,0,0,0

STAR,BAGS1L,28,5
IF,BAGSO,53.680000,-5.500000, ,0.0,0.0,3,10000,0,1,250,0,0,0
TF,ADSIS,53.684194,-5.659444,0, ,0.0,0.0,0.0,0.0,0,0,0,0,0,0,0,0
TF,KERAV,53.628528,-5.765917,0, ,0.0,0.0,0.0,0.0,1,8000,0,1,230,0,0,0
TF,KOGAX,53.571833,-5.637250,0, ,0.0,0.0,0.0,0.0,1,8000,0,1,230,0,0,0
TF,KUDOM,53.490500,-5.553972,0, ,0.0,0.0,0.0,0.0,1,8000,0,1,230,0,0,0
TF,DW814,53.396528,-5.528083,0, ,0.0,0.0,0.0,0.0,1,8000,0,1,230,0,0,0
TF,DW815,53.303583,-5.562944,0, ,0.0,0.0,0.0,0.0,1,8000,0,1,230,0,0,0
TF,DW816,53.229694,-5.645667,0, ,0.0,0.0,0.0,0.0,1,8000,0,1,230,0,0,0
TF,NARMU,53.445333,-5.859528,0, ,0.0,0.0,0.0,0.0,0,0,0,0,0,0,0,0
TF,LAPMO,53.403056,-5.945583,0, ,0.0,0.0,0.0,0.0,2,3000,0,1,180,0,0,0

STAR,BAGS1R,10,5
IF,BAGSO,53.680000,-5.500000, ,0.0,0.0,0,0,0,0,0,0,0,0
TF,EKREN,53.645278,-5.764750,0, ,0.0,0.0,0.0,0.0,0,0,0,0,0,0,0,0
TF,ELBON,53.592806,-6.156000,0, ,0.0,0.0,0.0,0.0,0,0,0,0,0,0,0,0
TF,ASDER,53.562972,-6.374000,0, ,0.0,0.0,0.0,0.0,1,8000,0,1,230,0,0,0
TF,AKIVA,53.648889,-6.452667,0, ,0.0,0.0,0.0,0.0,1,8000,0,1,230,0,0,0
TF,ADNAL,53.698306,-6.594861,0, ,0.0,0.0,0.0,0.0,1,8000,0,1,230,0,0,0
TF,APRUT,53.696944,-6.759694,0, ,0.0,0.0,0.0,0.0,1,8000,0,1,230,0,0,0
TF,DW865,53.645222,-6.899556,0, ,0.0,0.0,0.0,0.0,1,8000,0,1,230,0,0,0
TF,DW866,53.558083,-6.974222,0, ,0.0,0.0,0.0,0.0,1,8000,0,1,230,0,0,0
TF,NEKIL,53.521278,-6.673222,0, ,0.0,0.0,0.0,0.0,2,4000,0,0,0,0,0,0

STAR,BAGS1X,28,5
IF,BAGSO,53.680000,-5.500000, ,0.0,0.0,3,10000,0,1,250,0,0,0
TF,ADSIS,53.684194,-5.659444,0, ,0.0,0.0,0.0,0.0,0,0,0,0,0,0,0,0
TF,KERAV,53.628528,-5.765917,0, ,0.0,0.0,0.0,0.0,1,8000,0,1,230,0,0,0
TF,KOGAX,53.571833,-5.637250,0, ,0.0,0.0,0.0,0.0,1,8000,0,1,230,0,0,1
TF,NARMU,53.445333,-5.859528,0, ,0.0,0.0,0.0,0.0,0,0,0,0,0,0,0,0
TF,LAPMO,53.403056,-5.945583,0, ,0.0,0.0,0.0,0.0,2,3000,0,1,180,0,0,0

STAR,BAGS1Z,10,5
IF,BAGSO,53.680000,-5.500000, ,0.0,0.0,0,0,0,0,0,0,0,0
TF,EKREN,53.645278,-5.764750,0, ,0.0,0.0,0.0,0.0,0,0,0,0,0,0,0,0
TF,ELBON,53.592806,-6.156000,0, ,0.0,0.0,0.0,0.0,0,0,0,0,0,0,0,0
TF,ASDER,53.562972,-6.374000,0, ,0.0,0.0,0.0,0.0,1,8000,0,1,230,0,0,0
TF,AKIVA,53.648889,-6.452667,0, ,0.0,0.0,0.0,0.0,1,8000,0,1,230,0,0,0
TF,NEKIL,53.521278,-6.673222,0, ,0.0,0.0,0.0,0.0,2,4000,0,0,0,0,0,0

STAR,BAML1K,34,5
IF,BAMLI,54.141250,-6.651111, ,0.0,0.0,0,0,0,0,0,0,0,0
TF,RONON,53.709417,-6.605333,0, ,0.0,0.0,0.0,0.0,0,0,0,0,0,0,0,0
TF,ORVEN,53.664861,-6.191611,0, ,0.0,0.0,0.0,0.0,0,0,0,1,250,0,0,0
TF,GIRAS,53.639167,-5.959222,0, ,0.0,0.0,0.0,0.0,0,0,0,0,0,0,0,0
TF,KERAV,53.628528,-5.765917,0, ,0.0,0.0,0.0,0.0,2,6000,0,1,230,0,0,0

STAR,BAML1L,28,5
IF,BAMLI,54.141250,-6.651111, ,0.0,0.0,0,0,0,0,0,0,0,0
TF,RONON,53.709417,-6.605333,0, ,0.0,0.0,0.0,0.0,0,0,0,0,0,0,0,0
TF,ORVEN,53.664861,-6.191611,0, ,0.0,0.0,0.0,0.0,0,0,0,0,0,0,0,0
TF,GIRAS,53.639167,-5.959222,0, ,0.0,0.0,0.0,0.0,0,0,0,0,0,0,0,0
TF,KERAV,53.628528,-5.765917,0, ,0.0,0.0,0.0,0.0,1,8000,0,1,230,0,0,0
TF,KOGAX,53.571833,-5.637250,0, ,0.0,0.0,0.0,0.0,1,8000,0,1,230,0,0,0
TF,KUDOM,53.490500,-5.553972,0, ,0.0,0.0,0.0,0.0,1,8000,0,1,230,0,0,0
TF,DW814,53.396528,-5.528083,0, ,0.0,0.0,0.0,0.0,1,8000,0,1,230,0,0,0
TF,DW815,53.303583,-5.562944,0, ,0.0,0.0,0.0,0.0,1,8000,0,1,230,0,0,0
TF,DW816,53.229694,-5.645667,0, ,0.0,0.0,0.0,0.0,1,8000,0,1,230,0,0,0
TF,NARMU,53.445333,-5.859528,0, ,0.0,0.0,0.0,0.0,0,0,0,0,0,0,0,0
TF,LAPMO,53.403056,-5.945583,0, ,0.0,0.0,0.0,0.0,2,3000,0,1,180,0,0,0

STAR,BAML1R,10,5
IF,BAMLI,54.141250,-6.651111, ,0.0,0.0,0,0,0,0,0,0,0,0
TF,EPIDU,53.817639,-6.598611,0, ,0.0,0.0,0.0,0.0,0,0,0,1,230,0,0,0
TF,ADNAL,53.698306,-6.594861,0, ,0.0,0.0,0.0,0.0,1,8000,0,1,230,0,0,0
TF,APRUT,53.696944,-6.759694,0, ,0.0,0.0,0.0,0.0,1,8000,0,1,230,0,0,0
TF,DW865,53.645222,-6.899556,0, ,0.0,0.0,0.0,0.0,1,8000,0,1,230,0,0,0
TF,DW866,53.558083,-6.974222,0, ,0.0,0.0,0.0,0.0,1,8000,0,1,230,0,0,0
TF,NEKIL,53.521278,-6.673222,0, ,0.0,0.0,0.0,0.0,2,4000,0,0,0,0,0,0

STAR,BAML1X,28,5
IF,BAMLI,54.141250,-6.651111, ,0.0,0.0,0,0,0,0,0,0,0,0
TF,RONON,53.709417,-6.605333,0, ,0.0,0.0,0.0,0.0,0,0,0,0,0,0,0,0
TF,ORVEN,53.664861,-6.191611,0, ,0.0,0.0,0.0,0.0,0,0,0,0,0,0,0,0
TF,GIRAS,53.639167,-5.959222,0, ,0.0,0.0,0.0,0.0,0,0,0,0,0,0,0,0
TF,KERAV,53.628528,-5.765917,0, ,0.0,0.0,0.0,0.0,1,8000,0,1,230,0,0,0
TF,KOGAX,53.571833,-5.637250,0, ,0.0,0.0,0.0,0.0,1,8000,0,1,230,0,0,1
TF,NARMU,53.445333,-5.859528,0, ,0.0,0.0,0.0,0.0,0,0,0,0,0,0,0,0
TF,LAPMO,53.403056,-5.945583,0, ,0.0,0.0,0.0,0.0,2,3000,0,1,180,0,0,0

STAR,BAML1Z,10,5
IF,BAMLI,54.141250,-6.651111, ,0.0,0.0,0,0,0,0,0,0,0,0
TF,EPIDU,53.817639,-6.598611,0, ,0.0,0.0,0.0,0.0,0,0,0,1,230,0,0,0
TF,ADNAL,53.698306,-6.594861,0, ,0.0,0.0,0.0,0.0,1,8000,0,1,230,0,0,0
TF,APRUT,53.696944,-6.759694,0, ,0.0,0.0,0.0,0.0,1,8000,0,1,230,0,0,0
TF,NEKIL,53.521278,-6.673222,0, ,0.0,0.0,0.0,0.0,2,4000,0,0,0,0,0,0

STAR,BOYN1K,ALL,5
IF,BOYNE,53.767111,-5.500000, ,0.0,0.0,0,0,0,1,250,0,0,0
TF,ADSIS,53.684194,-5.659444,0, ,0.0,0.0,0.0,0.0,0,0,0,0,0,0,0,0
TF,KERAV,53.628528,-5.765917,0, ,0.0,0.0,0.0,0.0,2,6000,0,1,230,0,0,0

STAR,BOYN1L,28,5
IF,BOYNE,53.767111,-5.500000, ,0.0,0.0,0,0,0,0,0,0,0,0
TF,ADSIS,53.684194,-5.659444,0, ,0.0,0.0,0.0,0.0,0,0,0,0,0,0,0,0
TF,KERAV,53.628528,-5.765917,0, ,0.0,0.0,0.0,0.0,1,8000,0,1,230,0,0,0
TF,KOGAX,53.571833,-5.637250,0, ,0.0,0.0,0.0,0.0,1,8000,0,1,230,0,0,0
TF,KUDOM,53.490500,-5.553972,0, ,0.0,0.0,0.0,0.0,1,8000,0,1,230,0,0,0
TF,DW814,53.396528,-5.528083,0, ,0.0,0.0,0.0,0.0,1,8000,0,1,230,0,0,0
TF,DW815,53.303583,-5.562944,0, ,0.0,0.0,0.0,0.0,1,8000,0,1,230,0,0,0
TF,DW816,53.229694,-5.645667,0, ,0.0,0.0,0.0,0.0,1,8000,0,1,230,0,0,0
TF,NARMU,53.445333,-5.859528,0, ,0.0,0.0,0.0,0.0,0,0,0,0,0,0,0,0
TF,LAPMO,53.403056,-5.945583,0, ,0.0,0.0,0.0,0.0,2,3000,0,1,180,0,0,0

STAR,BOYN1R,10,5
IF,BOYNE,53.767111,-5.500000, ,0.0,0.0,0,0,0,0,0,0,0,0
TF,EKREN,53.645278,-5.764750,0, ,0.0,0.0,0.0,0.0,0,0,0,0,0,0,0,0
TF,ELBON,53.592806,-6.156000,0, ,0.0,0.0,0.0,0.0,0,0,0,0,0,0,0,0
TF,ASDER,53.562972,-6.374000,0, ,0.0,0.0,0.0,0.0,1,8000,0,1,230,0,0,0
TF,AKIVA,53.648889,-6.452667,0, ,0.0,0.0,0.0,0.0,1,8000,0,1,230,0,0,0
TF,ADNAL,53.698306,-6.594861,0, ,0.0,0.0,0.0,0.0,1,8000,0,1,230,0,0,0
TF,APRUT,53.696944,-6.759694,0, ,0.0,0.0,0.0,0.0,1,8000,0,1,230,0,0,0
TF,DW865,53.645222,-6.899556,0, ,0.0,0.0,0.0,0.0,1,8000,0,1,230,0,0,0
TF,DW866,53.558083,-6.974222,0, ,0.0,0.0,0.0,0.0,1,8000,0,1,230,0,0,0
TF,NEKIL,53.521278,-6.673222,0, ,0.0,0.0,0.0,0.0,2,4000,0,0,0,0,0,0

STAR,BOYN1X,28,5
IF,BOYNE,53.767111,-5.500000, ,0.0,0.0,0,0,0,0,0,0,0,0
TF,ADSIS,53.684194,-5.659444,0, ,0.0,0.0,0.0,0.0,0,0,0,0,0,0,0,0
TF,KERAV,53.628528,-5.765917,0, ,0.0,0.0,0.0,0.0,1,8000,0,1,230,0,0,0
TF,KOGAX,53.571833,-5.637250,0, ,0.0,0.0,0.0,0.0,1,8000,0,1,230,0,0,1
TF,NARMU,53.445333,-5.859528,0, ,0.0,0.0,0.0,0.0,0,0,0,0,0,0,0,0
TF,LAPMO,53.403056,-5.945583,0, ,0.0,0.0,0.0,0.0,2,3000,0,1,180,0,0,0

STAR,BOYN1Z,10,5
IF,BOYNE,53.767111,-5.500000, ,0.0,0.0,0,0,0,0,0,0,0,0
TF,EKREN,53.645278,-5.764750,0, ,0.0,0.0,0.0,0.0,0,0,0,0,0,0,0,0
TF,ELBON,53.592806,-6.156000,0, ,0.0,0.0,0.0,0.0,0,0,0,0,0,0,0,0
TF,ASDER,53.562972,-6.374000,0, ,0.0,0.0,0.0,0.0,1,8000,0,1,230,0,0,0
TF,AKIVA,53.648889,-6.452667,0, ,0.0,0.0,0.0,0.0,1,8000,0,1,230,0,0,0
TF,NEKIL,53.521278,-6.673222,0, ,0.0,0.0,0.0,0.0,2,4000,0,0,0,0,0,0

STAR,BUNE1L,28,5
IF,BUNED,52.622750,-6.630056, ,0.0,0.0,0,0,0,0,0,0,0,0
TF,DIRUM,53.002694,-6.661111,0, ,0.0,0.0,0.0,0.0,0,0,0,0,0,0,0,0
TF,KEPOR,53.171250,-6.366861,0, ,0.0,0.0,0.0,0.0,0,0,0,0,0,0,0,0
TF,ARVOK,53.155278,-6.059750,0, ,0.0,0.0,0.0,0.0,0,0,0,0,0,0,0,0
TF,SORIN,53.141472,-5.806250,0, ,0.0,0.0,0.0,0.0,1,7000,0,1,230,0,0,0
TF,SIVNA,53.197861,-5.641028,0, ,0.0,0.0,0.0,0.0,1,7000,0,1,230,0,0,0
TF,SUGAD,53.289583,-5.527722,0, ,0.0,0.0,0.0,0.0,1,7000,0,1,230,0,0,0
TF,DW704,53.401028,-5.486139,0, ,0.0,0.0,0.0,0.0,1,7000,0,1,230,0,0,0
TF,DW705,53.512944,-5.524000,0, ,0.0,0.0,0.0,0.0,1,7000,0,1,230,0,0,0
TF,DW706,53.605917,-5.635250,0, ,0.0,0.0,0.0,0.0,1,7000,0,1,230,0,0,0
TF,SOPEP,53.351639,-5.874833,0, ,0.0,0.0,0.0,0.0,0,0,0,0,0,0,0,0
TF,LAPMO,53.403056,-5.945583,0, ,0.0,0.0,0.0,0.0,2,3000,0,1,180,0,0,0

STAR,BUNE1R,10,5
IF,BUNED,52.622750,-6.630056, ,0.0,0.0,3,20000,0,0,0,0,0,0
TF,DIRUM,53.002694,-6.661111,0, ,0.0,0.0,0.0,0.0,0,0,0,0,0,0,0,0
TF,KANUS,53.108472,-6.447806,0, ,0.0,0.0,0.0,0.0,0,0,0,1,230,0,0,0
TF,BABON,53.217583,-6.515694,0, ,0.0,0.0,0.0,0.0,1,7000,0,1,230,0,0,0
TF,BIVDI,53.183194,-6.668222,0, ,0.0,0.0,0.0,0.0,1,7000,0,1,230,0,0,0
TF,DW754,53.200639,-6.828500,0, ,0.0,0.0,0.0,0.0,1,7000,0,1,230,0,0,0
TF,DW755,53.265056,-6.951250,0, ,0.0,0.0,0.0,0.0,1,7000,0,1,230,0,0,0
TF,OSLEX,53.365500,-6.695694,0, ,0.0,0.0,0.0,0.0,2,5000,0,0,0,0,0,0

STAR,BUNE1S,34,5
IF,BUNED,52.622750,-6.630056, ,0.0,0.0,0,0,0,0,0,0,0,0
TF,DIRUM,53.002694,-6.661111,0, ,0.0,0.0,0.0,0.0,0,0,0,0,0,0,0,0
TF,KEPOR,53.171250,-6.366861,0, ,0.0,0.0,0.0,0.0,0,0,0,1,250,0,0,0
TF,ARVOK,53.155278,-6.059750,0, ,0.0,0.0,0.0,0.0,0,0,0,0,0,0,0,0
TF,SORIN,53.141472,-5.806250,0, ,0.0,0.0,0.0,0.0,2,6000,0,1,230,0,0,0

STAR,BUNE1X,28,5
IF,BUNED,52.622750,-6.630056, ,0.0,0.0,0,0,0,0,0,0,0,0
TF,DIRUM,53.002694,-6.661111,0, ,0.0,0.0,0.0,0.0,0,0,0,0,0,0,0,0
TF,KEPOR,53.171250,-6.366861,0, ,0.0,0.0,0.0,0.0,0,0,0,0,0,0,0,0
TF,ARVOK,53.155278,-6.059750,0, ,0.0,0.0,0.0,0.0,0,0,0,0,0,0,0,0
TF,SORIN,53.141472,-5.806250,0, ,0.0,0.0,0.0,0.0,1,7000,0,1,230,0,0,0
TF,SIVNA,53.197861,-5.641028,0, ,0.0,0.0,0.0,0.0,1,7000,0,1,230,0,0,0
TF,SOPEP,53.351639,-5.874833,0, ,0.0,0.0,0.0,0.0,0,0,0,0,0,0,0,0
TF,LAPMO,53.403056,-5.945583,0, ,0.0,0.0,0.0,0.0,2,3000,0,1,180,0,0,0

STAR,BUNE1Z,10,5
IF,BUNED,52.622750,-6.630056, ,0.0,0.0,3,20000,0,0,0,0,0,0
TF,DIRUM,53.002694,-6.661111,0, ,0.0,0.0,0.0,0.0,0,0,0,0,0,0,0,0
TF,KANUS,53.108472,-6.447806,0, ,0.0,0.0,0.0,0.0,0,0,0,1,230,0,0,0
TF,BABON,53.217583,-6.515694,0, ,0.0,0.0,0.0,0.0,1,7000,0,1,230,0,0,0
TF,BIVDI,53.183194,-6.668222,0, ,0.0,0.0,0.0,0.0,1,7000,0,1,230,0,0,0
TF,OSLEX,53.365500,-6.695694,0, ,0.0,0.0,0.0,0.0,2,5000,0,0,0,0,0,0

STAR,BUNE4U,16,5
IF,BUNED,52.622750,-6.630056, ,0.0,0.0,0,0,0,0,0,0,0,0
TF,DIRUM,53.002694,-6.661111,0, ,0.0,0.0,0.0,0.0,0,0,0,0,0,0,0,0
TF,KEPOR,53.171250,-6.366861,0, ,0.0,0.0,0.0,0.0,0,0,0,0,0,0,0,0
TF,OTNER,53.287500,-6.307500,0, ,0.0,0.0,0.0,0.0,0,0,0,1,250,0,0,0
TF,DWN27,53.626667,-6.621389,0, ,0.0,0.0,0.0,0.0,0,0,0,0,0,0,0,0
TF,ULTAG,53.700278,-6.738111,0, ,0.0,0.0,0.0,0.0,2,6000,0,1,220,0,0,0

STAR,LIPG1R,10,5
IF,LIPGO,53.063917,-5.500000, ,0.0,0.0,0,0,0,0,0,0,0,0
TF,RUBAR,53.135806,-5.801500,0, ,0.0,0.0,0.0,0.0,0,0,0,0,0,0,0,0
TF,DETAX,53.241861,-6.209889,0, ,0.0,0.0,0.0,0.0,0,0,0,0,0,0,0,0
TF,BERMO,53.294139,-6.414111,0, ,0.0,0.0,0.0,0.0,1,7000,0,1,230,0,0,0
TF,BABON,53.217583,-6.515694,0, ,0.0,0.0,0.0,0.0,1,7000,0,1,230,0,0,0
TF,BIVDI,53.183194,-6.668222,0, ,0.0,0.0,0.0,0.0,1,7000,0,1,230,0,0,0
TF,DW754,53.200639,-6.828500,0, ,0.0,0.0,0.0,0.0,1,7000,0,1,230,0,0,0
TF,DW755,53.265056,-6.951250,0, ,0.0,0.0,0.0,0.0,1,7000,0,1,230,0,0,0
TF,OSLEX,53.365500,-6.695694,0, ,0.0,0.0,0.0,0.0,2,5000,0,0,0,0,0,0

STAR,LIPG1S,34,5
IF,LIPGO,53.063917,-5.500000, ,0.0,0.0,0,0,0,0,0,0,0,0
TF,SORIN,53.141472,-5.806250,0, ,0.0,0.0,0.0,0.0,2,6000,0,1,230,0,0,0

STAR,LIPG1U,16,5
IF,LIPGO,53.063917,-5.500000, ,0.0,0.0,0,0,0,0,0,0,0,0
TF,RUBAR,53.135806,-5.801500,0, ,0.0,0.0,0.0,0.0,0,0,0,0,0,0,0,0
TF,OTNER,53.287500,-6.307500,0, ,0.0,0.0,0.0,0.0,0,0,0,1,250,0,0,0
TF,DWN27,53.626667,-6.621389,0, ,0.0,0.0,0.0,0.0,0,0,0,0,0,0,0,0
TF,ULTAG,53.700278,-6.738111,0, ,0.0,0.0,0.0,0.0,2,6000,0,1,220,0,0,0

STAR,LIPG1Z,10,5
IF,LIPGO,53.063917,-5.500000, ,0.0,0.0,0,0,0,0,0,0,0,0
TF,RUBAR,53.135806,-5.801500,0, ,0.0,0.0,0.0,0.0,0,0,0,0,0,0,0,0
TF,DETAX,53.241861,-6.209889,0, ,0.0,0.0,0.0,0.0,0,0,0,0,0,0,0,0
TF,BERMO,53.294139,-6.414111,0, ,0.0,0.0,0.0,0.0,1,7000,0,1,230,0,0,0
TF,BABON,53.217583,-6.515694,0, ,0.0,0.0,0.0,0.0,1,7000,0,1,230,0,0,0
TF,OSLEX,53.365500,-6.695694,0, ,0.0,0.0,0.0,0.0,2,5000,0,0,0,0,0,0

STAR,NIMA1K,ALL,5
IF,NIMAT,53.965028,-5.742139, ,0.0,0.0,0,0,0,1,250,0,0,0
TF,KERAV,53.628528,-5.765917,0, ,0.0,0.0,0.0,0.0,2,6000,0,1,230,0,0,0

STAR,NIMA1L,28,5
IF,NIMAT,53.965028,-5.742139, ,0.0,0.0,0,0,0,0,0,0,0,0
TF,KERAV,53.628528,-5.765917,0, ,0.0,0.0,0.0,0.0,1,8000,0,1,230,0,0,0
TF,KOGAX,53.571833,-5.637250,0, ,0.0,0.0,0.0,0.0,1,8000,0,1,230,0,0,0
TF,KUDOM,53.490500,-5.553972,0, ,0.0,0.0,0.0,0.0,1,8000,0,1,230,0,0,0
TF,DW814,53.396528,-5.528083,0, ,0.0,0.0,0.0,0.0,1,8000,0,1,230,0,0,0
TF,DW815,53.303583,-5.562944,0, ,0.0,0.0,0.0,0.0,1,8000,0,1,230,0,0,0
TF,DW816,53.229694,-5.645667,0, ,0.0,0.0,0.0,0.0,1,8000,0,1,230,0,0,0
TF,NARMU,53.445333,-5.859528,0, ,0.0,0.0,0.0,0.0,0,0,0,0,0,0,0,0
TF,LAPMO,53.403056,-5.945583,0, ,0.0,0.0,0.0,0.0,2,3000,0,1,180,0,0,0

STAR,NIMA1R,10,5
IF,NIMAT,53.965028,-5.742139, ,0.0,0.0,0,0,0,0,0,0,0,0
TF,EKREN,53.645278,-5.764750,0, ,0.0,0.0,0.0,0.0,0,0,0,0,0,0,0,0
TF,ELBON,53.592806,-6.156000,0, ,0.0,0.0,0.0,0.0,0,0,0,0,0,0,0,0
TF,ASDER,53.562972,-6.374000,0, ,0.0,0.0,0.0,0.0,1,8000,0,1,230,0,0,0
TF,AKIVA,53.648889,-6.452667,0, ,0.0,0.0,0.0,0.0,1,8000,0,1,230,0,0,0
TF,ADNAL,53.698306,-6.594861,0, ,0.0,0.0,0.0,0.0,1,8000,0,1,230,0,0,0
TF,APRUT,53.696944,-6.759694,0, ,0.0,0.0,0.0,0.0,1,8000,0,1,230,0,0,0
TF,DW865,53.645222,-6.899556,0, ,0.0,0.0,0.0,0.0,1,8000,0,1,230,0,0,0
TF,DW866,53.558083,-6.974222,0, ,0.0,0.0,0.0,0.0,1,8000,0,1,230,0,0,0
TF,NEKIL,53.521278,-6.673222,0, ,0.0,0.0,0.0,0.0,2,4000,0,0,0,0,0,0

STAR,NIMA1X,28,5
IF,NIMAT,53.965028,-5.742139, ,0.0,0.0,0,0,0,0,0,0,0,0
TF,KERAV,53.628528,-5.765917,0, ,0.0,0.0,0.0,0.0,1,8000,0,1,230,0,0,0
TF,KOGAX,53.571833,-5.637250,0, ,0.0,0.0,0.0,0.0,1,8000,0,1,230,0,0,1
TF,NARMU,53.445333,-5.859528,0, ,0.0,0.0,0.0,0.0,0,0,0,0,0,0,0,0
TF,LAPMO,53.403056,-5.945583,0, ,0.0,0.0,0.0,0.0,2,3000,0,1,180,0,0,0

STAR,NIMA1Z,10,5
IF,NIMAT,53.965028,-5.742139, ,0.0,0.0,0,0,0,0,0,0,0,0
TF,EKREN,53.645278,-5.764750,0, ,0.0,0.0,0.0,0.0,0,0,0,0,0,0,0,0
TF,ELBON,53.592806,-6.156000,0, ,0.0,0.0,0.0,0.0,0,0,0,0,0,0,0,0
TF,ASDER,53.562972,-6.374000,0, ,0.0,0.0,0.0,0.0,1,8000,0,1,230,0,0,0
TF,AKIVA,53.648889,-6.452667,0, ,0.0,0.0,0.0,0.0,1,8000,0,1,230,0,0,0
TF,NEKIL,53.521278,-6.673222,0, ,0.0,0.0,0.0,0.0,2,4000,0,0,0,0,0,0

STAR,OLAP1K,34,5
IF,OLAPO,53.780278,-7.294611, ,0.0,0.0,0,0,0,0,0,0,0,0
TF,RONON,53.709417,-6.605333,0, ,0.0,0.0,0.0,0.0,0,0,0,0,0,0,0,0
TF,ORVEN,53.664861,-6.191611,0, ,0.0,0.0,0.0,0.0,0,0,0,1,250,0,0,0
TF,GIRAS,53.639167,-5.959222,0, ,0.0,0.0,0.0,0.0,0,0,0,0,0,0,0,0
TF,KERAV,53.628528,-5.765917,0, ,0.0,0.0,0.0,0.0,2,6000,0,1,230,0,0,0

STAR,OLAP1L,28,5
IF,OLAPO,53.780278,-7.294611, ,0.0,0.0,0,0,0,0,0,0,0,0
TF,RONON,53.709417,-6.605333,0, ,0.0,0.0,0.0,0.0,0,0,0,0,0,0,0,0
TF,ORVEN,53.664861,-6.191611,0, ,0.0,0.0,0.0,0.0,0,0,0,0,0,0,0,0
TF,GIRAS,53.639167,-5.959222,0, ,0.0,0.0,0.0,0.0,0,0,0,0,0,0,0,0
TF,KERAV,53.628528,-5.765917,0, ,0.0,0.0,0.0,0.0,1,8000,0,1,230,0,0,0
TF,KOGAX,53.571833,-5.637250,0, ,0.0,0.0,0.0,0.0,1,8000,0,1,230,0,0,0
TF,KUDOM,53.490500,-5.553972,0, ,0.0,0.0,0.0,0.0,1,8000,0,1,230,0,0,0
TF,DW814,53.396528,-5.528083,0, ,0.0,0.0,0.0,0.0,1,8000,0,1,230,0,0,0
TF,DW815,53.303583,-5.562944,0, ,0.0,0.0,0.0,0.0,1,8000,0,1,230,0,0,0
TF,DW816,53.229694,-5.645667,0, ,0.0,0.0,0.0,0.0,1,8000,0,1,230,0,0,0
TF,NARMU,53.445333,-5.859528,0, ,0.0,0.0,0.0,0.0,0,0,0,0,0,0,0,0
TF,LAPMO,53.403056,-5.945583,0, ,0.0,0.0,0.0,0.0,2,3000,0,1,180,0,0,0

STAR,OLAP1R,10,5
IF,OLAPO,53.780278,-7.294611, ,0.0,0.0,3,17000,0,0,0,0,0,0
TF,EPIDU,53.817639,-6.598611,0, ,0.0,0.0,0.0,0.0,0,0,0,1,230,0,0,0
TF,ADNAL,53.698306,-6.594861,0, ,0.0,0.0,0.0,0.0,1,8000,0,1,230,0,0,0
TF,APRUT,53.696944,-6.759694,0, ,0.0,0.0,0.0,0.0,1,8000,0,1,230,0,0,0
TF,DW865,53.645222,-6.899556,0, ,0.0,0.0,0.0,0.0,1,8000,0,1,230,0,0,0
TF,DW866,53.558083,-6.974222,0, ,0.0,0.0,0.0,0.0,1,8000,0,1,230,0,0,0
TF,NEKIL,53.521278,-6.673222,0, ,0.0,0.0,0.0,0.0,2,4000,0,0,0,0,0,0

STAR,OLAP1X,28,5
IF,OLAPO,53.780278,-7.294611, ,0.0,0.0,0,0,0,0,0,0,0,0
TF,RONON,53.709417,-6.605333,0, ,0.0,0.0,0.0,0.0,0,0,0,0,0,0,0,0
TF,ORVEN,53.664861,-6.191611,0, ,0.0,0.0,0.0,0.0,0,0,0,0,0,0,0,0
TF,GIRAS,53.639167,-5.959222,0, ,0.0,0.0,0.0,0.0,0,0,0,0,0,0,0,0
TF,KERAV,53.628528,-5.765917,0, ,0.0,0.0,0.0,0.0,1,8000,0,1,230,0,0,0
TF,KOGAX,53.571833,-5.637250,0, ,0.0,0.0,0.0,0.0,1,8000,0,1,230,0,0,1
TF,NARMU,53.445333,-5.859528,0, ,0.0,0.0,0.0,0.0,0,0,0,0,0,0,0,0
TF,LAPMO,53.403056,-5.945583,0, ,0.0,0.0,0.0,0.0,2,3000,0,1,180,0,0,0

STAR,OLAP1Z,10,5
IF,OLAPO,53.780278,-7.294611, ,0.0,0.0,3,17000,0,0,0,0,0,0
TF,EPIDU,53.817639,-6.598611,0, ,0.0,0.0,0.0,0.0,0,0,0,1,230,0,0,0
TF,ADNAL,53.698306,-6.594861,0, ,0.0,0.0,0.0,0.0,1,8000,0,1,230,0,0,0
TF,APRUT,53.696944,-6.759694,0, ,0.0,0.0,0.0,0.0,1,8000,0,1,230,0,0,0
TF,NEKIL,53.521278,-6.673222,0, ,0.0,0.0,0.0,0.0,2,4000,0,0,0,0,0,0

STAR,OLAP4U,16,5
IF,OLAPO,53.780278,-7.294611, ,0.0,0.0,0,0,0,1,250,0,0,0
TF,ULTAG,53.700278,-6.738111,0, ,0.0,0.0,0.0,0.0,2,6000,0,1,220,0,0,0

STAR,OSGA1L,28,5
IF,OSGAR,53.049417,-7.270222, ,0.0,0.0,0,0,0,0,0,0,0,0
TF,DIRUM,53.002694,-6.661111,0, ,0.0,0.0,0.0,0.0,0,0,0,0,0,0,0,0
TF,KEPOR,53.171250,-6.366861,0, ,0.0,0.0,0.0,0.0,0,0,0,0,0,0,0,0
TF,ARVOK,53.155278,-6.059750,0, ,0.0,0.0,0.0,0.0,0,0,0,0,0,0,0,0
TF,SORIN,53.141472,-5.806250,0, ,0.0,0.0,0.0,0.0,1,7000,0,1,230,0,0,0
TF,SIVNA,53.197861,-5.641028,0, ,0.0,0.0,0.0,0.0,1,7000,0,1,230,0,0,0
TF,SUGAD,53.289583,-5.527722,0, ,0.0,0.0,0.0,0.0,1,7000,0,1,230,0,0,0
TF,DW704,53.401028,-5.486139,0, ,0.0,0.0,0.0,0.0,1,7000,0,1,230,0,0,0
TF,DW705,53.512944,-5.524000,0, ,0.0,0.0,0.0,0.0,1,7000,0,1,230,0,0,0
TF,DW706,53.605917,-5.635250,0, ,0.0,0.0,0.0,0.0,1,7000,0,1,230,0,0,0
TF,SOPEP,53.351639,-5.874833,0, ,0.0,0.0,0.0,0.0,0,0,0,0,0,0,0,0
TF,LAPMO,53.403056,-5.945583,0, ,0.0,0.0,0.0,0.0,2,3000,0,1,180,0,0,0

STAR,OSGA1R,10,5
IF,OSGAR,53.049417,-7.270222, ,0.0,0.0,3,20000,0,0,0,0,0,0
TF,DIRUM,53.002694,-6.661111,0, ,0.0,0.0,0.0,0.0,0,0,0,0,0,0,0,0
TF,KANUS,53.108472,-6.447806,0, ,0.0,0.0,0.0,0.0,0,0,0,1,230,0,0,0
TF,BABON,53.217583,-6.515694,0, ,0.0,0.0,0.0,0.0,1,7000,0,1,230,0,0,0
TF,BIVDI,53.183194,-6.668222,0, ,0.0,0.0,0.0,0.0,1,7000,0,1,230,0,0,0
TF,DW754,53.200639,-6.828500,0, ,0.0,0.0,0.0,0.0,1,7000,0,1,230,0,0,0
TF,DW755,53.265056,-6.951250,0, ,0.0,0.0,0.0,0.0,1,7000,0,1,230,0,0,0
TF,OSLEX,53.365500,-6.695694,0, ,0.0,0.0,0.0,0.0,2,5000,0,0,0,0,0,0

STAR,OSGA1S,34,5
IF,OSGAR,53.049417,-7.270222, ,0.0,0.0,0,0,0,0,0,0,0,0
TF,DIRUM,53.002694,-6.661111,0, ,0.0,0.0,0.0,0.0,0,0,0,0,0,0,0,0
TF,KEPOR,53.171250,-6.366861,0, ,0.0,0.0,0.0,0.0,0,0,0,1,250,0,0,0
TF,ARVOK,53.155278,-6.059750,0, ,0.0,0.0,0.0,0.0,0,0,0,0,0,0,0,0
TF,SORIN,53.141472,-5.806250,0, ,0.0,0.0,0.0,0.0,2,6000,0,1,230,0,0,0

STAR,OSGA1X,28,5
IF,OSGAR,53.049417,-7.270222, ,0.0,0.0,0,0,0,0,0,0,0,0
TF,DIRUM,53.002694,-6.661111,0, ,0.0,0.0,0.0,0.0,0,0,0,0,0,0,0,0
TF,KEPOR,53.171250,-6.366861,0, ,0.0,0.0,0.0,0.0,0,0,0,0,0,0,0,0
TF,ARVOK,53.155278,-6.059750,0, ,0.0,0.0,0.0,0.0,0,0,0,0,0,0,0,0
TF,SORIN,53.141472,-5.806250,0, ,0.0,0.0,0.0,0.0,1,7000,0,1,230,0,0,0
TF,SIVNA,53.197861,-5.641028,0, ,0.0,0.0,0.0,0.0,1,7000,0,1,230,0,0,0
TF,SOPEP,53.351639,-5.874833,0, ,0.0,0.0,0.0,0.0,0,0,0,0,0,0,0,0
TF,LAPMO,53.403056,-5.945583,0, ,0.0,0.0,0.0,0.0,2,3000,0,1,180,0,0,0

STAR,OSGA1Z,10,5
IF,OSGAR,53.049417,-7.270222, ,0.0,0.0,3,20000,0,0,0,0,0,0
TF,DIRUM,53.002694,-6.661111,0, ,0.0,0.0,0.0,0.0,0,0,0,0,0,0,0,0
TF,KANUS,53.108472,-6.447806,0, ,0.0,0.0,0.0,0.0,0,0,0,1,230,0,0,0
TF,BABON,53.217583,-6.515694,0, ,0.0,0.0,0.0,0.0,1,7000,0,1,230,0,0,0
TF,BIVDI,53.183194,-6.668222,0, ,0.0,0.0,0.0,0.0,1,7000,0,1,230,0,0,0
TF,OSLEX,53.365500,-6.695694,0, ,0.0,0.0,0.0,0.0,2,5000,0,0,0,0,0,0

STAR,OSGA4U,16,5
IF,OSGAR,53.049417,-7.270222, ,0.0,0.0,0,0,0,0,0,0,0,0
TF,DIRUM,53.002694,-6.661111,0, ,0.0,0.0,0.0,0.0,0,0,0,0,0,0,0,0
TF,KEPOR,53.171250,-6.366861,0, ,0.0,0.0,0.0,0.0,0,0,0,0,0,0,0,0
TF,OTNER,53.287500,-6.307500,0, ,0.0,0.0,0.0,0.0,0,0,0,1,250,0,0,0
TF,DWN27,53.626667,-6.621389,0, ,0.0,0.0,0.0,0.0,0,0,0,0,0,0,0,0
TF,ULTAG,53.700278,-6.738111,0, ,0.0,0.0,0.0,0.0,2,6000,0,1,220,0,0,0

STAR,SUTE1L,28,5
IF,SUTEX,52.824361,-6.930361, ,0.0,0.0,0,0,0,0,0,0,0,0
TF,DIRUM,53.002694,-6.661111,0, ,0.0,0.0,0.0,0.0,0,0,0,0,0,0,0,0
TF,KEPOR,53.171250,-6.366861,0, ,0.0,0.0,0.0,0.0,0,0,0,0,0,0,0,0
TF,ARVOK,53.155278,-6.059750,0, ,0.0,0.0,0.0,0.0,0,0,0,0,0,0,0,0
TF,SORIN,53.141472,-5.806250,0, ,0.0,0.0,0.0,0.0,1,7000,0,1,230,0,0,0
TF,SIVNA,53.197861,-5.641028,0, ,0.0,0.0,0.0,0.0,1,7000,0,1,230,0,0,0
TF,SUGAD,53.289583,-5.527722,0, ,0.0,0.0,0.0,0.0,1,7000,0,1,230,0,0,0
TF,DW704,53.401028,-5.486139,0, ,0.0,0.0,0.0,0.0,1,7000,0,1,230,0,0,0
TF,DW705,53.512944,-5.524000,0, ,0.0,0.0,0.0,0.0,1,7000,0,1,230,0,0,0
TF,DW706,53.605917,-5.635250,0, ,0.0,0.0,0.0,0.0,1,7000,0,1,230,0,0,0
TF,SOPEP,53.351639,-5.874833,0, ,0.0,0.0,0.0,0.0,0,0,0,0,0,0,0,0
TF,LAPMO,53.403056,-5.945583,0, ,0.0,0.0,0.0,0.0,2,3000,0,1,180,0,0,0

STAR,SUTE1R,10,5
IF,SUTEX,52.824361,-6.930361, ,0.0,0.0,3,20000,0,0,0,0,0,0
TF,DIRUM,53.002694,-6.661111,0, ,0.0,0.0,0.0,0.0,0,0,0,0,0,0,0,0
TF,KANUS,53.108472,-6.447806,0, ,0.0,0.0,0.0,0.0,0,0,0,1,230,0,0,0
TF,BABON,53.217583,-6.515694,0, ,0.0,0.0,0.0,0.0,1,7000,0,1,230,0,0,0
TF,BIVDI,53.183194,-6.668222,0, ,0.0,0.0,0.0,0.0,1,7000,0,1,230,0,0,0
TF,DW754,53.200639,-6.828500,0, ,0.0,0.0,0.0,0.0,1,7000,0,1,230,0,0,0
TF,DW755,53.265056,-6.951250,0, ,0.0,0.0,0.0,0.0,1,7000,0,1,230,0,0,0
TF,OSLEX,53.365500,-6.695694,0, ,0.0,0.0,0.0,0.0,2,5000,0,0,0,0,0,0

STAR,SUTE1S,34,5
IF,SUTEX,52.824361,-6.930361, ,0.0,0.0,0,0,0,0,0,0,0,0
TF,DIRUM,53.002694,-6.661111,0, ,0.0,0.0,0.0,0.0,0,0,0,0,0,0,0,0
TF,KEPOR,53.171250,-6.366861,0, ,0.0,0.0,0.0,0.0,0,0,0,1,250,0,0,0
TF,ARVOK,53.155278,-6.059750,0, ,0.0,0.0,0.0,0.0,0,0,0,0,0,0,0,0
TF,SORIN,53.141472,-5.806250,0, ,0.0,0.0,0.0,0.0,2,6000,0,1,230,0,0,0

STAR,SUTE1X,28,5
IF,SUTEX,52.824361,-6.930361, ,0.0,0.0,0,0,0,0,0,0,0,0
TF,DIRUM,53.002694,-6.661111,0, ,0.0,0.0,0.0,0.0,0,0,0,0,0,0,0,0
TF,KEPOR,53.171250,-6.366861,0, ,0.0,0.0,0.0,0.0,0,0,0,0,0,0,0,0
TF,ARVOK,53.155278,-6.059750,0, ,0.0,0.0,0.0,0.0,0,0,0,0,0,0,0,0
TF,SORIN,53.141472,-5.806250,0, ,0.0,0.0,0.0,0.0,1,7000,0,1,230,0,0,0
TF,SIVNA,53.197861,-5.641028,0, ,0.0,0.0,0.0,0.0,1,7000,0,1,230,0,0,0
TF,SOPEP,53.351639,-5.874833,0, ,0.0,0.0,0.0,0.0,0,0,0,0,0,0,0,0
TF,LAPMO,53.403056,-5.945583,0, ,0.0,0.0,0.0,0.0,2,3000,0,1,180,0,0,0

STAR,SUTE1Z,10,5
IF,SUTEX,52.824361,-6.930361, ,0.0,0.0,3,20000,0,0,0,0,0,0
TF,DIRUM,53.002694,-6.661111,0, ,0.0,0.0,0.0,0.0,0,0,0,0,0,0,0,0
TF,KANUS,53.108472,-6.447806,0, ,0.0,0.0,0.0,0.0,0,0,0,1,230,0,0,0
TF,BABON,53.217583,-6.515694,0, ,0.0,0.0,0.0,0.0,1,7000,0,1,230,0,0,0
TF,BIVDI,53.183194,-6.668222,0, ,0.0,0.0,0.0,0.0,1,7000,0,1,230,0,0,0
TF,OSLEX,53.365500,-6.695694,0, ,0.0,0.0,0.0,0.0,2,5000,0,0,0,0,0,0

STAR,SUTE4U,16,5
IF,SUTEX,52.824361,-6.930361, ,0.0,0.0,0,0,0,0,0,0,0,0
TF,DIRUM,53.002694,-6.661111,0, ,0.0,0.0,0.0,0.0,0,0,0,0,0,0,0,0
TF,KEPOR,53.171250,-6.366861,0, ,0.0,0.0,0.0,0.0,0,0,0,0,0,0,0,0
TF,OTNER,53.287500,-6.307500,0, ,0.0,0.0,0.0,0.0,0,0,0,1,250,0,0,0
TF,DWN27,53.626667,-6.621389,0, ,0.0,0.0,0.0,0.0,0,0,0,0,0,0,0,0
TF,ULTAG,53.700278,-6.738111,0, ,0.0,0.0,0.0,0.0,2,6000,0,1,220,0,0,0

STAR,VATR1L,28,5
IF,VATRY,52.554444,-5.500000, ,0.0,0.0,0,0,0,0,0,0,0,0
TF,SORIN,53.141472,-5.806250,0, ,0.0,0.0,0.0,0.0,1,7000,0,1,230,0,0,0
TF,SIVNA,53.197861,-5.641028,0, ,0.0,0.0,0.0,0.0,1,7000,0,1,230,0,0,0
TF,SUGAD,53.289583,-5.527722,0, ,0.0,0.0,0.0,0.0,1,7000,0,1,230,0,0,0
TF,DW704,53.401028,-5.486139,0, ,0.0,0.0,0.0,0.0,1,7000,0,1,230,0,0,0
TF,DW705,53.512944,-5.524000,0, ,0.0,0.0,0.0,0.0,1,7000,0,1,230,0,0,0
TF,DW706,53.605917,-5.635250,0, ,0.0,0.0,0.0,0.0,1,7000,0,1,230,0,0,0
TF,SOPEP,53.351639,-5.874833,0, ,0.0,0.0,0.0,0.0,0,0,0,0,0,0,0,0
TF,LAPMO,53.403056,-5.945583,0, ,0.0,0.0,0.0,0.0,2,3000,0,1,180,0,0,0

STAR,VATR1R,10,5
IF,VATRY,52.554444,-5.500000, ,0.0,0.0,0,0,0,0,0,0,0,0
TF,RUBAR,53.135806,-5.801500,0, ,0.0,0.0,0.0,0.0,0,0,0,0,0,0,0,0
TF,DETAX,53.241861,-6.209889,0, ,0.0,0.0,0.0,0.0,0,0,0,0,0,0,0,0
TF,BERMO,53.294139,-6.414111,0, ,0.0,0.0,0.0,0.0,1,7000,0,1,230,0,0,0
TF,BABON,53.217583,-6.515694,0, ,0.0,0.0,0.0,0.0,1,7000,0,1,230,0,0,0
TF,BIVDI,53.183194,-6.668222,0, ,0.0,0.0,0.0,0.0,1,7000,0,1,230,0,0,0
TF,DW754,53.200639,-6.828500,0, ,0.0,0.0,0.0,0.0,1,7000,0,1,230,0,0,0
TF,DW755,53.265056,-6.951250,0, ,0.0,0.0,0.0,0.0,1,7000,0,1,230,0,0,0
TF,OSLEX,53.365500,-6.695694,0, ,0.0,0.0,0.0,0.0,2,5000,0,0,0,0,0,0

STAR,VATR1S,34,5
IF,VATRY,52.554444,-5.500000, ,0.0,0.0,0,0,0,0,0,0,0,0
TF,SORIN,53.141472,-5.806250,0, ,0.0,0.0,0.0,0.0,2,6000,0,1,230,0,0,0

STAR,VATR1U,16,5
IF,VATRY,52.554444,-5.500000, ,0.0,0.0,0,0,0,0,0,0,0,0
TF,RUBAR,53.135806,-5.801500,0, ,0.0,0.0,0.0,0.0,0,0,0,0,0,0,0,0
TF,OTNER,53.287500,-6.307500,0, ,0.0,0.0,0.0,0.0,0,0,0,1,250,0,0,0
TF,DWN27,53.626667,-6.621389,0, ,0.0,0.0,0.0,0.0,0,0,0,0,0,0,0,0
TF,ULTAG,53.700278,-6.738111,0, ,0.0,0.0,0.0,0.0,2,6000,0,1,220,0,0,0

STAR,VATR1X,28,5
IF,VATRY,52.554444,-5.500000, ,0.0,0.0,0,0,0,0,0,0,0,0
TF,SORIN,53.141472,-5.806250,0, ,0.0,0.0,0.0,0.0,1,7000,0,1,230,0,0,0
TF,SIVNA,53.197861,-5.641028,0, ,0.0,0.0,0.0,0.0,1,7000,0,1,230,0,0,0
TF,SOPEP,53.351639,-5.874833,0, ,0.0,0.0,0.0,0.0,0,0,0,0,0,0,0,0
TF,LAPMO,53.403056,-5.945583,0, ,0.0,0.0,0.0,0.0,2,3000,0,1,180,0,0,0

STAR,VATR1Z,10,5
IF,VATRY,52.554444,-5.500000, ,0.0,0.0,0,0,0,0,0,0,0,0
TF,RUBAR,53.135806,-5.801500,0, ,0.0,0.0,0.0,0.0,0,0,0,0,0,0,0,0
TF,DETAX,53.241861,-6.209889,0, ,0.0,0.0,0.0,0.0,0,0,0,0,0,0,0,0
TF,BERMO,53.294139,-6.414111,0, ,0.0,0.0,0.0,0.0,1,7000,0,1,230,0,0,0
TF,BABON,53.217583,-6.515694,0, ,0.0,0.0,0.0,0.0,1,7000,0,1,230,0,0,0
TF,OSLEX,53.365500,-6.695694,0, ,0.0,0.0,0.0,0.0,2,5000,0,0,0,0,0,0

FINAL,D10,10,D,3
IF,RISAP,53.440944,-6.637000,DAP,279.1,12.0,2,3000,0,0,0,0,0,0
CF,GANET,53.435139,-6.526056,0,DAP,279.0,8.0,98.0,4.0,2,3000,0,0,0,0,2,0
CF,MD10,53.424389,-6.316722,0,DAP,279.3,0.5,98.0,7.5,1,602,0,0,0,0,3,0
CF,MAXEV,53.409306,-6.054806,0,DAP,99.4,8.9,99.0,9.5,3,3000,0,0,0,0,0,1
CF,DUB,53.499389,-6.307111,1,DUB,0.0,0.0,278.0,10.0,2,5000,0,1,220,0,0,0

APPTR,D16,16,KERAV
IF,KERAV,53.628528,-5.765917, ,0.0,0.0,0,0,0,1,230,0,1,0
TF,ERUDA,53.674722,-6.281944,0, ,0.0,0.0,0.0,0.0,0,0,0,1,210,0,0,0
CF,BAPDA,53.627778,-6.401028,0,DUB,340.5,8.4,241.0,5.1,2,3000,0,1,180,0,1,0

APPTR,D16,16,ULTAG
IF,ULTAG,53.700278,-6.738111, ,0.0,0.0,0,0,0,1,220,0,1,0
TF,UMDAR,53.634167,-6.526667,0, ,0.0,0.0,0.0,0.0,0,0,0,1,210,0,0,0
CF,BAPDA,53.627778,-6.401028,0,DUB,340.5,8.4,99.0,4.5,2,3000,0,1,180,0,1,0

FINAL,D16,16,D,4
IF,BAPDA,53.627778,-6.401028,DUB,340.5,8.4,2,3000,0,1,180,0,0,0
CF,FD16,53.570222,-6.358917,0,DUB,340.5,4.6,161.0,3.8,2,3000,0,1,160,0,2,0
CF,DUB,53.499389,-6.307111,0,DUB,0.0,0.0,161.0,4.6,2,1570,0,0,0,0,0,0
CF,MD16,53.452028,-6.272833,0,DUB,160.6,3.1,161.0,3.1,1,587,0,0,0,0,3,0
CA,0,161.0,2,650,0,0,0,0,0,0
VM,0,0,0,161.0,1,3000,0,0,0,0,0,0

FINAL,D28-T,28,D,3
IF,LAPMO,53.403056,-5.945583,DAP,99.4,12.9,2,3000,0,0,0,0,0,0
CF,MAXEV,53.409306,-6.054806,0,DAP,99.4,8.9,279.0,3.9,2,2500,0,0,0,0,2,0
CF,MD28,53.419194,-6.225472,0,DAP,99.4,2.8,279.0,6.2,1,623,0,0,0,0,3,0
CF,GANET,53.435139,-6.526056,0,DAP,279.0,8.0,278.0,10.8,3,3000,0,0,0,0,0,1
CF,DUB,53.499389,-6.307111,2,DUB,0.0,0.0,98.0,8.0,2,5000,0,1,220,0,0,0

APPTR,D34,34,KERAV
IF,KERAV,53.628528,-5.765917, ,0.0,0.0,2,6000,0,1,230,0,1,0
TF,AMDIL,53.257028,-5.981500,0, ,0.0,0.0,0.0,0.0,0,0,0,0,0,0,0,0
CF,INTOP,53.224278,-6.109000,0,DUB,160.6,18.0,250.0,5.0,2,3000,0,1,180,0,1,0

APPTR,D34,34,SORIN
IF,SORIN,53.141472,-5.806250, ,0.0,0.0,2,6000,0,1,230,0,1,0
CF,INTOP,53.224278,-6.109000,0,DUB,160.6,18.0,298.0,12.0,2,3000,0,1,180,0,1,0

FINAL,D34,34,D,4
IF,INTOP,53.224278,-6.109000,DUB,160.6,18.0,2,3000,0,1,180,0,0,0
CF,ABDOX,53.288028,-6.154667,0,DUB,160.6,13.8,340.0,4.2,2,3000,0,0,0,0,2,0
CF,VOR10,53.346583,-6.196750,0,DUB,160.6,10.0,340.0,3.8,2,1780,0,0,0,0,0,0
CF,MD34,53.404667,-6.238583,0,DUB,160.6,6.2,340.0,3.8,1,571,0,0,0,0,3,0
CF,BAPDA,53.627778,-6.401028,0,DUB,340.5,8.4,340.0,14.6,3,3000,0,0,0,0,0,1
CF,DAP,53.423611,-6.302778,1,DAP,0.0,0.0,150.0,12.8,1,5000,0,0,0,0,0,0
CF,SORIN,53.141472,-5.806250,0,DAP,137.3,24.6,137.0,24.6,0,0,0,0,0,0,0,0

FINAL,I10,10,I,3
IF,RISAP,53.440944,-6.637000,IDE,278.3,14.1,2,3000,0,0,0,0,0,0
CF,GANET,53.435139,-6.526056,0,IDE,278.3,10.1,98.0,4.0,1,3000,0,0,0,0,2,0
CF,RW10,53.422431,-6.290075,0,IDE,278.3,1.6,98.0,8.5,1,296,0,0,0,0,3,0
CF,MAXEV,53.409306,-6.054806,0,DAP,99.4,8.9,98.0,8.5,3,3000,0,0,0,0,0,1
CF,DUB,53.499389,-6.307111,1,DUB,0.0,0.0,278.0,10.0,2,5000,0,1,220,0,0,0

APPTR,I16,16,KERAV
IF,KERAV,53.628528,-5.765917, ,0.0,0.0,0,0,0,0,0,0,1,0
TF,ERUDA,53.674722,-6.281944,0, ,0.0,0.0,0.0,0.0,0,0,0,0,0,0,0,0
CF,BAPDA,53.627778,-6.401028,0,IAC,340.6,13.7,241.0,5.1,2,3000,0,1,180,0,1,0

APPTR,I16,16,ULTAG
IF,ULTAG,53.700278,-6.738111, ,0.0,0.0,0,0,0,0,0,0,1,0
TF,UMDAR,53.634167,-6.526667,0, ,0.0,0.0,0.0,0.0,0,0,0,0,0,0,0,0
CF,BAPDA,53.627778,-6.401028,0,IAC,340.6,13.7,99.0,4.5,2,3000,0,1,180,0,1,0

FINAL,I16,16,I,3
IF,BAPDA,53.627778,-6.401028,IAC,340.6,13.7,2,3000,0,0,0,0,0,0
CF,FI16,53.570222,-6.358917,0,IAC,340.6,10.0,161.0,3.8,1,3000,0,0,0,0,2,0
CF,RW16,53.436989,-6.261978,0,IAC,340.6,1.2,161.0,8.7,1,271,0,0,0,0,3,0
CA,0,161.0,2,650,0,0,0,0,0,0
VM,0,0,0,161.0,1,3000,0,0,0,0,0,0

FINAL,I28,28,I,3
IF,LAPMO,53.403056,-5.945583,IDW,98.2,12.6,2,3000,0,0,0,0,0,0
CF,MAXEV,53.409306,-6.054806,0,IDW,98.2,8.7,279.0,3.9,1,2500,0,1,160,0,2,0
CF,RW28,53.420261,-6.250578,0,IDW,98.2,1.6,279.0,7.1,1,256,0,0,0,0,3,0
CF,GANET,53.435139,-6.526056,0,DAP,279.0,8.0,279.0,9.9,3,3000,0,0,0,0,0,1
CF,DUB,53.499389,-6.307111,2,DUB,0.0,0.0,98.0,8.0,2,5000,0,1,220,0,0,0

APPTR,R10,10,NEKIL
IF,NEKIL,53.521278,-6.673222, ,0.0,0.0,2,4000,0,1,230,0,1,0
TF,RISAP,53.440944,-6.637000,0, ,0.0,0.0,0.0,0.0,2,3000,0,0,0,0,1,0

APPTR,R10,10,OSLEX
IF,OSLEX,53.365500,-6.695694, ,0.0,0.0,2,5000,0,1,230,0,1,0
TF,RISAP,53.440944,-6.637000,0, ,0.0,0.0,0.0,0.0,2,3000,0,0,0,0,1,0

FINAL,R10,10,R,3
IF,RISAP,53.440944,-6.637000, ,0.0,0.0,2,3000,0,0,0,0,0,0
TF,GANET,53.435139,-6.526056,0, ,0.0,0.0,98.0,4.0,1,3000,0,0,0,0,2,0
TF,RW10,53.422431,-6.290075,0, ,0.0,0.0,98.0,8.5,1,296,0,0,0,0,3,1
CF,MAXEV,53.409306,-6.054806,0,DUB,124.8,10.6,98.0,8.5,3,3000,0,1,220,0,0,1
DF,DUB,53.499389,-6.307111,1, ,0.0,0.0,1,5000,0,1,220,0,0,0

FINAL,R28,28,R,3
IF,LAPMO,53.403056,-5.945583, ,0.0,0.0,2,3000,0,0,0,0,0,0
TF,MAXEV,53.409306,-6.054806,0, ,0.0,0.0,279.0,3.9,1,2500,0,0,0,0,2,0
TF,RW28,53.420261,-6.250578,0, ,0.0,0.0,279.0,7.1,1,256,0,0,0,0,3,1
CF,GANET,53.435139,-6.526056,0,DUB,247.9,8.8,279.0,9.9,3,3000,0,1,220,0,0,1
DF,DUB,53.499389,-6.307111,2, ,0.0,0.0,1,5000,0,1,220,0,0,0

APPTR,R34,34,KERAV
IF,KERAV,53.628528,-5.765917, ,0.0,0.0,2,6000,0,1,230,0,1,0
TF,AMDIL,53.257028,-5.981500,0, ,0.0,0.0,0.0,0.0,0,0,0,0,0,0,0,0
TF,INTOP,53.224278,-6.109000,0, ,0.0,0.0,0.0,0.0,2,3000,0,1,180,0,1,0

APPTR,R34,34,SORIN
IF,SORIN,53.141472,-5.806250, ,0.0,0.0,2,6000,0,1,230,0,1,0
TF,INTOP,53.224278,-6.109000,0, ,0.0,0.0,0.0,0.0,2,3000,0,1,180,0,1,0

FINAL,R34,34,R,3
IF,INTOP,53.224278,-6.109000, ,0.0,0.0,2,3000,0,1,180,0,0,0
TF,ABDOX,53.288028,-6.154667,0, ,0.0,0.0,340.0,4.2,1,3000,0,1,160,0,2,0
TF,RW34,53.419906,-6.249594,0, ,0.0,0.0,340.0,8.6,1,252,0,0,0,0,3,1
CF,BAPDA,53.627778,-6.401028,0,DUB,340.5,8.4,340.0,13.6,3,3000,0,0,0,0,0,1
CF,DAP,53.423611,-6.302778,1,DAP,0.0,0.0,150.0,12.8,1,5000,0,0,0,0,0,0
TF,SORIN,53.141472,-5.806250,0, ,0.0,0.0,0.0,24.6,1,5000,0,1,230,0,0,0

