SID,CRK3A,26,5
CF,KY001,52.158944,-9.641611,0,CRK,299.7,46.7,257.0,4.0,4,4500,1400,0,0,0,0,1
CF,KY003,52.103194,-9.572306,1,CRK,297.0,43.0,115.0,2.0,4,4500,3300,0,0,0,0,0
TF,CRK,51.840608,-8.494269,0, ,0.0,0.0,0.0,0.0,1,4500,0,0,0,0,0,0

SID,CRK3B,26,5
CF,KY004,52.153833,-9.667361,0,CRK,298.9,47.4,257.0,5.0,4,4500,1800,0,0,0,0,1
CF,KY005,52.065250,-9.622444,1,CRK,293.3,44.0,112.0,2.0,1,4500,0,0,0,0,0,0
TF,CRK,51.840608,-8.494269,0, ,0.0,0.0,0.0,0.0,1,4500,0,0,0,0,0,0

SID,CRK3C,08,5
CF,KY007,52.205250,-9.407250,0,CRK,308.3,40.3,77.0,4.0,4,4500,1100,0,0,0,0,1
CF,KY008,52.163167,-9.280250,0,CRK,308.9,35.0,128.0,5.0,4,4500,2500,0,0,0,0,0
TF,CRK,51.840608,-8.494269,0, ,0.0,0.0,0.0,0.0,1,4500,0,0,0,0,0,0

SID,CRK3D,08,5
CF,KY010,52.210306,-9.381444,0,CRK,309.4,39.7,77.0,5.0,4,4500,1400,0,0,0,0,1
CF,KY011,52.179167,-9.262528,0,CRK,310.8,35.0,130.0,4.0,4,4500,2600,0,0,0,0,0
TF,CRK,51.840608,-8.494269,0, ,0.0,0.0,0.0,0.0,1,4500,0,0,0,0,0,0

SID,KER3A,26,5
CF,KY001,52.158944,-9.641611,0,CRK,299.7,46.7,257.0,4.0,4,4000,1400,0,0,0,0,1
CF,KER,52.182167,-9.524500,1,SHA,221.2,40.0,46.0,4.0,1,4000,0,0,0,0,0,0

SID,KER3B,26,5
CF,KY004,52.153833,-9.667361,0,CRK,298.9,47.4,257.0,5.0,4,4000,1800,0,0,0,0,1
CF,KER,52.182167,-9.524500,1,SHA,221.2,40.0,28.0,5.0,1,4000,0,0,0,0,0,0

SID,KER3C,08,5
CF,KY007,52.205250,-9.407250,0,CRK,308.3,40.3,77.0,4.0,4,4000,1100,0,0,0,0,1
CF,KER,52.182167,-9.524500,2,SHA,221.2,40.0,287.0,4.0,4,4000,3300,0,0,0,0,0

SID,KER3D,08,5
CF,KY010,52.210306,-9.381444,0,CRK,309.4,39.7,77.0,5.0,4,4000,1400,0,0,0,0,1
CF,KER,52.182167,-9.524500,2,SHA,221.2,40.0,306.0,5.0,1,4000,0,0,0,0,0,0

SID,SHA3A,26,5
CF,KY001,52.158944,-9.641611,0,CRK,299.7,46.7,257.0,4.0,4,4000,1400,0,0,0,0,1
CF,KY002,52.205306,-9.657833,2,SHA,227.8,42.0,47.0,2.0,4,4000,2800,0,0,0,0,0
TF,SHA,52.721011,-8.885214,0, ,0.0,0.0,0.0,0.0,1,4000,0,0,0,0,0,0

SID,SHA3B,26,5
CF,KY004,52.153833,-9.667361,0,CRK,298.9,47.4,257.0,5.0,4,4000,1800,0,0,0,0,1
CF,KY002,52.205306,-9.657833,2,CRK,302.4,48.4,47.0,2.0,1,4000,0,0,0,0,0,0
TF,SHA,52.721011,-8.885214,0, ,0.0,0.0,0.0,0.0,1,4000,0,0,0,0,0,0

SID,SHA3C,08,5
CF,KY007,52.205250,-9.407250,0,CRK,308.3,40.3,77.0,4.0,4,4000,1100,0,0,0,0,1
CF,KY006,52.265778,-9.338139,0,SHA,216.5,32.0,35.0,4.0,4,4000,2300,0,0,0,0,0
TF,SHA,52.721011,-8.885214,0, ,0.0,0.0,0.0,0.0,1,4000,0,0,0,0,0,0

SID,SHA3D,08,5
CF,KY010,52.210306,-9.381444,0,CRK,309.4,39.7,77.0,5.0,4,4000,1400,0,0,0,0,1
CF,KY009,52.243583,-9.329944,0,SHA,214.8,33.0,34.0,1.0,4,4000,2100,0,0,0,0,0
TF,SHA,52.721011,-8.885214,0, ,0.0,0.0,0.0,0.0,1,4000,0,0,0,0,0,0

APPTR,I26,26,CML
IF,CML,52.453750,-7.480056, ,0.0,0.0,0,0,0,0,0,0,0,0
TF,KY015,52.277944,-9.046417,0, ,0.0,0.0,0.0,0.0,0,0,0,0,0,0,1,0
TF,INRAD,52.258000,-9.150361,0, ,0.0,0.0,0.0,0.0,2,3000,0,0,0,0,1,0
CF,CI26B,52.235064,-9.262428,0,IKR,75.2,10.9,256.0,4.4,2,3000,0,0,0,0,0,0

APPTR,I26,26,KER
IF,KER,52.182167,-9.524500, ,0.0,0.0,2,3000,0,0,0,0,1,0
CF,D059J,52.282175,-9.291086,0,SHA,214.6,30.3,59.0,10.5,0,0,0,0,0,0,0,1
CF,CI26B,52.235064,-9.262428,2,IKR,75.2,10.9,256.0,2.0,2,3000,0,1,210,0,0,0

APPTR,I26,26,ROTSO
HF,ROTSO,52.224806,-9.314056,2, ,0.0,0.0,256.0,04.3,2,3000,0,0,0,0,0,0,0

FINAL,I26,26,I,3
IF,CI26B,52.235064,-9.262428,IKR,75.2,10.9,2,3000,0,0,0,0,0,0
CF,ROTSO,52.224806,-9.314056,0,IKR,75.1,8.9,256.0,2.0,1,3000,0,0,0,0,2,0
CF,RW26,52.183767,-9.509939,0,IKR,75.2,1.2,256.0,7.6,1,168,0,0,0,0,3,0
CF,KY018,52.163389,-9.615528,0,SHA,224.0,42.9,256.0,4.1,0,0,0,0,0,0,0,1
DF,KER,52.182167,-9.524500,1, ,0.0,0.0,0,0,0,1,180,0,0,0
HM,KER,52.182167,-9.524500,2, ,0.0,0.0,255.0,04.3,1,3000,0,1,220,0,0,0,0

APPTR,R08,08,BAKOT
IF,BAKOT,52.169528,-9.848250, ,0.0,0.0,2,3900,0,0,0,0,1,0
TF,DIMGO,52.119083,-9.820333,0, ,0.0,0.0,0.0,0.0,2,3400,0,0,0,0,1,0

APPTR,R08,08,LOBGO
IF,LOBGO,52.102000,-9.902306, ,0.0,0.0,2,4500,0,0,0,0,1,0
TF,DIMGO,52.119083,-9.820333,0, ,0.0,0.0,0.0,0.0,2,3400,0,0,0,0,1,0

APPTR,R08,08,NEMAK
IF,NEMAK,52.068639,-9.792500, ,0.0,0.0,2,4500,0,0,0,0,1,0
TF,DIMGO,52.119083,-9.820333,0, ,0.0,0.0,0.0,0.0,2,3400,0,0,0,0,1,0

FINAL,R08,08,R,3
IF,DIMGO,52.119083,-9.820333, ,0.0,0.0,2,3400,0,0,0,0,0,0
TF,KEREX,52.149528,-9.674250,0, ,0.0,0.0,75.0,5.7,1,2000,0,0,0,0,2,0
TF,RW08,52.177986,-9.537628,0, ,0.0,0.0,75.0,5.3,1,131,0,0,0,0,3,1
CF,KY022,52.207056,-9.398028,0,SHA,216.6,36.2,75.0,5.4,3,4000,0,1,185,0,0,0
TF,KY023,52.290833,-9.444500,0, ,0.0,0.0,0.0,0.0,3,4000,0,1,185,0,0,0
TF,BAKOT,52.169528,-9.848250,0, ,0.0,0.0,0.0,0.0,1,4000,0,1,185,0,0,1
HM,BAKOT,52.169528,-9.848250,1, ,0.0,0.0,255.0,04.3,0,0,0,1,185,0,0,0,0

APPTR,R26,26,KY015
IF,KY015,52.277944,-9.046417, ,0.0,0.0,2,3700,0,0,0,0,1,0
TF,INRAD,52.258000,-9.150361,0, ,0.0,0.0,0.0,0.0,2,3000,0,0,0,0,1,0
TF,ROTSO,52.224806,-9.314056,0, ,0.0,0.0,0.0,0.0,1,3000,0,0,0,0,0,0

APPTR,R26,26,KY019
IF,KY019,52.332111,-9.189000, ,0.0,0.0,2,3900,0,0,0,0,1,0
TF,INRAD,52.258000,-9.150361,0, ,0.0,0.0,0.0,0.0,2,3000,0,0,0,0,1,0
TF,ROTSO,52.224806,-9.314056,0, ,0.0,0.0,0.0,0.0,1,3000,0,0,0,0,0,0

APPTR,R26,26,KY020
IF,KY020,52.189167,-9.113889, ,0.0,0.0,2,4500,0,0,0,0,1,0
TF,INRAD,52.258000,-9.150361,0, ,0.0,0.0,0.0,0.0,2,3000,0,0,0,0,1,0
TF,ROTSO,52.224806,-9.314056,0, ,0.0,0.0,0.0,0.0,1,3000,0,0,0,0,0,0

FINAL,R26,26,R,4
IF,ROTSO,52.224806,-9.314056, ,0.0,0.0,1,3000,0,0,0,0,2,0
TF,KY012,52.210472,-9.381472,0, ,0.0,0.0,255.0,2.6,2,2020,0,0,0,0,0,0
TF,KY013,52.199806,-9.432833,0, ,0.0,0.0,255.0,2.0,2,1280,0,0,0,0,0,0
TF,RW26,52.183767,-9.509939,0, ,0.0,0.0,255.0,3.0,1,161,0,0,0,0,3,1
CF,KY018,52.163389,-9.615528,0,SHA,224.0,42.9,257.0,4.1,3,3000,0,1,180,0,0,1
CF,KER,52.182167,-9.524500,1,SHA,221.2,40.0,16.0,3.6,1,3000,0,1,180,0,0,0
HM,KER,52.182167,-9.524500,2, ,0.0,0.0,255.0,04.3,0,0,0,1,220,0,0,0,0

