SID,ABIN5A,27,5
CF,D269A,55.740106,9.144939,0,SKR,353.6,30.8,264.0,1.0,0,0,0,0,0,0,0,0
FA,D269A,55.740106,9.144939,0,SKR,0.0,0.0,264.0,2,800,0,0,0,0,0,0
CD, ,0,0,0,LEL,0,0.0,342.0,3.0,0,0,0,0,0,0,0,0
CA,0,342.0,2,1800,0,0,0,0,0,0
DF,ABINO,55.968333,9.994444,2, ,0.0,0.0,0,0,0,0,0,0,0,0

SID,ABIN5B,09,5
CA,0,84.0,2,1000,0,0,0,0,0,0
CA,0,57.0,2,1800,0,0,0,0,0,0
DF,ABINO,55.968333,9.994444,0, ,0.0,0.0,0,0,0,0,0,0,0,0

SID,ALS4A,27,5
CF,D269A,55.740106,9.144939,0,SKR,353.6,30.8,264.0,1.0,0,0,0,0,0,0,0,0
FA,D269A,55.740106,9.144939,0,SKR,0.0,0.0,264.0,2,800,0,0,0,0,0,0
CF,D284C,55.754583,9.089617,0,SKR,350.4,31.9,298.0,2.0,0,0,0,0,0,0,0,0
FA,D284C,55.754583,9.089617,0,SKR,0.0,0.0,298.0,2,1800,0,0,0,0,0,0
DF,BI366,55.712692,8.936131,1, ,0.0,0.0,0,0,0,0,0,0,0,0
TF,ALS,54.905414,9.993378,0, ,0.0,0.0,0.0,0.0,0,0,0,0,0,0,0,0

SID,ALS4B,09,5
CA,0,84.0,2,2000,0,0,0,0,0,0
DF,ALS,54.905414,9.993378,0, ,0.0,0.0,0,0,0,0,0,0,0,0

SID,ASKO2A,27,5
CF,D269A,55.740106,9.144939,0,SKR,353.6,30.8,264.0,1.0,0,0,0,0,0,0,0,0
FA,D269A,55.740106,9.144939,0,SKR,0.0,0.0,264.0,2,800,0,0,0,0,0,0
CD, ,0,0,0,LEL,0,0.0,298.0,3.0,2,2000,0,0,0,0,0,0
DF,ASKOV,55.706544,8.620953,0, ,0.0,0.0,2,8000,0,0,0,0,0,0

SID,BAMP3A,27,5
CF,D269A,55.740106,9.144939,0,SKR,353.6,30.8,264.0,1.0,0,0,0,0,0,0,0,0
FA,D269A,55.740106,9.144939,0,SKR,0.0,0.0,264.0,2,800,0,0,0,0,0,0
CA,0,298.0,2,1800,0,0,0,0,0,0
DF,BI362,55.809508,8.921958,0, ,0.0,0.0,0,0,0,0,0,0,0,0
TF,BAMPI,55.842778,8.269722,0, ,0.0,0.0,0.0,0.0,0,0,0,0,0,0,0,0

SID,BAMP3B,09,5
CA,0,84.0,2,1000,0,0,0,0,0,0
CA,1,277.0,2,1800,0,0,0,0,0,0
DF,BI362,55.809508,8.921958,0, ,0.0,0.0,0,0,0,0,0,0,0,0
TF,BAMPI,55.842778,8.269722,0, ,0.0,0.0,0.0,0.0,0,0,0,0,0,0,0,0

SID,GOKI2B,09,5
CD, ,0,0,0,LEL,0,0.0,84.0,3.0,2,2000,0,0,0,0,0,0
DF,GOKIM,55.758783,9.699619,0, ,0.0,0.0,2,8000,0,0,0,0,0,0

SID,MIKR3A,27,5
CF,D269A,55.740106,9.144939,0,SKR,353.6,30.8,264.0,1.0,0,0,0,0,0,0,0,0
FA,D269A,55.740106,9.144939,0,SKR,0.0,0.0,264.0,2,800,0,0,0,0,0,0
CA,0,298.0,2,1800,0,0,0,0,0,0
DF,BI362,55.809508,8.921958,0, ,0.0,0.0,0,0,0,0,0,0,0,0
TF,MIKRO,55.415000,8.166389,0, ,0.0,0.0,0.0,0.0,0,0,0,0,0,0,0,0

SID,MIKR3B,09,5
CA,0,84.0,2,2000,0,0,0,0,0,0
DF,MIKRO,55.415000,8.166389,2, ,0.0,0.0,0,0,0,0,0,0,0,0

SID,RADI4A,27,5
CF,D269A,55.740106,9.144939,0,SKR,353.6,30.8,264.0,1.0,0,0,0,0,0,0,0,0
FA,D269A,55.740106,9.144939,0,SKR,0.0,0.0,264.0,2,800,0,0,0,0,0,0
CA,0,342.0,2,1800,0,0,0,0,0,0
DF,BI367,55.939744,9.049614,0, ,0.0,0.0,0,0,0,0,0,0,0,0
TF,INTET,56.226389,9.411389,0, ,0.0,0.0,0.0,0.0,0,0,0,0,0,0,0,0
TF,RADIS,56.541667,9.995000,0, ,0.0,0.0,0.0,0.0,0,0,0,0,0,0,0,0

SID,RADI4B,09,5
CA,0,84.0,2,1000,0,0,0,0,0,0
CA,0,17.0,2,1800,0,0,0,0,0,0
DF,INTET,56.226389,9.411389,0, ,0.0,0.0,0,0,0,0,0,0,0,0
TF,RADIS,56.541667,9.995000,0, ,0.0,0.0,0.0,0.0,0,0,0,0,0,0,0,0

SID,RAM4A,27,5
CF,D269A,55.740106,9.144939,0,SKR,353.6,30.8,264.0,1.0,0,0,0,0,0,0,0,0
FA,D269A,55.740106,9.144939,0,SKR,0.0,0.0,264.0,2,800,0,0,0,0,0,0
CA,0,342.0,2,1800,0,0,0,0,0,0
DF,BI367,55.939744,9.049614,0, ,0.0,0.0,0,0,0,0,0,0,0,0
TF,RAM,56.478372,8.187364,0, ,0.0,0.0,0.0,0.0,0,0,0,0,0,0,0,0

SID,RAM4B,09,5
CA,0,84.0,2,1000,0,0,0,0,0,0
CA,1,317.0,2,1800,0,0,0,0,0,0
DF,RAM,56.478372,8.187364,0, ,0.0,0.0,0,0,0,0,0,0,0,0

SID,RIDS5A,27,5
CF,D269A,55.740106,9.144939,0,SKR,353.6,30.8,264.0,1.0,0,0,0,0,0,0,0,0
FA,D269A,55.740106,9.144939,0,SKR,0.0,0.0,264.0,2,800,0,0,0,0,0,0
CD, ,0,0,0,LEL,0,0.0,342.0,3.0,0,0,0,0,0,0,0,0
CA,0,342.0,2,1800,0,0,0,0,0,0
DF,BI364,55.876875,9.291644,2, ,0.0,0.0,0,0,0,0,0,0,0,0
TF,RIDSI,55.591667,9.994167,0, ,0.0,0.0,0.0,0.0,0,0,0,0,0,0,0,0

SID,RIDS5B,09,5
CA,0,84.0,2,2000,0,0,0,0,0,0
DF,RIDSI,55.591667,9.994167,0, ,0.0,0.0,0,0,0,0,0,0,0,0

SID,SKR4A,27,5
CF,D269A,55.740106,9.144939,0,SKR,353.6,30.8,264.0,1.0,0,0,0,0,0,0,0,0
FA,D269A,55.740106,9.144939,0,SKR,0.0,0.0,264.0,2,800,0,0,0,0,0,0
CF,D284C,55.754583,9.089617,0,SKR,350.4,31.9,298.0,2.0,0,0,0,0,0,0,0,0
FA,D284C,55.754583,9.089617,0,SKR,0.0,0.0,298.0,2,1800,0,0,0,0,0,0
DF,BI366,55.712692,8.936131,1, ,0.0,0.0,0,0,0,0,0,0,0,0
TF,SKR,55.228939,9.214058,0, ,0.0,0.0,0.0,0.0,0,0,0,0,0,0,0,0

SID,SKR4B,09,5
CA,0,84.0,2,2000,0,0,0,0,0,0
DF,SKR,55.228939,9.214058,2, ,0.0,0.0,0,0,0,0,0,0,0,0

APPTR,I09-Y,09,ADABO
IF,ADABO,55.725439,8.699092, ,0.0,0.0,2,3000,0,0,0,0,1,0
CF,GELBA,55.729469,8.816778,0,BIL,263.9,12.5,84.0,4.0,2,3000,0,0,0,0,1,0

APPTR,I09-Y,09,EPARA
IF,EPARA,55.814925,8.751017, ,0.0,0.0,2,3000,0,0,0,0,1,0
CF,GELBA,55.729469,8.816778,0,BIL,263.9,12.5,154.0,5.6,2,3000,0,0,0,0,1,0

APPTR,I09-Y,09,GIVNA
IF,GIVNA,55.640181,8.769789, ,0.0,0.0,2,3000,0,0,0,0,1,0
CF,GELBA,55.729469,8.816778,0,BIL,263.9,12.5,14.0,5.6,2,3000,0,0,0,0,1,0

FINAL,I09-Y,09,I,3
IF,GELBA,55.729469,8.816778,BIL,263.9,12.5,2,3000,0,0,0,0,0,0
CF,OSLAS,55.734689,8.974425,0,BIL,263.9,7.2,84.0,5.4,1,2000,0,0,0,0,2,0
CF,RW09,55.739789,9.134817,0,BIL,263.9,1.7,84.0,5.4,1,265,0,0,0,0,3,0
CA,0,84.0,2,2000,0,0,0,0,0,0
VM,0,0,0,84.0,1,2000,0,0,0,0,0,0

APPTR,I09-Z,09,ADABO
IF,ADABO,55.725439,8.699092, ,0.0,0.0,2,3000,0,0,0,0,1,0
CF,GELBA,55.729469,8.816778,0,BIL,263.9,12.5,84.0,4.0,2,3000,0,0,0,0,1,0

APPTR,I09-Z,09,EPARA
IF,EPARA,55.814925,8.751017, ,0.0,0.0,2,3000,0,0,0,0,1,0
CF,GELBA,55.729469,8.816778,0,BIL,263.9,12.5,154.0,5.6,2,3000,0,0,0,0,1,0

APPTR,I09-Z,09,GIVNA
IF,GIVNA,55.640181,8.769789, ,0.0,0.0,2,3000,0,0,0,0,1,0
CF,GELBA,55.729469,8.816778,0,BIL,263.9,12.5,14.0,5.6,2,3000,0,0,0,0,1,0

FINAL,I09-Z,09,I,3
IF,GELBA,55.729469,8.816778,BIL,263.9,12.5,2,3000,0,0,0,0,0,0
CF,OSLAS,55.734689,8.974425,0,BIL,263.9,7.2,84.0,5.4,1,2000,0,0,0,0,2,0
CF,RW09,55.739789,9.134817,0,BIL,263.9,1.7,84.0,5.4,1,265,0,0,0,0,3,0
CA,0,84.0,2,2000,0,0,0,0,0,0
VM,0,0,0,84.0,1,2000,0,0,0,0,0,0

APPTR,I27-Y,27,BEVRA
IF,BEVRA,55.754233,9.631075, ,0.0,0.0,2,3000,0,0,0,0,1,0
CF,LOKSA,55.750986,9.513236,0,LEL,83.7,13.1,264.0,4.0,2,3000,0,0,0,0,1,0

APPTR,I27-Y,27,ODNEV
IF,ODNEV,55.839981,9.562058, ,0.0,0.0,2,3000,0,0,0,0,1,0
CF,LOKSA,55.750986,9.513236,0,LEL,83.7,13.1,194.0,5.6,2,3000,0,0,0,0,1,0

APPTR,I27-Y,27,UVINA
IF,UVINA,55.665128,9.577222, ,0.0,0.0,2,3000,0,0,0,0,1,0
CF,LOKSA,55.750986,9.513236,0,LEL,83.7,13.1,334.0,5.6,2,3000,0,0,0,0,1,0

FINAL,I27-Y,27,I,3
IF,LOKSA,55.750986,9.513236,LEL,83.7,13.1,2,3000,0,0,0,0,0,0
CF,ELRIT,55.745919,9.337089,0,LEL,83.8,7.1,264.0,6.0,1,2000,0,0,0,0,2,0
CF,RW27,55.741167,9.179333,0,LEL,83.8,1.7,264.0,5.4,1,293,0,0,0,0,3,0
CA,0,264.0,2,2000,0,0,0,0,0,0
VM,0,0,0,264.0,1,2000,0,0,0,0,0,0

APPTR,I27-Z,27,BEVRA
IF,BEVRA,55.754233,9.631075, ,0.0,0.0,2,3000,0,0,0,0,1,0
CF,LOKSA,55.750986,9.513236,0,LEL,83.7,13.1,264.0,4.0,2,3000,0,0,0,0,1,0

APPTR,I27-Z,27,ODNEV
IF,ODNEV,55.839981,9.562058, ,0.0,0.0,2,3000,0,0,0,0,1,0
CF,LOKSA,55.750986,9.513236,0,LEL,83.7,13.1,194.0,5.6,2,3000,0,0,0,0,1,0

APPTR,I27-Z,27,UVINA
IF,UVINA,55.665128,9.577222, ,0.0,0.0,2,3000,0,0,0,0,1,0
CF,LOKSA,55.750986,9.513236,0,LEL,83.7,13.1,334.0,5.6,2,3000,0,0,0,0,1,0

FINAL,I27-Z,27,I,3
IF,LOKSA,55.750986,9.513236,LEL,83.7,13.1,2,3000,0,0,0,0,0,0
CF,ELRIT,55.745919,9.337089,0,LEL,83.8,7.1,264.0,6.0,1,2000,0,0,0,0,2,0
CF,RW27,55.741167,9.179333,0,LEL,83.8,1.7,264.0,5.4,1,293,0,0,0,0,3,0
CA,0,264.0,2,2000,0,0,0,0,0,0
VM,0,0,0,264.0,1,2000,0,0,0,0,0,0

APPTR,R09,09,ADABO
IF,ADABO,55.725439,8.699092, ,0.0,0.0,2,3000,0,0,0,0,1,0
TF,GELBA,55.729469,8.816778,0, ,0.0,0.0,0.0,0.0,2,3000,0,0,0,0,1,0

APPTR,R09,09,EPARA
IF,EPARA,55.814925,8.751017, ,0.0,0.0,2,3000,0,0,0,0,1,0
TF,GELBA,55.729469,8.816778,0, ,0.0,0.0,0.0,0.0,2,3000,0,0,0,0,1,0

APPTR,R09,09,GIVNA
IF,GIVNA,55.640181,8.769789, ,0.0,0.0,2,3000,0,0,0,0,1,0
TF,GELBA,55.729469,8.816778,0, ,0.0,0.0,0.0,0.0,2,3000,0,0,0,0,1,0

FINAL,R09,09,R,3
IF,GELBA,55.729469,8.816778, ,0.0,0.0,2,3000,0,0,0,0,0,0
TF,OSLAS,55.734689,8.974425,0, ,0.0,0.0,84.0,5.4,2,2000,0,0,0,0,2,0
TF,RW09,55.739789,9.134817,0, ,0.0,0.0,84.0,5.5,1,265,0,0,0,0,3,1
CA,0,84.0,2,2000,0,0,0,0,0,0
VM,0,0,0,84.0,1,2000,0,0,0,0,0,0

APPTR,R27,27,BEVRA
IF,BEVRA,55.754233,9.631075, ,0.0,0.0,2,3000,0,0,0,0,1,0
TF,LOKSA,55.750986,9.513236,0, ,0.0,0.0,0.0,0.0,2,3000,0,0,0,0,1,0

APPTR,R27,27,ODNEV
IF,ODNEV,55.839981,9.562058, ,0.0,0.0,2,3000,0,0,0,0,1,0
TF,LOKSA,55.750986,9.513236,0, ,0.0,0.0,0.0,0.0,2,3000,0,0,0,0,1,0

APPTR,R27,27,UVINA
IF,UVINA,55.665128,9.577222, ,0.0,0.0,2,3000,0,0,0,0,1,0
TF,LOKSA,55.750986,9.513236,0, ,0.0,0.0,0.0,0.0,2,3000,0,0,0,0,1,0

FINAL,R27,27,R,3
IF,LOKSA,55.750986,9.513236, ,0.0,0.0,2,3000,0,0,0,0,0,0
TF,ELRIT,55.745919,9.337089,0, ,0.0,0.0,264.0,6.0,2,2000,0,0,0,0,2,0
TF,RW27,55.741167,9.179333,0, ,0.0,0.0,264.0,5.4,1,293,0,0,0,0,3,1
CA,0,264.0,2,2000,0,0,0,0,0,0
VM,0,0,0,264.0,1,2000,0,0,0,0,0,0

