APPTR,Q01,01,KD
IF,KD,55.443297,9.334839, ,0.0,0.0,2,2300,0,0,0,0,1,0
FD,KD,55.443297,9.334839,0,SKR,16.8,8.5,211.0,8.5,2,1600,0,0,0,0,0,0
CF,FQ01,55.364861,9.292739,1,SKR,17.3,8.6,15.0,1.0,2,1500,0,0,0,0,0,0

APPTR,Q01,01,SKR
IF,SKR,55.228939,9.214058, ,0.0,0.0,2,2300,0,0,0,0,1,0
CF,D195D,55.291661,9.253611,0,SKR,18.8,4.0,15.0,4.0,2,1600,0,0,0,0,0,0
CF,FQ01,55.364861,9.292739,0,SKR,17.3,8.6,15.0,4.6,2,1500,0,0,0,0,0,0

FINAL,Q01,01,N,2
IF,FQ01,55.364861,9.292739,KD,0.0,0.0,2,1500,0,0,0,0,2,0
CF,MQ01,55.430092,9.327739,0,SKR,0.0,12.7,15.0,4.1,1,199,0,0,0,0,3,0
CF,KD,55.443297,9.334839,0,SKR,16.8,13.5,15.0,0.8,2,550,0,0,0,0,0,0
FD,KD,55.443297,9.334839,0,SKR,16.8,16.0,15.0,16.0,0,0,0,0,0,0,0,0
DF,KD,55.443297,9.334839,1, ,0.0,0.0,2,2300,0,0,0,0,0,0
HM,KD,55.443297,9.334839,2, ,0.0,0.0,213.0,04.3,0,0,0,1,150,0,0,0,0

APPTR,Q19,19,KD
IF,KD,55.443297,9.334839, ,0.0,0.0,2,2300,0,0,0,0,1,0
FD,KD,55.443297,9.334839,0,SKR,16.8,18.0,357.0,18.0,2,1700,0,0,0,0,0,0
CF,FQ19,55.504856,9.368000,2,SKR,16.6,17.4,195.0,1.0,2,1500,0,0,0,0,0,0

APPTR,Q19,19,LODBA
IF,LODBA,55.606111,9.426111, ,0.0,0.0,2,2300,0,0,0,0,1,0
CF,D015V,55.578017,9.407556,0,SKR,16.4,22.0,195.0,1.8,2,2300,0,0,0,0,0,0
CF,FQ19,55.504856,9.368000,0,SKR,16.6,17.4,195.0,4.6,2,1500,0,0,0,0,0,0

FINAL,Q19,19,N,3
IF,FQ19,55.504856,9.368000,KD,0.0,0.0,2,1500,0,0,0,0,2,0
CF,VOR15,55.466681,9.347422,0,KD,0.0,0.0,195.0,2.4,2,735,0,0,0,0,0,0
CF,KD,55.443297,9.334839,0,SKR,0.0,13.5,195.0,1.5,1,270,0,0,0,0,3,0
FD,KD,55.443297,9.334839,0,SKR,16.8,11.0,195.0,11.0,0,0,0,0,0,0,0,0
DF,KD,55.443297,9.334839,1, ,0.0,0.0,2,2300,0,0,0,0,0,0
HM,KD,55.443297,9.334839,2, ,0.0,0.0,321.0,04.3,0,0,0,0,0,0,0,0,0

APPTR,R01,01,EBURU
IF,EBURU,55.326325,9.178069, ,0.0,0.0,2,2300,0,0,0,0,1,0
TF,VD013,55.311331,9.261517,0, ,0.0,0.0,0.0,0.0,2,1600,0,0,0,0,1,0

APPTR,R01,01,GEMRO
IF,GEMRO,55.296258,9.345011, ,0.0,0.0,2,2300,0,0,0,0,1,0
TF,VD013,55.311331,9.261517,0, ,0.0,0.0,0.0,0.0,2,1600,0,0,0,0,1,0

APPTR,R01,01,ROSRA
IF,ROSRA,55.263719,9.235189, ,0.0,0.0,2,2300,0,0,0,0,1,0
TF,VD013,55.311331,9.261517,0, ,0.0,0.0,0.0,0.0,2,1600,0,0,0,0,1,0

FINAL,R01,01,R,3
IF,VD013,55.311331,9.261517, ,0.0,0.0,2,1600,0,0,0,0,0,0
TF,VD012,55.365286,9.291431,0, ,0.0,0.0,15.0,3.4,2,1500,0,0,0,0,2,0
TF,RW01,55.431131,9.328053,0, ,0.0,0.0,15.0,4.2,1,179,0,0,0,0,3,1
TF,VD014,55.482500,9.356719,0, ,0.0,0.0,0.0,0.0,0,0,0,0,0,0,0,1
DF,KD,55.443297,9.334839,1, ,0.0,0.0,0,0,0,0,0,0,0,0
HM,KD,55.443297,9.334839,2, ,0.0,0.0,213.0,04.3,2,2300,0,1,140,0,0,0,0

APPTR,R19,19,ABIVA
IF,ABIVA,55.543403,9.483183, ,0.0,0.0,2,2300,0,0,0,0,1,0
TF,VD194,55.558556,9.399275,0, ,0.0,0.0,0.0,0.0,2,1700,0,0,0,0,1,0

APPTR,R19,19,GOVOV
IF,GOVOV,55.573667,9.315250, ,0.0,0.0,2,2300,0,0,0,0,1,0
TF,VD194,55.558556,9.399275,0, ,0.0,0.0,0.0,0.0,2,1700,0,0,0,0,1,0

APPTR,R19,19,LODBA
IF,LODBA,55.606111,9.426111, ,0.0,0.0,2,2300,0,0,0,0,1,0
TF,VD194,55.558556,9.399275,0, ,0.0,0.0,0.0,0.0,2,1700,0,0,0,0,1,0

FINAL,R19,19,R,3
IF,VD194,55.558556,9.399275, ,0.0,0.0,2,1700,0,0,0,0,0,0
TF,VD193,55.504631,9.369072,0, ,0.0,0.0,195.0,3.4,2,1500,0,0,0,0,2,0
TF,VD191,55.444064,9.335264,0, ,0.0,0.0,195.0,3.8,1,286,0,0,0,0,3,1
TF,VD195,55.403181,9.312489,0, ,0.0,0.0,0.0,0.0,0,0,0,0,0,0,0,1
DF,ABIVA,55.543403,9.483183,1, ,0.0,0.0,0,0,0,0,0,0,0,0
HM,ABIVA,55.543403,9.483183,2, ,0.0,0.0,285.0,04.3,2,2300,0,1,140,0,0,0,0

