SID,ASMO2T,06,2
CF,D059F,49.689403,6.380700,0,LUX,59.0,6.0,59.0,7.0,0,0,0,0,0,0,0,1
CI,1, ,0.0,308.0,0,0,0,0,0,0,0,0
CF,ASMOX,49.902894,6.276175,0,LUX,3.1,15.9,3.0,7.0,2,8000,0,0,0,0,0,0

SID,ASMO2U,06,2
CF,D059F,49.689403,6.380700,0,LUX,59.0,6.0,59.0,7.0,0,0,0,0,0,0,0,1
CF,D128B,49.840422,6.169739,1,DIK,128.0,2.0,308.0,11.0,0,0,0,0,0,0,0,1
CF,ASMOX,49.902894,6.276175,2,LUX,3.1,15.9,65.0,4.0,2,8000,0,0,0,0,0,0

SID,ASMO2X,24,2
CA,0,239.0,2,1640,0,0,0,0,0,0
CF,LW,49.612611,6.174361,0,LUX,239.6,3.3,237.0,1.0,0,0,0,0,0,0,0,1
CF,LUX,49.639528,6.247278,1,LUX,0.0,0.0,23.0,5.0,0,0,0,0,0,0,0,0
TF,ASMOX,49.902894,6.276175,0, ,0.0,0.0,0.0,0.0,2,8000,0,0,0,0,0,0

SID,ASMO2Y,24,2
CA,0,239.0,2,1640,0,0,0,0,0,0
CF,D237H,49.568803,6.073628,0,LUX,237.0,8.0,237.0,5.0,0,0,0,0,0,0,0,1
CF,LUX,49.639528,6.247278,1,LUX,0.0,0.0,23.0,8.0,0,0,0,0,0,0,0,0
TF,ASMOX,49.902894,6.276175,0, ,0.0,0.0,0.0,0.0,2,8000,0,0,0,0,0,0

SID,ASMO2Z,24,2
CA,0,239.0,2,1640,0,0,0,0,0,0
CF,D237H,49.568803,6.073628,0,LUX,237.0,8.0,237.0,5.0,0,0,0,0,0,0,0,1
CF,DIK,49.861306,6.129750,2,DIK,0.0,0.0,20.0,17.0,0,0,0,0,0,0,0,0
TF,ASMOX,49.902894,6.276175,0, ,0.0,0.0,0.0,0.0,2,8000,0,0,0,0,0,0

SID,DIK3T,06,2
CF,D059F,49.689403,6.380700,0,LUX,59.0,6.0,59.0,7.0,0,0,0,0,0,0,0,1
CF,DIK,49.861306,6.129750,1,DIK,0.0,0.0,308.0,13.0,0,0,0,0,0,0,0,0

SID,DIK3X,24,2
CA,0,239.0,2,1640,0,0,0,0,0,0
CF,D237H,49.568803,6.073628,0,LUX,237.0,8.0,237.0,5.0,0,0,0,0,0,0,0,1
CF,DIK,49.861306,6.129750,2,DIK,0.0,0.0,20.0,17.0,0,0,0,0,0,0,0,0

SID,DISK3T,06,2
CF,LE,49.640083,6.248250,0,LUX,47.7,0.1,59.0,2.0,0,0,0,0,0,0,0,1
CF,DISKI,49.572153,6.470500,0,LUX,113.8,9.6,114.0,9.0,2,6000,0,0,0,0,0,0

SID,DISK3U,06,2
CF,D059F,49.689403,6.380700,0,LUX,59.0,6.0,59.0,7.0,0,0,0,0,0,0,0,1
CF,LUX,49.639528,6.247278,1,LUX,0.0,0.0,199.0,7.0,0,0,0,0,0,0,0,0
TF,DISKI,49.572153,6.470500,0, ,0.0,0.0,0.0,0.0,2,6000,0,0,0,0,0,0

SID,DISK3X,24,2
CA,0,239.0,2,1640,0,0,0,0,0,0
CF,LW,49.612611,6.174361,0,LUX,239.6,3.3,237.0,1.0,0,0,0,0,0,0,0,0
VI,1, ,0.0,69.0,0,0,0,0,0,0,0,0
CF,DISKI,49.572153,6.470500,0,LUX,113.8,9.6,114.0,5.0,2,6000,0,0,0,0,0,0

SID,DISK3Y,24,2
CA,0,239.0,2,1640,0,0,0,0,0,0
CF,D237H,49.568803,6.073628,0,LUX,237.0,8.0,237.0,5.0,0,0,0,0,0,0,0,1
CF,D221X,49.718147,6.119358,2,DIK,181.7,8.6,41.0,9.0,0,0,0,0,0,0,0,1
CF,D155N,49.655794,6.270031,2,DIK,155.1,13.5,155.0,4.0,0,0,0,0,0,0,0,1
CF,DISKI,49.572153,6.470500,0,LUX,113.8,9.6,114.0,8.0,2,6000,0,0,0,0,0,0

SID,GTQ8T,06,2
CF,LE,49.640083,6.248250,0,LUX,47.7,0.1,59.0,2.0,0,0,0,0,0,0,0,1
CF,MOSET,49.546389,6.344167,2,LUX,144.9,6.8,155.0,5.0,0,0,0,0,0,0,0,0
TF,GT27B,49.398894,6.443069,0, ,0.0,0.0,0.0,0.0,2,8000,0,0,0,0,0,0
TF,D335Y,49.368364,6.463458,0, ,0.0,0.0,0.0,0.0,2,13000,0,0,0,0,0,0
TF,GTQ,48.986444,6.716222,0, ,0.0,0.0,0.0,0.0,0,0,0,0,0,0,0,0

SID,GTQ8U,06,2
CF,D059F,49.689403,6.380700,0,LUX,59.0,6.0,59.0,7.0,0,0,0,0,0,0,0,1
CF,D019B,49.667775,6.263175,1,LUX,19.0,1.8,199.0,5.0,0,0,0,0,0,0,0,0
TF,MOSET,49.546389,6.344167,0, ,0.0,0.0,0.0,0.0,0,0,0,0,0,0,0,0
TF,GT27B,49.398894,6.443069,0, ,0.0,0.0,0.0,0.0,2,8000,0,0,0,0,0,0
TF,D335Y,49.368364,6.463458,0, ,0.0,0.0,0.0,0.0,2,13000,0,0,0,0,0,0
TF,GTQ,48.986444,6.716222,0, ,0.0,0.0,0.0,0.0,0,0,0,0,0,0,0,0

SID,GTQ8X,24,2
CA,0,239.0,2,1640,0,0,0,0,0,0
CF,D237F,49.586508,6.117008,0,LUX,237.0,6.0,237.0,3.0,0,0,0,0,0,0,0,1
CI,1, ,0.0,117.0,0,0,0,0,0,0,0,0
CF,GT27B,49.398894,6.443069,0,GTQ,335.6,27.0,155.0,2.0,2,8000,0,0,0,0,0,0
TF,D335Y,49.368364,6.463458,0, ,0.0,0.0,0.0,0.0,2,13000,0,0,0,0,0,0
TF,GTQ,48.986444,6.716222,0, ,0.0,0.0,0.0,0.0,0,0,0,0,0,0,0,0

SID,GTQ8Y,24,2
CA,0,239.0,2,1640,0,0,0,0,0,0
CF,D237H,49.568803,6.073628,0,LUX,237.0,8.0,237.0,5.0,0,0,0,0,0,0,0,1
CF,D221X,49.718147,6.119358,2,DIK,181.7,8.6,41.0,9.0,0,0,0,0,0,0,0,1
CF,MOSET,49.546389,6.344167,2,LUX,144.9,6.8,155.0,11.0,0,0,0,0,0,0,0,0
TF,GT27B,49.398894,6.443069,0, ,0.0,0.0,0.0,0.0,2,8000,0,0,0,0,0,0
TF,D335Y,49.368364,6.463458,0, ,0.0,0.0,0.0,0.0,2,13000,0,0,0,0,0,0
TF,GTQ,48.986444,6.716222,0, ,0.0,0.0,0.0,0.0,0,0,0,0,0,0,0,0

SID,MMD8T,06,2
CF,D059F,49.689403,6.380700,0,LUX,59.0,6.0,59.0,7.0,0,0,0,0,0,0,0,1
CF,LUX,49.639528,6.247278,1,LUX,0.0,0.0,199.0,7.0,0,0,0,0,0,0,0,0
TF,D265S,49.617050,5.761506,0, ,0.0,0.0,0.0,0.0,2,6000,0,0,0,0,0,0
TF,TILVI,49.608333,5.584167,0, ,0.0,0.0,0.0,0.0,2,8000,0,0,0,0,0,0
TF,MMD,49.391250,5.124417,0, ,0.0,0.0,0.0,0.0,0,0,0,0,0,0,0,0

SID,MMD8X,24,2
CA,0,239.0,2,1640,0,0,0,0,0,0
CF,D237H,49.568803,6.073628,0,LUX,237.0,8.0,237.0,5.0,0,0,0,0,0,0,0,0
VI,0, ,0.0,295.0,0,0,0,0,0,0,0,0
CF,D265S,49.617050,5.761506,0,LUX,265.1,19.0,265.0,5.0,2,6000,0,0,0,0,0,0
TF,TILVI,49.608333,5.584167,0, ,0.0,0.0,0.0,0.0,2,8000,0,0,0,0,0,0
TF,MMD,49.391250,5.124417,0, ,0.0,0.0,0.0,0.0,0,0,0,0,0,0,0,0

SID,RAPO5T,06,2
CF,D059F,49.689403,6.380700,0,LUX,59.0,6.0,59.0,7.0,0,0,0,0,0,0,0,1
CF,LUX,49.639528,6.247278,1,LUX,0.0,0.0,199.0,7.0,0,0,0,0,0,0,0,0
TF,D265S,49.617050,5.761506,0, ,0.0,0.0,0.0,0.0,2,6000,0,0,0,0,0,0
TF,TILVI,49.608333,5.584167,0, ,0.0,0.0,0.0,0.0,0,0,0,0,0,0,0,0
TF,RAPOR,49.591389,5.213056,0, ,0.0,0.0,0.0,0.0,0,0,0,0,0,0,0,0

SID,RAPO5X,24,2
CA,0,239.0,2,1640,0,0,0,0,0,0
CF,D237H,49.568803,6.073628,0,LUX,237.0,8.0,237.0,5.0,0,0,0,0,0,0,0,0
VI,0, ,0.0,295.0,0,0,0,0,0,0,0,0
CF,D265S,49.617050,5.761506,0,LUX,265.1,19.0,265.0,5.0,2,6000,0,0,0,0,0,0
TF,TILVI,49.608333,5.584167,0, ,0.0,0.0,0.0,0.0,0,0,0,0,0,0,0,0
TF,RAPOR,49.591389,5.213056,0, ,0.0,0.0,0.0,0.0,0,0,0,0,0,0,0,0

STAR,AKEL3K,ALL,2
IF,AKELU,49.366944,6.463889, ,0.0,0.0,0,0,0,0,0,0,0,0
TF,GT27B,49.398894,6.443069,0, ,0.0,0.0,0.0,0.0,0,0,0,0,0,0,0,0
TF,MOSET,49.546389,6.344167,0, ,0.0,0.0,0.0,0.0,0,0,0,0,0,0,0,0
TF,DIK,49.861306,6.129750,0, ,0.0,0.0,0.0,0.0,0,0,0,0,0,0,0,0

STAR,AKEL3M,ALL,2
IF,AKELU,49.366944,6.463889, ,0.0,0.0,0,0,0,0,0,0,0,0
TF,GT27B,49.398894,6.443069,0, ,0.0,0.0,0.0,0.0,0,0,0,0,0,0,0,0
TF,MOSET,49.546389,6.344167,0, ,0.0,0.0,0.0,0.0,0,0,0,0,0,0,0,0
TF,WLU,49.567806,6.054083,0, ,0.0,0.0,0.0,0.0,0,0,0,0,0,0,0,0

STAR,BETE2K,ALL,2
IF,BETEX,49.815833,6.425278, ,0.0,0.0,0,0,0,0,0,0,0,0
TF,DIK,49.861306,6.129750,0, ,0.0,0.0,0.0,0.0,0,0,0,0,0,0,0,0

STAR,BETE2M,ALL,2
IF,BETEX,49.815833,6.425278, ,0.0,0.0,0,0,0,0,0,0,0,0
TF,LUX,49.639528,6.247278,0, ,0.0,0.0,0.0,0.0,0,0,0,0,0,0,0,0
TF,WLU,49.567806,6.054083,0, ,0.0,0.0,0.0,0.0,0,0,0,0,0,0,0,0

STAR,DISK3K,ALL,2
IF,DISKI,49.572153,6.470500, ,0.0,0.0,0,0,0,0,0,0,0,0
TF,LUX,49.639528,6.247278,0, ,0.0,0.0,0.0,0.0,0,0,0,0,0,0,0,0
TF,DIK,49.861306,6.129750,0, ,0.0,0.0,0.0,0.0,0,0,0,0,0,0,0,0

STAR,DISK3M,ALL,2
IF,DISKI,49.572153,6.470500, ,0.0,0.0,0,0,0,0,0,0,0,0
TF,LUX,49.639528,6.247278,0, ,0.0,0.0,0.0,0.0,0,0,0,0,0,0,0,0
TF,WLU,49.567806,6.054083,0, ,0.0,0.0,0.0,0.0,0,0,0,0,0,0,0,0

STAR,LNO4K,ALL,2
IF,LNO,50.585833,5.710278, ,0.0,0.0,0,0,0,0,0,0,0,0
TF,LNO28,50.156808,5.960319,0, ,0.0,0.0,0.0,0.0,0,0,0,0,0,0,0,0
TF,DIK,49.861306,6.129750,0, ,0.0,0.0,0.0,0.0,0,0,0,0,0,0,0,0

STAR,LNO5M,ALL,2
IF,LNO,50.585833,5.710278, ,0.0,0.0,0,0,0,0,0,0,0,0
TF,LNO28,50.156808,5.960319,0, ,0.0,0.0,0.0,0.0,0,0,0,0,0,0,0,0
TF,DIK,49.861306,6.129750,0, ,0.0,0.0,0.0,0.0,0,0,0,0,0,0,0,0
TF,D189D,49.795700,6.112708,0, ,0.0,0.0,0.0,0.0,0,0,0,0,0,0,0,0
TF,WLU,49.567806,6.054083,0, ,0.0,0.0,0.0,0.0,0,0,0,0,0,0,0,0

STAR,MMD4K,ALL,2
IF,MMD,49.391250,5.124417, ,0.0,0.0,0,0,0,0,0,0,0,0
TF,D251T,49.527842,5.759181,0, ,0.0,0.0,0.0,0.0,0,0,0,0,0,0,0,0
TF,PETAN,49.552778,5.877222,0, ,0.0,0.0,0.0,0.0,0,0,0,0,0,0,0,0
TF,DIK,49.861306,6.129750,0, ,0.0,0.0,0.0,0.0,0,0,0,0,0,0,0,0

STAR,MMD4M,ALL,2
IF,MMD,49.391250,5.124417, ,0.0,0.0,0,0,0,0,0,0,0,0
TF,D251T,49.527842,5.759181,0, ,0.0,0.0,0.0,0.0,0,0,0,0,0,0,0,0
TF,PETAN,49.552778,5.877222,0, ,0.0,0.0,0.0,0.0,0,0,0,0,0,0,0,0
TF,WLU,49.567806,6.054083,0, ,0.0,0.0,0.0,0.0,0,0,0,0,0,0,0,0

STAR,REMB2K,ALL,2
IF,REMBA,50.662222,4.914028, ,0.0,0.0,0,0,0,0,0,0,0,0
TF,RITAX,50.077778,5.806944,0, ,0.0,0.0,0.0,0.0,0,0,0,0,0,0,0,0
TF,DIK,49.861306,6.129750,0, ,0.0,0.0,0.0,0.0,0,0,0,0,0,0,0,0

STAR,REMB2M,ALL,2
IF,REMBA,50.662222,4.914028, ,0.0,0.0,0,0,0,0,0,0,0,0
TF,RITAX,50.077778,5.806944,0, ,0.0,0.0,0.0,0.0,0,0,0,0,0,0,0,0
TF,DIK,49.861306,6.129750,0, ,0.0,0.0,0.0,0.0,0,0,0,0,0,0,0,0
TF,D189D,49.795700,6.112708,0, ,0.0,0.0,0.0,0.0,0,0,0,0,0,0,0,0
TF,WLU,49.567806,6.054083,0, ,0.0,0.0,0.0,0.0,0,0,0,0,0,0,0,0

APPTR,I06,06,D239M
IF,D239M,49.514356,5.913444, ,0.0,0.0,2,3000,0,1,210,0,1,0
CF,CF06,49.555183,6.020417,0,ILE,239.3,10.1,59.0,4.9,2,3000,0,0,0,0,0,0

APPTR,I06,06,DIK1
FD,DIK,49.861306,6.129750,0,DIK,0.0,18.0,202.0,18.0,2,3000,0,1,210,0,0,0
CF,CF06,49.555183,6.020417,1,ILE,239.3,10.1,59.0,2.0,2,3000,0,0,0,0,0,0

APPTR,I06,06,DIK2
FD,DIK,49.861306,6.129750,0,DIK,0.0,18.0,202.0,18.0,2,3000,0,1,210,0,0,0
CF,CF06,49.555183,6.020417,1,ILE,239.3,10.1,59.0,2.0,2,3000,0,0,0,0,0,0

APPTR,I06,06,WLU1
FC,WLU,49.567806,6.054083,0,LUX,0.0,0.0,280.0,4.5,2,3000,0,1,210,0,0,1
CF,CF06,49.555183,6.020417,1,ILE,239.3,10.1,59.0,5.0,2,3000,0,0,0,0,0,0

APPTR,I06,06,WLU2
FC,WLU,49.567806,6.054083,0,LUX,0.0,0.0,268.0,3.1,2,3000,0,1,150,0,0,1
CF,CF06,49.555183,6.020417,1,ILE,239.3,10.1,59.0,5.0,2,3000,0,0,0,0,0,0

FINAL,I06,06,I,3
IF,CF06,49.555183,6.020417,ILE,239.3,10.1,2,3000,0,0,0,0,0,0
CF,FI06,49.571572,6.065086,0,ILE,239.1,8.1,59.0,2.0,1,3000,0,0,0,0,2,0
CF,RW06,49.617522,6.187522,0,ILE,239.3,2.5,59.0,5.5,1,1209,0,0,0,0,3,0
CF,ELU,49.679778,6.355167,0,LUX,59.1,4.9,59.0,7.5,1,3000,0,0,0,0,0,1
DF,DIK,49.861306,6.129750,1, ,0.0,0.0,1,4000,0,1,250,0,0,0

APPTR,I24,24,D059J
IF,D059J,49.718786,6.460800, ,0.0,0.0,2,3000,0,1,210,0,1,0
CF,CF24,49.697461,6.404592,0,ILW,59.3,9.9,239.0,2.5,2,3000,0,0,0,0,0,0

APPTR,I24,24,DIK1
IF,DIK,49.861306,6.129750, ,0.0,0.0,2,4000,0,1,210,0,1,0
CF,D122E,49.820536,6.226850,0,DIK,122.0,4.5,122.0,4.5,2,3000,0,0,0,0,0,0
CF,D122M,49.743153,6.409867,0,DIK,122.0,13.0,122.0,8.5,2,3000,0,0,0,0,0,1
CF,CF24,49.697461,6.404592,2,ILW,59.3,9.9,239.0,2.0,2,3000,0,0,0,0,0,0

APPTR,I24,24,DIK2
IF,DIK,49.861306,6.129750, ,0.0,0.0,2,4000,0,1,210,0,1,0
CF,D122E,49.820536,6.226850,0,DIK,122.0,4.5,122.0,4.5,2,3000,0,0,0,0,0,0
CF,D122M,49.743153,6.409867,0,DIK,122.0,13.0,122.0,8.5,2,3000,0,0,0,0,0,1
CF,CF24,49.697461,6.404592,2,ILW,59.3,9.9,239.0,2.0,2,3000,0,0,0,0,0,0

APPTR,I24,24,ELU1
FC,ELU,49.679778,6.355167,0,LUX,0.0,0.0,20.0,4.5,2,3000,0,1,210,0,0,1
CF,CF24,49.697461,6.404592,2,ILW,59.3,9.9,239.0,3.0,2,3000,0,0,0,0,0,0

APPTR,I24,24,ELU2
FC,ELU,49.679778,6.355167,0,LUX,0.0,0.0,30.0,3.2,2,3000,0,1,150,0,0,1
CF,CF24,49.697461,6.404592,2,ILW,59.3,9.9,239.0,2.0,2,3000,0,0,0,0,0,0

APPTR,I24,24,ELU3
HF,ELU,49.679778,6.355167,2, ,0.0,0.0,239.0,04.3,2,3000,0,1,150,0,0,0,0

APPTR,I24,24,MOSE1
IF,MOSET,49.546389,6.344167, ,0.0,0.0,0,0,0,1,210,0,0,0
CF,ELU,49.679778,6.355167,0,LUX,59.1,4.9,2.0,8.0,2,3000,0,0,0,0,0,0
FC,ELU,49.679778,6.355167,0,LUX,0.0,0.0,20.0,4.5,2,3000,0,0,0,0,0,1
CF,CF24,49.697461,6.404592,2,ILW,59.3,9.9,239.0,3.0,2,3000,0,0,0,0,0,0

APPTR,I24,24,MOSE2
IF,MOSET,49.546389,6.344167, ,0.0,0.0,0,0,0,1,210,0,0,0
CF,ELU,49.679778,6.355167,0,LUX,59.1,4.9,2.0,8.0,2,3000,0,0,0,0,0,0
FC,ELU,49.679778,6.355167,0,LUX,0.0,0.0,30.0,3.2,2,3000,0,1,150,0,0,1
CF,CF24,49.697461,6.404592,2,ILW,59.3,9.9,239.0,2.0,2,3000,0,0,0,0,0,0

APPTR,I24,24,PETA1
IF,PETAN,49.552778,5.877222, ,0.0,0.0,0,0,0,1,210,0,0,0
CF,LUX,49.639528,6.247278,0,LUX,0.0,0.0,69.0,15.4,2,3000,0,0,0,0,0,0
CF,ELU,49.679778,6.355167,0,LUX,59.1,4.9,59.0,4.9,2,3000,0,0,0,0,0,0
FC,ELU,49.679778,6.355167,0,LUX,0.0,0.0,20.0,4.5,2,3000,0,0,0,0,0,1
CF,CF24,49.697461,6.404592,2,ILW,59.3,9.9,239.0,3.0,2,3000,0,0,0,0,0,0

APPTR,I24,24,PETA2
IF,PETAN,49.552778,5.877222, ,0.0,0.0,0,0,0,1,210,0,0,0
CF,LUX,49.639528,6.247278,0,LUX,0.0,0.0,69.0,15.4,2,3000,0,0,0,0,0,0
CF,ELU,49.679778,6.355167,0,LUX,59.1,4.9,59.0,4.9,2,3000,0,0,0,0,0,0
FC,ELU,49.679778,6.355167,0,LUX,0.0,0.0,30.0,3.2,2,3000,0,1,150,0,0,1
CF,CF24,49.697461,6.404592,2,ILW,59.3,9.9,239.0,2.0,2,3000,0,0,0,0,0,0

FINAL,I24,24,I,3
IF,CF24,49.697461,6.404592,ILW,59.3,9.9,2,3000,0,0,0,0,0,0
CF,ELU,49.679778,6.355167,0,ILW,59.2,7.7,239.0,2.2,1,3000,0,0,0,0,2,0
CF,RW24,49.635389,6.235592,0,ILW,59.2,2.3,239.0,5.4,1,1264,0,0,0,0,3,0
CF,WLU,49.567806,6.054083,0,LUX,239.3,8.7,239.0,8.2,1,3000,0,0,0,0,0,1
DF,DIK,49.861306,6.129750,2, ,0.0,0.0,1,4000,0,1,250,0,0,0

APPTR,L06,06,D239M
IF,D239M,49.514356,5.913444, ,0.0,0.0,2,3000,0,1,210,0,1,0
CF,CF06,49.555183,6.020417,0,ILE,239.3,10.1,59.0,4.9,2,3000,0,0,0,0,0,0

APPTR,L06,06,DIK1
FD,DIK,49.861306,6.129750,0,DIK,0.0,18.0,202.0,18.0,2,3000,0,1,210,0,0,0
CF,CF06,49.555183,6.020417,1,ILE,239.3,10.1,59.0,2.0,2,3000,0,0,0,0,0,0

APPTR,L06,06,DIK2
FD,DIK,49.861306,6.129750,0,DIK,0.0,18.0,202.0,18.0,2,3000,0,1,210,0,0,0
CF,CF06,49.555183,6.020417,1,ILE,239.3,10.1,59.0,2.0,2,3000,0,0,0,0,0,0

APPTR,L06,06,WLU1
FC,WLU,49.567806,6.054083,0,LUX,0.0,0.0,280.0,4.5,2,3000,0,1,210,0,0,1
CF,CF06,49.555183,6.020417,1,ILE,239.3,10.1,59.0,5.0,2,3000,0,0,0,0,0,0

APPTR,L06,06,WLU2
FC,WLU,49.567806,6.054083,0,LUX,0.0,0.0,268.0,3.1,2,3000,0,1,150,0,0,1
CF,CF06,49.555183,6.020417,1,ILE,239.3,10.1,59.0,5.0,2,3000,0,0,0,0,0,0

FINAL,L06,06,D,3
IF,CF06,49.555183,6.020417,ILE,239.3,10.1,2,3000,0,0,0,0,0,0
CF,WLU,49.567806,6.054083,0,ILE,239.3,8.5,59.0,1.5,2,3000,0,0,0,0,2,0
CF,LW,49.612611,6.174361,0,ILE,239.2,3.1,59.0,5.4,1,1386,0,0,0,0,3,0
CF,ELU,49.679778,6.355167,0,LUX,59.1,4.9,59.0,8.1,1,3000,0,0,0,0,0,1
DF,DIK,49.861306,6.129750,1, ,0.0,0.0,1,4000,0,1,250,0,0,0

APPTR,Q06,06,DIK1
FD,DIK,49.861306,6.129750,0,DIK,0.0,18.0,202.0,18.0,2,3000,0,1,210,0,0,0
CF,WLU,49.567806,6.054083,1,LUX,239.3,8.7,59.0,4.0,2,3000,0,0,0,0,0,0

APPTR,Q06,06,DIK2
FD,DIK,49.861306,6.129750,0,DIK,0.0,18.0,202.0,18.0,2,3000,0,1,210,0,0,0
CF,WLU,49.567806,6.054083,1,LUX,239.3,8.7,59.0,4.0,2,3000,0,0,0,0,0,0

APPTR,Q06,06,WLU1
FC,WLU,49.567806,6.054083,0,LUX,0.0,0.0,280.0,4.6,2,3000,0,1,210,0,0,1
CF,WLU,49.567806,6.054083,1,LUX,239.3,8.7,59.0,5.0,2,3000,0,0,0,0,0,0

APPTR,Q06,06,WLU2
FC,WLU,49.567806,6.054083,0,LUX,0.0,0.0,268.0,3.1,2,3000,0,1,150,0,0,1
CF,WLU,49.567806,6.054083,1,LUX,239.3,8.7,59.0,4.0,2,3000,0,0,0,0,0,0

APPTR,Q06,06,WLU3
HF,WLU,49.567806,6.054083,1, ,0.0,0.0,76.0,03.3,2,3000,0,1,210,0,1,0,0

FINAL,Q06,06,N,2
IF,WLU,49.567806,6.054083,WLU,0.0,0.0,2,3000,0,0,0,0,2,0
CF,LW,49.612611,6.174361,0,LUX,0.0,3.3,59.0,5.4,1,1386,0,0,0,0,3,0
CF,ELU,49.679778,6.355167,0,LUX,59.1,4.9,59.0,8.1,1,3000,0,0,0,0,0,1
DF,DIK,49.861306,6.129750,1, ,0.0,0.0,1,4000,0,1,250,0,0,0

APPTR,Q24,24,DIK1
IF,DIK,49.861306,6.129750, ,0.0,0.0,2,4000,0,1,210,0,1,0
CF,D122E,49.820536,6.226850,0,DIK,122.0,4.5,122.0,4.5,2,3000,0,0,0,0,0,0
CF,D122M,49.743153,6.409867,0,DIK,122.0,13.0,122.0,8.5,2,3000,0,0,0,0,0,1
CF,CQ24,49.696378,6.399658,2,LUX,59.1,6.9,239.0,2.0,2,3000,0,0,0,0,0,0

APPTR,Q24,24,DIK2
IF,DIK,49.861306,6.129750, ,0.0,0.0,2,4000,0,1,210,0,1,0
CF,D122E,49.820536,6.226850,0,DIK,122.0,4.5,122.0,4.5,2,3000,0,0,0,0,0,0
CF,D122M,49.743153,6.409867,0,DIK,122.0,13.0,122.0,8.5,2,3000,0,0,0,0,0,1
CF,CQ24,49.696378,6.399658,2,LUX,59.1,6.9,239.0,2.0,2,3000,0,0,0,0,0,0

APPTR,Q24,24,ELU1
FC,ELU,49.679778,6.355167,0,LUX,0.0,0.0,20.0,4.7,2,3000,0,1,210,0,0,1
CF,CQ24,49.696378,6.399658,2,LUX,59.1,6.9,239.0,3.0,2,3000,0,0,0,0,0,0

APPTR,Q24,24,ELU2
FC,ELU,49.679778,6.355167,0,LUX,0.0,0.0,30.0,3.4,2,3000,0,1,150,0,0,1
CF,CQ24,49.696378,6.399658,2,LUX,59.1,6.9,239.0,2.0,2,3000,0,0,0,0,0,0

APPTR,Q24,24,ELU3
HF,ELU,49.679778,6.355167,2, ,0.0,0.0,239.0,04.3,2,3000,0,1,150,0,0,0,0

APPTR,Q24,24,MOSE1
IF,MOSET,49.546389,6.344167, ,0.0,0.0,0,0,0,1,210,0,0,0
CF,ELU,49.679778,6.355167,0,LUX,59.1,4.9,2.0,8.0,2,3000,0,0,0,0,0,0
FC,ELU,49.679778,6.355167,0,LUX,0.0,0.0,20.0,4.7,0,0,0,0,0,0,0,1
CF,CQ24,49.696378,6.399658,2,LUX,59.1,6.9,239.0,3.0,2,3000,0,0,0,0,0,0

APPTR,Q24,24,MOSE2
IF,MOSET,49.546389,6.344167, ,0.0,0.0,0,0,0,1,210,0,0,0
CF,ELU,49.679778,6.355167,0,LUX,59.1,4.9,2.0,8.0,2,3000,0,0,0,0,0,0
FC,ELU,49.679778,6.355167,0,LUX,0.0,0.0,30.0,3.4,0,0,0,1,150,0,0,1
CF,CQ24,49.696378,6.399658,2,LUX,59.1,6.9,239.0,2.0,2,3000,0,0,0,0,0,0

APPTR,Q24,24,PETA1
IF,PETAN,49.552778,5.877222, ,0.0,0.0,0,0,0,1,210,0,0,0
CF,LUX,49.639528,6.247278,0,LUX,0.0,0.0,69.0,15.4,2,3000,0,0,0,0,0,0
CF,ELU,49.679778,6.355167,0,LUX,59.1,4.9,59.0,4.9,0,0,0,0,0,0,0,0
FC,ELU,49.679778,6.355167,0,LUX,0.0,0.0,20.0,4.7,0,0,0,0,0,0,0,1
CF,CQ24,49.696378,6.399658,2,LUX,59.1,6.9,239.0,3.0,2,3000,0,0,0,0,0,0

APPTR,Q24,24,PETA2
IF,PETAN,49.552778,5.877222, ,0.0,0.0,0,0,0,1,210,0,0,0
CF,LUX,49.639528,6.247278,0,LUX,0.0,0.0,69.0,15.4,2,3000,0,0,0,0,0,0
CF,ELU,49.679778,6.355167,0,LUX,59.1,4.9,59.0,4.9,0,0,0,0,0,0,0,0
FC,ELU,49.679778,6.355167,0,LUX,0.0,0.0,30.0,3.4,0,0,0,1,150,0,0,1
CF,CQ24,49.696378,6.399658,2,LUX,59.1,6.9,239.0,2.0,2,3000,0,0,0,0,0,0

FINAL,Q24,24,N,4
IF,CQ24,49.696378,6.399658,ELU,0.0,0.0,2,3000,0,0,0,0,0,0
CF,ELU,49.679778,6.355167,0,ELU,0.0,0.0,239.0,2.0,2,3000,0,0,0,0,2,0
CF,20VOR,49.655892,6.291747,0,ELU,0.0,0.0,239.0,2.9,2,2050,0,0,0,0,0,0
CF,LE,49.640083,6.248250,0,LUX,0.0,0.1,239.0,1.9,1,1449,0,0,0,0,3,0
CF,WLU,49.567806,6.054083,0,LUX,239.3,8.7,239.0,8.7,1,3000,0,0,0,0,0,1
DF,DIK,49.861306,6.129750,2, ,0.0,0.0,1,4000,0,1,250,0,0,0

