APPTR,I28-Y,28,D187O
IF,D187O,51.305675,19.095397, ,0.0,0.0,0,0,0,0,0,0,1,0
CI,0, ,0.0,7.0,0,0,0,0,0,0,0,0
AF,LK528,51.370319,19.318122,1,TAS,149.0,12.0,187.0,2,4000,0,0,0,0,0,0
AF,D102L,51.491142,19.484225,1,TAS,102.0,12.0,149.0,2,3000,0,0,0,0,1,0
CF,CI28,51.512886,19.376406,0,IAS,102.4,8.7,282.0,4.3,2,2300,0,0,0,0,0,0

FINAL,I28-Y,28,I,3
IF,CI28,51.512886,19.376406,IAS,102.4,8.7,2,2300,0,0,0,0,0,0
CF,FI28,51.522778,19.325556,0,IAS,102.5,6.7,282.0,2.0,1,2300,0,0,0,0,2,0
CF,RW28,51.548325,19.196167,0,IAS,102.4,1.6,282.0,5.1,1,680,0,0,0,0,3,0
FA,RW28,51.548325,19.196167,0,TAS,0.0,0.0,282.0,2,1700,0,0,0,0,0,0
CI,1, ,0.0,157.0,0,0,0,0,0,0,0,0
CF,D187O,51.305675,19.095397,0,TAS,187.0,15.0,187.0,8.0,1,4000,0,0,0,0,0,0

FINAL,I28-Z,28,I,3
IF,CI28,51.512886,19.376406,IAS,102.4,8.7,2,2300,0,0,0,0,0,0
CF,FI28,51.522778,19.325556,0,IAS,102.5,6.7,282.0,2.0,1,2300,0,0,0,0,2,0
CF,RW28,51.548325,19.196167,0,IAS,102.4,1.6,282.0,5.1,1,680,0,0,0,0,3,0
CA,0,282.0,2,1700,0,0,0,0,0,0
DF,NT,51.545278,19.211778,1, ,0.0,0.0,1,3000,0,0,0,0,0,0

FINAL,N28,28,N,2
IF,FN28,51.523444,19.325961,NT,0.0,0.0,2,2300,0,0,0,0,2,0
CF,NT,51.545278,19.211778,0,NT,0.0,0.0,282.0,4.5,1,877,0,0,0,0,3,0
CA,0,282.0,2,1700,0,0,0,0,0,0
DF,NT,51.545278,19.211778,1, ,0.0,0.0,1,3000,0,0,0,0,0,0

APPTR,T10,10,D187O
IF,D187O,51.305675,19.095397, ,0.0,0.0,0,0,0,0,0,0,1,0
CI,0, ,0.0,7.0,0,0,0,0,0,0,0,0
AF,LK521,51.462025,18.890803,2,TAS,239.0,12.0,187.0,2,4000,0,0,0,0,0,0
AF,CT10,51.617875,18.876694,2,TAS,285.0,12.0,239.0,2,3000,0,0,0,0,1,0

FINAL,T10,10,D,3
IF,CT10,51.617875,18.876694,TAS,285.0,12.0,2,3000,0,0,0,0,0,0
CF,FT10,51.578333,19.052778,0,TAS,285.0,5.0,105.0,7.0,2,2100,0,0,0,0,2,0
CF,MT10,51.555633,19.153128,0,TAS,285.0,0.0,105.0,4.0,1,767,0,0,0,0,3,0
FA,MT10,51.555633,19.153128,0,TAS,0.0,0.0,105.0,2,1700,0,0,0,0,0,0
CI,2, ,0.0,217.0,0,0,0,0,0,0,0,0
CF,D187O,51.305675,19.095397,0,TAS,187.0,15.0,187.0,8.0,1,4000,0,0,0,0,0,0

APPTR,T28,28,D187O
IF,D187O,51.305675,19.095397, ,0.0,0.0,0,0,0,0,0,0,1,0
CI,0, ,0.0,7.0,0,0,0,0,0,0,0,0
AF,LK528,51.370319,19.318122,1,TAS,149.0,12.0,187.0,2,4000,0,0,0,0,0,0
AF,CT28,51.501208,19.488769,1,TAS,99.0,12.0,149.0,2,3000,0,0,0,0,1,0

FINAL,T28,28,D,3
IF,CT28,51.501208,19.488769,TAS,99.0,12.0,2,3000,0,0,0,0,0,0
CF,FT28,51.529722,19.307778,0,TAS,99.0,5.0,279.0,7.0,2,2100,0,0,0,0,2,0
CF,MT28,51.544703,19.211894,0,TAS,99.0,1.3,279.0,3.7,1,881,0,0,0,0,3,0
FA,MT28,51.544703,19.211894,0,TAS,0.0,0.0,279.0,2,1700,0,0,0,0,0,0
CI,1, ,0.0,157.0,0,0,0,0,0,0,0,0
CF,D187O,51.305675,19.095397,0,TAS,187.0,15.0,187.0,8.0,1,4000,0,0,0,0,0,0

