SID,LUNU1A,11,5
CF,WR802,51.052611,17.048694,0,WCL,112.1,5.5,112.0,7.0,2,3000,0,1,220,0,0,0
TF,NUDRO,51.165278,17.325556,0, ,0.0,0.0,0.0,0.0,3,9000,0,0,0,0,0,0
TF,WR811,51.299639,17.596917,0, ,0.0,0.0,0.0,0.0,2,10000,0,0,0,0,0,0
TF,LUNUK,51.448889,18.057500,0, ,0.0,0.0,0.0,0.0,0,0,0,0,0,0,0,0

SID,LUNU1K,29,5
CF,WR902,51.202556,16.557583,0,WCL,291.9,15.2,292.0,13.0,2,6000,0,1,250,0,0,0
TF,WR903,51.371722,16.705944,2, ,0.0,0.0,0.0,0.0,1,10000,0,1,250,0,0,0
TF,WR904,51.258167,17.078333,0, ,0.0,0.0,0.0,0.0,2,13000,0,0,0,0,0,0
TF,LUNUK,51.448889,18.057500,0, ,0.0,0.0,0.0,0.0,0,0,0,0,0,0,0,0

SID,MAPI1A,11,5
CF,WR802,51.052611,17.048694,0,WCL,112.1,5.5,112.0,7.0,2,3000,0,1,220,0,0,0
TF,WR841,50.881333,17.444833,0, ,0.0,0.0,0.0,0.0,2,10000,0,0,0,0,0,0
TF,MAPIK,50.526111,18.247500,0, ,0.0,0.0,0.0,0.0,0,0,0,0,0,0,0,0

SID,MAPI1K,29,5
CF,WR902,51.202556,16.557583,0,WCL,291.9,15.2,292.0,13.0,2,6000,0,1,250,0,0,0
TF,WR903,51.371722,16.705944,2, ,0.0,0.0,0.0,0.0,1,10000,0,1,250,0,0,0
TF,WR904,51.258167,17.078333,0, ,0.0,0.0,0.0,0.0,2,13000,0,0,0,0,0,0
TF,MAPIK,50.526111,18.247500,0, ,0.0,0.0,0.0,0.0,0,0,0,0,0,0,0,0

SID,PEKO1A,11,5
CF,WR801,51.069778,16.993000,0,WCL,112.1,3.1,112.0,4.0,2,2000,0,1,210,0,0,0
TF,WR821,50.905167,16.865889,0, ,0.0,0.0,0.0,0.0,3,9000,0,1,220,0,0,0
TF,WR822,50.970889,16.651139,0, ,0.0,0.0,0.0,0.0,2,10000,0,1,220,0,0,0
TF,WR823,50.873861,16.577139,0, ,0.0,0.0,0.0,0.0,0,0,0,1,250,0,0,0
TF,WR824,50.546806,17.163833,0, ,0.0,0.0,0.0,0.0,0,0,0,0,0,0,0,0
TF,PEKOT,50.388333,17.443333,0, ,0.0,0.0,0.0,0.0,0,0,0,0,0,0,0,0

SID,PEKO1K,29,5
CF,WR902,51.202556,16.557583,0,WCL,291.9,15.2,292.0,13.0,2,6000,0,1,250,0,0,0
TF,WR903,51.371722,16.705944,2, ,0.0,0.0,0.0,0.0,1,10000,0,1,250,0,0,0
TF,WR904,51.258167,17.078333,0, ,0.0,0.0,0.0,0.0,2,13000,0,0,0,0,0,0
TF,PEKOT,50.388333,17.443333,0, ,0.0,0.0,0.0,0.0,0,0,0,0,0,0,0,0

SID,ULGI1K,29,5
CF,WR901,51.123639,16.817278,0,WCL,291.9,4.3,292.0,3.0,2,1300,0,1,220,0,0,1
TF,GODLO,51.003889,16.504167,0, ,0.0,0.0,0.0,0.0,3,9000,0,0,0,0,0,0
TF,ULGIL,51.098611,16.020000,0, ,0.0,0.0,0.0,0.0,0,0,0,0,0,0,0,0

SID,ULGI2A,11,5
CF,WR801,51.069778,16.993000,0,WCL,112.1,3.1,112.0,4.0,2,2000,0,1,210,0,0,0
TF,WR821,50.905167,16.865889,0, ,0.0,0.0,0.0,0.0,3,9000,0,1,220,0,0,0
TF,WR822,50.970889,16.651139,0, ,0.0,0.0,0.0,0.0,2,10000,0,1,220,0,0,0
TF,OBOVI,51.021417,16.484750,0, ,0.0,0.0,0.0,0.0,2,11000,0,1,250,0,0,0
TF,WR832,51.031444,16.353750,0, ,0.0,0.0,0.0,0.0,2,12000,0,0,0,0,0,0
TF,ULGIL,51.098611,16.020000,0, ,0.0,0.0,0.0,0.0,0,0,0,0,0,0,0,0

SID,XIDN1A,11,5
CF,WR802,51.052611,17.048694,0,WCL,112.1,5.5,112.0,7.0,2,3000,0,1,220,0,0,0
TF,NUDRO,51.165278,17.325556,0, ,0.0,0.0,0.0,0.0,3,9000,0,0,0,0,0,0
TF,WR803,51.354694,17.210306,0, ,0.0,0.0,0.0,0.0,2,13000,0,0,0,0,0,0
TF,XIDNA,51.700000,16.997500,0, ,0.0,0.0,0.0,0.0,0,0,0,0,0,0,0,0

SID,XIDN1K,29,5
CF,WR902,51.202556,16.557583,0,WCL,291.9,15.2,292.0,13.0,2,6000,0,1,250,0,0,0
TF,WR903,51.371722,16.705944,2, ,0.0,0.0,0.0,0.0,0,0,0,1,250,0,0,0
TF,GATPO,51.420500,16.860806,0, ,0.0,0.0,0.0,0.0,0,0,0,0,0,0,0,0
TF,XIDNA,51.700000,16.997500,0, ,0.0,0.0,0.0,0.0,0,0,0,0,0,0,0,0

STAR,DINO1U,29,5
IF,DINOV,50.928611,16.085556, ,0.0,0.0,0,0,0,0,0,0,0,0
TF,WR743,50.912028,16.490583,0, ,0.0,0.0,0.0,0.0,2,11000,0,0,0,0,0,0
TF,WR742,50.925444,17.130222,0, ,0.0,0.0,0.0,0.0,0,0,0,0,0,0,0,0
TF,WR741,50.888722,17.248361,0, ,0.0,0.0,0.0,0.0,0,0,0,0,0,0,0,0
TF,WR731,50.851861,17.366333,0, ,0.0,0.0,0.0,0.0,0,0,0,1,210,0,0,0
TF,WR721,50.933917,17.430583,0, ,0.0,0.0,0.0,0.0,2,6000,0,1,210,0,0,0
TF,WR704,50.970833,17.312444,0, ,0.0,0.0,0.0,0.0,2,5000,0,1,210,0,0,0

STAR,DINO3P,11,5
IF,DINOV,50.928611,16.085556, ,0.0,0.0,0,0,0,0,0,0,0,0
TF,WR642,50.938861,16.422083,0, ,0.0,0.0,0.0,0.0,0,0,0,1,220,0,0,0
TF,OBOVI,51.021417,16.484750,0, ,0.0,0.0,0.0,0.0,0,0,0,0,0,0,0,0
TF,WR632,51.103944,16.547667,0, ,0.0,0.0,0.0,0.0,0,0,0,1,210,0,0,0
TF,WR631,51.139944,16.428444,0, ,0.0,0.0,0.0,0.0,2,6000,0,1,210,0,0,0
TF,WR604,51.222528,16.491389,0, ,0.0,0.0,0.0,0.0,2,4500,0,1,210,0,0,0

STAR,EPOP1P,11,5
IF,EPOPA,50.368056,17.799722, ,0.0,0.0,0,0,0,0,0,0,0,0
TF,WR636,50.713056,17.357750,0, ,0.0,0.0,0.0,0.0,0,0,0,0,0,0,0,0
TF,WR634,50.950972,17.047778,0, ,0.0,0.0,0.0,0.0,0,0,0,0,0,0,0,0
TF,WR633,51.023889,16.810694,0, ,0.0,0.0,0.0,0.0,2,11000,0,0,0,0,0,0
TF,WR632,51.103944,16.547667,0, ,0.0,0.0,0.0,0.0,0,0,0,1,210,0,0,0
TF,WR631,51.139944,16.428444,0, ,0.0,0.0,0.0,0.0,2,6000,0,1,210,0,0,0
TF,WR604,51.222528,16.491389,0, ,0.0,0.0,0.0,0.0,2,4500,0,1,210,0,0,0

STAR,EPOP1U,29,5
IF,EPOPA,50.368056,17.799722, ,0.0,0.0,0,0,0,0,0,0,0,0
TF,WR732,50.657361,17.541833,0, ,0.0,0.0,0.0,0.0,2,11000,0,0,0,0,0,0
TF,WR731,50.851861,17.366333,0, ,0.0,0.0,0.0,0.0,0,0,0,1,210,0,0,0
TF,WR721,50.933917,17.430583,0, ,0.0,0.0,0.0,0.0,2,6000,0,1,210,0,0,0
TF,WR704,50.970833,17.312444,0, ,0.0,0.0,0.0,0.0,2,5000,0,1,210,0,0,0

STAR,SUDO1P,11,5
IF,SUDOL,50.653333,18.411667, ,0.0,0.0,0,0,0,0,0,0,0,0
TF,APTAS,50.911389,17.695833,0, ,0.0,0.0,0.0,0.0,0,0,0,0,0,0,0,0
TF,WR621,51.134861,17.112639,0, ,0.0,0.0,0.0,0.0,2,11000,0,0,0,0,0,0
TF,WR607,51.268917,16.674167,0, ,0.0,0.0,0.0,0.0,0,0,0,0,0,0,0,0
TF,WR606,51.305028,16.554583,0, ,0.0,0.0,0.0,0.0,2,6000,0,1,210,0,0,0
TF,WR604,51.222528,16.491389,0, ,0.0,0.0,0.0,0.0,2,4500,0,1,210,0,0,0

STAR,SUDO1U,29,5
IF,SUDOL,50.653333,18.411667, ,0.0,0.0,0,0,0,0,0,0,0,0
TF,WR722,50.845444,17.744333,0, ,0.0,0.0,0.0,0.0,2,10000,0,0,0,0,0,0
TF,WR721,50.933917,17.430583,0, ,0.0,0.0,0.0,0.0,2,6000,0,0,0,0,0,0
TF,WR704,50.970833,17.312444,0, ,0.0,0.0,0.0,0.0,2,5000,0,0,0,0,0,0

STAR,UVIV1P,11,5
IF,UVIVI,51.587500,17.883333, ,0.0,0.0,0,0,0,0,0,0,0,0
TF,WR612,51.489611,17.398472,0, ,0.0,0.0,0.0,0.0,0,0,0,0,0,0,0,0
TF,WR611,51.468833,17.297139,0, ,0.0,0.0,0.0,0.0,3,12000,0,0,0,0,0,0
TF,WR608,51.351889,16.735889,0, ,0.0,0.0,0.0,0.0,0,0,0,0,0,0,0,0
TF,WR607,51.268917,16.674167,0, ,0.0,0.0,0.0,0.0,0,0,0,1,210,0,0,0
TF,WR606,51.305028,16.554583,0, ,0.0,0.0,0.0,0.0,2,6000,0,1,210,0,0,0
TF,WR604,51.222528,16.491389,0, ,0.0,0.0,0.0,0.0,2,4500,0,1,210,0,0,0

STAR,UVIV1U,29,5
IF,UVIVI,51.587500,17.883333, ,0.0,0.0,0,0,0,0,0,0,0,0
TF,WR712,51.315556,17.552500,0, ,0.0,0.0,0.0,0.0,3,11000,0,0,0,0,0,0
TF,WR711,51.209917,17.481556,0, ,0.0,0.0,0.0,0.0,0,0,0,0,0,0,0,0
TF,WR706,51.052917,17.376778,0, ,0.0,0.0,0.0,0.0,2,6000,0,0,0,0,0,0
TF,WR704,50.970833,17.312444,0, ,0.0,0.0,0.0,0.0,2,5000,0,1,210,0,0,0

STAR,VAGN1P,11,5
IF,VAGNI,51.238778,15.984139, ,0.0,0.0,0,0,0,0,0,0,0,0
TF,WR631,51.139944,16.428444,0, ,0.0,0.0,0.0,0.0,2,6000,0,1,210,0,0,0
TF,WR604,51.222528,16.491389,0, ,0.0,0.0,0.0,0.0,2,4500,0,1,210,0,0,0

STAR,VAGN1U,29,5
IF,VAGNI,51.238778,15.984139, ,0.0,0.0,0,0,0,0,0,0,0,0
TF,WR754,51.174111,16.233639,0, ,0.0,0.0,0.0,0.0,0,0,0,0,0,0,0,0
TF,WR753,51.088806,16.558472,0, ,0.0,0.0,0.0,0.0,0,0,0,0,0,0,0,0
TF,WR752,51.058889,16.695833,0, ,0.0,0.0,0.0,0.0,0,0,0,0,0,0,0,0
TF,WR751,51.022639,16.814667,0, ,0.0,0.0,0.0,0.0,2,10000,0,0,0,0,0,0
TF,WR742,50.925444,17.130222,0, ,0.0,0.0,0.0,0.0,0,0,0,0,0,0,0,0
TF,WR741,50.888722,17.248361,0, ,0.0,0.0,0.0,0.0,0,0,0,0,0,0,0,0
TF,WR731,50.851861,17.366333,0, ,0.0,0.0,0.0,0.0,0,0,0,1,210,0,0,0
TF,WR721,50.933917,17.430583,0, ,0.0,0.0,0.0,0.0,2,6000,0,1,210,0,0,0
TF,WR704,50.970833,17.312444,0, ,0.0,0.0,0.0,0.0,2,5000,0,1,210,0,0,0

STAR,XIDN1P,11,5
IF,XIDNA,51.700000,16.997500, ,0.0,0.0,0,0,0,0,0,0,0,0
TF,WR609,51.466556,16.828694,0, ,0.0,0.0,0.0,0.0,2,10000,0,0,0,0,0,0
TF,WR608,51.351889,16.735889,0, ,0.0,0.0,0.0,0.0,0,0,0,0,0,0,0,0
TF,WR607,51.268917,16.674167,0, ,0.0,0.0,0.0,0.0,0,0,0,1,210,0,0,0
TF,WR606,51.305028,16.554583,0, ,0.0,0.0,0.0,0.0,2,6000,0,1,210,0,0,0
TF,WR604,51.222528,16.491389,0, ,0.0,0.0,0.0,0.0,2,4500,0,1,210,0,0,0

STAR,XIDN1U,29,5
IF,XIDNA,51.700000,16.997500, ,0.0,0.0,0,0,0,0,0,0,0,0
TF,WR707,51.422583,17.161528,0, ,0.0,0.0,0.0,0.0,3,12000,0,0,0,0,0,0
TF,WR706,51.052917,17.376778,0, ,0.0,0.0,0.0,0.0,2,6000,0,1,210,0,0,0
TF,WR704,50.970833,17.312444,0, ,0.0,0.0,0.0,0.0,2,5000,0,1,210,0,0,0

APPTR,D11,11,WR604
IF,WR604,51.222528,16.491389, ,0.0,0.0,2,4500,0,0,0,0,1,0
CF,WR493,51.186472,16.610833,0,WCL,291.9,12.9,112.0,5.0,2,3000,0,0,0,0,1,0
CF,WR492,51.148194,16.737028,0,WCL,291.9,7.6,112.0,5.3,2,1700,0,0,0,0,0,0

FINAL,D11,11,D,3
IF,WR492,51.148194,16.737028,WCL,291.9,7.6,2,1700,0,0,0,0,0,0
CF,WR491,51.137333,16.772778,0,WCL,292.0,6.1,112.0,1.5,2,1700,0,0,0,0,2,0
CF,RW11,51.108803,16.865828,0,WCL,291.8,2.2,112.0,3.9,1,454,0,0,0,0,3,0
FA,RW11,51.108803,16.865828,0,WCL,0.0,0.0,112.0,2,3000,0,0,0,0,0,0
VM,0,0,0,112.0,1,3000,0,0,0,0,0,0

FINAL,D29-Y,29,D,3
IF,FD29Y,51.047306,17.066389,WCL,112.0,6.2,2,2700,0,0,0,0,2,0
CF,14VOR,51.082722,16.951417,0,WCL,111.9,1.4,292.0,4.8,2,1170,0,0,0,0,0,0
CF,RW29,51.098961,16.897958,0,WCL,291.5,0.9,292.0,2.3,1,451,0,0,0,0,3,0
FA,RW29,51.098961,16.897958,0,WCL,0.0,0.0,292.0,2,2300,0,0,0,0,0,0
DF,WCL,51.092667,16.918944,1, ,0.0,0.0,1,2700,0,1,240,0,0,0

APPTR,D29-Z,29,WR704
IF,WR704,50.970833,17.312444, ,0.0,0.0,2,5000,0,0,0,0,1,0
CF,WR393,51.006333,17.198472,0,WCL,112.0,11.8,292.0,4.8,2,4000,0,0,0,0,1,0
CF,WR392,51.036444,17.101333,0,WCL,112.0,7.7,292.0,4.1,2,2700,0,0,0,0,0,0

FINAL,D29-Z,29,D,4
IF,WR392,51.036444,17.101333,WCL,112.0,7.7,2,2700,0,0,0,0,0,0
CF,WR391,51.047444,17.065778,0,WCL,112.0,6.2,292.0,1.5,2,2700,0,0,0,0,2,0
CF,14VO2,51.082444,16.952194,0,WCL,112.0,1.4,292.0,4.8,2,1180,0,0,0,0,0,0
CF,RW29,51.098961,16.897958,0,WCL,291.5,0.9,292.0,2.3,1,450,0,0,0,0,3,0
FA,RW29,51.098961,16.897958,0,WCL,0.0,0.0,292.0,2,3000,0,0,0,0,0,0
VM,0,0,0,292.0,1,3000,0,0,0,0,0,0

APPTR,I29,29,WR704
IF,WR704,50.970833,17.312444, ,0.0,0.0,2,5000,0,0,0,0,1,0
CF,WR703,51.007611,17.194139,0,WCL,112.0,11.6,292.0,5.0,2,4000,0,0,0,0,1,0
CF,WR702,51.036333,17.101389,0,WRO,111.9,10.1,292.0,3.9,2,2700,0,0,0,0,0,0

FINAL,I29,29,I,3
IF,WR702,51.036333,17.101389,WRO,111.9,10.1,2,2700,0,0,0,0,0,0
CF,WR701,51.047333,17.065778,0,WRO,111.9,8.6,292.0,1.5,1,2700,0,0,0,0,2,0
CF,RW29,51.098961,16.897958,0,WRO,112.0,1.6,292.0,7.1,1,451,0,0,0,0,3,0
FA,RW29,51.098961,16.897958,0,WCL,0.0,0.0,292.0,2,3000,0,0,0,0,0,0
VM,0,0,0,292.0,1,3000,0,0,0,0,0,0

APPTR,R11,11,WR604
IF,WR604,51.222528,16.491389, ,0.0,0.0,2,4500,0,0,0,0,1,0
TF,WR603,51.186444,16.610806,0, ,0.0,0.0,0.0,0.0,2,3000,0,0,0,0,1,0
TF,WR602,51.148139,16.736972,0, ,0.0,0.0,0.0,0.0,2,1700,0,0,0,0,0,0

FINAL,R11,11,R,3
IF,WR602,51.148139,16.736972, ,0.0,0.0,2,1700,0,0,0,0,0,0
TF,WR601,51.137250,16.772694,0, ,0.0,0.0,112.0,1.5,2,1700,0,0,0,0,2,0
TF,RW11,51.108803,16.865828,0, ,0.0,0.0,112.0,3.9,1,454,0,0,0,0,3,1
CF,WR652,50.987056,17.260333,0,WCL,112.0,14.4,112.0,16.6,2,3000,0,0,0,0,0,1

APPTR,R29,29,WR704
IF,WR704,50.970833,17.312444, ,0.0,0.0,2,5000,0,0,0,0,1,0
TF,WR703,51.007611,17.194139,0, ,0.0,0.0,0.0,0.0,2,4000,0,0,0,0,1,0
TF,WR702,51.036333,17.101389,0, ,0.0,0.0,0.0,0.0,2,2700,0,0,0,0,0,0

FINAL,R29,29,R,3
IF,WR702,51.036333,17.101389, ,0.0,0.0,2,2700,0,0,0,0,0,0
TF,WR701,51.047333,17.065778,0, ,0.0,0.0,292.0,1.5,2,2700,0,0,0,0,2,0
TF,RW29,51.098961,16.897958,0, ,0.0,0.0,292.0,7.1,1,451,0,0,0,0,3,1
CF,WR762,51.222333,16.492222,0,WCL,292.0,17.9,292.0,17.0,2,3000,0,0,0,0,0,1

