FINAL,I19,19,I,3
IF,CL19,58.563503,12.731886,IBC,1.6,9.0,2,2000,0,0,0,0,0,0
CF,FF19,58.530356,12.726803,0,IBC,1.6,7.0,182.0,2.0,1,2000,0,0,0,0,2,0
CF,RW19,58.438425,12.712761,0,IBC,1.6,1.4,182.0,5.5,1,226,0,0,0,0,3,0
CA,0,182.0,2,1500,0,0,0,0,0,0
DF,LG,58.453889,12.715306,1, ,0.0,0.0,1,2000,0,0,0,0,0,0

FINAL,Q01,01,N,3
IF,FQ01,58.324683,12.697958,SG,0.0,0.0,2,2000,0,0,0,0,2,0
CF,30DME,58.386056,12.706117,0,SG,0.0,0.0,1.0,3.7,2,840,0,0,0,0,0,0
CF,MQ01,58.415911,12.710094,0,IBC,0.0,1.2,1.0,1.8,1,261,0,0,0,0,3,0
CA,0,1.0,2,1500,0,0,0,0,0,0
DF,SG,58.380583,12.705389,2, ,0.0,0.0,1,2000,0,0,0,0,0,0

FINAL,Q19,19,N,2
IF,FF19,58.530356,12.726803,LG,0.0,0.0,2,2000,0,0,0,0,2,0
CF,RW19,58.438425,12.712761,0,IBC,0.0,0.2,182.0,5.6,1,226,0,0,0,0,3,0
CA,0,182.0,2,1500,0,0,0,0,0,0
DF,LG,58.453889,12.715306,1, ,0.0,0.0,1,2000,0,0,0,0,0,0

