SID,KENU1A,27,5
CF,NG427,50.961050,5.938361,0,MAS,232.0,1.1,269.0,4.0,2,2000,0,1,220,0,0,1
DF,KENUM,50.722500,6.239444,1, ,0.0,0.0,0,0,0,0,0,0,0,0

SID,KENU1B,09,5
CF,NG490,50.954350,6.176375,0,MAS,97.3,8.3,94.0,5.0,2,2100,0,1,220,0,0,1
DF,KENUM,50.722500,6.239444,0, ,0.0,0.0,0,0,0,0,0,0,0,0

SID,MILG1A,27,5
CF,NG427,50.961050,5.938361,0,MAS,232.0,1.1,269.0,4.0,2,2000,0,1,220,0,0,1
DF,MILGI,51.197000,6.125000,2, ,0.0,0.0,0,0,0,0,0,0,0,0

SID,MILG1B,09,5
CF,NG490,50.954350,6.176375,0,MAS,97.3,8.3,94.0,5.0,2,2100,0,1,220,0,0,1
DF,MILGI,51.197000,6.125000,1, ,0.0,0.0,0,0,0,0,0,0,0,0

SID,NG109,09,2
CA,0,90.0,2,700,0,0,0,0,0,0
CD, ,0,0,0,GIX,0,0.0,94.0,6.0,2,2400,0,0,0,0,0,0
VM,0,0,0,94.0,0,0,0,0,0,0,0,0

SID,NG12,27,2
CA,0,270.0,2,700,0,0,0,0,0,0
FD,GIX,50.963339,6.045189,0,GIX,0.0,4.0,267.0,4.0,2,2000,0,0,0,0,0,0
VI,0, ,0.0,219.0,0,0,0,0,0,0,0,0
AF,D210H,50.849128,5.936833,1,GIX,210.0,8.0,247.0,0,0,0,0,0,0,0,0
CF,D179D,50.896747,6.045186,1,GIX,179.0,4.0,359.0,2.0,2,3500,0,0,0,0,0,0
TF,GIX,50.963339,6.045189,0, ,0.0,0.0,0.0,0.0,0,0,0,0,0,0,0,0
TF,D038H,51.066764,6.178206,0, ,0.0,0.0,0.0,0.0,2,5000,0,0,0,0,0,0
TF,MEVEL,51.854772,7.209508,0, ,0.0,0.0,0.0,0.0,0,0,0,0,0,0,0,0

SID,NG127,27,2
CA,0,270.0,2,700,0,0,0,0,0,0
CD, ,0,0,0,GIX,0,0.0,269.0,4.0,2,2000,0,0,0,0,0,0
VM,0,0,0,269.0,0,0,0,0,0,0,0,0

SID,NG13,27,2
CA,0,270.0,2,700,0,0,0,0,0,0
FD,GIX,50.963339,6.045189,0,GIX,0.0,4.0,267.0,4.0,2,2000,0,0,0,0,0,0
VI,0, ,0.0,219.0,0,0,0,0,0,0,0,0
AF,D179H,50.830156,6.045186,1,GIX,179.0,8.0,247.0,2,3500,0,0,0,0,0,0
AF,D114H,50.906897,6.236094,1,GIX,114.0,8.0,179.0,2,5000,0,0,0,0,0,0
CR,0,GIX,65.0,22.0,0,0,0,0,0,0,0,0
CF,BAM,51.327758,7.176983,0,BAM,0.0,0.0,62.0,36.0,0,0,0,0,0,0,0,0

SID,NG32,09,2
CA,0,90.0,2,700,0,0,0,0,0,0
FD,GIX,50.963339,6.045189,0,GIX,0.0,4.0,97.0,4.0,2,2000,0,0,0,0,0,0
CD, ,0,0,0,GIX,0,0.0,97.0,8.0,2,3500,0,0,0,0,0,0
VI,0, ,0.0,97.0,0,0,0,0,0,0,0,0
AF,D051K,51.075856,6.274250,1,GIX,51.0,11.0,97.0,2,5000,0,0,0,0,0,0
CF,MEVEL,51.854772,7.209508,0,GIX,37.8,69.1,38.0,58.0,0,0,0,0,0,0,0,0

SID,NG33,09,2
CA,0,90.0,2,700,0,0,0,0,0,0
FD,GIX,50.963339,6.045189,0,GIX,0.0,4.0,97.0,4.0,2,2000,0,0,0,0,0,0
CD, ,0,0,0,GIX,0,0.0,97.0,6.0,0,0,0,0,0,0,0,0
CR,0,GIX,65.0,22.0,2,5000,0,0,0,0,0,0
CF,BAM,51.327758,7.176983,0,BAM,0.0,0.0,62.0,38.0,0,0,0,0,0,0,0,0

SID,NG81,27,2
CA,0,270.0,2,700,0,0,0,0,0,0
FD,GIX,50.963339,6.045189,0,GIX,0.0,4.0,269.0,4.0,0,0,0,0,0,0,0,0
VI,0, ,0.0,219.0,0,0,0,0,0,0,0,0
AF,D210H,50.849128,5.936833,1,GIX,210.0,8.0,248.0,0,0,0,0,0,0,0,0
VI,0, ,0.0,44.0,0,0,0,0,0,0,0,0
CF,GIX,50.963339,6.045189,0,GIX,0.0,0.0,359.0,5.0,0,0,0,0,0,0,0,0
TF,ZELTI,51.145000,6.164167,0, ,0.0,0.0,0.0,0.0,0,0,0,0,0,0,0,0

SID,NG86,27,2
CA,0,270.0,2,700,0,0,0,0,0,0
FD,GIX,50.963339,6.045189,0,GIX,0.0,4.0,267.0,4.0,2,2000,0,0,0,0,0,0
VI,0, ,0.0,219.0,0,0,0,0,0,0,0,0
AF,D210H,50.849128,5.936833,1,GIX,210.0,8.0,247.0,2,3500,0,0,0,0,0,0
VI,0, ,0.0,189.0,0,0,0,0,0,0,0,0
CF,LNO,50.585833,5.710278,0,LNO,0.0,0.0,219.0,15.0,0,0,0,0,0,0,0,0

SID,NG91,09,2
CA,0,90.0,2,700,0,0,0,0,0,0
CI,0, ,0.0,94.0,0,0,0,0,0,0,0,0
AF,D037G,51.055111,6.159022,1,GIX,37.0,7.0,94.0,0,0,0,0,0,0,0,0
CF,ZELTI,51.145000,6.164167,0,GIX,21.4,11.8,21.0,4.0,0,0,0,0,0,0,0,0

SID,NG96,09,2
CA,0,90.0,2,700,0,0,0,0,0,0
FD,GIX,50.963339,6.045189,0,GIX,0.0,4.0,97.0,4.0,2,2000,0,0,0,0,0,0
CF,D097K,50.937494,6.332169,0,GIX,97.0,11.0,97.0,7.0,0,0,0,0,0,0,0,1
CR,2,LNO,58.0,189.0,2,5500,0,0,0,0,0,0
CR,0,LNO,64.0,189.0,0,0,0,0,0,0,0,0
DF,KENUM,50.722500,6.239444,0, ,0.0,0.0,0,0,0,0,0,0,0,0
TF,LNO,50.585833,5.710278,0, ,0.0,0.0,0.0,0.0,0,0,0,0,0,0,0,0

APPTR,I27,27,GIX38
IF,GIX38,51.557333,6.392167, ,0.0,0.0,2,10000,0,0,0,0,1,0
TF,D019T,51.276064,6.226736,0, ,0.0,0.0,0.0,0.0,0,0,0,0,0,0,0,0
CI,0, ,0.0,199.0,0,0,0,0,0,0,0,0
AF,D042P,51.157786,6.334058,2,GIX,42.0,16.0,19.0,2,10000,0,0,0,0,0,0
AF,D079P,51.008853,6.460981,2,GIX,79.0,16.0,42.0,3,7000,0,0,0,0,0,0
AF,D081P,50.999661,6.463206,2,GIX,81.0,16.0,79.0,0,0,0,0,0,0,0,0
CF,CF27,50.956969,6.372739,0,IGEW,89.9,13.5,270.0,4.0,2,2800,0,0,0,0,0,0

FINAL,I27,27,I,3
IF,CF27,50.956969,6.372739,IGEW,89.9,13.5,2,2800,0,0,0,0,0,0
CF,FF27,50.958617,6.240969,0,IGEW,89.9,8.5,270.0,5.0,1,2500,0,0,0,0,2,0
CF,RW27,50.960625,6.061358,0,IGEW,89.9,1.7,270.0,6.8,1,343,0,0,0,0,3,0
CF,D267D,50.960967,5.939808,0,GIX,267.0,4.0,269.0,4.6,2,3000,0,1,230,0,0,1
VM,0,0,1,90.0,1,3000,0,0,0,0,0,0

APPTR,I27-Y,27,D116N
IF,D116N,50.867333,6.289833, ,0.0,0.0,4,10000,3000,1,220,0,1,0
AF,D101N,50.926908,6.322433,1,MAS,101.0,14.0,116.0,2,2500,0,0,0,0,0,0
CF,CI27Y,50.958800,6.243611,0,IGEW,89.8,8.6,270.0,3.5,2,1900,0,0,0,0,0,0

FINAL,I27-Y,27,I,3
IF,CI27Y,50.958800,6.243611,IGEW,89.8,8.6,2,1900,0,0,0,0,0,0
CF,FF27Y,50.959369,6.190900,0,IGEW,89.8,6.6,270.0,2.0,1,1900,0,0,0,0,2,0
CF,RW27,50.960625,6.061358,0,IGEW,89.9,1.7,270.0,4.9,1,343,0,0,0,0,3,0
CF,D267D,50.960967,5.939808,0,GIX,267.0,4.0,269.0,4.6,2,3000,0,1,230,0,0,1
VM,0,0,1,90.0,1,3000,0,0,0,0,0,0

APPTR,R09,09,ALESU
IF,ALESU,50.874606,6.301719, ,0.0,0.0,2,2500,0,1,220,0,1,0
TF,VALOB,50.879997,5.775347,0, ,0.0,0.0,0.0,0.0,2,2500,0,0,0,0,0,0
TF,NG402,50.963228,5.777003,0, ,0.0,0.0,0.0,0.0,2,2500,0,0,0,0,1,0

FINAL,R09,09,R,3
IF,NG402,50.963228,5.777003, ,0.0,0.0,2,2500,0,0,0,0,0,0
TF,GELNU,50.962344,5.882439,0, ,0.0,0.0,90.0,4.0,2,2000,0,0,0,0,2,0
TF,RW09,50.961025,6.022194,0, ,0.0,0.0,90.0,5.3,1,314,0,0,0,0,3,1
TF,NG404,50.960083,6.112325,0, ,0.0,0.0,0.0,0.0,0,0,0,0,0,0,0,0
TF,ALESU,50.874606,6.301719,0, ,0.0,0.0,0.0,0.0,1,2500,0,0,0,0,0,0

APPTR,R27,27,ALESU
IF,ALESU,50.874606,6.301719, ,0.0,0.0,2,2500,0,1,220,0,1,0
TF,NG401,50.957828,6.304339,0, ,0.0,0.0,0.0,0.0,2,2000,0,0,0,0,1,0

APPTR,R27,27,KETIG
IF,KETIG,50.957000,6.370167, ,0.0,0.0,2,3500,0,1,220,0,1,0
TF,NG401,50.957828,6.304339,0, ,0.0,0.0,0.0,0.0,2,2000,0,0,0,0,1,0

APPTR,R27,27,LINPU
IF,LINPU,51.041047,6.306964, ,0.0,0.0,2,3500,0,1,220,0,1,0
TF,NG401,50.957828,6.304339,0, ,0.0,0.0,0.0,0.0,2,2000,0,0,0,0,1,0

FINAL,R27,27,R,3
IF,NG401,50.957828,6.304339, ,0.0,0.0,2,2000,0,0,0,0,0,0
TF,TETGI,50.959167,6.199000,0, ,0.0,0.0,270.0,4.0,2,2000,0,0,0,0,2,0
TF,RW27,50.960625,6.061358,0, ,0.0,0.0,270.0,5.2,1,340,0,0,0,0,3,1
TF,NG427,50.961050,5.938361,0, ,0.0,0.0,0.0,0.0,0,0,0,0,0,0,0,1
DF,ALESU,50.874606,6.301719,1, ,0.0,0.0,1,2500,0,1,220,0,0,0

APPTR,T09,09,MAS
IF,MAS,50.971942,5.960428, ,0.0,0.0,0,0,0,0,0,0,0,0
TF,GIX38,51.557333,6.392167,0, ,0.0,0.0,0.0,0.0,2,10000,0,0,0,0,1,0
HF,GIX38,51.557333,6.392167,2, ,0.0,0.0,199.0,06,0,0,0,0,0,0,0,0,0
TF,D019K,51.135375,6.144736,0, ,0.0,0.0,0.0,0.0,2,10000,0,0,0,0,0,0
TF,GIX,50.963339,6.045189,0, ,0.0,0.0,0.0,0.0,0,0,0,0,0,0,0,0
CF,D233H,50.884931,5.874853,0,GIX,233.0,8.0,233.0,8.0,2,3000,0,0,0,0,0,0
CI,0, ,0.0,233.0,0,0,0,0,0,0,0,0
AF,D246K,50.891481,5.778667,2,GIX,246.0,11.0,233.0,2,2500,0,0,0,0,0,0
AF,D267K,50.956589,5.755422,2,GIX,267.0,11.0,246.0,0,0,0,0,0,0,0,0
CF,FT09,50.959739,5.887100,0,GIX,267.0,6.0,87.0,5.0,2,1800,0,0,0,0,0,0

APPTR,T09,09,NOR
IF,NOR,50.840556,6.694167, ,0.0,0.0,0,0,0,0,0,0,0,0
TF,GIX38,51.557333,6.392167,0, ,0.0,0.0,0.0,0.0,2,10000,0,0,0,0,1,0
HF,GIX38,51.557333,6.392167,2, ,0.0,0.0,199.0,06,0,0,0,0,0,0,0,0,0
TF,D019K,51.135375,6.144736,0, ,0.0,0.0,0.0,0.0,2,10000,0,0,0,0,0,0
TF,GIX,50.963339,6.045189,0, ,0.0,0.0,0.0,0.0,0,0,0,0,0,0,0,0
CF,D233H,50.884931,5.874853,0,GIX,233.0,8.0,233.0,8.0,2,3000,0,0,0,0,0,0
CI,0, ,0.0,233.0,0,0,0,0,0,0,0,0
AF,D246K,50.891481,5.778667,2,GIX,246.0,11.0,233.0,2,2500,0,0,0,0,0,0
AF,D267K,50.956589,5.755422,2,GIX,267.0,11.0,246.0,0,0,0,0,0,0,0,0
CF,FT09,50.959739,5.887100,0,GIX,267.0,6.0,87.0,5.0,2,1800,0,0,0,0,0,0

APPTR,T09,09,RKN
IF,RKN,52.133197,6.763878, ,0.0,0.0,0,0,0,0,0,0,0,0
TF,GIX38,51.557333,6.392167,0, ,0.0,0.0,0.0,0.0,2,10000,0,0,0,0,1,0
TF,D019K,51.135375,6.144736,0, ,0.0,0.0,0.0,0.0,2,10000,0,0,0,0,0,0
TF,GIX,50.963339,6.045189,0, ,0.0,0.0,0.0,0.0,0,0,0,0,0,0,0,0
CF,D233H,50.884931,5.874853,0,GIX,233.0,8.0,233.0,8.0,2,3000,0,0,0,0,0,0
CI,0, ,0.0,233.0,0,0,0,0,0,0,0,0
AF,D246K,50.891481,5.778667,2,GIX,246.0,11.0,233.0,2,2500,0,0,0,0,0,0
AF,D267K,50.956589,5.755422,2,GIX,267.0,11.0,246.0,0,0,0,0,0,0,0,0
CF,FT09,50.959739,5.887100,0,GIX,267.0,6.0,87.0,5.0,2,1800,0,0,0,0,0,0

FINAL,T09,09,D,3
IF,FT09,50.959739,5.887100,GIX,267.0,6.0,2,1800,0,0,0,0,2,0
CF,30TA2,50.961564,5.966161,0,GIX,267.0,3.0,87.0,3.0,2,730,0,0,0,0,0,0
CF,RW09,50.961025,6.022194,0,GIX,260.0,0.9,87.0,2.1,1,314,0,0,0,0,3,0
CF,D095F,50.952792,6.202458,0,GIX,95.0,6.0,94.0,6.9,2,3000,0,1,230,0,0,1
VM,0,0,2,270.0,1,3000,0,0,0,0,0,0

APPTR,T27,27,MAS
IF,MAS,50.971942,5.960428, ,0.0,0.0,0,0,0,0,0,0,0,0
TF,GIX38,51.557333,6.392167,0, ,0.0,0.0,0.0,0.0,2,10000,0,0,0,0,1,0
HF,GIX38,51.557333,6.392167,2, ,0.0,0.0,199.0,06,0,0,0,0,0,0,0,0,0
FD,GIX38,51.557333,6.392167,0,GIX,19.0,18.0,199.0,18.0,0,0,0,0,0,0,0,0
CI,0, ,0.0,199.0,0,0,0,0,0,0,0,0
AF,D042P,51.157786,6.334058,2,GIX,42.0,16.0,19.0,2,10000,0,0,0,0,0,0
AF,D079P,51.008853,6.460981,2,GIX,79.0,16.0,42.0,3,7000,0,0,0,0,0,0
AF,D087P,50.971867,6.466783,2,GIX,87.0,16.0,79.0,0,0,0,0,0,0,0,0
CF,D097M,50.932719,6.384317,0,GIX,97.0,13.0,277.0,3.0,0,0,0,0,0,0,0,0
CF,D097K,50.937494,6.332169,0,GIX,97.0,11.0,277.0,2.0,2,2500,0,0,0,0,0,0
CF,FT27,50.949325,6.201753,0,GIX,97.0,6.0,277.0,5.0,2,1900,0,0,0,0,0,0

APPTR,T27,27,NOR
IF,NOR,50.840556,6.694167, ,0.0,0.0,0,0,0,0,0,0,0,0
TF,GIX38,51.557333,6.392167,0, ,0.0,0.0,0.0,0.0,2,10000,0,0,0,0,1,0
HF,GIX38,51.557333,6.392167,2, ,0.0,0.0,199.0,06,0,0,0,0,0,0,0,0,0
FD,GIX38,51.557333,6.392167,0,GIX,19.0,18.0,199.0,18.0,0,0,0,0,0,0,0,0
CI,0, ,0.0,199.0,0,0,0,0,0,0,0,0
AF,D042P,51.157786,6.334058,2,GIX,42.0,16.0,19.0,2,10000,0,0,0,0,0,0
AF,D079P,51.008853,6.460981,2,GIX,79.0,16.0,42.0,3,7000,0,0,0,0,0,0
AF,D087P,50.971867,6.466783,2,GIX,87.0,16.0,79.0,0,0,0,0,0,0,0,0
CF,D097M,50.932719,6.384317,0,GIX,97.0,13.0,277.0,3.0,0,0,0,0,0,0,0,0
CF,D097K,50.937494,6.332169,0,GIX,97.0,11.0,277.0,2.0,2,2500,0,0,0,0,0,0
CF,FT27,50.949325,6.201753,0,GIX,97.0,6.0,277.0,5.0,2,1900,0,0,0,0,0,0

APPTR,T27,27,RKN
IF,RKN,52.133197,6.763878, ,0.0,0.0,0,0,0,0,0,0,0,0
TF,GIX38,51.557333,6.392167,0, ,0.0,0.0,0.0,0.0,2,10000,0,0,0,0,1,0
FD,GIX38,51.557333,6.392167,0,GIX,19.0,18.0,199.0,18.0,0,0,0,0,0,0,0,0
CI,0, ,0.0,199.0,0,0,0,0,0,0,0,0
AF,D042P,51.157786,6.334058,2,GIX,42.0,16.0,19.0,2,10000,0,0,0,0,0,0
AF,D079P,51.008853,6.460981,2,GIX,79.0,16.0,42.0,3,7000,0,0,0,0,0,0
AF,D087P,50.971867,6.466783,2,GIX,87.0,16.0,79.0,0,0,0,0,0,0,0,0
CF,D097M,50.932719,6.384317,0,GIX,97.0,13.0,277.0,3.0,0,0,0,0,0,0,0,0
CF,D097K,50.937494,6.332169,0,GIX,97.0,11.0,277.0,2.0,2,2500,0,0,0,0,0,0
CF,FT27,50.949325,6.201753,0,GIX,97.0,6.0,277.0,5.0,2,1900,0,0,0,0,0,0

FINAL,T27,27,D,3
IF,FT27,50.949325,6.201753,GIX,97.0,6.0,2,1900,0,0,0,0,2,0
CF,30TAC,50.956353,6.123469,0,GIX,97.0,3.0,277.0,3.0,2,940,0,0,0,0,0,0
CF,MT27,50.961011,6.071269,0,GIX,97.0,0.0,277.0,2.0,1,461,0,0,0,0,3,0
CF,D267D,50.960967,5.939808,0,GIX,267.0,4.0,269.0,5.0,2,3000,0,1,230,0,0,1
VM,0,0,1,90.0,1,3000,0,0,0,0,0,0

