APPTR,D24,24,55VOR
HF,55VOR,-29.056403,30.655556,1, ,0.0,0.0,245.0,04,2,6300,0,1,200,0,0,0,0

APPTR,D24,24,GYV
IF,GYV,-29.124719,30.585569, ,0.0,0.0,0,0,0,0,0,0,0,0
TF,55VOR,-29.056403,30.655556,0, ,0.0,0.0,0.0,0.0,0,0,0,0,0,0,0,0
FC,55VOR,-29.056403,30.655556,0,GYV,0.0,0.0,110.0,4.4,0,0,0,0,0,0,0,1
CF,FD24,-29.006697,30.706397,1,GYV,65.0,9.5,245.0,1.0,2,6300,0,0,0,0,0,0

FINAL,D24,24,D,4
IF,FD24,-29.006697,30.706397,GYV,65.0,9.5,2,6300,0,0,0,0,2,0
CF,55VOR,-29.056403,30.655556,0,GYV,65.0,5.5,245.0,4.0,2,5090,0,0,0,0,0,0
CF,30VOR,-29.087461,30.623756,0,GYV,65.0,3.0,245.0,2.5,2,4290,0,0,0,0,0,0
CF,MD24,-29.104850,30.605939,0,GYV,65.0,1.6,245.0,1.4,1,3841,0,0,0,0,3,0
CF,GYV,-29.124719,30.585569,0,GYV,0.0,0.0,245.0,1.6,0,0,0,0,0,0,0,1
CI,1, ,0.0,356.0,0,0,0,0,0,0,0,0
CF,55VOR,-29.056403,30.655556,0,GYV,65.0,5.5,65.0,4.0,1,6300,0,0,0,0,0,0
HM,55VOR,-29.056403,30.655556,1, ,0.0,0.0,245.0,04,0,0,0,1,200,0,0,0,0

