SID,NEXU1A,18,5
CF,TW001,-27.321133,22.529611,0,SSV,327.0,32.1,178.0,7.0,2,5400,0,0,0,0,0,1
DF,NEXUP,-27.115142,22.743406,1, ,0.0,0.0,0,0,0,0,0,0,0,0

SID,NEXU1B,36,5
CF,TW002,-27.131425,22.451433,0,SSV,335.5,42.9,358.0,4.0,2,4800,0,0,0,0,0,1
DF,NEXUP,-27.115142,22.743406,2, ,0.0,0.0,0,0,0,0,0,0,0,0

APPTR,R18,18,EGSUV
IF,EGSUV,-27.017150,22.311072, ,0.0,0.0,2,6300,0,1,220,0,1,0
TF,TIKIG,-27.016914,22.404383,0, ,0.0,0.0,0.0,0.0,2,5600,0,1,220,0,1,0

APPTR,R18,18,GEVUX
IF,GEVUX,-26.962972,22.475633, ,0.0,0.0,2,6300,0,1,220,0,1,0
TF,TIKIG,-27.016914,22.404383,0, ,0.0,0.0,0.0,0.0,2,5600,0,1,220,0,1,0

FINAL,R18,18,R,4
IF,TIKIG,-27.016914,22.404383, ,0.0,0.0,2,5600,0,1,220,0,0,0
TF,TW1F1,-27.111033,22.443047,0, ,0.0,0.0,178.0,6.0,1,5600,0,0,0,0,2,0
TF,TW1F2,-27.142400,22.455947,0, ,0.0,0.0,178.0,2.0,2,4990,0,0,0,0,0,0
TF,TW1MP,-27.189458,22.475319,0, ,0.0,0.0,178.0,3.0,1,4039,0,0,0,0,3,1
TF,IBMES,-27.388558,22.557467,0, ,0.0,0.0,0.0,0.0,2,6300,0,0,0,0,0,0
HM,IBMES,-27.388558,22.557467,2, ,0.0,0.0,358.0,04.3,2,6300,0,1,220,0,0,0,0

APPTR,R36,36,NEVUL
IF,NEVUL,-27.442539,22.485983, ,0.0,0.0,2,6500,0,1,220,0,1,0
TF,IBMES,-27.388558,22.557467,0, ,0.0,0.0,0.0,0.0,2,6300,0,1,220,0,1,0

APPTR,R36,36,UTSIT
IF,UTSIT,-27.388158,22.651083, ,0.0,0.0,2,6500,0,1,220,0,1,0
TF,IBMES,-27.388558,22.557467,0, ,0.0,0.0,0.0,0.0,2,6300,0,1,220,0,1,0

FINAL,R36,36,R,3
IF,IBMES,-27.388558,22.557467, ,0.0,0.0,2,6300,0,1,220,0,0,0
TF,TW2F1,-27.294475,22.518608,0, ,0.0,0.0,358.0,6.0,2,5600,0,0,0,0,2,0
TF,TW2MP,-27.216061,22.486275,0, ,0.0,0.0,358.0,5.0,1,4061,0,0,0,0,3,1
TF,TIKIG,-27.016914,22.404383,0, ,0.0,0.0,0.0,0.0,2,5600,0,0,0,0,0,0
HM,TIKIG,-27.016914,22.404383,2, ,0.0,0.0,178.0,04.3,2,5600,0,1,220,0,0,0,0

