APPTR,D03-Y,03,BTA1
IF,BTA,1.902461,9.808919, ,0.0,0.0,2,3600,0,0,0,0,0,0
FD,BTA,1.902461,9.808919,0,BTA,0.0,9.1,239.0,9.1,2,2000,0,0,0,0,0,0
CF,FD03,1.801611,9.746292,1,BTA,214.0,7.1,34.0,2.0,2,2000,0,0,0,0,0,0

APPTR,D03-Y,03,BTA2
IF,BTA,1.902461,9.808919, ,0.0,0.0,2,3600,0,0,0,0,0,0
FD,BTA,1.902461,9.808919,0,BTA,0.0,9.1,228.0,9.1,2,2000,0,0,0,0,0,0
CF,FD03,1.801611,9.746292,1,BTA,214.0,7.1,34.0,2.0,2,2000,0,0,0,0,0,0

FINAL,D03-Y,03,D,3
IF,FD03,1.801611,9.746292,BTA,214.0,7.1,2,2000,0,0,0,0,2,0
CF,40VOR,1.845644,9.773636,0,BTA,214.0,4.0,34.0,3.1,2,1020,0,0,0,0,0,0
CF,RW03,1.889175,9.799289,0,BTA,218.5,0.0,34.0,3.0,1,65,0,0,0,0,3,0
CF,BTA,1.902461,9.808919,0,BTA,0.0,0.0,34.0,1.0,0,0,0,0,0,0,0,1
FA,BTA,1.902461,9.808919,0,BTA,0.0,0.0,34.0,2,1000,0,0,0,0,0,0
DF,BTA,1.902461,9.808919,2, ,0.0,0.0,1,2000,0,0,0,0,0,0

APPTR,D03-Z,03,AMSUD
IF,AMSUD,1.718194,9.693694, ,0.0,0.0,2,2000,0,0,0,0,1,0
CF,FD03,1.801611,9.746292,0,BTA,214.0,7.1,34.0,5.9,2,2000,0,0,0,0,0,0

FINAL,D03-Z,03,D,3
IF,FD03,1.801611,9.746292,BTA,214.0,7.1,2,2000,0,0,0,0,2,0
CF,40VOR,1.845644,9.773636,0,BTA,214.0,4.0,34.0,3.1,2,1020,0,0,0,0,0,0
CF,RW03,1.889175,9.799289,0,BTA,218.5,0.0,34.0,3.0,1,65,0,0,0,0,3,0
CF,BTA,1.902461,9.808919,0,BTA,0.0,0.0,34.0,1.0,0,0,0,0,0,0,0,1
FA,BTA,1.902461,9.808919,0,BTA,0.0,0.0,34.0,2,1000,0,0,0,0,0,0
CI,1, ,0.0,196.0,0,0,0,0,0,0,0,0
CF,D226R,1.685581,9.600803,0,BTA,226.0,18.0,226.0,13.0,1,2000,0,0,0,0,0,1
CF,AMSUD,1.718194,9.693694,1,BTA,214.2,13.0,34.0,5.0,0,0,0,0,0,0,0,0
HM,AMSUD,1.718194,9.693694,1, ,0.0,0.0,34.0,05,0,0,0,1,230,0,0,0,0

APPTR,D21-Y,21,BTA1
IF,BTA,1.902461,9.808919, ,0.0,0.0,2,3600,0,0,0,0,0,0
FC,BTA,1.902461,9.808919,0,BTA,0.0,0.0,360.0,7.0,2,2000,0,0,0,0,0,1
CF,FD21,2.008839,9.853800,2,BTA,25.0,6.9,205.0,1.0,2,2000,0,0,0,0,0,0

APPTR,D21-Y,21,BTA2
IF,BTA,1.902461,9.808919, ,0.0,0.0,2,3600,0,0,0,0,0,0
FC,BTA,1.902461,9.808919,0,BTA,0.0,0.0,13.0,9.0,2,2000,0,0,0,0,0,1
CF,FD21,2.008839,9.853800,2,BTA,25.0,6.9,205.0,2.0,2,2000,0,0,0,0,0,0

FINAL,D21-Y,21,D,2
IF,FD21,2.008839,9.853800,BTA,25.0,6.9,2,2000,0,0,0,0,2,0
CF,MD21,1.922503,9.817372,0,BTA,25.0,1.3,205.0,5.6,1,215,0,0,0,0,3,0
CF,BTA,1.902461,9.808919,0,BTA,0.0,0.0,205.0,1.3,2,420,0,0,0,0,0,1
FA,BTA,1.902461,9.808919,0,BTA,0.0,0.0,205.0,2,1000,0,0,0,0,0,0
DF,BTA,1.902461,9.808919,1, ,0.0,0.0,1,3600,0,0,0,0,0,0

APPTR,D21-Z,21,KOPED
IF,KOPED,2.100417,9.774222, ,0.0,0.0,2,2000,0,0,0,0,1,0
AF,DENER,2.087472,9.886972,2,BTA,25.0,12.0,352.0,2,2000,0,0,0,0,1,0

APPTR,D21-Z,21,TAROV
IF,TAROV,2.026194,9.966333, ,0.0,0.0,2,2000,0,0,0,0,1,0
AF,DENER,2.087472,9.886972,1,BTA,25.0,12.0,54.0,2,2000,0,0,0,0,1,0

FINAL,D21-Z,21,D,3
IF,DENER,2.087472,9.886972,BTA,25.0,12.0,2,2000,0,0,0,0,0,0
CF,FD21,2.008839,9.853800,0,BTA,25.0,6.9,205.0,5.1,2,2000,0,0,0,0,2,0
CF,MD21,1.922503,9.817372,0,BTA,25.0,1.3,205.0,5.6,1,215,0,0,0,0,3,0
CF,BTA,1.902461,9.808919,0,BTA,0.0,0.0,205.0,1.3,0,0,0,0,0,0,0,1
FA,BTA,1.902461,9.808919,0,BTA,0.0,0.0,205.0,2,1000,0,0,0,0,0,0
CI,1, ,0.0,307.0,0,0,0,0,0,0,0,0
CF,D337Q,2.160508,9.689306,0,BTA,337.0,17.0,337.0,16.0,1,2000,0,0,0,0,0,1
CF,KOPED,2.100417,9.774222,2,BTA,352.0,12.0,172.0,6.0,0,0,0,0,0,0,0,0
HM,KOPED,2.100417,9.774222,2, ,0.0,0.0,172.0,05,0,0,0,1,230,0,0,0,0

APPTR,I21-X,21,KEKOP
IF,KEKOP,2.133142,9.827667, ,0.0,0.0,2,3000,0,1,230,0,1,0
CF,POSON,2.095636,9.902092,0,BA,28.6,13.9,119.0,5.0,2,2000,0,0,0,0,1,0

APPTR,I21-X,21,LIKUL
IF,LIKUL,2.058122,9.976511, ,0.0,0.0,2,3900,0,1,230,0,1,0
CF,POSON,2.095636,9.902092,0,BA,28.6,13.9,299.0,5.0,2,2000,0,0,0,0,1,0

FINAL,I21-X,21,I,3
IF,POSON,2.095636,9.902092,BA,28.6,13.9,2,2000,0,0,0,0,1,0
CF,BT501,2.007286,9.858094,0,BA,28.6,8.0,209.0,5.9,1,2000,0,0,0,0,2,0
CF,RW21,1.915939,9.812614,0,BA,28.6,1.9,209.0,6.1,1,61,0,0,0,0,3,1
TF,BT502,1.841067,9.775339,0, ,0.0,0.0,0.0,0.0,0,0,0,0,0,0,0,1
DF,LIKUL,2.058122,9.976511,1, ,0.0,0.0,1,3900,0,1,230,0,0,0

APPTR,I21-Y,21,BTA1
IF,BTA,1.902461,9.808919, ,0.0,0.0,2,3600,0,0,0,0,0,0
FC,BTA,1.902461,9.808919,0,BTA,0.0,0.0,4.0,8.0,2,2000,0,0,0,0,0,1
CF,CI21Y,2.022158,9.864997,2,BA,28.4,9.0,209.0,1.0,2,2000,0,0,0,0,0,0

APPTR,I21-Y,21,BTA2
IF,BTA,1.902461,9.808919, ,0.0,0.0,2,3600,0,0,0,0,0,0
FC,BTA,1.902461,9.808919,0,BTA,0.0,0.0,17.0,8.0,2,2000,0,0,0,0,0,1
CF,CI21Y,2.022158,9.864997,2,BA,28.4,9.0,209.0,1.0,2,2000,0,0,0,0,0,0

FINAL,I21-Y,21,I,3
IF,CI21Y,2.022158,9.864997,BA,28.4,9.0,2,2000,0,0,0,0,0,0
CF,FI21,2.007161,9.857586,0,BA,28.4,8.0,209.0,1.0,1,2000,0,0,0,0,2,0
CF,RW21,1.915939,9.812614,0,BA,28.6,1.9,209.0,6.1,1,61,0,0,0,0,3,0
CF,D029A,1.903689,9.806461,0,BTA,298.4,0.2,209.0,0.8,2,420,0,0,0,0,0,1
FA,D029A,1.903689,9.806461,0,BTA,0.0,0.0,209.0,2,1000,0,0,0,0,0,0
DF,BTA,1.902461,9.808919,1, ,0.0,0.0,1,3600,0,0,0,0,0,0
HM,BTA,1.902461,9.808919,2, ,0.0,0.0,4.0,04.3,0,0,0,1,230,0,0,0,0

APPTR,I21-Z,21,KOPED
IF,KOPED,2.100417,9.774222, ,0.0,0.0,2,2000,0,0,0,0,1,0
AF,D016L,2.097475,9.857247,2,BTA,16.0,12.0,352.0,2,2000,0,0,0,0,0,0
VI,0,BA,0.0,179.0,0,0,0,0,0,0,0,0

APPTR,I21-Z,21,TAROV
IF,TAROV,2.026194,9.966333, ,0.0,0.0,2,2000,0,0,0,0,1,0
AF,D042L,2.056419,9.937328,1,BTA,42.0,12.0,54.0,2,2000,0,0,0,0,0,0
VI,0,BA,0.0,239.0,0,0,0,0,0,0,0,0

FINAL,I21-Z,21,I,3
IF,APAXO,2.083361,9.895972,BA,28.6,13.1,2,2000,0,0,0,0,0,0
CF,FI21,2.007161,9.857586,0,BA,28.4,8.0,209.0,5.1,1,2000,0,0,0,0,2,0
CF,RW21,1.915939,9.812614,0,BA,28.6,1.9,209.0,6.1,1,61,0,0,0,0,3,0
FA,RW21,1.915939,9.812614,0,BTA,0.0,0.0,209.0,2,1000,0,0,0,0,0,0
CI,1, ,0.0,307.0,0,0,0,0,0,0,0,0
CF,D337Q,2.160508,9.689306,0,BTA,337.0,17.0,337.0,17.0,1,2000,0,0,0,0,0,1
CF,KOPED,2.100417,9.774222,2,BTA,352.0,12.0,172.0,6.0,0,0,0,0,0,0,0,0
HM,KOPED,2.100417,9.774222,2, ,0.0,0.0,172.0,05,0,0,0,1,230,0,0,0,0

APPTR,R03,03,MONIT
IF,MONIT,1.746978,9.635422, ,0.0,0.0,2,3000,0,1,230,0,1,0
TF,SITBI,1.709475,9.709833,0, ,0.0,0.0,0.0,0.0,2,2000,0,0,0,0,1,0

APPTR,R03,03,NUSIR
IF,NUSIR,1.671969,9.784242, ,0.0,0.0,2,3700,0,1,230,0,1,0
TF,SITBI,1.709475,9.709833,0, ,0.0,0.0,0.0,0.0,2,2000,0,0,0,0,1,0

FINAL,R03,03,R,3
IF,SITBI,1.709475,9.709833, ,0.0,0.0,2,2000,0,0,0,0,1,0
TF,BT503,1.797831,9.753814,0, ,0.0,0.0,29.0,5.9,2,2000,0,0,0,0,2,0
TF,RW03,1.889175,9.799289,0, ,0.0,0.0,29.0,6.1,1,65,0,0,0,0,3,1
TF,BT504,1.964053,9.836567,0, ,0.0,0.0,0.0,0.0,0,0,0,0,0,0,0,1
DF,MONIT,1.746978,9.635422,1, ,0.0,0.0,1,3000,0,1,230,0,0,0
HM,MONIT,1.746978,9.635422,2, ,0.0,0.0,119.0,04.3,2,3000,0,1,230,0,0,0,0

APPTR,R21,21,KEKOP
IF,KEKOP,2.133142,9.827667, ,0.0,0.0,2,3000,0,1,230,0,1,0
TF,POSON,2.095636,9.902092,0, ,0.0,0.0,0.0,0.0,2,2000,0,0,0,0,1,0

APPTR,R21,21,LIKUL
IF,LIKUL,2.058122,9.976511, ,0.0,0.0,2,3900,0,1,230,0,1,0
TF,POSON,2.095636,9.902092,0, ,0.0,0.0,0.0,0.0,2,2000,0,0,0,0,1,0

FINAL,R21,21,R,3
IF,POSON,2.095636,9.902092, ,0.0,0.0,2,2000,0,0,0,0,1,0
TF,BT501,2.007286,9.858094,0, ,0.0,0.0,209.0,5.9,2,2000,0,0,0,0,2,0
TF,RW21,1.915939,9.812614,0, ,0.0,0.0,209.0,6.1,1,61,0,0,0,0,3,1
TF,BT502,1.841067,9.775339,0, ,0.0,0.0,0.0,0.0,0,0,0,0,0,0,0,1
DF,LIKUL,2.058122,9.976511,1, ,0.0,0.0,1,3900,0,1,230,0,0,0

