APPTR,N10L,10L,NW
HF,NW,-12.995000,28.586667,1, ,0.0,0.0,97.0,04.3,2,6000,0,0,0,0,0,0,0

FINAL,N10L,10L,N,2
IF,NW,-12.995000,28.586667,NW,0.0,0.0,2,5300,0,0,0,0,2,0
CF,RW10L,-12.997350,28.654044,0,NW,0.0,0.0,97.0,4.0,1,4216,0,0,0,0,3,0
CA,0,97.0,2,4567,0,0,0,0,0,0
VM,0,0,0,97.0,1,6000,0,0,0,0,0,0

APPTR,S10L,10L,VND
IF,VND,-12.998333,28.666667, ,0.0,0.0,2,6000,0,0,0,0,0,0
CF,D279G,-12.988500,28.547589,0,VND,279.0,7.0,279.0,7.0,2,6000,0,0,0,0,0,0
FC,D279G,-12.988500,28.547589,0,VND,0.0,0.0,324.0,4.3,2,6000,0,0,0,0,0,1
CF,FS10L,-12.991756,28.586942,1,VND,279.0,4.7,99.0,9.0,2,5400,0,0,0,0,0,0

FINAL,S10L,10L,D,2
IF,FS10L,-12.991756,28.586942,VND,279.0,4.7,2,5400,0,0,0,0,2,0
CF,RW10L,-12.997350,28.654044,0,VND,278.7,0.7,99.0,4.0,1,4216,0,0,0,0,3,0
CF,VND,-12.998333,28.666667,0,VND,0.0,0.0,99.0,0.7,2,4567,0,0,0,0,0,0
VM,0,0,0,99.0,1,6000,0,0,0,0,0,0

