APPTR,R13,13,GI101
IF,GI101,-16.931689,15.433486, ,0.0,0.0,2,6000,0,0,0,0,1,0
TF,GI104,-16.966925,15.512339,0, ,0.0,0.0,0.0,0.0,2,6000,0,0,0,0,1,0

APPTR,R13,13,GI102
IF,GI102,-17.042847,15.475792, ,0.0,0.0,2,6000,0,0,0,0,1,0
TF,GI104,-16.966925,15.512339,0, ,0.0,0.0,0.0,0.0,2,6000,0,0,0,0,1,0

APPTR,R13,13,GI103
IF,GI103,-16.890992,15.548858, ,0.0,0.0,2,6000,0,0,0,0,1,0
TF,GI104,-16.966925,15.512339,0, ,0.0,0.0,0.0,0.0,2,6000,0,0,0,0,1,0

FINAL,R13,13,R,3
IF,GI104,-16.966925,15.512339, ,0.0,0.0,2,6000,0,0,0,0,0,0
TF,GI105,-17.002128,15.591222,0, ,0.0,0.0,124.0,5.0,2,5230,0,0,0,0,2,0
TF,GI106,-17.037300,15.670133,0, ,0.0,0.0,124.0,5.0,1,3695,0,0,0,0,3,1
TF,GI107,-17.154922,15.934558,0, ,0.0,0.0,0.0,0.0,1,6000,0,0,0,0,0,1

APPTR,R31,31,GI107
IF,GI107,-17.154922,15.934558, ,0.0,0.0,2,6000,0,0,0,0,1,0
TF,GI110,-17.119831,15.855558,0, ,0.0,0.0,0.0,0.0,2,6000,0,0,0,0,1,0

APPTR,R31,31,GI108
IF,GI108,-17.043906,15.892117, ,0.0,0.0,2,6000,0,0,0,0,1,0
TF,GI110,-17.119831,15.855558,0, ,0.0,0.0,0.0,0.0,2,6000,0,0,0,0,1,0

APPTR,R31,31,GI109
IF,GI109,-17.195750,15.818969, ,0.0,0.0,2,6000,0,0,0,0,1,0
TF,GI110,-17.119831,15.855558,0, ,0.0,0.0,0.0,0.0,2,6000,0,0,0,0,1,0

FINAL,R31,31,R,3
IF,GI110,-17.119831,15.855558, ,0.0,0.0,2,6000,0,0,0,0,0,0
TF,GI111,-17.083875,15.776586,0, ,0.0,0.0,304.0,5.0,2,5230,0,0,0,0,2,0
TF,GI112,-17.049556,15.697647,0, ,0.0,0.0,304.0,5.0,1,3701,0,0,0,0,3,1
TF,GI101,-16.931689,15.433486,0, ,0.0,0.0,0.0,0.0,1,6000,0,0,0,0,0,1

