APPTR,R11,11,G018P
IF,G018P,-11.805000,19.691667, ,0.0,0.0,2,8000,0,0,0,0,1,0
TF,G108J,-11.723333,19.711667,0, ,0.0,0.0,0.0,0.0,2,6100,0,0,0,0,1,0

APPTR,R11,11,G108P
IF,G108P,-11.703333,19.628333, ,0.0,0.0,2,8000,0,0,0,0,1,0
TF,G108J,-11.723333,19.711667,0, ,0.0,0.0,0.0,0.0,2,6100,0,0,0,0,1,0

APPTR,R11,11,G198P
IF,G198P,-11.641667,19.731667, ,0.0,0.0,2,8000,0,0,0,0,1,0
TF,G108J,-11.723333,19.711667,0, ,0.0,0.0,0.0,0.0,2,6100,0,0,0,0,1,0

FINAL,R11,11,R,3
IF,G108J,-11.723333,19.711667, ,0.0,0.0,2,6100,0,0,0,0,0,0
TF,G108E,-11.743333,19.795000,0, ,0.0,0.0,108.0,5.0,2,6100,0,0,0,0,2,0
TF,RW11,-11.763658,19.878778,0, ,0.0,0.0,108.0,5.0,1,4532,0,0,0,0,3,1
CA,0,108.0,2,4950,0,0,0,0,0,0
DF,G198P,-11.641667,19.731667,1, ,0.0,0.0,1,8000,0,0,0,0,0,0

