APPTR,D15-Z,15,D280K
IF,D280K,-1.627433,13.262617, ,0.0,0.0,2,4100,0,0,0,0,0,0
AF,D301K,-1.563756,13.283794,2,FRV,301.0,11.0,280.0,2,3100,0,0,0,0,0,0
CF,FF15,-1.588914,13.367928,0,FRV,312.0,6.0,132.0,5.0,2,3100,0,0,0,0,0,0

APPTR,D15-Z,15,D351K
IF,D351K,-1.472228,13.408983, ,0.0,0.0,2,4100,0,0,0,0,0,0
AF,D323K,-1.509897,13.328706,1,FRV,323.0,11.0,351.0,2,3100,0,0,0,0,0,0
CF,FF15,-1.588914,13.367928,0,FRV,312.0,6.0,132.0,5.0,2,3100,0,0,0,0,0,0

APPTR,D15-Z,15,FRV
IF,FRV,-1.653083,13.443917, ,0.0,0.0,2,4100,0,0,0,0,0,0
FD,FRV,-1.653083,13.443917,0,FRV,0.0,8.0,339.0,8.0,2,3100,0,0,0,0,0,0
CF,FF15,-1.588914,13.367928,1,FRV,312.0,6.0,132.0,2.0,2,3100,0,0,0,0,0,0

FINAL,D15-Z,15,D,5
IF,FF15,-1.588914,13.367928,FRV,312.0,6.0,2,3100,0,0,0,0,2,0
CF,40VO2,-1.610017,13.392917,0,FRV,312.0,4.0,132.0,2.0,2,2490,0,0,0,0,0,0
CF,20VO2,-1.631550,13.418417,0,FRV,312.0,2.0,132.0,2.0,2,1860,0,0,0,0,0,0
CF,EP15,-1.642686,13.431606,0,FRV,312.0,0.0,132.0,1.0,1,1486,0,0,0,0,0,1
CF,FRV,-1.653083,13.443917,0,FRV,0.0,0.0,132.0,1.0,2,1850,0,0,0,0,3,1
FA,FRV,-1.653083,13.443917,0,FRV,0.0,0.0,132.0,2,3100,0,0,0,0,0,0
DF,FRV,-1.653083,13.443917,1, ,0.0,0.0,1,3100,0,0,0,0,0,0

APPTR,D33-Z,33,D124K
IF,D124K,-1.750708,13.599186, ,0.0,0.0,2,4100,0,0,0,0,0,0
AF,D148K,-1.805819,13.546303,2,FRV,148.0,11.0,124.0,2,3100,0,0,0,0,0,0
CF,FF33,-1.744044,13.482286,0,FRV,159.0,5.9,339.0,5.0,2,3100,0,0,0,0,0,0

APPTR,D33-Z,33,D186K
IF,D186K,-1.836872,13.431142, ,0.0,0.0,2,4100,0,0,0,0,0,0
AF,D170K,-1.833294,13.481983,1,FRV,170.0,11.0,186.0,2,3100,0,0,0,0,0,0
CF,FF33,-1.744044,13.482286,0,FRV,159.0,5.9,339.0,5.0,2,3100,0,0,0,0,0,0

APPTR,D33-Z,33,FRV
IF,FRV,-1.653083,13.443917, ,0.0,0.0,2,4100,0,0,0,0,0,0
FD,FRV,-1.653083,13.443917,0,FRV,0.0,8.0,186.0,8.0,2,3100,0,0,0,0,0,0
CF,FF33,-1.744044,13.482286,1,FRV,159.0,5.9,339.0,2.0,2,3100,0,0,0,0,0,0

FINAL,D33-Z,33,D,4
IF,FF33,-1.744044,13.482286,FRV,159.0,5.9,2,3100,0,0,0,0,2,0
CF,40VO1,-1.714753,13.469928,0,FRV,159.0,4.0,339.0,1.9,2,2490,0,0,0,0,0,0
CF,20VO1,-1.683917,13.456922,0,FRV,159.0,2.0,339.0,2.0,2,1860,0,0,0,0,0,0
CF,MS33Z,-1.676208,13.453669,0,FRV,159.0,1.5,339.0,0.5,1,1689,0,0,0,0,3,0
FA,MS33Z,-1.676208,13.453669,0,FRV,0.0,0.0,339.0,2,3100,0,0,0,0,0,0
DF,FRV,-1.653083,13.443917,2, ,0.0,0.0,1,3100,0,0,0,0,0,0

APPTR,I15-Y,15,ARKUS
IF,ARKUS,-1.533000,13.244153, ,0.0,0.0,2,3700,0,0,0,0,1,0
CF,DEKER,-1.483258,13.311097,0,FRA,325.6,13.8,56.0,5.0,2,3500,0,0,0,0,1,0

APPTR,I15-Y,15,LIGAS
IF,LIGAS,-1.433514,13.378036, ,0.0,0.0,2,3500,0,0,0,0,1,0
CF,DEKER,-1.483258,13.311097,0,FRA,325.6,13.8,236.0,5.0,2,3500,0,0,0,0,1,0

FINAL,I15-Y,15,I,3
IF,DEKER,-1.483258,13.311097,FRA,325.6,13.8,2,3500,0,0,0,0,1,0
CF,ON501,-1.559714,13.367192,0,FRA,325.6,8.1,146.0,5.7,1,3500,0,0,0,0,2,0
CF,RW15,-1.644942,13.429728,0,FRA,325.6,1.8,146.0,6.3,1,1486,0,0,0,0,3,1
DF,ON502,-1.712308,13.479164,0, ,0.0,0.0,0,0,0,0,0,0,0,1
DF,LIGAS,-1.433514,13.378036,1, ,0.0,0.0,1,3500,0,0,0,0,0,0

APPTR,I15-Z,15,D279K
IF,D279K,-1.630619,13.262200, ,0.0,0.0,2,4100,0,0,0,0,0,0
AF,D312K,-1.534650,13.303675,2,FRV,312.0,11.0,279.0,2,3100,0,0,0,0,0,0
CF,CI15Z,-1.562731,13.369403,0,FRA,325.6,7.9,146.0,4.0,2,3100,0,0,0,0,0,0

APPTR,I15-Z,15,D351K
IF,D351K,-1.472228,13.408983, ,0.0,0.0,2,4100,0,0,0,0,0,0
AF,D334K,-1.490408,13.357969,1,FRV,334.0,11.0,351.0,2,3100,0,0,0,0,0,0
CF,CI15Z,-1.562731,13.369403,0,FRA,325.6,7.9,146.0,4.0,2,3100,0,0,0,0,0,0

APPTR,I15-Z,15,FRN
IF,FRN,-1.603417,13.399250, ,0.0,0.0,2,4100,0,0,0,0,0,0
HF,FRN,-1.603417,13.399250,1, ,0.0,0.0,146.0,04.3,2,3100,0,1,230,0,0,0,0

APPTR,I15-Z,15,ND
IF,ND,-1.530556,13.268056, ,0.0,0.0,2,4100,0,0,0,0,0,0
CI,0, ,0.0,98.0,2,3100,0,0,0,0,0,0
CF,CI15Z,-1.562731,13.369403,0,FRA,325.6,7.9,146.0,3.0,2,3100,0,0,0,0,0,0

FINAL,I15-Z,15,I,3
IF,CI15Z,-1.562731,13.369403,FRA,325.6,7.9,2,3100,0,0,0,0,0,0
CF,FI15Z,-1.576203,13.379289,0,FRA,325.6,6.9,146.0,1.0,1,3100,0,0,0,0,2,0
CF,RW15,-1.644942,13.429728,0,FRA,325.6,1.8,146.0,5.1,1,1486,0,0,0,0,3,0
FA,RW15,-1.644942,13.429728,0,FRV,0.0,0.0,146.0,2,3100,0,0,0,0,0,0
VM,0,0,1,326.0,1,3100,0,0,0,0,0,0

APPTR,N15,15,FRN
IF,FRN,-1.603417,13.399250, ,0.0,0.0,2,4100,0,0,0,0,0,0
HF,FRN,-1.603417,13.399250,1, ,0.0,0.0,146.0,04.3,2,3100,0,1,280,0,0,0,0

APPTR,N15,15,ND
IF,ND,-1.530556,13.268056, ,0.0,0.0,2,4100,0,0,0,0,0,0
FC,ND,-1.530556,13.268056,0,FRV,0.0,0.0,99.0,5.0,2,3100,0,0,0,0,0,0
CF,FN15,-1.576044,13.379489,0,FRV,321.9,6.0,146.0,3.0,2,3100,0,0,0,0,0,0

FINAL,N15,15,N,3
IF,FN15,-1.576044,13.379489,FRN,0.0,0.0,2,3100,0,0,0,0,2,0
CF,FRN,-1.603417,13.399250,0,FRN,0.0,0.0,146.0,2.0,2,2460,0,0,0,0,0,0
CF,RW15,-1.644942,13.429728,0,FRN,0.0,0.0,146.0,3.1,1,1486,0,0,0,0,3,0
CA,0,146.0,2,3100,0,0,0,0,0,0
VM,0,0,1,326.0,1,3100,0,0,0,0,0,0

APPTR,R15,15,ARKUS
IF,ARKUS,-1.533000,13.244153, ,0.0,0.0,2,3700,0,0,0,0,1,0
TF,DEKER,-1.483258,13.311097,0, ,0.0,0.0,0.0,0.0,2,3500,0,0,0,0,1,0

APPTR,R15,15,LIGAS
IF,LIGAS,-1.433514,13.378036, ,0.0,0.0,2,3500,0,0,0,0,1,0
TF,DEKER,-1.483258,13.311097,0, ,0.0,0.0,0.0,0.0,2,3500,0,0,0,0,1,0

FINAL,R15,15,R,3
IF,DEKER,-1.483258,13.311097, ,0.0,0.0,2,3500,0,0,0,0,1,0
TF,ON501,-1.559714,13.367192,0, ,0.0,0.0,146.0,5.7,1,3500,0,0,0,0,2,0
TF,RW15,-1.644942,13.429728,0, ,0.0,0.0,146.0,6.3,1,1486,0,0,0,0,3,1
DF,ON502,-1.712308,13.479164,0, ,0.0,0.0,0,0,0,0,0,0,0,1
DF,LIGAS,-1.433514,13.378036,1, ,0.0,0.0,1,3500,0,0,0,0,0,0

APPTR,R33,33,BISIL
IF,BISIL,-1.779272,13.631769, ,0.0,0.0,2,3500,0,0,0,0,1,0
TF,PIPMO,-1.829025,13.564825,0, ,0.0,0.0,0.0,0.0,2,3500,0,0,0,0,1,0

APPTR,R33,33,MOLUG
IF,MOLUG,-1.878775,13.497878, ,0.0,0.0,2,3500,0,0,0,0,1,0
TF,PIPMO,-1.829025,13.564825,0, ,0.0,0.0,0.0,0.0,2,3500,0,0,0,0,1,0

FINAL,R33,33,R,3
IF,PIPMO,-1.829025,13.564825, ,0.0,0.0,2,3500,0,0,0,0,1,0
TF,ON503,-1.753675,13.509522,0, ,0.0,0.0,326.0,5.6,1,3500,0,0,0,0,2,0
TF,RW33,-1.667347,13.446169,0, ,0.0,0.0,326.0,6.4,1,1459,0,0,0,0,3,1
DF,ON504,-1.599981,13.396736,0, ,0.0,0.0,0,0,0,0,0,0,0,1
DF,BISIL,-1.779272,13.631769,2, ,0.0,0.0,1,3500,0,0,0,0,0,0

APPTR,S15-Y,15,FRV
IF,FRV,-1.653083,13.443917, ,0.0,0.0,2,4100,0,0,0,0,0,0
FC,FRV,-1.653083,13.443917,0,FRV,0.0,0.0,339.0,7.0,2,3100,0,0,0,0,0,1
CF,FF15,-1.588914,13.367928,1,FRV,312.0,6.0,132.0,2.0,2,3100,0,0,0,0,0,0

FINAL,S15-Y,15,D,3
IF,FF15,-1.588914,13.367928,FRV,312.0,6.0,2,3100,0,0,0,0,2,0
CF,EP15,-1.642686,13.431606,0,FRV,312.0,0.0,132.0,5.0,1,1486,0,0,0,0,0,1
CF,FRV,-1.653083,13.443917,0,FRV,0.0,0.0,132.0,1.0,2,1850,0,0,0,0,3,1
FA,FRV,-1.653083,13.443917,0,FRV,0.0,0.0,132.0,2,3100,0,0,0,0,0,0
DF,FRV,-1.653083,13.443917,1, ,0.0,0.0,1,3100,0,0,0,0,0,0

APPTR,S33-Y,33,FRV
IF,FRV,-1.653083,13.443917, ,0.0,0.0,2,4100,0,0,0,0,0,0
FC,FRV,-1.653083,13.443917,0,FRV,0.0,0.0,186.0,7.0,2,3100,0,0,0,0,0,1
CF,FF33,-1.744044,13.482286,1,FRV,159.0,5.9,339.0,2.0,2,3100,0,0,0,0,0,0

FINAL,S33-Y,33,D,3
IF,FF33,-1.744044,13.482286,FRV,159.0,5.9,2,3100,0,0,0,0,2,0
CF,ES33,-1.665983,13.449358,0,FRV,159.0,0.8,339.0,5.1,1,1460,0,0,0,0,0,1
CF,FRV,-1.653083,13.443917,0,FRV,0.0,0.0,339.0,0.8,2,1850,0,0,0,0,3,1
FA,FRV,-1.653083,13.443917,0,FRV,0.0,0.0,339.0,2,3100,0,0,0,0,0,0
DF,FRV,-1.653083,13.443917,2, ,0.0,0.0,1,3100,0,0,0,0,0,0

