APPTR,R17,17,ITKOP
IF,ITKOP,-21.858489,35.236625, ,0.0,0.0,0,0,0,0,0,0,1,0
TF,VL500,-21.934878,35.273092,0, ,0.0,0.0,0.0,0.0,1,1600,0,0,0,0,0,0

APPTR,R17,17,NESUB
IF,NESUB,-21.892511,35.154778, ,0.0,0.0,2,2600,0,1,200,0,1,0
TF,ITKOP,-21.858489,35.236625,0, ,0.0,0.0,0.0,0.0,0,0,0,0,0,0,1,0
TF,VL500,-21.934878,35.273092,0, ,0.0,0.0,0.0,0.0,1,1600,0,0,0,0,0,0

APPTR,R17,17,UNPAT
IF,UNPAT,-21.824428,35.318433, ,0.0,0.0,2,2600,0,1,200,0,1,0
TF,ITKOP,-21.858489,35.236625,0, ,0.0,0.0,0.0,0.0,0,0,0,0,0,0,1,0
TF,VL500,-21.934878,35.273092,0, ,0.0,0.0,0.0,0.0,1,1600,0,0,0,0,0,0

FINAL,R17,17,R,2
IF,VL500,-21.934878,35.273092, ,0.0,0.0,1,1600,0,0,0,0,2,0
TF,RW17,-22.011256,35.309567,0, ,0.0,0.0,171.0,5.0,1,96,0,0,0,0,3,1
TF,VL600,-22.087653,35.346089,0, ,0.0,0.0,0.0,0.0,2,450,0,0,0,0,0,0
TF,VL601,-22.053592,35.428028,0, ,0.0,0.0,0.0,0.0,0,0,0,0,0,0,0,0
TF,UNPAT,-21.824428,35.318433,0, ,0.0,0.0,0.0,0.0,2,2000,0,0,0,0,0,0
HM,UNPAT,-21.824428,35.318433,2, ,0.0,0.0,261.0,04.3,0,0,0,0,0,0,0,0,0

APPTR,R35,35,EGTOD
IF,EGTOD,-22.142119,35.470417, ,0.0,0.0,2,2600,0,1,200,0,1,0
TF,NEXOM,-22.176167,35.388419,0, ,0.0,0.0,0.0,0.0,0,0,0,0,0,0,1,0
TF,VL700,-22.099781,35.351886,0, ,0.0,0.0,0.0,0.0,1,1600,0,0,0,0,0,0

APPTR,R35,35,GETUK
IF,GETUK,-22.210172,35.306383, ,0.0,0.0,2,2600,0,1,200,0,1,0
TF,NEXOM,-22.176167,35.388419,0, ,0.0,0.0,0.0,0.0,0,0,0,0,0,0,1,0
TF,VL700,-22.099781,35.351886,0, ,0.0,0.0,0.0,0.0,1,1600,0,0,0,0,0,0

APPTR,R35,35,NEXOM
IF,NEXOM,-22.176167,35.388419, ,0.0,0.0,0,0,0,0,0,0,1,0
TF,VL700,-22.099781,35.351886,0, ,0.0,0.0,0.0,0.0,1,1600,0,0,0,0,0,0

FINAL,R35,35,R,2
IF,VL700,-22.099781,35.351886, ,0.0,0.0,1,1600,0,0,0,0,2,0
TF,RW35,-22.023381,35.315361,0, ,0.0,0.0,351.0,5.0,1,94,0,0,0,0,3,1
TF,VL800,-21.947000,35.278897,0, ,0.0,0.0,0.0,0.0,2,450,0,0,0,0,0,0
TF,VL801,-21.913042,35.360764,0, ,0.0,0.0,0.0,0.0,0,0,0,0,0,0,0,0
TF,EGTOD,-22.142119,35.470417,0, ,0.0,0.0,0.0,0.0,2,2000,0,0,0,0,0,0
HM,EGTOD,-22.142119,35.470417,1, ,0.0,0.0,261.0,04.3,0,0,0,0,0,0,0,0,0

