APPTR,N09,09,AB1
IF,AB,13.845278,20.845556, ,0.0,0.0,2,4000,0,0,0,0,0,0
FC,AB,13.845278,20.845556,0,AB,0.0,0.0,300.0,7.0,2,3700,0,0,0,0,0,1
CF,FN09,13.855256,20.728475,1,AB,273.0,6.9,93.0,1.0,2,3700,0,0,0,0,0,0

APPTR,N09,09,AB2
IF,AB,13.845278,20.845556, ,0.0,0.0,2,4000,0,0,0,0,0,0
FC,AB,13.845278,20.845556,0,AB,0.0,0.0,289.0,7.0,2,3700,0,0,0,0,0,1
CF,FN09,13.855256,20.728475,1,AB,273.0,6.9,93.0,1.0,2,3700,0,0,0,0,0,0

FINAL,N09,09,N,2
IF,FN09,13.855256,20.728475,AB,0.0,0.0,2,3700,0,0,0,0,2,0
CF,RW09,13.847983,20.830364,0,AB,0.0,0.0,93.0,6.0,1,1801,0,0,0,0,3,0
TF,AB,13.845278,20.845556,0, ,0.0,0.0,0.0,0.0,0,0,0,0,0,0,0,1
CA,0,93.0,2,3400,0,0,0,0,0,0
DF,AB,13.845278,20.845556,2, ,0.0,0.0,1,4000,0,0,0,0,0,0

APPTR,N27,27,AB1
IF,AB,13.845278,20.845556, ,0.0,0.0,2,4000,0,0,0,0,0,0
FC,AB,13.845278,20.845556,0,AB,0.0,0.0,61.0,7.0,2,3700,0,0,0,0,0,1
CF,FN27,13.845253,20.956225,2,AB,88.0,6.5,268.0,1.0,2,3700,0,0,0,0,0,0

APPTR,N27,27,AB2
IF,AB,13.845278,20.845556, ,0.0,0.0,2,4000,0,0,0,0,0,0
FC,AB,13.845278,20.845556,0,AB,0.0,0.0,72.0,7.0,2,3700,0,0,0,0,0,1
CF,FN27,13.845253,20.956225,2,AB,88.0,6.5,268.0,1.0,2,3700,0,0,0,0,0,0

FINAL,N27,27,N,2
IF,FN27,13.845253,20.956225,AB,0.0,0.0,2,3700,0,0,0,0,2,0
CF,RW27,13.846897,20.856131,0,AB,0.0,0.0,268.0,5.8,1,1839,0,0,0,0,3,0
TF,AB,13.845278,20.845556,0, ,0.0,0.0,0.0,0.0,0,0,0,0,0,0,0,1
CA,0,268.0,2,3400,0,0,0,0,0,0
DF,AB,13.845278,20.845556,1, ,0.0,0.0,1,4000,0,0,0,0,0,0

