APPTR,D22,22,MZV
IF,MZV,-29.500383,27.540631, ,0.0,0.0,2,10000,0,0,0,0,0,0
CF,D036L,-29.305958,27.598772,0,MZV,35.7,12.0,36.0,12.0,2,8000,0,0,0,0,0,0
FC,D036L,-29.305958,27.598772,0,MZV,0.0,0.0,351.0,4.3,2,7600,0,0,0,0,0,1
CF,FD22,-29.338300,27.589178,2,MZV,35.7,10.0,216.0,6.3,2,7600,0,0,0,0,0,0

FINAL,D22,22,D,2
IF,FD22,-29.338300,27.589178,MZV,35.7,10.0,2,7600,0,0,0,0,2,0
CF,MD22,-29.435322,27.560356,0,MZV,35.9,4.0,216.0,6.0,1,5524,0,0,0,0,3,0
CF,MZV,-29.500383,27.540631,0,MZV,0.0,0.0,216.0,4.0,0,0,0,0,0,0,0,0
FA,MZV,-29.500383,27.540631,0,MZV,0.0,0.0,216.0,2,8000,0,0,0,0,0,0
DF,MZV,-29.500383,27.540631,2, ,0.0,0.0,1,10000,0,0,0,0,0,0

APPTR,I22,22,MZV
IF,MZV,-29.500383,27.540631, ,0.0,0.0,2,10000,0,0,0,0,0,0
CF,CI22,-29.306392,27.600856,0,MZV,36.2,12.0,36.0,12.0,2,8000,0,0,0,0,0,0
FC,CI22,-29.306392,27.600856,0,MZV,0.0,0.0,351.0,4.3,2,7600,0,0,0,0,0,1
CF,CI22,-29.306392,27.600856,2,ILM,36.2,10.3,216.0,4.3,2,7600,0,0,0,0,0,0

FINAL,I22,22,I,3
IF,CI22,-29.306392,27.600856,ILM,36.2,10.3,1,7600,0,0,0,0,0,0
CF,FI22,-29.341158,27.590536,0,ILM,36.4,8.2,216.0,2.2,1,7316,0,0,0,0,2,0
CF,RW22,-29.441656,27.558950,0,ILM,36.3,2.0,216.0,6.2,1,5369,0,0,0,0,3,0
CF,MZV,-29.500383,27.540631,0,MZV,0.0,0.0,216.0,3.6,0,0,0,0,0,0,0,0
FA,MZV,-29.500383,27.540631,0,MZV,0.0,0.0,216.0,2,8000,0,0,0,0,0,0
DF,MZV,-29.500383,27.540631,2, ,0.0,0.0,1,10000,0,0,0,0,0,0

APPTR,N22,22,ME
IF,ME,-29.419897,27.565733, ,0.0,0.0,2,10000,0,0,0,0,0,0
CF,D036J,-29.257725,27.615283,0,MZV,36.1,15.0,36.0,10.1,2,8000,0,0,0,0,0,0
FC,D036J,-29.257725,27.615283,0,MZV,0.0,0.0,351.0,4.3,2,7600,0,0,0,0,0,1
CF,D036J,-29.257725,27.615283,2,MZV,36.1,15.0,216.0,4.3,0,0,0,0,0,0,1,0
CF,FN22,-29.343156,27.589200,0,MZV,36.2,9.8,216.0,5.3,2,7600,0,0,0,0,0,0

FINAL,N22,22,N,2
IF,FN22,-29.343156,27.589200,ME,0.0,0.0,2,7600,0,0,0,0,2,0
CF,ME,-29.419897,27.565733,0,ME,0.0,0.0,216.0,4.8,1,5863,0,0,0,0,3,0
FA,ME,-29.419897,27.565733,0,MZV,0.0,0.0,216.0,2,8000,0,0,0,0,0,0
DF,ME,-29.419897,27.565733,2, ,0.0,0.0,1,10000,0,0,0,0,0,0

APPTR,R04,04,G167P
IF,G167P,-29.722994,27.615989, ,0.0,0.0,2,12000,0,0,0,0,1,0
TF,G194N,-29.694703,27.486000,0, ,0.0,0.0,0.0,0.0,2,9100,0,0,0,0,1,0

APPTR,R04,04,G179Z
IF,G179Z,-29.914269,27.560653, ,0.0,0.0,2,12000,0,0,0,0,1,0
TF,G194N,-29.694703,27.486000,0, ,0.0,0.0,0.0,0.0,2,9100,0,0,0,0,1,0

APPTR,R04,04,G221P
IF,G221P,-29.666281,27.356081, ,0.0,0.0,2,12000,0,0,0,0,1,0
TF,G194N,-29.694703,27.486000,0, ,0.0,0.0,0.0,0.0,2,9100,0,0,0,0,1,0

FINAL,R04,04,R,3
IF,G194N,-29.694703,27.486000, ,0.0,0.0,2,9100,0,0,0,0,0,0
TF,G194H,-29.597447,27.513811,0, ,0.0,0.0,33.0,6.0,2,8000,0,0,0,0,2,0
TF,RW04,-29.467758,27.550811,0, ,0.0,0.0,33.0,8.0,1,5376,0,0,0,0,3,1
TF,G014L,-29.266717,27.607975,0, ,0.0,0.0,0.0,0.0,2,7500,0,0,0,0,0,1
DF,MZV,-29.500383,27.540631,1, ,0.0,0.0,1,10000,0,0,0,0,0,0

APPTR,R22,22,G021U
IF,G021U,-29.107419,27.705389, ,0.0,0.0,2,12000,0,0,0,0,1,0
TF,G015L,-29.248217,27.619156,0, ,0.0,0.0,0.0,0.0,2,8000,0,0,0,0,1,0

APPTR,R22,22,G052O
IF,G052O,-29.286961,27.784875, ,0.0,0.0,2,12000,0,0,0,0,1,0
TF,G015L,-29.248217,27.619156,0, ,0.0,0.0,0.0,0.0,2,8000,0,0,0,0,1,0

APPTR,R22,22,G338O
IF,G338O,-29.209269,27.453572, ,0.0,0.0,2,12000,0,0,0,0,1,0
TF,G015L,-29.248217,27.619156,0, ,0.0,0.0,0.0,0.0,2,8000,0,0,0,0,1,0

FINAL,R22,22,R,3
IF,G015L,-29.248217,27.619156, ,0.0,0.0,2,8000,0,0,0,0,0,0
TF,G015F,-29.344942,27.589086,0, ,0.0,0.0,214.0,6.0,2,7400,0,0,0,0,2,0
TF,RW22,-29.441656,27.558950,0, ,0.0,0.0,214.0,6.0,1,5370,0,0,0,0,3,1
CA,0,210.0,2,8100,0,0,0,0,0,0
DF,MZV,-29.500383,27.540631,2, ,0.0,0.0,1,10000,0,0,0,0,0,0

