APPTR,R02,02,OG022
IF,OG022,-28.757500,16.546389, ,0.0,0.0,2,3200,0,0,0,0,1,0
TF,OG02I,-28.756667,16.445000,0, ,0.0,0.0,0.0,0.0,2,3200,0,0,0,0,1,0

APPTR,R02,02,OG023
IF,OG023,-28.846111,16.444167, ,0.0,0.0,2,3200,0,0,0,0,1,0
TF,OG02I,-28.756667,16.445000,0, ,0.0,0.0,0.0,0.0,2,3200,0,0,0,0,1,0

APPTR,R02,02,OG024
IF,OG024,-28.756111,16.343333, ,0.0,0.0,2,3200,0,0,0,0,1,0
TF,OG02I,-28.756667,16.445000,0, ,0.0,0.0,0.0,0.0,2,3200,0,0,0,0,1,0

FINAL,R02,02,R,3
IF,OG02I,-28.756667,16.445000, ,0.0,0.0,2,3200,0,0,0,0,0,0
TF,OG02F,-28.672778,16.445556,0, ,0.0,0.0,20.0,5.0,2,1600,0,0,0,0,2,0
TF,RW02,-28.591944,16.446389,0, ,0.0,0.0,20.0,4.8,1,63,0,0,0,0,3,1
TF,OG1M1,-28.508611,16.447222,0, ,0.0,0.0,0.0,0.0,0,0,0,0,0,0,0,1
DF,OG022,-28.757500,16.546389,2, ,0.0,0.0,1,3200,0,1,240,0,0,0
HM,OG022,-28.757500,16.546389,2, ,0.0,0.0,290.0,04.3,0,0,0,0,0,0,0,0,0

APPTR,R20,20,OG202
IF,OG202,-28.412222,16.346667, ,0.0,0.0,2,3200,0,0,0,0,1,0
TF,OG20I,-28.413056,16.447778,0, ,0.0,0.0,0.0,0.0,2,3200,0,0,0,0,1,0

APPTR,R20,20,OG203
IF,OG203,-28.323611,16.448889, ,0.0,0.0,2,4500,0,0,0,0,1,0
TF,OG20I,-28.413056,16.447778,0, ,0.0,0.0,0.0,0.0,2,3200,0,0,0,0,1,0

APPTR,R20,20,OG204
IF,OG204,-28.413889,16.548889, ,0.0,0.0,2,3200,0,0,0,0,1,0
TF,OG20I,-28.413056,16.447778,0, ,0.0,0.0,0.0,0.0,2,3200,0,0,0,0,1,0

FINAL,R20,20,R,3
IF,OG20I,-28.413056,16.447778, ,0.0,0.0,2,3200,0,0,0,0,0,0
TF,OG20F,-28.496944,16.447222,0, ,0.0,0.0,199.0,5.0,2,1600,0,0,0,0,2,0
TF,RW20,-28.577500,16.446389,0, ,0.0,0.0,199.0,4.8,1,63,0,0,0,0,3,1
TF,OG2M1,-28.667500,16.445556,0, ,0.0,0.0,0.0,0.0,0,0,0,0,0,0,0,1
DF,OG202,-28.412222,16.346667,2, ,0.0,0.0,1,3200,0,1,240,0,0,0
HM,OG202,-28.412222,16.346667,2, ,0.0,0.0,109.0,04.3,0,0,0,0,0,0,0,0,0

