APPTR,D09,09,APLIN
IF,APLIN,-23.041789,14.381497, ,0.0,0.0,2,4000,0,0,0,0,1,0
CF,FD09,-23.032125,14.427178,0,WBV,269.0,12.4,89.0,2.6,2,4000,0,0,0,0,0,0

APPTR,D09,09,NEXET
IF,NEXET,-23.041056,14.944944, ,0.0,0.0,2,4000,0,0,0,0,1,0
AF,D262Q,-23.083731,14.357700,2,WBV,262.0,17.0,115.0,0,0,0,0,0,0,0,0
CF,FD09,-23.032125,14.427178,0,WBV,269.0,12.4,89.0,4.6,2,4000,0,0,0,0,0,0

APPTR,D09,09,PASAN
IF,PASAN,-23.260131,14.708378, ,0.0,0.0,2,4000,0,0,0,0,1,0
AF,D262Q,-23.083731,14.357700,2,WBV,262.0,17.0,181.0,0,0,0,0,0,0,0,0
CF,FD09,-23.032125,14.427178,0,WBV,269.0,12.4,89.0,4.6,2,4000,0,0,0,0,0,0

APPTR,D09,09,WBV
IF,WBV,-22.982108,14.644578, ,0.0,0.0,2,7000,0,0,0,0,0,0
FD,WBV,-22.982108,14.644578,0,WBV,0.0,15.0,239.0,15.0,2,4000,0,1,210,0,0,0
CI,0, ,0.0,239.0,0,0,0,0,0,0,0,0
AF,D262Q,-23.083731,14.357700,2,WBV,262.0,17.0,239.0,0,0,0,0,0,0,0,0
CF,FD09,-23.032125,14.427178,0,WBV,269.0,12.4,89.0,4.6,2,4000,0,0,0,0,0,0

FINAL,D09,09,D,2
IF,FD09,-23.032125,14.427178,WBV,269.0,12.4,2,4000,0,0,0,0,2,0
CF,MD09,-22.989792,14.611275,0,WBV,269.0,1.9,89.0,10.5,1,652,0,0,0,0,3,0
CF,WBV,-22.982108,14.644578,0,WBV,0.0,0.0,89.0,1.9,0,0,0,0,0,0,0,0
FD,WBV,-22.982108,14.644578,0,WBV,0.0,3.0,89.0,3.0,0,0,0,0,0,0,0,0
CI,2, ,0.0,269.0,0,0,0,1,185,0,0,0
FD,WBV,-22.982108,14.644578,0,WBV,0.0,15.0,239.0,15.0,0,0,0,1,210,0,0,0
CI,0, ,0.0,239.0,0,0,0,0,0,0,0,0
AF,D262Q,-23.083731,14.357700,2,WBV,262.0,17.0,239.0,0,0,0,0,0,0,0,0
CF,APLIN,-23.041789,14.381497,0,WBV,269.2,15.0,89.0,2.0,1,4000,0,0,0,0,0,0
HM,APLIN,-23.041789,14.381497,2, ,0.0,0.0,89.0,04.3,0,0,0,1,230,0,0,0,0

APPTR,D27,27,GUNDU
IF,GUNDU,-22.902581,14.901333, ,0.0,0.0,2,4000,0,0,0,0,1,0
CF,FD27,-22.913906,14.857944,0,WBV,84.0,12.5,264.0,2.5,2,4000,0,0,0,0,0,0

APPTR,D27,27,NEXET
IF,NEXET,-23.041056,14.944944, ,0.0,0.0,2,4000,0,0,0,0,1,0
AF,D092Q,-22.927575,14.945869,1,WBV,92.0,17.0,115.0,0,0,0,0,0,0,0,0
CF,FD27,-22.913906,14.857944,0,WBV,84.0,12.5,264.0,4.5,2,4000,0,0,0,0,0,0

APPTR,D27,27,PASAN
IF,PASAN,-23.260131,14.708378, ,0.0,0.0,2,4000,0,0,0,0,1,0
AF,D092Q,-22.927575,14.945869,1,WBV,92.0,17.0,181.0,0,0,0,0,0,0,0,0
CF,FD27,-22.913906,14.857944,0,WBV,84.0,12.5,264.0,4.5,2,4000,0,0,0,0,0,0

APPTR,D27,27,WBV
IF,WBV,-22.982108,14.644578, ,0.0,0.0,2,7000,0,0,0,0,0,0
FD,WBV,-22.982108,14.644578,0,WBV,0.0,15.0,115.0,15.0,2,4000,0,1,210,0,0,0
CI,0, ,0.0,115.0,0,0,0,0,0,0,0,0
AF,D092Q,-22.927575,14.945869,1,WBV,92.0,17.0,115.0,0,0,0,0,0,0,0,0
CF,FD27,-22.913906,14.857944,0,WBV,84.0,12.5,264.0,4.5,2,4000,0,0,0,0,0,0

FINAL,D27,27,D,3
IF,FD27,-22.913906,14.857944,WBV,84.0,12.5,2,4000,0,0,0,0,2,0
CF,75VOR,-22.941219,14.772622,0,WBV,84.0,7.5,264.0,5.0,2,1120,0,0,0,0,0,0
CF,MD27,-22.969581,14.683853,0,WBV,84.0,2.3,264.0,5.2,1,746,0,0,0,0,3,0
CF,WBV,-22.982108,14.644578,0,WBV,0.0,0.0,264.0,2.3,0,0,0,0,0,0,0,0
FD,WBV,-22.982108,14.644578,0,WBV,0.0,3.0,264.0,3.0,0,0,0,0,0,0,0,0
CI,1, ,0.0,85.0,0,0,0,1,185,0,0,0
FD,WBV,-22.982108,14.644578,0,WBV,0.0,15.0,115.0,15.0,0,0,0,1,210,0,0,0
CI,0, ,0.0,115.0,0,0,0,0,0,0,0,0
AF,D092Q,-22.927575,14.945869,1,WBV,92.0,17.0,115.0,0,0,0,0,0,0,0,0
CF,GUNDU,-22.902581,14.901333,0,WBV,84.6,15.0,264.0,2.0,1,4000,0,0,0,0,0,0
HM,GUNDU,-22.902581,14.901333,1, ,0.0,0.0,264.0,04.3,0,0,0,1,230,0,0,0,0

APPTR,I27,27,NEXET
IF,NEXET,-23.041056,14.944944, ,0.0,0.0,2,4000,0,0,0,0,1,0
AF,D092Q,-22.927575,14.945869,1,WBV,92.0,17.0,115.0,0,0,0,0,0,0,0,0
CF,GUNDU,-22.902581,14.901333,0,WBI,85.0,15.8,265.0,2.0,2,4000,0,0,0,0,0,0

APPTR,I27,27,PASAN
IF,PASAN,-23.260131,14.708378, ,0.0,0.0,2,4000,0,0,0,0,1,0
AF,D092Q,-22.927575,14.945869,1,WBV,92.0,17.0,181.0,0,0,0,0,0,0,0,0
CF,GUNDU,-22.902581,14.901333,0,WBI,85.0,15.8,265.0,2.0,2,4000,0,0,0,0,0,0

APPTR,I27,27,WBV
IF,WBV,-22.982108,14.644578, ,0.0,0.0,2,7000,0,0,0,0,1,0
FD,WBV,-22.982108,14.644578,0,WBV,0.0,15.0,115.0,15.0,2,4000,0,1,210,0,0,0
CI,0, ,0.0,115.0,0,0,0,0,0,0,0,0
AF,D092Q,-22.927575,14.945869,1,WBV,92.0,17.0,115.0,0,0,0,0,0,0,0,0
CF,GUNDU,-22.902581,14.901333,0,WBI,85.0,15.8,265.0,2.0,2,4000,0,0,0,0,0,0

FINAL,I27,27,I,3
IF,GUNDU,-22.902581,14.901333,WBI,85.0,15.8,2,4000,0,0,0,0,1,0
CF,FI27,-22.918144,14.849992,0,WBI,85.0,12.9,265.0,3.0,1,4000,0,0,0,0,2,0
CF,RW27,-22.974597,14.663075,0,WBI,85.0,2.0,265.0,10.9,1,367,0,0,0,0,3,0
FD,RW27,-22.974597,14.663075,0,WBV,79.3,3.0,265.0,3.0,2,720,0,0,0,0,0,0
CI,1, ,0.0,85.0,0,0,0,1,185,0,0,0
FD,WBV,-22.982108,14.644578,0,WBV,0.0,15.0,115.0,15.0,0,0,0,1,210,0,0,0
CI,0, ,0.0,115.0,0,0,0,0,0,0,0,0
AF,D092Q,-22.927575,14.945869,1,WBV,92.0,17.0,115.0,0,0,0,0,0,0,0,0
CF,GUNDU,-22.902581,14.901333,0,WBV,84.6,15.0,265.0,2.0,1,4000,0,0,0,0,0,0
HM,GUNDU,-22.902581,14.901333,1, ,0.0,0.0,265.0,04.3,0,0,0,1,230,0,0,0,0

