SID,BEMB1A,07,5
CF,LUMUG,-11.503236,27.735028,0,LUB,69.4,14.8,70.0,13.0,0,0,0,0,0,0,0,0
TF,BEMBU,-11.229164,27.613489,0, ,0.0,0.0,0.0,0.0,0,0,0,0,0,0,0,0

SID,BESH1A,07,5
CF,LUMUG,-11.503236,27.735028,0,LUB,69.4,14.8,70.0,13.0,0,0,0,0,0,0,0,0
TF,NASOG,-11.657564,27.805222,0, ,0.0,0.0,0.0,0.0,0,0,0,0,0,0,0,0
TF,BESHO,-12.000000,27.831667,0, ,0.0,0.0,0.0,0.0,0,0,0,0,0,0,0,0

SID,BESH1B,25,5
DF,RETIL,-11.663989,27.361997,0, ,0.0,0.0,0,0,0,0,0,0,0,0
TF,GINOV,-11.846167,27.442642,0, ,0.0,0.0,0.0,0.0,0,0,0,0,0,0,0,0
TF,BESHO,-12.000000,27.831667,0, ,0.0,0.0,0.0,0.0,0,0,0,0,0,0,0,0

SID,EXUT1B,25,5
DF,RETIL,-11.663989,27.361997,0, ,0.0,0.0,0,0,0,0,0,0,0,0
TF,EXUTA,-11.502097,27.290433,0, ,0.0,0.0,0.0,0.0,0,0,0,0,0,0,0,0

SID,MOTA1A,07,5
CF,LUMUG,-11.503236,27.735028,0,LUB,69.4,14.8,70.0,13.0,0,0,0,0,0,0,0,0
TF,NASOG,-11.657564,27.805222,0, ,0.0,0.0,0.0,0.0,0,0,0,0,0,0,0,0
TF,MOTAM,-12.000000,27.596667,0, ,0.0,0.0,0.0,0.0,0,0,0,0,0,0,0,0

SID,MOTA1B,25,5
DF,RETIL,-11.663989,27.361997,0, ,0.0,0.0,0,0,0,0,0,0,0,0
TF,GINOV,-11.846167,27.442642,0, ,0.0,0.0,0.0,0.0,0,0,0,0,0,0,0,0
TF,MOTAM,-12.000000,27.596667,0, ,0.0,0.0,0.0,0.0,0,0,0,0,0,0,0,0

SID,SOBT1A,07,5
CF,LUMUG,-11.503236,27.735028,0,LUB,69.4,14.8,70.0,13.0,0,0,0,0,0,0,0,0
TF,SOBTO,-10.065000,28.945556,0, ,0.0,0.0,0.0,0.0,0,0,0,0,0,0,0,0

SID,SOBT1B,25,5
DF,RETIL,-11.663989,27.361997,0, ,0.0,0.0,0,0,0,0,0,0,0,0
TF,EXUTA,-11.502097,27.290433,0, ,0.0,0.0,0.0,0.0,0,0,0,0,0,0,0,0
TF,SOBTO,-10.065000,28.945556,0, ,0.0,0.0,0.0,0.0,0,0,0,0,0,0,0,0

STAR,AKUG1D,25,5
IF,AKUGA,-11.312786,27.954842, ,0.0,0.0,0,0,0,0,0,0,0,0
TF,OMABO,-11.518483,27.790556,0, ,0.0,0.0,0.0,0.0,0,0,0,0,0,0,0,0

STAR,BESH1C,07,5
IF,BESHO,-12.000000,27.831667, ,0.0,0.0,0,0,0,0,0,0,0,0
TF,DIKVO,-11.745342,27.382039,0, ,0.0,0.0,0.0,0.0,0,0,0,0,0,0,0,0

STAR,BESH1D,25,5
IF,BESHO,-12.000000,27.831667, ,0.0,0.0,0,0,0,0,0,0,0,0
TF,LONVO,-11.616025,27.744450,0, ,0.0,0.0,0.0,0.0,0,0,0,0,0,0,0,0

STAR,IBLE1D,25,5
IF,IBLEB,-11.200403,27.850875, ,0.0,0.0,0,0,0,0,0,0,0,0
TF,OMABO,-11.518483,27.790556,0, ,0.0,0.0,0.0,0.0,0,0,0,0,0,0,0,0

STAR,LARU1D,25,5
IF,LARUV,-11.094367,27.606325, ,0.0,0.0,0,0,0,0,0,0,0,0
TF,BEMBU,-11.229164,27.613489,0, ,0.0,0.0,0.0,0.0,0,0,0,0,0,0,0,0
TF,KINDO,-11.456767,27.701169,0, ,0.0,0.0,0.0,0.0,0,0,0,0,0,0,0,0

STAR,MOTA1C,07,5
IF,MOTAM,-12.000000,27.596667, ,0.0,0.0,0,0,0,0,0,0,0,0
TF,DIKVO,-11.745342,27.382039,0, ,0.0,0.0,0.0,0.0,0,0,0,0,0,0,0,0

STAR,MOTA1D,25,5
IF,MOTAM,-12.000000,27.596667, ,0.0,0.0,0,0,0,0,0,0,0,0
TF,LONVO,-11.616025,27.744450,0, ,0.0,0.0,0.0,0.0,0,0,0,0,0,0,0,0

STAR,NILM1C,07,5
IF,NILMA,-11.089347,27.507519, ,0.0,0.0,0,0,0,0,0,0,0,0
TF,BAPVA,-11.594253,27.315078,0, ,0.0,0.0,0.0,0.0,0,0,0,0,0,0,0,0

STAR,NILM1D,25,5
IF,NILMA,-11.089347,27.507519, ,0.0,0.0,0,0,0,0,0,0,0,0
TF,BEMBU,-11.229164,27.613489,0, ,0.0,0.0,0.0,0.0,0,0,0,0,0,0,0,0
TF,KINDO,-11.456767,27.701169,0, ,0.0,0.0,0.0,0.0,0,0,0,0,0,0,0,0

STAR,OSME1C,07,5
IF,OSMED,-11.121517,27.350197, ,0.0,0.0,0,0,0,0,0,0,0,0
TF,BAPVA,-11.594253,27.315078,0, ,0.0,0.0,0.0,0.0,0,0,0,0,0,0,0,0

STAR,UVTO1C,07,5
IF,UVTOG,-11.289994,27.123261, ,0.0,0.0,0,0,0,0,0,0,0,0
TF,BAPVA,-11.594253,27.315078,0, ,0.0,0.0,0.0,0.0,0,0,0,0,0,0,0,0

STAR,VEGA1C,07,5
IF,VEGAP,-11.548942,27.023114, ,0.0,0.0,0,0,0,0,0,0,0,0
TF,GILEK,-11.697483,27.284231,0, ,0.0,0.0,0.0,0.0,0,0,0,0,0,0,0,0

APPTR,D07,07,D322J
IF,D322J,-11.475803,27.394283, ,0.0,0.0,0,0,0,0,0,0,0,0
AF,D263J,-11.631203,27.338389,1,LUB,263.0,10.0,322.0,2,6500,0,0,0,0,0,0
CF,CD07,-11.652325,27.379658,0,LUB,251.0,8.0,71.0,2.0,2,6100,0,0,0,0,0,0

APPTR,D07,07,LUB
IF,LUB,-11.602181,27.505556, ,0.0,0.0,2,7000,0,0,0,0,0,0
FC,LUB,-11.602181,27.505556,0,LUB,0.0,0.0,269.0,8.8,2,6100,0,0,0,0,0,1
CF,CD07,-11.652325,27.379658,1,LUB,251.0,8.0,71.0,1.0,2,6100,0,0,0,0,0,0

FINAL,D07,07,D,3
IF,CD07,-11.652325,27.379658,LUB,251.0,8.0,2,6100,0,0,0,0,0,0
CF,FD07,-11.634153,27.425333,0,LUB,251.0,5.1,71.0,2.9,2,6100,0,0,0,0,2,0
CF,LUB,-11.602181,27.505556,0,LUB,0.0,0.0,71.0,5.1,1,4569,0,0,0,0,3,0
FA,LUB,-11.602181,27.505556,0,LUB,0.0,0.0,71.0,2,5500,0,0,0,0,0,0
DF,LUB,-11.602181,27.505556,2, ,0.0,0.0,1,6100,0,0,0,0,0,0

APPTR,R07,07,BAPVA
IF,BAPVA,-11.594253,27.315078, ,0.0,0.0,2,9320,0,0,0,0,1,0
TF,Q07C1,-11.663981,27.362061,0, ,0.0,0.0,0.0,0.0,2,7620,0,0,0,0,1,0

APPTR,R07,07,DIKVO
IF,DIKVO,-11.745342,27.382039, ,0.0,0.0,2,9320,0,0,0,0,1,0
TF,Q07C1,-11.663981,27.362061,0, ,0.0,0.0,0.0,0.0,2,7620,0,0,0,0,1,0

APPTR,R07,07,GILEK
IF,GILEK,-11.697483,27.284231, ,0.0,0.0,2,9320,0,0,0,0,1,0
TF,Q07C1,-11.663981,27.362061,0, ,0.0,0.0,0.0,0.0,2,7620,0,0,0,0,1,0

FINAL,R07,07,R,3
IF,Q07C1,-11.663981,27.362061, ,0.0,0.0,2,7620,0,0,0,0,0,0
TF,Q07F1,-11.630478,27.439886,0, ,0.0,0.0,70.0,5.0,2,5960,0,0,0,0,2,0
TF,RW07,-11.596969,27.517697,0, ,0.0,0.0,70.0,5.0,1,4340,0,0,0,0,3,1
TF,LETNU,-11.516422,27.704586,0, ,0.0,0.0,0.0,0.0,0,0,0,1,210,0,0,0
TF,NIKMU,-11.661831,27.765783,2, ,0.0,0.0,0.0,0.0,0,0,0,1,210,0,0,0
TF,DIKVO,-11.745342,27.382039,0, ,0.0,0.0,0.0,0.0,1,6100,0,0,0,0,0,0
HM,DIKVO,-11.745342,27.382039,2, ,0.0,0.0,350.0,04.3,0,0,0,0,0,0,0,0,0

APPTR,R25,25,KINDO
IF,KINDO,-11.456767,27.701169, ,0.0,0.0,2,9280,0,0,0,0,1,0
TF,Q25C1,-11.540161,27.708564,0, ,0.0,0.0,0.0,0.0,2,7570,0,0,0,0,1,0

APPTR,R25,25,LONVO
IF,LONVO,-11.616025,27.744450, ,0.0,0.0,2,9280,0,0,0,0,1,0
TF,Q25C1,-11.540161,27.708564,0, ,0.0,0.0,0.0,0.0,2,7570,0,0,0,0,1,0

APPTR,R25,25,OMABO
IF,OMABO,-11.518483,27.790556, ,0.0,0.0,2,9280,0,0,0,0,1,0
TF,Q25C1,-11.540161,27.708564,0, ,0.0,0.0,0.0,0.0,2,7570,0,0,0,0,1,0

FINAL,R25,25,R,3
IF,Q25C1,-11.540161,27.708564, ,0.0,0.0,2,7570,0,0,0,0,0,0
TF,Q25F1,-11.562097,27.625583,0, ,0.0,0.0,258.0,5.1,2,5880,0,0,0,0,2,0
TF,RW25,-11.585597,27.544097,0, ,0.0,0.0,258.0,5.0,1,4264,0,0,0,0,3,1
TF,OLBOT,-11.627194,27.378942,0, ,0.0,0.0,0.0,0.0,0,0,0,1,210,0,0,0
TF,SOMVI,-11.779253,27.420339,1, ,0.0,0.0,0.0,0.0,0,0,0,1,210,0,0,0
TF,LONVO,-11.616025,27.744450,0, ,0.0,0.0,0.0,0.0,1,6000,0,0,0,0,0,0
HM,LONVO,-11.616025,27.744450,2, ,0.0,0.0,338.0,04.3,0,0,0,0,0,0,0,0,0

