SID,ARAC1X,16,2
CD, ,0,0,0,HR,0,0.0,159.0,3.0,2,800,0,0,0,0,0,0
VI,1, ,0.0,351.0,0,0,0,1,210,0,0,0
CF,ARACO,28.432528,-17.452333,0,TFS,307.6,48.0,37.0,39.0,0,0,0,0,0,0,0,0

SID,LPC2X,16,2
CD, ,0,0,0,HR,0,0.0,159.0,3.0,0,0,0,0,0,0,0,0
VI,0, ,0.0,72.0,0,0,0,0,0,0,0,0
IF,HIE,27.816167,-17.886389, ,0.0,0.0,0,0,0,0,0,0,0,0
TF,TOMOS,27.547500,-15.553250,0, ,0.0,0.0,0.0,0.0,0,0,0,0,0,0,0,0
TF,LPC,27.828528,-15.432250,0, ,0.0,0.0,0.0,0.0,0,0,0,0,0,0,0,0

SID,TFN1X,16,2
CD, ,0,0,0,HR,0,0.0,159.0,3.0,2,800,0,0,0,0,0,0
VI,1, ,0.0,351.0,0,0,0,1,210,0,0,0
CF,MOROD,28.454611,-17.210972,0,TFS,319.4,38.7,48.0,49.0,0,0,0,0,0,0,0,0
TF,TESEL,28.488278,-16.833250,0, ,0.0,0.0,0.0,0.0,0,0,0,0,0,0,0,0
TF,TFN,28.536833,-16.268778,0, ,0.0,0.0,0.0,0.0,0,0,0,0,0,0,0,0

SID,TFS1X,16,2
CD, ,0,0,0,HR,0,0.0,159.0,3.0,0,0,0,0,0,0,0,0
VI,1, ,0.0,55.0,0,0,0,0,0,0,0,0
CF,TFS,28.002444,-16.687917,0,TFS,0.0,0.0,85.0,58.0,0,0,0,0,0,0,0,0

APPTR,Q16-A,16,HIE
IF,HIE,27.816167,-17.886389, ,0.0,0.0,2,6000,0,1,140,0,1,0
CF,D167E,27.737153,-17.855811,0,LGM,249.0,38.3,167.0,5.0,2,4700,0,0,0,0,0,0
CF,D167I,27.673936,-17.831383,0,LGM,243.2,39.1,167.0,4.0,2,2800,0,0,0,0,0,1
CF,FQ337,27.684528,-17.804417,1,LGM,242.8,37.5,337.0,1.0,2,2800,0,0,0,0,0,0

FINAL,Q16-A,16,N,2
IF,FQ337,27.684528,-17.804417,HIE,0.0,0.0,2,2800,0,0,0,0,2,0
CF,MQ337,27.772250,-17.859000,0,HR,0.0,3.0,337.0,6.0,1,974,0,0,0,0,3,0
CA,0,42.0,2,5200,0,0,0,0,0,0
DF,HIE,27.816167,-17.886389,1, ,0.0,0.0,1,6000,0,0,0,0,0,0
HM,HIE,27.816167,-17.886389,1, ,0.0,0.0,167.0,04.3,0,0,0,0,0,0,0,0,0

APPTR,Q16-B,16,HIE
IF,HIE,27.816167,-17.886389, ,0.0,0.0,2,6000,0,1,140,0,1,0
FC,HIE,27.816167,-17.886389,0,LGM,0.0,0.0,349.0,3.0,2,4900,0,0,0,0,0,0
CF,D349I,27.959994,-17.935914,0,LGM,270.0,38.5,349.0,6.0,0,0,0,0,0,0,0,1
CF,FQ159,27.935194,-17.954694,1,LGM,268.1,39.7,159.0,2.0,2,2700,0,0,0,0,0,0

FINAL,Q16-B,16,N,2
IF,FQ159,27.935194,-17.954694,HIE,0.0,0.0,2,2700,0,0,0,0,2,0
CF,MQ159,27.875667,-17.920500,0,HR,0.0,4.0,159.0,4.0,1,1386,0,0,0,0,3,0
CA,1,48.0,2,4000,0,1,130,0,0,0
DF,HIE,27.816167,-17.886389,2, ,0.0,0.0,1,6000,0,0,0,0,0,0
HM,HIE,27.816167,-17.886389,2, ,0.0,0.0,347.0,04.3,0,0,0,0,0,0,0,0,0

APPTR,Q34-A,34,HIE
IF,HIE,27.816167,-17.886389, ,0.0,0.0,2,6000,0,1,140,0,1,0
CF,D167E,27.737153,-17.855811,0,LGM,249.0,38.3,167.0,5.0,2,4700,0,0,0,0,0,0
CF,D167I,27.673936,-17.831383,0,LGM,243.2,39.1,167.0,4.0,2,2800,0,0,0,0,0,1
CF,FQ337,27.684528,-17.804417,1,LGM,242.8,37.5,337.0,1.0,2,2800,0,0,0,0,0,0

FINAL,Q34-A,34,N,2
IF,FQ337,27.684528,-17.804417,HIE,0.0,0.0,2,2800,0,0,0,0,2,0
CF,MQ337,27.772250,-17.859000,0,HR,0.0,3.0,337.0,6.0,1,974,0,0,0,0,3,0
CA,0,42.0,2,5200,0,0,0,0,0,0
DF,HIE,27.816167,-17.886389,1, ,0.0,0.0,1,6000,0,0,0,0,0,0
HM,HIE,27.816167,-17.886389,1, ,0.0,0.0,167.0,04.3,0,0,0,0,0,0,0,0,0

APPTR,Q34-B,34,HIE
IF,HIE,27.816167,-17.886389, ,0.0,0.0,2,6000,0,1,140,0,1,0
FC,HIE,27.816167,-17.886389,0,LGM,0.0,0.0,349.0,3.0,2,4900,0,0,0,0,0,0
CF,D349I,27.959994,-17.935914,0,LGM,270.0,38.5,349.0,6.0,0,0,0,0,0,0,0,1
CF,FQ159,27.935194,-17.954694,1,LGM,268.1,39.7,159.0,2.0,2,2700,0,0,0,0,0,0

FINAL,Q34-B,34,N,2
IF,FQ159,27.935194,-17.954694,HIE,0.0,0.0,2,2700,0,0,0,0,2,0
CF,MQ159,27.875667,-17.920500,0,HR,0.0,4.0,159.0,4.0,1,1386,0,0,0,0,3,0
CA,1,48.0,2,4000,0,1,130,0,0,0
DF,HIE,27.816167,-17.886389,2, ,0.0,0.0,1,6000,0,0,0,0,0,0
HM,HIE,27.816167,-17.886389,2, ,0.0,0.0,347.0,04.3,0,0,0,0,0,0,0,0,0

