APPTR,D09,09,FES
IF,FES,33.927417,-5.013583, ,0.0,0.0,2,6300,0,0,0,0,1,0
FD,FES,33.927417,-5.013583,0,FES,0.0,8.0,298.0,8.0,2,4320,0,1,210,0,0,0
CF,FD09,33.927817,-5.147764,1,FES,272.2,6.7,92.0,2.0,2,4320,0,0,0,0,0,0

FINAL,D09,09,D,2
IF,FD09,33.927817,-5.147764,FES,272.2,6.7,2,4320,0,0,0,0,2,0
CF,FES,33.927417,-5.013583,0,FES,0.0,0.0,92.0,6.7,1,2199,0,0,0,0,3,0
CA,0,92.0,2,4320,0,0,0,0,0,0
DF,FES,33.927417,-5.013583,1, ,0.0,0.0,0,0,0,0,0,0,0,0

APPTR,D27,27,FES
IF,FES,33.927417,-5.013583, ,0.0,0.0,2,6300,0,0,0,0,1,0
FD,FES,33.927417,-5.013583,0,FES,0.0,10.0,72.0,10.0,2,4100,0,1,210,0,0,0
CF,FD27,33.926558,-4.827167,2,FES,92.3,9.3,272.0,1.0,2,4100,0,0,0,0,0,0

FINAL,D27,27,D,2
IF,FD27,33.926558,-4.827167,FES,92.3,9.3,2,4100,0,0,0,0,2,0
CF,MD27,33.927108,-4.939481,0,FES,92.3,3.7,272.0,5.6,1,2314,0,0,0,0,3,0
CA,0,272.0,2,2550,0,0,0,0,0,0
VM,0,0,2,92.0,1,4100,0,0,0,0,0,0

APPTR,I27,27,FES
IF,FES,33.927417,-5.013583, ,0.0,0.0,2,6300,0,0,0,0,1,0
FD,FES,33.927417,-5.013583,0,FES,0.0,12.0,74.0,12.0,2,4100,0,1,210,0,0,0
CF,CF27,33.926203,-4.787542,2,LFA,92.3,10.5,272.0,1.0,2,4100,0,0,0,0,0,0

FINAL,I27,27,I,3
IF,CF27,33.926203,-4.787542,LFA,92.3,10.5,2,4100,0,0,0,0,0,0
CF,FF27,33.926453,-4.827625,0,LFA,92.3,8.5,272.0,2.0,1,4100,0,0,0,0,2,0
CF,RW27,33.927228,-4.962942,0,LFA,92.2,1.8,272.0,6.8,1,1944,0,0,0,0,3,0
CA,0,272.0,2,2550,0,0,0,0,0,0
VM,0,0,2,92.0,1,4100,0,0,0,0,0,0

