APPTR,D32,32,BNS
IF,BNS,33.641800,-7.207997, ,0.0,0.0,2,3000,0,1,220,0,0,0
CF,D120J,33.565867,-7.030278,0,BNS,120.0,10.0,144.0,10.0,2,3000,0,0,0,0,0,1
CF,FD32,33.550844,-7.120278,2,BNS,144.1,7.0,324.0,3.0,2,3000,0,0,0,0,0,0

FINAL,D32,32,D,4
IF,FD32,33.550844,-7.120278,BNS,144.1,7.0,2,3000,0,0,0,0,2,0
CF,40VOR,33.589831,-7.157847,0,BNS,144.1,4.0,324.0,3.0,2,2070,0,0,0,0,0,0
CF,20VOR,33.615817,-7.182914,0,BNS,144.1,2.0,324.0,2.0,2,1430,0,0,0,0,0,0
CF,MD32,33.628811,-7.195456,0,BNS,144.1,0.0,324.0,1.0,1,1111,0,0,0,0,3,0
CA,0,324.0,2,1111,0,0,0,0,0,0
VI,1, ,0.0,75.0,0,0,0,1,185,0,0,0
FM,BNS,33.641800,-7.207997,0,BNS,0.0,0.0,120.0,1,3000,0,0,0,0,0,0

