STAR,LARA1A,30,5
IF,LARAP,31.115356,-6.464911, ,0.0,0.0,2,15500,0,1,250,0,0,0
TF,TIDMO,30.908711,-6.540847,0, ,0.0,0.0,0.0,0.0,2,9200,0,1,210,0,0,0

STAR,LINV1A,30,5
IF,LINVA,30.828806,-7.370861, ,0.0,0.0,2,15500,0,1,250,0,0,0
TF,MZ306,30.730108,-6.646308,0, ,0.0,0.0,0.0,0.0,2,9200,0,1,250,0,0,0
TF,TIDMO,30.908711,-6.540847,0, ,0.0,0.0,0.0,0.0,2,9200,0,1,210,0,0,0

STAR,MAXO1A,30,5
IF,MAXOR,31.169556,-7.309261, ,0.0,0.0,2,17500,0,1,250,0,0,0
TF,MZ213,31.144406,-6.934231,0, ,0.0,0.0,0.0,0.0,2,14000,0,1,250,0,0,0
TF,MZ215,31.133975,-6.783867,0, ,0.0,0.0,0.0,0.0,2,12000,0,1,250,0,0,0
TF,TIDMO,30.908711,-6.540847,0, ,0.0,0.0,0.0,0.0,2,9200,0,1,210,0,0,0

STAR,MOGV1A,30,5
IF,MOGVA,31.346431,-7.014586, ,0.0,0.0,2,17500,0,1,250,0,0,0
TF,MZ217,31.224544,-6.882039,0, ,0.0,0.0,0.0,0.0,2,14000,0,1,250,0,0,0
TF,MZ215,31.133975,-6.783867,0, ,0.0,0.0,0.0,0.0,2,12000,0,1,250,0,0,0
TF,TIDMO,30.908711,-6.540847,0, ,0.0,0.0,0.0,0.0,2,9200,0,1,210,0,0,0

STAR,RATV1A,30,5
IF,RATVA,31.334061,-6.744731, ,0.0,0.0,2,15500,0,1,250,0,0,0
TF,MZ219,31.218928,-6.767261,0, ,0.0,0.0,0.0,0.0,2,14000,0,1,250,0,0,0
TF,MZ215,31.133975,-6.783867,0, ,0.0,0.0,0.0,0.0,2,12000,0,1,250,0,0,0
TF,TIDMO,30.908711,-6.540847,0, ,0.0,0.0,0.0,0.0,2,9200,0,1,210,0,0,0

STAR,TOGM1A,30,5
IF,TOGMA,31.308431,-6.676917, ,0.0,0.0,2,17500,0,1,250,0,0,0
TF,MZ215,31.133975,-6.783867,0, ,0.0,0.0,0.0,0.0,2,12000,0,1,250,0,0,0
TF,TIDMO,30.908711,-6.540847,0, ,0.0,0.0,0.0,0.0,2,9200,0,1,210,0,0,0

APPTR,D30,30,TALOK
HF,TALOK,30.830511,-6.687067,2, ,0.0,0.0,302.0,05,2,8200,0,1,220,0,1,0,0

FINAL,D30,30,D,3
IF,CD30,30.796769,-6.620244,OZT,122.2,17.0,2,8200,0,0,0,0,0,0
CF,FD30,30.860850,-6.747247,0,OZT,122.2,9.4,302.0,7.6,2,6500,0,0,0,0,2,0
CF,MD30,30.927325,-6.879442,0,OZT,122.2,1.5,302.0,7.9,1,4048,0,0,0,0,3,1
CA,0,302.0,2,5600,0,0,0,0,0,0
DF,OZT,30.939931,-6.904561,2, ,0.0,0.0,1,8200,0,1,185,0,0,0

APPTR,I30,30,TALOK
HF,TALOK,30.830511,-6.687067,2, ,0.0,0.0,302.0,05,2,8200,0,1,220,0,1,0,0

FINAL,I30,30,I,3
IF,CI30,30.808875,-6.612489,IRZ,118.9,18.2,2,8200,0,0,0,0,0,0
CF,FI30,30.866489,-6.743608,0,IRZ,118.9,10.6,299.0,7.6,1,6500,0,0,0,0,2,0
CF,RW30,30.932978,-6.895475,0,IRZ,118.8,1.8,299.0,8.8,1,3764,0,0,0,0,3,0
CA,0,299.0,2,5600,0,0,0,0,0,0
DF,OZT,30.939931,-6.904561,2, ,0.0,0.0,1,8200,0,1,185,0,0,0

APPTR,R30,30,MZ306
IF,MZ306,30.730108,-6.646308, ,0.0,0.0,2,9200,0,1,210,0,1,0
TF,MZ304,30.804536,-6.602414,0, ,0.0,0.0,0.0,0.0,2,7800,0,1,210,0,1,0

APPTR,R30,30,TIDMO
IF,TIDMO,30.908711,-6.540847, ,0.0,0.0,2,9200,0,1,210,0,1,0
TF,MZ304,30.804536,-6.602414,0, ,0.0,0.0,0.0,0.0,2,7800,0,1,210,0,1,0

FINAL,R30,30,R,3
IF,MZ304,30.804536,-6.602414, ,0.0,0.0,2,7800,0,1,210,0,0,0
TF,MZ302,30.867422,-6.745614,0, ,0.0,0.0,299.0,8.3,1,6500,0,1,185,0,2,0
TF,RW30,30.932978,-6.895475,0, ,0.0,0.0,299.0,8.7,1,3764,0,1,185,0,3,1
CF,MZ211,30.989519,-7.025214,0,OZT,297.5,6.9,299.0,7.5,2,5000,0,1,185,0,0,0
TF,MZ213,31.144406,-6.934231,0, ,0.0,0.0,0.0,0.0,2,6500,0,1,210,0,0,0
TF,MZ215,31.133975,-6.783867,0, ,0.0,0.0,0.0,0.0,2,7700,0,1,210,0,0,0
TF,TIDMO,30.908711,-6.540847,0, ,0.0,0.0,0.0,0.0,2,9200,0,1,210,0,0,0

