FINAL,N15,15,N,2
IF,FN15,12.477736,-16.820669,SKN,0.0,0.0,2,2000,0,0,0,0,2,0
CF,RW15,12.401772,-16.754508,0,SKN,0.0,0.0,149.0,6.0,1,98,0,0,0,0,3,0
CF,SKN,12.386578,-16.742819,0,SKN,0.0,0.0,149.0,1.1,0,0,0,0,0,0,0,1
CA,0,149.0,2,1500,0,0,0,0,0,0
VM,0,0,2,329.0,0,0,0,0,0,0,0,0

APPTR,R15,15,GS001
IF,GS001,12.505722,-16.972194, ,0.0,0.0,0,0,0,1,230,0,1,0
TF,OXITA,12.540833,-16.894861,0, ,0.0,0.0,0.0,0.0,2,2000,0,0,0,0,0,0

APPTR,R15,15,GS002
IF,GS002,12.616556,-16.858583, ,0.0,0.0,0,0,0,1,230,0,1,0
TF,OXITA,12.540833,-16.894861,0, ,0.0,0.0,0.0,0.0,2,2000,0,0,0,0,0,0

APPTR,R15,15,OXITA
HF,OXITA,12.540833,-16.894861,1, ,0.0,0.0,145.0,04.3,2,2000,0,1,230,0,1,0,0

FINAL,R15,15,R,3
IF,OXITA,12.540833,-16.894861, ,0.0,0.0,2,2000,0,0,0,0,0,0
TF,GS003,12.469528,-16.822861,0, ,0.0,0.0,145.0,6.0,2,2000,0,0,0,0,2,0
TF,RW15,12.401772,-16.754508,0, ,0.0,0.0,145.0,5.7,1,98,0,0,0,0,3,1
TF,GS004,12.398194,-16.750889,0, ,0.0,0.0,0.0,0.0,0,0,0,0,0,0,0,1
TF,GS005,12.350639,-16.702944,0, ,0.0,0.0,0.0,0.0,0,0,0,0,0,0,0,1
DF,GS006,12.266500,-16.888472,2, ,0.0,0.0,1,2000,0,1,230,0,0,1

