SID,AMUD1A,22,5
CA,0,222.0,2,6800,0,0,0,0,0,0
DF,AMUDO,12.711667,36.725000,2, ,0.0,0.0,2,17000,0,1,185,0,0,0

SID,AMUD1B,04,5
CA,0,42.0,2,6400,0,0,0,0,0,0
DF,AMUDO,12.711667,36.725000,0, ,0.0,0.0,2,17000,0,0,0,0,0,0

SID,APDA1A,22,5
CA,0,222.0,2,6800,0,0,0,0,0,0
DF,APDAN,12.263092,38.087936,1, ,0.0,0.0,2,17000,0,1,185,0,0,0

SID,APDA1B,04,5
DF,APDAN,12.263092,38.087936,0, ,0.0,0.0,2,17000,0,0,0,0,0,0

SID,EGRU1A,22,5
CA,0,222.0,2,6800,0,0,0,0,0,0
DF,BD600,11.525806,38.050694,1, ,0.0,0.0,2,16000,0,1,185,0,0,0
TF,EGRUR,11.495000,38.331667,0, ,0.0,0.0,0.0,0.0,0,0,0,0,0,0,0,0

SID,EGRU1B,04,5
CA,0,42.0,2,6400,0,0,0,0,0,0
DF,BD600,11.525806,38.050694,0, ,0.0,0.0,2,16000,0,0,0,0,0,0
TF,EGRUR,11.495000,38.331667,0, ,0.0,0.0,0.0,0.0,0,0,0,0,0,0,0,0

SID,FIRK1A,22,5
CA,0,222.0,2,6800,0,0,0,0,0,0
DF,FIRKA,12.302250,37.586056,2, ,0.0,0.0,2,17000,0,1,185,0,0,0

SID,FIRK1B,04,5
CA,0,42.0,2,6400,0,0,0,0,0,0
DF,FIRKA,12.302250,37.586056,0, ,0.0,0.0,2,17000,0,0,0,0,0,0

SID,LABL1A,22,5
CA,0,222.0,2,6800,0,0,0,0,0,0
DF,BD601,11.387222,37.509444,1, ,0.0,0.0,2,10000,0,1,185,0,0,0
TF,BD602,11.105278,37.663056,0, ,0.0,0.0,0.0,0.0,2,14000,0,0,0,0,0,0
TF,BD603,10.890639,37.708222,0, ,0.0,0.0,0.0,0.0,2,16000,0,0,0,0,0,0
TF,LABLA,10.540000,37.898333,0, ,0.0,0.0,0.0,0.0,0,0,0,0,0,0,0,0

SID,LABL1B,04,5
CA,0,42.0,2,6400,0,0,0,0,0,0
DF,BD601,11.387222,37.509444,2, ,0.0,0.0,2,10000,0,0,0,0,0,0
TF,BD602,11.105278,37.663056,0, ,0.0,0.0,0.0,0.0,2,14000,0,0,0,0,0,0
TF,BD603,10.890639,37.708222,0, ,0.0,0.0,0.0,0.0,2,16000,0,0,0,0,0,0
TF,LABLA,10.540000,37.898333,0, ,0.0,0.0,0.0,0.0,0,0,0,0,0,0,0,0

SID,MADE1A,04,2
CA,0,43.0,2,6380,0,0,0,0,0,0
FA,BDR,11.606419,37.317217,0,BDR,0.0,0.0,45.0,2,7500,0,0,0,0,0,0
DF,BDR,11.606419,37.317217,1, ,0.0,0.0,2,9000,0,0,0,0,0,0
TF,D075Y,11.699722,37.731667,0, ,0.0,0.0,0.0,0.0,2,11500,0,0,0,0,0,0
TF,MADER,11.792778,38.113333,0, ,0.0,0.0,0.0,0.0,2,17000,0,0,0,0,0,0

SID,MADE2A,04,2
CA,0,43.0,2,6380,0,0,0,0,0,0
CF,D045O,11.778333,37.502500,0,BDR,44.7,15.0,45.0,13.0,2,9000,0,0,0,0,0,0
VI,0, ,0.0,80.0,0,0,0,0,0,0,0,0
CF,D075Y,11.699722,37.731667,0,BDR,75.1,25.0,125.0,12.0,2,11500,0,0,0,0,0,0
TF,MADER,11.792778,38.113333,0, ,0.0,0.0,0.0,0.0,2,17000,0,0,0,0,0,0

SID,MADERB,22,2
CA,0,223.0,2,6380,0,0,0,0,0,0
CF,D224F,11.536625,37.243939,0,BDR,224.0,6.0,224.0,5.0,2,7500,0,0,0,0,0,1
DF,BDR,11.606419,37.317217,2, ,0.0,0.0,2,9000,0,0,0,0,0,0
TF,D075Y,11.699722,37.731667,0, ,0.0,0.0,0.0,0.0,2,11500,0,0,0,0,0,0
TF,MADER,11.792778,38.113333,0, ,0.0,0.0,0.0,0.0,2,17000,0,0,0,0,0,0

SID,MASH1A,22,5
CA,0,222.0,2,6800,0,0,0,0,0,0
DF,MASHO,11.771722,38.044306,1, ,0.0,0.0,2,16000,0,1,185,0,0,0

SID,MASH1B,04,5
CA,0,42.0,2,6400,0,0,0,0,0,0
DF,MASHO,11.771722,38.044306,0, ,0.0,0.0,2,16000,0,0,0,0,0,0

SID,ROBITA,04,2
CA,0,43.0,2,6380,0,0,0,0,0,0
CF,D045O,11.778333,37.502500,0,BDR,44.7,15.0,45.0,13.0,2,9000,0,0,0,0,0,1
CF,D027Y,11.970556,37.524722,0,BDR,27.3,24.9,358.0,10.0,2,11500,0,0,0,0,0,0
TF,AZZ,12.498183,37.438039,0, ,0.0,0.0,0.0,0.0,0,0,0,0,0,0,0,0

SID,ROBITB,22,2
CA,0,223.0,2,6380,0,0,0,0,0,0
CF,D224F,11.536625,37.243939,0,BDR,224.0,6.0,224.0,5.0,2,7500,0,0,0,0,0,1
DF,BDR,11.606419,37.317217,2, ,0.0,0.0,2,9000,0,0,0,0,0,0
TF,D006Y,12.021300,37.373325,0, ,0.0,0.0,0.0,0.0,2,11500,0,0,0,0,0,0
TF,AZZ,12.498183,37.438039,0, ,0.0,0.0,0.0,0.0,0,0,0,0,0,0,0,0

SID,SIDE1A,04,2
CA,0,43.0,2,6380,0,0,0,0,0,0
FA,BDR,11.606419,37.317217,0,BDR,0.0,0.0,45.0,2,7500,0,0,0,0,0,0
DF,BDR,11.606419,37.317217,1, ,0.0,0.0,2,9000,0,0,0,0,0,0
TF,D149Y,11.245000,37.528889,0, ,0.0,0.0,0.0,0.0,2,14000,0,0,0,0,0,0
TF,SIDES,11.028333,37.655556,0, ,0.0,0.0,0.0,0.0,2,17000,0,0,0,0,0,0

SID,SIDE2A,04,2
CA,0,43.0,2,6380,0,0,0,0,0,0
CF,D045O,11.778333,37.502500,0,BDR,44.7,15.0,45.0,13.0,2,9000,0,0,0,0,0,0
VI,2, ,0.0,159.0,0,0,0,0,0,0,0,0
CF,D149Y,11.245000,37.528889,0,BDR,148.0,24.9,189.0,26.0,2,14000,0,0,0,0,0,0
TF,SIDES,11.028333,37.655556,0, ,0.0,0.0,0.0,0.0,2,17000,0,0,0,0,0,0

SID,SIDESB,22,2
CA,0,223.0,2,6380,0,0,0,0,0,0
CF,D224F,11.536625,37.243939,0,BDR,224.0,6.0,224.0,5.0,2,7500,0,0,0,0,0,1
DF,BDR,11.606419,37.317217,2, ,0.0,0.0,2,9000,0,0,0,0,0,0
TF,D149Y,11.245000,37.528889,0, ,0.0,0.0,0.0,0.0,2,14000,0,0,0,0,0,0
TF,SIDES,11.028333,37.655556,0, ,0.0,0.0,0.0,0.0,2,17000,0,0,0,0,0,0

SID,TIKA1A,22,5
CA,0,222.0,2,6800,0,0,0,0,0,0
DF,TIKAR,12.278611,37.695222,2, ,0.0,0.0,2,17000,0,1,185,0,0,0

SID,TIKA1B,04,5
CA,0,42.0,2,6400,0,0,0,0,0,0
DF,TIKAR,12.278611,37.695222,0, ,0.0,0.0,2,17000,0,0,0,0,0,0

SID,USUN1A,22,5
CA,0,222.0,2,6800,0,0,0,0,0,0
DF,USUNO,12.045322,36.399300,0, ,0.0,0.0,2,17000,0,1,185,0,0,0

SID,USUN1B,04,5
CA,0,42.0,2,6400,0,0,0,0,0,0
DF,USUNO,12.045322,36.399300,1, ,0.0,0.0,2,17000,0,0,0,0,0,0

SID,WERTAA,04,2
CA,0,43.0,2,6380,0,0,0,0,0,0
CF,D045O,11.778333,37.502500,0,BDR,44.7,15.0,45.0,13.0,2,9000,0,0,0,0,0,0
TF,D047Y,11.880278,37.637778,0, ,0.0,0.0,0.0,0.0,2,11500,0,0,0,0,0,0
TF,WERTA,12.263056,38.088056,0, ,0.0,0.0,0.0,0.0,2,19000,0,0,0,0,0,0

SID,WERTAB,22,2
CA,0,223.0,2,6380,0,0,0,0,0,0
CF,D224F,11.536625,37.243939,0,BDR,224.0,6.0,224.0,5.0,2,7500,0,0,0,0,0,1
DF,BDR,11.606419,37.317217,2, ,0.0,0.0,2,9000,0,0,0,0,0,0
TF,D047Y,11.880278,37.637778,0, ,0.0,0.0,0.0,0.0,2,11500,0,0,0,0,0,0
TF,WERTA,12.263056,38.088056,0, ,0.0,0.0,0.0,0.0,2,19000,0,0,0,0,0,0

SID,ZEMENA,04,2
CA,0,43.0,2,6380,0,0,0,0,0,0
CF,D045O,11.778333,37.502500,0,BDR,44.7,15.0,45.0,13.0,2,9000,0,0,0,0,0,1
CF,D027Y,11.970556,37.524722,0,BDR,27.3,24.9,358.0,10.0,2,11500,0,0,0,0,0,0
TF,ZEMEN,12.479722,37.815000,0, ,0.0,0.0,0.0,0.0,2,19000,0,0,0,0,0,0

SID,ZEMENB,22,2
CA,0,223.0,2,6380,0,0,0,0,0,0
CF,D224F,11.536625,37.243939,0,BDR,224.0,6.0,224.0,5.0,2,7500,0,0,0,0,0,1
DF,BDR,11.606419,37.317217,2, ,0.0,0.0,2,9000,0,0,0,0,0,0
TF,D027Y,11.970556,37.524722,0, ,0.0,0.0,0.0,0.0,2,11500,0,0,0,0,0,0
TF,ZEMEN,12.479722,37.815000,0, ,0.0,0.0,0.0,0.0,2,19000,0,0,0,0,0,0

STAR,AMUD1A,22,5
IF,AMUDO,12.711667,36.725000, ,0.0,0.0,0,0,0,0,0,0,0,0
TF,BD402,12.229500,37.103083,0, ,0.0,0.0,0.0,0.0,2,17000,0,0,0,0,0,0
TF,BD200,11.842444,37.400861,0, ,0.0,0.0,0.0,0.0,2,10300,0,0,0,0,0,0

STAR,AMUD1B,04,5
IF,AMUDO,12.711667,36.725000, ,0.0,0.0,0,0,0,0,0,0,0,0
TF,BD300,11.517361,36.907583,0, ,0.0,0.0,0.0,0.0,2,14000,0,0,0,0,0,0

STAR,APDA1A,22,5
IF,APDAN,12.263092,38.087936, ,0.0,0.0,2,16000,0,0,0,0,0,0
TF,BD405,12.126028,37.916694,0, ,0.0,0.0,0.0,0.0,2,16000,0,0,0,0,0,0
TF,BD201,11.819333,37.535306,0, ,0.0,0.0,0.0,0.0,2,10300,0,0,0,0,0,0

STAR,APDA1B,04,5
IF,APDAN,12.263092,38.087936, ,0.0,0.0,2,16000,0,0,0,0,0,0
TF,BD501,11.684000,36.924111,0, ,0.0,0.0,0.0,0.0,0,0,0,0,0,0,0,0
TF,BD300,11.517361,36.907583,0, ,0.0,0.0,0.0,0.0,2,14000,0,0,0,0,0,0

STAR,EGRU1A,22,5
IF,EGRUR,11.495000,38.331667, ,0.0,0.0,2,16000,0,0,0,0,0,0
TF,BD407,11.573000,38.018944,0, ,0.0,0.0,0.0,0.0,2,16000,0,0,0,0,0,0
TF,BD408,11.636139,37.765389,0, ,0.0,0.0,0.0,0.0,2,13000,0,0,0,0,0,0
TF,BD202,11.686972,37.559194,0, ,0.0,0.0,0.0,0.0,2,10300,0,0,0,0,0,0

STAR,EGRU1B,04,5
IF,EGRUR,11.495000,38.331667, ,0.0,0.0,0,0,0,0,0,0,0,0
TF,BD502,11.216083,37.399222,0, ,0.0,0.0,0.0,0.0,0,0,0,0,0,0,0,0
TF,BD302,11.199417,37.230472,0, ,0.0,0.0,0.0,0.0,2,14000,0,0,0,0,0,0

STAR,FIRK1A,22,5
IF,FIRKA,12.302250,37.586056, ,0.0,0.0,2,17000,0,0,0,0,0,0
TF,BD403,12.025833,37.556972,0, ,0.0,0.0,0.0,0.0,2,13000,0,0,0,0,0,0
TF,BD201,11.819333,37.535306,0, ,0.0,0.0,0.0,0.0,2,10300,0,0,0,0,0,0

STAR,FIRK1B,04,5
IF,FIRKA,12.302250,37.586056, ,0.0,0.0,2,17000,0,0,0,0,0,0
TF,BD501,11.684000,36.924111,0, ,0.0,0.0,0.0,0.0,0,0,0,0,0,0,0,0
TF,BD300,11.517361,36.907583,0, ,0.0,0.0,0.0,0.0,2,14000,0,0,0,0,0,0

STAR,LABL1A,22,5
IF,LABLA,10.540000,37.898333, ,0.0,0.0,0,0,0,0,0,0,0,0
TF,BD409,10.722333,37.799250,0, ,0.0,0.0,0.0,0.0,2,17000,0,0,0,0,0,0
TF,BD410,11.226389,37.674028,0, ,0.0,0.0,0.0,0.0,2,16000,0,0,0,0,0,0
TF,BD411,11.485667,37.609417,0, ,0.0,0.0,0.0,0.0,2,13000,0,0,0,0,0,0
TF,BD202,11.686972,37.559194,0, ,0.0,0.0,0.0,0.0,2,10300,0,0,0,0,0,0

STAR,LABL1B,04,5
IF,LABLA,10.540000,37.898333, ,0.0,0.0,0,0,0,0,0,0,0,0
TF,BD409,10.722333,37.799250,0, ,0.0,0.0,0.0,0.0,2,16000,0,0,0,0,0,0
TF,BD302,11.199417,37.230472,0, ,0.0,0.0,0.0,0.0,2,14000,0,0,0,0,0,0

STAR,MASH1A,22,5
IF,MASHO,11.771722,38.044306, ,0.0,0.0,2,16000,0,0,0,0,0,0
TF,BD406,11.723444,37.767361,0, ,0.0,0.0,0.0,0.0,2,13000,0,0,0,0,0,0
TF,BD202,11.686972,37.559194,0, ,0.0,0.0,0.0,0.0,2,10300,0,0,0,0,0,0

STAR,MASH1B,04,5
IF,MASHO,11.771722,38.044306, ,0.0,0.0,2,16000,0,0,0,0,0,0
TF,BD502,11.216083,37.399222,0, ,0.0,0.0,0.0,0.0,0,0,0,0,0,0,0,0
TF,BD302,11.199417,37.230472,0, ,0.0,0.0,0.0,0.0,2,14000,0,0,0,0,0,0

STAR,TIKA1A,22,5
IF,TIKAR,12.278611,37.695222, ,0.0,0.0,2,17000,0,0,0,0,0,0
TF,BD404,12.015722,37.603611,0, ,0.0,0.0,0.0,0.0,2,13000,0,0,0,0,0,0
TF,BD201,11.819333,37.535306,0, ,0.0,0.0,0.0,0.0,2,10300,0,0,0,0,0,0

STAR,TIKA1B,04,5
IF,TIKAR,12.278611,37.695222, ,0.0,0.0,2,17000,0,0,0,0,0,0
TF,BD501,11.684000,36.924111,0, ,0.0,0.0,0.0,0.0,0,0,0,0,0,0,0,0
TF,BD300,11.517361,36.907583,0, ,0.0,0.0,0.0,0.0,2,14000,0,0,0,0,0,0

STAR,USUN1A,22,5
IF,USUNO,12.045322,36.399300, ,0.0,0.0,0,0,0,0,0,0,0,0
TF,BD400,11.942111,36.918361,0, ,0.0,0.0,0.0,0.0,2,17000,0,0,0,0,0,0
TF,BD401,11.885167,37.194611,0, ,0.0,0.0,0.0,0.0,2,13000,0,0,0,0,0,0
TF,BD200,11.842444,37.400861,0, ,0.0,0.0,0.0,0.0,2,10300,0,0,0,0,0,0

STAR,USUN1B,04,5
IF,USUNO,12.045322,36.399300, ,0.0,0.0,0,0,0,0,0,0,0,0
TF,BD300,11.517361,36.907583,0, ,0.0,0.0,0.0,0.0,2,14000,0,0,0,0,0,0

APPTR,D22,22,BDR
IF,BDR,11.606419,37.317217, ,0.0,0.0,2,12000,0,0,0,0,1,0
FD,BDR,11.606419,37.317217,0,BDR,0.0,13.0,26.0,13.0,2,9000,0,0,0,0,0,0
CF,CD22,11.754808,37.478758,2,BDR,45.0,13.0,225.0,1.0,2,9000,0,0,0,0,1,0

FINAL,D22,22,D,3
IF,CD22,11.754808,37.478758,BDR,45.0,13.0,2,9000,0,0,0,0,0,0
CF,FD22,11.697747,37.416606,0,BDR,45.0,8.0,225.0,5.0,2,8150,0,0,0,0,2,0
CF,MD22,11.640669,37.354481,0,BDR,45.0,3.0,225.0,5.0,1,6580,0,0,0,0,3,0
CF,BDR,11.606419,37.317217,0,BDR,0.0,0.0,225.0,3.0,0,0,0,0,0,0,0,0
FA,BDR,11.606419,37.317217,0,BDR,0.0,0.0,230.0,2,12000,0,0,0,0,0,0
DF,BDR,11.606419,37.317217,2, ,0.0,0.0,1,12000,0,0,0,0,0,0
HM,BDR,11.606419,37.317217,1, ,0.0,0.0,26.0,04.3,0,0,0,0,0,0,0,0,0

APPTR,R04-Z,04,BD300
IF,BD300,11.517361,36.907583, ,0.0,0.0,2,14000,0,0,0,0,1,0
TF,BD303,11.416250,37.127611,0, ,0.0,0.0,0.0,0.0,2,9500,0,0,0,0,1,0

APPTR,R04-Z,04,BD301
IF,BD301,11.246917,36.956111, ,0.0,0.0,2,14000,0,0,0,0,1,0
TF,BD303,11.416250,37.127611,0, ,0.0,0.0,0.0,0.0,2,9500,0,0,0,0,1,0

APPTR,R04-Z,04,BD302
IF,BD302,11.199417,37.230472, ,0.0,0.0,2,14000,0,0,0,0,1,0
TF,BD303,11.416250,37.127611,0, ,0.0,0.0,0.0,0.0,2,9500,0,0,0,0,1,0

FINAL,R04-Z,04,R,4
IF,BD303,11.416250,37.127611, ,0.0,0.0,2,9500,0,0,0,0,0,0
TF,BD304,11.511111,37.223472,0, ,0.0,0.0,42.0,8.0,2,7670,0,0,0,0,0,0
TF,BD305,11.534806,37.247444,0, ,0.0,0.0,42.0,2.0,1,7670,0,0,0,0,2,0
TF,RW04,11.594222,37.307519,0, ,0.0,0.0,42.0,5.0,1,6072,0,0,0,0,3,1
CA,0,42.0,2,9600,0,0,0,0,0,0
DF,BD301,11.246917,36.956111,1, ,0.0,0.0,1,14000,0,0,0,0,0,0

APPTR,R22,22,BD008
IF,BD008,11.913639,37.631039, ,0.0,0.0,2,14000,0,0,0,0,1,0
TF,BD011,11.795344,37.511094,0, ,0.0,0.0,0.0,0.0,2,10600,0,0,0,0,1,0

APPTR,R22,22,BD009
IF,BD009,11.711625,37.696597, ,0.0,0.0,2,14000,0,0,0,0,1,0
TF,BD011,11.795344,37.511094,0, ,0.0,0.0,0.0,0.0,2,10600,0,0,0,0,1,0

APPTR,R22,22,BD010
IF,BD010,11.976175,37.423828, ,0.0,0.0,2,14000,0,0,0,0,1,0
TF,BD011,11.795344,37.511094,0, ,0.0,0.0,0.0,0.0,2,10600,0,0,0,0,1,0

FINAL,R22,22,R,3
IF,BD011,11.795344,37.511094, ,0.0,0.0,2,10600,0,0,0,0,0,0
TF,BD012,11.712508,37.427197,0, ,0.0,0.0,223.0,7.0,2,8570,0,0,0,0,2,0
TF,BD013,11.647406,37.361311,0, ,0.0,0.0,223.0,5.5,1,6781,0,0,0,0,3,0
CA,0,223.0,2,6830,0,0,0,0,0,0
DF,BD014,11.505347,37.217633,0, ,0.0,0.0,0,0,0,0,0,0,0,1
VM,0,0,2,57.0,1,14000,0,0,0,0,0,0

APPTR,R22-Z,22,BD200
IF,BD200,11.842444,37.400861, ,0.0,0.0,2,10300,0,0,0,0,1,0
TF,BD203,11.736333,37.451333,0, ,0.0,0.0,0.0,0.0,2,8200,0,0,0,0,1,0

APPTR,R22-Z,22,BD201
IF,BD201,11.819333,37.535306, ,0.0,0.0,2,10300,0,0,0,0,1,0
TF,BD203,11.736333,37.451333,0, ,0.0,0.0,0.0,0.0,2,8200,0,0,0,0,1,0

APPTR,R22-Z,22,BD202
IF,BD202,11.686972,37.559194, ,0.0,0.0,2,10300,0,0,0,0,1,0
TF,BD203,11.736333,37.451333,0, ,0.0,0.0,0.0,0.0,2,8200,0,0,0,0,1,0

FINAL,R22-Z,22,R,4
IF,BD203,11.736333,37.451333, ,0.0,0.0,2,8200,0,0,0,0,0,0
TF,BD204,11.700750,37.415361,0, ,0.0,0.0,222.0,3.0,2,7560,0,0,0,0,0,0
TF,BD205,11.677028,37.391389,0, ,0.0,0.0,222.0,2.0,1,7560,0,0,0,0,2,0
TF,BD206,11.636694,37.350639,0, ,0.0,0.0,222.0,3.4,1,6475,0,0,0,0,3,1
TF,BD207,11.566806,37.279833,0, ,0.0,0.0,222.0,5.9,2,6740,0,0,0,0,0,1
DF,BD200,11.842444,37.400861,2, ,0.0,0.0,2,10300,0,0,0,0,0,0

