SID,ARSHI1,33,5
CA,0,331.0,2,4200,0,0,0,0,0,0
DF,DR103,9.775472,41.992778,2, ,0.0,0.0,2,6300,0,0,0,0,0,0
TF,DR105,9.612639,42.193528,0, ,0.0,0.0,0.0,0.0,2,9100,0,0,0,0,0,0
TF,ARSHI,9.551000,43.405944,0, ,0.0,0.0,0.0,0.0,0,0,0,0,0,0,0,0

SID,ASTAR1,33,5
CA,0,331.0,2,4200,0,0,0,0,0,0
DF,DR101,9.921111,42.038389,2, ,0.0,0.0,2,7700,0,0,0,0,0,0
TF,ASTAR,10.651972,42.517306,0, ,0.0,0.0,0.0,0.0,0,0,0,0,0,0,0,0

SID,AXIDA1,33,5
CA,0,331.0,2,4200,0,0,0,0,0,0
DF,DR103,9.775472,41.992778,2, ,0.0,0.0,2,6300,0,0,0,0,0,0
TF,DR104,9.669750,42.075694,0, ,0.0,0.0,0.0,0.0,2,7800,0,0,0,0,0,0
TF,DR107,9.465833,42.063500,0, ,0.0,0.0,0.0,0.0,2,10100,0,0,0,0,0,0
TF,DR108,9.191250,41.848333,0, ,0.0,0.0,0.0,0.0,2,14000,0,0,0,0,0,0
TF,DR110,8.966778,41.704778,0, ,0.0,0.0,0.0,0.0,2,14000,0,0,0,0,0,0
TF,AXIDA,8.333833,41.552278,0, ,0.0,0.0,0.0,0.0,0,0,0,0,0,0,0,0

SID,DENGO1,33,5
CA,0,331.0,2,4200,0,0,0,0,0,0
DF,DR103,9.775472,41.992778,2, ,0.0,0.0,2,6300,0,0,0,0,0,0
TF,DR104,9.669750,42.075694,0, ,0.0,0.0,0.0,0.0,2,7800,0,0,0,0,0,0
TF,DR106,9.545861,42.172639,0, ,0.0,0.0,0.0,0.0,2,9700,0,0,0,0,0,0
TF,DENGO,9.445222,42.524306,0, ,0.0,0.0,0.0,0.0,0,0,0,0,0,0,0,0

SID,EPTOV1,33,5
CA,0,331.0,2,4200,0,0,0,0,0,0
DF,DR103,9.775472,41.992778,2, ,0.0,0.0,2,6300,0,0,0,0,0,0
TF,DR104,9.669750,42.075694,0, ,0.0,0.0,0.0,0.0,2,7800,0,0,0,0,0,0
TF,DR107,9.465833,42.063500,0, ,0.0,0.0,0.0,0.0,2,10100,0,0,0,0,0,0
TF,DR109,9.194667,42.047111,0, ,0.0,0.0,0.0,0.0,2,13300,0,0,0,0,0,0
TF,EPTOV,8.432139,42.413972,0, ,0.0,0.0,0.0,0.0,0,0,0,0,0,0,0,0

SID,MAGON1,33,5
CA,0,331.0,2,4200,0,0,0,0,0,0
DF,DR100,9.591444,41.511194,1, ,0.0,0.0,2,7800,0,0,0,0,0,0
TF,MAGON,9.480556,40.809872,0, ,0.0,0.0,0.0,0.0,0,0,0,0,0,0,0,0

SID,TADRA1,33,5
CA,0,331.0,2,4200,0,0,0,0,0,0
DF,DR103,9.775472,41.992778,2, ,0.0,0.0,2,6300,0,0,0,0,0,0
TF,DR104,9.669750,42.075694,0, ,0.0,0.0,0.0,0.0,2,7800,0,0,0,0,0,0
TF,DR107,9.465833,42.063500,0, ,0.0,0.0,0.0,0.0,2,10100,0,0,0,0,0,0
TF,DR108,9.191250,41.848333,0, ,0.0,0.0,0.0,0.0,2,14000,0,0,0,0,0,0
TF,TADRA,8.277194,41.880611,0, ,0.0,0.0,0.0,0.0,0,0,0,0,0,0,0,0

STAR,ARSHI1,15,5
IF,ARSHI,9.551000,43.405944, ,0.0,0.0,0,0,0,0,0,0,0,0
TF,DR209,9.826806,42.215000,0, ,0.0,0.0,0.0,0.0,2,14000,0,0,0,0,0,0
TF,DR210,9.883222,41.968194,0, ,0.0,0.0,0.0,0.0,0,0,0,0,0,0,0,0
TF,DR002,9.919194,41.805194,0, ,0.0,0.0,0.0,0.0,0,0,0,0,0,0,0,0

STAR,ASTAR1,15,5
IF,ASTAR,10.651972,42.517306, ,0.0,0.0,0,0,0,0,0,0,0,0
TF,DR211,10.220194,42.096306,0, ,0.0,0.0,0.0,0.0,2,14000,0,0,0,0,0,0
TF,DR002,9.919194,41.805194,0, ,0.0,0.0,0.0,0.0,0,0,0,0,0,0,0,0

STAR,AXIDA1,15,5
IF,AXIDA,8.333833,41.552278, ,0.0,0.0,0,0,0,0,0,0,0,0
TF,DR201,9.339806,41.608306,0, ,0.0,0.0,0.0,0.0,2,14000,0,0,0,0,0,0
TF,DR202,9.532056,41.619167,0, ,0.0,0.0,0.0,0.0,2,12500,0,0,0,0,0,0
TF,DR203,9.663417,41.627083,0, ,0.0,0.0,0.0,0.0,0,0,0,0,0,0,0,0
TF,DR001,9.830556,41.637083,0, ,0.0,0.0,0.0,0.0,0,0,0,0,0,0,0,0

STAR,DENGO1,15,5
IF,DENGO,9.445222,42.524306, ,0.0,0.0,0,0,0,0,0,0,0,0
TF,DR208,9.721278,42.174278,0, ,0.0,0.0,0.0,0.0,2,14000,0,0,0,0,0,0
TF,DR210,9.883222,41.968194,0, ,0.0,0.0,0.0,0.0,0,0,0,0,0,0,0,0
TF,DR002,9.919194,41.805194,0, ,0.0,0.0,0.0,0.0,0,0,0,0,0,0,0,0

STAR,EPTOV1,15,5
IF,EPTOV,8.432139,42.413972, ,0.0,0.0,0,0,0,0,0,0,0,0
TF,DR206,9.369583,41.816028,0, ,0.0,0.0,0.0,0.0,2,14000,0,0,0,0,0,0
TF,DR207,9.539250,41.707611,0, ,0.0,0.0,0.0,0.0,2,12500,0,0,0,0,0,0
TF,DR203,9.663417,41.627083,0, ,0.0,0.0,0.0,0.0,0,0,0,0,0,0,0,0
TF,DR001,9.830556,41.637083,0, ,0.0,0.0,0.0,0.0,0,0,0,0,0,0,0,0

STAR,MAGON1,15,5
IF,MAGON,9.480556,40.809872, ,0.0,0.0,0,0,0,0,0,0,0,0
TF,DR200,9.667611,41.250361,0, ,0.0,0.0,0.0,0.0,0,0,0,0,0,0,0,0
TF,DR001,9.830556,41.637083,0, ,0.0,0.0,0.0,0.0,0,0,0,0,0,0,0,0

STAR,TADRA1,15,5
IF,TADRA,8.277194,41.880611, ,0.0,0.0,0,0,0,0,0,0,0,0
TF,DR204,9.345861,41.684361,0, ,0.0,0.0,0.0,0.0,2,14000,0,0,0,0,0,0
TF,DR205,9.536944,41.649278,0, ,0.0,0.0,0.0,0.0,2,12500,0,0,0,0,0,0
TF,DR203,9.663417,41.627083,0, ,0.0,0.0,0.0,0.0,0,0,0,0,0,0,0,0
TF,DR001,9.830556,41.637083,0, ,0.0,0.0,0.0,0.0,0,0,0,0,0,0,0,0

APPTR,D15,15,DWA
IF,DWA,9.643619,41.844322, ,0.0,0.0,2,10500,0,0,0,0,1,0
FD,DWA,9.643619,41.844322,0,DWA,0.0,12.0,351.0,12.0,2,6500,0,0,0,0,0,0
CF,CD15,9.817614,41.743025,1,DWA,328.0,12.0,148.0,1.0,2,6500,0,0,0,0,1,0

FINAL,D15,15,D,3
IF,CD15,9.817614,41.743025,DWA,328.0,12.0,2,6500,0,0,0,0,0,0
CF,FD15,9.745119,41.785244,0,DWA,328.0,7.0,148.0,5.0,2,5300,0,0,0,0,2,0
CF,MD15,9.687119,41.819006,0,DWA,328.0,3.0,148.0,4.0,1,4432,0,0,0,0,3,0
VI,2, ,0.0,355.0,0,0,0,1,185,0,0,0
FA,DWA,9.643619,41.844322,0,DWA,0.0,0.0,310.0,2,10500,0,0,0,0,0,0
DF,DWA,9.643619,41.844322,0, ,0.0,0.0,1,10500,0,0,0,0,0,0
HM,DWA,9.643619,41.844322,2, ,0.0,0.0,351.0,04.3,0,0,0,0,0,0,0,0,0

APPTR,N15,15,AY
IF,AY,9.647247,41.842361, ,0.0,0.0,2,10500,0,1,185,0,0,0
FC,AY,9.647247,41.842361,0,DWA,0.0,0.0,345.0,9.3,2,7200,0,0,0,0,0,1
CF,FN15,9.784733,41.768656,1,DWA,330.0,9.6,150.0,1.0,2,7200,0,0,0,0,0,0

FINAL,N15,15,N,2
IF,FN15,9.784733,41.768656,AY,0.0,0.0,2,7200,0,0,0,0,2,0
CF,AY,9.647247,41.842361,0,AY,0.0,0.0,150.0,9.3,1,3950,0,0,0,0,3,0
CA,0,150.0,2,4020,0,0,0,0,0,0
CA,2,345.0,2,10500,0,0,0,0,0,0
DF,AY,9.647247,41.842361,0, ,0.0,0.0,1,10500,0,0,0,0,0,0

APPTR,R15,15,DR001
IF,DR001,9.830556,41.637083, ,0.0,0.0,2,8500,0,0,0,0,1,0
TF,DR003,9.844556,41.737389,0, ,0.0,0.0,0.0,0.0,2,7000,0,0,0,0,1,0

APPTR,R15,15,DR002
IF,DR002,9.919194,41.805194, ,0.0,0.0,2,8500,0,0,0,0,1,0
TF,DR003,9.844556,41.737389,0, ,0.0,0.0,0.0,0.0,2,7000,0,0,0,0,1,0

FINAL,R15,15,R,4
IF,DR003,9.844556,41.737389, ,0.0,0.0,2,7000,0,0,0,0,0,0
TF,DR004,9.739417,41.793333,0, ,0.0,0.0,151.0,7.1,2,5270,0,0,0,0,0,0
TF,DR005,9.709806,41.809083,0, ,0.0,0.0,151.0,2.0,1,5270,0,0,0,0,2,0
TF,DR006,9.672778,41.828778,0, ,0.0,0.0,151.0,2.5,1,4471,0,0,0,0,3,1
DF,DR007,9.609250,41.677056,2, ,0.0,0.0,2,5700,0,1,160,0,0,0
TF,DR008,9.635417,41.577083,0, ,0.0,0.0,0.0,0.0,2,6600,0,0,0,0,0,0
TF,DR009,9.736889,41.546972,0, ,0.0,0.0,0.0,0.0,2,7500,0,0,0,0,0,0
TF,DR001,9.830556,41.637083,0, ,0.0,0.0,0.0,0.0,2,8500,0,0,0,0,0,0

