SID,AZ17A1,17,5
CF,AZ016,12.097450,37.511186,0,BDR,19.2,31.5,168.0,25.0,2,11200,0,0,0,0,0,0
TF,AZ017,11.721253,37.746050,0, ,0.0,0.0,0.0,0.0,2,17000,0,0,0,0,0,0

SID,AZ18A1,17,5
CF,AZ016,12.097450,37.511186,0,BDR,19.2,31.5,168.0,25.0,2,11200,0,0,0,0,0,0
TF,AZ018,12.227908,38.244958,0, ,0.0,0.0,0.0,0.0,2,17000,0,0,0,0,0,0

SID,AZ18A2,17,5
CF,AZ015,12.343544,37.466292,0,BDR,9.3,44.9,168.0,10.0,2,8100,0,0,0,0,0,1
VI,2, ,0.0,360.0,0,0,0,0,0,0,0,0
CF,AZZ,12.498183,37.438039,0,BDR,5.6,53.7,45.0,5.0,2,10500,0,0,0,0,0,0
TF,AZ018,12.227908,38.244958,0, ,0.0,0.0,0.0,0.0,2,17000,0,0,0,0,0,0

SID,AZ19A1,17,5
CF,AZ016,12.097450,37.511186,0,BDR,19.2,31.5,168.0,25.0,2,11200,0,0,0,0,0,0
TF,AZ019,12.860267,38.207275,1, ,0.0,0.0,0.0,0.0,2,19000,0,0,0,0,0,0

SID,AZ19A2,17,5
CF,AZ015,12.343544,37.466292,0,BDR,9.3,44.9,168.0,10.0,2,8100,0,0,0,0,0,1
VI,2, ,0.0,360.0,0,0,0,0,0,0,0,0
CF,AZZ,12.498183,37.438039,0,BDR,5.6,53.7,45.0,5.0,2,10500,0,0,0,0,0,0
TF,AZ019,12.860267,38.207275,0, ,0.0,0.0,0.0,0.0,2,19000,0,0,0,0,0,0

SID,AZ20A1,17,5
CF,AZ016,12.097450,37.511186,0,BDR,19.2,31.5,168.0,25.0,2,11200,0,0,0,0,0,0
TF,AZ020,13.152750,37.966850,1, ,0.0,0.0,0.0,0.0,2,19000,0,0,0,0,0,0

SID,AZ20A2,17,5
CF,AZ015,12.343544,37.466292,0,BDR,9.3,44.9,168.0,10.0,2,8100,0,0,0,0,0,1
VI,2, ,0.0,360.0,0,0,0,0,0,0,0,0
CF,AZZ,12.498183,37.438039,0,BDR,5.6,53.7,45.0,5.0,2,10500,0,0,0,0,0,0
TF,AZ020,13.152750,37.966850,0, ,0.0,0.0,0.0,0.0,2,19000,0,0,0,0,0,0

STAR,GN10A1,35,5
IF,GN010,12.076158,37.472794, ,0.0,0.0,0,0,0,0,0,0,0,0
TF,GN001,12.179483,37.496231,0, ,0.0,0.0,0.0,0.0,0,0,0,0,0,0,0,0

STAR,GN10A2,35,5
IF,GN010,12.076158,37.472794, ,0.0,0.0,0,0,0,0,0,0,0,0
TF,GN003,12.202789,37.361783,0, ,0.0,0.0,0.0,0.0,0,0,0,0,0,0,0,0

STAR,GN11A1,35,5
IF,GN011,11.876664,37.684589, ,0.0,0.0,0,0,0,0,0,0,0,0
TF,GN001,12.179483,37.496231,0, ,0.0,0.0,0.0,0.0,0,0,0,0,0,0,0,0

STAR,GN11A2,35,5
IF,GN011,11.876664,37.684589, ,0.0,0.0,0,0,0,0,0,0,0,0
TF,GN002,12.246808,37.614172,0, ,0.0,0.0,0.0,0.0,0,0,0,0,0,0,0,0

STAR,GN12A1,35,5
IF,GN012,12.282153,38.083708, ,0.0,0.0,0,0,0,0,0,0,0,0
TF,GN002,12.246808,37.614172,0, ,0.0,0.0,0.0,0.0,0,0,0,0,0,0,0,0

STAR,GN12A2,35,5
IF,GN012,12.282153,38.083708, ,0.0,0.0,0,0,0,0,0,0,0,0
TF,GN001,12.179483,37.496231,0, ,0.0,0.0,0.0,0.0,0,0,0,0,0,0,0,0

STAR,GN13A1,35,5
IF,GN013,12.788028,38.053253, ,0.0,0.0,0,0,0,0,0,0,0,0
TF,GN002,12.246808,37.614172,0, ,0.0,0.0,0.0,0.0,0,0,0,0,0,0,0,0

STAR,GN13A2,35,5
IF,GN013,12.788028,38.053253, ,0.0,0.0,0,0,0,0,0,0,0,0
TF,GN001,12.179483,37.496231,0, ,0.0,0.0,0.0,0.0,0,0,0,0,0,0,0,0

STAR,GN14A1,35,5
IF,GN014,13.021922,37.860867, ,0.0,0.0,0,0,0,0,0,0,0,0
TF,GN002,12.246808,37.614172,0, ,0.0,0.0,0.0,0.0,0,0,0,0,0,0,0,0

STAR,GN14A2,35,5
IF,GN014,13.021922,37.860867, ,0.0,0.0,0,0,0,0,0,0,0,0
TF,GN001,12.179483,37.496231,0, ,0.0,0.0,0.0,0.0,0,0,0,0,0,0,0,0

STAR,GN14A3,35,5
IF,GN014,13.021922,37.860867, ,0.0,0.0,0,0,0,0,0,0,0,0
TF,GN003,12.202789,37.361783,0, ,0.0,0.0,0.0,0.0,0,0,0,0,0,0,0,0

APPTR,R35,35,GN001
IF,GN001,12.179483,37.496231, ,0.0,0.0,2,12500,0,0,0,0,1,0
TF,GN004,12.269711,37.479778,0, ,0.0,0.0,0.0,0.0,2,10800,0,0,0,0,1,0

APPTR,R35,35,GN002
IF,GN002,12.246808,37.614172, ,0.0,0.0,2,12500,0,0,0,0,1,0
TF,GN004,12.269711,37.479778,0, ,0.0,0.0,0.0,0.0,2,10800,0,0,0,0,1,0

APPTR,R35,35,GN003
IF,GN003,12.202789,37.361783, ,0.0,0.0,2,12500,0,0,0,0,1,0
TF,GN004,12.269711,37.479778,0, ,0.0,0.0,0.0,0.0,2,10800,0,0,0,0,1,0

FINAL,R35,35,R,3
IF,GN004,12.269711,37.479778, ,0.0,0.0,2,10800,0,0,0,0,0,0
TF,GN005,12.351750,37.464794,0, ,0.0,0.0,348.0,5.0,2,9300,0,0,0,0,2,0
TF,GN006,12.450186,37.446667,0, ,0.0,0.0,348.0,6.0,1,7517,0,0,0,0,3,1
CI,1, ,0.0,197.0,0,0,0,1,185,0,0,0
CF,GN001,12.179483,37.496231,0,BDR,15.1,35.8,152.0,19.0,1,12500,0,0,0,0,0,0
HM,GN001,12.179483,37.496231,2, ,0.0,0.0,348.0,04.3,0,0,0,0,0,0,0,0,0

