APPTR,D15,15,MMA1
IF,MMA,31.319722,27.222333, ,0.0,0.0,2,4000,0,0,0,0,0,0
FD,MMA,31.319722,27.222333,0,MMA,0.0,9.0,354.0,9.0,1,2000,0,0,0,0,0,0
CF,FD15,31.424797,27.162558,1,MMA,330.0,7.0,150.0,2.0,1,2000,0,0,0,0,0,0

APPTR,D15,15,MMA2
IF,MMA,31.319722,27.222333, ,0.0,0.0,2,4000,0,0,0,0,0,0
FD,MMA,31.319722,27.222333,0,MMA,0.0,9.0,344.0,9.0,1,2000,0,0,0,0,0,0
CF,FD15,31.424797,27.162558,1,MMA,330.0,7.0,150.0,2.0,1,2000,0,0,0,0,0,0

FINAL,D15,15,D,2
IF,FD15,31.424797,27.162558,MMA,330.0,7.0,1,2000,0,0,0,0,2,0
CF,MD15,31.348244,27.206122,0,MMA,330.0,1.9,150.0,5.1,1,378,0,0,0,0,3,0
CA,0,150.0,2,1800,0,0,0,0,0,0
DF,MMA,31.319722,27.222333,1, ,0.0,0.0,1,3000,0,0,0,0,0,0
HM,MMA,31.319722,27.222333,1, ,0.0,0.0,354.0,04.3,0,0,0,0,0,0,0,0,0

APPTR,D24,24,MMA1
IF,MMA,31.319722,27.222333, ,0.0,0.0,2,4000,0,0,0,0,0,0
FD,MMA,31.319722,27.222333,0,MMA,0.0,9.0,72.0,9.0,1,2000,0,0,0,0,0,0
CF,FD24,31.396411,27.332806,1,MMA,47.0,7.3,227.0,2.0,1,2000,0,0,0,0,0,0

APPTR,D24,24,MMA2
IF,MMA,31.319722,27.222333, ,0.0,0.0,2,4000,0,0,0,0,0,0
FD,MMA,31.319722,27.222333,0,MMA,0.0,9.0,62.0,9.0,1,2000,0,0,0,0,0,0
CF,FD24,31.396411,27.332806,1,MMA,47.0,7.3,227.0,2.0,1,2000,0,0,0,0,0,0

FINAL,D24,24,D,2
IF,FD24,31.396411,27.332806,MMA,47.0,7.3,1,2000,0,0,0,0,2,0
CF,MD24,31.342842,27.255606,0,MMA,47.0,2.2,227.0,5.1,1,385,0,0,0,0,3,0
CA,0,227.0,2,1800,0,0,0,0,0,0
DF,MMA,31.319722,27.222333,1, ,0.0,0.0,1,3000,0,0,0,0,0,0
HM,MMA,31.319722,27.222333,2, ,0.0,0.0,72.0,04.3,0,0,0,0,0,0,0,0,0

APPTR,D33,33,MMA1
IF,MMA,31.319722,27.222333, ,0.0,0.0,2,4000,0,0,0,0,0,0
FD,MMA,31.319722,27.222333,0,MMA,0.0,8.5,167.0,8.5,1,2000,0,0,0,0,0,0
CF,FD33,31.230044,27.290089,1,MMA,143.0,6.4,323.0,2.0,1,2000,0,0,0,0,0,0

APPTR,D33,33,MMA2
IF,MMA,31.319722,27.222333, ,0.0,0.0,2,4000,0,0,0,0,0,0
FD,MMA,31.319722,27.222333,0,MMA,0.0,8.5,157.0,8.5,1,2000,0,0,0,0,0,0
CF,FD33,31.230044,27.290089,1,MMA,143.0,6.4,323.0,2.0,1,2000,0,0,0,0,0,0

FINAL,D33,33,D,2
IF,FD33,31.230044,27.290089,MMA,143.0,6.4,1,2000,0,0,0,0,2,0
CF,MD33,31.301508,27.236106,0,MMA,143.0,1.3,323.0,5.1,1,400,0,0,0,0,3,0
CA,0,323.0,2,1800,0,0,0,0,0,0
DF,MMA,31.319722,27.222333,1, ,0.0,0.0,1,3000,0,0,0,0,0,0
HM,MMA,31.319722,27.222333,2, ,0.0,0.0,167.0,04.3,0,0,0,0,0,0,0,0,0

APPTR,R06,06,MM234
IF,MM234,31.480556,27.120278, ,0.0,0.0,1,7000,0,0,0,0,1,0
TF,MM241,31.282500,26.941111,0, ,0.0,0.0,0.0,0.0,1,3300,0,0,0,0,0,0
TF,MM242,31.224444,27.010833,0, ,0.0,0.0,0.0,0.0,1,2300,0,0,0,0,1,0
TF,MM243,31.281111,27.130000,0, ,0.0,0.0,0.0,0.0,1,1700,0,0,0,0,0,0

APPTR,R06,06,MM241
IF,MM241,31.282500,26.941111, ,0.0,0.0,1,3300,0,0,0,0,1,0
TF,MM242,31.224444,27.010833,0, ,0.0,0.0,0.0,0.0,1,2300,0,0,0,0,1,0
TF,MM243,31.281111,27.130000,0, ,0.0,0.0,0.0,0.0,1,1700,0,0,0,0,0,0

FINAL,R06,06,R,2
IF,MM243,31.281111,27.130000, ,0.0,0.0,1,1700,0,0,0,0,2,0
TF,MM269,31.322222,27.215000,0, ,0.0,0.0,57.0,5.0,1,145,0,0,0,0,3,1
CA,0,57.0,2,1800,0,0,0,0,0,0
VM,0,0,0,57.0,1,1800,0,0,0,0,0,0

APPTR,R15,15,MM235
IF,MM235,31.395556,27.390278, ,0.0,0.0,1,7000,0,0,0,0,1,0
TF,MM249,31.562222,27.176389,0, ,0.0,0.0,0.0,0.0,1,3300,0,0,0,0,0,0
TF,MM251,31.511944,27.098889,0, ,0.0,0.0,0.0,0.0,1,2300,0,0,0,0,1,0
TF,MM252,31.410556,27.166944,0, ,0.0,0.0,0.0,0.0,1,1700,0,0,0,0,0,0

APPTR,R15,15,MM249
IF,MM249,31.562222,27.176389, ,0.0,0.0,1,3300,0,0,0,0,1,0
TF,MM251,31.511944,27.098889,0, ,0.0,0.0,0.0,0.0,1,2300,0,0,0,0,1,0
TF,MM252,31.410556,27.166944,0, ,0.0,0.0,0.0,0.0,1,1700,0,0,0,0,0,0

FINAL,R15,15,R,2
IF,MM252,31.410556,27.166944, ,0.0,0.0,1,1700,0,0,0,0,2,0
TF,MM253,31.337222,27.213889,0, ,0.0,0.0,147.0,5.0,1,132,0,0,0,0,3,1
CA,0,147.0,2,1800,0,0,0,0,0,0
VM,0,0,0,147.0,1,1800,0,0,0,0,0,0

APPTR,R24,24,MM234
IF,MM234,31.480556,27.120278, ,0.0,0.0,1,7000,0,0,0,0,1,0
TF,MM245,31.512222,27.405000,0, ,0.0,0.0,0.0,0.0,1,3300,0,0,0,0,0,0
TF,MM246,31.435833,27.444722,0, ,0.0,0.0,0.0,0.0,1,2300,0,0,0,0,1,0
TF,MM247,31.377778,27.326389,0, ,0.0,0.0,0.0,0.0,1,1700,0,0,0,0,0,0

APPTR,R24,24,MM245
IF,MM245,31.512222,27.405000, ,0.0,0.0,1,3300,0,0,0,0,1,0
TF,MM246,31.435833,27.444722,0, ,0.0,0.0,0.0,0.0,1,2300,0,0,0,0,1,0
TF,MM247,31.377778,27.326389,0, ,0.0,0.0,0.0,0.0,1,1700,0,0,0,0,0,0

FINAL,R24,24,R,2
IF,MM247,31.377778,27.326389, ,0.0,0.0,1,1700,0,0,0,0,2,0
TF,MM248,31.335556,27.242222,0, ,0.0,0.0,236.0,5.0,1,127,0,0,0,0,3,1
CA,0,236.0,2,1800,0,0,0,0,0,0
VM,0,0,0,236.0,1,1800,0,0,0,0,0,0

APPTR,R33,33,MM235
IF,MM235,31.395556,27.390278, ,0.0,0.0,1,7000,0,0,0,0,1,0
TF,MM236,31.148889,27.442222,0, ,0.0,0.0,0.0,0.0,1,3300,0,0,0,0,0,0
TF,MM237,31.140556,27.346944,0, ,0.0,0.0,0.0,0.0,1,2300,0,0,0,0,1,0
TF,MM238,31.241667,27.278611,0, ,0.0,0.0,0.0,0.0,1,1700,0,0,0,0,0,0

APPTR,R33,33,MM236
IF,MM236,31.148889,27.442222, ,0.0,0.0,1,3300,0,0,0,0,1,0
TF,MM237,31.140556,27.346944,0, ,0.0,0.0,0.0,0.0,1,2300,0,0,0,0,1,0
TF,MM238,31.241667,27.278611,0, ,0.0,0.0,0.0,0.0,1,1700,0,0,0,0,0,0

FINAL,R33,33,R,2
IF,MM238,31.241667,27.278611, ,0.0,0.0,1,1700,0,0,0,0,2,0
TF,MM239,31.313889,27.229722,0, ,0.0,0.0,326.0,5.0,1,142,0,0,0,0,3,1
CA,0,326.0,2,1800,0,0,0,0,0,0
VM,0,0,0,326.0,1,1800,0,0,0,0,0,0

