SID,GARU1C,09,2
VA,0,87.0,2,670,0,0,0,0,0,0
CF,D087O,32.666094,13.451308,0,TPI,87.3,16.9,87.0,13.0,2,3000,0,0,0,0,0,0
TF,KHOMS,32.673333,13.986667,0, ,0.0,0.0,0.0,0.0,2,7000,0,0,0,0,0,0
TF,GARUS,32.666667,17.000000,0, ,0.0,0.0,0.0,0.0,0,0,0,0,0,0,0,0

SID,GASR1C,09,2
CF,G,32.663611,13.178333,0,TPI,87.3,3.0,87.0,1.0,2,670,0,0,0,0,0,1
CF,ZAW,32.778639,12.646389,1,TPI,284.3,24.9,280.0,28.0,2,5000,0,0,0,0,0,0
TF,GASRI,33.935833,11.500000,0, ,0.0,0.0,0.0,0.0,0,0,0,0,0,0,0,0

SID,GASR1G,27,2
CF,TW,32.662222,13.051667,0,TPI,267.3,3.4,267.0,5.8,0,0,0,0,0,0,0,0
TF,ZAW,32.778639,12.646389,0, ,0.0,0.0,0.0,0.0,2,5000,0,0,0,0,0,0
TF,GASRI,33.935833,11.500000,0, ,0.0,0.0,0.0,0.0,0,0,0,0,0,0,0,0

SID,GRT1C,09,2
CF,G,32.663611,13.178333,0,TPI,87.3,3.0,87.0,1.0,2,670,0,0,0,0,0,1
CF,ABU,32.462833,13.169508,2,TPI,165.8,12.3,200.0,10.0,2,5000,0,0,0,0,0,0
TF,TAWUS,31.871667,13.293333,0, ,0.0,0.0,0.0,0.0,2,7000,0,0,0,0,0,0
TF,GRT,30.394722,13.585833,0, ,0.0,0.0,0.0,0.0,0,0,0,0,0,0,0,0

SID,GRT1G,27,2
CF,D,32.663056,13.117778,0,TPI,276.3,0.0,267.0,2.5,0,0,0,0,0,0,0,0
VI,1, ,0.0,177.0,0,0,0,0,0,0,0,0
CF,ABU,32.462833,13.169508,0,TPI,165.8,12.3,147.0,10.0,2,5000,0,0,0,0,0,0
TF,TAWUS,31.871667,13.293333,0, ,0.0,0.0,0.0,0.0,2,7000,0,0,0,0,0,0
TF,GRT,30.394722,13.585833,0, ,0.0,0.0,0.0,0.0,0,0,0,0,0,0,0,0

SID,IZD1C,09,2
CF,G,32.663611,13.178333,0,TPI,87.3,3.0,87.0,1.0,2,670,0,0,0,0,0,1
CF,ABU,32.462833,13.169508,2,TPI,165.8,12.3,200.0,10.0,2,4000,0,0,0,0,0,0
TF,GWASM,32.133333,13.116667,0, ,0.0,0.0,0.0,0.0,2,7000,0,0,0,0,0,0
TF,IZD,31.452633,13.010453,0, ,0.0,0.0,0.0,0.0,0,0,0,0,0,0,0,0

SID,IZD1G,27,2
CF,TW,32.662222,13.051667,0,TPI,267.3,3.4,267.0,5.8,0,0,0,0,0,0,0,0
TF,D222O,32.481486,12.949408,0, ,0.0,0.0,0.0,0.0,2,5000,0,0,0,0,0,0
TF,SAKKR,32.210000,12.796667,0, ,0.0,0.0,0.0,0.0,2,7000,0,0,0,0,0,0
TF,IZD,31.452633,13.010453,0, ,0.0,0.0,0.0,0.0,0,0,0,0,0,0,0,0

SID,MIS1C,09,2
VA,0,87.0,2,670,0,0,0,0,0,0
CF,D087O,32.666094,13.451308,0,TPI,87.3,16.9,87.0,13.0,2,3000,0,0,0,0,0,0
TF,KHOMS,32.673333,13.986667,0, ,0.0,0.0,0.0,0.0,2,7000,0,0,0,0,0,0
TF,MIS,32.314333,15.077694,0, ,0.0,0.0,0.0,0.0,0,0,0,0,0,0,0,0

SID,MIS1G,27,2
CF,D,32.663056,13.117778,0,TPI,276.3,0.0,267.0,2.5,0,0,0,0,0,0,0,0
VI,1, ,0.0,177.0,0,0,0,0,0,0,0,0
CF,ABU,32.462833,13.169508,0,TPI,165.8,12.3,147.0,10.0,2,4000,0,0,0,0,0,0
TF,KDR,32.366667,13.616667,0, ,0.0,0.0,0.0,0.0,2,7000,0,0,0,0,0,0
TF,MAGNA,32.358333,14.000000,0, ,0.0,0.0,0.0,0.0,2,7000,0,0,0,0,0,0
TF,MIS,32.314333,15.077694,0, ,0.0,0.0,0.0,0.0,0,0,0,0,0,0,0,0

SID,SARK1C,09,2
CF,G,32.663611,13.178333,0,TPI,87.3,3.0,87.0,1.0,2,670,0,0,0,0,0,1
CF,NAWRS,32.890000,13.530000,0,TPI,54.8,24.9,52.0,22.0,2,5000,0,0,0,0,0,0
TF,SARKI,34.333333,13.246389,0, ,0.0,0.0,0.0,0.0,0,0,0,0,0,0,0,0

SID,SARK1G,27,2
CF,TW,32.662222,13.051667,0,TPI,267.3,3.4,267.0,5.8,0,0,0,0,0,0,0,0
TF,ZAW,32.778639,12.646389,0, ,0.0,0.0,0.0,0.0,2,5000,0,0,0,0,0,0
TF,SARKI,34.333333,13.246389,0, ,0.0,0.0,0.0,0.0,0,0,0,0,0,0,0,0

SID,SINA1C,09,2
CF,G,32.663611,13.178333,0,TPI,87.3,3.0,87.0,1.0,2,670,0,0,0,0,0,1
CF,ABU,32.462833,13.169508,2,TPI,165.8,12.3,200.0,10.0,2,5000,0,0,0,0,0,0
TF,SAKKR,32.210000,12.796667,0, ,0.0,0.0,0.0,0.0,2,7000,0,0,0,0,0,0
TF,SINAW,31.100000,11.100000,0, ,0.0,0.0,0.0,0.0,0,0,0,0,0,0,0,0

SID,SINA1G,27,2
CF,TW,32.662222,13.051667,0,TPI,267.3,3.4,267.0,5.8,0,0,0,0,0,0,0,0
TF,D222O,32.481486,12.949408,0, ,0.0,0.0,0.0,0.0,2,5000,0,0,0,0,0,0
TF,SAKKR,32.210000,12.796667,0, ,0.0,0.0,0.0,0.0,2,7000,0,0,0,0,0,0
TF,SINAW,31.100000,11.100000,0, ,0.0,0.0,0.0,0.0,0,0,0,0,0,0,0,0

SID,TANL1C,09,2
CF,G,32.663611,13.178333,0,TPI,87.3,3.0,87.0,1.0,2,670,0,0,0,0,0,1
CF,ZAW,32.778639,12.646389,1,TPI,284.3,24.9,280.0,28.0,2,5000,0,0,0,0,0,0
TF,TANLI,33.493889,11.500000,0, ,0.0,0.0,0.0,0.0,0,0,0,0,0,0,0,0

SID,TANL1G,27,2
CF,TW,32.662222,13.051667,0,TPI,267.3,3.4,267.0,5.8,0,0,0,0,0,0,0,0
TF,ZAW,32.778639,12.646389,0, ,0.0,0.0,0.0,0.0,2,5000,0,0,0,0,0,0
TF,TANLI,33.493889,11.500000,0, ,0.0,0.0,0.0,0.0,0,0,0,0,0,0,0,0

SID,WLD1C,09,2
VA,0,87.0,2,670,0,0,0,0,0,0
CF,D087K,32.664128,13.372361,0,TPI,87.6,12.9,87.0,10.0,0,0,0,0,0,0,0,1
CF,D065R,32.576700,13.487447,0,ABU,65.0,17.5,149.0,5.0,2,4000,0,0,0,0,0,0
TF,KDR,32.366667,13.616667,0, ,0.0,0.0,0.0,0.0,2,7000,0,0,0,0,0,0
TF,WLD,31.782519,14.009431,0, ,0.0,0.0,0.0,0.0,0,0,0,0,0,0,0,0

SID,WLD1G,27,2
CF,D,32.663056,13.117778,0,TPI,276.3,0.0,267.0,2.5,0,0,0,0,0,0,0,0
VI,1, ,0.0,177.0,0,0,0,0,0,0,0,0
CF,ABU,32.462833,13.169508,0,TPI,165.8,12.3,147.0,10.0,2,4000,0,0,0,0,0,0
TF,RYHAN,32.200000,13.500000,0, ,0.0,0.0,0.0,0.0,2,7000,0,0,0,0,0,0
TF,WLD,31.782519,14.009431,0, ,0.0,0.0,0.0,0.0,0,0,0,0,0,0,0,0

STAR,ABRA1A,09,2
IF,ABRAM,34.333333,12.637778, ,0.0,0.0,0,0,0,0,0,0,0,0
TF,ZAW,32.778639,12.646389,0, ,0.0,0.0,0.0,0.0,2,2000,0,0,0,0,0,0
TF,D267M,32.656947,12.892078,0, ,0.0,0.0,0.0,0.0,0,0,0,0,0,0,0,0
TF,D267J,32.658039,12.957833,0, ,0.0,0.0,0.0,0.0,2,2000,0,0,0,0,0,0
TF,TW,32.662222,13.051667,0, ,0.0,0.0,0.0,0.0,0,0,0,0,0,0,0,0

STAR,ABRA1E,27,2
IF,ABRAM,34.333333,12.637778, ,0.0,0.0,0,0,0,0,0,0,0,0
TF,NAWRS,32.890000,13.530000,0, ,0.0,0.0,0.0,0.0,2,2000,0,0,0,0,0,0
TF,D087D,32.666228,13.332800,0, ,0.0,0.0,0.0,0.0,2,2000,0,0,0,0,0,0
TF,PE,32.665000,13.247500,0, ,0.0,0.0,0.0,0.0,0,0,0,0,0,0,0,0

STAR,GARU1E,27,2
IF,GARUS,32.666667,17.000000, ,0.0,0.0,0,0,0,0,0,0,0,0
TF,KHOMS,32.673333,13.986667,0, ,0.0,0.0,0.0,0.0,2,7000,0,0,0,0,0,0
TF,D087O,32.666094,13.451308,0, ,0.0,0.0,0.0,0.0,2,3000,0,0,0,0,0,0
TF,D087D,32.666228,13.332800,0, ,0.0,0.0,0.0,0.0,2,2000,0,0,0,0,0,0
TF,PE,32.665000,13.247500,0, ,0.0,0.0,0.0,0.0,0,0,0,0,0,0,0,0

STAR,GASR1A,09,2
IF,GASRI,33.935833,11.500000, ,0.0,0.0,0,0,0,0,0,0,0,0
TF,ZAW,32.778639,12.646389,0, ,0.0,0.0,0.0,0.0,2,2000,0,0,0,0,0,0
TF,D267M,32.656947,12.892078,0, ,0.0,0.0,0.0,0.0,0,0,0,0,0,0,0,0
TF,D267J,32.658039,12.957833,0, ,0.0,0.0,0.0,0.0,2,2000,0,0,0,0,0,0
TF,TW,32.662222,13.051667,0, ,0.0,0.0,0.0,0.0,0,0,0,0,0,0,0,0

STAR,GASR1E,27,2
IF,GASRI,33.935833,11.500000, ,0.0,0.0,0,0,0,0,0,0,0,0
TF,ZAW,32.778639,12.646389,0, ,0.0,0.0,0.0,0.0,2,2000,0,0,0,0,0,0
TF,ZAW35,32.723822,13.322150,0, ,0.0,0.0,0.0,0.0,2,2000,0,0,0,0,0,1
CF,D087D,32.666228,13.332800,2,TPI,86.0,9.0,267.0,1.0,2,2000,0,0,0,0,0,0
TF,PE,32.665000,13.247500,0, ,0.0,0.0,0.0,0.0,0,0,0,0,0,0,0,0

STAR,GRT1A,09,2
IF,GRT,30.394722,13.585833, ,0.0,0.0,0,0,0,0,0,0,0,0
TF,TAWUS,31.871667,13.293333,0, ,0.0,0.0,0.0,0.0,2,7000,0,0,0,0,0,0
TF,ABU,32.462833,13.169508,0, ,0.0,0.0,0.0,0.0,2,5000,0,0,0,0,0,0
TF,D300N,32.583769,12.940519,0, ,0.0,0.0,0.0,0.0,0,0,0,0,0,0,0,1
CF,D267J,32.658039,12.957833,2,TPI,266.0,8.1,87.0,1.0,2,2000,0,0,0,0,0,0
TF,TW,32.662222,13.051667,0, ,0.0,0.0,0.0,0.0,0,0,0,0,0,0,0,0

STAR,GRT1E,27,2
IF,GRT,30.394722,13.585833, ,0.0,0.0,0,0,0,0,0,0,0,0
TF,TAWUS,31.871667,13.293333,0, ,0.0,0.0,0.0,0.0,2,7000,0,0,0,0,0,0
TF,ABU,32.462833,13.169508,0, ,0.0,0.0,0.0,0.0,2,5000,0,0,0,0,0,0
TF,D056M,32.580072,13.391472,0, ,0.0,0.0,0.0,0.0,0,0,0,0,0,0,0,1
CF,D087D,32.666228,13.332800,1,TPI,86.9,10.9,267.0,2.0,2,2000,0,0,0,0,0,0
TF,PE,32.665000,13.247500,0, ,0.0,0.0,0.0,0.0,0,0,0,0,0,0,0,0

STAR,IZD1A,09,2
IF,IZD,31.452633,13.010453, ,0.0,0.0,0,0,0,0,0,0,0,0
TF,SAKKR,32.210000,12.796667,0, ,0.0,0.0,0.0,0.0,2,7000,0,0,0,0,0,0
TF,RABTA,32.371667,12.766667,0, ,0.0,0.0,0.0,0.0,2,4000,0,0,0,0,0,1
CI,0, ,0.0,22.0,0,0,0,0,0,0,0,0
CF,D267J,32.658039,12.957833,0,TPI,266.0,8.1,87.0,4.0,2,2000,0,0,0,0,0,0
TF,TW,32.662222,13.051667,0, ,0.0,0.0,0.0,0.0,0,0,0,0,0,0,0,0

STAR,IZD1E,27,2
IF,IZD,31.452633,13.010453, ,0.0,0.0,0,0,0,0,0,0,0,0
TF,GWASM,32.133333,13.116667,0, ,0.0,0.0,0.0,0.0,2,7000,0,0,0,0,0,0
TF,ABU,32.462833,13.169508,0, ,0.0,0.0,0.0,0.0,2,4000,0,0,0,0,0,0
TF,D056M,32.580072,13.391472,0, ,0.0,0.0,0.0,0.0,0,0,0,0,0,0,0,1
CF,D087D,32.666228,13.332800,1,TPI,86.9,10.9,267.0,2.0,2,2000,0,0,0,0,0,0
TF,PE,32.665000,13.247500,0, ,0.0,0.0,0.0,0.0,0,0,0,0,0,0,0,0

STAR,MIS1A,09,2
IF,MIS,32.314333,15.077694, ,0.0,0.0,0,0,0,0,0,0,0,0
TF,MAGNA,32.358333,14.000000,0, ,0.0,0.0,0.0,0.0,2,7000,0,0,0,0,0,0
TF,KDR,32.366667,13.616667,0, ,0.0,0.0,0.0,0.0,0,0,0,0,0,0,0,0
TF,ABU,32.462833,13.169508,0, ,0.0,0.0,0.0,0.0,2,4000,0,0,0,0,0,0
TF,D300N,32.583769,12.940519,0, ,0.0,0.0,0.0,0.0,0,0,0,0,0,0,0,1
CF,D267J,32.658039,12.957833,2,TPI,266.0,8.1,87.0,1.0,2,2000,0,0,0,0,0,0
TF,TW,32.662222,13.051667,0, ,0.0,0.0,0.0,0.0,0,0,0,0,0,0,0,0

STAR,MIS1E,27,2
IF,MIS,32.314333,15.077694, ,0.0,0.0,0,0,0,0,0,0,0,0
TF,KHOMS,32.673333,13.986667,0, ,0.0,0.0,0.0,0.0,2,7000,0,0,0,0,0,0
TF,D087O,32.666094,13.451308,0, ,0.0,0.0,0.0,0.0,2,3000,0,0,0,0,0,0
TF,D087D,32.666228,13.332800,0, ,0.0,0.0,0.0,0.0,2,2000,0,0,0,0,0,0
TF,PE,32.665000,13.247500,0, ,0.0,0.0,0.0,0.0,0,0,0,0,0,0,0,0

STAR,SINA1A,09,2
IF,SINAW,31.100000,11.100000, ,0.0,0.0,0,0,0,0,0,0,0,0
TF,SAKKR,32.210000,12.796667,0, ,0.0,0.0,0.0,0.0,2,7000,0,0,0,0,0,0
TF,RABTA,32.371667,12.766667,0, ,0.0,0.0,0.0,0.0,2,4000,0,0,0,0,0,1
CI,0, ,0.0,22.0,0,0,0,0,0,0,0,0
CF,D267J,32.658039,12.957833,0,TPI,266.0,8.1,87.0,4.0,2,2000,0,0,0,0,0,0
TF,TW,32.662222,13.051667,0, ,0.0,0.0,0.0,0.0,0,0,0,0,0,0,0,0

STAR,SINA1E,27,2
IF,SINAW,31.100000,11.100000, ,0.0,0.0,0,0,0,0,0,0,0,0
TF,SAKKR,32.210000,12.796667,0, ,0.0,0.0,0.0,0.0,2,7000,0,0,0,0,0,0
TF,ABU,32.462833,13.169508,0, ,0.0,0.0,0.0,0.0,2,5000,0,0,0,0,0,0
TF,D056M,32.580072,13.391472,0, ,0.0,0.0,0.0,0.0,0,0,0,0,0,0,0,1
CF,D087D,32.666228,13.332800,1,TPI,86.9,10.9,267.0,2.0,2,2000,0,0,0,0,0,0
TF,PE,32.665000,13.247500,0, ,0.0,0.0,0.0,0.0,0,0,0,0,0,0,0,0

STAR,TANL1A,09,2
IF,TANLI,33.493889,11.500000, ,0.0,0.0,0,0,0,0,0,0,0,0
TF,ZAW,32.778639,12.646389,0, ,0.0,0.0,0.0,0.0,2,2000,0,0,0,0,0,0
TF,D267M,32.656947,12.892078,0, ,0.0,0.0,0.0,0.0,0,0,0,0,0,0,0,0
TF,D267J,32.658039,12.957833,0, ,0.0,0.0,0.0,0.0,2,2000,0,0,0,0,0,0
TF,TW,32.662222,13.051667,0, ,0.0,0.0,0.0,0.0,0,0,0,0,0,0,0,0

STAR,TANL1E,27,2
IF,TANLI,33.493889,11.500000, ,0.0,0.0,0,0,0,0,0,0,0,0
TF,ZAW,32.778639,12.646389,0, ,0.0,0.0,0.0,0.0,2,2000,0,0,0,0,0,0
TF,ZAW35,32.723822,13.322150,0, ,0.0,0.0,0.0,0.0,2,2000,0,0,0,0,0,1
CF,D087D,32.666228,13.332800,2,TPI,86.0,9.0,267.0,1.0,2,2000,0,0,0,0,0,0
TF,PE,32.665000,13.247500,0, ,0.0,0.0,0.0,0.0,0,0,0,0,0,0,0,0

STAR,VARI1A,09,2
IF,VARIG,34.333333,13.730556, ,0.0,0.0,0,0,0,0,0,0,0,0
TF,ZAW,32.778639,12.646389,0, ,0.0,0.0,0.0,0.0,2,2000,0,0,0,0,0,0
TF,D267M,32.656947,12.892078,0, ,0.0,0.0,0.0,0.0,0,0,0,0,0,0,0,0
TF,D267J,32.658039,12.957833,0, ,0.0,0.0,0.0,0.0,2,2000,0,0,0,0,0,0
TF,TW,32.662222,13.051667,0, ,0.0,0.0,0.0,0.0,0,0,0,0,0,0,0,0

STAR,VARI1E,27,2
IF,VARIG,34.333333,13.730556, ,0.0,0.0,0,0,0,0,0,0,0,0
TF,NAWRS,32.890000,13.530000,0, ,0.0,0.0,0.0,0.0,2,2000,0,0,0,0,0,0
TF,D087D,32.666228,13.332800,0, ,0.0,0.0,0.0,0.0,2,2000,0,0,0,0,0,0
TF,PE,32.665000,13.247500,0, ,0.0,0.0,0.0,0.0,0,0,0,0,0,0,0,0

STAR,WLD1A,09,2
IF,WLD,31.782519,14.009431, ,0.0,0.0,0,0,0,0,0,0,0,0
TF,RYHAN,32.200000,13.500000,0, ,0.0,0.0,0.0,0.0,2,7000,0,0,0,0,0,0
TF,ABU,32.462833,13.169508,0, ,0.0,0.0,0.0,0.0,2,4000,0,0,0,0,0,0
TF,D300N,32.583769,12.940519,0, ,0.0,0.0,0.0,0.0,0,0,0,0,0,0,0,1
CF,D267J,32.658039,12.957833,2,TPI,266.0,8.1,87.0,1.0,2,2000,0,0,0,0,0,0
TF,TW,32.662222,13.051667,0, ,0.0,0.0,0.0,0.0,0,0,0,0,0,0,0,0

STAR,WLD1E,27,2
IF,WLD,31.782519,14.009431, ,0.0,0.0,0,0,0,0,0,0,0,0
TF,KDR,32.366667,13.616667,0, ,0.0,0.0,0.0,0.0,0,0,0,0,0,0,0,0
TF,D065R,32.576700,13.487447,0, ,0.0,0.0,0.0,0.0,2,4000,0,0,0,0,0,0
TF,D093N,32.639889,13.437586,0, ,0.0,0.0,0.0,0.0,0,0,0,0,0,0,0,1
CF,D087D,32.666228,13.332800,0,TPI,86.0,9.0,267.0,5.0,2,2000,0,0,0,0,0,0
TF,PE,32.665000,13.247500,0, ,0.0,0.0,0.0,0.0,0,0,0,0,0,0,0,0

APPTR,I27,27,PE
HF,PE,32.665000,13.247500,2, ,0.0,0.0,267.0,04.3,2,2000,0,1,210,0,0,0,0

FINAL,I27,27,I,3
IF,CI27,32.665642,13.307903,IIWT,87.0,9.3,1,2000,0,0,0,0,0,0
CF,OM27,32.665000,13.247500,0,IIWT,86.9,6.2,267.0,3.0,1,1603,0,0,0,0,2,0
CF,RW27,32.663708,13.167317,0,IIWT,87.0,2.1,267.0,4.1,1,313,0,0,0,0,3,0
CA,0,267.0,2,1500,0,0,0,0,0,0
DF,PE,32.665000,13.247500,2, ,0.0,0.0,1,2000,0,1,210,0,0,0
HM,PE,32.665000,13.247500,2, ,0.0,0.0,267.0,04.3,0,0,0,0,0,0,0,0,0

APPTR,N27,27,PE
HF,PE,32.665000,13.247500,2, ,0.0,0.0,267.0,04.3,2,2000,0,1,210,0,0,0,0

FINAL,N27,27,N,2
IF,PE,32.665000,13.247500,PE,0.0,0.0,2,1500,0,0,0,0,2,0
CF,G,32.663611,13.178333,0,PE,0.0,0.0,267.0,3.5,1,492,0,0,0,0,3,0
CA,0,267.0,2,1500,0,0,0,0,0,0
DF,PE,32.665000,13.247500,2, ,0.0,0.0,1,2000,0,1,210,0,0,0
HM,PE,32.665000,13.247500,2, ,0.0,0.0,267.0,04.3,0,0,0,0,0,0,0,0,0

APPTR,Q09,09,TW
HF,TW,32.662222,13.051667,2, ,0.0,0.0,87.0,04.3,2,2000,0,0,0,0,0,0,0

FINAL,Q09,09,N,3
IF,CQ09,32.661103,12.977444,TW,0.0,0.0,2,2000,0,0,0,0,0,0
CF,TW,32.662222,13.051667,0,TW,0.0,0.0,87.0,3.8,2,1350,0,0,0,0,2,0
CF,D,32.663056,13.117778,0,TPI,0.0,0.0,87.0,3.3,1,494,0,0,0,0,3,0
CF,G,32.663611,13.178333,0,TPI,87.3,3.0,87.0,3.1,2,670,0,0,0,0,0,1
DF,TW,32.662222,13.051667,2, ,0.0,0.0,1,2000,0,0,0,0,0,0
HM,TW,32.662222,13.051667,2, ,0.0,0.0,87.0,04.3,0,0,0,0,0,0,0,0,0

