SID,AVIG1A,05,2
CA,0,47.0,2,590,0,0,0,0,0,0
VI,0, ,0.0,84.0,0,0,0,0,0,0,0,0
IF,DV,-6.888006,39.192714, ,0.0,0.0,0,0,0,0,0,0,0,0
TF,AVIGO,-5.570150,40.912642,0, ,0.0,0.0,0.0,0.0,0,0,0,0,0,0,0,0

SID,AVIG1D,23,2
CA,0,227.0,2,590,0,0,0,0,0,0
VI,1, ,0.0,24.0,0,0,0,0,0,0,0,0
IF,DV,-6.888006,39.192714, ,0.0,0.0,0,0,0,0,0,0,0,0
TF,AVIGO,-5.570150,40.912642,0, ,0.0,0.0,0.0,0.0,0,0,0,0,0,0,0,0

SID,BOTE1A,05,2
CA,0,47.0,2,590,0,0,0,0,0,0
VI,2, ,0.0,230.0,0,0,0,0,0,0,0,0
IF,DV,-6.888006,39.192714, ,0.0,0.0,0,0,0,0,0,0,0,0
TF,BOTEN,-8.479722,38.681944,0, ,0.0,0.0,0.0,0.0,0,0,0,0,0,0,0,0

SID,BOTE1D,23,2
CA,0,227.0,2,590,0,0,0,0,0,0
DF,DV,-6.888006,39.192714,0, ,0.0,0.0,0,0,0,0,0,0,0,0
TF,BOTEN,-8.479722,38.681944,0, ,0.0,0.0,0.0,0.0,0,0,0,0,0,0,0,0

SID,ELAV1A,05,2
FA,RW05,-6.882847,39.197931,0,DV,0.0,0.0,47.0,2,3000,0,0,0,0,0,0
VI,0, ,0.0,6.0,0,0,0,0,0,0,0,0
IF,DV,-6.888006,39.192714, ,0.0,0.0,0,0,0,0,0,0,0,0
TF,ELAVA,-5.118969,40.384269,0, ,0.0,0.0,0.0,0.0,0,0,0,0,0,0,0,0

SID,ELAV1D,23,2
CA,0,227.0,2,590,0,0,0,0,0,0
VI,1, ,0.0,6.0,0,0,0,0,0,0,0,0
IF,DV,-6.888006,39.192714, ,0.0,0.0,0,0,0,0,0,0,0,0
TF,ELAVA,-5.118969,40.384269,0, ,0.0,0.0,0.0,0.0,0,0,0,0,0,0,0,0

SID,ETIV1A,05,5
FA,RW05,-6.882847,39.197931,0,DV,0.0,0.0,47.0,2,1200,0,0,0,0,0,0
DF,ETIVU,-6.703139,39.013011,1, ,0.0,0.0,2,2700,0,0,0,0,0,0
TF,ITGOP,-6.171364,38.488611,0, ,0.0,0.0,0.0,0.0,0,0,0,0,0,0,0,0

SID,ETIV1B,23,5
FA,RW23,-6.863717,39.217067,0,DV,0.0,0.0,227.0,2,1400,0,0,0,0,0,0
DF,ETIVU,-6.703139,39.013011,2, ,0.0,0.0,2,2700,0,0,0,0,0,0
TF,ITGOP,-6.171364,38.488611,0, ,0.0,0.0,0.0,0.0,0,0,0,0,0,0,0,0

SID,GERE1A,05,2
FA,RW05,-6.882847,39.197931,0,DV,0.0,0.0,47.0,2,3000,0,0,0,0,0,0
VI,1, ,0.0,309.0,0,0,0,0,0,0,0,0
IF,DV,-6.888006,39.192714, ,0.0,0.0,0,0,0,0,0,0,0,0
TF,GEREN,-5.064797,38.461097,0, ,0.0,0.0,0.0,0.0,0,0,0,0,0,0,0,0

SID,GERE1D,23,2
CA,0,227.0,2,590,0,0,0,0,0,0
VR,2,DV,310.0,9.0,2,3000,0,0,0,0,0,0
VI,0, ,0.0,9.0,0,0,0,0,0,0,0,0
IF,DV,-6.888006,39.192714, ,0.0,0.0,0,0,0,0,0,0,0,0
TF,GEREN,-5.064797,38.461097,0, ,0.0,0.0,0.0,0.0,0,0,0,0,0,0,0,0

SID,IBMO1A,05,5
FA,RW05,-6.882847,39.197931,0,DV,0.0,0.0,47.0,2,1200,0,0,0,0,0,0
DF,IBMOM,-6.725050,39.406464,0, ,0.0,0.0,2,2700,0,0,0,0,0,0
TF,AVIGO,-5.570150,40.912642,0, ,0.0,0.0,0.0,0.0,0,0,0,0,0,0,0,0

SID,IBMO1B,23,5
FA,RW23,-6.863717,39.217067,0,DV,0.0,0.0,227.0,2,1400,0,0,0,0,0,0
DF,IBMOM,-6.725050,39.406464,1, ,0.0,0.0,2,2700,0,0,0,0,0,0
TF,AVIGO,-5.570150,40.912642,0, ,0.0,0.0,0.0,0.0,0,0,0,0,0,0,0,0

SID,IMVA1A,05,5
FA,RW05,-6.882847,39.197931,0,DV,0.0,0.0,47.0,2,1200,0,0,0,0,0,0
DF,IMVAL,-7.071539,39.053744,2, ,0.0,0.0,2,2700,0,0,0,0,0,0

SID,IMVA1A,KASIM,6
IF,IMVAL,-7.071539,39.053744, ,0.0,0.0,2,2700,0,0,0,0,0,0
TF,KASIM,-8.220350,38.179150,0, ,0.0,0.0,0.0,0.0,0,0,0,0,0,0,0,0

SID,IMVA1A,ODGAT,6
IF,IMVAL,-7.071539,39.053744, ,0.0,0.0,2,2700,0,0,0,0,0,0
TF,ODGAT,-7.947042,37.895256,0, ,0.0,0.0,0.0,0.0,0,0,0,0,0,0,0,0

SID,IMVA1B,23,5
FA,RW23,-6.863717,39.217067,0,DV,0.0,0.0,227.0,2,1400,0,0,0,0,0,0
DF,IMVAL,-7.071539,39.053744,0, ,0.0,0.0,2,2700,0,0,0,0,0,0

SID,IMVA1B,BOTEN,6
IF,IMVAL,-7.071539,39.053744, ,0.0,0.0,2,2700,0,0,0,0,0,0
TF,BOTEN,-8.479722,38.681944,0, ,0.0,0.0,0.0,0.0,0,0,0,0,0,0,0,0

SID,IMVA1B,KASIM,6
IF,IMVAL,-7.071539,39.053744, ,0.0,0.0,2,2700,0,0,0,0,0,0
TF,KASIM,-8.220350,38.179150,0, ,0.0,0.0,0.0,0.0,0,0,0,0,0,0,0,0

SID,IMVA1B,ODGAT,6
IF,IMVAL,-7.071539,39.053744, ,0.0,0.0,2,2700,0,0,0,0,0,0
TF,ODGAT,-7.947042,37.895256,0, ,0.0,0.0,0.0,0.0,0,0,0,0,0,0,0,0

SID,ITNI1A,05,5
FA,RW05,-6.882847,39.197931,0,DV,0.0,0.0,47.0,2,1200,0,0,0,0,0,0
DF,ITNIM,-7.072117,39.347786,2, ,0.0,0.0,2,2700,0,0,0,0,0,0

SID,ITNI1A,BOTEN,6
IF,ITNIM,-7.072117,39.347786, ,0.0,0.0,2,2700,0,0,0,0,0,0
TF,BOTEN,-8.479722,38.681944,0, ,0.0,0.0,0.0,0.0,0,0,0,0,0,0,0,0

SID,ITNI1A,DARAS,6
IF,ITNIM,-7.072117,39.347786, ,0.0,0.0,2,2700,0,0,0,0,0,0
TF,DARAS,-7.933147,40.503928,0, ,0.0,0.0,0.0,0.0,0,0,0,0,0,0,0,0

SID,ITNI1A,KISIR,6
IF,ITNIM,-7.072117,39.347786, ,0.0,0.0,2,2700,0,0,0,0,0,0
TF,KISIR,-8.174794,40.266978,0, ,0.0,0.0,0.0,0.0,0,0,0,0,0,0,0,0

SID,ITNI1B,23,5
FA,RW23,-6.863717,39.217067,0,DV,0.0,0.0,227.0,2,1400,0,0,0,0,0,0
DF,ITNIM,-7.072117,39.347786,1, ,0.0,0.0,2,2700,0,0,0,0,0,0

SID,ITNI1B,DARAS,6
IF,ITNIM,-7.072117,39.347786, ,0.0,0.0,2,2700,0,0,0,0,0,0
TF,DARAS,-7.933147,40.503928,0, ,0.0,0.0,0.0,0.0,0,0,0,0,0,0,0,0

SID,ITNI1B,KISIR,6
IF,ITNIM,-7.072117,39.347786, ,0.0,0.0,2,2700,0,0,0,0,0,0
TF,KISIR,-8.174794,40.266978,0, ,0.0,0.0,0.0,0.0,0,0,0,0,0,0,0,0

SID,KASI1A,05,2
CA,0,47.0,2,590,0,0,0,0,0,0
VI,2, ,0.0,249.0,0,0,0,0,0,0,0,0
IF,DV,-6.888006,39.192714, ,0.0,0.0,0,0,0,0,0,0,0,0
TF,KASIM,-8.220350,38.179150,0, ,0.0,0.0,0.0,0.0,0,0,0,0,0,0,0,0

SID,KASI1D,23,2
CA,0,227.0,2,590,0,0,0,0,0,0
DF,DV,-6.888006,39.192714,0, ,0.0,0.0,0,0,0,0,0,0,0,0
TF,KASIM,-8.220350,38.179150,0, ,0.0,0.0,0.0,0.0,0,0,0,0,0,0,0,0

SID,KISI1A,05,2
CA,0,47.0,2,590,0,0,0,0,0,0
VI,2, ,0.0,172.0,0,0,0,0,0,0,0,0
IF,DV,-6.888006,39.192714, ,0.0,0.0,0,0,0,0,0,0,0,0
TF,KISIR,-8.174794,40.266978,0, ,0.0,0.0,0.0,0.0,0,0,0,0,0,0,0,0

SID,KISI1D,23,2
CA,0,227.0,2,590,0,0,0,0,0,0
VI,1, ,0.0,112.0,0,0,0,0,0,0,0,0
IF,DV,-6.888006,39.192714, ,0.0,0.0,0,0,0,0,0,0,0,0
TF,KISIR,-8.174794,40.266978,0, ,0.0,0.0,0.0,0.0,0,0,0,0,0,0,0,0

SID,LUGA1A,05,2
FA,RW05,-6.882847,39.197931,0,DV,0.0,0.0,47.0,2,3000,0,0,0,0,0,0
VI,1, ,0.0,287.0,0,0,0,0,0,0,0,0
IF,DV,-6.888006,39.192714, ,0.0,0.0,0,0,0,0,0,0,0,0
TF,ITGOP,-6.171364,38.488611,0, ,0.0,0.0,0.0,0.0,0,0,0,0,0,0,0,0
TF,LUGAP,-5.693631,38.019975,0, ,0.0,0.0,0.0,0.0,0,0,0,0,0,0,0,0

SID,LUGA1D,23,2
CA,0,227.0,2,590,0,0,0,0,0,0
VR,2,DV,310.0,347.0,2,3000,0,0,0,0,0,0
IF,DV,-6.888006,39.192714, ,0.0,0.0,0,0,0,0,0,0,0,0
TF,ITGOP,-6.171364,38.488611,0, ,0.0,0.0,0.0,0.0,0,0,0,0,0,0,0,0
TF,LUGAP,-5.693631,38.019975,0, ,0.0,0.0,0.0,0.0,0,0,0,0,0,0,0,0

SID,MUMT1A,05,2
FA,RW05,-6.882847,39.197931,0,DV,0.0,0.0,47.0,2,3000,0,0,0,0,0,0
VI,1, ,0.0,301.0,0,0,0,0,0,0,0,0
IF,DV,-6.888006,39.192714, ,0.0,0.0,0,0,0,0,0,0,0,0
TF,MUMTU,-5.199508,38.173039,0, ,0.0,0.0,0.0,0.0,0,0,0,0,0,0,0,0

SID,MUMT1D,23,2
CA,0,227.0,2,590,0,0,0,0,0,0
VR,2,DV,310.0,1.0,2,3000,0,0,0,0,0,0
VI,0, ,0.0,1.0,0,0,0,0,0,0,0,0
IF,DV,-6.888006,39.192714, ,0.0,0.0,0,0,0,0,0,0,0,0
TF,MUMTU,-5.199508,38.173039,0, ,0.0,0.0,0.0,0.0,0,0,0,0,0,0,0,0

SID,ODGA1A,05,2
CA,0,47.0,2,590,0,0,0,0,0,0
VR,2,DV,210.0,263.0,2,5000,0,0,0,0,0,0
IF,DV,-6.888006,39.192714, ,0.0,0.0,0,0,0,0,0,0,0,0
TF,ODGAT,-7.947042,37.895256,0, ,0.0,0.0,0.0,0.0,0,0,0,0,0,0,0,0

SID,ODGA1D,23,2
CA,0,227.0,2,590,0,0,0,0,0,0
DF,DV,-6.888006,39.192714,0, ,0.0,0.0,0,0,0,0,0,0,0,0
TF,ODGAT,-7.947042,37.895256,0, ,0.0,0.0,0.0,0.0,0,0,0,0,0,0,0,0

SID,UVUK1A,05,2
FA,RW05,-6.882847,39.197931,0,DV,0.0,0.0,47.0,2,3000,0,0,0,0,0,0
VI,0, ,0.0,340.0,0,0,0,0,0,0,0,0
IF,DV,-6.888006,39.192714, ,0.0,0.0,0,0,0,0,0,0,0,0
TF,UVUKO,-4.702336,39.521742,0, ,0.0,0.0,0.0,0.0,0,0,0,0,0,0,0,0

SID,UVUK1D,23,2
CA,0,227.0,2,590,0,0,0,0,0,0
VR,2,DV,310.0,40.0,2,3000,0,0,0,0,0,0
VI,0, ,0.0,40.0,0,0,0,0,0,0,0,0
IF,DV,-6.888006,39.192714, ,0.0,0.0,0,0,0,0,0,0,0,0
TF,UVUKO,-4.702336,39.521742,0, ,0.0,0.0,0.0,0.0,0,0,0,0,0,0,0,0

STAR,AVIG1A,05,5
IF,AVIGO,-5.570150,40.912642, ,0.0,0.0,0,0,0,0,0,0,0,0
TF,UDNEL,-6.804403,39.418481,0, ,0.0,0.0,0.0,0.0,0,0,0,0,0,0,0,0
TF,EVAMO,-7.084153,39.138656,0, ,0.0,0.0,0.0,0.0,0,0,0,0,0,0,0,0

STAR,AVIG1B,23,5
IF,AVIGO,-5.570150,40.912642, ,0.0,0.0,0,0,0,0,0,0,0,0
TF,UDNEL,-6.804403,39.418481,0, ,0.0,0.0,0.0,0.0,0,0,0,0,0,0,0,0

STAR,BOTE1A,05,5
IF,BOTEN,-8.479722,38.681944, ,0.0,0.0,0,0,0,0,0,0,0,0
TF,NIGEL,-7.060450,39.020114,0, ,0.0,0.0,0.0,0.0,0,0,0,0,0,0,0,0

STAR,BOTE1B,23,5
IF,BOTEN,-8.479722,38.681944, ,0.0,0.0,0,0,0,0,0,0,0,0
TF,EVAMO,-7.084153,39.138656,0, ,0.0,0.0,0.0,0.0,0,0,0,0,0,0,0,0
TF,UDNEL,-6.804403,39.418481,0, ,0.0,0.0,0.0,0.0,0,0,0,0,0,0,0,0

STAR,DARA1A,05,5
IF,DARAS,-7.933147,40.503928, ,0.0,0.0,0,0,0,0,0,0,0,0
TF,EVAMO,-7.084153,39.138656,0, ,0.0,0.0,0.0,0.0,0,0,0,0,0,0,0,0

STAR,DARA1B,23,5
IF,DARAS,-7.933147,40.503928, ,0.0,0.0,0,0,0,0,0,0,0,0
TF,UDNEL,-6.804403,39.418481,0, ,0.0,0.0,0.0,0.0,0,0,0,0,0,0,0,0

STAR,ELAV1A,05,5
IF,ELAVA,-5.118969,40.384269, ,0.0,0.0,0,0,0,0,0,0,0,0
TF,UDNEL,-6.804403,39.418481,0, ,0.0,0.0,0.0,0.0,0,0,0,0,0,0,0,0
TF,EVAMO,-7.084153,39.138656,0, ,0.0,0.0,0.0,0.0,0,0,0,0,0,0,0,0

STAR,ELAV1B,23,5
IF,ELAVA,-5.118969,40.384269, ,0.0,0.0,0,0,0,0,0,0,0,0
TF,IBNES,-6.662300,39.418417,0, ,0.0,0.0,0.0,0.0,0,0,0,0,0,0,0,0

STAR,GERE1A,05,5
IF,GEREN,-5.064797,38.461097, ,0.0,0.0,0,0,0,0,0,0,0,0
TF,OKBEM,-5.603889,38.614500,0, ,0.0,0.0,0.0,0.0,0,0,0,0,0,0,0,0
TF,ETULO,-6.942039,38.996444,0, ,0.0,0.0,0.0,0.0,0,0,0,0,0,0,0,0

STAR,GERE1B,23,5
IF,GEREN,-5.064797,38.461097, ,0.0,0.0,0,0,0,0,0,0,0,0
TF,OKBEM,-5.603889,38.614500,0, ,0.0,0.0,0.0,0.0,0,0,0,0,0,0,0,0
TF,NEPUN,-6.662339,39.276300,0, ,0.0,0.0,0.0,0.0,0,0,0,0,0,0,0,0

STAR,ITGO1A,05,5
IF,ITGOP,-6.171364,38.488611, ,0.0,0.0,0,0,0,0,0,0,0,0
TF,ETULO,-6.942039,38.996444,0, ,0.0,0.0,0.0,0.0,0,0,0,0,0,0,0,0

STAR,ITGO1B,23,5
IF,ITGOP,-6.171364,38.488611, ,0.0,0.0,0,0,0,0,0,0,0,0
TF,NEPUN,-6.662339,39.276300,0, ,0.0,0.0,0.0,0.0,0,0,0,0,0,0,0,0

STAR,KASI1A,05,5
IF,KASIM,-8.220350,38.179150, ,0.0,0.0,0,0,0,0,0,0,0,0
TF,NIGEL,-7.060450,39.020114,0, ,0.0,0.0,0.0,0.0,0,0,0,0,0,0,0,0

STAR,KASI1B,23,5
IF,KASIM,-8.220350,38.179150, ,0.0,0.0,0,0,0,0,0,0,0,0
TF,EVAMO,-7.084153,39.138656,0, ,0.0,0.0,0.0,0.0,0,0,0,0,0,0,0,0
TF,UDNEL,-6.804403,39.418481,0, ,0.0,0.0,0.0,0.0,0,0,0,0,0,0,0,0

STAR,KISI1A,05,5
IF,KISIR,-8.174794,40.266978, ,0.0,0.0,0,0,0,0,0,0,0,0
TF,EVAMO,-7.084153,39.138656,0, ,0.0,0.0,0.0,0.0,0,0,0,0,0,0,0,0

STAR,KISI1B,23,5
IF,KISIR,-8.174794,40.266978, ,0.0,0.0,0,0,0,0,0,0,0,0
TF,UDNEL,-6.804403,39.418481,0, ,0.0,0.0,0.0,0.0,0,0,0,0,0,0,0,0

STAR,ODGA1A,05,5
IF,ODGAT,-7.947042,37.895256, ,0.0,0.0,0,0,0,0,0,0,0,0
TF,NIGEL,-7.060450,39.020114,0, ,0.0,0.0,0.0,0.0,0,0,0,0,0,0,0,0

STAR,ODGA1B,23,5
IF,ODGAT,-7.947042,37.895256, ,0.0,0.0,0,0,0,0,0,0,0,0
TF,EVAMO,-7.084153,39.138656,0, ,0.0,0.0,0.0,0.0,0,0,0,0,0,0,0,0
TF,UDNEL,-6.804403,39.418481,0, ,0.0,0.0,0.0,0.0,0,0,0,0,0,0,0,0

STAR,UVUK1A,05,5
IF,UVUKO,-4.702336,39.521742, ,0.0,0.0,0,0,0,0,0,0,0,0
TF,UDNEL,-6.804403,39.418481,0, ,0.0,0.0,0.0,0.0,0,0,0,0,0,0,0,0
TF,EVAMO,-7.084153,39.138656,0, ,0.0,0.0,0.0,0.0,0,0,0,0,0,0,0,0

STAR,UVUK1B,23,5
IF,UVUKO,-4.702336,39.521742, ,0.0,0.0,0,0,0,0,0,0,0,0
TF,IBNES,-6.662300,39.418417,0, ,0.0,0.0,0.0,0.0,0,0,0,0,0,0,0,0

FINAL,D05-Y,05,D,2
IF,FD05,-6.959789,39.120867,DV,227.0,6.1,2,2300,0,0,0,0,2,0
CF,DV,-6.888006,39.192714,0,DV,0.0,0.0,47.0,6.1,1,370,0,0,0,0,3,0
FA,DV,-6.888006,39.192714,0,DV,0.0,0.0,47.0,2,1200,0,0,0,0,0,0
DF,DV,-6.888006,39.192714,2, ,0.0,0.0,1,2300,0,0,0,0,0,0

APPTR,D23-Y,23,DV1
FD,DV,-6.888006,39.192714,0,DV,0.0,13.0,62.0,13.0,2,2300,0,0,0,0,0,0
CF,D047M,-6.734036,39.346700,1,DV,47.0,13.0,227.0,1.0,2,2300,0,0,0,0,0,0
CF,FD23,-6.805106,39.275642,0,DV,47.0,7.0,227.0,6.0,2,1800,0,0,0,0,0,0

APPTR,D23-Y,23,DV2
FD,DV,-6.888006,39.192714,0,DV,0.0,13.0,60.0,13.0,2,2300,0,0,0,0,0,0
CF,D047M,-6.734036,39.346700,1,DV,47.0,13.0,227.0,1.0,2,2300,0,0,0,0,0,0
CF,FD23,-6.805106,39.275642,0,DV,47.0,7.0,227.0,6.0,2,1800,0,0,0,0,0,0

FINAL,D23-Y,23,D,5
IF,FD23,-6.805106,39.275642,DV,47.0,7.0,2,1800,0,0,0,0,2,0
CF,60VOR,-6.816950,39.263797,0,DV,47.0,6.0,227.0,1.0,2,1500,0,0,0,0,0,0
CF,50VOR,-6.828792,39.251950,0,DV,47.0,5.0,227.0,1.0,2,1200,0,0,0,0,0,0
CF,40VOR,-6.840636,39.240103,0,DV,47.0,4.0,227.0,1.0,2,900,0,0,0,0,0,0
CF,RW23,-6.863717,39.217067,0,DV,47.1,2.1,227.0,2.0,1,215,0,0,0,0,3,0
CF,DV,-6.888006,39.192714,0,DV,0.0,0.0,227.0,2.1,0,0,0,0,0,0,0,0
FA,DV,-6.888006,39.192714,0,DV,0.0,0.0,227.0,2,1200,0,0,0,0,0,0
DF,DV,-6.888006,39.192714,1, ,0.0,0.0,1,2300,0,0,0,0,0,0

APPTR,D23-Z,23,D340O
IF,D340O,-6.655086,39.098597, ,0.0,0.0,2,2300,0,0,0,0,1,0
AF,CD23,-6.710344,39.370383,2,DV,47.0,15.0,340.0,2,2300,0,0,0,0,1,0

FINAL,D23-Z,23,D,6
IF,CD23,-6.710344,39.370383,DV,47.0,15.0,2,2300,0,0,0,0,0,0
CF,FD23,-6.805106,39.275642,0,DV,47.0,7.0,227.0,8.0,2,1800,0,0,0,0,2,0
CF,60VOR,-6.816950,39.263797,0,DV,47.0,6.0,227.0,1.0,2,1500,0,0,0,0,0,0
CF,50VOR,-6.828792,39.251950,0,DV,47.0,5.0,227.0,1.0,2,1200,0,0,0,0,0,0
CF,40VOR,-6.840636,39.240103,0,DV,47.0,4.0,227.0,1.0,2,900,0,0,0,0,0,0
CF,RW23,-6.863717,39.217067,0,DV,47.1,2.1,227.0,2.0,1,215,0,0,0,0,3,0
CF,DV,-6.888006,39.192714,0,DV,0.0,0.0,227.0,2.1,0,0,0,0,0,0,0,0
FA,DV,-6.888006,39.192714,0,DV,0.0,0.0,227.0,2,1200,0,0,0,0,0,0
DF,DV,-6.888006,39.192714,1, ,0.0,0.0,1,2300,0,0,0,0,0,0

FINAL,I05-Y,05,I,3
IF,CI05,-7.006528,39.074386,DL,226.9,12.2,1,2300,0,0,0,0,0,0
CF,DS,-6.927392,39.153603,0,DL,226.9,5.5,47.0,6.7,1,1405,0,0,0,0,2,0
CF,RW05,-6.882847,39.197931,0,DL,226.9,1.8,47.0,3.8,1,230,0,0,0,0,3,0
FA,RW05,-6.882847,39.197931,0,DV,0.0,0.0,47.0,2,1200,0,0,0,0,0,0
DF,DV,-6.888006,39.192714,2, ,0.0,0.0,1,2300,0,0,0,0,0,0

FINAL,I05-Z,05,I,3
IF,CI05,-7.006528,39.074386,DL,226.9,12.2,1,2300,0,0,0,0,0,0
CF,DS,-6.927392,39.153603,0,DL,226.9,5.5,47.0,6.7,1,1405,0,0,0,0,2,0
CF,RW05,-6.882847,39.197931,0,DL,226.9,1.8,47.0,3.8,1,230,0,0,0,0,3,0
FA,RW05,-6.882847,39.197931,0,DV,0.0,0.0,47.0,2,1200,0,0,0,0,0,0
DF,DS,-6.927392,39.153603,2, ,0.0,0.0,1,2300,0,0,0,0,0,0

APPTR,N05,05,DS1
HF,DS,-6.927392,39.153603,2, ,0.0,0.0,47.0,04.3,2,2300,0,0,0,0,0,0,0

APPTR,N05,05,DS2
HF,DS,-6.927392,39.153603,2, ,0.0,0.0,47.0,04.3,2,2300,0,0,0,0,0,0,0

FINAL,N05,05,N,2
IF,DS,-6.927392,39.153603,DS,0.0,0.0,2,1600,0,0,0,0,2,0
CF,RW05,-6.882847,39.197931,0,DS,0.0,0.0,47.0,3.8,1,230,0,0,0,0,3,0
CA,0,47.0,2,1200,0,0,0,0,0,0
DF,DS,-6.927392,39.153603,2, ,0.0,0.0,1,2300,0,0,0,0,0,0

APPTR,N23-Y,23,DV1
IF,DV,-6.888006,39.192714, ,0.0,0.0,2,2300,0,0,0,0,0,0
TF,DM,-6.822689,39.258186,0, ,0.0,0.0,0.0,0.0,2,2000,0,0,0,0,0,0
FC,DM,-6.822689,39.258186,0,DV,0.0,0.0,92.0,3.6,2,1800,0,0,0,0,0,1
CF,DM,-6.822689,39.258186,1,DV,47.1,5.5,227.0,4.0,2,1200,0,0,0,0,0,0

APPTR,N23-Y,23,DV2
IF,DV,-6.888006,39.192714, ,0.0,0.0,2,2300,0,0,0,0,0,0
TF,DM,-6.822689,39.258186,0, ,0.0,0.0,0.0,0.0,2,2000,0,0,0,0,0,0
FC,DM,-6.822689,39.258186,0,DV,0.0,0.0,83.0,3.3,2,1800,0,0,0,0,0,1
CF,DM,-6.822689,39.258186,1,DV,47.1,5.5,227.0,4.0,2,1200,0,0,0,0,0,0

FINAL,N23-Y,23,N,2
IF,DM,-6.822689,39.258186,DM,0.0,0.0,2,1200,0,0,0,0,2,0
CF,RW23,-6.863717,39.217067,0,DM,0.0,0.0,227.0,3.5,1,215,0,0,0,0,3,0
CF,DV,-6.888006,39.192714,0,DV,0.0,0.0,227.0,2.1,0,0,0,0,0,0,0,0
CA,0,227.0,2,1200,0,0,0,0,0,0
DF,DV,-6.888006,39.192714,1, ,0.0,0.0,1,2300,0,0,0,0,0,0

APPTR,N23-Z,23,DM1
IF,DM,-6.822689,39.258186, ,0.0,0.0,2,2300,0,0,0,0,0,0
FC,DM,-6.822689,39.258186,0,DV,0.0,0.0,92.0,3.6,2,2000,0,0,0,0,0,1
CF,DM,-6.822689,39.258186,1,DV,47.1,5.5,227.0,4.0,2,1200,0,1,200,0,0,0

APPTR,N23-Z,23,DM2
IF,DM,-6.822689,39.258186, ,0.0,0.0,2,2300,0,0,0,0,0,0
FC,DM,-6.822689,39.258186,0,DV,0.0,0.0,83.0,3.3,2,1800,0,0,0,0,0,1
CF,DM,-6.822689,39.258186,1,DV,47.1,5.5,227.0,4.0,2,1200,0,1,200,0,0,0

FINAL,N23-Z,23,N,2
IF,DM,-6.822689,39.258186,DM,0.0,0.0,2,1200,0,0,0,0,2,0
CF,RW23,-6.863717,39.217067,0,DM,0.0,0.0,227.0,3.5,1,215,0,0,0,0,3,0
CA,0,227.0,2,1200,0,0,0,0,0,0
DF,DM,-6.822689,39.258186,1, ,0.0,0.0,1,2300,0,0,0,0,0,0

APPTR,R05,05,ETULO
IF,ETULO,-6.942039,38.996444, ,0.0,0.0,2,3200,0,0,0,0,1,0
TF,GAGMU,-7.013100,39.067539,0, ,0.0,0.0,0.0,0.0,2,2200,0,0,0,0,1,0

APPTR,R05,05,EVAMO
IF,EVAMO,-7.084153,39.138656, ,0.0,0.0,2,3200,0,0,0,0,1,0
TF,GAGMU,-7.013100,39.067539,0, ,0.0,0.0,0.0,0.0,2,2200,0,0,0,0,1,0

APPTR,R05,05,NIGEL
IF,NIGEL,-7.060450,39.020114, ,0.0,0.0,2,3200,0,0,0,0,1,0
TF,GAGMU,-7.013100,39.067539,0, ,0.0,0.0,0.0,0.0,2,2200,0,0,0,0,1,0

FINAL,R05,05,R,3
IF,GAGMU,-7.013100,39.067539, ,0.0,0.0,2,2200,0,0,0,0,0,0
TF,UBVAN,-6.942053,39.138650,0, ,0.0,0.0,47.0,6.0,2,1900,0,0,0,0,2,0
TF,RW05,-6.882847,39.197931,0, ,0.0,0.0,47.0,5.0,1,226,0,0,0,0,3,1
TF,IBNES,-6.662300,39.418417,0, ,0.0,0.0,0.0,0.0,1,2700,0,0,0,0,0,0

APPTR,R23,23,IBNES
IF,IBNES,-6.662300,39.418417, ,0.0,0.0,2,3400,0,0,0,0,1,0
TF,UBTIN,-6.733378,39.347381,0, ,0.0,0.0,0.0,0.0,2,1900,0,0,0,0,1,0

APPTR,R23,23,NEPUN
IF,NEPUN,-6.662339,39.276300, ,0.0,0.0,2,3400,0,0,0,0,1,0
TF,UBTIN,-6.733378,39.347381,0, ,0.0,0.0,0.0,0.0,2,1900,0,0,0,0,1,0

APPTR,R23,23,UDNEL
IF,UDNEL,-6.804403,39.418481, ,0.0,0.0,2,3400,0,0,0,0,1,0
TF,UBTIN,-6.733378,39.347381,0, ,0.0,0.0,0.0,0.0,2,1900,0,0,0,0,1,0

FINAL,R23,23,R,3
IF,UBTIN,-6.733378,39.347381, ,0.0,0.0,2,1900,0,0,0,0,0,0
TF,IBLOD,-6.804444,39.276317,0, ,0.0,0.0,227.0,6.0,2,1900,0,0,0,0,2,0
TF,RW23,-6.863717,39.217067,0, ,0.0,0.0,227.0,5.0,1,215,0,0,0,0,3,1
TF,NIGEL,-7.060450,39.020114,0, ,0.0,0.0,0.0,0.0,1,2700,0,0,0,0,0,0

FINAL,S05-Z,05,D,2
IF,DS,-6.927392,39.153603,DV,226.8,3.3,2,1600,0,0,0,0,2,0
CF,DV,-6.888006,39.192714,0,DV,0.0,0.0,47.0,3.3,1,391,0,0,0,0,3,0
FA,DV,-6.888006,39.192714,0,DV,0.0,0.0,47.0,2,1200,0,0,0,0,0,0
DF,DV,-6.888006,39.192714,2, ,0.0,0.0,1,2300,0,0,0,0,0,0

