STAR,GSH7,FWA,1
IF,FWA,40.979064,-85.188058, ,0.0,0.0,0,0,0,0,0,0,0,0
TF,BAGEL,41.515975,-85.613689,0, ,0.0,0.0,0.0,0.0,0,0,0,0,0,0,0,0
TF,GSH,41.525156,-86.027953,0, ,0.0,0.0,0.0,0.0,0,0,0,0,0,0,0,0

STAR,GSH7,LFD,1
IF,LFD,42.062489,-84.765133, ,0.0,0.0,0,0,0,0,0,0,0,0
TF,BAGEL,41.515975,-85.613689,0, ,0.0,0.0,0.0,0.0,0,0,0,0,0,0,0,0
TF,GSH,41.525156,-86.027953,0, ,0.0,0.0,0.0,0.0,0,0,0,0,0,0,0,0

STAR,GSH7,ALL,2
IF,GSH,41.525156,-86.027953, ,0.0,0.0,0,0,0,0,0,0,0,0
TF,MEGGZ,41.523411,-86.395736,0, ,0.0,0.0,0.0,0.0,0,0,0,0,0,0,0,0
TF,AWSUM,41.522150,-86.573153,0, ,0.0,0.0,0.0,0.0,0,0,0,0,0,0,0,0
TF,IROCK,41.519092,-86.905197,0, ,0.0,0.0,0.0,0.0,0,0,0,0,0,0,0,0
TF,HALIE,41.516069,-87.158875,0, ,0.0,0.0,0.0,0.0,0,0,0,0,0,0,0,0
TF,CGT,41.510006,-87.571547,0, ,0.0,0.0,0.0,0.0,0,0,0,0,0,0,0,0

STAR,LUCIT1,EDENS,4
IF,EDENS,41.116392,-90.048528, ,0.0,0.0,0,0,0,0,0,0,0,0
TF,HERWK,41.188464,-88.498447,0, ,0.0,0.0,0.0,0.0,1,10000,0,1,280,0,0,0
TF,UJEAN,41.207264,-88.087153,0, ,0.0,0.0,0.0,0.0,1,10000,0,1,250,0,0,0
TF,LUCIT,41.232342,-87.423722,0, ,0.0,0.0,0.0,0.0,1,4000,0,0,0,0,0,0

STAR,LUCIT1,MACES,4
IF,MACES,40.003681,-86.722950, ,0.0,0.0,0,0,0,0,0,0,0,0
TF,KKOPA,40.180458,-86.833108,0, ,0.0,0.0,0.0,0.0,1,24000,0,0,0,0,0,0
TF,HLMIT,40.647956,-87.110894,0, ,0.0,0.0,0.0,0.0,4,14000,11000,0,0,0,0,0
TF,POSOC,40.808153,-87.199797,0, ,0.0,0.0,0.0,0.0,1,11000,0,0,0,0,0,0
TF,GRIDZ,40.966439,-87.282236,0, ,0.0,0.0,0.0,0.0,4,10000,6000,0,0,0,0,0
TF,LUCIT,41.232342,-87.423722,0, ,0.0,0.0,0.0,0.0,1,4000,0,0,0,0,0,0

STAR,LUCIT1,SOHOW,4
IF,SOHOW,39.840381,-89.677064, ,0.0,0.0,0,0,0,0,0,0,0,0
TF,HAAYQ,40.286594,-89.214119,0, ,0.0,0.0,0.0,0.0,1,24000,0,0,0,0,0,0
TF,WUNTZ,40.425853,-89.071956,0, ,0.0,0.0,0.0,0.0,0,0,0,0,0,0,0,0
TF,COOKS,40.545231,-88.765158,0, ,0.0,0.0,0.0,0.0,4,19000,17000,0,0,0,0,0
TF,DABOZ,40.663842,-88.502097,0, ,0.0,0.0,0.0,0.0,1,17000,0,0,0,0,0,0
TF,USTIS,40.762225,-88.296547,0, ,0.0,0.0,0.0,0.0,1,15000,0,0,0,0,0,0
TF,WYDIK,41.003589,-87.756769,0, ,0.0,0.0,0.0,0.0,4,11000,7000,0,0,0,0,0
TF,LUCIT,41.232342,-87.423722,0, ,0.0,0.0,0.0,0.0,1,4000,0,0,0,0,0,0

STAR,LUCIT1,ALL,5
IF,LUCIT,41.232342,-87.423722, ,0.0,0.0,1,4000,0,0,0,0,0,0
TF,YOGRT,41.400306,-87.418950,0, ,0.0,0.0,0.0,0.0,0,0,0,0,0,0,0,1
FM,YOGRT,41.400306,-87.418950,0,OBK,0.0,0.0,9.0,0,0,0,0,0,0,0,0

APPTR,R08,08,BOONE
IF,BOONE,41.363758,-87.192147, ,0.0,0.0,0,0,0,0,0,0,0,0
TF,FIPEX,41.486581,-87.649228,0, ,0.0,0.0,0.0,0.0,2,2300,0,0,0,0,0,0
HF,FIPEX,41.486581,-87.649228,2, ,0.0,0.0,83.0,05,2,2300,0,0,0,0,1,0,0

FINAL,R08,08,R,3
IF,FIPEX,41.486581,-87.649228, ,0.0,0.0,2,2300,0,0,0,0,0,0
TF,SOCOS,41.504106,-87.518206,0, ,0.0,0.0,83.0,6.0,2,2300,0,0,0,0,2,0
TF,RW08,41.518675,-87.408322,0, ,0.0,0.0,83.0,5.0,1,675,0,0,0,0,3,1
CA,0,83.0,2,1034,0,0,0,0,0,0
DF,FIPEX,41.486581,-87.649228,2, ,0.0,0.0,2,2300,0,0,0,0,0,1
HM,FIPEX,41.486581,-87.649228,2, ,0.0,0.0,83.0,05,0,0,0,0,0,0,0,0,0

APPTR,R26,26,BOONE
IF,BOONE,41.363758,-87.192147, ,0.0,0.0,0,0,0,0,0,0,1,0
TF,REJMO,41.546892,-87.193119,0, ,0.0,0.0,0.0,0.0,2,2400,0,0,0,0,1,0

APPTR,R26,26,CGT
IF,CGT,41.510006,-87.571547, ,0.0,0.0,0,0,0,0,0,0,0,0
TF,REJMO,41.546892,-87.193119,0, ,0.0,0.0,0.0,0.0,2,2400,0,0,0,0,0,0
HF,REJMO,41.546892,-87.193119,1, ,0.0,0.0,263.0,05,2,2400,0,0,0,0,1,0,0

FINAL,R26,26,R,3
IF,REJMO,41.546892,-87.193119, ,0.0,0.0,2,2400,0,0,0,0,0,0
TF,JASOL,41.529744,-87.324286,0, ,0.0,0.0,263.0,6.0,2,1700,0,0,0,0,2,0
TF,RW26,41.520469,-87.394731,0, ,0.0,0.0,263.0,3.2,1,664,0,0,0,0,3,1
CA,0,263.0,2,1034,0,0,0,0,0,0
DF,REJMO,41.546892,-87.193119,1, ,0.0,0.0,2,2400,0,0,0,0,0,1
HM,REJMO,41.546892,-87.193119,1, ,0.0,0.0,263.0,05,0,0,0,0,0,0,0,0,0

APPTR,S08,08,CGT
PI,CGT,41.510006,-87.571547,2,CGT,219.0,10.0,264,5.0,2,2300,0,0,0,0,1,0
CF,CGT,41.510006,-87.571547,0,CGT,0.0,0.0,84.0,8.0,2,2300,0,0,0,0,0,0

FINAL,S08,08,D,3
IF,CGT,41.510006,-87.571547,CGT,0.0,0.0,2,2300,0,0,0,0,2,0
CF,HIVAX,41.516956,-87.441050,0,CGT,83.9,5.9,84.0,5.9,2,1160,0,0,0,0,0,0
CF,RW08,41.518675,-87.408322,0,CGT,83.9,7.4,84.0,1.5,1,675,0,0,0,0,3,0
CA,0,84.0,2,1034,0,0,0,0,0,0
DF,CGT,41.510006,-87.571547,2, ,0.0,0.0,2,2300,0,0,0,0,0,0
HM,CGT,41.510006,-87.571547,2, ,0.0,0.0,84.0,04.3,0,0,0,0,0,0,0,0,0

