APPTR,R16,16,UDEGE
HF,UDEGE,41.471092,-99.051931,2, ,0.0,0.0,161.0,05,2,4100,0,0,0,0,1,0,0

FINAL,R16,16,R,4
IF,UDEGE,41.471092,-99.051931, ,0.0,0.0,2,4100,0,0,0,0,0,0
TF,JOEYS,41.382197,-99.021933,0, ,0.0,0.0,161.0,5.5,2,3900,0,0,0,0,2,0
TF,ASYLA,41.331892,-99.004997,0, ,0.0,0.0,161.0,3.1,2,2900,0,0,0,0,0,0
TF,RW16,41.291481,-98.991411,0, ,0.0,0.0,161.0,2.5,1,2113,0,0,0,0,3,1
CA,0,161.0,2,2371,0,0,0,0,0,0
DF,JOLDA,41.106283,-98.929358,0, ,0.0,0.0,2,4000,0,0,0,0,0,1
HM,JOLDA,41.106283,-98.929358,2, ,0.0,0.0,341.0,04,0,0,0,0,0,0,0,0,0

APPTR,R34,34,JOLDA
HF,JOLDA,41.106283,-98.929358,2, ,0.0,0.0,341.0,04,2,4000,0,0,0,0,1,0,0

FINAL,R34,34,R,4
IF,JOLDA,41.106283,-98.929358, ,0.0,0.0,2,4000,0,0,0,0,0,0
TF,MENPE,41.195203,-98.959106,0, ,0.0,0.0,341.0,5.5,2,3800,0,0,0,0,2,0
TF,ASIRE,41.245544,-98.975986,0, ,0.0,0.0,341.0,3.1,2,2800,0,0,0,0,0,0
TF,RW34,41.281106,-98.987925,0, ,0.0,0.0,341.0,2.2,1,2108,0,0,0,0,3,1
CA,0,341.0,2,2369,0,0,0,0,0,0
DF,UDEGE,41.471092,-99.051931,0, ,0.0,0.0,2,4100,0,0,0,0,0,1
HM,UDEGE,41.471092,-99.051931,2, ,0.0,0.0,161.0,05,0,0,0,0,0,0,0,0,0

