APPTR,R17-A,17,FISOX
IF,FISOX,39.230000,-100.108222, ,0.0,0.0,0,0,0,0,0,0,1,0
TF,JUPOB,39.230664,-99.893736,0, ,0.0,0.0,0.0,0.0,2,6000,0,0,0,0,1,0

APPTR,R17-A,17,HUTIM
IF,HUTIM,39.230933,-99.679247, ,0.0,0.0,0,0,0,0,0,0,1,0
TF,JUPOB,39.230664,-99.893736,0, ,0.0,0.0,0.0,0.0,2,6000,0,0,0,0,1,0

APPTR,R17-A,17,JUPOB
HF,JUPOB,39.230664,-99.893736,2, ,0.0,0.0,175.0,05,2,6000,0,0,0,0,1,0,0

FINAL,R17-A,17,R,3
IF,JUPOB,39.230664,-99.893736, ,0.0,0.0,2,6000,0,0,0,0,0,0
TF,RANPE,39.097208,-99.893256,0, ,0.0,0.0,175.0,8.0,2,4100,0,0,0,0,2,0
TF,RW17,39.012033,-99.892950,0, ,0.0,0.0,175.0,5.1,1,2474,0,0,0,0,3,1
CA,0,175.0,2,2839,0,0,0,0,0,0
DF,WILOB,38.782936,-99.892133,0, ,0.0,0.0,2,6000,0,0,0,0,0,1
HM,WILOB,38.782936,-99.892133,2, ,0.0,0.0,355.0,05,0,0,0,0,0,0,0,0,0

APPTR,R35-B,35,CORLO
IF,CORLO,38.782278,-100.105272, ,0.0,0.0,0,0,0,0,0,0,1,0
TF,WILOB,38.782936,-99.892133,0, ,0.0,0.0,0.0,0.0,2,6000,0,0,0,0,1,0

APPTR,R35-B,35,WILOB
HF,WILOB,38.782936,-99.892133,2, ,0.0,0.0,355.0,05,2,6000,0,0,0,0,1,0,0

APPTR,R35-B,35,WOKDA
IF,WOKDA,38.783206,-99.678992, ,0.0,0.0,0,0,0,0,0,0,1,0
TF,WILOB,38.782936,-99.892133,0, ,0.0,0.0,0.0,0.0,2,6000,0,0,0,0,1,0

FINAL,R35-B,35,R,3
IF,WILOB,38.782936,-99.892133, ,0.0,0.0,2,6000,0,0,0,0,0,0
TF,JIPLO,38.916397,-99.892608,0, ,0.0,0.0,355.0,8.0,2,4100,0,0,0,0,2,0
TF,RW35,39.001900,-99.892914,0, ,0.0,0.0,355.0,5.1,1,2468,0,0,0,0,3,1
CA,0,355.0,2,2839,0,0,0,0,0,0
DF,JUPOB,39.230664,-99.893736,0, ,0.0,0.0,2,6000,0,0,0,0,0,1
HM,JUPOB,39.230664,-99.893736,2, ,0.0,0.0,175.0,05,0,0,0,0,0,0,0,0,0

