APPTR,D36,36,MON
IF,MON,33.561981,-91.715439, ,0.0,0.0,0,0,0,0,0,0,1,0
TF,WOLIN,33.652089,-91.663169,0, ,0.0,0.0,0.0,0.0,2,2000,0,0,0,0,1,0

FINAL,D36,36,D,3
IF,WOLIN,33.652089,-91.663169,MON,22.0,6.0,2,2000,0,0,0,0,0,0
CF,BADLY,33.802094,-91.575403,0,MON,22.0,16.0,22.0,10.0,2,1800,0,0,0,0,2,0
CF,MAJZU,33.876622,-91.531669,0,MON,22.0,21.0,22.0,5.0,1,202,0,0,0,0,3,0
CA,0,22.0,2,1800,0,0,0,0,0,0
CF,BADLY,33.802094,-91.575403,2,MON,22.0,16.0,202.0,9.0,0,0,0,0,0,0,0,0
HM,BADLY,33.802094,-91.575403,2, ,0.0,0.0,22.0,04.3,0,0,0,0,0,0,0,0,0

APPTR,R36,36,HOLRU
HF,HOLRU,33.683467,-91.544075,2, ,0.0,0.0,1.0,04,2,2000,0,0,0,0,1,0,0

FINAL,R36,36,R,4
IF,HOLRU,33.683467,-91.544075, ,0.0,0.0,2,2000,0,0,0,0,0,0
TF,OYUGI,33.783528,-91.539208,0, ,0.0,0.0,1.0,6.0,2,2000,0,0,0,0,2,0
TF,ZIKUL,33.849297,-91.536006,0, ,0.0,0.0,1.0,3.9,2,740,0,0,0,0,0,0
TF,RW36,33.877658,-91.534622,0, ,0.0,0.0,1.0,1.7,1,203,0,0,0,0,3,1
CA,0,1.0,2,1000,0,0,0,0,0,0
DF,HOLRU,33.683467,-91.544075,2, ,0.0,0.0,2,2000,0,0,0,0,0,1
HM,HOLRU,33.683467,-91.544075,2, ,0.0,0.0,1.0,04,0,0,0,0,0,0,0,0,0

