STAR,AGUDE5,BAE,1
IF,BAE,43.116853,-88.284344, ,0.0,0.0,0,0,0,0,0,0,0,0
TF,BEERI,43.769167,-89.413950,0, ,0.0,0.0,0.0,0.0,0,0,0,0,0,0,0,0
TF,ROBBY,44.075781,-89.960447,0, ,0.0,0.0,0.0,0.0,0,0,0,0,0,0,0,0
TF,EAU,44.897669,-91.478536,0, ,0.0,0.0,0.0,0.0,0,0,0,0,0,0,0,0
TF,AGUDE,45.129356,-92.391942,0, ,0.0,0.0,0.0,0.0,0,0,0,0,0,0,0,0

STAR,AGUDE5,THATS,1
IF,THATS,45.106394,-91.472689, ,0.0,0.0,0,0,0,0,0,0,0,0
TF,AGUDE,45.129356,-92.391942,0, ,0.0,0.0,0.0,0.0,0,0,0,0,0,0,0,0

STAR,AGUDE5,ALL,2
IF,AGUDE,45.129356,-92.391942, ,0.0,0.0,0,0,0,0,0,0,0,0
TF,STILS,45.134394,-92.644783,0, ,0.0,0.0,0.0,0.0,0,0,0,0,0,0,0,0
TF,WHISK,45.139881,-92.962144,0, ,0.0,0.0,0.0,0.0,0,0,0,0,0,0,0,0
TF,GEP,45.145686,-93.373181,0, ,0.0,0.0,0.0,0.0,0,0,0,0,0,0,0,1
FM,GEP,45.145686,-93.373181,0,GEP,0.0,0.0,265.0,0,0,0,0,0,0,0,0

APPTR,N04,04,FGT
IF,FGT,44.630944,-93.182053, ,0.0,0.0,0,0,0,0,0,0,1,0
TF,INMUG,44.737108,-93.077286,0, ,0.0,0.0,0.0,0.0,2,2800,0,0,0,0,1,0

APPTR,N04,04,GEP
IF,GEP,45.145686,-93.373181, ,0.0,0.0,0,0,0,0,0,0,0,0
TF,PPI,44.873353,-92.942006,0, ,0.0,0.0,0.0,0.0,2,3500,0,0,0,0,0,0
PI,PPI,44.873353,-92.942006,2,GEP,158.0,10.0,203,5.0,2,2800,0,0,0,0,1,0

FINAL,N04,04,N,4
IF,INMUG,44.737108,-93.077286,PPI,0.0,0.0,2,2800,0,0,0,0,0,0
CF,PPI,44.873353,-92.942006,0,PPI,0.0,0.0,32.0,10.0,2,2800,0,0,0,0,2,0
CF,HUDSN,44.955539,-92.885075,0,PPI,0.0,0.0,23.0,5.5,2,1800,0,0,0,0,0,0
CF,RW04,44.995747,-92.857075,0,PPI,0.0,0.0,23.0,2.7,1,964,0,0,0,0,3,0
CA,0,23.0,2,2200,0,0,0,0,0,0
DF,PPI,44.873353,-92.942006,2, ,0.0,0.0,2,2800,0,0,0,0,0,0
HM,PPI,44.873353,-92.942006,2, ,0.0,0.0,23.0,04.3,0,0,0,0,0,0,0,0,0

APPTR,R32,32,FGT
IF,FGT,44.630944,-93.182053, ,0.0,0.0,0,0,0,0,0,0,0,0
TF,ZADAP,44.782272,-92.762250,0, ,0.0,0.0,0.0,0.0,2,3000,0,0,0,0,1,0
TF,TIMTE,44.846319,-92.663692,0, ,0.0,0.0,0.0,0.0,2,3000,0,0,0,0,1,0

APPTR,R32,32,STILS
IF,STILS,45.134394,-92.644783, ,0.0,0.0,0,0,0,0,0,0,0,0
TF,MOVDE,44.946039,-92.509539,0, ,0.0,0.0,0.0,0.0,2,3000,0,0,0,0,1,0
TF,TIMTE,44.846319,-92.663692,0, ,0.0,0.0,0.0,0.0,2,3000,0,0,0,0,1,0

FINAL,R32,32,R,3
IF,TIMTE,44.846319,-92.663692, ,0.0,0.0,2,3000,0,0,0,0,0,0
TF,ROTIE,44.930739,-92.772106,0, ,0.0,0.0,317.0,6.9,2,2600,0,0,0,0,2,0
TF,RW32,44.993819,-92.853414,0, ,0.0,0.0,317.0,5.1,1,966,0,0,0,0,3,1
CA,0,317.0,2,1333,0,0,0,0,0,0
DF,JUGIN,45.030678,-92.901028,0, ,0.0,0.0,0,0,0,0,0,0,0,0
TF,WHISK,45.139881,-92.962144,0, ,0.0,0.0,0.0,0.0,2,3400,0,0,0,0,0,1
HM,WHISK,45.139881,-92.962144,2, ,0.0,0.0,194.0,04,0,0,0,0,0,0,0,0,0

