APPTR,D14-A,14,SZW
HF,SZW,30.556228,-84.373944,2, ,0.0,0.0,283.0,04.3,2,2100,0,0,0,0,1,0,0

FINAL,D14-A,14,D,3
IF,SZW,30.556228,-84.373944,SZW,0.0,0.0,2,2100,0,0,0,0,0,0
CF,ALFEM,30.582547,-84.489728,0,SZW,282.8,6.2,283.0,6.2,2,2000,0,0,0,0,2,0
CF,MAHYI,30.596997,-84.553511,0,SZW,282.8,9.6,283.0,3.4,1,840,0,0,0,0,3,0
CA,0,283.0,2,840,0,0,0,0,0,0
DF,SZW,30.556228,-84.373944,1, ,0.0,0.0,2,2100,0,0,0,0,0,0
HM,SZW,30.556228,-84.373944,2, ,0.0,0.0,283.0,04.3,0,0,0,0,0,0,0,0,0

APPTR,D32-A,32,SZW
HF,SZW,30.556228,-84.373944,2, ,0.0,0.0,283.0,04.3,2,2100,0,0,0,0,1,0,0

FINAL,D32-A,32,D,3
IF,SZW,30.556228,-84.373944,SZW,0.0,0.0,2,2100,0,0,0,0,0,0
CF,ALFEM,30.582547,-84.489728,0,SZW,282.8,6.2,283.0,6.2,2,2000,0,0,0,0,2,0
CF,MAHYI,30.596997,-84.553511,0,SZW,282.8,9.6,283.0,3.4,1,840,0,0,0,0,3,0
CA,0,283.0,2,840,0,0,0,0,0,0
DF,SZW,30.556228,-84.373944,1, ,0.0,0.0,2,2100,0,0,0,0,0,0
HM,SZW,30.556228,-84.373944,2, ,0.0,0.0,283.0,04.3,0,0,0,0,0,0,0,0,0

