APPTR,R12-A,12,MSO
IF,MSO,46.907967,-114.083653, ,0.0,0.0,0,0,0,0,0,0,1,0
TF,CEBED,46.781794,-114.068786,0, ,0.0,0.0,0.0,0.0,2,10000,0,0,0,0,1,0

APPTR,R12-A,12,RIVAL
IF,RIVAL,46.811886,-114.624386, ,0.0,0.0,0,0,0,0,0,0,0,0
TF,FEGUR,46.781731,-114.190044,0, ,0.0,0.0,0.0,0.0,2,10000,0,0,0,0,1,0
TF,CEBED,46.781794,-114.068786,0, ,0.0,0.0,0.0,0.0,2,10000,0,0,0,0,1,0

APPTR,R12-A,12,TAGOE
IF,TAGOE,46.779147,-113.882917, ,0.0,0.0,0,0,0,0,0,0,1,0
TF,CEBED,46.781794,-114.068786,0, ,0.0,0.0,0.0,0.0,2,10000,0,0,0,0,1,0

FINAL,R12-A,12,R,3
IF,CEBED,46.781794,-114.068786, ,0.0,0.0,2,10000,0,0,0,0,0,0
TF,HAMID,46.616928,-114.061944,0, ,0.0,0.0,162.0,9.9,2,7100,0,0,0,0,2,0
TF,RW12,46.528667,-114.058306,0, ,0.0,0.0,162.0,5.3,1,6400,0,0,0,0,3,1
CA,0,162.0,2,6400,0,0,0,0,0,0
DF,TAGOE,46.779147,-113.882917,1, ,0.0,0.0,2,13000,0,0,0,0,0,1
HM,TAGOE,46.779147,-113.882917,2, ,0.0,0.0,296.0,08,0,0,0,0,0,0,0,0,0

