APPTR,R11,11,SOVRE
HF,SOVRE,31.110433,-86.084619,2, ,0.0,0.0,111.0,04,2,2000,0,0,0,0,1,0,0

FINAL,R11,11,R,4
IF,SOVRE,31.110433,-86.084619, ,0.0,0.0,2,2000,0,0,0,0,0,0
TF,RURAE,31.076472,-85.957725,0, ,0.0,0.0,111.0,6.9,2,1800,0,0,0,0,2,0
TF,QASQO,31.064719,-85.913933,0, ,0.0,0.0,111.0,2.4,2,920,0,0,0,0,0,0
TF,RW11,31.054264,-85.875036,0, ,0.0,0.0,111.0,2.1,1,141,0,0,0,0,3,1
CA,0,111.0,2,500,0,0,0,0,0,0
DF,VUTUC,30.994478,-85.653519,0, ,0.0,0.0,2,2000,0,0,0,0,0,1
HM,VUTUC,30.994478,-85.653519,2, ,0.0,0.0,291.0,04,0,0,0,0,0,0,0,0,0

APPTR,R29,29,VUTUC
HF,VUTUC,30.994478,-85.653519,2, ,0.0,0.0,291.0,04,2,2000,0,0,0,0,1,0,0

FINAL,R29,29,R,4
IF,VUTUC,30.994478,-85.653519, ,0.0,0.0,2,2000,0,0,0,0,0,0
TF,USPEC,31.028742,-85.780272,0, ,0.0,0.0,291.0,6.9,2,1800,0,0,0,0,2,0
TF,TIYUN,31.040019,-85.822111,0, ,0.0,0.0,291.0,2.3,2,960,0,0,0,0,0,0
TF,RW29,31.050986,-85.862850,0, ,0.0,0.0,291.0,2.2,1,143,0,0,0,0,3,1
CA,0,291.0,2,500,0,0,0,0,0,0
DF,SOVRE,31.110433,-86.084619,0, ,0.0,0.0,2,2000,0,0,0,0,0,1
HM,SOVRE,31.110433,-86.084619,2, ,0.0,0.0,111.0,04,0,0,0,0,0,0,0,0,0

