SID,WALRU1,04,4
DF,HORAB,40.779003,-106.232531,0, ,0.0,0.0,0,0,0,0,0,0,0,0
TF,WALRU,41.002667,-106.380092,0, ,0.0,0.0,0.0,0.0,0,0,0,0,0,0,0,0

SID,WALRU1,22,4
DF,CEPTI,40.721222,-106.310700,0, ,0.0,0.0,0,0,0,0,0,0,0,0
TF,FOLTO,40.840703,-106.463767,0, ,0.0,0.0,0.0,0.0,0,0,0,0,0,0,0,0
TF,WALRU,41.002667,-106.380092,0, ,0.0,0.0,0.0,0.0,0,0,0,0,0,0,0,0

FINAL,R04-A,04,R,3
IF,WALRU,41.002667,-106.380092, ,0.0,0.0,2,14200,0,0,0,0,1,0
TF,CEGOR,40.907589,-106.338964,0, ,0.0,0.0,152.0,6.0,2,12300,0,0,0,0,2,0
TF,MIPAE,40.755478,-106.273436,0, ,0.0,0.0,152.0,9.6,1,8880,0,0,0,0,3,1
CA,0,152.0,2,8880,0,0,0,0,0,0
DF,WALRU,41.002667,-106.380092,1, ,0.0,0.0,2,14200,0,0,0,0,0,1
HM,WALRU,41.002667,-106.380092,1, ,0.0,0.0,152.0,10,0,0,0,0,0,0,0,0,0

FINAL,R17-A,17,R,3
IF,WALRU,41.002667,-106.380092, ,0.0,0.0,2,14200,0,0,0,0,1,0
TF,CEGOR,40.907589,-106.338964,0, ,0.0,0.0,152.0,6.0,2,12300,0,0,0,0,2,0
TF,MIPAE,40.755478,-106.273436,0, ,0.0,0.0,152.0,9.6,1,8880,0,0,0,0,3,1
CA,0,152.0,2,8880,0,0,0,0,0,0
DF,WALRU,41.002667,-106.380092,1, ,0.0,0.0,2,14200,0,0,0,0,0,1
HM,WALRU,41.002667,-106.380092,1, ,0.0,0.0,152.0,10,0,0,0,0,0,0,0,0,0

FINAL,R22-A,22,R,3
IF,WALRU,41.002667,-106.380092, ,0.0,0.0,2,14200,0,0,0,0,1,0
TF,CEGOR,40.907589,-106.338964,0, ,0.0,0.0,152.0,6.0,2,12300,0,0,0,0,2,0
TF,MIPAE,40.755478,-106.273436,0, ,0.0,0.0,152.0,9.6,1,8880,0,0,0,0,3,1
CA,0,152.0,2,8880,0,0,0,0,0,0
DF,WALRU,41.002667,-106.380092,1, ,0.0,0.0,2,14200,0,0,0,0,0,1
HM,WALRU,41.002667,-106.380092,1, ,0.0,0.0,152.0,10,0,0,0,0,0,0,0,0,0

FINAL,R35-A,35,R,3
IF,WALRU,41.002667,-106.380092, ,0.0,0.0,2,14200,0,0,0,0,1,0
TF,CEGOR,40.907589,-106.338964,0, ,0.0,0.0,152.0,6.0,2,12300,0,0,0,0,2,0
TF,MIPAE,40.755478,-106.273436,0, ,0.0,0.0,152.0,9.6,1,8880,0,0,0,0,3,1
CA,0,152.0,2,8880,0,0,0,0,0,0
DF,WALRU,41.002667,-106.380092,1, ,0.0,0.0,2,14200,0,0,0,0,0,1
HM,WALRU,41.002667,-106.380092,1, ,0.0,0.0,152.0,10,0,0,0,0,0,0,0,0,0

