APPTR,D03-A,03,MON
IF,MON,33.561981,-91.715439, ,0.0,0.0,2,2500,0,0,0,0,1,0
TF,WEXEN,33.561569,-91.855294,0, ,0.0,0.0,0.0,0.0,2,2500,0,0,0,0,1,0

FINAL,D03-A,03,D,3
IF,WEXEN,33.561569,-91.855294,MON,265.8,7.0,2,2500,0,0,0,0,0,0
CF,WOXOT,33.561025,-91.974961,0,MON,265.8,13.0,266.0,6.0,2,2000,0,0,0,0,2,0
CF,ZARUX,33.560444,-92.081856,0,MON,265.8,18.4,266.0,5.4,1,1000,0,0,0,0,3,0
CA,0,266.0,2,1000,0,0,0,0,0,0
DF,MON,33.561981,-91.715439,1, ,0.0,0.0,2,2500,0,0,0,0,0,0
HM,MON,33.561981,-91.715439,2, ,0.0,0.0,266.0,04.3,0,0,0,0,0,0,0,0,0

APPTR,D21-A,21,MON
IF,MON,33.561981,-91.715439, ,0.0,0.0,2,2500,0,0,0,0,1,0
TF,WEXEN,33.561569,-91.855294,0, ,0.0,0.0,0.0,0.0,2,2500,0,0,0,0,1,0

FINAL,D21-A,21,D,3
IF,WEXEN,33.561569,-91.855294,MON,265.8,7.0,2,2500,0,0,0,0,0,0
CF,WOXOT,33.561025,-91.974961,0,MON,265.8,13.0,266.0,6.0,2,2000,0,0,0,0,2,0
CF,ZARUX,33.560444,-92.081856,0,MON,265.8,18.4,266.0,5.4,1,1000,0,0,0,0,3,0
CA,0,266.0,2,1000,0,0,0,0,0,0
DF,MON,33.561981,-91.715439,1, ,0.0,0.0,2,2500,0,0,0,0,0,0
HM,MON,33.561981,-91.715439,2, ,0.0,0.0,266.0,04.3,0,0,0,0,0,0,0,0,0

APPTR,R03,03,HAMPT
IF,HAMPT,33.550947,-92.503017, ,0.0,0.0,0,0,0,0,0,0,0,0
TF,WUBOB,33.447786,-92.296414,0, ,0.0,0.0,0.0,0.0,2,3000,0,0,0,0,1,0
TF,ULERE,33.401114,-92.213858,0, ,0.0,0.0,0.0,0.0,2,2500,0,0,0,0,1,0

APPTR,R03,03,JUSGA
IF,JUSGA,33.682972,-92.394506, ,0.0,0.0,0,0,0,0,0,0,0,0
TF,WUBOB,33.447786,-92.296414,0, ,0.0,0.0,0.0,0.0,2,3000,0,0,0,0,1,0
TF,ULERE,33.401114,-92.213858,0, ,0.0,0.0,0.0,0.0,2,2500,0,0,0,0,1,0

APPTR,R03,03,MON
IF,MON,33.561981,-91.715439, ,0.0,0.0,0,0,0,0,0,0,0,0
TF,WAXOK,33.354386,-92.131389,0, ,0.0,0.0,0.0,0.0,2,3000,0,0,0,0,1,0
TF,ULERE,33.401114,-92.213858,0, ,0.0,0.0,0.0,0.0,2,2500,0,0,0,0,1,0

FINAL,R03,03,R,4
IF,ULERE,33.401114,-92.213858, ,0.0,0.0,2,2500,0,0,0,0,0,0
TF,OHNIF,33.487969,-92.143897,0, ,0.0,0.0,30.0,6.3,2,1800,0,0,0,0,2,0
TF,YABUS,33.525647,-92.113494,0, ,0.0,0.0,30.0,2.7,2,920,0,0,0,0,0,0
TF,RW03,33.556075,-92.088917,0, ,0.0,0.0,30.0,2.2,1,242,0,0,0,0,3,1
DF,WESOS,33.652858,-92.010603,0, ,0.0,0.0,0,0,0,0,0,0,0,0
TF,JUSGA,33.682972,-92.394506,1, ,0.0,0.0,0.0,0.0,2,3000,0,0,0,0,0,1
HM,JUSGA,33.682972,-92.394506,2, ,0.0,0.0,207.0,04,0,0,0,0,0,0,0,0,0

APPTR,R21,21,JUSGA
IF,JUSGA,33.682972,-92.394506, ,0.0,0.0,0,0,0,0,0,0,0,0
TF,ZAKID,33.766456,-92.039200,0, ,0.0,0.0,0.0,0.0,2,3000,0,0,0,0,1,0
TF,YUBUT,33.719617,-91.956475,0, ,0.0,0.0,0.0,0.0,2,2500,0,0,0,0,1,0

APPTR,R21,21,MON
IF,MON,33.561981,-91.715439, ,0.0,0.0,0,0,0,0,0,0,0,0
TF,ZATKO,33.672722,-91.873842,0, ,0.0,0.0,0.0,0.0,2,3000,0,0,0,0,1,0
TF,YUBUT,33.719617,-91.956475,0, ,0.0,0.0,0.0,0.0,2,2500,0,0,0,0,1,0

FINAL,R21,21,R,3
IF,YUBUT,33.719617,-91.956475, ,0.0,0.0,2,2500,0,0,0,0,0,0
TF,BIMTY,33.629936,-92.029178,0, ,0.0,0.0,210.0,6.5,2,1800,0,0,0,0,2,0
TF,RW21,33.564789,-92.081875,0, ,0.0,0.0,210.0,4.7,1,280,0,0,0,0,3,1
DF,ZANOP,33.495628,-92.137714,0, ,0.0,0.0,0,0,0,0,0,0,0,0
TF,JUSGA,33.682972,-92.394506,2, ,0.0,0.0,0.0,0.0,2,3000,0,0,0,0,0,1
HM,JUSGA,33.682972,-92.394506,2, ,0.0,0.0,207.0,04,0,0,0,0,0,0,0,0,0

