SID,WUXOT1,21,5
VA,0,214.0,2,6020,0,0,0,0,0,0
DF,WUXOT,39.166047,-111.723431,0, ,0.0,0.0,0,0,0,0,0,0,0,0
TF,DTA,39.302211,-112.505556,0, ,0.0,0.0,0.0,0.0,1,10300,0,0,0,0,0,0

SID,YMONT1,03,5
VA,0,34.0,2,6020,0,0,0,0,0,0
DF,SANPT,39.631231,-111.543297,0, ,0.0,0.0,0,0,0,0,0,0,0,0
TF,YMONT,40.029942,-111.502511,0, ,0.0,0.0,0.0,0.0,1,13000,0,0,0,0,0,0

APPTR,R03,03,DTA
IF,DTA,39.302211,-112.505556, ,0.0,0.0,0,0,0,0,0,0,1,0
TF,WKARA,39.093311,-111.922297,0, ,0.0,0.0,0.0,0.0,2,11800,0,0,0,0,1,0

APPTR,R03,03,PUC
IF,PUC,39.603192,-110.753528, ,0.0,0.0,0,0,0,0,0,0,0,0
TF,WKARA,39.093311,-111.922297,0, ,0.0,0.0,0.0,0.0,2,13200,0,0,0,0,0,1
HF,WKARA,39.093311,-111.922297,2, ,0.0,0.0,34.0,07,2,11800,0,0,0,0,1,0,0

FINAL,R03,03,R,6
IF,WKARA,39.093311,-111.922297, ,0.0,0.0,2,11800,0,0,0,0,0,0
TF,RPEEN,39.164108,-111.830550,0, ,0.0,0.0,34.0,6.0,2,9900,0,0,0,0,0,0
TF,OOLIT,39.246203,-111.723811,0, ,0.0,0.0,34.0,7.0,2,7700,0,0,0,0,2,0
TF,TMPLE,39.268036,-111.695358,0, ,0.0,0.0,34.0,1.9,2,7100,0,0,0,0,0,0
TF,BRIGM,39.291467,-111.664797,0, ,0.0,0.0,34.0,2.0,2,6460,0,0,0,0,0,0
TF,RW03,39.326594,-111.618917,0, ,0.0,0.0,34.0,3.0,1,5514,0,0,0,0,3,1
CA,0,34.0,2,5950,0,0,0,0,0,0
DF,SANPT,39.631231,-111.543297,0, ,0.0,0.0,0,0,0,0,0,0,0,0
TF,YMONT,40.029942,-111.502511,0, ,0.0,0.0,0.0,0.0,2,13000,0,0,0,0,0,1
HM,YMONT,40.029942,-111.502511,2, ,0.0,0.0,296.0,08,0,0,0,0,0,0,0,0,0

