APPTR,R10,10,MAFLY
HF,MAFLY,34.041478,-85.370819,2, ,0.0,0.0,101.0,05,2,4400,0,0,0,0,1,0,0

APPTR,R10,10,VUNUY
IF,VUNUY,34.171989,-85.437836, ,0.0,0.0,2,4600,0,0,0,0,1,0
TF,MAFLY,34.041478,-85.370819,0, ,0.0,0.0,0.0,0.0,2,4400,0,0,0,0,1,0

APPTR,R10,10,ZASKI
IF,ZASKI,33.927931,-85.473019, ,0.0,0.0,2,5000,0,0,0,0,1,0
TF,MAFLY,34.041478,-85.370819,0, ,0.0,0.0,0.0,0.0,2,4400,0,0,0,0,1,0

FINAL,R10,10,R,4
IF,MAFLY,34.041478,-85.370819, ,0.0,0.0,2,4400,0,0,0,0,0,0
TF,ANTIY,34.029408,-85.251406,0, ,0.0,0.0,101.0,6.0,2,2600,0,0,0,0,2,0
TF,JEKAG,34.023447,-85.192850,0, ,0.0,0.0,101.0,2.9,2,1660,0,0,0,0,0,0
TF,RW10,34.019378,-85.153044,0, ,0.0,0.0,101.0,2.0,1,1026,0,0,0,0,3,1
CA,0,101.0,2,1500,0,0,0,0,0,0
DF,MAFLY,34.041478,-85.370819,2, ,0.0,0.0,2,4400,0,0,0,0,0,1
HM,MAFLY,34.041478,-85.370819,2, ,0.0,0.0,101.0,05,0,0,0,0,0,0,0,0,0

APPTR,R28,28,CACAP
IF,CACAP,34.109042,-84.823436, ,0.0,0.0,2,5200,0,0,0,0,1,0
TF,GUSSY,33.995953,-84.926447,0, ,0.0,0.0,0.0,0.0,2,3600,0,0,0,0,1,0

APPTR,R28,28,GUSSY
HF,GUSSY,33.995953,-84.926447,2, ,0.0,0.0,281.0,04,2,3600,0,0,0,0,1,0,0

APPTR,R28,28,ZOGIM
IF,ZOGIM,33.865161,-84.860356, ,0.0,0.0,2,4100,0,0,0,0,1,0
TF,GUSSY,33.995953,-84.926447,0, ,0.0,0.0,0.0,0.0,2,3600,0,0,0,0,1,0

FINAL,R28,28,R,4
IF,GUSSY,33.995953,-84.926447, ,0.0,0.0,2,3600,0,0,0,0,0,0
TF,ANTOW,34.008350,-85.045858,0, ,0.0,0.0,281.0,6.0,2,2500,0,0,0,0,2,0
TF,ZIRIX,34.013331,-85.094156,0, ,0.0,0.0,281.0,2.4,2,1720,0,0,0,0,0,0
TF,RW28,34.018033,-85.139925,0, ,0.0,0.0,281.0,2.3,1,995,0,0,0,0,3,1
CA,0,281.0,2,1500,0,0,0,0,0,0
DF,GUSSY,33.995953,-84.926447,1, ,0.0,0.0,2,3600,0,0,0,0,0,1
HM,GUSSY,33.995953,-84.926447,2, ,0.0,0.0,281.0,04,0,0,0,0,0,0,0,0,0

APPTR,V10-A,10,FELTO
IF,FELTO,33.963544,-85.349147, ,0.0,0.0,0,0,0,0,0,0,0,0
TF,RMG,34.162561,-85.119397,0, ,0.0,0.0,0.0,0.0,2,3500,0,0,0,0,0,0
HF,RMG,34.162561,-85.119397,1, ,0.0,0.0,188.0,04.3,2,3000,0,0,0,0,1,0,0

APPTR,V10-A,10,JIXGU
IF,JIXGU,34.279369,-85.124347, ,0.0,0.0,0,0,0,0,0,0,1,0
TF,RMG,34.162561,-85.119397,0, ,0.0,0.0,0.0,0.0,2,3000,0,0,0,0,0,0

FINAL,V10-A,10,D,3
IF,RMG,34.162561,-85.119397,RMG,0.0,0.0,2,3000,0,0,0,0,2,0
CF,ZUWVA,34.038856,-85.142694,0,RMG,187.9,7.5,188.0,7.5,2,1660,0,0,0,0,0,0
CF,MAFZI,34.019064,-85.146411,0,RMG,187.9,8.7,188.0,1.2,1,1540,0,0,0,0,3,1
DF,RMG,34.162561,-85.119397,2, ,0.0,0.0,2,3000,0,0,0,0,0,0
HM,RMG,34.162561,-85.119397,1, ,0.0,0.0,188.0,04.3,0,0,0,0,0,0,0,0,0

APPTR,V28-A,28,FELTO
IF,FELTO,33.963544,-85.349147, ,0.0,0.0,0,0,0,0,0,0,0,0
TF,RMG,34.162561,-85.119397,0, ,0.0,0.0,0.0,0.0,2,3500,0,0,0,0,0,0
HF,RMG,34.162561,-85.119397,1, ,0.0,0.0,188.0,04.3,2,3000,0,0,0,0,1,0,0

APPTR,V28-A,28,JIXGU
IF,JIXGU,34.279369,-85.124347, ,0.0,0.0,0,0,0,0,0,0,1,0
TF,RMG,34.162561,-85.119397,0, ,0.0,0.0,0.0,0.0,2,3000,0,0,0,0,0,0

FINAL,V28-A,28,D,3
IF,RMG,34.162561,-85.119397,RMG,0.0,0.0,2,3000,0,0,0,0,2,0
CF,ZUWVA,34.038856,-85.142694,0,RMG,187.9,7.5,188.0,7.5,2,1660,0,0,0,0,0,0
CF,MAFZI,34.019064,-85.146411,0,RMG,187.9,8.7,188.0,1.2,1,1540,0,0,0,0,3,1
DF,RMG,34.162561,-85.119397,2, ,0.0,0.0,2,3000,0,0,0,0,0,0
HM,RMG,34.162561,-85.119397,1, ,0.0,0.0,188.0,04.3,0,0,0,0,0,0,0,0,0

