APPTR,R28,28,OFUZU
HF,OFUZU,41.243911,-82.301864,2, ,0.0,0.0,276.0,04,2,3100,0,0,0,0,1,0,0

FINAL,R28,28,R,4
IF,OFUZU,41.243911,-82.301864, ,0.0,0.0,2,3100,0,0,0,0,0,0
TF,ETOTY,41.244431,-82.434367,0, ,0.0,0.0,276.0,6.0,2,2500,0,0,0,0,2,0
TF,JOMKU,41.244650,-82.506231,0, ,0.0,0.0,276.0,3.3,2,1460,0,0,0,0,0,0
TF,RW28,41.244750,-82.545997,0, ,0.0,0.0,276.0,1.8,1,891,0,0,0,0,3,1
CA,0,276.0,2,1252,0,0,0,0,0,0
DF,JUROL,41.245133,-82.803247,0, ,0.0,0.0,2,3000,0,0,0,0,0,1
HM,JUROL,41.245133,-82.803247,2, ,0.0,0.0,96.0,04,0,0,0,0,0,0,0,0,0

