APPTR,R13,13,COT
IF,COT,28.462017,-99.118544, ,0.0,0.0,0,0,0,0,0,0,0,0
TF,COKAD,28.924906,-100.208419,0, ,0.0,0.0,0.0,0.0,2,5000,0,0,0,0,0,0
TF,CEYAT,29.035058,-100.472081,0, ,0.0,0.0,0.0,0.0,2,5000,0,0,0,0,1,0
TF,AZOBE,29.035033,-100.567147,0, ,0.0,0.0,0.0,0.0,2,3500,0,0,0,0,1,0

APPTR,R13,13,RSG
IF,RSG,30.014603,-100.299844, ,0.0,0.0,0,0,0,0,0,0,0,0
TF,CEYAT,29.035058,-100.472081,0, ,0.0,0.0,0.0,0.0,2,5000,0,0,0,0,1,0
TF,AZOBE,29.035033,-100.567147,0, ,0.0,0.0,0.0,0.0,2,3500,0,0,0,0,1,0

APPTR,R13,13,SAT
IF,SAT,29.644031,-98.461314, ,0.0,0.0,0,0,0,0,0,0,0,0
TF,CEYAT,29.035058,-100.472081,0, ,0.0,0.0,0.0,0.0,2,5000,0,0,0,0,1,0
TF,AZOBE,29.035033,-100.567147,0, ,0.0,0.0,0.0,0.0,2,3500,0,0,0,0,1,0

FINAL,R13,13,R,3
IF,AZOBE,29.035033,-100.567147, ,0.0,0.0,2,3500,0,0,0,0,0,0
TF,KUGEC,28.934778,-100.567067,0, ,0.0,0.0,174.0,6.0,2,2500,0,0,0,0,2,0
TF,RW13,28.862444,-100.519550,0, ,0.0,0.0,144.0,5.0,1,927,0,0,0,0,3,1
DF,MESYU,28.797344,-100.476817,0, ,0.0,0.0,0,0,0,0,0,0,0,0
TF,COKAD,28.924906,-100.208419,0, ,0.0,0.0,0.0,0.0,2,4000,0,0,0,0,0,1
HM,COKAD,28.924906,-100.208419,2, ,0.0,0.0,289.0,04,0,0,0,0,0,0,0,0,0

APPTR,R31,31,COT
IF,COT,28.462017,-99.118544, ,0.0,0.0,0,0,0,0,0,0,0,0
TF,IYULI,28.781775,-100.293992,0, ,0.0,0.0,0.0,0.0,2,5000,0,0,0,0,1,0
TF,LUYIK,28.722775,-100.361119,0, ,0.0,0.0,0.0,0.0,2,3500,0,0,0,0,1,0

APPTR,R31,31,RSG
IF,RSG,30.014603,-100.299844, ,0.0,0.0,0,0,0,0,0,0,0,0
TF,NEYIR,29.057481,-100.295306,0, ,0.0,0.0,0.0,0.0,2,5000,0,0,0,0,0,0
TF,IYULI,28.781775,-100.293992,0, ,0.0,0.0,0.0,0.0,2,5000,0,0,0,0,1,0
TF,LUYIK,28.722775,-100.361119,0, ,0.0,0.0,0.0,0.0,2,3500,0,0,0,0,1,0

APPTR,R31,31,SAT
IF,SAT,29.644031,-98.461314, ,0.0,0.0,0,0,0,0,0,0,0,0
TF,IYULI,28.781775,-100.293992,0, ,0.0,0.0,0.0,0.0,2,5000,0,0,0,0,1,0
TF,LUYIK,28.722775,-100.361119,0, ,0.0,0.0,0.0,0.0,2,3500,0,0,0,0,1,0

FINAL,R31,31,R,4
IF,LUYIK,28.722775,-100.361119, ,0.0,0.0,2,3500,0,0,0,0,0,0
TF,JINOV,28.793983,-100.441811,0, ,0.0,0.0,309.0,6.0,2,2500,0,0,0,0,2,0
TF,OCILU,28.834019,-100.487256,0, ,0.0,0.0,309.0,3.4,2,1400,0,0,0,0,0,0
TF,RW31,28.851742,-100.507386,0, ,0.0,0.0,309.0,1.5,1,922,0,0,0,0,3,1
DF,CEXEV,28.919983,-100.585014,0, ,0.0,0.0,0,0,0,0,0,0,0,0
TF,NEYIR,29.057481,-100.295306,2, ,0.0,0.0,0.0,0.0,2,4000,0,0,0,0,0,1
HM,NEYIR,29.057481,-100.295306,2, ,0.0,0.0,174.0,04,0,0,0,0,0,0,0,0,0

