APPTR,P17,17,ELECT
IF,ELECT,33.931147,-99.082967, ,0.0,0.0,0,0,0,0,0,0,1,0
TF,ALNUT,33.821386,-99.261306,0, ,0.0,0.0,0.0,0.0,2,3000,0,0,0,0,0,0

APPTR,P17,17,SNEED
IF,SNEED,33.902367,-99.327411, ,0.0,0.0,0,0,0,0,0,0,1,0
TF,ALNUT,33.821386,-99.261306,0, ,0.0,0.0,0.0,0.0,2,3000,0,0,0,0,0,0

FINAL,P17,17,G,3
IF,ALNUT,33.821386,-99.261306, ,0.0,0.0,2,3000,0,0,0,0,0,0
TF,TOKEN,33.737903,-99.261306,0, ,0.0,0.0,0.0,5.0,2,2800,0,0,0,0,2,0
TF,SEALE,33.654417,-99.261306,0, ,0.0,0.0,0.0,5.0,1,1394,0,0,0,0,3,1
CA,0,173.0,2,1744,0,0,0,0,0,0
DF,ELLEN,33.487442,-99.261306,0, ,0.0,0.0,2,3000,0,0,0,0,0,1
HM,ELLEN,33.487442,-99.261306,2, ,0.0,0.0,353.0,04.3,0,0,0,0,0,0,0,0,0

