APPTR,R17,17,CRAGS
HF,CRAGS,31.856556,-83.697639,2, ,0.0,0.0,168.0,04,2,2500,0,0,0,0,1,0,0

FINAL,R17,17,R,4
IF,CRAGS,31.856556,-83.697639, ,0.0,0.0,2,2500,0,0,0,0,0,0
TF,CAPUP,31.777464,-83.667325,0, ,0.0,0.0,168.0,5.0,2,2100,0,0,0,0,2,0
TF,LIPME,31.733842,-83.650631,0, ,0.0,0.0,168.0,2.8,2,1220,0,0,0,0,0,0
TF,RW17,31.694153,-83.635453,0, ,0.0,0.0,168.0,2.5,1,439,0,0,0,0,3,1
CA,0,168.0,2,789,0,0,0,0,0,0
DF,SEISE,31.518306,-83.568381,0, ,0.0,0.0,2,2500,0,0,0,0,0,1
HM,SEISE,31.518306,-83.568381,2, ,0.0,0.0,348.0,04,0,0,0,0,0,0,0,0,0

APPTR,R35,35,SEISE
HF,SEISE,31.518306,-83.568381,2, ,0.0,0.0,348.0,04,2,2500,0,0,0,0,1,0,0

FINAL,R35,35,R,4
IF,SEISE,31.518306,-83.568381, ,0.0,0.0,2,2500,0,0,0,0,0,0
TF,FAMID,31.597700,-83.598631,0, ,0.0,0.0,348.0,5.0,2,2100,0,0,0,0,2,0
TF,TRANK,31.649319,-83.618328,0, ,0.0,0.0,348.0,3.3,2,1060,0,0,0,0,0,0
TF,RW35,31.681072,-83.630456,0, ,0.0,0.0,348.0,2.0,1,438,0,0,0,0,3,1
CA,0,348.0,2,780,0,0,0,0,0,0
DF,CRAGS,31.856556,-83.697639,0, ,0.0,0.0,2,2500,0,0,0,0,0,1
HM,CRAGS,31.856556,-83.697639,2, ,0.0,0.0,168.0,04,0,0,0,0,0,0,0,0,0

