APPTR,R13,13,CUHSU
HF,CUHSU,40.349194,-81.210075,2, ,0.0,0.0,134.0,04,2,3000,0,0,0,0,1,0,0

FINAL,R13,13,R,4
IF,CUHSU,40.349194,-81.210075, ,0.0,0.0,2,3000,0,0,0,0,0,0
TF,EBBEP,40.289919,-81.104444,0, ,0.0,0.0,134.0,6.0,2,2800,0,0,0,0,2,0
TF,RUVRE,40.265025,-81.060194,0, ,0.0,0.0,134.0,2.5,2,1980,0,0,0,0,0,0
TF,RW13,40.240328,-81.016353,0, ,0.0,0.0,134.0,2.5,1,1201,0,0,0,0,3,1
CA,0,134.0,2,1574,0,0,0,0,0,0
DF,SUXPU,40.124881,-80.812281,0, ,0.0,0.0,2,3100,0,0,0,0,0,1
HM,SUXPU,40.124881,-80.812281,2, ,0.0,0.0,314.0,04,0,0,0,0,0,0,0,0,0

APPTR,R31,31,SUXPU
HF,SUXPU,40.124881,-80.812281,2, ,0.0,0.0,314.0,04,2,3100,0,0,0,0,1,0,0

FINAL,R31,31,R,4
IF,SUXPU,40.124881,-80.812281, ,0.0,0.0,2,3100,0,0,0,0,0,0
TF,PUYCO,40.184567,-80.917619,0, ,0.0,0.0,314.0,6.0,2,2800,0,0,0,0,2,0
TF,JOLMU,40.211175,-80.964694,0, ,0.0,0.0,314.0,2.7,2,1940,0,0,0,0,0,0
TF,RW31,40.235661,-81.008078,0, ,0.0,0.0,314.0,2.5,1,1149,0,0,0,0,3,1
CA,0,314.0,2,1574,0,0,0,0,0,0
DF,CUHSU,40.349194,-81.210075,0, ,0.0,0.0,2,3000,0,0,0,0,0,1
HM,CUHSU,40.349194,-81.210075,2, ,0.0,0.0,134.0,04,0,0,0,0,0,0,0,0,0

APPTR,V13-A,13,AIR
IF,AIR,40.017025,-80.817228, ,0.0,0.0,0,0,0,0,0,0,0,0
TF,PATTT,40.236161,-81.127100,0, ,0.0,0.0,0.0,0.0,2,3000,0,0,0,0,0,0
HF,PATTT,40.236161,-81.127100,1, ,0.0,0.0,95.0,04.3,2,3000,0,0,0,0,1,0,0

APPTR,V13-A,13,CTW
IF,CTW,40.229208,-81.476478, ,0.0,0.0,0,0,0,0,0,0,1,0
TF,PATTT,40.236161,-81.127100,0, ,0.0,0.0,0.0,0.0,2,3000,0,0,0,0,0,0

FINAL,V13-A,13,D,2
IF,PATTT,40.236161,-81.127100,CTW,95.4,16.1,2,3000,0,0,0,0,2,0
CF,MA095,40.240533,-81.019700,0,CTW,95.0,21.0,95.0,5.0,1,1820,0,0,0,0,3,0
CA,0,95.0,2,2000,0,0,0,0,0,0
CF,PATTT,40.236161,-81.127100,1,CTW,95.4,16.1,275.0,6.0,2,3000,0,0,0,0,0,0
HM,PATTT,40.236161,-81.127100,1, ,0.0,0.0,95.0,04.3,0,0,0,0,0,0,0,0,0

APPTR,V31-A,31,AIR
IF,AIR,40.017025,-80.817228, ,0.0,0.0,0,0,0,0,0,0,0,0
TF,PATTT,40.236161,-81.127100,0, ,0.0,0.0,0.0,0.0,2,3000,0,0,0,0,0,0
HF,PATTT,40.236161,-81.127100,1, ,0.0,0.0,95.0,04.3,2,3000,0,0,0,0,1,0,0

APPTR,V31-A,31,CTW
IF,CTW,40.229208,-81.476478, ,0.0,0.0,0,0,0,0,0,0,1,0
TF,PATTT,40.236161,-81.127100,0, ,0.0,0.0,0.0,0.0,2,3000,0,0,0,0,0,0

FINAL,V31-A,31,D,2
IF,PATTT,40.236161,-81.127100,CTW,95.4,16.1,2,3000,0,0,0,0,2,0
CF,MA095,40.240533,-81.019700,0,CTW,95.0,21.0,95.0,5.0,1,1820,0,0,0,0,3,0
CA,0,95.0,2,2000,0,0,0,0,0,0
CF,PATTT,40.236161,-81.127100,1,CTW,95.4,16.1,275.0,6.0,2,3000,0,0,0,0,0,0
HM,PATTT,40.236161,-81.127100,1, ,0.0,0.0,95.0,04.3,0,0,0,0,0,0,0,0,0

