APPTR,R06-A,06,UFEYA
IF,UFEYA,38.428864,-78.808631, ,0.0,0.0,2,6300,0,0,0,0,1,0
TF,YOSUG,38.535139,-78.911358,0, ,0.0,0.0,0.0,0.0,2,5200,0,0,0,0,1,0

APPTR,R06-A,06,YOSUG
HF,YOSUG,38.535139,-78.911358,2, ,0.0,0.0,63.0,05,2,5200,0,0,0,0,1,0,0

APPTR,R06-A,06,ZEPUP
IF,ZEPUP,38.641319,-79.014389, ,0.0,0.0,2,6800,0,0,0,0,1,0
TF,YOSUG,38.535139,-78.911358,0, ,0.0,0.0,0.0,0.0,2,5200,0,0,0,0,1,0

FINAL,R06-A,06,R,3
IF,YOSUG,38.535139,-78.911358, ,0.0,0.0,2,5200,0,0,0,0,0,0
TF,WIVUK,38.595719,-78.809822,0, ,0.0,0.0,63.0,6.0,2,3300,0,0,0,0,2,0
TF,RW06,38.653564,-78.712572,0, ,0.0,0.0,63.0,5.7,1,1002,0,0,0,0,3,1
CA,0,63.0,2,1363,0,0,0,0,0,0
DF,YOSUG,38.535139,-78.911358,1, ,0.0,0.0,2,6100,0,0,0,0,0,1
HM,YOSUG,38.535139,-78.911358,2, ,0.0,0.0,63.0,05,0,0,0,0,0,0,0,0,0

APPTR,R06-B,06,CETLA
IF,CETLA,38.828561,-78.420267, ,0.0,0.0,2,6300,0,0,0,0,1,0
TF,JULNU,38.880783,-78.577342,0, ,0.0,0.0,0.0,0.0,2,5700,0,0,0,0,1,0

APPTR,R06-B,06,JULNU
HF,JULNU,38.880783,-78.577342,2, ,0.0,0.0,213.0,05,2,5700,0,0,0,0,1,0,0

APPTR,R06-B,06,YALUS
IF,YALUS,38.932800,-78.734644, ,0.0,0.0,2,7000,0,0,0,0,1,0
TF,JULNU,38.880783,-78.577342,0, ,0.0,0.0,0.0,0.0,2,5700,0,0,0,0,1,0

FINAL,R06-B,06,R,3
IF,JULNU,38.880783,-78.577342, ,0.0,0.0,2,5700,0,0,0,0,0,0
TF,HUTUM,38.757900,-78.643908,0, ,0.0,0.0,213.0,8.0,2,3700,0,0,0,0,2,0
TF,PAKBE,38.664339,-78.694422,0, ,0.0,0.0,213.0,6.1,1,1268,0,0,0,0,3,1
CA,0,213.0,2,1363,0,0,0,0,0,0
DF,JULNU,38.880783,-78.577342,2, ,0.0,0.0,2,5700,0,0,0,0,0,1
HM,JULNU,38.880783,-78.577342,2, ,0.0,0.0,213.0,05,0,0,0,0,0,0,0,0,0

APPTR,R24-B,24,CETLA
IF,CETLA,38.828561,-78.420267, ,0.0,0.0,2,6300,0,0,0,0,1,0
TF,JULNU,38.880783,-78.577342,0, ,0.0,0.0,0.0,0.0,2,5700,0,0,0,0,1,0

APPTR,R24-B,24,JULNU
HF,JULNU,38.880783,-78.577342,2, ,0.0,0.0,213.0,05,2,5700,0,0,0,0,1,0,0

APPTR,R24-B,24,YALUS
IF,YALUS,38.932800,-78.734644, ,0.0,0.0,2,7000,0,0,0,0,1,0
TF,JULNU,38.880783,-78.577342,0, ,0.0,0.0,0.0,0.0,2,5700,0,0,0,0,1,0

FINAL,R24-B,24,R,3
IF,JULNU,38.880783,-78.577342, ,0.0,0.0,2,5700,0,0,0,0,0,0
TF,HUTUM,38.757900,-78.643908,0, ,0.0,0.0,213.0,8.0,2,3700,0,0,0,0,2,0
TF,PAKBE,38.664339,-78.694422,0, ,0.0,0.0,213.0,6.1,1,1268,0,0,0,0,3,1
CA,0,213.0,2,1363,0,0,0,0,0,0
DF,JULNU,38.880783,-78.577342,2, ,0.0,0.0,2,5700,0,0,0,0,0,1
HM,JULNU,38.880783,-78.577342,2, ,0.0,0.0,213.0,05,0,0,0,0,0,0,0,0,0

