APPTR,R18,18,DLL
IF,DLL,43.550833,-89.763622, ,0.0,0.0,0,0,0,0,0,0,1,0
TF,FOMAG,43.494011,-89.769314,0, ,0.0,0.0,0.0,0.0,2,3000,0,0,0,0,1,0

APPTR,R18,18,FOMAG
HF,FOMAG,43.494011,-89.769314,1, ,0.0,0.0,177.0,05,2,3000,0,0,0,0,1,0,0

APPTR,R18,18,LNR
IF,LNR,43.294403,-90.133147, ,0.0,0.0,0,0,0,0,0,0,0,0
TF,RAKME,43.489767,-89.883644,0, ,0.0,0.0,0.0,0.0,2,3000,0,0,0,0,1,0
TF,FOMAG,43.494011,-89.769314,0, ,0.0,0.0,0.0,0.0,2,3000,0,0,0,0,1,0

APPTR,R18,18,MSN
IF,MSN,43.144836,-89.339697, ,0.0,0.0,0,0,0,0,0,0,0,0
TF,JABOL,43.498142,-89.654967,0, ,0.0,0.0,0.0,0.0,2,3300,0,0,0,0,1,0
TF,FOMAG,43.494011,-89.769314,0, ,0.0,0.0,0.0,0.0,2,3000,0,0,0,0,1,0

FINAL,R18,18,R,4
IF,FOMAG,43.494011,-89.769314, ,0.0,0.0,2,3000,0,0,0,0,0,0
TF,HAPOX,43.385853,-89.761856,0, ,0.0,0.0,177.0,6.5,2,2500,0,0,0,0,2,0
TF,DIGPE,43.343508,-89.758942,0, ,0.0,0.0,177.0,2.5,2,1660,0,0,0,0,0,0
TF,RW18,43.301886,-89.756083,0, ,0.0,0.0,177.0,2.5,1,871,0,0,0,0,3,1
CA,0,177.0,2,1232,0,0,0,0,0,0
DF,SOCNO,43.101208,-89.742350,0, ,0.0,0.0,2,3200,0,0,0,0,0,1
HM,SOCNO,43.101208,-89.742350,1, ,0.0,0.0,357.0,05,0,0,0,0,0,0,0,0,0

APPTR,R36,36,DLL
IF,DLL,43.550833,-89.763622, ,0.0,0.0,0,0,0,0,0,0,0,0
TF,SOCNO,43.101208,-89.742350,0, ,0.0,0.0,0.0,0.0,2,3200,0,0,0,0,0,0
HF,SOCNO,43.101208,-89.742350,1, ,0.0,0.0,357.0,05,2,3200,0,0,0,0,1,0,0
TF,ANOXE,43.177297,-89.747547,0, ,0.0,0.0,0.0,0.0,2,2700,0,0,0,0,0,0

APPTR,R36,36,LNR
IF,LNR,43.294403,-90.133147, ,0.0,0.0,0,0,0,0,0,0,0,0
TF,MOKRE,43.096992,-89.855950,0, ,0.0,0.0,0.0,0.0,2,3200,0,0,0,0,1,0
TF,SOCNO,43.101208,-89.742350,0, ,0.0,0.0,0.0,0.0,2,3200,0,0,0,0,0,0
TF,ANOXE,43.177297,-89.747547,0, ,0.0,0.0,0.0,0.0,2,2700,0,0,0,0,0,0

APPTR,R36,36,MSN
IF,MSN,43.144836,-89.339697, ,0.0,0.0,0,0,0,0,0,0,0,0
TF,KETME,43.105311,-89.628733,0, ,0.0,0.0,0.0,0.0,2,4800,0,0,0,0,1,0
TF,SOCNO,43.101208,-89.742350,0, ,0.0,0.0,0.0,0.0,2,3200,0,0,0,0,0,0
TF,ANOXE,43.177297,-89.747547,0, ,0.0,0.0,0.0,0.0,2,2700,0,0,0,0,0,0

FINAL,R36,36,R,4
IF,ANOXE,43.177297,-89.747547, ,0.0,0.0,2,2700,0,0,0,0,0,0
TF,OCARA,43.204219,-89.749389,0, ,0.0,0.0,357.0,1.6,2,2600,0,0,0,0,2,0
TF,BIKBE,43.252219,-89.752675,0, ,0.0,0.0,357.0,2.9,2,1640,0,0,0,0,0,0
TF,RW36,43.293842,-89.755531,0, ,0.0,0.0,357.0,2.5,1,860,0,0,0,0,3,1
CA,0,357.0,2,1232,0,0,0,0,0,0
DF,FOMAG,43.494011,-89.769314,0, ,0.0,0.0,2,3000,0,0,0,0,0,1
HM,FOMAG,43.494011,-89.769314,1, ,0.0,0.0,177.0,05,0,0,0,0,0,0,0,0,0

