APPTR,R16,16,CAREW
IF,CAREW,48.157881,-99.531325, ,0.0,0.0,0,0,0,0,0,0,0,0
TF,FANOB,48.621725,-99.289186,0, ,0.0,0.0,0.0,0.0,2,3300,0,0,0,0,0,1
HF,FANOB,48.621725,-99.289186,2, ,0.0,0.0,160.0,04,2,3300,0,0,0,0,1,0,0

APPTR,R16,16,NERDE
IF,NERDE,48.083142,-98.542631, ,0.0,0.0,0,0,0,0,0,0,0,0
TF,FANOB,48.621725,-99.289186,0, ,0.0,0.0,0.0,0.0,2,3300,0,0,0,0,0,1
HF,FANOB,48.621725,-99.289186,2, ,0.0,0.0,160.0,04,2,3300,0,0,0,0,1,0,0

FINAL,R16,16,R,4
IF,FANOB,48.621725,-99.289186, ,0.0,0.0,2,3300,0,0,0,0,0,0
TF,KNOUT,48.565144,-99.268061,0, ,0.0,0.0,160.0,3.5,2,3100,0,0,0,0,2,0
TF,WODOT,48.525072,-99.253131,0, ,0.0,0.0,160.0,2.5,2,2300,0,0,0,0,0,0
TF,RW16,48.484694,-99.238108,0, ,0.0,0.0,160.0,2.5,1,1515,0,0,0,0,3,1
CA,0,160.0,2,1900,0,0,0,0,0,0
DF,CAREW,48.157881,-99.531325,0, ,0.0,0.0,2,3600,0,0,0,0,0,1
HM,CAREW,48.157881,-99.531325,2, ,0.0,0.0,90.0,04,0,0,0,0,0,0,0,0,0

APPTR,R34,34,CAGOB
HF,CAGOB,48.260531,-99.155147,2, ,0.0,0.0,340.0,04,2,3400,0,0,0,0,1,0,0

FINAL,R34,34,R,4
IF,CAGOB,48.260531,-99.155147, ,0.0,0.0,2,3400,0,0,0,0,0,0
TF,HOTOG,48.400058,-99.206697,0, ,0.0,0.0,340.0,8.6,2,3000,0,0,0,0,2,0
TF,JIXER,48.441431,-99.222039,0, ,0.0,0.0,340.0,2.6,2,2180,0,0,0,0,0,0
TF,RW34,48.475383,-99.234647,0, ,0.0,0.0,340.0,2.1,1,1516,0,0,0,0,3,1
CA,0,340.0,2,1900,0,0,0,0,0,0
DF,CAREW,48.157881,-99.531325,1, ,0.0,0.0,2,3600,0,0,0,0,0,1
HM,CAREW,48.157881,-99.531325,2, ,0.0,0.0,90.0,04,0,0,0,0,0,0,0,0,0

