APPTR,R04,04,LACIE
IF,LACIE,41.554153,-76.140106, ,0.0,0.0,0,0,0,0,0,0,1,0
TF,LOPEZ,41.443244,-75.961700,0, ,0.0,0.0,0.0,0.0,2,4000,0,0,0,0,1,0

APPTR,R04,04,LVZ
IF,LVZ,41.272806,-75.689464, ,0.0,0.0,0,0,0,0,0,0,0,0
TF,LOPEZ,41.443244,-75.961700,0, ,0.0,0.0,0.0,0.0,2,5000,0,0,0,0,0,1
HF,LOPEZ,41.443244,-75.961700,1, ,0.0,0.0,71.0,04,2,4000,0,0,0,0,1,0,0

APPTR,R04,04,SWANK
IF,SWANK,41.302333,-76.156161, ,0.0,0.0,0,0,0,0,0,0,1,0
TF,LOPEZ,41.443244,-75.961700,0, ,0.0,0.0,0.0,0.0,2,4000,0,0,0,0,1,0

FINAL,R04,04,R,4
IF,LOPEZ,41.443244,-75.961700, ,0.0,0.0,2,4000,0,0,0,0,0,0
TF,CEMUS,41.488089,-75.862528,0, ,0.0,0.0,71.0,5.2,2,4000,0,0,0,0,2,0
TF,FENUN,41.551800,-75.794458,0, ,0.0,0.0,51.0,4.9,2,2180,0,0,0,0,0,0
TF,RW04,41.585589,-75.758286,0, ,0.0,0.0,51.0,2.6,1,1224,0,0,0,0,3,1
CA,0,51.0,2,1609,0,0,0,0,0,0
DF,LOPEZ,41.443244,-75.961700,1, ,0.0,0.0,2,4000,0,0,0,0,0,1
HM,LOPEZ,41.443244,-75.961700,1, ,0.0,0.0,71.0,04,0,0,0,0,0,0,0,0,0

