SID,PUBLO1,15,5
CA,0,149.0,2,8350,0,0,0,0,0,0
DF,CEMIP,38.723894,-106.083608,0, ,0.0,0.0,0,0,0,0,0,0,0,0
TF,FETUB,38.604719,-106.019650,0, ,0.0,0.0,0.0,0.0,0,0,0,0,0,0,0,0
TF,HIDMA,38.479147,-105.900025,0, ,0.0,0.0,0.0,0.0,2,15500,0,0,0,0,0,0
TF,COLLM,38.387686,-105.741206,0, ,0.0,0.0,0.0,0.0,0,0,0,0,0,0,0,0
TF,PUB,38.294256,-104.429447,0, ,0.0,0.0,0.0,0.0,0,0,0,0,0,0,0,1

APPTR,R33,33,KANON
IF,KANON,38.395903,-105.991822, ,0.0,0.0,0,0,0,0,0,0,1,0
TF,FIKEX,38.485761,-106.016264,0, ,0.0,0.0,0.0,5.5,2,14300,0,0,0,0,0,0
TF,BUBYO,38.575611,-106.040767,0, ,0.0,0.0,0.0,5.5,2,12600,0,0,0,0,1,0

FINAL,R33,33,R,3
IF,BUBYO,38.575611,-106.040767, ,0.0,0.0,2,12600,0,0,0,0,0,0
TF,AKNAC,38.701789,-106.070747,0, ,0.0,0.0,338.0,7.7,2,10300,0,0,0,0,2,0
TF,ROBVY,38.782947,-106.106739,0, ,0.0,0.0,330.0,5.2,1,8420,0,0,0,0,3,1
DF,KANON,38.395903,-105.991822,2, ,0.0,0.0,2,16000,0,0,0,0,0,1
HM,KANON,38.395903,-105.991822,2, ,0.0,0.0,337.0,10,0,0,0,0,0,0,0,0,0

