APPTR,R03,03,AGIME
IF,AGIME,38.494842,-108.420331, ,0.0,0.0,0,0,0,0,0,0,1,0
TF,NADIN,38.497889,-108.293058,0, ,0.0,0.0,0.0,0.0,2,10400,0,0,0,0,0,0
TF,EDEVE,38.563667,-108.267428,0, ,0.0,0.0,0.0,0.0,2,10000,0,1,210,0,0,0
TF,DEWAX,38.596550,-108.254592,0, ,0.0,0.0,0.0,0.0,2,9000,0,0,0,0,0,0
TF,CAKBI,38.629431,-108.241742,0, ,0.0,0.0,0.0,0.0,2,8900,0,0,0,0,1,0

FINAL,R03,03,R,4
IF,CAKBI,38.629431,-108.241742, ,0.0,0.0,2,8900,0,0,0,0,0,0
TF,BUVME,38.677892,-108.186878,0, ,0.0,0.0,32.0,3.9,2,7700,0,0,0,0,0,0
TF,AIRNS,38.704328,-108.156897,0, ,0.0,0.0,32.0,2.1,2,7100,0,0,0,0,2,0
TF,RW03,38.780675,-108.070153,0, ,0.0,0.0,32.0,6.1,1,5149,0,0,0,0,3,1
CA,0,32.0,2,7000,0,0,0,0,0,0
DF,CAKBI,38.629431,-108.241742,2, ,0.0,0.0,0,0,0,1,165,0,0,0
TF,NADIN,38.497889,-108.293058,0, ,0.0,0.0,0.0,0.0,2,11600,0,0,0,0,0,1
HM,NADIN,38.497889,-108.293058,1, ,0.0,0.0,220.0,07,0,0,0,0,0,0,0,0,0

