SID,ALB6,01,1
VA,0,11.0,2,690,0,0,0,0,0,0
VM,0,0,0,11.0,0,0,0,0,0,0,0,0

SID,ALB6,10,1
VA,0,101.0,2,690,0,0,0,0,0,0
VM,0,0,0,110.0,0,0,0,0,0,0,0,0

SID,ALB6,19,1
VA,0,191.0,2,690,0,0,0,0,0,0
VM,0,0,0,191.0,0,0,0,0,0,0,0,0

SID,ALB6,28,1
VA,0,281.0,2,690,0,0,0,0,0,0
VM,0,0,0,281.0,0,0,0,0,0,0,0,0

APPTR,I01,01,CIRRU
IF,CIRRU,42.493439,-73.692189, ,0.0,0.0,0,0,0,0,0,0,1,0
TF,IYIYO,42.510872,-73.794483,0, ,0.0,0.0,0.0,0.0,2,2600,0,0,0,0,0,0
CF,MUJIK,42.555058,-73.796383,0,IDEJ,191.2,12.5,11.0,2.7,2,2600,0,0,0,0,1,0

APPTR,I01,01,MUJIK
HF,MUJIK,42.555058,-73.796383,2, ,0.0,0.0,11.0,04.3,2,2600,0,0,0,0,1,0,0

FINAL,I01,01,I,3
IF,MUJIK,42.555058,-73.796383,IDEJ,191.2,12.5,2,2600,0,0,0,0,0,0
CF,FLEIG,42.655553,-73.800722,0,IDEJ,191.2,6.5,11.0,6.0,1,1900,0,0,0,0,2,0
CF,RW01,42.737164,-73.804256,0,IDEJ,191.2,1.6,11.0,4.9,1,340,0,0,0,0,3,0
CA,0,11.0,2,800,0,0,0,0,0,0
CF,CAM,42.994289,-73.344019,0,CAM,0.0,0.0,71.0,24.0,2,5000,0,0,0,0,0,0
HM,CAM,42.994289,-73.344019,2, ,0.0,0.0,160.0,04.3,0,0,0,0,0,0,0,0,0

APPTR,I19,19,ALB
IF,ALB,42.747281,-73.803186, ,0.0,0.0,0,0,0,0,0,0,0,0
TF,EYMEY,42.927103,-73.812511,0, ,0.0,0.0,0.0,0.0,2,3000,0,0,0,0,0,0
HF,EYMEY,42.927103,-73.812511,2, ,0.0,0.0,191.0,04.3,2,2000,0,0,0,0,1,0,0

APPTR,I19,19,CAM
IF,CAM,42.994289,-73.344019, ,0.0,0.0,0,0,0,0,0,0,0,0
TF,EYMEY,42.927103,-73.812511,0, ,0.0,0.0,0.0,0.0,2,3200,0,0,0,0,0,0
HF,EYMEY,42.927103,-73.812511,2, ,0.0,0.0,191.0,04.3,2,2000,0,0,0,0,1,0,0

FINAL,I19,19,I,3
IF,EYMEY,42.927103,-73.812511,IALB,11.2,11.6,2,2000,0,0,0,0,0,0
CF,HAUKY,42.826733,-73.808142,0,IALB,11.2,5.5,191.0,6.0,1,1600,0,0,0,0,2,0
CF,RW19,42.760475,-73.805267,0,IALB,11.2,1.6,191.0,4.0,1,334,0,0,0,0,3,0
CA,0,191.0,2,2000,0,0,0,0,0,0
DF,CAM,42.994289,-73.344019,1, ,0.0,0.0,2,5000,0,0,0,0,0,0
HM,CAM,42.994289,-73.344019,2, ,0.0,0.0,160.0,04.3,0,0,0,0,0,0,0,0,0

APPTR,R01-Y,01,ATHOS
IF,ATHOS,42.247081,-73.812100, ,0.0,0.0,0,0,0,0,0,0,1,0
TF,MUJIK,42.555058,-73.796383,0, ,0.0,0.0,0.0,0.0,2,2600,0,0,0,0,1,0

APPTR,R01-Y,01,CANAN
IF,CANAN,42.492839,-73.446686, ,0.0,0.0,0,0,0,0,0,0,0,0
TF,TULSE,42.497975,-73.714192,0, ,0.0,0.0,0.0,0.0,2,3000,0,0,0,0,1,0
TF,MUJIK,42.555058,-73.796383,0, ,0.0,0.0,0.0,0.0,2,2600,0,0,0,0,1,0

APPTR,R01-Y,01,OAKIL
IF,OAKIL,42.440828,-74.430092, ,0.0,0.0,0,0,0,0,0,0,0,0
TF,OCCAS,42.494211,-73.873481,0, ,0.0,0.0,0.0,0.0,2,4300,0,0,0,0,1,0
TF,MUJIK,42.555058,-73.796383,0, ,0.0,0.0,0.0,0.0,2,2600,0,0,0,0,1,0

FINAL,R01-Y,01,R,3
IF,MUJIK,42.555058,-73.796383, ,0.0,0.0,2,2600,0,0,0,0,0,0
TF,FLEIG,42.655553,-73.800722,0, ,0.0,0.0,11.0,6.0,2,1900,0,0,0,0,2,0
TF,RW01,42.737164,-73.804256,0, ,0.0,0.0,11.0,4.9,1,340,0,0,0,0,3,1
CA,0,11.0,2,484,0,0,0,0,0,0
DF,WREAD,42.851894,-73.809250,0, ,0.0,0.0,2,3000,0,0,0,0,0,1
HM,WREAD,42.851894,-73.809250,2, ,0.0,0.0,282.0,04,0,0,0,0,0,0,0,0,0

APPTR,R01-Z,01,FOSEX
IF,FOSEX,42.748564,-73.700756, ,0.0,0.0,0,0,0,1,210,0,0,0
TF,BRNTY,42.684139,-73.697961,0, ,0.0,0.0,0.0,0.0,2,3500,0,1,180,0,0,0
RF,YAYNU,42.649772,-73.776014,2,ZIXID,343.4,2.3,2,2100,0,1,180,0,0,0
RF,ZANEG,42.681714,-73.801856,2,ZIXID,142.1,2.3,2,1400,0,0,0,0,0,0

APPTR,R01-Z,01,HIGES
IF,HIGES,42.599189,-73.658372, ,0.0,0.0,0,0,0,1,210,0,0,0
TF,YAYNU,42.649772,-73.776014,0, ,0.0,0.0,0.0,0.0,2,2100,0,1,180,0,0,0
RF,ZANEG,42.681714,-73.801856,2,ZIXID,192.3,2.3,2,1400,0,0,0,0,0,0

APPTR,R01-Z,01,MUJIK
IF,MUJIK,42.555058,-73.796383, ,0.0,0.0,0,0,0,0,0,0,0,0
TF,ZANEG,42.681714,-73.801856,0, ,0.0,0.0,0.0,0.0,2,1400,0,0,0,0,0,0

APPTR,R01-Z,01,URACI
IF,URACI,42.652786,-73.958431, ,0.0,0.0,0,0,0,1,210,0,0,0
TF,WOVAR,42.642522,-73.861178,0, ,0.0,0.0,0.0,0.0,2,2600,0,1,180,0,0,0
RF,ZANEG,42.681714,-73.801856,1,XALAC,322.5,2.3,2,1400,0,0,0,0,0,0

APPTR,R01-Z,01,YETGU
IF,YETGU,42.743664,-73.908533, ,0.0,0.0,0,0,0,1,210,0,0,0
TF,FETPU,42.679242,-73.905742,0, ,0.0,0.0,0.0,0.0,2,3500,0,1,180,0,0,0
RF,WOVAR,42.642522,-73.861178,1,XALAC,62.2,2.3,2,2600,0,1,180,0,0,0
RF,ZANEG,42.681714,-73.801856,1,XALAC,374.2,2.3,2,1400,0,0,0,0,0,0

FINAL,R01-Z,01,R,2
IF,ZANEG,42.681714,-73.801856, ,0.0,0.0,2,1400,0,0,0,0,2,0
TF,RW01,42.737164,-73.804256,0, ,0.0,0.0,11.0,3.3,1,340,0,0,0,0,3,1
TF,OXFIC,42.837142,-73.808597,0, ,0.0,0.0,0.0,0.0,0,0,0,0,0,0,0,0
TF,OTOLE,42.949600,-73.851603,0, ,0.0,0.0,0.0,0.0,2,3000,0,0,0,0,0,1
HM,OTOLE,42.949600,-73.851603,2, ,0.0,0.0,183.0,04,0,0,0,0,0,0,0,0,0

APPTR,R10,10,MARIA
IF,MARIA,42.834100,-74.216806, ,0.0,0.0,0,0,0,0,0,0,1,0
TF,TURES,42.743603,-74.038167,0, ,0.0,0.0,0.0,0.0,2,3000,0,0,0,0,1,0

APPTR,R10,10,SHAHE
IF,SHAHE,42.686881,-74.121097, ,0.0,0.0,0,0,0,0,0,0,1,0
TF,TURES,42.743603,-74.038167,0, ,0.0,0.0,0.0,0.0,2,3000,0,0,0,0,1,0

FINAL,R10,10,R,3
IF,TURES,42.743603,-74.038167, ,0.0,0.0,2,3000,0,0,0,0,0,0
TF,ZEJAY,42.746464,-73.923800,0, ,0.0,0.0,101.0,5.1,2,1900,0,0,0,0,2,0
TF,RW10,42.749150,-73.812092,0, ,0.0,0.0,101.0,4.9,1,327,0,0,0,0,3,1
CA,0,101.0,2,685,0,0,0,0,0,0
DF,SIMAY,42.752708,-73.656106,0, ,0.0,0.0,0,0,0,0,0,0,0,0
TF,WARUV,42.764483,-73.578169,0, ,0.0,0.0,0.0,0.0,2,5000,0,0,0,0,0,1
HM,WARUV,42.764483,-73.578169,2, ,0.0,0.0,277.0,05,0,0,0,0,0,0,0,0,0

APPTR,R19-Y,19,CAM
IF,CAM,42.994289,-73.344019, ,0.0,0.0,0,0,0,0,0,0,0,0
TF,QIFET,42.955731,-73.700269,0, ,0.0,0.0,0.0,0.0,2,4000,0,0,0,0,1,0
TF,EYMEY,42.927103,-73.812511,0, ,0.0,0.0,0.0,0.0,2,2000,0,0,0,0,1,0

APPTR,R19-Y,19,PAYGE
IF,PAYGE,43.014022,-74.253544, ,0.0,0.0,0,0,0,0,0,0,0,0
TF,XIPAQ,42.981106,-73.937081,0, ,0.0,0.0,0.0,0.0,2,4000,0,0,0,0,1,0
TF,EYMEY,42.927103,-73.812511,0, ,0.0,0.0,0.0,0.0,2,2000,0,0,0,0,1,0

FINAL,R19-Y,19,R,4
IF,EYMEY,42.927103,-73.812511, ,0.0,0.0,2,2000,0,0,0,0,0,0
TF,HAUKY,42.826733,-73.808142,0, ,0.0,0.0,191.0,6.0,2,1600,0,0,0,0,2,0
TF,WESTS,42.787136,-73.806422,0, ,0.0,0.0,191.0,2.4,2,840,0,0,0,0,0,0
TF,RW19,42.760475,-73.805267,0, ,0.0,0.0,191.0,1.6,1,334,0,0,0,0,3,1
CA,0,191.0,2,480,0,0,0,0,0,0
DF,FLEIG,42.655553,-73.800722,0, ,0.0,0.0,0,0,0,0,0,0,0,0
TF,GROUP,42.563917,-73.806481,0, ,0.0,0.0,0.0,0.0,2,3000,0,0,0,0,0,1
HM,GROUP,42.563917,-73.806481,2, ,0.0,0.0,14.0,04,0,0,0,0,0,0,0,0,0

APPTR,R19-Z,19,EYMEY
IF,EYMEY,42.927103,-73.812511, ,0.0,0.0,0,0,0,0,0,0,0,0
TF,WISIG,42.816269,-73.807689,0, ,0.0,0.0,0.0,0.0,2,1400,0,0,0,0,0,0

APPTR,R19-Z,19,SEYON
IF,SEYON,42.875439,-73.633203, ,0.0,0.0,0,0,0,0,0,0,0,0
TF,CUGOP,42.855011,-73.766314,0, ,0.0,0.0,0.0,0.0,2,2400,0,1,180,0,0,0
RF,WISIG,42.816269,-73.807689,1,XOHWA,142.1,2.3,2,1400,0,0,0,0,0,0

APPTR,R19-Z,19,TUKUY
IF,TUKUY,42.755042,-73.700811, ,0.0,0.0,0,0,0,1,210,0,0,0
TF,NUSIY,42.818694,-73.703569,0, ,0.0,0.0,0.0,0.0,2,3500,0,1,180,0,0,0
RF,CUGOP,42.855011,-73.766314,1,XOHWA,232.2,2.3,2,2400,0,1,180,0,0,0
RF,WISIG,42.816269,-73.807689,1,XOHWA,242.6,2.3,2,1400,0,0,0,0,0,0

APPTR,R19-Z,19,WEKOR
IF,WEKOR,42.750144,-73.909039, ,0.0,0.0,0,0,0,1,210,0,0,0
TF,OKNUE,42.813797,-73.911800,0, ,0.0,0.0,0.0,0.0,2,3500,0,1,180,0,0,0
RF,FIGUV,42.850625,-73.879122,2,VUZQE,137.4,2.3,2,2700,0,1,180,0,0,0
RF,WISIG,42.816269,-73.807689,2,VUZQE,280.9,2.3,2,1400,0,0,0,0,0,0

APPTR,R19-Z,19,ZAKIB
IF,ZAKIB,42.806950,-74.026881, ,0.0,0.0,0,0,0,1,210,0,0,0
TF,WOGOK,42.830767,-73.946406,0, ,0.0,0.0,0.0,0.0,2,3700,0,0,0,0,0,0
TF,FIGUV,42.850625,-73.879122,0, ,0.0,0.0,0.0,0.0,2,2700,0,1,180,0,0,0
RF,WISIG,42.816269,-73.807689,2,VUZQE,374.2,2.3,2,1400,0,0,0,0,0,0

FINAL,R19-Z,19,R,2
IF,WISIG,42.816269,-73.807689, ,0.0,0.0,2,1400,0,0,0,0,2,0
TF,RW19,42.760475,-73.805267,0, ,0.0,0.0,191.0,3.4,1,334,0,0,0,0,3,1
TF,CUVLU,42.687158,-73.802092,0, ,0.0,0.0,0.0,0.0,0,0,0,0,0,0,0,0
TF,GROUP,42.563917,-73.806481,0, ,0.0,0.0,0.0,0.0,2,3000,0,0,0,0,0,1
HM,GROUP,42.563917,-73.806481,2, ,0.0,0.0,14.0,04,0,0,0,0,0,0,0,0,0

APPTR,R28,28,CAM
IF,CAM,42.994289,-73.344019, ,0.0,0.0,0,0,0,0,0,0,1,0
TF,TROSI,42.755717,-73.516169,0, ,0.0,0.0,0.0,0.0,2,3500,0,0,0,0,1,0

APPTR,R28,28,CANAN
IF,CANAN,42.492839,-73.446686, ,0.0,0.0,0,0,0,0,0,0,1,0
TF,TUTDU,42.698075,-73.452097,0, ,0.0,0.0,0.0,0.0,2,3500,0,0,0,0,0,0
TF,TROSI,42.755717,-73.516169,0, ,0.0,0.0,0.0,0.0,2,3500,0,0,0,0,1,0

FINAL,R28,28,R,4
IF,TROSI,42.755717,-73.516169, ,0.0,0.0,2,3500,0,0,0,0,0,0
TF,YAKUT,42.753742,-73.608883,0, ,0.0,0.0,281.0,4.1,2,2500,0,0,0,0,0,0
TF,SIMAY,42.752708,-73.656106,0, ,0.0,0.0,281.0,2.1,2,2200,0,0,0,0,2,0
TF,RW28,42.749678,-73.789736,0, ,0.0,0.0,281.0,5.9,1,318,0,0,0,0,3,1
CA,0,281.0,2,685,0,0,0,0,0,0
DF,ZEJAY,42.746464,-73.923800,0, ,0.0,0.0,0,0,0,0,0,0,0,0
TF,MARIA,42.834100,-74.216806,0, ,0.0,0.0,0.0,0.0,2,3500,0,0,0,0,0,1
HM,MARIA,42.834100,-74.216806,2, ,0.0,0.0,119.0,04,0,0,0,0,0,0,0,0,0

APPTR,S28,28,ALB
IF,ALB,42.747281,-73.803186, ,0.0,0.0,0,0,0,0,0,0,0,0
TF,LANGY,42.761106,-73.668756,0, ,0.0,0.0,0.0,0.0,2,3300,0,0,0,0,0,0
PI,LANGY,42.761106,-73.668756,2,ALB,50.0,10.0,095,5.0,2,3300,0,0,0,0,1,0
CF,LANGY,42.761106,-73.668756,0,ALB,95.0,6.0,275.0,8.0,2,2300,0,0,0,0,0,0

FINAL,S28,28,D,2
IF,LANGY,42.761106,-73.668756,ALB,95.0,6.0,2,2300,0,0,0,0,2,0
CF,RW28,42.749678,-73.789736,0,ALB,89.4,0.6,275.0,5.4,1,341,0,0,0,0,3,0
CF,ALB,42.747281,-73.803186,0,ALB,0.0,0.0,275.0,0.6,2,685,0,0,0,0,0,0
CA,0,275.0,2,3000,0,0,0,0,0,0
DF,ALB,42.747281,-73.803186,1, ,0.0,0.0,2,4000,0,0,0,0,0,0
HM,ALB,42.747281,-73.803186,2, ,0.0,0.0,103.0,04.3,0,0,0,0,0,0,0,0,0

