APPTR,D02-B,02,CONHI
IF,CONHI,37.397903,-105.465369, ,0.0,0.0,0,0,0,0,0,0,1,0
AF,UJYOY,37.584169,-105.616211,1,ALS,21.0,17.0,67.0,2,15800,0,0,0,0,0,0
AF,EKSUW,37.623131,-105.723231,1,ALS,2.0,17.0,21.0,2,13000,0,0,0,0,0,0
AF,DANNE,37.606142,-105.966822,1,ALS,321.9,17.0,2.0,2,10000,0,0,0,0,0,0

APPTR,D02-B,02,DANNE
HF,DANNE,37.606142,-105.966822,2, ,0.0,0.0,142.0,04.3,2,10000,0,0,0,0,1,0,0

APPTR,D02-B,02,EKSUW
IF,EKSUW,37.623131,-105.723231, ,0.0,0.0,0,0,0,0,0,0,1,0
AF,DANNE,37.606142,-105.966822,1,ALS,321.9,17.0,2.0,2,10000,0,0,0,0,0,0

APPTR,D02-B,02,ICORY
IF,ICORY,37.808503,-106.037872, ,0.0,0.0,0,0,0,0,0,0,1,0
TF,CFFMD,37.773842,-106.066192,0, ,0.0,0.0,0.0,0.0,2,10000,0,0,0,0,0,0
TF,DANNE,37.606142,-105.966822,0, ,0.0,0.0,0.0,0.0,2,10000,0,0,0,0,0,0

APPTR,D02-B,02,TUYPI
IF,TUYPI,37.993661,-105.597264, ,0.0,0.0,0,0,0,0,0,0,0,0
TF,TUZDO,37.832581,-105.652189,0, ,0.0,0.0,0.0,0.0,2,16500,0,0,0,0,0,0
TF,EKSUW,37.623131,-105.723231,0, ,0.0,0.0,0.0,0.0,2,13000,0,0,0,0,1,0
AF,DANNE,37.606142,-105.966822,1,ALS,321.9,17.0,2.0,2,10000,0,0,0,0,0,0

FINAL,D02-B,02,D,3
IF,DANNE,37.606142,-105.966822,ALS,321.9,17.0,2,10000,0,0,0,0,0,0
CF,EKULY,37.515356,-105.913244,0,ALS,321.9,11.0,142.0,6.0,2,9100,0,0,0,0,2,0
CF,CUXAM,37.441486,-105.869756,0,ALS,321.9,6.1,142.0,4.9,1,8100,0,0,0,0,3,1
DF,ALS,37.349158,-105.815536,0, ,0.0,0.0,2,10700,0,0,0,0,0,0
HM,ALS,37.349158,-105.815536,2, ,0.0,0.0,141.0,04.3,0,0,0,0,0,0,0,0,0

APPTR,D20-B,20,CONHI
IF,CONHI,37.397903,-105.465369, ,0.0,0.0,0,0,0,0,0,0,1,0
AF,UJYOY,37.584169,-105.616211,1,ALS,21.0,17.0,67.0,2,15800,0,0,0,0,0,0
AF,EKSUW,37.623131,-105.723231,1,ALS,2.0,17.0,21.0,2,13000,0,0,0,0,0,0
AF,DANNE,37.606142,-105.966822,1,ALS,321.9,17.0,2.0,2,10000,0,0,0,0,0,0

APPTR,D20-B,20,DANNE
HF,DANNE,37.606142,-105.966822,2, ,0.0,0.0,142.0,04.3,2,10000,0,0,0,0,1,0,0

APPTR,D20-B,20,EKSUW
IF,EKSUW,37.623131,-105.723231, ,0.0,0.0,0,0,0,0,0,0,1,0
AF,DANNE,37.606142,-105.966822,1,ALS,321.9,17.0,2.0,2,10000,0,0,0,0,0,0

APPTR,D20-B,20,ICORY
IF,ICORY,37.808503,-106.037872, ,0.0,0.0,0,0,0,0,0,0,1,0
TF,CFFMD,37.773842,-106.066192,0, ,0.0,0.0,0.0,0.0,2,10000,0,0,0,0,0,0
TF,DANNE,37.606142,-105.966822,0, ,0.0,0.0,0.0,0.0,2,10000,0,0,0,0,0,0

APPTR,D20-B,20,TUYPI
IF,TUYPI,37.993661,-105.597264, ,0.0,0.0,0,0,0,0,0,0,0,0
TF,TUZDO,37.832581,-105.652189,0, ,0.0,0.0,0.0,0.0,2,16500,0,0,0,0,0,0
TF,EKSUW,37.623131,-105.723231,0, ,0.0,0.0,0.0,0.0,2,13000,0,0,0,0,1,0
AF,DANNE,37.606142,-105.966822,1,ALS,321.9,17.0,2.0,2,10000,0,0,0,0,0,0

FINAL,D20-B,20,D,3
IF,DANNE,37.606142,-105.966822,ALS,321.9,17.0,2,10000,0,0,0,0,0,0
CF,EKULY,37.515356,-105.913244,0,ALS,321.9,11.0,142.0,6.0,2,9100,0,0,0,0,2,0
CF,CUXAM,37.441486,-105.869756,0,ALS,321.9,6.1,142.0,4.9,1,8100,0,0,0,0,3,1
DF,ALS,37.349158,-105.815536,0, ,0.0,0.0,2,10700,0,0,0,0,0,0
HM,ALS,37.349158,-105.815536,2, ,0.0,0.0,141.0,04.3,0,0,0,0,0,0,0,0,0

APPTR,I02,02,ALS
IF,ALS,37.349158,-105.815536, ,0.0,0.0,0,0,0,0,0,0,0,0
TF,RODDS,37.204908,-106.045997,0, ,0.0,0.0,0.0,0.0,2,12200,0,0,0,0,0,0
HF,RODDS,37.204908,-106.045997,2, ,0.0,0.0,39.0,04.3,2,12200,0,0,0,0,1,0,0
CF,KROWZ,37.316192,-105.960058,0,IVQR,202.8,9.3,23.0,7.8,2,9800,0,0,0,0,0,0

APPTR,I02,02,LYSSA
IF,LYSSA,37.116333,-105.844297, ,0.0,0.0,0,0,0,0,0,0,1,0
AF,RODDS,37.204908,-106.045997,2,ALS,219.0,14.0,173.0,2,12200,0,0,0,0,0,0
CF,KROWZ,37.316192,-105.960058,0,IVQR,202.8,9.3,23.0,7.8,2,9800,0,0,0,0,0,0

APPTR,I02,02,WAPRE
IF,WAPRE,37.143217,-106.144075, ,0.0,0.0,0,0,0,0,0,0,1,0
TF,RODDS,37.204908,-106.045997,0, ,0.0,0.0,0.0,0.0,2,12200,0,0,0,0,0,0
CF,KROWZ,37.316192,-105.960058,0,IVQR,202.8,9.3,23.0,7.8,2,9800,0,0,0,0,0,0

FINAL,I02,02,I,3
IF,KROWZ,37.316192,-105.960058,IVQR,202.8,9.3,2,9800,0,0,0,0,0,0
CF,BREZE,37.348889,-105.934747,0,IVQR,202.8,7.0,23.0,2.3,1,9300,0,0,0,0,2,0
CF,RW02,37.425183,-105.875597,0,IVQR,202.8,1.6,23.0,5.4,1,7587,0,0,0,0,3,0
CA,0,23.0,2,8700,0,0,0,0,0,0
DF,ALS,37.349158,-105.815536,2, ,0.0,0.0,2,10000,0,0,0,0,0,0
HM,ALS,37.349158,-105.815536,2, ,0.0,0.0,142.0,04.3,0,0,0,0,0,0,0,0,0

APPTR,R02,02,ALS
IF,ALS,37.349158,-105.815536, ,0.0,0.0,0,0,0,0,0,0,0,0
TF,RODDS,37.204908,-106.045997,0, ,0.0,0.0,0.0,0.0,2,12200,0,0,0,0,0,1
HF,RODDS,37.204908,-106.045997,2, ,0.0,0.0,23.0,07,2,12200,0,0,0,0,1,0,0

APPTR,R02,02,GEMKY
IF,GEMKY,37.223331,-106.311025, ,0.0,0.0,0,0,0,0,0,0,1,0
TF,RODDS,37.204908,-106.045997,0, ,0.0,0.0,0.0,0.0,2,12200,0,0,0,0,0,0

APPTR,R02,02,WAPRE
IF,WAPRE,37.143217,-106.144075, ,0.0,0.0,0,0,0,0,0,0,1,0
TF,RODDS,37.204908,-106.045997,0, ,0.0,0.0,0.0,0.0,2,12200,0,0,0,0,0,0

APPTR,R02,02,ZOTOS
IF,ZOTOS,36.990781,-105.859736, ,0.0,0.0,0,0,0,0,0,0,0,0
TF,VEPUY,37.069064,-106.005469,0, ,0.0,0.0,0.0,0.0,2,12200,0,0,0,0,1,0
TF,RODDS,37.204908,-106.045997,0, ,0.0,0.0,0.0,0.0,2,12200,0,0,0,0,0,0

FINAL,R02,02,R,5
IF,RODDS,37.204908,-106.045997, ,0.0,0.0,2,12200,0,0,0,0,0,0
TF,KROWZ,37.316192,-105.960058,0, ,0.0,0.0,23.0,7.8,2,9800,0,0,0,0,0,0
TF,BREZE,37.348889,-105.934747,0, ,0.0,0.0,23.0,2.3,2,9300,0,0,0,0,2,0
TF,XOGSY,37.403900,-105.892111,0, ,0.0,0.0,23.0,3.9,2,8060,0,0,0,0,0,0
TF,RW02,37.425183,-105.875597,0, ,0.0,0.0,23.0,1.5,1,7587,0,0,0,0,3,1
CA,0,23.0,2,7739,0,0,0,0,0,0
DF,JADGU,37.605517,-105.735208,0, ,0.0,0.0,2,10500,0,0,0,0,0,1
HM,JADGU,37.605517,-105.735208,2, ,0.0,0.0,155.0,07,0,0,0,0,0,0,0,0,0

APPTR,R20,20,ALS
IF,ALS,37.349158,-105.815536, ,0.0,0.0,0,0,0,0,0,0,0,0
TF,JADGU,37.605517,-105.735208,0, ,0.0,0.0,0.0,0.0,2,10800,0,0,0,0,0,1
HF,JADGU,37.605517,-105.735208,2, ,0.0,0.0,188.0,07,2,10800,0,0,0,0,1,0,0

APPTR,R20,20,GEMKY
IF,GEMKY,37.223331,-106.311025, ,0.0,0.0,0,0,0,0,0,0,0,0
TF,HOPOR,37.405417,-106.037939,0, ,0.0,0.0,0.0,0.0,2,12400,0,0,0,0,0,0
TF,JADGU,37.605517,-105.735208,0, ,0.0,0.0,0.0,0.0,2,10800,0,0,0,0,0,1
HF,JADGU,37.605517,-105.735208,2, ,0.0,0.0,188.0,07,2,10800,0,0,0,0,1,0,0

APPTR,R20,20,ICORY
IF,ICORY,37.808503,-106.037872, ,0.0,0.0,0,0,0,0,0,0,0,0
TF,LUYEL,37.763708,-105.800953,0, ,0.0,0.0,0.0,0.0,2,10800,0,0,0,0,1,0
TF,JADGU,37.605517,-105.735208,0, ,0.0,0.0,0.0,0.0,2,10800,0,0,0,0,1,0

FINAL,R20,20,R,3
IF,JADGU,37.605517,-105.735208, ,0.0,0.0,2,10800,0,0,0,0,0,0
TF,KABPE,37.520078,-105.801822,0, ,0.0,0.0,203.0,6.0,2,9300,0,0,0,0,2,0
TF,RW20,37.445069,-105.860156,0, ,0.0,0.0,203.0,5.3,1,7591,0,0,0,0,3,1
DF,RODDS,37.204908,-106.045997,0, ,0.0,0.0,2,11500,0,0,0,0,0,1
HM,RODDS,37.204908,-106.045997,1, ,0.0,0.0,203.0,07,0,0,0,0,0,0,0,0,0

APPTR,V02-A,02,MASSA
IF,MASSA,37.249500,-105.827875, ,0.0,0.0,0,0,0,0,0,0,0,0
TF,ALS,37.349158,-105.815536,0, ,0.0,0.0,0.0,0.0,2,10700,0,0,0,0,0,0
PI,ALS,37.349158,-105.815536,2,ALS,69.0,10.0,114,5.0,2,10700,0,0,0,0,1,0
CF,ALS,37.349158,-105.815536,0,ALS,0.0,0.0,294.0,8.0,2,9600,0,0,0,0,0,0

APPTR,V02-A,02,TUYPI
IF,TUYPI,37.993661,-105.597264, ,0.0,0.0,0,0,0,0,0,0,0,0
TF,TUZDO,37.832581,-105.652189,0, ,0.0,0.0,0.0,0.0,2,16500,0,0,0,0,0,0
TF,EKSUW,37.623131,-105.723231,0, ,0.0,0.0,0.0,0.0,2,13000,0,0,0,0,0,0
TF,ALS,37.349158,-105.815536,0, ,0.0,0.0,0.0,0.0,2,10700,0,0,0,0,0,0
PI,ALS,37.349158,-105.815536,2,ALS,69.0,10.0,114,5.0,2,10700,0,0,0,0,1,0
CF,ALS,37.349158,-105.815536,0,ALS,0.0,0.0,294.0,8.0,2,9600,0,0,0,0,0,0

APPTR,V02-A,02,UBBUF
IF,UBBUF,37.066831,-105.943739, ,0.0,0.0,2,15300,0,0,0,0,0,0
TF,ALS,37.349158,-105.815536,0, ,0.0,0.0,0.0,0.0,2,11700,0,0,0,0,0,0
PI,ALS,37.349158,-105.815536,2,ALS,69.0,10.0,114,5.0,2,10700,0,0,0,0,1,0
CF,ALS,37.349158,-105.815536,0,ALS,0.0,0.0,294.0,8.0,2,9600,0,0,0,0,0,0

FINAL,V02-A,02,D,2
IF,ALS,37.349158,-105.815536,ALS,0.0,0.0,2,9600,0,0,0,0,2,0
CF,MAPLN,37.429517,-105.864383,0,ALS,321.1,5.4,321.0,5.4,1,8100,0,0,0,0,3,1
DF,ALS,37.349158,-105.815536,2, ,0.0,0.0,2,10700,0,0,0,0,0,0
HM,ALS,37.349158,-105.815536,2, ,0.0,0.0,141.0,04.3,0,0,0,0,0,0,0,0,0

APPTR,V20-A,20,MASSA
IF,MASSA,37.249500,-105.827875, ,0.0,0.0,0,0,0,0,0,0,0,0
TF,ALS,37.349158,-105.815536,0, ,0.0,0.0,0.0,0.0,2,10700,0,0,0,0,0,0
PI,ALS,37.349158,-105.815536,2,ALS,69.0,10.0,114,5.0,2,10700,0,0,0,0,1,0
CF,ALS,37.349158,-105.815536,0,ALS,0.0,0.0,294.0,8.0,2,9600,0,0,0,0,0,0

APPTR,V20-A,20,TUYPI
IF,TUYPI,37.993661,-105.597264, ,0.0,0.0,0,0,0,0,0,0,0,0
TF,TUZDO,37.832581,-105.652189,0, ,0.0,0.0,0.0,0.0,2,16500,0,0,0,0,0,0
TF,EKSUW,37.623131,-105.723231,0, ,0.0,0.0,0.0,0.0,2,13000,0,0,0,0,0,0
TF,ALS,37.349158,-105.815536,0, ,0.0,0.0,0.0,0.0,2,10700,0,0,0,0,0,0
PI,ALS,37.349158,-105.815536,2,ALS,69.0,10.0,114,5.0,2,10700,0,0,0,0,1,0
CF,ALS,37.349158,-105.815536,0,ALS,0.0,0.0,294.0,8.0,2,9600,0,0,0,0,0,0

APPTR,V20-A,20,UBBUF
IF,UBBUF,37.066831,-105.943739, ,0.0,0.0,2,15300,0,0,0,0,0,0
TF,ALS,37.349158,-105.815536,0, ,0.0,0.0,0.0,0.0,2,11700,0,0,0,0,0,0
PI,ALS,37.349158,-105.815536,2,ALS,69.0,10.0,114,5.0,2,10700,0,0,0,0,1,0
CF,ALS,37.349158,-105.815536,0,ALS,0.0,0.0,294.0,8.0,2,9600,0,0,0,0,0,0

FINAL,V20-A,20,D,2
IF,ALS,37.349158,-105.815536,ALS,0.0,0.0,2,9600,0,0,0,0,2,0
CF,MAPLN,37.429517,-105.864383,0,ALS,321.1,5.4,321.0,5.4,1,8100,0,0,0,0,3,1
DF,ALS,37.349158,-105.815536,2, ,0.0,0.0,2,10700,0,0,0,0,0,0
HM,ALS,37.349158,-105.815536,2, ,0.0,0.0,141.0,04.3,0,0,0,0,0,0,0,0,0

