APPTR,D02,02,ALW
IF,ALW,46.086975,-118.292536, ,0.0,0.0,0,0,0,0,0,0,0,0
TF,ORAHU,46.018603,-118.361694,0, ,0.0,0.0,0.0,0.0,2,6000,0,0,0,0,0,0
PI,ORAHU,46.018603,-118.361694,1,ALW,240.0,10.0,195,5.0,2,4800,0,0,0,0,1,0
CF,CUCAB,45.977983,-118.402708,0,ALW,195.2,8.0,15.0,7.0,2,3500,0,0,0,0,0,0

FINAL,D02,02,D,3
IF,CUCAB,45.977983,-118.402708,ALW,195.2,8.0,2,3500,0,0,0,0,0,0
CF,ORAHU,46.018603,-118.361694,0,ALW,195.2,5.0,15.0,3.0,2,2800,0,0,0,0,2,0
CF,ALW,46.086975,-118.292536,0,ALW,0.0,0.0,15.0,5.0,1,1580,0,0,0,0,3,0
CA,0,15.0,2,1594,0,0,0,0,0,0
FA,ALW,46.086975,-118.292536,1,ALW,0.0,0.0,195.0,2,3300,0,0,0,0,0,0
DF,ALW,46.086975,-118.292536,2, ,0.0,0.0,0,0,0,0,0,0,0,0
HM,ALW,46.086975,-118.292536,1, ,0.0,0.0,15.0,04.3,0,0,0,0,0,0,0,0,0

APPTR,I20-Y,20,ALW
IF,ALW,46.086975,-118.292536, ,0.0,0.0,0,0,0,0,0,0,0,0
TF,AL,46.175567,-118.196358,0, ,0.0,0.0,0.0,0.0,4,6000,5200,0,0,0,0,0
PI,AL,46.175567,-118.196358,2,ALW,331.0,10.0,016,5.0,2,3700,0,0,0,0,1,0

APPTR,I20-Y,20,DATES
IF,DATES,46.319317,-118.190378, ,0.0,0.0,0,0,0,0,0,0,0,0
TF,AL,46.175567,-118.196358,0, ,0.0,0.0,0.0,0.0,4,6000,4800,0,0,0,0,0
PI,AL,46.175567,-118.196358,2,ALW,331.0,10.0,016,5.0,2,3700,0,0,0,0,1,0

APPTR,I20-Y,20,RENGO
IF,RENGO,46.335600,-117.845019, ,0.0,0.0,0,0,0,0,0,0,1,0
CF,HOLOW,46.325489,-118.037822,0,IALW,16.2,18.1,246.0,8.0,2,6200,0,0,0,0,1,0

FINAL,I20-Y,20,I,3
IF,HOLOW,46.325489,-118.037822,IALW,16.2,18.1,2,6200,0,0,0,0,0,0
CF,COSUV,46.182314,-118.189508,0,IALW,16.2,7.4,196.0,10.7,1,3200,0,0,0,0,2,0
CF,RW20,46.099767,-118.276489,0,IALW,16.2,1.3,196.0,6.1,1,1244,0,0,0,0,3,0
CA,0,196.0,2,1800,0,0,0,0,0,0
VI,2, ,0.0,340.0,0,0,0,0,0,0,0,0
CF,BACUN,46.304456,-118.486789,0,ALW,308.3,15.4,308.0,9.0,2,4000,0,0,0,0,0,0
HM,BACUN,46.304456,-118.486789,2, ,0.0,0.0,128.0,04.3,0,0,0,0,0,0,0,0,0

APPTR,I20-Z,20,BUTOC
IF,BUTOC,46.320861,-118.158631, ,0.0,0.0,0,0,0,0,0,0,1,0
TF,CFFNW,46.278161,-118.088061,0, ,0.0,0.0,0.0,0.0,2,4600,0,0,0,0,0,0
TF,RIRRO,46.251603,-118.116239,0, ,0.0,0.0,0.0,0.0,2,4600,0,0,0,0,0,0
CF,ZALBI,46.203256,-118.167389,0,IALW,16.2,9.0,196.0,3.6,2,3600,0,0,0,0,0,0

APPTR,I20-Z,20,RENGO
IF,RENGO,46.335600,-117.845019, ,0.0,0.0,0,0,0,0,0,0,0,0
TF,HOLOW,46.325489,-118.037822,0, ,0.0,0.0,0.0,0.0,2,6200,0,0,0,0,1,0
TF,RIRRO,46.251603,-118.116239,0, ,0.0,0.0,0.0,0.0,2,4600,0,0,0,0,0,0
CF,ZALBI,46.203256,-118.167389,0,IALW,16.2,9.0,196.0,3.6,2,3600,0,0,0,0,0,0

FINAL,I20-Z,20,I,3
IF,ZALBI,46.203256,-118.167389,IALW,16.2,9.0,2,3600,0,0,0,0,0,0
CF,COSUV,46.182314,-118.189508,0,IALW,16.2,7.4,196.0,1.6,1,3200,0,0,0,0,2,0
CF,RW20,46.099767,-118.276489,0,IALW,16.2,1.3,196.0,6.1,1,1244,0,0,0,0,3,0
CA,0,196.0,2,1800,0,0,0,0,0,0
VI,2, ,0.0,340.0,0,0,0,0,0,0,0,0
CF,BACUN,46.304456,-118.486789,0,ALW,308.3,15.4,308.0,9.0,2,4000,0,0,0,0,0,0
HM,BACUN,46.304456,-118.486789,2, ,0.0,0.0,128.0,04.3,0,0,0,0,0,0,0,0,0

APPTR,L20-Y,20,ALW
IF,ALW,46.086975,-118.292536, ,0.0,0.0,0,0,0,0,0,0,0,0
TF,AL,46.175567,-118.196358,0, ,0.0,0.0,0.0,0.0,4,6000,5200,0,0,0,0,0
PI,AL,46.175567,-118.196358,2,ALW,331.0,10.0,016,5.0,2,3700,0,0,0,0,1,0

APPTR,L20-Y,20,DATES
IF,DATES,46.319317,-118.190378, ,0.0,0.0,0,0,0,0,0,0,0,0
TF,AL,46.175567,-118.196358,0, ,0.0,0.0,0.0,0.0,4,6000,4800,0,0,0,0,0
PI,AL,46.175567,-118.196358,2,ALW,331.0,10.0,016,5.0,2,3700,0,0,0,0,1,0

APPTR,L20-Y,20,RENGO
IF,RENGO,46.335600,-117.845019, ,0.0,0.0,0,0,0,0,0,0,1,0
CF,HOLOW,46.325489,-118.037822,0,IALW,16.2,18.1,246.0,8.0,2,6200,0,0,0,0,1,0

FINAL,L20-Y,20,D,4
IF,HOLOW,46.325489,-118.037822,IALW,16.2,18.1,2,6200,0,0,0,0,0,0
CF,AL,46.175567,-118.196358,0,IALW,16.3,6.9,196.0,11.2,2,3200,0,0,0,0,2,0
CF,HIVOP,46.140233,-118.233889,0,IALW,16.2,4.3,196.0,3.1,2,2280,0,0,0,0,0,0
CF,RW20,46.099767,-118.276489,0,IALW,16.2,1.3,196.0,3.0,1,1244,0,0,0,0,3,0
CA,0,196.0,2,1800,0,0,0,0,0,0
VI,2, ,0.0,340.0,0,0,0,0,0,0,0,0
CF,BACUN,46.304456,-118.486789,0,ALW,308.3,15.4,308.0,9.0,2,4000,0,0,0,0,0,0
HM,BACUN,46.304456,-118.486789,2, ,0.0,0.0,128.0,04.3,0,0,0,0,0,0,0,0,0

APPTR,R02,02,TACUP
IF,TACUP,46.061906,-118.691042, ,0.0,0.0,0,0,0,0,0,0,0,0
TF,ZUMPU,45.979994,-118.622514,0, ,0.0,0.0,0.0,0.0,2,4400,0,0,0,0,1,0
TF,CILON,45.917617,-118.467283,0, ,0.0,0.0,0.0,0.0,2,3900,0,0,0,0,1,0

APPTR,R02,02,TOLGA
IF,TOLGA,45.881117,-118.210908, ,0.0,0.0,0,0,0,0,0,0,0,0
TF,ZETIG,45.903706,-118.369031,0, ,0.0,0.0,0.0,0.0,2,6000,0,0,0,0,0,0
TF,CILON,45.917617,-118.467283,0, ,0.0,0.0,0.0,0.0,2,3900,0,0,0,0,0,1
HF,CILON,45.917617,-118.467283,2, ,0.0,0.0,16.0,04,2,3900,0,0,0,0,1,0,0

FINAL,R02,02,R,3
IF,CILON,45.917617,-118.467283, ,0.0,0.0,2,3900,0,0,0,0,0,0
TF,HIPUX,46.017683,-118.362656,0, ,0.0,0.0,16.0,7.4,2,2800,0,0,0,0,2,0
TF,RW02,46.085322,-118.291678,0, ,0.0,0.0,16.0,5.0,1,1199,0,0,0,0,3,1
CA,0,16.0,2,1373,0,0,0,0,0,0
DF,COSUV,46.182314,-118.189508,0, ,0.0,0.0,0,0,0,0,0,0,0,0
TF,DATES,46.319317,-118.190378,0, ,0.0,0.0,0.0,0.0,2,4000,0,0,0,0,0,1
HM,DATES,46.319317,-118.190378,2, ,0.0,0.0,65.0,04,0,0,0,0,0,0,0,0,0

APPTR,R20,20,ALW
IF,ALW,46.086975,-118.292536, ,0.0,0.0,0,0,0,0,0,0,0,0
TF,KIMIW,46.261672,-118.105575,0, ,0.0,0.0,0.0,0.0,2,4600,0,0,0,0,0,1
HF,KIMIW,46.261672,-118.105575,2, ,0.0,0.0,196.0,05,2,4600,0,0,0,0,1,0,0

APPTR,R20,20,BACUN
IF,BACUN,46.304456,-118.486789, ,0.0,0.0,0,0,0,0,0,0,0,0
TF,KIMIW,46.261672,-118.105575,0, ,0.0,0.0,0.0,0.0,2,4600,0,0,0,0,0,1
HF,KIMIW,46.261672,-118.105575,2, ,0.0,0.0,196.0,05,2,4600,0,0,0,0,1,0,0

APPTR,R20,20,RENGO
IF,RENGO,46.335600,-117.845019, ,0.0,0.0,0,0,0,0,0,0,0,0
TF,YALLO,46.299794,-117.961947,0, ,0.0,0.0,0.0,0.0,2,6000,0,0,0,0,1,0
TF,KIMIW,46.261672,-118.105575,0, ,0.0,0.0,0.0,0.0,2,4600,0,0,0,0,1,0

FINAL,R20,20,R,4
IF,KIMIW,46.261672,-118.105575, ,0.0,0.0,2,4600,0,0,0,0,0,0
TF,COSUV,46.182314,-118.189508,0, ,0.0,0.0,196.0,5.9,2,3200,0,0,0,0,2,0
TF,WACKE,46.149508,-118.224117,0, ,0.0,0.0,196.0,2.4,2,2420,0,0,0,0,0,0
TF,RW20,46.099767,-118.276489,0, ,0.0,0.0,196.0,3.7,1,1244,0,0,0,0,3,1
CA,0,196.0,2,1394,0,0,0,0,0,0
DF,CILON,45.917617,-118.467283,0, ,0.0,0.0,2,4000,0,0,0,0,0,1
HM,CILON,45.917617,-118.467283,2, ,0.0,0.0,16.0,04,0,0,0,0,0,0,0,0,0

APPTR,S20,20,ALW
IF,ALW,46.086975,-118.292536, ,0.0,0.0,0,0,0,0,0,0,0,0
TF,TRINA,46.175656,-118.196528,0, ,0.0,0.0,0.0,0.0,2,5200,0,0,0,0,0,0
PI,TRINA,46.175656,-118.196528,2,ALW,332.0,10.0,017,5.0,2,4900,0,0,0,0,1,0

APPTR,S20,20,BUTOC
IF,BUTOC,46.320861,-118.158631, ,0.0,0.0,0,0,0,0,0,0,1,0
AF,HODIM,46.286575,-118.075283,2,ALW,17.0,15.0,2.0,2,3800,0,0,0,0,1,0

FINAL,S20,20,D,4
IF,HODIM,46.286575,-118.075283,ALW,17.0,15.0,2,3800,0,0,0,0,0,0
CF,TRINA,46.175656,-118.196528,0,ALW,16.9,6.7,197.0,8.4,2,3200,0,0,0,0,2,0
CF,JOSBO,46.140181,-118.234825,0,ALW,17.0,4.0,197.0,2.7,2,2120,0,0,0,0,0,0
CF,RW20,46.099767,-118.276489,0,ALW,21.1,0.0,197.0,3.0,1,1244,0,0,0,0,3,0
CF,ALW,46.086975,-118.292536,0,ALW,0.0,0.0,197.0,1.0,0,0,0,0,0,0,0,1
CA,0,197.0,2,2300,0,0,0,0,0,0
DF,TRINA,46.175656,-118.196528,2, ,0.0,0.0,2,4000,0,0,0,0,0,0
HM,TRINA,46.175656,-118.196528,2, ,0.0,0.0,197.0,04.3,0,0,0,0,0,0,0,0,0

