APPTR,L36,36,KRSMS
IF,KRSMS,45.885286,-90.026275, ,0.0,0.0,0,0,0,0,0,0,0,0
TF,DOUGY,45.834711,-89.730261,0, ,0.0,0.0,0.0,0.0,2,3300,0,0,0,0,0,0
PI,DOUGY,45.834711,-89.730261,1,RHI,226.0,10.0,181,5.0,2,3300,0,0,0,0,1,0

APPTR,L36,36,RHI
FC,RHI,45.633775,-89.457789,0,RHI,0.0,0.0,296.0,8.9,2,3200,0,0,0,0,1,0
CF,KAPNE,45.734419,-89.727561,0,IDOF,180.9,12.5,296.0,4.0,2,3200,0,0,0,0,1,0

FINAL,L36,36,D,4
IF,KAPNE,45.734419,-89.727561,IDOF,180.9,12.5,2,3200,0,0,0,0,0,0
CF,DOUGY,45.834711,-89.730261,0,IDOF,180.9,6.5,1.0,6.0,2,3200,0,0,0,0,2,0
CF,EBIWE,45.898617,-89.731981,0,IDOF,180.9,2.6,1.0,3.8,2,2100,0,0,0,0,0,0
CF,RW36,45.923606,-89.732647,0,IDOF,180.9,1.1,1.0,1.5,1,1674,0,0,0,0,3,0
CA,0,1.0,2,3300,0,0,0,0,0,0
DF,DOUGY,45.834711,-89.730261,2, ,0.0,0.0,0,0,0,0,0,0,0,0
HM,DOUGY,45.834711,-89.730261,1, ,0.0,0.0,1.0,04.3,0,0,0,0,0,0,0,0,0

APPTR,N28,28,KRSMS
IF,KRSMS,45.885286,-90.026275, ,0.0,0.0,0,0,0,0,0,0,0,0
TF,ARV,45.926764,-89.728525,0, ,0.0,0.0,0.0,0.0,2,3300,0,0,0,0,0,0
TF,SAYNE,45.906775,-89.648628,0, ,0.0,0.0,0.0,0.0,2,3300,0,0,0,0,0,0
PI,SAYNE,45.906775,-89.648628,2,RHI,66.0,10.0,111,5.0,2,3300,0,0,0,0,1,0
CF,SAYNE,45.906775,-89.648628,0,RHI,332.0,18.2,291.0,8.0,2,2700,0,0,0,0,0,0

FINAL,N28,28,N,2
IF,SAYNE,45.906775,-89.648628,ARV,0.0,0.0,2,2700,0,0,0,0,2,0
CF,RW28,45.923106,-89.721281,0,ARV,0.0,0.0,291.0,3.2,1,1660,0,0,0,0,3,0
CF,ARV,45.926764,-89.728525,0,RHI,325.2,20.9,291.0,0.4,0,0,0,0,0,0,0,0
CA,0,291.0,2,3300,0,0,0,0,0,0
DF,ARV,45.926764,-89.728525,1, ,0.0,0.0,0,0,0,0,0,0,0,0
HM,ARV,45.926764,-89.728525,2, ,0.0,0.0,291.0,04.3,0,0,0,0,0,0,0,0,0

APPTR,R18,18,DINER
IF,DINER,46.202561,-89.180083, ,0.0,0.0,0,0,0,0,0,0,0,0
TF,FEGOG,46.118300,-89.618061,0, ,0.0,0.0,0.0,0.0,2,3400,0,0,0,0,1,0
TF,MIGPY,46.116808,-89.737836,0, ,0.0,0.0,0.0,0.0,2,3300,0,0,0,0,1,0

APPTR,R18,18,IWD
IF,IWD,46.532256,-90.125850, ,0.0,0.0,0,0,0,0,0,0,0,0
TF,ICEGY,46.115189,-89.857606,0, ,0.0,0.0,0.0,0.0,2,3300,0,0,0,0,1,0
TF,MIGPY,46.116808,-89.737836,0, ,0.0,0.0,0.0,0.0,2,3300,0,0,0,0,1,0

APPTR,R18,18,MIGPY
HF,MIGPY,46.116808,-89.737836,2, ,0.0,0.0,181.0,04,2,3300,0,0,0,0,1,0,0

FINAL,R18,18,R,4
IF,MIGPY,46.116808,-89.737836, ,0.0,0.0,2,3300,0,0,0,0,0,0
TF,PEHEK,46.016550,-89.735142,0, ,0.0,0.0,181.0,6.0,2,3200,0,0,0,0,2,0
TF,RAMIW,45.966044,-89.733786,0, ,0.0,0.0,181.0,3.0,2,2200,0,0,0,0,0,0
TF,RW18,45.937725,-89.733028,0, ,0.0,0.0,181.0,1.7,1,1674,0,0,0,0,3,1
DF,CEPMU,45.844531,-89.730536,0, ,0.0,0.0,0,0,0,0,0,0,0,0
TF,KRSMS,45.885286,-90.026275,2, ,0.0,0.0,0.0,0.0,2,6000,0,0,0,0,0,1
HM,KRSMS,45.885286,-90.026275,2, ,0.0,0.0,123.0,04,0,0,0,0,0,0,0,0,0

APPTR,R28,28,DINER
IF,DINER,46.202561,-89.180083, ,0.0,0.0,0,0,0,0,0,0,0,0
TF,LAVGE,45.971761,-89.445931,0, ,0.0,0.0,0.0,0.0,2,3400,0,0,0,0,1,0
TF,FAXUV,45.889908,-89.468175,0, ,0.0,0.0,0.0,0.0,2,3300,0,0,0,0,1,0

APPTR,R28,28,RHI
IF,RHI,45.633775,-89.457789, ,0.0,0.0,0,0,0,0,0,0,0,0
TF,HASNI,45.808050,-89.490356,0, ,0.0,0.0,0.0,0.0,2,3300,0,0,0,0,1,0
TF,FAXUV,45.889908,-89.468175,0, ,0.0,0.0,0.0,0.0,2,3300,0,0,0,0,1,0

FINAL,R28,28,R,3
IF,FAXUV,45.889908,-89.468175, ,0.0,0.0,2,3300,0,0,0,0,0,0
TF,ANGIW,45.908489,-89.609275,0, ,0.0,0.0,283.0,6.0,2,3200,0,0,0,0,2,0
TF,RW28,45.923106,-89.721281,0, ,0.0,0.0,283.0,4.8,1,1660,0,0,0,0,3,1
CA,0,283.0,2,2030,0,0,0,0,0,0
DF,OBUVE,45.939336,-89.846711,0, ,0.0,0.0,0,0,0,0,0,0,0,0
TF,KRSMS,45.885286,-90.026275,0, ,0.0,0.0,0.0,0.0,2,6000,0,0,0,0,0,1
HM,KRSMS,45.885286,-90.026275,2, ,0.0,0.0,123.0,05,0,0,0,0,0,0,0,0,0

APPTR,R36,36,BAITS
IF,BAITS,45.323467,-90.328061, ,0.0,0.0,0,0,0,0,0,0,0,0
TF,JALEV,45.742567,-89.846833,0, ,0.0,0.0,0.0,0.0,2,3500,0,0,0,0,1,0
TF,GEJUV,45.744183,-89.727864,0, ,0.0,0.0,0.0,0.0,2,3200,0,0,0,0,1,0

APPTR,R36,36,RHI
IF,RHI,45.633775,-89.457789, ,0.0,0.0,0,0,0,0,0,0,0,0
TF,NAVTE,45.745678,-89.608889,0, ,0.0,0.0,0.0,0.0,2,3200,0,0,0,0,1,0
TF,GEJUV,45.744183,-89.727864,0, ,0.0,0.0,0.0,0.0,2,3200,0,0,0,0,1,0

FINAL,R36,36,R,4
IF,GEJUV,45.744183,-89.727864, ,0.0,0.0,2,3200,0,0,0,0,0,0
TF,CEPMU,45.844531,-89.730536,0, ,0.0,0.0,1.0,6.0,2,3200,0,0,0,0,2,0
TF,PESAE,45.895283,-89.731892,0, ,0.0,0.0,1.0,3.1,2,2200,0,0,0,0,0,0
TF,RW36,45.923606,-89.732647,0, ,0.0,0.0,1.0,1.7,1,1669,0,0,0,0,3,1
CA,0,1.0,2,1948,0,0,0,0,0,0
DF,MIGPY,46.116808,-89.737836,0, ,0.0,0.0,2,3300,0,0,0,0,0,1
HM,MIGPY,46.116808,-89.737836,2, ,0.0,0.0,181.0,04,0,0,0,0,0,0,0,0,0

