APPTR,D18,18,PCU
HF,PCU,30.561167,-89.730489,2, ,0.0,0.0,238.0,04.3,2,2000,0,0,0,0,1,0,0

FINAL,D18,18,D,3
IF,PCU,30.561167,-89.730489,PCU,0.0,0.0,2,2000,0,0,0,0,0,0
CF,CESOS,30.420239,-89.791011,0,PCU,195.4,9.0,195.0,9.0,2,1600,0,0,0,0,2,0
CF,RW18,30.350625,-89.820839,0,PCU,195.4,13.5,195.0,4.5,1,72,0,0,0,0,3,0
CA,0,195.0,2,430,0,0,0,0,0,0
DF,PCU,30.561167,-89.730489,2, ,0.0,0.0,2,2000,0,0,0,0,0,0
HM,PCU,30.561167,-89.730489,2, ,0.0,0.0,238.0,04.3,0,0,0,0,0,0,0,0,0

APPTR,R18,18,FRANK
IF,FRANK,30.549408,-90.000025, ,0.0,0.0,0,0,0,0,0,0,1,0
TF,TUCCO,30.510917,-89.822428,0, ,0.0,0.0,0.0,0.0,2,2000,0,0,0,0,1,0

APPTR,R18,18,TUCCO
HF,TUCCO,30.510917,-89.822428,2, ,0.0,0.0,178.0,04,2,2000,0,0,0,0,1,0,0

FINAL,R18,18,R,3
IF,TUCCO,30.510917,-89.822428, ,0.0,0.0,2,2000,0,0,0,0,0,0
TF,CIGAS,30.409139,-89.821422,0, ,0.0,0.0,178.0,6.1,2,1200,0,0,0,0,2,0
TF,RW18,30.350625,-89.820839,0, ,0.0,0.0,178.0,3.5,1,72,0,0,0,0,3,1
CA,0,178.0,2,400,0,0,0,0,0,0
DF,HOOTY,30.172417,-89.819089,0, ,0.0,0.0,2,2000,0,0,0,0,0,1
HM,HOOTY,30.172417,-89.819089,2, ,0.0,0.0,358.0,04,0,0,0,0,0,0,0,0,0

APPTR,R36,36,HOOTY
HF,HOOTY,30.172417,-89.819089,2, ,0.0,0.0,358.0,04,2,2000,0,0,0,0,1,0,0

APPTR,R36,36,MENTC
IF,MENTC,29.924917,-89.816661, ,0.0,0.0,0,0,0,0,0,0,1,0
TF,HOOTY,30.172417,-89.819089,0, ,0.0,0.0,0.0,0.0,2,2000,0,0,0,0,1,0

APPTR,R36,36,PCU
IF,PCU,30.561167,-89.730489, ,0.0,0.0,0,0,0,0,0,0,0,0
TF,DUFOS,30.173189,-89.703792,0, ,0.0,0.0,0.0,0.0,2,2000,0,0,0,0,1,0
TF,HOOTY,30.172417,-89.819089,0, ,0.0,0.0,0.0,0.0,2,2000,0,0,0,0,1,0

APPTR,R36,36,RYTHM
IF,RYTHM,30.540219,-90.202092, ,0.0,0.0,0,0,0,0,0,0,0,0
TF,FIKEL,30.171544,-89.934517,0, ,0.0,0.0,0.0,0.0,2,2000,0,0,0,0,1,0
TF,HOOTY,30.172417,-89.819089,0, ,0.0,0.0,0.0,0.0,2,2000,0,0,0,0,1,0

FINAL,R36,36,R,3
IF,HOOTY,30.172417,-89.819089, ,0.0,0.0,2,2000,0,0,0,0,0,0
TF,REKKO,30.275500,-89.820103,0, ,0.0,0.0,358.0,6.2,2,1300,0,0,0,0,2,0
TF,RW36,30.339469,-89.820733,0, ,0.0,0.0,358.0,3.8,1,71,0,0,0,0,3,1
CA,0,358.0,2,420,0,0,0,0,0,0
DF,TUCCO,30.510917,-89.822428,0, ,0.0,0.0,2,2000,0,0,0,0,0,1
HM,TUCCO,30.510917,-89.822428,2, ,0.0,0.0,178.0,04,0,0,0,0,0,0,0,0,0

