APPTR,R05,05,CROWD
IF,CROWD,27.667072,-81.961164, ,0.0,0.0,0,0,0,0,0,0,1,0
TF,FUPGE,27.427544,-81.711814,0, ,0.0,0.0,0.0,0.0,2,3000,0,0,0,0,1,0

APPTR,R05,05,FUPGE
HF,FUPGE,27.427544,-81.711814,2, ,0.0,0.0,50.0,04,2,3000,0,0,0,0,1,0,0

APPTR,R05,05,RINSE
IF,RINSE,27.205236,-81.592442, ,0.0,0.0,0,0,0,0,0,0,1,0
TF,FUPGE,27.427544,-81.711814,0, ,0.0,0.0,0.0,0.0,2,3000,0,0,0,0,1,0

FINAL,R05,05,R,3
IF,FUPGE,27.427544,-81.711814, ,0.0,0.0,2,3000,0,0,0,0,0,0
TF,PUBPO,27.519583,-81.608292,0, ,0.0,0.0,50.0,7.8,2,2000,0,0,0,0,2,0
TF,RW05,27.584481,-81.535139,0, ,0.0,0.0,50.0,5.5,1,220,0,0,0,0,3,1
DF,HEGAV,27.645756,-81.465953,0, ,0.0,0.0,0,0,0,0,0,0,0,0
TF,EVFAM,27.776011,-81.611719,0, ,0.0,0.0,0.0,0.0,0,0,0,0,0,0,0,0
TF,CISET,27.634481,-81.771367,0, ,0.0,0.0,0.0,0.0,0,0,0,0,0,0,0,0
TF,FUPGE,27.427544,-81.711814,0, ,0.0,0.0,0.0,0.0,2,3000,0,0,0,0,0,1
HM,FUPGE,27.427544,-81.711814,2, ,0.0,0.0,50.0,04,0,0,0,0,0,0,0,0,0

APPTR,R10,10,CROWD
IF,CROWD,27.667072,-81.961164, ,0.0,0.0,0,0,0,0,0,0,1,0
TF,OMIGE,27.593939,-81.759597,0, ,0.0,0.0,0.0,0.0,2,3000,0,0,0,0,1,0

APPTR,R10,10,DOWNN
IF,DOWNN,27.510767,-81.756578, ,0.0,0.0,0,0,0,0,0,0,1,0
TF,OMIGE,27.593939,-81.759597,0, ,0.0,0.0,0.0,0.0,2,3000,0,0,0,0,1,0

APPTR,R10,10,OMIGE
HF,OMIGE,27.593939,-81.759597,2, ,0.0,0.0,95.0,04,2,3000,0,0,0,0,1,0,0

FINAL,R10,10,R,3
IF,OMIGE,27.593939,-81.759597, ,0.0,0.0,2,3000,0,0,0,0,0,0
TF,HIKZE,27.593781,-81.639000,0, ,0.0,0.0,95.0,6.4,2,2000,0,0,0,0,2,0
TF,RW10,27.593561,-81.534494,0, ,0.0,0.0,95.0,5.6,1,198,0,0,0,0,3,1
CA,0,95.0,2,560,0,0,0,0,0,0
DF,FUPGE,27.427544,-81.711814,2, ,0.0,0.0,2,3000,0,0,0,0,0,1
HM,FUPGE,27.427544,-81.711814,2, ,0.0,0.0,50.0,04,0,0,0,0,0,0,0,0,0

