SID,AVP6,04,1
VA,0,44.0,2,5000,0,0,0,0,0,0
VM,0,0,0,44.0,0,0,0,0,0,0,0,0

SID,AVP6,22,1
VA,0,224.0,2,5000,0,0,0,0,0,0
VM,0,0,0,224.0,0,0,0,0,0,0,0,0

SID,AVP6,28,1
VA,0,283.0,2,5000,0,0,0,0,0,0
VM,0,0,0,283.0,0,0,0,0,0,0,0,0

APPTR,I04,04,LVZ
IF,LVZ,41.272806,-75.689464, ,0.0,0.0,0,0,0,0,0,0,0,0
TF,HEAPP,41.099878,-75.938564,0, ,0.0,0.0,0.0,0.0,2,4000,0,0,0,0,0,0
HF,HEAPP,41.099878,-75.938564,2, ,0.0,0.0,45.0,04.3,2,4000,0,0,0,0,1,0,0

FINAL,I04,04,I,3
IF,HEAPP,41.099878,-75.938564,IAVP,225.5,17.6,2,4000,0,0,0,0,0,0
CF,JISAG,41.204044,-75.844308,0,IAVP,225.5,10.1,45.0,7.6,1,3900,0,0,0,0,2,0
CF,RW04,41.328697,-75.731531,0,IAVP,226.5,0.0,45.0,9.1,1,1018,0,0,0,0,3,0
CA,0,45.0,2,3000,0,0,0,0,0,0
DF,LVZ,41.272806,-75.689464,2, ,0.0,0.0,2,4000,0,0,0,0,0,0
HM,LVZ,41.272806,-75.689464,2, ,0.0,0.0,10.0,04.3,0,0,0,0,0,0,0,0,0

APPTR,I22,22,LVZ
IF,LVZ,41.272806,-75.689464, ,0.0,0.0,0,0,0,0,0,0,0,0
TF,COSBY,41.502356,-75.574803,0, ,0.0,0.0,0.0,0.0,2,4000,0,0,0,0,0,0
HF,COSBY,41.502356,-75.574803,2, ,0.0,0.0,225.0,04.3,2,4000,0,0,0,0,1,0,0
CF,JULUT,41.455383,-75.617664,0,IIZK,45.4,9.0,225.0,3.4,2,3200,0,0,0,0,0,0

FINAL,I22,22,I,3
IF,JULUT,41.455383,-75.617664,IIZK,45.4,9.0,2,3200,0,0,0,0,0,0
CF,WEXIN,41.425567,-75.644856,0,IIZK,45.4,6.8,225.0,2.2,1,2800,0,0,0,0,2,0
CF,RW22,41.346022,-75.716775,0,IIZK,46.1,1.1,225.0,5.8,1,963,0,0,0,0,3,0
CA,0,225.0,2,1900,0,0,0,0,0,0
VI,2, ,0.0,330.0,0,0,0,0,0,0,0,0
CF,LOPEZ,41.443244,-75.961700,0,LVZ,319.8,16.0,320.0,1.0,2,4000,0,0,0,0,0,0
HM,LOPEZ,41.443244,-75.961700,2, ,0.0,0.0,140.0,04.3,0,0,0,0,0,0,0,0,0

APPTR,R04,04,ROXXE
HF,ROXXE,41.118064,-75.910228,2, ,0.0,0.0,44.0,04,2,4000,0,0,0,0,1,0,0

FINAL,R04,04,R,5
IF,ROXXE,41.118064,-75.910228, ,0.0,0.0,2,4000,0,0,0,0,0,0
TF,HAZNN,41.201511,-75.839597,0, ,0.0,0.0,44.0,5.9,2,3900,0,0,0,0,2,0
TF,YEGXE,41.248692,-75.799569,0, ,0.0,0.0,44.0,3.4,2,2820,0,0,0,0,0,0
TF,PISTE,41.283786,-75.769750,0, ,0.0,0.0,44.0,2.5,2,2020,0,0,0,0,0,0
TF,RW04,41.328697,-75.731531,0, ,0.0,0.0,44.0,3.2,1,1015,0,0,0,0,3,1
CA,0,44.0,2,1162,0,0,0,0,0,0
DF,JIDPU,41.514300,-75.572911,0, ,0.0,0.0,2,4000,0,0,0,0,0,1
HM,JIDPU,41.514300,-75.572911,2, ,0.0,0.0,224.0,04,0,0,0,0,0,0,0,0,0

APPTR,R22,22,JIDPU
HF,JIDPU,41.514300,-75.572911,2, ,0.0,0.0,224.0,04,2,4000,0,0,0,0,1,0,0

FINAL,R22,22,R,4
IF,JIDPU,41.514300,-75.572911, ,0.0,0.0,2,4000,0,0,0,0,0,0
TF,JODIE,41.475053,-75.606544,0, ,0.0,0.0,224.0,2.8,2,3300,0,0,0,0,0,0
TF,KONAA,41.431378,-75.643917,0, ,0.0,0.0,224.0,3.1,2,2900,0,0,0,0,2,0
TF,RW22,41.346022,-75.716775,0, ,0.0,0.0,224.0,6.1,1,962,0,0,0,0,3,1
CA,0,224.0,2,1900,0,0,0,0,0,0
DF,LOPEZ,41.443244,-75.961700,2, ,0.0,0.0,2,4000,0,0,0,0,0,1
HM,LOPEZ,41.443244,-75.961700,2, ,0.0,0.0,140.0,04,0,0,0,0,0,0,0,0,0

