APPTR,R04,04,BUPBA
IF,BUPBA,43.571517,-83.012411, ,0.0,0.0,0,0,0,0,0,0,1,0
TF,CASKU,43.610997,-83.113397,0, ,0.0,0.0,0.0,0.0,2,3000,0,0,0,0,1,0

APPTR,R04,04,MBS
IF,MBS,43.531653,-84.077300, ,0.0,0.0,0,0,0,0,0,0,0,0
TF,CASKU,43.610997,-83.113397,0, ,0.0,0.0,0.0,0.0,2,3000,0,0,0,0,0,1
HF,CASKU,43.610997,-83.113397,2, ,0.0,0.0,33.0,04,2,3000,0,0,0,0,1,0,0

APPTR,R04,04,WHOOP
IF,WHOOP,44.309758,-83.819850, ,0.0,0.0,0,0,0,0,0,0,0,0
TF,AYALI,43.650389,-83.214517,0, ,0.0,0.0,0.0,0.0,2,3000,0,0,0,0,1,0
TF,CASKU,43.610997,-83.113397,0, ,0.0,0.0,0.0,0.0,2,3000,0,0,0,0,1,0

FINAL,R04,04,R,3
IF,CASKU,43.610997,-83.113397, ,0.0,0.0,2,3000,0,0,0,0,0,0
TF,DUDAC,43.701975,-83.046019,0, ,0.0,0.0,33.0,6.2,2,2500,0,0,0,0,2,0
TF,RW04,43.779356,-82.988528,0, ,0.0,0.0,33.0,5.3,1,795,0,0,0,0,3,1
CA,0,33.0,2,1140,0,0,0,0,0,0
DF,IDICE,43.954539,-82.857706,0, ,0.0,0.0,2,3000,0,0,0,0,0,1
HM,IDICE,43.954539,-82.857706,2, ,0.0,0.0,213.0,04,0,0,0,0,0,0,0,0,0

APPTR,R17,17,ANIVE
IF,ANIVE,43.995456,-82.899372, ,0.0,0.0,0,0,0,0,0,0,1,0
TF,ELARE,43.964833,-83.055286,0, ,0.0,0.0,0.0,0.0,2,3000,0,0,0,0,1,0

APPTR,R17,17,ELARE
HF,ELARE,43.964833,-83.055286,2, ,0.0,0.0,170.0,04,2,3000,0,0,0,0,1,0,0

APPTR,R17,17,MBS
IF,MBS,43.531653,-84.077300, ,0.0,0.0,0,0,0,0,0,0,0,0
TF,BAYAC,43.942831,-83.166556,0, ,0.0,0.0,0.0,0.0,2,3000,0,0,0,0,1,0
TF,ELARE,43.964833,-83.055286,0, ,0.0,0.0,0.0,0.0,2,3000,0,0,0,0,1,0

APPTR,R17,17,WHOOP
IF,WHOOP,44.309758,-83.819850, ,0.0,0.0,0,0,0,0,0,0,0,0
TF,BAYAC,43.942831,-83.166556,0, ,0.0,0.0,0.0,0.0,2,3000,0,0,0,0,1,0
TF,ELARE,43.964833,-83.055286,0, ,0.0,0.0,0.0,0.0,2,3000,0,0,0,0,1,0

FINAL,R17,17,R,3
IF,ELARE,43.964833,-83.055286, ,0.0,0.0,2,3000,0,0,0,0,0,0
TF,CAMOG,43.864539,-83.017453,0, ,0.0,0.0,170.0,6.2,2,2400,0,0,0,0,2,0
TF,RW17,43.785039,-82.987556,0, ,0.0,0.0,170.0,4.9,1,803,0,0,0,0,3,1
CA,0,170.0,2,1075,0,0,0,0,0,0
DF,AREBE,43.578736,-82.910392,0, ,0.0,0.0,2,3000,0,0,0,0,0,1
HM,AREBE,43.578736,-82.910392,2, ,0.0,0.0,350.0,04,0,0,0,0,0,0,0,0,0

APPTR,R22,22,HALNA
IF,HALNA,43.914817,-82.756322, ,0.0,0.0,0,0,0,0,0,0,0,0
TF,IDICE,43.954539,-82.857706,0, ,0.0,0.0,0.0,0.0,2,4000,0,0,0,0,0,1
HF,IDICE,43.954539,-82.857706,2, ,0.0,0.0,213.0,04,2,3000,0,0,0,0,1,0,0

APPTR,R22,22,MBS
IF,MBS,43.531653,-84.077300, ,0.0,0.0,0,0,0,0,0,0,0,0
TF,IDICE,43.954539,-82.857706,0, ,0.0,0.0,0.0,0.0,2,3000,0,0,0,0,0,1
HF,IDICE,43.954539,-82.857706,2, ,0.0,0.0,213.0,04,2,3000,0,0,0,0,1,0,0

APPTR,R22,22,WHOOP
IF,WHOOP,44.309758,-83.819850, ,0.0,0.0,0,0,0,0,0,0,0,0
TF,GUCET,43.994169,-82.959225,0, ,0.0,0.0,0.0,0.0,2,3000,0,0,0,0,1,0
TF,IDICE,43.954539,-82.857706,0, ,0.0,0.0,0.0,0.0,2,3000,0,0,0,0,1,0

FINAL,R22,22,R,4
IF,IDICE,43.954539,-82.857706, ,0.0,0.0,2,3000,0,0,0,0,0,0
TF,JANIK,43.864100,-82.925353,0, ,0.0,0.0,213.0,6.2,2,2500,0,0,0,0,2,0
TF,KEVEC,43.816408,-82.960931,0, ,0.0,0.0,213.0,3.3,2,1440,0,0,0,0,0,0
TF,RW22,43.787069,-82.982786,0, ,0.0,0.0,213.0,2.0,1,812,0,0,0,0,3,1
CA,0,213.0,2,1140,0,0,0,0,0,0
DF,CASKU,43.610997,-83.113397,0, ,0.0,0.0,2,3000,0,0,0,0,0,1
HM,CASKU,43.610997,-83.113397,2, ,0.0,0.0,33.0,04,0,0,0,0,0,0,0,0,0

APPTR,R35,35,AREBE
HF,AREBE,43.578736,-82.910392,2, ,0.0,0.0,350.0,04,2,3000,0,0,0,0,1,0,0

APPTR,R35,35,MBS
IF,MBS,43.531653,-84.077300, ,0.0,0.0,0,0,0,0,0,0,0,0
TF,DODKE,43.556886,-83.021006,0, ,0.0,0.0,0.0,0.0,2,3000,0,0,0,0,1,0
TF,AREBE,43.578736,-82.910392,0, ,0.0,0.0,0.0,0.0,2,3000,0,0,0,0,1,0

FINAL,R35,35,R,4
IF,AREBE,43.578736,-82.910392, ,0.0,0.0,2,3000,0,0,0,0,0,0
TF,BACAD,43.691775,-82.952603,0, ,0.0,0.0,350.0,7.0,2,2400,0,0,0,0,2,0
TF,CALTA,43.721914,-82.963886,0, ,0.0,0.0,350.0,1.9,2,1780,0,0,0,0,0,0
TF,RW35,43.771778,-82.982578,0, ,0.0,0.0,350.0,3.1,1,793,0,0,0,0,3,1
CA,0,350.0,2,1113,0,0,0,0,0,0
DF,ELARE,43.964833,-83.055286,0, ,0.0,0.0,2,3000,0,0,0,0,0,1
HM,ELARE,43.964833,-83.055286,2, ,0.0,0.0,170.0,04,0,0,0,0,0,0,0,0,0

