APPTR,R35,35,DVC
IF,DVC,37.808739,-108.931272, ,0.0,0.0,0,0,0,0,0,0,0,0
TF,CEMOS,37.374153,-109.232561,0, ,0.0,0.0,0.0,0.0,2,9700,0,0,0,0,1,0
TF,GERRO,37.374558,-109.483472,0, ,0.0,0.0,0.0,0.0,2,8500,0,0,0,0,1,0

APPTR,R35,35,GERRO
HF,GERRO,37.374558,-109.483472,2, ,0.0,0.0,348.0,07,2,8500,0,0,0,0,1,0,0

APPTR,R35,35,ROUGH
IF,ROUGH,36.446500,-109.685028, ,0.0,0.0,0,0,0,0,0,0,0,0
TF,ZAXON,36.846656,-109.587975,0, ,0.0,0.0,0.0,0.0,2,9700,0,0,0,0,1,0
TF,GERRO,37.374558,-109.483472,0, ,0.0,0.0,0.0,0.0,2,8500,0,0,0,0,1,0

APPTR,R35,35,RSK
IF,RSK,36.748392,-108.098900, ,0.0,0.0,0,0,0,0,0,0,0,0
TF,KEBYE,37.063531,-108.788469,0, ,0.0,0.0,0.0,0.0,2,9200,0,0,0,0,1,0
TF,GERRO,37.374558,-109.483472,0, ,0.0,0.0,0.0,0.0,2,8500,0,0,0,0,1,0

FINAL,R35,35,R,3
IF,GERRO,37.374558,-109.483472, ,0.0,0.0,2,8500,0,0,0,0,0,0
TF,APORY,37.487108,-109.483372,0, ,0.0,0.0,348.0,6.7,2,7500,0,0,0,0,2,0
TF,RW35,37.575403,-109.483294,0, ,0.0,0.0,348.0,5.3,1,5815,0,0,0,0,3,1
CA,0,348.0,2,6300,0,0,0,0,0,0
DF,GERRO,37.374558,-109.483472,2, ,0.0,0.0,2,8500,0,1,165,0,0,1
HM,GERRO,37.374558,-109.483472,2, ,0.0,0.0,348.0,07,0,0,0,0,0,0,0,0,0

