APPTR,R17,17,ADENO
IF,ADENO,45.030644,-85.220425, ,0.0,0.0,0,0,0,0,0,0,0,0
TF,URUBE,45.350419,-85.093961,0, ,0.0,0.0,0.0,0.0,2,3000,0,0,0,0,1,0
TF,CEDOS,45.366033,-84.977872,0, ,0.0,0.0,0.0,0.0,2,3000,0,0,0,0,1,0

APPTR,R17,17,CEDOS
HF,CEDOS,45.366033,-84.977872,2, ,0.0,0.0,175.0,04,2,3000,0,0,0,0,1,0,0

APPTR,R17,17,PLN
IF,PLN,45.630647,-84.664108, ,0.0,0.0,0,0,0,0,0,0,0,0
TF,SEPTE,45.381531,-84.861719,0, ,0.0,0.0,0.0,0.0,2,3000,0,0,0,0,1,0
TF,CEDOS,45.366033,-84.977872,0, ,0.0,0.0,0.0,0.0,2,3000,0,0,0,0,1,0

APPTR,R17,17,SPARR
IF,SPARR,45.031192,-84.417136, ,0.0,0.0,0,0,0,0,0,0,0,0
TF,SEPTE,45.381531,-84.861719,0, ,0.0,0.0,0.0,0.0,2,3000,0,0,0,0,1,0
TF,CEDOS,45.366033,-84.977872,0, ,0.0,0.0,0.0,0.0,2,3000,0,0,0,0,1,0

FINAL,R17,17,R,3
IF,CEDOS,45.366033,-84.977872, ,0.0,0.0,2,3000,0,0,0,0,0,0
TF,OTODE,45.265942,-84.950947,0, ,0.0,0.0,175.0,6.1,2,2600,0,0,0,0,2,0
TF,RW17,45.172022,-84.925769,0, ,0.0,0.0,175.0,5.7,1,743,0,0,0,0,3,1
CA,0,175.0,2,1119,0,0,0,0,0,0
DF,IROTO,45.188989,-85.075111,2, ,0.0,0.0,2,3000,0,0,0,0,0,1
HM,IROTO,45.188989,-85.075111,2, ,0.0,0.0,218.0,04,0,0,0,0,0,0,0,0,0

APPTR,R35,35,ADENO
IF,ADENO,45.030644,-85.220425, ,0.0,0.0,0,0,0,0,0,0,0,0
TF,DUVRE,44.933978,-85.015581,0, ,0.0,0.0,0.0,0.0,2,3000,0,0,0,0,1,0
TF,ELBOT,44.934358,-84.898272,0, ,0.0,0.0,0.0,0.0,2,3000,0,0,0,0,1,0

APPTR,R35,35,CARGA
IF,CARGA,44.641192,-84.970875, ,0.0,0.0,0,0,0,0,0,0,1,0
TF,ELBOT,44.934358,-84.898272,0, ,0.0,0.0,0.0,0.0,2,3000,0,0,0,0,1,0

APPTR,R35,35,ELBOT
HF,ELBOT,44.934358,-84.898272,2, ,0.0,0.0,6.0,04,2,3000,0,0,0,0,1,0,0

FINAL,R35,35,R,3
IF,ELBOT,44.934358,-84.898272, ,0.0,0.0,2,3000,0,0,0,0,0,0
TF,ROCOR,45.071983,-84.899033,0, ,0.0,0.0,6.0,8.3,2,2500,0,0,0,0,2,0
TF,RW35,45.160200,-84.922603,0, ,0.0,0.0,355.0,5.4,1,757,0,0,0,0,3,1
CA,0,355.0,2,1119,0,0,0,0,0,0
DF,CEDOS,45.366033,-84.977872,0, ,0.0,0.0,2,3000,0,0,0,0,0,1
HM,CEDOS,45.366033,-84.977872,2, ,0.0,0.0,175.0,04,0,0,0,0,0,0,0,0,0

