APPTR,N25,25,DLH
IF,DLH,46.802164,-92.202869, ,0.0,0.0,0,0,0,0,0,0,0,0
TF,BFW,47.250592,-91.414064,0, ,0.0,0.0,0.0,0.0,2,3200,0,0,0,0,0,0
PI,BFW,47.250592,-91.414064,1,DLH,129.0,10.0,084,5.0,2,3200,0,0,0,0,1,0
CF,FF25,47.262108,-91.251486,0,DLH,49.4,47.8,264.0,3.3,2,3200,0,0,0,0,0,0

FINAL,N25,25,N,2
IF,FF25,47.262108,-91.251486,BFW,0.0,0.0,2,3200,0,0,0,0,2,0
CF,RW25,47.250308,-91.409369,0,BFW,0.0,0.0,264.0,6.5,1,1133,0,0,0,0,3,0
CF,BFW,47.250592,-91.414064,0,ELO,153.6,38.2,264.0,0.2,2,1489,0,0,0,0,0,0
CA,0,264.0,2,2500,0,0,0,0,0,0
DF,BFW,47.250592,-91.414064,1, ,0.0,0.0,2,3200,0,0,0,0,0,0
HM,BFW,47.250592,-91.414064,1, ,0.0,0.0,264.0,04.3,0,0,0,0,0,0,0,0,0

APPTR,R25,25,HUPEL
IF,HUPEL,47.390494,-91.163372, ,0.0,0.0,0,0,0,0,0,0,1,0
TF,JODKU,47.311025,-91.126675,0, ,0.0,0.0,0.0,0.0,2,3100,0,0,0,0,1,0

APPTR,R25,25,JEVEM
IF,JEVEM,47.231544,-91.090086, ,0.0,0.0,0,0,0,0,0,0,1,0
TF,JODKU,47.311025,-91.126675,0, ,0.0,0.0,0.0,0.0,2,3100,0,0,0,0,1,0

APPTR,R25,25,JODKU
HF,JODKU,47.311025,-91.126675,2, ,0.0,0.0,253.0,04,2,3100,0,0,0,0,1,0,0

FINAL,R25,25,R,3
IF,JODKU,47.311025,-91.126675, ,0.0,0.0,2,3100,0,0,0,0,0,0
TF,ZOSMA,47.281003,-91.266942,0, ,0.0,0.0,253.0,6.0,2,3100,0,0,0,0,2,0
TF,RW25,47.250308,-91.409369,0, ,0.0,0.0,252.0,6.1,1,1123,0,0,0,0,3,1
DF,OWAGU,47.236019,-91.475339,0, ,0.0,0.0,0,0,0,0,0,0,0,0
TF,WEMAN,47.175819,-91.517325,0, ,0.0,0.0,0.0,0.0,2,3300,0,0,0,0,0,1
HM,WEMAN,47.175819,-91.517325,2, ,0.0,0.0,233.0,04,0,0,0,0,0,0,0,0,0

