APPTR,D35,35,BGD
IF,BGD,35.807072,-101.382153, ,0.0,0.0,0,0,0,0,0,0,0,0
TF,INEGE,35.607378,-101.401314,0, ,0.0,0.0,0.0,0.0,2,5100,0,0,0,0,0,0
PI,INEGE,35.607378,-101.401314,2,BGD,130.0,10.0,175,5.0,2,5100,0,0,0,0,1,0

APPTR,D35,35,OVOKE
IF,OVOKE,35.718028,-101.030069, ,0.0,0.0,0,0,0,0,0,0,1,0
AF,HURUL,35.507528,-101.410869,2,BGD,173.5,18.0,96.0,2,5100,0,0,0,0,1,0

APPTR,D35,35,OVPUH
IF,OVPUH,35.894842,-101.735072, ,0.0,0.0,0,0,0,0,0,0,1,0
AF,HURUL,35.507528,-101.410869,1,BGD,173.5,18.0,276.0,2,5100,0,0,0,0,1,0

APPTR,D35,35,PNH
IF,PNH,35.235064,-101.699033, ,0.0,0.0,0,0,0,0,0,0,1,0
TF,HURUL,35.507528,-101.410869,0, ,0.0,0.0,0.0,0.0,2,5100,0,0,0,0,1,0

FINAL,D35,35,D,4
IF,HURUL,35.507528,-101.410869,BGD,173.5,18.0,2,5100,0,0,0,0,0,0
CF,INEGE,35.607378,-101.401314,0,BGD,173.5,12.0,355.0,6.0,2,4700,0,0,0,0,2,0
CF,RUCOK,35.649450,-101.397286,0,BGD,173.5,9.5,355.0,2.5,2,3900,0,0,0,0,0,0
CF,RW35,35.692719,-101.393133,0,BGD,173.5,6.9,355.0,2.6,1,3096,0,0,0,0,3,1
DF,BGD,35.807072,-101.382153,0, ,0.0,0.0,2,5000,0,0,0,0,0,0
HM,BGD,35.807072,-101.382153,2, ,0.0,0.0,173.0,04.3,0,0,0,0,0,0,0,0,0

APPTR,R17,17,BROKE
IF,BROKE,35.697936,-100.951258, ,0.0,0.0,0,0,0,0,0,0,0,0
TF,LEYEN,35.895539,-101.297617,0, ,0.0,0.0,0.0,0.0,2,5000,0,0,0,0,1,0
TF,JISAM,35.893208,-101.400142,0, ,0.0,0.0,0.0,0.0,2,5000,0,0,0,0,1,0

APPTR,R17,17,EXELL
IF,EXELL,35.638722,-102.094656, ,0.0,0.0,0,0,0,0,0,0,0,0
TF,CERIP,35.890792,-101.502661,0, ,0.0,0.0,0.0,0.0,2,5400,0,0,0,0,1,0
TF,JISAM,35.893208,-101.400142,0, ,0.0,0.0,0.0,0.0,2,5000,0,0,0,0,1,0

APPTR,R17,17,JISAM
HF,JISAM,35.893208,-101.400142,2, ,0.0,0.0,171.0,05,2,5000,0,0,0,0,1,0,0

FINAL,R17,17,R,4
IF,JISAM,35.893208,-101.400142, ,0.0,0.0,2,5000,0,0,0,0,0,0
TF,IBIGE,35.789825,-101.396525,0, ,0.0,0.0,171.0,6.2,2,4600,0,0,0,0,2,0
TF,TUKKO,35.743381,-101.394900,0, ,0.0,0.0,171.0,2.8,2,3680,0,0,0,0,0,0
TF,RW17,35.710011,-101.393736,0, ,0.0,0.0,171.0,2.0,1,3056,0,0,0,0,3,1
DF,CUKAS,35.506342,-101.386647,0, ,0.0,0.0,2,5100,0,0,0,0,0,1
HM,CUKAS,35.506342,-101.386647,2, ,0.0,0.0,351.0,05,0,0,0,0,0,0,0,0,0

APPTR,R35,35,BROKE
IF,BROKE,35.697936,-100.951258, ,0.0,0.0,0,0,0,0,0,0,0,0
TF,PIVOC,35.508672,-101.284617,0, ,0.0,0.0,0.0,0.0,2,5100,0,0,0,0,1,0
TF,CUKAS,35.506342,-101.386647,0, ,0.0,0.0,0.0,0.0,2,5100,0,0,0,0,1,0

APPTR,R35,35,CUKAS
HF,CUKAS,35.506342,-101.386647,2, ,0.0,0.0,351.0,05,2,5100,0,0,0,0,1,0,0

APPTR,R35,35,PNH
IF,PNH,35.235064,-101.699033, ,0.0,0.0,0,0,0,0,0,0,0,0
TF,HUBUT,35.503925,-101.488672,0, ,0.0,0.0,0.0,0.0,2,5100,0,0,0,0,1,0
TF,CUKAS,35.506342,-101.386647,0, ,0.0,0.0,0.0,0.0,2,5100,0,0,0,0,1,0

FINAL,R35,35,R,4
IF,CUKAS,35.506342,-101.386647, ,0.0,0.0,2,5100,0,0,0,0,0,0
TF,WAMGO,35.609831,-101.390244,0, ,0.0,0.0,351.0,6.2,2,4700,0,0,0,0,2,0
TF,FIDLI,35.654342,-101.391794,0, ,0.0,0.0,351.0,2.7,2,3820,0,0,0,0,0,0
TF,RW35,35.692719,-101.393133,0, ,0.0,0.0,351.0,2.3,1,3096,0,0,0,0,3,1
DF,JISAM,35.893208,-101.400142,0, ,0.0,0.0,2,5000,0,0,0,0,0,1
HM,JISAM,35.893208,-101.400142,2, ,0.0,0.0,171.0,05,0,0,0,0,0,0,0,0,0

APPTR,S17,17,BGD
PI,BGD,35.807072,-101.382153,2,BGD,310.0,10.0,355,5.0,2,5000,0,0,0,0,1,0

APPTR,S17,17,OVSAW
IF,OVSAW,35.757731,-101.186447, ,0.0,0.0,0,0,0,0,0,0,1,0
AF,ZIVET,35.973192,-101.362242,1,BGD,354.6,10.0,96.0,2,5000,0,0,0,0,1,0

APPTR,S17,17,OVUGY
IF,OVUGY,35.855961,-101.578117, ,0.0,0.0,0,0,0,0,0,0,1,0
AF,ZIVET,35.973192,-101.362242,2,BGD,354.6,10.0,276.0,2,5000,0,0,0,0,1,0

FINAL,S17,17,D,4
IF,ZIVET,35.973192,-101.362242,BGD,354.6,10.0,2,5000,0,0,0,0,0,0
CF,BGD,35.807072,-101.382153,0,BGD,0.0,0.0,175.0,10.0,2,5000,0,0,0,0,2,0
CF,WINEX,35.743278,-101.389769,0,BGD,174.6,3.8,175.0,3.8,2,3600,0,0,0,0,0,0
CF,RW17,35.710011,-101.393736,0,BGD,174.6,5.8,175.0,2.0,1,3056,0,0,0,0,3,0
CA,0,175.0,2,3455,0,0,0,0,0,0
DF,BGD,35.807072,-101.382153,2, ,0.0,0.0,2,5000,0,0,0,0,0,0
HM,BGD,35.807072,-101.382153,2, ,0.0,0.0,175.0,04.3,0,0,0,0,0,0,0,0,0

