SID,ELMOO8,08,1
VA,0,79.0,2,1180,0,0,0,0,0,0
VI,0, ,0.0,123.0,0,0,0,0,0,0,0,0
CF,ELMOO,34.098500,-118.081258,0,VNY,95.0,21.8,95.0,11.0,2,4000,0,0,0,0,0,0

SID,ELMOO8,15,1
VA,0,155.0,2,1180,0,0,0,0,0,0
VI,0, ,0.0,113.0,0,0,0,0,0,0,0,0
CF,ELMOO,34.098500,-118.081258,0,VNY,95.0,21.8,95.0,15.0,2,4000,0,0,0,0,0,0

SID,ELMOO8,26,1
VA,0,259.0,2,1180,0,0,0,0,0,0
VI,1, ,0.0,113.0,0,0,0,0,0,0,0,0
CF,ELMOO,34.098500,-118.081258,0,VNY,95.0,21.8,95.0,18.0,2,4000,0,0,0,0,0,0

SID,ELMOO8,33,1
VA,0,335.0,2,1180,0,0,0,0,0,0
VI,1, ,0.0,123.0,0,0,0,0,0,0,0,0
CF,ELMOO,34.098500,-118.081258,0,VNY,95.0,21.8,95.0,17.0,2,4000,0,0,0,0,0,0

SID,OROSZ1,08,4
CA,0,79.0,2,1180,0,0,0,0,0,0
VM,0,0,2,210.0,0,0,0,0,0,0,0,0
DF,TILLR,34.373472,-118.645131,0, ,0.0,0.0,2,8000,0,0,0,0,0,0
TF,OROSZ,34.426717,-118.674169,0, ,0.0,0.0,0.0,0.0,2,9000,0,0,0,0,0,0

SID,OROSZ1,15,4
CA,0,155.0,2,1180,0,0,0,0,0,0
VM,0,0,0,210.0,0,0,0,0,0,0,0,0
DF,TILLR,34.373472,-118.645131,0, ,0.0,0.0,2,8000,0,0,0,0,0,0
TF,OROSZ,34.426717,-118.674169,0, ,0.0,0.0,0.0,0.0,2,9000,0,0,0,0,0,0

SID,OROSZ1,26,4
CA,0,259.0,2,1180,0,0,0,0,0,0
VM,0,0,0,290.0,0,0,0,0,0,0,0,0
DF,TILLR,34.373472,-118.645131,0, ,0.0,0.0,2,8000,0,0,0,0,0,0
TF,OROSZ,34.426717,-118.674169,0, ,0.0,0.0,0.0,0.0,2,9000,0,0,0,0,0,0

SID,OROSZ1,33,4
CA,0,335.0,2,1180,0,0,0,0,0,0
VM,0,0,0,270.0,0,0,0,0,0,0,0,0
DF,TILLR,34.373472,-118.645131,0, ,0.0,0.0,2,8000,0,0,0,0,0,0
TF,OROSZ,34.426717,-118.674169,0, ,0.0,0.0,0.0,0.0,2,9000,0,0,0,0,0,0

SID,OROSZ1,COREZ,6
IF,OROSZ,34.426717,-118.674169, ,0.0,0.0,2,9000,0,0,0,0,0,0
TF,BRRKK,34.570822,-118.775986,0, ,0.0,0.0,0.0,0.0,0,0,0,0,0,0,0,0
TF,KRAKR,34.975139,-119.063883,0, ,0.0,0.0,0.0,0.0,0,0,0,0,0,0,0,0
TF,COREZ,35.556667,-119.483883,0, ,0.0,0.0,0.0,0.0,0,0,0,0,0,0,0,0

SID,OROSZ1,CSTRO,6
IF,OROSZ,34.426717,-118.674169, ,0.0,0.0,2,9000,0,0,0,0,0,0
TF,HEYJO,34.719536,-118.731400,0, ,0.0,0.0,0.0,0.0,0,0,0,0,0,0,0,0
TF,CSTRO,35.447961,-119.235278,0, ,0.0,0.0,0.0,0.0,0,0,0,0,0,0,0,0

SID,SLAPP1,08,4
CA,0,79.0,2,1180,0,0,0,0,0,0
VM,0,0,2,210.0,0,0,0,0,0,0,0,0
DF,RAYVE,34.385942,-118.367361,0, ,0.0,0.0,2,7000,0,0,0,0,0,0

SID,SLAPP1,15,4
CA,0,155.0,2,1180,0,0,0,0,0,0
VM,0,0,0,210.0,0,0,0,0,0,0,0,0
DF,RAYVE,34.385942,-118.367361,0, ,0.0,0.0,2,7000,0,0,0,0,0,0

SID,SLAPP1,26,4
CA,0,259.0,2,1180,0,0,0,0,0,0
VM,0,0,0,290.0,0,0,0,0,0,0,0,0
DF,RAYVE,34.385942,-118.367361,0, ,0.0,0.0,2,7000,0,0,0,0,0,0

SID,SLAPP1,33,4
CA,0,335.0,2,1180,0,0,0,0,0,0
VM,0,0,0,270.0,0,0,0,0,0,0,0,0
DF,RAYVE,34.385942,-118.367361,0, ,0.0,0.0,2,7000,0,0,0,0,0,0

SID,SLAPP1,ALL,5
IF,RAYVE,34.385942,-118.367361, ,0.0,0.0,2,7000,0,0,0,0,0,0
TF,SLAPP,34.463928,-118.331686,0, ,0.0,0.0,0.0,0.0,2,13000,0,0,0,0,0,0

SID,SLAPP1,BLH,6
IF,SLAPP,34.463928,-118.331686, ,0.0,0.0,2,13000,0,0,0,0,0,0
TF,YAAPY,34.664722,-118.130556,0, ,0.0,0.0,0.0,0.0,2,15000,0,0,0,0,0,0
TF,JETHK,34.691631,-117.972042,0, ,0.0,0.0,0.0,0.0,3,19000,0,0,0,0,0,0
TF,AERRO,34.322047,-117.038947,0, ,0.0,0.0,0.0,0.0,0,0,0,0,0,0,0,0
TF,DECAS,33.823592,-115.456611,0, ,0.0,0.0,0.0,0.0,0,0,0,0,0,0,0,0
TF,BLH,33.596064,-114.761272,0, ,0.0,0.0,0.0,0.0,0,0,0,0,0,0,0,0

SID,SLAPP1,HAILO,6
IF,SLAPP,34.463928,-118.331686, ,0.0,0.0,2,13000,0,0,0,0,0,0
TF,YAAPY,34.664722,-118.130556,0, ,0.0,0.0,0.0,0.0,2,15000,0,0,0,0,0,0
TF,JETHK,34.691631,-117.972042,0, ,0.0,0.0,0.0,0.0,3,19000,0,0,0,0,0,0
TF,BBITE,34.704506,-117.758575,0, ,0.0,0.0,0.0,0.0,2,20000,0,0,0,0,0,0
TF,ANTLP,34.714239,-117.508283,0, ,0.0,0.0,0.0,0.0,0,0,0,0,0,0,0,0
TF,GUNNR,34.876944,-116.986944,0, ,0.0,0.0,0.0,0.0,0,0,0,0,0,0,0,0
TF,ARRMY,35.063333,-116.740000,0, ,0.0,0.0,0.0,0.0,0,0,0,0,0,0,0,0
TF,HAILO,35.637222,-115.971111,0, ,0.0,0.0,0.0,0.0,0,0,0,0,0,0,0,0

SID,SLAPP1,HEC,6
IF,SLAPP,34.463928,-118.331686, ,0.0,0.0,2,13000,0,0,0,0,0,0
TF,YAAPY,34.664722,-118.130556,0, ,0.0,0.0,0.0,0.0,2,15000,0,0,0,0,0,0
TF,JETHK,34.691631,-117.972042,0, ,0.0,0.0,0.0,0.0,3,19000,0,0,0,0,0,0
TF,BBITE,34.704506,-117.758575,0, ,0.0,0.0,0.0,0.0,2,20000,0,0,0,0,0,0
TF,ANTLP,34.714239,-117.508283,0, ,0.0,0.0,0.0,0.0,0,0,0,0,0,0,0,0
TF,HEC,34.797017,-116.462922,0, ,0.0,0.0,0.0,0.0,0,0,0,0,0,0,0,0

SID,SLAPP1,LAS,6
IF,SLAPP,34.463928,-118.331686, ,0.0,0.0,2,13000,0,0,0,0,0,0
TF,YAAPY,34.664722,-118.130556,0, ,0.0,0.0,0.0,0.0,2,15000,0,0,0,0,0,0
TF,JETHK,34.691631,-117.972042,0, ,0.0,0.0,0.0,0.0,3,19000,0,0,0,0,0,0
TF,BBITE,34.704506,-117.758575,0, ,0.0,0.0,0.0,0.0,2,20000,0,0,0,0,0,0
TF,ANTLP,34.714239,-117.508283,0, ,0.0,0.0,0.0,0.0,0,0,0,0,0,0,0,0
TF,NNAVY,34.919633,-116.728022,0, ,0.0,0.0,0.0,0.0,0,0,0,0,0,0,0,0
TF,BLAZN,35.632003,-115.779461,0, ,0.0,0.0,0.0,0.0,0,0,0,0,0,0,0,0
TF,LAS,36.079703,-115.159797,0, ,0.0,0.0,0.0,0.0,0,0,0,0,0,0,0,0

SID,SLAPP1,MISEN,6
IF,SLAPP,34.463928,-118.331686, ,0.0,0.0,2,13000,0,0,0,0,0,0
TF,YAAPY,34.664722,-118.130556,0, ,0.0,0.0,0.0,0.0,2,15000,0,0,0,0,0,0
TF,JETHK,34.691631,-117.972042,0, ,0.0,0.0,0.0,0.0,3,19000,0,0,0,0,0,0
TF,BBITE,34.704506,-117.758575,0, ,0.0,0.0,0.0,0.0,2,20000,0,0,0,0,0,0
TF,ANTLP,34.714239,-117.508283,0, ,0.0,0.0,0.0,0.0,0,0,0,0,0,0,0,0
TF,NNAVY,34.919633,-116.728022,0, ,0.0,0.0,0.0,0.0,0,0,0,0,0,0,0,0
TF,MISEN,35.102350,-116.403850,0, ,0.0,0.0,0.0,0.0,0,0,0,0,0,0,0,0

SID,VNY3,08,1
CA,0,79.0,2,1180,0,0,0,0,0,0
VM,0,0,2,213.0,0,0,0,0,0,0,0,0
DF,VNY,34.223461,-118.491672,2, ,0.0,0.0,0,0,0,0,0,0,0,0

SID,VNY3,15,1
CA,0,155.0,2,1180,0,0,0,0,0,0
VM,0,0,0,213.0,0,0,0,0,0,0,0,0
DF,VNY,34.223461,-118.491672,2, ,0.0,0.0,0,0,0,0,0,0,0,0

SID,VNY3,26,1
CA,0,259.0,2,1180,0,0,0,0,0,0
VM,0,0,0,293.0,0,0,0,0,0,0,0,0
DF,VNY,34.223461,-118.491672,0, ,0.0,0.0,0,0,0,0,0,0,0,0

SID,VNY3,33,1
CA,0,335.0,2,1180,0,0,0,0,0,0
VM,0,0,0,273.0,0,0,0,0,0,0,0,0
DF,VNY,34.223461,-118.491672,0, ,0.0,0.0,0,0,0,0,0,0,0,0

SID,VNY3,AVE,3
IF,VNY,34.223461,-118.491672, ,0.0,0.0,0,0,0,0,0,0,0,0
TF,IPIHO,34.223333,-118.574000,0, ,0.0,0.0,0.0,0.0,0,0,0,0,0,0,0,0
TF,TWINE,34.309694,-118.616478,0, ,0.0,0.0,0.0,0.0,0,0,0,0,0,0,0,0
TF,CASTA,34.532797,-118.726592,0, ,0.0,0.0,0.0,0.0,2,8300,0,0,0,0,0,0
TF,GMN,34.804028,-118.861361,0, ,0.0,0.0,0.0,0.0,0,0,0,0,0,0,0,0
TF,COREZ,35.556667,-119.483883,0, ,0.0,0.0,0.0,0.0,0,0,0,0,0,0,0,0
TF,AVE,35.646978,-119.978606,0, ,0.0,0.0,0.0,0.0,0,0,0,0,0,0,0,0

SID,VNY3,DAG,3
IF,VNY,34.223461,-118.491672, ,0.0,0.0,0,0,0,0,0,0,0,0
TF,IPIHO,34.223333,-118.574000,0, ,0.0,0.0,0.0,0.0,0,0,0,0,0,0,0,0
TF,TWINE,34.309694,-118.616478,0, ,0.0,0.0,0.0,0.0,0,0,0,0,0,0,0,0
TF,LANGE,34.382969,-118.460472,0, ,0.0,0.0,0.0,0.0,0,0,0,0,0,0,0,0
TF,SLAPP,34.463928,-118.331686,0, ,0.0,0.0,0.0,0.0,0,0,0,0,0,0,0,0
TF,BOGET,34.514214,-118.251506,0, ,0.0,0.0,0.0,0.0,0,0,0,0,0,0,0,0
TF,PMD,34.631397,-118.063822,0, ,0.0,0.0,0.0,0.0,0,0,0,0,0,0,0,0
TF,ETHER,34.664136,-117.763519,0, ,0.0,0.0,0.0,0.0,0,0,0,0,0,0,0,0
TF,DAG,34.962458,-116.578167,0, ,0.0,0.0,0.0,0.0,0,0,0,0,0,0,0,0

SID,VNY3,FIM,3
IF,VNY,34.223461,-118.491672, ,0.0,0.0,0,0,0,0,0,0,0,0
TF,IPIHO,34.223333,-118.574000,0, ,0.0,0.0,0.0,0.0,0,0,0,0,0,0,0,0
TF,SUANA,34.223233,-118.720744,0, ,0.0,0.0,0.0,0.0,2,3700,0,0,0,0,0,0
TF,FIM,34.356694,-118.881292,0, ,0.0,0.0,0.0,0.0,0,0,0,0,0,0,0,0

SID,VNY3,GMN,3
IF,VNY,34.223461,-118.491672, ,0.0,0.0,0,0,0,0,0,0,0,0
TF,IPIHO,34.223333,-118.574000,0, ,0.0,0.0,0.0,0.0,0,0,0,0,0,0,0,0
TF,TWINE,34.309694,-118.616478,0, ,0.0,0.0,0.0,0.0,0,0,0,0,0,0,0,0
TF,CASTA,34.532797,-118.726592,0, ,0.0,0.0,0.0,0.0,2,8300,0,0,0,0,0,0
TF,GMN,34.804028,-118.861361,0, ,0.0,0.0,0.0,0.0,0,0,0,0,0,0,0,0

SID,VNY3,PMD,3
IF,VNY,34.223461,-118.491672, ,0.0,0.0,0,0,0,0,0,0,0,0
TF,IPIHO,34.223333,-118.574000,0, ,0.0,0.0,0.0,0.0,0,0,0,0,0,0,0,0
TF,TWINE,34.309694,-118.616478,0, ,0.0,0.0,0.0,0.0,0,0,0,0,0,0,0,0
TF,LANGE,34.382969,-118.460472,0, ,0.0,0.0,0.0,0.0,0,0,0,0,0,0,0,0
TF,SLAPP,34.463928,-118.331686,0, ,0.0,0.0,0.0,0.0,0,0,0,0,0,0,0,0
TF,BOGET,34.514214,-118.251506,0, ,0.0,0.0,0.0,0.0,0,0,0,0,0,0,0,0
TF,PMD,34.631397,-118.063822,0, ,0.0,0.0,0.0,0.0,0,0,0,0,0,0,0,0

SID,VNY3,TWINE,3
IF,VNY,34.223461,-118.491672, ,0.0,0.0,0,0,0,0,0,0,0,0
TF,IPIHO,34.223333,-118.574000,0, ,0.0,0.0,0.0,0.0,0,0,0,0,0,0,0,0
TF,TWINE,34.309694,-118.616478,0, ,0.0,0.0,0.0,0.0,0,0,0,0,0,0,0,0

SID,VVERA2,08,4
CA,0,79.0,2,1180,0,0,0,0,0,0
VM,0,0,2,210.0,0,0,0,0,0,0,0,0
DF,CCHUM,34.335047,-118.441253,0, ,0.0,0.0,2,6800,0,0,0,0,0,0
TF,KIMMO,34.410158,-118.417269,0, ,0.0,0.0,0.0,0.0,2,7000,0,0,0,0,0,0
TF,SLAPP,34.463928,-118.331686,0, ,0.0,0.0,0.0,0.0,0,0,0,0,0,0,0,0
TF,JARZO,34.508408,-118.207039,0, ,0.0,0.0,0.0,0.0,0,0,0,0,0,0,0,0
TF,VVERA,34.597472,-117.746386,0, ,0.0,0.0,0.0,0.0,0,0,0,0,0,0,0,0

SID,VVERA2,15,4
CA,0,155.0,2,1180,0,0,0,0,0,0
VM,0,0,0,210.0,0,0,0,0,0,0,0,0
DF,CCHUM,34.335047,-118.441253,0, ,0.0,0.0,2,6800,0,0,0,0,0,0
TF,KIMMO,34.410158,-118.417269,0, ,0.0,0.0,0.0,0.0,2,7000,0,0,0,0,0,0
TF,SLAPP,34.463928,-118.331686,0, ,0.0,0.0,0.0,0.0,0,0,0,0,0,0,0,0
TF,JARZO,34.508408,-118.207039,0, ,0.0,0.0,0.0,0.0,0,0,0,0,0,0,0,0
TF,VVERA,34.597472,-117.746386,0, ,0.0,0.0,0.0,0.0,0,0,0,0,0,0,0,0

SID,VVERA2,26,4
CA,0,259.0,2,1180,0,0,0,0,0,0
VM,0,0,0,290.0,0,0,0,0,0,0,0,0
DF,CCHUM,34.335047,-118.441253,0, ,0.0,0.0,2,6800,0,0,0,0,0,0
TF,KIMMO,34.410158,-118.417269,0, ,0.0,0.0,0.0,0.0,2,7000,0,0,0,0,0,0
TF,SLAPP,34.463928,-118.331686,0, ,0.0,0.0,0.0,0.0,0,0,0,0,0,0,0,0
TF,JARZO,34.508408,-118.207039,0, ,0.0,0.0,0.0,0.0,0,0,0,0,0,0,0,0
TF,VVERA,34.597472,-117.746386,0, ,0.0,0.0,0.0,0.0,0,0,0,0,0,0,0,0

SID,VVERA2,33,4
CA,0,335.0,2,1180,0,0,0,0,0,0
VM,0,0,0,270.0,0,0,0,0,0,0,0,0
DF,CCHUM,34.335047,-118.441253,0, ,0.0,0.0,2,6800,0,0,0,0,0,0
TF,KIMMO,34.410158,-118.417269,0, ,0.0,0.0,0.0,0.0,2,7000,0,0,0,0,0,0
TF,SLAPP,34.463928,-118.331686,0, ,0.0,0.0,0.0,0.0,0,0,0,0,0,0,0,0
TF,JARZO,34.508408,-118.207039,0, ,0.0,0.0,0.0,0.0,0,0,0,0,0,0,0,0
TF,VVERA,34.597472,-117.746386,0, ,0.0,0.0,0.0,0.0,0,0,0,0,0,0,0,0

SID,VVERA2,DAG,6
IF,VVERA,34.597472,-117.746386, ,0.0,0.0,0,0,0,0,0,0,0,0
TF,SSETH,34.735739,-117.016325,0, ,0.0,0.0,0.0,0.0,0,0,0,0,0,0,0,0
TF,DAG,34.962458,-116.578167,0, ,0.0,0.0,0.0,0.0,0,0,0,0,0,0,0,0

SID,VVERA2,HEC,6
IF,VVERA,34.597472,-117.746386, ,0.0,0.0,0,0,0,0,0,0,0,0
TF,SSETH,34.735739,-117.016325,0, ,0.0,0.0,0.0,0.0,0,0,0,0,0,0,0,0
TF,HEC,34.797017,-116.462922,0, ,0.0,0.0,0.0,0.0,0,0,0,0,0,0,0,0

STAR,CEEME5,AVE,4
IF,AVE,35.646978,-119.978606, ,0.0,0.0,0,0,0,0,0,0,0,0
TF,DERBB,35.255900,-119.641447,0, ,0.0,0.0,0.0,0.0,4,26000,24000,0,0,0,0,0
TF,BOOSS,34.966667,-119.394722,0, ,0.0,0.0,0.0,0.0,4,23000,21000,1,280,0,0,0
TF,HRNKE,34.835000,-119.283056,0, ,0.0,0.0,0.0,0.0,0,0,0,0,0,0,0,0
TF,MCRDY,34.670833,-119.144167,0, ,0.0,0.0,0.0,0.0,0,0,0,0,0,0,0,0
TF,PIRUE,34.496753,-118.998342,0, ,0.0,0.0,0.0,0.0,4,12000,11000,0,0,0,0,0
TF,CEEME,34.393889,-118.930278,0, ,0.0,0.0,0.0,0.0,2,8500,0,1,250,0,0,0

STAR,CEEME5,DERBB,4
IF,DERBB,35.255900,-119.641447, ,0.0,0.0,4,26000,24000,0,0,0,0,0
TF,BOOSS,34.966667,-119.394722,0, ,0.0,0.0,0.0,0.0,4,23000,21000,1,280,0,0,0
TF,HRNKE,34.835000,-119.283056,0, ,0.0,0.0,0.0,0.0,0,0,0,0,0,0,0,0
TF,MCRDY,34.670833,-119.144167,0, ,0.0,0.0,0.0,0.0,0,0,0,0,0,0,0,0
TF,PIRUE,34.496753,-118.998342,0, ,0.0,0.0,0.0,0.0,4,12000,11000,0,0,0,0,0
TF,CEEME,34.393889,-118.930278,0, ,0.0,0.0,0.0,0.0,2,8500,0,1,250,0,0,0

STAR,CEEME5,FLW,4
IF,FLW,35.093083,-119.865578, ,0.0,0.0,4,26000,24000,0,0,0,0,0
TF,JRRMY,34.883333,-119.583333,0, ,0.0,0.0,0.0,0.0,4,23000,21000,1,280,0,0,0
TF,SUUEZ,34.765833,-119.425556,0, ,0.0,0.0,0.0,0.0,0,0,0,0,0,0,0,0
TF,DIBBS,34.621667,-119.232500,0, ,0.0,0.0,0.0,0.0,0,0,0,0,0,0,0,0
TF,PIRUE,34.496753,-118.998342,0, ,0.0,0.0,0.0,0.0,4,12000,11000,0,0,0,0,0
TF,CEEME,34.393889,-118.930278,0, ,0.0,0.0,0.0,0.0,2,8500,0,1,250,0,0,0

STAR,CEEME5,OHIGH,4
IF,OHIGH,34.431353,-119.310819, ,0.0,0.0,4,14000,11000,1,280,0,0,0
TF,CANYN,34.391144,-119.078314,0, ,0.0,0.0,0.0,0.0,1,9000,0,0,0,0,0,0
TF,CEEME,34.393889,-118.930278,0, ,0.0,0.0,0.0,0.0,2,8500,0,1,250,0,0,0

STAR,CEEME5,08,5
IF,CEEME,34.393889,-118.930278, ,0.0,0.0,2,8500,0,1,250,0,0,0
TF,FIM,34.356694,-118.881292,0, ,0.0,0.0,0.0,0.0,2,7000,0,0,0,0,0,0
TF,MIKEI,34.267183,-118.791361,0, ,0.0,0.0,0.0,0.0,2,5100,0,0,0,0,0,0
TF,SILEX,34.201058,-118.611636,0, ,0.0,0.0,0.0,0.0,2,3700,0,1,210,0,0,0

STAR,FERN7,AVE,1
IF,AVE,35.646978,-119.978606, ,0.0,0.0,0,0,0,0,0,0,0,0
TF,DERBB,35.255900,-119.641447,0, ,0.0,0.0,0.0,0.0,0,0,0,0,0,0,0,0
TF,REYES,34.658728,-119.134322,0, ,0.0,0.0,0.0,0.0,0,0,0,0,0,0,0,0
TF,PIRUE,34.496753,-118.998342,0, ,0.0,0.0,0.0,0.0,0,0,0,1,250,0,0,0
TF,FIM,34.356694,-118.881292,0, ,0.0,0.0,0.0,0.0,0,0,0,0,0,0,0,0

STAR,FERN7,DERBB,1
IF,DERBB,35.255900,-119.641447, ,0.0,0.0,0,0,0,0,0,0,0,0
TF,REYES,34.658728,-119.134322,0, ,0.0,0.0,0.0,0.0,0,0,0,0,0,0,0,0
TF,PIRUE,34.496753,-118.998342,0, ,0.0,0.0,0.0,0.0,0,0,0,1,250,0,0,0
TF,FIM,34.356694,-118.881292,0, ,0.0,0.0,0.0,0.0,0,0,0,0,0,0,0,0

STAR,FERN7,FLW,1
IF,FLW,35.093083,-119.865578, ,0.0,0.0,0,0,0,0,0,0,0,0
TF,BURNZ,34.581744,-119.179128,0, ,0.0,0.0,0.0,0.0,0,0,0,0,0,0,0,0
TF,BAILL,34.469308,-119.030008,0, ,0.0,0.0,0.0,0.0,0,0,0,1,250,0,0,0
TF,FIM,34.356694,-118.881292,0, ,0.0,0.0,0.0,0.0,0,0,0,0,0,0,0,0

STAR,FERN7,OHIGH,1
IF,OHIGH,34.431353,-119.310819, ,0.0,0.0,0,0,0,0,0,0,0,0
TF,CANYN,34.391144,-119.078314,0, ,0.0,0.0,0.0,0.0,0,0,0,0,0,0,0,0
TF,FIM,34.356694,-118.881292,0, ,0.0,0.0,0.0,0.0,0,0,0,0,0,0,0,0

STAR,FERN7,08,2
IF,FIM,34.356694,-118.881292, ,0.0,0.0,0,0,0,0,0,0,0,0
TF,TOAKS,34.202756,-118.778619,0, ,0.0,0.0,0.0,0.0,0,0,0,0,0,0,0,0
TF,SILEX,34.201058,-118.611636,0, ,0.0,0.0,0.0,0.0,0,0,0,0,0,0,0,0

STAR,JANNY3,BUGGA,4
IF,BUGGA,34.718908,-115.718436, ,0.0,0.0,0,0,0,0,0,0,0,0
TF,JOEES,34.798019,-116.239969,0, ,0.0,0.0,0.0,0.0,1,24000,0,0,0,0,0,0
TF,DNUTT,34.787394,-116.556672,0, ,0.0,0.0,0.0,0.0,1,23000,0,0,0,0,0,0
TF,JOHHN,34.773058,-116.705389,0, ,0.0,0.0,0.0,0.0,1,22000,0,0,0,0,0,0
TF,BASAL,34.757775,-116.861831,0, ,0.0,0.0,0.0,0.0,0,0,0,0,0,0,0,0
TF,CHKNZ,34.678933,-117.622847,0, ,0.0,0.0,0.0,0.0,3,19000,0,0,0,0,0,0
TF,KOPLE,34.653306,-117.863583,0, ,0.0,0.0,0.0,0.0,1,14000,0,0,0,0,0,0
TF,PMD,34.631397,-118.063822,0, ,0.0,0.0,0.0,0.0,3,13000,0,0,0,0,0,0
TF,JANNY,34.566239,-118.356219,0, ,0.0,0.0,0.0,0.0,1,8000,0,0,0,0,0,0

STAR,JANNY3,EED,4
IF,EED,34.766003,-114.474103, ,0.0,0.0,0,0,0,0,0,0,0,0
TF,TAAAP,34.790403,-115.819794,0, ,0.0,0.0,0.0,0.0,0,0,0,0,0,0,0,0
TF,JOEES,34.798019,-116.239969,0, ,0.0,0.0,0.0,0.0,1,24000,0,0,0,0,0,0
TF,DNUTT,34.787394,-116.556672,0, ,0.0,0.0,0.0,0.0,1,23000,0,0,0,0,0,0
TF,JOHHN,34.773058,-116.705389,0, ,0.0,0.0,0.0,0.0,1,22000,0,0,0,0,0,0
TF,BASAL,34.757775,-116.861831,0, ,0.0,0.0,0.0,0.0,0,0,0,0,0,0,0,0
TF,CHKNZ,34.678933,-117.622847,0, ,0.0,0.0,0.0,0.0,3,19000,0,0,0,0,0,0
TF,KOPLE,34.653306,-117.863583,0, ,0.0,0.0,0.0,0.0,1,14000,0,0,0,0,0,0
TF,PMD,34.631397,-118.063822,0, ,0.0,0.0,0.0,0.0,3,13000,0,0,0,0,0,0
TF,JANNY,34.566239,-118.356219,0, ,0.0,0.0,0.0,0.0,1,8000,0,0,0,0,0,0

STAR,JANNY3,KREME,4
IF,KREME,34.919033,-116.217961, ,0.0,0.0,1,24000,0,0,0,0,0,0
TF,DNUTT,34.787394,-116.556672,0, ,0.0,0.0,0.0,0.0,1,23000,0,0,0,0,0,0
TF,JOHHN,34.773058,-116.705389,0, ,0.0,0.0,0.0,0.0,1,22000,0,0,0,0,0,0
TF,BASAL,34.757775,-116.861831,0, ,0.0,0.0,0.0,0.0,0,0,0,0,0,0,0,0
TF,CHKNZ,34.678933,-117.622847,0, ,0.0,0.0,0.0,0.0,3,19000,0,0,0,0,0,0
TF,KOPLE,34.653306,-117.863583,0, ,0.0,0.0,0.0,0.0,1,14000,0,0,0,0,0,0
TF,PMD,34.631397,-118.063822,0, ,0.0,0.0,0.0,0.0,3,13000,0,0,0,0,0,0
TF,JANNY,34.566239,-118.356219,0, ,0.0,0.0,0.0,0.0,1,8000,0,0,0,0,0,0

STAR,JANNY3,PURSE,4
IF,PURSE,35.581667,-115.198056, ,0.0,0.0,0,0,0,0,0,0,0,0
TF,NIPIY,35.125833,-115.811667,0, ,0.0,0.0,0.0,0.0,0,0,0,0,0,0,0,0
TF,KREME,34.919033,-116.217961,0, ,0.0,0.0,0.0,0.0,1,24000,0,0,0,0,0,0
TF,DNUTT,34.787394,-116.556672,0, ,0.0,0.0,0.0,0.0,1,23000,0,0,0,0,0,0
TF,JOHHN,34.773058,-116.705389,0, ,0.0,0.0,0.0,0.0,1,22000,0,0,0,0,0,0
TF,BASAL,34.757775,-116.861831,0, ,0.0,0.0,0.0,0.0,0,0,0,0,0,0,0,0
TF,CHKNZ,34.678933,-117.622847,0, ,0.0,0.0,0.0,0.0,3,19000,0,0,0,0,0,0
TF,KOPLE,34.653306,-117.863583,0, ,0.0,0.0,0.0,0.0,1,14000,0,0,0,0,0,0
TF,PMD,34.631397,-118.063822,0, ,0.0,0.0,0.0,0.0,3,13000,0,0,0,0,0,0
TF,JANNY,34.566239,-118.356219,0, ,0.0,0.0,0.0,0.0,1,8000,0,0,0,0,0,0

STAR,JANNY3,WELUM,4
IF,WELUM,35.382222,-114.933056, ,0.0,0.0,0,0,0,0,0,0,0,0
TF,NIPIY,35.125833,-115.811667,0, ,0.0,0.0,0.0,0.0,0,0,0,0,0,0,0,0
TF,KREME,34.919033,-116.217961,0, ,0.0,0.0,0.0,0.0,1,24000,0,0,0,0,0,0
TF,DNUTT,34.787394,-116.556672,0, ,0.0,0.0,0.0,0.0,1,23000,0,0,0,0,0,0
TF,JOHHN,34.773058,-116.705389,0, ,0.0,0.0,0.0,0.0,1,22000,0,0,0,0,0,0
TF,BASAL,34.757775,-116.861831,0, ,0.0,0.0,0.0,0.0,0,0,0,0,0,0,0,0
TF,CHKNZ,34.678933,-117.622847,0, ,0.0,0.0,0.0,0.0,3,19000,0,0,0,0,0,0
TF,KOPLE,34.653306,-117.863583,0, ,0.0,0.0,0.0,0.0,1,14000,0,0,0,0,0,0
TF,PMD,34.631397,-118.063822,0, ,0.0,0.0,0.0,0.0,3,13000,0,0,0,0,0,0
TF,JANNY,34.566239,-118.356219,0, ,0.0,0.0,0.0,0.0,1,8000,0,0,0,0,0,0

STAR,JANNY3,WNCHL,4
IF,WNCHL,35.007072,-116.183761, ,0.0,0.0,0,0,0,0,0,0,0,0
TF,GLAZD,34.977328,-116.328297,0, ,0.0,0.0,0.0,0.0,0,0,0,0,0,0,0,0
TF,COWWS,34.704239,-117.628767,0, ,0.0,0.0,0.0,0.0,3,19000,0,0,0,0,0,0
TF,KOPLE,34.653306,-117.863583,0, ,0.0,0.0,0.0,0.0,1,14000,0,0,0,0,0,0
TF,PMD,34.631397,-118.063822,0, ,0.0,0.0,0.0,0.0,3,13000,0,0,0,0,0,0
TF,JANNY,34.566239,-118.356219,0, ,0.0,0.0,0.0,0.0,1,8000,0,0,0,0,0,0

STAR,JANNY3,08,5
IF,JANNY,34.566239,-118.356219, ,0.0,0.0,1,8000,0,0,0,0,0,0
TF,PUCCK,34.549167,-118.432222,0, ,0.0,0.0,0.0,0.0,1,8000,0,0,0,0,0,0
TF,ELMRR,34.480714,-118.486589,0, ,0.0,0.0,0.0,0.0,2,7000,0,0,0,0,0,0
TF,WABBT,34.367828,-118.574183,0, ,0.0,0.0,0.0,0.0,1,6000,0,0,0,0,0,1
FM,WABBT,34.367828,-118.574183,0,TRM,0.0,0.0,201.0,0,0,0,0,0,0,0,0

STAR,LYNXX8,DAG,1
IF,DAG,34.962458,-116.578167, ,0.0,0.0,0,0,0,0,0,0,0,0
TF,WOOLI,34.660233,-117.864844,0, ,0.0,0.0,0.0,0.0,0,0,0,0,0,0,0,0
TF,PMD,34.631397,-118.063822,0, ,0.0,0.0,0.0,0.0,0,0,0,0,0,0,0,0
TF,JANNY,34.566239,-118.356219,0, ,0.0,0.0,0.0,0.0,0,0,0,0,0,0,0,0
TF,EIFEL,34.536000,-118.490778,0, ,0.0,0.0,0.0,0.0,0,0,0,0,0,0,0,0
TF,LYNXX,34.512436,-118.594975,0, ,0.0,0.0,0.0,0.0,0,0,0,0,0,0,0,0

STAR,LYNXX8,HEC,1
IF,HEC,34.797017,-116.462922, ,0.0,0.0,0,0,0,0,0,0,0,0
TF,BASAL,34.757775,-116.861831,0, ,0.0,0.0,0.0,0.0,0,0,0,0,0,0,0,0
TF,KOPLE,34.653306,-117.863583,0, ,0.0,0.0,0.0,0.0,0,0,0,0,0,0,0,0
TF,PMD,34.631397,-118.063822,0, ,0.0,0.0,0.0,0.0,0,0,0,0,0,0,0,0
TF,JANNY,34.566239,-118.356219,0, ,0.0,0.0,0.0,0.0,0,0,0,0,0,0,0,0
TF,EIFEL,34.536000,-118.490778,0, ,0.0,0.0,0.0,0.0,0,0,0,0,0,0,0,0
TF,LYNXX,34.512436,-118.594975,0, ,0.0,0.0,0.0,0.0,0,0,0,0,0,0,0,0

STAR,LYNXX8,LHS,1
IF,LHS,34.682972,-118.576939, ,0.0,0.0,0,0,0,0,0,0,0,0
TF,LAAMB,34.596683,-118.586086,0, ,0.0,0.0,0.0,0.0,0,0,0,0,0,0,0,0
TF,LYNXX,34.512436,-118.594975,0, ,0.0,0.0,0.0,0.0,0,0,0,0,0,0,0,0

STAR,LYNXX8,PMD,1
IF,PMD,34.631397,-118.063822, ,0.0,0.0,0,0,0,0,0,0,0,0
TF,JANNY,34.566239,-118.356219,0, ,0.0,0.0,0.0,0.0,0,0,0,0,0,0,0,0
TF,EIFEL,34.536000,-118.490778,0, ,0.0,0.0,0.0,0.0,0,0,0,0,0,0,0,0
TF,LYNXX,34.512436,-118.594975,0, ,0.0,0.0,0.0,0.0,0,0,0,0,0,0,0,0

STAR,LYNXX8,ALL,2
IF,LYNXX,34.512436,-118.594975, ,0.0,0.0,0,0,0,0,0,0,0,0
TF,VNY,34.223461,-118.491672,0, ,0.0,0.0,0.0,0.0,0,0,0,0,0,0,0,0

STAR,ROKKR1,HIHWY,4
IF,HIHWY,34.985036,-119.356914, ,0.0,0.0,3,22000,0,1,280,0,0,0
TF,MAIDD,34.861297,-119.276814,0, ,0.0,0.0,0.0,0.0,3,19000,0,0,0,0,0,0
TF,PEPRZ,34.679817,-119.157336,0, ,0.0,0.0,0.0,0.0,3,16000,0,1,270,0,0,0
TF,HEVVY,34.589311,-119.098411,0, ,0.0,0.0,0.0,0.0,3,15000,0,0,0,0,0,0
TF,ROKKR,34.545033,-119.070000,0, ,0.0,0.0,0.0,0.0,4,12000,11000,1,250,0,0,0

STAR,ROKKR1,PRPLE,4
IF,PRPLE,34.874903,-119.618414, ,0.0,0.0,3,22000,0,1,280,0,0,0
TF,XXELL,34.774586,-119.469072,0, ,0.0,0.0,0.0,0.0,3,19000,0,0,0,0,0,0
TF,YUTOO,34.643461,-119.269064,0, ,0.0,0.0,0.0,0.0,3,16000,0,1,270,0,0,0
TF,TRAVV,34.570706,-119.121703,0, ,0.0,0.0,0.0,0.0,3,15000,0,0,0,0,0,0
TF,ROKKR,34.545033,-119.070000,0, ,0.0,0.0,0.0,0.0,4,12000,11000,1,250,0,0,0

STAR,ROKKR1,RDHOT,4
IF,RDHOT,35.592586,-120.360119, ,0.0,0.0,0,0,0,0,0,0,0,0
TF,PRPLE,34.874903,-119.618414,0, ,0.0,0.0,0.0,0.0,3,22000,0,1,280,0,0,0
TF,XXELL,34.774586,-119.469072,0, ,0.0,0.0,0.0,0.0,3,19000,0,0,0,0,0,0
TF,YUTOO,34.643461,-119.269064,0, ,0.0,0.0,0.0,0.0,3,16000,0,1,270,0,0,0
TF,TRAVV,34.570706,-119.121703,0, ,0.0,0.0,0.0,0.0,3,15000,0,0,0,0,0,0
TF,ROKKR,34.545033,-119.070000,0, ,0.0,0.0,0.0,0.0,4,12000,11000,1,250,0,0,0

STAR,ROKKR1,REBRG,4
IF,REBRG,35.981389,-119.614722, ,0.0,0.0,0,0,0,0,0,0,0,0
TF,MMTLY,35.658197,-119.680458,0, ,0.0,0.0,0.0,0.0,0,0,0,0,0,0,0,0
TF,CRUUE,35.476117,-119.655153,0, ,0.0,0.0,0.0,0.0,0,0,0,0,0,0,0,0
TF,EEAZY,35.224600,-119.581878,0, ,0.0,0.0,0.0,0.0,4,29000,24000,1,280,0,0,0
TF,HIHWY,34.985036,-119.356914,0, ,0.0,0.0,0.0,0.0,3,22000,0,1,280,0,0,0
TF,MAIDD,34.861297,-119.276814,0, ,0.0,0.0,0.0,0.0,3,19000,0,0,0,0,0,0
TF,PEPRZ,34.679817,-119.157336,0, ,0.0,0.0,0.0,0.0,3,16000,0,1,270,0,0,0
TF,HEVVY,34.589311,-119.098411,0, ,0.0,0.0,0.0,0.0,3,15000,0,0,0,0,0,0
TF,ROKKR,34.545033,-119.070000,0, ,0.0,0.0,0.0,0.0,4,12000,11000,1,250,0,0,0

STAR,ROKKR1,ALL,5
IF,ROKKR,34.545033,-119.070000, ,0.0,0.0,4,12000,11000,1,250,0,0,0
TF,ZEPPE,34.441639,-118.975211,0, ,0.0,0.0,0.0,0.0,4,10000,9000,0,0,0,0,0
TF,IVINS,34.372178,-118.906431,0, ,0.0,0.0,0.0,0.0,2,8000,0,0,0,0,0,0

STAR,ROKKR1,08,6
IF,IVINS,34.372178,-118.906431, ,0.0,0.0,2,8000,0,0,0,0,0,0
TF,MIKEI,34.267183,-118.791361,0, ,0.0,0.0,0.0,0.0,1,7000,0,0,0,0,0,0

STAR,ROKKR1,15,6
IF,IVINS,34.372178,-118.906431, ,0.0,0.0,2,8000,0,0,0,0,0,0
TF,MAURK,34.356556,-118.694167,0, ,0.0,0.0,0.0,0.0,1,6000,0,0,0,0,0,1
FM,MAURK,34.356556,-118.694167,0,LAX,0.0,0.0,83.0,0,0,0,0,0,0,0,0

STAR,ROKKR1,33,6
IF,IVINS,34.372178,-118.906431, ,0.0,0.0,2,8000,0,0,0,0,0,0
TF,MIKEI,34.267183,-118.791361,0, ,0.0,0.0,0.0,0.0,1,7000,0,0,0,0,0,0
TF,EHUNT,34.193003,-118.710314,0, ,0.0,0.0,0.0,0.0,1,6000,0,0,0,0,0,1
FM,EHUNT,34.193003,-118.710314,0,LAX,0.0,0.0,126.0,0,0,0,0,0,0,0,0

STAR,THRNE2,PHRED,4
IF,PHRED,33.645750,-114.121750, ,0.0,0.0,0,0,0,0,0,0,0,0
TF,FOILD,33.746933,-115.174958,0, ,0.0,0.0,0.0,0.0,0,0,0,0,0,0,0,0
TF,QUTIP,33.770781,-115.410047,0, ,0.0,0.0,0.0,0.0,3,29000,0,0,0,0,0,0
TF,VLLMA,33.790614,-115.601964,0, ,0.0,0.0,0.0,0.0,0,0,0,0,0,0,0,0
TF,DROGO,33.811681,-115.819044,0, ,0.0,0.0,0.0,0.0,2,24000,0,0,0,0,0,0
TF,DEWWW,33.842125,-116.121625,0, ,0.0,0.0,0.0,0.0,2,21000,0,0,0,0,0,0
TF,DNERY,33.860261,-116.358164,0, ,0.0,0.0,0.0,0.0,3,20000,0,0,0,0,0,0
TF,ARRYA,33.876211,-116.525394,0, ,0.0,0.0,0.0,0.0,1,16000,0,0,0,0,0,0
TF,YATZE,33.897081,-116.657308,0, ,0.0,0.0,0.0,0.0,4,15000,14000,0,0,0,0,0
TF,IRONN,33.945322,-116.963083,0, ,0.0,0.0,0.0,0.0,1,13000,0,0,0,0,0,0
TF,THRNE,33.977286,-117.096822,0, ,0.0,0.0,0.0,0.0,4,11000,10000,0,0,0,0,0

STAR,THRNE2,ALL,5
IF,THRNE,33.977286,-117.096822, ,0.0,0.0,4,11000,10000,0,0,0,0,0
TF,CRCUS,34.073203,-117.498439,0, ,0.0,0.0,0.0,0.0,1,10000,0,0,0,0,0,0
TF,NNEDD,34.150719,-118.003794,0, ,0.0,0.0,0.0,0.0,1,8000,0,0,0,0,0,1
FM,NNEDD,34.150719,-118.003794,0,TFD,0.0,0.0,253.0,0,0,0,0,0,0,0,0

STAR,WEESL1,EHF,4
IF,EHF,35.484556,-119.097294, ,0.0,0.0,0,0,0,0,0,0,0,0
TF,BASKK,35.183972,-118.932778,0, ,0.0,0.0,0.0,0.0,0,0,0,0,0,0,0,0
TF,AMANY,34.935656,-118.798161,0, ,0.0,0.0,0.0,0.0,0,0,0,0,0,0,0,0
TF,WEESL,34.879147,-118.776886,0, ,0.0,0.0,0.0,0.0,0,0,0,0,0,0,0,0

STAR,WEESL1,NINTY,4
IF,NINTY,35.047244,-118.944833, ,0.0,0.0,0,0,0,0,0,0,0,0
TF,WEESL,34.879147,-118.776886,0, ,0.0,0.0,0.0,0.0,0,0,0,0,0,0,0,0

STAR,WEESL1,WRING,4
IF,WRING,35.513156,-118.874961, ,0.0,0.0,0,0,0,0,0,0,0,0
TF,AMANY,34.935656,-118.798161,0, ,0.0,0.0,0.0,0.0,0,0,0,0,0,0,0,0
TF,WEESL,34.879147,-118.776886,0, ,0.0,0.0,0.0,0.0,0,0,0,0,0,0,0,0

STAR,WEESL1,ALL,5
IF,WEESL,34.879147,-118.776886, ,0.0,0.0,0,0,0,0,0,0,0,0
TF,GRRIT,34.788942,-118.741797,0, ,0.0,0.0,0.0,0.0,0,0,0,0,0,0,0,0
TF,SWIIM,34.653567,-118.671831,0, ,0.0,0.0,0.0,0.0,1,9000,0,0,0,0,0,0
TF,LYNXX,34.512436,-118.594975,0, ,0.0,0.0,0.0,0.0,1,9000,0,0,0,0,0,1
FM,LYNXX,34.512436,-118.594975,0,EHF,0.0,0.0,192.0,0,0,0,0,0,0,0,0

APPTR,I08-Y,08,LAX
IF,LAX,33.933147,-118.432011, ,0.0,0.0,0,0,0,0,0,0,0,0
TF,SILEX,34.201058,-118.611636,0, ,0.0,0.0,0.0,0.0,2,4600,0,0,0,0,0,0
HF,SILEX,34.201058,-118.611636,2, ,0.0,0.0,79.0,04.3,2,4000,0,0,0,0,1,0,0

APPTR,I08-Y,08,MIKEI
IF,MIKEI,34.267183,-118.791361, ,0.0,0.0,1,7000,0,0,0,0,1,0
CF,SILEX,34.201058,-118.611636,0,IBUR,259.0,11.9,102.0,9.8,2,3700,0,0,0,0,1,0

APPTR,I08-Y,08,SMO
IF,SMO,34.010244,-118.456717, ,0.0,0.0,0,0,0,0,0,0,0,0
TF,SILEX,34.201058,-118.611636,0, ,0.0,0.0,0.0,0.0,2,4400,0,0,0,0,0,0
HF,SILEX,34.201058,-118.611636,2, ,0.0,0.0,79.0,04.3,2,4000,0,0,0,0,1,0,0

APPTR,I08-Y,08,TOAKS
IF,TOAKS,34.202756,-118.778619,FIM,136.0,10.5,0,0,0,0,0,0,1,0
CF,SILEX,34.201058,-118.611636,0,IBUR,259.0,11.9,79.0,8.3,2,3700,0,0,0,0,1,0

APPTR,I08-Y,08,VNY
IF,VNY,34.223461,-118.491672, ,0.0,0.0,0,0,0,0,0,0,0,0
TF,SILEX,34.201058,-118.611636,0, ,0.0,0.0,0.0,0.0,2,4400,0,0,0,0,0,0
HF,SILEX,34.201058,-118.611636,2, ,0.0,0.0,79.0,04.3,2,4000,0,0,0,0,1,0,0

APPTR,I08-Y,08,VTU
IF,VTU,34.115058,-119.049492, ,0.0,0.0,0,0,0,0,0,0,1,0
TF,TOAKS,34.202756,-118.778619,0, ,0.0,0.0,0.0,0.0,2,4600,0,0,0,0,0,0
CF,SILEX,34.201058,-118.611636,0,IBUR,259.0,11.9,79.0,8.3,2,3700,0,0,0,0,1,0

FINAL,I08-Y,08,I,3
IF,SILEX,34.201058,-118.611636,IBUR,259.0,11.9,2,3700,0,0,0,0,0,0
CF,BUDDE,34.199494,-118.491092,0,IBUR,258.9,5.9,79.0,6.0,1,2753,0,0,0,0,2,0
CF,RW08,34.197911,-118.369142,0,IBUR,78.9,0.2,79.0,6.1,1,787,0,0,0,0,3,0
CA,0,79.0,2,1800,0,0,0,0,0,0
VI,2, ,0.0,210.0,0,0,0,0,0,0,0,0
CF,VTU,34.115058,-119.049492,0,VTU,0.0,0.0,266.0,31.5,2,4600,0,0,0,0,0,0
HM,VTU,34.115058,-119.049492,1, ,0.0,0.0,131.0,04.3,0,0,0,0,0,0,0,0,0

APPTR,I08-Z,08,LAX
IF,LAX,33.933147,-118.432011, ,0.0,0.0,0,0,0,0,0,0,0,0
TF,SILEX,34.201058,-118.611636,0, ,0.0,0.0,0.0,0.0,2,4600,0,0,0,0,0,0
HF,SILEX,34.201058,-118.611636,2, ,0.0,0.0,79.0,04.3,2,4000,0,0,0,0,1,0,0

APPTR,I08-Z,08,MIKEI
IF,MIKEI,34.267183,-118.791361, ,0.0,0.0,1,7000,0,0,0,0,1,0
CF,SILEX,34.201058,-118.611636,0,IBUR,259.0,11.9,102.0,9.8,2,3700,0,0,0,0,1,0

APPTR,I08-Z,08,SMO
IF,SMO,34.010244,-118.456717, ,0.0,0.0,0,0,0,0,0,0,0,0
TF,SILEX,34.201058,-118.611636,0, ,0.0,0.0,0.0,0.0,2,4400,0,0,0,0,0,0
HF,SILEX,34.201058,-118.611636,2, ,0.0,0.0,79.0,04.3,2,4000,0,0,0,0,1,0,0

APPTR,I08-Z,08,TOAKS
IF,TOAKS,34.202756,-118.778619, ,0.0,0.0,0,0,0,0,0,0,1,0
CF,SILEX,34.201058,-118.611636,0,IBUR,259.0,11.9,79.0,8.3,2,3700,0,0,0,0,1,0

APPTR,I08-Z,08,VNY
IF,VNY,34.223461,-118.491672, ,0.0,0.0,0,0,0,0,0,0,0,0
TF,SILEX,34.201058,-118.611636,0, ,0.0,0.0,0.0,0.0,2,4400,0,0,0,0,0,0
HF,SILEX,34.201058,-118.611636,2, ,0.0,0.0,79.0,04.3,2,4000,0,0,0,0,1,0,0

APPTR,I08-Z,08,VTU
IF,VTU,34.115058,-119.049492, ,0.0,0.0,0,0,0,0,0,0,1,0
TF,TOAKS,34.202756,-118.778619,0, ,0.0,0.0,0.0,0.0,2,4600,0,0,0,0,0,0
CF,SILEX,34.201058,-118.611636,0,IBUR,259.0,11.9,79.0,8.3,2,3700,0,0,0,0,1,0

FINAL,I08-Z,08,I,3
IF,SILEX,34.201058,-118.611636,IBUR,259.0,11.9,2,3700,0,0,0,0,0,0
CF,BUDDE,34.199494,-118.491092,0,IBUR,258.9,5.9,79.0,6.0,1,2753,0,0,0,0,2,0
CF,RW08,34.197911,-118.369142,0,IBUR,78.9,0.2,79.0,6.1,1,787,0,0,0,0,3,0
CA,0,79.0,2,1300,0,0,0,0,0,0
VI,2, ,0.0,210.0,0,0,0,0,0,0,0,0
CF,VTU,34.115058,-119.049492,0,VTU,0.0,0.0,266.0,31.5,2,4600,0,0,0,0,0,0
HM,VTU,34.115058,-119.049492,1, ,0.0,0.0,131.0,04.3,0,0,0,0,0,0,0,0,0

APPTR,R08-A,08,SAUGS
IF,SAUGS,34.496581,-118.467722, ,0.0,0.0,0,0,0,0,0,0,1,0
TF,CEZKA,34.393067,-118.581722,0, ,0.0,0.0,0.0,0.0,2,5200,0,0,0,0,1,0

APPTR,R08-A,08,VAZCU
IF,VAZCU,34.426956,-118.674239, ,0.0,0.0,0,0,0,0,0,0,1,0
TF,CEZKA,34.393067,-118.581722,0, ,0.0,0.0,0.0,0.0,2,5200,0,0,0,0,1,0

FINAL,R08-A,08,R,3
IF,CEZKA,34.393067,-118.581722, ,0.0,0.0,2,5200,0,0,0,0,0,0
TF,SUMXY,34.296797,-118.470103,0, ,0.0,0.0,124.0,8.0,2,4100,0,0,0,0,2,0
TF,IGAXY,34.207428,-118.366600,0, ,0.0,0.0,124.0,7.4,1,2320,0,0,0,0,3,1
CA,0,124.0,2,2320,0,0,0,0,0,0
DF,COTSI,34.070861,-118.461769,2, ,0.0,0.0,0,0,0,0,0,0,0,0
TF,VTU,34.115058,-119.049492,0, ,0.0,0.0,0.0,0.0,2,4600,0,0,0,0,0,1
HM,VTU,34.115058,-119.049492,1, ,0.0,0.0,131.0,05,0,0,0,0,0,0,0,0,0

APPTR,R08-Y,08,MIKEI
IF,MIKEI,34.267183,-118.791361, ,0.0,0.0,1,7000,0,0,0,0,1,0
TF,SILEX,34.201058,-118.611636,0, ,0.0,0.0,0.0,0.0,2,4500,0,0,0,0,0,0
TF,YEBUN,34.199772,-118.513606,0, ,0.0,0.0,0.0,0.0,2,3000,0,0,0,0,0,0
TF,WESKI,34.199481,-118.489806,0, ,0.0,0.0,0.0,0.0,2,2700,0,0,0,0,0,0

APPTR,R08-Y,08,WABBT
IF,WABBT,34.367828,-118.574183, ,0.0,0.0,1,6000,0,0,0,0,0,0
TF,NIBYI,34.292592,-118.571608,0, ,0.0,0.0,0.0,0.0,2,5100,0,0,0,0,0,0
TF,ZEMEP,34.242622,-118.567772,0, ,0.0,0.0,0.0,0.0,2,4200,0,1,210,0,0,0
RF,HIMVI,34.205186,-118.538794,1,CFCDJ,91.6,2.7,2,3400,0,0,0,0,0,0
RF,YEBUN,34.199772,-118.513606,1,CFCGT,77.9,2.7,2,3000,0,0,0,0,0,0
TF,WESKI,34.199481,-118.489806,0, ,0.0,0.0,0.0,0.0,2,2700,0,0,0,0,0,0

FINAL,R08-Y,08,R,2
IF,WESKI,34.199481,-118.489806, ,0.0,0.0,2,2700,0,0,0,0,2,0
TF,RW08,34.197911,-118.369142,0, ,0.0,0.0,79.0,6.0,1,787,0,0,0,0,3,1
CA,0,79.0,2,1200,0,0,0,0,0,0
DF,COTSI,34.070861,-118.461769,2, ,0.0,0.0,0,0,0,0,0,0,0,0
TF,YOLYY,34.112142,-119.009497,0, ,0.0,0.0,0.0,0.0,2,4600,0,0,0,0,0,1
HM,YOLYY,34.112142,-119.009497,1, ,0.0,0.0,311.0,05,0,0,0,0,0,0,0,0,0

APPTR,R08-Z,08,MIKEI
IF,MIKEI,34.267183,-118.791361, ,0.0,0.0,1,7000,0,0,0,0,1,0
TF,SILEX,34.201058,-118.611636,0, ,0.0,0.0,0.0,0.0,2,4100,0,0,0,0,1,0

APPTR,R08-Z,08,SILEX
HF,SILEX,34.201058,-118.611636,2, ,0.0,0.0,79.0,05,2,4100,0,0,0,0,1,0,0

APPTR,R08-Z,08,VTU
IF,VTU,34.115058,-119.049492, ,0.0,0.0,0,0,0,0,0,0,1,0
TF,TOAKS,34.202756,-118.778619,0, ,0.0,0.0,0.0,0.0,2,4600,0,0,0,0,0,0
TF,SILEX,34.201058,-118.611636,0, ,0.0,0.0,0.0,0.0,2,4100,0,0,0,0,1,0

FINAL,R08-Z,08,R,3
IF,SILEX,34.201058,-118.611636, ,0.0,0.0,2,4100,0,0,0,0,0,0
TF,BUBNE,34.199714,-118.508731,0, ,0.0,0.0,79.0,5.1,2,3000,0,0,0,0,2,0
TF,HIMEN,34.198261,-118.395261,0, ,0.0,0.0,79.0,5.7,1,1201,0,0,0,0,3,1
CA,0,79.0,2,1201,0,0,0,0,0,0
DF,COTSI,34.070861,-118.461769,2, ,0.0,0.0,0,0,0,0,0,0,0,0
TF,VTU,34.115058,-119.049492,0, ,0.0,0.0,0.0,0.0,2,4600,0,0,0,0,0,1
HM,VTU,34.115058,-119.049492,1, ,0.0,0.0,131.0,05,0,0,0,0,0,0,0,0,0

APPTR,R15-A,15,SAUGS
IF,SAUGS,34.496581,-118.467722, ,0.0,0.0,0,0,0,0,0,0,1,0
TF,CEZKA,34.393067,-118.581722,0, ,0.0,0.0,0.0,0.0,2,5200,0,0,0,0,1,0

APPTR,R15-A,15,VAZCU
IF,VAZCU,34.426956,-118.674239, ,0.0,0.0,0,0,0,0,0,0,1,0
TF,CEZKA,34.393067,-118.581722,0, ,0.0,0.0,0.0,0.0,2,5200,0,0,0,0,1,0

FINAL,R15-A,15,R,3
IF,CEZKA,34.393067,-118.581722, ,0.0,0.0,2,5200,0,0,0,0,0,0
TF,SUMXY,34.296797,-118.470103,0, ,0.0,0.0,124.0,8.0,2,4100,0,0,0,0,2,0
TF,IGAXY,34.207428,-118.366600,0, ,0.0,0.0,124.0,7.4,1,2320,0,0,0,0,3,1
CA,0,124.0,2,2320,0,0,0,0,0,0
DF,COTSI,34.070861,-118.461769,2, ,0.0,0.0,0,0,0,0,0,0,0,0
TF,VTU,34.115058,-119.049492,0, ,0.0,0.0,0.0,0.0,2,4600,0,0,0,0,0,1
HM,VTU,34.115058,-119.049492,1, ,0.0,0.0,131.0,05,0,0,0,0,0,0,0,0,0

APPTR,R26-A,26,SAUGS
IF,SAUGS,34.496581,-118.467722, ,0.0,0.0,0,0,0,0,0,0,1,0
TF,CEZKA,34.393067,-118.581722,0, ,0.0,0.0,0.0,0.0,2,5200,0,0,0,0,1,0

APPTR,R26-A,26,VAZCU
IF,VAZCU,34.426956,-118.674239, ,0.0,0.0,0,0,0,0,0,0,1,0
TF,CEZKA,34.393067,-118.581722,0, ,0.0,0.0,0.0,0.0,2,5200,0,0,0,0,1,0

FINAL,R26-A,26,R,3
IF,CEZKA,34.393067,-118.581722, ,0.0,0.0,2,5200,0,0,0,0,0,0
TF,SUMXY,34.296797,-118.470103,0, ,0.0,0.0,124.0,8.0,2,4100,0,0,0,0,2,0
TF,IGAXY,34.207428,-118.366600,0, ,0.0,0.0,124.0,7.4,1,2320,0,0,0,0,3,1
CA,0,124.0,2,2320,0,0,0,0,0,0
DF,COTSI,34.070861,-118.461769,2, ,0.0,0.0,0,0,0,0,0,0,0,0
TF,VTU,34.115058,-119.049492,0, ,0.0,0.0,0.0,0.0,2,4600,0,0,0,0,0,1
HM,VTU,34.115058,-119.049492,1, ,0.0,0.0,131.0,05,0,0,0,0,0,0,0,0,0

APPTR,R33-A,33,SAUGS
IF,SAUGS,34.496581,-118.467722, ,0.0,0.0,0,0,0,0,0,0,1,0
TF,CEZKA,34.393067,-118.581722,0, ,0.0,0.0,0.0,0.0,2,5200,0,0,0,0,1,0

APPTR,R33-A,33,VAZCU
IF,VAZCU,34.426956,-118.674239, ,0.0,0.0,0,0,0,0,0,0,1,0
TF,CEZKA,34.393067,-118.581722,0, ,0.0,0.0,0.0,0.0,2,5200,0,0,0,0,1,0

FINAL,R33-A,33,R,3
IF,CEZKA,34.393067,-118.581722, ,0.0,0.0,2,5200,0,0,0,0,0,0
TF,SUMXY,34.296797,-118.470103,0, ,0.0,0.0,124.0,8.0,2,4100,0,0,0,0,2,0
TF,IGAXY,34.207428,-118.366600,0, ,0.0,0.0,124.0,7.4,1,2320,0,0,0,0,3,1
CA,0,124.0,2,2320,0,0,0,0,0,0
DF,COTSI,34.070861,-118.461769,2, ,0.0,0.0,0,0,0,0,0,0,0,0
TF,VTU,34.115058,-119.049492,0, ,0.0,0.0,0.0,0.0,2,4600,0,0,0,0,0,1
HM,VTU,34.115058,-119.049492,1, ,0.0,0.0,131.0,05,0,0,0,0,0,0,0,0,0

APPTR,S08,08,FIM
IF,FIM,34.356694,-118.881292, ,0.0,0.0,0,0,0,0,0,0,1,0
TF,SUANA,34.223233,-118.720744,0, ,0.0,0.0,0.0,0.0,2,4400,0,0,0,0,1,0

APPTR,S08,08,GINNA
IF,GINNA,34.222972,-118.832078, ,0.0,0.0,0,0,0,0,0,0,1,0
TF,SUANA,34.223233,-118.720744,0, ,0.0,0.0,0.0,0.0,2,4400,0,0,0,0,1,0

APPTR,S08,08,LAX
IF,LAX,33.933147,-118.432011, ,0.0,0.0,0,0,0,0,0,0,0,0
TF,SUANA,34.223233,-118.720744,0, ,0.0,0.0,0.0,0.0,2,5100,0,0,0,0,0,0
HF,SUANA,34.223233,-118.720744,2, ,0.0,0.0,75.0,04.3,2,4400,0,0,0,0,1,0,0

APPTR,S08,08,SMO
IF,SMO,34.010244,-118.456717, ,0.0,0.0,0,0,0,0,0,0,0,0
TF,SUANA,34.223233,-118.720744,0, ,0.0,0.0,0.0,0.0,2,5100,0,0,0,0,0,0
HF,SUANA,34.223233,-118.720744,2, ,0.0,0.0,75.0,04.3,2,4400,0,0,0,0,1,0,0

APPTR,S08,08,VNY
IF,VNY,34.223461,-118.491672, ,0.0,0.0,0,0,0,0,0,0,0,0
TF,SUANA,34.223233,-118.720744,0, ,0.0,0.0,0.0,0.0,2,4600,0,0,0,0,0,0
HF,SUANA,34.223233,-118.720744,2, ,0.0,0.0,75.0,04.3,2,4400,0,0,0,0,1,0,0

APPTR,S08,08,VTU
IF,VTU,34.115058,-119.049492, ,0.0,0.0,0,0,0,0,0,0,1,0
TF,SUANA,34.223233,-118.720744,0, ,0.0,0.0,0.0,0.0,2,4600,0,0,0,0,1,0

FINAL,S08,08,D,4
IF,SUANA,34.223233,-118.720744,VNY,255.0,11.4,2,4400,0,0,0,0,0,0
CF,CANOG,34.223403,-118.594103,0,VNY,255.0,5.1,75.0,6.3,2,3700,0,0,0,0,0,0
CF,VNY,34.223461,-118.491672,0,VNY,0.0,0.0,75.0,5.1,2,3100,0,0,0,0,2,0
CF,UNCIA,34.201106,-118.384467,0,VNY,89.1,5.5,89.0,5.5,1,1078,0,0,0,0,3,0
CA,0,89.0,2,1178,0,0,0,0,0,0
VI,2, ,0.0,210.0,0,0,0,0,0,0,0,0
CF,VTU,34.115058,-119.049492,0,VTU,0.0,0.0,266.0,30.0,2,4600,0,0,0,0,0,0
HM,VTU,34.115058,-119.049492,1, ,0.0,0.0,131.0,04.3,0,0,0,0,0,0,0,0,0

