APPTR,I07,07,MBL
FC,MBL,44.270642,-86.254044,0,MBL,0.0,0.0,108.0,19.4,2,4000,0,0,0,0,1,0
CF,MIXXR,44.178931,-85.727878,0,IMAY,250.4,15.0,108.0,4.0,2,4000,0,0,0,0,0,0

APPTR,I07,07,WEXOR
PI,WEXOR,44.237083,-85.547297,1,TVC,295.0,10.0,250,5.0,2,3600,0,0,0,0,1,0

FINAL,I07,07,I,3
IF,MIXXR,44.178931,-85.727878,IMAY,250.4,15.0,2,4000,0,0,0,0,0,0
CF,WEXOR,44.237083,-85.547297,0,IMAY,250.8,6.5,70.0,8.5,1,3117,0,0,0,0,2,0
CF,RW07,44.272883,-85.430847,0,IMAY,250.4,0.0,70.0,5.5,1,1351,0,0,0,0,3,0
CA,0,70.0,2,2100,0,0,0,0,0,0
DF,WEXOR,44.237083,-85.547297,2, ,0.0,0.0,2,3200,0,0,0,0,0,0
HM,WEXOR,44.237083,-85.547297,2, ,0.0,0.0,70.0,04.3,0,0,0,0,0,0,0,0,0

APPTR,R07,07,HIC
IF,HIC,43.574853,-85.716161, ,0.0,0.0,0,0,0,0,0,0,0,0
TF,ISNEW,44.117331,-85.634950,0, ,0.0,0.0,0.0,0.0,2,3600,0,0,0,0,1,0
TF,WIKAP,44.193578,-85.681669,0, ,0.0,0.0,0.0,0.0,2,3600,0,0,0,0,1,0

APPTR,R07,07,MBL
IF,MBL,44.270642,-86.254044, ,0.0,0.0,0,0,0,0,0,0,0,0
TF,JIXMO,44.269806,-85.728508,0, ,0.0,0.0,0.0,0.0,2,3600,0,0,0,0,1,0
TF,WIKAP,44.193578,-85.681669,0, ,0.0,0.0,0.0,0.0,2,3600,0,0,0,0,1,0

APPTR,R07,07,TVC
IF,TVC,44.667917,-85.550011, ,0.0,0.0,0,0,0,0,0,0,0,0
TF,JIXMO,44.269806,-85.728508,0, ,0.0,0.0,0.0,0.0,2,3600,0,0,0,0,1,0
TF,WIKAP,44.193578,-85.681669,0, ,0.0,0.0,0.0,0.0,2,3600,0,0,0,0,1,0

APPTR,R07,07,WIKAP
HF,WIKAP,44.193578,-85.681669,2, ,0.0,0.0,70.0,04,2,3600,0,0,0,0,1,0,0

FINAL,R07,07,R,3
IF,WIKAP,44.193578,-85.681669, ,0.0,0.0,2,3600,0,0,0,0,0,0
TF,GEWIZ,44.234603,-85.552211,0, ,0.0,0.0,70.0,6.1,2,3200,0,0,0,0,2,0
TF,RW07,44.272883,-85.430847,0, ,0.0,0.0,70.0,5.7,1,1352,0,0,0,0,3,1
DF,TEVUY,44.353183,-85.174389,0, ,0.0,0.0,2,3000,0,0,0,0,0,1
HM,TEVUY,44.353183,-85.174389,2, ,0.0,0.0,251.0,04,0,0,0,0,0,0,0,0,0

APPTR,R25,25,MBL
IF,MBL,44.270642,-86.254044, ,0.0,0.0,0,0,0,0,0,0,0,0
TF,FUNWI,44.429614,-85.220706,0, ,0.0,0.0,0.0,0.0,2,3200,0,0,0,0,1,0
TF,TEVUY,44.353183,-85.174389,0, ,0.0,0.0,0.0,0.0,2,3000,0,0,0,0,1,0

APPTR,R25,25,MOP
IF,MOP,43.622825,-84.737267, ,0.0,0.0,0,0,0,0,0,0,0,0
TF,USOYU,44.276733,-85.128192,0, ,0.0,0.0,0.0,0.0,2,3000,0,0,0,0,1,0
TF,TEVUY,44.353183,-85.174389,0, ,0.0,0.0,0.0,0.0,2,3000,0,0,0,0,1,0

APPTR,R25,25,TEVUY
HF,TEVUY,44.353183,-85.174389,2, ,0.0,0.0,251.0,04,2,3000,0,0,0,0,1,0,0

APPTR,R25,25,TVC
IF,TVC,44.667917,-85.550011, ,0.0,0.0,0,0,0,0,0,0,0,0
TF,FUNWI,44.429614,-85.220706,0, ,0.0,0.0,0.0,0.0,2,3000,0,0,0,0,1,0
TF,TEVUY,44.353183,-85.174389,0, ,0.0,0.0,0.0,0.0,2,3000,0,0,0,0,1,0

FINAL,R25,25,R,3
IF,TEVUY,44.353183,-85.174389, ,0.0,0.0,2,3000,0,0,0,0,0,0
TF,JERRO,44.312642,-85.304183,0, ,0.0,0.0,251.0,6.1,2,3000,0,0,0,0,2,0
TF,RW25,44.278381,-85.413358,0, ,0.0,0.0,250.0,5.1,1,1342,0,0,0,0,3,1
DF,WIKAP,44.193578,-85.681669,0, ,0.0,0.0,2,3600,0,0,0,0,0,1
HM,WIKAP,44.193578,-85.681669,2, ,0.0,0.0,70.0,04,0,0,0,0,0,0,0,0,0

