STAR,DPK3,DPK,1
IF,DPK,40.791750,-73.303658, ,0.0,0.0,0,0,0,0,0,0,0,0
TF,BELTT,41.063503,-72.987089,0, ,0.0,0.0,0.0,0.0,0,0,0,0,0,0,0,0
TF,MAD,41.313836,-72.692192,0, ,0.0,0.0,0.0,0.0,0,0,0,0,0,0,0,0

STAR,DPK3,HTO,1
IF,HTO,40.918994,-72.316706, ,0.0,0.0,0,0,0,0,0,0,0,0
TF,MAD,41.313836,-72.692192,0, ,0.0,0.0,0.0,0.0,0,0,0,0,0,0,0,0

STAR,DPK3,SARDI,1
IF,SARDI,40.524058,-72.798853, ,0.0,0.0,0,0,0,0,0,0,0,0
TF,CCC,40.929617,-72.798858,0, ,0.0,0.0,0.0,0.0,0,0,0,0,0,0,0,0
TF,MAD,41.313836,-72.692192,0, ,0.0,0.0,0.0,0.0,0,0,0,0,0,0,0,0

STAR,DPK3,ALL,2
IF,MAD,41.313836,-72.692192, ,0.0,0.0,0,0,0,0,0,0,0,0
TF,BRISS,41.702600,-73.016708,0, ,0.0,0.0,0.0,0.0,0,0,0,0,0,0,0,0

STAR,STELA1,ALB,1
IF,ALB,42.747281,-73.803186, ,0.0,0.0,0,0,0,0,0,0,0,0
TF,CANAN,42.492839,-73.446686,0, ,0.0,0.0,0.0,0.0,0,0,0,0,0,0,0,0

STAR,STELA1,AUDIL,1
IF,AUDIL,42.871872,-76.443075, ,0.0,0.0,0,0,0,0,0,0,0,0
TF,RKA,42.466364,-75.239308,0, ,0.0,0.0,0.0,0.0,0,0,0,0,0,0,0,0
TF,SWEDE,42.477811,-74.668919,0, ,0.0,0.0,0.0,0.0,0,0,0,0,0,0,0,0
TF,CANAN,42.492839,-73.446686,0, ,0.0,0.0,0.0,0.0,0,0,0,0,0,0,0,0

STAR,STELA1,CAM,1
IF,CAM,42.994289,-73.344019, ,0.0,0.0,0,0,0,0,0,0,0,0
TF,CANAN,42.492839,-73.446686,0, ,0.0,0.0,0.0,0.0,0,0,0,0,0,0,0,0

STAR,STELA1,HNK,1
IF,HNK,42.063058,-75.316283, ,0.0,0.0,0,0,0,0,0,0,0,0
TF,SWEDE,42.477811,-74.668919,0, ,0.0,0.0,0.0,0.0,0,0,0,0,0,0,0,0
TF,CANAN,42.492839,-73.446686,0, ,0.0,0.0,0.0,0.0,0,0,0,0,0,0,0,0

STAR,STELA1,WILET,1
IF,WILET,42.558819,-75.888169, ,0.0,0.0,0,0,0,0,0,0,0,0
TF,RKA,42.466364,-75.239308,0, ,0.0,0.0,0.0,0.0,0,0,0,0,0,0,0,0
TF,SWEDE,42.477811,-74.668919,0, ,0.0,0.0,0.0,0.0,0,0,0,0,0,0,0,0
TF,CANAN,42.492839,-73.446686,0, ,0.0,0.0,0.0,0.0,0,0,0,0,0,0,0,0

STAR,STELA1,ALL,2
IF,CANAN,42.492839,-73.446686, ,0.0,0.0,0,0,0,0,0,0,0,0
TF,SHIGY,42.399431,-73.316939,0, ,0.0,0.0,0.0,0.0,0,0,0,0,0,0,0,0
TF,STELA,42.281431,-73.153933,0, ,0.0,0.0,0.0,0.0,0,0,0,0,0,0,0,0
TF,MOLDS,42.208586,-73.053719,0, ,0.0,0.0,0.0,0.0,0,0,0,0,0,0,0,0
TF,BAF,42.161958,-72.716200,0, ,0.0,0.0,0.0,0.0,0,0,0,0,0,0,0,0

APPTR,I05,05,BIGEE
HF,BIGEE,42.098800,-72.619681,1, ,0.0,0.0,48.0,05,2,2500,0,1,230,0,1,0,0

FINAL,I05,05,I,3
IF,HERKK,42.015972,-72.694925,IGWJ,228.2,13.8,2,2200,0,0,0,0,0,0
CF,BIGEE,42.098800,-72.619681,0,IGWJ,228.2,7.8,48.0,6.0,1,2200,0,0,0,0,2,0
CF,RW05,42.180192,-72.545517,0,IGWJ,228.2,1.9,48.0,5.9,1,308,0,0,0,0,3,0
CA,0,48.0,2,650,0,0,0,0,0,0
CF,MEANY,42.296431,-72.461336,0,CEF,40.0,6.6,40.0,7.0,2,2700,0,0,0,0,0,0
HM,MEANY,42.296431,-72.461336,2, ,0.0,0.0,220.0,07,3,4000,0,1,310,0,0,0,0

APPTR,I23,23,BELCH
HF,BELCH,42.289306,-72.445589,2, ,0.0,0.0,228.0,05,2,2700,0,1,230,0,1,0,0

FINAL,I23,23,I,3
IF,BEENS,42.371886,-72.369681,ICEF,48.2,14.3,2,2700,0,0,0,0,0,0
CF,BELCH,42.289306,-72.445589,0,ICEF,48.2,8.3,228.0,6.0,1,2300,0,0,0,0,2,0
CF,RW23,42.203786,-72.523956,0,ICEF,48.2,2.1,228.0,6.2,1,305,0,0,0,0,3,0
CA,0,228.0,2,650,0,0,0,0,0,0
CF,HILDA,42.102903,-72.625561,0,CEF,232.0,7.2,232.0,6.7,2,2500,0,0,0,0,0,0
HM,HILDA,42.102903,-72.625561,1, ,0.0,0.0,52.0,05,3,4000,0,1,230,0,0,0,0

APPTR,R05,05,HERKK
HF,HERKK,42.015972,-72.694925,1, ,0.0,0.0,48.0,04,1,2500,0,1,230,0,1,0,0

FINAL,R05,05,R,3
IF,HERKK,42.015972,-72.694925, ,0.0,0.0,1,2500,0,0,0,0,0,0
TF,BIGEE,42.098800,-72.619681,0, ,0.0,0.0,48.0,6.0,2,2200,0,0,0,0,2,0
TF,PINGS,42.173292,-72.551803,0, ,0.0,0.0,48.0,5.4,1,452,0,0,0,0,3,1
CA,0,48.0,2,700,0,0,0,0,0,0
DF,MEANY,42.296431,-72.461336,0, ,0.0,0.0,1,2700,0,0,0,0,0,1
HM,MEANY,42.296431,-72.461336,2, ,0.0,0.0,220.0,04,0,0,0,1,230,0,0,0,0

FINAL,R23,23,R,4
IF,BEENS,42.371886,-72.369681, ,0.0,0.0,2,2700,0,0,0,0,0,0
TF,BELCH,42.289306,-72.445589,0, ,0.0,0.0,228.0,6.0,2,2300,0,0,0,0,2,0
TF,MOLDE,42.241003,-72.489883,0, ,0.0,0.0,228.0,3.5,2,1000,0,0,0,0,0,0
TF,RW23,42.203786,-72.523956,0, ,0.0,0.0,228.0,2.7,1,295,0,0,0,0,3,1
CA,0,228.0,2,1000,0,0,0,0,0,0
DF,HILDA,42.102903,-72.625561,0, ,0.0,0.0,1,2500,0,0,0,0,0,1
HM,HILDA,42.102903,-72.625561,1, ,0.0,0.0,52.0,04,0,0,0,1,230,0,0,0,0

APPTR,T05,05,FOBBS
HF,HILDA,42.102903,-72.625561,1, ,0.0,0.0,52.0,05,2,2500,0,1,230,0,1,0,0

FINAL,T05,05,D,3
IF,AGAWA,42.023969,-72.708042,CEF,232.0,13.2,2,2200,0,0,0,0,0,0
CF,HILDA,42.102903,-72.625561,0,CEF,232.0,7.2,52.0,6.0,2,2200,0,0,0,0,2,0
CF,FFRED,42.172578,-72.552533,0,CEF,232.0,1.9,52.0,5.3,1,485,0,0,0,0,3,0
CA,0,52.0,2,650,0,0,0,0,0,0
CF,MEANY,42.296431,-72.461336,0,CEF,40.0,6.6,40.0,7.5,2,2700,0,0,0,0,0,0
HM,MEANY,42.296431,-72.461336,2, ,0.0,0.0,220.0,05,3,4000,0,1,230,0,0,0,0

APPTR,T23,23,FOBBS
IF,FOBBS,42.393917,-72.649889, ,0.0,0.0,2,3000,0,0,0,0,1,0
AF,DECCO,42.392283,-72.398136,2,CEF,40.0,13.0,349.0,2,2700,0,0,0,0,1,0

FINAL,T23,23,D,4
IF,DECCO,42.392283,-72.398136,CEF,40.0,13.0,2,2700,0,0,0,0,0,0
CF,MEANY,42.296431,-72.461336,0,CEF,40.0,6.6,220.0,6.4,2,2300,0,0,0,0,2,0
CF,ORUSE,42.242497,-72.496806,0,CEF,40.0,3.0,220.0,3.6,2,1000,0,0,0,0,0,0
CF,WISAS,42.209533,-72.518450,0,CEF,40.0,0.8,220.0,2.2,1,440,0,0,0,0,3,0
CA,0,220.0,2,650,0,0,0,0,0,0
CF,HILDA,42.102903,-72.625561,0,CEF,232.0,7.2,232.0,7.2,2,2500,0,0,0,0,0,0
HM,HILDA,42.102903,-72.625561,1, ,0.0,0.0,52.0,05,3,4000,0,1,230,0,0,0,0

