APPTR,L23,23,CNG
IF,CNG,37.008608,-88.836914, ,0.0,0.0,0,0,0,0,0,0,0,0
TF,MUREY,36.720653,-88.289972,0, ,0.0,0.0,0.0,0.0,2,3000,0,0,0,0,0,0
PI,MUREY,36.720653,-88.289972,2,CNG,7.0,10.0,052,5.0,2,2200,0,0,0,0,1,0

FINAL,L23,23,D,3
IF,XBOWW,36.785103,-88.194742,IEUY,51.9,11.9,2,2200,0,0,0,0,0,0
CF,MUREY,36.720653,-88.289972,0,IEUY,51.9,5.9,232.0,6.0,2,2100,0,0,0,0,2,0
CF,RW23,36.670069,-88.364689,0,IEUY,51.9,1.2,232.0,4.7,1,605,0,0,0,0,3,0
CA,0,232.0,2,1200,0,0,0,0,0,0
DF,MUREY,36.720653,-88.289972,2, ,0.0,0.0,2,2100,0,0,0,0,0,0
HM,MUREY,36.720653,-88.289972,2, ,0.0,0.0,232.0,04.3,0,0,0,0,0,0,0,0,0

APPTR,R05,05,EKACY
HF,EKACY,36.532517,-88.566772,2, ,0.0,0.0,52.0,04,2,3000,0,0,0,0,1,0,0

FINAL,R05,05,R,4
IF,EKACY,36.532517,-88.566772, ,0.0,0.0,2,3000,0,0,0,0,0,0
TF,OXURE,36.605586,-88.459575,0, ,0.0,0.0,52.0,6.8,2,2200,0,0,0,0,2,0
TF,ZAKOP,36.639731,-88.409367,0, ,0.0,0.0,52.0,3.2,2,1180,0,0,0,0,0,0
TF,RW05,36.659092,-88.380861,0, ,0.0,0.0,52.0,1.8,1,616,0,0,0,0,3,1
CA,0,52.0,2,827,0,0,0,0,0,0
DF,GELME,36.793469,-88.182342,0, ,0.0,0.0,2,3000,0,0,0,0,0,1
HM,GELME,36.793469,-88.182342,2, ,0.0,0.0,232.0,04,0,0,0,0,0,0,0,0,0

APPTR,R23,23,GELME
HF,GELME,36.793469,-88.182342,2, ,0.0,0.0,232.0,04,2,3000,0,0,0,0,1,0,0

FINAL,R23,23,R,3
IF,GELME,36.793469,-88.182342, ,0.0,0.0,2,3000,0,0,0,0,0,0
TF,AZCUF,36.720536,-88.290239,0, ,0.0,0.0,232.0,6.8,2,2100,0,0,0,0,2,0
TF,RW23,36.670069,-88.364689,0, ,0.0,0.0,232.0,4.7,1,607,0,0,0,0,3,1
CA,0,232.0,2,859,0,0,0,0,0,0
DF,EKACY,36.532517,-88.566772,0, ,0.0,0.0,2,3000,0,0,0,0,0,1
HM,EKACY,36.532517,-88.566772,2, ,0.0,0.0,52.0,04,0,0,0,0,0,0,0,0,0

