APPTR,R10,10,BODGY
HF,BODGY,41.057025,-93.596244,2, ,0.0,0.0,99.0,04,2,3000,0,0,0,0,1,0,0

APPTR,R10,10,OHGEE
IF,OHGEE,40.818344,-93.140031, ,0.0,0.0,0,0,0,0,0,0,0,0
TF,SECOL,40.975328,-93.618272,0, ,0.0,0.0,0.0,0.0,2,3000,0,0,0,0,1,0
TF,BODGY,41.057025,-93.596244,0, ,0.0,0.0,0.0,0.0,2,3000,0,0,0,0,1,0

APPTR,R10,10,WIVEY
IF,WIVEY,41.226533,-93.729369, ,0.0,0.0,0,0,0,0,0,0,1,0
TF,BODGY,41.057025,-93.596244,0, ,0.0,0.0,0.0,0.0,2,3000,0,0,0,0,1,0

FINAL,R10,10,R,3
IF,BODGY,41.057025,-93.596244, ,0.0,0.0,2,3000,0,0,0,0,0,0
TF,COSHE,41.036600,-93.464714,0, ,0.0,0.0,99.0,6.1,2,2600,0,0,0,0,2,0
TF,RW10,41.020767,-93.363464,0, ,0.0,0.0,99.0,4.7,1,1086,0,0,0,0,3,1
DF,EBORE,41.000406,-93.234136,0, ,0.0,0.0,2,3000,0,0,0,0,0,1
HM,EBORE,41.000406,-93.234136,2, ,0.0,0.0,279.0,04,0,0,0,0,0,0,0,0,0

APPTR,R17,17,DSM
IF,DSM,41.437625,-93.648558, ,0.0,0.0,0,0,0,0,0,0,1,0
TF,YOUTO,41.203858,-93.364156,0, ,0.0,0.0,0.0,0.0,2,3000,0,0,0,0,1,0

APPTR,R17,17,WIVEY
IF,WIVEY,41.226533,-93.729369, ,0.0,0.0,0,0,0,0,0,0,0,0
TF,CIVIS,41.203886,-93.496417,0, ,0.0,0.0,0.0,0.0,2,3000,0,0,0,0,1,0
TF,YOUTO,41.203858,-93.364156,0, ,0.0,0.0,0.0,0.0,2,3000,0,0,0,0,1,0

APPTR,R17,17,YOUTO
HF,YOUTO,41.203858,-93.364156,2, ,0.0,0.0,177.0,04,2,3000,0,0,0,0,1,0,0

FINAL,R17,17,R,4
IF,YOUTO,41.203858,-93.364156, ,0.0,0.0,2,3000,0,0,0,0,0,0
TF,OLLIS,41.103133,-93.364289,0, ,0.0,0.0,177.0,6.0,2,2600,0,0,0,0,2,0
TF,ZOBUP,41.055108,-93.364356,0, ,0.0,0.0,177.0,2.9,2,1680,0,0,0,0,0,0
TF,RW17,41.023422,-93.364400,0, ,0.0,0.0,177.0,1.9,1,1078,0,0,0,0,3,1
CA,0,177.0,2,1500,0,0,0,0,0,0
DF,YOUTO,41.203858,-93.364156,1, ,0.0,0.0,2,3000,0,0,0,0,0,1
HM,YOUTO,41.203858,-93.364156,2, ,0.0,0.0,177.0,04,0,0,0,0,0,0,0,0,0

