STAR,SETER5,JLI,1
IF,JLI,33.140458,-116.585936, ,0.0,0.0,0,0,0,0,0,0,0,0
TF,ROTHY,33.593133,-116.896019,0, ,0.0,0.0,0.0,0.0,0,0,0,0,0,0,0,0
TF,SETER,33.901008,-117.109125,0, ,0.0,0.0,0.0,0.0,0,0,0,0,0,0,0,0

STAR,SETER5,PSP,1
IF,PSP,33.870014,-116.429783, ,0.0,0.0,0,0,0,0,0,0,0,0
TF,AHLEX,33.882314,-116.689594,0, ,0.0,0.0,0.0,0.0,0,0,0,0,0,0,0,0
TF,BANDS,33.889608,-116.849481,0, ,0.0,0.0,0.0,0.0,0,0,0,0,0,0,0,0
TF,SETER,33.901008,-117.109125,0, ,0.0,0.0,0.0,0.0,0,0,0,0,0,0,0,0

STAR,SETER5,ALL,2
IF,SETER,33.901008,-117.109125, ,0.0,0.0,0,0,0,0,0,0,0,0
TF,BERDU,33.905897,-117.224067,0, ,0.0,0.0,0.0,0.0,0,0,0,0,0,0,0,0
TF,PDZ,33.918336,-117.529997,0, ,0.0,0.0,0.0,0.0,0,0,0,0,0,0,0,0

STAR,ZIGGY6,EHF,1
IF,EHF,35.484556,-119.097294, ,0.0,0.0,0,0,0,0,0,0,0,0
TF,ZARTI,35.076525,-118.710217,0, ,0.0,0.0,0.0,0.0,0,0,0,0,0,0,0,0
TF,LANDO,35.012428,-118.616372,0, ,0.0,0.0,0.0,0.0,0,0,0,0,0,0,0,0
TF,PMD,34.631397,-118.063822,0, ,0.0,0.0,0.0,0.0,0,0,0,0,0,0,0,0
TF,FLAVR,34.429261,-117.622592,0, ,0.0,0.0,0.0,0.0,0,0,0,1,250,0,0,0
TF,MAJEK,34.388647,-117.534603,0, ,0.0,0.0,0.0,0.0,0,0,0,0,0,0,0,0
TF,HESPE,34.341167,-117.432031,0, ,0.0,0.0,0.0,0.0,0,0,0,0,0,0,0,0
TF,HITOP,34.299639,-117.342550,0, ,0.0,0.0,0.0,0.0,0,0,0,0,0,0,0,0
TF,NITIY,34.177208,-117.305592,0, ,0.0,0.0,0.0,0.0,0,0,0,0,0,0,0,0
TF,ZIGGY,34.119803,-117.288303,0, ,0.0,0.0,0.0,0.0,0,0,0,0,0,0,0,0

STAR,ZIGGY6,HEC,1
IF,HEC,34.797017,-116.462922, ,0.0,0.0,0,0,0,0,0,0,0,0
TF,BULGY,34.667825,-116.621944,0, ,0.0,0.0,0.0,0.0,0,0,0,0,0,0,0,0
TF,DAWNA,34.264978,-117.113061,0, ,0.0,0.0,0.0,0.0,0,0,0,0,0,0,0,0
TF,ARRAN,34.218775,-117.168958,0, ,0.0,0.0,0.0,0.0,0,0,0,0,0,0,0,0
TF,GAREY,34.166331,-117.232233,0, ,0.0,0.0,0.0,0.0,0,0,0,0,0,0,0,0
TF,ZIGGY,34.119803,-117.288303,0, ,0.0,0.0,0.0,0.0,0,0,0,0,0,0,0,0

STAR,ZIGGY6,PMD,1
IF,PMD,34.631397,-118.063822, ,0.0,0.0,0,0,0,0,0,0,0,0
TF,FLAVR,34.429261,-117.622592,0, ,0.0,0.0,0.0,0.0,0,0,0,1,250,0,0,0
TF,MAJEK,34.388647,-117.534603,0, ,0.0,0.0,0.0,0.0,0,0,0,0,0,0,0,0
TF,HESPE,34.341167,-117.432031,0, ,0.0,0.0,0.0,0.0,0,0,0,0,0,0,0,0
TF,HITOP,34.299639,-117.342550,0, ,0.0,0.0,0.0,0.0,0,0,0,0,0,0,0,0
TF,NITIY,34.177208,-117.305592,0, ,0.0,0.0,0.0,0.0,0,0,0,0,0,0,0,0
TF,ZIGGY,34.119803,-117.288303,0, ,0.0,0.0,0.0,0.0,0,0,0,0,0,0,0,0

STAR,ZIGGY6,TTE,1
IF,TTE,35.913050,-119.020808, ,0.0,0.0,0,0,0,0,0,0,0,0
TF,ZARTI,35.076525,-118.710217,0, ,0.0,0.0,0.0,0.0,0,0,0,0,0,0,0,0
TF,LANDO,35.012428,-118.616372,0, ,0.0,0.0,0.0,0.0,0,0,0,0,0,0,0,0
TF,PMD,34.631397,-118.063822,0, ,0.0,0.0,0.0,0.0,0,0,0,0,0,0,0,0
TF,FLAVR,34.429261,-117.622592,0, ,0.0,0.0,0.0,0.0,0,0,0,1,250,0,0,0
TF,MAJEK,34.388647,-117.534603,0, ,0.0,0.0,0.0,0.0,0,0,0,0,0,0,0,0
TF,HESPE,34.341167,-117.432031,0, ,0.0,0.0,0.0,0.0,0,0,0,0,0,0,0,0
TF,HITOP,34.299639,-117.342550,0, ,0.0,0.0,0.0,0.0,0,0,0,0,0,0,0,0
TF,NITIY,34.177208,-117.305592,0, ,0.0,0.0,0.0,0.0,0,0,0,0,0,0,0,0
TF,ZIGGY,34.119803,-117.288303,0, ,0.0,0.0,0.0,0.0,0,0,0,0,0,0,0,0

STAR,ZIGGY6,ALL,2
IF,ZIGGY,34.119803,-117.288303, ,0.0,0.0,0,0,0,0,0,0,0,0
TF,PETIS,34.056472,-117.366114,0, ,0.0,0.0,0.0,0.0,0,0,0,0,0,0,0,0
TF,PDZ,33.918336,-117.529997,0, ,0.0,0.0,0.0,0.0,0,0,0,0,0,0,0,0

APPTR,I26R,26R,HDF
IF,HDF,33.776328,-117.185322, ,0.0,0.0,0,0,0,0,0,0,1,0
TF,CAZBY,33.977856,-117.362594,0, ,0.0,0.0,0.0,0.0,2,4400,0,0,0,0,0,0
CF,LINDN,33.977039,-117.481433,0,ICNO,75.4,8.4,255.0,5.9,2,3000,0,0,0,0,0,0

APPTR,I26R,26R,PDZ
IF,PDZ,33.918336,-117.529997, ,0.0,0.0,0,0,0,0,0,0,0,0
TF,CAZBY,33.977856,-117.362594,0, ,0.0,0.0,0.0,0.0,2,4400,0,0,0,0,0,0
HF,CAZBY,33.977856,-117.362594,2, ,0.0,0.0,232.0,04.3,2,4400,0,0,0,0,1,0,0
CF,LINDN,33.977039,-117.481433,0,ICNO,75.4,8.4,255.0,5.9,2,3000,0,0,0,0,0,0

FINAL,I26R,26R,I,3
IF,LINDN,33.977039,-117.481433,ICNO,75.4,8.4,2,3000,0,0,0,0,0,0
CF,DEWYE,33.976569,-117.542967,0,ICNO,75.4,5.3,255.0,3.1,1,2100,0,0,0,0,2,0
CF,RW26R,33.975847,-117.630733,0,ICNO,75.4,0.0,255.0,4.4,1,687,0,0,0,0,3,0
CA,0,255.0,2,1100,0,0,0,0,0,0
DF,RAL,33.955181,-117.449828,1, ,0.0,0.0,2,4500,0,0,0,0,0,0
HM,RAL,33.955181,-117.449828,2, ,0.0,0.0,264.0,04.3,0,0,0,0,0,0,0,0,0

APPTR,R26R,26R,HDF
IF,HDF,33.776328,-117.185322, ,0.0,0.0,0,0,0,0,0,0,0,0
TF,CAZBY,33.977856,-117.362594,0, ,0.0,0.0,0.0,0.0,2,4400,0,0,0,0,1,0
TF,LINDN,33.977039,-117.481433,0, ,0.0,0.0,0.0,0.0,2,3000,0,0,0,0,0,0

APPTR,R26R,26R,PDZ
IF,PDZ,33.918336,-117.529997, ,0.0,0.0,0,0,0,0,0,0,0,0
TF,CAZBY,33.977856,-117.362594,0, ,0.0,0.0,0.0,0.0,2,4400,0,0,0,0,0,0
HF,CAZBY,33.977856,-117.362594,2, ,0.0,0.0,256.0,04,2,4400,0,0,0,0,1,0,0
TF,LINDN,33.977039,-117.481433,0, ,0.0,0.0,0.0,0.0,2,3000,0,0,0,0,0,0

FINAL,R26R,26R,R,3
IF,LINDN,33.977039,-117.481433, ,0.0,0.0,2,3000,0,0,0,0,0,0
TF,DEWYE,33.976569,-117.542967,0, ,0.0,0.0,256.0,3.1,2,2100,0,0,0,0,2,0
TF,RW26R,33.975847,-117.630733,0, ,0.0,0.0,255.0,4.4,1,687,0,0,0,0,3,1
CA,0,255.0,2,1030,0,0,0,0,0,0
DF,IRUYI,33.975192,-117.710892,0, ,0.0,0.0,0,0,0,0,0,0,0,0
TF,LAHAB,33.925653,-117.925894,0, ,0.0,0.0,0.0,0.0,2,4000,0,0,0,0,0,1
HM,LAHAB,33.925653,-117.925894,1, ,0.0,0.0,256.0,04,0,0,0,0,0,0,0,0,0

APPTR,V26R,26R,EDITS
IF,EDITS,33.908636,-117.289964, ,0.0,0.0,0,0,0,0,0,0,1,0
TF,RAL,33.955181,-117.449828,0, ,0.0,0.0,0.0,0.0,2,3900,0,0,0,0,0,0

APPTR,V26R,26R,PDZ
IF,PDZ,33.918336,-117.529997, ,0.0,0.0,0,0,0,0,0,0,0,0
TF,RAL,33.955181,-117.449828,0, ,0.0,0.0,0.0,0.0,2,4600,0,0,0,0,0,0
PI,RAL,33.955181,-117.449828,1,RAL,129.0,10.0,084,5.0,2,4600,0,0,0,0,1,0
CF,RAL,33.955181,-117.449828,0,RAL,0.0,0.0,264.0,8.0,2,3900,0,0,0,0,0,0

FINAL,V26R,26R,D,3
IF,RAL,33.955181,-117.449828,RAL,0.0,0.0,2,3900,0,0,0,0,2,0
CF,HINTN,33.966125,-117.545308,0,RAL,263.9,4.8,264.0,4.8,2,2140,0,0,0,0,0,0
CF,RW26R,33.975847,-117.630733,0,RAL,263.9,9.1,264.0,4.3,1,689,0,0,0,0,3,0
CA,0,264.0,2,1050,0,0,0,0,0,0
DF,RAL,33.955181,-117.449828,1, ,0.0,0.0,2,4500,0,0,0,0,0,0
HM,RAL,33.955181,-117.449828,2, ,0.0,0.0,264.0,04.3,0,0,0,0,0,0,0,0,0

