SID,CWARD2,06,4
CA,0,65.0,2,740,0,0,0,0,0,0
VA,1,245.0,2,2300,0,1,210,0,0,0
VM,0,0,0,245.0,0,0,0,0,0,0,0,0
DF,GYWNN,33.063456,-117.729231,0, ,0.0,0.0,2,6000,0,0,0,0,0,0

SID,CWARD2,24,4
VA,0,245.0,2,2300,0,0,0,0,0,0
VM,0,0,0,245.0,0,0,0,0,0,0,0,0
DF,GYWNN,33.063456,-117.729231,0, ,0.0,0.0,2,6000,0,0,0,0,0,0

SID,CWARD2,ALL,5
IF,GYWNN,33.063456,-117.729231, ,0.0,0.0,2,6000,0,0,0,0,0,0
TF,PADRZ,33.193889,-117.861944,0, ,0.0,0.0,0.0,0.0,0,0,0,0,0,0,0,0
TF,CWARD,33.384014,-117.909272,0, ,0.0,0.0,0.0,0.0,3,12000,0,0,0,0,0,0

SID,CWARD2,LAX,6
IF,CWARD,33.384014,-117.909272, ,0.0,0.0,3,12000,0,0,0,0,0,0
TF,LAX,33.933147,-118.432011,0, ,0.0,0.0,0.0,0.0,0,0,0,0,0,0,0,0

SID,CWARD2,SLI,6
IF,CWARD,33.384014,-117.909272, ,0.0,0.0,3,12000,0,0,0,0,0,0
TF,MADOW,33.623603,-117.996400,0, ,0.0,0.0,0.0,0.0,0,0,0,0,0,0,0,0
TF,SLI,33.783300,-118.054758,0, ,0.0,0.0,0.0,0.0,0,0,0,0,0,0,0,0

SID,PADRZ2,06,4
CA,0,65.0,2,740,0,0,0,0,0,0
VA,1,245.0,2,2300,0,0,0,0,0,0
VM,0,0,0,245.0,0,0,0,0,0,0,0,0
DF,GYWNN,33.063456,-117.729231,0, ,0.0,0.0,2,8000,0,0,0,0,0,0
TF,PADRZ,33.193889,-117.861944,0, ,0.0,0.0,0.0,0.0,0,0,0,0,0,0,0,0

SID,PADRZ2,24,4
VA,0,245.0,2,2300,0,0,0,0,0,0
VM,0,0,0,245.0,0,0,0,0,0,0,0,0
DF,GYWNN,33.063456,-117.729231,0, ,0.0,0.0,2,8000,0,0,0,0,0,0
TF,PADRZ,33.193889,-117.861944,0, ,0.0,0.0,0.0,0.0,0,0,0,0,0,0,0,0

SID,PADRZ2,CHKNN,6
IF,PADRZ,33.193889,-117.861944, ,0.0,0.0,0,0,0,0,0,0,0,0
TF,HFMNN,33.575872,-118.236144,0, ,0.0,0.0,0.0,0.0,0,0,0,0,0,0,0,0
TF,CHKNN,33.758383,-118.336747,0, ,0.0,0.0,0.0,0.0,0,0,0,0,0,0,0,0

SID,PADRZ2,DINTY,6
IF,PADRZ,33.193889,-117.861944, ,0.0,0.0,0,0,0,0,0,0,0,0
TF,SXC,33.375056,-118.419911,0, ,0.0,0.0,0.0,0.0,0,0,0,0,0,0,0,0
TF,DINTY,33.482914,-122.583994,0, ,0.0,0.0,0.0,0.0,0,0,0,0,0,0,0,0

SID,PADRZ2,EHF,6
IF,PADRZ,33.193889,-117.861944, ,0.0,0.0,0,0,0,0,0,0,0,0
TF,HFMNN,33.575872,-118.236144,0, ,0.0,0.0,0.0,0.0,0,0,0,0,0,0,0,0
TF,CHKNN,33.758383,-118.336747,0, ,0.0,0.0,0.0,0.0,0,0,0,0,0,0,0,0
TF,RIDDL,34.002028,-118.459800,0, ,0.0,0.0,0.0,0.0,0,0,0,0,0,0,0,0
TF,LANDO,35.012428,-118.616372,0, ,0.0,0.0,0.0,0.0,0,0,0,0,0,0,0,0
TF,EHF,35.484556,-119.097294,0, ,0.0,0.0,0.0,0.0,0,0,0,0,0,0,0,0

SID,PADRZ2,IKAYE,6
IF,PADRZ,33.193889,-117.861944, ,0.0,0.0,0,0,0,0,0,0,0,0
TF,IKAYE,34.143056,-119.010278,0, ,0.0,0.0,0.0,0.0,0,0,0,0,0,0,0,0

SID,PADRZ2,MALIT,6
IF,PADRZ,33.193889,-117.861944, ,0.0,0.0,0,0,0,0,0,0,0,0
TF,SXC,33.375056,-118.419911,0, ,0.0,0.0,0.0,0.0,0,0,0,0,0,0,0,0
TF,MALIT,32.475592,-119.591181,0, ,0.0,0.0,0.0,0.0,0,0,0,0,0,0,0,0

SID,PADRZ2,OROSZ,6
IF,PADRZ,33.193889,-117.861944, ,0.0,0.0,0,0,0,0,0,0,0,0
TF,HFMNN,33.575872,-118.236144,0, ,0.0,0.0,0.0,0.0,0,0,0,0,0,0,0,0
TF,CHKNN,33.758383,-118.336747,0, ,0.0,0.0,0.0,0.0,0,0,0,0,0,0,0,0
TF,RIDDL,34.002028,-118.459800,0, ,0.0,0.0,0.0,0.0,0,0,0,0,0,0,0,0
TF,TWINE,34.309694,-118.616478,0, ,0.0,0.0,0.0,0.0,0,0,0,0,0,0,0,0
TF,OROSZ,34.426717,-118.674169,0, ,0.0,0.0,0.0,0.0,0,0,0,0,0,0,0,0

STAR,FODRR2,EHF,1
IF,EHF,35.484556,-119.097294, ,0.0,0.0,0,0,0,0,0,0,0,0
TF,LANDO,35.012428,-118.616372,0, ,0.0,0.0,0.0,0.0,0,0,0,0,0,0,0,0
TF,NUGEE,34.098481,-118.459936,0, ,0.0,0.0,0.0,0.0,1,24000,0,0,0,0,0,0
TF,LAX,33.933147,-118.432011,0, ,0.0,0.0,0.0,0.0,0,0,0,0,0,0,0,0
TF,FODRR,33.546344,-118.564444,0, ,0.0,0.0,0.0,0.0,0,0,0,0,0,0,0,0

STAR,FODRR2,LAX,1
IF,LAX,33.933147,-118.432011, ,0.0,0.0,0,0,0,0,0,0,0,0
TF,FODRR,33.546344,-118.564444,0, ,0.0,0.0,0.0,0.0,0,0,0,0,0,0,0,0

STAR,FODRR2,ALL,2
IF,FODRR,33.546344,-118.564444, ,0.0,0.0,0,0,0,0,0,0,0,0
TF,SXC,33.375056,-118.419911,0, ,0.0,0.0,0.0,0.0,1,15000,0,0,0,0,0,0
TF,AVOLS,33.351794,-118.241839,0, ,0.0,0.0,0.0,0.0,0,0,0,0,0,0,0,0
TF,PACIF,33.285886,-117.748033,0, ,0.0,0.0,0.0,0.0,0,0,0,0,0,0,0,0
TF,OCN,33.240633,-117.417719,0, ,0.0,0.0,0.0,0.0,0,0,0,0,0,0,0,0

STAR,LEGOZ2,BAUBB,4
IF,BAUBB,33.571667,-118.774753, ,0.0,0.0,4,17000,16000,0,0,0,0,0
TF,LEGOZ,33.463922,-118.598769,0, ,0.0,0.0,0.0,0.0,1,15000,0,0,0,0,0,0

STAR,LEGOZ2,BLOXX,4
IF,BLOXX,34.253333,-118.830778, ,0.0,0.0,2,24000,0,0,0,0,0,0
TF,BLDIT,34.113297,-118.760703,0, ,0.0,0.0,0.0,0.0,0,0,0,0,0,0,0,0
TF,TANDY,33.746575,-118.658072,0, ,0.0,0.0,0.0,0.0,1,17000,0,0,0,0,0,0
TF,LEGOZ,33.463922,-118.598769,0, ,0.0,0.0,0.0,0.0,1,15000,0,0,0,0,0,0

STAR,LEGOZ2,BURGL,4
IF,BURGL,35.666022,-120.107739, ,0.0,0.0,0,0,0,0,0,0,0,0
TF,DOUIT,35.288858,-119.824239,0, ,0.0,0.0,0.0,0.0,0,0,0,0,0,0,0,0
TF,BLOXX,34.253333,-118.830778,0, ,0.0,0.0,0.0,0.0,2,24000,0,0,0,0,0,0
TF,BLDIT,34.113297,-118.760703,0, ,0.0,0.0,0.0,0.0,0,0,0,0,0,0,0,0
TF,TANDY,33.746575,-118.658072,0, ,0.0,0.0,0.0,0.0,1,17000,0,0,0,0,0,0
TF,LEGOZ,33.463922,-118.598769,0, ,0.0,0.0,0.0,0.0,1,15000,0,0,0,0,0,0

STAR,LEGOZ2,LANDO,4
IF,LANDO,35.012428,-118.616372, ,0.0,0.0,3,23000,0,0,0,0,0,0
TF,NUGEE,34.098481,-118.459936,0, ,0.0,0.0,0.0,0.0,0,0,0,0,0,0,0,0
TF,LAX,33.933147,-118.432011,0, ,0.0,0.0,0.0,0.0,0,0,0,0,0,0,0,0
TF,LEGOZ,33.463922,-118.598769,0, ,0.0,0.0,0.0,0.0,1,15000,0,0,0,0,0,0

STAR,LEGOZ2,REBRG,4
IF,REBRG,35.981389,-119.614722, ,0.0,0.0,0,0,0,0,0,0,0,0
TF,DOUIT,35.288858,-119.824239,0, ,0.0,0.0,0.0,0.0,0,0,0,0,0,0,0,0
TF,BLOXX,34.253333,-118.830778,0, ,0.0,0.0,0.0,0.0,2,24000,0,0,0,0,0,0
TF,BLDIT,34.113297,-118.760703,0, ,0.0,0.0,0.0,0.0,0,0,0,0,0,0,0,0
TF,TANDY,33.746575,-118.658072,0, ,0.0,0.0,0.0,0.0,1,17000,0,0,0,0,0,0
TF,LEGOZ,33.463922,-118.598769,0, ,0.0,0.0,0.0,0.0,1,15000,0,0,0,0,0,0

STAR,LEGOZ2,TILLT,4
IF,TILLT,35.453672,-121.000975, ,0.0,0.0,0,0,0,0,0,0,0,0
TF,ZIPRR,35.045703,-120.561906,0, ,0.0,0.0,0.0,0.0,0,0,0,0,0,0,0,0
TF,WURLL,34.692742,-120.276714,0, ,0.0,0.0,0.0,0.0,0,0,0,0,0,0,0,0
TF,TCUPS,34.075292,-119.786011,0, ,0.0,0.0,0.0,0.0,0,0,0,0,0,0,0,0
TF,RUKKI,33.898056,-119.433056,0, ,0.0,0.0,0.0,0.0,0,0,0,0,0,0,0,0
TF,BAUBB,33.571667,-118.774753,0, ,0.0,0.0,0.0,0.0,4,17000,16000,0,0,0,0,0
TF,LEGOZ,33.463922,-118.598769,0, ,0.0,0.0,0.0,0.0,1,15000,0,0,0,0,0,0

STAR,LEGOZ2,06,6
IF,LEGOZ,33.463922,-118.598769, ,0.0,0.0,1,15000,0,0,0,0,0,0
TF,BRIKS,33.370117,-118.390656,0, ,0.0,0.0,0.0,0.0,3,13000,0,0,0,0,0,0
TF,AVOLS,33.351794,-118.241839,0, ,0.0,0.0,0.0,0.0,1,11000,0,1,250,0,0,0
TF,PACIF,33.285886,-117.748033,0, ,0.0,0.0,0.0,0.0,1,7000,0,0,0,0,0,0

STAR,LEGOZ2,24,6
IF,LEGOZ,33.463922,-118.598769, ,0.0,0.0,1,15000,0,0,0,0,0,0
TF,BRIKS,33.370117,-118.390656,0, ,0.0,0.0,0.0,0.0,3,13000,0,0,0,0,0,0
TF,AVOLS,33.351794,-118.241839,0, ,0.0,0.0,0.0,0.0,1,11000,0,1,250,0,0,0
TF,PACIF,33.285886,-117.748033,0, ,0.0,0.0,0.0,0.0,1,7000,0,0,0,0,0,0
TF,OCN,33.240633,-117.417719,0, ,0.0,0.0,0.0,0.0,1,5000,0,0,0,0,0,1
FM,OCN,33.240633,-117.417719,0,PGY,0.0,0.0,85.0,0,0,0,0,0,0,0,0

APPTR,I24,24,JLI
IF,JLI,33.140458,-116.585936, ,0.0,0.0,0,0,0,0,0,0,1,0
TF,GENTA,33.151386,-116.869533,0, ,0.0,0.0,0.0,0.0,2,7100,0,0,0,0,0,0
TF,RECCO,33.154281,-116.947678,0, ,0.0,0.0,0.0,0.0,2,5200,0,0,0,0,0,0
TF,ZANIG,33.157172,-117.027014,0, ,0.0,0.0,0.0,0.0,2,4300,0,0,0,0,0,0
TF,ESCON,33.159311,-117.086519,0, ,0.0,0.0,0.0,0.0,2,3300,0,0,0,0,0,0
CF,WUNUB,33.151850,-117.133369,0,ICRQ,65.1,8.0,245.0,2.4,2,2600,0,0,0,0,0,0

APPTR,I24,24,OCN
IF,OCN,33.240633,-117.417719, ,0.0,0.0,0,0,0,0,0,0,0,0
TF,HOMLY,33.199658,-117.071583,0, ,0.0,0.0,0.0,0.0,2,4500,0,0,0,0,1,0
TF,ESCON,33.159311,-117.086519,0, ,0.0,0.0,0.0,0.0,2,3300,0,0,0,0,0,0
CF,WUNUB,33.151850,-117.133369,0,ICRQ,65.1,8.0,245.0,2.4,2,2600,0,0,0,0,0,0

FINAL,I24,24,I,3
IF,WUNUB,33.151850,-117.133369,ICRQ,65.1,8.0,2,2600,0,0,0,0,0,0
CF,CIDRU,33.147250,-117.162067,0,ICRQ,65.1,6.5,245.0,1.5,1,2300,0,0,0,0,2,0
CF,RW24,33.129525,-117.272217,0,ICRQ,65.1,0.9,245.0,5.7,1,381,0,0,0,0,3,0
VI,0, ,0.0,245.0,2,740,0,0,0,0,0,0
CF,OCN,33.240633,-117.417719,0,OCN,0.0,0.0,325.0,8.0,2,3000,0,0,0,0,0,0
HM,OCN,33.240633,-117.417719,2, ,0.0,0.0,90.0,04.3,0,0,0,0,0,0,0,0,0

APPTR,R06-Y,06,PACIF
IF,PACIF,33.285886,-117.748033, ,0.0,0.0,0,0,0,0,0,0,0,0
TF,DOOGR,33.160456,-117.522444,0, ,0.0,0.0,0.0,0.0,2,4400,0,0,0,0,1,0
TF,FLEEE,33.105047,-117.423231,0, ,0.0,0.0,0.0,0.0,2,2500,0,0,0,0,1,0

FINAL,R06-Y,06,R,3
IF,FLEEE,33.105047,-117.423231, ,0.0,0.0,2,2500,0,0,0,0,0,0
TF,SWWAG,33.114131,-117.367414,0, ,0.0,0.0,65.0,2.9,2,1700,0,0,0,0,2,0
TF,RW06,33.127142,-117.286972,0, ,0.0,0.0,65.0,4.1,1,386,0,0,0,0,3,1
CA,0,65.0,2,731,0,0,0,0,0,0
DF,TIZIE,33.039578,-117.408667,2, ,0.0,0.0,2,3000,0,0,0,0,0,1
HM,TIZIE,33.039578,-117.408667,1, ,0.0,0.0,65.0,04,0,0,0,0,0,0,0,0,0

APPTR,R06-Z,06,JLI
IF,JLI,33.140458,-116.585936, ,0.0,0.0,0,0,0,0,0,0,1,0
TF,ROBNN,33.203478,-117.103494,0, ,0.0,0.0,0.0,0.0,2,7300,0,0,0,0,0,0
TF,TRRIP,33.228394,-117.282525,0, ,0.0,0.0,0.0,0.0,2,5000,0,1,210,0,0,0
TF,HOLVI,33.211497,-117.389475,0, ,0.0,0.0,0.0,0.0,2,3600,0,0,0,0,0,0
RF,SWWAG,33.114131,-117.367414,1,CFLWV,285.9,3.0,2,1700,0,0,0,0,0,0

APPTR,R06-Z,06,PACIF
IF,PACIF,33.285886,-117.748033, ,0.0,0.0,2,7000,0,0,0,0,1,0
TF,DOOGR,33.160456,-117.522444,0, ,0.0,0.0,0.0,0.0,2,4400,0,1,210,0,0,0
TF,FLEEE,33.105047,-117.423231,0, ,0.0,0.0,0.0,0.0,2,2500,0,0,0,0,0,0
TF,SWWAG,33.114131,-117.367414,0, ,0.0,0.0,0.0,0.0,2,1700,0,0,0,0,0,0

APPTR,R06-Z,06,TANNR
IF,TANNR,33.476639,-117.161369, ,0.0,0.0,2,9000,0,0,0,0,1,0
TF,PASME,33.283364,-117.206181,0, ,0.0,0.0,0.0,0.0,2,6000,0,0,0,0,0,0
TF,TRRIP,33.228394,-117.282525,0, ,0.0,0.0,0.0,0.0,2,5000,0,1,210,0,0,0
TF,HOLVI,33.211497,-117.389475,0, ,0.0,0.0,0.0,0.0,2,3600,0,0,0,0,0,0
RF,SWWAG,33.114131,-117.367414,1,CFLWV,50.1,3.0,2,1700,0,0,0,0,0,0

APPTR,R06-Z,06,TRM
IF,TRM,33.628094,-116.160197, ,0.0,0.0,0,0,0,0,0,0,0,0
TF,ZASOG,33.309067,-116.616308,0, ,0.0,0.0,0.0,0.0,2,9600,0,0,0,0,1,0
TF,DEGLE,33.268083,-117.117147,0, ,0.0,0.0,0.0,0.0,2,7400,0,0,0,0,0,0
TF,TRRIP,33.228394,-117.282525,0, ,0.0,0.0,0.0,0.0,2,5000,0,1,210,0,0,0
TF,HOLVI,33.211497,-117.389475,0, ,0.0,0.0,0.0,0.0,2,3600,0,0,0,0,0,0
RF,SWWAG,33.114131,-117.367414,1,CFLWV,347.4,3.0,2,1700,0,0,0,0,0,0

FINAL,R06-Z,06,R,2
IF,SWWAG,33.114131,-117.367414, ,0.0,0.0,2,1700,0,0,0,0,2,0
TF,RW06,33.127142,-117.286972,0, ,0.0,0.0,65.0,4.1,1,386,0,0,0,0,3,1
CA,0,65.0,2,731,0,0,0,0,0,0
DF,TIZIE,33.039578,-117.408667,2, ,0.0,0.0,2,3000,0,0,0,0,0,1
HM,TIZIE,33.039578,-117.408667,1, ,0.0,0.0,65.0,04,0,0,0,0,0,0,0,0,0

APPTR,R24-X,24,OCN
IF,OCN,33.240633,-117.417719, ,0.0,0.0,0,0,0,0,0,0,0,0
TF,VISTA,33.219072,-117.234497,0, ,0.0,0.0,0.0,0.0,2,5300,0,0,0,0,1,0
TF,JIDOV,33.297781,-117.053444,0, ,0.0,0.0,0.0,0.0,2,5300,0,0,0,0,0,0
RF,FEHPY,33.210911,-116.944567,2,CFFVQ,219.3,4.0,2,5300,0,0,0,0,0,0
RF,KANEC,33.172789,-117.002217,2,CFFVQ,347.4,4.0,2,4300,0,0,0,0,1,0

FINAL,R24-X,24,R,5
IF,KANEC,33.172789,-117.002217, ,0.0,0.0,2,4300,0,0,0,0,0,0
TF,JABAL,33.154614,-117.116136,0, ,0.0,0.0,245.0,5.8,2,3100,0,0,0,0,2,0
TF,GUGEC,33.144903,-117.176692,0, ,0.0,0.0,245.0,3.1,2,2040,0,0,0,0,0,0
TF,ZUXAX,33.137378,-117.223483,0, ,0.0,0.0,245.0,2.4,2,1220,0,0,0,0,0,0
TF,RW24,33.129525,-117.272217,0, ,0.0,0.0,245.0,2.5,1,380,0,0,0,0,3,1
CA,0,245.0,2,527,0,0,0,0,0,0
DF,IBUGE,33.095272,-117.483158,0, ,0.0,0.0,2,2000,0,0,0,0,0,1
HM,IBUGE,33.095272,-117.483158,2, ,0.0,0.0,65.0,04,0,0,0,0,0,0,0,0,0

APPTR,R24-Y,24,JLI
IF,JLI,33.140458,-116.585936, ,0.0,0.0,0,0,0,0,0,0,0,0
TF,DUNBY,33.057667,-116.845689,0, ,0.0,0.0,0.0,0.0,2,7900,0,0,0,0,1,0
TF,KANEC,33.172789,-117.002217,0, ,0.0,0.0,0.0,0.0,2,4300,0,0,0,0,1,0

APPTR,R24-Y,24,TRM
IF,TRM,33.628094,-116.160197, ,0.0,0.0,0,0,0,0,0,0,0,0
TF,ZASOG,33.309067,-116.616308,0, ,0.0,0.0,0.0,0.0,2,11000,0,0,0,0,1,0
TF,URIJI,33.240725,-116.785325,0, ,0.0,0.0,0.0,0.0,2,7900,0,0,0,0,0,0
TF,GICEP,33.186711,-116.914419,0, ,0.0,0.0,0.0,0.0,2,6100,0,0,0,0,0,0
TF,KANEC,33.172789,-117.002217,0, ,0.0,0.0,0.0,0.0,2,4300,0,0,0,0,1,0

FINAL,R24-Y,24,R,5
IF,KANEC,33.172789,-117.002217, ,0.0,0.0,2,4300,0,0,0,0,0,0
TF,JABAL,33.154614,-117.116136,0, ,0.0,0.0,245.0,5.8,2,3100,0,0,0,0,2,0
TF,GUGEC,33.144903,-117.176692,0, ,0.0,0.0,245.0,3.1,2,2040,0,0,0,0,0,0
TF,ZUXAX,33.137378,-117.223483,0, ,0.0,0.0,245.0,2.4,2,1220,0,0,0,0,0,0
TF,RW24,33.129525,-117.272217,0, ,0.0,0.0,245.0,2.5,1,380,0,0,0,0,3,1
CA,0,245.0,2,528,0,0,0,0,0,0
DF,IBUGE,33.095272,-117.483158,0, ,0.0,0.0,2,2000,0,0,0,0,0,1
HM,IBUGE,33.095272,-117.483158,2, ,0.0,0.0,65.0,04,0,0,0,0,0,0,0,0,0

APPTR,R24-Z,24,ICUGA
IF,ICUGA,33.071950,-116.959769, ,0.0,0.0,0,0,0,1,210,0,1,0
TF,CARCA,33.145831,-117.054253,0, ,0.0,0.0,0.0,0.0,2,3600,0,0,0,0,0,0
TF,JUBIM,33.147606,-117.159847,0, ,0.0,0.0,0.0,0.0,2,2400,0,0,0,0,0,0

APPTR,R24-Z,24,JLI
IF,JLI,33.140458,-116.585936, ,0.0,0.0,0,0,0,0,0,0,1,0
TF,VIVOF,33.142908,-116.830064,0, ,0.0,0.0,0.0,0.0,2,7200,0,0,0,0,0,0
TF,GAETS,33.142908,-116.916150,0, ,0.0,0.0,0.0,0.0,2,5200,0,0,0,0,0,0
TF,CARCA,33.145831,-117.054253,0, ,0.0,0.0,0.0,0.0,2,3600,0,0,0,0,0,0
TF,JUBIM,33.147606,-117.159847,0, ,0.0,0.0,0.0,0.0,2,2400,0,0,0,0,0,0

APPTR,R24-Z,24,OCN
IF,OCN,33.240633,-117.417719, ,0.0,0.0,0,0,0,0,0,0,1,0
TF,ZAVAN,33.230472,-117.269339,0, ,0.0,0.0,0.0,0.0,2,5000,0,0,0,0,0,0
TF,PALCI,33.231678,-117.170003,0, ,0.0,0.0,0.0,0.0,2,4100,0,1,180,0,0,0
RF,EGIVE,33.182478,-117.119508,2,HINUY,211.5,2.5,2,3200,0,1,180,0,0,0
RF,JUBIM,33.147606,-117.159847,2,HINUY,347.2,2.5,2,2400,0,0,0,0,0,0

APPTR,R24-Z,24,TANNR
IF,TANNR,33.476639,-117.161369, ,0.0,0.0,0,0,0,0,0,0,1,0
TF,WAGAV,33.264894,-117.103617,0, ,0.0,0.0,0.0,0.0,2,5500,0,0,0,0,0,0
TF,EGIVE,33.182478,-117.119508,0, ,0.0,0.0,0.0,0.0,2,3200,0,1,180,0,0,0
RF,JUBIM,33.147606,-117.159847,2,HINUY,47.2,2.5,2,2400,0,0,0,0,0,0

APPTR,R24-Z,24,TRM
IF,TRM,33.628094,-116.160197, ,0.0,0.0,0,0,0,0,0,0,0,0
TF,ZASOG,33.309067,-116.616308,0, ,0.0,0.0,0.0,0.0,2,10000,0,0,0,0,1,0
TF,URIJI,33.240725,-116.785325,0, ,0.0,0.0,0.0,0.0,2,8000,0,0,0,0,0,0
TF,COGID,33.178569,-116.942633,0, ,0.0,0.0,0.0,0.0,2,5400,0,0,0,0,0,0
TF,CARCA,33.145831,-117.054253,0, ,0.0,0.0,0.0,0.0,2,3600,0,0,0,0,0,0
TF,JUBIM,33.147606,-117.159847,0, ,0.0,0.0,0.0,0.0,2,2400,0,0,0,0,0,0

FINAL,R24-Z,24,R,2
IF,JUBIM,33.147606,-117.159847, ,0.0,0.0,2,2400,0,0,0,0,2,0
TF,RW24,33.129525,-117.272217,0, ,0.0,0.0,245.0,5.8,1,381,0,0,0,0,3,1
TF,IBUGE,33.095272,-117.483158,0, ,0.0,0.0,0.0,0.0,2,2000,0,0,0,0,0,1
HM,IBUGE,33.095272,-117.483158,2, ,0.0,0.0,65.0,04,0,0,0,0,0,0,0,0,0

APPTR,V06-A,06,OCN
HF,OCN,33.240633,-117.417719,2, ,0.0,0.0,90.0,04.3,2,3000,0,0,0,0,1,0,0

FINAL,V06-A,06,D,3
IF,OCN,33.240633,-117.417719,OCN,0.0,0.0,2,3000,0,0,0,0,2,0
CF,ZEBNU,33.159344,-117.317811,0,OCN,119.0,7.0,119.0,7.0,2,1300,0,0,0,0,0,0
CF,ECONU,33.131097,-117.283186,0,OCN,119.0,9.4,119.0,2.4,1,1080,0,0,0,0,3,0
VI,0, ,0.0,180.0,0,0,0,0,0,0,0,0
CF,MZB,32.782203,-117.225414,0,MZB,0.0,0.0,146.0,13.0,2,3000,0,0,0,0,0,0

APPTR,V24-A,24,OCN
HF,OCN,33.240633,-117.417719,2, ,0.0,0.0,90.0,04.3,2,3000,0,0,0,0,1,0,0

FINAL,V24-A,24,D,3
IF,OCN,33.240633,-117.417719,OCN,0.0,0.0,2,3000,0,0,0,0,2,0
CF,ZEBNU,33.159344,-117.317811,0,OCN,119.0,7.0,119.0,7.0,2,1300,0,0,0,0,0,0
CF,ECONU,33.131097,-117.283186,0,OCN,119.0,9.4,119.0,2.4,1,1080,0,0,0,0,3,0
VI,0, ,0.0,180.0,0,0,0,0,0,0,0,0
CF,MZB,32.782203,-117.225414,0,MZB,0.0,0.0,146.0,13.0,2,3000,0,0,0,0,0,0

