APPTR,R18,18,BRIDJ
IF,BRIDJ,41.364817,-94.238939, ,0.0,0.0,0,0,0,0,0,0,1,0
TF,GUNTE,41.189561,-94.750514,0, ,0.0,0.0,0.0,0.0,2,3000,0,0,0,0,1,0

APPTR,R18,18,GUNTE
HF,GUNTE,41.189561,-94.750514,2, ,0.0,0.0,177.0,04,2,3000,0,0,0,0,1,0,0

APPTR,R18,18,PSFIC
IF,PSFIC,41.267325,-94.997850, ,0.0,0.0,0,0,0,0,0,0,1,0
TF,GUNTE,41.189561,-94.750514,0, ,0.0,0.0,0.0,0.0,2,3000,0,0,0,0,1,0

FINAL,R18,18,R,3
IF,GUNTE,41.189561,-94.750514, ,0.0,0.0,2,3000,0,0,0,0,0,0
TF,ATOPY,41.084769,-94.752939,0, ,0.0,0.0,177.0,6.3,2,3000,0,0,0,0,2,0
TF,RW18,40.997814,-94.754942,0, ,0.0,0.0,177.0,5.2,1,1314,0,0,0,0,3,1
CA,0,177.0,2,1674,0,0,0,0,0,0
DF,GUNTE,41.189561,-94.750514,1, ,0.0,0.0,2,3000,0,0,0,0,0,1
HM,GUNTE,41.189561,-94.750514,2, ,0.0,0.0,177.0,04,0,0,0,0,0,0,0,0,0

