APPTR,R14,14,ERBUH
HF,ERBUH,46.265856,-90.051192,2, ,0.0,0.0,142.0,04,2,3500,0,0,0,0,1,0,0

APPTR,R14,14,JIBRA
IF,JIBRA,46.349361,-89.901283, ,0.0,0.0,0,0,0,0,0,0,1,0
TF,ERBUH,46.265856,-90.051192,0, ,0.0,0.0,0.0,0.0,2,3500,0,0,0,0,1,0

APPTR,R14,14,RAVGY
IF,RAVGY,46.182153,-90.200644, ,0.0,0.0,0,0,0,0,0,0,1,0
TF,ERBUH,46.265856,-90.051192,0, ,0.0,0.0,0.0,0.0,2,3500,0,0,0,0,1,0

FINAL,R14,14,R,3
IF,ERBUH,46.265856,-90.051192, ,0.0,0.0,2,3500,0,0,0,0,0,0
TF,HENUG,46.187781,-89.960697,0, ,0.0,0.0,142.0,6.0,2,3200,0,0,0,0,2,0
TF,RW14,46.125336,-89.888564,0, ,0.0,0.0,142.0,4.8,1,1650,0,0,0,0,3,1
CA,0,142.0,2,2010,0,0,0,0,0,0
DF,ERBUH,46.265856,-90.051192,1, ,0.0,0.0,2,3500,0,0,0,0,0,1
HM,ERBUH,46.265856,-90.051192,2, ,0.0,0.0,142.0,04,0,0,0,0,0,0,0,0,0

APPTR,R32,32,KRSMS
IF,KRSMS,45.885286,-90.026275, ,0.0,0.0,0,0,0,0,0,0,0,0
TF,ILUGY,45.864050,-89.833167,0, ,0.0,0.0,0.0,0.0,2,3500,0,0,0,0,1,0
TF,RAREW,45.973194,-89.713681,0, ,0.0,0.0,0.0,0.0,2,3500,0,0,0,0,1,0

APPTR,R32,32,RHI
IF,RHI,45.633775,-89.457789, ,0.0,0.0,0,0,0,0,0,0,1,0
TF,RAREW,45.973194,-89.713681,0, ,0.0,0.0,0.0,0.0,2,3500,0,0,0,0,1,0

FINAL,R32,32,R,4
IF,RAREW,45.973194,-89.713681, ,0.0,0.0,2,3500,0,0,0,0,0,0
TF,UPEPE,46.060189,-89.813500,0, ,0.0,0.0,322.0,6.7,2,3300,0,0,0,0,2,0
TF,KOLRE,46.095753,-89.854461,0, ,0.0,0.0,322.0,2.7,2,2280,0,0,0,0,0,0
TF,RW32,46.117856,-89.879933,0, ,0.0,0.0,322.0,1.7,1,1651,0,0,0,0,3,1
CA,0,322.0,2,2000,0,0,0,0,0,0
DF,ERBUH,46.265856,-90.051192,0, ,0.0,0.0,2,3500,0,0,0,0,0,1
HM,ERBUH,46.265856,-90.051192,2, ,0.0,0.0,142.0,04,0,0,0,0,0,0,0,0,0

