APPTR,R06-B,06,FOUTN
IF,FOUTN,42.352197,-79.575586, ,0.0,0.0,0,0,0,0,0,0,1,0
TF,SERCH,42.369619,-79.465600,0, ,0.0,0.0,0.0,0.0,2,3400,0,0,0,0,1,0

APPTR,R06-B,06,JHW
IF,JHW,42.188608,-79.121306, ,0.0,0.0,0,0,0,0,0,0,0,0
TF,CRYST,42.238594,-79.459644,0, ,0.0,0.0,0.0,0.0,2,4300,0,0,0,0,1,0
TF,SERCH,42.369619,-79.465600,0, ,0.0,0.0,0.0,0.0,2,3400,0,0,0,0,1,0

FINAL,R06-B,06,R,4
IF,SERCH,42.369619,-79.465600, ,0.0,0.0,2,3400,0,0,0,0,0,0
TF,ROCIN,42.425078,-79.378939,0, ,0.0,0.0,59.0,5.1,2,2600,0,0,0,0,2,0
TF,POYIB,42.455667,-79.331031,0, ,0.0,0.0,59.0,2.8,2,1700,0,0,0,0,0,0
TF,RW06,42.489389,-79.278125,0, ,0.0,0.0,59.0,3.1,1,725,0,0,0,0,3,1
CA,0,59.0,2,1092,0,0,0,0,0,0
DF,TRUNT,42.606928,-79.092964,0, ,0.0,0.0,2,3200,0,0,0,0,0,1
HM,TRUNT,42.606928,-79.092964,2, ,0.0,0.0,239.0,04,0,0,0,0,0,0,0,0,0

APPTR,R15,15,MOAWK
IF,MOAWK,42.750328,-79.849467, ,0.0,0.0,0,0,0,0,0,0,1,0
TF,CISKI,42.635764,-79.440036,0, ,0.0,0.0,0.0,0.0,2,3200,0,0,0,0,1,0

APPTR,R15,15,MYPAL
IF,MYPAL,42.832458,-79.307808, ,0.0,0.0,0,0,0,0,0,0,1,0
TF,CISKI,42.635764,-79.440036,0, ,0.0,0.0,0.0,0.0,2,3200,0,0,0,0,1,0

FINAL,R15,15,R,3
IF,CISKI,42.635764,-79.440036, ,0.0,0.0,2,3200,0,0,0,0,0,0
TF,AYEHI,42.560319,-79.351922,0, ,0.0,0.0,149.0,6.0,2,2300,0,0,0,0,2,0
TF,RW15,42.496864,-79.278039,0, ,0.0,0.0,149.0,5.0,1,710,0,0,0,0,3,1
CA,0,149.0,2,1100,0,0,0,0,0,0
DF,TRUNT,42.606928,-79.092964,1, ,0.0,0.0,2,3200,0,0,0,0,0,1
HM,TRUNT,42.606928,-79.092964,2, ,0.0,0.0,239.0,04,0,0,0,0,0,0,0,0,0

APPTR,R24-A,24,BUF
IF,BUF,42.928997,-78.646342, ,0.0,0.0,0,0,0,0,0,0,1,0
TF,TRUNT,42.606928,-79.092964,0, ,0.0,0.0,0.0,0.0,2,3200,0,0,0,0,1,0

APPTR,R24-A,24,LANGS
IF,LANGS,42.583153,-78.869728, ,0.0,0.0,0,0,0,0,0,0,1,0
TF,TRUNT,42.606928,-79.092964,0, ,0.0,0.0,0.0,0.0,2,3200,0,0,0,0,1,0

FINAL,R24-A,24,R,4
IF,TRUNT,42.606928,-79.092964, ,0.0,0.0,2,3200,0,0,0,0,0,0
TF,NOKAA,42.554519,-79.175667,0, ,0.0,0.0,239.0,4.8,2,2300,0,0,0,0,2,0
TF,CUVBA,42.531642,-79.211700,0, ,0.0,0.0,239.0,2.1,2,1440,0,0,0,0,0,0
TF,RW24,42.500125,-79.261264,0, ,0.0,0.0,239.0,2.9,1,712,0,0,0,0,3,1
CA,0,239.0,2,1900,0,0,0,0,0,0
DF,TRUNT,42.606928,-79.092964,2, ,0.0,0.0,2,3200,0,0,0,0,0,1
HM,TRUNT,42.606928,-79.092964,2, ,0.0,0.0,239.0,04,0,0,0,0,0,0,0,0,0

APPTR,R33,33,JHW
IF,JHW,42.188608,-79.121306, ,0.0,0.0,0,0,0,0,0,0,1,0
TF,WEBBO,42.324092,-79.077861,0, ,0.0,0.0,0.0,0.0,2,3600,0,0,0,0,1,0

APPTR,R33,33,LANGS
IF,LANGS,42.583153,-78.869728, ,0.0,0.0,0,0,0,0,0,0,0,0
TF,MOTAR,42.399861,-78.910972,0, ,0.0,0.0,0.0,0.0,2,5500,0,0,0,0,1,0
TF,WEBBO,42.324092,-79.077861,0, ,0.0,0.0,0.0,0.0,2,3600,0,0,0,0,1,0

FINAL,R33,33,R,5
IF,WEBBO,42.324092,-79.077861, ,0.0,0.0,2,3600,0,0,0,0,0,0
TF,RURLE,42.380042,-79.142522,0, ,0.0,0.0,329.0,4.4,2,3000,0,0,0,0,0,0
TF,SCITE,42.406631,-79.173303,0, ,0.0,0.0,329.0,2.1,2,2800,0,0,0,0,2,0
TF,PIBPI,42.429128,-79.199378,0, ,0.0,0.0,329.0,1.8,2,2240,0,0,0,0,0,0
TF,RW33,42.488544,-79.268367,0, ,0.0,0.0,329.0,4.7,1,742,0,0,0,0,3,1
CA,0,329.0,2,1092,0,0,0,0,0,0
DF,TRUNT,42.606928,-79.092964,2, ,0.0,0.0,2,3200,0,0,0,0,0,1
HM,TRUNT,42.606928,-79.092964,2, ,0.0,0.0,239.0,04,0,0,0,0,0,0,0,0,0

