APPTR,P13,13,STS
IF,STS,38.508186,-122.810617, ,0.0,0.0,0,0,0,0,0,0,0,0
TF,RACFE,38.440336,-122.757161,0, ,0.0,0.0,0.0,0.0,2,5000,0,0,0,0,1,0
TF,ORIBY,38.298422,-122.645725,0, ,0.0,0.0,0.0,0.0,2,3000,0,0,0,0,0,0

FINAL,P13,13,G,3
IF,ORIBY,38.298422,-122.645725, ,0.0,0.0,2,3000,0,0,0,0,0,0
TF,EYEJI,38.227353,-122.590319,0, ,0.0,0.0,0.0,5.0,2,2000,0,0,0,0,2,0
TF,GOVLE,38.164978,-122.566833,0, ,0.0,0.0,0.0,3.9,1,484,0,0,0,0,3,1
DF,SGD,38.179361,-122.373153,1, ,0.0,0.0,2,3000,0,0,0,0,0,1
HM,SGD,38.179361,-122.373153,2, ,0.0,0.0,180.0,04.3,0,0,0,0,0,0,0,0,0

