SID,EAT2,12,1
CA,0,120.0,2,1650,0,0,0,0,0,0
FA,EAT,47.399692,-120.210828,0,EAT,0.0,0.0,101.0,2,6000,0,0,0,0,0,0
DF,EAT,47.399692,-120.210828,1, ,0.0,0.0,0,0,0,0,0,0,0,0

SID,EAT2,30,1
VA,0,300.0,2,2700,0,0,0,0,0,0
DF,EAT,47.399692,-120.210828,1, ,0.0,0.0,0,0,0,0,0,0,0,0
FA,EAT,47.399692,-120.210828,0,EAT,0.0,0.0,101.0,2,6000,0,0,0,0,0,0
DF,EAT,47.399692,-120.210828,1, ,0.0,0.0,0,0,0,0,0,0,0,0

SID,OFARO2,12,4
VA,0,120.0,2,1750,0,0,0,0,0,0
DF,JEXIT,47.344928,-120.102542,0, ,0.0,0.0,0,0,0,1,250,0,0,0
TF,OFARO,47.286153,-120.027592,0, ,0.0,0.0,0.0,0.0,0,0,0,0,0,0,0,0

SID,OFARO2,30,4
VA,0,300.0,2,2700,0,0,0,0,0,0
DF,JEXIT,47.344928,-120.102542,1, ,0.0,0.0,0,0,0,1,250,0,0,0
TF,OFARO,47.286153,-120.027592,0, ,0.0,0.0,0.0,0.0,0,0,0,0,0,0,0,0

SID,OFARO2,EPH,6
IF,OFARO,47.286153,-120.027592, ,0.0,0.0,0,0,0,0,0,0,0,0
TF,KRIST,47.319308,-119.810139,0, ,0.0,0.0,0.0,0.0,0,0,0,0,0,0,0,0
TF,EPH,47.377919,-119.424003,0, ,0.0,0.0,0.0,0.0,0,0,0,0,0,0,0,0

SID,OFARO2,QUINT,6
IF,OFARO,47.286153,-120.027592, ,0.0,0.0,0,0,0,0,0,0,0,0
TF,QUINT,47.213969,-119.908775,0, ,0.0,0.0,0.0,0.0,0,0,0,0,0,0,0,0

SID,OFARO2,ZAXUL,6
IF,OFARO,47.286153,-120.027592, ,0.0,0.0,0,0,0,0,0,0,0,0
TF,ZAXUL,47.167383,-120.044931,0, ,0.0,0.0,0.0,0.0,0,0,0,0,0,0,0,0

SID,ZARLO2,12,4
VA,0,120.0,2,3700,0,0,0,0,0,0
DF,PREBE,47.467772,-120.308967,1, ,0.0,0.0,0,0,0,0,0,0,0,0

SID,ZARLO2,30,4
VA,0,300.0,2,1750,0,0,0,0,0,0
DF,PREBE,47.467772,-120.308967,0, ,0.0,0.0,0,0,0,0,0,0,0,0

SID,ZARLO2,ALL,5
IF,PREBE,47.467772,-120.308967, ,0.0,0.0,0,0,0,0,0,0,0,0
TF,UBIYO,47.536122,-120.409914,0, ,0.0,0.0,0.0,0.0,2,6700,0,0,0,0,0,0
TF,VECUS,47.566631,-120.455328,0, ,0.0,0.0,0.0,0.0,0,0,0,0,0,0,0,0
TF,ZARLO,47.623942,-120.540661,0, ,0.0,0.0,0.0,0.0,0,0,0,0,0,0,0,0

SID,ZARLO2,GLASR,6
IF,ZARLO,47.623942,-120.540661, ,0.0,0.0,0,0,0,0,0,0,0,0
TF,GLASR,47.854278,-121.192803,0, ,0.0,0.0,0.0,0.0,0,0,0,0,0,0,0,0

SID,ZARLO2,SKYKO,6
IF,ZARLO,47.623942,-120.540661, ,0.0,0.0,0,0,0,0,0,0,0,0
TF,HYAKK,47.716317,-121.126264,0, ,0.0,0.0,0.0,0.0,0,0,0,0,0,0,0,0
TF,SKYKO,47.767200,-121.428878,0, ,0.0,0.0,0.0,0.0,0,0,0,0,0,0,0,0

APPTR,I12-Y,12,WINIM
IF,WINIM,47.410956,-120.676764, ,0.0,0.0,0,0,0,0,0,0,1,0
AF,YOYUG,47.557231,-120.615767,2,EAT,285.0,19.0,257.0,2,9400,0,0,0,0,0,0
AF,ZARLO,47.623942,-120.540661,2,EAT,300.2,19.0,285.0,2,7700,0,0,0,0,1,0
CF,REINO,47.579350,-120.474242,0,IADJ,300.0,16.1,120.0,3.8,2,6700,0,0,0,0,0,0

FINAL,I12-Y,12,I,3
IF,REINO,47.579350,-120.474242,IADJ,300.0,16.1,2,6700,0,0,0,0,0,0
CF,FILTU,47.541919,-120.418564,0,IADJ,300.0,12.9,120.0,3.2,1,5700,0,0,0,0,2,0
CF,RW12,47.405747,-120.217272,0,IADJ,300.1,1.3,120.0,11.6,1,1275,0,0,0,0,3,0
CA,0,120.0,2,2700,0,0,0,0,0,0
CF,QUINT,47.213969,-119.908775,0,EAT,117.0,16.6,117.0,13.9,2,4000,0,0,0,0,0,0
HM,QUINT,47.213969,-119.908775,2, ,0.0,0.0,297.0,04.3,0,0,0,0,0,0,0,0,0

APPTR,I12-Z,12,WINIM
IF,WINIM,47.410956,-120.676764, ,0.0,0.0,0,0,0,0,0,0,1,0
AF,YOYUG,47.557231,-120.615767,2,EAT,285.0,19.0,257.0,2,9400,0,0,0,0,0,0
AF,D294S,47.598297,-120.574497,2,EAT,294.0,19.0,285.0,2,7700,0,0,0,0,0,0
VI,0,IADJ,0.0,90.0,2,7700,0,0,0,0,0,0

FINAL,I12-Z,12,I,3
IF,ZARLO,47.623942,-120.540661,IADJ,300.0,19.9,2,7700,0,0,0,0,0,0
CF,EWJOR,47.569569,-120.459628,0,IADJ,300.0,15.2,120.0,4.6,1,6600,0,0,0,0,2,0
CF,RW12,47.405747,-120.217272,0,IADJ,300.1,1.3,120.0,13.9,1,1275,0,0,0,0,3,0
CA,0,120.0,2,1820,0,0,0,0,0,0
CF,COYYA,47.244764,-119.818494,0,EAT,105.0,18.5,105.0,18.0,2,5500,0,0,0,0,0,0
HM,COYYA,47.244764,-119.818494,2, ,0.0,0.0,285.0,04.3,0,0,0,0,0,0,0,0,0

APPTR,R12,12,CASHS
IF,CASHS,47.405917,-120.458414, ,0.0,0.0,0,0,0,0,0,0,1,0
TF,ZUBEX,47.394122,-120.226533,0, ,0.0,0.0,0.0,0.0,2,6400,0,1,240,0,0,0
RF,VENJU,47.557606,-120.015269,1,CFGBD,306.4,8.2,2,5400,0,1,230,0,0,0
RF,WULIP,47.615061,-120.079078,1,CFIHP,236.3,5.1,2,5400,0,1,230,0,0,0
RF,FEMAM,47.578922,-120.255094,1,CFVBS,92.6,5.3,2,5200,0,0,0,0,1,0

APPTR,R12,12,EPH
IF,EPH,47.377919,-119.424003, ,0.0,0.0,0,0,0,0,0,0,0,0
TF,JETNU,47.578822,-119.978836,0, ,0.0,0.0,0.0,0.0,2,6000,0,0,0,0,1,0
TF,WULIP,47.615061,-120.079078,0, ,0.0,0.0,0.0,0.0,2,5400,0,1,230,0,0,0
RF,FEMAM,47.578922,-120.255094,1,CFVBS,130.3,5.3,2,5200,0,0,0,0,1,0

APPTR,R12,12,QUINT
IF,QUINT,47.213969,-119.908775, ,0.0,0.0,0,0,0,0,0,0,1,0
TF,VENJU,47.557606,-120.015269,0, ,0.0,0.0,0.0,0.0,2,5400,0,1,230,0,0,0
RF,WULIP,47.615061,-120.079078,1,CFIHP,236.3,5.1,2,5400,0,1,230,0,0,0
RF,FEMAM,47.578922,-120.255094,1,CFVBS,343.2,5.3,2,5200,0,0,0,0,1,0

FINAL,R12,12,R,4
IF,FEMAM,47.578922,-120.255094, ,0.0,0.0,2,5200,0,0,0,0,0,0
TF,CIRZI,47.505469,-120.313075,0, ,0.0,0.0,193.0,5.0,2,3700,0,0,0,0,2,0
RF,YUBBU,47.464625,-120.304097,1,CFVBB,118.2,2.1,0,0,0,0,0,0,0,0
TF,RW12,47.405747,-120.217272,0, ,0.0,0.0,120.0,5.0,1,1262,0,0,0,0,3,1
TF,JOKRU,47.320681,-120.092347,0, ,0.0,0.0,0.0,0.0,0,0,0,0,0,0,0,0
TF,QUINT,47.213969,-119.908775,0, ,0.0,0.0,0.0,0.0,2,5400,0,0,0,0,0,1
HM,QUINT,47.213969,-119.908775,2, ,0.0,0.0,297.0,04,0,0,0,0,0,0,0,0,0

APPTR,R30-Z,30,EAT
IF,EAT,47.399692,-120.210828, ,0.0,0.0,0,0,0,0,0,0,1,0
TF,VEDUC,47.400392,-119.979592,0, ,0.0,0.0,0.0,0.0,2,6000,0,0,0,0,0,0
RF,CORTH,47.267453,-119.867192,2,CFFZK,255.0,5.3,2,5000,0,0,0,0,0,0
RF,HESNI,47.270661,-120.047717,2,CFLBG,104.1,4.2,2,3900,0,0,0,0,1,0

APPTR,R30-Z,30,QUINT
IF,QUINT,47.213969,-119.908775, ,0.0,0.0,0,0,0,0,0,0,1,0
TF,HESNI,47.270661,-120.047717,0, ,0.0,0.0,0.0,0.0,2,3900,0,0,0,0,1,0

APPTR,R30-Z,30,ZAXUL
IF,ZAXUL,47.167383,-120.044931, ,0.0,0.0,0,0,0,0,0,0,1,0
TF,HESNI,47.270661,-120.047717,0, ,0.0,0.0,0.0,0.0,2,3900,0,0,0,0,1,0

FINAL,R30-Z,30,R,5
IF,HESNI,47.270661,-120.047717, ,0.0,0.0,2,3900,0,0,0,0,0,0
TF,DOOGI,47.352300,-120.109997,0, ,0.0,0.0,318.0,5.5,2,3000,0,0,0,0,2,0
RF,CUKSI,47.364381,-120.140994,1,CFDSN,274.3,1.4,0,0,0,0,0,0,0,0
RF,YURLU,47.370956,-120.166103,2,CFVFW,298.3,1.4,0,0,0,0,0,0,0,0
TF,RW30,47.392172,-120.197294,0, ,0.0,0.0,300.0,1.8,1,1292,0,0,0,0,3,1
TF,KULOC,47.456222,-120.291689,0, ,0.0,0.0,0.0,0.0,0,0,0,0,0,0,0,0
RF,FEXUB,47.520572,-120.167978,2,CFGBT,133.3,3.2,0,0,0,0,0,0,0,0
TF,QUINT,47.213969,-119.908775,0, ,0.0,0.0,0.0,0.0,2,6000,0,0,0,0,0,1
HM,QUINT,47.213969,-119.908775,2, ,0.0,0.0,297.0,04,0,0,0,0,0,0,0,0,0

APPTR,V12-A,12,COYYA
IF,COYYA,47.244764,-119.818494, ,0.0,0.0,0,0,0,0,0,0,1,0
VI,0, ,0.0,244.0,2,4800,0,0,0,0,0,0
CF,CRUMM,47.280478,-119.951739,0,EAT,109.0,12.8,289.0,4.4,2,4800,0,0,0,0,1,0

APPTR,V12-A,12,EAT
IF,EAT,47.399692,-120.210828, ,0.0,0.0,0,0,0,0,0,0,0,0
TF,CEXOS,47.353078,-120.109253,0, ,0.0,0.0,0.0,0.0,2,5800,0,0,0,0,0,0
PI,CEXOS,47.353078,-120.109253,2,EAT,64.0,10.0,109,5.0,2,4800,0,0,0,0,1,0

APPTR,V12-A,12,QUINT
IF,QUINT,47.213969,-119.908775, ,0.0,0.0,0,0,0,0,0,0,1,0
VI,0, ,0.0,339.0,2,4800,0,0,0,0,0,0
CF,CRUMM,47.280478,-119.951739,0,EAT,109.0,12.8,289.0,1.8,2,4800,0,0,0,0,1,0

FINAL,V12-A,12,D,3
IF,CRUMM,47.280478,-119.951739,EAT,109.0,12.8,2,4800,0,0,0,0,0,0
CF,CEXOS,47.353078,-120.109253,0,EAT,109.0,5.0,289.0,7.8,2,3900,0,0,0,0,2,0
CF,IKMIQ,47.393072,-120.196397,0,EAT,109.0,0.7,289.0,4.3,1,3900,0,0,0,0,3,0
CA,0,289.0,2,3900,0,0,0,0,0,0
DF,EAT,47.399692,-120.210828,1, ,0.0,0.0,2,6000,0,0,0,0,0,0
HM,EAT,47.399692,-120.210828,2, ,0.0,0.0,257.0,04.3,0,0,0,0,0,0,0,0,0

APPTR,V12-B,12,EAT
IF,EAT,47.399692,-120.210828, ,0.0,0.0,0,0,0,0,0,0,0,0
TF,CUNUR,47.408731,-120.578664,0, ,0.0,0.0,0.0,0.0,2,9100,0,0,0,0,1,0
AF,HEMOL,47.520381,-120.533469,2,EAT,284.0,15.0,257.0,2,6500,0,0,0,0,1,0
TF,IZROM,47.488289,-120.447294,0, ,0.0,0.0,0.0,0.0,2,5700,0,0,0,0,0,0

APPTR,V12-B,12,ELN
IF,ELN,47.024375,-120.458414, ,0.0,0.0,0,0,0,0,0,0,0,0
TF,CUNUR,47.408731,-120.578664,0, ,0.0,0.0,0.0,0.0,2,9100,0,0,0,0,1,0
AF,HEMOL,47.520381,-120.533469,2,EAT,284.0,15.0,257.0,2,6500,0,0,0,0,1,0
TF,IZROM,47.488289,-120.447294,0, ,0.0,0.0,0.0,0.0,2,5700,0,0,0,0,0,0

APPTR,V12-B,12,FITGA
IF,FITGA,47.413583,-120.799403, ,0.0,0.0,0,0,0,0,0,0,0,0
TF,WINIM,47.410956,-120.676764,0, ,0.0,0.0,0.0,0.0,2,10700,0,0,0,0,0,0
TF,CUNUR,47.408731,-120.578664,0, ,0.0,0.0,0.0,0.0,2,9100,0,0,0,0,1,0
AF,HEMOL,47.520381,-120.533469,2,EAT,284.0,15.0,257.0,2,6500,0,0,0,0,1,0
TF,IZROM,47.488289,-120.447294,0, ,0.0,0.0,0.0,0.0,2,5700,0,0,0,0,0,0

FINAL,V12-B,12,D,3
IF,IZROM,47.488289,-120.447294, ,0.0,0.0,2,5700,0,0,0,0,0,0
CF,ROSTB,47.448886,-120.341878,0,EAT,284.0,6.1,104.0,4.9,2,4700,0,0,0,0,2,0
CF,EAT,47.399692,-120.210828,0,EAT,0.0,0.0,104.0,6.1,1,3900,0,0,0,0,3,0
FA,EAT,47.399692,-120.210828,0,EAT,0.0,0.0,112.0,2,4300,0,0,0,0,0,0
DF,EAT,47.399692,-120.210828,1, ,0.0,0.0,2,7500,0,0,0,0,0,0
HM,EAT,47.399692,-120.210828,2, ,0.0,0.0,257.0,04.3,0,0,0,0,0,0,0,0,0

APPTR,V30-A,30,COYYA
IF,COYYA,47.244764,-119.818494, ,0.0,0.0,0,0,0,0,0,0,1,0
VI,0, ,0.0,244.0,2,4800,0,0,0,0,0,0
CF,CRUMM,47.280478,-119.951739,0,EAT,109.0,12.8,289.0,4.4,2,4800,0,0,0,0,1,0

APPTR,V30-A,30,EAT
IF,EAT,47.399692,-120.210828, ,0.0,0.0,0,0,0,0,0,0,0,0
TF,CEXOS,47.353078,-120.109253,0, ,0.0,0.0,0.0,0.0,2,5800,0,0,0,0,0,0
PI,CEXOS,47.353078,-120.109253,2,EAT,64.0,10.0,109,5.0,2,4800,0,0,0,0,1,0

APPTR,V30-A,30,QUINT
IF,QUINT,47.213969,-119.908775, ,0.0,0.0,0,0,0,0,0,0,1,0
VI,0, ,0.0,339.0,2,4800,0,0,0,0,0,0
CF,CRUMM,47.280478,-119.951739,0,EAT,109.0,12.8,289.0,1.8,2,4800,0,0,0,0,1,0

FINAL,V30-A,30,D,3
IF,CRUMM,47.280478,-119.951739,EAT,109.0,12.8,2,4800,0,0,0,0,0,0
CF,CEXOS,47.353078,-120.109253,0,EAT,109.0,5.0,289.0,7.8,2,3900,0,0,0,0,2,0
CF,IKMIQ,47.393072,-120.196397,0,EAT,109.0,0.7,289.0,4.3,1,3900,0,0,0,0,3,0
CA,0,289.0,2,3900,0,0,0,0,0,0
DF,EAT,47.399692,-120.210828,1, ,0.0,0.0,2,6000,0,0,0,0,0,0
HM,EAT,47.399692,-120.210828,2, ,0.0,0.0,257.0,04.3,0,0,0,0,0,0,0,0,0

APPTR,V30-B,30,EAT
IF,EAT,47.399692,-120.210828, ,0.0,0.0,0,0,0,0,0,0,0,0
TF,CUNUR,47.408731,-120.578664,0, ,0.0,0.0,0.0,0.0,2,9100,0,0,0,0,1,0
AF,HEMOL,47.520381,-120.533469,2,EAT,284.0,15.0,257.0,2,6500,0,0,0,0,1,0
TF,IZROM,47.488289,-120.447294,0, ,0.0,0.0,0.0,0.0,2,5700,0,0,0,0,0,0

APPTR,V30-B,30,ELN
IF,ELN,47.024375,-120.458414, ,0.0,0.0,0,0,0,0,0,0,0,0
TF,CUNUR,47.408731,-120.578664,0, ,0.0,0.0,0.0,0.0,2,9100,0,0,0,0,1,0
AF,HEMOL,47.520381,-120.533469,2,EAT,284.0,15.0,257.0,2,6500,0,0,0,0,1,0
TF,IZROM,47.488289,-120.447294,0, ,0.0,0.0,0.0,0.0,2,5700,0,0,0,0,0,0

APPTR,V30-B,30,FITGA
IF,FITGA,47.413583,-120.799403, ,0.0,0.0,0,0,0,0,0,0,0,0
TF,WINIM,47.410956,-120.676764,0, ,0.0,0.0,0.0,0.0,2,10700,0,0,0,0,0,0
TF,CUNUR,47.408731,-120.578664,0, ,0.0,0.0,0.0,0.0,2,9100,0,0,0,0,1,0
AF,HEMOL,47.520381,-120.533469,2,EAT,284.0,15.0,257.0,2,6500,0,0,0,0,1,0
TF,IZROM,47.488289,-120.447294,0, ,0.0,0.0,0.0,0.0,2,5700,0,0,0,0,0,0

FINAL,V30-B,30,D,3
IF,IZROM,47.488289,-120.447294, ,0.0,0.0,2,5700,0,0,0,0,0,0
CF,ROSTB,47.448886,-120.341878,0,EAT,284.0,6.1,104.0,4.9,2,4700,0,0,0,0,2,0
CF,EAT,47.399692,-120.210828,0,EAT,0.0,0.0,104.0,6.1,1,3900,0,0,0,0,3,0
FA,EAT,47.399692,-120.210828,0,EAT,0.0,0.0,112.0,2,4300,0,0,0,0,0,0
DF,EAT,47.399692,-120.210828,1, ,0.0,0.0,2,7500,0,0,0,0,0,0
HM,EAT,47.399692,-120.210828,2, ,0.0,0.0,257.0,04.3,0,0,0,0,0,0,0,0,0

