APPTR,R36,36,BML
IF,BML,44.633406,-71.186125, ,0.0,0.0,0,0,0,0,0,0,0,0
TF,ANEES,44.649083,-71.998564,0, ,0.0,0.0,0.0,0.0,2,6000,0,0,0,0,1,0
TF,LUNFI,44.692344,-72.124903,0, ,0.0,0.0,0.0,0.0,2,4800,0,0,0,0,1,0

APPTR,R36,36,LUNFI
HF,LUNFI,44.692344,-72.124903,2, ,0.0,0.0,357.0,05,2,4800,0,0,0,0,1,0,0

APPTR,R36,36,PLOTT
IF,PLOTT,44.554983,-72.200731, ,0.0,0.0,0,0,0,0,0,0,1,0
TF,LUNFI,44.692344,-72.124903,0, ,0.0,0.0,0.0,0.0,2,4800,0,0,0,0,1,0

FINAL,R36,36,R,5
IF,LUNFI,44.692344,-72.124903, ,0.0,0.0,2,4800,0,0,0,0,0,0
TF,YISXI,44.731783,-72.145486,0, ,0.0,0.0,357.0,2.5,2,4000,0,0,0,0,0,0
TF,AHTON,44.771219,-72.166094,0, ,0.0,0.0,357.0,2.5,2,3200,0,0,0,0,2,0
TF,ROMUW,44.832028,-72.197894,0, ,0.0,0.0,357.0,3.9,2,1960,0,0,0,0,0,0
TF,RW36,44.880383,-72.223233,0, ,0.0,0.0,357.0,3.1,1,974,0,0,0,0,3,1
CA,0,357.0,2,2300,0,0,0,0,0,0
DF,LUNFI,44.692344,-72.124903,1, ,0.0,0.0,2,4800,0,0,0,0,0,1
HM,LUNFI,44.692344,-72.124903,2, ,0.0,0.0,357.0,05,0,0,0,0,0,0,0,0,0

