APPTR,D12,12,D194J
IF,D194J,47.660286,-91.890214,ELO,194.1,10.0,0,0,0,0,0,0,1,0
AF,CF12,47.910594,-92.039628,2,ELO,302.3,10.0,194.1,2,4100,0,0,0,0,0,0

FINAL,D12,12,D,3
IF,CF12,47.910594,-92.039628,ELO,302.3,10.0,2,4100,0,0,0,0,0,0
CF,FF12,47.857394,-91.913853,0,ELO,302.2,4.0,122.0,6.0,2,2600,0,0,0,0,2,0
CF,RW12,47.827817,-91.839211,0,ELO,314.1,0.5,122.0,3.5,1,1502,0,0,0,0,3,0
CA,0,122.0,2,2300,0,0,0,0,0,0
DF,ELO,47.821900,-91.830142,2, ,0.0,0.0,2,4100,0,0,0,0,0,0
HM,ELO,47.821900,-91.830142,2, ,0.0,0.0,122.0,04.3,0,0,0,0,0,0,0,0,0

APPTR,D30,30,D194J
IF,D194J,47.660286,-91.890214,ELO,194.1,10.0,0,0,0,0,0,0,1,0
AF,CF30,47.761603,-91.599703,1,ELO,111.1,10.0,194.1,2,4100,0,0,0,0,0,0

FINAL,D30,30,D,3
IF,CF30,47.761603,-91.599703,ELO,111.1,10.0,2,4100,0,0,0,0,0,0
CF,FF30,47.797808,-91.737906,0,ELO,111.2,4.0,291.0,6.0,2,2700,0,0,0,0,2,0
CF,RW30,47.820211,-91.819431,0,ELO,103.2,0.4,291.0,3.6,1,1508,0,0,0,0,3,0
CA,0,291.0,2,2300,0,0,0,0,0,0
DF,ELO,47.821900,-91.830142,1, ,0.0,0.0,2,4100,0,0,0,0,0,0
HM,ELO,47.821900,-91.830142,1, ,0.0,0.0,291.0,04.3,0,0,0,0,0,0,0,0,0

APPTR,R12,12,PUXIE
HF,PUXIE,47.924239,-92.091225,2, ,0.0,0.0,120.0,05,2,4100,0,0,0,0,1,0,0

FINAL,R12,12,R,4
IF,PUXIE,47.924239,-92.091225, ,0.0,0.0,2,4100,0,0,0,0,0,0
TF,WALIB,47.874864,-91.961881,0, ,0.0,0.0,120.0,6.0,2,3300,0,0,0,0,2,0
TF,HEGAM,47.845975,-91.886486,0, ,0.0,0.0,120.0,3.5,2,2160,0,0,0,0,0,0
TF,RW12,47.827817,-91.839211,0, ,0.0,0.0,120.0,2.2,1,1483,0,0,0,0,3,1
CA,0,120.0,2,1643,0,0,0,0,0,0
DF,ODASE,47.723872,-91.570125,0, ,0.0,0.0,2,4100,0,0,0,0,0,1
HM,ODASE,47.723872,-91.570125,2, ,0.0,0.0,300.0,05,0,0,0,0,0,0,0,0,0

APPTR,R30,30,ODASE
HF,ODASE,47.723872,-91.570125,2, ,0.0,0.0,300.0,05,2,4100,0,0,0,0,1,0,0

FINAL,R30,30,R,4
IF,ODASE,47.723872,-91.570125, ,0.0,0.0,2,4100,0,0,0,0,0,0
TF,HABSA,47.773658,-91.698669,0, ,0.0,0.0,300.0,6.0,2,3300,0,0,0,0,2,0
TF,BINDE,47.802028,-91.772200,0, ,0.0,0.0,300.0,3.4,2,2200,0,0,0,0,0,0
TF,RW30,47.820211,-91.819431,0, ,0.0,0.0,300.0,2.2,1,1508,0,0,0,0,3,1
CA,0,300.0,2,1706,0,0,0,0,0,0
DF,PUXIE,47.924239,-92.091225,0, ,0.0,0.0,2,4100,0,0,0,0,0,0
HM,PUXIE,47.924239,-92.091225,2, ,0.0,0.0,120.0,05,0,0,0,0,0,0,0,0,0

