SID,ANY2,17C,1
VA,0,175.0,2,1710,0,0,0,0,0,0
CD, ,0,0,0,END,0,0.0,175.0,6.0,2,3300,0,0,0,0,0,0
VI,2, ,0.0,280.0,0,0,0,0,0,0,0,0
CF,WILIB,36.610269,-98.111192,0,ANY,168.0,33.0,348.0,23.0,1,13000,0,0,0,0,0,0
TF,ANY,37.158981,-98.170775,0, ,0.0,0.0,0.0,0.0,0,0,0,0,0,0,0,0

SID,ANY2,17R,1
VA,0,175.0,2,1710,0,0,0,0,0,0
CD, ,0,0,0,END,0,0.0,175.0,6.0,2,3300,0,0,0,0,0,0
VI,2, ,0.0,280.0,0,0,0,0,0,0,0,0
CF,WILIB,36.610269,-98.111192,0,ANY,168.0,33.0,348.0,23.0,1,13000,0,0,0,0,0,0
TF,ANY,37.158981,-98.170775,0, ,0.0,0.0,0.0,0.0,0,0,0,0,0,0,0,0

SID,ANY2,35C,1
VA,0,355.0,2,1710,0,0,0,0,0,0
CD, ,0,0,0,END,0,0.0,355.0,6.0,2,3300,0,0,0,0,0,0
VI,0, ,0.0,280.0,0,0,0,0,0,0,0,0
CF,OGSAE,36.843719,-98.369906,0,END,319.0,37.0,319.0,26.0,1,13000,0,0,0,0,0,0
TF,ANY,37.158981,-98.170775,0, ,0.0,0.0,0.0,0.0,0,0,0,0,0,0,0,0

SID,ANY2,35L,1
VA,0,355.0,2,1710,0,0,0,0,0,0
CD, ,0,0,0,END,0,0.0,355.0,6.0,2,3300,0,0,0,0,0,0
VI,0, ,0.0,280.0,0,0,0,0,0,0,0,0
CF,OGSAE,36.843719,-98.369906,0,END,319.0,37.0,319.0,26.0,1,13000,0,0,0,0,0,0
TF,ANY,37.158981,-98.170775,0, ,0.0,0.0,0.0,0.0,0,0,0,0,0,0,0,0

SID,JHK2,17C,1
CA,0,175.0,2,1710,0,0,0,0,0,0
CD, ,0,0,0,END,0,0.0,175.0,6.0,2,3300,0,0,0,0,0,0
VI,0, ,0.0,230.0,0,0,0,0,0,0,0,0
CF,IFI,35.805267,-98.003917,0,IFI,0.0,0.0,165.0,22.0,0,0,0,0,0,0,0,0

SID,JHK2,17R,1
CA,0,175.0,2,1710,0,0,0,0,0,0
CD, ,0,0,0,END,0,0.0,175.0,6.0,2,3300,0,0,0,0,0,0
VI,0, ,0.0,230.0,0,0,0,0,0,0,0,0
CF,IFI,35.805267,-98.003917,0,IFI,0.0,0.0,165.0,22.0,0,0,0,0,0,0,0,0

SID,JHK2,35C,1
CA,0,355.0,2,1710,0,0,0,0,0,0
CD, ,0,0,0,END,0,0.0,355.0,6.0,2,3300,0,0,0,0,0,0
VI,1, ,0.0,230.0,0,0,0,0,0,0,0,0
CF,IFI,35.805267,-98.003917,0,IFI,0.0,0.0,165.0,36.0,0,0,0,0,0,0,0,0

SID,JHK2,35L,1
CA,0,355.0,2,1710,0,0,0,0,0,0
CD, ,0,0,0,END,0,0.0,355.0,6.0,2,3300,0,0,0,0,0,0
VI,1, ,0.0,230.0,0,0,0,0,0,0,0,0
CF,IFI,35.805267,-98.003917,0,IFI,0.0,0.0,165.0,36.0,0,0,0,0,0,0,0,0

APPTR,D17C,17C,ANY
IF,ANY,37.158981,-98.170775, ,0.0,0.0,2,6000,0,0,0,0,0,0
TF,CHEEK,36.623844,-98.433303,0, ,0.0,0.0,0.0,0.0,2,6000,0,0,0,0,1,0
TF,CIRAL,36.531136,-98.261242,0, ,0.0,0.0,0.0,0.0,1,6000,0,0,0,0,0,0
TF,CERPA,36.484686,-98.175367,0, ,0.0,0.0,0.0,0.0,0,0,0,0,0,0,0,0
AF,BUPKE,36.573606,-98.044592,2,END,331.0,15.0,299.0,1,4000,0,0,0,0,0,0
AF,RUNKE,36.593444,-97.880519,2,END,2.0,15.0,331.0,2,3000,0,0,0,0,1,0

APPTR,D17C,17C,MMB
IF,MMB,36.343733,-99.880122, ,0.0,0.0,2,8000,0,0,0,0,0,0
TF,CHEEK,36.623844,-98.433303,0, ,0.0,0.0,0.0,0.0,2,8000,0,0,0,0,1,0
TF,CIRAL,36.531136,-98.261242,0, ,0.0,0.0,0.0,0.0,1,6000,0,0,0,0,0,0
TF,CERPA,36.484686,-98.175367,0, ,0.0,0.0,0.0,0.0,0,0,0,0,0,0,0,0
AF,BUPKE,36.573606,-98.044592,2,END,331.0,15.0,299.0,1,4000,0,0,0,0,0,0
AF,RUNKE,36.593444,-97.880519,2,END,2.0,15.0,331.0,2,3000,0,0,0,0,1,0

FINAL,D17C,17C,D,4
IF,RUNKE,36.593444,-97.880519,END,2.0,15.0,2,3000,0,0,0,0,0,0
CF,FARUX,36.427797,-97.905769,0,END,2.0,5.0,182.0,10.0,2,2500,0,0,0,0,2,0
CF,TEPOE,36.402950,-97.909547,0,END,2.0,3.5,182.0,1.5,2,2080,0,0,0,0,0,0
CF,CESAX,36.368164,-97.914833,0,END,2.0,1.4,182.0,2.1,1,1530,0,0,0,0,3,0
CF,ADOWS,36.094636,-97.914825,0,END,174.3,15.0,174.0,16.4,2,4000,0,0,0,0,0,0
HM,ADOWS,36.094636,-97.914825,1, ,0.0,0.0,354.0,04,3,6000,0,1,265,0,0,0,0

APPTR,D17C-A,17C,TRHAP
HF,TRHAP,36.193708,-97.756247,2, ,0.0,0.0,314.0,04,2,3000,0,1,230,0,0,0,0

FINAL,D17C-A,17C,D,3
IF,TRHAP,36.193708,-97.756247,END,134.0,12.0,2,3000,0,0,0,0,0,0
CF,RHATT,36.263067,-97.830467,0,END,134.0,6.5,314.0,5.5,2,2700,0,0,0,0,2,0
CF,IPIKE,36.294575,-97.864247,0,END,134.0,4.0,314.0,2.5,1,1780,0,0,0,0,3,0
CF,JOMTA,36.593939,-97.885903,0,END,0.0,15.0,353.0,18.0,2,4000,0,0,0,0,0,0
HM,JOMTA,36.593939,-97.885903,1, ,0.0,0.0,181.0,04,3,6000,0,1,230,0,0,0,0

APPTR,D17C-B,17C,KRMLN
HF,KRMLN,36.558361,-97.800539,1, ,0.0,0.0,199.0,04,2,3000,0,1,230,0,0,0,0

FINAL,D17C-B,17C,D,3
IF,KRMLN,36.558361,-97.800539,END,19.0,14.0,2,3000,0,0,0,0,0,0
CF,CITLU,36.444064,-97.863742,0,END,19.0,6.5,199.0,7.5,2,2800,0,0,0,0,2,0
CF,COGUG,36.405956,-97.884761,0,END,19.0,4.0,199.0,2.5,1,1880,0,0,0,0,3,0
CF,RAMPE,36.095986,-97.886108,0,END,169.0,15.0,175.0,18.6,2,4000,0,0,0,0,0,0
HM,RAMPE,36.095986,-97.886108,2, ,0.0,0.0,349.0,04,3,6000,0,1,230,0,0,0,0

APPTR,D17L-A,17L,TRHAP
HF,TRHAP,36.193708,-97.756247,2, ,0.0,0.0,314.0,04,2,3000,0,1,230,0,0,0,0

FINAL,D17L-A,17L,D,3
IF,TRHAP,36.193708,-97.756247,END,134.0,12.0,2,3000,0,0,0,0,0,0
CF,RHATT,36.263067,-97.830467,0,END,134.0,6.5,314.0,5.5,2,2700,0,0,0,0,2,0
CF,IPIKE,36.294575,-97.864247,0,END,134.0,4.0,314.0,2.5,1,1780,0,0,0,0,3,0
CF,JOMTA,36.593939,-97.885903,0,END,0.0,15.0,353.0,18.0,2,4000,0,0,0,0,0,0
HM,JOMTA,36.593939,-97.885903,1, ,0.0,0.0,181.0,04,3,6000,0,1,230,0,0,0,0

APPTR,D17L-B,17L,KRMLN
HF,KRMLN,36.558361,-97.800539,1, ,0.0,0.0,199.0,04,2,3000,0,1,230,0,0,0,0

FINAL,D17L-B,17L,D,3
IF,KRMLN,36.558361,-97.800539,END,19.0,14.0,2,3000,0,0,0,0,0,0
CF,CITLU,36.444064,-97.863742,0,END,19.0,6.5,199.0,7.5,2,2800,0,0,0,0,2,0
CF,COGUG,36.405956,-97.884761,0,END,19.0,4.0,199.0,2.5,1,1880,0,0,0,0,3,0
CF,RAMPE,36.095986,-97.886108,0,END,169.0,15.0,175.0,18.6,2,4000,0,0,0,0,0,0
HM,RAMPE,36.095986,-97.886108,2, ,0.0,0.0,349.0,04,3,6000,0,1,230,0,0,0,0

APPTR,D17R,17R,ANY
IF,ANY,37.158981,-98.170775, ,0.0,0.0,2,6000,0,0,0,0,0,0
TF,CHEEK,36.623844,-98.433303,0, ,0.0,0.0,0.0,0.0,2,6000,0,0,0,0,1,0
TF,CIRAL,36.531136,-98.261242,0, ,0.0,0.0,0.0,0.0,1,6000,0,0,0,0,0,0
TF,CERPA,36.484686,-98.175367,0, ,0.0,0.0,0.0,0.0,0,0,0,0,0,0,0,0
AF,OVEKE,36.578636,-98.029586,2,END,334.0,15.0,299.0,1,4000,0,0,0,0,0,0
AF,PISOE,36.588878,-97.988183,2,END,342.0,15.0,334.0,2,3100,0,0,0,0,1,0

APPTR,D17R,17R,MMB
IF,MMB,36.343733,-99.880122, ,0.0,0.0,2,8000,0,0,0,0,0,0
TF,CHEEK,36.623844,-98.433303,0, ,0.0,0.0,0.0,0.0,2,8000,0,0,0,0,1,0
TF,CIRAL,36.531136,-98.261242,0, ,0.0,0.0,0.0,0.0,1,6000,0,0,0,0,0,0
TF,CERPA,36.484686,-98.175367,0, ,0.0,0.0,0.0,0.0,0,0,0,0,0,0,0,0
AF,OVEKE,36.578636,-98.029586,2,END,334.0,15.0,299.0,1,4000,0,0,0,0,0,0
AF,PISOE,36.588878,-97.988183,2,END,342.0,15.0,334.0,2,3100,0,0,0,0,1,0

FINAL,D17R,17R,D,3
IF,PISOE,36.588878,-97.988183,END,342.0,15.0,2,3100,0,0,0,0,0,0
CF,FINLI,36.426281,-97.941581,0,END,342.0,5.0,162.0,10.0,2,2600,0,0,0,0,2,0
CF,CUTSU,36.361233,-97.922997,0,END,342.0,0.0,162.0,4.0,1,1513,0,0,0,0,3,0
CF,ADOWS,36.094636,-97.914825,0,END,174.3,15.0,174.0,16.0,2,4000,0,0,0,0,0,0
HM,ADOWS,36.094636,-97.914825,1, ,0.0,0.0,354.0,04,3,6000,0,1,265,0,0,0,0

APPTR,D17R-A,17R,TRHAP
HF,TRHAP,36.193708,-97.756247,2, ,0.0,0.0,314.0,04,2,3000,0,1,230,0,0,0,0

FINAL,D17R-A,17R,D,3
IF,TRHAP,36.193708,-97.756247,END,134.0,12.0,2,3000,0,0,0,0,0,0
CF,RHATT,36.263067,-97.830467,0,END,134.0,6.5,314.0,5.5,2,2700,0,0,0,0,2,0
CF,IPIKE,36.294575,-97.864247,0,END,134.0,4.0,314.0,2.5,1,1780,0,0,0,0,3,0
CF,JOMTA,36.593939,-97.885903,0,END,0.0,15.0,353.0,18.0,2,4000,0,0,0,0,0,0
HM,JOMTA,36.593939,-97.885903,1, ,0.0,0.0,181.0,04,3,6000,0,1,230,0,0,0,0

APPTR,D17R-B,17R,KRMLN
HF,KRMLN,36.558361,-97.800539,1, ,0.0,0.0,199.0,04,2,3000,0,1,230,0,0,0,0

FINAL,D17R-B,17R,D,3
IF,KRMLN,36.558361,-97.800539,END,19.0,14.0,2,3000,0,0,0,0,0,0
CF,CITLU,36.444064,-97.863742,0,END,19.0,6.5,199.0,7.5,2,2800,0,0,0,0,2,0
CF,COGUG,36.405956,-97.884761,0,END,19.0,4.0,199.0,2.5,1,1880,0,0,0,0,3,0
CF,RAMPE,36.095986,-97.886108,0,END,169.0,15.0,175.0,18.6,2,4000,0,0,0,0,0,0
HM,RAMPE,36.095986,-97.886108,2, ,0.0,0.0,349.0,04,3,6000,0,1,230,0,0,0,0

APPTR,D35C,35C,IFI
IF,IFI,35.805267,-98.003917, ,0.0,0.0,2,6000,0,0,0,0,0,0
TF,HARMS,36.085917,-98.447125,0, ,0.0,0.0,0.0,0.0,2,6000,0,0,0,0,1,0
TF,WIKLU,36.172531,-98.271256,0, ,0.0,0.0,0.0,0.0,1,6000,0,0,0,0,0,0
TF,TARKE,36.215739,-98.183175,0, ,0.0,0.0,0.0,0.0,0,0,0,0,0,0,0,0
AF,SIPIE,36.094769,-97.929119,1,END,177.0,15.0,234.0,1,4000,0,0,0,0,0,0
AF,RAMPE,36.095986,-97.886108,1,END,169.0,15.0,177.0,2,3000,0,0,0,0,1,0

APPTR,D35C,35C,MMB
IF,MMB,36.343733,-99.880122, ,0.0,0.0,2,8000,0,0,0,0,0,0
TF,HARMS,36.085917,-98.447125,0, ,0.0,0.0,0.0,0.0,2,8000,0,0,0,0,1,0
TF,WIKLU,36.172531,-98.271256,0, ,0.0,0.0,0.0,0.0,1,6000,0,0,0,0,0,0
TF,TARKE,36.215739,-98.183175,0, ,0.0,0.0,0.0,0.0,0,0,0,0,0,0,0,0
AF,SIPIE,36.094769,-97.929119,1,END,177.0,15.0,234.0,1,4000,0,0,0,0,0,0
AF,RAMPE,36.095986,-97.886108,1,END,169.0,15.0,177.0,2,3000,0,0,0,0,1,0

FINAL,D35C,35C,D,3
IF,RAMPE,36.095986,-97.886108,END,169.0,15.0,2,3000,0,0,0,0,0,0
CF,PLUCK,36.253681,-97.906506,0,END,169.0,5.5,349.0,9.5,2,2600,0,0,0,0,2,0
CF,NUKNE,36.316756,-97.914689,0,END,169.0,1.7,349.0,3.8,1,1555,0,0,0,0,3,0
CF,FILIE,36.595297,-97.914503,0,END,355.7,15.0,356.0,16.7,2,4000,0,0,0,0,0,0
HM,FILIE,36.595297,-97.914503,1, ,0.0,0.0,176.0,04,3,6000,0,1,265,0,0,0,0

APPTR,D35C-A,35C,TRHAP
HF,TRHAP,36.193708,-97.756247,2, ,0.0,0.0,314.0,04,2,3000,0,1,230,0,0,0,0

FINAL,D35C-A,35C,D,3
IF,TRHAP,36.193708,-97.756247,END,134.0,12.0,2,3000,0,0,0,0,0,0
CF,RHATT,36.263067,-97.830467,0,END,134.0,6.5,314.0,5.5,2,2700,0,0,0,0,2,0
CF,IPIKE,36.294575,-97.864247,0,END,134.0,4.0,314.0,2.5,1,1780,0,0,0,0,3,0
CF,JOMTA,36.593939,-97.885903,0,END,0.0,15.0,353.0,18.0,2,4000,0,0,0,0,0,0
HM,JOMTA,36.593939,-97.885903,1, ,0.0,0.0,181.0,04,3,6000,0,1,230,0,0,0,0

APPTR,D35C-B,35C,KRMLN
HF,KRMLN,36.558361,-97.800539,1, ,0.0,0.0,199.0,04,2,3000,0,1,230,0,0,0,0

FINAL,D35C-B,35C,D,3
IF,KRMLN,36.558361,-97.800539,END,19.0,14.0,2,3000,0,0,0,0,0,0
CF,CITLU,36.444064,-97.863742,0,END,19.0,6.5,199.0,7.5,2,2800,0,0,0,0,2,0
CF,COGUG,36.405956,-97.884761,0,END,19.0,4.0,199.0,2.5,1,1880,0,0,0,0,3,0
CF,RAMPE,36.095986,-97.886108,0,END,169.0,15.0,175.0,18.6,2,4000,0,0,0,0,0,0
HM,RAMPE,36.095986,-97.886108,2, ,0.0,0.0,349.0,04,3,6000,0,1,230,0,0,0,0

APPTR,D35L,35L,IFI
IF,IFI,35.805267,-98.003917, ,0.0,0.0,2,6000,0,0,0,0,0,0
TF,HARMS,36.085917,-98.447125,0, ,0.0,0.0,0.0,0.0,2,6000,0,0,0,0,1,0
TF,WIKLU,36.172531,-98.271256,0, ,0.0,0.0,0.0,0.0,1,6000,0,0,0,0,0,0
TF,TARKE,36.215739,-98.183175,0, ,0.0,0.0,0.0,0.0,0,0,0,0,0,0,0,0
AF,OGMOE,36.104286,-98.003389,1,END,191.0,15.0,234.0,1,4000,0,0,0,0,0,0
AF,WAKEG,36.097047,-97.961286,1,END,183.0,15.0,191.0,2,3000,0,0,0,0,1,0

APPTR,D35L,35L,MMB
IF,MMB,36.343733,-99.880122, ,0.0,0.0,2,8000,0,0,0,0,0,0
TF,HARMS,36.085917,-98.447125,0, ,0.0,0.0,0.0,0.0,2,8000,0,0,0,0,1,0
TF,WIKLU,36.172531,-98.271256,0, ,0.0,0.0,0.0,0.0,1,6000,0,0,0,0,0,0
TF,TARKE,36.215739,-98.183175,0, ,0.0,0.0,0.0,0.0,0,0,0,0,0,0,0,0
AF,OGMOE,36.104286,-98.003389,1,END,191.0,15.0,234.0,1,4000,0,0,0,0,0,0
AF,WAKEG,36.097047,-97.961286,1,END,183.0,15.0,191.0,2,3000,0,0,0,0,1,0

FINAL,D35L,35L,D,3
IF,WAKEG,36.097047,-97.961286,END,183.0,15.0,2,3000,0,0,0,0,0,0
CF,ZURAG,36.247458,-97.935272,0,END,183.0,5.9,3.0,9.1,2,2600,0,0,0,0,2,0
CF,TEBTE,36.311917,-97.924094,0,END,183.0,2.0,3.0,3.9,1,1551,0,0,0,0,3,0
CF,FILIE,36.595297,-97.914503,0,END,355.7,15.0,356.0,17.0,2,4000,0,0,0,0,0,0
HM,FILIE,36.595297,-97.914503,1, ,0.0,0.0,176.0,04,3,6000,0,1,265,0,0,0,0

APPTR,D35L-A,35L,TRHAP
HF,TRHAP,36.193708,-97.756247,2, ,0.0,0.0,314.0,04,2,3000,0,1,230,0,0,0,0

FINAL,D35L-A,35L,D,3
IF,TRHAP,36.193708,-97.756247,END,134.0,12.0,2,3000,0,0,0,0,0,0
CF,RHATT,36.263067,-97.830467,0,END,134.0,6.5,314.0,5.5,2,2700,0,0,0,0,2,0
CF,IPIKE,36.294575,-97.864247,0,END,134.0,4.0,314.0,2.5,1,1780,0,0,0,0,3,0
CF,JOMTA,36.593939,-97.885903,0,END,0.0,15.0,353.0,18.0,2,4000,0,0,0,0,0,0
HM,JOMTA,36.593939,-97.885903,1, ,0.0,0.0,181.0,04,3,6000,0,1,230,0,0,0,0

APPTR,D35L-B,35L,KRMLN
HF,KRMLN,36.558361,-97.800539,1, ,0.0,0.0,199.0,04,2,3000,0,1,230,0,0,0,0

FINAL,D35L-B,35L,D,3
IF,KRMLN,36.558361,-97.800539,END,19.0,14.0,2,3000,0,0,0,0,0,0
CF,CITLU,36.444064,-97.863742,0,END,19.0,6.5,199.0,7.5,2,2800,0,0,0,0,2,0
CF,COGUG,36.405956,-97.884761,0,END,19.0,4.0,199.0,2.5,1,1880,0,0,0,0,3,0
CF,RAMPE,36.095986,-97.886108,0,END,169.0,15.0,175.0,18.6,2,4000,0,0,0,0,0,0
HM,RAMPE,36.095986,-97.886108,2, ,0.0,0.0,349.0,04,3,6000,0,1,230,0,0,0,0

APPTR,D35R-A,35R,TRHAP
HF,TRHAP,36.193708,-97.756247,2, ,0.0,0.0,314.0,04,2,3000,0,1,230,0,0,0,0

FINAL,D35R-A,35R,D,3
IF,TRHAP,36.193708,-97.756247,END,134.0,12.0,2,3000,0,0,0,0,0,0
CF,RHATT,36.263067,-97.830467,0,END,134.0,6.5,314.0,5.5,2,2700,0,0,0,0,2,0
CF,IPIKE,36.294575,-97.864247,0,END,134.0,4.0,314.0,2.5,1,1780,0,0,0,0,3,0
CF,JOMTA,36.593939,-97.885903,0,END,0.0,15.0,353.0,18.0,2,4000,0,0,0,0,0,0
HM,JOMTA,36.593939,-97.885903,1, ,0.0,0.0,181.0,04,3,6000,0,1,230,0,0,0,0

APPTR,D35R-B,35R,KRMLN
HF,KRMLN,36.558361,-97.800539,1, ,0.0,0.0,199.0,04,2,3000,0,1,230,0,0,0,0

FINAL,D35R-B,35R,D,3
IF,KRMLN,36.558361,-97.800539,END,19.0,14.0,2,3000,0,0,0,0,0,0
CF,CITLU,36.444064,-97.863742,0,END,19.0,6.5,199.0,7.5,2,2800,0,0,0,0,2,0
CF,COGUG,36.405956,-97.884761,0,END,19.0,4.0,199.0,2.5,1,1880,0,0,0,0,3,0
CF,RAMPE,36.095986,-97.886108,0,END,169.0,15.0,175.0,18.6,2,4000,0,0,0,0,0,0
HM,RAMPE,36.095986,-97.886108,2, ,0.0,0.0,349.0,04,3,6000,0,1,230,0,0,0,0

APPTR,I17CY,17C,ANY
IF,ANY,37.158981,-98.170775, ,0.0,0.0,2,6000,0,0,0,0,0,0
TF,CHEEK,36.623844,-98.433303,0, ,0.0,0.0,0.0,0.0,2,6000,0,0,0,0,1,0
TF,CIRAL,36.531136,-98.261242,0, ,0.0,0.0,0.0,0.0,1,6000,0,0,0,0,0,0
TF,CERPA,36.484686,-98.175367,0, ,0.0,0.0,0.0,0.0,0,0,0,0,0,0,0,0
AF,BUPKE,36.573606,-98.044592,2,END,331.0,15.0,299.0,1,4000,0,0,0,0,0,0
AF,D348O,36.593444,-97.956186,2,END,348.0,15.0,331.0,2,3000,0,0,0,0,0,0
VI,0,ILVC,0.0,145.0,0,0,0,0,0,0,0,0

APPTR,I17CY,17C,MMB
IF,MMB,36.343733,-99.880122, ,0.0,0.0,2,8000,0,0,0,0,0,0
TF,CHEEK,36.623844,-98.433303,0, ,0.0,0.0,0.0,0.0,2,8000,0,0,0,0,1,0
TF,CIRAL,36.531136,-98.261242,0, ,0.0,0.0,0.0,0.0,1,6000,0,0,0,0,0,0
TF,CERPA,36.484686,-98.175367,0, ,0.0,0.0,0.0,0.0,0,0,0,0,0,0,0,0
AF,BUPKE,36.573606,-98.044592,2,END,331.0,15.0,299.0,1,4000,0,0,0,0,0,0
AF,D348O,36.593444,-97.956186,2,END,348.0,15.0,331.0,2,3000,0,0,0,0,0,0
VI,0,ILVC,0.0,145.0,0,0,0,0,0,0,0,0

FINAL,I17CY,17C,I,3
IF,FILIE,36.595297,-97.914503,ILVC,355.0,16.1,2,3000,0,0,0,0,0,0
CF,CUBES,36.428561,-97.914614,0,ILVC,355.0,6.1,175.0,10.0,1,2500,0,0,0,0,2,0
CF,RW17C,36.355553,-97.914661,0,ILVC,355.0,1.7,175.0,4.4,1,1327,0,0,0,0,3,0
CA,0,175.0,2,1710,0,0,0,0,0,0
CF,ADOWS,36.094636,-97.914825,0,END,174.3,15.0,174.0,14.6,2,4000,0,0,0,0,0,0
HM,ADOWS,36.094636,-97.914825,1, ,0.0,0.0,354.0,04,3,6000,0,1,265,0,0,0,0

APPTR,I17CZ,17C,ANY
IF,ANY,37.158981,-98.170775, ,0.0,0.0,2,3000,0,0,0,0,0,0
TF,FILIE,36.595297,-97.914503,0, ,0.0,0.0,0.0,0.0,2,3000,0,0,0,0,0,0
HF,FILIE,36.595297,-97.914503,1, ,0.0,0.0,176.0,04,2,3000,0,1,265,0,1,0,0

FINAL,I17CZ,17C,I,3
IF,FILIE,36.595297,-97.914503,ILVC,355.0,16.1,2,3000,0,0,0,0,0,0
CF,CUBES,36.428561,-97.914614,0,ILVC,355.0,6.1,175.0,10.0,1,2500,0,0,0,0,2,0
CF,RW17C,36.355553,-97.914661,0,ILVC,355.0,1.7,175.0,4.4,1,1327,0,0,0,0,3,0
CA,0,175.0,2,1710,0,0,0,0,0,0
CF,ADOWS,36.094636,-97.914825,0,END,174.3,15.0,174.0,14.6,2,4000,0,0,0,0,0,0
HM,ADOWS,36.094636,-97.914825,1, ,0.0,0.0,354.0,04,3,6000,0,1,265,0,0,0,0

APPTR,I35CY,35C,IFI
IF,IFI,35.805267,-98.003917, ,0.0,0.0,2,6000,0,0,0,0,0,0
TF,HARMS,36.085917,-98.447125,0, ,0.0,0.0,0.0,0.0,2,6000,0,0,0,0,1,0
TF,WIKLU,36.172531,-98.271256,0, ,0.0,0.0,0.0,0.0,1,6000,0,0,0,0,0,0
TF,TARKE,36.215739,-98.183175,0, ,0.0,0.0,0.0,0.0,0,0,0,0,0,0,0,0
AF,LINLE,36.096478,-97.955947,1,END,182.0,15.0,234.0,1,4000,0,0,0,0,0,0
VI,0,IEND,0.0,25.0,0,0,0,0,0,0,0,0

APPTR,I35CY,35C,MMB
IF,MMB,36.343733,-99.880122, ,0.0,0.0,2,8000,0,0,0,0,0,0
TF,HARMS,36.085917,-98.447125,0, ,0.0,0.0,0.0,0.0,2,8000,0,0,0,0,1,0
TF,WIKLU,36.172531,-98.271256,0, ,0.0,0.0,0.0,0.0,1,6000,0,0,0,0,0,0
TF,TARKE,36.215739,-98.183175,0, ,0.0,0.0,0.0,0.0,0,0,0,0,0,0,0,0
AF,LINLE,36.096478,-97.955947,1,END,182.0,15.0,234.0,1,4000,0,0,0,0,0,0
VI,0,IEND,0.0,25.0,0,0,0,0,0,0,0,0

FINAL,I35CY,35C,I,3
IF,ADOWS,36.094636,-97.914825,IEND,175.0,15.9,2,3000,0,0,0,0,0,0
CF,PAROS,36.258031,-97.914725,0,IEND,175.0,6.1,355.0,9.8,1,2500,0,0,0,0,2,0
CF,RW35C,36.330236,-97.914675,0,IEND,175.0,1.7,355.0,4.3,1,1335,0,0,0,0,3,0
CA,0,355.0,2,1710,0,0,0,0,0,0
CF,FILIE,36.595297,-97.914503,0,END,355.7,15.0,356.0,14.9,2,4000,0,0,0,0,0,0
HM,FILIE,36.595297,-97.914503,1, ,0.0,0.0,176.0,04,3,6000,0,1,265,0,0,0,0

APPTR,I35CZ,35C,IFI
IF,IFI,35.805267,-98.003917, ,0.0,0.0,2,3000,0,0,0,0,0,0
TF,ADOWS,36.094636,-97.914825,0, ,0.0,0.0,0.0,0.0,2,3000,0,0,0,0,0,0
HF,ADOWS,36.094636,-97.914825,1, ,0.0,0.0,354.0,04,2,3000,0,1,265,0,1,0,0

FINAL,I35CZ,35C,I,3
IF,ADOWS,36.094636,-97.914825,IEND,175.0,15.9,2,3000,0,0,0,0,0,0
CF,PAROS,36.258031,-97.914725,0,IEND,175.0,6.1,355.0,9.8,1,2500,0,0,0,0,2,0
CF,RW35C,36.330236,-97.914675,0,IEND,175.0,1.7,355.0,4.3,1,1335,0,0,0,0,3,0
CA,0,355.0,2,1710,0,0,0,0,0,0
CF,FILIE,36.595297,-97.914503,0,END,355.7,15.0,356.0,14.9,2,4000,0,0,0,0,0,0
HM,FILIE,36.595297,-97.914503,1, ,0.0,0.0,176.0,04,3,6000,0,1,265,0,0,0,0

APPTR,R17C,17C,FILIE
HF,FILIE,36.595297,-97.914503,1, ,0.0,0.0,175.0,04,2,3000,0,1,265,0,1,0,0

FINAL,R17C,17C,R,4
IF,FILIE,36.595297,-97.914503, ,0.0,0.0,2,3000,0,0,0,0,0,0
TF,CUBES,36.428561,-97.914614,0, ,0.0,0.0,175.0,10.0,2,2500,0,0,0,0,2,0
TF,NUDAE,36.393939,-97.914636,0, ,0.0,0.0,175.0,2.1,2,1920,0,0,0,0,0,0
TF,RW17C,36.355553,-97.914661,0, ,0.0,0.0,175.0,2.3,1,1327,0,0,0,0,3,1
DF,ADOWS,36.094636,-97.914825,0, ,0.0,0.0,2,4000,0,0,0,0,0,1
HM,ADOWS,36.094636,-97.914825,1, ,0.0,0.0,355.0,04,3,6000,0,1,265,0,0,0,0

APPTR,R17C-A,17C,TRHAP
HF,TRHAP,36.193708,-97.756247,2, ,0.0,0.0,314.0,04,2,3000,0,1,230,0,1,0,0

FINAL,R17C-A,17C,R,3
IF,TRHAP,36.193708,-97.756247, ,0.0,0.0,2,3000,0,0,0,0,0,0
TF,RHATT,36.263067,-97.830467,0, ,0.0,0.0,314.0,5.5,2,2800,0,0,0,0,2,0
TF,IPIKE,36.294575,-97.864247,0, ,0.0,0.0,314.0,2.5,1,1760,0,0,0,0,3,1
DF,JOMTA,36.593939,-97.885903,0, ,0.0,0.0,2,4000,0,0,0,0,0,1
HM,JOMTA,36.593939,-97.885903,1, ,0.0,0.0,178.0,04,3,6000,0,1,230,0,0,0,0

APPTR,R17C-B,17C,KRMLN
HF,KRMLN,36.558361,-97.800539,1, ,0.0,0.0,199.0,04,2,3000,0,1,230,0,1,0,0

FINAL,R17C-B,17C,R,3
IF,KRMLN,36.558361,-97.800539, ,0.0,0.0,2,3000,0,0,0,0,0,0
TF,CITLU,36.444064,-97.863742,0, ,0.0,0.0,199.0,7.5,2,2800,0,0,0,0,2,0
TF,COGUG,36.405956,-97.884761,0, ,0.0,0.0,199.0,2.5,1,1880,0,0,0,0,3,1
DF,RAMPE,36.095986,-97.886108,0, ,0.0,0.0,2,4000,0,0,0,0,0,1
HM,RAMPE,36.095986,-97.886108,2, ,0.0,0.0,352.0,04,3,6000,0,1,230,0,0,0,0

APPTR,R17L,17L,FINTU
IF,FINTU,36.564378,-97.867036, ,0.0,0.0,2,4000,0,0,0,0,1,0
TF,CAPAP,36.488817,-97.910922,0, ,0.0,0.0,0.0,0.0,2,3500,0,0,0,0,1,0

FINAL,R17L,17L,R,3
IF,CAPAP,36.488817,-97.910922, ,0.0,0.0,2,3500,0,0,0,0,0,0
TF,CEBEK,36.405369,-97.910975,0, ,0.0,0.0,175.0,5.0,2,2400,0,0,0,0,2,0
TF,RW17L,36.346956,-97.911014,0, ,0.0,0.0,175.0,3.5,1,1313,0,0,0,0,3,1
DF,JIDRO,36.120931,-97.832328,0, ,0.0,0.0,2,4300,0,0,0,0,0,1
HM,JIDRO,36.120931,-97.832328,1, ,0.0,0.0,265.0,04,3,6000,0,1,230,0,0,0,0

APPTR,R17L-A,17L,TRHAP
HF,TRHAP,36.193708,-97.756247,2, ,0.0,0.0,314.0,04,2,3000,0,1,230,0,1,0,0

FINAL,R17L-A,17L,R,3
IF,TRHAP,36.193708,-97.756247, ,0.0,0.0,2,3000,0,0,0,0,0,0
TF,RHATT,36.263067,-97.830467,0, ,0.0,0.0,314.0,5.5,2,2800,0,0,0,0,2,0
TF,IPIKE,36.294575,-97.864247,0, ,0.0,0.0,314.0,2.5,1,1760,0,0,0,0,3,1
DF,JOMTA,36.593939,-97.885903,0, ,0.0,0.0,2,4000,0,0,0,0,0,1
HM,JOMTA,36.593939,-97.885903,1, ,0.0,0.0,178.0,04,3,6000,0,1,230,0,0,0,0

APPTR,R17L-B,17L,KRMLN
HF,KRMLN,36.558361,-97.800539,1, ,0.0,0.0,199.0,04,2,3000,0,1,230,0,1,0,0

FINAL,R17L-B,17L,R,3
IF,KRMLN,36.558361,-97.800539, ,0.0,0.0,2,3000,0,0,0,0,0,0
TF,CITLU,36.444064,-97.863742,0, ,0.0,0.0,199.0,7.5,2,2800,0,0,0,0,2,0
TF,COGUG,36.405956,-97.884761,0, ,0.0,0.0,199.0,2.5,1,1880,0,0,0,0,3,1
DF,RAMPE,36.095986,-97.886108,0, ,0.0,0.0,2,4000,0,0,0,0,0,1
HM,RAMPE,36.095986,-97.886108,2, ,0.0,0.0,352.0,04,3,6000,0,1,230,0,0,0,0

APPTR,R17R,17R,HADKO
IF,HADKO,36.515692,-98.113639, ,0.0,0.0,2,3100,0,0,0,0,1,0
TF,ICALA,36.540464,-97.972175,0, ,0.0,0.0,0.0,0.0,2,3100,0,0,0,0,1,0

FINAL,R17R,17R,R,3
IF,ICALA,36.540464,-97.972175, ,0.0,0.0,2,3100,0,0,0,0,1,0
TF,FINLI,36.426281,-97.941581,0, ,0.0,0.0,163.0,7.0,2,2600,0,0,0,0,2,0
TF,TRUKS,36.357481,-97.923189,0, ,0.0,0.0,163.0,4.2,1,1455,0,0,0,0,3,1
CA,0,163.0,2,1680,0,0,0,0,0,0
DF,TARKE,36.215739,-98.183175,0, ,0.0,0.0,2,4300,0,0,0,0,0,1
HM,TARKE,36.215739,-98.183175,2, ,0.0,0.0,54.0,05,3,7000,0,1,310,0,0,0,0

APPTR,R17R-A,17R,TRHAP
HF,TRHAP,36.193708,-97.756247,2, ,0.0,0.0,314.0,04,2,3000,0,1,230,0,1,0,0

FINAL,R17R-A,17R,R,3
IF,TRHAP,36.193708,-97.756247, ,0.0,0.0,2,3000,0,0,0,0,0,0
TF,RHATT,36.263067,-97.830467,0, ,0.0,0.0,314.0,5.5,2,2800,0,0,0,0,2,0
TF,IPIKE,36.294575,-97.864247,0, ,0.0,0.0,314.0,2.5,1,1760,0,0,0,0,3,1
DF,JOMTA,36.593939,-97.885903,0, ,0.0,0.0,2,4000,0,0,0,0,0,1
HM,JOMTA,36.593939,-97.885903,1, ,0.0,0.0,178.0,04,3,6000,0,1,230,0,0,0,0

APPTR,R17R-B,17R,KRMLN
HF,KRMLN,36.558361,-97.800539,1, ,0.0,0.0,199.0,04,2,3000,0,1,230,0,1,0,0

FINAL,R17R-B,17R,R,3
IF,KRMLN,36.558361,-97.800539, ,0.0,0.0,2,3000,0,0,0,0,0,0
TF,CITLU,36.444064,-97.863742,0, ,0.0,0.0,199.0,7.5,2,2800,0,0,0,0,2,0
TF,COGUG,36.405956,-97.884761,0, ,0.0,0.0,199.0,2.5,1,1880,0,0,0,0,3,1
DF,RAMPE,36.095986,-97.886108,0, ,0.0,0.0,2,4000,0,0,0,0,0,1
HM,RAMPE,36.095986,-97.886108,2, ,0.0,0.0,352.0,04,3,6000,0,1,230,0,0,0,0

APPTR,R35C,35C,ADOWS
HF,ADOWS,36.094636,-97.914825,1, ,0.0,0.0,355.0,04,2,3000,0,1,265,0,1,0,0

FINAL,R35C,35C,R,3
IF,ADOWS,36.094636,-97.914825, ,0.0,0.0,2,3000,0,0,0,0,0,0
TF,PAROS,36.258031,-97.914725,0, ,0.0,0.0,355.0,9.8,2,2500,0,0,0,0,2,0
TF,RW35C,36.330236,-97.914675,0, ,0.0,0.0,355.0,4.3,1,1335,0,0,0,0,3,1
DF,FILIE,36.595297,-97.914503,0, ,0.0,0.0,2,4000,0,0,0,0,0,1
HM,FILIE,36.595297,-97.914503,1, ,0.0,0.0,175.0,04,3,6000,0,1,265,0,0,0,0

APPTR,R35C-A,35C,TRHAP
HF,TRHAP,36.193708,-97.756247,2, ,0.0,0.0,314.0,04,2,3000,0,1,230,0,1,0,0

FINAL,R35C-A,35C,R,3
IF,TRHAP,36.193708,-97.756247, ,0.0,0.0,2,3000,0,0,0,0,0,0
TF,RHATT,36.263067,-97.830467,0, ,0.0,0.0,314.0,5.5,2,2800,0,0,0,0,2,0
TF,IPIKE,36.294575,-97.864247,0, ,0.0,0.0,314.0,2.5,1,1760,0,0,0,0,3,1
DF,JOMTA,36.593939,-97.885903,0, ,0.0,0.0,2,4000,0,0,0,0,0,1
HM,JOMTA,36.593939,-97.885903,1, ,0.0,0.0,178.0,04,3,6000,0,1,230,0,0,0,0

APPTR,R35C-B,35C,KRMLN
HF,KRMLN,36.558361,-97.800539,1, ,0.0,0.0,199.0,04,2,3000,0,1,230,0,1,0,0

FINAL,R35C-B,35C,R,3
IF,KRMLN,36.558361,-97.800539, ,0.0,0.0,2,3000,0,0,0,0,0,0
TF,CITLU,36.444064,-97.863742,0, ,0.0,0.0,199.0,7.5,2,2800,0,0,0,0,2,0
TF,COGUG,36.405956,-97.884761,0, ,0.0,0.0,199.0,2.5,1,1880,0,0,0,0,3,1
DF,RAMPE,36.095986,-97.886108,0, ,0.0,0.0,2,4000,0,0,0,0,0,1
HM,RAMPE,36.095986,-97.886108,2, ,0.0,0.0,352.0,04,3,6000,0,1,230,0,0,0,0

APPTR,R35L,35L,JEDOS
IF,JEDOS,36.147894,-98.097950, ,0.0,0.0,2,3000,0,0,0,0,1,0
TF,KUYEK,36.131758,-97.955292,0, ,0.0,0.0,0.0,0.0,2,3000,0,0,0,0,1,0

FINAL,R35L,35L,R,3
IF,KUYEK,36.131758,-97.955292, ,0.0,0.0,2,3000,0,0,0,0,1,0
TF,ZURAG,36.247458,-97.935272,0, ,0.0,0.0,3.0,7.0,2,2600,0,0,0,0,2,0
TF,SHAMB,36.315681,-97.923206,0, ,0.0,0.0,3.0,4.1,1,1487,0,0,0,0,3,1
CA,0,3.0,2,1707,0,0,0,0,0,0
DF,CERPA,36.484686,-98.175367,0, ,0.0,0.0,2,4300,0,0,0,0,0,1
HM,CERPA,36.484686,-98.175367,2, ,0.0,0.0,119.0,05,3,7000,0,1,310,0,0,0,0

APPTR,R35L-A,35L,TRHAP
HF,TRHAP,36.193708,-97.756247,2, ,0.0,0.0,314.0,04,2,3000,0,1,230,0,1,0,0

FINAL,R35L-A,35L,R,3
IF,TRHAP,36.193708,-97.756247, ,0.0,0.0,2,3000,0,0,0,0,0,0
TF,RHATT,36.263067,-97.830467,0, ,0.0,0.0,314.0,5.5,2,2800,0,0,0,0,2,0
TF,IPIKE,36.294575,-97.864247,0, ,0.0,0.0,314.0,2.5,1,1760,0,0,0,0,3,1
DF,JOMTA,36.593939,-97.885903,0, ,0.0,0.0,2,4000,0,0,0,0,0,1
HM,JOMTA,36.593939,-97.885903,1, ,0.0,0.0,178.0,04,3,6000,0,1,230,0,0,0,0

APPTR,R35L-B,35L,KRMLN
HF,KRMLN,36.558361,-97.800539,1, ,0.0,0.0,199.0,04,2,3000,0,1,230,0,1,0,0

FINAL,R35L-B,35L,R,3
IF,KRMLN,36.558361,-97.800539, ,0.0,0.0,2,3000,0,0,0,0,0,0
TF,CITLU,36.444064,-97.863742,0, ,0.0,0.0,199.0,7.5,2,2800,0,0,0,0,2,0
TF,COGUG,36.405956,-97.884761,0, ,0.0,0.0,199.0,2.5,1,1880,0,0,0,0,3,1
DF,RAMPE,36.095986,-97.886108,0, ,0.0,0.0,2,4000,0,0,0,0,0,1
HM,RAMPE,36.095986,-97.886108,2, ,0.0,0.0,352.0,04,3,6000,0,1,230,0,0,0,0

APPTR,R35R,35R,JIDRO
IF,JIDRO,36.120931,-97.832328, ,0.0,0.0,2,4100,0,0,0,0,1,0
TF,CILVO,36.174600,-97.911125,0, ,0.0,0.0,0.0,0.0,2,3500,0,0,0,0,1,0

FINAL,R35R,35R,R,3
IF,CILVO,36.174600,-97.911125, ,0.0,0.0,2,3500,0,0,0,0,0,0
TF,KODME,36.258050,-97.911069,0, ,0.0,0.0,355.0,5.0,2,2600,0,0,0,0,2,0
TF,RW35R,36.333156,-97.911022,0, ,0.0,0.0,355.0,4.5,1,1324,0,0,0,0,3,1
DF,KRMLN,36.558361,-97.800539,0, ,0.0,0.0,2,4300,0,0,0,0,0,1
HM,KRMLN,36.558361,-97.800539,1, ,0.0,0.0,199.0,04,3,6000,0,1,230,0,0,0,0

APPTR,R35R-A,35R,TRHAP
HF,TRHAP,36.193708,-97.756247,2, ,0.0,0.0,314.0,04,2,3000,0,1,230,0,1,0,0

FINAL,R35R-A,35R,R,3
IF,TRHAP,36.193708,-97.756247, ,0.0,0.0,2,3000,0,0,0,0,0,0
TF,RHATT,36.263067,-97.830467,0, ,0.0,0.0,314.0,5.5,2,2800,0,0,0,0,2,0
TF,IPIKE,36.294575,-97.864247,0, ,0.0,0.0,314.0,2.5,1,1760,0,0,0,0,3,1
DF,JOMTA,36.593939,-97.885903,0, ,0.0,0.0,2,4000,0,0,0,0,0,1
HM,JOMTA,36.593939,-97.885903,1, ,0.0,0.0,178.0,04,3,6000,0,1,230,0,0,0,0

APPTR,R35R-B,35R,KRMLN
HF,KRMLN,36.558361,-97.800539,1, ,0.0,0.0,199.0,04,2,3000,0,1,230,0,1,0,0

FINAL,R35R-B,35R,R,3
IF,KRMLN,36.558361,-97.800539, ,0.0,0.0,2,3000,0,0,0,0,0,0
TF,CITLU,36.444064,-97.863742,0, ,0.0,0.0,199.0,7.5,2,2800,0,0,0,0,2,0
TF,COGUG,36.405956,-97.884761,0, ,0.0,0.0,199.0,2.5,1,1880,0,0,0,0,3,1
DF,RAMPE,36.095986,-97.886108,0, ,0.0,0.0,2,4000,0,0,0,0,0,1
HM,RAMPE,36.095986,-97.886108,2, ,0.0,0.0,352.0,04,3,6000,0,1,230,0,0,0,0

APPTR,T17C,17C,ANY
IF,ANY,37.158981,-98.170775, ,0.0,0.0,2,6000,0,0,0,0,0,0
TF,CHEEK,36.623844,-98.433303,0, ,0.0,0.0,0.0,0.0,2,6000,0,0,0,0,1,0
TF,CIRAL,36.531136,-98.261242,0, ,0.0,0.0,0.0,0.0,1,6000,0,0,0,0,0,0
TF,CERPA,36.484686,-98.175367,0, ,0.0,0.0,0.0,0.0,0,0,0,0,0,0,0,0
AF,BUPKE,36.573606,-98.044592,2,END,331.0,15.0,299.0,1,4000,0,0,0,0,0,0
AF,RUNKE,36.593444,-97.880519,2,END,2.0,15.0,331.0,2,3000,0,0,0,0,1,0

APPTR,T17C,17C,MMB
IF,MMB,36.343733,-99.880122, ,0.0,0.0,2,8000,0,0,0,0,0,0
TF,CHEEK,36.623844,-98.433303,0, ,0.0,0.0,0.0,0.0,2,8000,0,0,0,0,1,0
TF,CIRAL,36.531136,-98.261242,0, ,0.0,0.0,0.0,0.0,1,6000,0,0,0,0,0,0
TF,CERPA,36.484686,-98.175367,0, ,0.0,0.0,0.0,0.0,0,0,0,0,0,0,0,0
AF,BUPKE,36.573606,-98.044592,2,END,331.0,15.0,299.0,1,4000,0,0,0,0,0,0
AF,RUNKE,36.593444,-97.880519,2,END,2.0,15.0,331.0,2,3000,0,0,0,0,1,0

FINAL,T17C,17C,D,4
IF,RUNKE,36.593444,-97.880519,END,2.0,15.0,2,3000,0,0,0,0,0,0
CF,FARUX,36.427797,-97.905769,0,END,2.0,5.0,182.0,10.0,2,2500,0,0,0,0,2,0
CF,TEPOE,36.402950,-97.909547,0,END,2.0,3.5,182.0,1.5,2,2080,0,0,0,0,0,0
CF,CESAX,36.368164,-97.914833,0,END,2.0,1.4,182.0,2.1,1,1530,0,0,0,0,3,0
CF,ADOWS,36.094636,-97.914825,0,END,174.3,15.0,174.0,16.4,2,4000,0,0,0,0,0,0
HM,ADOWS,36.094636,-97.914825,1, ,0.0,0.0,354.0,04,3,6000,0,1,265,0,0,0,0

APPTR,T17R,17R,ANY
IF,ANY,37.158981,-98.170775, ,0.0,0.0,2,6000,0,0,0,0,0,0
TF,CHEEK,36.623844,-98.433303,0, ,0.0,0.0,0.0,0.0,2,6000,0,0,0,0,1,0
TF,CIRAL,36.531136,-98.261242,0, ,0.0,0.0,0.0,0.0,1,6000,0,0,0,0,0,0
TF,CERPA,36.484686,-98.175367,0, ,0.0,0.0,0.0,0.0,0,0,0,0,0,0,0,0
AF,OVEKE,36.578636,-98.029586,2,END,334.0,15.0,299.0,1,4000,0,0,0,0,0,0
AF,PISOE,36.588878,-97.988183,2,END,342.0,15.0,334.0,2,3100,0,0,0,0,1,0

APPTR,T17R,17R,MMB
IF,MMB,36.343733,-99.880122, ,0.0,0.0,2,8000,0,0,0,0,0,0
TF,CHEEK,36.623844,-98.433303,0, ,0.0,0.0,0.0,0.0,2,8000,0,0,0,0,1,0
TF,CIRAL,36.531136,-98.261242,0, ,0.0,0.0,0.0,0.0,1,6000,0,0,0,0,0,0
TF,CERPA,36.484686,-98.175367,0, ,0.0,0.0,0.0,0.0,0,0,0,0,0,0,0,0
AF,OVEKE,36.578636,-98.029586,2,END,334.0,15.0,299.0,1,4000,0,0,0,0,0,0
AF,PISOE,36.588878,-97.988183,2,END,342.0,15.0,334.0,2,3100,0,0,0,0,1,0

FINAL,T17R,17R,D,3
IF,PISOE,36.588878,-97.988183,END,342.0,15.0,2,3100,0,0,0,0,0,0
CF,FINLI,36.426281,-97.941581,0,END,342.0,5.0,162.0,10.0,2,2600,0,0,0,0,2,0
CF,CUTSU,36.361233,-97.922997,0,END,342.0,0.0,162.0,4.0,1,1513,0,0,0,0,3,0
CF,ADOWS,36.094636,-97.914825,0,END,174.3,15.0,174.0,16.0,2,4000,0,0,0,0,0,0
HM,ADOWS,36.094636,-97.914825,1, ,0.0,0.0,354.0,04,3,6000,0,1,265,0,0,0,0

APPTR,T35C,35C,IFI
IF,IFI,35.805267,-98.003917, ,0.0,0.0,2,6000,0,0,0,0,0,0
TF,HARMS,36.085917,-98.447125,0, ,0.0,0.0,0.0,0.0,2,6000,0,0,0,0,1,0
TF,WIKLU,36.172531,-98.271256,0, ,0.0,0.0,0.0,0.0,1,6000,0,0,0,0,0,0
TF,TARKE,36.215739,-98.183175,0, ,0.0,0.0,0.0,0.0,0,0,0,0,0,0,0,0
AF,SIPIE,36.094769,-97.929119,1,END,177.0,15.0,234.0,1,4000,0,0,0,0,0,0
AF,RAMPE,36.095986,-97.886108,1,END,169.0,15.0,177.0,2,3000,0,0,0,0,1,0

APPTR,T35C,35C,MMB
IF,MMB,36.343733,-99.880122, ,0.0,0.0,2,8000,0,0,0,0,0,0
TF,HARMS,36.085917,-98.447125,0, ,0.0,0.0,0.0,0.0,2,8000,0,0,0,0,1,0
TF,WIKLU,36.172531,-98.271256,0, ,0.0,0.0,0.0,0.0,1,6000,0,0,0,0,0,0
TF,TARKE,36.215739,-98.183175,0, ,0.0,0.0,0.0,0.0,0,0,0,0,0,0,0,0
AF,SIPIE,36.094769,-97.929119,1,END,177.0,15.0,234.0,1,4000,0,0,0,0,0,0
AF,RAMPE,36.095986,-97.886108,1,END,169.0,15.0,177.0,2,3000,0,0,0,0,1,0

FINAL,T35C,35C,D,3
IF,RAMPE,36.095986,-97.886108,END,169.0,15.0,2,3000,0,0,0,0,0,0
CF,PLUCK,36.253681,-97.906506,0,END,169.0,5.5,349.0,9.5,2,2600,0,0,0,0,2,0
CF,NUKNE,36.316756,-97.914689,0,END,169.0,1.7,349.0,3.8,1,1555,0,0,0,0,3,0
CF,FILIE,36.595297,-97.914503,0,END,355.7,15.0,356.0,16.7,2,4000,0,0,0,0,0,0
HM,FILIE,36.595297,-97.914503,1, ,0.0,0.0,176.0,04,3,6000,0,1,265,0,0,0,0

APPTR,T35L,35L,IFI
IF,IFI,35.805267,-98.003917, ,0.0,0.0,2,6000,0,0,0,0,0,0
TF,HARMS,36.085917,-98.447125,0, ,0.0,0.0,0.0,0.0,2,6000,0,0,0,0,1,0
TF,WIKLU,36.172531,-98.271256,0, ,0.0,0.0,0.0,0.0,1,6000,0,0,0,0,0,0
TF,TARKE,36.215739,-98.183175,0, ,0.0,0.0,0.0,0.0,0,0,0,0,0,0,0,0
AF,OGMOE,36.104286,-98.003389,1,END,191.0,15.0,234.0,1,4000,0,0,0,0,0,0
AF,WAKEG,36.097047,-97.961286,1,END,183.0,15.0,191.0,2,3000,0,0,0,0,1,0

APPTR,T35L,35L,MMB
IF,MMB,36.343733,-99.880122, ,0.0,0.0,2,8000,0,0,0,0,0,0
TF,HARMS,36.085917,-98.447125,0, ,0.0,0.0,0.0,0.0,2,8000,0,0,0,0,1,0
TF,WIKLU,36.172531,-98.271256,0, ,0.0,0.0,0.0,0.0,1,6000,0,0,0,0,0,0
TF,TARKE,36.215739,-98.183175,0, ,0.0,0.0,0.0,0.0,0,0,0,0,0,0,0,0
AF,OGMOE,36.104286,-98.003389,1,END,191.0,15.0,234.0,1,4000,0,0,0,0,0,0
AF,WAKEG,36.097047,-97.961286,1,END,183.0,15.0,191.0,2,3000,0,0,0,0,1,0

FINAL,T35L,35L,D,3
IF,WAKEG,36.097047,-97.961286,END,183.0,15.0,2,3000,0,0,0,0,0,0
CF,ZURAG,36.247458,-97.935272,0,END,183.0,5.9,3.0,9.1,2,2600,0,0,0,0,2,0
CF,TEBTE,36.311917,-97.924094,0,END,183.0,2.0,3.0,3.9,1,1551,0,0,0,0,3,0
CF,FILIE,36.595297,-97.914503,0,END,355.7,15.0,356.0,17.0,2,4000,0,0,0,0,0,0
HM,FILIE,36.595297,-97.914503,1, ,0.0,0.0,176.0,04,3,6000,0,1,265,0,0,0,0

