APPTR,R18,18,HUTWI
HF,HUTWI,38.719253,-89.088692,2, ,0.0,0.0,183.0,04,2,2600,0,0,0,0,1,0,0

FINAL,R18,18,R,4
IF,HUTWI,38.719253,-89.088692, ,0.0,0.0,2,2600,0,0,0,0,0,0
TF,QIMLA,38.602181,-89.090417,0, ,0.0,0.0,183.0,7.0,2,2100,0,0,0,0,2,0
TF,YIRBU,38.546758,-89.091231,0, ,0.0,0.0,183.0,3.3,2,1040,0,0,0,0,0,0
TF,RW18,38.521733,-89.091597,0, ,0.0,0.0,183.0,1.5,1,564,0,0,0,0,3,1
CA,0,183.0,2,880,0,0,0,0,0,0
DF,WOKSO,38.311144,-89.094675,0, ,0.0,0.0,2,2600,0,0,0,0,0,1
HM,WOKSO,38.311144,-89.094675,2, ,0.0,0.0,3.0,04,0,0,0,0,0,0,0,0,0

APPTR,R36,36,WOKSO
HF,WOKSO,38.311144,-89.094675,2, ,0.0,0.0,3.0,04,2,2600,0,0,0,0,1,0,0

FINAL,R36,36,R,3
IF,WOKSO,38.311144,-89.094675, ,0.0,0.0,2,2600,0,0,0,0,0,0
TF,YEJUL,38.428328,-89.092964,0, ,0.0,0.0,3.0,7.0,2,2100,0,0,0,0,2,0
TF,RW36,38.508003,-89.091797,0, ,0.0,0.0,3.0,4.8,1,579,0,0,0,0,3,1
CA,0,3.0,2,784,0,0,0,0,0,0
DF,HUTWI,38.719253,-89.088692,0, ,0.0,0.0,2,2600,0,0,0,0,0,1
HM,HUTWI,38.719253,-89.088692,2, ,0.0,0.0,183.0,04,0,0,0,0,0,0,0,0,0

APPTR,V36-A,36,ENL
PI,ENL,38.420000,-89.158997,2,ENL,162.0,10.0,207,5.0,2,2100,0,0,0,0,1,0
CF,ENL,38.420000,-89.158997,0,ENL,0.0,0.0,27.0,8.0,2,2100,0,0,0,0,0,0

FINAL,V36-A,36,D,2
IF,ENL,38.420000,-89.158997,ENL,0.0,0.0,2,2100,0,0,0,0,2,0
CF,RW36,38.508003,-89.091797,0,ENL,27.0,6.2,27.0,6.2,1,1200,0,0,0,0,3,0
CA,0,27.0,2,1200,0,0,0,0,0,0
DF,ENL,38.420000,-89.158997,2, ,0.0,0.0,2,2100,0,0,0,0,0,0
HM,ENL,38.420000,-89.158997,2, ,0.0,0.0,27.0,04.3,0,0,0,0,0,0,0,0,0

