SID,GARL6,ALL,2
IF,TTT,32.869161,-97.040503, ,0.0,0.0,0,0,0,0,0,0,0,0

SID,GARL6,GGG,3
IF,TTT,32.869161,-97.040503, ,0.0,0.0,0,0,0,0,0,0,0,0
TF,CLARE,32.760975,-96.332136,0, ,0.0,0.0,0.0,0.0,0,0,0,0,0,0,0,0
TF,ROCKK,32.692256,-95.896111,0, ,0.0,0.0,0.0,0.0,0,0,0,0,0,0,0,0
TF,GGG,32.417753,-94.753194,0, ,0.0,0.0,0.0,0.0,0,0,0,0,0,0,0,0

SID,GARL6,PRX,3
IF,TTT,32.869161,-97.040503, ,0.0,0.0,0,0,0,0,0,0,0,0
TF,NOBLY,33.082397,-96.332683,0, ,0.0,0.0,0.0,0.0,0,0,0,0,0,0,0,0
TF,ECKEY,33.216794,-95.877742,0, ,0.0,0.0,0.0,0.0,0,0,0,0,0,0,0,0
TF,PRX,33.542378,-95.448292,0, ,0.0,0.0,0.0,0.0,0,0,0,0,0,0,0,0

SID,GARL6,SOLDO,3
IF,TTT,32.869161,-97.040503, ,0.0,0.0,0,0,0,0,0,0,0,0
TF,SOLDO,32.865278,-96.332311,0, ,0.0,0.0,0.0,0.0,0,0,0,0,0,0,0,0

SID,GARL6,TXK,3
IF,TTT,32.869161,-97.040503, ,0.0,0.0,0,0,0,0,0,0,0,0
TF,TRISS,32.970042,-96.332403,0, ,0.0,0.0,0.0,0.0,0,0,0,0,0,0,0,0
TF,SHERO,33.074858,-95.562978,0, ,0.0,0.0,0.0,0.0,0,0,0,0,0,0,0,0
TF,TXK,33.513881,-94.073242,0, ,0.0,0.0,0.0,0.0,0,0,0,0,0,0,0,0

SID,GARL6,TYR,3
IF,TTT,32.869161,-97.040503, ,0.0,0.0,0,0,0,0,0,0,0,0
TF,CLARE,32.760975,-96.332136,0, ,0.0,0.0,0.0,0.0,0,0,0,0,0,0,0,0
TF,ROCKK,32.692256,-95.896111,0, ,0.0,0.0,0.0,0.0,0,0,0,0,0,0,0,0
TF,TYR,32.355867,-95.403467,0, ,0.0,0.0,0.0,0.0,0,0,0,0,0,0,0,0

SID,GARL6,UIM,3
IF,TTT,32.869161,-97.040503, ,0.0,0.0,0,0,0,0,0,0,0,0
TF,SOLDO,32.865278,-96.332311,0, ,0.0,0.0,0.0,0.0,0,0,0,0,0,0,0,0
TF,UIM,32.880481,-95.366892,0, ,0.0,0.0,0.0,0.0,0,0,0,0,0,0,0,0

SID,HUBB9,ALL,2
IF,TTT,32.869161,-97.040503, ,0.0,0.0,0,0,0,0,0,0,0,0

SID,HUBB9,GGG,3
IF,TTT,32.869161,-97.040503, ,0.0,0.0,0,0,0,0,0,0,0,0
TF,CLARE,32.760975,-96.332136,0, ,0.0,0.0,0.0,0.0,0,0,0,0,0,0,0,0
TF,ROCKK,32.692256,-95.896111,0, ,0.0,0.0,0.0,0.0,0,0,0,0,0,0,0,0
TF,GGG,32.417753,-94.753194,0, ,0.0,0.0,0.0,0.0,0,0,0,0,0,0,0,0

SID,HUBB9,PRX,3
IF,TTT,32.869161,-97.040503, ,0.0,0.0,0,0,0,0,0,0,0,0
TF,NOBLY,33.082397,-96.332683,0, ,0.0,0.0,0.0,0.0,0,0,0,0,0,0,0,0
TF,ECKEY,33.216794,-95.877742,0, ,0.0,0.0,0.0,0.0,0,0,0,0,0,0,0,0
TF,PRX,33.542378,-95.448292,0, ,0.0,0.0,0.0,0.0,0,0,0,0,0,0,0,0

SID,HUBB9,SOLDO,3
IF,TTT,32.869161,-97.040503, ,0.0,0.0,0,0,0,0,0,0,0,0
TF,SOLDO,32.865278,-96.332311,0, ,0.0,0.0,0.0,0.0,0,0,0,0,0,0,0,0

SID,HUBB9,TXK,3
IF,TTT,32.869161,-97.040503, ,0.0,0.0,0,0,0,0,0,0,0,0
TF,TRISS,32.970042,-96.332403,0, ,0.0,0.0,0.0,0.0,0,0,0,0,0,0,0,0
TF,SHERO,33.074858,-95.562978,0, ,0.0,0.0,0.0,0.0,0,0,0,0,0,0,0,0
TF,TXK,33.513881,-94.073242,0, ,0.0,0.0,0.0,0.0,0,0,0,0,0,0,0,0

SID,HUBB9,TYR,3
IF,TTT,32.869161,-97.040503, ,0.0,0.0,0,0,0,0,0,0,0,0
TF,CLARE,32.760975,-96.332136,0, ,0.0,0.0,0.0,0.0,0,0,0,0,0,0,0,0
TF,ROCKK,32.692256,-95.896111,0, ,0.0,0.0,0.0,0.0,0,0,0,0,0,0,0,0
TF,TYR,32.355867,-95.403467,0, ,0.0,0.0,0.0,0.0,0,0,0,0,0,0,0,0

SID,HUBB9,UIM,3
IF,TTT,32.869161,-97.040503, ,0.0,0.0,0,0,0,0,0,0,0,0
TF,SOLDO,32.865278,-96.332311,0, ,0.0,0.0,0.0,0.0,0,0,0,0,0,0,0,0
TF,UIM,32.880481,-95.366892,0, ,0.0,0.0,0.0,0.0,0,0,0,0,0,0,0,0

SID,KING4,ALL,2
IF,TTT,32.869161,-97.040503, ,0.0,0.0,0,0,0,0,0,0,0,0

SID,KING4,GTH,3
IF,TTT,32.869161,-97.040503, ,0.0,0.0,0,0,0,0,0,0,0,0
TF,FUZ,32.889450,-97.179425,0, ,0.0,0.0,0.0,0.0,0,0,0,0,0,0,0,0
TF,CEOLA,32.866325,-97.733269,0, ,0.0,0.0,0.0,0.0,0,0,0,0,0,0,0,0
TF,RUWLO,32.792286,-99.217414,0, ,0.0,0.0,0.0,0.0,0,0,0,0,0,0,0,0
TF,BEKLE,32.821086,-99.832003,0, ,0.0,0.0,0.0,0.0,0,0,0,0,0,0,0,0
TF,GTH,33.778278,-100.336197,0, ,0.0,0.0,0.0,0.0,0,0,0,0,0,0,0,0

SID,KING4,MQP,3
IF,TTT,32.869161,-97.040503, ,0.0,0.0,0,0,0,0,0,0,0,0
TF,PODDE,32.726319,-97.733350,0, ,0.0,0.0,0.0,0.0,0,0,0,0,0,0,0,0
TF,MQP,32.726181,-97.997442,0, ,0.0,0.0,0.0,0.0,0,0,0,0,0,0,0,0

SID,KING4,PODDE,3
IF,TTT,32.869161,-97.040503, ,0.0,0.0,0,0,0,0,0,0,0,0
TF,PODDE,32.726319,-97.733350,0, ,0.0,0.0,0.0,0.0,0,0,0,0,0,0,0,0

SID,KING4,SPS,3
IF,TTT,32.869161,-97.040503, ,0.0,0.0,0,0,0,0,0,0,0,0
TF,FERRA,33.091222,-97.733297,0, ,0.0,0.0,0.0,0.0,0,0,0,0,0,0,0,0
TF,MUZZO,33.251583,-98.243478,0, ,0.0,0.0,0.0,0.0,0,0,0,0,0,0,0,0
TF,KARYN,33.597042,-98.407058,0, ,0.0,0.0,0.0,0.0,0,0,0,0,0,0,0,0
TF,SPS,33.987286,-98.593472,0, ,0.0,0.0,0.0,0.0,0,0,0,0,0,0,0,0

SID,KUSSO4,ALL,5
IF,SALVE,32.839150,-96.585992, ,0.0,0.0,0,0,0,0,0,0,0,0
TF,KUSSO,32.832528,-96.437842,0, ,0.0,0.0,0.0,0.0,0,0,0,0,0,0,0,0

SID,KUSSO4,BDDAY,6
IF,KUSSO,32.832528,-96.437842, ,0.0,0.0,0,0,0,0,0,0,0,0
TF,THHOR,32.696772,-96.333489,0, ,0.0,0.0,0.0,0.0,0,0,0,0,0,0,0,0
TF,JJANE,32.663483,-95.838242,0, ,0.0,0.0,0.0,0.0,0,0,0,0,0,0,0,0
TF,MRSSH,32.585297,-94.774397,0, ,0.0,0.0,0.0,0.0,0,0,0,0,0,0,0,0
TF,BDDAY,32.315586,-94.171714,0, ,0.0,0.0,0.0,0.0,0,0,0,0,0,0,0,0

SID,KUSSO4,BSKAT,6
IF,KUSSO,32.832528,-96.437842, ,0.0,0.0,0,0,0,0,0,0,0,0
TF,ZERLU,32.998086,-96.333025,0, ,0.0,0.0,0.0,0.0,0,0,0,0,0,0,0,0
TF,SWDIA,33.173047,-95.837289,0, ,0.0,0.0,0.0,0.0,0,0,0,0,0,0,0,0
TF,ZACHH,33.714133,-94.248894,0, ,0.0,0.0,0.0,0.0,0,0,0,0,0,0,0,0
TF,BSKAT,34.041872,-93.559839,0, ,0.0,0.0,0.0,0.0,0,0,0,0,0,0,0,0

SID,KUSSO4,FORCK,6
IF,KUSSO,32.832528,-96.437842, ,0.0,0.0,0,0,0,0,0,0,0,0
TF,HANUH,32.796983,-96.333383,0, ,0.0,0.0,0.0,0.0,0,0,0,0,0,0,0,0
TF,LYING,32.847964,-95.839069,0, ,0.0,0.0,0.0,0.0,0,0,0,0,0,0,0,0
TF,FORCK,32.996533,-94.269817,0, ,0.0,0.0,0.0,0.0,0,0,0,0,0,0,0,0

SID,KUSSO4,LOOSE,6
IF,KUSSO,32.832528,-96.437842, ,0.0,0.0,0,0,0,0,0,0,0,0
TF,TRRCH,32.897169,-96.333489,0, ,0.0,0.0,0.0,0.0,0,0,0,0,0,0,0,0
TF,JAYXX,33.056806,-95.839250,0, ,0.0,0.0,0.0,0.0,0,0,0,0,0,0,0,0
TF,TRYTN,33.551306,-94.262369,0, ,0.0,0.0,0.0,0.0,0,0,0,0,0,0,0,0
TF,LOOSE,33.896356,-93.085661,0, ,0.0,0.0,0.0,0.0,0,0,0,0,0,0,0,0

SID,KUSSO4,MRSSH,6
IF,KUSSO,32.832528,-96.437842, ,0.0,0.0,0,0,0,0,0,0,0,0
TF,THHOR,32.696772,-96.333489,0, ,0.0,0.0,0.0,0.0,0,0,0,0,0,0,0,0
TF,JJANE,32.663483,-95.838242,0, ,0.0,0.0,0.0,0.0,0,0,0,0,0,0,0,0
TF,MRSSH,32.585297,-94.774397,0, ,0.0,0.0,0.0,0.0,0,0,0,0,0,0,0,0

SID,KUSSO4,ZALEA,6
IF,KUSSO,32.832528,-96.437842, ,0.0,0.0,0,0,0,0,0,0,0,0
TF,THHOR,32.696772,-96.333489,0, ,0.0,0.0,0.0,0.0,0,0,0,0,0,0,0,0
TF,JJANE,32.663483,-95.838242,0, ,0.0,0.0,0.0,0.0,0,0,0,0,0,0,0,0
TF,MRSSH,32.585297,-94.774397,0, ,0.0,0.0,0.0,0.0,0,0,0,0,0,0,0,0
TF,ZALEA,32.212639,-93.476469,0, ,0.0,0.0,0.0,0.0,0,0,0,0,0,0,0,0

SID,SWABR5,ALL,5
IF,BOTCH,32.816856,-97.497203, ,0.0,0.0,0,0,0,0,0,0,0,0
TF,SWABR,32.821903,-97.627292,0, ,0.0,0.0,0.0,0.0,0,0,0,0,0,0,0,0

SID,SWABR5,ALIAN,6
IF,SWABR,32.821903,-97.627292, ,0.0,0.0,0,0,0,0,0,0,0,0
TF,RBBIT,32.678042,-97.734000,0, ,0.0,0.0,0.0,0.0,0,0,0,0,0,0,0,0
TF,FUMED,32.683206,-98.225772,0, ,0.0,0.0,0.0,0.0,0,0,0,0,0,0,0,0
TF,ALIAN,32.687228,-99.223122,0, ,0.0,0.0,0.0,0.0,0,0,0,0,0,0,0,0

SID,SWABR5,BRHMA,6
IF,SWABR,32.821903,-97.627292, ,0.0,0.0,0,0,0,0,0,0,0,0
TF,ROOOO,32.778239,-97.733950,0, ,0.0,0.0,0.0,0.0,0,0,0,0,0,0,0,0
TF,RUFFS,32.893472,-98.228722,0, ,0.0,0.0,0.0,0.0,0,0,0,0,0,0,0,0
TF,KATZZ,33.201022,-99.595506,0, ,0.0,0.0,0.0,0.0,0,0,0,0,0,0,0,0
TF,BRHMA,33.521397,-101.043169,0, ,0.0,0.0,0.0,0.0,0,0,0,0,0,0,0,0

SID,SWABR5,CIKAN,6
IF,SWABR,32.821903,-97.627292, ,0.0,0.0,0,0,0,0,0,0,0,0
TF,RBBIT,32.678042,-97.734000,0, ,0.0,0.0,0.0,0.0,0,0,0,0,0,0,0,0
TF,LYNDE,32.639325,-98.224936,0, ,0.0,0.0,0.0,0.0,0,0,0,0,0,0,0,0
TF,WSTEX,32.545272,-99.331400,0, ,0.0,0.0,0.0,0.0,0,0,0,0,0,0,0,0
TF,CIKAN,32.483333,-100.316667,0, ,0.0,0.0,0.0,0.0,0,0,0,0,0,0,0,0

SID,SWABR5,DOSXX,6
IF,SWABR,32.821903,-97.627292, ,0.0,0.0,0,0,0,0,0,0,0,0
TF,RBBIT,32.678042,-97.734000,0, ,0.0,0.0,0.0,0.0,0,0,0,0,0,0,0,0
TF,LYNDE,32.639325,-98.224936,0, ,0.0,0.0,0.0,0.0,0,0,0,0,0,0,0,0
TF,WSTEX,32.545272,-99.331400,0, ,0.0,0.0,0.0,0.0,0,0,0,0,0,0,0,0
TF,DOSXX,32.393936,-99.948861,0, ,0.0,0.0,0.0,0.0,0,0,0,0,0,0,0,0

SID,SWABR5,HUDAD,6
IF,SWABR,32.821903,-97.627292, ,0.0,0.0,0,0,0,0,0,0,0,0
TF,PGLET,32.989894,-97.733275,0, ,0.0,0.0,0.0,0.0,0,0,0,0,0,0,0,0
TF,MUTEE,33.175403,-98.230150,0, ,0.0,0.0,0.0,0.0,0,0,0,0,0,0,0,0
TF,HUDAD,33.614456,-99.432117,0, ,0.0,0.0,0.0,0.0,0,0,0,0,0,0,0,0

SID,SWABR5,HULZE,6
IF,SWABR,32.821903,-97.627292, ,0.0,0.0,0,0,0,0,0,0,0,0
TF,TYGGR,32.889483,-97.733275,0, ,0.0,0.0,0.0,0.0,0,0,0,0,0,0,0,0
TF,DBLSS,33.051864,-98.230600,0, ,0.0,0.0,0.0,0.0,0,0,0,0,0,0,0,0
TF,HRPER,33.462917,-99.516925,0, ,0.0,0.0,0.0,0.0,0,0,0,0,0,0,0,0
TF,HULZE,33.657664,-100.221697,0, ,0.0,0.0,0.0,0.0,0,0,0,0,0,0,0,0

SID,SWABR5,WSTEX,6
IF,SWABR,32.821903,-97.627292, ,0.0,0.0,0,0,0,0,0,0,0,0
TF,RBBIT,32.678042,-97.734000,0, ,0.0,0.0,0.0,0.0,0,0,0,0,0,0,0,0
TF,LYNDE,32.639325,-98.224936,0, ,0.0,0.0,0.0,0.0,0,0,0,0,0,0,0,0
TF,WSTEX,32.545272,-99.331400,0, ,0.0,0.0,0.0,0.0,0,0,0,0,0,0,0,0

STAR,FINGR5,BYP,1
IF,BYP,33.537486,-96.234094, ,0.0,0.0,0,0,0,0,0,0,0,0
TF,FINGR,33.263236,-96.333831,0, ,0.0,0.0,0.0,0.0,0,0,0,0,0,0,0,1

STAR,FINGR5,FSM,1
IF,FSM,35.388417,-94.271525, ,0.0,0.0,0,0,0,0,0,0,0,0
TF,KOMMA,35.014631,-94.677608,0, ,0.0,0.0,0.0,0.0,0,0,0,0,0,0,0,0
TF,MAMEE,34.482333,-95.247267,0, ,0.0,0.0,0.0,0.0,0,0,0,0,0,0,0,0
TF,BIRLE,34.294011,-95.446389,0, ,0.0,0.0,0.0,0.0,0,0,0,0,0,0,0,0
TF,GAATZ,33.903781,-95.855108,0, ,0.0,0.0,0.0,0.0,0,0,0,0,0,0,0,0
TF,BYP,33.537486,-96.234094,0, ,0.0,0.0,0.0,0.0,0,0,0,0,0,0,0,0
TF,FINGR,33.263236,-96.333831,0, ,0.0,0.0,0.0,0.0,0,0,0,0,0,0,0,1

STAR,FINGR5,IRW,1
IF,IRW,35.358597,-97.609228, ,0.0,0.0,0,0,0,0,0,0,0,0
TF,KRMSN,34.925197,-97.119511,0, ,0.0,0.0,0.0,0.0,0,0,0,0,0,0,0,0
TF,RIGYA,33.984928,-96.081661,0, ,0.0,0.0,0.0,0.0,0,0,0,0,0,0,0,0
TF,PRIZZ,33.914833,-96.105650,0, ,0.0,0.0,0.0,0.0,0,0,0,0,0,0,0,0
TF,BYP,33.537486,-96.234094,0, ,0.0,0.0,0.0,0.0,0,0,0,0,0,0,0,0
TF,FINGR,33.263236,-96.333831,0, ,0.0,0.0,0.0,0.0,0,0,0,0,0,0,0,1

STAR,FINGR5,LIT,1
IF,LIT,34.677672,-92.180528, ,0.0,0.0,0,0,0,0,0,0,0,0
TF,MEEOW,34.318094,-93.523594,0, ,0.0,0.0,0.0,0.0,0,0,0,0,0,0,0,0
TF,GLOVE,33.871897,-95.104172,0, ,0.0,0.0,0.0,0.0,0,0,0,0,0,0,0,0
TF,HAKIN,33.719831,-95.623456,0, ,0.0,0.0,0.0,0.0,0,0,0,0,0,0,0,0
TF,MONTE,33.540192,-95.895139,0, ,0.0,0.0,0.0,0.0,0,0,0,0,0,0,0,0
TF,ROPSS,33.401886,-96.119583,0, ,0.0,0.0,0.0,0.0,0,0,0,0,0,0,0,0
TF,FINGR,33.263236,-96.333831,0, ,0.0,0.0,0.0,0.0,0,0,0,0,0,0,0,1

STAR,FINGR5,MLC,1
IF,MLC,34.849442,-95.782344, ,0.0,0.0,0,0,0,0,0,0,0,0
TF,RIGYA,33.984928,-96.081661,0, ,0.0,0.0,0.0,0.0,0,0,0,0,0,0,0,0
TF,PRIZZ,33.914833,-96.105650,0, ,0.0,0.0,0.0,0.0,0,0,0,0,0,0,0,0
TF,BYP,33.537486,-96.234094,0, ,0.0,0.0,0.0,0.0,0,0,0,0,0,0,0,0
TF,FINGR,33.263236,-96.333831,0, ,0.0,0.0,0.0,0.0,0,0,0,0,0,0,0,1

STAR,FINGR5,PRX,1
IF,PRX,33.542378,-95.448292, ,0.0,0.0,0,0,0,0,0,0,0,0
TF,MONTE,33.540192,-95.895139,0, ,0.0,0.0,0.0,0.0,0,0,0,0,0,0,0,0
TF,ROPSS,33.401886,-96.119583,0, ,0.0,0.0,0.0,0.0,0,0,0,0,0,0,0,0
TF,FINGR,33.263236,-96.333831,0, ,0.0,0.0,0.0,0.0,0,0,0,0,0,0,0,1

STAR,FINGR5,TUL,1
IF,TUL,36.196253,-95.788092, ,0.0,0.0,0,0,0,0,0,0,0,0
TF,MAMEE,34.482333,-95.247267,0, ,0.0,0.0,0.0,0.0,0,0,0,0,0,0,0,0
TF,BIRLE,34.294011,-95.446389,0, ,0.0,0.0,0.0,0.0,0,0,0,0,0,0,0,0
TF,GAATZ,33.903781,-95.855108,0, ,0.0,0.0,0.0,0.0,0,0,0,0,0,0,0,0
TF,BYP,33.537486,-96.234094,0, ,0.0,0.0,0.0,0.0,0,0,0,0,0,0,0,0
TF,FINGR,33.263236,-96.333831,0, ,0.0,0.0,0.0,0.0,0,0,0,0,0,0,0,1

STAR,FINGR5,TXK,1
IF,TXK,33.513881,-94.073242, ,0.0,0.0,0,0,0,0,0,0,0,0
TF,GLOVE,33.871897,-95.104172,0, ,0.0,0.0,0.0,0.0,0,0,0,0,0,0,0,0
TF,HAKIN,33.719831,-95.623456,0, ,0.0,0.0,0.0,0.0,0,0,0,0,0,0,0,0
TF,MONTE,33.540192,-95.895139,0, ,0.0,0.0,0.0,0.0,0,0,0,0,0,0,0,0
TF,ROPSS,33.401886,-96.119583,0, ,0.0,0.0,0.0,0.0,0,0,0,0,0,0,0,0
TF,FINGR,33.263236,-96.333831,0, ,0.0,0.0,0.0,0.0,0,0,0,0,0,0,0,1

STAR,FINGR5,ALL,2
IF,FINGR,33.263236,-96.333831, ,0.0,0.0,0,0,0,0,0,0,0,0
VM,32.329694,-96.663889,0,230.0,0,0,0,0,0,0,0,0

STAR,GREGS8,BGD,1
IF,BGD,35.807072,-101.382153, ,0.0,0.0,0,0,0,0,0,0,0,0
TF,HEATR,34.824531,-99.849033,0, ,0.0,0.0,0.0,0.0,0,0,0,0,0,0,0,0
TF,SPS,33.987286,-98.593472,0, ,0.0,0.0,0.0,0.0,0,0,0,0,0,0,0,0
TF,MARDY,33.832089,-97.854400,0, ,0.0,0.0,0.0,0.0,0,0,0,0,0,0,0,0
TF,MASTY,33.718978,-97.738783,0, ,0.0,0.0,0.0,0.0,0,0,0,0,0,0,0,0
TF,MILOA,33.680858,-97.699903,0, ,0.0,0.0,0.0,0.0,0,0,0,0,0,0,0,0
TF,GREGS,33.450608,-97.466056,0, ,0.0,0.0,0.0,0.0,0,0,0,1,250,0,0,1

STAR,GREGS8,GTH,1
IF,GTH,33.778278,-100.336197, ,0.0,0.0,0,0,0,0,0,0,0,0
TF,ZANTO,33.995444,-99.471267,0, ,0.0,0.0,0.0,0.0,0,0,0,0,0,0,0,0
TF,KAJAY,33.802703,-98.767394,0, ,0.0,0.0,0.0,0.0,0,0,0,0,0,0,0,0
TF,PLEBS,33.691522,-98.369314,0, ,0.0,0.0,0.0,0.0,0,0,0,0,0,0,0,0
TF,UKW,33.535886,-97.821278,0, ,0.0,0.0,0.0,0.0,0,0,0,0,0,0,0,0
TF,GREGS,33.450608,-97.466056,0, ,0.0,0.0,0.0,0.0,0,0,0,1,250,0,0,1

STAR,GREGS8,HYDES,1
IF,HYDES,34.365078,-98.405053, ,0.0,0.0,0,0,0,0,0,0,0,0
TF,CHARE,34.010811,-98.038008,0, ,0.0,0.0,0.0,0.0,0,0,0,0,0,0,0,0
TF,SEANN,33.909389,-97.933700,0, ,0.0,0.0,0.0,0.0,0,0,0,0,0,0,0,0
TF,MARDY,33.832089,-97.854400,0, ,0.0,0.0,0.0,0.0,0,0,0,0,0,0,0,0
TF,MASTY,33.718978,-97.738783,0, ,0.0,0.0,0.0,0.0,0,0,0,0,0,0,0,0
TF,MILOA,33.680858,-97.699903,0, ,0.0,0.0,0.0,0.0,0,0,0,0,0,0,0,0
TF,GREGS,33.450608,-97.466056,0, ,0.0,0.0,0.0,0.0,0,0,0,1,250,0,0,1

STAR,GREGS8,IRW,1
IF,IRW,35.358597,-97.609228, ,0.0,0.0,0,0,0,0,0,0,0,0
TF,MOOSE,34.314742,-97.460750,0, ,0.0,0.0,0.0,0.0,0,0,0,0,0,0,0,0
TF,ACKME,33.847567,-97.677853,0, ,0.0,0.0,0.0,0.0,0,0,0,0,0,0,0,0
TF,MASTY,33.718978,-97.738783,0, ,0.0,0.0,0.0,0.0,0,0,0,0,0,0,0,0
TF,MILOA,33.680858,-97.699903,0, ,0.0,0.0,0.0,0.0,0,0,0,0,0,0,0,0
TF,GREGS,33.450608,-97.466056,0, ,0.0,0.0,0.0,0.0,0,0,0,1,250,0,0,1

STAR,GREGS8,PNH,1
IF,PNH,35.235064,-101.699033, ,0.0,0.0,0,0,0,0,0,0,0,0
TF,HEATR,34.824531,-99.849033,0, ,0.0,0.0,0.0,0.0,0,0,0,0,0,0,0,0
TF,SPS,33.987286,-98.593472,0, ,0.0,0.0,0.0,0.0,0,0,0,0,0,0,0,0
TF,MARDY,33.832089,-97.854400,0, ,0.0,0.0,0.0,0.0,0,0,0,0,0,0,0,0
TF,MASTY,33.718978,-97.738783,0, ,0.0,0.0,0.0,0.0,0,0,0,0,0,0,0,0
TF,MILOA,33.680858,-97.699903,0, ,0.0,0.0,0.0,0.0,0,0,0,0,0,0,0,0
TF,GREGS,33.450608,-97.466056,0, ,0.0,0.0,0.0,0.0,0,0,0,1,250,0,0,1

STAR,GREGS8,SPS,1
IF,SPS,33.987286,-98.593472, ,0.0,0.0,0,0,0,0,0,0,0,0
TF,MARDY,33.832089,-97.854400,0, ,0.0,0.0,0.0,0.0,0,0,0,0,0,0,0,0
TF,MASTY,33.718978,-97.738783,0, ,0.0,0.0,0.0,0.0,0,0,0,0,0,0,0,0
TF,MILOA,33.680858,-97.699903,0, ,0.0,0.0,0.0,0.0,0,0,0,0,0,0,0,0
TF,GREGS,33.450608,-97.466056,0, ,0.0,0.0,0.0,0.0,0,0,0,1,250,0,0,1

STAR,GREGS8,TUL,1
IF,TUL,36.196253,-95.788092, ,0.0,0.0,0,0,0,0,0,0,0,0
TF,IMPCO,34.904008,-96.947603,0, ,0.0,0.0,0.0,0.0,0,0,0,0,0,0,0,0
TF,MOOSE,34.314742,-97.460750,0, ,0.0,0.0,0.0,0.0,0,0,0,0,0,0,0,0
TF,ACKME,33.847567,-97.677853,0, ,0.0,0.0,0.0,0.0,0,0,0,0,0,0,0,0
TF,MASTY,33.718978,-97.738783,0, ,0.0,0.0,0.0,0.0,0,0,0,0,0,0,0,0
TF,MILOA,33.680858,-97.699903,0, ,0.0,0.0,0.0,0.0,0,0,0,0,0,0,0,0
TF,GREGS,33.450608,-97.466056,0, ,0.0,0.0,0.0,0.0,0,0,0,1,250,0,0,1

STAR,GREGS8,TXO,1
IF,TXO,34.495128,-102.839664, ,0.0,0.0,0,0,0,0,0,0,0,0
TF,TURKI,34.300925,-101.060839,0, ,0.0,0.0,0.0,0.0,0,0,0,0,0,0,0,0
TF,GANJA,34.204189,-100.254528,0, ,0.0,0.0,0.0,0.0,0,0,0,0,0,0,0,0
TF,ZANTO,33.995444,-99.471267,0, ,0.0,0.0,0.0,0.0,0,0,0,0,0,0,0,0
TF,KAJAY,33.802703,-98.767394,0, ,0.0,0.0,0.0,0.0,0,0,0,0,0,0,0,0
TF,PLEBS,33.691522,-98.369314,0, ,0.0,0.0,0.0,0.0,0,0,0,0,0,0,0,0
TF,UKW,33.535886,-97.821278,0, ,0.0,0.0,0.0,0.0,0,0,0,0,0,0,0,0
TF,GREGS,33.450608,-97.466056,0, ,0.0,0.0,0.0,0.0,0,0,0,1,250,0,0,1

STAR,GREGS8,UKW,1
IF,UKW,33.535886,-97.821278, ,0.0,0.0,0,0,0,0,0,0,0,0
TF,GREGS,33.450608,-97.466056,0, ,0.0,0.0,0.0,0.0,0,0,0,1,250,0,0,1

STAR,GREGS8,ALL,2
IF,GREGS,33.450608,-97.466056, ,0.0,0.0,0,0,0,1,250,0,0,0
VM,32.329694,-96.663889,0,85.0,0,0,0,0,0,0,0,0

STAR,JFRYE3,BELYY,4
IF,BELYY,34.148858,-98.180528, ,0.0,0.0,4,30000,24000,1,280,0,0,0
TF,JTROE,33.953308,-97.978831,0, ,0.0,0.0,0.0,0.0,2,23000,0,0,0,0,0,0
TF,MASTY,33.718978,-97.738783,0, ,0.0,0.0,0.0,0.0,2,16000,0,0,0,0,0,0
TF,GREGS,33.450608,-97.466056,0, ,0.0,0.0,0.0,0.0,1,10000,0,1,250,0,0,0

STAR,JFRYE3,BUROZ,4
IF,BUROZ,33.888703,-98.431358, ,0.0,0.0,4,30000,24000,1,280,0,0,0
TF,LNDUS,33.594994,-97.780781,0, ,0.0,0.0,0.0,0.0,0,0,0,0,0,0,0,0
TF,GREGS,33.450608,-97.466056,0, ,0.0,0.0,0.0,0.0,1,10000,0,1,250,0,0,0

STAR,JFRYE3,HNKER,4
IF,HNKER,33.776506,-100.344572, ,0.0,0.0,0,0,0,0,0,0,0,0
TF,DEDWT,34.021694,-99.252567,0, ,0.0,0.0,0.0,0.0,0,0,0,0,0,0,0,0
TF,ZORDA,33.781175,-98.490133,0, ,0.0,0.0,0.0,0.0,4,30000,24000,1,280,0,0,0
TF,GREGS,33.450608,-97.466056,0, ,0.0,0.0,0.0,0.0,1,10000,0,1,250,0,0,0

STAR,JFRYE3,HYDES,4
IF,HYDES,34.365078,-98.405053, ,0.0,0.0,0,0,0,0,0,0,0,0
TF,BELYY,34.148858,-98.180528,0, ,0.0,0.0,0.0,0.0,4,30000,24000,1,280,0,0,0
TF,JTROE,33.953308,-97.978831,0, ,0.0,0.0,0.0,0.0,2,23000,0,0,0,0,0,0
TF,MASTY,33.718978,-97.738783,0, ,0.0,0.0,0.0,0.0,2,16000,0,0,0,0,0,0
TF,GREGS,33.450608,-97.466056,0, ,0.0,0.0,0.0,0.0,1,10000,0,1,250,0,0,0

STAR,JFRYE3,NUKLZ,4
IF,NUKLZ,34.282081,-97.434061, ,0.0,0.0,4,28000,24000,1,280,0,0,0
TF,GREGS,33.450608,-97.466056,0, ,0.0,0.0,0.0,0.0,1,10000,0,1,250,0,0,0

STAR,JFRYE3,STNLI,4
IF,STNLI,34.379886,-99.555208, ,0.0,0.0,0,0,0,0,0,0,0,0
TF,POTZY,33.980375,-98.639856,0, ,0.0,0.0,0.0,0.0,0,0,0,0,0,0,0,0
TF,BUROZ,33.888703,-98.431358,0, ,0.0,0.0,0.0,0.0,4,30000,24000,1,280,0,0,0
TF,LNDUS,33.594994,-97.780781,0, ,0.0,0.0,0.0,0.0,0,0,0,0,0,0,0,0
TF,GREGS,33.450608,-97.466056,0, ,0.0,0.0,0.0,0.0,1,10000,0,1,250,0,0,0

STAR,JFRYE3,TURKI,4
IF,TURKI,34.300925,-101.060839, ,0.0,0.0,0,0,0,0,0,0,0,0
TF,GANJA,34.204189,-100.254528,0, ,0.0,0.0,0.0,0.0,0,0,0,0,0,0,0,0
TF,DEDWT,34.021694,-99.252567,0, ,0.0,0.0,0.0,0.0,0,0,0,0,0,0,0,0
TF,ZORDA,33.781175,-98.490133,0, ,0.0,0.0,0.0,0.0,4,30000,24000,1,280,0,0,0
TF,GREGS,33.450608,-97.466056,0, ,0.0,0.0,0.0,0.0,1,10000,0,1,250,0,0,0

STAR,JFRYE3,ZORDA,4
IF,ZORDA,33.781175,-98.490133, ,0.0,0.0,4,30000,24000,1,280,0,0,0
TF,GREGS,33.450608,-97.466056,0, ,0.0,0.0,0.0,0.0,1,10000,0,1,250,0,0,0

STAR,JFRYE3,ALL,5
IF,GREGS,33.450608,-97.466056, ,0.0,0.0,1,10000,0,1,250,0,0,0
TF,MNKEE,33.429283,-96.917458,0, ,0.0,0.0,0.0,0.0,0,0,0,0,0,0,0,0
TF,JFRYE,33.389456,-96.832233,0, ,0.0,0.0,0.0,0.0,0,0,0,0,0,0,0,1
FM,JFRYE,33.389456,-96.832233,0,PGO,0.0,0.0,143.0,0,0,0,0,0,0,0,0

STAR,SLANT3,AIRRE,4
IF,AIRRE,33.892311,-96.065736, ,0.0,0.0,0,0,0,0,0,0,0,0
TF,FOORS,33.580106,-96.208067,0, ,0.0,0.0,0.0,0.0,0,0,0,0,0,0,0,0
TF,SEEVR,33.446250,-96.257994,0, ,0.0,0.0,0.0,0.0,0,0,0,0,0,0,0,0
TF,FINGR,33.263236,-96.333831,0, ,0.0,0.0,0.0,0.0,0,0,0,0,0,0,0,0

STAR,SLANT3,AXXEE,4
IF,AXXEE,34.321272,-95.881978, ,0.0,0.0,0,0,0,0,0,0,0,0
TF,AIRRE,33.892311,-96.065736,0, ,0.0,0.0,0.0,0.0,0,0,0,0,0,0,0,0
TF,FOORS,33.580106,-96.208067,0, ,0.0,0.0,0.0,0.0,0,0,0,0,0,0,0,0
TF,SEEVR,33.446250,-96.257994,0, ,0.0,0.0,0.0,0.0,0,0,0,0,0,0,0,0
TF,FINGR,33.263236,-96.333831,0, ,0.0,0.0,0.0,0.0,0,0,0,0,0,0,0,0

STAR,SLANT3,CAMAL,4
IF,CAMAL,34.703989,-94.821572, ,0.0,0.0,0,0,0,0,0,0,0,0
TF,RUBBR,34.297200,-95.217925,0, ,0.0,0.0,0.0,0.0,0,0,0,0,0,0,0,0
TF,CHCKN,33.994372,-95.514719,0, ,0.0,0.0,0.0,0.0,0,0,0,0,0,0,0,0
TF,VENUE,33.902467,-95.602617,0, ,0.0,0.0,0.0,0.0,0,0,0,0,0,0,0,0
TF,REPAY,33.467200,-96.018817,0, ,0.0,0.0,0.0,0.0,0,0,0,0,0,0,0,0
TF,CUBAN,33.328400,-96.150756,0, ,0.0,0.0,0.0,0.0,0,0,0,0,0,0,0,0
TF,FINGR,33.263236,-96.333831,0, ,0.0,0.0,0.0,0.0,0,0,0,0,0,0,0,0

STAR,SLANT3,DIRRK,4
IF,DIRRK,34.138011,-93.776431, ,0.0,0.0,0,0,0,0,0,0,0,0
TF,JETTT,33.771361,-94.877892,0, ,0.0,0.0,0.0,0.0,0,0,0,0,0,0,0,0
TF,TRRRY,33.604694,-95.360033,0, ,0.0,0.0,0.0,0.0,0,0,0,0,0,0,0,0
TF,RRONY,33.581989,-95.425156,0, ,0.0,0.0,0.0,0.0,0,0,0,0,0,0,0,0
TF,KIDDD,33.490125,-95.691881,0, ,0.0,0.0,0.0,0.0,0,0,0,0,0,0,0,0
TF,CUBAN,33.328400,-96.150756,0, ,0.0,0.0,0.0,0.0,0,0,0,0,0,0,0,0
TF,FINGR,33.263236,-96.333831,0, ,0.0,0.0,0.0,0.0,0,0,0,0,0,0,0,0

STAR,SLANT3,HITUG,4
IF,HITUG,35.912572,-95.488814, ,0.0,0.0,0,0,0,0,0,0,0,0
TF,SSLID,34.988814,-95.312036,0, ,0.0,0.0,0.0,0.0,0,0,0,0,0,0,0,0
TF,RUBBR,34.297200,-95.217925,0, ,0.0,0.0,0.0,0.0,0,0,0,0,0,0,0,0
TF,CHCKN,33.994372,-95.514719,0, ,0.0,0.0,0.0,0.0,0,0,0,0,0,0,0,0
TF,VENUE,33.902467,-95.602617,0, ,0.0,0.0,0.0,0.0,0,0,0,0,0,0,0,0
TF,REPAY,33.467200,-96.018817,0, ,0.0,0.0,0.0,0.0,0,0,0,0,0,0,0,0
TF,CUBAN,33.328400,-96.150756,0, ,0.0,0.0,0.0,0.0,0,0,0,0,0,0,0,0
TF,FINGR,33.263236,-96.333831,0, ,0.0,0.0,0.0,0.0,0,0,0,0,0,0,0,0

STAR,SLANT3,JRHED,4
IF,JRHED,33.805053,-94.408861, ,0.0,0.0,0,0,0,0,0,0,0,0
TF,JETTT,33.771361,-94.877892,0, ,0.0,0.0,0.0,0.0,0,0,0,0,0,0,0,0
TF,TRRRY,33.604694,-95.360033,0, ,0.0,0.0,0.0,0.0,0,0,0,0,0,0,0,0
TF,RRONY,33.581989,-95.425156,0, ,0.0,0.0,0.0,0.0,0,0,0,0,0,0,0,0
TF,KIDDD,33.490125,-95.691881,0, ,0.0,0.0,0.0,0.0,0,0,0,0,0,0,0,0
TF,CUBAN,33.328400,-96.150756,0, ,0.0,0.0,0.0,0.0,0,0,0,0,0,0,0,0
TF,FINGR,33.263236,-96.333831,0, ,0.0,0.0,0.0,0.0,0,0,0,0,0,0,0,0

STAR,SLANT3,KLAWW,4
IF,KLAWW,35.850297,-96.031189, ,0.0,0.0,0,0,0,0,0,0,0,0
TF,SSLID,34.988814,-95.312036,0, ,0.0,0.0,0.0,0.0,0,0,0,0,0,0,0,0
TF,RUBBR,34.297200,-95.217925,0, ,0.0,0.0,0.0,0.0,0,0,0,0,0,0,0,0
TF,CHCKN,33.994372,-95.514719,0, ,0.0,0.0,0.0,0.0,0,0,0,0,0,0,0,0
TF,VENUE,33.902467,-95.602617,0, ,0.0,0.0,0.0,0.0,0,0,0,0,0,0,0,0
TF,REPAY,33.467200,-96.018817,0, ,0.0,0.0,0.0,0.0,0,0,0,0,0,0,0,0
TF,CUBAN,33.328400,-96.150756,0, ,0.0,0.0,0.0,0.0,0,0,0,0,0,0,0,0
TF,FINGR,33.263236,-96.333831,0, ,0.0,0.0,0.0,0.0,0,0,0,0,0,0,0,0

STAR,SLANT3,RRONY,4
IF,RRONY,33.581989,-95.425156, ,0.0,0.0,0,0,0,0,0,0,0,0
TF,KIDDD,33.490125,-95.691881,0, ,0.0,0.0,0.0,0.0,0,0,0,0,0,0,0,0
TF,CUBAN,33.328400,-96.150756,0, ,0.0,0.0,0.0,0.0,0,0,0,0,0,0,0,0
TF,FINGR,33.263236,-96.333831,0, ,0.0,0.0,0.0,0.0,0,0,0,0,0,0,0,0

STAR,SLANT3,ALL,5
IF,FINGR,33.263236,-96.333831, ,0.0,0.0,0,0,0,0,0,0,0,0
TF,SLANT,33.177403,-96.465836,0, ,0.0,0.0,0.0,0.0,0,0,0,0,0,0,0,1
FM,SLANT,33.177403,-96.465836,0,GNL,0.0,0.0,230.0,0,0,0,0,0,0,0,0

STAR,SWVAY4,BGTOE,4
IF,BGTOE,32.186000,-99.843297, ,0.0,0.0,0,0,0,0,0,0,0,0
TF,SHLLY,32.171381,-98.749517,0, ,0.0,0.0,0.0,0.0,0,0,0,0,0,0,0,0
TF,PUNKY,32.250925,-97.838889,0, ,0.0,0.0,0.0,0.0,0,0,0,0,0,0,0,0
TF,KNEAD,32.279347,-97.486003,0, ,0.0,0.0,0.0,0.0,0,0,0,1,250,0,0,0

STAR,SWVAY4,DITSY,4
IF,DITSY,31.415817,-98.064186, ,0.0,0.0,0,0,0,0,0,0,0,0
TF,AGAIN,31.623214,-97.974447,0, ,0.0,0.0,0.0,0.0,0,0,0,0,0,0,0,0
TF,FRSTI,32.022125,-97.675944,0, ,0.0,0.0,0.0,0.0,0,0,0,0,0,0,0,0
TF,KNEAD,32.279347,-97.486003,0, ,0.0,0.0,0.0,0.0,0,0,0,1,250,0,0,0

STAR,SWVAY4,FRSTI,4
IF,FRSTI,32.022125,-97.675944, ,0.0,0.0,0,0,0,0,0,0,0,0
TF,KNEAD,32.279347,-97.486003,0, ,0.0,0.0,0.0,0.0,0,0,0,1,250,0,0,0

STAR,SWVAY4,SHLLY,4
IF,SHLLY,32.171381,-98.749517, ,0.0,0.0,0,0,0,0,0,0,0,0
TF,PUNKY,32.250925,-97.838889,0, ,0.0,0.0,0.0,0.0,0,0,0,0,0,0,0,0
TF,KNEAD,32.279347,-97.486003,0, ,0.0,0.0,0.0,0.0,0,0,0,1,250,0,0,0

STAR,SWVAY4,ALL,5
IF,KNEAD,32.279347,-97.486003, ,0.0,0.0,0,0,0,1,250,0,0,0
TF,DRYYE,32.331794,-97.362764,0, ,0.0,0.0,0.0,0.0,0,0,0,0,0,0,0,0
TF,SCOPS,32.400697,-97.095872,0, ,0.0,0.0,0.0,0.0,0,0,0,0,0,0,0,0
TF,SWVAY,32.401656,-96.987897,0, ,0.0,0.0,0.0,0.0,0,0,0,0,0,0,0,1
FM,SWVAY,32.401656,-96.987897,0,GNL,0.0,0.0,84.0,0,0,0,0,0,0,0,0

APPTR,D15-A,15,CQY
IF,CQY,32.185722,-96.218103, ,0.0,0.0,0,0,0,0,0,0,1,0
TF,YATYU,32.263022,-96.456781,0, ,0.0,0.0,0.0,0.0,2,2400,0,0,0,0,1,0

APPTR,D15-A,15,WODIE
HF,WODIE,32.298544,-96.567078,2, ,0.0,0.0,285.0,04.3,2,2400,0,0,0,0,1,0,0

FINAL,D15-A,15,D,4
IF,YATYU,32.263022,-96.456781,CQY,284.9,13.0,2,2400,0,0,0,0,0,0
CF,WODIE,32.298544,-96.567078,0,CQY,284.9,19.0,285.0,6.0,2,2100,0,0,0,0,2,0
CF,ZOVUG,32.316269,-96.622258,0,CQY,284.9,22.0,285.0,3.0,2,1420,0,0,0,0,0,0
CF,WIVDU,32.328408,-96.660103,0,CQY,284.9,24.1,285.0,2.1,1,1040,0,0,0,0,3,0
CF,WODIE,32.298544,-96.567078,2,CQY,284.9,19.0,105.0,4.0,2,2400,0,0,0,0,0,0
HM,WODIE,32.298544,-96.567078,2, ,0.0,0.0,285.0,04.3,0,0,0,0,0,0,0,0,0

APPTR,D33-A,33,CQY
IF,CQY,32.185722,-96.218103, ,0.0,0.0,0,0,0,0,0,0,1,0
TF,YATYU,32.263022,-96.456781,0, ,0.0,0.0,0.0,0.0,2,2400,0,0,0,0,1,0

APPTR,D33-A,33,WODIE
HF,WODIE,32.298544,-96.567078,2, ,0.0,0.0,285.0,04.3,2,2400,0,0,0,0,1,0,0

FINAL,D33-A,33,D,4
IF,YATYU,32.263022,-96.456781,CQY,284.9,13.0,2,2400,0,0,0,0,0,0
CF,WODIE,32.298544,-96.567078,0,CQY,284.9,19.0,285.0,6.0,2,2100,0,0,0,0,2,0
CF,ZOVUG,32.316269,-96.622258,0,CQY,284.9,22.0,285.0,3.0,2,1420,0,0,0,0,0,0
CF,WIVDU,32.328408,-96.660103,0,CQY,284.9,24.1,285.0,2.1,1,1040,0,0,0,0,3,0
CF,WODIE,32.298544,-96.567078,2,CQY,284.9,19.0,105.0,4.0,2,2400,0,0,0,0,0,0
HM,WODIE,32.298544,-96.567078,2, ,0.0,0.0,285.0,04.3,0,0,0,0,0,0,0,0,0

