APPTR,N34,34,BUICK
IF,BUICK,48.810103,-123.134917, ,0.0,0.0,0,0,0,0,0,0,0,0
TF,FHR,48.512136,-123.023861,0, ,0.0,0.0,0.0,0.0,2,4000,0,0,0,0,0,0
PI,FHR,48.512136,-123.023861,2,CVV,114.0,10.0,159,5.0,2,2300,0,0,0,0,1,0
CF,FF34,48.403517,-123.021011,0,CVV,289.9,15.2,339.0,3.5,2,2300,0,0,0,0,0,0

APPTR,N34,34,ISLND
IF,ISLND,48.417303,-122.689028, ,0.0,0.0,0,0,0,0,0,0,0,0
TF,FHR,48.512136,-123.023861,0, ,0.0,0.0,0.0,0.0,2,3000,0,0,0,0,0,0
PI,FHR,48.512136,-123.023861,2,CVV,114.0,10.0,159,5.0,2,2300,0,0,0,0,1,0
CF,FF34,48.403517,-123.021011,0,CVV,289.9,15.2,339.0,3.5,2,2300,0,0,0,0,0,0

APPTR,N34,34,WATTR
IF,WATTR,48.139264,-122.941103, ,0.0,0.0,0,0,0,0,0,0,0,0
TF,FHR,48.512136,-123.023861,0, ,0.0,0.0,0.0,0.0,2,3000,0,0,0,0,0,0
PI,FHR,48.512136,-123.023861,2,CVV,114.0,10.0,159,5.0,2,2300,0,0,0,0,1,0
CF,FF34,48.403517,-123.021011,0,CVV,289.9,15.2,339.0,3.5,2,2300,0,0,0,0,0,0

FINAL,N34,34,N,2
IF,FF34,48.403517,-123.021011,FHR,0.0,0.0,2,2300,0,0,0,0,2,0
CF,FHR,48.512136,-123.023861,0,FHR,0.0,0.0,339.0,6.5,1,223,0,0,0,0,3,0
CA,0,339.0,2,1200,0,0,0,0,0,0
DF,FHR,48.512136,-123.023861,2, ,0.0,0.0,2,2400,0,0,0,0,0,0
HM,FHR,48.512136,-123.023861,2, ,0.0,0.0,339.0,04.3,0,0,0,0,0,0,0,0,0

APPTR,R34,34,BUICK
IF,BUICK,48.810103,-123.134917, ,0.0,0.0,0,0,0,0,0,0,0,0
TF,JVOLK,48.313225,-123.008242,0, ,0.0,0.0,0.0,0.0,2,4000,0,0,0,0,0,1
HF,JVOLK,48.313225,-123.008242,2, ,0.0,0.0,341.0,04,2,2000,0,0,0,0,1,0,0

APPTR,R34,34,CVV
IF,CVV,48.244694,-122.724417, ,0.0,0.0,0,0,0,0,0,0,1,0
TF,JVOLK,48.313225,-123.008242,0, ,0.0,0.0,0.0,0.0,2,2000,0,0,0,0,1,0

APPTR,R34,34,ISLND
IF,ISLND,48.417303,-122.689028, ,0.0,0.0,0,0,0,0,0,0,0,0
TF,NEPDE,48.318803,-122.841900,0, ,0.0,0.0,0.0,0.0,2,2000,0,0,0,0,1,0
TF,JVOLK,48.313225,-123.008242,0, ,0.0,0.0,0.0,0.0,2,2000,0,0,0,0,1,0

APPTR,R34,34,WATTR
IF,WATTR,48.139264,-122.941103, ,0.0,0.0,0,0,0,0,0,0,1,0
TF,JVOLK,48.313225,-123.008242,0, ,0.0,0.0,0.0,0.0,2,2000,0,0,0,0,1,0

FINAL,R34,34,R,4
IF,JVOLK,48.313225,-123.008242, ,0.0,0.0,2,2000,0,0,0,0,0,0
TF,DFUCA,48.425458,-123.016897,0, ,0.0,0.0,341.0,6.8,2,2000,0,0,0,0,2,0
TF,MUNVE,48.487372,-123.021686,0, ,0.0,0.0,341.0,3.7,2,720,0,0,0,0,0,0
TF,RW34,48.517311,-123.024008,0, ,0.0,0.0,341.0,1.8,1,124,0,0,0,0,3,1
CA,0,341.0,2,1000,0,0,0,0,0,0
DF,ISLND,48.417303,-122.689028,2, ,0.0,0.0,2,5000,0,0,0,0,0,1
HM,ISLND,48.417303,-122.689028,2, ,0.0,0.0,106.0,05,0,0,0,0,0,0,0,0,0

