APPTR,I26,26,SSO
IF,SSO,32.269244,-109.263089, ,0.0,0.0,0,0,0,0,0,0,0,0
TF,TOMBS,31.766211,-110.215347,0, ,0.0,0.0,0.0,0.0,2,12000,0,0,0,0,1,0
AF,D068M,31.622758,-110.108931,2,FHU,68.0,12.8,21.0,2,8200,0,0,0,0,0,0
VI,0,IFHU,0.0,227.0,0,0,0,0,0,0,0,0

APPTR,I26,26,YIRTU
FC,YIRTU,31.587422,-109.840603,0,FHU,0.0,0.0,257.0,9.6,2,8200,0,0,0,0,1,0
CF,KAGEY,31.587756,-110.106050,0,IFHU,76.9,13.6,257.0,4.0,2,8200,0,0,0,0,1,0

FINAL,I26,26,I,3
IF,KAGEY,31.587756,-110.106050,IFHU,76.9,13.6,2,8200,0,0,0,0,0,0
CF,CHYTA,31.587736,-110.227333,0,IFHU,76.9,7.4,257.0,6.2,1,6300,0,0,0,0,2,0
CF,RW26,31.587625,-110.328514,0,IFHU,76.9,2.2,257.0,5.2,1,4648,0,0,0,0,3,0
CA,0,257.0,2,5300,0,0,0,0,0,0
VI,2, ,0.0,67.0,0,0,0,0,0,0,0,0
CF,TOMBS,31.766211,-110.215347,0,FHU,21.0,12.8,21.0,8.0,2,9500,0,0,0,0,0,0
HM,TOMBS,31.766211,-110.215347,2, ,0.0,0.0,286.0,04.3,0,0,0,0,0,0,0,0,0

APPTR,N26,26,TOMBS
IF,TOMBS,31.766211,-110.215347, ,0.0,0.0,0,0,0,0,0,0,0,0
TF,DAO,31.585669,-110.344253,0, ,0.0,0.0,0.0,0.0,2,10000,0,0,0,0,0,0
PI,DAO,31.585669,-110.344253,2,DUG,30.0,10.0,075,5.0,2,6800,0,0,0,0,1,0
CF,FF26,31.589669,-110.207939,0,DUG,269.9,31.9,255.0,3.0,2,6800,0,0,0,0,0,0

APPTR,N26,26,TUS
IF,TUS,32.095203,-110.914856, ,0.0,0.0,0,0,0,0,0,0,0,0
TF,DAO,31.585669,-110.344253,0, ,0.0,0.0,0.0,0.0,2,10000,0,0,0,0,0,0
PI,DAO,31.585669,-110.344253,2,DUG,30.0,10.0,075,5.0,2,6800,0,0,0,0,1,0
CF,FF26,31.589669,-110.207939,0,DUG,269.9,31.9,255.0,3.0,2,6800,0,0,0,0,0,0

FINAL,N26,26,N,2
IF,FF26,31.589669,-110.207939,DAO,0.0,0.0,2,6800,0,0,0,0,2,0
CF,RW26,31.587625,-110.328514,0,DAO,0.0,0.0,255.0,6.2,1,4648,0,0,0,0,3,0
CF,DAO,31.585669,-110.344253,0,DUG,267.3,38.7,255.0,0.8,2,5119,0,0,0,0,0,0
CF,TOMBS,31.766211,-110.215347,2,DUG,286.4,36.0,18.0,10.0,2,9500,0,0,0,0,0,0
HM,TOMBS,31.766211,-110.215347,2, ,0.0,0.0,286.0,04,0,0,0,0,0,0,0,0,0

APPTR,R08,08,TOMBS
IF,TOMBS,31.766211,-110.215347, ,0.0,0.0,0,0,0,0,0,0,0,0
TF,PUGDE,31.854375,-110.502983,0, ,0.0,0.0,0.0,0.0,2,10000,0,0,0,0,0,0
TF,ZEMBI,31.757067,-110.660672,0, ,0.0,0.0,0.0,0.0,2,8500,0,0,0,0,1,0
TF,BABOO,31.586703,-110.659733,0, ,0.0,0.0,0.0,0.0,2,8500,0,0,0,0,0,0
TF,HESTU,31.587189,-110.523150,0, ,0.0,0.0,0.0,0.0,2,7300,0,0,0,0,0,0

APPTR,R08,08,TUS
IF,TUS,32.095203,-110.914856, ,0.0,0.0,0,0,0,0,0,0,0,0
TF,ZEMBI,31.757067,-110.660672,0, ,0.0,0.0,0.0,0.0,2,8500,0,0,0,0,1,0
TF,BABOO,31.586703,-110.659733,0, ,0.0,0.0,0.0,0.0,2,8500,0,0,0,0,0,0
TF,HESTU,31.587189,-110.523150,0, ,0.0,0.0,0.0,0.0,2,7300,0,0,0,0,0,0

FINAL,R08,08,R,4
IF,HESTU,31.587189,-110.523150, ,0.0,0.0,2,7300,0,0,0,0,0,0
TF,RUGEE,31.587347,-110.466406,0, ,0.0,0.0,77.0,2.9,2,6400,0,0,0,0,2,0
TF,TABHU,31.587472,-110.411925,0, ,0.0,0.0,77.0,2.8,2,5500,0,0,0,0,0,0
TF,RW08,31.587567,-110.367042,0, ,0.0,0.0,77.0,2.3,1,4778,0,0,0,0,3,1
CA,0,77.0,2,4919,0,0,0,0,0,0
DF,WODRI,31.587739,-110.220703,0, ,0.0,0.0,0,0,0,0,0,0,0,0
TF,JORTO,31.727653,-110.134203,0, ,0.0,0.0,0.0,0.0,2,9500,0,0,0,0,0,1
HM,JORTO,31.727653,-110.134203,2, ,0.0,0.0,286.0,07,0,0,0,0,0,0,0,0,0

APPTR,R26,26,CAYLA
IF,CAYLA,31.676789,-110.027450, ,0.0,0.0,0,0,0,0,0,0,1,0
TF,MICCO,31.587758,-110.094369,0, ,0.0,0.0,0.0,0.0,2,7400,0,0,0,0,1,0

FINAL,R26,26,R,3
IF,MICCO,31.587758,-110.094369, ,0.0,0.0,2,7400,0,0,0,0,0,0
TF,SERRA,31.587733,-110.228783,0, ,0.0,0.0,257.0,6.9,2,6300,0,0,0,0,2,0
TF,RW26,31.587625,-110.328514,0, ,0.0,0.0,257.0,5.1,1,4648,0,0,0,0,3,1
CA,0,257.0,2,5040,0,0,0,0,0,0
DF,TOMBS,31.766211,-110.215347,2, ,0.0,0.0,2,9500,0,0,0,0,0,1
HM,TOMBS,31.766211,-110.215347,2, ,0.0,0.0,286.0,07,0,0,0,0,0,0,0,0,0

APPTR,S26,26,DEYNE
IF,DEYNE,31.572153,-109.808775, ,0.0,0.0,0,0,0,0,0,0,1,0
TF,CITOS,31.581975,-110.106128,0, ,0.0,0.0,0.0,0.0,2,8200,0,0,0,0,1,0

APPTR,S26,26,SSO
IF,SSO,32.269244,-109.263089, ,0.0,0.0,0,0,0,0,0,0,0,0
TF,TOMBS,31.766211,-110.215347,0, ,0.0,0.0,0.0,0.0,2,12000,0,0,0,0,1,0
AF,CITOS,31.581975,-110.106128,2,FHU,79.0,12.8,21.0,2,8200,0,0,0,0,1,0

FINAL,S26,26,D,3
IF,CITOS,31.581975,-110.106128,FHU,79.0,12.8,2,8200,0,0,0,0,0,0
CF,FOGPU,31.585803,-110.228189,0,FHU,79.0,6.5,259.0,6.3,2,6300,0,0,0,0,2,0
CF,CIXOR,31.588861,-110.328472,0,FHU,79.0,1.4,259.0,5.1,1,4673,0,0,0,0,3,0
CA,0,259.0,2,5300,0,0,0,0,0,0
VI,2, ,0.0,67.0,0,0,0,0,0,0,0,0
CF,TOMBS,31.766211,-110.215347,0,DUG,286.4,36.0,21.0,8.0,2,9500,0,0,0,0,0,0
HM,TOMBS,31.766211,-110.215347,2, ,0.0,0.0,286.0,04.3,0,0,0,0,0,0,0,0,0

APPTR,T08,08,MESCA
IF,MESCA,31.894017,-110.485528, ,0.0,0.0,2,10000,0,0,0,0,1,0
AF,SPLIT,31.605200,-110.727222,1,ARH,261.5,19.9,326.0,2,8200,0,0,0,0,0,0
CF,HIMAK,31.598461,-110.591233,0,ARH,261.5,13.0,81.0,7.0,2,7500,0,0,0,0,0,0

FINAL,T08,08,D,4
IF,HIMAK,31.598461,-110.591233,ARH,261.5,13.0,2,7500,0,0,0,0,0,0
CF,GEPCE,31.593597,-110.494806,0,ARH,261.5,8.0,81.0,5.0,2,7000,0,0,0,0,2,0
CF,ZUTBI,31.589561,-110.415917,0,ARH,261.5,4.0,81.0,4.1,2,5620,0,0,0,0,0,0
CF,WUXUB,31.587042,-110.367086,0,ARH,261.5,1.4,81.0,2.5,1,4780,0,0,0,0,3,0
CA,0,81.0,2,5500,0,0,0,0,0,0
CF,TOMBS,31.766211,-110.215347,0,ARH,18.3,12.5,18.0,13.0,2,9500,0,0,0,0,0,0
HM,TOMBS,31.766211,-110.215347,2, ,0.0,0.0,286.0,04,0,0,0,0,0,0,0,0,0

APPTR,T26,26,HOOVE
IF,HOOVE,31.973678,-110.072644, ,0.0,0.0,0,0,0,0,0,0,0,0
TF,TOMBS,31.766211,-110.215347,0, ,0.0,0.0,0.0,0.0,2,9500,0,0,0,0,1,0
AF,BELLA,31.610169,-110.096156,2,ARH,71.2,12.5,18.0,2,7400,0,0,0,0,0,0

FINAL,T26,26,D,3
IF,BELLA,31.610169,-110.096156,ARH,71.2,12.5,2,7400,0,0,0,0,0,0
CF,CIRVI,31.597411,-110.222722,0,ARH,71.2,6.0,251.0,6.5,2,6400,0,0,0,0,2,0
CF,YINUD,31.586967,-110.325422,0,ARH,71.2,0.7,251.0,5.3,1,4702,0,0,0,0,3,0
CA,0,251.0,2,5300,0,0,0,0,0,0
CF,TOMBS,31.766211,-110.215347,2,ARH,18.3,12.5,18.0,12.0,2,9500,0,0,0,0,0,0
HM,TOMBS,31.766211,-110.215347,2, ,0.0,0.0,286.0,04,0,0,0,0,0,0,0,0,0

