APPTR,D13,13,D026L
IF,D026L,43.813639,-94.272111,FRM,26.0,12.0,0,0,0,0,0,0,1,0
AF,CF13,43.796803,-94.603722,1,FRM,312.0,12.0,26.0,2,3000,0,0,0,0,0,0

APPTR,D13,13,D221L
IF,D221L,43.511953,-94.626806,FRM,221.0,12.0,0,0,0,0,0,0,1,0
AF,CF13,43.796803,-94.603722,2,FRM,312.0,12.0,221.0,2,3000,0,0,0,0,0,0

APPTR,D13,13,FF13
PI,FF13,43.721431,-94.513025,2,FRM,267.0,10.0,312,5.0,2,3000,0,0,0,0,1,0

FINAL,D13,13,D,3
IF,CF13,43.796803,-94.603722,FRM,312.0,12.0,2,3000,0,0,0,0,0,0
CF,FF13,43.721431,-94.513025,0,FRM,312.0,6.0,132.0,6.0,2,3000,0,0,0,0,2,0
CF,MA13,43.652272,-94.430086,0,FRM,312.0,0.5,132.0,5.5,1,1290,0,0,0,0,3,0
CA,0,132.0,2,2500,0,0,0,0,0,0
DF,FRM,43.645983,-94.422547,1, ,0.0,0.0,2,3000,0,0,0,0,0,0
HM,FRM,43.645983,-94.422547,1, ,0.0,0.0,132.0,04.3,0,0,0,0,0,0,0,0,0

APPTR,I31,31,FRM
IF,FRM,43.645983,-94.422547, ,0.0,0.0,0,0,0,0,0,0,0,0
TF,MONTZ,43.573750,-94.318028,0, ,0.0,0.0,0.0,0.0,2,3100,0,0,0,0,0,0
PI,MONTZ,43.573750,-94.318028,1,FRM,175.0,10.0,130,5.0,2,3100,0,0,0,0,1,0
CF,TICUC,43.507339,-94.224222,0,IFQJ,130.1,12.3,310.0,4.3,2,3100,0,0,0,0,1,0

APPTR,I31,31,HITUR
IF,HITUR,43.511956,-94.626792, ,0.0,0.0,0,0,0,0,0,0,1,0
AF,D137L,43.484042,-94.261081,1,FRM,137.0,12.0,221.0,2,3100,0,0,0,0,0,0
VI,0,IFQJ,0.0,340.0,0,0,0,0,0,0,0,0

APPTR,I31,31,SALKE
IF,SALKE,43.813639,-94.272103, ,0.0,0.0,0,0,0,0,0,0,1,0
AF,D117L,43.533900,-94.194617,2,FRM,117.0,12.0,26.0,2,3100,0,0,0,0,0,0
VI,0,IFQJ,0.0,280.0,0,0,0,0,0,0,0,0

FINAL,I31,31,I,3
IF,TICUC,43.507339,-94.224222,IFQJ,130.1,12.3,2,3100,0,0,0,0,0,0
CF,MONTZ,43.573750,-94.318028,0,IFQJ,130.1,6.6,310.0,5.7,1,3016,0,0,0,0,2,0
CF,RW31,43.638811,-94.410192,0,IFQJ,130.1,0.0,310.0,5.6,1,1220,0,0,0,0,3,0
CA,0,310.0,2,2500,0,0,0,0,0,0
DF,MONTZ,43.573750,-94.318028,2, ,0.0,0.0,2,3100,0,0,0,0,0,0
HM,MONTZ,43.573750,-94.318028,1, ,0.0,0.0,310.0,04.3,0,0,0,0,0,0,0,0,0

APPTR,R13,13,COZFO
IF,COZFO,43.533556,-94.591883, ,0.0,0.0,0,0,0,0,0,0,0,0
TF,HOVUD,43.726819,-94.701019,0, ,0.0,0.0,0.0,0.0,2,3100,0,0,0,0,1,0
TF,UCEVA,43.786839,-94.621242,0, ,0.0,0.0,0.0,0.0,2,3100,0,0,0,0,1,0

APPTR,R13,13,ISLER
IF,ISLER,43.647886,-95.215928, ,0.0,0.0,0,0,0,0,0,0,0,0
TF,HOVUD,43.726819,-94.701019,0, ,0.0,0.0,0.0,0.0,2,3100,0,0,0,0,1,0
TF,UCEVA,43.786839,-94.621242,0, ,0.0,0.0,0.0,0.0,2,3100,0,0,0,0,1,0

APPTR,R13,13,UCEVA
HF,UCEVA,43.786839,-94.621242,2, ,0.0,0.0,130.0,04,2,3100,0,0,0,0,1,0,0

APPTR,R13,13,WAGIK
IF,WAGIK,44.022483,-94.499389, ,0.0,0.0,0,0,0,0,0,0,1,0
TF,UCEVA,43.786839,-94.621242,0, ,0.0,0.0,0.0,0.0,2,3100,0,0,0,0,1,0

FINAL,R13,13,R,4
IF,UCEVA,43.786839,-94.621242, ,0.0,0.0,2,3100,0,0,0,0,0,0
TF,ZEROB,43.717153,-94.521686,0, ,0.0,0.0,130.0,6.0,2,3100,0,0,0,0,2,0
TF,PEYDI,43.669033,-94.453150,0, ,0.0,0.0,130.0,4.2,2,1740,0,0,0,0,0,0
TF,RW13,43.649319,-94.425117,0, ,0.0,0.0,130.0,1.7,1,1206,0,0,0,0,3,1
DF,SIKTE,43.501389,-94.215681,0, ,0.0,0.0,2,3100,0,0,0,0,0,1
HM,SIKTE,43.501389,-94.215681,2, ,0.0,0.0,310.0,04,0,0,0,0,0,0,0,0,0

APPTR,R31,31,BANCO
IF,BANCO,43.236722,-94.148561, ,0.0,0.0,0,0,0,0,0,0,0,0
TF,RUYOR,43.441650,-94.295483,0, ,0.0,0.0,0.0,0.0,2,3100,0,0,0,0,1,0
TF,SIKTE,43.501389,-94.215681,0, ,0.0,0.0,0.0,0.0,2,3100,0,0,0,0,1,0

APPTR,R31,31,BLEND
IF,BLEND,43.676828,-94.043800, ,0.0,0.0,0,0,0,0,0,0,0,0
TF,VOPPU,43.561072,-94.135719,0, ,0.0,0.0,0.0,0.0,2,3100,0,0,0,0,1,0
TF,SIKTE,43.501389,-94.215681,0, ,0.0,0.0,0.0,0.0,2,3100,0,0,0,0,1,0

APPTR,R31,31,GRUVE
IF,GRUVE,43.354697,-94.859200, ,0.0,0.0,0,0,0,0,0,0,0,0
TF,RUYOR,43.441650,-94.295483,0, ,0.0,0.0,0.0,0.0,2,3100,0,0,0,0,1,0
TF,SIKTE,43.501389,-94.215681,0, ,0.0,0.0,0.0,0.0,2,3100,0,0,0,0,1,0

APPTR,R31,31,SIKTE
HF,SIKTE,43.501389,-94.215681,2, ,0.0,0.0,310.0,04,2,3100,0,0,0,0,1,0,0

FINAL,R31,31,R,4
IF,SIKTE,43.501389,-94.215681, ,0.0,0.0,2,3100,0,0,0,0,0,0
TF,NAYIG,43.571342,-94.314522,0, ,0.0,0.0,310.0,6.0,2,3100,0,0,0,0,2,0
TF,CUYDA,43.620244,-94.383831,0, ,0.0,0.0,310.0,4.2,2,1720,0,0,0,0,0,0
TF,RW31,43.638811,-94.410192,0, ,0.0,0.0,310.0,1.6,1,1220,0,0,0,0,3,1
DF,UCEVA,43.786839,-94.621242,0, ,0.0,0.0,2,3100,0,0,0,0,0,1
HM,UCEVA,43.786839,-94.621242,2, ,0.0,0.0,130.0,04,0,0,0,0,0,0,0,0,0

