STAR,HYPER7,ALB,4
IF,ALB,42.747281,-73.803186, ,0.0,0.0,0,0,0,0,0,0,0,0
TF,ATWAN,41.737508,-73.820631,0, ,0.0,0.0,0.0,0.0,0,0,0,0,0,0,0,0
TF,FILGA,41.407814,-74.020103,0, ,0.0,0.0,0.0,0.0,0,0,0,0,0,0,0,0
TF,KEAVR,41.191178,-74.242683,0, ,0.0,0.0,0.0,0.0,0,0,0,0,0,0,0,0
TF,BOTLS,40.918956,-74.830219,0, ,0.0,0.0,0.0,0.0,0,0,0,0,0,0,0,0
TF,JETTZ,40.659722,-75.378889,0, ,0.0,0.0,0.0,0.0,0,0,0,0,0,0,0,0
TF,SARAA,40.439325,-75.887861,0, ,0.0,0.0,0.0,0.0,0,0,0,0,0,0,0,0
TF,LRP,40.119975,-76.291294,0, ,0.0,0.0,0.0,0.0,0,0,0,0,0,0,0,0
TF,JOANE,40.044022,-76.455944,0, ,0.0,0.0,0.0,0.0,0,0,0,0,0,0,0,0
TF,DELRO,39.965475,-76.625344,0, ,0.0,0.0,0.0,0.0,0,0,0,0,0,0,0,0

STAR,HYPER7,BAF,4
IF,BAF,42.161958,-72.716200, ,0.0,0.0,0,0,0,0,0,0,0,0
TF,BIGGO,41.955808,-73.067942,0, ,0.0,0.0,0.0,0.0,0,0,0,0,0,0,0,0
TF,YORKE,41.806042,-73.320589,0, ,0.0,0.0,0.0,0.0,0,0,0,0,0,0,0,0
TF,GANDE,41.510183,-73.814453,0, ,0.0,0.0,0.0,0.0,0,0,0,0,0,0,0,0
TF,KEAVR,41.191178,-74.242683,0, ,0.0,0.0,0.0,0.0,0,0,0,0,0,0,0,0
TF,BOTLS,40.918956,-74.830219,0, ,0.0,0.0,0.0,0.0,0,0,0,0,0,0,0,0
TF,JETTZ,40.659722,-75.378889,0, ,0.0,0.0,0.0,0.0,0,0,0,0,0,0,0,0
TF,SARAA,40.439325,-75.887861,0, ,0.0,0.0,0.0,0.0,0,0,0,0,0,0,0,0
TF,LRP,40.119975,-76.291294,0, ,0.0,0.0,0.0,0.0,0,0,0,0,0,0,0,0
TF,JOANE,40.044022,-76.455944,0, ,0.0,0.0,0.0,0.0,0,0,0,0,0,0,0,0
TF,DELRO,39.965475,-76.625344,0, ,0.0,0.0,0.0,0.0,0,0,0,0,0,0,0,0

STAR,HYPER7,FILGA,4
IF,FILGA,41.407814,-74.020103, ,0.0,0.0,0,0,0,0,0,0,0,0
TF,KEAVR,41.191178,-74.242683,0, ,0.0,0.0,0.0,0.0,0,0,0,0,0,0,0,0
TF,BOTLS,40.918956,-74.830219,0, ,0.0,0.0,0.0,0.0,0,0,0,0,0,0,0,0
TF,JETTZ,40.659722,-75.378889,0, ,0.0,0.0,0.0,0.0,0,0,0,0,0,0,0,0
TF,SARAA,40.439325,-75.887861,0, ,0.0,0.0,0.0,0.0,0,0,0,0,0,0,0,0
TF,LRP,40.119975,-76.291294,0, ,0.0,0.0,0.0,0.0,0,0,0,0,0,0,0,0
TF,JOANE,40.044022,-76.455944,0, ,0.0,0.0,0.0,0.0,0,0,0,0,0,0,0,0
TF,DELRO,39.965475,-76.625344,0, ,0.0,0.0,0.0,0.0,0,0,0,0,0,0,0,0

STAR,HYPER7,GANDE,4
IF,GANDE,41.510183,-73.814453, ,0.0,0.0,0,0,0,0,0,0,0,0
TF,KEAVR,41.191178,-74.242683,0, ,0.0,0.0,0.0,0.0,0,0,0,0,0,0,0,0
TF,BOTLS,40.918956,-74.830219,0, ,0.0,0.0,0.0,0.0,0,0,0,0,0,0,0,0
TF,JETTZ,40.659722,-75.378889,0, ,0.0,0.0,0.0,0.0,0,0,0,0,0,0,0,0
TF,SARAA,40.439325,-75.887861,0, ,0.0,0.0,0.0,0.0,0,0,0,0,0,0,0,0
TF,LRP,40.119975,-76.291294,0, ,0.0,0.0,0.0,0.0,0,0,0,0,0,0,0,0
TF,JOANE,40.044022,-76.455944,0, ,0.0,0.0,0.0,0.0,0,0,0,0,0,0,0,0
TF,DELRO,39.965475,-76.625344,0, ,0.0,0.0,0.0,0.0,0,0,0,0,0,0,0,0

STAR,HYPER7,MXE,4
IF,MXE,39.918056,-75.670808, ,0.0,0.0,0,0,0,0,0,0,0,0
TF,DELRO,39.965475,-76.625344,0, ,0.0,0.0,0.0,0.0,0,0,0,0,0,0,0,0

STAR,HYPER7,PARKE,4
IF,PARKE,40.683183,-75.076478, ,0.0,0.0,0,0,0,0,0,0,0,0
TF,JETTZ,40.659722,-75.378889,0, ,0.0,0.0,0.0,0.0,0,0,0,0,0,0,0,0
TF,SARAA,40.439325,-75.887861,0, ,0.0,0.0,0.0,0.0,0,0,0,0,0,0,0,0
TF,LRP,40.119975,-76.291294,0, ,0.0,0.0,0.0,0.0,0,0,0,0,0,0,0,0
TF,JOANE,40.044022,-76.455944,0, ,0.0,0.0,0.0,0.0,0,0,0,0,0,0,0,0
TF,DELRO,39.965475,-76.625344,0, ,0.0,0.0,0.0,0.0,0,0,0,0,0,0,0,0

STAR,HYPER7,RBV,4
IF,RBV,40.202403,-74.495025, ,0.0,0.0,0,0,0,0,0,0,0,0
TF,HIKES,40.382203,-75.615250,0, ,0.0,0.0,0.0,0.0,0,0,0,0,0,0,0,0
TF,LRP,40.119975,-76.291294,0, ,0.0,0.0,0.0,0.0,0,0,0,0,0,0,0,0
TF,JOANE,40.044022,-76.455944,0, ,0.0,0.0,0.0,0.0,0,0,0,0,0,0,0,0
TF,DELRO,39.965475,-76.625344,0, ,0.0,0.0,0.0,0.0,0,0,0,0,0,0,0,0

STAR,HYPER7,ALL,5
IF,DELRO,39.965475,-76.625344, ,0.0,0.0,0,0,0,0,0,0,0,0
TF,LIRCH,39.826767,-76.922231,0, ,0.0,0.0,0.0,0.0,1,14000,0,0,0,0,0,0
TF,BINNS,39.785061,-77.010994,0, ,0.0,0.0,0.0,0.0,0,0,0,0,0,0,0,0
TF,HYPER,39.683933,-77.225094,0, ,0.0,0.0,0.0,0.0,1,10000,0,1,250,0,0,0
TF,PHATT,39.574864,-77.356083,0, ,0.0,0.0,0.0,0.0,0,0,0,0,0,0,0,1
VM,38.917539,-78.253383,0,230.0,0,0,0,0,0,0,0,0

STAR,TRSTN3,LORAA,4
IF,LORAA,37.397172,-77.978606, ,0.0,0.0,0,0,0,0,0,0,0,0
TF,DORRN,37.531678,-77.893783,0, ,0.0,0.0,0.0,0.0,0,0,0,0,0,0,0,0
TF,PERKN,37.653314,-77.824669,0, ,0.0,0.0,0.0,0.0,0,0,0,0,0,0,0,0
TF,JOHOF,37.813644,-77.735719,0, ,0.0,0.0,0.0,0.0,0,0,0,0,0,0,0,0
TF,TRSTN,38.086925,-77.773300,0, ,0.0,0.0,0.0,0.0,0,0,0,0,0,0,0,0

STAR,TRSTN3,THHMP,4
IF,THHMP,37.491519,-77.319097, ,0.0,0.0,0,0,0,0,0,0,0,0
TF,TRSTN,38.086925,-77.773300,0, ,0.0,0.0,0.0,0.0,0,0,0,0,0,0,0,0

STAR,TRSTN3,ALL,5
IF,TRSTN,38.086925,-77.773300, ,0.0,0.0,0,0,0,0,0,0,0,0
TF,ASHLN,39.254078,-78.309753,0, ,0.0,0.0,0.0,0.0,0,0,0,0,0,0,0,0
TF,EZZZZ,39.381753,-77.857619,0, ,0.0,0.0,0.0,0.0,0,0,0,0,0,0,0,0
TF,RUANE,39.446111,-77.373983,0, ,0.0,0.0,0.0,0.0,0,0,0,0,0,0,0,1
VM,38.917539,-78.253383,0,90.0,0,0,0,0,0,0,0,0

APPTR,R10-A,10,JASEN
IF,JASEN,39.060694,-77.868108, ,0.0,0.0,0,0,0,0,0,0,1,0
TF,CAKOM,38.986319,-78.010472,0, ,0.0,0.0,0.0,0.0,2,3700,0,0,0,0,1,0

APPTR,R10-A,10,LDN
IF,LDN,38.854392,-78.205556, ,0.0,0.0,0,0,0,0,0,0,0,0
TF,CAKOM,38.986319,-78.010472,0, ,0.0,0.0,0.0,0.0,2,5000,0,0,0,0,0,1
HF,CAKOM,38.986319,-78.010472,2, ,0.0,0.0,260.0,04,2,3700,0,0,0,0,1,0,0

FINAL,R10-A,10,R,3
IF,CAKOM,38.986319,-78.010472, ,0.0,0.0,2,3700,0,0,0,0,0,0
TF,DOTLE,38.951706,-78.133056,0, ,0.0,0.0,260.0,6.1,2,3700,0,0,0,0,2,0
TF,ACOBI,38.923236,-78.233444,0, ,0.0,0.0,260.0,5.0,1,1820,0,0,0,0,3,1
DF,CAKOM,38.986319,-78.010472,2, ,0.0,0.0,2,3700,0,0,0,0,0,1
HM,CAKOM,38.986319,-78.010472,2, ,0.0,0.0,260.0,04,0,0,0,0,0,0,0,0,0

APPTR,R28-A,28,JASEN
IF,JASEN,39.060694,-77.868108, ,0.0,0.0,0,0,0,0,0,0,1,0
TF,CAKOM,38.986319,-78.010472,0, ,0.0,0.0,0.0,0.0,2,3700,0,0,0,0,1,0

APPTR,R28-A,28,LDN
IF,LDN,38.854392,-78.205556, ,0.0,0.0,0,0,0,0,0,0,0,0
TF,CAKOM,38.986319,-78.010472,0, ,0.0,0.0,0.0,0.0,2,5000,0,0,0,0,0,1
HF,CAKOM,38.986319,-78.010472,2, ,0.0,0.0,260.0,04,2,3700,0,0,0,0,1,0,0

FINAL,R28-A,28,R,3
IF,CAKOM,38.986319,-78.010472, ,0.0,0.0,2,3700,0,0,0,0,0,0
TF,DOTLE,38.951706,-78.133056,0, ,0.0,0.0,260.0,6.1,2,3700,0,0,0,0,2,0
TF,ACOBI,38.923236,-78.233444,0, ,0.0,0.0,260.0,5.0,1,1820,0,0,0,0,3,1
DF,CAKOM,38.986319,-78.010472,2, ,0.0,0.0,2,3700,0,0,0,0,0,1
HM,CAKOM,38.986319,-78.010472,2, ,0.0,0.0,260.0,04,0,0,0,0,0,0,0,0,0

APPTR,V10-B,10,LDN
IF,LDN,38.854392,-78.205556, ,0.0,0.0,0,0,0,0,0,0,1,0
PI,LDN,38.854392,-78.205556,1,LDN,200.0,10.0,155,5.0,2,5000,0,0,0,0,0,0
CF,LDN,38.854392,-78.205556,0,LDN,0.0,0.0,335.0,8.0,2,5000,0,0,0,0,0,0

FINAL,V10-B,10,D,2
IF,LDN,38.854392,-78.205556, ,0.0,0.0,2,5000,0,0,0,0,2,0
CF,RARVE,38.915631,-78.252606,0,LDN,335.0,4.3,335.0,4.3,1,3300,0,0,0,0,3,1
DF,LDN,38.854392,-78.205556,2, ,0.0,0.0,2,5000,0,0,0,0,0,0
HM,LDN,38.854392,-78.205556,2, ,0.0,0.0,335.0,04.3,0,0,0,0,0,0,0,0,0

APPTR,V28-B,28,LDN
IF,LDN,38.854392,-78.205556, ,0.0,0.0,0,0,0,0,0,0,1,0
PI,LDN,38.854392,-78.205556,1,LDN,200.0,10.0,155,5.0,2,5000,0,0,0,0,0,0
CF,LDN,38.854392,-78.205556,0,LDN,0.0,0.0,335.0,8.0,2,5000,0,0,0,0,0,0

FINAL,V28-B,28,D,2
IF,LDN,38.854392,-78.205556, ,0.0,0.0,2,5000,0,0,0,0,2,0
CF,RARVE,38.915631,-78.252606,0,LDN,335.0,4.3,335.0,4.3,1,3300,0,0,0,0,3,1
DF,LDN,38.854392,-78.205556,2, ,0.0,0.0,2,5000,0,0,0,0,0,0
HM,LDN,38.854392,-78.205556,2, ,0.0,0.0,335.0,04.3,0,0,0,0,0,0,0,0,0

