APPTR,R18,18,BEYAN
IF,BEYAN,37.992800,-94.875083, ,0.0,0.0,2,3000,0,0,0,0,1,0
TF,ECARO,37.992950,-94.769667,0, ,0.0,0.0,0.0,0.0,2,3000,0,0,0,0,1,0

APPTR,R18,18,DASME
IF,DASME,37.993006,-94.664250, ,0.0,0.0,2,3000,0,0,0,0,1,0
TF,ECARO,37.992950,-94.769667,0, ,0.0,0.0,0.0,0.0,2,3000,0,0,0,0,1,0

APPTR,R18,18,ECARO
HF,ECARO,37.992950,-94.769667,2, ,0.0,0.0,176.0,05,2,3000,0,0,0,0,1,0,0

FINAL,R18,18,R,4
IF,ECARO,37.992950,-94.769667, ,0.0,0.0,2,3000,0,0,0,0,0,0
TF,CALAP,37.889986,-94.769506,0, ,0.0,0.0,176.0,6.2,2,2600,0,0,0,0,2,0
TF,FAMRI,37.841111,-94.769431,0, ,0.0,0.0,176.0,2.9,2,1640,0,0,0,0,0,0
TF,RW18,37.804403,-94.769375,0, ,0.0,0.0,176.0,2.2,1,942,0,0,0,0,3,1
DF,CAVEM,37.605428,-94.769069,0, ,0.0,0.0,2,3100,0,0,0,0,0,1
HM,CAVEM,37.605428,-94.769069,2, ,0.0,0.0,356.0,05,0,0,0,0,0,0,0,0,0

APPTR,R36,36,CAVEM
HF,CAVEM,37.605428,-94.769069,2, ,0.0,0.0,356.0,05,2,3100,0,0,0,0,1,0,0

APPTR,R36,36,HAKUN
IF,HAKUN,37.605483,-94.664200, ,0.0,0.0,2,3100,0,0,0,0,1,0
TF,CAVEM,37.605428,-94.769069,0, ,0.0,0.0,0.0,0.0,2,3100,0,0,0,0,1,0

APPTR,R36,36,IMUSE
IF,IMUSE,37.605281,-94.873939, ,0.0,0.0,2,3100,0,0,0,0,1,0
TF,CAVEM,37.605428,-94.769069,0, ,0.0,0.0,0.0,0.0,2,3100,0,0,0,0,1,0

FINAL,R36,36,R,4
IF,CAVEM,37.605428,-94.769069, ,0.0,0.0,2,3100,0,0,0,0,0,0
TF,GISEC,37.707458,-94.769225,0, ,0.0,0.0,356.0,6.1,2,2600,0,0,0,0,2,0
TF,FANVO,37.765614,-94.769314,0, ,0.0,0.0,356.0,3.5,2,1460,0,0,0,0,0,0
TF,RW36,37.792311,-94.769356,0, ,0.0,0.0,356.0,1.6,1,957,0,0,0,0,3,1
DF,ECARO,37.992950,-94.769667,0, ,0.0,0.0,2,3000,0,0,0,0,0,1
HM,ECARO,37.992950,-94.769667,2, ,0.0,0.0,176.0,05,0,0,0,0,0,0,0,0,0

