SID,CONLE3,ALL,5
IF,OHSSS,38.845989,-76.507911, ,0.0,0.0,2,11000,0,0,0,0,0,0
TF,CONLE,38.691739,-76.583783,0, ,0.0,0.0,0.0,0.0,3,14000,0,0,0,0,0,0

SID,CONLE3,COLIN,6
IF,CONLE,38.691739,-76.583783, ,0.0,0.0,3,14000,0,0,0,0,0,0
TF,BOOCK,38.409542,-76.714028,0, ,0.0,0.0,0.0,0.0,0,0,0,0,0,0,0,0
TF,COLIN,38.099786,-76.664125,0, ,0.0,0.0,0.0,0.0,0,0,0,0,0,0,0,0

SID,TERPZ6,ALL,5
IF,WONCE,39.216772,-76.890681, ,0.0,0.0,0,0,0,0,0,0,0,0
TF,TERPZ,39.222419,-77.138969,0, ,0.0,0.0,0.0,0.0,2,11000,0,0,0,0,0,0

SID,TERPZ6,FLASK,6
IF,TERPZ,39.222419,-77.138969, ,0.0,0.0,2,11000,0,0,0,0,0,0
TF,LITME,39.090472,-77.248517,0, ,0.0,0.0,0.0,0.0,2,14000,0,0,0,0,0,0
TF,HIRCK,38.730931,-77.499361,0, ,0.0,0.0,0.0,0.0,0,0,0,0,0,0,0,0
TF,BUTRZ,38.526583,-77.794569,0, ,0.0,0.0,0.0,0.0,0,0,0,0,0,0,0,0
TF,CLTCH,38.447672,-77.905594,0, ,0.0,0.0,0.0,0.0,0,0,0,0,0,0,0,0
TF,KERRK,38.176047,-78.393294,0, ,0.0,0.0,0.0,0.0,0,0,0,0,0,0,0,0
TF,TEEMS,37.690528,-79.197736,0, ,0.0,0.0,0.0,0.0,0,0,0,0,0,0,0,0
TF,FLASK,37.017756,-80.316283,0, ,0.0,0.0,0.0,0.0,0,0,0,0,0,0,0,0

SID,TERPZ6,GSO,6
IF,TERPZ,39.222419,-77.138969, ,0.0,0.0,2,11000,0,0,0,0,0,0
TF,LITME,39.090472,-77.248517,0, ,0.0,0.0,0.0,0.0,2,14000,0,0,0,0,0,0
TF,HIRCK,38.730931,-77.499361,0, ,0.0,0.0,0.0,0.0,0,0,0,0,0,0,0,0
TF,JDUBB,38.299836,-77.649933,0, ,0.0,0.0,0.0,0.0,0,0,0,0,0,0,0,0
TF,TYPNZ,38.045606,-77.921867,0, ,0.0,0.0,0.0,0.0,0,0,0,0,0,0,0,0
TF,SCORN,37.466611,-78.531758,0, ,0.0,0.0,0.0,0.0,0,0,0,0,0,0,0,0
TF,RRSIN,36.952039,-79.059039,0, ,0.0,0.0,0.0,0.0,0,0,0,0,0,0,0,0
TF,GSO,36.045692,-79.976375,0, ,0.0,0.0,0.0,0.0,0,0,0,0,0,0,0,0

SID,TERPZ6,JERES,6
IF,TERPZ,39.222419,-77.138969, ,0.0,0.0,2,11000,0,0,0,0,0,0
TF,LINSE,39.369050,-77.301333,0, ,0.0,0.0,0.0,0.0,2,14000,0,0,0,0,0,0
TF,JERES,39.642889,-77.455056,0, ,0.0,0.0,0.0,0.0,0,0,0,0,0,0,0,0

SID,TERPZ6,LYH,6
IF,TERPZ,39.222419,-77.138969, ,0.0,0.0,2,11000,0,0,0,0,0,0
TF,LITME,39.090472,-77.248517,0, ,0.0,0.0,0.0,0.0,2,14000,0,0,0,0,0,0
TF,HIRCK,38.730931,-77.499361,0, ,0.0,0.0,0.0,0.0,0,0,0,0,0,0,0,0
TF,SCRAM,38.371167,-77.798547,0, ,0.0,0.0,0.0,0.0,0,0,0,0,0,0,0,0
TF,DANOO,38.074233,-78.252489,0, ,0.0,0.0,0.0,0.0,0,0,0,0,0,0,0,0
TF,WALCE,37.722064,-78.798111,0, ,0.0,0.0,0.0,0.0,0,0,0,0,0,0,0,0
TF,GLANC,37.440836,-79.060458,0, ,0.0,0.0,0.0,0.0,0,0,0,0,0,0,0,0
TF,LYH,37.254578,-79.236381,0, ,0.0,0.0,0.0,0.0,0,0,0,0,0,0,0,0

SID,TERPZ6,MAULS,6
IF,TERPZ,39.222419,-77.138969, ,0.0,0.0,2,11000,0,0,0,0,0,0
TF,LITME,39.090472,-77.248517,0, ,0.0,0.0,0.0,0.0,2,14000,0,0,0,0,0,0
TF,HIRCK,38.730931,-77.499361,0, ,0.0,0.0,0.0,0.0,0,0,0,0,0,0,0,0
TF,BUTRZ,38.526583,-77.794569,0, ,0.0,0.0,0.0,0.0,0,0,0,0,0,0,0,0
TF,CLTCH,38.447672,-77.905594,0, ,0.0,0.0,0.0,0.0,0,0,0,0,0,0,0,0
TF,KERRK,38.176047,-78.393294,0, ,0.0,0.0,0.0,0.0,0,0,0,0,0,0,0,0
TF,MAULS,37.880378,-79.330331,0, ,0.0,0.0,0.0,0.0,0,0,0,0,0,0,0,0

SID,TERPZ6,MCRAY,6
IF,TERPZ,39.222419,-77.138969, ,0.0,0.0,2,11000,0,0,0,0,0,0
TF,LINSE,39.369050,-77.301333,0, ,0.0,0.0,0.0,0.0,2,14000,0,0,0,0,0,0
TF,BUFFR,39.459347,-77.598314,0, ,0.0,0.0,0.0,0.0,0,0,0,0,0,0,0,0
TF,MCRAY,39.538247,-77.860575,0, ,0.0,0.0,0.0,0.0,0,0,0,0,0,0,0,0

SID,TERPZ6,OTTTO,6
IF,TERPZ,39.222419,-77.138969, ,0.0,0.0,2,11000,0,0,0,0,0,0
TF,FOXHL,39.047217,-77.370067,0, ,0.0,0.0,0.0,0.0,2,17000,0,0,0,0,0,0
TF,OTTTO,38.854392,-78.205558,0, ,0.0,0.0,0.0,0.0,0,0,0,0,0,0,0,0

SID,TERPZ6,RAMAY,6
IF,TERPZ,39.222419,-77.138969, ,0.0,0.0,2,11000,0,0,0,0,0,0
TF,FOXHL,39.047217,-77.370067,0, ,0.0,0.0,0.0,0.0,2,17000,0,0,0,0,0,0
TF,RAMAY,38.960714,-78.216392,0, ,0.0,0.0,0.0,0.0,0,0,0,0,0,0,0,0

SID,TERPZ6,SBV,6
IF,TERPZ,39.222419,-77.138969, ,0.0,0.0,2,11000,0,0,0,0,0,0
TF,LITME,39.090472,-77.248517,0, ,0.0,0.0,0.0,0.0,2,14000,0,0,0,0,0,0
TF,HIRCK,38.730931,-77.499361,0, ,0.0,0.0,0.0,0.0,0,0,0,0,0,0,0,0
TF,JDUBB,38.299836,-77.649933,0, ,0.0,0.0,0.0,0.0,0,0,0,0,0,0,0,0
TF,CASLY,38.054006,-77.861036,0, ,0.0,0.0,0.0,0.0,0,0,0,0,0,0,0,0
TF,MELTN,37.202561,-78.578981,0, ,0.0,0.0,0.0,0.0,0,0,0,0,0,0,0,0
TF,SBV,36.675039,-79.014500,0, ,0.0,0.0,0.0,0.0,0,0,0,0,0,0,0,0

STAR,TRSTN3,LORAA,4
IF,LORAA,37.397172,-77.978606, ,0.0,0.0,0,0,0,0,0,0,0,0
TF,DORRN,37.531678,-77.893783,0, ,0.0,0.0,0.0,0.0,0,0,0,0,0,0,0,0
TF,PERKN,37.653314,-77.824669,0, ,0.0,0.0,0.0,0.0,0,0,0,0,0,0,0,0
TF,JOHOF,37.813644,-77.735719,0, ,0.0,0.0,0.0,0.0,0,0,0,0,0,0,0,0
TF,TRSTN,38.086925,-77.773300,0, ,0.0,0.0,0.0,0.0,0,0,0,0,0,0,0,0

STAR,TRSTN3,THHMP,4
IF,THHMP,37.491519,-77.319097, ,0.0,0.0,0,0,0,0,0,0,0,0
TF,TRSTN,38.086925,-77.773300,0, ,0.0,0.0,0.0,0.0,0,0,0,0,0,0,0,0

STAR,TRSTN3,ALL,5
IF,TRSTN,38.086925,-77.773300, ,0.0,0.0,0,0,0,0,0,0,0,0
TF,ASHLN,39.254078,-78.309753,0, ,0.0,0.0,0.0,0.0,0,0,0,0,0,0,0,0
TF,EZZZZ,39.381753,-77.857619,0, ,0.0,0.0,0.0,0.0,0,0,0,0,0,0,0,0
TF,RUANE,39.446111,-77.373983,0, ,0.0,0.0,0.0,0.0,0,0,0,0,0,0,0,1
VM,39.168333,-77.166000,0,90.0,0,0,0,0,0,0,0,0

APPTR,R14,14,RUANE
IF,RUANE,39.446111,-77.373983, ,0.0,0.0,0,0,0,0,0,0,1,0
TF,BEGKA,39.285169,-77.362947,0, ,0.0,0.0,0.0,0.0,2,3000,0,0,0,0,1,0

FINAL,R14,14,R,4
IF,BEGKA,39.285169,-77.362947, ,0.0,0.0,2,3000,0,0,0,0,0,0
TF,TIMBE,39.224042,-77.259750,0, ,0.0,0.0,136.0,6.1,2,2200,0,0,0,0,2,0
TF,JOXOX,39.195422,-77.211544,0, ,0.0,0.0,136.0,2.8,2,1280,0,0,0,0,0,0
TF,RW14,39.171844,-77.171889,0, ,0.0,0.0,136.0,2.3,1,533,0,0,0,0,3,1
CA,0,136.0,2,789,0,0,0,0,0,0
DF,FIRAN,39.143178,-77.123636,0, ,0.0,0.0,0,0,0,0,0,0,0,0
TF,CUTOP,39.168103,-76.971242,0, ,0.0,0.0,0.0,0.0,2,2100,0,0,0,0,0,1
HM,CUTOP,39.168103,-76.971242,1, ,0.0,0.0,104.0,04,0,0,0,0,0,0,0,0,0

APPTR,R14-A,14,EMI
IF,EMI,39.495008,-76.978572, ,0.0,0.0,0,0,0,0,0,0,1,0
TF,WOOLY,39.338661,-77.036436,0, ,0.0,0.0,0.0,0.0,2,3200,0,0,0,0,1,0

APPTR,R14-A,14,WOOLY
HF,WOOLY,39.338661,-77.036436,2, ,0.0,0.0,220.0,04,2,3200,0,0,0,0,1,0,0

FINAL,R14-A,14,R,3
IF,WOOLY,39.338661,-77.036436, ,0.0,0.0,2,3200,0,0,0,0,0,0
TF,ICIYU,39.255078,-77.100108,0, ,0.0,0.0,220.0,5.8,2,2500,0,0,0,0,2,0
TF,YAYTU,39.168931,-77.165547,0, ,0.0,0.0,220.0,6.0,1,1100,0,0,0,0,3,1
CA,0,220.0,2,1100,0,0,0,0,0,0
DF,EMI,39.495008,-76.978572,2, ,0.0,0.0,2,3000,0,0,0,0,0,1
HM,EMI,39.495008,-76.978572,2, ,0.0,0.0,298.0,06,0,0,0,0,0,0,0,0,0

APPTR,R32-A,32,EMI
IF,EMI,39.495008,-76.978572, ,0.0,0.0,0,0,0,0,0,0,1,0
TF,WOOLY,39.338661,-77.036436,0, ,0.0,0.0,0.0,0.0,2,3200,0,0,0,0,1,0

APPTR,R32-A,32,WOOLY
HF,WOOLY,39.338661,-77.036436,2, ,0.0,0.0,220.0,04,2,3200,0,0,0,0,1,0,0

FINAL,R32-A,32,R,3
IF,WOOLY,39.338661,-77.036436, ,0.0,0.0,2,3200,0,0,0,0,0,0
TF,ICIYU,39.255078,-77.100108,0, ,0.0,0.0,220.0,5.8,2,2500,0,0,0,0,2,0
TF,YAYTU,39.168931,-77.165547,0, ,0.0,0.0,220.0,6.0,1,1100,0,0,0,0,3,1
CA,0,220.0,2,1100,0,0,0,0,0,0
DF,EMI,39.495008,-76.978572,2, ,0.0,0.0,2,3000,0,0,0,0,0,1
HM,EMI,39.495008,-76.978572,2, ,0.0,0.0,298.0,06,0,0,0,0,0,0,0,0,0

