APPTR,R18,18,FAXUD
HF,FAXUD,41.855625,-94.433792,2, ,0.0,0.0,177.0,04,2,3000,0,0,0,0,1,0,0

FINAL,R18,18,R,3
IF,FAXUD,41.855625,-94.433792, ,0.0,0.0,2,3000,0,0,0,0,0,0
TF,AWCEX,41.772256,-94.434414,0, ,0.0,0.0,177.0,5.0,2,2800,0,0,0,0,2,0
TF,RW18,41.691650,-94.435017,0, ,0.0,0.0,177.0,4.8,1,1261,0,0,0,0,3,1
CA,0,177.0,2,1531,0,0,0,0,0,0
DF,YITAY,41.513003,-94.436344,0, ,0.0,0.0,2,3000,0,0,0,0,0,1
HM,YITAY,41.513003,-94.436344,2, ,0.0,0.0,357.0,04,0,0,0,0,0,0,0,0,0

APPTR,R36,36,YITAY
HF,YITAY,41.513003,-94.436344,2, ,0.0,0.0,357.0,04,2,3000,0,0,0,0,1,0,0

FINAL,R36,36,R,4
IF,YITAY,41.513003,-94.436344, ,0.0,0.0,2,3000,0,0,0,0,0,0
TF,MOFWO,41.596378,-94.435725,0, ,0.0,0.0,357.0,5.0,2,2900,0,0,0,0,2,0
TF,EGHAB,41.655639,-94.435286,0, ,0.0,0.0,357.0,3.6,2,1760,0,0,0,0,0,0
TF,RW36,41.682319,-94.435086,0, ,0.0,0.0,357.0,1.6,1,1259,0,0,0,0,3,1
CA,0,357.0,2,1529,0,0,0,0,0,0
DF,FAXUD,41.855625,-94.433792,0, ,0.0,0.0,2,3000,0,0,0,0,0,1
HM,FAXUD,41.855625,-94.433792,2, ,0.0,0.0,177.0,04,0,0,0,0,0,0,0,0,0

