APPTR,R07,07,BRIDJ
IF,BRIDJ,41.364817,-94.238939, ,0.0,0.0,0,0,0,0,0,0,0,0
TF,IVUJO,41.290733,-94.690769,0, ,0.0,0.0,0.0,0.0,2,3000,0,0,0,0,0,1
HF,IVUJO,41.290733,-94.690769,2, ,0.0,0.0,75.0,04,2,3000,0,0,0,0,1,0,0

APPTR,R07,07,CETUB
IF,CETUB,40.854461,-94.752561, ,0.0,0.0,0,0,0,0,0,0,0,0
TF,WUGRA,41.192581,-94.665042,0, ,0.0,0.0,0.0,0.0,2,3000,0,0,0,0,1,0
TF,IVUJO,41.290733,-94.690769,0, ,0.0,0.0,0.0,0.0,2,3000,0,0,0,0,1,0

APPTR,R07,07,LYMAN
IF,LYMAN,41.289800,-94.828319, ,0.0,0.0,0,0,0,0,0,0,1,0
TF,IVUJO,41.290733,-94.690769,0, ,0.0,0.0,0.0,0.0,2,3000,0,0,0,0,1,0

FINAL,R07,07,R,4
IF,IVUJO,41.290733,-94.690769, ,0.0,0.0,2,3000,0,0,0,0,0,0
TF,JIDAP,41.310411,-94.558428,0, ,0.0,0.0,75.0,6.1,2,3000,0,0,0,0,2,0
TF,RURCE,41.316917,-94.514439,0, ,0.0,0.0,75.0,2.0,2,2340,0,0,0,0,0,0
TF,RW07,41.326514,-94.449311,0, ,0.0,0.0,75.0,3.0,1,1399,0,0,0,0,3,1
CA,0,75.0,2,1661,0,0,0,0,0,0
DF,ZOLNI,41.363506,-94.195733,0, ,0.0,0.0,2,3000,0,0,0,0,0,1
HM,ZOLNI,41.363506,-94.195733,2, ,0.0,0.0,255.0,04,0,0,0,0,0,0,0,0,0

APPTR,R25,25,LINDE
IF,LINDE,41.651792,-94.257461, ,0.0,0.0,0,0,0,0,0,0,0,0
TF,HOSGU,41.461761,-94.220817,0, ,0.0,0.0,0.0,0.0,2,3000,0,0,0,0,1,0
TF,ZOLNI,41.363506,-94.195733,0, ,0.0,0.0,0.0,0.0,2,3000,0,0,0,0,1,0

APPTR,R25,25,WIVEY
IF,WIVEY,41.226533,-93.729369, ,0.0,0.0,0,0,0,0,0,0,0,0
TF,JITED,41.265244,-94.170725,0, ,0.0,0.0,0.0,0.0,2,3000,0,0,0,0,1,0
TF,ZOLNI,41.363506,-94.195733,0, ,0.0,0.0,0.0,0.0,2,3000,0,0,0,0,1,0

APPTR,R25,25,ZOLNI
HF,ZOLNI,41.363506,-94.195733,2, ,0.0,0.0,255.0,04,2,3000,0,0,0,0,1,0,0

FINAL,R25,25,R,4
IF,ZOLNI,41.363506,-94.195733, ,0.0,0.0,2,3000,0,0,0,0,0,0
TF,FIBGU,41.344242,-94.328289,0, ,0.0,0.0,255.0,6.1,2,3000,0,0,0,0,2,0
TF,CEXUV,41.337853,-94.372011,0, ,0.0,0.0,255.0,2.0,2,2340,0,0,0,0,0,0
TF,RW25,41.328300,-94.437161,0, ,0.0,0.0,255.0,3.0,1,1404,0,0,0,0,3,1
CA,0,255.0,2,1666,0,0,0,0,0,0
DF,IVUJO,41.290733,-94.690769,0, ,0.0,0.0,2,3000,0,0,0,0,0,1
HM,IVUJO,41.290733,-94.690769,2, ,0.0,0.0,75.0,04,0,0,0,0,0,0,0,0,0

