APPTR,D13,13,AWLAR
IF,AWLAR,32.639058,-95.045342, ,0.0,0.0,0,0,0,0,0,0,1,0
TF,WYATE,32.529114,-94.899925,0, ,0.0,0.0,0.0,0.0,2,2500,0,0,0,0,1,0

APPTR,D13,13,GGG
PI,GGG,32.417753,-94.753194,2,GGG,260.0,15.0,305,5.0,2,2500,0,0,0,0,1,0

APPTR,D13,13,GODHO
IF,GODHO,32.388117,-94.946928, ,0.0,0.0,0,0,0,0,0,0,1,0
AF,WYATE,32.529114,-94.899925,2,GGG,304.9,10.0,253.0,2,2500,0,0,0,0,1,0

APPTR,D13,13,SKIDI
IF,SKIDI,32.565961,-94.662375, ,0.0,0.0,0,0,0,0,0,0,1,0
AF,WEKDI,32.571458,-94.830256,1,GGG,330.0,10.0,20.0,2,2600,0,0,0,0,0,0
AF,WYATE,32.529114,-94.899925,1,GGG,304.9,10.0,330.0,2,2500,0,0,0,0,1,0

FINAL,D13,13,D,3
IF,WYATE,32.529114,-94.899925,GGG,304.9,10.0,2,2500,0,0,0,0,0,0
CF,COWLU,32.445614,-94.789861,0,GGG,304.9,2.5,125.0,7.5,2,2000,0,0,0,0,2,0
CF,RW13,32.391022,-94.718253,0,GGG,125.0,2.4,125.0,4.9,1,403,0,0,0,0,3,0
CA,0,125.0,2,765,0,0,0,0,0,0
CF,ARGEN,32.258861,-94.551067,0,GGG,125.7,14.0,126.0,11.0,2,3000,0,0,0,0,0,0
HM,ARGEN,32.258861,-94.551067,2, ,0.0,0.0,306.0,04.3,0,0,0,0,0,0,0,0,0

APPTR,D31,31,GGG
IF,GGG,32.417753,-94.753194, ,0.0,0.0,0,0,0,0,0,0,0,0
TF,KAPPS,32.326992,-94.637578,0, ,0.0,0.0,0.0,0.0,2,2000,0,0,0,0,0,0
PI,KAPPS,32.326992,-94.637578,2,GGG,81.0,15.0,126,5.0,2,2000,0,0,0,0,1,0

APPTR,D31,31,PIPES
IF,PIPES,32.183811,-94.746375, ,0.0,0.0,0,0,0,0,0,0,1,0
AF,ARGEN,32.258861,-94.551067,1,GGG,125.7,14.0,172.0,2,2000,0,0,0,0,0,0

APPTR,D31,31,PODCI
IF,PODCI,32.513119,-94.501386, ,0.0,0.0,0,0,0,0,0,0,1,0
AF,ARGEN,32.258861,-94.551067,2,GGG,125.7,14.0,59.0,2,2000,0,0,0,0,0,0

FINAL,D31,31,D,4
IF,ARGEN,32.258861,-94.551067,GGG,125.7,14.0,2,2000,0,0,0,0,0,0
CF,KAPPS,32.326992,-94.637578,0,GGG,125.7,8.0,306.0,6.0,2,1700,0,0,0,0,2,0
CF,JEPIN,32.349717,-94.666497,0,GGG,125.7,6.0,306.0,2.0,2,1060,0,0,0,0,0,0
CF,RW31,32.373525,-94.696739,0,GGG,125.7,3.9,306.0,2.1,1,406,0,0,0,0,3,0
CA,0,306.0,2,800,0,0,0,0,0,0
CF,PIPES,32.183811,-94.746375,1,GGG,171.5,14.0,172.0,11.0,2,2500,0,0,0,0,0,0
HM,PIPES,32.183811,-94.746375,2, ,0.0,0.0,352.0,04.3,0,0,0,0,0,0,0,0,0

APPTR,I13,13,GGG
IF,GGG,32.417753,-94.753194, ,0.0,0.0,0,0,0,0,0,0,0,0
TF,GG,32.455572,-94.797589,0, ,0.0,0.0,0.0,0.0,2,2500,0,0,0,0,0,0
PI,GG,32.455572,-94.797589,2,GGG,266.0,15.0,311,5.0,2,2500,0,0,0,0,1,0

APPTR,I13,13,GODHO
IF,GODHO,32.388117,-94.946928, ,0.0,0.0,0,0,0,0,0,0,1,0
AF,D299J,32.515817,-94.912656,2,GGG,299.0,10.0,253.0,2,2500,0,0,0,0,0,0
VI,0,IGGG,0.0,101.0,0,0,0,0,0,0,0,0

APPTR,I13,13,SKIDI
IF,SKIDI,32.565961,-94.662375, ,0.0,0.0,0,0,0,0,0,0,1,0
AF,WEKDI,32.571458,-94.830256,1,GGG,330.0,10.0,20.0,2,2600,0,0,0,0,0,0
AF,D322J,32.560864,-94.854761,1,GGG,322.0,10.0,330.0,2,2500,0,0,0,0,0,0
VI,0,IGGG,0.0,161.0,0,0,0,0,0,0,0,0

FINAL,I13,13,I,3
IF,GORDE,32.534022,-94.894619,IGGG,310.8,14.1,2,2500,0,0,0,0,0,0
CF,VEELS,32.455572,-94.797589,0,IGGG,310.8,7.3,131.0,6.8,1,2163,0,0,0,0,2,0
CF,RW13,32.391022,-94.718253,0,IGGG,310.8,1.7,131.0,5.6,1,400,0,0,0,0,3,0
CA,0,131.0,2,765,0,0,0,0,0,0
CF,ARGEN,32.258861,-94.551067,0,GGG,125.7,14.0,126.0,11.0,2,3000,0,0,0,0,0,0
HM,ARGEN,32.258861,-94.551067,2, ,0.0,0.0,306.0,04.3,0,0,0,1,230,0,0,0,0

APPTR,R13,13,AWLAR
IF,AWLAR,32.639058,-95.045342, ,0.0,0.0,0,0,0,0,0,0,1,0
TF,BOSME,32.531039,-94.890933,0, ,0.0,0.0,0.0,0.0,2,2600,0,0,0,0,1,0

APPTR,R13,13,GGG
IF,GGG,32.417753,-94.753194, ,0.0,0.0,0,0,0,0,0,0,0,0
TF,BOSME,32.531039,-94.890933,0, ,0.0,0.0,0.0,0.0,2,2600,0,0,0,0,0,1
HF,BOSME,32.531039,-94.890933,2, ,0.0,0.0,131.0,04,2,2600,0,1,230,0,1,0,0

APPTR,R13,13,GODHO
IF,GODHO,32.388117,-94.946928, ,0.0,0.0,0,0,0,0,0,0,0,0
TF,EYEPI,32.470781,-94.959075,0, ,0.0,0.0,0.0,0.0,2,2600,0,0,0,0,1,0
TF,BOSME,32.531039,-94.890933,0, ,0.0,0.0,0.0,0.0,2,2600,0,0,0,0,1,0

APPTR,R13,13,NEVER
IF,NEVER,32.635583,-94.619594, ,0.0,0.0,0,0,0,0,0,0,0,0
TF,CAPSO,32.591358,-94.822678,0, ,0.0,0.0,0.0,0.0,2,2600,0,0,0,0,1,0
TF,BOSME,32.531039,-94.890933,0, ,0.0,0.0,0.0,0.0,2,2600,0,0,0,0,1,0

FINAL,R13,13,R,4
IF,BOSME,32.531039,-94.890933, ,0.0,0.0,2,2600,0,0,0,0,0,0
TF,WALTS,32.458842,-94.801786,0, ,0.0,0.0,131.0,6.3,2,2300,0,0,0,0,2,0
TF,TOKUY,32.419900,-94.753797,0, ,0.0,0.0,131.0,3.4,2,1200,0,0,0,0,0,0
TF,RW13,32.391022,-94.718253,0, ,0.0,0.0,131.0,2.5,1,400,0,0,0,0,3,1
DF,FANAL,32.234725,-94.526522,0, ,0.0,0.0,2,3000,0,0,0,0,0,1
HM,FANAL,32.234725,-94.526522,2, ,0.0,0.0,311.0,04,0,0,0,1,230,0,0,0,0

APPTR,R18,18,AWLAR
IF,AWLAR,32.639058,-95.045342, ,0.0,0.0,0,0,0,0,0,0,1,0
TF,APIRE,32.594369,-94.721697,0, ,0.0,0.0,0.0,0.0,2,2600,0,0,0,0,1,0

APPTR,R18,18,GGG
IF,GGG,32.417753,-94.753194, ,0.0,0.0,0,0,0,0,0,0,0,0
TF,APIRE,32.594369,-94.721697,0, ,0.0,0.0,0.0,0.0,2,2600,0,0,0,0,0,1
HF,APIRE,32.594369,-94.721697,2, ,0.0,0.0,176.0,04,2,2600,0,0,0,0,1,0,0

APPTR,R18,18,WORKS
IF,WORKS,32.578244,-94.328264, ,0.0,0.0,0,0,0,0,0,0,0,0
TF,NEVER,32.635583,-94.619594,0, ,0.0,0.0,0.0,0.0,2,2600,0,0,0,0,1,0
TF,APIRE,32.594369,-94.721697,0, ,0.0,0.0,0.0,0.0,2,2600,0,0,0,0,1,0

FINAL,R18,18,R,4
IF,APIRE,32.594369,-94.721697, ,0.0,0.0,2,2600,0,0,0,0,0,0
TF,EMODE,32.488017,-94.719039,0, ,0.0,0.0,176.0,6.4,2,2200,0,0,0,0,2,0
TF,ZITAB,32.430742,-94.717611,0, ,0.0,0.0,176.0,3.4,2,1100,0,0,0,0,0,0
TF,RW18,32.394008,-94.716697,0, ,0.0,0.0,176.0,2.2,1,407,0,0,0,0,3,1
CA,0,176.0,2,628,0,0,0,0,0,0
DF,AMUTE,32.285103,-94.713989,0, ,0.0,0.0,0,0,0,0,0,0,0,0
TF,PIPES,32.183811,-94.746375,0, ,0.0,0.0,0.0,0.0,2,2400,0,0,0,0,0,1
HM,PIPES,32.183811,-94.746375,2, ,0.0,0.0,12.0,04,0,0,0,0,0,0,0,0,0

APPTR,R31,31,ARMOR
IF,ARMOR,31.629908,-94.730314, ,0.0,0.0,0,0,0,0,0,0,0,0
TF,AROBE,32.174425,-94.594467,0, ,0.0,0.0,0.0,0.0,2,3000,0,0,0,0,1,0
TF,FANAL,32.234725,-94.526522,0, ,0.0,0.0,0.0,0.0,2,3000,0,0,0,0,1,0

APPTR,R31,31,CARTH
IF,CARTH,32.127406,-94.177208, ,0.0,0.0,0,0,0,0,0,0,1,0
TF,FANAL,32.234725,-94.526522,0, ,0.0,0.0,0.0,0.0,2,3000,0,0,0,0,1,0

APPTR,R31,31,GGG
IF,GGG,32.417753,-94.753194, ,0.0,0.0,0,0,0,0,0,0,0,0
TF,FANAL,32.234725,-94.526522,0, ,0.0,0.0,0.0,0.0,2,3000,0,0,0,0,0,1
HF,FANAL,32.234725,-94.526522,2, ,0.0,0.0,311.0,04,2,3000,0,1,230,0,1,0,0

APPTR,R31,31,GIDER
IF,GIDER,32.411297,-94.233564, ,0.0,0.0,0,0,0,0,0,0,0,0
TF,EDUDE,32.294986,-94.458489,0, ,0.0,0.0,0.0,0.0,2,3000,0,0,0,0,1,0
TF,FANAL,32.234725,-94.526522,0, ,0.0,0.0,0.0,0.0,2,3000,0,0,0,0,1,0

FINAL,R31,31,R,4
IF,FANAL,32.234725,-94.526522, ,0.0,0.0,2,3000,0,0,0,0,0,0
TF,BETSE,32.309303,-94.617881,0, ,0.0,0.0,311.0,6.5,2,2200,0,0,0,0,2,0
TF,JUPAT,32.344631,-94.661233,0, ,0.0,0.0,311.0,3.1,2,1200,0,0,0,0,0,0
TF,RW31,32.373525,-94.696739,0, ,0.0,0.0,311.0,2.5,1,404,0,0,0,0,3,1
DF,BOSME,32.531039,-94.890933,0, ,0.0,0.0,2,2600,0,0,0,0,0,1
HM,BOSME,32.531039,-94.890933,2, ,0.0,0.0,131.0,04,0,0,0,1,230,0,0,0,0

APPTR,R36,36,GGG
IF,GGG,32.417753,-94.753194, ,0.0,0.0,0,0,0,0,0,0,0,0
TF,PIPES,32.183811,-94.746375,0, ,0.0,0.0,0.0,0.0,2,2400,0,0,0,0,0,1
HF,PIPES,32.183811,-94.746375,2, ,0.0,0.0,12.0,04,2,2400,0,0,0,0,1,0,0

APPTR,R36,36,GODHO
IF,GODHO,32.388117,-94.946928, ,0.0,0.0,0,0,0,0,0,0,0,0
TF,DIDRE,32.205536,-94.840939,0, ,0.0,0.0,0.0,0.0,2,2800,0,0,0,0,1,0
TF,PIPES,32.183811,-94.746375,0, ,0.0,0.0,0.0,0.0,2,2400,0,0,0,0,1,0

APPTR,R36,36,SPOUT
IF,SPOUT,32.299656,-94.517814, ,0.0,0.0,0,0,0,0,0,0,0,0
TF,BITBE,32.162058,-94.651325,0, ,0.0,0.0,0.0,0.0,2,2400,0,0,0,0,1,0
TF,PIPES,32.183811,-94.746375,0, ,0.0,0.0,0.0,0.0,2,2400,0,0,0,0,1,0

FINAL,R36,36,R,4
IF,PIPES,32.183811,-94.746375, ,0.0,0.0,2,2400,0,0,0,0,0,0
TF,AMUTE,32.285103,-94.713989,0, ,0.0,0.0,12.0,6.3,2,2200,0,0,0,0,2,0
TF,BOYAN,32.327131,-94.715033,0, ,0.0,0.0,356.0,2.5,2,1380,0,0,0,0,0,0
TF,RW36,32.377225,-94.716281,0, ,0.0,0.0,356.0,3.0,1,416,0,0,0,0,3,1
DF,APIRE,32.594369,-94.721697,0, ,0.0,0.0,2,2600,0,0,0,0,0,1
HM,APIRE,32.594369,-94.721697,2, ,0.0,0.0,176.0,04,0,0,0,0,0,0,0,0,0

APPTR,T13,13,AWLAR
IF,AWLAR,32.639058,-95.045342, ,0.0,0.0,0,0,0,0,0,0,1,0
TF,WYATE,32.529114,-94.899925,0, ,0.0,0.0,0.0,0.0,2,2500,0,0,0,0,1,0

APPTR,T13,13,GGG
PI,GGG,32.417753,-94.753194,2,GGG,260.0,15.0,305,5.0,2,2500,0,0,0,0,1,0

APPTR,T13,13,GODHO
IF,GODHO,32.388117,-94.946928, ,0.0,0.0,0,0,0,0,0,0,1,0
AF,WYATE,32.529114,-94.899925,2,GGG,304.9,10.0,253.0,2,2500,0,0,0,0,1,0

APPTR,T13,13,SKIDI
IF,SKIDI,32.565961,-94.662375, ,0.0,0.0,0,0,0,0,0,0,1,0
AF,WEKDI,32.571458,-94.830256,1,GGG,330.0,10.0,20.0,2,2600,0,0,0,0,0,0
AF,WYATE,32.529114,-94.899925,1,GGG,304.9,10.0,330.0,2,2500,0,0,0,0,1,0

FINAL,T13,13,D,3
IF,WYATE,32.529114,-94.899925,GGG,304.9,10.0,2,2500,0,0,0,0,0,0
CF,COWLU,32.445614,-94.789861,0,GGG,304.9,2.5,125.0,7.5,2,2000,0,0,0,0,2,0
CF,RW13,32.391022,-94.718253,0,GGG,125.0,2.4,125.0,4.9,1,403,0,0,0,0,3,0
CA,0,125.0,2,765,0,0,0,0,0,0
CF,ARGEN,32.258861,-94.551067,0,GGG,125.7,14.0,126.0,11.0,2,3000,0,0,0,0,0,0
HM,ARGEN,32.258861,-94.551067,2, ,0.0,0.0,306.0,04.3,0,0,0,0,0,0,0,0,0

APPTR,T31,31,GGG
IF,GGG,32.417753,-94.753194, ,0.0,0.0,0,0,0,0,0,0,0,0
TF,KAPPS,32.326992,-94.637578,0, ,0.0,0.0,0.0,0.0,2,2000,0,0,0,0,0,0
PI,KAPPS,32.326992,-94.637578,2,GGG,81.0,15.0,126,5.0,2,2000,0,0,0,0,1,0

APPTR,T31,31,PIPES
IF,PIPES,32.183811,-94.746375, ,0.0,0.0,0,0,0,0,0,0,1,0
AF,ARGEN,32.258861,-94.551067,1,GGG,125.7,14.0,172.0,2,2000,0,0,0,0,0,0

APPTR,T31,31,PODCI
IF,PODCI,32.513119,-94.501386, ,0.0,0.0,0,0,0,0,0,0,1,0
AF,ARGEN,32.258861,-94.551067,2,GGG,125.7,14.0,59.0,2,2000,0,0,0,0,0,0

FINAL,T31,31,D,4
IF,ARGEN,32.258861,-94.551067,GGG,125.7,14.0,2,2000,0,0,0,0,0,0
CF,KAPPS,32.326992,-94.637578,0,GGG,125.7,8.0,306.0,6.0,2,1700,0,0,0,0,2,0
CF,JEPIN,32.349717,-94.666497,0,GGG,125.7,6.0,306.0,2.0,2,1060,0,0,0,0,0,0
CF,RW31,32.373525,-94.696739,0,GGG,125.7,3.9,306.0,2.1,1,406,0,0,0,0,3,0
CA,0,306.0,2,800,0,0,0,0,0,0
CF,PIPES,32.183811,-94.746375,1,GGG,171.5,14.0,172.0,11.0,2,2500,0,0,0,0,0,0
HM,PIPES,32.183811,-94.746375,2, ,0.0,0.0,352.0,04.3,0,0,0,0,0,0,0,0,0

APPTR,V13-A,13,GGG
PI,GGG,32.417753,-94.753194,2,GGG,260.0,10.0,305,5.0,2,2600,0,0,0,0,1,0
CF,GGG,32.417753,-94.753194,0,GGG,0.0,0.0,125.0,8.0,2,1400,0,0,0,0,0,0

FINAL,V13-A,13,D,2
IF,GGG,32.417753,-94.753194,GGG,0.0,0.0,2,1400,0,0,0,0,2,0
CF,RW13,32.391022,-94.718253,0,GGG,125.0,2.4,125.0,2.4,1,403,0,0,0,0,3,0
CF,ARGEN,32.258861,-94.551067,0,GGG,125.7,14.0,126.0,12.0,2,3000,0,0,0,0,0,0
HM,ARGEN,32.258861,-94.551067,2, ,0.0,0.0,306.0,04.3,0,0,0,0,0,0,0,0,0

