APPTR,D31,31,RIDCO
IF,RIDCO,41.624539,-92.343322, ,0.0,0.0,0,0,0,0,0,0,1,0
TF,FRUIT,41.681822,-92.615431,0, ,0.0,0.0,0.0,0.0,2,2700,0,0,0,0,0,0

APPTR,D31,31,TNU
IF,TNU,41.783883,-93.109033, ,0.0,0.0,0,0,0,0,0,0,0,0
TF,FRUIT,41.681822,-92.615431,0, ,0.0,0.0,0.0,0.0,2,2700,0,0,0,0,0,0
HF,FRUIT,41.681822,-92.615431,2, ,0.0,0.0,282.0,04.3,2,2700,0,0,0,0,1,0,0

FINAL,D31,31,D,2
IF,FRUIT,41.681822,-92.615431,TNU,102.3,23.0,2,2700,0,0,0,0,2,0
CF,RW31,41.705572,-92.729350,0,TNU,102.3,17.7,282.0,5.3,1,1042,0,0,0,0,3,0
CA,0,282.0,2,2700,0,0,0,0,0,0
CF,FRUIT,41.681822,-92.615431,2,TNU,102.3,23.0,102.0,9.0,0,0,0,0,0,0,0,0
HM,FRUIT,41.681822,-92.615431,2, ,0.0,0.0,282.0,04.3,0,0,0,0,0,0,0,0,0

APPTR,R13,13,BAXKO
HF,BAXKO,41.837642,-92.932508,2, ,0.0,0.0,129.0,04,2,3000,0,0,0,0,1,0,0

APPTR,R13,13,BEIGE
IF,BEIGE,41.858000,-92.183294, ,0.0,0.0,0,0,0,0,0,0,0,0
TF,CIRYI,41.900633,-92.859444,0, ,0.0,0.0,0.0,0.0,2,3000,0,0,0,0,1,0
TF,BAXKO,41.837642,-92.932508,0, ,0.0,0.0,0.0,0.0,2,3000,0,0,0,0,1,0

APPTR,R13,13,SINGR
IF,SINGR,41.468556,-92.965586, ,0.0,0.0,0,0,0,0,0,0,0,0
TF,DEFSA,41.774603,-93.005431,0, ,0.0,0.0,0.0,0.0,2,3000,0,0,0,0,1,0
TF,BAXKO,41.837642,-92.932508,0, ,0.0,0.0,0.0,0.0,2,3000,0,0,0,0,1,0

FINAL,R13,13,R,3
IF,BAXKO,41.837642,-92.932508, ,0.0,0.0,2,3000,0,0,0,0,0,0
TF,APADY,41.770975,-92.829786,0, ,0.0,0.0,129.0,6.1,2,2700,0,0,0,0,2,0
TF,RW13,41.714219,-92.742611,0, ,0.0,0.0,129.0,5.2,1,1024,0,0,0,0,3,1
DF,PICRA,41.583533,-92.542858,0, ,0.0,0.0,2,3000,0,0,0,0,0,1
HM,PICRA,41.583533,-92.542858,2, ,0.0,0.0,309.0,04,0,0,0,0,0,0,0,0,0

APPTR,R31,31,GUERN
IF,GUERN,41.676506,-92.233953, ,0.0,0.0,0,0,0,0,0,0,1,0
TF,PICRA,41.583533,-92.542858,0, ,0.0,0.0,0.0,0.0,2,3000,0,0,0,0,1,0

APPTR,R31,31,NASAL
IF,NASAL,41.482122,-92.640989, ,0.0,0.0,0,0,0,0,0,0,1,0
TF,PICRA,41.583533,-92.542858,0, ,0.0,0.0,0.0,0.0,2,3000,0,0,0,0,1,0

APPTR,R31,31,PICRA
HF,PICRA,41.583533,-92.542858,2, ,0.0,0.0,309.0,04,0,0,0,0,0,0,1,0,0

FINAL,R31,31,R,3
IF,PICRA,41.583533,-92.542858, ,0.0,0.0,2,3000,0,0,0,0,0,0
TF,IMOGE,41.652883,-92.648692,0, ,0.0,0.0,309.0,6.3,2,2600,0,0,0,0,2,0
TF,RW31,41.705572,-92.729350,0, ,0.0,0.0,309.0,4.8,1,1048,0,0,0,0,3,1
DF,BAXKO,41.837642,-92.932508,0, ,0.0,0.0,2,3000,0,0,0,0,0,1
HM,BAXKO,41.837642,-92.932508,2, ,0.0,0.0,129.0,04,0,0,0,0,0,0,0,0,0

