STAR,WOONS2,ALL,2
IF,ORW,41.556403,-71.999353, ,0.0,0.0,0,0,0,0,0,0,0,0
TF,JEWIT,41.696089,-71.825883,0, ,0.0,0.0,0.0,0.0,0,0,0,0,0,0,0,0
TF,FOSTY,41.843183,-71.642039,0, ,0.0,0.0,0.0,0.0,0,0,0,0,0,0,0,0
TF,HEFTY,41.905331,-71.563997,0, ,0.0,0.0,0.0,0.0,0,0,0,0,0,0,0,0
TF,WOONS,41.950575,-71.507039,0, ,0.0,0.0,0.0,0.0,0,0,0,0,0,0,0,0

APPTR,N24,24,BOS
IF,BOS,42.357450,-70.989547, ,0.0,0.0,0,0,0,0,0,0,0,0
TF,MARSO,42.153064,-70.575908,0, ,0.0,0.0,0.0,0.0,2,2000,0,0,0,0,0,0
HF,MARSO,42.153064,-70.575908,1, ,0.0,0.0,249.0,04.3,2,2000,0,0,0,0,1,0,0

APPTR,N24,24,BURDY
IF,BURDY,41.955317,-70.952069, ,0.0,0.0,0,0,0,0,0,0,0,0
TF,IMR,42.098006,-70.675797,0, ,0.0,0.0,0.0,0.0,2,2000,0,0,0,0,0,0
TF,MARSO,42.153064,-70.575908,0, ,0.0,0.0,0.0,0.0,2,2000,0,0,0,0,0,0
HF,MARSO,42.153064,-70.575908,1, ,0.0,0.0,249.0,04.3,2,2000,0,0,0,0,1,0,0

APPTR,N24,24,GAILS
IF,GAILS,41.869031,-70.402136, ,0.0,0.0,0,0,0,0,0,0,0,0
TF,IMR,42.098006,-70.675797,0, ,0.0,0.0,0.0,0.0,2,2000,0,0,0,0,0,0
TF,MARSO,42.153064,-70.575908,0, ,0.0,0.0,0.0,0.0,2,2000,0,0,0,0,0,0
HF,MARSO,42.153064,-70.575908,1, ,0.0,0.0,249.0,04.3,2,2000,0,0,0,0,1,0,0

FINAL,N24,24,N,2
IF,MARSO,42.153064,-70.575908,IMR,0.0,0.0,2,1700,0,0,0,0,2,0
CF,RW24,42.100639,-70.668642,0,IMR,0.0,0.0,249.0,5.2,1,44,0,0,0,0,3,0
CF,IMR,42.098006,-70.675797,0,BOS,154.0,20.9,249.0,0.4,0,0,0,0,0,0,0,0
CA,0,249.0,2,410,0,0,0,0,0,0
CF,QWOTA,42.026361,-70.748922,0,BOS,167.5,22.6,233.0,4.7,2,2000,0,0,0,0,0,0
HM,QWOTA,42.026361,-70.748922,1, ,0.0,0.0,53.0,04.3,0,0,0,0,0,0,0,0,0

APPTR,R06,06,BOS
IF,BOS,42.357450,-70.989547, ,0.0,0.0,0,0,0,0,0,0,0,0
TF,JUDMU,41.978261,-70.952603,0, ,0.0,0.0,0.0,0.0,2,2000,0,0,0,0,1,0
TF,MONSO,41.976772,-70.840892,0, ,0.0,0.0,0.0,0.0,2,2000,0,0,0,0,1,0

FINAL,R06,06,R,3
IF,MONSO,41.976772,-70.840892, ,0.0,0.0,2,2000,0,0,0,0,0,0
TF,HUDPO,42.034397,-70.760875,0, ,0.0,0.0,62.0,5.0,2,1700,0,0,0,0,2,0
TF,RW06,42.094358,-70.677400,0, ,0.0,0.0,62.0,5.2,1,50,0,0,0,0,3,1
CA,0,62.0,2,800,0,0,0,0,0,0
DF,JUDMU,41.978261,-70.952603,1, ,0.0,0.0,2,2000,0,0,0,0,0,1
HM,JUDMU,41.978261,-70.952603,2, ,0.0,0.0,107.0,04,0,0,0,0,0,0,0,0,0

APPTR,R24,24,BOS
IF,BOS,42.357450,-70.989547, ,0.0,0.0,0,0,0,0,0,0,0,0
TF,TONNI,42.373350,-70.613533,0, ,0.0,0.0,0.0,0.0,2,3300,0,0,0,0,1,0
TF,WUGNI,42.231158,-70.486003,0, ,0.0,0.0,0.0,0.0,2,2000,0,0,0,0,1,0

APPTR,R24,24,GAILS
IF,GAILS,41.869031,-70.402136, ,0.0,0.0,0,0,0,0,0,0,0,0
TF,VUPBU,42.158903,-70.392961,0, ,0.0,0.0,0.0,0.0,2,2000,0,0,0,0,1,0
TF,WUGNI,42.231158,-70.486003,0, ,0.0,0.0,0.0,0.0,2,2000,0,0,0,0,1,0

FINAL,R24,24,R,3
IF,WUGNI,42.231158,-70.486003, ,0.0,0.0,2,2000,0,0,0,0,0,0
TF,HUDAG,42.160742,-70.584686,0, ,0.0,0.0,242.0,6.1,2,1700,0,0,0,0,2,0
TF,RW24,42.100639,-70.668642,0, ,0.0,0.0,242.0,5.2,1,44,0,0,0,0,3,1
CA,0,242.0,2,359,0,0,0,0,0,0
DF,WUGLA,42.054764,-70.732547,0, ,0.0,0.0,0,0,0,0,0,0,0,0
TF,JUDMU,41.978261,-70.952603,0, ,0.0,0.0,0.0,0.0,2,2000,0,0,0,0,0,1
HM,JUDMU,41.978261,-70.952603,2, ,0.0,0.0,107.0,04,0,0,0,0,0,0,0,0,0

