APPTR,R35,35,ARIWU
HF,ARIWU,32.482136,-102.645986,2, ,0.0,0.0,350.0,05,2,6000,0,0,0,0,1,0,0

APPTR,R35,35,HOZGI
IF,HOZGI,32.483017,-102.547475, ,0.0,0.0,2,6000,0,0,0,0,1,0
TF,ARIWU,32.482136,-102.645986,0, ,0.0,0.0,0.0,0.0,2,6000,0,0,0,0,1,0

APPTR,R35,35,YOUDO
IF,YOUDO,32.481181,-102.744494, ,0.0,0.0,2,6000,0,0,0,0,1,0
TF,ARIWU,32.482136,-102.645986,0, ,0.0,0.0,0.0,0.0,2,6000,0,0,0,0,1,0

FINAL,R35,35,R,4
IF,ARIWU,32.482136,-102.645986, ,0.0,0.0,2,6000,0,0,0,0,0,0
TF,APQIT,32.582500,-102.647289,0, ,0.0,0.0,350.0,6.0,2,4900,0,0,0,0,2,0
TF,EPHOC,32.631597,-102.647928,0, ,0.0,0.0,350.0,2.9,2,3940,0,0,0,0,0,0
TF,RW35,32.664986,-102.648361,0, ,0.0,0.0,350.0,2.0,1,3305,0,0,0,0,3,1
DF,OSHWA,32.831981,-102.650536,0, ,0.0,0.0,2,6000,0,0,0,0,0,1
HM,OSHWA,32.831981,-102.650536,2, ,0.0,0.0,170.0,05,0,0,0,0,0,0,0,0,0

