APPTR,R18,18,ALLOE
IF,ALLOE,39.912125,-87.178442, ,0.0,0.0,0,0,0,0,0,0,0,0
TF,PURTE,39.825828,-86.945297,0, ,0.0,0.0,0.0,0.0,2,2500,0,0,0,0,1,0
TF,FAMTU,39.823853,-86.809036,0, ,0.0,0.0,0.0,0.0,2,2500,0,0,0,0,1,0

APPTR,R18,18,FAMTU
HF,FAMTU,39.823853,-86.809036,2, ,0.0,0.0,184.0,04,2,2500,0,0,0,0,1,0,0

APPTR,R18,18,VHP
IF,VHP,39.814728,-86.367500, ,0.0,0.0,0,0,0,0,0,0,0,0
TF,GALPE,39.821719,-86.672783,0, ,0.0,0.0,0.0,0.0,2,2600,0,0,0,0,1,0
TF,FAMTU,39.823853,-86.809036,0, ,0.0,0.0,0.0,0.0,2,2500,0,0,0,0,1,0

FINAL,R18,18,R,4
IF,FAMTU,39.823853,-86.809036, ,0.0,0.0,2,2500,0,0,0,0,0,0
TF,JOBKO,39.725661,-86.811517,0, ,0.0,0.0,184.0,5.9,2,2500,0,0,0,0,2,0
TF,MAQUI,39.667089,-86.812981,0, ,0.0,0.0,184.0,3.5,2,1380,0,0,0,0,0,0
TF,RW18,39.640406,-86.813644,0, ,0.0,0.0,184.0,1.6,1,872,0,0,0,0,3,1
CA,0,184.0,2,1106,0,0,0,0,0,0
DF,EYUTA,39.443231,-86.818578,0, ,0.0,0.0,2,2500,0,0,0,0,0,1
HM,EYUTA,39.443231,-86.818578,2, ,0.0,0.0,4.0,04,0,0,0,0,0,0,0,0,0

APPTR,R36,36,EYUTA
HF,EYUTA,39.443231,-86.818578,2, ,0.0,0.0,4.0,04,2,2500,0,0,0,0,1,0,0

APPTR,R36,36,TTH
IF,TTH,39.488942,-87.249014, ,0.0,0.0,0,0,0,0,0,0,0,0
TF,HADBI,39.445189,-86.954094,0, ,0.0,0.0,0.0,0.0,2,2500,0,0,0,0,1,0
TF,EYUTA,39.443231,-86.818578,0, ,0.0,0.0,0.0,0.0,2,2500,0,0,0,0,1,0

APPTR,R36,36,ZARHO
IF,ZARHO,39.483331,-86.404997, ,0.0,0.0,0,0,0,0,0,0,0,0
TF,JANIX,39.441117,-86.683069,0, ,0.0,0.0,0.0,0.0,2,2500,0,0,0,0,1,0
TF,EYUTA,39.443231,-86.818578,0, ,0.0,0.0,0.0,0.0,2,2500,0,0,0,0,1,0

FINAL,R36,36,R,4
IF,EYUTA,39.443231,-86.818578, ,0.0,0.0,2,2500,0,0,0,0,0,0
TF,AGUYU,39.545200,-86.816017,0, ,0.0,0.0,4.0,6.1,2,2400,0,0,0,0,2,0
TF,MEWED,39.594989,-86.814778,0, ,0.0,0.0,4.0,3.0,2,1440,0,0,0,0,0,0
TF,RW36,39.626675,-86.813989,0, ,0.0,0.0,4.0,1.9,1,844,0,0,0,0,3,1
CA,0,4.0,2,1079,0,0,0,0,0,0
DF,FAMTU,39.823853,-86.809036,0, ,0.0,0.0,2,2500,0,0,0,0,0,1
HM,FAMTU,39.823853,-86.809036,2, ,0.0,0.0,184.0,04,0,0,0,0,0,0,0,0,0

APPTR,V18-A,18,VHP
IF,VHP,39.814728,-86.367500, ,0.0,0.0,2,2600,0,0,0,0,1,0
TF,AYOCA,39.736244,-86.558339,0, ,0.0,0.0,0.0,0.0,2,2600,0,0,0,0,1,0

FINAL,V18-A,18,D,3
IF,AYOCA,39.736244,-86.558339,VHP,241.0,10.0,2,2600,0,0,0,0,0,0
CF,AVAIL,39.673242,-86.710644,0,VHP,241.0,18.0,241.0,8.0,2,2500,0,0,0,0,2,0
CF,BARAY,39.632689,-86.808275,0,VHP,241.0,23.1,241.0,5.1,1,1480,0,0,0,0,3,0
CA,0,241.0,2,1700,0,0,0,0,0,0
CF,AVAIL,39.673242,-86.710644,2,VHP,241.0,18.0,61.0,5.1,2,2500,0,0,0,0,0,0
HM,AVAIL,39.673242,-86.710644,2, ,0.0,0.0,241.0,04.3,0,0,0,0,0,0,0,0,0

APPTR,V36-A,36,VHP
IF,VHP,39.814728,-86.367500, ,0.0,0.0,2,2600,0,0,0,0,1,0
TF,AYOCA,39.736244,-86.558339,0, ,0.0,0.0,0.0,0.0,2,2600,0,0,0,0,1,0

FINAL,V36-A,36,D,3
IF,AYOCA,39.736244,-86.558339,VHP,241.0,10.0,2,2600,0,0,0,0,0,0
CF,AVAIL,39.673242,-86.710644,0,VHP,241.0,18.0,241.0,8.0,2,2500,0,0,0,0,2,0
CF,BARAY,39.632689,-86.808275,0,VHP,241.0,23.1,241.0,5.1,1,1480,0,0,0,0,3,0
CA,0,241.0,2,1700,0,0,0,0,0,0
CF,AVAIL,39.673242,-86.710644,2,VHP,241.0,18.0,61.0,5.1,2,2500,0,0,0,0,0,0
HM,AVAIL,39.673242,-86.710644,2, ,0.0,0.0,241.0,04.3,0,0,0,0,0,0,0,0,0

