APPTR,D05,05,GUBEC
IF,GUBEC,33.607961,-90.328236, ,0.0,0.0,0,0,0,0,0,0,1,0
AF,FIRIG,33.435883,-90.453492,1,SQS,256.3,9.0,341.0,2,2500,0,0,0,0,1,0

APPTR,D05,05,SQS
IF,SQS,33.463850,-90.277350, ,0.0,0.0,3,6000,0,0,0,0,0,0
PI,SQS,33.463850,-90.277350,1,SQS,301.0,10.0,256,5.0,2,2600,0,0,0,0,1,0

APPTR,D05,05,YONUD
IF,YONUD,33.315147,-90.251447, ,0.0,0.0,0,0,0,0,0,0,1,0
AF,FIRIG,33.435883,-90.453492,2,SQS,256.3,9.0,169.0,2,2500,0,0,0,0,1,0

FINAL,D05,05,D,4
IF,FIRIG,33.435883,-90.453492,SQS,256.3,9.0,2,2500,0,0,0,0,0,0
CF,SQS,33.463850,-90.277350,0,SQS,0.0,0.0,76.0,9.0,2,2500,0,0,0,0,2,0
CF,COTMU,33.485139,-90.142217,0,SQS,76.3,6.9,76.0,6.9,2,880,0,0,0,0,0,0
CF,RW05,33.493150,-90.091114,0,SQS,76.3,9.5,76.0,2.6,1,175,0,0,0,0,3,0
CA,0,76.0,2,560,0,0,0,0,0,0
DF,SQS,33.463850,-90.277350,2, ,0.0,0.0,2,2500,0,0,0,0,0,0
HM,SQS,33.463850,-90.277350,1, ,0.0,0.0,76.0,04.3,0,0,0,0,0,0,0,0,0

APPTR,I18,18,SQS
IF,SQS,33.463850,-90.277350, ,0.0,0.0,0,0,0,0,0,0,0,0
TF,TEOCK,33.592039,-90.085244,0, ,0.0,0.0,0.0,0.0,2,2100,0,0,0,0,0,0
PI,TEOCK,33.592039,-90.085244,2,SQS,317.0,10.0,002,5.0,2,2100,0,0,0,0,1,0

FINAL,I18,18,I,3
IF,PASWU,33.697975,-90.082072,IGWO,2.4,13.1,2,2100,0,0,0,0,0,0
CF,TEOCK,33.592039,-90.085244,0,IGWO,2.4,6.7,182.0,6.4,1,1999,0,0,0,0,2,0
CF,RW18,33.499131,-90.088017,0,IGWO,2.4,1.2,182.0,5.6,1,196,0,0,0,0,3,0
CA,0,182.0,2,1000,0,0,0,0,0,0
DF,SQS,33.463850,-90.277350,2, ,0.0,0.0,2,2500,0,0,0,0,0,0
HM,SQS,33.463850,-90.277350,1, ,0.0,0.0,76.0,04.3,0,0,0,0,0,0,0,0,0

APPTR,R05,05,HIVBI
HF,HIVBI,33.362961,-90.292983,2, ,0.0,0.0,53.0,04,2,2500,0,0,0,0,1,0,0

FINAL,R05,05,R,4
IF,HIVBI,33.362961,-90.292983, ,0.0,0.0,2,2500,0,0,0,0,0,0
TF,PORIY,33.444442,-90.166772,0, ,0.0,0.0,53.0,8.0,2,1700,0,0,0,0,2,0
TF,ZESBU,33.475864,-90.117983,0, ,0.0,0.0,53.0,3.1,2,700,0,0,0,0,0,0
TF,RW05,33.493150,-90.091114,0, ,0.0,0.0,53.0,1.7,1,175,0,0,0,0,3,1
CA,0,53.0,2,600,0,0,0,0,0,0
DF,HIVBI,33.362961,-90.292983,1, ,0.0,0.0,2,2500,0,0,0,0,0,1
HM,HIVBI,33.362961,-90.292983,2, ,0.0,0.0,53.0,04,0,0,0,0,0,0,0,0,0

APPTR,R18,18,ZUBUK
HF,ZUBUK,33.732522,-90.081044,2, ,0.0,0.0,182.0,04,2,2100,0,0,0,0,1,0,0

FINAL,R18,18,R,4
IF,ZUBUK,33.732522,-90.081044, ,0.0,0.0,2,2100,0,0,0,0,0,0
TF,EGCUP,33.598947,-90.085039,0, ,0.0,0.0,182.0,8.0,2,2100,0,0,0,0,2,0
TF,JOBIV,33.527508,-90.087172,0, ,0.0,0.0,182.0,4.3,2,720,0,0,0,0,0,0
TF,RW18,33.499131,-90.088017,0, ,0.0,0.0,182.0,1.7,1,196,0,0,0,0,3,1
CA,0,182.0,2,471,0,0,0,0,0,0
DF,YECUD,33.258039,-90.095181,0, ,0.0,0.0,2,2100,0,0,0,0,0,1
HM,YECUD,33.258039,-90.095181,2, ,0.0,0.0,2.0,04,0,0,0,0,0,0,0,0,0

APPTR,R36,36,YECUD
HF,YECUD,33.258039,-90.095181,2, ,0.0,0.0,2.0,04,2,2100,0,0,0,0,1,0,0

FINAL,R36,36,R,4
IF,YECUD,33.258039,-90.095181, ,0.0,0.0,2,2100,0,0,0,0,0,0
TF,KUBBY,33.391583,-90.091217,0, ,0.0,0.0,2.0,8.0,2,1900,0,0,0,0,2,0
TF,WABAV,33.439539,-90.089789,0, ,0.0,0.0,2.0,2.9,2,980,0,0,0,0,0,0
TF,RW36,33.481269,-90.088547,0, ,0.0,0.0,2.0,2.5,1,189,0,0,0,0,3,1
CA,0,2.0,2,389,0,0,0,0,0,0
DF,ZUBUK,33.732522,-90.081044,0, ,0.0,0.0,2,2100,0,0,0,0,0,1
HM,ZUBUK,33.732522,-90.081044,2, ,0.0,0.0,182.0,04,0,0,0,0,0,0,0,0,0

