SID,BIMMR1,ALL,5
IF,ZNTRM,34.768594,-81.958700, ,0.0,0.0,0,0,0,0,0,0,0,0
TF,ZZCAR,34.725931,-81.871781,0, ,0.0,0.0,0.0,0.0,0,0,0,0,0,0,0,0
TF,BIMMR,34.855167,-81.612608,0, ,0.0,0.0,0.0,0.0,0,0,0,0,0,0,0,0

SID,BIMMR1,ACERB,6
IF,BIMMR,34.855167,-81.612608, ,0.0,0.0,0,0,0,0,0,0,0,0
TF,ACERB,35.098956,-81.128606,0, ,0.0,0.0,0.0,0.0,0,0,0,0,0,0,0,0

SID,BIMMR1,DRIVN,6
IF,BIMMR,34.855167,-81.612608, ,0.0,0.0,0,0,0,0,0,0,0,0
TF,ACERB,35.098956,-81.128606,0, ,0.0,0.0,0.0,0.0,0,0,0,0,0,0,0,0
TF,DRIVN,35.214925,-80.896178,0, ,0.0,0.0,0.0,0.0,0,0,0,0,0,0,0,0

SID,BWALL1,ALL,5
IF,HALJO,34.992136,-82.015042, ,0.0,0.0,0,0,0,0,0,0,0,0
TF,ALYSA,35.094358,-81.941536,0, ,0.0,0.0,0.0,0.0,0,0,0,0,0,0,0,0
TF,BWALL,35.216897,-82.030003,0, ,0.0,0.0,0.0,0.0,0,0,0,0,0,0,0,0

SID,BWALL1,JLENA,6
IF,BWALL,35.216897,-82.030003, ,0.0,0.0,0,0,0,0,0,0,0,0
TF,JLENA,35.569753,-82.286517,0, ,0.0,0.0,0.0,0.0,0,0,0,0,0,0,0,0

STAR,JUNNR2,FUBLL,4
IF,FUBLL,37.141528,-79.454131, ,0.0,0.0,0,0,0,0,0,0,0,0
TF,GMONY,36.552847,-80.111997,0, ,0.0,0.0,0.0,0.0,0,0,0,0,0,0,0,0
TF,WAMUR,36.196906,-80.443644,0, ,0.0,0.0,0.0,0.0,0,0,0,0,0,0,0,0
TF,JUNNR,35.892942,-80.651942,0, ,0.0,0.0,0.0,0.0,0,0,0,0,0,0,0,0

STAR,JUNNR2,ALL,5
IF,JUNNR,35.892942,-80.651942, ,0.0,0.0,0,0,0,0,0,0,0,0
TF,OPENS,35.430833,-80.965667,0, ,0.0,0.0,0.0,0.0,0,0,0,0,0,0,0,0
TF,YELKS,35.342456,-81.028822,0, ,0.0,0.0,0.0,0.0,0,0,0,0,0,0,0,0
TF,KWOOD,35.171908,-81.149892,0, ,0.0,0.0,0.0,0.0,0,0,0,0,0,0,0,0
TF,TANCE,35.091144,-81.604756,0, ,0.0,0.0,0.0,0.0,0,0,0,0,0,0,0,0
TF,SPA,35.033625,-81.927011,0, ,0.0,0.0,0.0,0.0,0,0,0,0,0,0,0,1
VM,34.758306,-82.376417,0,264.0,0,0,0,0,0,0,0,0

STAR,MCHLN1,PROVN,4
IF,PROVN,33.883203,-81.966014, ,0.0,0.0,0,0,0,0,0,0,0,0
TF,MCHLN,34.236772,-81.978753,0, ,0.0,0.0,0.0,0.0,0,0,0,0,0,0,0,0

STAR,MCHLN1,ALL,5
IF,MCHLN,34.236772,-81.978753, ,0.0,0.0,0,0,0,0,0,0,0,0
TF,TYRES,34.459183,-81.986239,0, ,0.0,0.0,0.0,0.0,0,0,0,0,0,0,0,1
VM,34.758306,-82.376417,0,4.0,0,0,0,0,0,0,0,0

STAR,RCTOR1,DAJPI,4
IF,DAJPI,35.779881,-82.638572, ,0.0,0.0,0,0,0,0,0,0,0,0
TF,LUVTT,35.501528,-82.399439,0, ,0.0,0.0,0.0,0.0,0,0,0,0,0,0,0,0
TF,RCTOR,35.213347,-82.248806,0, ,0.0,0.0,0.0,0.0,0,0,0,0,0,0,0,0

STAR,RCTOR1,ALL,5
IF,RCTOR,35.213347,-82.248806, ,0.0,0.0,0,0,0,0,0,0,0,0
TF,UNMAN,35.021950,-82.230139,0, ,0.0,0.0,0.0,0.0,0,0,0,0,0,0,0,1
VM,34.758306,-82.376417,0,181.0,0,0,0,0,0,0,0,0

STAR,UNMAN3,HMV,4
IF,HMV,36.437056,-82.129600, ,0.0,0.0,0,0,0,0,0,0,0,0
TF,BUSIC,35.693147,-82.230314,0, ,0.0,0.0,0.0,0.0,0,0,0,0,0,0,0,0
TF,SUG,35.406506,-82.268614,0, ,0.0,0.0,0.0,0.0,0,0,0,0,0,0,0,0

STAR,UNMAN3,LOZ,4
IF,LOZ,37.033150,-84.110075, ,0.0,0.0,0,0,0,0,0,0,0,0
TF,TOMPS,36.732633,-83.692136,0, ,0.0,0.0,0.0,0.0,0,0,0,0,0,0,0,0
TF,WAOUT,36.520275,-83.399983,0, ,0.0,0.0,0.0,0.0,0,0,0,0,0,0,0,0
TF,BARRD,36.022022,-82.724506,0, ,0.0,0.0,0.0,0.0,0,0,0,0,0,0,0,0
TF,WEAKS,35.722200,-82.501381,0, ,0.0,0.0,0.0,0.0,0,0,0,0,0,0,0,0
TF,SUG,35.406506,-82.268614,0, ,0.0,0.0,0.0,0.0,0,0,0,0,0,0,0,0

STAR,UNMAN3,VXV,4
IF,VXV,35.904839,-83.894728, ,0.0,0.0,0,0,0,0,0,0,0,0
TF,YONTO,35.847739,-83.469803,0, ,0.0,0.0,0.0,0.0,0,0,0,0,0,0,0,0
TF,SOT,35.790100,-83.052369,0, ,0.0,0.0,0.0,0.0,0,0,0,0,0,0,0,0
TF,OZONE,35.561842,-82.583831,0, ,0.0,0.0,0.0,0.0,0,0,0,0,0,0,0,0
TF,SUG,35.406506,-82.268614,0, ,0.0,0.0,0.0,0.0,0,0,0,0,0,0,0,0

STAR,UNMAN3,ALL,5
IF,SUG,35.406506,-82.268614, ,0.0,0.0,0,0,0,0,0,0,0,0
TF,UNMAN,35.021950,-82.230139,0, ,0.0,0.0,0.0,0.0,0,0,0,0,0,0,0,1
VM,34.758306,-82.376417,0,181.0,0,0,0,0,0,0,0,0

STAR,WORXS1,BESTT,4
IF,BESTT,33.591139,-83.895564, ,0.0,0.0,0,0,0,0,0,0,0,0
TF,CNTLR,33.668378,-83.581161,0, ,0.0,0.0,0.0,0.0,0,0,0,0,0,0,0,0
TF,EVRRR,33.833953,-83.240464,0, ,0.0,0.0,0.0,0.0,0,0,0,0,0,0,0,0
TF,WORXS,33.971464,-82.986975,0, ,0.0,0.0,0.0,0.0,0,0,0,0,0,0,0,0

STAR,WORXS1,CNTLR,4
IF,CNTLR,33.668378,-83.581161, ,0.0,0.0,0,0,0,0,0,0,0,0
TF,EVRRR,33.833953,-83.240464,0, ,0.0,0.0,0.0,0.0,0,0,0,0,0,0,0,0
TF,WORXS,33.971464,-82.986975,0, ,0.0,0.0,0.0,0.0,0,0,0,0,0,0,0,0

STAR,WORXS1,ALL,5
IF,WORXS,33.971464,-82.986975, ,0.0,0.0,0,0,0,0,0,0,0,0
TF,ANGRI,34.349925,-82.644397,0, ,0.0,0.0,0.0,0.0,0,0,0,0,0,0,0,0
TF,TDAAY,34.562942,-82.448042,0, ,0.0,0.0,0.0,0.0,0,0,0,0,0,0,0,1
VM,34.758306,-82.376417,0,43.0,0,0,0,0,0,0,0,0

APPTR,I05,05,DUNKE
IF,DUNKE,34.831731,-82.211253, ,0.0,0.0,0,0,0,0,0,0,0,0
TF,DYANA,34.691458,-82.444261,0, ,0.0,0.0,0.0,0.0,2,2900,0,0,0,0,0,0
PI,DYANA,34.691458,-82.444261,2,ELW,179.0,10.0,224,5.0,2,2900,0,0,0,0,1,0

APPTR,I05,05,PEDAL
IF,PEDAL,34.884019,-82.543375, ,0.0,0.0,0,0,0,0,0,0,0,0
TF,DYANA,34.691458,-82.444261,0, ,0.0,0.0,0.0,0.0,2,4000,0,0,0,0,0,0
PI,DYANA,34.691458,-82.444261,2,ELW,179.0,10.0,224,5.0,2,2900,0,0,0,0,1,0

APPTR,I05,05,REEDY
IF,REEDY,34.461961,-82.174761, ,0.0,0.0,0,0,0,0,0,0,0,0
TF,DYANA,34.691458,-82.444261,0, ,0.0,0.0,0.0,0.0,2,2900,0,0,0,0,0,0
PI,DYANA,34.691458,-82.444261,2,ELW,179.0,10.0,224,5.0,2,2900,0,0,0,0,1,0

FINAL,I05,05,I,3
IF,PELZE,34.583944,-82.556825,IGYH,224.6,14.6,2,2900,0,0,0,0,1,0
CF,DYANA,34.691458,-82.444261,0,IGYH,224.0,6.1,44.0,8.5,1,2480,0,0,0,0,2,0
CF,RW05,34.749892,-82.384969,0,IGYH,224.0,1.5,44.0,4.6,1,1008,0,0,0,0,3,0
CA,0,44.0,2,1600,0,0,0,0,0,0
DF,DYANA,34.691458,-82.444261,1, ,0.0,0.0,2,2900,0,0,0,0,0,0
HM,DYANA,34.691458,-82.444261,2, ,0.0,0.0,44.0,04.3,0,0,0,0,0,0,0,0,0

APPTR,N05,05,DUNKE
IF,DUNKE,34.831731,-82.211253, ,0.0,0.0,0,0,0,0,0,0,0,0
TF,GY,34.691153,-82.443642,0, ,0.0,0.0,0.0,0.0,2,2900,0,0,0,0,0,0
PI,GY,34.691153,-82.443642,2,ELW,178.0,10.0,223,5.0,2,2900,0,0,0,0,1,0
CF,GY,34.691153,-82.443642,0,ELW,46.0,23.5,43.0,8.0,2,2600,0,0,0,0,0,0

APPTR,N05,05,PEDAL
IF,PEDAL,34.884019,-82.543375, ,0.0,0.0,0,0,0,0,0,0,0,0
TF,GY,34.691153,-82.443642,0, ,0.0,0.0,0.0,0.0,2,3000,0,0,0,0,0,0
PI,GY,34.691153,-82.443642,2,ELW,178.0,10.0,223,5.0,2,2900,0,0,0,0,1,0
CF,GY,34.691153,-82.443642,0,ELW,46.0,23.5,43.0,8.0,2,2600,0,0,0,0,0,0

APPTR,N05,05,PELZE
IF,PELZE,34.583944,-82.556825, ,0.0,0.0,0,0,0,0,0,0,1,0
TF,GY,34.691153,-82.443642,0, ,0.0,0.0,0.0,0.0,2,2600,0,0,0,0,0,0

APPTR,N05,05,REEDY
IF,REEDY,34.461961,-82.174761, ,0.0,0.0,0,0,0,0,0,0,0,0
TF,GY,34.691153,-82.443642,0, ,0.0,0.0,0.0,0.0,2,2900,0,0,0,0,0,0
PI,GY,34.691153,-82.443642,2,ELW,178.0,10.0,223,5.0,2,2900,0,0,0,0,1,0
CF,GY,34.691153,-82.443642,0,ELW,46.0,23.5,43.0,8.0,2,2600,0,0,0,0,0,0

FINAL,N05,05,N,2
IF,GY,34.691153,-82.443642,GY,0.0,0.0,2,2600,0,0,0,0,2,0
CF,RW05,34.749892,-82.384969,0,GY,0.0,0.0,43.0,4.6,1,1012,0,0,0,0,3,0
CA,0,43.0,2,1600,0,0,0,0,0,0
DF,GY,34.691153,-82.443642,1, ,0.0,0.0,2,2900,0,0,0,0,0,0
HM,GY,34.691153,-82.443642,2, ,0.0,0.0,43.0,04.3,0,0,0,0,0,0,0,0,0

APPTR,R05,05,ELLID
IF,ELLID,34.756936,-82.609658, ,0.0,0.0,0,0,0,0,0,0,0,0
TF,PAGIY,34.647139,-82.620761,0, ,0.0,0.0,0.0,0.0,2,4000,0,0,0,0,1,0
TF,NINYI,34.593642,-82.543250,0, ,0.0,0.0,0.0,0.0,2,3000,0,0,0,0,1,0

APPTR,R05,05,REEDY
IF,REEDY,34.461961,-82.174761, ,0.0,0.0,0,0,0,0,0,0,0,0
TF,ONUCI,34.540094,-82.465839,0, ,0.0,0.0,0.0,0.0,2,4000,0,0,0,0,1,0
TF,NINYI,34.593642,-82.543250,0, ,0.0,0.0,0.0,0.0,2,3000,0,0,0,0,1,0

FINAL,R05,05,R,3
IF,NINYI,34.593642,-82.543250, ,0.0,0.0,2,3000,0,0,0,0,1,0
TF,LEPBI,34.686817,-82.448964,0, ,0.0,0.0,44.0,7.3,2,2600,0,0,0,0,2,0
TF,RW05,34.749892,-82.384969,0, ,0.0,0.0,44.0,4.9,1,1008,0,0,0,0,3,1
DF,ILEYO,34.912583,-82.219317,0, ,0.0,0.0,2,3000,0,0,0,0,0,1
HM,ILEYO,34.912583,-82.219317,2, ,0.0,0.0,224.0,04,0,0,0,0,0,0,0,0,0

APPTR,R23,23,PEDAL
IF,PEDAL,34.884019,-82.543375, ,0.0,0.0,0,0,0,0,0,0,0,0
TF,KOKRE,34.966278,-82.296922,0, ,0.0,0.0,0.0,0.0,2,4000,0,0,0,0,1,0
TF,ILEYO,34.912583,-82.219317,0, ,0.0,0.0,0.0,0.0,2,3000,0,0,0,0,1,0

APPTR,R23,23,PETON
IF,PETON,34.645847,-82.192861, ,0.0,0.0,0,0,0,0,0,0,0,0
TF,JIKPA,34.858839,-82.141814,0, ,0.0,0.0,0.0,0.0,2,4000,0,0,0,0,1,0
TF,ILEYO,34.912583,-82.219317,0, ,0.0,0.0,0.0,0.0,2,3000,0,0,0,0,1,0

APPTR,R23,23,SPA
IF,SPA,35.033625,-81.927011, ,0.0,0.0,0,0,0,0,0,0,1,0
TF,ILEYO,34.912583,-82.219317,0, ,0.0,0.0,0.0,0.0,2,3000,0,0,0,0,1,0

FINAL,R23,23,R,3
IF,ILEYO,34.912583,-82.219317, ,0.0,0.0,2,3000,0,0,0,0,1,0
TF,HUDUR,34.831222,-82.302272,0, ,0.0,0.0,224.0,6.4,2,2600,0,0,0,0,2,0
TF,RW23,34.766733,-82.367858,0, ,0.0,0.0,224.0,5.0,1,971,0,0,0,0,3,1
CA,0,224.0,2,1355,0,0,0,0,0,0
DF,NINYI,34.593642,-82.543250,0, ,0.0,0.0,2,3000,0,0,0,0,0,1
HM,NINYI,34.593642,-82.543250,2, ,0.0,0.0,44.0,05,0,0,0,0,0,0,0,0,0

