APPTR,R18,18,ROBDE
HF,ROBDE,36.418122,-95.329972,1, ,0.0,0.0,178.0,04,2,2600,0,0,0,0,1,0,0

FINAL,R18,18,R,4
IF,ROBDE,36.418122,-95.329972, ,0.0,0.0,2,2600,0,0,0,0,0,0
TF,COPOB,36.333856,-95.330011,0, ,0.0,0.0,178.0,5.1,2,2600,0,0,0,0,2,0
TF,KREWE,36.287333,-95.330033,0, ,0.0,0.0,178.0,2.8,2,1700,0,0,0,0,0,0
TF,RW18,36.232256,-95.330056,0, ,0.0,0.0,178.0,3.3,1,661,0,0,0,0,3,1
CA,0,178.0,2,943,0,0,0,0,0,0
DF,NOBME,36.032528,-95.330139,0, ,0.0,0.0,2,2600,0,0,0,0,0,1
HM,NOBME,36.032528,-95.330139,2, ,0.0,0.0,358.0,04,0,0,0,0,0,0,0,0,0

APPTR,R36,36,BUTCH
IF,BUTCH,35.677978,-94.807542, ,0.0,0.0,0,0,0,0,0,0,0,0
TF,FODAD,35.950392,-95.243086,0, ,0.0,0.0,0.0,0.0,2,3100,0,0,0,0,1,0
TF,NOBME,36.032528,-95.330139,0, ,0.0,0.0,0.0,0.0,2,2600,0,0,0,0,1,0

APPTR,R36,36,OKM
IF,OKM,35.693075,-95.865956, ,0.0,0.0,0,0,0,0,0,0,0,0
TF,JONAG,35.949389,-95.415906,0, ,0.0,0.0,0.0,0.0,2,2600,0,0,0,0,1,0
TF,NOBME,36.032528,-95.330139,0, ,0.0,0.0,0.0,0.0,2,2600,0,0,0,0,1,0

APPTR,R36,36,TUL
IF,TUL,36.196253,-95.788092, ,0.0,0.0,0,0,0,0,0,0,0,0
TF,NOBME,36.032528,-95.330139,0, ,0.0,0.0,0.0,0.0,2,2600,0,0,0,0,0,1
HF,NOBME,36.032528,-95.330139,2, ,0.0,0.0,358.0,04,2,2600,0,0,0,0,1,0,0

FINAL,R36,36,R,4
IF,NOBME,36.032528,-95.330139, ,0.0,0.0,2,2600,0,0,0,0,0,0
TF,CRAMP,36.115983,-95.330103,0, ,0.0,0.0,358.0,5.0,2,2600,0,0,0,0,2,0
TF,IRIXE,36.168392,-95.330081,0, ,0.0,0.0,358.0,3.1,2,1600,0,0,0,0,0,0
TF,RW36,36.218542,-95.330061,0, ,0.0,0.0,358.0,3.0,1,643,0,0,0,0,3,1
CA,0,358.0,2,938,0,0,0,0,0,0
DF,ROBDE,36.418122,-95.329972,0, ,0.0,0.0,2,2600,0,0,0,0,0,1
HM,ROBDE,36.418122,-95.329972,1, ,0.0,0.0,178.0,04,0,0,0,0,0,0,0,0,0

