APPTR,I14,14,WILID
IF,WILID,41.458394,-112.204286, ,0.0,0.0,2,8600,0,0,0,0,1,0
CF,MUGLE,41.370436,-112.140944,0,HIF,317.9,17.0,138.0,6.0,0,0,0,0,0,0,0,0
CF,CADGO,41.251786,-112.059958,0,IHIF,318.9,10.0,139.0,8.0,2,7000,0,0,0,0,0,0

FINAL,I14,14,I,3
IF,CADGO,41.251786,-112.059958,IHIF,318.9,10.0,2,7000,0,0,0,0,0,0
CF,HOPPI,41.211750,-112.032347,0,IHIF,319.0,7.3,139.0,2.7,1,6289,0,0,0,0,2,0
CF,RW14,41.140419,-111.984231,0,IHIF,319.0,2.5,139.0,4.8,1,4840,0,0,0,0,3,0
CA,0,139.0,2,5500,0,0,0,0,0,0
VI,2, ,0.0,278.0,0,0,0,0,0,0,0,0
CF,GRITS,41.087578,-112.269169,0,HIF,248.0,14.0,248.0,7.0,2,7900,0,0,0,0,0,0
HM,GRITS,41.087578,-112.269169,2, ,0.0,0.0,68.0,06,0,0,0,1,265,0,0,0,0

APPTR,T14,14,KOVAL
HF,KOVAL,41.420686,-112.243206,2, ,0.0,0.0,131.0,05,2,8400,0,0,0,0,1,0,0

FINAL,T14,14,D,4
IF,KOVAL,41.420686,-112.243206,HIF,311.0,22.0,2,8400,0,0,0,0,0,0
CF,ROUTS,41.216089,-112.052322,0,HIF,311.0,7.0,131.0,15.0,2,6300,0,0,0,0,2,0
CF,WUPAS,41.175133,-112.014317,0,HIF,311.0,4.0,131.0,3.0,2,5700,0,0,0,0,0,0
CF,JESGO,41.149186,-111.990256,0,HIF,311.0,2.1,131.0,1.9,1,5045,0,0,0,0,3,0
CA,0,131.0,2,5500,0,0,0,0,0,0
VI,2, ,0.0,278.0,0,0,0,0,0,0,0,0
CF,GRITS,41.087578,-112.269169,0,HIF,248.0,14.0,248.0,7.5,2,7900,0,0,0,0,0,0
HM,GRITS,41.087578,-112.269169,2, ,0.0,0.0,68.0,05,0,0,0,1,265,0,0,0,0

