APPTR,R18,18,UJILE
HF,UJILE,42.581422,-77.758164,2, ,0.0,0.0,175.0,04,2,3900,0,0,0,0,1,0,0

APPTR,R18,18,VOKHY
IF,VOKHY,42.592072,-77.956186, ,0.0,0.0,0,0,0,0,0,0,1,0
TF,UJILE,42.581422,-77.758164,0, ,0.0,0.0,0.0,0.0,2,3900,0,0,0,0,1,0

APPTR,R18,18,YOKRU
IF,YOKRU,42.667067,-77.596864, ,0.0,0.0,0,0,0,0,0,0,1,0
TF,UJILE,42.581422,-77.758164,0, ,0.0,0.0,0.0,0.0,2,3900,0,0,0,0,1,0

FINAL,R18,18,R,4
IF,UJILE,42.581422,-77.758164, ,0.0,0.0,2,3900,0,0,0,0,0,0
TF,REGSE,42.470400,-77.715736,0, ,0.0,0.0,175.0,6.9,2,2900,0,0,0,0,2,0
TF,JASAR,42.448392,-77.707342,0, ,0.0,0.0,175.0,1.4,2,2460,0,0,0,0,0,0
TF,RW18,42.387422,-77.684125,0, ,0.0,0.0,175.0,3.8,1,1263,0,0,0,0,3,1
CA,0,175.0,2,1620,0,0,0,0,0,0
DF,FEKBO,42.127456,-77.585625,0, ,0.0,0.0,2,4200,0,0,0,0,0,1
HM,FEKBO,42.127456,-77.585625,2, ,0.0,0.0,355.0,05,0,0,0,0,0,0,0,0,0

APPTR,R36,36,FEKBO
HF,FEKBO,42.127456,-77.585625,2, ,0.0,0.0,355.0,05,2,4200,0,0,0,0,1,0,0

APPTR,R36,36,OCASA
IF,OCASA,42.115950,-77.382392, ,0.0,0.0,2,4200,0,0,0,0,1,0
TF,FEKBO,42.127456,-77.585625,0, ,0.0,0.0,0.0,0.0,2,4200,0,0,0,0,1,0

APPTR,R36,36,PUSIC
IF,PUSIC,42.038753,-77.750875, ,0.0,0.0,2,4200,0,0,0,0,1,0
TF,FEKBO,42.127456,-77.585625,0, ,0.0,0.0,0.0,0.0,2,4200,0,0,0,0,1,0

FINAL,R36,36,R,5
IF,FEKBO,42.127456,-77.585625, ,0.0,0.0,2,4200,0,0,0,0,0,0
TF,DOBZY,42.239772,-77.628081,0, ,0.0,0.0,355.0,7.0,2,3500,0,0,0,0,0,0
TF,YOSIY,42.271911,-77.640256,0, ,0.0,0.0,355.0,2.0,2,3300,0,0,0,0,2,0
TF,WIHLO,42.309744,-77.654606,0, ,0.0,0.0,355.0,2.4,2,2540,0,0,0,0,0,0
TF,RW36,42.375539,-77.679606,0, ,0.0,0.0,355.0,4.1,1,1244,0,0,0,0,3,1
CA,0,355.0,2,1620,0,0,0,0,0,0
DF,UJILE,42.581422,-77.758164,0, ,0.0,0.0,2,3900,0,0,0,0,0,1
HM,UJILE,42.581422,-77.758164,2, ,0.0,0.0,175.0,04,0,0,0,0,0,0,0,0,0

