STAR,PXN5,AVE,1
IF,AVE,35.646978,-119.978606, ,0.0,0.0,0,0,0,0,0,0,0,0
TF,PXN,36.715458,-120.778683,0, ,0.0,0.0,0.0,0.0,0,0,0,0,0,0,0,0

STAR,PXN5,GMN,1
IF,GMN,34.804028,-118.861361, ,0.0,0.0,0,0,0,0,0,0,0,0
TF,SRENA,36.523114,-120.580067,0, ,0.0,0.0,0.0,0.0,0,0,0,0,0,0,0,0
TF,PXN,36.715458,-120.778683,0, ,0.0,0.0,0.0,0.0,0,0,0,0,0,0,0,0

STAR,PXN5,ALL,2
IF,PXN,36.715458,-120.778683, ,0.0,0.0,0,0,0,0,0,0,0,0
TF,KARNN,37.151053,-121.279228,0, ,0.0,0.0,0.0,0.0,0,0,0,0,0,0,0,0
TF,BORED,37.309489,-121.463350,0, ,0.0,0.0,0.0,0.0,0,0,0,1,250,0,0,0
TF,BUSHY,37.391394,-121.558900,0, ,0.0,0.0,0.0,0.0,0,0,0,0,0,0,0,0
TF,SUNOL,37.605531,-121.810281,0, ,0.0,0.0,0.0,0.0,0,0,0,0,0,0,0,0

STAR,SHARR1,MRLET,4
IF,MRLET,39.127000,-119.825333, ,0.0,0.0,0,0,0,0,0,0,0,0
TF,POYSN,38.288425,-120.069189,0, ,0.0,0.0,0.0,0.0,0,0,0,0,0,0,0,0
TF,BIFFY,37.884819,-120.330186,0, ,0.0,0.0,0.0,0.0,1,20000,0,1,280,0,0,0
TF,WRAPS,37.857944,-120.783744,0, ,0.0,0.0,0.0,0.0,0,0,0,0,0,0,0,0
TF,MAMIE,37.840314,-121.066558,0, ,0.0,0.0,0.0,0.0,0,0,0,0,0,0,0,0
TF,SHARR,37.796844,-121.275294,0, ,0.0,0.0,0.0,0.0,0,0,0,0,0,0,0,0

STAR,SHARR1,RPARK,4
IF,RPARK,38.123586,-118.747164, ,0.0,0.0,0,0,0,0,0,0,0,0
TF,JOFAY,37.928728,-119.512647,0, ,0.0,0.0,0.0,0.0,0,0,0,0,0,0,0,0
TF,MATEE,37.906150,-119.946233,0, ,0.0,0.0,0.0,0.0,0,0,0,0,0,0,0,0
TF,DUCKE,37.897681,-120.101036,0, ,0.0,0.0,0.0,0.0,0,0,0,0,0,0,0,0
TF,BIFFY,37.884819,-120.330186,0, ,0.0,0.0,0.0,0.0,1,20000,0,1,280,0,0,0
TF,WRAPS,37.857944,-120.783744,0, ,0.0,0.0,0.0,0.0,0,0,0,0,0,0,0,0
TF,MAMIE,37.840314,-121.066558,0, ,0.0,0.0,0.0,0.0,0,0,0,0,0,0,0,0
TF,SHARR,37.796844,-121.275294,0, ,0.0,0.0,0.0,0.0,0,0,0,0,0,0,0,0

STAR,SHARR1,RUSME,4
IF,RUSME,37.494167,-117.520000, ,0.0,0.0,0,0,0,0,0,0,0,0
TF,BIFFY,37.884819,-120.330186,0, ,0.0,0.0,0.0,0.0,1,20000,0,1,280,0,0,0
TF,WRAPS,37.857944,-120.783744,0, ,0.0,0.0,0.0,0.0,0,0,0,0,0,0,0,0
TF,MAMIE,37.840314,-121.066558,0, ,0.0,0.0,0.0,0.0,0,0,0,0,0,0,0,0
TF,SHARR,37.796844,-121.275294,0, ,0.0,0.0,0.0,0.0,0,0,0,0,0,0,0,0

STAR,SHARR1,ALL,5
IF,SHARR,37.796844,-121.275294, ,0.0,0.0,0,0,0,0,0,0,0,0
TF,LOCKE,37.713486,-121.509614,0, ,0.0,0.0,0.0,0.0,0,0,0,0,0,0,0,0
TF,CATTY,37.649233,-121.688978,0, ,0.0,0.0,0.0,0.0,1,8000,0,0,0,0,0,1
VM,37.658928,-122.121736,0,232.0,0,0,0,0,0,0,0,0

APPTR,D10L-A,10L,SJC
IF,SJC,37.374711,-121.944667, ,0.0,0.0,0,0,0,0,0,0,1,0
TF,JORPA,37.536708,-121.940922,0, ,0.0,0.0,0.0,0.0,2,4200,0,0,0,0,0,0
TF,CIGDU,37.587922,-122.017189,0, ,0.0,0.0,0.0,0.0,2,2700,0,0,0,0,0,0

FINAL,D10L-A,10L,D,4
IF,CIGDU,37.587922,-122.017189,OAK,113.0,12.9,2,2700,0,0,0,0,0,0
CF,ZENUG,37.601575,-122.037550,0,OAK,113.0,11.6,293.0,1.3,2,2300,0,0,0,0,2,0
CF,WUTOX,37.634608,-122.086869,0,OAK,113.0,8.5,293.0,3.1,2,1180,0,0,0,0,0,0
CF,HIVSO,37.652886,-122.114189,0,OAK,113.0,6.8,293.0,1.7,1,620,0,0,0,0,3,1
DF,OAK,37.725922,-122.223586,0, ,0.0,0.0,2,2000,0,0,0,0,0,0
HM,OAK,37.725922,-122.223586,2, ,0.0,0.0,120.0,04.3,0,0,0,0,0,0,0,0,0

APPTR,D10R-A,10R,SJC
IF,SJC,37.374711,-121.944667, ,0.0,0.0,0,0,0,0,0,0,1,0
TF,JORPA,37.536708,-121.940922,0, ,0.0,0.0,0.0,0.0,2,4200,0,0,0,0,0,0
TF,CIGDU,37.587922,-122.017189,0, ,0.0,0.0,0.0,0.0,2,2700,0,0,0,0,0,0

FINAL,D10R-A,10R,D,4
IF,CIGDU,37.587922,-122.017189,OAK,113.0,12.9,2,2700,0,0,0,0,0,0
CF,ZENUG,37.601575,-122.037550,0,OAK,113.0,11.6,293.0,1.3,2,2300,0,0,0,0,2,0
CF,WUTOX,37.634608,-122.086869,0,OAK,113.0,8.5,293.0,3.1,2,1180,0,0,0,0,0,0
CF,HIVSO,37.652886,-122.114189,0,OAK,113.0,6.8,293.0,1.7,1,620,0,0,0,0,3,1
DF,OAK,37.725922,-122.223586,0, ,0.0,0.0,2,2000,0,0,0,0,0,0
HM,OAK,37.725922,-122.223586,2, ,0.0,0.0,120.0,04.3,0,0,0,0,0,0,0,0,0

APPTR,D28L-A,28L,SJC
IF,SJC,37.374711,-121.944667, ,0.0,0.0,0,0,0,0,0,0,1,0
TF,JORPA,37.536708,-121.940922,0, ,0.0,0.0,0.0,0.0,2,4200,0,0,0,0,0,0
TF,CIGDU,37.587922,-122.017189,0, ,0.0,0.0,0.0,0.0,2,2700,0,0,0,0,0,0

FINAL,D28L-A,28L,D,4
IF,CIGDU,37.587922,-122.017189,OAK,113.0,12.9,2,2700,0,0,0,0,0,0
CF,ZENUG,37.601575,-122.037550,0,OAK,113.0,11.6,293.0,1.3,2,2300,0,0,0,0,2,0
CF,WUTOX,37.634608,-122.086869,0,OAK,113.0,8.5,293.0,3.1,2,1180,0,0,0,0,0,0
CF,HIVSO,37.652886,-122.114189,0,OAK,113.0,6.8,293.0,1.7,1,620,0,0,0,0,3,1
DF,OAK,37.725922,-122.223586,0, ,0.0,0.0,2,2000,0,0,0,0,0,0
HM,OAK,37.725922,-122.223586,2, ,0.0,0.0,120.0,04.3,0,0,0,0,0,0,0,0,0

APPTR,D28R-A,28R,SJC
IF,SJC,37.374711,-121.944667, ,0.0,0.0,0,0,0,0,0,0,1,0
TF,JORPA,37.536708,-121.940922,0, ,0.0,0.0,0.0,0.0,2,4200,0,0,0,0,0,0
TF,CIGDU,37.587922,-122.017189,0, ,0.0,0.0,0.0,0.0,2,2700,0,0,0,0,0,0

FINAL,D28R-A,28R,D,4
IF,CIGDU,37.587922,-122.017189,OAK,113.0,12.9,2,2700,0,0,0,0,0,0
CF,ZENUG,37.601575,-122.037550,0,OAK,113.0,11.6,293.0,1.3,2,2300,0,0,0,0,2,0
CF,WUTOX,37.634608,-122.086869,0,OAK,113.0,8.5,293.0,3.1,2,1180,0,0,0,0,0,0
CF,HIVSO,37.652886,-122.114189,0,OAK,113.0,6.8,293.0,1.7,1,620,0,0,0,0,3,1
DF,OAK,37.725922,-122.223586,0, ,0.0,0.0,2,2000,0,0,0,0,0,0
HM,OAK,37.725922,-122.223586,2, ,0.0,0.0,120.0,04.3,0,0,0,0,0,0,0,0,0

APPTR,L28L,28L,SJC
FC,SJC,37.374711,-121.944667,0,SJC,0.0,0.0,9.0,5.8,2,4300,0,0,0,0,1,0
CF,BRIEN,37.523092,-121.858636,0,IHWD,107.9,15.4,9.0,4.0,2,4300,0,0,0,0,1,0

FINAL,L28L,28L,D,5
IF,BRIEN,37.523092,-121.858636,IHWD,107.9,15.4,2,4300,0,0,0,0,0,0
CF,JIBAN,37.547336,-121.905492,0,IHWD,107.9,12.7,288.0,2.7,2,3700,0,0,0,0,0,0
CF,FERNE,37.595764,-121.999297,0,IHWD,107.9,7.4,288.0,5.3,2,2500,0,0,0,0,2,0
CF,RISHE,37.619108,-122.044586,0,IHWD,107.9,4.8,288.0,2.6,2,1560,0,0,0,0,0,0
CF,RW28L,37.655183,-122.114758,0,IHWD,107.9,0.8,288.0,4.0,1,105,0,0,0,0,3,0
CA,0,288.0,2,460,0,0,0,0,0,0
DF,OAK,37.725922,-122.223586,0, ,0.0,0.0,2,2000,0,0,0,0,0,0
HM,OAK,37.725922,-122.223586,2, ,0.0,0.0,120.0,04.3,0,0,0,0,0,0,0,0,0

APPTR,R28L,28L,SJC
IF,SJC,37.374711,-121.944667, ,0.0,0.0,0,0,0,0,0,0,0,0
TF,JOBUS,37.501308,-121.779347,0, ,0.0,0.0,0.0,0.0,2,5700,0,0,0,0,0,1
HF,JOBUS,37.501308,-121.779347,2, ,0.0,0.0,285.0,05,2,5700,0,0,0,0,1,0,0

APPTR,R28L,28L,SUNOL
IF,SUNOL,37.605531,-121.810281, ,0.0,0.0,0,0,0,0,0,0,0,0
TF,JOBUS,37.501308,-121.779347,0, ,0.0,0.0,0.0,0.0,2,5700,0,0,0,0,0,1
HF,JOBUS,37.501308,-121.779347,2, ,0.0,0.0,285.0,05,2,5700,0,0,0,0,1,0,0

APPTR,R28L,28L,VINCO
IF,VINCO,37.376419,-121.716533, ,0.0,0.0,0,0,0,0,0,0,1,0
TF,JOBUS,37.501308,-121.779347,0, ,0.0,0.0,0.0,0.0,2,5700,0,0,0,0,1,0

FINAL,R28L,28L,R,8
IF,JOBUS,37.501308,-121.779347, ,0.0,0.0,2,5700,0,0,0,0,0,0
TF,OKIVY,37.528375,-121.838103,0, ,0.0,0.0,285.0,3.2,2,4800,0,0,0,0,0,0
TF,WESCH,37.555414,-121.896897,0, ,0.0,0.0,285.0,3.2,2,3900,0,0,0,0,0,0
TF,SUDGE,37.576422,-121.942658,0, ,0.0,0.0,285.0,2.5,2,3200,0,0,0,0,2,0
TF,FENRA,37.603622,-122.001986,0, ,0.0,0.0,285.0,3.3,2,2120,0,0,0,0,0,0
TF,BOGRE,37.622764,-122.043803,0, ,0.0,0.0,285.0,2.3,2,1360,0,0,0,0,0,0
TF,HUZBY,37.631911,-122.063811,0, ,0.0,0.0,285.0,1.1,2,1000,0,0,0,0,0,0
TF,RW28L,37.655183,-122.114758,0, ,0.0,0.0,285.0,2.8,1,85,0,0,0,0,3,1
CA,0,285.0,2,600,0,0,0,0,0,0
DF,OAK,37.725922,-122.223586,2, ,0.0,0.0,2,2000,0,0,0,0,0,1
HM,OAK,37.725922,-122.223586,2, ,0.0,0.0,122.0,04,0,0,0,0,0,0,0,0,0

