APPTR,R01,01,WARAV
HF,WARAV,35.898383,-88.514161,2, ,0.0,0.0,14.0,04,2,2200,0,0,0,0,1,0,0

APPTR,R01,01,ZAVDU
IF,ZAVDU,35.865150,-88.641067, ,0.0,0.0,0,0,0,0,0,0,1,0
TF,WARAV,35.898383,-88.514161,0, ,0.0,0.0,0.0,0.0,2,2200,0,0,0,0,1,0

APPTR,R01,01,ZOBMO
IF,ZOBMO,35.825467,-88.415472, ,0.0,0.0,0,0,0,0,0,0,1,0
TF,WARAV,35.898383,-88.514161,0, ,0.0,0.0,0.0,0.0,2,2200,0,0,0,0,1,0

FINAL,R01,01,R,4
IF,WARAV,35.898383,-88.514161, ,0.0,0.0,2,2200,0,0,0,0,0,0
TF,JOEEY,35.996636,-88.488017,0, ,0.0,0.0,14.0,6.0,2,2200,0,0,0,0,2,0
TF,JEVBO,36.050914,-88.473544,0, ,0.0,0.0,14.0,3.3,2,1140,0,0,0,0,0,0
TF,RW01,36.081906,-88.465272,0, ,0.0,0.0,14.0,1.9,1,535,0,0,0,0,3,1
CA,0,14.0,2,745,0,0,0,0,0,0
DF,FAMPA,36.280183,-88.412200,0, ,0.0,0.0,2,2200,0,0,0,0,0,1
HM,FAMPA,36.280183,-88.412200,2, ,0.0,0.0,194.0,04,0,0,0,0,0,0,0,0,0

APPTR,R19,19,CAKEK
IF,CAKEK,36.353097,-88.511458, ,0.0,0.0,0,0,0,0,0,0,1,0
TF,FAMPA,36.280183,-88.412200,0, ,0.0,0.0,0.0,0.0,2,2200,0,0,0,0,1,0

APPTR,R19,19,FAMPA
HF,FAMPA,36.280183,-88.412200,2, ,0.0,0.0,194.0,04,2,2200,0,0,0,0,1,0,0

APPTR,R19,19,HEHKY
IF,HEHKY,36.313169,-88.284531, ,0.0,0.0,0,0,0,0,0,0,1,0
TF,FAMPA,36.280183,-88.412200,0, ,0.0,0.0,0.0,0.0,2,2200,0,0,0,0,1,0

FINAL,R19,19,R,4
IF,FAMPA,36.280183,-88.412200, ,0.0,0.0,2,2200,0,0,0,0,0,0
TF,HEIDI,36.181886,-88.438544,0, ,0.0,0.0,194.0,6.0,2,2200,0,0,0,0,2,0
TF,WETKI,36.130944,-88.452172,0, ,0.0,0.0,194.0,3.1,2,1200,0,0,0,0,0,0
TF,RW19,36.096689,-88.461325,0, ,0.0,0.0,194.0,2.1,1,537,0,0,0,0,3,1
CA,0,194.0,2,798,0,0,0,0,0,0
DF,WARAV,35.898383,-88.514161,0, ,0.0,0.0,2,2200,0,0,0,0,0,1
HM,WARAV,35.898383,-88.514161,2, ,0.0,0.0,14.0,04,0,0,0,0,0,0,0,0,0

