APPTR,R08,08,MANUE
HF,MANUE,40.115103,-84.557247,2, ,0.0,0.0,81.0,04,2,2600,0,0,0,0,1,0,0

APPTR,R08,08,RID
IF,RID,39.755008,-84.838828, ,0.0,0.0,0,0,0,0,0,0,0,0
TF,OKONE,39.953711,-84.502469,0, ,0.0,0.0,0.0,0.0,2,2700,0,0,0,0,1,0
TF,MANUE,40.115103,-84.557247,0, ,0.0,0.0,0.0,0.0,2,2600,0,0,0,0,1,0

APPTR,R08,08,ROSSY
IF,ROSSY,40.268825,-84.601706, ,0.0,0.0,0,0,0,0,0,0,1,0
TF,MANUE,40.115103,-84.557247,0, ,0.0,0.0,0.0,0.0,2,2600,0,0,0,0,1,0

FINAL,R08,08,R,3
IF,MANUE,40.115103,-84.557247, ,0.0,0.0,2,2600,0,0,0,0,0,0
TF,TABOE,40.142753,-84.418883,0, ,0.0,0.0,81.0,6.6,2,2600,0,0,0,0,2,0
TF,RW08,40.163317,-84.315353,0, ,0.0,0.0,81.0,4.9,1,1033,0,0,0,0,3,0
CA,0,81.0,2,1400,0,0,0,0,0,0
DF,IMOSE,40.213750,-84.059256,0, ,0.0,0.0,2,2600,0,0,0,0,0,0
HM,IMOSE,40.213750,-84.059256,2, ,0.0,0.0,262.0,04,0,0,0,0,0,0,0,0,0

APPTR,R26,26,BONEE
IF,BONEE,40.052458,-83.948931, ,0.0,0.0,0,0,0,0,0,0,1,0
TF,IMOSE,40.213750,-84.059256,0, ,0.0,0.0,0.0,0.0,2,2800,0,0,0,0,1,0

APPTR,R26,26,IMOSE
HF,IMOSE,40.213750,-84.059256,2, ,0.0,0.0,262.0,04,2,2800,0,0,0,0,1,0,0

APPTR,R26,26,ROD
IF,ROD,40.287800,-84.043097, ,0.0,0.0,0,0,0,0,0,0,1,0
TF,IMOSE,40.213750,-84.059256,0, ,0.0,0.0,0.0,0.0,2,2800,0,0,0,0,1,0

FINAL,R26,26,R,3
IF,IMOSE,40.213750,-84.059256, ,0.0,0.0,2,2800,0,0,0,0,0,0
TF,ZALAD,40.186600,-84.197483,0, ,0.0,0.0,262.0,6.6,2,2600,0,0,0,0,2,0
TF,RW26,40.166061,-84.301506,0, ,0.0,0.0,262.0,4.9,1,1025,0,0,0,0,3,0
CA,0,262.0,2,1380,0,0,0,0,0,0
DF,MANUE,40.115103,-84.557247,0, ,0.0,0.0,2,2600,0,0,0,0,0,0
HM,MANUE,40.115103,-84.557247,2, ,0.0,0.0,81.0,04,0,0,0,0,0,0,0,0,0

APPTR,S26,26,ROD
HF,ROD,40.287800,-84.043097,2, ,0.0,0.0,243.0,04.3,2,2800,0,0,0,0,1,0,0

FINAL,S26,26,D,3
IF,ROD,40.287800,-84.043097,ROD,0.0,0.0,2,2800,0,0,0,0,0,0
CF,JANEE,40.208133,-84.209167,0,ROD,243.0,9.0,243.0,9.0,2,2600,0,0,0,0,2,0
CF,RW26,40.166061,-84.301506,0,ROD,243.5,13.9,243.0,4.9,1,1035,0,0,0,0,3,0
CA,0,243.0,2,3000,0,0,0,0,0,0
DF,ROD,40.287800,-84.043097,1, ,0.0,0.0,0,0,0,0,0,0,0,0
HM,ROD,40.287800,-84.043097,2, ,0.0,0.0,243.0,04.3,0,0,0,0,0,0,0,0,0

APPTR,V08-A,08,DQN
PI,DQN,40.016444,-84.396897,1,DQN,250.0,10.0,205,5.0,2,3000,0,0,0,0,1,0
CF,DQN,40.016444,-84.396897,0,DQN,0.0,0.0,25.0,8.0,2,3000,0,0,0,0,0,0

FINAL,V08-A,08,D,3
IF,DQN,40.016444,-84.396897,DQN,0.0,0.0,2,3000,0,0,0,0,2,0
CF,CHOWE,40.107853,-84.343886,0,DQN,25.0,6.0,25.0,6.0,2,1580,0,0,0,0,0,0
CF,MA025,40.162208,-84.312250,0,DQN,25.0,9.6,25.0,3.6,1,1560,0,0,0,0,3,0
CA,0,25.0,2,1560,0,0,0,0,0,0
DF,DQN,40.016444,-84.396897,2, ,0.0,0.0,2,3000,0,0,0,0,0,0
HM,DQN,40.016444,-84.396897,1, ,0.0,0.0,25.0,04.3,0,0,0,0,0,0,0,0,0

APPTR,V26-A,26,DQN
PI,DQN,40.016444,-84.396897,1,DQN,250.0,10.0,205,5.0,2,3000,0,0,0,0,1,0
CF,DQN,40.016444,-84.396897,0,DQN,0.0,0.0,25.0,8.0,2,3000,0,0,0,0,0,0

FINAL,V26-A,26,D,3
IF,DQN,40.016444,-84.396897,DQN,0.0,0.0,2,3000,0,0,0,0,2,0
CF,CHOWE,40.107853,-84.343886,0,DQN,25.0,6.0,25.0,6.0,2,1580,0,0,0,0,0,0
CF,MA025,40.162208,-84.312250,0,DQN,25.0,9.6,25.0,3.6,1,1560,0,0,0,0,3,0
CA,0,25.0,2,1560,0,0,0,0,0,0
DF,DQN,40.016444,-84.396897,2, ,0.0,0.0,2,3000,0,0,0,0,0,0
HM,DQN,40.016444,-84.396897,1, ,0.0,0.0,25.0,04.3,0,0,0,0,0,0,0,0,0

