SID,BLUUE4,09,1
VA,0,90.0,2,1400,0,0,0,0,0,0
VM,0,0,0,90.0,0,0,0,0,0,0,0,0
DF,RDU,35.872522,-78.783342,0, ,0.0,0.0,0,0,0,0,0,0,0,0

SID,BLUUE4,27,1
VA,0,270.0,2,2400,0,0,0,0,0,0
VM,0,0,0,270.0,0,0,0,0,0,0,0,0
DF,RDU,35.872522,-78.783342,0, ,0.0,0.0,0,0,0,0,0,0,0,0

SID,BLUUE4,DAN,3
IF,RDU,35.872522,-78.783342, ,0.0,0.0,0,0,0,0,0,0,0,0
TF,JAYRR,36.009083,-79.375756,0, ,0.0,0.0,0.0,0.0,0,0,0,0,0,0,0,0
TF,DAN,36.568881,-79.336658,0, ,0.0,0.0,0.0,0.0,0,0,0,0,0,0,0,0

SID,BLUUE4,GSO,3
IF,RDU,35.872522,-78.783342, ,0.0,0.0,0,0,0,0,0,0,0,0
TF,JAYRR,36.009083,-79.375756,0, ,0.0,0.0,0.0,0.0,0,0,0,0,0,0,0,0
TF,GSO,36.045692,-79.976375,0, ,0.0,0.0,0.0,0.0,0,0,0,0,0,0,0,0

STAR,BUZZY6,ALL,2
IF,CAE,33.857250,-81.053903, ,0.0,0.0,0,0,0,0,0,0,0,0
TF,TENNI,34.781611,-80.063522,0, ,0.0,0.0,0.0,0.0,0,0,0,0,0,0,0,0
TF,SDZ,35.215481,-79.587936,0, ,0.0,0.0,0.0,0.0,0,0,0,0,0,0,0,0
TF,BUZZY,35.505317,-79.385744,0, ,0.0,0.0,0.0,0.0,0,0,0,0,0,0,0,0
TF,RDU,35.872522,-78.783342,0, ,0.0,0.0,0.0,0.0,0,0,0,0,0,0,0,0

STAR,SBV4,GVE,1
IF,GVE,38.013600,-78.153025, ,0.0,0.0,0,0,0,0,0,0,0,0
TF,SBV,36.675039,-79.014500,0, ,0.0,0.0,0.0,0.0,0,0,0,0,0,0,0,0
TF,ALDAN,36.397933,-78.934128,0, ,0.0,0.0,0.0,0.0,0,0,0,0,0,0,0,0

STAR,SBV4,PSK,1
IF,PSK,37.087706,-80.712900, ,0.0,0.0,0,0,0,0,0,0,0,0
TF,TABER,37.048622,-80.048794,0, ,0.0,0.0,0.0,0.0,0,0,0,0,0,0,0,0
TF,SBV,36.675039,-79.014500,0, ,0.0,0.0,0.0,0.0,0,0,0,0,0,0,0,0
TF,ALDAN,36.397933,-78.934128,0, ,0.0,0.0,0.0,0.0,0,0,0,0,0,0,0,0

STAR,SBV4,ROA,1
IF,ROA,37.343464,-80.070397, ,0.0,0.0,0,0,0,0,0,0,0,0
TF,SBV,36.675039,-79.014500,0, ,0.0,0.0,0.0,0.0,0,0,0,0,0,0,0,0
TF,ALDAN,36.397933,-78.934128,0, ,0.0,0.0,0.0,0.0,0,0,0,0,0,0,0,0

STAR,SBV4,ALL,2
IF,ALDAN,36.397933,-78.934128, ,0.0,0.0,0,0,0,0,0,0,0,0
TF,BILLA,36.243431,-78.889567,0, ,0.0,0.0,0.0,0.0,0,0,0,0,0,0,0,0
TF,RDU,35.872522,-78.783342,0, ,0.0,0.0,0.0,0.0,0,0,0,0,0,0,0,0

APPTR,D27,27,RDU
IF,RDU,35.872522,-78.783342, ,0.0,0.0,3,6000,0,0,0,0,0,0
PI,RDU,35.872522,-78.783342,1,RDU,155.0,10.0,110,5.0,2,3000,0,0,0,0,1,0
CF,RDU,35.872522,-78.783342,0,RDU,0.0,0.0,290.0,8.0,2,3000,0,0,0,0,0,0

FINAL,D27,27,D,3
IF,RDU,35.872522,-78.783342,RDU,0.0,0.0,2,3000,0,0,0,0,0,0
CF,DAANY,35.912997,-78.961133,0,RDU,289.7,9.0,290.0,9.0,2,2100,0,0,0,0,2,0
CF,ZOTAL,35.935719,-79.061575,0,RDU,289.7,14.1,290.0,5.1,1,532,0,0,0,0,3,0
CA,0,290.0,2,2300,0,0,0,0,0,0
VI,1, ,0.0,180.0,0,0,0,0,0,0,0,0
CF,CHAPL,35.891153,-79.048983,0,RDU,279.0,13.0,99.0,6.0,2,3100,0,0,0,0,0,0
HM,CHAPL,35.891153,-79.048983,2, ,0.0,0.0,99.0,04.3,0,0,0,0,0,0,0,0,0

APPTR,R09,09,BILLA
IF,BILLA,36.243431,-78.889567, ,0.0,0.0,0,0,0,0,0,0,0,0
TF,WIRMO,35.994556,-79.288256,0, ,0.0,0.0,0.0,0.0,2,3000,0,0,0,0,1,0
TF,FIKKA,35.911869,-79.274353,0, ,0.0,0.0,0.0,0.0,2,3000,0,0,0,0,1,0

APPTR,R09,09,LIB
IF,LIB,35.811622,-79.612592, ,0.0,0.0,0,0,0,0,0,0,1,0
TF,FIKKA,35.911869,-79.274353,0, ,0.0,0.0,0.0,0.0,2,3000,0,0,0,0,1,0

APPTR,R09,09,MERIL
IF,MERIL,35.613242,-79.433864, ,0.0,0.0,0,0,0,0,0,0,0,0
TF,HORSA,35.829181,-79.260481,0, ,0.0,0.0,0.0,0.0,2,3000,0,0,0,0,1,0
TF,FIKKA,35.911869,-79.274353,0, ,0.0,0.0,0.0,0.0,2,3000,0,0,0,0,1,0

APPTR,R09,09,RDU
IF,RDU,35.872522,-78.783342, ,0.0,0.0,0,0,0,0,0,0,0,0
TF,FIKKA,35.911869,-79.274353,0, ,0.0,0.0,0.0,0.0,2,3000,0,0,0,0,0,1
HF,FIKKA,35.911869,-79.274353,1, ,0.0,0.0,90.0,04,2,3000,0,0,0,0,1,0,0

FINAL,R09,09,R,3
IF,FIKKA,35.911869,-79.274353, ,0.0,0.0,2,3000,0,0,0,0,0,0
TF,AMBOG,35.923131,-79.172694,0, ,0.0,0.0,90.0,5.0,2,2200,0,0,0,0,2,0
TF,RW09,35.934219,-79.072603,0, ,0.0,0.0,90.0,4.9,1,551,0,0,0,0,3,1
CA,0,90.0,2,1600,0,0,0,0,0,0
DF,FIKKA,35.911869,-79.274353,1, ,0.0,0.0,2,3000,0,0,0,0,0,1
HM,FIKKA,35.911869,-79.274353,1, ,0.0,0.0,90.0,04,0,0,0,0,0,0,0,0,0

APPTR,R27,27,DUHAM
IF,DUHAM,36.051656,-78.834514, ,0.0,0.0,0,0,0,0,0,0,1,0
TF,HILSI,35.958689,-78.860531,0, ,0.0,0.0,0.0,0.0,2,2100,0,0,0,0,1,0

FINAL,R27,27,R,3
IF,HILSI,35.958689,-78.860531, ,0.0,0.0,2,2100,0,0,0,0,0,0
TF,IGAGE,35.947003,-78.962242,0, ,0.0,0.0,270.0,5.0,2,2100,0,0,0,0,2,0
TF,RW27,35.935492,-79.061653,0, ,0.0,0.0,270.0,4.9,1,532,0,0,0,0,3,1
CA,0,270.0,2,1300,0,0,0,0,0,0
DF,DUHAM,36.051656,-78.834514,2, ,0.0,0.0,2,2200,0,0,0,0,0,1
HM,DUHAM,36.051656,-78.834514,2, ,0.0,0.0,171.0,04,0,0,0,0,0,0,0,0,0

