APPTR,N18,18,INDET
IF,INDET,42.511972,-91.883961, ,0.0,0.0,0,0,0,0,0,0,0,0
TF,IIB,42.453486,-91.950422,0, ,0.0,0.0,0.0,0.0,4,6000,4000,0,0,0,0,0
PI,IIB,42.453486,-91.950422,2,ALO,325.0,10.0,010,5.0,2,3200,0,0,0,0,1,0
CF,FF18,42.568586,-91.924361,0,ALO,81.9,21.1,190.0,3.0,2,3200,0,0,0,0,0,0

FINAL,N18,18,N,2
IF,FF18,42.568586,-91.924361,IIB,0.0,0.0,2,3200,0,0,0,0,2,0
CF,RW18,42.464422,-91.947767,0,IIB,0.0,0.0,190.0,6.3,1,1020,0,0,0,0,3,0
CF,IIB,42.453486,-91.950422,0,ALO,101.1,20.8,190.0,0.8,0,0,0,0,0,0,0,0
CA,0,190.0,2,3400,0,0,0,0,0,0
CF,IIB,42.453486,-91.950422,2,ALO,101.1,20.8,30.0,5.0,0,0,0,0,0,0,0,0
HM,IIB,42.453486,-91.950422,2, ,0.0,0.0,190.0,04.3,0,0,0,0,0,0,0,0,0

APPTR,R18,18,DEWAR
IF,DEWAR,42.535969,-92.158017, ,0.0,0.0,0,0,0,0,0,0,0,0
TF,CEGNU,42.639306,-91.950122,0, ,0.0,0.0,0.0,0.0,2,3200,0,0,0,0,0,1
HF,CEGNU,42.639306,-91.950122,2, ,0.0,0.0,179.0,04,2,3200,0,0,0,0,1,0,0

APPTR,R18,18,INDET
IF,INDET,42.511972,-91.883961, ,0.0,0.0,0,0,0,0,0,0,0,0
TF,CEGNU,42.639306,-91.950122,0, ,0.0,0.0,0.0,0.0,2,3200,0,0,0,0,0,1
HF,CEGNU,42.639306,-91.950122,2, ,0.0,0.0,179.0,04,2,3200,0,0,0,0,1,0,0

APPTR,R18,18,TALNE
IF,TALNE,42.836000,-92.185131, ,0.0,0.0,0,0,0,0,0,0,1,0
TF,CEGNU,42.639306,-91.950122,0, ,0.0,0.0,0.0,0.0,2,3200,0,0,0,0,1,0

FINAL,R18,18,R,4
IF,CEGNU,42.639306,-91.950122, ,0.0,0.0,2,3200,0,0,0,0,0,0
TF,GIVEC,42.547658,-91.948886,0, ,0.0,0.0,179.0,5.5,2,2600,0,0,0,0,2,0
TF,NADVE,42.492767,-91.948147,0, ,0.0,0.0,179.0,3.3,2,1540,0,0,0,0,0,0
TF,RW18,42.464422,-91.947767,0, ,0.0,0.0,179.0,1.7,1,1010,0,0,0,0,3,1
CA,0,179.0,2,1280,0,0,0,0,0,0
DF,FARVI,42.269731,-91.945158,0, ,0.0,0.0,2,4000,0,0,0,0,0,1
HM,FARVI,42.269731,-91.945158,2, ,0.0,0.0,359.0,04,0,0,0,0,0,0,0,0,0

APPTR,R36,36,CID
IF,CID,41.887544,-91.785747, ,0.0,0.0,0,0,0,0,0,0,1,0
TF,FARVI,42.269731,-91.945158,0, ,0.0,0.0,0.0,0.0,2,4000,0,0,0,0,1,0

APPTR,R36,36,DEWAR
IF,DEWAR,42.535969,-92.158017, ,0.0,0.0,0,0,0,0,0,0,0,0
TF,FARVI,42.269731,-91.945158,0, ,0.0,0.0,0.0,0.0,2,4000,0,0,0,0,0,1
HF,FARVI,42.269731,-91.945158,2, ,0.0,0.0,359.0,04,2,4000,0,0,0,0,1,0,0

APPTR,R36,36,INDET
IF,INDET,42.511972,-91.883961, ,0.0,0.0,0,0,0,0,0,0,0,0
TF,FARVI,42.269731,-91.945158,0, ,0.0,0.0,0.0,0.0,2,4000,0,0,0,0,0,1
HF,FARVI,42.269731,-91.945158,2, ,0.0,0.0,359.0,04,2,4000,0,0,0,0,1,0,0

FINAL,R36,36,R,4
IF,FARVI,42.269731,-91.945158, ,0.0,0.0,2,4000,0,0,0,0,0,0
TF,BICAB,42.366567,-91.946453,0, ,0.0,0.0,359.0,5.8,2,2600,0,0,0,0,2,0
TF,YENRU,42.422658,-91.947206,0, ,0.0,0.0,359.0,3.4,2,1520,0,0,0,0,0,0
TF,RW36,42.449333,-91.947564,0, ,0.0,0.0,359.0,1.6,1,1019,0,0,0,0,3,1
CA,0,359.0,2,1300,0,0,0,0,0,0
DF,CEGNU,42.639306,-91.950122,0, ,0.0,0.0,2,3200,0,0,0,0,0,1
HM,CEGNU,42.639306,-91.950122,2, ,0.0,0.0,179.0,04,0,0,0,0,0,0,0,0,0

