APPTR,R13,13,AXPUX
HF,AXPUX,40.671906,-101.777767,2, ,0.0,0.0,135.0,05,2,5100,0,0,0,0,1,0,0

APPTR,R13,13,HOLYO
IF,HOLYO,40.542292,-102.151508, ,0.0,0.0,0,0,0,0,0,0,0,0
TF,HEXAP,40.622331,-101.865797,0, ,0.0,0.0,0.0,0.0,2,5300,0,0,0,0,1,0
TF,AXPUX,40.671906,-101.777767,0, ,0.0,0.0,0.0,0.0,2,5100,0,0,0,0,1,0

APPTR,R13,13,UYOGI
IF,UYOGI,40.714550,-101.681411, ,0.0,0.0,0,0,0,0,0,0,1,0
TF,AXPUX,40.671906,-101.777767,0, ,0.0,0.0,0.0,0.0,2,5100,0,0,0,0,1,0

FINAL,R13,13,R,3
IF,AXPUX,40.671906,-101.777767, ,0.0,0.0,2,5100,0,0,0,0,0,0
TF,JIKOS,40.588981,-101.697456,0, ,0.0,0.0,135.0,6.2,2,5100,0,0,0,0,2,0
TF,RW13,40.514844,-101.625867,0, ,0.0,0.0,135.0,5.5,1,3314,0,0,0,0,3,1
DF,AQIMU,40.349978,-101.467350,0, ,0.0,0.0,2,5000,0,0,0,0,0,1
HM,AQIMU,40.349978,-101.467350,2, ,0.0,0.0,315.0,05,0,0,0,0,0,0,0,0,0

APPTR,R31,31,AQIMU
HF,AQIMU,40.349978,-101.467350,2, ,0.0,0.0,315.0,05,2,5000,0,0,0,0,1,0,0

APPTR,R31,31,MCJEF
IF,MCJEF,40.086575,-102.005686, ,0.0,0.0,0,0,0,0,0,0,0,0
TF,VIZQE,40.300633,-101.555186,0, ,0.0,0.0,0.0,0.0,2,5100,0,0,0,0,1,0
TF,AQIMU,40.349978,-101.467350,0, ,0.0,0.0,0.0,0.0,2,5000,0,0,0,0,1,0

APPTR,R31,31,SIJVI
IF,SIJVI,40.397031,-101.383364, ,0.0,0.0,0,0,0,0,0,0,1,0
TF,AQIMU,40.349978,-101.467350,0, ,0.0,0.0,0.0,0.0,2,5000,0,0,0,0,1,0

FINAL,R31,31,R,3
IF,AQIMU,40.349978,-101.467350, ,0.0,0.0,2,5000,0,0,0,0,0,0
TF,BENJU,40.433331,-101.547367,0, ,0.0,0.0,315.0,6.2,2,5000,0,0,0,0,2,0
TF,RW31,40.503744,-101.615164,0, ,0.0,0.0,315.0,5.2,1,3306,0,0,0,0,3,1
DF,AXPUX,40.671906,-101.777767,0, ,0.0,0.0,2,5100,0,0,0,0,0,1
HM,AXPUX,40.671906,-101.777767,2, ,0.0,0.0,135.0,05,0,0,0,0,0,0,0,0,0

