APPTR,B19,19,EMQIF
FC,EMQIF,46.077964,-88.182847,0,IMT,0.0,0.0,100.0,4.9,2,3400,0,0,0,0,1,0
CF,IZLAR,45.997850,-88.078981,2,IIMT,9.7,10.0,190.0,4.2,2,3400,0,0,0,0,0,0

FINAL,B19,19,D,3
IF,IZLAR,45.997850,-88.078981,IIMT,9.7,10.0,2,3400,0,0,0,0,0,0
CF,NOODL,45.915286,-88.094933,0,IIMT,9.7,5.0,190.0,5.0,2,2900,0,0,0,0,2,0
CF,MA19,45.840617,-88.109272,0,IIMT,10.0,0.5,190.0,4.5,1,1466,0,0,0,0,3,0
CA,0,190.0,2,3100,0,0,0,0,0,0
DF,IMT,45.816044,-88.112142,1, ,0.0,0.0,0,0,0,0,0,0,0,0
HM,IMT,45.816044,-88.112142,2, ,0.0,0.0,191.0,04.3,0,0,0,0,0,0,0,0,0

APPTR,I01,01,IMT
IF,IMT,45.816044,-88.112142, ,0.0,0.0,0,0,0,0,0,0,0,0
TF,OMOLE,45.720994,-88.132350,0, ,0.0,0.0,0.0,0.0,2,3100,0,0,0,0,0,0
PI,OMOLE,45.720994,-88.132350,1,IMT,235.0,10.0,190,5.0,2,3100,0,0,0,0,1,0

FINAL,I01,01,I,3
IF,CFVPH,45.621925,-88.151333,IIMT,189.7,12.8,2,3100,0,0,0,0,0,0
CF,OMOLE,45.720994,-88.132350,0,IIMT,189.7,6.8,10.0,6.0,1,2900,0,0,0,0,2,0
CF,RW01,45.810517,-88.115139,0,IIMT,189.7,1.3,10.0,5.4,1,1185,0,0,0,0,3,0
CA,0,10.0,2,2200,0,0,0,0,0,0
DF,IMT,45.816044,-88.112142,1, ,0.0,0.0,2,3100,0,0,0,0,0,0
HM,IMT,45.816044,-88.112142,2, ,0.0,0.0,191.0,04.3,0,0,0,0,0,0,0,0,0

APPTR,R01,01,AFERO
IF,AFERO,45.632775,-88.269069, ,0.0,0.0,2,3900,0,0,0,0,1,0
TF,SEYOC,45.621758,-88.151367,0, ,0.0,0.0,0.0,0.0,2,3400,0,0,0,0,1,0

APPTR,R01,01,OJOSO
IF,OJOSO,45.610622,-88.033711, ,0.0,0.0,2,3400,0,0,0,0,1,0
TF,SEYOC,45.621758,-88.151367,0, ,0.0,0.0,0.0,0.0,2,3400,0,0,0,0,1,0

APPTR,R01,01,SEYOC
HF,SEYOC,45.621758,-88.151367,2, ,0.0,0.0,10.0,04,2,3400,0,0,0,0,1,0,0

FINAL,R01,01,R,4
IF,SEYOC,45.621758,-88.151367, ,0.0,0.0,2,3400,0,0,0,0,0,0
TF,JUNEM,45.722881,-88.131989,0, ,0.0,0.0,10.0,6.1,2,2900,0,0,0,0,2,0
TF,LOOMS,45.767581,-88.123400,0, ,0.0,0.0,10.0,2.7,2,2000,0,0,0,0,0,0
TF,RW01,45.810517,-88.115139,0, ,0.0,0.0,10.0,2.6,1,1185,0,0,0,0,3,1
DF,DAMPY,46.019397,-88.074772,0, ,0.0,0.0,2,3400,0,0,0,0,0,1
HM,DAMPY,46.019397,-88.074772,2, ,0.0,0.0,190.0,04,0,0,0,0,0,0,0,0,0

APPTR,R19,19,BECKI
IF,BECKI,46.030497,-88.193300, ,0.0,0.0,2,3600,0,0,0,0,1,0
TF,DAMPY,46.019397,-88.074772,0, ,0.0,0.0,0.0,0.0,2,3400,0,0,0,0,1,0

APPTR,R19,19,DAMPY
HF,DAMPY,46.019397,-88.074772,2, ,0.0,0.0,190.0,04,2,3400,0,0,0,0,1,0,0

APPTR,R19,19,IRENE
IF,IRENE,46.008172,-87.956292, ,0.0,0.0,2,3400,0,0,0,0,1,0
TF,DAMPY,46.019397,-88.074772,0, ,0.0,0.0,0.0,0.0,2,3400,0,0,0,0,1,0

FINAL,R19,19,R,3
IF,DAMPY,46.019397,-88.074772, ,0.0,0.0,2,3400,0,0,0,0,0,0
TF,HANDS,45.918914,-88.094228,0, ,0.0,0.0,190.0,6.1,2,3000,0,0,0,0,2,0
TF,RW19,45.828183,-88.111739,0, ,0.0,0.0,190.0,5.5,1,1224,0,0,0,0,3,1
DF,SEYOC,45.621758,-88.151367,0, ,0.0,0.0,2,3400,0,0,0,0,0,1
HM,SEYOC,45.621758,-88.151367,2, ,0.0,0.0,10.0,04,0,0,0,0,0,0,0,0,0

APPTR,S31,31,IMT
PI,IMT,45.816044,-88.112142,1,IMT,188.0,10.0,143,5.0,2,3100,0,0,0,0,1,0
CF,FS31,45.735556,-88.019103,0,IMT,143.0,6.2,323.0,3.8,2,3100,0,0,0,0,0,0

FINAL,S31,31,D,2
IF,FS31,45.735556,-88.019103,IMT,143.0,6.2,2,3100,0,0,0,0,2,0
CF,RW31,45.813169,-88.110878,0,IMT,165.0,0.2,323.0,6.1,1,1174,0,0,0,0,3,0
CF,IMT,45.816044,-88.112142,0,IMT,0.0,0.0,323.0,0.2,2,1582,0,0,0,0,0,0
CA,0,323.0,2,3100,0,0,0,0,0,0
DF,IMT,45.816044,-88.112142,1, ,0.0,0.0,0,0,0,0,0,0,0,0
HM,IMT,45.816044,-88.112142,2, ,0.0,0.0,191.0,04.3,0,0,0,0,0,0,0,0,0

