APPTR,R07,07,NOLLI
IF,NOLLI,44.128189,-70.146933, ,0.0,0.0,0,0,0,0,0,0,0,0
TF,EBBIL,43.908967,-69.989922,0, ,0.0,0.0,0.0,0.0,2,3000,0,0,0,0,1,0
TF,BAZQE,43.843703,-69.918272,0, ,0.0,0.0,0.0,0.0,2,2400,0,0,0,0,1,0

APPTR,R07,07,RAZZR
IF,RAZZR,44.221253,-69.586736, ,0.0,0.0,0,0,0,0,0,0,0,0
TF,EBBIL,43.908967,-69.989922,0, ,0.0,0.0,0.0,0.0,2,3000,0,0,0,0,1,0
TF,BAZQE,43.843703,-69.918272,0, ,0.0,0.0,0.0,0.0,2,2400,0,0,0,0,1,0

APPTR,R07,07,SAPPE
IF,SAPPE,43.627058,-70.052000, ,0.0,0.0,0,0,0,0,0,0,0,0
TF,KEBTY,43.778392,-69.846778,0, ,0.0,0.0,0.0,0.0,2,3000,0,0,0,0,1,0
TF,BAZQE,43.843703,-69.918272,0, ,0.0,0.0,0.0,0.0,2,2400,0,0,0,0,1,0

FINAL,R07,07,R,3
IF,BAZQE,43.843703,-69.918272, ,0.0,0.0,2,2400,0,0,0,0,0,0
TF,AVOIL,43.907619,-69.806750,0, ,0.0,0.0,70.0,6.2,2,1700,0,0,0,0,2,0
TF,RW07,43.958525,-69.717628,0, ,0.0,0.0,70.0,4.9,1,110,0,0,0,0,3,1
DF,EDEJU,44.072250,-69.517494,0, ,0.0,0.0,2,3000,0,0,0,0,0,1
HM,EDEJU,44.072250,-69.517494,2, ,0.0,0.0,250.0,04,0,0,0,0,0,0,0,0,0

APPTR,R25,25,CEZAC
IF,CEZAC,44.006692,-69.446169, ,0.0,0.0,0,0,0,0,0,0,1,0
TF,EDEJU,44.072250,-69.517494,0, ,0.0,0.0,0.0,0.0,2,2400,0,0,0,0,1,0

APPTR,R25,25,NOLLI
IF,NOLLI,44.128189,-70.146933, ,0.0,0.0,0,0,0,0,0,0,0,0
TF,TEKTE,44.133297,-69.869328,0, ,0.0,0.0,0.0,0.0,2,3400,0,0,0,0,0,0
TF,GEMIN,44.137764,-69.588978,0, ,0.0,0.0,0.0,0.0,2,3000,0,0,0,0,1,0
TF,EDEJU,44.072250,-69.517494,0, ,0.0,0.0,0.0,0.0,2,2400,0,0,0,0,1,0

APPTR,R25,25,RAZZR
IF,RAZZR,44.221253,-69.586736, ,0.0,0.0,0,0,0,0,0,0,0,0
TF,GEMIN,44.137764,-69.588978,0, ,0.0,0.0,0.0,0.0,2,3000,0,0,0,0,1,0
TF,EDEJU,44.072250,-69.517494,0, ,0.0,0.0,0.0,0.0,2,2400,0,0,0,0,1,0

FINAL,R25,25,R,4
IF,EDEJU,44.072250,-69.517494, ,0.0,0.0,2,2400,0,0,0,0,0,0
TF,OMDOW,44.008392,-69.630042,0, ,0.0,0.0,250.0,6.2,2,1700,0,0,0,0,2,0
TF,ITUXY,43.982878,-69.674886,0, ,0.0,0.0,250.0,2.5,2,760,0,0,0,0,0,0
TF,RW25,43.964297,-69.707500,0, ,0.0,0.0,250.0,1.8,1,96,0,0,0,0,3,1
DF,BAZQE,43.843703,-69.918272,0, ,0.0,0.0,2,3000,0,0,0,0,0,1
HM,BAZQE,43.843703,-69.918272,2, ,0.0,0.0,70.0,04,0,0,0,0,0,0,0,0,0

