SID,CHIEF6,04,1
VA,0,43.0,2,1490,0,0,0,0,0,0
VM,0,0,0,43.0,0,0,0,0,0,0,0,0

SID,CHIEF6,18,1
VA,0,176.0,2,1490,0,0,0,0,0,0
VM,0,0,0,176.0,0,0,0,0,0,0,0,0

SID,CHIEF6,22,1
VA,0,223.0,2,1490,0,0,0,0,0,0
VM,0,0,0,223.0,0,0,0,0,0,0,0,0

SID,CHIEF6,36,1
VA,0,356.0,2,1490,0,0,0,0,0,0
VM,0,0,0,356.0,0,0,0,0,0,0,0,0

SID,CHIEF6,CATTS,3
IF,MCI,39.285283,-94.737061, ,0.0,0.0,0,0,0,0,0,0,0,0
TF,OZAKI,39.295269,-95.359478,0, ,0.0,0.0,0.0,0.0,0,0,0,0,0,0,0,0
TF,CATTS,39.303219,-96.153803,0, ,0.0,0.0,0.0,0.0,0,0,0,0,0,0,0,0

SID,CHIEF6,STJ,3
IF,MCI,39.285283,-94.737061, ,0.0,0.0,0,0,0,0,0,0,0,0
TF,STJ,39.960578,-94.925219,0, ,0.0,0.0,0.0,0.0,0,0,0,0,0,0,0,0

SID,LAKES1,04,1
VA,0,43.0,2,1490,0,0,0,0,0,0
VM,0,0,0,43.0,0,0,0,0,0,0,0,0

SID,LAKES1,18,1
VA,0,176.0,2,1490,0,0,0,0,0,0
VM,0,0,0,176.0,0,0,0,0,0,0,0,0

SID,LAKES1,22,1
VA,0,223.0,2,1490,0,0,0,0,0,0
VM,0,0,0,223.0,0,0,0,0,0,0,0,0

SID,LAKES1,36,1
VA,0,356.0,2,1490,0,0,0,0,0,0
VM,0,0,0,356.0,0,0,0,0,0,0,0,0

SID,LAKES1,COU,3
IF,MCI,39.285283,-94.737061, ,0.0,0.0,0,0,0,0,0,0,0,0
TF,ANX,39.095425,-94.128836,0, ,0.0,0.0,0.0,0.0,0,0,0,0,0,0,0,0
TF,FRANC,39.008350,-92.850319,0, ,0.0,0.0,0.0,0.0,0,0,0,0,0,0,0,0
TF,COU,38.810822,-92.218275,0, ,0.0,0.0,0.0,0.0,0,0,0,0,0,0,0,0

SID,LAKES1,SPI,3
IF,MCI,39.285283,-94.737061, ,0.0,0.0,0,0,0,0,0,0,0,0
TF,BLUZY,39.385983,-93.952911,0, ,0.0,0.0,0.0,0.0,0,0,0,0,0,0,0,0
TF,TWAIN,39.672375,-91.443092,0, ,0.0,0.0,0.0,0.0,0,0,0,0,0,0,0,0
TF,SPI,39.839733,-89.677736,0, ,0.0,0.0,0.0,0.0,0,0,0,0,0,0,0,0

SID,LAKES1,TWAIN,3
IF,MCI,39.285283,-94.737061, ,0.0,0.0,0,0,0,0,0,0,0,0
TF,BLUZY,39.385983,-93.952911,0, ,0.0,0.0,0.0,0.0,0,0,0,0,0,0,0,0
TF,TWAIN,39.672375,-91.443092,0, ,0.0,0.0,0.0,0.0,0,0,0,0,0,0,0,0

SID,RACER6,04,1
VA,0,43.0,2,1490,0,0,0,0,0,0
VM,0,0,0,43.0,0,0,0,0,0,0,0,0

SID,RACER6,18,1
VA,0,176.0,2,1490,0,0,0,0,0,0
VM,0,0,0,176.0,0,0,0,0,0,0,0,0

SID,RACER6,22,1
VA,0,223.0,2,1490,0,0,0,0,0,0
VM,0,0,0,223.0,0,0,0,0,0,0,0,0

SID,RACER6,36,1
VA,0,356.0,2,1490,0,0,0,0,0,0
VM,0,0,0,356.0,0,0,0,0,0,0,0,0

SID,RACER6,BUM,3
IF,MCI,39.285283,-94.737061, ,0.0,0.0,0,0,0,0,0,0,0,0
TF,GRILD,38.695581,-94.591358,0, ,0.0,0.0,0.0,0.0,0,0,0,0,0,0,0,0
TF,BUM,38.272081,-94.488261,0, ,0.0,0.0,0.0,0.0,0,0,0,0,0,0,0,0

SID,RACER6,DOSOA,3
IF,MCI,39.285283,-94.737061, ,0.0,0.0,0,0,0,0,0,0,0,0
TF,SPRNT,38.738394,-94.929869,0, ,0.0,0.0,0.0,0.0,0,0,0,0,0,0,0,0
TF,DOSOA,38.170719,-95.126814,0, ,0.0,0.0,0.0,0.0,0,0,0,0,0,0,0,0

SID,RACER6,SGF,3
IF,MCI,39.285283,-94.737061, ,0.0,0.0,0,0,0,0,0,0,0,0
TF,GRILD,38.695581,-94.591358,0, ,0.0,0.0,0.0,0.0,0,0,0,0,0,0,0,0
TF,BUM,38.272081,-94.488261,0, ,0.0,0.0,0.0,0.0,0,0,0,0,0,0,0,0
TF,SGF,37.355947,-93.334042,0, ,0.0,0.0,0.0,0.0,0,0,0,0,0,0,0,0

SID,ROYAL8,ALL,2
IF,MCI,39.285283,-94.737061, ,0.0,0.0,0,0,0,0,0,0,0,0

SID,ROYAL8,ARENZ,3
IF,MCI,39.285283,-94.737061, ,0.0,0.0,0,0,0,0,0,0,0,0
TF,CAYKO,39.763708,-94.136506,0, ,0.0,0.0,0.0,0.0,0,0,0,0,0,0,0,0
TF,JTHRO,40.001731,-93.833111,0, ,0.0,0.0,0.0,0.0,0,0,0,0,0,0,0,0
TF,ARENZ,40.143739,-93.650561,0, ,0.0,0.0,0.0,0.0,0,0,0,0,0,0,0,0

SID,ROYAL8,BODYN,3
IF,MCI,39.285283,-94.737061, ,0.0,0.0,0,0,0,0,0,0,0,0
TF,CAYKO,39.763708,-94.136506,0, ,0.0,0.0,0.0,0.0,0,0,0,0,0,0,0,0
TF,JTHRO,40.001731,-93.833111,0, ,0.0,0.0,0.0,0.0,0,0,0,0,0,0,0,0
TF,ARENZ,40.143739,-93.650561,0, ,0.0,0.0,0.0,0.0,0,0,0,0,0,0,0,0
TF,BODYN,40.341964,-92.135011,0, ,0.0,0.0,0.0,0.0,0,0,0,0,0,0,0,0

SID,ROYAL8,TONCE,3
IF,MCI,39.285283,-94.737061, ,0.0,0.0,0,0,0,0,0,0,0,0
TF,JDOGG,39.949944,-94.661508,0, ,0.0,0.0,0.0,0.0,0,0,0,0,0,0,0,0
TF,TONCE,40.282225,-94.623183,0, ,0.0,0.0,0.0,0.0,0,0,0,0,0,0,0,0

SID,TIFTO5,ALL,2
IF,MCI,39.285283,-94.737061, ,0.0,0.0,0,0,0,0,0,0,0,0

SID,TIFTO5,TIFTO,3
IF,MCI,39.285283,-94.737061, ,0.0,0.0,0,0,0,0,0,0,0,0
TF,DIGGY,39.454867,-95.343664,0, ,0.0,0.0,0.0,0.0,0,0,0,0,0,0,0,0
TF,TIFTO,39.604767,-95.892106,0, ,0.0,0.0,0.0,0.0,0,0,0,0,0,0,0,0

SID,WLDCT4,ALL,2
IF,MCI,39.285283,-94.737061, ,0.0,0.0,0,0,0,0,0,0,0,0

SID,WLDCT4,ICT,3
IF,MCI,39.285283,-94.737061, ,0.0,0.0,0,0,0,0,0,0,0,0
TF,TYTUS,39.213892,-95.374125,0, ,0.0,0.0,0.0,0.0,0,0,0,0,0,0,0,0
TF,KENTN,39.146664,-95.946350,0, ,0.0,0.0,0.0,0.0,0,0,0,0,0,0,0,0
TF,ICT,37.745258,-97.583831,0, ,0.0,0.0,0.0,0.0,0,0,0,0,0,0,0,0

SID,WLDCT4,KENTN,3
IF,MCI,39.285283,-94.737061, ,0.0,0.0,0,0,0,0,0,0,0,0
TF,TYTUS,39.213892,-95.374125,0, ,0.0,0.0,0.0,0.0,0,0,0,0,0,0,0,0
TF,KENTN,39.146664,-95.946350,0, ,0.0,0.0,0.0,0.0,0,0,0,0,0,0,0,0

SID,WLDCT4,SLN,3
IF,MCI,39.285283,-94.737061, ,0.0,0.0,0,0,0,0,0,0,0,0
TF,TYTUS,39.213892,-95.374125,0, ,0.0,0.0,0.0,0.0,0,0,0,0,0,0,0,0
TF,KENTN,39.146664,-95.946350,0, ,0.0,0.0,0.0,0.0,0,0,0,0,0,0,0,0
TF,SLN,38.925139,-97.621333,0, ,0.0,0.0,0.0,0.0,0,0,0,0,0,0,0,0

STAR,BQS5,IRK,1
IF,IRK,40.135017,-92.591714, ,0.0,0.0,0,0,0,0,0,0,0,0
TF,FONIX,39.833531,-93.365425,0, ,0.0,0.0,0.0,0.0,0,0,0,0,0,0,0,0
TF,BQS,39.630556,-93.875278,0, ,0.0,0.0,0.0,0.0,0,0,0,0,0,0,0,0

STAR,BQS5,LMN,1
IF,LMN,40.596747,-93.967594, ,0.0,0.0,0,0,0,0,0,0,0,0
TF,BQS,39.630556,-93.875278,0, ,0.0,0.0,0.0,0.0,0,0,0,0,0,0,0,0

STAR,BQS5,MCM,1
IF,MCM,39.654047,-92.482136, ,0.0,0.0,0,0,0,0,0,0,0,0
TF,CORIM,39.643731,-93.215461,0, ,0.0,0.0,0.0,0.0,0,0,0,0,0,0,0,0
TF,BQS,39.630556,-93.875278,0, ,0.0,0.0,0.0,0.0,0,0,0,0,0,0,0,0

STAR,BQS5,SPI,1
IF,SPI,39.839733,-89.677736, ,0.0,0.0,0,0,0,0,0,0,0,0
TF,UIN,39.847875,-91.278925,0, ,0.0,0.0,0.0,0.0,0,0,0,0,0,0,0,0
TF,HUGIN,39.705097,-93.060728,0, ,0.0,0.0,0.0,0.0,0,0,0,0,0,0,0,0
TF,BQS,39.630556,-93.875278,0, ,0.0,0.0,0.0,0.0,0,0,0,0,0,0,0,0

STAR,BQS5,ALL,2
IF,BQS,39.630556,-93.875278, ,0.0,0.0,0,0,0,0,0,0,0,0
TF,DONNS,39.539567,-94.055958,0, ,0.0,0.0,0.0,0.0,0,0,0,0,0,0,0,0
TF,MATTZ,39.445608,-94.241461,0, ,0.0,0.0,0.0,0.0,0,0,0,0,0,0,0,0
TF,BYGEC,39.274108,-94.577269,0, ,0.0,0.0,0.0,0.0,0,0,0,1,210,0,0,0
VM,38.830917,-94.890306,0,190.0,0,0,0,0,0,0,0,0

STAR,JHAWK6,CNU,1
IF,CNU,37.626158,-95.593469, ,0.0,0.0,0,0,0,0,0,0,0,0
TF,JHAWK,38.805514,-95.420939,0, ,0.0,0.0,0.0,0.0,0,0,0,0,0,0,0,0

STAR,JHAWK6,EMP,1
IF,EMP,38.291142,-96.138117, ,0.0,0.0,0,0,0,0,0,0,0,0
TF,JHAWK,38.805514,-95.420939,0, ,0.0,0.0,0.0,0.0,0,0,0,0,0,0,0,0

STAR,JHAWK6,ALL,2
IF,JHAWK,38.805514,-95.420939, ,0.0,0.0,0,0,0,0,0,0,0,0
TF,HOOZE,38.895078,-95.294403,0, ,0.0,0.0,0.0,0.0,0,0,0,0,0,0,0,0

STAR,RBA3,FOD,1
IF,FOD,42.611125,-94.294817, ,0.0,0.0,0,0,0,0,0,0,0,0
TF,KARAA,40.272936,-95.256525,0, ,0.0,0.0,0.0,0.0,0,0,0,0,0,0,0,0
TF,RBA,39.850833,-95.423056,0, ,0.0,0.0,0.0,0.0,0,0,0,0,0,0,0,0

STAR,RBA3,OVR,1
IF,OVR,41.167167,-95.736853, ,0.0,0.0,0,0,0,0,0,0,0,0
TF,HILDE,40.253758,-95.517714,0, ,0.0,0.0,0.0,0.0,0,0,0,0,0,0,0,0
TF,RBA,39.850833,-95.423056,0, ,0.0,0.0,0.0,0.0,0,0,0,0,0,0,0,0

STAR,RBA3,PWE,1
IF,PWE,40.200353,-96.206281, ,0.0,0.0,0,0,0,0,0,0,0,0
TF,RBA,39.850833,-95.423056,0, ,0.0,0.0,0.0,0.0,0,0,0,0,0,0,0,0

STAR,RBA3,ALL,2
IF,RBA,39.850833,-95.423056, ,0.0,0.0,0,0,0,0,0,0,0,0
TF,JUDAA,39.688564,-95.252983,0, ,0.0,0.0,0.0,0.0,0,0,0,0,0,0,0,0
TF,PEGGI,39.569767,-95.129147,0, ,0.0,0.0,0.0,0.0,0,0,0,0,0,0,0,0
TF,HUGGY,39.301178,-94.851219,0, ,0.0,0.0,0.0,0.0,0,0,0,1,210,0,0,0
VM,38.830917,-94.890306,0,190.0,0,0,0,0,0,0,0,0

STAR,TYGER6,SGF,1
IF,SGF,37.355947,-93.334042, ,0.0,0.0,0,0,0,0,0,0,0,0
TF,KRAZO,38.118308,-93.760850,0, ,0.0,0.0,0.0,0.0,0,0,0,0,0,0,0,0
TF,TYGER,38.683369,-94.083633,0, ,0.0,0.0,0.0,0.0,0,0,0,0,0,0,0,0

STAR,TYGER6,ALL,2
IF,TYGER,38.683369,-94.083633, ,0.0,0.0,0,0,0,0,0,0,0,0
TF,TRIKE,38.840156,-94.252389,0, ,0.0,0.0,0.0,0.0,0,0,0,0,0,0,0,0

APPTR,I36,36,ANX
IF,ANX,39.095425,-94.128836, ,0.0,0.0,0,0,0,0,0,0,0,0
TF,VIJQU,38.735903,-94.891664,0, ,0.0,0.0,0.0,0.0,2,4000,0,0,0,0,0,0
PI,VIJQU,38.735903,-94.891664,1,MCI,221.0,10.0,176,5.0,2,2700,0,0,0,0,1,0

APPTR,I36,36,BUM
FC,BUM,38.272081,-94.488261,0,BUM,0.0,0.0,309.0,23.3,2,2700,0,0,0,0,1,0
CF,FRELS,38.599361,-94.891783,0,IIXD,176.0,14.6,309.0,4.0,2,2700,0,0,0,0,1,0

APPTR,I36,36,MCI
IF,MCI,39.285283,-94.737061, ,0.0,0.0,0,0,0,0,0,0,0,0
TF,VIJQU,38.735903,-94.891664,0, ,0.0,0.0,0.0,0.0,2,2700,0,0,0,0,0,0
PI,VIJQU,38.735903,-94.891664,1,MCI,221.0,10.0,176,5.0,2,2700,0,0,0,0,1,0

APPTR,I36,36,TOP
IF,TOP,39.137078,-95.549169, ,0.0,0.0,0,0,0,0,0,0,0,0
TF,VIJQU,38.735903,-94.891664,0, ,0.0,0.0,0.0,0.0,2,3100,0,0,0,0,0,0
PI,VIJQU,38.735903,-94.891664,1,TOP,221.0,10.0,176,5.0,2,2700,0,0,0,0,1,0

FINAL,I36,36,I,3
IF,FRELS,38.599361,-94.891783,IIXD,176.0,14.6,2,2700,0,0,0,0,0,0
CF,VIJQU,38.735903,-94.891664,0,IIXD,176.0,6.4,356.0,8.2,1,2700,0,0,0,0,2,0
CF,RW36,38.819364,-94.891589,0,IIXD,176.0,1.4,356.0,5.0,1,1107,0,0,0,0,3,0
CA,0,356.0,2,2700,0,0,0,0,0,0
CF,RUGBB,39.006867,-95.135819,0,TOP,106.9,20.8,287.0,14.0,2,4000,0,0,0,0,0,0
HM,RUGBB,39.006867,-95.135819,2, ,0.0,0.0,43.0,04.3,0,0,0,0,0,0,0,0,0

APPTR,R04,04,AXUXE
HF,AXUXE,38.686244,-95.089281,2, ,0.0,0.0,43.0,04,2,3100,0,0,0,0,1,0,0

APPTR,R04,04,JONUL
IF,JONUL,38.771483,-95.191189, ,0.0,0.0,0,0,0,0,0,0,1,0
TF,AXUXE,38.686244,-95.089281,0, ,0.0,0.0,0.0,0.0,2,3100,0,0,0,0,1,0

APPTR,R04,04,WAMUS
IF,WAMUS,38.600914,-94.987614, ,0.0,0.0,0,0,0,0,0,0,1,0
TF,AXUXE,38.686244,-95.089281,0, ,0.0,0.0,0.0,0.0,2,3100,0,0,0,0,1,0

FINAL,R04,04,R,3
IF,AXUXE,38.686244,-95.089281, ,0.0,0.0,2,3100,0,0,0,0,0,0
TF,ORAVE,38.771133,-94.973294,0, ,0.0,0.0,43.0,7.5,2,2700,0,0,0,0,2,0
TF,RW04,38.828208,-94.895064,0, ,0.0,0.0,43.0,5.0,1,1102,0,0,0,0,3,1
CA,0,43.0,2,1330,0,0,0,0,0,0
DF,FALOV,38.978511,-94.688089,0, ,0.0,0.0,2,3100,0,0,0,0,0,1
HM,FALOV,38.978511,-94.688089,2, ,0.0,0.0,223.0,04,0,0,0,0,0,0,0,0,0

APPTR,R18,18,MIFEV
IF,MIFEV,39.020578,-94.784481, ,0.0,0.0,2,3100,0,0,0,0,1,0
TF,ZODPU,39.020686,-94.891408,0, ,0.0,0.0,0.0,0.0,2,3100,0,0,0,0,1,0

APPTR,R18,18,OGUCO
IF,OGUCO,39.020694,-94.998336, ,0.0,0.0,2,3100,0,0,0,0,1,0
TF,ZODPU,39.020686,-94.891408,0, ,0.0,0.0,0.0,0.0,2,3100,0,0,0,0,1,0

APPTR,R18,18,ZODPU
HF,ZODPU,39.020686,-94.891408,2, ,0.0,0.0,176.0,05,2,3100,0,0,0,0,1,0,0

FINAL,R18,18,R,3
IF,ZODPU,39.020686,-94.891408, ,0.0,0.0,2,3100,0,0,0,0,0,0
TF,KEZNU,38.920569,-94.891497,0, ,0.0,0.0,176.0,6.0,2,2700,0,0,0,0,2,0
TF,RW18,38.839511,-94.891572,0, ,0.0,0.0,176.0,4.9,1,1131,0,0,0,0,3,1
CA,0,176.0,2,1487,0,0,0,0,0,0
DF,ANQUM,38.636683,-94.891750,0, ,0.0,0.0,2,3100,0,0,0,0,0,1
HM,ANQUM,38.636683,-94.891750,2, ,0.0,0.0,356.0,05,0,0,0,0,0,0,0,0,0

APPTR,R22,22,AYOBU
IF,AYOBU,39.064094,-94.789939, ,0.0,0.0,0,0,0,0,0,0,1,0
TF,FALOV,38.978511,-94.688089,0, ,0.0,0.0,0.0,0.0,2,3100,0,0,0,0,1,0

APPTR,R22,22,FALOV
HF,FALOV,38.978511,-94.688089,2, ,0.0,0.0,223.0,04,2,3100,0,0,0,0,1,0,0

APPTR,R22,22,SIPSE
IF,SIPSE,38.892839,-94.586483, ,0.0,0.0,0,0,0,0,0,0,1,0
TF,FALOV,38.978511,-94.688089,0, ,0.0,0.0,0.0,0.0,2,3100,0,0,0,0,1,0

FINAL,R22,22,R,3
IF,FALOV,38.978511,-94.688089, ,0.0,0.0,2,3100,0,0,0,0,0,0
TF,CALVU,38.893756,-94.804972,0, ,0.0,0.0,223.0,7.5,2,2700,0,0,0,0,2,0
TF,RW22,38.837811,-94.881883,0, ,0.0,0.0,223.0,4.9,1,1132,0,0,0,0,3,1
CA,0,223.0,2,1337,0,0,0,0,0,0
DF,AXUXE,38.686244,-95.089281,0, ,0.0,0.0,2,3100,0,0,0,0,0,1
HM,AXUXE,38.686244,-95.089281,2, ,0.0,0.0,43.0,04,0,0,0,0,0,0,0,0,0

APPTR,R36,36,ANQUM
HF,ANQUM,38.636683,-94.891750,2, ,0.0,0.0,356.0,05,2,3100,0,0,0,0,1,0,0

APPTR,R36,36,NAPVY
IF,NAPVY,38.636578,-94.785397, ,0.0,0.0,2,3100,0,0,0,0,1,0
TF,ANQUM,38.636683,-94.891750,0, ,0.0,0.0,0.0,0.0,2,3100,0,0,0,0,1,0

APPTR,R36,36,UNOXY
IF,UNOXY,38.636694,-94.998103, ,0.0,0.0,2,3100,0,0,0,0,1,0
TF,ANQUM,38.636683,-94.891750,0, ,0.0,0.0,0.0,0.0,2,3100,0,0,0,0,1,0

FINAL,R36,36,R,3
IF,ANQUM,38.636683,-94.891750, ,0.0,0.0,2,3100,0,0,0,0,0,0
TF,JIKLA,38.736800,-94.891658,0, ,0.0,0.0,356.0,6.0,2,2700,0,0,0,0,2,0
TF,RW36,38.819364,-94.891589,0, ,0.0,0.0,356.0,5.0,1,1102,0,0,0,0,3,1
CA,0,356.0,2,1316,0,0,0,0,0,0
DF,ZODPU,39.020686,-94.891408,0, ,0.0,0.0,2,3100,0,0,0,0,0,1
HM,ZODPU,39.020686,-94.891408,2, ,0.0,0.0,176.0,05,0,0,0,0,0,0,0,0,0

