APPTR,P08,08,GVO
IF,GVO,34.531319,-120.091089, ,0.0,0.0,0,0,0,0,0,0,0,0
TF,ESEHI,34.633456,-120.300044,0, ,0.0,0.0,0.0,0.0,2,5100,0,0,0,0,0,0
HF,ESEHI,34.633456,-120.300044,1, ,0.0,0.0,84.0,04,2,4000,0,0,0,0,1,0,0

APPTR,P08,08,ORCUT
IF,ORCUT,34.854742,-120.389153, ,0.0,0.0,0,0,0,0,0,0,0,0
TF,CAKDA,34.665528,-120.460803,0, ,0.0,0.0,0.0,0.0,2,5700,0,0,0,0,1,0
TF,ESEHI,34.633456,-120.300044,0, ,0.0,0.0,0.0,0.0,2,3600,0,0,0,0,0,0

FINAL,P08,08,G,4
IF,ESEHI,34.633456,-120.300044, ,0.0,0.0,2,3600,0,0,0,0,0,0
TF,HOBTU,34.621647,-120.200081,0, ,0.0,0.0,84.0,5.0,2,2900,0,0,0,0,2,0
TF,30THR,34.614519,-120.140114,0, ,0.0,0.0,0.0,3.0,2,1820,0,0,0,0,0,0
TF,RW08,34.607367,-120.080161,0, ,0.0,0.0,0.0,3.0,1,695,0,0,0,0,3,1
CA,0,84.0,2,1071,0,0,0,0,0,0
DF,ORCUT,34.854742,-120.389153,1, ,0.0,0.0,2,5000,0,0,0,0,0,1
HM,ORCUT,34.854742,-120.389153,2, ,0.0,0.0,309.0,04,0,0,0,0,0,0,0,0,0

APPTR,P26-A,26,EMUXY
IF,EMUXY,34.523583,-119.590269, ,0.0,0.0,0,0,0,0,0,0,1,0
TF,RZS,34.509533,-119.770992,0, ,0.0,0.0,0.0,0.0,2,6000,0,0,0,0,0,0
TF,AGZIF,34.563600,-119.879225,0, ,0.0,0.0,0.0,0.0,2,4600,0,0,0,0,0,0

APPTR,P26-A,26,ZIQOR
IF,ZIQOR,34.463814,-119.686647, ,0.0,0.0,0,0,0,0,0,0,1,0
TF,RZS,34.509533,-119.770992,0, ,0.0,0.0,0.0,0.0,2,6000,0,0,0,0,0,0
TF,AGZIF,34.563600,-119.879225,0, ,0.0,0.0,0.0,0.0,2,4600,0,0,0,0,0,0

FINAL,P26-A,26,G,4
IF,AGZIF,34.563600,-119.879225, ,0.0,0.0,2,4600,0,0,0,0,0,0
TF,NOXOQ,34.589456,-119.931083,0, ,0.0,0.0,0.0,3.0,2,3900,0,0,0,0,2,0
TF,18THR,34.601956,-120.034969,0, ,0.0,0.0,0.0,5.2,2,1840,0,0,0,0,0,0
TF,RW26,34.606264,-120.070939,0, ,0.0,0.0,0.0,1.8,1,1160,0,0,0,0,3,0
CA,0,264.0,2,1160,0,0,0,0,0,0
CF,YEWRU,34.627344,-120.179244,0,RZS,275.3,21.4,269.0,5.5,2,5000,0,0,0,0,0,0
TF,ORCUT,34.854742,-120.389153,0, ,0.0,0.0,0.0,0.0,0,0,0,0,0,0,0,0
HM,ORCUT,34.854742,-120.389153,2, ,0.0,0.0,309.0,04.3,0,0,0,0,0,0,0,0,0

APPTR,V08-B,08,GVO
IF,GVO,34.531319,-120.091089, ,0.0,0.0,0,0,0,0,0,0,0,0
TF,CALLI,34.636458,-120.166094,0, ,0.0,0.0,0.0,0.0,2,5000,0,0,0,0,0,0
PI,CALLI,34.636458,-120.166094,1,GVO,322.0,10.0,277,5.0,2,3500,0,0,0,0,1,0
CF,CALLI,34.636458,-120.166094,0,GVO,313.5,7.3,97.0,8.0,2,3000,0,0,0,0,0,0

APPTR,V08-B,08,RZS
IF,RZS,34.509533,-119.770992, ,0.0,0.0,0,0,0,0,0,0,0,0
TF,CALLI,34.636458,-120.166094,0, ,0.0,0.0,0.0,0.0,2,6000,0,0,0,0,0,0
PI,CALLI,34.636458,-120.166094,1,RZS,322.0,10.0,277,5.0,2,3500,0,0,0,0,1,0
CF,CALLI,34.636458,-120.166094,0,RZS,277.3,21.0,97.0,8.0,2,3000,0,0,0,0,0,0

FINAL,V08-B,08,D,2
IF,CALLI,34.636458,-120.166094,RZS,277.3,21.0,2,3000,0,0,0,0,2,0
CF,MARNV,34.607256,-120.080144,0,RZS,277.0,16.4,97.0,4.6,1,1880,0,0,0,0,3,0
CA,0,97.0,2,1880,0,0,0,0,0,0
VI,1, ,0.0,260.0,0,0,0,0,0,0,0,0
CF,ORCUT,34.854742,-120.389153,0,GVO,306.8,24.3,307.0,17.0,2,5000,0,0,0,0,0,0

APPTR,V26-B,26,GVO
IF,GVO,34.531319,-120.091089, ,0.0,0.0,0,0,0,0,0,0,0,0
TF,CALLI,34.636458,-120.166094,0, ,0.0,0.0,0.0,0.0,2,5000,0,0,0,0,0,0
PI,CALLI,34.636458,-120.166094,1,GVO,322.0,10.0,277,5.0,2,3500,0,0,0,0,1,0
CF,CALLI,34.636458,-120.166094,0,GVO,313.5,7.3,97.0,8.0,2,3000,0,0,0,0,0,0

APPTR,V26-B,26,RZS
IF,RZS,34.509533,-119.770992, ,0.0,0.0,0,0,0,0,0,0,0,0
TF,CALLI,34.636458,-120.166094,0, ,0.0,0.0,0.0,0.0,2,6000,0,0,0,0,0,0
PI,CALLI,34.636458,-120.166094,1,RZS,322.0,10.0,277,5.0,2,3500,0,0,0,0,1,0
CF,CALLI,34.636458,-120.166094,0,RZS,277.3,21.0,97.0,8.0,2,3000,0,0,0,0,0,0

FINAL,V26-B,26,D,2
IF,CALLI,34.636458,-120.166094,RZS,277.3,21.0,2,3000,0,0,0,0,2,0
CF,MARNV,34.607256,-120.080144,0,RZS,277.0,16.4,97.0,4.6,1,1880,0,0,0,0,3,0
CA,0,97.0,2,1880,0,0,0,0,0,0
VI,1, ,0.0,260.0,0,0,0,0,0,0,0,0
CF,ORCUT,34.854742,-120.389153,0,GVO,306.8,24.3,307.0,17.0,2,5000,0,0,0,0,0,0

