APPTR,D18-B,18,UIM
HF,UIM,32.880481,-95.366892,2, ,0.0,0.0,203.0,04.3,2,2100,0,0,0,0,1,0,0

FINAL,D18-B,18,D,3
IF,UIM,32.880481,-95.366892,UIM,0.0,0.0,2,2100,0,0,0,0,0,0
CF,HAGRE,32.801425,-95.439794,0,UIM,210.0,6.0,210.0,6.0,2,2000,0,0,0,0,2,0
CF,MAGOZ,32.744897,-95.491969,0,UIM,210.0,10.3,210.0,4.3,1,1000,0,0,0,0,3,0
CA,0,210.0,2,1500,0,0,0,0,0,0
DF,UIM,32.880481,-95.366892,2, ,0.0,0.0,2,2100,0,0,0,0,0,0
HM,UIM,32.880481,-95.366892,2, ,0.0,0.0,203.0,04.3,0,0,0,0,0,0,0,0,0

APPTR,D36-B,36,UIM
HF,UIM,32.880481,-95.366892,2, ,0.0,0.0,203.0,04.3,2,2100,0,0,0,0,1,0,0

FINAL,D36-B,36,D,3
IF,UIM,32.880481,-95.366892,UIM,0.0,0.0,2,2100,0,0,0,0,0,0
CF,HAGRE,32.801425,-95.439794,0,UIM,210.0,6.0,210.0,6.0,2,2000,0,0,0,0,2,0
CF,MAGOZ,32.744897,-95.491969,0,UIM,210.0,10.3,210.0,4.3,1,1000,0,0,0,0,3,0
CA,0,210.0,2,1500,0,0,0,0,0,0
DF,UIM,32.880481,-95.366892,2, ,0.0,0.0,2,2100,0,0,0,0,0,0
HM,UIM,32.880481,-95.366892,2, ,0.0,0.0,203.0,04.3,0,0,0,0,0,0,0,0,0

APPTR,R18,18,SLR
IF,SLR,33.198561,-95.542597, ,0.0,0.0,0,0,0,0,0,0,1,0
TF,VERGO,32.928025,-95.487886,0, ,0.0,0.0,0.0,0.0,2,2100,0,0,0,0,1,0

APPTR,R18,18,UIM
IF,UIM,32.880481,-95.366892, ,0.0,0.0,0,0,0,0,0,0,0,0
TF,KUSEC,32.924736,-95.388958,0, ,0.0,0.0,0.0,0.0,2,2100,0,0,0,0,1,0
TF,VERGO,32.928025,-95.487886,0, ,0.0,0.0,0.0,0.0,2,2100,0,0,0,0,1,0

APPTR,R18,18,VERGO
HF,VERGO,32.928025,-95.487886,2, ,0.0,0.0,176.0,04,2,2100,0,0,0,0,1,0,0

FINAL,R18,18,R,3
IF,VERGO,32.928025,-95.487886, ,0.0,0.0,2,2100,0,0,0,0,0,0
TF,HAFLU,32.827906,-95.492514,0, ,0.0,0.0,176.0,6.0,2,2000,0,0,0,0,2,0
TF,RW18,32.747694,-95.496208,0, ,0.0,0.0,176.0,4.8,1,443,0,0,0,0,3,1
CA,0,176.0,2,820,0,0,0,0,0,0
DF,DUCAG,32.557119,-95.504978,0, ,0.0,0.0,2,2100,0,0,0,0,0,1
HM,DUCAG,32.557119,-95.504978,2, ,0.0,0.0,356.0,04,0,0,0,0,0,0,0,0,0

APPTR,R36,36,DUCAG
HF,DUCAG,32.557119,-95.504978,2, ,0.0,0.0,356.0,04,2,2100,0,0,0,0,1,0,0

APPTR,R36,36,FZT
IF,FZT,32.074606,-95.530792, ,0.0,0.0,0,0,0,0,0,0,1,0
TF,DUCAG,32.557119,-95.504978,0, ,0.0,0.0,0.0,0.0,2,2100,0,0,0,0,1,0

APPTR,R36,36,UIM
IF,UIM,32.880481,-95.366892, ,0.0,0.0,0,0,0,0,0,0,0,0
TF,WOBAM,32.553831,-95.406458,0, ,0.0,0.0,0.0,0.0,2,2100,0,0,0,0,1,0
TF,DUCAG,32.557119,-95.504978,0, ,0.0,0.0,0.0,0.0,2,2100,0,0,0,0,1,0

FINAL,R36,36,R,3
IF,DUCAG,32.557119,-95.504978, ,0.0,0.0,2,2100,0,0,0,0,0,0
TF,HERUX,32.657244,-95.500378,0, ,0.0,0.0,356.0,6.0,2,2000,0,0,0,0,2,0
TF,RW36,32.736703,-95.496719,0, ,0.0,0.0,356.0,4.8,1,463,0,0,0,0,3,0
CA,0,356.0,2,833,0,0,0,0,0,0
DF,VERGO,32.928025,-95.487886,0, ,0.0,0.0,2,2100,0,0,0,0,0,0
HM,VERGO,32.928025,-95.487886,2, ,0.0,0.0,176.0,04,0,0,0,0,0,0,0,0,0

