APPTR,R17,17,OFAYS
HF,OFAYS,38.178719,-99.889864,1, ,0.0,0.0,173.0,05,2,5000,0,0,0,0,1,0,0

FINAL,R17,17,R,4
IF,OFAYS,38.178719,-99.889864, ,0.0,0.0,2,5000,0,0,0,0,0,0
TF,HOGAS,38.068619,-99.892397,0, ,0.0,0.0,173.0,6.6,2,4000,0,0,0,0,2,0
TF,GLEDS,38.015250,-99.893625,0, ,0.0,0.0,173.0,3.2,2,2980,0,0,0,0,0,0
TF,RW17,37.990225,-99.894197,0, ,0.0,0.0,173.0,1.5,1,2503,0,0,0,0,3,1
CA,0,173.0,2,2767,0,0,0,0,0,0
DF,JEMOR,37.790358,-99.898769,0, ,0.0,0.0,2,5000,0,0,0,0,0,0
HM,JEMOR,37.790358,-99.898769,2, ,0.0,0.0,353.0,05,0,0,0,0,0,0,0,0,0

APPTR,R35,35,JEMOR
HF,JEMOR,37.790358,-99.898769,2, ,0.0,0.0,353.0,05,2,5000,0,0,0,0,1,0,0

FINAL,R35,35,R,4
IF,JEMOR,37.790358,-99.898769, ,0.0,0.0,2,5000,0,0,0,0,0,0
TF,TOXIC,37.900467,-99.896253,0, ,0.0,0.0,353.0,6.6,2,4000,0,0,0,0,2,0
TF,SLIPE,37.953658,-99.895033,0, ,0.0,0.0,353.0,3.2,2,2980,0,0,0,0,0,0
TF,RW35,37.978681,-99.894461,0, ,0.0,0.0,353.0,1.5,1,2507,0,0,0,0,3,1
CA,0,353.0,2,2767,0,0,0,0,0,0
DF,OFAYS,38.178719,-99.889864,0, ,0.0,0.0,2,5000,0,0,0,0,0,0
HM,OFAYS,38.178719,-99.889864,1, ,0.0,0.0,173.0,05,0,0,0,0,0,0,0,0,0

