APPTR,R18,18,ACKEG
HF,ACKEG,42.436994,-96.973592,2, ,0.0,0.0,175.0,04,2,3500,0,0,0,0,1,0,0

APPTR,R18,18,HARDS
IF,HARDS,42.568556,-97.403808, ,0.0,0.0,0,0,0,0,0,0,0,0
TF,SEWAH,42.439481,-97.108600,0, ,0.0,0.0,0.0,0.0,2,3500,0,0,0,0,1,0
TF,ACKEG,42.436994,-96.973592,0, ,0.0,0.0,0.0,0.0,2,3500,0,0,0,0,1,0

APPTR,R18,18,SUX
IF,SUX,42.344517,-96.323644, ,0.0,0.0,0,0,0,0,0,0,0,0
TF,VEYWA,42.434800,-96.861092,0, ,0.0,0.0,0.0,0.0,2,3500,0,0,0,0,1,0
TF,ACKEG,42.436994,-96.973592,0, ,0.0,0.0,0.0,0.0,2,3500,0,0,0,0,1,0

FINAL,R18,18,R,4
IF,ACKEG,42.436994,-96.973592, ,0.0,0.0,2,3500,0,0,0,0,0,0
TF,CESZI,42.355297,-96.976428,0, ,0.0,0.0,175.0,4.9,2,3500,0,0,0,0,2,0
TF,ZALZI,42.287325,-96.978781,0, ,0.0,0.0,175.0,4.1,2,2200,0,0,0,0,0,0
TF,RW18,42.248989,-96.980106,0, ,0.0,0.0,175.0,2.3,1,1469,0,0,0,0,3,1
CA,0,175.0,2,1678,0,0,0,0,0,0
DF,ERHOS,42.049122,-96.986989,0, ,0.0,0.0,2,3500,0,0,0,0,0,1
HM,ERHOS,42.049122,-96.986989,2, ,0.0,0.0,355.0,04,0,0,0,0,0,0,0,0,0

APPTR,R23,23,HURLI
IF,HURLI,42.605942,-96.802428, ,0.0,0.0,0,0,0,0,0,0,0,0
TF,DOYPA,42.433553,-96.852972,0, ,0.0,0.0,0.0,0.0,2,3400,0,0,0,0,1,0
TF,CAGAL,42.352486,-96.773903,0, ,0.0,0.0,0.0,0.0,2,3200,0,0,0,0,1,0

APPTR,R23,23,PENDE
IF,PENDE,42.180725,-96.839656, ,0.0,0.0,0,0,0,0,0,0,0,0
TF,FAXAK,42.278125,-96.701600,0, ,0.0,0.0,0.0,0.0,2,3600,0,0,0,0,1,0
TF,CAGAL,42.352486,-96.773903,0, ,0.0,0.0,0.0,0.0,2,3200,0,0,0,0,1,0

APPTR,R23,23,SUX
IF,SUX,42.344517,-96.323644, ,0.0,0.0,0,0,0,0,0,0,0,0
TF,CAGAL,42.352486,-96.773903,0, ,0.0,0.0,0.0,0.0,2,3700,0,0,0,0,0,1
HF,CAGAL,42.352486,-96.773903,2, ,0.0,0.0,228.0,04,2,3200,0,0,0,0,1,0,0

FINAL,R23,23,R,3
IF,CAGAL,42.352486,-96.773903, ,0.0,0.0,2,3200,0,0,0,0,0,0
TF,BUCAG,42.293181,-96.884406,0, ,0.0,0.0,228.0,6.1,2,3100,0,0,0,0,2,0
TF,RW23,42.243000,-96.977675,0, ,0.0,0.0,228.0,5.1,1,1466,0,0,0,0,3,1
CA,0,228.0,2,1832,0,0,0,0,0,0
DF,CEKAC,42.144042,-97.160897,0, ,0.0,0.0,2,3400,0,0,0,0,0,1
HM,CEKAC,42.144042,-97.160897,2, ,0.0,0.0,228.0,04,0,0,0,0,0,0,0,0,0

APPTR,R36,36,DECKA
IF,DECKA,41.936236,-96.266158, ,0.0,0.0,0,0,0,0,0,0,0,0
TF,VEPOW,42.046478,-96.852814,0, ,0.0,0.0,0.0,0.0,2,3500,0,0,0,0,1,0
TF,ERHOS,42.049122,-96.986989,0, ,0.0,0.0,0.0,0.0,2,3500,0,0,0,0,1,0

APPTR,R36,36,ERHOS
HF,ERHOS,42.049122,-96.986989,2, ,0.0,0.0,355.0,04,2,3500,0,0,0,0,1,0,0

APPTR,R36,36,OFK
IF,OFK,41.987925,-97.434578, ,0.0,0.0,0,0,0,0,0,0,0,0
TF,SERWU,42.051611,-97.121175,0, ,0.0,0.0,0.0,0.0,2,3500,0,0,0,0,1,0
TF,ERHOS,42.049122,-96.986989,0, ,0.0,0.0,0.0,0.0,2,3500,0,0,0,0,1,0

FINAL,R36,36,R,4
IF,ERHOS,42.049122,-96.986989, ,0.0,0.0,2,3500,0,0,0,0,0,0
TF,BILEH,42.131364,-96.984161,0, ,0.0,0.0,355.0,4.9,2,3500,0,0,0,0,2,0
TF,ACAYO,42.200800,-96.981769,0, ,0.0,0.0,355.0,4.2,2,2160,0,0,0,0,0,0
TF,RW36,42.237469,-96.980503,0, ,0.0,0.0,355.0,2.2,1,1473,0,0,0,0,3,1
CA,0,355.0,2,1682,0,0,0,0,0,0
DF,ACKEG,42.436994,-96.973592,0, ,0.0,0.0,2,3500,0,0,0,0,0,1
HM,ACKEG,42.436994,-96.973592,2, ,0.0,0.0,175.0,04,0,0,0,0,0,0,0,0,0

