APPTR,I31,31,LGC
IF,LGC,33.049119,-85.206222, ,0.0,0.0,0,0,0,0,0,0,0,0
TF,ARIVE,32.950667,-84.981744,0, ,0.0,0.0,0.0,0.0,2,2400,0,0,0,0,0,0
HF,ARIVE,32.950667,-84.981744,2, ,0.0,0.0,311.0,04.3,2,2400,0,0,0,0,1,0,0

FINAL,I31,31,I,3
IF,CF31,32.910689,-84.918317,IGNK,130.7,10.3,2,2400,0,0,0,0,0,0
CF,ARIVE,32.950667,-84.981744,0,IGNK,130.7,6.3,311.0,4.0,1,2400,0,0,0,0,2,0
CF,RW31,33.002733,-85.064522,0,IGNK,130.7,1.1,311.0,5.2,1,716,0,0,0,0,3,0
CA,0,311.0,2,1200,0,0,0,0,0,0
DF,LGC,33.049119,-85.206222,0, ,0.0,0.0,2,2400,0,0,0,0,0,0
HM,LGC,33.049119,-85.206222,2, ,0.0,0.0,108.0,04.3,0,0,0,0,0,0,0,0,0

APPTR,R03,03,CSG
IF,CSG,32.615253,-85.017631, ,0.0,0.0,0,0,0,0,0,0,0,0
TF,NINPY,32.789739,-85.083450,0, ,0.0,0.0,0.0,0.0,2,3000,0,0,0,0,1,0
TF,SUMDE,32.824186,-85.173517,0, ,0.0,0.0,0.0,0.0,2,3000,0,0,0,0,1,0

APPTR,R03,03,SUMDE
HF,SUMDE,32.824186,-85.173517,2, ,0.0,0.0,28.0,04,2,3000,0,0,0,0,1,0,0

APPTR,R03,03,TIMMY
IF,TIMMY,32.800381,-85.544747, ,0.0,0.0,0,0,0,0,0,0,0,0
TF,CIRNU,32.858567,-85.263653,0, ,0.0,0.0,0.0,0.0,2,3000,0,0,0,0,1,0
TF,SUMDE,32.824186,-85.173517,0, ,0.0,0.0,0.0,0.0,2,3000,0,0,0,0,1,0

FINAL,R03,03,R,4
IF,SUMDE,32.824186,-85.173517, ,0.0,0.0,2,3000,0,0,0,0,0,0
TF,TOGBE,32.926033,-85.118889,0, ,0.0,0.0,28.0,6.7,2,2400,0,0,0,0,2,0
TF,HUNOG,32.970836,-85.094814,0, ,0.0,0.0,28.0,3.0,2,1440,0,0,0,0,0,0
TF,RW03,33.004297,-85.076817,0, ,0.0,0.0,28.0,2.2,1,738,0,0,0,0,3,1
DF,COGED,33.083375,-85.034222,0, ,0.0,0.0,0,0,0,0,0,0,0,0
TF,WERTU,33.133133,-85.272664,1, ,0.0,0.0,0.0,0.0,2,3500,0,0,0,0,0,1
HM,WERTU,33.133133,-85.272664,2, ,0.0,0.0,131.0,04,0,0,0,0,0,0,0,0,0

APPTR,R13,13,TIMMY
IF,TIMMY,32.800381,-85.544747, ,0.0,0.0,0,0,0,0,0,0,0,0
TF,COVOL,33.066081,-85.331772,0, ,0.0,0.0,0.0,0.0,2,4000,0,0,0,0,1,0
TF,WERTU,33.133133,-85.272664,0, ,0.0,0.0,0.0,0.0,2,3500,0,0,0,0,1,0

APPTR,R13,13,TIROE
IF,TIROE,33.306453,-84.866031, ,0.0,0.0,0,0,0,0,0,0,0,0
TF,OHOPA,33.200158,-85.213467,0, ,0.0,0.0,0.0,0.0,2,4000,0,0,0,0,1,0
TF,WERTU,33.133133,-85.272664,0, ,0.0,0.0,0.0,0.0,2,3500,0,0,0,0,1,0

APPTR,R13,13,WERTU
HF,WERTU,33.133133,-85.272664,2, ,0.0,0.0,131.0,04,2,3500,0,0,0,0,1,0,0

FINAL,R13,13,R,3
IF,WERTU,33.133133,-85.272664, ,0.0,0.0,2,3500,0,0,0,0,0,0
TF,OSDOW,33.063419,-85.161242,0, ,0.0,0.0,131.0,7.0,2,2400,0,0,0,0,2,0
TF,RW13,33.011931,-85.079161,0, ,0.0,0.0,131.0,5.2,1,733,0,0,0,0,3,1
DF,WAGUS,32.882803,-84.874125,0, ,0.0,0.0,2,3000,0,0,0,0,0,1
HM,WAGUS,32.882803,-84.874125,1, ,0.0,0.0,311.0,04,0,0,0,0,0,0,0,0,0

APPTR,R31,31,CSG
IF,CSG,32.615253,-85.017631, ,0.0,0.0,0,0,0,0,0,0,0,0
TF,JENOP,32.815939,-84.933372,0, ,0.0,0.0,0.0,0.0,2,3000,0,0,0,0,1,0
TF,WAGUS,32.882803,-84.874125,0, ,0.0,0.0,0.0,0.0,2,3000,0,0,0,0,1,0

APPTR,R31,31,PIZZO
IF,PIZZO,33.083181,-84.915242, ,0.0,0.0,0,0,0,0,0,0,0,0
TF,HESOM,32.949639,-84.814789,0, ,0.0,0.0,0.0,0.0,2,3000,0,0,0,0,1,0
TF,WAGUS,32.882803,-84.874125,0, ,0.0,0.0,0.0,0.0,2,3000,0,0,0,0,1,0

APPTR,R31,31,WAGUS
HF,WAGUS,32.882803,-84.874125,1, ,0.0,0.0,311.0,04,2,3000,0,0,0,0,1,0,0

FINAL,R31,31,R,4
IF,WAGUS,32.882803,-84.874125, ,0.0,0.0,2,3000,0,0,0,0,0,0
TF,ARIVE,32.950667,-84.981744,0, ,0.0,0.0,311.0,6.8,2,2400,0,0,0,0,2,0
TF,HIPUN,32.974775,-85.020047,0, ,0.0,0.0,311.0,2.4,2,1600,0,0,0,0,0,0
TF,RW31,33.002733,-85.064522,0, ,0.0,0.0,311.0,2.8,1,716,0,0,0,0,3,1
DF,WERTU,33.133133,-85.272664,0, ,0.0,0.0,2,3500,0,0,0,0,0,1
HM,WERTU,33.133133,-85.272664,2, ,0.0,0.0,131.0,04,0,0,0,0,0,0,0,0,0

APPTR,S13,13,TGE
IF,TGE,32.484869,-85.669319, ,0.0,0.0,0,0,0,0,0,0,0,0
TF,LGC,33.049119,-85.206222,0, ,0.0,0.0,0.0,0.0,2,2900,0,0,0,0,0,0
PI,LGC,33.049119,-85.206222,2,LGC,243.0,10.0,288,5.0,2,2900,0,0,0,0,1,0
CF,LGC,33.049119,-85.206222,0,LGC,0.0,0.0,108.0,8.0,2,2900,0,0,0,0,0,0

FINAL,S13,13,D,2
IF,LGC,33.049119,-85.206222,LGC,0.0,0.0,2,2900,0,0,0,0,2,0
CF,RW13,33.011931,-85.079161,0,LGC,108.1,6.8,108.0,6.8,1,733,0,0,0,0,3,0
CA,0,108.0,2,1100,0,0,0,0,0,0
DF,LGC,33.049119,-85.206222,2, ,0.0,0.0,2,2900,0,0,0,0,0,0
HM,LGC,33.049119,-85.206222,2, ,0.0,0.0,108.0,04.3,0,0,0,0,0,0,0,0,0

