APPTR,R17,17,LELSE
HF,LELSE,45.527328,-68.685908,2, ,0.0,0.0,166.0,04,2,2800,0,0,0,0,1,0,0

APPTR,R17,17,MOZMO
IF,MOZMO,45.482089,-68.785408, ,0.0,0.0,2,3100,0,0,0,0,1,0
TF,LELSE,45.527328,-68.685908,0, ,0.0,0.0,0.0,0.0,2,2800,0,0,0,0,1,0

APPTR,R17,17,UFAZY
IF,UFAZY,45.572478,-68.586247, ,0.0,0.0,2,3100,0,0,0,0,1,0
TF,LELSE,45.527328,-68.685908,0, ,0.0,0.0,0.0,0.0,2,2800,0,0,0,0,1,0

FINAL,R17,17,R,3
IF,LELSE,45.527328,-68.685908, ,0.0,0.0,2,2800,0,0,0,0,0,0
TF,HESIS,45.441861,-68.607553,0, ,0.0,0.0,166.0,6.1,2,2000,0,0,0,0,2,0
TF,RW17,45.365397,-68.537692,0, ,0.0,0.0,166.0,5.5,1,236,0,0,0,0,3,1
DF,LADNE,45.197342,-68.384989,0, ,0.0,0.0,2,3100,0,0,0,0,0,1
HM,LADNE,45.197342,-68.384989,2, ,0.0,0.0,346.0,04,0,0,0,0,0,0,0,0,0

APPTR,R35,35,LADNE
HF,LADNE,45.197342,-68.384989,2, ,0.0,0.0,346.0,04,2,3100,0,0,0,0,1,0,0

APPTR,R35,35,UYOSI
IF,UYOSI,45.125356,-68.543594, ,0.0,0.0,2,3400,0,0,0,0,1,0
TF,LADNE,45.197342,-68.384989,0, ,0.0,0.0,0.0,0.0,2,3100,0,0,0,0,1,0

APPTR,R35,35,WIXIV
IF,WIXIV,45.269106,-68.225983, ,0.0,0.0,2,3100,0,0,0,0,1,0
TF,LADNE,45.197342,-68.384989,0, ,0.0,0.0,0.0,0.0,2,3100,0,0,0,0,1,0

FINAL,R35,35,R,3
IF,LADNE,45.197342,-68.384989, ,0.0,0.0,2,3100,0,0,0,0,0,0
TF,RAEGN,45.281714,-68.461517,0, ,0.0,0.0,346.0,6.0,2,2000,0,0,0,0,2,0
TF,RW35,45.358928,-68.531794,0, ,0.0,0.0,346.0,5.5,1,246,0,0,0,0,3,1
CA,0,346.0,2,608,0,0,0,0,0,0
DF,LELSE,45.527328,-68.685908,0, ,0.0,0.0,2,2800,0,0,0,0,0,1
HM,LELSE,45.527328,-68.685908,2, ,0.0,0.0,166.0,04,0,0,0,0,0,0,0,0,0

