FINAL,D04-B,04,D,4
IF,LDN,38.854392,-78.205556,LDN,0.0,0.0,2,4600,0,0,0,0,1,0
CF,HALPU,38.776025,-78.330231,0,LDN,237.3,7.5,237.0,7.5,2,4600,0,0,0,0,0,0
CF,CUNNY,38.728942,-78.404906,0,LDN,237.3,12.0,237.0,4.5,2,4000,0,0,0,0,2,0
CF,YIDUB,38.676569,-78.487761,0,LDN,237.3,17.0,237.0,5.0,1,1271,0,0,0,0,3,0
CA,0,237.0,2,1310,0,0,0,0,0,0
CF,HALPU,38.776025,-78.330231,1,LDN,237.3,7.5,57.0,9.5,2,4900,0,0,0,0,0,0
HM,HALPU,38.776025,-78.330231,2, ,0.0,0.0,237.0,04.3,0,0,0,0,0,0,0,0,0

FINAL,D22-B,22,D,4
IF,LDN,38.854392,-78.205556,LDN,0.0,0.0,2,4600,0,0,0,0,1,0
CF,HALPU,38.776025,-78.330231,0,LDN,237.3,7.5,237.0,7.5,2,4600,0,0,0,0,0,0
CF,CUNNY,38.728942,-78.404906,0,LDN,237.3,12.0,237.0,4.5,2,4000,0,0,0,0,2,0
CF,YIDUB,38.676569,-78.487761,0,LDN,237.3,17.0,237.0,5.0,1,1271,0,0,0,0,3,0
CA,0,237.0,2,1310,0,0,0,0,0,0
CF,HALPU,38.776025,-78.330231,1,LDN,237.3,7.5,57.0,9.5,2,4900,0,0,0,0,0,0
HM,HALPU,38.776025,-78.330231,2, ,0.0,0.0,237.0,04.3,0,0,0,0,0,0,0,0,0

APPTR,N04-A,04,LDN
IF,LDN,38.854392,-78.205556, ,0.0,0.0,0,0,0,0,0,0,0,0
TF,LUA,38.699317,-78.472361,0, ,0.0,0.0,0.0,0.0,2,5700,0,0,0,0,0,0
PI,LUA,38.699317,-78.472361,2,LDN,359.0,10.0,044,5.0,2,5000,0,0,0,0,1,0
CF,LUA,38.699317,-78.472361,0,LDN,239.5,15.6,224.0,8.0,2,3200,0,0,0,0,0,0

APPTR,N04-A,04,LURAY
IF,LURAY,38.598594,-78.566731, ,0.0,0.0,0,0,0,0,0,0,0,0
TF,LUA,38.699317,-78.472361,0, ,0.0,0.0,0.0,0.0,2,5400,0,0,0,0,0,0
PI,LUA,38.699317,-78.472361,2,LDN,359.0,10.0,044,5.0,2,5000,0,0,0,0,1,0
CF,LUA,38.699317,-78.472361,0,LDN,239.5,15.6,224.0,8.0,2,3200,0,0,0,0,0,0

FINAL,N04-A,04,N,2
IF,LUA,38.699317,-78.472361,LUA,0.0,0.0,2,3200,0,0,0,0,2,0
CF,MN224,38.670311,-78.497794,0,LUA,0.0,0.0,224.0,2.1,1,943,0,0,0,0,3,0
CA,0,224.0,2,2500,0,0,0,0,0,0
DF,LUA,38.699317,-78.472361,1, ,0.0,0.0,2,5000,0,0,0,0,0,0
HM,LUA,38.699317,-78.472361,2, ,0.0,0.0,224.0,04.3,0,0,0,0,0,0,0,0,0

APPTR,N22-A,22,LDN
IF,LDN,38.854392,-78.205556, ,0.0,0.0,0,0,0,0,0,0,0,0
TF,LUA,38.699317,-78.472361,0, ,0.0,0.0,0.0,0.0,2,5700,0,0,0,0,0,0
PI,LUA,38.699317,-78.472361,2,LDN,359.0,10.0,044,5.0,2,5000,0,0,0,0,1,0
CF,LUA,38.699317,-78.472361,0,LDN,239.5,15.6,224.0,8.0,2,3200,0,0,0,0,0,0

APPTR,N22-A,22,LURAY
IF,LURAY,38.598594,-78.566731, ,0.0,0.0,0,0,0,0,0,0,0,0
TF,LUA,38.699317,-78.472361,0, ,0.0,0.0,0.0,0.0,2,5400,0,0,0,0,0,0
PI,LUA,38.699317,-78.472361,2,LDN,359.0,10.0,044,5.0,2,5000,0,0,0,0,1,0
CF,LUA,38.699317,-78.472361,0,LDN,239.5,15.6,224.0,8.0,2,3200,0,0,0,0,0,0

FINAL,N22-A,22,N,2
IF,LUA,38.699317,-78.472361,LUA,0.0,0.0,2,3200,0,0,0,0,2,0
CF,MN224,38.670311,-78.497794,0,LUA,0.0,0.0,224.0,2.1,1,943,0,0,0,0,3,0
CA,0,224.0,2,2500,0,0,0,0,0,0
DF,LUA,38.699317,-78.472361,1, ,0.0,0.0,2,5000,0,0,0,0,0,0
HM,LUA,38.699317,-78.472361,2, ,0.0,0.0,224.0,04.3,0,0,0,0,0,0,0,0,0

APPTR,R04,04,CEROL
IF,CEROL,38.316422,-78.794103, ,0.0,0.0,0,0,0,0,0,0,1,0
TF,IMIYU,38.475472,-78.668569,0, ,0.0,0.0,0.0,0.0,2,5000,0,0,0,0,1,0

APPTR,R04,04,ZEDPA
IF,ZEDPA,38.251964,-78.656600, ,0.0,0.0,0,0,0,0,0,0,1,0
TF,IMIYU,38.475472,-78.668569,0, ,0.0,0.0,0.0,0.0,2,5000,0,0,0,0,1,0

FINAL,R04,04,R,3
IF,IMIYU,38.475472,-78.668569, ,0.0,0.0,2,5000,0,0,0,0,0,0
TF,TAYUK,38.531289,-78.619728,0, ,0.0,0.0,44.0,4.1,2,4000,0,0,0,0,2,0
TF,RW04,38.663178,-78.503942,0, ,0.0,0.0,44.0,9.6,1,942,0,0,0,0,3,1
CA,0,44.0,2,1303,0,0,0,0,0,0
DF,JORGI,38.704372,-78.467675,0, ,0.0,0.0,0,0,0,0,0,0,0,0
TF,LDN,38.854392,-78.205556,0, ,0.0,0.0,0.0,0.0,2,5000,0,0,0,0,0,1
HM,LDN,38.854392,-78.205556,2, ,0.0,0.0,200.0,05,0,0,0,0,0,0,0,0,0

APPTR,R22,22,LDN
IF,LDN,38.854392,-78.205556, ,0.0,0.0,0,0,0,0,0,0,1,0
TF,RECUF,38.831767,-78.355144,0, ,0.0,0.0,0.0,0.0,2,4200,0,0,0,0,1,0

FINAL,R22,22,R,3
IF,RECUF,38.831767,-78.355144, ,0.0,0.0,2,4200,0,0,0,0,0,0
TF,FAVOV,38.763236,-78.415736,0, ,0.0,0.0,224.0,5.0,2,3100,0,0,0,0,2,0
TF,RW22,38.670242,-78.497728,0, ,0.0,0.0,224.0,6.8,1,942,0,0,0,0,3,1
CA,0,224.0,2,1303,0,0,0,0,0,0
DF,FIBIR,38.629042,-78.533972,0, ,0.0,0.0,0,0,0,0,0,0,0,0
TF,SAHDO,38.506708,-78.602694,0, ,0.0,0.0,0.0,0.0,2,6000,0,0,0,0,0,1
HM,SAHDO,38.506708,-78.602694,2, ,0.0,0.0,216.0,05,0,0,0,0,0,0,0,0,0

