APPTR,R08,08,JOPEB
IF,JOPEB,34.345211,-82.095872, ,0.0,0.0,2,3000,0,0,0,0,1,0
TF,WUKRI,34.456542,-82.138756,0, ,0.0,0.0,0.0,0.0,2,3000,0,0,0,0,1,0

APPTR,R08,08,WUKRI
HF,WUKRI,34.456542,-82.138756,2, ,0.0,0.0,79.0,04,2,3000,0,0,0,0,1,0,0

APPTR,R08,08,ZUGIP
IF,ZUGIP,34.567856,-82.181753, ,0.0,0.0,2,3000,0,0,0,0,1,0
TF,WUKRI,34.456542,-82.138756,0, ,0.0,0.0,0.0,0.0,2,3000,0,0,0,0,1,0

FINAL,R08,08,R,4
IF,WUKRI,34.456542,-82.138756, ,0.0,0.0,2,3000,0,0,0,0,0,0
TF,AMFAB,34.482411,-82.040808,0, ,0.0,0.0,79.0,5.1,2,2200,0,0,0,0,2,0
TF,WIBOM,34.497847,-81.982186,0, ,0.0,0.0,79.0,3.1,2,1220,0,0,0,0,0,0
TF,RW08,34.505428,-81.953356,0, ,0.0,0.0,79.0,1.5,1,751,0,0,0,0,3,1
CA,0,79.0,2,947,0,0,0,0,0,0
DF,JOEEM,34.557650,-81.753833,0, ,0.0,0.0,2,3000,0,0,0,0,0,1
HM,JOEEM,34.557650,-81.753833,2, ,0.0,0.0,260.0,04,0,0,0,0,0,0,0,0,0

APPTR,R26,26,EECEE
IF,EECEE,34.446181,-81.711436, ,0.0,0.0,2,3000,0,0,0,0,1,0
TF,JOEEM,34.557650,-81.753833,0, ,0.0,0.0,0.0,0.0,2,3000,0,0,0,0,1,0

APPTR,R26,26,JOEEM
HF,JOEEM,34.557650,-81.753833,2, ,0.0,0.0,260.0,04,2,3000,0,0,0,0,1,0,0

APPTR,R26,26,TEEAR
IF,TEEAR,34.669103,-81.796342, ,0.0,0.0,2,3000,0,0,0,0,1,0
TF,JOEEM,34.557650,-81.753833,0, ,0.0,0.0,0.0,0.0,2,3000,0,0,0,0,1,0

FINAL,R26,26,R,4
IF,JOEEM,34.557650,-81.753833, ,0.0,0.0,2,3000,0,0,0,0,0,0
TF,EGADE,34.532017,-81.851958,0, ,0.0,0.0,260.0,5.1,2,2200,0,0,0,0,2,0
TF,ARGEE,34.516867,-81.909778,0, ,0.0,0.0,259.0,3.0,2,1240,0,0,0,0,0,0
TF,RW26,34.508794,-81.940542,0, ,0.0,0.0,259.0,1.6,1,733,0,0,0,0,3,1
CA,0,259.0,2,1140,0,0,0,0,0,0
DF,WUKRI,34.456542,-82.138756,0, ,0.0,0.0,2,3000,0,0,0,0,0,1
HM,WUKRI,34.456542,-82.138756,2, ,0.0,0.0,79.0,04,0,0,0,0,0,0,0,0,0

