SID,POTOR2,08,1
CA,0,84.0,2,1850,0,0,0,0,0,0
VI,2, ,0.0,290.0,0,0,0,0,0,0,0,0
CF,POTOR,46.362553,-117.294825,0,MQG,246.5,17.7,246.0,7.0,1,5000,0,0,0,0,0,0

SID,POTOR2,12,1
CA,0,117.0,2,1850,0,0,0,0,0,0
VI,2, ,0.0,290.0,0,0,0,0,0,0,0,0
CF,POTOR,46.362553,-117.294825,0,MQG,246.5,17.7,246.0,7.0,1,5000,0,0,0,0,0,0

SID,POTOR2,26,1
CA,0,264.0,2,1850,0,0,0,0,0,0
CF,POTOR,46.362553,-117.294825,0,MQG,246.5,17.7,246.0,12.0,1,5000,0,0,0,0,0,0

SID,POTOR2,30,1
CA,0,297.0,2,1850,0,0,0,0,0,0
VI,1, ,0.0,200.0,0,0,0,0,0,0,0,0
CF,POTOR,46.362553,-117.294825,0,MQG,246.5,17.7,246.0,9.0,1,5000,0,0,0,0,0,0

SID,POTOR2,CLOVA,3
IF,POTOR,46.362553,-117.294825, ,0.0,0.0,0,0,0,0,0,0,0,0
TF,CLOVA,46.292433,-117.310753,0, ,0.0,0.0,0.0,0.0,0,0,0,0,0,0,0,0

SID,POTOR2,PUW,3
IF,POTOR,46.362553,-117.294825, ,0.0,0.0,0,0,0,0,0,0,0,0
TF,PUW,46.674239,-117.223503,0, ,0.0,0.0,0.0,0.0,0,0,0,0,0,0,0,0

APPTR,I26,26,MQG
IF,MQG,46.381558,-116.869511, ,0.0,0.0,0,0,0,0,0,0,0,0
TF,CUPEV,46.352900,-116.834283,0, ,0.0,0.0,0.0,0.0,4,6000,5500,0,0,0,0,0
PI,CUPEV,46.352900,-116.834283,2,MQG,39.0,10.0,084,5.0,2,5500,0,0,0,0,1,0

APPTR,I26,26,PIYOL
IF,PIYOL,46.173667,-116.781847, ,0.0,0.0,0,0,0,0,0,0,1,0
AF,ZAGIM,46.289672,-116.586344,1,MQG,95.0,13.0,144.0,2,6400,0,0,0,0,0,0
VI,0,ILWS,0.0,294.0,0,0,0,0,0,0,0,0

APPTR,I26,26,WHELE
IF,WHELE,46.547978,-117.070117, ,0.0,0.0,0,0,0,0,0,0,1,0
AF,D076M,46.358492,-116.558389,2,MQG,76.0,13.0,300.0,2,5400,0,0,0,0,0,0
VI,0,ILWS,0.0,234.0,0,0,0,0,0,0,0,0

FINAL,I26,26,I,3
IF,WIXOP,46.323911,-116.568067,ILWS,83.7,19.5,2,5400,0,0,0,0,0,0
CF,CFLSK,46.342539,-116.739458,0,ILWS,83.8,12.3,264.0,7.2,1,5000,0,0,0,0,2,0
CF,RW26,46.371031,-117.002089,0,ILWS,83.8,1.2,264.0,11.1,1,1490,0,0,0,0,3,0
CA,0,264.0,2,3000,0,0,0,0,0,0
DF,MQG,46.381558,-116.869511,1, ,0.0,0.0,2,5300,0,0,0,0,0,0
HM,MQG,46.381558,-116.869511,2, ,0.0,0.0,225.0,04.3,0,0,0,0,0,0,0,0,0

APPTR,R08-Y,08,BIDDY
IF,BIDDY,46.571436,-117.413736, ,0.0,0.0,0,0,0,0,0,0,1,0
TF,EVOYU,46.403956,-117.313192,0, ,0.0,0.0,0.0,0.0,2,5000,0,0,0,0,1,0

APPTR,R08-Y,08,PIYOL
IF,PIYOL,46.173667,-116.781847, ,0.0,0.0,0,0,0,0,0,0,0,0
TF,WESEV,46.240153,-116.934239,0, ,0.0,0.0,0.0,0.0,2,7200,0,0,0,0,0,0
TF,EVOYU,46.403956,-117.313192,0, ,0.0,0.0,0.0,0.0,2,5000,0,0,0,0,0,1
HF,EVOYU,46.403956,-117.313192,1, ,0.0,0.0,84.0,05,2,5000,0,0,0,0,1,0,0

FINAL,R08-Y,08,R,5
IF,EVOYU,46.403956,-117.313192, ,0.0,0.0,2,5000,0,0,0,0,0,0
TF,MABIZ,46.394686,-117.224731,0, ,0.0,0.0,84.0,3.7,2,4000,0,0,0,0,0,0
TF,GIYES,46.389083,-117.171619,0, ,0.0,0.0,84.0,2.2,2,3400,0,0,0,0,2,0
TF,WERAS,46.380869,-117.094192,0, ,0.0,0.0,84.0,3.3,2,2360,0,0,0,0,0,0
TF,RW08,46.373761,-117.027578,0, ,0.0,0.0,84.0,2.8,1,1472,0,0,0,0,3,1
CA,0,84.0,2,1690,0,0,0,0,0,0
DF,HOSOV,46.364236,-116.938864,0, ,0.0,0.0,0,0,0,0,0,0,0,0
TF,PETEZ,46.435619,-116.601433,0, ,0.0,0.0,0.0,0.0,2,5700,0,0,0,0,0,1
HM,PETEZ,46.435619,-116.601433,1, ,0.0,0.0,238.0,05,0,0,0,0,0,0,0,0,0

APPTR,R08-Z,08,BIDDY
IF,BIDDY,46.571436,-117.413736, ,0.0,0.0,0,0,0,0,0,0,1,0
TF,EVOYU,46.403956,-117.313192,0, ,0.0,0.0,0.0,0.0,2,4300,0,0,0,0,1,0

APPTR,R08-Z,08,SEVER
IF,SEVER,46.352139,-117.513908, ,0.0,0.0,0,0,0,0,0,0,1,0
TF,EVOYU,46.403956,-117.313192,0, ,0.0,0.0,0.0,0.0,2,5300,0,0,0,0,1,0

FINAL,R08-Z,08,R,4
IF,EVOYU,46.403956,-117.313192, ,0.0,0.0,2,4300,0,0,0,0,0,0
TF,OZWAL,46.391261,-117.192244,0, ,0.0,0.0,84.0,5.1,2,3700,0,0,0,0,0,0
TF,CENEV,46.388758,-117.168558,0, ,0.0,0.0,84.0,1.0,2,3400,0,0,0,0,2,0
TF,RW08,46.373761,-117.027578,0, ,0.0,0.0,84.0,5.9,1,1482,0,0,0,0,3,1
TF,FEVNI,46.358603,-116.886792,0, ,0.0,0.0,0.0,0.0,0,0,0,0,0,0,0,0
TF,OFINO,46.522044,-116.165250,0, ,0.0,0.0,0.0,0.0,2,6000,0,0,0,0,0,1
HM,OFINO,46.522044,-116.165250,1, ,0.0,0.0,59.0,05,0,0,0,0,0,0,0,0,0

APPTR,R12-Y,12,LEKIC
IF,LEKIC,46.594353,-117.371458, ,0.0,0.0,0,0,0,0,0,0,1,0
TF,COKEB,46.524642,-117.256864,0, ,0.0,0.0,0.0,0.0,2,5000,0,0,0,0,1,0

APPTR,R12-Y,12,PUW
IF,PUW,46.674239,-117.223503, ,0.0,0.0,0,0,0,0,0,0,1,0
TF,COKEB,46.524642,-117.256864,0, ,0.0,0.0,0.0,0.0,2,5000,0,0,0,0,1,0

FINAL,R12-Y,12,R,3
IF,COKEB,46.524642,-117.256864, ,0.0,0.0,2,5000,0,0,0,0,0,0
TF,JUGON,46.451053,-117.136417,0, ,0.0,0.0,116.0,6.7,2,4000,0,0,0,0,2,0
TF,RW12,46.381789,-117.023536,0, ,0.0,0.0,117.0,6.3,1,1425,0,0,0,0,3,1
CA,0,117.0,2,1748,0,0,0,0,0,0
DF,DIPBA,46.317314,-116.918844,0, ,0.0,0.0,0,0,0,0,0,0,0,0
TF,PETEZ,46.435619,-116.601433,0, ,0.0,0.0,0.0,0.0,2,5700,0,0,0,0,0,1
HM,PETEZ,46.435619,-116.601433,1, ,0.0,0.0,238.0,05,0,0,0,0,0,0,0,0,0

APPTR,R12-Z,12,BIDDY
IF,BIDDY,46.571436,-117.413736, ,0.0,0.0,0,0,0,0,0,0,1,0
TF,FOJJO,46.505594,-117.290506,0, ,0.0,0.0,0.0,0.0,2,4300,0,0,0,0,0,0
TF,HOBOP,46.476606,-117.221919,0, ,0.0,0.0,0.0,0.0,2,4300,0,0,0,0,0,0
TF,NILDE,46.453386,-117.167106,0, ,0.0,0.0,0.0,0.0,2,3900,0,0,0,0,0,0

APPTR,R12-Z,12,MQG
IF,MQG,46.381558,-116.869511, ,0.0,0.0,0,0,0,0,0,0,1,0
TF,FOWBO,46.579386,-117.011081,0, ,0.0,0.0,0.0,0.0,2,5000,0,1,210,0,0,0
RF,WANEY,46.627478,-117.106047,1,CUGEM,231.2,5.3,2,5000,0,1,210,0,0,0
RF,TIZHO,46.595089,-117.216561,1,RENLE,174.3,4.7,2,5000,0,0,0,0,0,0
RF,HILUR,46.539686,-117.230711,1,HEPEL,149.4,4.0,2,5000,0,1,210,0,0,0
TF,JENAS,46.496875,-117.214122,0, ,0.0,0.0,0.0,0.0,2,4400,0,0,0,0,0,0
RF,NILDE,46.453386,-117.167106,1,KEDGY,68.3,4.4,2,3900,0,0,0,0,0,0

APPTR,R12-Z,12,OFINO
IF,OFINO,46.522044,-116.165250, ,0.0,0.0,0,0,0,0,0,0,1,0
TF,WANEY,46.627478,-117.106047,0, ,0.0,0.0,0.0,0.0,2,5300,0,1,210,0,0,0
RF,TIZHO,46.595089,-117.216561,1,RENLE,174.3,4.7,2,5000,0,0,0,0,0,0
RF,HILUR,46.539686,-117.230711,1,HEPEL,149.4,4.0,2,5000,0,1,210,0,0,0
TF,JENAS,46.496875,-117.214122,0, ,0.0,0.0,0.0,0.0,2,4400,0,0,0,0,0,0
RF,NILDE,46.453386,-117.167106,1,KEDGY,334.4,4.4,2,3900,0,0,0,0,0,0

APPTR,R12-Z,12,PUW
IF,PUW,46.674239,-117.223503, ,0.0,0.0,0,0,0,0,0,0,1,0
TF,HILUR,46.539686,-117.230711,0, ,0.0,0.0,0.0,0.0,2,5000,0,1,210,0,0,0
TF,JENAS,46.496875,-117.214122,0, ,0.0,0.0,0.0,0.0,2,4400,0,0,0,0,0,0
RF,NILDE,46.453386,-117.167106,1,KEDGY,344.3,4.4,2,3900,0,0,0,0,0,0

FINAL,R12-Z,12,R,4
IF,NILDE,46.453386,-117.167106, ,0.0,0.0,2,3900,0,0,0,0,2,0
TF,ONLAW,46.421472,-117.091953,0, ,0.0,0.0,107.0,3.7,0,0,0,0,0,0,0,0
RF,IYTAM,46.409444,-117.068553,2,SAWJE,116.0,7.0,0,0,0,0,0,0,0,0
TF,RW12,46.381789,-117.023536,0, ,0.0,0.0,117.0,2.5,1,1426,0,0,0,0,3,1
TF,VOSKY,46.332517,-116.943522,0, ,0.0,0.0,0.0,0.0,0,0,0,0,0,0,0,0
RF,EVHOG,46.318072,-116.799272,1,CODUT,49.4,5.5,0,0,0,0,0,0,0,0
TF,OFINO,46.522044,-116.165250,0, ,0.0,0.0,0.0,0.0,2,6000,0,0,0,0,0,1
HM,OFINO,46.522044,-116.165250,1, ,0.0,0.0,59.0,05,0,0,0,0,0,0,0,0,0

APPTR,R26-Y,26,MQG
IF,MQG,46.381558,-116.869511, ,0.0,0.0,0,0,0,0,0,0,0,0
TF,HENVO,46.330017,-116.625844,0, ,0.0,0.0,0.0,0.0,2,6300,0,0,0,0,0,1
HF,HENVO,46.330017,-116.625844,2, ,0.0,0.0,264.0,05,2,5600,0,0,0,0,1,0,0

APPTR,R26-Y,26,PETEZ
IF,PETEZ,46.435619,-116.601433, ,0.0,0.0,0,0,0,0,0,0,1,0
TF,HENVO,46.330017,-116.625844,0, ,0.0,0.0,0.0,0.0,2,5600,0,0,0,0,1,0

APPTR,R26-Y,26,ZATIP
IF,ZATIP,46.221522,-116.527103, ,0.0,0.0,0,0,0,0,0,0,1,0
TF,SAKME,46.270850,-116.571939,0, ,0.0,0.0,0.0,0.0,2,6200,0,0,0,0,0,0
TF,HENVO,46.330017,-116.625844,0, ,0.0,0.0,0.0,0.0,2,5600,0,0,0,0,0,0

FINAL,R26-Y,26,R,5
IF,HENVO,46.330017,-116.625844, ,0.0,0.0,2,5600,0,0,0,0,0,0
TF,FONDA,46.338486,-116.702569,0, ,0.0,0.0,264.0,3.2,2,5100,0,0,0,0,0,0
TF,JANIG,46.345717,-116.768456,0, ,0.0,0.0,264.0,2.8,2,4700,0,0,0,0,2,0
TF,GAGGO,46.358467,-116.885567,0, ,0.0,0.0,264.0,4.9,2,3060,0,0,0,0,0,0
TF,RW26,46.371031,-117.002089,0, ,0.0,0.0,264.0,4.9,1,1493,0,0,0,0,3,1
CA,0,264.0,2,1642,0,0,0,0,0,0
DF,GIYES,46.389083,-117.171619,0, ,0.0,0.0,0,0,0,0,0,0,0,0
TF,SEVER,46.352139,-117.513908,0, ,0.0,0.0,0.0,0.0,2,7000,0,0,0,0,0,1
HM,SEVER,46.352139,-117.513908,1, ,0.0,0.0,71.0,07,0,0,0,0,0,0,0,0,0

APPTR,R26-Z,26,FERDI
IF,FERDI,46.146636,-116.368367, ,0.0,0.0,0,0,0,0,0,0,1,0
TF,NEKTE,46.271578,-116.590564,0, ,0.0,0.0,0.0,0.0,2,6100,0,0,0,0,0,0
TF,HORET,46.339547,-116.712219,0, ,0.0,0.0,0.0,0.0,2,5300,0,0,0,0,1,0

APPTR,R26-Z,26,OFINO
IF,OFINO,46.522044,-116.165250, ,0.0,0.0,0,0,0,0,0,0,1,0
TF,HORET,46.339547,-116.712219,0, ,0.0,0.0,0.0,0.0,2,5300,0,0,0,0,1,0

FINAL,R26-Z,26,R,3
IF,HORET,46.339547,-116.712219, ,0.0,0.0,2,5300,0,0,0,0,0,0
TF,CUBLU,46.355847,-116.861403,0, ,0.0,0.0,264.0,6.3,2,3400,0,0,0,0,2,0
TF,RW26,46.371031,-117.002089,0, ,0.0,0.0,264.0,5.9,1,1493,0,0,0,0,3,1
TF,CENEV,46.388758,-117.168558,0, ,0.0,0.0,0.0,0.0,0,0,0,0,0,0,0,0
TF,SEVER,46.352139,-117.513908,0, ,0.0,0.0,0.0,0.0,2,7000,0,0,0,0,0,1
HM,SEVER,46.352139,-117.513908,1, ,0.0,0.0,71.0,07,0,0,0,0,0,0,0,0,0

APPTR,R30,30,ALW
IF,ALW,46.086975,-118.292536, ,0.0,0.0,0,0,0,0,0,0,0,0
TF,LEZLE,46.143317,-117.156661,0, ,0.0,0.0,0.0,0.0,2,8700,0,0,0,0,1,0
TF,FESEX,46.156194,-116.633172,0, ,0.0,0.0,0.0,0.0,2,6900,0,1,210,0,0,0
RF,OHAXI,46.224569,-116.496167,1,AXYUT,339.1,6.3,2,6200,0,1,210,0,0,0
RF,EZHUS,46.303261,-116.507208,1,CMGAP,280.9,5.4,2,5400,0,1,210,0,0,0
RF,UDAGE,46.340883,-116.617767,1,AWVIJ,122.9,4.8,2,5300,0,0,0,0,1,0

APPTR,R30,30,FERDI
IF,FERDI,46.146636,-116.368367, ,0.0,0.0,0,0,0,0,0,0,1,0
TF,EZHUS,46.303261,-116.507208,0, ,0.0,0.0,0.0,0.0,2,6100,0,1,210,0,0,0
RF,UDAGE,46.340883,-116.617767,1,AWVIJ,167.9,4.8,2,5300,0,0,0,0,1,0

APPTR,R30,30,FESEX
IF,FESEX,46.156194,-116.633172, ,0.0,0.0,0,0,0,1,210,0,1,0
RF,OHAXI,46.224569,-116.496167,1,AXYUT,339.1,6.3,2,6200,0,1,210,0,0,0
RF,EZHUS,46.303261,-116.507208,1,CMGAP,280.9,5.4,2,5400,0,1,210,0,0,0
RF,UDAGE,46.340883,-116.617767,1,AWVIJ,343.4,4.8,2,5300,0,0,0,0,1,0

APPTR,R30,30,JETTS
IF,JETTS,46.970494,-116.637022, ,0.0,0.0,0,0,0,0,0,0,1,0
TF,COSFU,46.436861,-116.511658,0, ,0.0,0.0,0.0,0.0,2,6600,0,1,210,0,0,0
RF,UDAGE,46.340883,-116.617767,2,CLYMN,44.3,5.0,2,5300,0,0,0,0,1,0

APPTR,R30,30,OFINO
IF,OFINO,46.522044,-116.165250, ,0.0,0.0,0,0,0,0,0,0,1,0
TF,UDAGE,46.340883,-116.617767,0, ,0.0,0.0,0.0,0.0,2,5300,0,0,0,0,1,0

APPTR,R30,30,OXLEY
IF,OXLEY,45.901697,-116.668181, ,0.0,0.0,0,0,0,0,0,0,1,0
TF,OHAXI,46.224569,-116.496167,0, ,0.0,0.0,0.0,0.0,2,6500,0,1,210,0,0,0
RF,EZHUS,46.303261,-116.507208,1,CMGAP,280.9,5.4,2,5400,0,1,210,0,0,0
RF,UDAGE,46.340883,-116.617767,1,AWVIJ,293.5,4.8,2,5300,0,0,0,0,1,0

APPTR,R30,30,PUW
IF,PUW,46.674239,-117.223503, ,0.0,0.0,0,0,0,0,0,0,1,0
TF,ODTIF,46.514400,-116.603142,0, ,0.0,0.0,0.0,0.0,2,5300,0,1,210,0,0,0
RF,COSFU,46.436861,-116.511658,2,AYEXE,202.0,6.0,2,5300,0,1,210,0,0,0
RF,UDAGE,46.340883,-116.617767,2,CLYMN,344.6,5.0,2,5300,0,0,0,0,1,0

FINAL,R30,30,R,6
IF,UDAGE,46.340883,-116.617767, ,0.0,0.0,2,5300,0,0,0,0,0,0
TF,LIMBY,46.333731,-116.713431,0, ,0.0,0.0,249.0,4.0,2,4900,0,0,0,0,0,0
TF,SEGHA,46.322850,-116.856878,0, ,0.0,0.0,249.0,6.0,2,3900,0,0,0,0,2,0
TF,ZEBEL,46.320461,-116.888044,0, ,0.0,0.0,249.0,1.3,0,0,0,0,0,0,0,0
RF,ILVEC,46.332817,-116.944003,2,CEXEB,296.4,3.0,0,0,0,0,0,0,0,0
TF,RW30,46.372681,-117.008725,0, ,0.0,0.0,297.0,3.6,1,1489,0,0,0,0,3,0
TF,HERAG,46.381789,-117.023536,0, ,0.0,0.0,0.0,0.0,0,0,0,0,0,0,0,0
RF,VESZY,46.406936,-117.115261,1,XIWVA,137.5,6.0,0,0,0,0,0,0,0,0
RF,ISEKE,46.250164,-117.000739,1,XIWVA,18.9,6.0,0,0,0,0,0,0,0,0
TF,MQG,46.381558,-116.869511,0, ,0.0,0.0,0.0,0.0,2,6000,0,0,0,0,0,1
HM,MQG,46.381558,-116.869511,2, ,0.0,0.0,230.0,05,0,0,0,0,0,0,0,0,0

APPTR,S08,08,ARTIN
IF,ARTIN,46.255897,-117.488758, ,0.0,0.0,0,0,0,0,0,0,1,0
AF,SEVER,46.352139,-117.513908,2,MQG,246.5,26.8,234.0,2,7000,0,0,0,0,0,0
TF,HOXEX,46.357192,-117.408708,0, ,0.0,0.0,0.0,0.0,2,6000,0,0,0,0,0,0
TF,BANCH,46.360594,-117.336683,0, ,0.0,0.0,0.0,0.0,2,5400,0,0,0,0,0,0
TF,TAYUT,46.364019,-117.263208,0, ,0.0,0.0,0.0,0.0,2,4600,0,0,0,0,0,0

APPTR,S08,08,PUW
IF,PUW,46.674239,-117.223503, ,0.0,0.0,0,0,0,0,0,0,0,0
TF,BANCH,46.360594,-117.336683,0, ,0.0,0.0,0.0,0.0,2,7000,0,0,0,0,0,0
PI,BANCH,46.360594,-117.336683,1,MQG,291.0,10.0,246,5.0,2,6800,0,0,0,0,1,0
CF,HOXEX,46.357192,-117.408708,0,MQG,246.5,22.5,66.0,7.0,2,6000,0,0,0,0,0,0
TF,BANCH,46.360594,-117.336683,0, ,0.0,0.0,0.0,0.0,2,5400,0,0,0,0,0,0
TF,TAYUT,46.364019,-117.263208,0, ,0.0,0.0,0.0,0.0,2,4600,0,0,0,0,0,0

APPTR,S08,08,SEVER
IF,SEVER,46.352139,-117.513908, ,0.0,0.0,0,0,0,0,0,0,1,0
TF,HOXEX,46.357192,-117.408708,0, ,0.0,0.0,0.0,0.0,2,6000,0,0,0,0,0,0
TF,BANCH,46.360594,-117.336683,0, ,0.0,0.0,0.0,0.0,2,5400,0,0,0,0,0,0
TF,TAYUT,46.364019,-117.263208,0, ,0.0,0.0,0.0,0.0,2,4600,0,0,0,0,0,0

FINAL,S08,08,D,4
IF,TAYUT,46.364019,-117.263208,MQG,246.5,16.4,2,4600,0,0,0,0,0,0
CF,CHAMM,46.367350,-117.190992,0,MQG,246.5,13.4,66.0,3.0,2,3700,0,0,0,0,2,0
CF,JIROV,46.371397,-117.101406,0,MQG,246.5,9.7,66.0,3.7,2,2480,0,0,0,0,0,0
CF,RW08,46.373761,-117.027578,0,MQG,246.0,6.6,66.0,3.1,1,1472,0,0,0,0,3,0
CA,0,66.0,2,1842,0,0,0,0,0,0
DF,MQG,46.381558,-116.869511,0, ,0.0,0.0,2,5000,0,0,0,0,0,0
HM,MQG,46.381558,-116.869511,2, ,0.0,0.0,225.0,04.3,0,0,0,0,0,0,0,0,0

