APPTR,D18,18,ARG
IF,ARG,36.110019,-90.953694, ,0.0,0.0,0,0,0,0,0,0,1,0
TF,JORIG,35.876783,-91.065772,0, ,0.0,0.0,0.0,0.0,2,2200,0,0,0,0,1,0

FINAL,D18,18,D,3
IF,JORIG,35.876783,-91.065772,ARG,197.4,15.0,2,2200,0,0,0,0,0,0
CF,RUPPS,35.731053,-91.135461,0,ARG,197.4,24.4,197.0,9.4,2,2000,0,0,0,0,2,0
CF,RW18,35.647414,-91.175283,0,ARG,197.4,29.8,197.0,5.4,1,287,0,0,0,0,3,0
CA,0,197.0,2,2000,0,0,0,0,0,0
CF,RUPPS,35.731053,-91.135461,1,ARG,197.4,24.4,17.0,5.0,0,0,0,0,0,0,0,0
HM,RUPPS,35.731053,-91.135461,2, ,0.0,0.0,197.0,04.3,0,0,0,0,0,0,0,0,0

APPTR,R18,18,NEKLY
HF,NEKLY,35.861314,-91.170606,2, ,0.0,0.0,181.0,04,2,3000,0,0,0,0,1,0,0

FINAL,R18,18,R,3
IF,NEKLY,35.861314,-91.170606, ,0.0,0.0,2,3000,0,0,0,0,0,0
TF,SEDBY,35.725917,-91.173569,0, ,0.0,0.0,181.0,8.1,2,1800,0,0,0,0,2,0
TF,RW18,35.647414,-91.175283,0, ,0.0,0.0,181.0,4.7,1,282,0,0,0,0,3,1
DF,VURHU,35.383331,-91.181028,0, ,0.0,0.0,2,3000,0,0,0,0,0,1
HM,VURHU,35.383331,-91.181028,2, ,0.0,0.0,1.0,04,0,0,0,0,0,0,0,0,0

APPTR,R36,36,HILLE
IF,HILLE,35.105053,-91.103833, ,0.0,0.0,0,0,0,0,0,0,1,0
TF,VURHU,35.383331,-91.181028,0, ,0.0,0.0,0.0,0.0,2,3000,0,0,0,0,1,0

APPTR,R36,36,VURHU
HF,VURHU,35.383331,-91.181028,2, ,0.0,0.0,1.0,04,2,3000,0,0,0,0,1,0,0

FINAL,R36,36,R,3
IF,VURHU,35.383331,-91.181028, ,0.0,0.0,2,3000,0,0,0,0,0,0
TF,JOHRU,35.544994,-91.177514,0, ,0.0,0.0,1.0,9.7,2,2000,0,0,0,0,2,0
TF,RW36,35.633675,-91.175583,0, ,0.0,0.0,1.0,5.3,1,283,0,0,0,0,3,1
DF,NEKLY,35.861314,-91.170606,0, ,0.0,0.0,2,3000,0,0,0,0,0,1
HM,NEKLY,35.861314,-91.170606,2, ,0.0,0.0,181.0,04,0,0,0,0,0,0,0,0,0

