APPTR,D01-A,01,CNG
IF,CNG,37.008608,-88.836914, ,0.0,0.0,0,0,0,0,0,0,1,0
TF,IJUFO,36.908017,-88.730725,0, ,0.0,0.0,0.0,0.0,2,2100,0,0,0,0,1,0

FINAL,D01-A,01,D,3
IF,IJUFO,36.908017,-88.730725,CNG,136.7,7.9,2,2100,0,0,0,0,0,0
CF,KLANN,36.830297,-88.648933,0,CNG,136.7,14.0,137.0,6.1,2,2100,0,0,0,0,2,0
CF,MADLT,36.773136,-88.588928,0,CNG,136.7,18.5,137.0,4.5,1,1080,0,0,0,0,3,0
CA,0,137.0,2,1200,0,0,0,0,0,0
CF,IJUFO,36.908017,-88.730725,1,CNG,136.7,7.9,317.0,11.0,2,2300,0,0,0,0,0,0
HM,IJUFO,36.908017,-88.730725,2, ,0.0,0.0,137.0,04.3,0,0,0,0,0,0,0,0,0

APPTR,D19-A,19,CNG
IF,CNG,37.008608,-88.836914, ,0.0,0.0,0,0,0,0,0,0,1,0
TF,IJUFO,36.908017,-88.730725,0, ,0.0,0.0,0.0,0.0,2,2100,0,0,0,0,1,0

FINAL,D19-A,19,D,3
IF,IJUFO,36.908017,-88.730725,CNG,136.7,7.9,2,2100,0,0,0,0,0,0
CF,KLANN,36.830297,-88.648933,0,CNG,136.7,14.0,137.0,6.1,2,2100,0,0,0,0,2,0
CF,MADLT,36.773136,-88.588928,0,CNG,136.7,18.5,137.0,4.5,1,1080,0,0,0,0,3,0
CA,0,137.0,2,1200,0,0,0,0,0,0
CF,IJUFO,36.908017,-88.730725,1,CNG,136.7,7.9,317.0,11.0,2,2300,0,0,0,0,0,0
HM,IJUFO,36.908017,-88.730725,2, ,0.0,0.0,137.0,04.3,0,0,0,0,0,0,0,0,0

APPTR,R01-Y,01,LUXON
HF,LUXON,36.569158,-88.604108,2, ,0.0,0.0,6.0,06,2,2300,0,0,0,0,1,0,0

FINAL,R01-Y,01,R,4
IF,LUXON,36.569158,-88.604108, ,0.0,0.0,2,2300,0,0,0,0,0,0
TF,COCHE,36.682300,-88.593144,0, ,0.0,0.0,6.0,6.8,2,2100,0,0,0,0,2,0
TF,ZIRPU,36.736161,-88.587919,0, ,0.0,0.0,6.0,3.2,2,1060,0,0,0,0,0,0
TF,RW01,36.762781,-88.585333,0, ,0.0,0.0,6.0,1.6,1,559,0,0,0,0,3,1
CA,0,6.0,2,880,0,0,0,0,0,0
DF,JOELY,36.986450,-88.563531,0, ,0.0,0.0,2,2400,0,0,0,0,0,1
HM,JOELY,36.986450,-88.563531,2, ,0.0,0.0,186.0,06,0,0,0,0,0,0,0,0,0

APPTR,R01-Z,01,LUXON
HF,LUXON,36.569158,-88.604108,2, ,0.0,0.0,6.0,06,2,2300,0,0,0,0,1,0,0

FINAL,R01-Z,01,R,3
IF,LUXON,36.569158,-88.604108, ,0.0,0.0,2,2300,0,0,0,0,0,0
TF,UDAPE,36.696594,-88.591758,0, ,0.0,0.0,6.0,7.7,2,2100,0,0,0,0,2,0
TF,RW01,36.762781,-88.585333,0, ,0.0,0.0,6.0,4.0,1,579,0,0,0,0,3,1
CA,0,6.0,2,817,0,0,0,0,0,0
DF,JOELY,36.986450,-88.563531,0, ,0.0,0.0,2,2400,0,0,0,0,0,1
HM,JOELY,36.986450,-88.563531,2, ,0.0,0.0,186.0,06,0,0,0,0,0,0,0,0,0

APPTR,R19,19,JOELY
HF,JOELY,36.986450,-88.563531,2, ,0.0,0.0,186.0,06,2,2400,0,0,0,0,1,0,0

FINAL,R19,19,R,4
IF,JOELY,36.986450,-88.563531, ,0.0,0.0,2,2400,0,0,0,0,0,0
TF,CITBY,36.871653,-88.574742,0, ,0.0,0.0,186.0,6.9,2,2400,0,0,0,0,2,0
TF,YOPKU,36.799769,-88.581739,0, ,0.0,0.0,186.0,4.3,2,1020,0,0,0,0,0,0
TF,RW19,36.776478,-88.584003,0, ,0.0,0.0,186.0,1.4,1,578,0,0,0,0,3,1
CA,0,186.0,2,772,0,0,0,0,0,0
DF,LUXON,36.569158,-88.604108,0, ,0.0,0.0,2,2300,0,0,0,0,0,1
HM,LUXON,36.569158,-88.604108,2, ,0.0,0.0,6.0,06,0,0,0,0,0,0,0,0,0

