APPTR,B12,12,MOD
FC,MOD,37.627375,-120.957867,0,MOD,0.0,0.0,114.0,13.6,2,2000,0,0,0,0,1,0
CF,CF12,37.434686,-120.680472,0,IMCE,303.5,11.4,114.0,4.0,2,2000,0,0,0,0,0,0

FINAL,B12,12,D,3
IF,CF12,37.434686,-120.680472,IMCE,303.5,11.4,2,2000,0,0,0,0,0,0
CF,CAZAR,37.353669,-120.590331,0,IMCE,303.5,4.9,123.0,6.5,2,2000,0,0,0,0,2,0
CF,MA12,37.298706,-120.529367,0,IMCE,303.5,0.5,123.0,4.4,1,428,0,0,0,0,3,0
CA,0,123.0,2,560,0,0,0,0,0,0
CF,HYP,37.219433,-120.400219,0,HYP,0.0,0.0,112.0,6.8,2,2000,0,0,0,0,0,0
HM,HYP,37.219433,-120.400219,1, ,0.0,0.0,290.0,04.3,0,0,0,0,0,0,0,0,0

APPTR,I30,30,CZQ
FC,CZQ,36.884322,-119.815144,0,CZQ,0.0,0.0,282.0,21.6,2,2000,0,0,0,0,1,0
CF,CHOWA,37.080606,-120.288608,0,IMCE,123.5,16.9,282.0,4.0,2,2000,0,0,0,0,0,0

APPTR,I30,30,PXN
FC,PXN,36.715458,-120.778683,0,PXN,0.0,0.0,31.0,28.2,2,4200,0,0,0,0,1,0
CF,CHOWA,37.080606,-120.288608,0,IMCE,123.5,16.9,31.0,4.0,2,4200,0,0,0,0,0,0

APPTR,I30,30,TURLO
IF,TURLO,37.429739,-120.353753, ,0.0,0.0,0,0,0,0,0,0,0,0
TF,HYP,37.219433,-120.400219,0, ,0.0,0.0,0.0,0.0,2,2300,0,0,0,0,0,0
TF,COOPE,37.211700,-120.433119,0, ,0.0,0.0,0.0,0.0,2,2000,0,0,0,0,0,0
PI,COOPE,37.211700,-120.433119,1,HYP,168.0,10.0,123,5.0,2,2000,0,0,0,0,1,0

FINAL,I30,30,I,3
IF,CHOWA,37.080606,-120.288608,IMCE,123.5,16.9,2,2000,0,0,0,0,0,0
CF,COOPE,37.211700,-120.433119,0,IMCE,123.5,6.5,303.0,10.5,1,1939,0,0,0,0,2,0
CF,RW30,37.278656,-120.507183,0,IMCE,123.5,1.1,303.0,5.4,1,207,0,0,0,0,3,0
CA,0,303.0,2,1000,0,0,0,0,0,0
DF,HYP,37.219433,-120.400219,1, ,0.0,0.0,2,2000,0,0,0,0,0,0
HM,HYP,37.219433,-120.400219,1, ,0.0,0.0,290.0,04.3,0,0,0,0,0,0,0,0,0

APPTR,R12,12,AWALI
IF,AWALI,37.628694,-120.552711, ,0.0,0.0,0,0,0,0,0,0,1,0
TF,WICKK,37.438742,-120.684961,0, ,0.0,0.0,0.0,0.0,2,3000,0,0,0,0,1,0

APPTR,R12,12,MOD
IF,MOD,37.627375,-120.957867, ,0.0,0.0,0,0,0,0,0,0,1,0
TF,WICKK,37.438742,-120.684961,0, ,0.0,0.0,0.0,0.0,2,3000,0,0,0,0,1,0

APPTR,R12,12,PATYY
IF,PATYY,37.491556,-121.049981, ,0.0,0.0,0,0,0,0,0,0,1,0
TF,WICKK,37.438742,-120.684961,0, ,0.0,0.0,0.0,0.0,2,3000,0,0,0,0,1,0

FINAL,R12,12,R,3
IF,WICKK,37.438742,-120.684961, ,0.0,0.0,2,3000,0,0,0,0,0,0
TF,JENED,37.361356,-120.598889,0, ,0.0,0.0,123.0,6.2,2,2000,0,0,0,0,2,0
TF,RW12,37.290819,-120.520653,0, ,0.0,0.0,123.0,5.7,1,202,0,0,0,0,3,1
CA,0,123.0,2,408,0,0,0,0,0,0
DF,CHOWA,37.080606,-120.288608,0, ,0.0,0.0,2,3600,0,0,0,0,0,1
HM,CHOWA,37.080606,-120.288608,2, ,0.0,0.0,304.0,04,0,0,0,0,0,0,0,0,0

APPTR,R30,30,LAPOW
IF,LAPOW,37.197853,-120.123472, ,0.0,0.0,0,0,0,0,0,0,1,0
TF,CHOWA,37.080606,-120.288608,0, ,0.0,0.0,0.0,0.0,2,3600,0,0,0,0,1,0

APPTR,R30,30,PXN
IF,PXN,36.715458,-120.778683, ,0.0,0.0,0,0,0,0,0,0,0,0
TF,ROOTH,36.989978,-120.410944,0, ,0.0,0.0,0.0,0.0,2,4700,0,0,0,0,1,0
TF,CHOWA,37.080606,-120.288608,0, ,0.0,0.0,0.0,0.0,2,3600,0,0,0,0,1,0

APPTR,R30,30,VOLTA
IF,VOLTA,37.274225,-120.973431, ,0.0,0.0,0,0,0,0,0,0,0,0
TF,ROOTH,36.989978,-120.410944,0, ,0.0,0.0,0.0,0.0,2,3600,0,0,0,0,1,0
TF,CHOWA,37.080606,-120.288608,0, ,0.0,0.0,0.0,0.0,2,3600,0,0,0,0,1,0

FINAL,R30,30,R,3
IF,CHOWA,37.080606,-120.288608, ,0.0,0.0,2,3600,0,0,0,0,0,0
TF,HOKUP,37.209375,-120.430528,0, ,0.0,0.0,304.0,10.3,2,2000,0,0,0,0,2,0
TF,RW30,37.278656,-120.507183,0, ,0.0,0.0,304.0,5.5,1,207,0,0,0,0,3,1
DF,ZEXIK,37.319886,-120.552861,0, ,0.0,0.0,0,0,0,0,0,0,0,0
TF,VOLTA,37.274225,-120.973431,0, ,0.0,0.0,0.0,0.0,2,3000,0,0,0,0,0,1
HM,VOLTA,37.274225,-120.973431,2, ,0.0,0.0,329.0,04,0,0,0,0,0,0,0,0,0

APPTR,S30,30,CZQ
IF,CZQ,36.884322,-119.815144, ,0.0,0.0,0,0,0,0,0,0,1,0
TF,DOFER,37.122658,-120.230344,0, ,0.0,0.0,0.0,0.0,2,2200,0,0,0,0,1,0

APPTR,S30,30,TURLO
IF,TURLO,37.429739,-120.353753, ,0.0,0.0,0,0,0,0,0,0,0,0
TF,HYP,37.219433,-120.400219,0, ,0.0,0.0,0.0,0.0,2,2200,0,0,0,0,0,0
PI,HYP,37.219433,-120.400219,2,HYP,64.0,10.0,109,5.0,2,2200,0,0,0,0,1,0

APPTR,S30,30,VOLTA
IF,VOLTA,37.274225,-120.973431, ,0.0,0.0,0,0,0,0,0,0,0,0
TF,HYP,37.219433,-120.400219,0, ,0.0,0.0,0.0,0.0,2,2200,0,0,0,0,0,0
PI,HYP,37.219433,-120.400219,2,HYP,64.0,10.0,109,5.0,2,2200,0,0,0,0,1,0

FINAL,S30,30,D,3
IF,DOFER,37.122658,-120.230344,HYP,110.4,10.0,2,2200,0,0,0,0,0,0
CF,HYP,37.219433,-120.400219,0,HYP,0.0,0.0,290.0,10.0,2,2200,0,0,0,0,2,0
CF,RW30,37.278656,-120.507183,0,HYP,289.7,6.2,289.0,6.2,1,209,0,0,0,0,3,0
CA,0,289.0,2,1000,0,0,0,0,0,0
DF,HYP,37.219433,-120.400219,1, ,0.0,0.0,2,2200,0,0,0,0,0,0
HM,HYP,37.219433,-120.400219,1, ,0.0,0.0,289.0,04.3,0,0,0,0,0,0,0,0,0

