STAR,BLOND4,SIMMR,4
IF,SIMMR,27.783917,-84.204389, ,0.0,0.0,0,0,0,0,0,0,0,0
TF,RUDOF,27.919936,-83.718961,0, ,0.0,0.0,0.0,0.0,0,0,0,0,0,0,0,0
TF,BLOND,27.914381,-83.163547,0, ,0.0,0.0,0.0,0.0,0,0,0,0,0,0,0,0

STAR,BLOND4,ALL,5
IF,BLOND,27.914381,-83.163547, ,0.0,0.0,0,0,0,0,0,0,0,0
TF,AGASE,28.061394,-82.832294,0, ,0.0,0.0,0.0,0.0,0,0,0,0,0,0,0,0

STAR,BRDGE8,LBV,1
IF,LBV,26.828186,-81.391439, ,0.0,0.0,0,0,0,0,0,0,0,0
TF,ROGAN,27.250794,-81.892858,0, ,0.0,0.0,0.0,0.0,0,0,0,0,0,0,0,0
TF,BRDGE,27.452583,-82.134372,0, ,0.0,0.0,0.0,0.0,0,0,0,0,0,0,0,0

STAR,BRDGE8,PHK,1
IF,PHK,26.782742,-80.691433, ,0.0,0.0,0,0,0,0,0,0,0,0
TF,BRDGE,27.452583,-82.134372,0, ,0.0,0.0,0.0,0.0,0,0,0,0,0,0,0,0

STAR,BRDGE8,RSW,1
IF,RSW,26.529875,-81.775767, ,0.0,0.0,0,0,0,0,0,0,0,0
TF,ROGAN,27.250794,-81.892858,0, ,0.0,0.0,0.0,0.0,0,0,0,0,0,0,0,0
TF,BRDGE,27.452583,-82.134372,0, ,0.0,0.0,0.0,0.0,0,0,0,0,0,0,0,0

STAR,BRDGE8,ALL,2
IF,BRDGE,27.452583,-82.134372, ,0.0,0.0,0,0,0,0,0,0,0,0
TF,JSTRM,27.691825,-82.422519,0, ,0.0,0.0,0.0,0.0,0,0,0,0,0,0,0,0
TF,PIE,27.907764,-82.684308,0, ,0.0,0.0,0.0,0.0,0,0,0,0,0,0,0,0

STAR,DADES4,ORL,4
IF,ORL,28.542725,-81.335019, ,0.0,0.0,0,0,0,0,0,0,0,0
TF,DADES,28.362672,-82.252167,0, ,0.0,0.0,0.0,0.0,0,0,0,0,0,0,0,0

STAR,DADES4,TAY,4
IF,TAY,30.504639,-82.552903, ,0.0,0.0,0,0,0,0,0,0,0,0
TF,JAYJA,29.586864,-82.358883,0, ,0.0,0.0,0.0,0.0,0,0,0,0,0,0,0,0
TF,EDISN,29.404075,-82.336975,0, ,0.0,0.0,0.0,0.0,0,0,0,0,0,0,0,0
TF,OLENE,28.739794,-82.258014,0, ,0.0,0.0,0.0,0.0,0,0,0,0,0,0,0,0
TF,MARVI,28.639397,-82.256478,0, ,0.0,0.0,0.0,0.0,0,0,0,0,0,0,0,0
TF,KOKOH,28.526317,-82.254317,0, ,0.0,0.0,0.0,0.0,0,0,0,0,0,0,0,0
TF,DADES,28.362672,-82.252167,0, ,0.0,0.0,0.0,0.0,0,0,0,0,0,0,0,0

STAR,DADES4,ALL,5
IF,DADES,28.362672,-82.252167, ,0.0,0.0,0,0,0,0,0,0,0,0
TF,LZARD,28.300153,-82.311842,0, ,0.0,0.0,0.0,0.0,0,0,0,0,0,0,0,0

STAR,DARBS3,SZW,1
IF,SZW,30.556228,-84.373944, ,0.0,0.0,0,0,0,0,0,0,0,0
TF,HEVVN,29.821975,-83.895247,0, ,0.0,0.0,0.0,0.0,0,0,0,0,0,0,0,0
TF,LEGGT,29.222933,-83.510722,0, ,0.0,0.0,0.0,0.0,0,0,0,0,0,0,0,0
TF,TABIR,28.419844,-83.003258,0, ,0.0,0.0,0.0,0.0,0,0,0,0,0,0,0,0
TF,DARBS,28.199992,-82.865864,0, ,0.0,0.0,0.0,0.0,0,0,0,0,0,0,0,0

STAR,DARBS3,ALL,2
IF,DARBS,28.199992,-82.865864, ,0.0,0.0,0,0,0,0,0,0,0,0
TF,PIE,27.907764,-82.684308,0, ,0.0,0.0,0.0,0.0,0,0,0,0,0,0,0,1
FM,PIE,27.907764,-82.684308,0,PIE,0.0,0.0,156.0,0,0,0,0,0,0,0,0

STAR,DEAKK5,LBV,4
IF,LBV,26.828186,-81.391439, ,0.0,0.0,0,0,0,0,0,0,0,0
TF,ROGAN,27.250794,-81.892858,0, ,0.0,0.0,0.0,0.0,0,0,0,0,0,0,0,0

STAR,DEAKK5,PHK,4
IF,PHK,26.782742,-80.691433, ,0.0,0.0,0,0,0,0,0,0,0,0
TF,ROGAN,27.250794,-81.892858,0, ,0.0,0.0,0.0,0.0,0,0,0,0,0,0,0,0

STAR,DEAKK5,RSW,4
IF,RSW,26.529875,-81.775767, ,0.0,0.0,0,0,0,0,0,0,0,0
TF,ROGAN,27.250794,-81.892858,0, ,0.0,0.0,0.0,0.0,0,0,0,0,0,0,0,0

STAR,DEAKK5,ALL,5
IF,ROGAN,27.250794,-81.892858, ,0.0,0.0,0,0,0,0,0,0,0,0
TF,DEAKK,27.452617,-82.134400,0, ,0.0,0.0,0.0,0.0,0,0,0,0,0,0,0,0
TF,JSTRM,27.691825,-82.422519,0, ,0.0,0.0,0.0,0.0,0,0,0,0,0,0,0,0

STAR,FOOXX4,SZW,4
IF,SZW,30.556228,-84.373944, ,0.0,0.0,0,0,0,0,0,0,0,0
TF,HEVVN,29.821975,-83.895247,0, ,0.0,0.0,0.0,0.0,0,0,0,0,0,0,0,0
TF,LEGGT,29.222933,-83.510722,0, ,0.0,0.0,0.0,0.0,0,0,0,0,0,0,0,0
TF,TABIR,28.419844,-83.003258,0, ,0.0,0.0,0.0,0.0,0,0,0,0,0,0,0,0

STAR,FOOXX4,ALL,5
IF,TABIR,28.419844,-83.003258, ,0.0,0.0,0,0,0,0,0,0,0,0
TF,DIPAY,28.273000,-82.911425,0, ,0.0,0.0,0.0,0.0,0,0,0,0,0,0,0,0

STAR,LZARD6,ORL,1
IF,ORL,28.542725,-81.335019, ,0.0,0.0,0,0,0,0,0,0,0,0
TF,DADES,28.362672,-82.252167,0, ,0.0,0.0,0.0,0.0,0,0,0,0,0,0,0,0
TF,LZARD,28.300153,-82.311842,0, ,0.0,0.0,0.0,0.0,0,0,0,0,0,0,0,0

STAR,LZARD6,TAY,1
IF,TAY,30.504639,-82.552903, ,0.0,0.0,0,0,0,0,0,0,0,0
TF,JAYJA,29.586864,-82.358883,0, ,0.0,0.0,0.0,0.0,0,0,0,0,0,0,0,0
TF,GRASN,29.132253,-82.264144,0, ,0.0,0.0,0.0,0.0,0,0,0,0,0,0,0,0
TF,OLENE,28.739794,-82.258014,0, ,0.0,0.0,0.0,0.0,0,0,0,0,0,0,0,0
TF,MARVI,28.639397,-82.256478,0, ,0.0,0.0,0.0,0.0,0,0,0,0,0,0,0,0
TF,DADES,28.362672,-82.252167,0, ,0.0,0.0,0.0,0.0,0,0,0,0,0,0,0,0
TF,LZARD,28.300153,-82.311842,0, ,0.0,0.0,0.0,0.0,0,0,0,0,0,0,0,0

STAR,LZARD6,ALL,2
IF,LZARD,28.300153,-82.311842, ,0.0,0.0,0,0,0,0,0,0,0,0
TF,TUMPY,28.176383,-82.429733,0, ,0.0,0.0,0.0,0.0,0,0,0,0,0,0,0,0
TF,PIE,27.907764,-82.684308,0, ,0.0,0.0,0.0,0.0,0,0,0,0,0,0,0,0

APPTR,I04,04,MILNE
IF,MILNE,27.658253,-82.678994, ,0.0,0.0,2,1600,0,0,0,0,1,0
TF,DUMDE,27.673228,-82.675750,0, ,0.0,0.0,0.0,0.0,0,0,0,0,0,0,0,0
CF,FOSAR,27.688828,-82.662253,0,IMCF,221.7,13.2,42.0,1.2,2,1600,0,0,0,0,0,0

FINAL,I04,04,I,3
IF,FOSAR,27.688828,-82.662253,IMCF,221.7,13.2,2,1600,0,0,0,0,0,0
CF,EMASE,27.774706,-82.587694,0,IMCF,221.7,6.7,42.0,6.5,1,1600,0,0,0,0,2,0
CF,RW04,27.837397,-82.532689,0,IMCF,221.2,2.0,42.0,4.8,1,63,0,0,0,0,3,0
CA,0,42.0,2,420,0,0,0,0,0,0
CF,CITER,27.909003,-82.373003,0,MCF,73.0,8.0,73.0,8.0,1,1700,0,0,0,0,0,0
TF,AGUSE,27.992378,-82.126822,0, ,0.0,0.0,0.0,0.0,2,2700,0,0,0,0,0,0
HM,AGUSE,27.992378,-82.126822,1, ,0.0,0.0,73.0,04,3,4000,0,1,265,0,0,0,0

APPTR,I22,22,OZONA
IF,OZONA,27.981678,-82.357225, ,0.0,0.0,2,1700,0,0,0,0,1,0
TF,CFDLL,27.971900,-82.393397,0, ,0.0,0.0,0.0,0.0,0,0,0,0,0,0,0,0
CF,HUBOT,27.943750,-82.423206,0,IGBZ,47.1,8.8,227.0,2.3,0,0,0,0,0,0,1,0

FINAL,I22,22,I,3
IF,HUBOT,27.943750,-82.423206,IGBZ,47.1,8.8,2,1700,0,0,0,0,0,0
CF,MOBUE,27.919378,-82.448958,0,IGBZ,47.1,6.8,227.0,2.0,1,1600,0,0,0,0,2,0
CF,RW22,27.861292,-82.509747,0,IGBZ,47.7,2.0,227.0,4.7,1,67,0,0,0,0,3,0
CA,0,227.0,2,420,0,0,0,0,0,0
CF,MILNE,27.658253,-82.678994,0,MCF,220.0,15.0,220.0,15.0,2,1600,0,0,0,0,0,0
HM,MILNE,27.658253,-82.678994,2, ,0.0,0.0,40.0,04,0,0,0,1,265,0,0,0,0

APPTR,R04,04,DUMDE
HF,DUMDE,27.673228,-82.675750,2, ,0.0,0.0,42.0,04,2,1600,0,1,265,0,1,0,0

APPTR,R04,04,ELEBE
IF,ELEBE,27.663014,-82.768903, ,0.0,0.0,0,0,0,0,0,0,1,0
TF,DUMDE,27.673228,-82.675750,0, ,0.0,0.0,0.0,0.0,2,1600,0,0,0,0,1,0

APPTR,R04,04,GAVNE
IF,GAVNE,27.590286,-82.664319, ,0.0,0.0,0,0,0,0,0,0,1,0
TF,DUMDE,27.673228,-82.675750,0, ,0.0,0.0,0.0,0.0,2,1600,0,0,0,0,1,0

FINAL,R04,04,R,3
IF,DUMDE,27.673228,-82.675750, ,0.0,0.0,2,1600,0,0,0,0,0,0
TF,EMASE,27.774706,-82.587694,0, ,0.0,0.0,42.0,7.7,2,1600,0,0,0,0,2,0
TF,RW04,27.837397,-82.532689,0, ,0.0,0.0,42.0,4.8,1,63,0,0,0,0,3,1
DF,VRNON,27.863744,-82.509550,0, ,0.0,0.0,0,0,0,0,0,0,0,0
TF,EATEM,27.992775,-82.372019,0, ,0.0,0.0,0.0,0.0,2,1700,0,0,0,0,0,1
HM,EATEM,27.992775,-82.372019,2, ,0.0,0.0,227.0,04,3,4000,0,1,265,0,0,0,0

APPTR,R22,22,EATEM
HF,EATEM,27.992775,-82.372019,2, ,0.0,0.0,227.0,04,2,1700,0,1,265,0,1,0,0

APPTR,R22,22,LUZUM
IF,LUZUM,28.076283,-82.375306, ,0.0,0.0,0,0,0,0,0,0,1,0
TF,EATEM,27.992775,-82.372019,0, ,0.0,0.0,0.0,0.0,2,1700,0,0,0,0,1,0

APPTR,R22,22,NETTM
IF,NETTM,27.995658,-82.277939, ,0.0,0.0,0,0,0,0,0,0,1,0
TF,EATEM,27.992775,-82.372019,0, ,0.0,0.0,0.0,0.0,2,1700,0,0,0,0,1,0

FINAL,R22,22,R,3
IF,EATEM,27.992775,-82.372019, ,0.0,0.0,2,1700,0,0,0,0,0,0
TF,MOBUE,27.919378,-82.448958,0, ,0.0,0.0,227.0,6.0,2,1600,0,0,0,0,2,0
TF,RW22,27.861292,-82.509747,0, ,0.0,0.0,227.0,4.8,1,69,0,0,0,0,3,1
DF,POSEL,27.836817,-82.535358,0, ,0.0,0.0,0,0,0,0,0,0,0,0
TF,MILNE,27.658253,-82.678994,0, ,0.0,0.0,0.0,0.0,2,1600,0,0,0,0,0,1
HM,MILNE,27.658253,-82.678994,2, ,0.0,0.0,40.0,04,3,4000,0,1,265,0,0,0,0

APPTR,T04,04,MILNE
IF,MILNE,27.658253,-82.678994, ,0.0,0.0,2,1600,0,0,0,0,1,0
TF,ADNIL,27.774611,-82.584192,0, ,0.0,0.0,0.0,0.0,1,1600,0,0,0,0,0,0

FINAL,T04,04,D,2
IF,ADNIL,27.774611,-82.584192,MCF,220.0,6.4,1,1600,0,0,0,0,2,0
CF,FOROM,27.831414,-82.537819,0,MCF,220.0,2.2,40.0,4.2,1,213,0,0,0,0,3,0
CA,0,40.0,2,420,0,0,0,0,0,0
CF,CITER,27.909003,-82.373003,0,MCF,73.0,8.0,73.0,9.2,1,1700,0,0,0,0,0,0
CF,AGUSE,27.992378,-82.126822,0,MCF,73.0,22.0,73.0,14.0,2,2700,0,0,0,0,0,0
HM,AGUSE,27.992378,-82.126822,1, ,0.0,0.0,73.0,04,0,0,0,1,265,0,0,0,0

APPTR,T22,22,LAL
IF,LAL,27.986181,-82.013892, ,0.0,0.0,0,0,0,0,0,0,0,0
TF,OZONA,27.981678,-82.357225,0, ,0.0,0.0,0.0,0.0,2,2700,0,0,0,0,1,0

FINAL,T22,22,D,3
IF,OZONA,27.981678,-82.357225,MCF,53.0,11.0,2,1700,0,0,0,0,0,0
CF,SPECO,27.915964,-82.442514,0,MCF,53.0,5.0,233.0,6.0,1,1600,0,0,0,0,2,0
CF,FAVIS,27.868836,-82.503572,0,MCF,53.0,0.7,233.0,4.3,1,247,0,0,0,0,3,0
CA,0,233.0,2,420,0,0,0,0,0,0
CF,MILNE,27.658253,-82.678994,0,MCF,220.0,15.0,220.0,14.1,2,1600,0,0,0,0,0,0
HM,MILNE,27.658253,-82.678994,2, ,0.0,0.0,40.0,04,0,0,0,1,265,0,0,0,0

