APPTR,D25,25,MERGE
IF,MERGE,32.285061,-102.146250, ,0.0,0.0,0,0,0,0,0,0,1,0
AF,ROGNY,32.108039,-101.877778,2,MAF,58.6,17.0,357.0,2,4500,0,0,0,0,0,0

APPTR,D25,25,OXATE
IF,OXATE,31.834186,-101.928381, ,0.0,0.0,0,0,0,0,0,0,1,0
AF,ROGNY,32.108039,-101.877778,1,MAF,58.6,17.0,117.0,2,4500,0,0,0,0,0,0

FINAL,D25,25,D,3
IF,ROGNY,32.108039,-101.877778,MAF,58.6,17.0,2,4500,0,0,0,0,0,0
CF,SKRDA,32.073261,-101.988294,0,MAF,58.6,11.0,239.0,6.0,2,4500,0,0,0,0,2,0
CF,RW25,32.040925,-102.093233,0,MAF,58.1,5.3,239.0,5.7,1,2837,0,0,0,0,3,0
CA,0,239.0,2,3203,0,0,0,0,0,0
VI,0, ,0.0,327.0,0,0,0,0,0,0,0,0
CF,MERGE,32.285061,-102.146250,0,MAF,356.7,16.7,357.0,12.8,2,4500,0,0,0,0,0,0
HM,MERGE,32.285061,-102.146250,1, ,0.0,0.0,177.0,04.3,0,0,0,0,0,0,0,0,0

APPTR,R25,25,CIRIT
HF,CIRIT,32.094714,-101.856947,2, ,0.0,0.0,248.0,05,2,4500,0,0,0,0,1,0,0

FINAL,R25,25,R,4
IF,CIRIT,32.094714,-101.856947, ,0.0,0.0,2,4500,0,0,0,0,0,0
TF,WAVOK,32.063503,-101.994322,0, ,0.0,0.0,248.0,7.3,2,4500,0,0,0,0,2,0
TF,JIBEM,32.049581,-102.055356,0, ,0.0,0.0,248.0,3.2,2,3460,0,0,0,0,0,0
TF,RW25,32.040925,-102.093233,0, ,0.0,0.0,248.0,2.0,1,2837,0,0,0,0,3,1
CA,0,248.0,2,3071,0,0,0,0,0,0
DF,BAVNE,32.027919,-102.150036,0, ,0.0,0.0,0,0,0,0,0,0,0,0
TF,JOJOS,31.988392,-102.326019,0, ,0.0,0.0,0.0,0.0,2,5000,0,0,0,0,0,1
HM,JOJOS,31.988392,-102.326019,2, ,0.0,0.0,107.0,05,0,0,0,0,0,0,0,0,0

APPTR,R34,34,UMCEJ
HF,UMCEJ,31.830842,-102.037139,2, ,0.0,0.0,338.0,05,2,4700,0,0,0,0,1,0,0

FINAL,R34,34,R,4
IF,UMCEJ,31.830842,-102.037139, ,0.0,0.0,2,4700,0,0,0,0,0,0
TF,HIBMA,31.943744,-102.072722,0, ,0.0,0.0,338.0,7.0,2,4500,0,0,0,0,2,0
TF,CEXOM,31.986044,-102.086072,0, ,0.0,0.0,338.0,2.6,2,3660,0,0,0,0,0,0
TF,RW34,32.027975,-102.099319,0, ,0.0,0.0,338.0,2.6,1,2837,0,0,0,0,3,1
CA,0,338.0,2,3047,0,0,0,0,0,0
DF,ZEBIB,32.244181,-102.167803,0, ,0.0,0.0,2,4500,0,0,0,0,0,1
HM,ZEBIB,32.244181,-102.167803,2, ,0.0,0.0,158.0,05,0,0,0,0,0,0,0,0,0

APPTR,V07-A,07,MAF
PI,MAF,32.009344,-102.190389,1,MAF,286.0,10.0,241,5.0,2,5100,0,0,0,0,1,0
CF,MAF,32.009344,-102.190389,0,MAF,0.0,0.0,61.0,8.0,2,4800,0,0,0,0,0,0

FINAL,V07-A,07,D,2
IF,MAF,32.009344,-102.190389,MAF,0.0,0.0,2,4800,0,0,0,0,2,0
CF,MAPDD,32.032028,-102.108344,0,MAF,61.0,4.4,61.0,4.4,1,3700,0,0,0,0,3,0
CA,0,61.0,2,3700,0,0,0,0,0,0
VI,1, ,0.0,327.0,0,0,0,0,0,0,0,0
CF,MERGE,32.285061,-102.146250,0,MAF,356.7,16.7,357.0,7.0,2,4500,0,0,0,0,0,0
HM,MERGE,32.285061,-102.146250,1, ,0.0,0.0,177.0,04.3,0,0,0,0,0,0,0,0,0

APPTR,V16-A,16,MAF
PI,MAF,32.009344,-102.190389,1,MAF,286.0,10.0,241,5.0,2,5100,0,0,0,0,1,0
CF,MAF,32.009344,-102.190389,0,MAF,0.0,0.0,61.0,8.0,2,4800,0,0,0,0,0,0

FINAL,V16-A,16,D,2
IF,MAF,32.009344,-102.190389,MAF,0.0,0.0,2,4800,0,0,0,0,2,0
CF,MAPDD,32.032028,-102.108344,0,MAF,61.0,4.4,61.0,4.4,1,3700,0,0,0,0,3,0
CA,0,61.0,2,3700,0,0,0,0,0,0
VI,1, ,0.0,327.0,0,0,0,0,0,0,0,0
CF,MERGE,32.285061,-102.146250,0,MAF,356.7,16.7,357.0,7.0,2,4500,0,0,0,0,0,0
HM,MERGE,32.285061,-102.146250,1, ,0.0,0.0,177.0,04.3,0,0,0,0,0,0,0,0,0

APPTR,V25-A,25,MAF
PI,MAF,32.009344,-102.190389,1,MAF,286.0,10.0,241,5.0,2,5100,0,0,0,0,1,0
CF,MAF,32.009344,-102.190389,0,MAF,0.0,0.0,61.0,8.0,2,4800,0,0,0,0,0,0

FINAL,V25-A,25,D,2
IF,MAF,32.009344,-102.190389,MAF,0.0,0.0,2,4800,0,0,0,0,2,0
CF,MAPDD,32.032028,-102.108344,0,MAF,61.0,4.4,61.0,4.4,1,3700,0,0,0,0,3,0
CA,0,61.0,2,3700,0,0,0,0,0,0
VI,1, ,0.0,327.0,0,0,0,0,0,0,0,0
CF,MERGE,32.285061,-102.146250,0,MAF,356.7,16.7,357.0,7.0,2,4500,0,0,0,0,0,0
HM,MERGE,32.285061,-102.146250,1, ,0.0,0.0,177.0,04.3,0,0,0,0,0,0,0,0,0

APPTR,V34-A,34,MAF
PI,MAF,32.009344,-102.190389,1,MAF,286.0,10.0,241,5.0,2,5100,0,0,0,0,1,0
CF,MAF,32.009344,-102.190389,0,MAF,0.0,0.0,61.0,8.0,2,4800,0,0,0,0,0,0

FINAL,V34-A,34,D,2
IF,MAF,32.009344,-102.190389,MAF,0.0,0.0,2,4800,0,0,0,0,2,0
CF,MAPDD,32.032028,-102.108344,0,MAF,61.0,4.4,61.0,4.4,1,3700,0,0,0,0,3,0
CA,0,61.0,2,3700,0,0,0,0,0,0
VI,1, ,0.0,327.0,0,0,0,0,0,0,0,0
CF,MERGE,32.285061,-102.146250,0,MAF,356.7,16.7,357.0,7.0,2,4500,0,0,0,0,0,0
HM,MERGE,32.285061,-102.146250,1, ,0.0,0.0,177.0,04.3,0,0,0,0,0,0,0,0,0

