APPTR,N16,16,MILTO
IF,MILTO,44.320378,-90.650219, ,0.0,0.0,0,0,0,0,0,0,0,0
TF,MFI,44.641075,-90.189153,0, ,0.0,0.0,0.0,0.0,2,3000,0,0,0,0,0,0
PI,MFI,44.641075,-90.189153,2,AUW,284.0,10.0,329,5.0,2,3000,0,0,0,0,1,0
CF,FF16,44.720242,-90.255889,0,AUW,253.4,29.6,149.0,4.5,2,3000,0,0,0,0,0,0

APPTR,N16,16,RROBB
IF,RROBB,44.543244,-89.530792, ,0.0,0.0,0,0,0,0,0,0,0,0
TF,MFI,44.641075,-90.189153,0, ,0.0,0.0,0.0,0.0,2,3000,0,0,0,0,0,0
PI,MFI,44.641075,-90.189153,2,AUW,284.0,10.0,329,5.0,2,3000,0,0,0,0,1,0
CF,FF16,44.720242,-90.255889,0,AUW,253.4,29.6,149.0,4.5,2,3000,0,0,0,0,0,0

FINAL,N16,16,N,2
IF,FF16,44.720242,-90.255889,MFI,0.0,0.0,2,3000,0,0,0,0,2,0
CF,RW16,44.644333,-90.194139,0,MFI,0.0,0.0,149.0,5.3,1,1323,0,0,0,0,3,0
CF,MFI,44.641075,-90.189153,0,AUW,242.6,28.6,149.0,0.3,2,1680,0,0,0,0,0,0
CA,0,149.0,2,3000,0,0,0,0,0,0
DF,MFI,44.641075,-90.189153,2, ,0.0,0.0,0,0,0,0,0,0,0,0
HM,MFI,44.641075,-90.189153,2, ,0.0,0.0,149.0,04.3,0,0,0,0,0,0,0,0,0

APPTR,R05,05,YAJJU
HF,YAJJU,44.490014,-90.401225,2, ,0.0,0.0,46.0,04,2,3000,0,0,0,0,1,0,0

FINAL,R05,05,R,4
IF,YAJJU,44.490014,-90.401225, ,0.0,0.0,2,3000,0,0,0,0,0,0
TF,ZOBER,44.570475,-90.283169,0, ,0.0,0.0,46.0,7.0,2,3000,0,0,0,0,2,0
TF,EVXAG,44.610222,-90.224664,0, ,0.0,0.0,46.0,3.5,2,1880,0,0,0,0,0,0
TF,RW05,44.632028,-90.192514,0, ,0.0,0.0,46.0,1.9,1,1293,0,0,0,0,3,1
CA,0,46.0,2,1640,0,0,0,0,0,0
DF,EXLIJ,44.780650,-89.972361,0, ,0.0,0.0,2,3000,0,0,0,0,0,1
HM,EXLIJ,44.780650,-89.972361,2, ,0.0,0.0,227.0,04,0,0,0,0,0,0,0,0,0

APPTR,R16,16,DUFOE
HF,DUFOE,44.814933,-90.288286,2, ,0.0,0.0,158.0,05,2,3000,0,0,0,0,1,0,0

APPTR,R16,16,EDGRR
IF,EDGRR,44.858842,-89.945294, ,0.0,0.0,0,0,0,0,0,0,0,0
TF,EKTEY,44.861544,-90.150492,0, ,0.0,0.0,0.0,0.0,2,3000,0,0,0,0,1,0
TF,DUFOE,44.814933,-90.288286,0, ,0.0,0.0,0.0,0.0,2,3000,0,0,0,0,1,0

FINAL,R16,16,R,3
IF,DUFOE,44.814933,-90.288286, ,0.0,0.0,2,3000,0,0,0,0,0,0
TF,SOWSU,44.721144,-90.236472,0, ,0.0,0.0,159.0,6.1,2,2900,0,0,0,0,2,0
TF,RW16,44.644333,-90.194139,0, ,0.0,0.0,159.0,5.0,1,1323,0,0,0,0,3,1
CA,0,159.0,2,1639,0,0,0,0,0,0
DF,VECSU,44.435542,-90.079714,0, ,0.0,0.0,2,3000,0,0,0,0,0,1
HM,VECSU,44.435542,-90.079714,1, ,0.0,0.0,74.0,04,0,0,0,0,0,0,0,0,0

APPTR,R23,23,EXLIJ
HF,EXLIJ,44.780650,-89.972361,2, ,0.0,0.0,227.0,04,2,3000,0,0,0,0,1,0,0

FINAL,R23,23,R,4
IF,EXLIJ,44.780650,-89.972361, ,0.0,0.0,2,3000,0,0,0,0,0,0
TF,UWBUZ,44.700411,-90.091436,0, ,0.0,0.0,227.0,7.0,2,3000,0,0,0,0,2,0
TF,ASUYO,44.657172,-90.155392,0, ,0.0,0.0,227.0,3.8,2,1760,0,0,0,0,0,0
TF,RW23,44.638819,-90.182492,0, ,0.0,0.0,227.0,1.6,1,1289,0,0,0,0,3,1
CA,0,227.0,2,1640,0,0,0,0,0,0
DF,YAJJU,44.490014,-90.401225,0, ,0.0,0.0,2,3000,0,0,0,0,0,1
HM,YAJJU,44.490014,-90.401225,2, ,0.0,0.0,46.0,04,0,0,0,0,0,0,0,0,0

FINAL,R34,34,R,3
IF,VECSU,44.435542,-90.079714, ,0.0,0.0,2,2900,0,0,0,0,0,0
TF,SUXAE,44.554583,-90.144850,0, ,0.0,0.0,339.0,7.7,2,2900,0,0,0,0,2,0
TF,RW34,44.631564,-90.187111,0, ,0.0,0.0,339.0,5.0,1,1297,0,0,0,0,3,1
CA,0,339.0,2,1507,0,0,0,0,0,0
DF,DUFOE,44.814933,-90.288286,0, ,0.0,0.0,2,3000,0,0,0,0,0,1
HM,DUFOE,44.814933,-90.288286,2, ,0.0,0.0,158.0,05,0,0,0,0,0,0,0,0,0

APPTR,U34,34,CALIN
HF,CALIN,44.568719,-90.150944,2, ,0.0,0.0,339.0,04.3,2,3000,0,0,0,0,1,0,0

APPTR,U34,34,RROBB
FC,RROBB,44.543244,-89.530792,0,AUW,0.0,0.0,260.0,20.7,2,3000,0,0,0,0,1,0
CF,JOPIX,44.467467,-90.097094,0,DUS,158.5,11.6,260.0,4.0,2,3000,0,0,0,0,1,0

FINAL,U34,34,D,3
IF,JOPIX,44.467467,-90.097094,DUS,158.5,11.6,2,3000,0,0,0,0,0,0
CF,CALIN,44.568719,-90.150944,0,DUS,157.8,5.1,339.0,6.5,2,2600,0,0,0,0,2,0
CF,RW34,44.631564,-90.187111,0,DUS,158.6,0.0,339.0,4.1,1,1297,0,0,0,0,3,0
CA,0,339.0,2,3000,0,0,0,0,0,0
DF,CALIN,44.568719,-90.150944,1, ,0.0,0.0,0,0,0,0,0,0,0,0
HM,CALIN,44.568719,-90.150944,2, ,0.0,0.0,339.0,04.3,0,0,0,0,0,0,0,0,0

