APPTR,D03,03,CCV
IF,CCV,37.347539,-75.997653, ,0.0,0.0,0,0,0,0,0,0,1,0
TF,ZUXIG,37.418042,-75.941742,0, ,0.0,0.0,0.0,0.0,2,1900,0,0,0,0,1,0

APPTR,D03,03,EXMOR
HF,EXMOR,37.558967,-75.829600,2, ,0.0,0.0,42.0,04.3,2,1900,0,0,0,0,1,0,0

FINAL,D03,03,D,4
IF,ZUXIG,37.418042,-75.941742,CCV,42.3,5.0,2,1900,0,0,0,0,0,0
CF,EXMOR,37.558967,-75.829600,0,CCV,42.3,15.0,42.0,10.0,2,1900,0,0,0,0,2,0
CF,CAGXY,37.601222,-75.795875,0,CCV,42.3,18.0,42.0,3.0,2,960,0,0,0,0,0,0
CF,JAGNO,37.640569,-75.764433,0,CCV,42.3,20.8,42.0,2.8,1,87,0,0,0,0,3,0
CA,0,42.0,2,460,0,0,0,0,0,0
VI,2, ,0.0,240.0,0,0,0,0,0,0,0,0
CF,EXMOR,37.558967,-75.829600,0,CCV,42.3,15.0,222.0,3.0,2,1900,0,0,0,0,0,0
HM,EXMOR,37.558967,-75.829600,2, ,0.0,0.0,42.0,04.3,0,0,0,0,0,0,0,0,0

APPTR,L03,03,CCV
FC,CCV,37.347539,-75.997653,0,CCV,0.0,0.0,52.0,6.6,2,2000,0,0,0,0,1,0
CF,UCGEL,37.479406,-75.850153,0,IMFV,214.0,11.5,52.0,4.0,2,2000,0,0,0,0,1,0

APPTR,L03,03,UCGEL
HF,UCGEL,37.479406,-75.850153,2, ,0.0,0.0,34.0,04.3,2,2000,0,0,0,0,1,0,0

FINAL,L03,03,D,3
IF,UCGEL,37.479406,-75.850153,IMFV,214.0,11.5,2,2000,0,0,0,0,0,0
CF,MELFA,37.572375,-75.800742,0,IMFV,214.0,5.4,34.0,6.1,2,1500,0,0,0,0,2,0
CF,RW03,37.640558,-75.764417,0,IMFV,214.0,0.0,34.0,4.4,1,87,0,0,0,0,3,0
CA,0,34.0,2,450,0,0,0,0,0,0
VI,2, ,0.0,220.0,0,0,0,0,0,0,0,0
CF,UCGEL,37.479406,-75.850153,0,CCV,51.7,10.6,232.0,12.5,2,2000,0,0,0,0,0,0
HM,UCGEL,37.479406,-75.850153,2, ,0.0,0.0,34.0,04.3,0,0,0,0,0,0,0,0,0

APPTR,R03,03,UCGEL
HF,UCGEL,37.479406,-75.850153,2, ,0.0,0.0,34.0,04,2,2000,0,0,0,0,1,0,0

FINAL,R03,03,R,3
IF,UCGEL,37.479406,-75.850153, ,0.0,0.0,2,2000,0,0,0,0,0,0
TF,MELFA,37.572375,-75.800742,0, ,0.0,0.0,34.0,6.1,2,1500,0,0,0,0,2,0
TF,RW03,37.640558,-75.764417,0, ,0.0,0.0,34.0,4.4,1,87,0,0,0,0,3,1
CA,0,34.0,2,500,0,0,0,0,0,0
DF,UCGEL,37.479406,-75.850153,2, ,0.0,0.0,2,2000,0,0,0,0,0,1
HM,UCGEL,37.479406,-75.850153,2, ,0.0,0.0,34.0,04,0,0,0,0,0,0,0,0,0

APPTR,R21,21,CCV
IF,CCV,37.347539,-75.997653, ,0.0,0.0,0,0,0,0,0,0,0,0
TF,ZIXER,37.818908,-75.669031,0, ,0.0,0.0,0.0,0.0,2,2000,0,0,0,0,0,1
HF,ZIXER,37.818908,-75.669031,2, ,0.0,0.0,214.0,04,2,2000,0,0,0,0,1,0,0

APPTR,R21,21,SWL
IF,SWL,38.056594,-75.463900, ,0.0,0.0,0,0,0,0,0,0,0,0
TF,PACIV,37.895672,-75.627819,0, ,0.0,0.0,0.0,0.0,2,2000,0,0,0,0,1,0
TF,ZIXER,37.818908,-75.669031,0, ,0.0,0.0,0.0,0.0,2,2000,0,0,0,0,1,0

FINAL,R21,21,R,3
IF,ZIXER,37.818908,-75.669031, ,0.0,0.0,2,2000,0,0,0,0,0,0
TF,RERSE,37.725231,-75.719194,0, ,0.0,0.0,214.0,6.1,2,1600,0,0,0,0,2,0
TF,RW21,37.653200,-75.757675,0, ,0.0,0.0,214.0,4.7,1,88,0,0,0,0,3,1
CA,0,214.0,2,448,0,0,0,0,0,0
DF,UCGEL,37.479406,-75.850153,0, ,0.0,0.0,2,2000,0,0,0,0,0,1
HM,UCGEL,37.479406,-75.850153,2, ,0.0,0.0,34.0,04,0,0,0,0,0,0,0,0,0

