APPTR,I03,03,HUO
IF,HUO,41.409686,-74.591594, ,0.0,0.0,0,0,0,0,0,0,0,0
TF,DIYAD,41.435811,-74.294367,0, ,0.0,0.0,0.0,0.0,2,3500,0,0,0,0,0,0
PI,DIYAD,41.435811,-74.294367,1,HUO,254.0,10.0,209,5.0,2,3000,0,0,0,0,1,0
CF,NISSN,41.371519,-74.317961,0,IMGJ,209.5,9.2,29.0,6.0,2,2900,0,0,0,0,0,0

APPTR,I03,03,IGN
IF,IGN,41.665450,-73.822225, ,0.0,0.0,0,0,0,0,0,0,0,0
TF,DIYAD,41.435811,-74.294367,0, ,0.0,0.0,0.0,0.0,2,3400,0,0,0,0,0,0
PI,DIYAD,41.435811,-74.294367,1,IGN,254.0,10.0,209,5.0,2,3000,0,0,0,0,1,0
CF,NISSN,41.371519,-74.317961,0,IMGJ,209.5,9.2,29.0,6.0,2,2900,0,0,0,0,0,0

APPTR,I03,03,SAX
IF,SAX,41.067544,-74.538314, ,0.0,0.0,0,0,0,0,0,0,1,0
TF,JOYST,41.320350,-74.336703,0, ,0.0,0.0,0.0,0.0,2,3000,0,0,0,0,0,0
CF,NISSN,41.371519,-74.317961,0,IMGJ,209.5,9.2,29.0,3.2,2,2900,0,0,0,0,0,0

FINAL,I03,03,I,3
IF,NISSN,41.371519,-74.317961,IMGJ,209.5,9.2,2,2900,0,0,0,0,0,0
CF,DIYAD,41.435811,-74.294367,0,IMGJ,209.5,5.2,29.0,4.0,1,1800,0,0,0,0,2,0
CF,RW03,41.505422,-74.268767,0,IMGJ,209.5,0.8,29.0,4.3,1,402,0,0,0,0,3,0
CA,0,29.0,2,1200,0,0,0,0,0,0
DF,HUO,41.409686,-74.591594,1, ,0.0,0.0,2,4000,0,0,0,0,0,0
HM,HUO,41.409686,-74.591594,2, ,0.0,0.0,93.0,04.3,0,0,0,0,0,0,0,0,0

APPTR,R03,03,FORYA
HF,FORYA,41.322806,-74.335806,1, ,0.0,0.0,29.0,04,2,3000,0,0,0,0,1,0,0

APPTR,R03,03,HAAYS
IF,HAAYS,41.320006,-74.467181, ,0.0,0.0,0,0,0,0,0,0,1,0
TF,FORYA,41.322806,-74.335806,0, ,0.0,0.0,0.0,0.0,2,3000,0,0,0,0,1,0

APPTR,R03,03,SAX
IF,SAX,41.067544,-74.538314, ,0.0,0.0,0,0,0,0,0,0,1,0
TF,FORYA,41.322806,-74.335806,0, ,0.0,0.0,0.0,0.0,2,3000,0,0,0,0,1,0

FINAL,R03,03,R,3
IF,FORYA,41.322806,-74.335806, ,0.0,0.0,2,3000,0,0,0,0,0,0
TF,STUFF,41.420922,-74.299836,0, ,0.0,0.0,29.0,6.1,2,2100,0,0,0,0,2,0
TF,RW03,41.505422,-74.268767,0, ,0.0,0.0,29.0,5.3,1,402,0,0,0,0,3,1
DF,WUTIT,41.545569,-74.253978,0, ,0.0,0.0,0,0,0,0,0,0,0,0
TF,HELON,41.667422,-74.280422,0, ,0.0,0.0,0.0,0.0,2,4900,0,0,0,0,0,1
HM,HELON,41.667422,-74.280422,2, ,0.0,0.0,209.0,04,0,0,0,0,0,0,0,0,0

APPTR,R08,08,HUO
IF,HUO,41.409686,-74.591594, ,0.0,0.0,0,0,0,0,0,0,1,0
TF,OSSEK,41.431561,-74.492736,0, ,0.0,0.0,0.0,0.0,2,2900,0,0,0,0,1,0

FINAL,R08,08,R,3
IF,OSSEK,41.431561,-74.492736, ,0.0,0.0,2,2900,0,0,0,0,0,0
TF,WEJTI,41.472714,-74.369178,0, ,0.0,0.0,80.0,6.1,2,2000,0,0,0,0,2,0
TF,RW08,41.506253,-74.268058,0, ,0.0,0.0,80.0,5.0,1,392,0,0,0,0,3,1
DF,YORNO,41.539814,-74.166500,0, ,0.0,0.0,0,0,0,0,0,0,0,0
TF,HELON,41.667422,-74.280422,1, ,0.0,0.0,0.0,0.0,2,4900,0,0,0,0,0,1
HM,HELON,41.667422,-74.280422,2, ,0.0,0.0,209.0,04,0,0,0,0,0,0,0,0,0

APPTR,R21,21,IGN
IF,IGN,41.665450,-73.822225, ,0.0,0.0,0,0,0,0,0,0,0,0
TF,TRASE,41.708231,-74.078328,0, ,0.0,0.0,0.0,0.0,2,4000,0,0,0,0,1,0
TF,INISE,41.730603,-74.185525,0, ,0.0,0.0,0.0,0.0,2,3400,0,0,0,0,1,0

APPTR,R21,21,WEARD
IF,WEARD,41.762119,-74.525019, ,0.0,0.0,0,0,0,0,0,0,0,0
TF,DTONA,41.752875,-74.292797,0, ,0.0,0.0,0.0,0.0,2,4500,0,0,0,0,1,0
TF,INISE,41.730603,-74.185525,0, ,0.0,0.0,0.0,0.0,2,3400,0,0,0,0,1,0

FINAL,R21,21,R,3
IF,INISE,41.730603,-74.185525, ,0.0,0.0,2,3400,0,0,0,0,0,0
TF,DATRR,41.632619,-74.221822,0, ,0.0,0.0,210.0,6.1,2,2800,0,0,0,0,2,0
TF,RW21,41.517856,-74.264189,0, ,0.0,0.0,210.0,7.1,1,405,0,0,0,0,3,1
DF,STUFF,41.420922,-74.299836,0, ,0.0,0.0,0,0,0,0,0,0,0,0
TF,XOGLY,41.460753,-74.492128,2, ,0.0,0.0,0.0,0.0,0,0,0,0,0,0,0,0
TF,SIXJO,41.589322,-74.444792,0, ,0.0,0.0,0.0,0.0,0,0,0,0,0,0,0,0
TF,HELON,41.667422,-74.280422,0, ,0.0,0.0,0.0,0.0,2,4000,0,0,0,0,0,1
HM,HELON,41.667422,-74.280422,2, ,0.0,0.0,209.0,04,0,0,0,0,0,0,0,0,0

APPTR,R26,26,BASYE
IF,BASYE,41.343722,-73.798608, ,0.0,0.0,0,0,0,0,0,0,0,0
TF,GETRE,41.502917,-74.002017,0, ,0.0,0.0,0.0,0.0,2,4000,0,0,0,0,1,0
TF,BUNRE,41.579317,-74.046453,0, ,0.0,0.0,0.0,0.0,2,3000,0,0,0,0,0,0
TF,EXEBE,41.552506,-74.127978,0, ,0.0,0.0,0.0,0.0,2,2000,0,0,0,0,0,0

APPTR,R26,26,BUNRE
HF,BUNRE,41.579317,-74.046453,2, ,0.0,0.0,260.0,04,2,3000,0,0,0,0,1,0,0
TF,EXEBE,41.552506,-74.127978,0, ,0.0,0.0,0.0,0.0,2,2000,0,0,0,0,0,0

APPTR,R26,26,SPECL
IF,SPECL,41.666881,-74.103897, ,0.0,0.0,0,0,0,0,0,0,1,0
TF,BUNRE,41.579317,-74.046453,0, ,0.0,0.0,0.0,0.0,2,3000,0,0,0,0,0,0
TF,EXEBE,41.552506,-74.127978,0, ,0.0,0.0,0.0,0.0,2,2000,0,0,0,0,0,0

FINAL,R26,26,R,3
IF,EXEBE,41.552506,-74.127978, ,0.0,0.0,2,2000,0,0,0,0,0,0
TF,ORNGE,41.539108,-74.168631,0, ,0.0,0.0,260.0,2.0,2,1800,0,0,0,0,2,0
TF,RW26,41.509958,-74.256869,0, ,0.0,0.0,260.0,4.3,1,401,0,0,0,0,3,1
DF,WEJTI,41.472714,-74.369178,0, ,0.0,0.0,0,0,0,0,0,0,0,0
TF,UTULE,41.594711,-74.441003,2, ,0.0,0.0,0.0,0.0,0,0,0,0,0,0,0,0
TF,HELON,41.667422,-74.280422,0, ,0.0,0.0,0.0,0.0,2,4000,0,0,0,0,0,1
HM,HELON,41.667422,-74.280422,2, ,0.0,0.0,209.0,04,0,0,0,0,0,0,0,0,0

APPTR,S08,08,HUO
HF,HUO,41.409686,-74.591594,2, ,0.0,0.0,80.0,04.3,2,4000,0,0,0,0,1,0,0

FINAL,S08,08,D,4
IF,HUO,41.409686,-74.591594,HUO,0.0,0.0,2,4000,0,0,0,0,0,0
CF,ORGEN,41.465142,-74.406289,0,HUO,79.3,9.0,80.0,9.0,2,2800,0,0,0,0,2,0
CF,VOR13,41.489694,-74.323822,0,HUO,79.3,13.0,80.0,4.0,2,1220,0,0,0,0,0,0
CF,RW08,41.506253,-74.268058,0,HUO,79.3,15.7,80.0,2.7,1,391,0,0,0,0,3,0
CA,0,80.0,2,764,0,0,0,0,0,0
DF,HUO,41.409686,-74.591594,1, ,0.0,0.0,2,4000,0,0,0,0,0,0
HM,HUO,41.409686,-74.591594,2, ,0.0,0.0,80.0,04.3,0,0,0,0,0,0,0,0,0

