APPTR,I10,10,ALOON
IF,ALOON,32.069953,-86.528231, ,0.0,0.0,0,0,0,0,0,0,0,0
TF,MARRA,32.311614,-86.510633,0, ,0.0,0.0,0.0,0.0,2,2000,0,0,0,0,0,0
PI,MARRA,32.311614,-86.510633,2,MGM,232.0,10.0,277,5.0,2,2000,0,0,0,0,1,0

APPTR,I10,10,BOWIN
IF,BOWIN,32.587703,-86.464222, ,0.0,0.0,0,0,0,0,0,0,1,0
AF,D289W,32.365975,-86.740825,1,MGM,289.0,23.1,338.0,2,2200,0,0,0,0,0,0
VI,0,IMGM,0.0,127.0,0,0,0,0,0,0,0,0

APPTR,I10,10,MGM
IF,MGM,32.222281,-86.319728, ,0.0,0.0,0,0,0,0,0,0,0,0
TF,MARRA,32.311614,-86.510633,0, ,0.0,0.0,0.0,0.0,2,2000,0,0,0,0,0,0
PI,MARRA,32.311614,-86.510633,2,MGM,232.0,10.0,277,5.0,2,2000,0,0,0,0,1,0

FINAL,I10,10,I,3
IF,WULNI,32.332394,-86.754489,IMGM,277.0,19.3,2,2000,0,0,0,0,0,0
CF,MARRA,32.311614,-86.510633,0,IMGM,277.2,6.8,97.0,12.5,1,1931,0,0,0,0,2,0
CF,RW10,32.302400,-86.409994,0,IMGM,277.0,1.7,97.0,5.2,1,269,0,0,0,0,3,0
CA,0,97.0,2,700,0,0,0,0,0,0
DF,MGM,32.222281,-86.319728,0, ,0.0,0.0,2,3000,0,0,0,0,0,0
HM,MGM,32.222281,-86.319728,2, ,0.0,0.0,318.0,04.3,0,0,0,0,0,0,0,0,0

APPTR,I28-Y,28,JEDOP
IF,JEDOP,32.118439,-86.168958, ,0.0,0.0,0,0,0,0,0,0,1,0
AF,D079J,32.245097,-86.127453,1,MGM,79.0,9.9,126.0,2,2000,0,0,0,0,0,0
VI,0,IDLV,0.0,307.0,0,0,0,0,0,0,0,0

APPTR,I28-Y,28,MARRA
IF,MARRA,32.311614,-86.510633, ,0.0,0.0,0,0,0,0,0,0,0,0
TF,TEBOC,32.290139,-86.273578,0, ,0.0,0.0,0.0,0.0,4,6000,2000,0,0,0,0,0
PI,TEBOC,32.290139,-86.273578,1,MGM,142.0,10.0,097,5.0,2,2000,0,0,0,0,1,0

APPTR,I28-Y,28,MGM1
IF,MGM,32.222281,-86.319728, ,0.0,0.0,0,0,0,0,0,0,0,0
TF,TEBOC,32.290139,-86.273578,0, ,0.0,0.0,0.0,0.0,4,6000,2000,0,0,0,0,0
PI,TEBOC,32.290139,-86.273578,1,MGM,142.0,10.0,097,5.0,2,2000,0,0,0,0,1,0

APPTR,I28-Y,28,MGM2
IF,MGM,32.222281,-86.319728, ,0.0,0.0,0,0,0,0,0,0,0,0
TF,RISDE,32.057653,-86.332903,0, ,0.0,0.0,0.0,0.0,2,2200,0,0,0,0,1,0
AF,JEDOP,32.118439,-86.168958,1,MGM,126.0,9.9,181.0,2,2100,0,0,0,0,0,0
AF,D079J,32.245097,-86.127453,1,MGM,79.0,9.9,126.0,2,2000,0,0,0,0,0,0
VI,0,IDLV,0.0,307.0,0,0,0,0,0,0,0,0

FINAL,I28-Y,28,I,3
IF,ICOTE,32.277689,-86.136781,IDLV,97.0,14.2,2,2000,0,0,0,0,0,0
CF,TEBOC,32.290139,-86.273578,0,IDLV,97.0,7.2,277.0,7.0,1,2000,0,0,0,0,2,0
CF,RW28,32.299803,-86.380964,0,IDLV,97.0,1.7,277.0,5.5,1,252,0,0,0,0,3,0
CA,0,277.0,2,700,0,0,0,0,0,0
DF,MGM,32.222281,-86.319728,1, ,0.0,0.0,2,3000,0,0,0,0,0,0
HM,MGM,32.222281,-86.319728,2, ,0.0,0.0,318.0,04.3,0,0,0,0,0,0,0,0,0

APPTR,I28-Z,28,ICOTE
HF,ICOTE,32.277689,-86.136781,1, ,0.0,0.0,277.0,07,2,2600,0,0,0,0,1,0,0

FINAL,I28-Z,28,I,3
IF,ICOTE,32.277689,-86.136781,IDLV,97.0,14.2,2,2600,0,0,0,0,0,0
CF,TEBOC,32.290139,-86.273578,0,IDLV,97.0,7.2,277.0,7.0,1,2000,0,0,0,0,2,0
CF,RW28,32.299803,-86.380964,0,IDLV,97.0,1.7,277.0,5.5,1,252,0,0,0,0,3,0
CA,0,277.0,2,396,0,0,0,0,0,0
DF,HEGAP,32.323733,-86.651278,0, ,0.0,0.0,2,3100,0,0,0,0,0,1
HM,HEGAP,32.323733,-86.651278,2, ,0.0,0.0,97.0,07,0,0,0,0,0,0,0,0,0

APPTR,L28,28,JEDOP
IF,JEDOP,32.118439,-86.168958, ,0.0,0.0,0,0,0,0,0,0,1,0
AF,D079J,32.245097,-86.127453,1,MGM,79.0,9.9,126.0,2,2000,0,0,0,0,0,0
VI,0,IDLV,0.0,307.0,0,0,0,0,0,0,0,0

APPTR,L28,28,MARRA
IF,MARRA,32.311614,-86.510633, ,0.0,0.0,0,0,0,0,0,0,0,0
TF,TEBOC,32.290139,-86.273578,0, ,0.0,0.0,0.0,0.0,4,6000,2000,0,0,0,0,0
PI,TEBOC,32.290139,-86.273578,1,MGM,142.0,10.0,097,5.0,2,2000,0,0,0,0,1,0

APPTR,L28,28,MGM1
IF,MGM,32.222281,-86.319728, ,0.0,0.0,0,0,0,0,0,0,0,0
TF,TEBOC,32.290139,-86.273578,0, ,0.0,0.0,0.0,0.0,4,6000,2000,0,0,0,0,0
PI,TEBOC,32.290139,-86.273578,1,MGM,142.0,10.0,097,5.0,2,2000,0,0,0,0,1,0

APPTR,L28,28,MGM2
IF,MGM,32.222281,-86.319728, ,0.0,0.0,0,0,0,0,0,0,0,0
TF,RISDE,32.057653,-86.332903,0, ,0.0,0.0,0.0,0.0,2,2200,0,0,0,0,1,0
AF,JEDOP,32.118439,-86.168958,1,MGM,126.0,9.9,181.0,2,2100,0,0,0,0,0,0
AF,D079J,32.245097,-86.127453,1,MGM,79.0,9.9,126.0,2,2000,0,0,0,0,0,0
VI,0,IDLV,0.0,307.0,0,0,0,0,0,0,0,0

FINAL,L28,28,D,4
IF,ICOTE,32.277689,-86.136781,IDLV,97.0,14.2,2,2000,0,0,0,0,0,0
CF,TEBOC,32.290139,-86.273578,0,IDLV,97.0,7.2,277.0,7.0,2,2000,0,0,0,0,2,0
CF,WITBI,32.297175,-86.351647,0,IDLV,97.0,3.2,277.0,4.0,2,700,0,0,0,0,0,0
CF,RW28,32.299803,-86.380964,0,IDLV,97.0,1.7,277.0,1.5,1,252,0,0,0,0,3,0
CA,0,277.0,2,700,0,0,0,0,0,0
DF,MGM,32.222281,-86.319728,1, ,0.0,0.0,2,3000,0,0,0,0,0,0
HM,MGM,32.222281,-86.319728,2, ,0.0,0.0,318.0,04.3,0,0,0,0,0,0,0,0,0

APPTR,N10,10,ALOON
IF,ALOON,32.069953,-86.528231, ,0.0,0.0,0,0,0,0,0,0,0,0
TF,MG,32.311614,-86.510633,0, ,0.0,0.0,0.0,0.0,4,6000,2000,0,0,0,0,0
PI,MG,32.311614,-86.510633,2,MGM,232.0,10.0,277,5.0,2,2000,0,0,0,0,1,0
CF,MG,32.311614,-86.510633,0,MGM,295.9,11.1,97.0,8.0,2,2000,0,0,0,0,0,0

APPTR,N10,10,MGM
IF,MGM,32.222281,-86.319728, ,0.0,0.0,0,0,0,0,0,0,0,0
TF,MG,32.311614,-86.510633,0, ,0.0,0.0,0.0,0.0,4,6000,2000,0,0,0,0,0
PI,MG,32.311614,-86.510633,2,MGM,232.0,10.0,277,5.0,2,2000,0,0,0,0,1,0
CF,MG,32.311614,-86.510633,0,MGM,295.9,11.1,97.0,8.0,2,2000,0,0,0,0,0,0

FINAL,N10,10,N,3
IF,MG,32.311614,-86.510633,MG,0.0,0.0,2,2000,0,0,0,0,2,0
CF,XAWTE,32.305269,-86.441261,0,MG,0.0,0.0,97.0,3.6,2,800,0,0,0,0,0,0
CF,RW10,32.302400,-86.409994,0,MG,0.0,0.0,97.0,1.6,1,283,0,0,0,0,3,0
CA,0,97.0,2,630,0,0,0,0,0,0
DF,MGM,32.222281,-86.319728,2, ,0.0,0.0,2,2000,0,0,0,0,0,0
HM,MGM,32.222281,-86.319728,2, ,0.0,0.0,318.0,04.3,0,0,0,0,0,0,0,0,0

APPTR,R03,03,RUNOE
HF,RUNOE,32.120478,-86.527103,2, ,0.0,0.0,34.0,04,2,3100,0,0,0,0,1,0,0

FINAL,R03,03,R,4
IF,RUNOE,32.120478,-86.527103, ,0.0,0.0,2,3100,0,0,0,0,0,0
TF,WINUT,32.218617,-86.452406,0, ,0.0,0.0,34.0,7.0,2,2000,0,0,0,0,2,0
TF,ZUNRO,32.273975,-86.410183,0, ,0.0,0.0,34.0,4.0,2,740,0,0,0,0,0,0
TF,RW03,32.294992,-86.394139,0, ,0.0,0.0,34.0,1.5,1,264,0,0,0,0,3,1
CA,0,34.0,2,900,0,0,0,0,0,0
DF,RUNOE,32.120478,-86.527103,2, ,0.0,0.0,2,3100,0,0,0,0,0,1
HM,RUNOE,32.120478,-86.527103,2, ,0.0,0.0,34.0,04,0,0,0,0,0,0,0,0,0

APPTR,R10,10,HEGAP
HF,HEGAP,32.323733,-86.651278,2, ,0.0,0.0,97.0,07,2,3100,0,0,0,0,1,0,0

FINAL,R10,10,R,4
IF,HEGAP,32.323733,-86.651278, ,0.0,0.0,2,3100,0,0,0,0,0,0
TF,GITEC,32.311858,-86.516294,0, ,0.0,0.0,97.0,6.9,2,2000,0,0,0,0,2,0
TF,COVUS,32.305019,-86.439314,0, ,0.0,0.0,97.0,3.9,2,740,0,0,0,0,0,0
TF,RW10,32.302400,-86.409994,0, ,0.0,0.0,97.0,1.5,1,269,0,0,0,0,3,1
CA,0,97.0,2,419,0,0,0,0,0,0
DF,ICOTE,32.277689,-86.136781,0, ,0.0,0.0,2,2600,0,0,0,0,0,1
HM,ICOTE,32.277689,-86.136781,1, ,0.0,0.0,277.0,07,0,0,0,0,0,0,0,0,0

APPTR,R28,28,ICOTE
HF,ICOTE,32.277689,-86.136781,1, ,0.0,0.0,277.0,07,2,2600,0,0,0,0,1,0,0

FINAL,R28,28,R,4
IF,ICOTE,32.277689,-86.136781, ,0.0,0.0,2,2600,0,0,0,0,0,0
TF,TEBOC,32.290139,-86.273578,0, ,0.0,0.0,277.0,7.0,2,2000,0,0,0,0,2,0
TF,WITBI,32.297175,-86.351647,0, ,0.0,0.0,277.0,4.0,2,720,0,0,0,0,0,0
TF,RW28,32.299803,-86.380964,0, ,0.0,0.0,277.0,1.5,1,252,0,0,0,0,3,1
CA,0,277.0,2,396,0,0,0,0,0,0
DF,HEGAP,32.323733,-86.651278,0, ,0.0,0.0,2,3100,0,0,0,0,0,1
HM,HEGAP,32.323733,-86.651278,2, ,0.0,0.0,97.0,07,0,0,0,0,0,0,0,0,0

APPTR,V03-A,03,MGM
IF,MGM,32.222281,-86.319728, ,0.0,0.0,4,6000,2000,0,0,0,0,0
PI,MGM,32.222281,-86.319728,2,MGM,93.0,10.0,138,5.0,2,2000,0,0,0,0,1,0
CF,MGM,32.222281,-86.319728,0,MGM,0.0,0.0,318.0,8.0,2,2000,0,0,0,0,0,0

APPTR,V03-A,03,NUMTE
IF,NUMTE,32.232653,-86.456725, ,0.0,0.0,0,0,0,0,0,0,1,0
AF,JOSOV,32.130833,-86.234097,1,MGM,138.4,7.0,272.0,2,2000,0,0,0,0,0,0
CF,MGM,32.222281,-86.319728,0,MGM,0.0,0.0,318.0,7.0,2,2000,0,0,0,0,0,0

APPTR,V03-A,03,PETOC
IF,PETOC,32.299817,-86.216756, ,0.0,0.0,0,0,0,0,0,0,1,0
AF,JOSOV,32.130833,-86.234097,2,MGM,138.4,7.0,45.0,2,2000,0,0,0,0,0,0
CF,MGM,32.222281,-86.319728,0,MGM,0.0,0.0,318.0,7.0,2,2000,0,0,0,0,0,0

APPTR,V03-A,03,SHADY
IF,SHADY,32.064569,-86.090989, ,0.0,0.0,0,0,0,0,0,0,1,0
TF,MGM,32.222281,-86.319728,0, ,0.0,0.0,0.0,0.0,2,2000,0,0,0,0,0,0

FINAL,V03-A,03,D,2
IF,MGM,32.222281,-86.319728,MGM,0.0,0.0,2,2000,0,0,0,0,2,0
CF,ZONLA,32.295006,-86.387997,0,MGM,318.4,5.6,318.0,5.6,1,800,0,0,0,0,3,1
DF,MGM,32.222281,-86.319728,1, ,0.0,0.0,2,2000,0,0,0,0,0,0
HM,MGM,32.222281,-86.319728,2, ,0.0,0.0,318.0,04.3,0,0,0,0,0,0,0,0,0

APPTR,V10-A,10,MGM
IF,MGM,32.222281,-86.319728, ,0.0,0.0,4,6000,2000,0,0,0,0,0
PI,MGM,32.222281,-86.319728,2,MGM,93.0,10.0,138,5.0,2,2000,0,0,0,0,1,0
CF,MGM,32.222281,-86.319728,0,MGM,0.0,0.0,318.0,8.0,2,2000,0,0,0,0,0,0

APPTR,V10-A,10,NUMTE
IF,NUMTE,32.232653,-86.456725, ,0.0,0.0,0,0,0,0,0,0,1,0
AF,JOSOV,32.130833,-86.234097,1,MGM,138.4,7.0,272.0,2,2000,0,0,0,0,0,0
CF,MGM,32.222281,-86.319728,0,MGM,0.0,0.0,318.0,7.0,2,2000,0,0,0,0,0,0

APPTR,V10-A,10,PETOC
IF,PETOC,32.299817,-86.216756, ,0.0,0.0,0,0,0,0,0,0,1,0
AF,JOSOV,32.130833,-86.234097,2,MGM,138.4,7.0,45.0,2,2000,0,0,0,0,0,0
CF,MGM,32.222281,-86.319728,0,MGM,0.0,0.0,318.0,7.0,2,2000,0,0,0,0,0,0

APPTR,V10-A,10,SHADY
IF,SHADY,32.064569,-86.090989, ,0.0,0.0,0,0,0,0,0,0,1,0
TF,MGM,32.222281,-86.319728,0, ,0.0,0.0,0.0,0.0,2,2000,0,0,0,0,0,0

FINAL,V10-A,10,D,2
IF,MGM,32.222281,-86.319728,MGM,0.0,0.0,2,2000,0,0,0,0,2,0
CF,ZONLA,32.295006,-86.387997,0,MGM,318.4,5.6,318.0,5.6,1,800,0,0,0,0,3,1
DF,MGM,32.222281,-86.319728,1, ,0.0,0.0,2,2000,0,0,0,0,0,0
HM,MGM,32.222281,-86.319728,2, ,0.0,0.0,318.0,04.3,0,0,0,0,0,0,0,0,0

APPTR,V21-A,21,MGM
IF,MGM,32.222281,-86.319728, ,0.0,0.0,4,6000,2000,0,0,0,0,0
PI,MGM,32.222281,-86.319728,2,MGM,93.0,10.0,138,5.0,2,2000,0,0,0,0,1,0
CF,MGM,32.222281,-86.319728,0,MGM,0.0,0.0,318.0,8.0,2,2000,0,0,0,0,0,0

APPTR,V21-A,21,NUMTE
IF,NUMTE,32.232653,-86.456725, ,0.0,0.0,0,0,0,0,0,0,1,0
AF,JOSOV,32.130833,-86.234097,1,MGM,138.4,7.0,272.0,2,2000,0,0,0,0,0,0
CF,MGM,32.222281,-86.319728,0,MGM,0.0,0.0,318.0,7.0,2,2000,0,0,0,0,0,0

APPTR,V21-A,21,PETOC
IF,PETOC,32.299817,-86.216756, ,0.0,0.0,0,0,0,0,0,0,1,0
AF,JOSOV,32.130833,-86.234097,2,MGM,138.4,7.0,45.0,2,2000,0,0,0,0,0,0
CF,MGM,32.222281,-86.319728,0,MGM,0.0,0.0,318.0,7.0,2,2000,0,0,0,0,0,0

APPTR,V21-A,21,SHADY
IF,SHADY,32.064569,-86.090989, ,0.0,0.0,0,0,0,0,0,0,1,0
TF,MGM,32.222281,-86.319728,0, ,0.0,0.0,0.0,0.0,2,2000,0,0,0,0,0,0

FINAL,V21-A,21,D,2
IF,MGM,32.222281,-86.319728,MGM,0.0,0.0,2,2000,0,0,0,0,2,0
CF,ZONLA,32.295006,-86.387997,0,MGM,318.4,5.6,318.0,5.6,1,800,0,0,0,0,3,1
DF,MGM,32.222281,-86.319728,1, ,0.0,0.0,2,2000,0,0,0,0,0,0
HM,MGM,32.222281,-86.319728,2, ,0.0,0.0,318.0,04.3,0,0,0,0,0,0,0,0,0

APPTR,V28-A,28,MGM
IF,MGM,32.222281,-86.319728, ,0.0,0.0,4,6000,2000,0,0,0,0,0
PI,MGM,32.222281,-86.319728,2,MGM,93.0,10.0,138,5.0,2,2000,0,0,0,0,1,0
CF,MGM,32.222281,-86.319728,0,MGM,0.0,0.0,318.0,8.0,2,2000,0,0,0,0,0,0

APPTR,V28-A,28,NUMTE
IF,NUMTE,32.232653,-86.456725, ,0.0,0.0,0,0,0,0,0,0,1,0
AF,JOSOV,32.130833,-86.234097,1,MGM,138.4,7.0,272.0,2,2000,0,0,0,0,0,0
CF,MGM,32.222281,-86.319728,0,MGM,0.0,0.0,318.0,7.0,2,2000,0,0,0,0,0,0

APPTR,V28-A,28,PETOC
IF,PETOC,32.299817,-86.216756, ,0.0,0.0,0,0,0,0,0,0,1,0
AF,JOSOV,32.130833,-86.234097,2,MGM,138.4,7.0,45.0,2,2000,0,0,0,0,0,0
CF,MGM,32.222281,-86.319728,0,MGM,0.0,0.0,318.0,7.0,2,2000,0,0,0,0,0,0

APPTR,V28-A,28,SHADY
IF,SHADY,32.064569,-86.090989, ,0.0,0.0,0,0,0,0,0,0,1,0
TF,MGM,32.222281,-86.319728,0, ,0.0,0.0,0.0,0.0,2,2000,0,0,0,0,0,0

FINAL,V28-A,28,D,2
IF,MGM,32.222281,-86.319728,MGM,0.0,0.0,2,2000,0,0,0,0,2,0
CF,ZONLA,32.295006,-86.387997,0,MGM,318.4,5.6,318.0,5.6,1,800,0,0,0,0,3,1
DF,MGM,32.222281,-86.319728,1, ,0.0,0.0,2,2000,0,0,0,0,0,0
HM,MGM,32.222281,-86.319728,2, ,0.0,0.0,318.0,04.3,0,0,0,0,0,0,0,0,0

