APPTR,I32,32,MIE
IF,MIE,40.237292,-85.394036, ,0.0,0.0,0,0,0,0,0,0,0,0
TF,BALLL,40.180908,-85.320858,0, ,0.0,0.0,0.0,0.0,2,2900,0,0,0,0,0,0
PI,BALLL,40.180908,-85.320858,2,MIE,94.0,10.0,139,5.0,2,2900,0,0,0,0,1,0

FINAL,I32,32,I,3
IF,CFVFZ,40.108658,-85.230625,IJNK,139.1,11.9,2,2500,0,0,0,0,0,0
CF,BALLL,40.180908,-85.320858,0,IJNK,139.1,5.9,319.0,6.0,1,2462,0,0,0,0,2,0
CF,RW32,40.235869,-85.389761,0,IJNK,139.1,1.3,319.0,4.6,1,988,0,0,0,0,3,0
CA,0,319.0,2,1460,0,0,0,0,0,0
DF,BALLL,40.180908,-85.320858,2, ,0.0,0.0,2,2900,0,0,0,0,0,0
HM,BALLL,40.180908,-85.320858,2, ,0.0,0.0,319.0,04.3,0,0,0,0,0,0,0,0,0

APPTR,R03,03,APPAL
HF,APPAL,40.040978,-85.498361,2, ,0.0,0.0,25.0,04,2,2800,0,0,0,0,1,0,0

FINAL,R03,03,R,4
IF,APPAL,40.040978,-85.498361, ,0.0,0.0,2,2800,0,0,0,0,0,0
TF,CESUD,40.157128,-85.437878,0, ,0.0,0.0,25.0,7.5,2,2600,0,0,0,0,2,0
TF,HABIP,40.203564,-85.413603,0, ,0.0,0.0,25.0,3.0,2,1640,0,0,0,0,0,0
TF,RW03,40.236075,-85.396603,0, ,0.0,0.0,25.0,2.1,1,976,0,0,0,0,3,1
CA,0,25.0,2,1190,0,0,0,0,0,0
DF,IFECA,40.436983,-85.291114,0, ,0.0,0.0,2,2800,0,0,0,0,0,1
HM,IFECA,40.436983,-85.291114,2, ,0.0,0.0,205.0,04,0,0,0,0,0,0,0,0,0

APPTR,R14,14,MIE
IF,MIE,40.237292,-85.394036, ,0.0,0.0,0,0,0,0,0,0,0,0
TF,JOGBA,40.377331,-85.567867,0, ,0.0,0.0,0.0,0.0,2,2800,0,0,0,0,0,0
HF,JOGBA,40.377331,-85.567867,2, ,0.0,0.0,139.0,05,2,2800,0,0,0,0,1,0,0

APPTR,R14,14,MZZ
IF,MZZ,40.493331,-85.679250, ,0.0,0.0,0,0,0,0,0,0,1,0
TF,JOGBA,40.377331,-85.567867,0, ,0.0,0.0,0.0,0.0,2,2800,0,0,0,0,1,0

FINAL,R14,14,R,3
IF,JOGBA,40.377331,-85.567867, ,0.0,0.0,2,2800,0,0,0,0,0,0
TF,HIXAG,40.305314,-85.477061,0, ,0.0,0.0,139.0,6.0,2,2500,0,0,0,0,2,0
TF,RW14,40.248725,-85.405903,0, ,0.0,0.0,139.0,4.7,1,979,0,0,0,0,3,1
CA,0,139.0,2,1202,0,0,0,0,0,0
DF,CITUK,40.103681,-85.224308,0, ,0.0,0.0,2,2900,0,0,0,0,0,1
HM,CITUK,40.103681,-85.224308,2, ,0.0,0.0,319.0,05,0,0,0,0,0,0,0,0,0

APPTR,R21,21,MIE
IF,MIE,40.237292,-85.394036, ,0.0,0.0,0,0,0,0,0,0,0,0
TF,IFECA,40.436983,-85.291114,0, ,0.0,0.0,0.0,0.0,2,2800,0,0,0,0,0,1
HF,IFECA,40.436983,-85.291114,2, ,0.0,0.0,205.0,04,2,2800,0,0,0,0,1,0,0

APPTR,R21,21,NOMPE
IF,NOMPE,40.483589,-85.443089, ,0.0,0.0,0,0,0,0,0,0,1,0
TF,IFECA,40.436983,-85.291114,0, ,0.0,0.0,0.0,0.0,2,2800,0,0,0,0,1,0

APPTR,R21,21,UHZAW
IF,UHZAW,40.390181,-85.139353, ,0.0,0.0,0,0,0,0,0,0,1,0
TF,IFECA,40.436983,-85.291114,0, ,0.0,0.0,0.0,0.0,2,2800,0,0,0,0,1,0

FINAL,R21,21,R,3
IF,IFECA,40.436983,-85.291114, ,0.0,0.0,2,2800,0,0,0,0,0,0
TF,CIKEP,40.328047,-85.348397,0, ,0.0,0.0,205.0,7.0,2,2600,0,0,0,0,2,0
TF,RW21,40.249317,-85.389672,0, ,0.0,0.0,205.0,5.1,1,980,0,0,0,0,3,1
CA,0,205.0,2,1195,0,0,0,0,0,0
DF,APPAL,40.040978,-85.498361,0, ,0.0,0.0,2,2800,0,0,0,0,0,1
HM,APPAL,40.040978,-85.498361,2, ,0.0,0.0,25.0,04,0,0,0,0,0,0,0,0,0

APPTR,R32,32,MIE
IF,MIE,40.237292,-85.394036, ,0.0,0.0,0,0,0,0,0,0,0,0
TF,CITUK,40.103681,-85.224308,0, ,0.0,0.0,0.0,0.0,2,2900,0,0,0,0,0,0
HF,CITUK,40.103681,-85.224308,2, ,0.0,0.0,319.0,05,2,2900,0,0,0,0,1,0,0

APPTR,R32,32,WAMBO
IF,WAMBO,40.057417,-85.185678, ,0.0,0.0,0,0,0,0,0,0,1,0
TF,CITUK,40.103681,-85.224308,0, ,0.0,0.0,0.0,0.0,2,2900,0,0,0,0,1,0

FINAL,R32,32,R,3
IF,CITUK,40.103681,-85.224308, ,0.0,0.0,2,2900,0,0,0,0,0,0
TF,PEYIV,40.175894,-85.314581,0, ,0.0,0.0,319.0,6.0,2,2600,0,0,0,0,2,0
TF,RW32,40.235869,-85.389761,0, ,0.0,0.0,319.0,5.0,1,988,0,0,0,0,3,1
CA,0,319.0,2,1241,0,0,0,0,0,0
DF,JOGBA,40.377331,-85.567867,0, ,0.0,0.0,2,2800,0,0,0,0,0,1
HM,JOGBA,40.377331,-85.567867,2, ,0.0,0.0,139.0,05,0,0,0,0,0,0,0,0,0

APPTR,S14,14,MIE
PI,MIE,40.237292,-85.394036,2,MIE,278.0,10.0,323,5.0,2,2500,0,0,0,0,1,0
CF,FF14,40.309456,-85.473158,0,MIE,323.0,5.7,143.0,4.3,2,2500,0,0,0,0,0,0

FINAL,S14,14,D,3
IF,FF14,40.309456,-85.473158,MIE,323.0,5.7,2,2500,0,0,0,0,2,0
CF,BOHUW,40.274339,-85.434628,0,MIE,323.0,2.9,143.0,2.8,2,1480,0,0,0,0,0,0
CF,RW14,40.248725,-85.405903,0,MIE,324.5,0.9,143.0,2.0,1,979,0,0,0,0,3,0
CF,MIE,40.237292,-85.394036,0,MIE,0.0,0.0,143.0,0.9,2,1337,0,0,0,0,0,0
CA,0,143.0,2,2600,0,0,0,0,0,0
DF,MIE,40.237292,-85.394036,1, ,0.0,0.0,0,0,0,0,0,0,0,0
HM,MIE,40.237292,-85.394036,2, ,0.0,0.0,143.0,04.3,0,0,0,0,0,0,0,0,0

APPTR,S21,21,MIE
PI,MIE,40.237292,-85.394036,2,MIE,336.0,10.0,021,5.0,2,2500,0,0,0,0,1,0
CF,FF20,40.325108,-85.356753,0,MIE,21.0,5.5,201.0,4.5,2,2500,0,0,0,0,0,0

FINAL,S21,21,D,3
IF,FF20,40.325108,-85.356753,MIE,21.0,5.5,2,2500,0,0,0,0,2,0
CF,DUNKI,40.284864,-85.373792,0,MIE,21.1,3.0,201.0,2.5,2,1500,0,0,0,0,0,0
CF,RW21,40.249317,-85.389672,0,MIE,18.6,0.8,201.0,2.3,1,975,0,0,0,0,3,0
CF,MIE,40.237292,-85.394036,0,MIE,0.0,0.0,201.0,0.8,0,0,0,0,0,0,0,0
CA,0,201.0,2,2200,0,0,0,0,0,0
DF,MIE,40.237292,-85.394036,1, ,0.0,0.0,2,2600,0,0,0,0,0,0
HM,MIE,40.237292,-85.394036,2, ,0.0,0.0,201.0,04.3,0,0,0,0,0,0,0,0,0

