APPTR,R18-Y,18,CIQYI
HF,CIQYI,30.694336,-89.650861,1, ,0.0,0.0,179.0,04,2,1800,0,0,0,0,1,0,0

FINAL,R18-Y,18,R,4
IF,CIQYI,30.694336,-89.650861, ,0.0,0.0,2,1800,0,0,0,0,0,0
TF,ASAGE,30.584008,-89.651039,0, ,0.0,0.0,179.0,6.6,2,1800,0,0,0,0,2,0
TF,HAPAV,30.544472,-89.651103,0, ,0.0,0.0,179.0,2.4,2,1040,0,0,0,0,0,0
TF,XOPXY,30.502711,-89.651169,0, ,0.0,0.0,179.0,2.5,1,251,0,0,0,0,3,1
CA,0,179.0,2,500,0,0,0,0,0,0
DF,CIQYI,30.694336,-89.650861,2, ,0.0,0.0,2,1800,0,1,185,0,0,1
HM,CIQYI,30.694336,-89.650861,1, ,0.0,0.0,179.0,04,0,0,0,0,0,0,0,0,0

APPTR,R18-Z,18,CIQYI
HF,CIQYI,30.694336,-89.650861,1, ,0.0,0.0,179.0,04,2,1800,0,0,0,0,1,0,0

FINAL,R18-Z,18,R,4
IF,CIQYI,30.694336,-89.650861, ,0.0,0.0,2,1800,0,0,0,0,0,0
TF,ASAGE,30.584008,-89.651039,0, ,0.0,0.0,179.0,6.6,2,1800,0,0,0,0,2,0
TF,HAPAV,30.544472,-89.651103,0, ,0.0,0.0,179.0,2.4,2,1040,0,0,0,0,0,0
TF,RW18,30.494356,-89.651183,0, ,0.0,0.0,179.0,3.0,1,91,0,0,0,0,3,1
CA,0,179.0,2,1200,0,0,0,0,0,0
DF,CIQYI,30.694336,-89.650861,2, ,0.0,0.0,2,1800,0,0,0,0,0,1
HM,CIQYI,30.694336,-89.650861,1, ,0.0,0.0,179.0,04,0,0,0,0,0,0,0,0,0

APPTR,R36,36,WISKO
HF,WISKO,30.255083,-89.651567,2, ,0.0,0.0,359.0,04,2,2000,0,0,0,0,1,0,0

FINAL,R36,36,R,4
IF,WISKO,30.255083,-89.651567, ,0.0,0.0,2,2000,0,0,0,0,0,0
TF,ZIBAX,30.380500,-89.651367,0, ,0.0,0.0,359.0,7.5,2,2000,0,0,0,0,2,0
TF,BUNVE,30.425486,-89.651294,0, ,0.0,0.0,359.0,2.7,2,1140,0,0,0,0,0,0
TF,RW36,30.480614,-89.651206,0, ,0.0,0.0,359.0,3.3,1,92,0,0,0,0,3,1
CA,0,359.0,2,304,0,0,0,0,0,0
DF,CIQYI,30.694336,-89.650861,0, ,0.0,0.0,2,1800,0,0,0,0,0,1
HM,CIQYI,30.694336,-89.650861,1, ,0.0,0.0,179.0,04,0,0,0,0,0,0,0,0,0

APPTR,V18-A,18,PCU
PI,PCU,30.561167,-89.730489,2,PCU,264.0,10.0,309,5.0,2,1900,0,0,0,0,1,0
CF,PCU,30.561167,-89.730489,0,PCU,0.0,0.0,129.0,8.0,2,1900,0,0,0,0,0,0

FINAL,V18-A,18,D,2
IF,PCU,30.561167,-89.730489,PCU,0.0,0.0,2,1900,0,0,0,0,2,0
CF,XUJGY,30.500236,-89.658156,0,PCU,129.2,5.2,129.0,5.2,1,580,0,0,0,0,3,1
DF,PCU,30.561167,-89.730489,1, ,0.0,0.0,2,1900,0,0,0,0,0,0
HM,PCU,30.561167,-89.730489,2, ,0.0,0.0,129.0,04.3,0,0,0,0,0,0,0,0,0

APPTR,V36-A,36,PCU
PI,PCU,30.561167,-89.730489,2,PCU,264.0,10.0,309,5.0,2,1900,0,0,0,0,1,0
CF,PCU,30.561167,-89.730489,0,PCU,0.0,0.0,129.0,8.0,2,1900,0,0,0,0,0,0

FINAL,V36-A,36,D,2
IF,PCU,30.561167,-89.730489,PCU,0.0,0.0,2,1900,0,0,0,0,2,0
CF,XUJGY,30.500236,-89.658156,0,PCU,129.2,5.2,129.0,5.2,1,580,0,0,0,0,3,1
DF,PCU,30.561167,-89.730489,1, ,0.0,0.0,2,1900,0,0,0,0,0,0
HM,PCU,30.561167,-89.730489,2, ,0.0,0.0,129.0,04.3,0,0,0,0,0,0,0,0,0

