APPTR,R09,09,JAXIL
HF,JAXIL,43.624486,-85.012286,2, ,0.0,0.0,96.0,04,2,2800,0,0,0,0,1,0,0

APPTR,R09,09,SILLA
IF,SILLA,43.707822,-85.010742, ,0.0,0.0,2,2900,0,0,0,0,1,0
TF,JAXIL,43.624486,-85.012286,0, ,0.0,0.0,0.0,0.0,2,2800,0,0,0,0,1,0

APPTR,R09,09,SSIMS
IF,SSIMS,43.541147,-85.013825, ,0.0,0.0,2,2800,0,0,0,0,1,0
TF,JAXIL,43.624486,-85.012286,0, ,0.0,0.0,0.0,0.0,2,2800,0,0,0,0,1,0

FINAL,R09,09,R,4
IF,JAXIL,43.624486,-85.012286, ,0.0,0.0,2,2800,0,0,0,0,0,0
TF,COPTI,43.623028,-84.872411,0, ,0.0,0.0,96.0,6.1,2,2600,0,0,0,0,2,0
TF,AWAVO,43.622197,-84.799372,0, ,0.0,0.0,96.0,3.2,2,1540,0,0,0,0,0,0
TF,RW09,43.621539,-84.744311,0, ,0.0,0.0,96.0,2.4,1,794,0,0,0,0,3,1
DF,GRUNI,43.617794,-84.464139,0, ,0.0,0.0,2,2800,0,0,0,0,0,1
HM,GRUNI,43.617794,-84.464139,2, ,0.0,0.0,276.0,04,0,0,0,0,0,0,0,0,0

APPTR,R27,27,ANUZA
IF,ANUZA,43.701122,-84.461833, ,0.0,0.0,2,2900,0,0,0,0,1,0
TF,GRUNI,43.617794,-84.464139,0, ,0.0,0.0,0.0,0.0,2,2800,0,0,0,0,1,0

APPTR,R27,27,FISOD
IF,FISOD,43.534467,-84.466439, ,0.0,0.0,2,2800,0,0,0,0,1,0
TF,GRUNI,43.617794,-84.464139,0, ,0.0,0.0,0.0,0.0,2,2800,0,0,0,0,1,0

APPTR,R27,27,GRUNI
HF,GRUNI,43.617794,-84.464139,2, ,0.0,0.0,276.0,04,2,2800,0,0,0,0,1,0,0

FINAL,R27,27,R,3
IF,GRUNI,43.617794,-84.464139, ,0.0,0.0,2,2800,0,0,0,0,0,0
TF,DIZNO,43.619747,-84.603750,0, ,0.0,0.0,276.0,6.1,2,2500,0,0,0,0,2,0
TF,RW27,43.621308,-84.725431,0, ,0.0,0.0,276.0,5.3,1,789,0,0,0,0,3,1
DF,COPTI,43.623028,-84.872411,0, ,0.0,0.0,0,0,0,0,0,0,0,0
TF,INDAF,43.496364,-84.875631,0, ,0.0,0.0,0.0,0.0,0,0,0,0,0,0,0,0
TF,ELMME,43.415639,-84.728117,0, ,0.0,0.0,0.0,0.0,2,3000,0,0,0,0,0,1
HM,ELMME,43.415639,-84.728117,1, ,0.0,0.0,79.0,04,0,0,0,0,0,0,0,0,0

APPTR,S27,27,MOP
PI,MOP,43.622825,-84.737267,2,MOP,59.0,10.0,104,5.0,2,2400,0,0,0,0,1,0
CF,FF27,43.608286,-84.611556,0,MOP,104.0,5.6,284.0,4.4,2,2400,0,0,0,0,0,0

FINAL,S27,27,D,2
IF,FF27,43.608286,-84.611556,MOP,104.0,5.6,2,2400,0,0,0,0,2,0
CF,RW27,43.621308,-84.725431,0,MOP,105.0,0.5,284.0,5.0,1,802,0,0,0,0,3,0
CF,MOP,43.622825,-84.737267,0,MOP,0.0,0.0,284.0,0.5,0,0,0,0,0,0,0,0
CA,0,284.0,2,2400,0,0,0,0,0,0
DF,MOP,43.622825,-84.737267,2, ,0.0,0.0,0,0,0,0,0,0,0,0
HM,MOP,43.622825,-84.737267,2, ,0.0,0.0,284.0,04.3,0,0,0,0,0,0,0,0,0

