APPTR,R03,03,EWN
IF,EWN,35.073142,-77.045064, ,0.0,0.0,0,0,0,0,0,0,0,0
TF,JIDON,34.592208,-76.739208,0, ,0.0,0.0,0.0,0.0,2,3000,0,0,0,0,0,1
HF,JIDON,34.592208,-76.739208,2, ,0.0,0.0,33.0,04,2,1800,0,0,0,0,1,0,0

FINAL,R03,03,R,3
IF,JIDON,34.592208,-76.739208, ,0.0,0.0,2,1800,0,0,0,0,0,0
TF,WOVIP,34.684469,-76.686497,0, ,0.0,0.0,33.0,6.1,2,1000,0,0,0,0,2,0
TF,RW03,34.729603,-76.660681,0, ,0.0,0.0,33.0,3.0,1,48,0,0,0,0,3,1
CA,0,33.0,2,600,0,0,0,0,0,0
DF,EWN,35.073142,-77.045064,0, ,0.0,0.0,2,3000,0,0,0,0,0,1
HM,EWN,35.073142,-77.045064,2, ,0.0,0.0,226.0,04,0,0,0,0,0,0,0,0,0

APPTR,R08,08,EWN
IF,EWN,35.073142,-77.045064, ,0.0,0.0,0,0,0,0,0,0,0,0
TF,WAPDI,34.812325,-76.917119,0, ,0.0,0.0,0.0,0.0,2,3000,0,0,0,0,1,0
TF,ITOLE,34.673114,-76.848642,0, ,0.0,0.0,0.0,0.0,2,1800,0,0,0,0,1,0

FINAL,R08,08,R,3
IF,ITOLE,34.673114,-76.848642, ,0.0,0.0,2,1800,0,0,0,0,0,0
TF,CIBAG,34.714503,-76.724900,0, ,0.0,0.0,76.0,6.6,2,1000,0,0,0,0,2,0
TF,RW08,34.733131,-76.669064,0, ,0.0,0.0,76.0,3.0,1,52,0,0,0,0,3,1
CA,0,76.0,2,600,0,0,0,0,0,0
DF,EWN,35.073142,-77.045064,1, ,0.0,0.0,2,3000,0,0,0,0,0,1
HM,EWN,35.073142,-77.045064,2, ,0.0,0.0,226.0,04,0,0,0,0,0,0,0,0,0

APPTR,R14,14,EWN
IF,EWN,35.073142,-77.045064, ,0.0,0.0,0,0,0,0,0,0,1,0
TF,ULVAQ,34.858883,-76.827872,0, ,0.0,0.0,0.0,0.0,2,3100,0,0,0,0,1,0

FINAL,R14,14,R,4
IF,ULVAQ,34.858883,-76.827872, ,0.0,0.0,2,3100,0,0,0,0,0,0
TF,ISUJU,34.791247,-76.738278,0, ,0.0,0.0,140.0,6.0,2,1600,0,0,0,0,2,0
TF,CUMTO,34.753117,-76.687872,0, ,0.0,0.0,141.0,3.4,2,520,0,0,0,0,0,0
TF,RW14,34.736189,-76.665517,0, ,0.0,0.0,141.0,1.5,1,46,0,0,0,0,3,1
CA,0,141.0,2,360,0,0,0,0,0,0
DF,LAVTE,34.628083,-76.523175,0, ,0.0,0.0,2,2300,0,0,0,0,0,1
HM,LAVTE,34.628083,-76.523175,2, ,0.0,0.0,321.0,06,0,0,0,0,0,0,0,0,0

APPTR,R21,21,EWN
IF,EWN,35.073142,-77.045064, ,0.0,0.0,0,0,0,0,0,0,0,0
TF,RIXOE,34.915464,-76.688539,0, ,0.0,0.0,0.0,0.0,2,3000,0,0,0,0,1,0
TF,PEPKE,34.872628,-76.578647,0, ,0.0,0.0,0.0,0.0,2,1800,0,0,0,0,1,0

FINAL,R21,21,R,3
IF,PEPKE,34.872628,-76.578647, ,0.0,0.0,2,1800,0,0,0,0,0,0
TF,HOPEM,34.781753,-76.630822,0, ,0.0,0.0,213.0,6.0,2,1000,0,0,0,0,2,0
TF,RW21,34.736592,-76.656686,0, ,0.0,0.0,213.0,3.0,1,47,0,0,0,0,3,1
CA,0,213.0,2,500,0,0,0,0,0,0
DF,EWN,35.073142,-77.045064,2, ,0.0,0.0,2,3000,0,0,0,0,0,1
HM,EWN,35.073142,-77.045064,2, ,0.0,0.0,226.0,04,0,0,0,0,0,0,0,0,0

APPTR,R26,26,EWN
IF,EWN,35.073142,-77.045064, ,0.0,0.0,0,0,0,0,0,0,0,0
TF,CIGOR,34.794003,-76.485797,0, ,0.0,0.0,0.0,0.0,2,3000,0,0,0,0,0,1
HF,CIGOR,34.794003,-76.485797,1, ,0.0,0.0,256.0,04,2,1900,0,0,0,0,1,0,0

FINAL,R26,26,R,3
IF,CIGOR,34.794003,-76.485797, ,0.0,0.0,2,1900,0,0,0,0,0,0
TF,MOKEY,34.756564,-76.598617,0, ,0.0,0.0,256.0,6.0,2,1000,0,0,0,0,2,0
TF,RW26,34.737975,-76.654517,0, ,0.0,0.0,256.0,3.0,1,51,0,0,0,0,3,1
CA,0,256.0,2,500,0,0,0,0,0,0
DF,EWN,35.073142,-77.045064,2, ,0.0,0.0,2,3000,0,0,0,0,0,1
HM,EWN,35.073142,-77.045064,2, ,0.0,0.0,226.0,04,0,0,0,0,0,0,0,0,0

APPTR,R32,32,EWN
IF,EWN,35.073142,-77.045064, ,0.0,0.0,0,0,0,0,0,0,0,0
TF,LAVTE,34.628083,-76.523175,0, ,0.0,0.0,0.0,0.0,2,3000,0,0,0,0,0,1
HF,LAVTE,34.628083,-76.523175,2, ,0.0,0.0,321.0,06,2,2300,0,0,0,0,1,0,0

FINAL,R32,32,R,3
IF,LAVTE,34.628083,-76.523175, ,0.0,0.0,2,2300,0,0,0,0,0,0
TF,EXAVE,34.695953,-76.612467,0, ,0.0,0.0,321.0,6.0,2,1000,0,0,0,0,2,0
TF,RW32,34.729667,-76.656911,0, ,0.0,0.0,321.0,3.0,1,50,0,0,0,0,3,1
CA,0,321.0,2,380,0,0,0,0,0,0
DF,ISUJU,34.791247,-76.738278,0, ,0.0,0.0,0,0,0,0,0,0,0,0
TF,EWN,35.073142,-77.045064,0, ,0.0,0.0,0.0,0.0,2,3000,0,0,0,0,0,1
HM,EWN,35.073142,-77.045064,2, ,0.0,0.0,226.0,06,0,0,0,0,0,0,0,0,0

