SID,COULT6,04,1
VM,0,0,0,45.0,0,0,0,0,0,0,0,0
CF,TAXEE,44.702581,-92.492656,0,GEP,119.0,46.0,119.0,33.0,0,0,0,0,0,0,0,0

SID,COULT6,12L,1
VM,0,0,0,121.0,0,0,0,0,0,0,0,0
CF,TAXEE,44.702581,-92.492656,0,GEP,119.0,46.0,119.0,31.0,0,0,0,0,0,0,0,0

SID,COULT6,12R,1
VM,0,0,0,121.0,0,0,0,0,0,0,0,0
CF,TAXEE,44.702581,-92.492656,0,GEP,119.0,46.0,119.0,31.0,0,0,0,0,0,0,0,0

SID,COULT6,17,1
VM,0,0,0,170.0,0,0,0,0,0,0,0,0
CF,TAXEE,44.702581,-92.492656,0,GEP,119.0,46.0,119.0,31.0,0,0,0,0,0,0,0,0

SID,COULT6,22,1
VM,0,0,0,225.0,0,0,0,0,0,0,0,0
CF,TAXEE,44.702581,-92.492656,0,GEP,119.0,46.0,119.0,33.0,0,0,0,0,0,0,0,0

SID,COULT6,30L,1
VM,0,0,0,301.0,0,0,0,0,0,0,0,0
CF,TAXEE,44.702581,-92.492656,0,GEP,119.0,46.0,119.0,35.0,0,0,0,0,0,0,0,0

SID,COULT6,30R,1
VM,0,0,0,301.0,0,0,0,0,0,0,0,0
CF,TAXEE,44.702581,-92.492656,0,GEP,119.0,46.0,119.0,35.0,0,0,0,0,0,0,0,0

SID,COULT6,35,1
VM,0,0,0,350.0,0,0,0,0,0,0,0,0
CF,TAXEE,44.702581,-92.492656,0,GEP,119.0,46.0,119.0,35.0,0,0,0,0,0,0,0,0

SID,COULT6,ALL,2
IF,TAXEE,44.702581,-92.492656, ,0.0,0.0,0,0,0,0,0,0,0,0
TF,COULT,44.556625,-92.208439,0, ,0.0,0.0,0.0,0.0,0,0,0,0,0,0,0,0

SID,COULT6,DLL,3
IF,COULT,44.556625,-92.208439, ,0.0,0.0,0,0,0,0,0,0,0,0
TF,LMFRY,44.370731,-91.850469,0, ,0.0,0.0,0.0,0.0,0,0,0,0,0,0,0,0
TF,DLL,43.550833,-89.763622,0, ,0.0,0.0,0.0,0.0,0,0,0,0,0,0,0,0

SID,DWN6,04,1
VM,0,0,0,45.0,0,0,0,0,0,0,0,0
CF,INUNE,45.016775,-93.992325,0,MSP,280.9,33.0,281.0,30.0,0,0,0,0,0,0,0,0

SID,DWN6,12L,1
VM,0,0,0,121.0,0,0,0,0,0,0,0,0
CF,INUNE,45.016775,-93.992325,0,MSP,280.9,33.0,281.0,30.0,0,0,0,0,0,0,0,0

SID,DWN6,12R,1
VM,0,0,0,121.0,0,0,0,0,0,0,0,0
CF,INUNE,45.016775,-93.992325,0,MSP,280.9,33.0,281.0,30.0,0,0,0,0,0,0,0,0

SID,DWN6,17,1
VM,0,0,0,170.0,0,0,0,0,0,0,0,0
CF,INUNE,45.016775,-93.992325,0,MSP,280.9,33.0,281.0,30.0,0,0,0,0,0,0,0,0

SID,DWN6,22,1
VM,0,0,0,225.0,0,0,0,0,0,0,0,0
CF,INUNE,45.016775,-93.992325,0,MSP,280.9,33.0,281.0,30.0,0,0,0,0,0,0,0,0

SID,DWN6,30L,1
VM,0,0,0,301.0,0,0,0,0,0,0,0,0
CF,INUNE,45.016775,-93.992325,0,MSP,280.9,33.0,281.0,30.0,0,0,0,0,0,0,0,0

SID,DWN6,30R,1
VM,0,0,0,301.0,0,0,0,0,0,0,0,0
CF,INUNE,45.016775,-93.992325,0,MSP,280.9,33.0,281.0,30.0,0,0,0,0,0,0,0,0

SID,DWN6,35,1
VM,0,0,0,350.0,0,0,0,0,0,0,0,0
CF,INUNE,45.016775,-93.992325,0,MSP,280.9,33.0,281.0,30.0,0,0,0,0,0,0,0,0

SID,DWN6,ALL,2
IF,INUNE,45.016775,-93.992325, ,0.0,0.0,0,0,0,0,0,0,0,0
TF,DWN,45.087464,-94.453850,0, ,0.0,0.0,0.0,0.0,2,10000,0,0,0,0,0,0

SID,DWN6,ABR,3
IF,DWN,45.087464,-94.453850, ,0.0,0.0,2,10000,0,0,0,0,0,0
TF,ABR,45.417356,-98.368719,0, ,0.0,0.0,0.0,0.0,0,0,0,0,0,0,0,0

SID,HSTIN4,17,5
VI,0, ,0.0,170.0,0,0,0,0,0,0,0,0
CF,BDOGG,44.808800,-93.255200,0,MSP,186.6,5.3,217.0,1.9,0,0,0,0,0,0,0,0
TF,MNDEE,44.737458,-93.323478,0, ,0.0,0.0,0.0,0.0,4,7000,4000,0,0,0,0,0
TF,PRAMN,44.667561,-93.389753,0, ,0.0,0.0,0.0,0.0,0,0,0,0,0,0,0,0
TF,HITTL,44.582275,-93.463414,0, ,0.0,0.0,0.0,0.0,4,17000,8000,0,0,0,0,0
TF,NANCZ,44.414483,-93.607775,0, ,0.0,0.0,0.0,0.0,4,17000,11000,0,0,0,0,0
TF,HSTIN,44.002222,-93.961111,0, ,0.0,0.0,0.0,0.0,0,0,0,0,0,0,0,0

SID,HSTIN4,DABOY,6
IF,HSTIN,44.002222,-93.961111, ,0.0,0.0,0,0,0,0,0,0,0,0
TF,YUPER,43.192222,-94.140278,0, ,0.0,0.0,0.0,0.0,0,0,0,0,0,0,0,0
TF,DABOY,41.888625,-94.459519,0, ,0.0,0.0,0.0,0.0,0,0,0,0,0,0,0,0

SID,HSTIN4,ZZEEE,6
IF,HSTIN,44.002222,-93.961111, ,0.0,0.0,0,0,0,0,0,0,0,0
TF,BBERD,43.326389,-94.481389,0, ,0.0,0.0,0.0,0.0,0,0,0,0,0,0,0,0
TF,ZZEEE,42.105833,-95.403889,0, ,0.0,0.0,0.0,0.0,0,0,0,0,0,0,0,0

SID,KBREW9,04,1
VM,0,0,0,45.0,0,0,0,0,0,0,0,0
DF,GEP,45.145686,-93.373181,0, ,0.0,0.0,0,0,0,0,0,0,0,0

SID,KBREW9,12L,1
VM,0,0,0,121.0,0,0,0,0,0,0,0,0
DF,GEP,45.145686,-93.373181,0, ,0.0,0.0,0,0,0,0,0,0,0,0

SID,KBREW9,12R,1
VM,0,0,0,121.0,0,0,0,0,0,0,0,0
DF,GEP,45.145686,-93.373181,0, ,0.0,0.0,0,0,0,0,0,0,0,0

SID,KBREW9,17,1
VM,0,0,0,170.0,0,0,0,0,0,0,0,0
DF,GEP,45.145686,-93.373181,0, ,0.0,0.0,0,0,0,0,0,0,0,0

SID,KBREW9,22,1
VM,0,0,0,225.0,0,0,0,0,0,0,0,0
DF,GEP,45.145686,-93.373181,0, ,0.0,0.0,0,0,0,0,0,0,0,0

SID,KBREW9,30L,1
VM,0,0,0,301.0,0,0,0,0,0,0,0,0
DF,GEP,45.145686,-93.373181,0, ,0.0,0.0,0,0,0,0,0,0,0,0

SID,KBREW9,30R,1
VM,0,0,0,301.0,0,0,0,0,0,0,0,0
DF,GEP,45.145686,-93.373181,0, ,0.0,0.0,0,0,0,0,0,0,0,0

SID,KBREW9,35,1
VM,0,0,0,350.0,0,0,0,0,0,0,0,0
DF,GEP,45.145686,-93.373181,0, ,0.0,0.0,0,0,0,0,0,0,0,0

SID,KBREW9,ALL,2
IF,GEP,45.145686,-93.373181, ,0.0,0.0,0,0,0,0,0,0,0,0
TF,HRBEK,45.314531,-93.806992,0, ,0.0,0.0,0.0,0.0,0,0,0,0,0,0,0,0
TF,HOMUR,45.418211,-94.076806,0, ,0.0,0.0,0.0,0.0,0,0,0,0,0,0,0,0
TF,KBREW,45.584353,-94.514781,0, ,0.0,0.0,0.0,0.0,2,14000,0,0,0,0,0,0

SID,KBREW9,FAR,3
IF,KBREW,45.584353,-94.514781, ,0.0,0.0,2,14000,0,0,0,0,0,0
TF,FAR,46.753339,-96.851317,0, ,0.0,0.0,0.0,0.0,0,0,0,0,0,0,0,0

SID,LEINY6,04,4
VA,0,45.0,2,2100,0,0,0,0,0,0
VM,0,0,0,45.0,0,0,0,0,0,0,0,0
DF,TONCA,44.915994,-93.633753,0, ,0.0,0.0,0,0,0,0,0,0,0,0

SID,LEINY6,12L,4
VM,0,0,0,121.0,0,0,0,0,0,0,0,0
DF,TONCA,44.915994,-93.633753,0, ,0.0,0.0,0,0,0,0,0,0,0,0

SID,LEINY6,12R,4
VM,0,0,0,121.0,0,0,0,0,0,0,0,0
DF,TONCA,44.915994,-93.633753,0, ,0.0,0.0,0,0,0,0,0,0,0,0

SID,LEINY6,17,4
VM,0,0,0,170.0,0,0,0,0,0,0,0,0
DF,TONCA,44.915994,-93.633753,0, ,0.0,0.0,0,0,0,0,0,0,0,0

SID,LEINY6,22,4
VM,0,0,0,225.0,0,0,0,0,0,0,0,0
DF,TONCA,44.915994,-93.633753,0, ,0.0,0.0,0,0,0,0,0,0,0,0

SID,LEINY6,30L,4
VM,0,0,0,301.0,0,0,0,0,0,0,0,0
DF,TONCA,44.915994,-93.633753,0, ,0.0,0.0,0,0,0,0,0,0,0,0

SID,LEINY6,30R,4
VM,0,0,0,301.0,0,0,0,0,0,0,0,0
DF,TONCA,44.915994,-93.633753,0, ,0.0,0.0,0,0,0,0,0,0,0,0

SID,LEINY6,35,4
VM,0,0,0,350.0,0,0,0,0,0,0,0,0
DF,TONCA,44.915994,-93.633753,0, ,0.0,0.0,0,0,0,0,0,0,0,0

SID,LEINY6,ALL,5
IF,TONCA,44.915994,-93.633753, ,0.0,0.0,0,0,0,0,0,0,0,0
TF,BOTNE,44.934167,-94.025278,0, ,0.0,0.0,0.0,0.0,0,0,0,0,0,0,0,0
TF,KUUGL,44.948406,-94.354611,0, ,0.0,0.0,0.0,0.0,2,6000,0,0,0,0,0,0
TF,LEINY,45.037778,-97.611111,0, ,0.0,0.0,0.0,0.0,0,0,0,0,0,0,0,0

SID,MEDOW4,17,2
VA,0,170.0,2,1250,0,0,0,0,0,0
DF,HUSHH,44.838389,-93.229425,0, ,0.0,0.0,0,0,0,0,0,0,0,0
VM,0,0,0,245.0,0,0,0,0,0,0,0,0

SID,ORSKY1,04,1
VM,0,0,0,45.0,0,0,0,0,0,0,0,0
CF,JURNY,44.608650,-93.472369,0,MSP,208.4,20.0,208.0,23.0,0,0,0,0,0,0,0,0
TF,RUMLE,44.421281,-93.624417,0, ,0.0,0.0,0.0,0.0,0,0,0,0,0,0,0,0
TF,PEDLN,44.202661,-93.800389,0, ,0.0,0.0,0.0,0.0,0,0,0,0,0,0,0,0
TF,ORSKY,43.669758,-94.223033,0, ,0.0,0.0,0.0,0.0,0,0,0,0,0,0,0,0

SID,ORSKY1,12L,1
VM,0,0,0,121.0,0,0,0,0,0,0,0,0
CF,JURNY,44.608650,-93.472369,0,MSP,208.4,20.0,208.0,23.0,0,0,0,0,0,0,0,0
TF,RUMLE,44.421281,-93.624417,0, ,0.0,0.0,0.0,0.0,0,0,0,0,0,0,0,0
TF,PEDLN,44.202661,-93.800389,0, ,0.0,0.0,0.0,0.0,0,0,0,0,0,0,0,0
TF,ORSKY,43.669758,-94.223033,0, ,0.0,0.0,0.0,0.0,0,0,0,0,0,0,0,0

SID,ORSKY1,12R,1
VM,0,0,0,121.0,0,0,0,0,0,0,0,0
CF,JURNY,44.608650,-93.472369,0,MSP,208.4,20.0,208.0,23.0,0,0,0,0,0,0,0,0
TF,RUMLE,44.421281,-93.624417,0, ,0.0,0.0,0.0,0.0,0,0,0,0,0,0,0,0
TF,PEDLN,44.202661,-93.800389,0, ,0.0,0.0,0.0,0.0,0,0,0,0,0,0,0,0
TF,ORSKY,43.669758,-94.223033,0, ,0.0,0.0,0.0,0.0,0,0,0,0,0,0,0,0

SID,ORSKY1,17,1
VM,0,0,0,170.0,0,0,0,0,0,0,0,0
CF,JURNY,44.608650,-93.472369,0,MSP,208.4,20.0,208.0,23.0,0,0,0,0,0,0,0,0
TF,RUMLE,44.421281,-93.624417,0, ,0.0,0.0,0.0,0.0,0,0,0,0,0,0,0,0
TF,PEDLN,44.202661,-93.800389,0, ,0.0,0.0,0.0,0.0,0,0,0,0,0,0,0,0
TF,ORSKY,43.669758,-94.223033,0, ,0.0,0.0,0.0,0.0,0,0,0,0,0,0,0,0

SID,ORSKY1,22,1
VM,0,0,0,225.0,0,0,0,0,0,0,0,0
CF,JURNY,44.608650,-93.472369,0,MSP,208.4,20.0,208.0,23.0,0,0,0,0,0,0,0,0
TF,RUMLE,44.421281,-93.624417,0, ,0.0,0.0,0.0,0.0,0,0,0,0,0,0,0,0
TF,PEDLN,44.202661,-93.800389,0, ,0.0,0.0,0.0,0.0,0,0,0,0,0,0,0,0
TF,ORSKY,43.669758,-94.223033,0, ,0.0,0.0,0.0,0.0,0,0,0,0,0,0,0,0

SID,ORSKY1,30L,1
VM,0,0,0,301.0,0,0,0,0,0,0,0,0
CF,JURNY,44.608650,-93.472369,0,MSP,208.4,20.0,208.0,23.0,0,0,0,0,0,0,0,0
TF,RUMLE,44.421281,-93.624417,0, ,0.0,0.0,0.0,0.0,0,0,0,0,0,0,0,0
TF,PEDLN,44.202661,-93.800389,0, ,0.0,0.0,0.0,0.0,0,0,0,0,0,0,0,0
TF,ORSKY,43.669758,-94.223033,0, ,0.0,0.0,0.0,0.0,0,0,0,0,0,0,0,0

SID,ORSKY1,30R,1
VM,0,0,0,301.0,0,0,0,0,0,0,0,0
CF,JURNY,44.608650,-93.472369,0,MSP,208.4,20.0,208.0,23.0,0,0,0,0,0,0,0,0
TF,RUMLE,44.421281,-93.624417,0, ,0.0,0.0,0.0,0.0,0,0,0,0,0,0,0,0
TF,PEDLN,44.202661,-93.800389,0, ,0.0,0.0,0.0,0.0,0,0,0,0,0,0,0,0
TF,ORSKY,43.669758,-94.223033,0, ,0.0,0.0,0.0,0.0,0,0,0,0,0,0,0,0

SID,ORSKY1,35,1
VM,0,0,0,350.0,0,0,0,0,0,0,0,0
CF,JURNY,44.608650,-93.472369,0,MSP,208.4,20.0,208.0,23.0,0,0,0,0,0,0,0,0
TF,RUMLE,44.421281,-93.624417,0, ,0.0,0.0,0.0,0.0,0,0,0,0,0,0,0,0
TF,PEDLN,44.202661,-93.800389,0, ,0.0,0.0,0.0,0.0,0,0,0,0,0,0,0,0
TF,ORSKY,43.669758,-94.223033,0, ,0.0,0.0,0.0,0.0,0,0,0,0,0,0,0,0

SID,ORSKY1,FOD,3
IF,ORSKY,43.669758,-94.223033, ,0.0,0.0,0,0,0,0,0,0,0,0
TF,FOD,42.611125,-94.294817,0, ,0.0,0.0,0.0,0.0,0,0,0,0,0,0,0,0

SID,ORSKY1,OVR,3
IF,ORSKY,43.669758,-94.223033, ,0.0,0.0,0,0,0,0,0,0,0,0
TF,ONTIJ,43.297633,-94.512906,0, ,0.0,0.0,0.0,0.0,2,12000,0,0,0,0,0,0
TF,GOOLD,42.958586,-94.714178,0, ,0.0,0.0,0.0,0.0,0,0,0,0,0,0,0,0
TF,SIMJI,42.826008,-94.792028,0, ,0.0,0.0,0.0,0.0,0,0,0,0,0,0,0,0
TF,EYHUX,42.435561,-95.019381,0, ,0.0,0.0,0.0,0.0,0,0,0,0,0,0,0,0
TF,TODDO,41.842322,-95.358722,0, ,0.0,0.0,0.0,0.0,0,0,0,0,0,0,0,0
TF,OVR,41.167167,-95.736853,0, ,0.0,0.0,0.0,0.0,0,0,0,0,0,0,0,0

SID,RST9,04,1
VM,0,0,0,45.0,0,0,0,0,0,0,0,0
DF,FGT,44.630944,-93.182053,0, ,0.0,0.0,0,0,0,0,0,0,0,0

SID,RST9,12L,1
VM,0,0,0,121.0,0,0,0,0,0,0,0,0
DF,FGT,44.630944,-93.182053,0, ,0.0,0.0,0,0,0,0,0,0,0,0

SID,RST9,12R,1
VM,0,0,0,121.0,0,0,0,0,0,0,0,0
DF,FGT,44.630944,-93.182053,0, ,0.0,0.0,0,0,0,0,0,0,0,0

SID,RST9,17,1
VM,0,0,0,170.0,0,0,0,0,0,0,0,0
DF,FGT,44.630944,-93.182053,0, ,0.0,0.0,0,0,0,0,0,0,0,0

SID,RST9,22,1
VM,0,0,0,225.0,0,0,0,0,0,0,0,0
DF,FGT,44.630944,-93.182053,0, ,0.0,0.0,0,0,0,0,0,0,0,0

SID,RST9,30L,1
VM,0,0,0,301.0,0,0,0,0,0,0,0,0
DF,FGT,44.630944,-93.182053,0, ,0.0,0.0,0,0,0,0,0,0,0,0

SID,RST9,30R,1
VM,0,0,0,301.0,0,0,0,0,0,0,0,0
DF,FGT,44.630944,-93.182053,0, ,0.0,0.0,0,0,0,0,0,0,0,0

SID,RST9,35,1
VM,0,0,0,350.0,0,0,0,0,0,0,0,0
DF,FGT,44.630944,-93.182053,0, ,0.0,0.0,0,0,0,0,0,0,0,0

SID,RST9,ALL,2
IF,FGT,44.630944,-93.182053, ,0.0,0.0,0,0,0,0,0,0,0,0
TF,FOBUG,44.422211,-93.036294,0, ,0.0,0.0,0.0,0.0,2,4000,0,0,0,0,0,0
TF,DOKTR,44.258078,-92.922478,0, ,0.0,0.0,0.0,0.0,0,0,0,0,0,0,0,0
TF,CORDY,44.123717,-92.829781,0, ,0.0,0.0,0.0,0.0,0,0,0,0,0,0,0,0
TF,RST,43.782903,-92.596961,0, ,0.0,0.0,0.0,0.0,0,0,0,0,0,0,0,0

SID,RST9,ALO,3
IF,RST,43.782903,-92.596961, ,0.0,0.0,0,0,0,0,0,0,0,0
TF,ALO,42.556497,-92.398925,0, ,0.0,0.0,0.0,0.0,0,0,0,0,0,0,0,0

SID,SCHEP9,04,1
VM,0,0,0,45.0,0,0,0,0,0,0,0,0
CF,HUGIR,44.701206,-93.615900,0,MSP,232.3,20.0,232.0,23.0,0,0,0,0,0,0,0,0
TF,MCONL,44.583425,-93.842294,0, ,0.0,0.0,0.0,0.0,0,0,0,0,0,0,0,0
TF,ARREX,44.425731,-94.142775,0, ,0.0,0.0,0.0,0.0,2,3100,0,0,0,0,0,0
TF,SCHEP,44.247286,-94.478792,0, ,0.0,0.0,0.0,0.0,2,7000,0,0,0,0,0,0

SID,SCHEP9,12L,1
VM,0,0,0,121.0,0,0,0,0,0,0,0,0
CF,HUGIR,44.701206,-93.615900,0,MSP,232.3,20.0,232.0,23.0,0,0,0,0,0,0,0,0
TF,MCONL,44.583425,-93.842294,0, ,0.0,0.0,0.0,0.0,0,0,0,0,0,0,0,0
TF,ARREX,44.425731,-94.142775,0, ,0.0,0.0,0.0,0.0,2,3100,0,0,0,0,0,0
TF,SCHEP,44.247286,-94.478792,0, ,0.0,0.0,0.0,0.0,2,7000,0,0,0,0,0,0

SID,SCHEP9,12R,1
VM,0,0,0,121.0,0,0,0,0,0,0,0,0
CF,HUGIR,44.701206,-93.615900,0,MSP,232.3,20.0,232.0,23.0,0,0,0,0,0,0,0,0
TF,MCONL,44.583425,-93.842294,0, ,0.0,0.0,0.0,0.0,0,0,0,0,0,0,0,0
TF,ARREX,44.425731,-94.142775,0, ,0.0,0.0,0.0,0.0,2,3100,0,0,0,0,0,0
TF,SCHEP,44.247286,-94.478792,0, ,0.0,0.0,0.0,0.0,2,7000,0,0,0,0,0,0

SID,SCHEP9,17,1
VM,0,0,0,170.0,0,0,0,0,0,0,0,0
CF,HUGIR,44.701206,-93.615900,0,MSP,232.3,20.0,232.0,23.0,0,0,0,0,0,0,0,0
TF,MCONL,44.583425,-93.842294,0, ,0.0,0.0,0.0,0.0,0,0,0,0,0,0,0,0
TF,ARREX,44.425731,-94.142775,0, ,0.0,0.0,0.0,0.0,2,3100,0,0,0,0,0,0
TF,SCHEP,44.247286,-94.478792,0, ,0.0,0.0,0.0,0.0,2,7000,0,0,0,0,0,0

SID,SCHEP9,22,1
VM,0,0,0,225.0,0,0,0,0,0,0,0,0
CF,HUGIR,44.701206,-93.615900,0,MSP,232.3,20.0,232.0,23.0,0,0,0,0,0,0,0,0
TF,MCONL,44.583425,-93.842294,0, ,0.0,0.0,0.0,0.0,0,0,0,0,0,0,0,0
TF,ARREX,44.425731,-94.142775,0, ,0.0,0.0,0.0,0.0,2,3100,0,0,0,0,0,0
TF,SCHEP,44.247286,-94.478792,0, ,0.0,0.0,0.0,0.0,2,7000,0,0,0,0,0,0

SID,SCHEP9,30L,1
VM,0,0,0,301.0,0,0,0,0,0,0,0,0
CF,HUGIR,44.701206,-93.615900,0,MSP,232.3,20.0,232.0,23.0,0,0,0,0,0,0,0,0
TF,MCONL,44.583425,-93.842294,0, ,0.0,0.0,0.0,0.0,0,0,0,0,0,0,0,0
TF,ARREX,44.425731,-94.142775,0, ,0.0,0.0,0.0,0.0,2,3100,0,0,0,0,0,0
TF,SCHEP,44.247286,-94.478792,0, ,0.0,0.0,0.0,0.0,2,7000,0,0,0,0,0,0

SID,SCHEP9,30R,1
VM,0,0,0,301.0,0,0,0,0,0,0,0,0
CF,HUGIR,44.701206,-93.615900,0,MSP,232.3,20.0,232.0,23.0,0,0,0,0,0,0,0,0
TF,MCONL,44.583425,-93.842294,0, ,0.0,0.0,0.0,0.0,0,0,0,0,0,0,0,0
TF,ARREX,44.425731,-94.142775,0, ,0.0,0.0,0.0,0.0,2,3100,0,0,0,0,0,0
TF,SCHEP,44.247286,-94.478792,0, ,0.0,0.0,0.0,0.0,2,7000,0,0,0,0,0,0

SID,SCHEP9,35,1
VM,0,0,0,350.0,0,0,0,0,0,0,0,0
CF,HUGIR,44.701206,-93.615900,0,MSP,232.3,20.0,232.0,23.0,0,0,0,0,0,0,0,0
TF,MCONL,44.583425,-93.842294,0, ,0.0,0.0,0.0,0.0,0,0,0,0,0,0,0,0
TF,ARREX,44.425731,-94.142775,0, ,0.0,0.0,0.0,0.0,2,3100,0,0,0,0,0,0
TF,SCHEP,44.247286,-94.478792,0, ,0.0,0.0,0.0,0.0,2,7000,0,0,0,0,0,0

SID,SCHEP9,OBH,3
IF,SCHEP,44.247286,-94.478792, ,0.0,0.0,2,7000,0,0,0,0,0,0
TF,OTG,43.646917,-95.581958,0, ,0.0,0.0,0.0,0.0,2,16000,0,0,0,0,0,0
TF,OBH,41.375736,-98.353594,0, ,0.0,0.0,0.0,0.0,0,0,0,0,0,0,0,0

SID,SCHEP9,ONL,3
IF,SCHEP,44.247286,-94.478792, ,0.0,0.0,2,7000,0,0,0,0,0,0
TF,OTG,43.646917,-95.581958,0, ,0.0,0.0,0.0,0.0,0,0,0,0,0,0,0,0
TF,ONL,42.470500,-98.686928,0, ,0.0,0.0,0.0,0.0,0,0,0,0,0,0,0,0

SID,SLAYR4,17,5
VI,0, ,0.0,170.0,0,0,0,0,0,0,0,0
CF,BDOGG,44.808800,-93.255200,0,MSP,186.6,5.3,217.0,1.9,0,0,0,0,0,0,0,0
TF,CLIKR,44.749719,-93.356072,0, ,0.0,0.0,0.0,0.0,4,7000,5000,0,0,0,0,0
TF,KEYPR,44.678522,-93.565247,0, ,0.0,0.0,0.0,0.0,4,17000,8000,0,0,0,0,0
TF,MCONL,44.583425,-93.842294,0, ,0.0,0.0,0.0,0.0,4,17000,11000,0,0,0,0,0
TF,SLAYR,44.418333,-94.148056,0, ,0.0,0.0,0.0,0.0,0,0,0,0,0,0,0,0

SID,SLAYR4,TEYOU,6
IF,SLAYR,44.418333,-94.148056, ,0.0,0.0,0,0,0,0,0,0,0,0
TF,TTOSS,43.928333,-95.091944,0, ,0.0,0.0,0.0,0.0,0,0,0,0,0,0,0,0
TF,TEYOU,43.291667,-96.273611,0, ,0.0,0.0,0.0,0.0,0,0,0,0,0,0,0,0

SID,SMERF7,04,4
VA,0,45.0,2,2100,0,0,0,0,0,0
VM,0,0,0,45.0,0,0,0,0,0,0,0,0
DF,ZOGAP,45.088056,-93.875833,0, ,0.0,0.0,2,5000,0,0,0,0,0,0

SID,SMERF7,12L,4
VM,0,0,0,121.0,0,0,0,0,0,0,0,0
DF,ZOGAP,45.088056,-93.875833,0, ,0.0,0.0,2,5000,0,0,0,0,0,0

SID,SMERF7,12R,4
VM,0,0,0,121.0,0,0,0,0,0,0,0,0
DF,ZOGAP,45.088056,-93.875833,0, ,0.0,0.0,2,5000,0,0,0,0,0,0

SID,SMERF7,17,4
VM,0,0,0,170.0,0,0,0,0,0,0,0,0
DF,ZOGAP,45.088056,-93.875833,0, ,0.0,0.0,2,5000,0,0,0,0,0,0

SID,SMERF7,22,4
VM,0,0,0,225.0,0,0,0,0,0,0,0,0
DF,ZOGAP,45.088056,-93.875833,0, ,0.0,0.0,2,5000,0,0,0,0,0,0

SID,SMERF7,30L,4
VM,0,0,0,301.0,0,0,0,0,0,0,0,0
DF,ZOGAP,45.088056,-93.875833,0, ,0.0,0.0,2,5000,0,0,0,0,0,0

SID,SMERF7,30R,4
VM,0,0,0,301.0,0,0,0,0,0,0,0,0
DF,ZOGAP,45.088056,-93.875833,0, ,0.0,0.0,2,5000,0,0,0,0,0,0

SID,SMERF7,35,4
VM,0,0,0,350.0,0,0,0,0,0,0,0,0
DF,ZOGAP,45.088056,-93.875833,0, ,0.0,0.0,2,5000,0,0,0,0,0,0

SID,SMERF7,ALL,5
IF,ZOGAP,45.088056,-93.875833, ,0.0,0.0,2,5000,0,0,0,0,0,0
TF,PAGOZ,45.188211,-94.287736,0, ,0.0,0.0,0.0,0.0,0,0,0,0,0,0,0,0
TF,SMERF,45.921061,-97.568961,0, ,0.0,0.0,0.0,0.0,0,0,0,0,0,0,0,0

SID,WLSTN7,04,1
VM,0,0,0,45.0,0,0,0,0,0,0,0,0
CF,SNINE,45.251878,-92.650803,0,GEP,72.0,31.3,72.0,33.0,0,0,0,0,0,0,0,0
TF,DWIYT,45.303378,-92.287567,0, ,0.0,0.0,0.0,0.0,0,0,0,0,0,0,0,0
TF,WLSTN,45.474011,-91.015353,0, ,0.0,0.0,0.0,0.0,0,0,0,0,0,0,0,0

SID,WLSTN7,12L,1
VM,0,0,0,121.0,0,0,0,0,0,0,0,0
CF,SNINE,45.251878,-92.650803,0,GEP,72.0,31.3,72.0,33.0,0,0,0,0,0,0,0,0
TF,DWIYT,45.303378,-92.287567,0, ,0.0,0.0,0.0,0.0,0,0,0,0,0,0,0,0
TF,WLSTN,45.474011,-91.015353,0, ,0.0,0.0,0.0,0.0,0,0,0,0,0,0,0,0

SID,WLSTN7,12R,1
VM,0,0,0,121.0,0,0,0,0,0,0,0,0
CF,SNINE,45.251878,-92.650803,0,GEP,72.0,31.3,72.0,33.0,0,0,0,0,0,0,0,0
TF,DWIYT,45.303378,-92.287567,0, ,0.0,0.0,0.0,0.0,0,0,0,0,0,0,0,0
TF,WLSTN,45.474011,-91.015353,0, ,0.0,0.0,0.0,0.0,0,0,0,0,0,0,0,0

SID,WLSTN7,17,1
VM,0,0,0,170.0,0,0,0,0,0,0,0,0
CF,SNINE,45.251878,-92.650803,0,GEP,72.0,31.3,72.0,33.0,0,0,0,0,0,0,0,0
TF,DWIYT,45.303378,-92.287567,0, ,0.0,0.0,0.0,0.0,0,0,0,0,0,0,0,0
TF,WLSTN,45.474011,-91.015353,0, ,0.0,0.0,0.0,0.0,0,0,0,0,0,0,0,0

SID,WLSTN7,22,1
VM,0,0,0,225.0,0,0,0,0,0,0,0,0
CF,SNINE,45.251878,-92.650803,0,GEP,72.0,31.3,72.0,33.0,0,0,0,0,0,0,0,0
TF,DWIYT,45.303378,-92.287567,0, ,0.0,0.0,0.0,0.0,0,0,0,0,0,0,0,0
TF,WLSTN,45.474011,-91.015353,0, ,0.0,0.0,0.0,0.0,0,0,0,0,0,0,0,0

SID,WLSTN7,30L,1
VM,0,0,0,301.0,0,0,0,0,0,0,0,0
CF,SNINE,45.251878,-92.650803,0,GEP,72.0,31.3,72.0,33.0,0,0,0,0,0,0,0,0
TF,DWIYT,45.303378,-92.287567,0, ,0.0,0.0,0.0,0.0,0,0,0,0,0,0,0,0
TF,WLSTN,45.474011,-91.015353,0, ,0.0,0.0,0.0,0.0,0,0,0,0,0,0,0,0

SID,WLSTN7,30R,1
VM,0,0,0,301.0,0,0,0,0,0,0,0,0
CF,SNINE,45.251878,-92.650803,0,GEP,72.0,31.3,72.0,33.0,0,0,0,0,0,0,0,0
TF,DWIYT,45.303378,-92.287567,0, ,0.0,0.0,0.0,0.0,0,0,0,0,0,0,0,0
TF,WLSTN,45.474011,-91.015353,0, ,0.0,0.0,0.0,0.0,0,0,0,0,0,0,0,0

SID,WLSTN7,35,1
VM,0,0,0,350.0,0,0,0,0,0,0,0,0
CF,SNINE,45.251878,-92.650803,0,GEP,72.0,31.3,72.0,33.0,0,0,0,0,0,0,0,0
TF,DWIYT,45.303378,-92.287567,0, ,0.0,0.0,0.0,0.0,0,0,0,0,0,0,0,0
TF,WLSTN,45.474011,-91.015353,0, ,0.0,0.0,0.0,0.0,0,0,0,0,0,0,0,0

SID,WLSTN7,GRB,3
IF,WLSTN,45.474011,-91.015353, ,0.0,0.0,0,0,0,0,0,0,0,0
TF,GRB,44.555161,-88.194856,0, ,0.0,0.0,0.0,0.0,0,0,0,0,0,0,0,0

SID,ZMBRO7,04,1
VM,0,0,0,45.0,0,0,0,0,0,0,0,0
CF,JEDET,44.461289,-92.727942,0,MSP,138.0,34.0,138.0,37.0,2,4000,0,0,0,0,0,0
TF,ZMBRO,44.341661,-92.448500,0, ,0.0,0.0,0.0,0.0,0,0,0,0,0,0,0,0

SID,ZMBRO7,12L,1
VM,0,0,0,121.0,0,0,0,0,0,0,0,0
CF,JEDET,44.461289,-92.727942,0,MSP,138.0,34.0,138.0,37.0,2,4000,0,0,0,0,0,0
TF,ZMBRO,44.341661,-92.448500,0, ,0.0,0.0,0.0,0.0,0,0,0,0,0,0,0,0

SID,ZMBRO7,12R,1
VM,0,0,0,121.0,0,0,0,0,0,0,0,0
CF,JEDET,44.461289,-92.727942,0,MSP,138.0,34.0,138.0,37.0,2,4000,0,0,0,0,0,0
TF,ZMBRO,44.341661,-92.448500,0, ,0.0,0.0,0.0,0.0,0,0,0,0,0,0,0,0

SID,ZMBRO7,17,1
VM,0,0,0,170.0,0,0,0,0,0,0,0,0
CF,JEDET,44.461289,-92.727942,0,MSP,138.0,34.0,138.0,37.0,2,4000,0,0,0,0,0,0
TF,ZMBRO,44.341661,-92.448500,0, ,0.0,0.0,0.0,0.0,0,0,0,0,0,0,0,0

SID,ZMBRO7,22,1
VM,0,0,0,225.0,0,0,0,0,0,0,0,0
CF,JEDET,44.461289,-92.727942,0,MSP,138.0,34.0,138.0,37.0,2,4000,0,0,0,0,0,0
TF,ZMBRO,44.341661,-92.448500,0, ,0.0,0.0,0.0,0.0,0,0,0,0,0,0,0,0

SID,ZMBRO7,30L,1
VM,0,0,0,301.0,0,0,0,0,0,0,0,0
CF,JEDET,44.461289,-92.727942,0,MSP,138.0,34.0,138.0,37.0,2,4000,0,0,0,0,0,0
TF,ZMBRO,44.341661,-92.448500,0, ,0.0,0.0,0.0,0.0,0,0,0,0,0,0,0,0

SID,ZMBRO7,30R,1
VM,0,0,0,301.0,0,0,0,0,0,0,0,0
CF,JEDET,44.461289,-92.727942,0,MSP,138.0,34.0,138.0,37.0,2,4000,0,0,0,0,0,0
TF,ZMBRO,44.341661,-92.448500,0, ,0.0,0.0,0.0,0.0,0,0,0,0,0,0,0,0

SID,ZMBRO7,35,1
VM,0,0,0,350.0,0,0,0,0,0,0,0,0
CF,JEDET,44.461289,-92.727942,0,MSP,138.0,34.0,138.0,37.0,2,4000,0,0,0,0,0,0
TF,ZMBRO,44.341661,-92.448500,0, ,0.0,0.0,0.0,0.0,0,0,0,0,0,0,0,0

SID,ZMBRO7,ODI,3
IF,ZMBRO,44.341661,-92.448500, ,0.0,0.0,0,0,0,0,0,0,0,0
TF,ODI,43.912328,-91.467517,0, ,0.0,0.0,0.0,0.0,0,0,0,0,0,0,0,0

STAR,BAINY3,COLDD,4
IF,COLDD,46.744444,-92.296667, ,0.0,0.0,2,24000,0,0,0,0,0,0
TF,MILAC,46.024878,-93.360489,0, ,0.0,0.0,0.0,0.0,2,20000,0,0,0,0,0,0
TF,BAINY,45.753611,-93.699444,0, ,0.0,0.0,0.0,0.0,4,19000,15000,1,280,0,0,0

STAR,BAINY3,GGULL,4
IF,GGULL,46.533889,-94.131111, ,0.0,0.0,2,24000,0,0,0,0,0,0
TF,SHULZ,46.064981,-93.869503,0, ,0.0,0.0,0.0,0.0,2,20000,0,0,0,0,0,0
TF,BAINY,45.753611,-93.699444,0, ,0.0,0.0,0.0,0.0,4,19000,15000,1,280,0,0,0

STAR,BAINY3,HHOGS,4
IF,HHOGS,46.153056,-92.189444, ,0.0,0.0,2,24000,0,0,0,0,0,0
TF,MILAC,46.024878,-93.360489,0, ,0.0,0.0,0.0,0.0,2,20000,0,0,0,0,0,0
TF,BAINY,45.753611,-93.699444,0, ,0.0,0.0,0.0,0.0,4,19000,15000,1,280,0,0,0

STAR,BAINY3,MILAC,4
IF,MILAC,46.024878,-93.360489, ,0.0,0.0,2,20000,0,0,0,0,0,0
TF,BAINY,45.753611,-93.699444,0, ,0.0,0.0,0.0,0.0,4,19000,15000,1,280,0,0,0

STAR,BAINY3,SHULZ,4
IF,SHULZ,46.064981,-93.869503, ,0.0,0.0,2,20000,0,0,0,0,0,0
TF,BAINY,45.753611,-93.699444,0, ,0.0,0.0,0.0,0.0,4,19000,15000,1,280,0,0,0

STAR,BAINY3,TIGHE,4
IF,TIGHE,45.897000,-94.129711, ,0.0,0.0,2,20000,0,0,0,0,0,0
TF,BAINY,45.753611,-93.699444,0, ,0.0,0.0,0.0,0.0,4,19000,15000,1,280,0,0,0

STAR,BAINY3,TTAIL,4
IF,TTAIL,46.691111,-96.685833, ,0.0,0.0,0,0,0,0,0,0,0,0
TF,WINDD,46.114375,-94.804683,0, ,0.0,0.0,0.0,0.0,2,24000,0,0,0,0,0,0
TF,TIGHE,45.897000,-94.129711,0, ,0.0,0.0,0.0,0.0,2,20000,0,0,0,0,0,0
TF,BAINY,45.753611,-93.699444,0, ,0.0,0.0,0.0,0.0,4,19000,15000,1,280,0,0,0

STAR,BAINY3,WINDD,4
IF,WINDD,46.114375,-94.804683, ,0.0,0.0,2,24000,0,0,0,0,0,0
TF,TIGHE,45.897000,-94.129711,0, ,0.0,0.0,0.0,0.0,2,20000,0,0,0,0,0,0
TF,BAINY,45.753611,-93.699444,0, ,0.0,0.0,0.0,0.0,4,19000,15000,1,280,0,0,0

STAR,BAINY3,ALL,5
IF,BAINY,45.753611,-93.699444, ,0.0,0.0,4,19000,15000,1,280,0,0,0
TF,LUCCY,45.584558,-93.609022,0, ,0.0,0.0,0.0,0.0,2,11000,0,1,280,0,0,0
TF,SAUGR,45.348458,-93.481169,0, ,0.0,0.0,0.0,0.0,0,0,0,0,0,0,0,0

STAR,BAINY3,04,6
IF,SAUGR,45.348458,-93.481169, ,0.0,0.0,0,0,0,0,0,0,0,0
TF,GEP,45.145686,-93.373181,0, ,0.0,0.0,0.0,0.0,2,10000,0,1,250,0,0,0
TF,PRRPL,45.052356,-93.314739,0, ,0.0,0.0,0.0,0.0,2,9000,0,0,0,0,0,0
TF,OSMOH,44.963875,-93.109514,0, ,0.0,0.0,0.0,0.0,1,8000,0,1,210,0,0,0
TF,IRRRV,44.891900,-92.947311,0, ,0.0,0.0,0.0,0.0,0,0,0,0,0,0,0,1
FM,IRRRV,44.891900,-92.947311,0,LNR,0.0,0.0,122.0,0,0,0,0,0,0,0,0

STAR,BAINY3,12L,6
IF,SAUGR,45.348458,-93.481169, ,0.0,0.0,0,0,0,0,0,0,0,0
TF,OGLVE,45.299139,-93.482486,0, ,0.0,0.0,0.0,0.0,2,8000,0,0,0,0,0,0
TF,KAYQU,45.179953,-93.485997,0, ,0.0,0.0,0.0,0.0,1,7000,0,1,210,0,0,0

STAR,BAINY3,12R,6
IF,SAUGR,45.348458,-93.481169, ,0.0,0.0,0,0,0,0,0,0,0,0
TF,OGLVE,45.299139,-93.482486,0, ,0.0,0.0,0.0,0.0,2,8000,0,0,0,0,0,0
TF,KAYQU,45.179953,-93.485997,0, ,0.0,0.0,0.0,0.0,1,7000,0,1,210,0,0,0

STAR,BAINY3,17,6
IF,SAUGR,45.348458,-93.481169, ,0.0,0.0,0,0,0,0,0,0,0,0
TF,GEP,45.145686,-93.373181,0, ,0.0,0.0,0.0,0.0,2,10000,0,1,250,0,0,0
TF,PRRPL,45.052356,-93.314739,0, ,0.0,0.0,0.0,0.0,2,9000,0,0,0,0,0,0
TF,OSMOH,44.963875,-93.109514,0, ,0.0,0.0,0.0,0.0,1,8000,0,1,210,0,0,0
TF,IRRRV,44.891900,-92.947311,0, ,0.0,0.0,0.0,0.0,0,0,0,0,0,0,0,1
FM,IRRRV,44.891900,-92.947311,0,LNR,0.0,0.0,122.0,0,0,0,0,0,0,0,0

STAR,BAINY3,22,6
IF,SAUGR,45.348458,-93.481169, ,0.0,0.0,0,0,0,0,0,0,0,0
TF,GEP,45.145686,-93.373181,0, ,0.0,0.0,0.0,0.0,2,10000,0,1,250,0,0,0
TF,PRRPL,45.052356,-93.314739,0, ,0.0,0.0,0.0,0.0,2,9000,0,0,0,0,0,0
TF,OSMOH,44.963875,-93.109514,0, ,0.0,0.0,0.0,0.0,1,8000,0,1,210,0,0,0
TF,IRRRV,44.891900,-92.947311,0, ,0.0,0.0,0.0,0.0,0,0,0,0,0,0,0,1
FM,IRRRV,44.891900,-92.947311,0,LNR,0.0,0.0,122.0,0,0,0,0,0,0,0,0

STAR,BAINY3,30L,6
IF,SAUGR,45.348458,-93.481169, ,0.0,0.0,0,0,0,0,0,0,0,0
TF,GEP,45.145686,-93.373181,0, ,0.0,0.0,0.0,0.0,2,10000,0,1,250,0,0,0
TF,PRRPL,45.052356,-93.314739,0, ,0.0,0.0,0.0,0.0,2,9000,0,0,0,0,0,0
TF,MAUER,44.781717,-93.264283,0, ,0.0,0.0,0.0,0.0,1,8000,0,1,210,0,0,0
TF,JJENI,44.684669,-93.038689,0, ,0.0,0.0,0.0,0.0,0,0,0,0,0,0,0,1
FM,JJENI,44.684669,-93.038689,0,LNR,0.0,0.0,121.0,0,0,0,0,0,0,0,0

STAR,BAINY3,30R,6
IF,SAUGR,45.348458,-93.481169, ,0.0,0.0,0,0,0,0,0,0,0,0
TF,GEP,45.145686,-93.373181,0, ,0.0,0.0,0.0,0.0,2,10000,0,1,250,0,0,0
TF,PRRPL,45.052356,-93.314739,0, ,0.0,0.0,0.0,0.0,2,9000,0,0,0,0,0,0
TF,OSMOH,44.963875,-93.109514,0, ,0.0,0.0,0.0,0.0,1,8000,0,1,210,0,0,0
TF,IRRRV,44.891900,-92.947311,0, ,0.0,0.0,0.0,0.0,0,0,0,0,0,0,0,1
FM,IRRRV,44.891900,-92.947311,0,LNR,0.0,0.0,122.0,0,0,0,0,0,0,0,0

STAR,BAINY3,35,6
IF,SAUGR,45.348458,-93.481169, ,0.0,0.0,0,0,0,0,0,0,0,0
TF,GEP,45.145686,-93.373181,0, ,0.0,0.0,0.0,0.0,2,10000,0,1,250,0,0,0
TF,PRRPL,45.052356,-93.314739,0, ,0.0,0.0,0.0,0.0,2,9000,0,0,0,0,0,0
TF,BRNVL,44.804550,-93.316511,0, ,0.0,0.0,0.0,0.0,1,8000,0,1,210,0,0,0
TF,GWAIT,44.659217,-93.310264,0, ,0.0,0.0,0.0,0.0,0,0,0,0,0,0,0,1
FM,GWAIT,44.659217,-93.310264,0,LNR,0.0,0.0,176.0,0,0,0,0,0,0,0,0

STAR,BLUEM3,HELLO,4
IF,HELLO,42.780833,-93.359722, ,0.0,0.0,0,0,0,0,0,0,0,0
TF,OOPEE,43.497222,-93.292222,0, ,0.0,0.0,0.0,0.0,2,24000,0,0,0,0,0,0
TF,LAZYY,43.965278,-93.246944,0, ,0.0,0.0,0.0,0.0,2,16000,0,1,280,0,0,0
TF,BLUEM,44.181350,-93.223797,0, ,0.0,0.0,0.0,0.0,2,11000,0,1,280,0,0,0

STAR,BLUEM3,KICKR,4
IF,KICKR,42.775278,-92.811389, ,0.0,0.0,0,0,0,0,0,0,0,0
TF,OOPEE,43.497222,-93.292222,0, ,0.0,0.0,0.0,0.0,2,24000,0,0,0,0,0,0
TF,LAZYY,43.965278,-93.246944,0, ,0.0,0.0,0.0,0.0,2,16000,0,1,280,0,0,0
TF,BLUEM,44.181350,-93.223797,0, ,0.0,0.0,0.0,0.0,2,11000,0,1,280,0,0,0

STAR,BLUEM3,LAZYY,4
IF,LAZYY,43.965278,-93.246944, ,0.0,0.0,2,16000,0,1,280,0,0,0
TF,BLUEM,44.181350,-93.223797,0, ,0.0,0.0,0.0,0.0,2,11000,0,1,280,0,0,0

STAR,BLUEM3,MNOSO,4
IF,MNOSO,42.382200,-92.557486, ,0.0,0.0,0,0,0,0,0,0,0,0
TF,KICKR,42.775278,-92.811389,0, ,0.0,0.0,0.0,0.0,0,0,0,0,0,0,0,0
TF,OOPEE,43.497222,-93.292222,0, ,0.0,0.0,0.0,0.0,2,24000,0,0,0,0,0,0
TF,LAZYY,43.965278,-93.246944,0, ,0.0,0.0,0.0,0.0,2,16000,0,1,280,0,0,0
TF,BLUEM,44.181350,-93.223797,0, ,0.0,0.0,0.0,0.0,2,11000,0,1,280,0,0,0

STAR,BLUEM3,OOPEE,4
IF,OOPEE,43.497222,-93.292222, ,0.0,0.0,2,24000,0,0,0,0,0,0
TF,LAZYY,43.965278,-93.246944,0, ,0.0,0.0,0.0,0.0,2,16000,0,1,280,0,0,0
TF,BLUEM,44.181350,-93.223797,0, ,0.0,0.0,0.0,0.0,2,11000,0,1,280,0,0,0

STAR,BLUEM3,ALL,5
IF,BLUEM,44.181350,-93.223797, ,0.0,0.0,2,11000,0,1,280,0,0,0
TF,HHAMR,44.284347,-93.214386,0, ,0.0,0.0,0.0,0.0,2,10000,0,0,0,0,0,0
TF,FARBO,44.374481,-93.207283,0, ,0.0,0.0,0.0,0.0,0,0,0,0,0,0,0,0

STAR,BLUEM3,04,6
IF,FARBO,44.374481,-93.207283, ,0.0,0.0,0,0,0,0,0,0,0,0
TF,ELLKO,44.595136,-93.207311,0, ,0.0,0.0,0.0,0.0,2,10000,0,1,250,0,0,0
TF,SAVVG,44.691692,-93.219403,0, ,0.0,0.0,0.0,0.0,1,9000,0,0,0,0,0,0
TF,GREAK,44.805389,-93.317936,0, ,0.0,0.0,0.0,0.0,1,8000,0,1,230,0,0,0
TF,DOLEE,44.900747,-93.543339,0, ,0.0,0.0,0.0,0.0,0,0,0,0,0,0,0,1
FM,DOLEE,44.900747,-93.543339,0,ELO,0.0,0.0,301.0,0,0,0,0,0,0,0,0

STAR,BLUEM3,12L,6
IF,FARBO,44.374481,-93.207283, ,0.0,0.0,0,0,0,0,0,0,0,0
TF,ELLKO,44.595136,-93.207311,0, ,0.0,0.0,0.0,0.0,2,10000,0,1,250,0,0,0
TF,SAVVG,44.691692,-93.219403,0, ,0.0,0.0,0.0,0.0,1,9000,0,0,0,0,0,0
TF,CMMOE,44.962633,-93.106194,0, ,0.0,0.0,0.0,0.0,1,8000,0,1,230,0,0,0
TF,COZZZ,45.054344,-93.319561,0, ,0.0,0.0,0.0,0.0,0,0,0,0,0,0,0,1
FM,COZZZ,45.054344,-93.319561,0,ELO,0.0,0.0,301.0,0,0,0,0,0,0,0,0

STAR,BLUEM3,12R,6
IF,FARBO,44.374481,-93.207283, ,0.0,0.0,0,0,0,0,0,0,0,0
TF,ELLKO,44.595136,-93.207311,0, ,0.0,0.0,0.0,0.0,2,10000,0,1,250,0,0,0
TF,SAVVG,44.691692,-93.219403,0, ,0.0,0.0,0.0,0.0,1,9000,0,0,0,0,0,0
TF,GREAK,44.805389,-93.317936,0, ,0.0,0.0,0.0,0.0,1,8000,0,1,230,0,0,0
TF,DOLEE,44.900747,-93.543339,0, ,0.0,0.0,0.0,0.0,0,0,0,0,0,0,0,1
FM,DOLEE,44.900747,-93.543339,0,ELO,0.0,0.0,301.0,0,0,0,0,0,0,0,0

STAR,BLUEM3,17,6
IF,FARBO,44.374481,-93.207283, ,0.0,0.0,0,0,0,0,0,0,0,0
TF,ELLKO,44.595136,-93.207311,0, ,0.0,0.0,0.0,0.0,2,10000,0,1,250,0,0,0
TF,SAVVG,44.691692,-93.219403,0, ,0.0,0.0,0.0,0.0,1,9000,0,0,0,0,0,0
TF,GREAK,44.805389,-93.317936,0, ,0.0,0.0,0.0,0.0,1,8000,0,1,230,0,0,0
TF,DOLEE,44.900747,-93.543339,0, ,0.0,0.0,0.0,0.0,0,0,0,0,0,0,0,1
FM,DOLEE,44.900747,-93.543339,0,ELO,0.0,0.0,301.0,0,0,0,0,0,0,0,0

STAR,BLUEM3,22,6
IF,FARBO,44.374481,-93.207283, ,0.0,0.0,0,0,0,0,0,0,0,0
TF,ELLKO,44.595136,-93.207311,0, ,0.0,0.0,0.0,0.0,2,10000,0,1,250,0,0,0
TF,SAVVG,44.691692,-93.219403,0, ,0.0,0.0,0.0,0.0,1,9000,0,0,0,0,0,0
TF,GREAK,44.805389,-93.317936,0, ,0.0,0.0,0.0,0.0,1,8000,0,1,230,0,0,0
TF,DOLEE,44.900747,-93.543339,0, ,0.0,0.0,0.0,0.0,0,0,0,0,0,0,0,1
FM,DOLEE,44.900747,-93.543339,0,ELO,0.0,0.0,301.0,0,0,0,0,0,0,0,0

STAR,BLUEM3,30L,6
IF,FARBO,44.374481,-93.207283, ,0.0,0.0,0,0,0,0,0,0,0,0
TF,NOFLD,44.431153,-93.189083,0, ,0.0,0.0,0.0,0.0,1,10000,0,1,250,0,0,0
TF,CANDD,44.606336,-93.014150,0, ,0.0,0.0,0.0,0.0,1,7000,0,1,230,0,0,0
TF,HAPTN,44.628369,-92.991836,0, ,0.0,0.0,0.0,0.0,1,7000,0,1,210,0,0,0

STAR,BLUEM3,30R,6
IF,FARBO,44.374481,-93.207283, ,0.0,0.0,0,0,0,0,0,0,0,0
TF,NOFLD,44.431153,-93.189083,0, ,0.0,0.0,0.0,0.0,1,10000,0,1,250,0,0,0
TF,CANDD,44.606336,-93.014150,0, ,0.0,0.0,0.0,0.0,1,7000,0,1,230,0,0,0
TF,HAPTN,44.628369,-92.991836,0, ,0.0,0.0,0.0,0.0,1,7000,0,1,210,0,0,0

STAR,BLUEM3,35,6
IF,FARBO,44.374481,-93.207283, ,0.0,0.0,0,0,0,0,0,0,0,0
TF,DNDIS,44.410336,-93.195431,0, ,0.0,0.0,0.0,0.0,1,9000,0,1,230,0,0,0
TF,JAMEZ,44.540064,-93.152422,0, ,0.0,0.0,0.0,0.0,2,7000,0,0,0,0,0,0

STAR,EAU9,BAE,1
IF,BAE,43.116853,-88.284344, ,0.0,0.0,0,0,0,0,0,0,0,0
TF,BEERI,43.769167,-89.413950,0, ,0.0,0.0,0.0,0.0,0,0,0,0,0,0,0,0
TF,ROBBY,44.075781,-89.960447,0, ,0.0,0.0,0.0,0.0,0,0,0,0,0,0,0,0
TF,KRSPY,44.296422,-90.360208,0, ,0.0,0.0,0.0,0.0,0,0,0,0,0,0,0,0
TF,WILDD,44.427967,-90.601181,0, ,0.0,0.0,0.0,0.0,0,0,0,0,0,0,0,0
TF,EAU,44.897669,-91.478536,0, ,0.0,0.0,0.0,0.0,0,0,0,0,0,0,0,0

STAR,EAU9,GRB,1
IF,GRB,44.555161,-88.194856, ,0.0,0.0,0,0,0,0,0,0,0,0
TF,PAKKR,44.764419,-90.085869,0, ,0.0,0.0,0.0,0.0,0,0,0,0,0,0,0,0
TF,EAU,44.897669,-91.478536,0, ,0.0,0.0,0.0,0.0,0,0,0,0,0,0,0,0

STAR,EAU9,ALL,2
IF,EAU,44.897669,-91.478536, ,0.0,0.0,0,0,0,0,0,0,0,0
TF,HERMI,45.016661,-92.114011,0, ,0.0,0.0,0.0,0.0,0,0,0,0,0,0,0,0
TF,TWINZ,45.048797,-92.289344,0, ,0.0,0.0,0.0,0.0,0,0,0,0,0,0,0,0
TF,WOLVS,45.004092,-92.573031,0, ,0.0,0.0,0.0,0.0,0,0,0,0,0,0,0,0
TF,LOOON,44.982033,-92.711311,0, ,0.0,0.0,0.0,0.0,0,0,0,0,0,0,0,0
TF,ZASKY,44.930300,-93.030883,0, ,0.0,0.0,0.0,0.0,0,0,0,0,0,0,0,0

STAR,EAU9,04,3
IF,ZASKY,44.930300,-93.030883, ,0.0,0.0,0,0,0,0,0,0,0,0
FM,ZASKY,44.930300,-93.030883,0,LNR,0.0,0.0,255.0,0,0,0,0,0,0,0,0

STAR,EAU9,12L,3
IF,ZASKY,44.930300,-93.030883, ,0.0,0.0,0,0,0,0,0,0,0,0
VM,44.881972,-93.221778,0,300.0,0,0,0,0,0,0,0,0

STAR,EAU9,12R,3
IF,ZASKY,44.930300,-93.030883, ,0.0,0.0,0,0,0,0,0,0,0,0
VM,44.881972,-93.221778,0,300.0,0,0,0,0,0,0,0,0

STAR,EAU9,17,3
IF,ZASKY,44.930300,-93.030883, ,0.0,0.0,0,0,0,0,0,0,0,0
FM,ZASKY,44.930300,-93.030883,0,LNR,0.0,0.0,255.0,0,0,0,0,0,0,0,0

STAR,EAU9,22,3
IF,ZASKY,44.930300,-93.030883, ,0.0,0.0,0,0,0,0,0,0,0,0
FM,ZASKY,44.930300,-93.030883,0,LNR,0.0,0.0,255.0,0,0,0,0,0,0,0,0

STAR,EAU9,30L,3
IF,ZASKY,44.930300,-93.030883, ,0.0,0.0,0,0,0,0,0,0,0,0
FM,ZASKY,44.930300,-93.030883,0,LNR,0.0,0.0,255.0,0,0,0,0,0,0,0,0

STAR,EAU9,30R,3
IF,ZASKY,44.930300,-93.030883, ,0.0,0.0,0,0,0,0,0,0,0,0
FM,ZASKY,44.930300,-93.030883,0,LNR,0.0,0.0,255.0,0,0,0,0,0,0,0,0

STAR,EAU9,35,3
IF,ZASKY,44.930300,-93.030883, ,0.0,0.0,0,0,0,0,0,0,0,0
FM,ZASKY,44.930300,-93.030883,0,LNR,0.0,0.0,255.0,0,0,0,0,0,0,0,0

STAR,GEP1,AXN,1
IF,AXN,45.958389,-95.232636, ,0.0,0.0,0,0,0,0,0,0,0,0
TF,GOLLF,45.753636,-93.699503,0, ,0.0,0.0,0.0,0.0,0,0,0,0,0,0,0,0

STAR,GEP1,FAR,1
IF,FAR,46.753339,-96.851317, ,0.0,0.0,0,0,0,0,0,0,0,0
TF,WENNR,46.244497,-95.198681,0, ,0.0,0.0,0.0,0.0,0,0,0,0,0,0,0,0
TF,GOLLF,45.753636,-93.699503,0, ,0.0,0.0,0.0,0.0,0,0,0,0,0,0,0,0

STAR,GEP1,ALL,2
IF,GOLLF,45.753636,-93.699503, ,0.0,0.0,0,0,0,0,0,0,0,0
TF,OLLEE,45.535525,-93.581525,0, ,0.0,0.0,0.0,0.0,0,0,0,0,0,0,0,0
TF,SAUGR,45.348458,-93.481169,0, ,0.0,0.0,0.0,0.0,0,0,0,0,0,0,0,0
TF,GEP,45.145686,-93.373181,0, ,0.0,0.0,0.0,0.0,0,0,0,0,0,0,0,0
TF,VYKES,45.036667,-93.314167,0, ,0.0,0.0,0.0,0.0,0,0,0,0,0,0,0,0

STAR,GEP1,04,3
IF,VYKES,45.036667,-93.314167, ,0.0,0.0,0,0,0,0,0,0,0,0
FM,VYKES,45.036667,-93.314167,0,VOK,0.0,0.0,153.0,0,0,0,0,0,0,0,0

STAR,GEP1,12L,3
IF,VYKES,45.036667,-93.314167, ,0.0,0.0,0,0,0,0,0,0,0,0
FM,VYKES,45.036667,-93.314167,0,VOK,0.0,0.0,153.0,0,0,0,0,0,0,0,0

STAR,GEP1,12R,3
IF,VYKES,45.036667,-93.314167, ,0.0,0.0,0,0,0,0,0,0,0,0
FM,VYKES,45.036667,-93.314167,0,VOK,0.0,0.0,153.0,0,0,0,0,0,0,0,0

STAR,GEP1,17,3
IF,VYKES,45.036667,-93.314167, ,0.0,0.0,0,0,0,0,0,0,0,0
FM,VYKES,45.036667,-93.314167,0,VOK,0.0,0.0,153.0,0,0,0,0,0,0,0,0

STAR,GEP1,22,3
IF,VYKES,45.036667,-93.314167, ,0.0,0.0,0,0,0,0,0,0,0,0
FM,VYKES,45.036667,-93.314167,0,VOK,0.0,0.0,153.0,0,0,0,0,0,0,0,0

STAR,GEP1,30L,3
IF,VYKES,45.036667,-93.314167, ,0.0,0.0,0,0,0,0,0,0,0,0
VM,44.881972,-93.221778,0,120.0,0,0,0,0,0,0,0,0

STAR,GEP1,30R,3
IF,VYKES,45.036667,-93.314167, ,0.0,0.0,0,0,0,0,0,0,0,0
VM,44.881972,-93.221778,0,120.0,0,0,0,0,0,0,0,0

STAR,GEP1,35,3
IF,VYKES,45.036667,-93.314167, ,0.0,0.0,0,0,0,0,0,0,0,0
VM,44.881972,-93.221778,0,185.0,0,0,0,0,0,0,0,0

STAR,KASPR6,ALO,1
IF,ALO,42.556497,-92.398925, ,0.0,0.0,0,0,0,0,0,0,0,0
TF,JAGOW,43.514794,-93.290211,0, ,0.0,0.0,0.0,0.0,0,0,0,0,0,0,0,0
TF,KASPR,43.965489,-93.247042,0, ,0.0,0.0,0.0,0.0,0,0,0,0,0,0,0,0

STAR,KASPR6,MCW,1
IF,MCW,43.094756,-93.329872, ,0.0,0.0,0,0,0,0,0,0,0,0
TF,JAGOW,43.514794,-93.290211,0, ,0.0,0.0,0.0,0.0,0,0,0,0,0,0,0,0
TF,KASPR,43.965489,-93.247042,0, ,0.0,0.0,0.0,0.0,0,0,0,0,0,0,0,0

STAR,KASPR6,ALL,2
IF,KASPR,43.965489,-93.247042, ,0.0,0.0,0,0,0,0,0,0,0,0
TF,ZIBBY,44.115542,-93.232514,0, ,0.0,0.0,0.0,0.0,0,0,0,0,0,0,0,0
TF,DELZY,44.231928,-93.221203,0, ,0.0,0.0,0.0,0.0,0,0,0,0,0,0,0,0
TF,PEPPR,44.381558,-93.206597,0, ,0.0,0.0,0.0,0.0,0,0,0,0,0,0,0,0
TF,AHMIT,44.497942,-93.195181,0, ,0.0,0.0,0.0,0.0,0,0,0,0,0,0,0,0

STAR,KASPR6,04,3
IF,AHMIT,44.497942,-93.195181, ,0.0,0.0,0,0,0,0,0,0,0,0
TF,FGT,44.630944,-93.182053,0, ,0.0,0.0,0.0,0.0,0,0,0,0,0,0,0,0

STAR,KASPR6,12L,3
IF,AHMIT,44.497942,-93.195181, ,0.0,0.0,0,0,0,0,0,0,0,0
TF,FGT,44.630944,-93.182053,0, ,0.0,0.0,0.0,0.0,0,0,0,0,0,0,0,0
TF,SLIKK,44.798361,-93.286800,0, ,0.0,0.0,0.0,0.0,0,0,0,0,0,0,0,0
VM,44.881972,-93.221778,0,300.0,0,0,0,0,0,0,0,0

STAR,KASPR6,12R,3
IF,AHMIT,44.497942,-93.195181, ,0.0,0.0,0,0,0,0,0,0,0,0
TF,FGT,44.630944,-93.182053,0, ,0.0,0.0,0.0,0.0,0,0,0,0,0,0,0,0
TF,SLIKK,44.798361,-93.286800,0, ,0.0,0.0,0.0,0.0,0,0,0,0,0,0,0,0
VM,44.881972,-93.221778,0,300.0,0,0,0,0,0,0,0,0

STAR,KASPR6,17,3
IF,AHMIT,44.497942,-93.195181, ,0.0,0.0,0,0,0,0,0,0,0,0
TF,FGT,44.630944,-93.182053,0, ,0.0,0.0,0.0,0.0,0,0,0,0,0,0,0,0

STAR,KASPR6,22,3
IF,AHMIT,44.497942,-93.195181, ,0.0,0.0,0,0,0,0,0,0,0,0
TF,FGT,44.630944,-93.182053,0, ,0.0,0.0,0.0,0.0,0,0,0,0,0,0,0,0

STAR,KASPR6,30L,3
IF,AHMIT,44.497942,-93.195181, ,0.0,0.0,0,0,0,0,0,0,0,0
TF,FGT,44.630944,-93.182053,0, ,0.0,0.0,0.0,0.0,0,0,0,0,0,0,0,0

STAR,KASPR6,30R,3
IF,AHMIT,44.497942,-93.195181, ,0.0,0.0,0,0,0,0,0,0,0,0
TF,FGT,44.630944,-93.182053,0, ,0.0,0.0,0.0,0.0,0,0,0,0,0,0,0,0

STAR,KASPR6,35,3
IF,AHMIT,44.497942,-93.195181, ,0.0,0.0,0,0,0,0,0,0,0,0
TF,FGT,44.630944,-93.182053,0, ,0.0,0.0,0.0,0.0,0,0,0,0,0,0,0,0

STAR,KKILR3,CMAAC,4
IF,CMAAC,44.768333,-91.873611, ,0.0,0.0,2,14000,0,1,280,0,0,0
TF,KKILR,44.852839,-92.185589,0, ,0.0,0.0,0.0,0.0,2,12000,0,1,280,0,0,0

STAR,KKILR3,HENDR,4
IF,HENDR,44.618800,-91.351358, ,0.0,0.0,2,24000,0,0,0,0,0,0
TF,CMAAC,44.768333,-91.873611,0, ,0.0,0.0,0.0,0.0,2,14000,0,1,280,0,0,0
TF,KKILR,44.852839,-92.185589,0, ,0.0,0.0,0.0,0.0,2,12000,0,1,280,0,0,0

STAR,KKILR3,KAMMA,4
IF,KAMMA,43.117375,-88.285231, ,0.0,0.0,0,0,0,0,0,0,0,0
TF,BEERI,43.769167,-89.413950,0, ,0.0,0.0,0.0,0.0,0,0,0,0,0,0,0,0
TF,ROBBY,44.075781,-89.960447,0, ,0.0,0.0,0.0,0.0,0,0,0,0,0,0,0,0
TF,KBULL,44.347653,-90.426925,0, ,0.0,0.0,0.0,0.0,0,0,0,0,0,0,0,0
TF,ZZING,44.419875,-90.671039,0, ,0.0,0.0,0.0,0.0,2,29000,0,0,0,0,0,0
TF,HENDR,44.618800,-91.351358,0, ,0.0,0.0,0.0,0.0,2,24000,0,0,0,0,0,0
TF,CMAAC,44.768333,-91.873611,0, ,0.0,0.0,0.0,0.0,2,14000,0,1,280,0,0,0
TF,KKILR,44.852839,-92.185589,0, ,0.0,0.0,0.0,0.0,2,12000,0,1,280,0,0,0

STAR,KKILR3,KBULL,4
IF,KBULL,44.347653,-90.426925, ,0.0,0.0,0,0,0,0,0,0,0,0
TF,ZZING,44.419875,-90.671039,0, ,0.0,0.0,0.0,0.0,2,29000,0,0,0,0,0,0
TF,HENDR,44.618800,-91.351358,0, ,0.0,0.0,0.0,0.0,2,24000,0,0,0,0,0,0
TF,CMAAC,44.768333,-91.873611,0, ,0.0,0.0,0.0,0.0,2,14000,0,1,280,0,0,0
TF,KKILR,44.852839,-92.185589,0, ,0.0,0.0,0.0,0.0,2,12000,0,1,280,0,0,0

STAR,KKILR3,ALL,5
IF,KKILR,44.852839,-92.185589, ,0.0,0.0,2,12000,0,1,280,0,0,0
TF,HUGGI,44.861231,-92.322931,0, ,0.0,0.0,0.0,0.0,2,10000,0,0,0,0,0,0
TF,KRISP,44.869219,-92.486767,0, ,0.0,0.0,0.0,0.0,0,0,0,0,0,0,0,0

STAR,KKILR3,04,6
IF,KRISP,44.869219,-92.486767, ,0.0,0.0,0,0,0,0,0,0,0,0
TF,AFTYN,44.864567,-92.796925,0, ,0.0,0.0,0.0,0.0,2,10000,0,1,250,0,0,0
TF,CMMOE,44.962633,-93.106194,0, ,0.0,0.0,0.0,0.0,1,8000,0,1,230,0,0,0
TF,COZZZ,45.054344,-93.319561,0, ,0.0,0.0,0.0,0.0,0,0,0,0,0,0,0,1
FM,COZZZ,45.054344,-93.319561,0,LNR,0.0,0.0,301.0,0,0,0,0,0,0,0,0

STAR,KKILR3,12L,6
IF,KRISP,44.869219,-92.486767, ,0.0,0.0,0,0,0,0,0,0,0,0
TF,AFTYN,44.864567,-92.796925,0, ,0.0,0.0,0.0,0.0,2,10000,0,1,250,0,0,0
TF,CMMOE,44.962633,-93.106194,0, ,0.0,0.0,0.0,0.0,1,8000,0,1,230,0,0,0
TF,COZZZ,45.054344,-93.319561,0, ,0.0,0.0,0.0,0.0,0,0,0,0,0,0,0,1
FM,COZZZ,45.054344,-93.319561,0,LNR,0.0,0.0,301.0,0,0,0,0,0,0,0,0

STAR,KKILR3,12R,6
IF,KRISP,44.869219,-92.486767, ,0.0,0.0,0,0,0,0,0,0,0,0
TF,AFTYN,44.864567,-92.796925,0, ,0.0,0.0,0.0,0.0,2,10000,0,1,250,0,0,0
TF,JONZY,44.841136,-93.009906,0, ,0.0,0.0,0.0,0.0,2,9000,0,0,0,0,0,0
TF,GREAK,44.805389,-93.317936,0, ,0.0,0.0,0.0,0.0,1,8000,0,1,230,0,0,0
TF,DOLEE,44.900747,-93.543339,0, ,0.0,0.0,0.0,0.0,0,0,0,0,0,0,0,1
FM,DOLEE,44.900747,-93.543339,0,LNR,0.0,0.0,301.0,0,0,0,0,0,0,0,0

STAR,KKILR3,17,6
IF,KRISP,44.869219,-92.486767, ,0.0,0.0,0,0,0,0,0,0,0,0
TF,AFTYN,44.864567,-92.796925,0, ,0.0,0.0,0.0,0.0,2,10000,0,1,250,0,0,0
TF,CMMOE,44.962633,-93.106194,0, ,0.0,0.0,0.0,0.0,1,8000,0,1,230,0,0,0
TF,COZZZ,45.054344,-93.319561,0, ,0.0,0.0,0.0,0.0,0,0,0,0,0,0,0,1
FM,COZZZ,45.054344,-93.319561,0,LNR,0.0,0.0,301.0,0,0,0,0,0,0,0,0

STAR,KKILR3,22,6
IF,KRISP,44.869219,-92.486767, ,0.0,0.0,0,0,0,0,0,0,0,0
TF,AFTYN,44.864567,-92.796925,0, ,0.0,0.0,0.0,0.0,2,10000,0,1,250,0,0,0
TF,CMMOE,44.962633,-93.106194,0, ,0.0,0.0,0.0,0.0,1,8000,0,1,230,0,0,0
TF,COZZZ,45.054344,-93.319561,0, ,0.0,0.0,0.0,0.0,0,0,0,0,0,0,0,1
FM,COZZZ,45.054344,-93.319561,0,LNR,0.0,0.0,301.0,0,0,0,0,0,0,0,0

STAR,KKILR3,30L,6
IF,KRISP,44.869219,-92.486767, ,0.0,0.0,0,0,0,0,0,0,0,0
TF,STUWE,44.813222,-92.639919,0, ,0.0,0.0,0.0,0.0,1,7000,0,0,0,0,0,0
TF,GEEQU,44.770808,-92.755350,0, ,0.0,0.0,0.0,0.0,1,7000,0,1,210,0,0,0

STAR,KKILR3,30R,6
IF,KRISP,44.869219,-92.486767, ,0.0,0.0,0,0,0,0,0,0,0,0
TF,STUWE,44.813222,-92.639919,0, ,0.0,0.0,0.0,0.0,1,7000,0,0,0,0,0,0
TF,GEEQU,44.770808,-92.755350,0, ,0.0,0.0,0.0,0.0,1,7000,0,1,210,0,0,0

STAR,KKILR3,35,6
IF,KRISP,44.869219,-92.486767, ,0.0,0.0,0,0,0,0,0,0,0,0
TF,AFTYN,44.864567,-92.796925,0, ,0.0,0.0,0.0,0.0,2,10000,0,1,250,0,0,0
TF,JONZY,44.841136,-93.009906,0, ,0.0,0.0,0.0,0.0,2,9000,0,0,0,0,0,0
TF,GREAK,44.805389,-93.317936,0, ,0.0,0.0,0.0,0.0,1,8000,0,1,230,0,0,0
TF,DOLEE,44.900747,-93.543339,0, ,0.0,0.0,0.0,0.0,0,0,0,0,0,0,0,1
FM,DOLEE,44.900747,-93.543339,0,LNR,0.0,0.0,301.0,0,0,0,0,0,0,0,0

STAR,MUSCL3,CEWDA,4
IF,CEWDA,44.808889,-88.550000, ,0.0,0.0,0,0,0,0,0,0,0,0
TF,SHEAY,44.889842,-90.078169,0, ,0.0,0.0,0.0,0.0,0,0,0,0,0,0,0,0
TF,CMARO,44.942997,-90.693272,0, ,0.0,0.0,0.0,0.0,2,24000,0,0,0,0,0,0
TF,JERMN,45.004847,-91.459786,0, ,0.0,0.0,0.0,0.0,2,22000,0,1,280,0,0,0
TF,MUSCL,45.028819,-91.776833,0, ,0.0,0.0,0.0,0.0,2,17000,0,1,280,0,0,0

STAR,MUSCL3,CMARO,4
IF,CMARO,44.942997,-90.693272, ,0.0,0.0,2,24000,0,0,0,0,0,0
TF,JERMN,45.004847,-91.459786,0, ,0.0,0.0,0.0,0.0,2,22000,0,1,280,0,0,0
TF,MUSCL,45.028819,-91.776833,0, ,0.0,0.0,0.0,0.0,2,17000,0,1,280,0,0,0

STAR,MUSCL3,IDIOM,4
IF,IDIOM,44.505000,-88.299167, ,0.0,0.0,0,0,0,0,0,0,0,0
TF,SHEAY,44.889842,-90.078169,0, ,0.0,0.0,0.0,0.0,0,0,0,0,0,0,0,0
TF,CMARO,44.942997,-90.693272,0, ,0.0,0.0,0.0,0.0,2,24000,0,0,0,0,0,0
TF,JERMN,45.004847,-91.459786,0, ,0.0,0.0,0.0,0.0,2,22000,0,1,280,0,0,0
TF,MUSCL,45.028819,-91.776833,0, ,0.0,0.0,0.0,0.0,2,17000,0,1,280,0,0,0

STAR,MUSCL3,JERMN,4
IF,JERMN,45.004847,-91.459786, ,0.0,0.0,2,22000,0,1,280,0,0,0
TF,MUSCL,45.028819,-91.776833,0, ,0.0,0.0,0.0,0.0,2,17000,0,1,280,0,0,0

STAR,MUSCL3,SHEAY,4
IF,SHEAY,44.889842,-90.078169, ,0.0,0.0,0,0,0,0,0,0,0,0
TF,CMARO,44.942997,-90.693272,0, ,0.0,0.0,0.0,0.0,2,24000,0,0,0,0,0,0
TF,JERMN,45.004847,-91.459786,0, ,0.0,0.0,0.0,0.0,2,22000,0,1,280,0,0,0
TF,MUSCL,45.028819,-91.776833,0, ,0.0,0.0,0.0,0.0,2,17000,0,1,280,0,0,0

STAR,MUSCL3,ALL,5
IF,MUSCL,45.028819,-91.776833, ,0.0,0.0,2,17000,0,1,280,0,0,0
TF,BAYKS,45.060464,-92.214903,0, ,0.0,0.0,0.0,0.0,2,12000,0,1,280,0,0,0
TF,WOLVS,45.004092,-92.573031,0, ,0.0,0.0,0.0,0.0,0,0,0,0,0,0,0,0

STAR,MUSCL3,04,6
IF,WOLVS,45.004092,-92.573031, ,0.0,0.0,0,0,0,0,0,0,0,0
TF,LOOON,44.982033,-92.711311,0, ,0.0,0.0,0.0,0.0,2,11000,0,0,0,0,0,0
TF,WDBRY,44.945111,-92.939378,0, ,0.0,0.0,0.0,0.0,2,10000,0,1,250,0,0,0
TF,ZASKY,44.930300,-93.030883,0, ,0.0,0.0,0.0,0.0,2,9000,0,0,0,0,0,0
TF,CMMOE,44.962633,-93.106194,0, ,0.0,0.0,0.0,0.0,1,8000,0,1,230,0,0,0
TF,COZZZ,45.054344,-93.319561,0, ,0.0,0.0,0.0,0.0,0,0,0,0,0,0,0,1
FM,COZZZ,45.054344,-93.319561,0,ELO,0.0,0.0,301.0,0,0,0,0,0,0,0,0

STAR,MUSCL3,12L,6
IF,WOLVS,45.004092,-92.573031, ,0.0,0.0,0,0,0,0,0,0,0,0
TF,LOOON,44.982033,-92.711311,0, ,0.0,0.0,0.0,0.0,2,11000,0,0,0,0,0,0
TF,WDBRY,44.945111,-92.939378,0, ,0.0,0.0,0.0,0.0,2,10000,0,1,250,0,0,0
TF,ZASKY,44.930300,-93.030883,0, ,0.0,0.0,0.0,0.0,2,9000,0,0,0,0,0,0
TF,CMMOE,44.962633,-93.106194,0, ,0.0,0.0,0.0,0.0,1,8000,0,1,230,0,0,0
TF,COZZZ,45.054344,-93.319561,0, ,0.0,0.0,0.0,0.0,0,0,0,0,0,0,0,1
FM,COZZZ,45.054344,-93.319561,0,ELO,0.0,0.0,301.0,0,0,0,0,0,0,0,0

STAR,MUSCL3,12R,6
IF,WOLVS,45.004092,-92.573031, ,0.0,0.0,0,0,0,0,0,0,0,0
TF,LOOON,44.982033,-92.711311,0, ,0.0,0.0,0.0,0.0,2,11000,0,0,0,0,0,0
TF,WDBRY,44.945111,-92.939378,0, ,0.0,0.0,0.0,0.0,2,10000,0,1,250,0,0,0
TF,ZASKY,44.930300,-93.030883,0, ,0.0,0.0,0.0,0.0,2,9000,0,0,0,0,0,0
TF,GREAK,44.805389,-93.317936,0, ,0.0,0.0,0.0,0.0,1,8000,0,1,230,0,0,0
TF,DOLEE,44.900747,-93.543339,0, ,0.0,0.0,0.0,0.0,0,0,0,0,0,0,0,1
FM,DOLEE,44.900747,-93.543339,0,ELO,0.0,0.0,301.0,0,0,0,0,0,0,0,0

STAR,MUSCL3,17,6
IF,WOLVS,45.004092,-92.573031, ,0.0,0.0,0,0,0,0,0,0,0,0
TF,LOOON,44.982033,-92.711311,0, ,0.0,0.0,0.0,0.0,2,11000,0,0,0,0,0,0
TF,WDBRY,44.945111,-92.939378,0, ,0.0,0.0,0.0,0.0,2,10000,0,1,250,0,0,0
TF,ZASKY,44.930300,-93.030883,0, ,0.0,0.0,0.0,0.0,2,9000,0,0,0,0,0,0
TF,CMMOE,44.962633,-93.106194,0, ,0.0,0.0,0.0,0.0,1,8000,0,1,230,0,0,0
TF,COZZZ,45.054344,-93.319561,0, ,0.0,0.0,0.0,0.0,0,0,0,0,0,0,0,1
FM,COZZZ,45.054344,-93.319561,0,ELO,0.0,0.0,301.0,0,0,0,0,0,0,0,0

STAR,MUSCL3,22,6
IF,WOLVS,45.004092,-92.573031, ,0.0,0.0,0,0,0,0,0,0,0,0
TF,LOOON,44.982033,-92.711311,0, ,0.0,0.0,0.0,0.0,2,11000,0,0,0,0,0,0
TF,WDBRY,44.945111,-92.939378,0, ,0.0,0.0,0.0,0.0,2,10000,0,1,250,0,0,0
TF,ZASKY,44.930300,-93.030883,0, ,0.0,0.0,0.0,0.0,2,9000,0,0,0,0,0,0
TF,CMMOE,44.962633,-93.106194,0, ,0.0,0.0,0.0,0.0,1,8000,0,1,230,0,0,0
TF,COZZZ,45.054344,-93.319561,0, ,0.0,0.0,0.0,0.0,0,0,0,0,0,0,0,1
FM,COZZZ,45.054344,-93.319561,0,ELO,0.0,0.0,301.0,0,0,0,0,0,0,0,0

STAR,MUSCL3,30L,6
IF,WOLVS,45.004092,-92.573031, ,0.0,0.0,0,0,0,0,0,0,0,0
TF,LKLND,44.967369,-92.623342,0, ,0.0,0.0,0.0,0.0,2,8000,0,0,0,0,0,0
TF,KROIX,44.889917,-92.729286,0, ,0.0,0.0,0.0,0.0,1,7000,0,1,230,0,0,0
TF,TRTEL,44.865961,-92.761969,0, ,0.0,0.0,0.0,0.0,1,7000,0,1,210,0,0,0

STAR,MUSCL3,30R,6
IF,WOLVS,45.004092,-92.573031, ,0.0,0.0,0,0,0,0,0,0,0,0
TF,LKLND,44.967369,-92.623342,0, ,0.0,0.0,0.0,0.0,2,8000,0,0,0,0,0,0
TF,KROIX,44.889917,-92.729286,0, ,0.0,0.0,0.0,0.0,1,7000,0,1,230,0,0,0
TF,TRTEL,44.865961,-92.761969,0, ,0.0,0.0,0.0,0.0,1,7000,0,1,210,0,0,0

STAR,MUSCL3,35,6
IF,WOLVS,45.004092,-92.573031, ,0.0,0.0,0,0,0,0,0,0,0,0
TF,LOOON,44.982033,-92.711311,0, ,0.0,0.0,0.0,0.0,2,11000,0,0,0,0,0,0
TF,WDBRY,44.945111,-92.939378,0, ,0.0,0.0,0.0,0.0,2,10000,0,1,250,0,0,0
TF,ZASKY,44.930300,-93.030883,0, ,0.0,0.0,0.0,0.0,2,9000,0,0,0,0,0,0
TF,GREAK,44.805389,-93.317936,0, ,0.0,0.0,0.0,0.0,1,8000,0,1,230,0,0,0
TF,DOLEE,44.900747,-93.543339,0, ,0.0,0.0,0.0,0.0,0,0,0,0,0,0,0,1
FM,DOLEE,44.900747,-93.543339,0,ELO,0.0,0.0,301.0,0,0,0,0,0,0,0,0

STAR,NITZR3,DEMLL,4
IF,DEMLL,43.965278,-93.491389, ,0.0,0.0,2,16000,0,1,280,0,0,0
TF,NITZR,44.186244,-93.466072,0, ,0.0,0.0,0.0,0.0,2,12000,0,1,280,0,0,0

STAR,NITZR3,ROKKK,4
IF,ROKKK,42.616667,-94.067500, ,0.0,0.0,0,0,0,0,0,0,0,0
TF,FUZEE,42.852778,-93.884444,0, ,0.0,0.0,0.0,0.0,0,0,0,0,0,0,0,0
TF,RRAZZ,43.283333,-93.551389,0, ,0.0,0.0,0.0,0.0,0,0,0,0,0,0,0,0
TF,KBEEE,43.497175,-93.532689,0, ,0.0,0.0,0.0,0.0,2,24000,0,0,0,0,0,0
TF,DEMLL,43.965278,-93.491389,0, ,0.0,0.0,0.0,0.0,2,16000,0,1,280,0,0,0
TF,NITZR,44.186244,-93.466072,0, ,0.0,0.0,0.0,0.0,2,12000,0,1,280,0,0,0

STAR,NITZR3,RRAZZ,4
IF,RRAZZ,43.283333,-93.551389, ,0.0,0.0,0,0,0,0,0,0,0,0
TF,KBEEE,43.497175,-93.532689,0, ,0.0,0.0,0.0,0.0,2,24000,0,0,0,0,0,0
TF,DEMLL,43.965278,-93.491389,0, ,0.0,0.0,0.0,0.0,2,16000,0,1,280,0,0,0
TF,NITZR,44.186244,-93.466072,0, ,0.0,0.0,0.0,0.0,2,12000,0,1,280,0,0,0

STAR,NITZR3,ALL,5
IF,NITZR,44.186244,-93.466072, ,0.0,0.0,2,12000,0,1,280,0,0,0
TF,WRSAW,44.248283,-93.431961,0, ,0.0,0.0,0.0,0.0,2,11000,0,0,0,0,0,0
TF,DAHRL,44.364867,-93.366875,0, ,0.0,0.0,0.0,0.0,0,0,0,0,0,0,0,0

STAR,NITZR3,04,6
IF,DAHRL,44.364867,-93.366875, ,0.0,0.0,0,0,0,0,0,0,0,0
TF,GDNEE,44.511403,-93.266275,0, ,0.0,0.0,0.0,0.0,0,0,0,0,0,0,0,0
TF,ELLKO,44.595136,-93.207311,0, ,0.0,0.0,0.0,0.0,2,11000,0,1,250,0,0,0
TF,SAVVG,44.691692,-93.219403,0, ,0.0,0.0,0.0,0.0,1,10000,0,0,0,0,0,0
TF,GREAK,44.805389,-93.317936,0, ,0.0,0.0,0.0,0.0,1,8000,0,1,230,0,0,0
TF,DOLEE,44.900747,-93.543339,0, ,0.0,0.0,0.0,0.0,0,0,0,0,0,0,0,1
FM,DOLEE,44.900747,-93.543339,0,ELO,0.0,0.0,301.0,0,0,0,0,0,0,0,0

STAR,NITZR3,12L,6
IF,DAHRL,44.364867,-93.366875, ,0.0,0.0,0,0,0,0,0,0,0,0
TF,GDNEE,44.511403,-93.266275,0, ,0.0,0.0,0.0,0.0,0,0,0,0,0,0,0,0
TF,ELLKO,44.595136,-93.207311,0, ,0.0,0.0,0.0,0.0,2,11000,0,1,250,0,0,0
TF,SAVVG,44.691692,-93.219403,0, ,0.0,0.0,0.0,0.0,1,10000,0,0,0,0,0,0
TF,CMMOE,44.962633,-93.106194,0, ,0.0,0.0,0.0,0.0,1,8000,0,1,230,0,0,0
TF,COZZZ,45.054344,-93.319561,0, ,0.0,0.0,0.0,0.0,0,0,0,0,0,0,0,1
FM,COZZZ,45.054344,-93.319561,0,ELO,0.0,0.0,301.0,0,0,0,0,0,0,0,0

STAR,NITZR3,12R,6
IF,DAHRL,44.364867,-93.366875, ,0.0,0.0,0,0,0,0,0,0,0,0
TF,GDNEE,44.511403,-93.266275,0, ,0.0,0.0,0.0,0.0,0,0,0,0,0,0,0,0
TF,ELLKO,44.595136,-93.207311,0, ,0.0,0.0,0.0,0.0,2,11000,0,1,250,0,0,0
TF,SAVVG,44.691692,-93.219403,0, ,0.0,0.0,0.0,0.0,1,10000,0,0,0,0,0,0
TF,GREAK,44.805389,-93.317936,0, ,0.0,0.0,0.0,0.0,1,8000,0,1,230,0,0,0
TF,DOLEE,44.900747,-93.543339,0, ,0.0,0.0,0.0,0.0,0,0,0,0,0,0,0,1
FM,DOLEE,44.900747,-93.543339,0,ELO,0.0,0.0,301.0,0,0,0,0,0,0,0,0

STAR,NITZR3,17,6
IF,DAHRL,44.364867,-93.366875, ,0.0,0.0,0,0,0,0,0,0,0,0
TF,GDNEE,44.511403,-93.266275,0, ,0.0,0.0,0.0,0.0,0,0,0,0,0,0,0,0
TF,ELLKO,44.595136,-93.207311,0, ,0.0,0.0,0.0,0.0,2,11000,0,1,250,0,0,0
TF,SAVVG,44.691692,-93.219403,0, ,0.0,0.0,0.0,0.0,1,10000,0,0,0,0,0,0
TF,GREAK,44.805389,-93.317936,0, ,0.0,0.0,0.0,0.0,1,8000,0,1,230,0,0,0
TF,DOLEE,44.900747,-93.543339,0, ,0.0,0.0,0.0,0.0,0,0,0,0,0,0,0,1
FM,DOLEE,44.900747,-93.543339,0,ELO,0.0,0.0,301.0,0,0,0,0,0,0,0,0

STAR,NITZR3,22,6
IF,DAHRL,44.364867,-93.366875, ,0.0,0.0,0,0,0,0,0,0,0,0
TF,GDNEE,44.511403,-93.266275,0, ,0.0,0.0,0.0,0.0,0,0,0,0,0,0,0,0
TF,ELLKO,44.595136,-93.207311,0, ,0.0,0.0,0.0,0.0,2,11000,0,1,250,0,0,0
TF,SAVVG,44.691692,-93.219403,0, ,0.0,0.0,0.0,0.0,1,10000,0,0,0,0,0,0
TF,GREAK,44.805389,-93.317936,0, ,0.0,0.0,0.0,0.0,1,8000,0,1,230,0,0,0
TF,DOLEE,44.900747,-93.543339,0, ,0.0,0.0,0.0,0.0,0,0,0,0,0,0,0,1
FM,DOLEE,44.900747,-93.543339,0,ELO,0.0,0.0,301.0,0,0,0,0,0,0,0,0

STAR,NITZR3,30L,6
IF,DAHRL,44.364867,-93.366875, ,0.0,0.0,0,0,0,0,0,0,0,0
TF,AANAH,44.428156,-93.322008,0, ,0.0,0.0,0.0,0.0,1,10000,0,1,250,0,0,0
TF,WBSTR,44.475817,-93.287253,0, ,0.0,0.0,0.0,0.0,2,9000,0,0,0,0,0,0
TF,CANDD,44.606336,-93.014150,0, ,0.0,0.0,0.0,0.0,1,7000,0,1,230,0,0,0
TF,HAPTN,44.628369,-92.991836,0, ,0.0,0.0,0.0,0.0,1,7000,0,1,210,0,0,0

STAR,NITZR3,30R,6
IF,DAHRL,44.364867,-93.366875, ,0.0,0.0,0,0,0,0,0,0,0,0
TF,AANAH,44.428156,-93.322008,0, ,0.0,0.0,0.0,0.0,1,10000,0,1,250,0,0,0
TF,WBSTR,44.475817,-93.287253,0, ,0.0,0.0,0.0,0.0,2,9000,0,0,0,0,0,0
TF,CANDD,44.606336,-93.014150,0, ,0.0,0.0,0.0,0.0,1,7000,0,1,230,0,0,0
TF,HAPTN,44.628369,-92.991836,0, ,0.0,0.0,0.0,0.0,1,7000,0,1,210,0,0,0

STAR,NITZR3,35,6
IF,DAHRL,44.364867,-93.366875, ,0.0,0.0,0,0,0,0,0,0,0,0
TF,SHILD,44.394922,-93.346914,0, ,0.0,0.0,0.0,0.0,1,9000,0,1,230,0,0,0
TF,GDNEE,44.511403,-93.266275,0, ,0.0,0.0,0.0,0.0,0,0,0,0,0,0,0,0
TF,NNEWW,44.534439,-93.252697,0, ,0.0,0.0,0.0,0.0,1,7000,0,0,0,0,0,0

STAR,SKETR5,RWF,1
IF,RWF,44.467275,-95.128231, ,0.0,0.0,0,0,0,0,0,0,0,0
TF,SKETR,44.642775,-94.374808,0, ,0.0,0.0,0.0,0.0,0,0,0,0,0,0,0,0

STAR,SKETR5,ALL,2
IF,SKETR,44.642775,-94.374808, ,0.0,0.0,0,0,0,0,0,0,0,0
TF,SHONN,44.693442,-94.152206,0, ,0.0,0.0,0.0,0.0,0,0,0,0,0,0,0,0
TF,NORWD,44.748547,-93.907564,0, ,0.0,0.0,0.0,0.0,0,0,0,0,0,0,0,0
TF,JAEDN,44.788931,-93.726500,0, ,0.0,0.0,0.0,0.0,0,0,0,0,0,0,0,0
TF,MONKY,44.852528,-93.438203,0, ,0.0,0.0,0.0,0.0,0,0,0,0,0,0,0,0

STAR,SKETR5,04,3
IF,MONKY,44.852528,-93.438203, ,0.0,0.0,0,0,0,0,0,0,0,0
FM,MONKY,44.852528,-93.438203,0,LNR,0.0,0.0,71.0,0,0,0,0,0,0,0,0

STAR,SKETR5,12L,3
IF,MONKY,44.852528,-93.438203, ,0.0,0.0,0,0,0,0,0,0,0,0
FM,MONKY,44.852528,-93.438203,0,LNR,0.0,0.0,71.0,0,0,0,0,0,0,0,0

STAR,SKETR5,12R,3
IF,MONKY,44.852528,-93.438203, ,0.0,0.0,0,0,0,0,0,0,0,0
FM,MONKY,44.852528,-93.438203,0,LNR,0.0,0.0,71.0,0,0,0,0,0,0,0,0

STAR,SKETR5,17,3
IF,MONKY,44.852528,-93.438203, ,0.0,0.0,0,0,0,0,0,0,0,0
FM,MONKY,44.852528,-93.438203,0,LNR,0.0,0.0,71.0,0,0,0,0,0,0,0,0

STAR,SKETR5,22,3
IF,MONKY,44.852528,-93.438203, ,0.0,0.0,0,0,0,0,0,0,0,0
FM,MONKY,44.852528,-93.438203,0,LNR,0.0,0.0,71.0,0,0,0,0,0,0,0,0

STAR,SKETR5,30L,3
IF,MONKY,44.852528,-93.438203, ,0.0,0.0,0,0,0,0,0,0,0,0
VM,44.881972,-93.221778,0,120.0,0,0,0,0,0,0,0,0

STAR,SKETR5,30R,3
IF,MONKY,44.852528,-93.438203, ,0.0,0.0,0,0,0,0,0,0,0,0
VM,44.881972,-93.221778,0,120.0,0,0,0,0,0,0,0,0

STAR,SKETR5,35,3
IF,MONKY,44.852528,-93.438203, ,0.0,0.0,0,0,0,0,0,0,0,0
TF,CHYMP,44.859875,-93.404606,0, ,0.0,0.0,0.0,0.0,0,0,0,0,0,0,0,0
VM,44.881972,-93.221778,2,170.0,0,0,0,0,0,0,0,0

STAR,TORGY3,ERICX,4
IF,ERICX,44.457500,-95.184167, ,0.0,0.0,2,24000,0,1,280,0,0,0
TF,TORGY,44.643578,-94.375292,0, ,0.0,0.0,0.0,0.0,2,13000,0,1,280,0,0,0

STAR,TORGY3,SSWAN,4
IF,SSWAN,44.157222,-95.953611, ,0.0,0.0,0,0,0,0,0,0,0,0
TF,ERICX,44.457500,-95.184167,0, ,0.0,0.0,0.0,0.0,2,24000,0,1,280,0,0,0
TF,TORGY,44.643578,-94.375292,0, ,0.0,0.0,0.0,0.0,2,13000,0,1,280,0,0,0

STAR,TORGY3,UFFDA,4
IF,UFFDA,44.496111,-96.090278, ,0.0,0.0,0,0,0,0,0,0,0,0
TF,ERICX,44.457500,-95.184167,0, ,0.0,0.0,0.0,0.0,2,24000,0,1,280,0,0,0
TF,TORGY,44.643578,-94.375292,0, ,0.0,0.0,0.0,0.0,2,13000,0,1,280,0,0,0

STAR,TORGY3,ALL,5
IF,TORGY,44.643578,-94.375292, ,0.0,0.0,2,13000,0,1,280,0,0,0
TF,OFSON,44.673703,-94.241386,0, ,0.0,0.0,0.0,0.0,2,11000,0,0,0,0,0,0
TF,HMBRG,44.701125,-94.119575,0, ,0.0,0.0,0.0,0.0,0,0,0,0,0,0,0,0
TF,CONIA,44.752906,-93.888072,0, ,0.0,0.0,0.0,0.0,0,0,0,0,0,0,0,0

STAR,TORGY3,04,6
IF,CONIA,44.752906,-93.888072, ,0.0,0.0,0,0,0,0,0,0,0,0
TF,JAEDN,44.788931,-93.726500,0, ,0.0,0.0,0.0,0.0,2,10000,0,1,250,0,0,0
TF,HDEEE,44.854050,-93.431003,0, ,0.0,0.0,0.0,0.0,2,9000,0,0,0,0,0,0
TF,MAUER,44.781717,-93.264283,0, ,0.0,0.0,0.0,0.0,1,8000,0,1,210,0,0,0
TF,JJENI,44.684669,-93.038689,0, ,0.0,0.0,0.0,0.0,0,0,0,0,0,0,0,1
FM,JJENI,44.684669,-93.038689,0,LNR,0.0,0.0,121.0,0,0,0,0,0,0,0,0

STAR,TORGY3,12L,6
IF,CONIA,44.752906,-93.888072, ,0.0,0.0,0,0,0,0,0,0,0,0
TF,SPUKI,44.898497,-93.704194,0, ,0.0,0.0,0.0,0.0,1,7000,0,1,230,0,0,0
TF,KRUGG,44.923256,-93.672794,0, ,0.0,0.0,0.0,0.0,1,7000,0,1,210,0,0,0

STAR,TORGY3,12R,6
IF,CONIA,44.752906,-93.888072, ,0.0,0.0,0,0,0,0,0,0,0,0
TF,SPUKI,44.898497,-93.704194,0, ,0.0,0.0,0.0,0.0,1,7000,0,1,230,0,0,0
TF,KRUGG,44.923256,-93.672794,0, ,0.0,0.0,0.0,0.0,1,7000,0,1,210,0,0,0

STAR,TORGY3,17,6
IF,CONIA,44.752906,-93.888072, ,0.0,0.0,0,0,0,0,0,0,0,0
TF,JAEDN,44.788931,-93.726500,0, ,0.0,0.0,0.0,0.0,2,10000,0,1,250,0,0,0
TF,HDEEE,44.854050,-93.431003,0, ,0.0,0.0,0.0,0.0,2,9000,0,0,0,0,0,0
TF,MAUER,44.781717,-93.264283,0, ,0.0,0.0,0.0,0.0,1,8000,0,1,210,0,0,0
TF,JJENI,44.684669,-93.038689,0, ,0.0,0.0,0.0,0.0,0,0,0,0,0,0,0,1
FM,JJENI,44.684669,-93.038689,0,LNR,0.0,0.0,121.0,0,0,0,0,0,0,0,0

STAR,TORGY3,22,6
IF,CONIA,44.752906,-93.888072, ,0.0,0.0,0,0,0,0,0,0,0,0
TF,JAEDN,44.788931,-93.726500,0, ,0.0,0.0,0.0,0.0,2,10000,0,1,250,0,0,0
TF,HDEEE,44.854050,-93.431003,0, ,0.0,0.0,0.0,0.0,2,9000,0,0,0,0,0,0
TF,MAUER,44.781717,-93.264283,0, ,0.0,0.0,0.0,0.0,1,8000,0,1,210,0,0,0
TF,JJENI,44.684669,-93.038689,0, ,0.0,0.0,0.0,0.0,0,0,0,0,0,0,0,1
FM,JJENI,44.684669,-93.038689,0,LNR,0.0,0.0,121.0,0,0,0,0,0,0,0,0

STAR,TORGY3,30L,6
IF,CONIA,44.752906,-93.888072, ,0.0,0.0,0,0,0,0,0,0,0,0
TF,JAEDN,44.788931,-93.726500,0, ,0.0,0.0,0.0,0.0,2,10000,0,1,250,0,0,0
TF,HDEEE,44.854050,-93.431003,0, ,0.0,0.0,0.0,0.0,2,9000,0,0,0,0,0,0
TF,MAUER,44.781717,-93.264283,0, ,0.0,0.0,0.0,0.0,1,8000,0,1,210,0,0,0
TF,JJENI,44.684669,-93.038689,0, ,0.0,0.0,0.0,0.0,0,0,0,0,0,0,0,1
FM,JJENI,44.684669,-93.038689,0,LNR,0.0,0.0,121.0,0,0,0,0,0,0,0,0

STAR,TORGY3,30R,6
IF,CONIA,44.752906,-93.888072, ,0.0,0.0,0,0,0,0,0,0,0,0
TF,JAEDN,44.788931,-93.726500,0, ,0.0,0.0,0.0,0.0,2,10000,0,1,250,0,0,0
TF,HDEEE,44.854050,-93.431003,0, ,0.0,0.0,0.0,0.0,2,9000,0,0,0,0,0,0
TF,OSMOH,44.963875,-93.109514,0, ,0.0,0.0,0.0,0.0,1,8000,0,1,210,0,0,0
TF,IRRRV,44.891900,-92.947311,0, ,0.0,0.0,0.0,0.0,0,0,0,0,0,0,0,1
FM,IRRRV,44.891900,-92.947311,0,LNR,0.0,0.0,122.0,0,0,0,0,0,0,0,0

STAR,TORGY3,35,6
IF,CONIA,44.752906,-93.888072, ,0.0,0.0,0,0,0,0,0,0,0,0
TF,JAEDN,44.788931,-93.726500,0, ,0.0,0.0,0.0,0.0,2,10000,0,1,250,0,0,0
TF,HDEEE,44.854050,-93.431003,0, ,0.0,0.0,0.0,0.0,2,9000,0,0,0,0,0,0
TF,BRNVL,44.804550,-93.316511,0, ,0.0,0.0,0.0,0.0,1,8000,0,1,210,0,0,0
TF,GWAIT,44.659217,-93.310264,0, ,0.0,0.0,0.0,0.0,0,0,0,0,0,0,0,1
FM,GWAIT,44.659217,-93.310264,0,LNR,0.0,0.0,176.0,0,0,0,0,0,0,0,0

STAR,TWOLF3,FOD,1
IF,FOD,42.611125,-94.294817, ,0.0,0.0,0,0,0,0,0,0,0,0
TF,TICKT,42.895097,-93.983425,0, ,0.0,0.0,0.0,0.0,0,0,0,0,0,0,0,0
TF,TWOLF,43.283372,-93.551431,0, ,0.0,0.0,0.0,0.0,0,0,0,0,0,0,0,0

STAR,TWOLF3,ALL,2
IF,TWOLF,43.283372,-93.551431, ,0.0,0.0,0,0,0,0,0,0,0,0
TF,KGEEE,43.749036,-93.507914,0, ,0.0,0.0,0.0,0.0,0,0,0,0,0,0,0,0
TF,LYNKS,44.114875,-93.473247,0, ,0.0,0.0,0.0,0.0,0,0,0,0,0,0,0,0
TF,TRGET,44.231272,-93.462125,0, ,0.0,0.0,0.0,0.0,0,0,0,0,0,0,0,0

STAR,TWOLF3,04,3
IF,TRGET,44.231272,-93.462125, ,0.0,0.0,0,0,0,0,0,0,0,0
TF,PIKKL,44.380331,-93.358203,0, ,0.0,0.0,0.0,0.0,0,0,0,0,0,0,0,0
TF,GDNEE,44.511403,-93.266275,0, ,0.0,0.0,0.0,0.0,0,0,0,0,0,0,0,0
TF,FGT,44.630944,-93.182053,0, ,0.0,0.0,0.0,0.0,0,0,0,0,0,0,0,0

STAR,TWOLF3,12L,3
IF,TRGET,44.231272,-93.462125, ,0.0,0.0,0,0,0,0,0,0,0,0
TF,PIKKL,44.380331,-93.358203,0, ,0.0,0.0,0.0,0.0,0,0,0,0,0,0,0,0
TF,GDNEE,44.511403,-93.266275,0, ,0.0,0.0,0.0,0.0,0,0,0,0,0,0,0,0
TF,FGT,44.630944,-93.182053,0, ,0.0,0.0,0.0,0.0,0,0,0,0,0,0,0,0
TF,SLIKK,44.798361,-93.286800,0, ,0.0,0.0,0.0,0.0,0,0,0,0,0,0,0,0
VM,44.881972,-93.221778,0,300.0,0,0,0,0,0,0,0,0

STAR,TWOLF3,12R,3
IF,TRGET,44.231272,-93.462125, ,0.0,0.0,0,0,0,0,0,0,0,0
TF,PIKKL,44.380331,-93.358203,0, ,0.0,0.0,0.0,0.0,0,0,0,0,0,0,0,0
TF,GDNEE,44.511403,-93.266275,0, ,0.0,0.0,0.0,0.0,0,0,0,0,0,0,0,0
TF,FGT,44.630944,-93.182053,0, ,0.0,0.0,0.0,0.0,0,0,0,0,0,0,0,0
TF,SLIKK,44.798361,-93.286800,0, ,0.0,0.0,0.0,0.0,0,0,0,0,0,0,0,0
VM,44.881972,-93.221778,0,300.0,0,0,0,0,0,0,0,0

STAR,TWOLF3,17,3
IF,TRGET,44.231272,-93.462125, ,0.0,0.0,0,0,0,0,0,0,0,0
TF,PIKKL,44.380331,-93.358203,0, ,0.0,0.0,0.0,0.0,0,0,0,0,0,0,0,0
TF,GDNEE,44.511403,-93.266275,0, ,0.0,0.0,0.0,0.0,0,0,0,0,0,0,0,0
TF,FGT,44.630944,-93.182053,0, ,0.0,0.0,0.0,0.0,0,0,0,0,0,0,0,0

STAR,TWOLF3,22,3
IF,TRGET,44.231272,-93.462125, ,0.0,0.0,0,0,0,0,0,0,0,0
TF,PIKKL,44.380331,-93.358203,0, ,0.0,0.0,0.0,0.0,0,0,0,0,0,0,0,0
TF,GDNEE,44.511403,-93.266275,0, ,0.0,0.0,0.0,0.0,0,0,0,0,0,0,0,0
TF,FGT,44.630944,-93.182053,0, ,0.0,0.0,0.0,0.0,0,0,0,0,0,0,0,0

STAR,TWOLF3,30L,3
IF,TRGET,44.231272,-93.462125, ,0.0,0.0,0,0,0,0,0,0,0,0
TF,PIKKL,44.380331,-93.358203,0, ,0.0,0.0,0.0,0.0,0,0,0,0,0,0,0,0
TF,GDNEE,44.511403,-93.266275,0, ,0.0,0.0,0.0,0.0,0,0,0,0,0,0,0,0
TF,FGT,44.630944,-93.182053,0, ,0.0,0.0,0.0,0.0,0,0,0,0,0,0,0,0

STAR,TWOLF3,30R,3
IF,TRGET,44.231272,-93.462125, ,0.0,0.0,0,0,0,0,0,0,0,0
TF,PIKKL,44.380331,-93.358203,0, ,0.0,0.0,0.0,0.0,0,0,0,0,0,0,0,0
TF,GDNEE,44.511403,-93.266275,0, ,0.0,0.0,0.0,0.0,0,0,0,0,0,0,0,0
TF,FGT,44.630944,-93.182053,0, ,0.0,0.0,0.0,0.0,0,0,0,0,0,0,0,0

STAR,TWOLF3,35,3
IF,TRGET,44.231272,-93.462125, ,0.0,0.0,0,0,0,0,0,0,0,0
TF,PIKKL,44.380331,-93.358203,0, ,0.0,0.0,0.0,0.0,0,0,0,0,0,0,0,0
TF,GDNEE,44.511403,-93.266275,0, ,0.0,0.0,0.0,0.0,0,0,0,0,0,0,0,0
TF,FGT,44.630944,-93.182053,0, ,0.0,0.0,0.0,0.0,0,0,0,0,0,0,0,0

APPTR,I12L,12L,CCJAY
IF,CCJAY,45.058517,-93.606233, ,0.0,0.0,0,0,0,0,0,0,1,0
TF,UBTYA,45.031508,-93.543033,0, ,0.0,0.0,0.0,0.0,2,6000,0,0,0,0,0,0
TF,ALGIN,45.004464,-93.479886,0, ,0.0,0.0,0.0,0.0,2,5000,0,0,0,0,0,0
CF,HAMML,44.977383,-93.416794,0,IPJL,301.4,11.2,121.0,3.1,2,4000,0,0,0,0,1,0

APPTR,I12L,12L,KAYQU
IF,KAYQU,45.179953,-93.485997, ,0.0,0.0,1,7000,0,1,210,0,1,0
TF,SHUUT,45.070694,-93.488597,0, ,0.0,0.0,0.0,0.0,2,5000,0,0,0,0,0,0
CF,HAMML,44.977383,-93.416794,0,IPJL,301.4,11.2,151.0,6.4,2,4000,0,0,0,0,1,0

FINAL,I12L,12L,I,3
IF,HAMML,44.977383,-93.416794,IPJL,301.4,11.2,2,4000,0,0,0,0,0,0
CF,WASHY,44.950267,-93.353761,0,IPJL,301.4,8.0,121.0,3.1,1,3000,0,0,0,0,2,0
CF,RW12L,44.892953,-93.220992,0,IPJL,301.4,1.4,121.0,6.6,1,891,0,0,0,0,3,0
CA,0,121.0,2,1300,0,0,0,0,0,0
CF,KANAC,44.867197,-92.931428,0,MSP,95.6,13.1,96.0,12.0,2,3000,0,0,0,0,0,0
HM,KANAC,44.867197,-92.931428,2, ,0.0,0.0,276.0,04.3,0,0,0,0,0,0,0,0,0

APPTR,I12R,12R,KRUGG
IF,KRUGG,44.923256,-93.672794, ,0.0,0.0,1,7000,0,1,210,0,1,0
TF,EFEXX,44.982356,-93.595147,0, ,0.0,0.0,0.0,0.0,2,6000,0,0,0,0,0,0
CF,ZESTY,44.972192,-93.429850,0,IHKZ,301.4,11.5,95.0,7.1,2,4000,0,0,0,0,1,0

APPTR,I12R,12R,PAETN
IF,PAETN,45.053325,-93.619275, ,0.0,0.0,0,0,0,0,0,0,1,0
TF,UTHNK,45.026317,-93.556075,0, ,0.0,0.0,0.0,0.0,2,6000,0,0,0,0,0,0
TF,WAYZA,44.999272,-93.492936,0, ,0.0,0.0,0.0,0.0,2,5000,0,0,0,0,0,0
CF,ZESTY,44.972192,-93.429850,0,IHKZ,301.4,11.5,121.0,3.1,2,4000,0,0,0,0,1,0

FINAL,I12R,12R,I,3
IF,ZESTY,44.972192,-93.429850,IHKZ,301.4,11.5,2,4000,0,0,0,0,0,0
CF,KINNS,44.945081,-93.366808,0,IHKZ,301.4,8.4,121.0,3.1,1,3000,0,0,0,0,2,0
CF,RW12R,44.887789,-93.234131,0,IHKZ,301.4,1.8,121.0,6.6,1,892,0,0,0,0,3,0
CA,0,121.0,2,1300,0,0,0,0,0,0
DF,FGT,44.630944,-93.182053,0, ,0.0,0.0,2,3000,0,0,0,0,0,0
HM,FGT,44.630944,-93.182053,2, ,0.0,0.0,358.0,04.3,0,0,0,0,0,0,0,0,0

APPTR,I30L,30L,GEEQU
IF,GEEQU,44.770808,-92.755350, ,0.0,0.0,1,7000,0,1,210,0,1,0
TF,PIGZI,44.760728,-92.942092,0, ,0.0,0.0,0.0,0.0,2,5000,0,0,0,0,0,0
CF,AABEZ,44.788083,-93.004711,0,IMSP,121.3,11.7,301.0,3.1,2,4000,0,0,0,0,1,0

APPTR,I30L,30L,HAPTN
IF,HAPTN,44.628369,-92.991836, ,0.0,0.0,1,7000,0,1,210,0,1,0
TF,DBLEM,44.700117,-92.911903,0, ,0.0,0.0,0.0,0.0,2,6000,0,0,0,0,0,0
CF,AABEZ,44.788083,-93.004711,0,IMSP,121.3,11.7,323.0,6.6,2,4000,0,0,0,0,1,0

APPTR,I30L,30L,HASTI
IF,HASTI,44.705917,-92.817036, ,0.0,0.0,2,7000,0,0,0,0,1,0
TF,PINKE,44.733339,-92.879533,0, ,0.0,0.0,0.0,0.0,2,6000,0,0,0,0,0,0
TF,PIGZI,44.760728,-92.942092,0, ,0.0,0.0,0.0,0.0,2,5000,0,0,0,0,0,0
CF,AABEZ,44.788083,-93.004711,0,IMSP,121.3,11.7,301.0,3.1,2,4000,0,0,0,0,1,0

FINAL,I30L,30L,I,3
IF,AABEZ,44.788083,-93.004711,IMSP,121.3,11.7,2,4000,0,0,0,0,0,0
CF,NARCO,44.815411,-93.067397,0,IMSP,121.3,8.5,301.0,3.1,1,3000,0,0,0,0,2,0
CF,RW30L,44.873522,-93.201186,0,IMSP,121.3,1.9,301.0,6.7,1,869,0,0,0,0,3,0
CA,0,301.0,2,1300,0,0,0,0,0,0
CF,WOXEB,45.053250,-93.618989,0,MSP,298.1,18.8,298.0,20.0,2,3000,0,0,0,0,0,0
HM,WOXEB,45.053250,-93.618989,2, ,0.0,0.0,56.0,04.3,0,0,0,0,0,0,0,0,0

APPTR,I30R,30R,GEEQU
IF,GEEQU,44.770808,-92.755350, ,0.0,0.0,1,7000,0,1,210,0,1,0
CF,SAMMZ,44.796283,-92.998475,0,IINN,121.3,11.3,278.0,10.5,2,4000,0,0,0,0,1,0

APPTR,I30R,30R,GROVZ
IF,GROVZ,44.714142,-92.810753, ,0.0,0.0,0,0,0,0,0,0,1,0
TF,WULAM,44.741556,-92.873264,0, ,0.0,0.0,0.0,0.0,2,6000,0,0,0,0,0,0
TF,BONNA,44.768936,-92.935839,0, ,0.0,0.0,0.0,0.0,2,5000,0,0,0,0,0,0
CF,SAMMZ,44.796283,-92.998475,0,IINN,121.3,11.3,301.0,3.1,2,4000,0,0,0,0,1,0

APPTR,I30R,30R,TRTEL
IF,TRTEL,44.865961,-92.761969, ,0.0,0.0,1,7000,0,1,210,0,1,0
TF,SOGGY,44.794525,-92.859197,0, ,0.0,0.0,0.0,0.0,2,5000,0,0,0,0,0,0
CF,SAMMZ,44.796283,-92.998475,0,IINN,121.3,11.3,271.0,6.0,2,4000,0,0,0,0,1,0

FINAL,I30R,30R,I,3
IF,SAMMZ,44.796283,-92.998475,IINN,121.3,11.3,2,4000,0,0,0,0,0,0
CF,JACKO,44.823600,-93.061172,0,IINN,121.3,8.2,301.0,3.1,1,3000,0,0,0,0,2,0
CF,RW30R,44.881539,-93.194631,0,IINN,121.3,1.5,301.0,6.7,1,875,0,0,0,0,3,0
CA,0,301.0,2,1300,0,0,0,0,0,0
DF,GEP,45.145686,-93.373181,0, ,0.0,0.0,2,3000,0,0,0,0,0,0
HM,GEP,45.145686,-93.373181,1, ,0.0,0.0,117.0,04.3,0,0,0,0,0,0,0,0,0

APPTR,I35-Z,35,JAMEZ
IF,JAMEZ,44.540064,-93.152422, ,0.0,0.0,2,7000,0,0,0,0,1,0
TF,OBERR,44.597269,-93.167128,0, ,0.0,0.0,0.0,0.0,2,6000,0,0,0,0,0,0
TF,SSTAR,44.654586,-93.181867,0, ,0.0,0.0,0.0,0.0,2,5000,0,0,0,0,0,0
CF,ROZEE,44.706044,-93.195150,0,IBMA,169.5,11.3,350.0,3.1,2,4000,0,0,0,0,1,0

APPTR,I35-Z,35,NNEWW
IF,NNEWW,44.534439,-93.252697, ,0.0,0.0,1,7000,0,0,0,0,1,0
FC,NNEWW,44.534439,-93.252697,0,FGT,0.0,0.0,13.0,6.6,2,4000,0,0,0,0,0,0
CF,ROZEE,44.706044,-93.195150,0,IBMA,169.5,11.3,13.0,4.0,2,4000,0,0,0,0,1,0

FINAL,I35-Z,35,I,3
IF,ROZEE,44.706044,-93.195150,IBMA,169.5,11.3,2,4000,0,0,0,0,0,0
CF,LORAH,44.757508,-93.208461,0,IBMA,169.5,8.1,350.0,3.1,1,3000,0,0,0,0,2,0
CF,RW35,44.866178,-93.236644,0,IBMA,169.5,1.5,350.0,6.6,1,888,0,0,0,0,3,0
CA,0,350.0,2,1600,0,0,0,0,0,0
VI,1, ,0.0,240.0,0,0,0,0,0,0,0,0
CF,LYDIA,44.608167,-93.478942,0,GEP,182.0,32.6,182.0,16.0,2,3000,0,0,0,0,0,0
HM,LYDIA,44.608167,-93.478942,2, ,0.0,0.0,2.0,04.3,0,0,0,0,0,0,0,0,0

APPTR,L04,04,LYDIA
IF,LYDIA,44.608167,-93.478942, ,0.0,0.0,0,0,0,0,0,0,1,0
TF,CFBKK,44.700383,-93.478942,0, ,0.0,0.0,0.0,0.0,2,2700,0,0,0,0,0,0
CF,KETAM,44.749167,-93.410853,0,IAPL,225.0,12.4,45.0,4.1,2,2700,0,0,0,0,1,0

FINAL,L04,04,D,3
IF,KETAM,44.749167,-93.410853,IAPL,225.0,12.4,2,2700,0,0,0,0,0,0
CF,IGEPY,44.822947,-93.307581,0,IAPL,225.0,6.2,45.0,6.3,2,2300,0,0,0,0,2,0
CF,RW04,44.875272,-93.234092,0,IAPL,225.0,1.7,45.0,4.4,1,887,0,0,0,0,3,0
CA,0,45.0,2,1500,0,0,0,0,0,0
DF,GEP,45.145686,-93.373181,0, ,0.0,0.0,2,3000,0,0,0,0,0,0
HM,GEP,45.145686,-93.373181,1, ,0.0,0.0,117.0,04.3,0,0,0,0,0,0,0,0,0

APPTR,L17,17,GEP
IF,GEP,45.145686,-93.373181, ,0.0,0.0,0,0,0,0,0,0,1,0
CF,ARJAE,45.084303,-93.293522,0,ITJZ,349.5,13.5,131.0,5.0,2,4000,0,0,0,0,1,0

FINAL,L17,17,D,4
IF,ARJAE,45.084303,-93.293522,ITJZ,349.5,13.5,2,4000,0,0,0,0,0,0
CF,CHETZ,44.983833,-93.267269,0,ITJZ,349.5,7.4,170.0,6.1,2,2800,0,0,0,0,2,0
CF,BOBEE,44.948786,-93.258136,0,ITJZ,349.5,5.2,170.0,2.1,2,2100,0,0,0,0,0,0
CF,RW17,44.887753,-93.242253,0,ITJZ,349.5,1.5,170.0,3.7,1,900,0,0,0,0,3,0
CA,0,170.0,2,1300,0,0,0,0,0,0
DF,FGT,44.630944,-93.182053,0, ,0.0,0.0,2,3000,0,0,0,0,0,0
HM,FGT,44.630944,-93.182053,2, ,0.0,0.0,358.0,04.3,0,0,0,0,0,0,0,0,0

APPTR,L22,22,WAGNR
IF,WAGNR,45.053911,-92.999589, ,0.0,0.0,0,0,0,0,0,0,1,0
TF,CFBKJ,45.042289,-92.998156,0, ,0.0,0.0,0.0,0.0,2,4000,0,0,0,0,0,0
CF,CUSAC,45.023967,-93.024186,0,ISIJ,45.0,13.1,225.0,1.6,2,4000,0,0,0,0,1,0

FINAL,L22,22,D,3
IF,CUSAC,45.023967,-93.024186,ISIJ,45.0,13.1,2,4000,0,0,0,0,0,0
CF,SNELL,44.953342,-93.124081,0,ISIJ,45.0,7.1,225.0,6.0,2,2500,0,0,0,0,2,0
CF,RW22,44.891669,-93.211019,0,ISIJ,45.0,1.8,225.0,5.2,1,889,0,0,0,0,3,0
CA,0,225.0,2,2000,0,0,0,0,0,0
DF,FCM,44.825350,-93.442689,0, ,0.0,0.0,2,3000,0,0,0,0,0,0
HM,FCM,44.825350,-93.442689,2, ,0.0,0.0,85.0,04.3,0,0,0,0,0,0,0,0,0

APPTR,R04,04,LYDIA
IF,LYDIA,44.608167,-93.478942, ,0.0,0.0,0,0,0,0,0,0,1,0
TF,KETAM,44.749167,-93.410853,0, ,0.0,0.0,0.0,0.0,2,2600,0,0,0,0,1,0

FINAL,R04,04,R,3
IF,KETAM,44.749167,-93.410853, ,0.0,0.0,2,2600,0,0,0,0,0,0
TF,IGEPY,44.822947,-93.307581,0, ,0.0,0.0,45.0,6.3,2,2300,0,0,0,0,2,0
TF,RW04,44.875272,-93.234092,0, ,0.0,0.0,45.0,4.4,1,887,0,0,0,0,3,1
CA,0,45.0,2,1300,0,0,0,0,0,0
DF,GEP,45.145686,-93.373181,0, ,0.0,0.0,2,3000,0,0,0,0,0,1
HM,GEP,45.145686,-93.373181,1, ,0.0,0.0,117.0,04,0,0,0,0,0,0,0,0,0

APPTR,R12LY,12L,CCJAY
IF,CCJAY,45.058517,-93.606233, ,0.0,0.0,2,7000,0,0,0,0,1,0
TF,UBTYA,45.031508,-93.543033,0, ,0.0,0.0,0.0,0.0,2,6000,0,0,0,0,0,0
TF,ALGIN,45.004464,-93.479886,0, ,0.0,0.0,0.0,0.0,2,5000,0,0,0,0,0,0
TF,HAMML,44.977383,-93.416794,0, ,0.0,0.0,0.0,0.0,2,4000,0,0,0,0,0,0
TF,WASHY,44.950267,-93.353761,0, ,0.0,0.0,0.0,0.0,2,3000,0,0,0,0,0,0

APPTR,R12LY,12L,CMMOE
IF,CMMOE,44.962633,-93.106194, ,0.0,0.0,1,8000,0,1,230,0,1,0
TF,FSCOT,45.009828,-93.216022,0, ,0.0,0.0,0.0,0.0,2,7000,0,1,210,0,0,0
TF,INGLS,45.037175,-93.279378,0, ,0.0,0.0,0.0,0.0,2,6000,0,0,0,0,0,0
RF,GLDON,45.019428,-93.378442,1,CFMBB,164.9,3.1,2,4500,0,0,0,0,0,0
RF,WASHY,44.950267,-93.353761,1,CFMBB,336.8,3.1,2,3000,0,0,0,0,0,0

APPTR,R12LY,12L,KAYQU
IF,KAYQU,45.179953,-93.485997, ,0.0,0.0,1,7000,0,1,210,0,1,0
TF,SHUUT,45.070694,-93.488597,0, ,0.0,0.0,0.0,0.0,2,5000,0,0,0,0,0,0
TF,HAMML,44.977383,-93.416794,0, ,0.0,0.0,0.0,0.0,2,4000,0,0,0,0,0,0
TF,WASHY,44.950267,-93.353761,0, ,0.0,0.0,0.0,0.0,2,3000,0,0,0,0,0,0

FINAL,R12LY,12L,R,2
IF,WASHY,44.950267,-93.353761, ,0.0,0.0,2,3000,0,0,0,0,2,0
TF,RW12L,44.892953,-93.220992,0, ,0.0,0.0,121.0,6.6,1,891,0,0,0,0,3,1
CA,0,121.0,2,1300,0,0,0,0,0,0
DF,KANAC,44.867197,-92.931428,0, ,0.0,0.0,2,3000,0,0,0,0,0,1
HM,KANAC,44.867197,-92.931428,2, ,0.0,0.0,276.0,04,0,0,0,0,0,0,0,0,0

APPTR,R12LZ,12L,CCJAY
IF,CCJAY,45.058517,-93.606233, ,0.0,0.0,0,0,0,0,0,0,1,0
TF,UBTYA,45.031508,-93.543033,0, ,0.0,0.0,0.0,0.0,2,6000,0,0,0,0,0,0
TF,ALGIN,45.004464,-93.479886,0, ,0.0,0.0,0.0,0.0,2,5000,0,0,0,0,0,0
TF,HAMML,44.977383,-93.416794,0, ,0.0,0.0,0.0,0.0,2,4000,0,0,0,0,1,0

APPTR,R12LZ,12L,KAYQU
IF,KAYQU,45.179953,-93.485997, ,0.0,0.0,1,7000,0,1,210,0,1,0
TF,SHUUT,45.070694,-93.488597,0, ,0.0,0.0,0.0,0.0,2,5000,0,0,0,0,0,0
TF,HAMML,44.977383,-93.416794,0, ,0.0,0.0,0.0,0.0,2,4000,0,0,0,0,1,0

FINAL,R12LZ,12L,R,4
IF,HAMML,44.977383,-93.416794, ,0.0,0.0,2,4000,0,0,0,0,0,0
TF,WASHY,44.950267,-93.353761,0, ,0.0,0.0,121.0,3.1,2,3000,0,0,0,0,2,0
TF,AASUN,44.907678,-93.255044,0, ,0.0,0.0,121.0,4.9,2,1420,0,0,0,0,0,0
TF,RW12L,44.892953,-93.220992,0, ,0.0,0.0,121.0,1.7,1,891,0,0,0,0,3,1
CA,0,121.0,2,1300,0,0,0,0,0,0
DF,KANAC,44.867197,-92.931428,0, ,0.0,0.0,2,3000,0,0,0,0,0,1
HM,KANAC,44.867197,-92.931428,2, ,0.0,0.0,276.0,04,0,0,0,0,0,0,0,0,0

APPTR,R12RY,12R,GREAK
IF,GREAK,44.805389,-93.317936, ,0.0,0.0,1,8000,0,1,230,0,1,0
TF,TIETN,44.855297,-93.434314,0, ,0.0,0.0,0.0,0.0,2,7500,0,1,210,0,0,0
TF,EEDDN,44.884725,-93.503514,0, ,0.0,0.0,0.0,0.0,2,7000,0,0,0,0,0,0
RF,KRLSN,44.979461,-93.464406,2,CFMDF,105.5,3.1,2,4400,0,0,0,0,0,0
RF,ZESTY,44.972192,-93.429850,2,CFMDC,253.1,3.0,2,4000,0,0,0,0,1,0

APPTR,R12RY,12R,KRUGG
IF,KRUGG,44.923256,-93.672794, ,0.0,0.0,1,7000,0,1,210,0,1,0
TF,EFEXX,44.982356,-93.595147,0, ,0.0,0.0,0.0,0.0,2,6000,0,0,0,0,0,0
TF,KRLSN,44.979461,-93.464406,0, ,0.0,0.0,0.0,0.0,2,4400,0,0,0,0,0,0
RF,ZESTY,44.972192,-93.429850,2,CFMDC,300.2,3.0,2,4000,0,0,0,0,1,0

APPTR,R12RY,12R,PAETN
IF,PAETN,45.053325,-93.619275, ,0.0,0.0,2,7000,0,0,0,0,1,0
TF,UTHNK,45.026317,-93.556075,0, ,0.0,0.0,0.0,0.0,2,6000,0,0,0,0,0,0
TF,WAYZA,44.999272,-93.492936,0, ,0.0,0.0,0.0,0.0,2,5000,0,0,0,0,0,0
TF,ZESTY,44.972192,-93.429850,0, ,0.0,0.0,0.0,0.0,2,4000,0,0,0,0,1,0

FINAL,R12RY,12R,R,3
IF,ZESTY,44.972192,-93.429850, ,0.0,0.0,2,4000,0,0,0,0,0,0
TF,KINNS,44.945081,-93.366808,0, ,0.0,0.0,121.0,3.1,2,3000,0,0,0,0,2,0
TF,RW12R,44.887789,-93.234131,0, ,0.0,0.0,121.0,6.6,1,892,0,0,0,0,3,1
CA,0,121.0,2,1300,0,0,0,0,0,0
DF,FGT,44.630944,-93.182053,0, ,0.0,0.0,2,3000,0,0,0,0,0,1
HM,FGT,44.630944,-93.182053,2, ,0.0,0.0,358.0,04,0,0,0,0,0,0,0,0,0

APPTR,R12RZ,12R,KRUGG
IF,KRUGG,44.923256,-93.672794, ,0.0,0.0,1,7000,0,1,210,0,1,0
TF,EFEXX,44.982356,-93.595147,0, ,0.0,0.0,0.0,0.0,2,6000,0,0,0,0,0,0
TF,ZESTY,44.972192,-93.429850,0, ,0.0,0.0,0.0,0.0,2,4000,0,0,0,0,1,0

APPTR,R12RZ,12R,PAETN
IF,PAETN,45.053325,-93.619275, ,0.0,0.0,0,0,0,0,0,0,1,0
TF,UTHNK,45.026317,-93.556075,0, ,0.0,0.0,0.0,0.0,2,6000,0,0,0,0,0,0
TF,WAYZA,44.999272,-93.492936,0, ,0.0,0.0,0.0,0.0,2,5000,0,0,0,0,0,0
TF,ZESTY,44.972192,-93.429850,0, ,0.0,0.0,0.0,0.0,2,4000,0,0,0,0,1,0

FINAL,R12RZ,12R,R,4
IF,ZESTY,44.972192,-93.429850, ,0.0,0.0,2,4000,0,0,0,0,0,0
TF,KINNS,44.945081,-93.366808,0, ,0.0,0.0,121.0,3.1,2,3000,0,0,0,0,2,0
TF,WABBS,44.902519,-93.268175,0, ,0.0,0.0,121.0,4.9,2,1420,0,0,0,0,0,0
TF,RW12R,44.887789,-93.234131,0, ,0.0,0.0,121.0,1.7,1,892,0,0,0,0,3,1
CA,0,121.0,2,1300,0,0,0,0,0,0
DF,FGT,44.630944,-93.182053,0, ,0.0,0.0,2,3000,0,0,0,0,0,1
HM,FGT,44.630944,-93.182053,2, ,0.0,0.0,358.0,04,0,0,0,0,0,0,0,0,0

APPTR,R22,22,WHISK
IF,WHISK,45.139881,-92.962144, ,0.0,0.0,0,0,0,0,0,0,1,0
TF,FATES,45.025294,-93.022317,0, ,0.0,0.0,0.0,0.0,2,4000,0,0,0,0,1,0

FINAL,R22,22,R,3
IF,FATES,45.025294,-93.022317, ,0.0,0.0,2,4000,0,0,0,0,0,0
TF,JALUN,44.954222,-93.122836,0, ,0.0,0.0,225.0,6.0,2,2600,0,0,0,0,2,0
TF,RW22,44.891669,-93.211019,0, ,0.0,0.0,225.0,5.3,1,883,0,0,0,0,3,1
CA,0,225.0,2,1190,0,0,0,0,0,0
DF,JOGTO,44.834675,-93.291122,0, ,0.0,0.0,0,0,0,0,0,0,0,0
TF,FGT,44.630944,-93.182053,0, ,0.0,0.0,0.0,0.0,2,3000,0,0,0,0,0,1
HM,FGT,44.630944,-93.182053,2, ,0.0,0.0,358.0,04,0,0,0,0,0,0,0,0,0

APPTR,R30LY,30L,GEEQU
IF,GEEQU,44.770808,-92.755350, ,0.0,0.0,1,7000,0,1,210,0,1,0
TF,PIGZI,44.760728,-92.942092,0, ,0.0,0.0,0.0,0.0,2,5000,0,0,0,0,0,0
TF,AABEZ,44.788083,-93.004711,0, ,0.0,0.0,0.0,0.0,2,4000,0,0,0,0,1,0

APPTR,R30LY,30L,HAPTN
IF,HAPTN,44.628369,-92.991836, ,0.0,0.0,1,7000,0,1,210,0,1,0
TF,DBLEM,44.700117,-92.911903,0, ,0.0,0.0,0.0,0.0,2,6000,0,0,0,0,0,0
TF,BBUCK,44.773806,-92.983503,0, ,0.0,0.0,0.0,0.0,2,4400,0,0,0,0,0,0
RF,AABEZ,44.788083,-93.004711,1,CFMDG,120.5,3.0,2,4000,0,0,0,0,1,0

APPTR,R30LY,30L,HASTI
IF,HASTI,44.705917,-92.817036, ,0.0,0.0,2,7000,0,0,0,0,1,0
TF,PINKE,44.733339,-92.879533,0, ,0.0,0.0,0.0,0.0,2,6000,0,0,0,0,0,0
TF,PIGZI,44.760728,-92.942092,0, ,0.0,0.0,0.0,0.0,2,5000,0,0,0,0,0,0
TF,AABEZ,44.788083,-93.004711,0, ,0.0,0.0,0.0,0.0,2,4000,0,0,0,0,1,0

APPTR,R30LY,30L,MAUER
IF,MAUER,44.781717,-93.264283, ,0.0,0.0,1,8000,0,1,210,0,1,0
TF,LEDRZ,44.740994,-93.170094,0, ,0.0,0.0,0.0,0.0,2,7500,0,0,0,0,0,0
TF,TONEE,44.701742,-93.078133,0, ,0.0,0.0,0.0,0.0,2,7000,0,0,0,0,0,0
RF,BBUCK,44.773806,-92.983503,1,CFMDH,313.3,3.0,2,4400,0,0,0,0,0,0
RF,AABEZ,44.788083,-93.004711,1,CFMDG,358.9,3.0,2,4000,0,0,0,0,1,0

FINAL,R30LY,30L,R,3
IF,AABEZ,44.788083,-93.004711, ,0.0,0.0,2,4000,0,0,0,0,0,0
TF,NARCO,44.815411,-93.067397,0, ,0.0,0.0,302.0,3.1,2,3000,0,0,0,0,2,0
TF,RW30L,44.873522,-93.201186,0, ,0.0,0.0,301.0,6.7,1,869,0,0,0,0,3,1
TF,WOXEB,45.053250,-93.618989,0, ,0.0,0.0,0.0,0.0,2,3000,0,0,0,0,0,1
HM,WOXEB,45.053250,-93.618989,2, ,0.0,0.0,56.0,04,0,0,0,0,0,0,0,0,0

APPTR,R30LZ,30L,GEEQU
IF,GEEQU,44.770808,-92.755350, ,0.0,0.0,1,7000,0,1,210,0,1,0
TF,PIGZI,44.760728,-92.942092,0, ,0.0,0.0,0.0,0.0,2,5000,0,0,0,0,0,0
TF,AABEZ,44.788083,-93.004711,0, ,0.0,0.0,0.0,0.0,2,4000,0,0,0,0,1,0

APPTR,R30LZ,30L,HAPTN
IF,HAPTN,44.628369,-92.991836, ,0.0,0.0,1,7000,0,1,210,0,1,0
TF,DBLEM,44.700117,-92.911903,0, ,0.0,0.0,0.0,0.0,2,6000,0,0,0,0,0,0
TF,AABEZ,44.788083,-93.004711,0, ,0.0,0.0,0.0,0.0,2,4000,0,0,0,0,1,0

APPTR,R30LZ,30L,HASTI
IF,HASTI,44.705917,-92.817036, ,0.0,0.0,2,7000,0,0,0,0,1,0
TF,PINKE,44.733339,-92.879533,0, ,0.0,0.0,0.0,0.0,2,6000,0,0,0,0,0,0
TF,PIGZI,44.760728,-92.942092,0, ,0.0,0.0,0.0,0.0,2,5000,0,0,0,0,0,0
TF,AABEZ,44.788083,-93.004711,0, ,0.0,0.0,0.0,0.0,2,4000,0,0,0,0,1,0

FINAL,R30LZ,30L,R,4
IF,AABEZ,44.788083,-93.004711, ,0.0,0.0,2,4000,0,0,0,0,0,0
TF,NARCO,44.815411,-93.067397,0, ,0.0,0.0,302.0,3.1,2,3000,0,0,0,0,2,0
TF,EAGAN,44.855300,-93.159167,0, ,0.0,0.0,301.0,4.6,2,1520,0,0,0,0,0,0
TF,RW30L,44.873522,-93.201186,0, ,0.0,0.0,301.0,2.1,1,869,0,0,0,0,3,1
CA,0,301.0,2,1023,0,0,0,0,0,0
DF,WOXEB,45.053250,-93.618989,0, ,0.0,0.0,2,3000,0,0,0,0,0,1
HM,WOXEB,45.053250,-93.618989,2, ,0.0,0.0,56.0,04,0,0,0,0,0,0,0,0,0

APPTR,R30RY,30R,GEEQU
IF,GEEQU,44.770808,-92.755350, ,0.0,0.0,1,7000,0,1,210,0,1,0
TF,SAMMZ,44.796283,-92.998475,0, ,0.0,0.0,0.0,0.0,2,4000,0,0,0,0,0,0
TF,JACKO,44.823600,-93.061172,0, ,0.0,0.0,0.0,0.0,2,3000,0,0,0,0,0,0

APPTR,R30RY,30R,GROVZ
IF,GROVZ,44.714142,-92.810753, ,0.0,0.0,2,7000,0,0,0,0,1,0
TF,WULAM,44.741556,-92.873264,0, ,0.0,0.0,0.0,0.0,2,6000,0,0,0,0,0,0
TF,BONNA,44.768936,-92.935839,0, ,0.0,0.0,0.0,0.0,2,5000,0,0,0,0,0,0
TF,SAMMZ,44.796283,-92.998475,0, ,0.0,0.0,0.0,0.0,2,4000,0,0,0,0,0,0
TF,JACKO,44.823600,-93.061172,0, ,0.0,0.0,0.0,0.0,2,3000,0,0,0,0,0,0

APPTR,R30RY,30R,OSMOH
IF,OSMOH,44.963875,-93.109514, ,0.0,0.0,1,8000,0,1,210,0,0,0
TF,HIGHA,44.909994,-92.986506,0, ,0.0,0.0,0.0,0.0,2,6000,0,0,0,0,0,0
RF,COTTG,44.841169,-92.962514,2,CFMDJ,240.9,3.0,2,4500,0,0,0,0,0,0
RF,RVERR,44.816175,-93.026353,2,CFMDJ,285.7,3.0,2,3500,0,0,0,0,0,0
RF,JACKO,44.823600,-93.061172,2,CFMDJ,77.5,3.0,2,3000,0,0,0,0,0,0

APPTR,R30RY,30R,TRTEL
IF,TRTEL,44.865961,-92.761969, ,0.0,0.0,1,7000,0,1,210,0,1,0
TF,SOGGY,44.794525,-92.859197,0, ,0.0,0.0,0.0,0.0,2,5000,0,0,0,0,0,0
TF,SAMMZ,44.796283,-92.998475,0, ,0.0,0.0,0.0,0.0,2,4000,0,0,0,0,0,0
TF,JACKO,44.823600,-93.061172,0, ,0.0,0.0,0.0,0.0,2,3000,0,0,0,0,0,0

FINAL,R30RY,30R,R,2
IF,JACKO,44.823600,-93.061172, ,0.0,0.0,2,3000,0,0,0,0,2,0
TF,RW30R,44.881539,-93.194631,0, ,0.0,0.0,301.0,6.7,1,875,0,0,0,0,3,1
CA,0,301.0,2,1300,0,0,0,0,0,0
DF,GEP,45.145686,-93.373181,0, ,0.0,0.0,2,3000,0,0,0,0,0,1
HM,GEP,45.145686,-93.373181,1, ,0.0,0.0,117.0,04,0,0,0,0,0,0,0,0,0

APPTR,R30RZ,30R,GEEQU
IF,GEEQU,44.770808,-92.755350, ,0.0,0.0,1,7000,0,1,210,0,1,0
TF,SAMMZ,44.796283,-92.998475,0, ,0.0,0.0,0.0,0.0,2,4000,0,0,0,0,1,0

APPTR,R30RZ,30R,GROVZ
IF,GROVZ,44.714142,-92.810753, ,0.0,0.0,0,0,0,0,0,0,1,0
TF,WULAM,44.741556,-92.873264,0, ,0.0,0.0,0.0,0.0,2,6000,0,0,0,0,0,0
TF,BONNA,44.768936,-92.935839,0, ,0.0,0.0,0.0,0.0,2,5000,0,0,0,0,0,0
TF,SAMMZ,44.796283,-92.998475,0, ,0.0,0.0,0.0,0.0,2,4000,0,0,0,0,1,0

APPTR,R30RZ,30R,TRTEL
IF,TRTEL,44.865961,-92.761969, ,0.0,0.0,1,7000,0,1,210,0,1,0
TF,SOGGY,44.794525,-92.859197,0, ,0.0,0.0,0.0,0.0,2,5000,0,0,0,0,0,0
TF,SAMMZ,44.796283,-92.998475,0, ,0.0,0.0,0.0,0.0,2,4000,0,0,0,0,1,0

FINAL,R30RZ,30R,R,4
IF,SAMMZ,44.796283,-92.998475, ,0.0,0.0,2,4000,0,0,0,0,0,0
TF,JACKO,44.823600,-93.061172,0, ,0.0,0.0,301.0,3.1,2,3000,0,0,0,0,2,0
TF,CIJOT,44.863322,-93.152606,0, ,0.0,0.0,301.0,4.6,2,1540,0,0,0,0,0,0
TF,RW30R,44.881539,-93.194631,0, ,0.0,0.0,301.0,2.1,1,875,0,0,0,0,3,1
CA,0,301.0,2,1300,0,0,0,0,0,0
DF,GEP,45.145686,-93.373181,0, ,0.0,0.0,2,3000,0,0,0,0,0,1
HM,GEP,45.145686,-93.373181,1, ,0.0,0.0,117.0,04,0,0,0,0,0,0,0,0,0

APPTR,R35-Y,35,BRNVL
IF,BRNVL,44.804550,-93.316511, ,0.0,0.0,1,8000,0,1,210,0,1,0
TF,HRBIE,44.749200,-93.314558,0, ,0.0,0.0,0.0,0.0,2,7000,0,1,210,0,0,0
TF,HANRA,44.696906,-93.311881,0, ,0.0,0.0,0.0,0.0,2,6000,0,0,0,0,0,0
RF,CHRMR,44.687728,-93.196122,1,CFMDL,1.1,2.5,2,4300,0,0,0,0,0,0
RF,ROZEE,44.706044,-93.195150,1,CFMDK,168.5,2.5,2,4000,0,0,0,0,0,0

APPTR,R35-Y,35,JAMEZ
IF,JAMEZ,44.540064,-93.152422, ,0.0,0.0,1,7000,0,0,0,0,1,0
TF,OBERR,44.597269,-93.167128,0, ,0.0,0.0,0.0,0.0,2,6000,0,0,0,0,0,0
TF,SSTAR,44.654586,-93.181867,0, ,0.0,0.0,0.0,0.0,2,5000,0,0,0,0,0,0
TF,ROZEE,44.706044,-93.195150,0, ,0.0,0.0,0.0,0.0,2,4000,0,0,0,0,0,0

APPTR,R35-Y,35,NNEWW
IF,NNEWW,44.534439,-93.252697, ,0.0,0.0,1,7000,0,0,0,0,1,0
TF,BUHZZ,44.611047,-93.224428,0, ,0.0,0.0,0.0,0.0,2,5500,0,1,210,0,0,0
TF,CHRMR,44.687728,-93.196122,0, ,0.0,0.0,0.0,0.0,2,4300,0,0,0,0,0,0
RF,ROZEE,44.706044,-93.195150,1,CFMDK,358.9,2.5,2,4000,0,0,0,0,0,0

FINAL,R35-Y,35,R,3
IF,ROZEE,44.706044,-93.195150, ,0.0,0.0,2,4000,0,0,0,0,0,0
TF,LORAH,44.757508,-93.208461,0, ,0.0,0.0,350.0,3.1,2,3000,0,0,0,0,2,0
TF,RW35,44.866178,-93.236644,0, ,0.0,0.0,350.0,6.6,1,888,0,0,0,0,3,1
CA,0,350.0,2,1300,0,0,0,0,0,0
DF,LYDIA,44.608167,-93.478942,1, ,0.0,0.0,2,3000,0,0,0,0,0,1
HM,LYDIA,44.608167,-93.478942,2, ,0.0,0.0,78.0,04,0,0,0,0,0,0,0,0,0

APPTR,R35-Z,35,JAMEZ
IF,JAMEZ,44.540064,-93.152422, ,0.0,0.0,2,7000,0,0,0,0,1,0
TF,OBERR,44.597269,-93.167128,0, ,0.0,0.0,0.0,0.0,2,6000,0,0,0,0,0,0
TF,SSTAR,44.654586,-93.181867,0, ,0.0,0.0,0.0,0.0,2,5000,0,0,0,0,0,0
TF,ROZEE,44.706044,-93.195150,0, ,0.0,0.0,0.0,0.0,2,4000,0,0,0,0,1,0

APPTR,R35-Z,35,NNEWW
IF,NNEWW,44.534439,-93.252697, ,0.0,0.0,1,7000,0,0,0,0,1,0
TF,ROZEE,44.706044,-93.195150,0, ,0.0,0.0,0.0,0.0,2,4000,0,0,0,0,1,0

FINAL,R35-Z,35,R,4
IF,ROZEE,44.706044,-93.195150, ,0.0,0.0,2,4000,0,0,0,0,0,0
TF,LORAH,44.757508,-93.208461,0, ,0.0,0.0,350.0,3.1,2,3000,0,0,0,0,2,0
TF,HUCUM,44.828486,-93.226856,0, ,0.0,0.0,350.0,4.3,2,1620,0,0,0,0,0,0
TF,RW35,44.866178,-93.236644,0, ,0.0,0.0,350.0,2.3,1,888,0,0,0,0,3,1
CA,0,350.0,2,1034,0,0,0,0,0,0
DF,CHETZ,44.983833,-93.267269,0, ,0.0,0.0,0,0,0,0,0,0,0,0
TF,GEP,45.145686,-93.373181,0, ,0.0,0.0,0.0,0.0,2,3000,0,0,0,0,0,1
HM,GEP,45.145686,-93.373181,1, ,0.0,0.0,117.0,04,0,0,0,0,0,0,0,0,0

