STAR,AWDAD1,LCH,1
IF,LCH,30.141514,-93.105569, ,0.0,0.0,0,0,0,0,0,0,0,0
TF,LFT,30.193814,-91.992569,0, ,0.0,0.0,0.0,0.0,0,0,0,0,0,0,0,0
TF,AWDAD,30.116500,-90.952100,0, ,0.0,0.0,0.0,0.0,0,0,0,1,250,0,0,0

STAR,AWDAD1,LFT,1
IF,LFT,30.193814,-91.992569, ,0.0,0.0,0,0,0,0,0,0,0,0
TF,AWDAD,30.116500,-90.952100,0, ,0.0,0.0,0.0,0.0,0,0,0,1,250,0,0,0

STAR,AWDAD1,LSU,1
IF,LSU,30.485133,-91.294067, ,0.0,0.0,0,0,0,0,0,0,0,0
TF,AWDAD,30.116500,-90.952100,0, ,0.0,0.0,0.0,0.0,0,0,0,1,250,0,0,0

STAR,AWDAD1,ALL,2
IF,AWDAD,30.116500,-90.952100, ,0.0,0.0,0,0,0,1,250,0,0,0
TF,VOODO,30.096508,-90.699986,0, ,0.0,0.0,0.0,0.0,0,0,0,0,0,0,0,0

STAR,OLEDD4,LLA,1
IF,LLA,29.663225,-92.373642, ,0.0,0.0,0,0,0,0,0,0,0,0
TF,ORICH,29.666017,-91.598728,0, ,0.0,0.0,0.0,0.0,0,0,0,0,0,0,0,0
TF,LUFFS,29.665244,-91.039528,0, ,0.0,0.0,0.0,0.0,0,0,0,0,0,0,0,0
TF,TBD,29.664322,-90.829094,0, ,0.0,0.0,0.0,0.0,0,0,0,0,0,0,0,0
TF,OLEDD,29.744222,-90.477164,0, ,0.0,0.0,0.0,0.0,0,0,0,0,0,0,0,0

STAR,OLEDD4,TBD,1
IF,TBD,29.664322,-90.829094, ,0.0,0.0,0,0,0,0,0,0,0,0
TF,OLEDD,29.744222,-90.477164,0, ,0.0,0.0,0.0,0.0,0,0,0,0,0,0,0,0

STAR,OLEDD4,ALL,2
IF,OLEDD,29.744222,-90.477164, ,0.0,0.0,0,0,0,0,0,0,0,0

STAR,RYTHM4,HEZ,1
IF,HEZ,31.618178,-91.299644, ,0.0,0.0,0,0,0,0,0,0,0,0
TF,ZYDCO,30.887689,-90.227461,0, ,0.0,0.0,0.0,0.0,0,0,0,0,0,0,0,0
TF,FOILS,30.687636,-90.212844,0, ,0.0,0.0,0.0,0.0,0,0,0,0,0,0,0,0
TF,RYTHM,30.540219,-90.202092,0, ,0.0,0.0,0.0,0.0,0,0,0,1,250,0,0,0

STAR,RYTHM4,LBY,1
IF,LBY,31.418683,-89.337603, ,0.0,0.0,0,0,0,0,0,0,0,0
TF,RYTHM,30.540219,-90.202092,0, ,0.0,0.0,0.0,0.0,0,0,0,1,250,0,0,0

STAR,RYTHM4,MCB,1
IF,MCB,31.304453,-90.258203, ,0.0,0.0,0,0,0,0,0,0,0,0
TF,ZYDCO,30.887689,-90.227461,0, ,0.0,0.0,0.0,0.0,0,0,0,0,0,0,0,0
TF,FOILS,30.687636,-90.212844,0, ,0.0,0.0,0.0,0.0,0,0,0,0,0,0,0,0
TF,RYTHM,30.540219,-90.202092,0, ,0.0,0.0,0.0,0.0,0,0,0,1,250,0,0,0

STAR,RYTHM4,MEI,1
IF,MEI,32.378439,-88.804267, ,0.0,0.0,0,0,0,0,0,0,0,0
TF,BLEUZ,31.668983,-89.489189,0, ,0.0,0.0,0.0,0.0,0,0,0,0,0,0,0,0
TF,ZYDCO,30.887689,-90.227461,0, ,0.0,0.0,0.0,0.0,0,0,0,0,0,0,0,0
TF,FOILS,30.687636,-90.212844,0, ,0.0,0.0,0.0,0.0,0,0,0,0,0,0,0,0
TF,RYTHM,30.540219,-90.202092,0, ,0.0,0.0,0.0,0.0,0,0,0,1,250,0,0,0

STAR,RYTHM4,ALL,2
IF,RYTHM,30.540219,-90.202092, ,0.0,0.0,0,0,0,1,250,0,0,0
TF,OYSTY,30.470892,-90.196983,0, ,0.0,0.0,0.0,0.0,0,0,0,0,0,0,0,0
TF,RAYOP,30.213742,-90.178308,0, ,0.0,0.0,0.0,0.0,0,0,0,0,0,0,0,0

STAR,SLIDD2,GPT,1
IF,GPT,30.406833,-89.076778, ,0.0,0.0,0,0,0,0,0,0,0,0
TF,MUDDA,30.328325,-89.289514,0, ,0.0,0.0,0.0,0.0,0,0,0,0,0,0,0,0
TF,CLERY,30.275794,-89.431169,0, ,0.0,0.0,0.0,0.0,0,0,0,0,0,0,0,0
TF,SLIDD,30.162800,-89.733939,0, ,0.0,0.0,0.0,0.0,0,0,0,0,0,0,0,0

STAR,SLIDD2,SJI,1
IF,SJI,30.725981,-88.359294, ,0.0,0.0,0,0,0,0,0,0,0,0
TF,BUGLE,30.612667,-88.615658,0, ,0.0,0.0,0.0,0.0,0,0,0,0,0,0,0,0
TF,GPT,30.406833,-89.076778,0, ,0.0,0.0,0.0,0.0,0,0,0,0,0,0,0,0
TF,MUDDA,30.328325,-89.289514,0, ,0.0,0.0,0.0,0.0,0,0,0,0,0,0,0,0
TF,CLERY,30.275794,-89.431169,0, ,0.0,0.0,0.0,0.0,0,0,0,0,0,0,0,0
TF,SLIDD,30.162800,-89.733939,0, ,0.0,0.0,0.0,0.0,0,0,0,0,0,0,0,0

STAR,SLIDD2,ALL,2
IF,SLIDD,30.162800,-89.733939, ,0.0,0.0,0,0,0,0,0,0,0,0

APPTR,D11,11,RQR
IF,RQR,30.087500,-90.588625, ,0.0,0.0,0,0,0,0,0,0,1,0
TF,HIVAP,30.056467,-90.483492,0, ,0.0,0.0,0.0,0.0,2,2000,0,0,0,0,0,0

APPTR,D11,11,TBD
IF,TBD,29.664322,-90.829094, ,0.0,0.0,0,0,0,0,0,0,1,0
TF,HIVAP,30.056467,-90.483492,0, ,0.0,0.0,0.0,0.0,2,2000,0,0,0,0,0,0

FINAL,D11,11,D,3
IF,HIVAP,30.056467,-90.483492,RQR,106.7,5.8,2,2000,0,0,0,0,0,0
CF,FAWPE,30.023622,-90.372608,0,RQR,106.7,11.9,107.0,6.1,2,1700,0,0,0,0,2,0
CF,NEBLE,29.996769,-90.281672,0,RQR,106.7,16.9,107.0,5.0,1,59,0,0,0,0,3,0
CA,0,107.0,2,800,0,0,0,0,0,0
VI,0, ,0.0,130.0,0,0,0,0,0,0,0,0
CF,SAFES,29.817583,-90.149833,0,LEV,354.4,38.5,174.0,6.0,2,2000,0,0,0,0,0,0
HM,SAFES,29.817583,-90.149833,2, ,0.0,0.0,174.0,04.3,0,0,0,0,0,0,0,0,0

APPTR,I02,02,OLEDD
IF,OLEDD,29.744222,-90.477164, ,0.0,0.0,0,0,0,0,0,0,1,0
CF,ROYUL,29.780411,-90.316189,0,IJFI,196.5,14.0,74.0,8.7,2,2000,0,0,0,0,1,0

FINAL,I02,02,I,3
IF,ROYUL,29.780411,-90.316189,IJFI,196.5,14.0,2,2000,0,0,0,0,0,0
CF,POVVI,29.886094,-90.282689,0,IJFI,196.5,7.4,16.0,6.6,1,2000,0,0,0,0,2,0
CF,RW02,29.984503,-90.251414,0,IJFI,196.5,1.3,16.0,6.1,1,54,0,0,0,0,3,0
CA,0,16.0,2,1500,0,0,0,0,0,0
CF,SNAKI,30.149589,-89.888747,0,RQR,82.0,36.6,82.0,17.0,2,3000,0,0,0,0,0,0
HM,SNAKI,30.149589,-89.888747,2, ,0.0,0.0,262.0,04.3,0,0,0,0,0,0,0,0,0

APPTR,I11,11,AWDAD
IF,AWDAD,30.116500,-90.952100, ,0.0,0.0,0,0,0,0,0,0,0,0
TF,VOODO,30.096508,-90.699986,0, ,0.0,0.0,0.0,0.0,2,7000,0,0,0,0,1,0
CF,TURTL,30.055228,-90.526367,0,IMSY,286.5,15.0,106.0,9.4,2,4000,0,0,0,0,1,0

APPTR,I11,11,TBD
FC,TBD,29.664322,-90.829094,0,TBD,0.0,0.0,32.0,24.2,2,4000,0,0,0,0,1,0
CF,TURTL,30.055228,-90.526367,0,IMSY,286.5,15.0,32.0,4.0,2,4000,0,0,0,0,1,0

FINAL,I11,11,I,3
IF,TURTL,30.055228,-90.526367,IMSY,286.5,15.0,2,4000,0,0,0,0,0,0
CF,MUDBG,30.025661,-90.402514,0,IMSY,286.5,8.3,106.0,6.7,1,2000,0,0,0,0,2,0
CF,RW11,29.996628,-90.281728,0,IMSY,286.5,1.8,106.0,6.5,1,60,0,0,0,0,3,0
CA,0,106.0,2,800,0,0,0,0,0,0
VI,0, ,0.0,161.0,0,0,0,0,0,0,0,0
CF,SAFES,29.817583,-90.149833,0,LEV,354.4,38.5,174.0,10.0,2,2000,0,0,0,0,0,0
HM,SAFES,29.817583,-90.149833,2, ,0.0,0.0,174.0,04.3,0,0,0,0,0,0,0,0,0

APPTR,I29,29,HRV
IF,HRV,29.850192,-90.002989, ,0.0,0.0,0,0,0,0,0,0,1,0
CF,HELMT,29.939694,-90.046511,0,IHOX,106.5,12.9,335.0,5.8,2,3000,0,0,0,0,1,0

FINAL,I29,29,I,3
IF,HELMT,29.939694,-90.046511,IHOX,106.5,12.9,2,3000,0,0,0,0,0,0
CF,BRRES,29.962128,-90.138936,0,IHOX,106.5,7.9,286.0,5.0,1,2000,0,0,0,0,2,0
CF,RW29,29.989436,-90.251894,0,IHOX,106.5,1.8,286.0,6.1,1,54,0,0,0,0,3,0
CA,0,286.0,2,600,0,0,0,0,0,0
DF,RQR,30.087500,-90.588625,0, ,0.0,0.0,2,3000,0,0,0,0,0,0
HM,RQR,30.087500,-90.588625,2, ,0.0,0.0,93.0,04.3,0,0,0,0,0,0,0,0,0

APPTR,L20,20,HRV
IF,HRV,29.850192,-90.002989, ,0.0,0.0,0,0,0,0,0,0,0,0
TF,JASPO,30.101661,-90.214103,0, ,0.0,0.0,0.0,0.0,2,2100,0,0,0,0,0,0
PI,JASPO,30.101661,-90.214103,2,HRV,331.0,10.0,016,5.0,2,2000,0,0,0,0,1,0

APPTR,L20,20,RQR
IF,RQR,30.087500,-90.588625, ,0.0,0.0,0,0,0,0,0,0,0,0
TF,JASPO,30.101661,-90.214103,0, ,0.0,0.0,0.0,0.0,2,2000,0,0,0,0,0,0
PI,JASPO,30.101661,-90.214103,2,RQR,331.0,10.0,016,5.0,2,2000,0,0,0,0,1,0

FINAL,L20,20,D,4
IF,RAYOP,30.213742,-90.178308,IONW,16.5,14.4,2,2000,0,0,0,0,0,0
CF,JASPO,30.101661,-90.214103,0,IONW,16.5,7.4,196.0,7.0,2,2000,0,0,0,0,2,0
CF,SHORE,30.038039,-90.234375,0,IONW,16.5,3.5,196.0,4.0,2,700,0,0,0,0,0,0
CF,RW20,30.003053,-90.245511,0,IONW,16.5,1.3,196.0,2.2,1,50,0,0,0,0,3,0
CA,0,196.0,2,1300,0,0,0,0,0,0
VI,0, ,0.0,180.0,0,0,0,0,0,0,0,0
CF,SAFES,29.817583,-90.149833,0,RQR,123.1,28.0,123.0,8.0,2,2000,0,0,0,0,0,0
HM,SAFES,29.817583,-90.149833,2, ,0.0,0.0,303.0,04.3,0,0,0,0,0,0,0,0,0

APPTR,L29,29,HRV
IF,HRV,29.850192,-90.002989, ,0.0,0.0,0,0,0,0,0,0,1,0
CF,HELMT,29.939694,-90.046511,0,IHOX,106.5,12.9,335.0,5.8,2,3000,0,0,0,0,1,0

FINAL,L29,29,D,4
IF,HELMT,29.939694,-90.046511,IHOX,106.5,12.9,2,3000,0,0,0,0,0,0
CF,ZUTAT,29.969156,-90.167961,0,IHOX,106.5,6.3,286.0,6.6,2,1500,0,0,0,0,2,0
CF,KENLE,29.983186,-90.226006,0,IHOX,106.5,3.1,286.0,3.1,2,480,0,0,0,0,0,0
CF,RW29,29.989436,-90.251894,0,IHOX,106.5,1.8,286.0,1.4,1,54,0,0,0,0,3,0
CA,0,286.0,2,600,0,0,0,0,0,0
DF,RQR,30.087500,-90.588625,0, ,0.0,0.0,2,3000,0,0,0,0,0,0
HM,RQR,30.087500,-90.588625,2, ,0.0,0.0,93.0,04.3,0,0,0,0,0,0,0,0,0

APPTR,R02,02,OLEDD
IF,OLEDD,29.744222,-90.477164, ,0.0,0.0,0,0,0,0,0,0,1,0
TF,ROYUL,29.780411,-90.316189,0, ,0.0,0.0,0.0,0.0,2,2000,0,0,0,0,0,0

FINAL,R02,02,R,3
IF,ROYUL,29.780411,-90.316189, ,0.0,0.0,2,2000,0,0,0,0,0,0
TF,POVVI,29.886094,-90.282689,0, ,0.0,0.0,16.0,6.6,2,2000,0,0,0,0,2,0
TF,RW02,29.984503,-90.251414,0, ,0.0,0.0,16.0,6.1,1,54,0,0,0,0,3,1
CA,0,16.0,2,379,0,0,0,0,0,0
DF,PEPUE,30.079331,-90.221217,0, ,0.0,0.0,0,0,0,0,0,0,0,0
TF,SNAKI,30.149589,-89.888747,0, ,0.0,0.0,0.0,0.0,2,3000,0,0,0,0,0,1
HM,SNAKI,30.149589,-89.888747,2, ,0.0,0.0,262.0,04,0,0,0,0,0,0,0,0,0

APPTR,R11-Y,11,RQR
IF,RQR,30.087500,-90.588625, ,0.0,0.0,0,0,0,0,0,0,1,0
TF,FIGUR,30.055311,-90.526422,0, ,0.0,0.0,0.0,0.0,2,2000,0,0,0,0,1,0

APPTR,R11-Y,11,TBD
IF,TBD,29.664322,-90.829094, ,0.0,0.0,0,0,0,0,0,0,1,0
TF,FIGUR,30.055311,-90.526422,0, ,0.0,0.0,0.0,0.0,2,2000,0,0,0,0,1,0

FINAL,R11-Y,11,R,4
IF,FIGUR,30.055311,-90.526422, ,0.0,0.0,2,2000,0,0,0,0,0,0
TF,KUSTE,30.023744,-90.394528,0, ,0.0,0.0,106.0,7.1,2,2000,0,0,0,0,2,0
TF,WEKTA,30.002864,-90.307628,0, ,0.0,0.0,106.0,4.7,2,500,0,0,0,0,0,0
TF,RW11,29.996628,-90.281728,0, ,0.0,0.0,106.0,1.4,1,59,0,0,0,0,3,1
CA,0,106.0,2,204,0,0,0,0,0,0
DF,ZUBEL,29.955189,-90.110253,0, ,0.0,0.0,0,0,0,0,0,0,0,0
TF,SAFES,29.817583,-90.149833,0, ,0.0,0.0,0.0,0.0,2,2000,0,0,0,0,0,1
HM,SAFES,29.817583,-90.149833,2, ,0.0,0.0,354.0,04,0,0,0,0,0,0,0,0,0

APPTR,R11-Z,11,RQR
IF,RQR,30.087500,-90.588625, ,0.0,0.0,0,0,0,0,0,0,1,0
TF,FIGUR,30.055311,-90.526422,0, ,0.0,0.0,0.0,0.0,2,2000,0,0,0,0,1,0

APPTR,R11-Z,11,TBD
IF,TBD,29.664322,-90.829094, ,0.0,0.0,0,0,0,0,0,0,1,0
TF,FIGUR,30.055311,-90.526422,0, ,0.0,0.0,0.0,0.0,2,2000,0,0,0,0,1,0

FINAL,R11-Z,11,R,3
IF,FIGUR,30.055311,-90.526422, ,0.0,0.0,2,2000,0,0,0,0,0,0
TF,KUSTE,30.023744,-90.394528,0, ,0.0,0.0,106.0,7.1,2,2000,0,0,0,0,2,0
TF,RW11,29.996628,-90.281728,0, ,0.0,0.0,106.0,6.1,1,59,0,0,0,0,3,1
TF,ZUBEL,29.955189,-90.110253,0, ,0.0,0.0,0.0,0.0,0,0,0,0,0,0,0,0
TF,SAFES,29.817583,-90.149833,0, ,0.0,0.0,0.0,0.0,2,2000,0,0,0,0,0,1
HM,SAFES,29.817583,-90.149833,2, ,0.0,0.0,354.0,04,0,0,0,0,0,0,0,0,0

APPTR,R20-Y,20,SNAKI
IF,SNAKI,30.149589,-89.888747, ,0.0,0.0,0,0,0,0,0,0,1,0
TF,RAYOP,30.213742,-90.178308,0, ,0.0,0.0,0.0,0.0,2,2000,0,0,0,0,1,0

FINAL,R20-Y,20,R,3
IF,RAYOP,30.213742,-90.178308, ,0.0,0.0,2,2000,0,0,0,0,0,0
TF,JASPO,30.101661,-90.214103,0, ,0.0,0.0,197.0,7.0,2,2000,0,0,0,0,2,0
TF,RW20,30.003053,-90.245511,0, ,0.0,0.0,197.0,6.1,1,50,0,0,0,0,3,1
CA,0,197.0,2,249,0,0,0,0,0,0
DF,POLIY,29.857900,-90.291619,0, ,0.0,0.0,0,0,0,0,0,0,0,0
TF,SAFES,29.817583,-90.149833,0, ,0.0,0.0,0.0,0.0,2,2000,0,0,0,0,0,1
HM,SAFES,29.817583,-90.149833,2, ,0.0,0.0,354.0,04,0,0,0,0,0,0,0,0,0

APPTR,R20-Z,20,SNAKI
IF,SNAKI,30.149589,-89.888747, ,0.0,0.0,0,0,0,0,0,0,1,0
TF,RAYOP,30.213742,-90.178308,0, ,0.0,0.0,0.0,0.0,2,2000,0,0,0,0,1,0

FINAL,R20-Z,20,R,3
IF,RAYOP,30.213742,-90.178308, ,0.0,0.0,2,2000,0,0,0,0,0,0
TF,JASPO,30.101661,-90.214103,0, ,0.0,0.0,197.0,7.0,2,2000,0,0,0,0,2,0
TF,RW20,30.003053,-90.245511,0, ,0.0,0.0,197.0,6.1,1,50,0,0,0,0,3,1
TF,POLIY,29.857900,-90.291619,0, ,0.0,0.0,0.0,0.0,0,0,0,0,0,0,0,0
TF,SAFES,29.817583,-90.149833,0, ,0.0,0.0,0.0,0.0,2,2000,0,0,0,0,0,1
HM,SAFES,29.817583,-90.149833,2, ,0.0,0.0,354.0,04,0,0,0,0,0,0,0,0,0

APPTR,R29-Y,29,HRV
IF,HRV,29.850192,-90.002989, ,0.0,0.0,0,0,0,0,0,0,1,0
TF,HELMT,29.939694,-90.046511,0, ,0.0,0.0,0.0,0.0,2,3000,0,0,0,0,1,0

FINAL,R29-Y,29,R,4
IF,HELMT,29.939694,-90.046511, ,0.0,0.0,2,3000,0,0,0,0,0,0
TF,BRRES,29.962128,-90.138936,0, ,0.0,0.0,287.0,5.0,2,2000,0,0,0,0,2,0
TF,WIVUR,29.980953,-90.216758,0, ,0.0,0.0,287.0,4.2,2,640,0,0,0,0,0,0
TF,RW29,29.989436,-90.251894,0, ,0.0,0.0,287.0,1.9,1,54,0,0,0,0,3,1
CA,0,287.0,2,202,0,0,0,0,0,0
DF,LETSE,30.009164,-90.333792,0, ,0.0,0.0,0,0,0,0,0,0,0,0
TF,RQR,30.087500,-90.588625,0, ,0.0,0.0,0.0,0.0,2,3000,0,0,0,0,0,1
HM,RQR,30.087500,-90.588625,2, ,0.0,0.0,93.0,04,0,0,0,0,0,0,0,0,0

APPTR,R29-Z,29,HRV
IF,HRV,29.850192,-90.002989, ,0.0,0.0,0,0,0,0,0,0,1,0
TF,HELMT,29.939694,-90.046511,0, ,0.0,0.0,0.0,0.0,2,3000,0,0,0,0,1,0

FINAL,R29-Z,29,R,3
IF,HELMT,29.939694,-90.046511, ,0.0,0.0,2,3000,0,0,0,0,0,0
TF,BRRES,29.962128,-90.138936,0, ,0.0,0.0,287.0,5.0,2,2000,0,0,0,0,2,0
TF,RW29,29.989436,-90.251894,0, ,0.0,0.0,287.0,6.1,1,54,0,0,0,0,3,1
TF,LETSE,30.009164,-90.333792,0, ,0.0,0.0,0.0,0.0,0,0,0,0,0,0,0,0
TF,RQR,30.087500,-90.588625,0, ,0.0,0.0,0.0,0.0,2,3000,0,0,0,0,0,1
HM,RQR,30.087500,-90.588625,2, ,0.0,0.0,93.0,04,0,0,0,0,0,0,0,0,0

