FINAL,I29,29,I,3
IF,DELCO,39.356269,-87.910989,IMTO,115.9,19.3,2,2400,0,0,0,0,1,0
CF,ZEBRE,39.443008,-88.173144,0,IMTO,115.9,6.1,296.0,13.3,1,2318,0,0,0,0,2,0
CF,RW29,39.474314,-88.268475,0,IMTO,115.9,1.2,296.0,4.8,1,765,0,0,0,0,3,0
CA,0,296.0,2,1200,0,0,0,0,0,0
CF,ARCOL,39.651619,-88.282975,0,MTO,357.8,10.4,358.0,10.0,2,2500,0,0,0,0,0,0
HM,ARCOL,39.651619,-88.282975,2, ,0.0,0.0,358.0,04.3,0,0,0,0,0,0,0,0,0

APPTR,R06,06,HOMAX
HF,HOMAX,39.384211,-88.490214,2, ,0.0,0.0,63.0,04,2,3000,0,0,0,0,1,0,0

FINAL,R06,06,R,4
IF,HOMAX,39.384211,-88.490214, ,0.0,0.0,2,3000,0,0,0,0,0,0
TF,ZAGUK,39.434000,-88.378600,0, ,0.0,0.0,63.0,6.0,2,2300,0,0,0,0,2,0
TF,WAXEK,39.459211,-88.321939,0, ,0.0,0.0,63.0,3.0,2,1320,0,0,0,0,0,0
TF,RW06,39.474142,-88.288328,0, ,0.0,0.0,63.0,1.8,1,760,0,0,0,0,3,1
CA,0,63.0,2,972,0,0,0,0,0,0
DF,NIBIE,39.572622,-88.065672,0, ,0.0,0.0,2,3000,0,0,0,0,0,1
HM,NIBIE,39.572622,-88.065672,2, ,0.0,0.0,243.0,04,0,0,0,0,0,0,0,0,0

APPTR,R11,11,WUBTA
HF,WUBTA,39.553467,-88.511031,2, ,0.0,0.0,116.0,04,2,3000,0,0,0,0,1,0,0

FINAL,R11,11,R,4
IF,WUBTA,39.553467,-88.511031, ,0.0,0.0,2,3000,0,0,0,0,0,0
TF,YAYSU,39.514672,-88.391883,0, ,0.0,0.0,116.0,6.0,2,2400,0,0,0,0,2,0
TF,ZOSIB,39.500081,-88.347203,0, ,0.0,0.0,116.0,2.3,2,1680,0,0,0,0,0,0
TF,RW11,39.481264,-88.289689,0, ,0.0,0.0,116.0,2.9,1,759,0,0,0,0,3,1
CA,0,116.0,2,1200,0,0,0,0,0,0
DF,NIBIE,39.572622,-88.065672,0, ,0.0,0.0,2,3000,0,0,0,0,0,1
HM,NIBIE,39.572622,-88.065672,2, ,0.0,0.0,243.0,04,0,0,0,0,0,0,0,0,0

APPTR,R24,24,NIBIE
HF,NIBIE,39.572622,-88.065672,2, ,0.0,0.0,243.0,04,2,3000,0,0,0,0,1,0,0

FINAL,R24,24,R,3
IF,NIBIE,39.572622,-88.065672, ,0.0,0.0,2,3000,0,0,0,0,0,0
TF,RIFJO,39.522153,-88.179978,0, ,0.0,0.0,243.0,6.1,2,2300,0,0,0,0,2,0
TF,RW24,39.482053,-88.270503,0, ,0.0,0.0,243.0,4.8,1,758,0,0,0,0,3,1
CA,0,243.0,2,1200,0,0,0,0,0,0
DF,WUBTA,39.553467,-88.511031,0, ,0.0,0.0,2,3000,0,0,0,0,0,1
HM,WUBTA,39.553467,-88.511031,2, ,0.0,0.0,116.0,04,0,0,0,0,0,0,0,0,0

APPTR,R29,29,OSEKE
HF,OSEKE,39.388664,-88.008444,2, ,0.0,0.0,296.0,04,2,3000,0,0,0,0,1,0,0

FINAL,R29,29,R,4
IF,OSEKE,39.388664,-88.008444, ,0.0,0.0,2,3000,0,0,0,0,0,0
TF,IDOCE,39.440900,-88.166742,0, ,0.0,0.0,296.0,8.0,2,2400,0,0,0,0,2,0
TF,YITCU,39.464561,-88.238744,0, ,0.0,0.0,296.0,3.6,2,1240,0,0,0,0,0,0
TF,RW29,39.474314,-88.268475,0, ,0.0,0.0,296.0,1.5,1,765,0,0,0,0,3,1
CA,0,296.0,2,2000,0,0,0,0,0,0
DF,ZARIR,39.670675,-88.408408,0, ,0.0,0.0,2,3000,0,0,0,0,0,1
HM,ZARIR,39.670675,-88.408408,2, ,0.0,0.0,98.0,04,0,0,0,0,0,0,0,0,0

APPTR,S06,06,AXC
IF,AXC,39.737522,-88.856431, ,0.0,0.0,0,0,0,0,0,0,0,0
TF,MTO,39.478003,-88.286069,0, ,0.0,0.0,0.0,0.0,2,2400,0,0,0,0,0,0
PI,MTO,39.478003,-88.286069,2,MTO,180.0,10.0,225,5.0,2,2400,0,0,0,0,1,0
CF,FF06,39.418186,-88.371681,0,MTO,225.0,5.4,45.0,4.6,2,2400,0,0,0,0,0,0

APPTR,S06,06,DELCO
IF,DELCO,39.356269,-87.910989, ,0.0,0.0,0,0,0,0,0,0,0,0
TF,MTO,39.478003,-88.286069,0, ,0.0,0.0,0.0,0.0,2,2400,0,0,0,0,0,0
PI,MTO,39.478003,-88.286069,2,MTO,180.0,10.0,225,5.0,2,2400,0,0,0,0,1,0
CF,FF06,39.418186,-88.371681,0,MTO,225.0,5.4,45.0,4.6,2,2400,0,0,0,0,0,0

APPTR,S06,06,VLA
IF,VLA,39.093839,-89.162244, ,0.0,0.0,0,0,0,0,0,0,0,0
TF,MTO,39.478003,-88.286069,0, ,0.0,0.0,0.0,0.0,2,2400,0,0,0,0,0,0
PI,MTO,39.478003,-88.286069,2,MTO,180.0,10.0,225,5.0,2,2400,0,0,0,0,1,0
CF,FF06,39.418186,-88.371681,0,MTO,225.0,5.4,45.0,4.6,2,2400,0,0,0,0,0,0

FINAL,S06,06,D,3
IF,FF06,39.418186,-88.371681,MTO,225.0,5.4,2,2400,0,0,0,0,2,0
CF,BAYIZ,39.455764,-88.318156,0,MTO,225.2,2.0,45.0,3.4,2,1220,0,0,0,0,0,0
CF,RW06,39.474142,-88.288328,0,MTO,201.3,0.3,45.0,1.8,1,769,0,0,0,0,3,0
CF,MTO,39.478003,-88.286069,0,MTO,0.0,0.0,45.0,0.3,0,0,0,0,0,0,0,0
FA,MTO,39.478003,-88.286069,0,MTO,0.0,0.0,60.0,2,2300,0,0,0,0,0,0
DF,MTO,39.478003,-88.286069,1, ,0.0,0.0,2,2400,0,0,0,0,0,0
HM,MTO,39.478003,-88.286069,2, ,0.0,0.0,45.0,04.3,0,0,0,0,0,0,0,0,0

APPTR,S24,24,AXC
IF,AXC,39.737522,-88.856431, ,0.0,0.0,0,0,0,0,0,0,0,0
TF,MTO,39.478003,-88.286069,0, ,0.0,0.0,0.0,0.0,2,2400,0,0,0,0,0,0
PI,MTO,39.478003,-88.286069,2,MTO,15.0,10.0,060,5.0,2,2400,0,0,0,0,1,0
CF,FF24,39.525078,-88.166614,0,MTO,60.0,6.2,240.0,3.8,2,2400,0,0,0,0,0,0

APPTR,S24,24,DELCO
IF,DELCO,39.356269,-87.910989, ,0.0,0.0,0,0,0,0,0,0,0,0
TF,MTO,39.478003,-88.286069,0, ,0.0,0.0,0.0,0.0,2,2400,0,0,0,0,0,0
PI,MTO,39.478003,-88.286069,2,MTO,15.0,10.0,060,5.0,2,2400,0,0,0,0,1,0
CF,FF24,39.525078,-88.166614,0,MTO,60.0,6.2,240.0,3.8,2,2400,0,0,0,0,0,0

APPTR,S24,24,VLA
IF,VLA,39.093839,-89.162244, ,0.0,0.0,0,0,0,0,0,0,0,0
TF,MTO,39.478003,-88.286069,0, ,0.0,0.0,0.0,0.0,2,2400,0,0,0,0,0,0
PI,MTO,39.478003,-88.286069,2,MTO,15.0,10.0,060,5.0,2,2400,0,0,0,0,1,0
CF,FF24,39.525078,-88.166614,0,MTO,60.0,6.2,240.0,3.8,2,2400,0,0,0,0,0,0

FINAL,S24,24,D,3
IF,FF24,39.525078,-88.166614,MTO,60.0,6.2,2,2400,0,0,0,0,2,0
CF,BEGOW,39.496758,-88.238003,0,MTO,60.3,2.5,240.0,3.7,2,1280,0,0,0,0,0,0
CF,RW24,39.482053,-88.270503,0,MTO,68.4,0.8,240.0,1.8,1,758,0,0,0,0,3,0
CF,MTO,39.478003,-88.286069,0,MTO,0.0,0.0,240.0,0.8,0,0,0,0,0,0,0,0
FA,MTO,39.478003,-88.286069,0,MTO,0.0,0.0,240.0,2,2400,0,0,0,0,0,0
DF,MTO,39.478003,-88.286069,1, ,0.0,0.0,0,0,0,0,0,0,0,0
HM,MTO,39.478003,-88.286069,2, ,0.0,0.0,240.0,04.3,0,0,0,0,0,0,0,0,0

