APPTR,L30,30,PIGGS
IF,PIGGS,36.933836,-79.711281, ,0.0,0.0,0,0,0,0,0,0,0,0
TF,BALES,36.587842,-79.919175,0, ,0.0,0.0,0.0,0.0,2,3700,0,0,0,0,0,0
HF,BALES,36.587842,-79.919175,2, ,0.0,0.0,305.0,04.3,2,2800,0,0,0,0,1,0,0

APPTR,L30,30,PLEXI
IF,PLEXI,36.461889,-80.006203, ,0.0,0.0,0,0,0,0,0,0,0,0
TF,BALES,36.587842,-79.919175,0, ,0.0,0.0,0.0,0.0,2,3100,0,0,0,0,0,0
HF,BALES,36.587842,-79.919175,2, ,0.0,0.0,305.0,04.3,2,2800,0,0,0,0,1,0,0

FINAL,L30,30,D,4
IF,ULAKE,36.494539,-79.704703,IUVM,125.2,17.8,2,2800,0,0,0,0,1,0
CF,BALES,36.587842,-79.919175,0,IUVM,125.2,6.0,305.0,11.8,2,2600,0,0,0,0,2,0
CF,HOMGU,36.610942,-79.972514,0,IUVM,125.2,3.1,305.0,2.9,2,1640,0,0,0,0,0,0
CF,RW30,36.627506,-80.010825,0,IUVM,125.2,0.0,305.0,2.1,1,952,0,0,0,0,3,0
CA,0,305.0,2,1350,0,0,0,0,0,0
DF,BALES,36.587842,-79.919175,2, ,0.0,0.0,2,2800,0,0,0,0,0,0
HM,BALES,36.587842,-79.919175,2, ,0.0,0.0,305.0,04.3,0,0,0,0,0,0,0,0,0

APPTR,R12,12,HOGAL
IF,HOGAL,36.693933,-80.385303, ,0.0,0.0,2,5500,0,0,0,0,1,0
TF,WABDO,36.767619,-80.336658,0, ,0.0,0.0,0.0,0.0,2,5500,0,0,0,0,1,0

APPTR,R12,12,HUSER
IF,HUSER,36.841286,-80.287919, ,0.0,0.0,2,5600,0,0,0,0,1,0
TF,WABDO,36.767619,-80.336658,0, ,0.0,0.0,0.0,0.0,2,5500,0,0,0,0,1,0

APPTR,R12,12,WABDO
HF,WABDO,36.767619,-80.336658,2, ,0.0,0.0,125.0,05,2,5500,0,0,0,0,1,0,0

FINAL,R12,12,R,4
IF,WABDO,36.767619,-80.336658, ,0.0,0.0,2,5500,0,0,0,0,0,0
TF,AREVE,36.711433,-80.205603,0, ,0.0,0.0,125.0,7.2,2,4200,0,0,0,0,2,0
TF,CONEP,36.688331,-80.151872,0, ,0.0,0.0,125.0,2.9,2,3220,0,0,0,0,0,0
TF,RW12,36.633997,-80.025850,0, ,0.0,0.0,125.0,6.9,1,981,0,0,0,0,3,1
DF,ULAKE,36.494539,-79.704703,0, ,0.0,0.0,2,3000,0,0,0,0,0,1
HM,ULAKE,36.494539,-79.704703,2, ,0.0,0.0,305.0,04,0,0,0,0,0,0,0,0,0

FINAL,R30,30,R,4
IF,ULAKE,36.494539,-79.704703, ,0.0,0.0,2,3000,0,0,0,0,0,0
TF,UBWAY,36.587222,-79.917747,0, ,0.0,0.0,305.0,11.7,2,2600,0,0,0,0,2,0
TF,ZAGUP,36.599889,-79.946983,0, ,0.0,0.0,305.0,1.6,2,2060,0,0,0,0,0,0
TF,RW30,36.627506,-80.010825,0, ,0.0,0.0,305.0,3.5,1,952,0,0,0,0,3,1
DF,HAKDA,36.669450,-80.108019,0, ,0.0,0.0,0,0,0,0,0,0,0,0
TF,JENUV,36.514000,-80.210992,1, ,0.0,0.0,0.0,0.0,0,0,0,0,0,0,0,0
TF,ULAKE,36.494539,-79.704703,0, ,0.0,0.0,0.0,0.0,2,3200,0,0,0,0,0,1
HM,ULAKE,36.494539,-79.704703,2, ,0.0,0.0,305.0,04,0,0,0,0,0,0,0,0,0

