SID,ACCRA3,ALL,5
IF,FANZI,42.694119,-88.146739, ,0.0,0.0,0,0,0,0,0,0,0,0
TF,WENUL,42.549411,-88.146047,0, ,0.0,0.0,0.0,0.0,2,11000,0,0,0,0,0,0
TF,KAJJY,42.413611,-88.140603,0, ,0.0,0.0,0.0,0.0,2,13000,0,0,0,0,0,0
TF,LVENS,42.304739,-88.111403,0, ,0.0,0.0,0.0,0.0,2,16000,0,0,0,0,0,0
TF,HHHUL,42.059097,-88.049792,0, ,0.0,0.0,0.0,0.0,0,0,0,0,0,0,0,0
TF,ACCRA,41.933333,-88.019444,0, ,0.0,0.0,0.0,0.0,0,0,0,0,0,0,0,0

SID,UECKR4,ALL,5
IF,PRFEC,42.694097,-87.643639, ,0.0,0.0,0,0,0,0,0,0,0,0
TF,OZAUK,42.534517,-87.631886,0, ,0.0,0.0,0.0,0.0,2,11000,0,0,0,0,0,0
TF,MAULT,42.426836,-87.623244,0, ,0.0,0.0,0.0,0.0,2,13000,0,0,0,0,0,0
TF,UECKR,42.314614,-87.647100,0, ,0.0,0.0,0.0,0.0,2,16000,0,0,0,0,0,0

SID,UECKR4,DELHI,6
IF,UECKR,42.314614,-87.647100, ,0.0,0.0,2,16000,0,0,0,0,0,0
TF,LADDI,42.076919,-87.782056,0, ,0.0,0.0,0.0,0.0,0,0,0,0,0,0,0,0
TF,DELHI,41.933333,-87.786111,0, ,0.0,0.0,0.0,0.0,0,0,0,0,0,0,0,0

SID,UECKR4,SAMPL,6
IF,UECKR,42.314614,-87.647100, ,0.0,0.0,2,16000,0,0,0,0,0,0
TF,SAMPL,41.979167,-87.462500,0, ,0.0,0.0,0.0,0.0,0,0,0,0,0,0,0,0

STAR,GOPAC2,LEEDN,4
IF,LEEDN,41.713158,-88.316353, ,0.0,0.0,0,0,0,0,0,0,0,0
TF,MUMPR,42.243583,-88.349803,0, ,0.0,0.0,0.0,0.0,0,0,0,0,0,0,0,0
TF,DETIE,42.359344,-88.363439,0, ,0.0,0.0,0.0,0.0,0,0,0,0,0,0,0,0
TF,DREWD,42.548156,-88.396033,0, ,0.0,0.0,0.0,0.0,0,0,0,0,0,0,0,0
TF,TRUDO,42.684022,-88.419797,0, ,0.0,0.0,0.0,0.0,0,0,0,1,250,0,0,0
TF,KNARF,42.738825,-88.432867,0, ,0.0,0.0,0.0,0.0,0,0,0,0,0,0,0,0
TF,GOPAC,42.816739,-88.415853,0, ,0.0,0.0,0.0,0.0,0,0,0,0,0,0,0,0

STAR,GOPAC2,OGECA,4
IF,OGECA,42.640153,-92.083631, ,0.0,0.0,0,0,0,0,0,0,0,0
TF,OHLIE,42.725817,-90.197431,0, ,0.0,0.0,0.0,0.0,0,0,0,0,0,0,0,0
TF,YEDSU,42.758719,-89.176881,0, ,0.0,0.0,0.0,0.0,0,0,0,0,0,0,0,0
TF,GIWFY,42.762114,-89.017950,0, ,0.0,0.0,0.0,0.0,0,0,0,0,0,0,0,0
TF,KPACK,42.768122,-88.861675,0, ,0.0,0.0,0.0,0.0,0,0,0,0,0,0,0,0
TF,ZOWRO,42.772847,-88.665681,0, ,0.0,0.0,0.0,0.0,0,0,0,0,0,0,0,0
TF,LEEDR,42.796536,-88.532131,0, ,0.0,0.0,0.0,0.0,0,0,0,1,250,0,0,0
TF,GOPAC,42.816739,-88.415853,0, ,0.0,0.0,0.0,0.0,0,0,0,0,0,0,0,0

STAR,GOPAC2,ALL,5
IF,GOPAC,42.816739,-88.415853, ,0.0,0.0,0,0,0,0,0,0,0,0
TF,TAAIL,42.851217,-88.279828,0, ,0.0,0.0,0.0,0.0,0,0,0,0,0,0,0,0
TF,BONOT,42.871717,-88.192308,0, ,0.0,0.0,0.0,0.0,0,0,0,0,0,0,0,1
FM,BONOT,42.871717,-88.192308,0,VIO,0.0,0.0,76.0,0,0,0,0,0,0,0,0

APPTR,L15L,15L,BAE
IF,BAE,43.116853,-88.284344, ,0.0,0.0,0,0,0,0,0,0,0,0
TF,KINIC,43.185367,-88.103789,0, ,0.0,0.0,0.0,0.0,2,2800,0,0,0,0,0,0
PI,KINIC,43.185367,-88.103789,2,BAE,283.0,10.0,328,5.0,2,2800,0,0,0,0,1,0
CF,WITSU,43.219778,-88.136092,0,IMWC,327.6,8.3,148.0,7.5,2,2700,0,0,0,0,0,0

FINAL,L15L,15L,D,4
IF,WITSU,43.219778,-88.136092,IMWC,327.6,8.3,2,2700,0,0,0,0,0,0
CF,KINIC,43.185367,-88.103789,0,IMWC,327.6,5.8,148.0,2.5,2,2400,0,0,0,0,2,0
CF,RUDIE,43.137811,-88.059208,0,IMWC,327.6,2.4,148.0,3.5,2,1280,0,0,0,0,0,0
CF,RW15L,43.115814,-88.038617,0,IMWC,327.6,0.8,148.0,1.6,1,785,0,0,0,0,3,0
CA,0,148.0,2,3000,0,0,0,0,0,0
DF,BAE,43.116853,-88.284344,2, ,0.0,0.0,0,0,0,0,0,0,0,0
HM,BAE,43.116853,-88.284344,2, ,0.0,0.0,90.0,04.3,0,0,0,0,0,0,0,0,0

APPTR,R04L,04L,BAE
IF,BAE,43.116853,-88.284344, ,0.0,0.0,0,0,0,0,0,0,0,0
TF,IVALY,42.955333,-88.189078,0, ,0.0,0.0,0.0,0.0,2,2600,0,0,0,0,0,1
HF,IVALY,42.955333,-88.189078,1, ,0.0,0.0,38.0,04,2,2600,0,0,0,0,1,0,0

APPTR,R04L,04L,BONOT
IF,BONOT,42.871717,-88.192308, ,0.0,0.0,0,0,0,0,0,0,1,0
TF,IVALY,42.955333,-88.189078,0, ,0.0,0.0,0.0,0.0,2,2600,0,0,0,0,1,0

APPTR,R04L,04L,GREAS
IF,GREAS,42.941067,-88.545128, ,0.0,0.0,0,0,0,0,0,0,1,0
TF,IVALY,42.955333,-88.189078,0, ,0.0,0.0,0.0,0.0,2,2600,0,0,0,0,1,0

FINAL,R04L,04L,R,4
IF,IVALY,42.955333,-88.189078, ,0.0,0.0,2,2600,0,0,0,0,0,0
TF,OWYAL,43.042906,-88.102086,0, ,0.0,0.0,38.0,6.5,2,2300,0,0,0,0,2,0
TF,OTEPY,43.082878,-88.062278,0, ,0.0,0.0,38.0,3.0,2,1340,0,0,0,0,0,0
TF,RW04L,43.107103,-88.038117,0, ,0.0,0.0,38.0,1.8,1,781,0,0,0,0,3,1
CA,0,38.0,2,1145,0,0,0,0,0,0
DF,HAWKN,43.300042,-88.273178,1, ,0.0,0.0,2,3000,0,0,0,0,0,1
HM,HAWKN,43.300042,-88.273178,2, ,0.0,0.0,185.0,04,0,0,0,0,0,0,0,0,0

APPTR,R15L,15L,CYNDI
IF,CYNDI,43.637261,-87.818328, ,0.0,0.0,0,0,0,0,0,0,0,0
TF,HAXEP,43.399294,-88.181239,0, ,0.0,0.0,0.0,0.0,2,2800,0,0,0,0,1,0
TF,IZAHO,43.287300,-88.199633,0, ,0.0,0.0,0.0,0.0,2,2800,0,0,0,0,1,0

APPTR,R15L,15L,EWAWI
IF,EWAWI,43.303528,-88.662047, ,0.0,0.0,0,0,0,0,0,0,0,0
TF,JEDEM,43.325442,-88.348578,0, ,0.0,0.0,0.0,0.0,2,2800,0,0,0,0,1,0
TF,IZAHO,43.287300,-88.199633,0, ,0.0,0.0,0.0,0.0,2,2800,0,0,0,0,1,0

APPTR,R15L,15L,IZAHO
HF,IZAHO,43.287300,-88.199633,2, ,0.0,0.0,147.0,04,2,2800,0,0,0,0,1,0,0

FINAL,R15L,15L,R,4
IF,IZAHO,43.287300,-88.199633, ,0.0,0.0,2,2800,0,0,0,0,0,0
TF,YIKUS,43.198483,-88.116100,0, ,0.0,0.0,147.0,6.5,2,2700,0,0,0,0,2,0
TF,NUHLE,43.147436,-88.068222,0, ,0.0,0.0,148.0,3.7,2,1500,0,0,0,0,0,0
TF,RW15L,43.115814,-88.038617,0, ,0.0,0.0,148.0,2.3,1,785,0,0,0,0,3,1
CA,0,148.0,2,1300,0,0,0,0,0,0
DF,HAWKN,43.300042,-88.273178,2, ,0.0,0.0,2,3000,0,0,0,0,0,1
HM,HAWKN,43.300042,-88.273178,2, ,0.0,0.0,185.0,04,0,0,0,0,0,0,0,0,0

APPTR,R22R,22R,HAWKN
IF,HAWKN,43.300042,-88.273178, ,0.0,0.0,0,0,0,0,0,0,0,0
TF,OLIGY,43.274067,-87.870911,0, ,0.0,0.0,0.0,0.0,2,2700,0,0,0,0,0,1
HF,OLIGY,43.274067,-87.870911,2, ,0.0,0.0,218.0,04,2,2700,0,0,0,0,1,0,0

APPTR,R22R,22R,PROOT
IF,PROOT,43.134658,-87.703303, ,0.0,0.0,0,0,0,0,0,0,0,0
TF,WEGOM,43.241447,-87.717619,0, ,0.0,0.0,0.0,0.0,2,2700,0,0,0,0,1,0
TF,OLIGY,43.274067,-87.870911,0, ,0.0,0.0,0.0,0.0,2,2700,0,0,0,0,1,0

APPTR,R22R,22R,WOKNO
IF,WOKNO,43.483406,-87.782894, ,0.0,0.0,0,0,0,0,0,0,0,0
TF,FITSA,43.371722,-87.843283,0, ,0.0,0.0,0.0,0.0,2,2700,0,0,0,0,1,0
TF,OLIGY,43.274067,-87.870911,0, ,0.0,0.0,0.0,0.0,2,2700,0,0,0,0,1,0

FINAL,R22R,22R,R,4
IF,OLIGY,43.274067,-87.870911, ,0.0,0.0,2,2700,0,0,0,0,0,0
TF,ZOBIR,43.187106,-87.958144,0, ,0.0,0.0,218.0,6.5,2,2500,0,0,0,0,2,0
TF,WIKPI,43.137064,-88.008197,0, ,0.0,0.0,218.0,3.7,2,1300,0,0,0,0,0,0
TF,RW22R,43.114192,-88.031042,0, ,0.0,0.0,218.0,1.7,1,774,0,0,0,0,3,1
CA,0,218.0,2,1145,0,0,0,0,0,0
DF,HAWKN,43.300042,-88.273178,2, ,0.0,0.0,2,3000,0,0,0,0,0,1
HM,HAWKN,43.300042,-88.273178,2, ,0.0,0.0,185.0,04,0,0,0,0,0,0,0,0,0

APPTR,S04L,04L,BAE
IF,BAE,43.116853,-88.284344, ,0.0,0.0,0,0,0,0,0,0,0,0
TF,BROTS,43.053736,-88.082158,0, ,0.0,0.0,0.0,0.0,2,2600,0,0,0,0,0,0
PI,BROTS,43.053736,-88.082158,2,LJT,167.0,10.0,212,5.0,2,2600,0,0,0,0,1,0
CF,JUVMI,43.010564,-88.116669,0,LJT,212.4,6.9,32.0,7.0,2,2600,0,0,0,0,0,0

FINAL,S04L,04L,D,3
IF,JUVMI,43.010564,-88.116669,LJT,212.4,6.9,2,2600,0,0,0,0,0,0
CF,BROTS,43.053736,-88.082158,0,LJT,212.4,3.9,32.0,3.0,2,2000,0,0,0,0,2,0
CF,RW04L,43.107103,-88.038117,0,LJT,194.9,0.2,32.0,3.7,1,781,0,0,0,0,3,0
CA,0,32.0,2,3000,0,0,0,0,0,0
DF,BAE,43.116853,-88.284344,1, ,0.0,0.0,0,0,0,0,0,0,0,0
HM,BAE,43.116853,-88.284344,2, ,0.0,0.0,90.0,04.3,0,0,0,0,0,0,0,0,0

