SID,PEPUC2,16,5
DF,TATIE,44.847044,-116.100331,0, ,0.0,0.0,0,0,0,0,0,0,0,0
TF,DECEP,44.701133,-116.064258,0, ,0.0,0.0,0.0,0.0,0,0,0,0,0,0,0,0
TF,PEPUC,44.590578,-116.068308,0, ,0.0,0.0,0.0,0.0,2,11700,0,0,0,0,0,0

APPTR,R16,16,DNJ
IF,DNJ,44.767097,-116.206278, ,0.0,0.0,0,0,0,0,0,0,0,0
TF,JALUL,45.204797,-115.996647,0, ,0.0,0.0,0.0,0.0,2,10800,0,0,0,0,0,1
HF,JALUL,45.204797,-115.996647,2, ,0.0,0.0,181.0,07,2,10800,0,0,0,0,1,0,0

APPTR,R16,16,KOVRY
IF,KOVRY,45.222636,-116.389458, ,0.0,0.0,0,0,0,0,0,0,0,0
TF,JALUL,45.204797,-115.996647,0, ,0.0,0.0,0.0,0.0,2,10800,0,0,0,0,0,1
HF,JALUL,45.204797,-115.996647,2, ,0.0,0.0,181.0,07,2,10800,0,0,0,0,1,0,0

FINAL,R16,16,R,6
IF,JALUL,45.204797,-115.996647, ,0.0,0.0,2,10800,0,0,0,0,0,0
TF,HETSO,45.102786,-116.031719,0, ,0.0,0.0,181.0,6.3,2,9500,0,0,0,0,0,0
TF,LUHPY,45.055867,-116.047869,0, ,0.0,0.0,181.0,2.9,2,9000,0,0,0,0,2,0
TF,FIKVO,44.973131,-116.077833,0, ,0.0,0.0,181.0,5.1,2,6940,0,0,0,0,0,0
TF,EGNAJ,44.932775,-116.092414,0, ,0.0,0.0,181.0,2.5,2,5940,0,0,0,0,0,0
TF,XOYTY,44.905333,-116.102319,0, ,0.0,0.0,181.0,1.7,1,5267,0,0,0,0,3,1
CA,0,181.0,2,5424,0,0,0,0,0,0
DF,UDABE,44.848683,-116.122731,0, ,0.0,0.0,0,0,0,0,0,0,0,0
TF,PEPUC,44.590578,-116.068308,0, ,0.0,0.0,0.0,0.0,2,11700,0,0,0,0,0,1
HM,PEPUC,44.590578,-116.068308,1, ,0.0,0.0,340.0,07,0,0,0,0,0,0,0,0,0

APPTR,R34,34,DNJ
IF,DNJ,44.767097,-116.206278, ,0.0,0.0,0,0,0,0,0,0,0,0
TF,PEPUC,44.590578,-116.068308,0, ,0.0,0.0,0.0,0.0,2,10200,0,0,0,0,0,1
HF,PEPUC,44.590578,-116.068308,1, ,0.0,0.0,340.0,07,2,10000,0,0,0,0,1,0,0

APPTR,R34,34,SIDZY
IF,SIDZY,44.503200,-116.000311, ,0.0,0.0,0,0,0,0,0,0,1,0
TF,PEPUC,44.590578,-116.068308,0, ,0.0,0.0,0.0,0.0,2,10000,0,0,0,0,1,0

FINAL,R34,34,R,3
IF,PEPUC,44.590578,-116.068308, ,0.0,0.0,2,10000,0,0,0,0,0,0
TF,VACUA,44.770392,-116.097719,0, ,0.0,0.0,340.0,10.9,2,7500,0,0,0,0,2,0
TF,RW34,44.880364,-116.101467,0, ,0.0,0.0,346.0,6.6,1,5047,0,0,0,0,3,1
CA,0,346.0,2,5600,0,0,0,0,0,0
DF,WADPO,44.998336,-116.289886,0, ,0.0,0.0,0,0,0,0,0,0,0,0
TF,SUMOQ,44.930975,-116.667192,0, ,0.0,0.0,0.0,0.0,2,12000,0,0,0,0,0,1
HM,SUMOQ,44.930975,-116.667192,2, ,0.0,0.0,104.0,07,0,0,0,0,0,0,0,0,0

