APPTR,R09-B,09,FQM
IF,FQM,41.338558,-76.774867, ,0.0,0.0,0,0,0,0,0,0,0,0
TF,PUNLE,40.980628,-76.687053,0, ,0.0,0.0,0.0,0.0,2,4000,0,0,0,0,1,0
TF,JEMIP,40.910022,-76.628550,0, ,0.0,0.0,0.0,0.0,2,3200,0,0,0,0,1,0

APPTR,R09-B,09,MIP
IF,MIP,41.023392,-76.665289, ,0.0,0.0,0,0,0,0,0,0,0,0
TF,JEMIP,40.910022,-76.628550,0, ,0.0,0.0,0.0,0.0,2,3200,0,0,0,0,0,1
HF,JEMIP,40.910022,-76.628550,2, ,0.0,0.0,70.0,04,2,3200,0,0,0,0,1,0,0

APPTR,R09-B,09,SEG
IF,SEG,40.790858,-76.884042, ,0.0,0.0,0,0,0,0,0,0,1,0
TF,JEMIP,40.910022,-76.628550,0, ,0.0,0.0,0.0,0.0,2,3200,0,0,0,0,1,0

FINAL,R09-B,09,R,3
IF,JEMIP,40.910022,-76.628550, ,0.0,0.0,2,3200,0,0,0,0,0,0
TF,FOLEV,40.954317,-76.535397,0, ,0.0,0.0,70.0,5.0,2,2500,0,0,0,0,2,0
TF,GANRE,40.994847,-76.439564,0, ,0.0,0.0,73.0,5.0,1,1560,0,0,0,0,3,1
CA,0,73.0,2,1560,0,0,0,0,0,0
DF,MIP,41.023392,-76.665289,1, ,0.0,0.0,2,4000,0,0,0,0,0,1
HM,MIP,41.023392,-76.665289,1, ,0.0,0.0,112.0,04,2,4000,0,0,0,0,0,0,0

APPTR,R27-B,27,FQM
IF,FQM,41.338558,-76.774867, ,0.0,0.0,0,0,0,0,0,0,0,0
TF,PUNLE,40.980628,-76.687053,0, ,0.0,0.0,0.0,0.0,2,4000,0,0,0,0,1,0
TF,JEMIP,40.910022,-76.628550,0, ,0.0,0.0,0.0,0.0,2,3200,0,0,0,0,1,0

APPTR,R27-B,27,MIP
IF,MIP,41.023392,-76.665289, ,0.0,0.0,0,0,0,0,0,0,0,0
TF,JEMIP,40.910022,-76.628550,0, ,0.0,0.0,0.0,0.0,2,3200,0,0,0,0,0,1
HF,JEMIP,40.910022,-76.628550,2, ,0.0,0.0,70.0,04,2,3200,0,0,0,0,1,0,0

APPTR,R27-B,27,SEG
IF,SEG,40.790858,-76.884042, ,0.0,0.0,0,0,0,0,0,0,1,0
TF,JEMIP,40.910022,-76.628550,0, ,0.0,0.0,0.0,0.0,2,3200,0,0,0,0,1,0

FINAL,R27-B,27,R,3
IF,JEMIP,40.910022,-76.628550, ,0.0,0.0,2,3200,0,0,0,0,0,0
TF,FOLEV,40.954317,-76.535397,0, ,0.0,0.0,70.0,5.0,2,2500,0,0,0,0,2,0
TF,GANRE,40.994847,-76.439564,0, ,0.0,0.0,73.0,5.0,1,1560,0,0,0,0,3,1
CA,0,73.0,2,1560,0,0,0,0,0,0
DF,MIP,41.023392,-76.665289,1, ,0.0,0.0,2,4000,0,0,0,0,0,1
HM,MIP,41.023392,-76.665289,1, ,0.0,0.0,112.0,04,2,4000,0,0,0,0,0,0,0

APPTR,V09-A,09,MIP
HF,MIP,41.023392,-76.665289,1, ,0.0,0.0,109.0,04.3,2,4000,0,0,0,0,1,0,0

FINAL,V09-A,09,D,3
IF,MIP,41.023392,-76.665289,MIP,0.0,0.0,2,4000,0,0,0,0,0,0
CF,RYDOR,41.007664,-76.534825,0,MIP,108.0,6.0,108.0,6.0,2,2300,0,0,0,0,2,0
CF,MA108,40.996250,-76.440928,0,MIP,108.0,10.3,108.0,4.3,1,521,0,0,0,0,3,0
CA,0,108.0,2,890,0,0,0,0,0,0
DF,MIP,41.023392,-76.665289,1, ,0.0,0.0,2,4000,0,0,0,0,0,0
HM,MIP,41.023392,-76.665289,1, ,0.0,0.0,109.0,04.3,0,0,0,0,0,0,0,0,0

APPTR,V27-A,27,MIP
HF,MIP,41.023392,-76.665289,1, ,0.0,0.0,109.0,04.3,2,4000,0,0,0,0,1,0,0

FINAL,V27-A,27,D,3
IF,MIP,41.023392,-76.665289,MIP,0.0,0.0,2,4000,0,0,0,0,0,0
CF,RYDOR,41.007664,-76.534825,0,MIP,108.0,6.0,108.0,6.0,2,2300,0,0,0,0,2,0
CF,MA108,40.996250,-76.440928,0,MIP,108.0,10.3,108.0,4.3,1,521,0,0,0,0,3,0
CA,0,108.0,2,890,0,0,0,0,0,0
DF,MIP,41.023392,-76.665289,1, ,0.0,0.0,2,4000,0,0,0,0,0,0
HM,MIP,41.023392,-76.665289,1, ,0.0,0.0,109.0,04.3,0,0,0,0,0,0,0,0,0

