STAR,SIE4,OTT,1
IF,OTT,38.705872,-76.744747, ,0.0,0.0,0,0,0,0,0,0,0,0
TF,JAYBO,38.854769,-76.023431,0, ,0.0,0.0,0.0,0.0,0,0,0,0,0,0,0,0
TF,SIE,39.095508,-74.800344,0, ,0.0,0.0,0.0,0.0,1,8000,0,0,0,0,0,0

STAR,SIE4,SWL,1
IF,SWL,38.056594,-75.463900, ,0.0,0.0,0,0,0,0,0,0,0,0
TF,CBEAV,38.371947,-75.264772,0, ,0.0,0.0,0.0,0.0,0,0,0,0,0,0,0,0
TF,RADDS,38.648556,-75.088467,0, ,0.0,0.0,0.0,0.0,0,0,0,0,0,0,0,0
TF,SIE,39.095508,-74.800344,0, ,0.0,0.0,0.0,0.0,1,8000,0,0,0,0,0,0

STAR,SIE4,ALL,2
IF,SIE,39.095508,-74.800344, ,0.0,0.0,1,8000,0,0,0,0,0,0
TF,PANZE,39.675994,-74.168181,0, ,0.0,0.0,0.0,0.0,0,0,0,0,0,0,0,0
TF,ZIGGI,40.051947,-74.013706,0, ,0.0,0.0,0.0,0.0,0,0,0,0,0,0,0,0

APPTR,R11,11,TATVE
IF,TATVE,40.287219,-75.007097, ,0.0,0.0,0,0,0,0,0,0,1,0
TF,NUMEG,40.231708,-74.844944,0, ,0.0,0.0,0.0,0.0,2,2100,0,0,0,0,1,0

APPTR,R11,11,ZIDET
IF,ZIDET,40.138358,-74.934022, ,0.0,0.0,0,0,0,0,0,0,1,0
TF,NUMEG,40.231708,-74.844944,0, ,0.0,0.0,0.0,0.0,2,2100,0,0,0,0,1,0

FINAL,R11,11,R,4
IF,NUMEG,40.231708,-74.844944, ,0.0,0.0,2,2100,0,0,0,0,0,0
TF,KLOND,40.222219,-74.714203,0, ,0.0,0.0,108.0,6.0,2,1700,0,0,0,0,2,0
TF,UTECU,40.218558,-74.664283,0, ,0.0,0.0,108.0,2.3,2,960,0,0,0,0,0,0
TF,RW11,40.214400,-74.607978,0, ,0.0,0.0,108.0,2.6,1,138,0,0,0,0,3,1
CA,0,108.0,2,1100,0,0,0,0,0,0
DF,NUMEG,40.231708,-74.844944,1, ,0.0,0.0,2,2100,0,0,0,0,0,1
HM,NUMEG,40.231708,-74.844944,1, ,0.0,0.0,108.0,04,0,0,0,0,0,0,0,0,0

APPTR,R29,29,CASVI
IF,CASVI,40.108708,-74.194292, ,0.0,0.0,0,0,0,0,0,0,1,0
TF,NENNO,40.196239,-74.366406,0, ,0.0,0.0,0.0,0.0,2,2100,0,0,0,0,1,0

APPTR,R29,29,COL
IF,COL,40.311633,-74.159728, ,0.0,0.0,0,0,0,0,0,0,0,0
TF,FEGAN,40.236461,-74.195325,0, ,0.0,0.0,0.0,0.0,2,2100,0,0,0,0,1,0
TF,NENNO,40.196239,-74.366406,0, ,0.0,0.0,0.0,0.0,2,2100,0,0,0,0,1,0

APPTR,R29,29,RBV
IF,RBV,40.202403,-74.495025, ,0.0,0.0,0,0,0,0,0,0,0,0
TF,NENNO,40.196239,-74.366406,0, ,0.0,0.0,0.0,0.0,2,2100,0,0,0,0,0,1
HF,NENNO,40.196239,-74.366406,2, ,0.0,0.0,289.0,04,2,2100,0,0,0,0,1,0,0

FINAL,R29,29,R,4
IF,NENNO,40.196239,-74.366406, ,0.0,0.0,2,2100,0,0,0,0,0,0
TF,RUDJU,40.206125,-74.497044,0, ,0.0,0.0,289.0,6.0,2,1600,0,0,0,0,2,0
TF,ZOLRO,40.209264,-74.538936,0, ,0.0,0.0,289.0,1.9,2,980,0,0,0,0,0,0
TF,RW29,40.213456,-74.595233,0, ,0.0,0.0,289.0,2.6,1,156,0,0,0,0,3,1
CA,0,289.0,2,1000,0,0,0,0,0,0
DF,NENNO,40.196239,-74.366406,2, ,0.0,0.0,2,2100,0,0,0,0,0,1
HM,NENNO,40.196239,-74.366406,2, ,0.0,0.0,289.0,04,0,0,0,0,0,0,0,0,0

APPTR,S29,29,CASVI
IF,CASVI,40.108708,-74.194292, ,0.0,0.0,0,0,0,0,0,0,1,0
TF,RBV,40.202403,-74.495025,0, ,0.0,0.0,0.0,0.0,2,1700,0,0,0,0,0,0

APPTR,S29,29,RBV
HF,RBV,40.202403,-74.495025,2, ,0.0,0.0,288.0,04.3,2,1700,0,0,0,0,1,0,0

FINAL,S29,29,D,2
IF,RBV,40.202403,-74.495025,RBV,0.0,0.0,2,1700,0,0,0,0,2,0
CF,RW29,40.213456,-74.595233,0,RBV,288.2,4.7,288.0,4.7,1,156,0,0,0,0,3,0
CA,0,288.0,2,520,0,0,0,0,0,0
DF,RBV,40.202403,-74.495025,2, ,0.0,0.0,2,1700,0,0,0,0,0,0
HM,RBV,40.202403,-74.495025,2, ,0.0,0.0,288.0,04.3,0,0,0,0,0,0,0,0,0

