APPTR,R05,05,FULON
IF,FULON,32.510192,-80.984167, ,0.0,0.0,2,5000,0,1,230,0,1,0
TF,FOSSS,32.378778,-80.864717,0, ,0.0,0.0,0.0,0.0,2,2800,0,0,0,0,1,0

FINAL,R05,05,R,3
IF,FOSSS,32.378778,-80.864717, ,0.0,0.0,2,2800,0,1,210,0,0,0
TF,GAYLR,32.423656,-80.779986,0, ,0.0,0.0,63.0,5.1,2,1300,0,0,0,0,2,0
TF,RW05,32.470558,-80.730467,0, ,0.0,0.0,47.0,3.8,1,86,0,0,0,0,3,1
DF,DUSBE,32.520300,-80.677853,0, ,0.0,0.0,0,0,0,0,0,0,0,0
TF,HOWEL,32.606300,-80.586733,0, ,0.0,0.0,0.0,0.0,2,3000,0,0,0,0,0,1
HM,HOWEL,32.606300,-80.586733,2, ,0.0,0.0,180.0,04,3,6000,0,1,230,0,0,0,0

APPTR,R14,14,FARRL
HF,FARRL,32.590553,-80.855656,2, ,0.0,0.0,187.0,04,1,2800,0,1,230,0,1,0,0

APPTR,R14,14,KASKE
IF,KASKE,32.717803,-80.733706, ,0.0,0.0,2,5000,0,0,0,0,1,0
TF,FARRL,32.590553,-80.855656,0, ,0.0,0.0,0.0,0.0,2,2800,0,0,0,0,1,0

APPTR,R14,14,SAV
IF,SAV,32.146267,-81.199106, ,0.0,0.0,2,5000,0,0,0,0,0,0
TF,FULON,32.510192,-80.984167,0, ,0.0,0.0,0.0,0.0,2,5000,0,0,0,0,1,0
TF,FARRL,32.590553,-80.855656,0, ,0.0,0.0,0.0,0.0,2,2800,0,0,0,0,1,0

FINAL,R14,14,R,3
IF,FARRL,32.590553,-80.855656, ,0.0,0.0,2,2800,0,0,0,0,0,0
TF,DBLNC,32.518892,-80.771433,0, ,0.0,0.0,140.0,6.1,2,1000,0,0,0,0,2,0
TF,RW14,32.484600,-80.731386,0, ,0.0,0.0,140.0,2.9,1,72,0,0,0,0,3,1
DF,HUVKO,32.437097,-80.675986,0, ,0.0,0.0,0,0,0,0,0,0,0,0
TF,MEECH,32.477236,-80.417311,0, ,0.0,0.0,0.0,0.0,2,3000,0,0,0,0,0,1
HM,MEECH,32.477236,-80.417311,2, ,0.0,0.0,187.0,04,3,6000,0,1,200,0,0,0,0

APPTR,R23,23,HOWEL
HF,HOWEL,32.606300,-80.586733,2, ,0.0,0.0,180.0,04,1,2800,0,1,210,0,1,0,0

APPTR,R23,23,KASKE
IF,KASKE,32.717803,-80.733706, ,0.0,0.0,2,5000,0,0,0,0,1,0
TF,HOWEL,32.606300,-80.586733,0, ,0.0,0.0,0.0,0.0,2,2800,0,0,0,0,1,0

APPTR,R23,23,MEECH
IF,MEECH,32.477236,-80.417311, ,0.0,0.0,2,5000,0,0,0,0,1,0
TF,HOWEL,32.606300,-80.586733,0, ,0.0,0.0,0.0,0.0,2,2800,0,0,0,0,1,0

FINAL,R23,23,R,3
IF,HOWEL,32.606300,-80.586733, ,0.0,0.0,2,2800,0,0,0,0,0,0
TF,PAAPY,32.531678,-80.665814,0, ,0.0,0.0,227.0,6.0,2,1000,0,0,0,0,2,0
TF,RW23,32.495536,-80.704061,0, ,0.0,0.0,227.0,2.9,1,66,0,0,0,0,3,1
DF,CESAB,32.445772,-80.756633,0, ,0.0,0.0,0,0,0,0,0,0,0,0
TF,ATBUY,32.395986,-80.809147,0, ,0.0,0.0,0.0,0.0,2,3000,0,0,0,0,0,1
HM,ATBUY,32.395986,-80.809147,2, ,0.0,0.0,227.0,04,3,6000,0,1,230,0,0,0,0

APPTR,R32,32,MEECH
IF,MEECH,32.477236,-80.417311, ,0.0,0.0,2,5000,0,0,0,0,1,0
TF,BAURR,32.348469,-80.572858,0, ,0.0,0.0,0.0,0.0,2,3000,0,0,0,0,1,0

APPTR,R32,32,SAV
IF,SAV,32.146267,-81.199106, ,0.0,0.0,2,5000,0,0,0,0,0,0
TF,MUZAK,32.229983,-80.709450,0, ,0.0,0.0,0.0,0.0,2,5000,0,0,0,0,1,0
TF,BAURR,32.348469,-80.572858,0, ,0.0,0.0,0.0,0.0,2,3000,0,0,0,0,1,0

FINAL,R32,32,R,3
IF,BAURR,32.348469,-80.572858, ,0.0,0.0,2,3000,0,0,0,0,0,0
TF,DNAHU,32.430697,-80.668528,0, ,0.0,0.0,320.0,6.9,2,1100,0,0,0,0,2,0
TF,RW32,32.468967,-80.713142,0, ,0.0,0.0,320.0,3.2,1,64,0,0,0,0,3,1
DF,JISOL,32.516444,-80.768589,0, ,0.0,0.0,0,0,0,0,0,0,0,0
TF,FARRL,32.590553,-80.855656,0, ,0.0,0.0,0.0,0.0,2,3000,0,0,0,0,0,1
HM,FARRL,32.590553,-80.855656,2, ,0.0,0.0,187.0,04,3,4200,0,1,230,0,0,0,0

FINAL,T05,05,D,2
IF,REBOW,32.407772,-80.813906,NBC,234.0,6.5,2,1500,0,0,0,0,2,0
CF,WUVUB,32.462592,-80.739628,0,NBC,234.0,1.5,54.0,5.0,1,254,0,0,0,0,3,0
CA,0,54.0,2,440,0,0,0,0,0,0
CF,COSAW,32.560081,-80.647783,0,NBC,41.0,6.0,41.0,6.5,2,3000,0,0,0,0,0,0
HM,COSAW,32.560081,-80.647783,2, ,0.0,0.0,221.0,04,0,0,0,1,230,0,0,0,0

APPTR,T14,14,BRAYS
HF,BRAYS,32.531422,-80.818131,1, ,0.0,0.0,127.0,04,1,1500,0,1,230,0,1,0,0

FINAL,T14,14,D,2
IF,BRAYS,32.531422,-80.818131,NBC,306.6,6.0,2,1500,0,0,0,0,2,0
CF,WUSAL,32.492139,-80.742519,0,NBC,306.6,1.5,127.0,4.5,1,252,0,0,0,0,3,0
CA,0,127.0,2,440,0,0,0,0,0,0
FA,NBC,32.479033,-80.717331,0,NBC,0.0,0.0,120.0,2,1500,0,0,0,0,0,0
VI,1, ,0.0,330.0,0,0,0,0,0,0,0,0
CF,COSAW,32.560081,-80.647783,0,NBC,41.0,6.0,41.0,2.0,2,3000,0,0,0,0,0,0
HM,COSAW,32.560081,-80.647783,2, ,0.0,0.0,221.0,04,3,6000,0,1,230,0,0,0,0

APPTR,T23,23,CHS
IF,CHS,32.894319,-80.037814, ,0.0,0.0,0,0,0,0,0,0,0,0
TF,COSAW,32.560081,-80.647783,0, ,0.0,0.0,0.0,0.0,2,4000,0,0,0,0,0,0
HF,COSAW,32.560081,-80.647783,2, ,0.0,0.0,221.0,04,2,1500,0,1,200,0,1,0,0

APPTR,T23,23,SAV
IF,SAV,32.146267,-81.199106, ,0.0,0.0,0,0,0,0,0,0,0,0
TF,COSAW,32.560081,-80.647783,0, ,0.0,0.0,0.0,0.0,2,4000,0,0,0,0,0,0
HF,COSAW,32.560081,-80.647783,2, ,0.0,0.0,221.0,04,2,1500,0,1,200,0,1,0,0

FINAL,T23,23,D,2
IF,COSAW,32.560081,-80.647783,NBC,41.0,6.0,2,1500,0,0,0,0,2,0
CF,WEMSA,32.501997,-80.697633,0,NBC,41.0,1.7,221.0,4.3,1,219,0,0,0,0,3,0
CA,0,221.0,2,440,0,0,0,0,0,0
VI,2, ,0.0,337.0,0,0,0,0,0,0,0,0
CF,BRAYS,32.531422,-80.818131,0,NBC,306.6,6.0,307.0,2.0,2,3000,0,0,0,0,0,0
HM,BRAYS,32.531422,-80.818131,1, ,0.0,0.0,127.0,04,0,0,0,1,230,0,0,0,0

