STAR,AWDAD1,LCH,1
IF,LCH,30.141514,-93.105569, ,0.0,0.0,0,0,0,0,0,0,0,0
TF,LFT,30.193814,-91.992569,0, ,0.0,0.0,0.0,0.0,0,0,0,0,0,0,0,0
TF,AWDAD,30.116500,-90.952100,0, ,0.0,0.0,0.0,0.0,0,0,0,1,250,0,0,0

STAR,AWDAD1,LFT,1
IF,LFT,30.193814,-91.992569, ,0.0,0.0,0,0,0,0,0,0,0,0
TF,AWDAD,30.116500,-90.952100,0, ,0.0,0.0,0.0,0.0,0,0,0,1,250,0,0,0

STAR,AWDAD1,LSU,1
IF,LSU,30.485133,-91.294067, ,0.0,0.0,0,0,0,0,0,0,0,0
TF,AWDAD,30.116500,-90.952100,0, ,0.0,0.0,0.0,0.0,0,0,0,1,250,0,0,0

STAR,AWDAD1,ALL,2
IF,AWDAD,30.116500,-90.952100, ,0.0,0.0,0,0,0,1,250,0,0,0
TF,VOODO,30.096508,-90.699986,0, ,0.0,0.0,0.0,0.0,0,0,0,0,0,0,0,0

STAR,OLEDD4,LLA,1
IF,LLA,29.663225,-92.373642, ,0.0,0.0,0,0,0,0,0,0,0,0
TF,ORICH,29.666017,-91.598728,0, ,0.0,0.0,0.0,0.0,0,0,0,0,0,0,0,0
TF,LUFFS,29.665244,-91.039528,0, ,0.0,0.0,0.0,0.0,0,0,0,0,0,0,0,0
TF,TBD,29.664322,-90.829094,0, ,0.0,0.0,0.0,0.0,0,0,0,0,0,0,0,0
TF,OLEDD,29.744222,-90.477164,0, ,0.0,0.0,0.0,0.0,0,0,0,0,0,0,0,0

STAR,OLEDD4,TBD,1
IF,TBD,29.664322,-90.829094, ,0.0,0.0,0,0,0,0,0,0,0,0
TF,OLEDD,29.744222,-90.477164,0, ,0.0,0.0,0.0,0.0,0,0,0,0,0,0,0,0

STAR,OLEDD4,ALL,2
IF,OLEDD,29.744222,-90.477164, ,0.0,0.0,0,0,0,0,0,0,0,0

STAR,RYTHM4,HEZ,1
IF,HEZ,31.618178,-91.299644, ,0.0,0.0,0,0,0,0,0,0,0,0
TF,ZYDCO,30.887689,-90.227461,0, ,0.0,0.0,0.0,0.0,0,0,0,0,0,0,0,0
TF,FOILS,30.687636,-90.212844,0, ,0.0,0.0,0.0,0.0,0,0,0,0,0,0,0,0
TF,RYTHM,30.540219,-90.202092,0, ,0.0,0.0,0.0,0.0,0,0,0,1,250,0,0,0

STAR,RYTHM4,LBY,1
IF,LBY,31.418683,-89.337603, ,0.0,0.0,0,0,0,0,0,0,0,0
TF,RYTHM,30.540219,-90.202092,0, ,0.0,0.0,0.0,0.0,0,0,0,1,250,0,0,0

STAR,RYTHM4,MCB,1
IF,MCB,31.304453,-90.258203, ,0.0,0.0,0,0,0,0,0,0,0,0
TF,ZYDCO,30.887689,-90.227461,0, ,0.0,0.0,0.0,0.0,0,0,0,0,0,0,0,0
TF,FOILS,30.687636,-90.212844,0, ,0.0,0.0,0.0,0.0,0,0,0,0,0,0,0,0
TF,RYTHM,30.540219,-90.202092,0, ,0.0,0.0,0.0,0.0,0,0,0,1,250,0,0,0

STAR,RYTHM4,MEI,1
IF,MEI,32.378439,-88.804267, ,0.0,0.0,0,0,0,0,0,0,0,0
TF,BLEUZ,31.668983,-89.489189,0, ,0.0,0.0,0.0,0.0,0,0,0,0,0,0,0,0
TF,ZYDCO,30.887689,-90.227461,0, ,0.0,0.0,0.0,0.0,0,0,0,0,0,0,0,0
TF,FOILS,30.687636,-90.212844,0, ,0.0,0.0,0.0,0.0,0,0,0,0,0,0,0,0
TF,RYTHM,30.540219,-90.202092,0, ,0.0,0.0,0.0,0.0,0,0,0,1,250,0,0,0

STAR,RYTHM4,ALL,2
IF,RYTHM,30.540219,-90.202092, ,0.0,0.0,0,0,0,1,250,0,0,0
TF,OYSTY,30.470892,-90.196983,0, ,0.0,0.0,0.0,0.0,0,0,0,0,0,0,0,0
TF,RAYOP,30.213742,-90.178308,0, ,0.0,0.0,0.0,0.0,0,0,0,0,0,0,0,0

STAR,SLIDD2,GPT,1
IF,GPT,30.406833,-89.076778, ,0.0,0.0,0,0,0,0,0,0,0,0
TF,MUDDA,30.328325,-89.289514,0, ,0.0,0.0,0.0,0.0,0,0,0,0,0,0,0,0
TF,CLERY,30.275794,-89.431169,0, ,0.0,0.0,0.0,0.0,0,0,0,0,0,0,0,0
TF,SLIDD,30.162800,-89.733939,0, ,0.0,0.0,0.0,0.0,0,0,0,0,0,0,0,0

STAR,SLIDD2,SJI,1
IF,SJI,30.725981,-88.359294, ,0.0,0.0,0,0,0,0,0,0,0,0
TF,BUGLE,30.612667,-88.615658,0, ,0.0,0.0,0.0,0.0,0,0,0,0,0,0,0,0
TF,GPT,30.406833,-89.076778,0, ,0.0,0.0,0.0,0.0,0,0,0,0,0,0,0,0
TF,MUDDA,30.328325,-89.289514,0, ,0.0,0.0,0.0,0.0,0,0,0,0,0,0,0,0
TF,CLERY,30.275794,-89.431169,0, ,0.0,0.0,0.0,0.0,0,0,0,0,0,0,0,0
TF,SLIDD,30.162800,-89.733939,0, ,0.0,0.0,0.0,0.0,0,0,0,0,0,0,0,0

STAR,SLIDD2,ALL,2
IF,SLIDD,30.162800,-89.733939, ,0.0,0.0,0,0,0,0,0,0,0,0

APPTR,D36L,36L,HRV
IF,HRV,29.850192,-90.002989, ,0.0,0.0,2,2600,0,0,0,0,1,0
TF,MOCXE,29.899931,-90.010111,0, ,0.0,0.0,0.0,0.0,2,2600,0,0,0,0,0,0

FINAL,D36L,36L,D,4
IF,MOCXE,29.899931,-90.010111,HRV,350.9,3.0,2,2600,0,0,0,0,0,0
CF,CUDRO,29.949664,-90.017244,0,HRV,350.9,6.0,351.0,3.0,2,1700,0,0,0,0,2,0
CF,IMIAL,30.006028,-90.025347,0,HRV,350.9,9.4,351.0,3.4,2,680,0,0,0,0,0,0
CF,RW36L,30.036156,-90.029675,0,HRV,350.9,11.2,351.0,1.8,1,57,0,0,0,0,3,0
CI,0, ,0.0,351.0,0,0,0,0,0,0,0,0
CF,SNAKI,30.149589,-89.888747,2,RQR,82.0,36.6,82.0,8.1,2,2000,0,0,0,0,0,0
HM,SNAKI,30.149589,-89.888747,2, ,0.0,0.0,262.0,04.3,0,0,0,0,0,0,0,0,0

FINAL,I18R,18R,I,3
IF,WIPIB,30.238244,-90.032678,INEW,357.3,12.3,2,1700,0,0,0,0,0,0
CF,BOGLY,30.137258,-90.031172,0,INEW,357.3,6.2,177.0,6.1,1,1700,0,0,0,0,2,0
CF,RW18R,30.052156,-90.029908,0,INEW,357.3,1.1,177.0,5.1,1,54,0,0,0,0,3,0
CA,0,177.0,2,500,0,0,0,0,0,0
VI,1, ,0.0,46.0,0,0,0,0,0,0,0,0
CF,SNAKI,30.149589,-89.888747,0,HRV,16.3,18.9,16.0,7.0,2,2100,0,0,0,0,0,0
HM,SNAKI,30.149589,-89.888747,2, ,0.0,0.0,262.0,04.3,0,0,0,0,0,0,0,0,0

FINAL,R18R,18R,R,3
IF,WIPIB,30.238244,-90.032678, ,0.0,0.0,2,1700,0,0,0,0,0,0
TF,BOGLY,30.137258,-90.031172,0, ,0.0,0.0,177.0,6.1,2,1700,0,0,0,0,2,0
TF,RW18R,30.052156,-90.029908,0, ,0.0,0.0,177.0,5.1,1,54,0,0,0,0,3,1
CA,0,177.0,2,258,0,0,0,0,0,0
DF,WUDON,29.968628,-90.028669,0, ,0.0,0.0,0,0,0,0,0,0,0,0
TF,MORLE,29.982883,-89.882783,1, ,0.0,0.0,0.0,0.0,0,0,0,0,0,0,0,0
TF,SNAKI,30.149589,-89.888747,0, ,0.0,0.0,0.0,0.0,2,2100,0,0,0,0,0,1
HM,SNAKI,30.149589,-89.888747,2, ,0.0,0.0,262.0,04,0,0,0,0,0,0,0,0,0

APPTR,R36L,36L,GOING
IF,GOING,29.525378,-90.128919, ,0.0,0.0,0,0,0,0,0,0,1,0
TF,GODRD,29.849219,-90.026903,0, ,0.0,0.0,0.0,0.0,2,2600,0,0,0,0,0,0
TF,TOYBO,29.899672,-90.027650,0, ,0.0,0.0,0.0,0.0,2,2600,0,0,0,0,0,0

APPTR,R36L,36L,SAFES
IF,SAFES,29.817583,-90.149833, ,0.0,0.0,0,0,0,0,0,0,1,0
TF,GODRD,29.849219,-90.026903,0, ,0.0,0.0,0.0,0.0,2,2600,0,0,0,0,0,0
TF,TOYBO,29.899672,-90.027650,0, ,0.0,0.0,0.0,0.0,2,2600,0,0,0,0,0,0

APPTR,R36L,36L,SULPA
IF,SULPA,29.597917,-89.875094, ,0.0,0.0,0,0,0,0,0,0,1,0
TF,GODRD,29.849219,-90.026903,0, ,0.0,0.0,0.0,0.0,2,2600,0,0,0,0,0,0
TF,TOYBO,29.899672,-90.027650,0, ,0.0,0.0,0.0,0.0,2,2600,0,0,0,0,0,0

FINAL,R36L,36L,R,4
IF,TOYBO,29.899672,-90.027650, ,0.0,0.0,2,2600,0,0,0,0,0,0
TF,HEBOT,29.951183,-90.028411,0, ,0.0,0.0,357.0,3.1,2,1700,0,0,0,0,2,0
TF,FIRMA,29.999403,-90.029128,0, ,0.0,0.0,357.0,2.9,2,760,0,0,0,0,0,0
TF,RW36L,30.036156,-90.029675,0, ,0.0,0.0,357.0,2.2,1,57,0,0,0,0,3,1
DF,PNDAR,30.094625,-90.030542,0, ,0.0,0.0,0,0,0,0,0,0,0,0
TF,SNAKI,30.149589,-89.888747,0, ,0.0,0.0,0.0,0.0,2,2100,0,0,0,0,0,1
HM,SNAKI,30.149589,-89.888747,2, ,0.0,0.0,262.0,04,0,0,0,0,0,0,0,0,0

