APPTR,I30-Y,30,CAROM
IF,CAROM,33.277119,-119.044019, ,0.0,0.0,2,3000,0,0,0,0,1,0
AF,EDADE,32.999939,-119.149236,2,NSI,120.0,21.0,71.0,0,0,0,0,0,0,0,0
FC,EDADE,32.999939,-119.149236,0,NSI,0.0,0.0,301.0,5.0,0,0,0,0,0,0,0,0
CF,TAMAY,33.101947,-119.280317,0,INSI,120.6,13.0,301.0,4.0,2,3000,0,0,0,0,1,0

APPTR,I30-Y,30,FOBDA
IF,FOBDA,33.428608,-119.396544, ,0.0,0.0,2,3000,0,0,0,0,1,0
AF,D114L,33.117142,-119.265744,2,NSI,114.0,12.0,3.0,2,3000,0,0,0,0,0,0
VI,0,INSI,0.0,271.0,2,3000,0,0,0,0,0,0

APPTR,I30-Y,30,TAMAY
HF,TAMAY,33.101947,-119.280317,2, ,0.0,0.0,301.0,04,1,3000,0,1,230,0,1,0,0

FINAL,I30-Y,30,I,3
IF,TAMAY,33.101947,-119.280317,INSI,120.6,13.0,2,3000,0,0,0,0,0,0
CF,HILER,33.176336,-119.376211,0,INSI,120.6,6.4,301.0,6.6,1,2100,0,0,0,0,2,0
CF,RW30,33.230481,-119.446164,0,INSI,120.6,1.7,301.0,4.8,1,554,0,0,0,0,3,0
VA,0,301.0,2,1000,0,0,0,0,0,0
CF,FOBDA,33.428608,-119.396544,0,NSI,3.0,12.0,3.0,12.0,0,0,0,0,0,0,0,0
AF,TAMAY,33.101947,-119.280317,2,NSI,119.6,12.0,3.0,1,3000,0,0,0,0,0,0
HM,TAMAY,33.101947,-119.280317,2, ,0.0,0.0,301.0,04,0,0,0,1,230,0,0,0,0

APPTR,I30-Z,30,CAROM
IF,CAROM,33.277119,-119.044019, ,0.0,0.0,2,3000,0,0,0,0,1,0
FC,CAROM,33.277119,-119.044019,0,SXC,0.0,0.0,217.0,11.9,2,3000,0,0,0,0,0,0
CF,TAMAY,33.101947,-119.280317,0,INSI,120.6,13.0,217.0,4.0,2,3000,0,0,0,0,1,0

APPTR,I30-Z,30,TAMAY
HF,TAMAY,33.101947,-119.280317,2, ,0.0,0.0,301.0,04,1,3000,0,1,230,0,0,0,0

FINAL,I30-Z,30,I,3
IF,TAMAY,33.101947,-119.280317,INSI,120.6,13.0,2,3000,0,0,0,0,0,0
CF,HILER,33.176336,-119.376211,0,INSI,120.6,6.4,301.0,6.6,1,2100,0,0,0,0,2,0
CF,RW30,33.230481,-119.446164,0,INSI,120.6,1.7,301.0,4.8,1,554,0,0,0,0,3,0
CA,0,301.0,2,910,0,0,0,0,0,0
DF,FEGAV,33.299433,-119.535394,0, ,0.0,0.0,2,2000,0,0,0,0,0,0
TF,FOBDA,33.428608,-119.396544,0, ,0.0,0.0,0.0,0.0,0,0,0,0,0,0,0,0
TF,CAROM,33.277119,-119.044019,0, ,0.0,0.0,0.0,0.0,0,0,0,0,0,0,0,0
TF,TAMAY,33.101947,-119.280317,0, ,0.0,0.0,0.0,0.0,1,3000,0,0,0,0,0,0
HM,TAMAY,33.101947,-119.280317,2, ,0.0,0.0,301.0,04,0,0,0,1,230,0,0,0,0

APPTR,L30,30,CAROM
IF,CAROM,33.277119,-119.044019, ,0.0,0.0,2,3000,0,0,0,0,1,0
AF,EDADE,32.999939,-119.149236,2,NSI,120.0,21.0,71.0,0,0,0,0,0,0,0,0
FC,EDADE,32.999939,-119.149236,0,NSI,0.0,0.0,301.0,5.0,0,0,0,0,0,0,0,0
CF,TAMAY,33.101947,-119.280317,0,INSI,120.6,13.0,301.0,4.0,2,3000,0,0,0,0,1,0

APPTR,L30,30,FOBDA
IF,FOBDA,33.428608,-119.396544, ,0.0,0.0,2,3000,0,0,0,0,1,0
AF,D114L,33.117142,-119.265744,2,NSI,114.0,12.0,3.0,2,3000,0,0,0,0,0,0
VI,0,INSI,0.0,271.0,2,3000,0,0,0,0,0,0

APPTR,L30,30,TAMAY
HF,TAMAY,33.101947,-119.280317,2, ,0.0,0.0,301.0,04,1,3000,0,1,230,0,1,0,0

FINAL,L30,30,D,3
IF,TAMAY,33.101947,-119.280317,INSI,120.6,13.0,2,3000,0,0,0,0,0,0
CF,HILER,33.176336,-119.376211,0,INSI,120.6,6.4,301.0,6.6,2,2100,0,0,0,0,2,0
CF,DEYAF,33.220919,-119.433808,0,INSI,120.6,2.5,301.0,3.9,1,829,0,0,0,0,3,0
VA,0,301.0,2,1000,0,0,0,0,0,0
CF,FOBDA,33.428608,-119.396544,0,NSI,3.0,12.0,3.0,14.0,0,0,0,0,0,0,0,0
AF,TAMAY,33.101947,-119.280317,2,NSI,119.6,12.0,3.0,1,3000,0,0,0,0,0,0
HM,TAMAY,33.101947,-119.280317,2, ,0.0,0.0,301.0,04,0,0,0,1,230,0,0,0,0

APPTR,R30,30,CAROM
IF,CAROM,33.277119,-119.044019, ,0.0,0.0,2,3000,0,0,0,0,1,0
TF,TAMAY,33.101947,-119.280317,0, ,0.0,0.0,0.0,0.0,2,3000,0,0,0,0,1,0

APPTR,R30,30,TAMAY
HF,TAMAY,33.101947,-119.280317,2, ,0.0,0.0,301.0,04,1,3000,0,1,230,0,1,0,0

FINAL,R30,30,R,3
IF,TAMAY,33.101947,-119.280317, ,0.0,0.0,2,3000,0,0,0,0,0,0
TF,HILER,33.176336,-119.376211,0, ,0.0,0.0,301.0,6.6,2,2100,0,0,0,0,2,0
TF,RW30,33.230481,-119.446164,0, ,0.0,0.0,301.0,4.8,1,554,0,0,0,0,3,1
TF,FEGAV,33.299433,-119.535394,0, ,0.0,0.0,0.0,0.0,2,2000,0,0,0,0,0,0
TF,FOBDA,33.428608,-119.396544,0, ,0.0,0.0,0.0,0.0,0,0,0,0,0,0,0,0
TF,CAROM,33.277119,-119.044019,0, ,0.0,0.0,0.0,0.0,0,0,0,0,0,0,0,0
TF,TAMAY,33.101947,-119.280317,0, ,0.0,0.0,0.0,0.0,1,3000,0,0,0,0,0,1
HM,TAMAY,33.101947,-119.280317,2, ,0.0,0.0,301.0,04,0,0,0,1,230,0,0,0,0

APPTR,T30,30,CAROM
IF,CAROM,33.277119,-119.044019, ,0.0,0.0,2,3000,0,0,0,0,1,0
TF,LAVAY,33.259278,-119.221656,0, ,0.0,0.0,0.0,0.0,2,3000,0,0,0,0,0,0
AF,WOKIL,33.122864,-119.260958,2,NSI,112.0,12.0,71.0,2,2600,0,0,0,0,1,0

APPTR,T30,30,FOBDA
IF,FOBDA,33.428608,-119.396544, ,0.0,0.0,2,3000,0,0,0,0,1,0
AF,LAVAY,33.259278,-119.221656,2,NSI,71.0,12.0,3.0,2,3000,0,0,0,0,0,0
AF,WOKIL,33.122864,-119.260958,2,NSI,112.0,12.0,71.0,2,2600,0,0,0,0,1,0

FINAL,T30,30,D,3
IF,WOKIL,33.122864,-119.260958,NSI,112.0,12.0,2,2600,0,0,0,0,0,0
CF,ZAMER,33.188358,-119.376064,0,NSI,112.0,5.0,292.0,7.0,2,1800,0,0,0,0,2,0
CF,ZAPSU,33.221064,-119.433681,0,NSI,112.0,1.5,292.0,3.5,1,791,0,0,0,0,3,0
CA,0,292.0,2,910,0,0,0,0,0,0
CF,FOBDA,33.428608,-119.396544,0,NSI,3.0,12.0,3.0,12.0,1,3000,0,0,0,0,0,0
HM,FOBDA,33.428608,-119.396544,1, ,0.0,0.0,183.0,06,0,0,0,1,230,0,0,0,0

