APPTR,R24,24,MZB
IF,MZB,32.782203,-117.225414, ,0.0,0.0,2,4000,0,0,0,0,0,0
TF,JUROR,33.095853,-118.380406,0, ,0.0,0.0,0.0,0.0,2,3000,0,0,0,0,0,0
HF,JUROR,33.095853,-118.380406,2, ,0.0,0.0,235.0,04,1,3000,0,1,230,0,1,0,0

APPTR,R24,24,OCN
IF,OCN,33.240633,-117.417719, ,0.0,0.0,2,4000,0,0,0,0,0,0
TF,JUROR,33.095853,-118.380406,0, ,0.0,0.0,0.0,0.0,2,3000,0,0,0,0,0,0
HF,JUROR,33.095853,-118.380406,2, ,0.0,0.0,235.0,04,1,3000,0,1,230,0,1,0,0

APPTR,R24,24,SLI
IF,SLI,33.783300,-118.054758, ,0.0,0.0,2,3000,0,0,0,0,0,0
TF,JUROR,33.095853,-118.380406,0, ,0.0,0.0,0.0,0.0,2,3000,0,0,0,0,0,0
HF,JUROR,33.095853,-118.380406,2, ,0.0,0.0,235.0,04,1,3000,0,1,230,0,1,0,0

FINAL,R24,24,R,3
IF,JUROR,33.095853,-118.380406, ,0.0,0.0,2,3000,0,0,0,0,0,0
TF,PUMPE,33.056922,-118.491403,0, ,0.0,0.0,235.0,6.1,2,1700,0,0,0,0,2,0
TF,RW24,33.027681,-118.574497,0, ,0.0,0.0,235.0,4.5,1,234,0,0,0,0,3,1
CA,0,235.0,2,590,0,0,0,0,0,0
DF,JURAT,33.008989,-118.627525,0, ,0.0,0.0,0,0,0,0,0,0,0,0
TF,NEPSE,33.042917,-118.718089,0, ,0.0,0.0,0.0,0.0,0,0,0,0,0,0,0,1
DF,JUROR,33.095853,-118.380406,2, ,0.0,0.0,2,3000,0,0,0,0,0,0
HM,JUROR,33.095853,-118.380406,2, ,0.0,0.0,235.0,04,3,4000,0,1,230,0,0,0,0

APPTR,T24,24,HETIT
IF,HETIT,33.239211,-118.326675, ,0.0,0.0,2,4000,0,0,0,0,1,0
AF,PYRAS,33.139086,-118.248333,2,NUC,56.0,18.0,33.0,0,0,0,0,0,0,0,0
TF,SHOTS,33.089347,-118.395664,0, ,0.0,0.0,0.0,0.0,2,3000,0,0,0,0,1,0

APPTR,T24,24,MZB
IF,MZB,32.782203,-117.225414, ,0.0,0.0,2,4000,0,0,0,0,0,0
TF,PYRAS,33.139086,-118.248333,0, ,0.0,0.0,0.0,0.0,2,4000,0,0,0,0,1,0
TF,SHOTS,33.089347,-118.395664,0, ,0.0,0.0,0.0,0.0,2,3000,0,0,0,0,1,0

APPTR,T24,24,OCN
IF,OCN,33.240633,-117.417719, ,0.0,0.0,2,4000,0,0,0,0,0,0
TF,PYRAS,33.139086,-118.248333,0, ,0.0,0.0,0.0,0.0,2,4000,0,0,0,0,1,0
TF,SHOTS,33.089347,-118.395664,0, ,0.0,0.0,0.0,0.0,2,3000,0,0,0,0,1,0

APPTR,T24,24,SLI
IF,SLI,33.783300,-118.054758, ,0.0,0.0,2,4000,0,0,0,0,0,0
TF,PYRAS,33.139086,-118.248333,0, ,0.0,0.0,0.0,0.0,2,4000,0,0,0,0,1,0
TF,SHOTS,33.089347,-118.395664,0, ,0.0,0.0,0.0,0.0,2,3000,0,0,0,0,1,0

FINAL,T24,24,D,3
IF,SHOTS,33.089347,-118.395664,NUC,56.0,10.0,2,3000,0,0,0,0,0,0
CF,WEBUK,33.058172,-118.487661,0,NUC,56.0,5.0,236.0,5.0,2,1700,0,0,0,0,2,0
CF,FARNA,33.033186,-118.561214,0,NUC,56.0,0.0,236.0,4.0,1,466,0,0,0,0,3,0
CA,0,236.0,2,1500,0,0,0,0,0,0
VI,2, ,0.0,63.0,0,0,0,0,0,0,0,0
CF,HETIT,33.239211,-118.326675,0,NUC,33.0,18.0,33.0,11.0,2,4000,0,0,0,0,0,0
AF,PYRAS,33.139086,-118.248333,2,NUC,56.0,18.0,33.0,1,4000,0,0,0,0,0,0
HM,PYRAS,33.139086,-118.248333,1, ,0.0,0.0,236.0,04,0,0,0,1,230,0,0,0,0

