APPTR,R17,17,GECGE
IF,GECGE,35.676622,-96.621514, ,0.0,0.0,2,3000,0,0,0,0,1,0
TF,REXEC,35.648489,-96.717789,0, ,0.0,0.0,0.0,0.0,2,3000,0,0,0,0,1,0

APPTR,R17,17,IVBAF
IF,IVBAF,35.677361,-96.813733, ,0.0,0.0,2,3000,0,0,0,0,1,0
TF,REXEC,35.648489,-96.717789,0, ,0.0,0.0,0.0,0.0,2,3000,0,0,0,0,1,0

APPTR,R17,17,REXEC
HF,REXEC,35.648489,-96.717789,2, ,0.0,0.0,177.0,04,2,3000,0,0,0,0,1,0,0

FINAL,R17,17,R,4
IF,REXEC,35.648489,-96.717789, ,0.0,0.0,2,3000,0,0,0,0,0,0
TF,OYEHE,35.565036,-96.718272,0, ,0.0,0.0,177.0,5.0,2,2600,0,0,0,0,2,0
TF,UFNAP,35.525469,-96.718500,0, ,0.0,0.0,177.0,2.4,2,1840,0,0,0,0,0,0
TF,RW17,35.485408,-96.718731,0, ,0.0,0.0,177.0,2.4,1,1091,0,0,0,0,3,1
CA,0,177.0,2,1450,0,0,0,0,0,0
DF,VIRUJ,35.311069,-96.719769,0, ,0.0,0.0,2,3000,0,0,0,0,0,1
HM,VIRUJ,35.311069,-96.719769,2, ,0.0,0.0,357.0,04,0,0,0,0,0,0,0,0,0

APPTR,R35-A,35,VIRUJ
HF,VIRUJ,35.311069,-96.719769,2, ,0.0,0.0,357.0,04,2,3000,0,0,0,0,1,0,0

APPTR,R35-A,35,WATOM
IF,WATOM,35.282850,-96.815650, ,0.0,0.0,2,3100,0,0,0,0,1,0
TF,VIRUJ,35.311069,-96.719769,0, ,0.0,0.0,0.0,0.0,2,3000,0,0,0,0,1,0

APPTR,R35-A,35,XETJO
IF,XETJO,35.282083,-96.624231, ,0.0,0.0,2,3000,0,0,0,0,1,0
TF,VIRUJ,35.311069,-96.719769,0, ,0.0,0.0,0.0,0.0,2,3000,0,0,0,0,1,0

FINAL,R35-A,35,R,3
IF,VIRUJ,35.311069,-96.719769, ,0.0,0.0,2,3000,0,0,0,0,0,0
TF,YADUG,35.394586,-96.719272,0, ,0.0,0.0,357.0,5.0,2,2600,0,0,0,0,2,0
TF,RW35,35.475822,-96.718786,0, ,0.0,0.0,357.0,4.9,1,1720,0,0,0,0,3,1
CA,0,357.0,2,1720,0,0,0,0,0,0
DF,REXEC,35.648489,-96.717789,0, ,0.0,0.0,2,3000,0,0,0,0,0,1
HM,REXEC,35.648489,-96.717789,2, ,0.0,0.0,177.0,04,0,0,0,0,0,0,0,0,0

