APPTR,N35,35,GLD
IF,GLD,39.387869,-101.692297, ,0.0,0.0,0,0,0,0,0,0,0,0
TF,OIN,39.829539,-100.537719,0, ,0.0,0.0,0.0,0.0,2,5600,0,0,0,0,0,0
PI,OIN,39.829539,-100.537719,2,MCK,143.0,10.0,188,5.0,2,4400,0,0,0,0,1,0
CF,FF35,39.744994,-100.565022,0,MCK,169.2,27.5,8.0,4.8,2,4400,0,0,0,0,0,0

APPTR,N35,35,HLC
IF,HLC,39.258747,-100.225850, ,0.0,0.0,0,0,0,0,0,0,0,0
TF,OIN,39.829539,-100.537719,0, ,0.0,0.0,0.0,0.0,2,4500,0,0,0,0,0,0
PI,OIN,39.829539,-100.537719,2,HLC,143.0,10.0,188,5.0,2,4400,0,0,0,0,1,0
CF,FF35,39.744994,-100.565022,0,HLC,323.7,33.1,8.0,4.8,2,4400,0,0,0,0,0,0

APPTR,N35,35,MCK
IF,MCK,40.203797,-100.594225, ,0.0,0.0,0,0,0,0,0,0,0,0
TF,OIN,39.829539,-100.537719,0, ,0.0,0.0,0.0,0.0,2,4500,0,0,0,0,0,0
PI,OIN,39.829539,-100.537719,2,MCK,143.0,10.0,188,5.0,2,4400,0,0,0,0,1,0
CF,FF35,39.744994,-100.565022,0,MCK,169.2,27.5,8.0,4.8,2,4400,0,0,0,0,0,0

FINAL,N35,35,N,2
IF,FF35,39.744994,-100.565022,OIN,0.0,0.0,2,4400,0,0,0,0,2,0
CF,OIN,39.829539,-100.537719,0,OIN,0.0,0.0,8.0,5.2,1,3500,0,0,0,0,3,0
CF,N35HP,39.763603,-100.507642,2,MCK,163.4,26.7,188.0,3.5,0,0,0,0,0,0,0,1
CF,OIN,39.829539,-100.537719,2,MCK,165.4,22.6,8.0,3.5,2,4400,0,0,0,0,0,0
HM,OIN,39.829539,-100.537719,2, ,0.0,0.0,8.0,04.3,0,0,0,0,0,0,0,0,0

APPTR,R17,17,INARM
HF,INARM,40.052469,-100.537836,1, ,0.0,0.0,174.0,07,2,6500,0,0,0,0,1,0,0

FINAL,R17,17,R,4
IF,INARM,40.052469,-100.537836, ,0.0,0.0,2,6500,0,0,0,0,0,0
TF,PACEY,39.927306,-100.539172,0, ,0.0,0.0,174.0,7.5,2,4400,0,0,0,0,2,0
TF,STIPE,39.874939,-100.539731,0, ,0.0,0.0,174.0,3.1,2,3400,0,0,0,0,0,0
TF,RW17,39.840981,-100.540092,0, ,0.0,0.0,174.0,2.0,1,2752,0,0,0,0,3,1
CA,0,174.0,2,3026,0,0,0,0,0,0
DF,IBEDE,39.617872,-100.542458,0, ,0.0,0.0,2,6500,0,0,0,0,0,1
HM,IBEDE,39.617872,-100.542458,1, ,0.0,0.0,354.0,07,0,0,0,0,0,0,0,0,0

APPTR,R35,35,IBEDE
HF,IBEDE,39.617872,-100.542458,1, ,0.0,0.0,354.0,07,2,6500,0,0,0,0,1,0,0

FINAL,R35,35,R,3
IF,IBEDE,39.617872,-100.542458, ,0.0,0.0,2,6500,0,0,0,0,0,0
TF,PABNE,39.742914,-100.541133,0, ,0.0,0.0,354.0,7.5,2,4400,0,0,0,0,2,0
TF,RW35,39.831372,-100.540194,0, ,0.0,0.0,354.0,5.3,1,2711,0,0,0,0,3,1
CA,0,354.0,2,2971,0,0,0,0,0,0
DF,INARM,40.052469,-100.537836,0, ,0.0,0.0,2,6500,0,0,0,0,0,1
HM,INARM,40.052469,-100.537836,1, ,0.0,0.0,174.0,07,0,0,0,0,0,0,0,0,0

