APPTR,I18,18,HLI
IF,HLI,34.770244,-89.496519, ,0.0,0.0,0,0,0,0,0,0,0,0
TF,EFPUB,35.167278,-89.788694,0, ,0.0,0.0,0.0,0.0,2,2500,0,0,0,0,0,0
HF,EFPUB,35.167278,-89.788694,1, ,0.0,0.0,181.0,04,2,2500,0,0,0,0,1,0,0

FINAL,I18,18,I,3
IF,EFPUB,35.167278,-89.788694,IOLV,0.5,11.9,2,2500,0,0,0,0,0,0
CF,NUXAH,35.068106,-89.787722,0,IOLV,0.5,6.0,181.0,5.9,1,2000,0,0,0,0,2,0
CF,RW18,34.986994,-89.786931,0,IOLV,0.5,1.1,181.0,4.9,1,452,0,0,0,0,3,0
CA,0,181.0,2,1100,0,0,0,0,0,0
VI,1, ,0.0,74.0,0,0,0,0,0,0,0,0
CF,ZAMXU,34.920317,-89.475308,0,MEM,101.6,25.7,102.0,10.0,2,2500,0,0,0,0,0,0
HM,ZAMXU,34.920317,-89.475308,2, ,0.0,0.0,282.0,04.3,0,0,0,0,0,0,0,0,0

APPTR,L36,36,DOCAP
HF,DOCAP,34.771858,-89.784836,2, ,0.0,0.0,1.0,04,2,2000,0,0,0,0,1,0,0

APPTR,L36,36,VOSFY
IF,VOSFY,34.570531,-89.739089, ,0.0,0.0,0,0,0,0,0,0,1,0
TF,CFBSN,34.607028,-89.783236,0, ,0.0,0.0,0.0,0.0,2,2000,0,0,0,0,0,0
CF,DOCAP,34.771858,-89.784836,0,IEVO,180.5,13.2,1.0,9.9,2,2000,0,0,0,0,1,0

FINAL,L36,36,D,4
IF,DOCAP,34.771858,-89.784836,IEVO,180.5,13.2,2,2000,0,0,0,0,0,0
CF,CICAL,34.888689,-89.785972,0,IEVO,180.5,6.2,1.0,7.0,2,2000,0,0,0,0,2,0
CF,WIRGU,34.945472,-89.786525,0,IEVO,180.5,2.8,1.0,3.4,2,860,0,0,0,0,0,0
CF,RW36,34.970511,-89.786769,0,IEVO,180.5,1.3,1.0,1.5,1,439,0,0,0,0,3,0
CA,0,1.0,2,1100,0,0,0,0,0,0
VI,2, ,0.0,134.0,0,0,0,0,0,0,0,0
CF,ZAMXU,34.920317,-89.475308,0,MEM,101.6,25.7,102.0,8.0,2,2500,0,0,0,0,0,0
HM,ZAMXU,34.920317,-89.475308,2, ,0.0,0.0,282.0,04.3,0,0,0,0,0,0,0,0,0

APPTR,R18,18,EFPUB
HF,EFPUB,35.167278,-89.788694,1, ,0.0,0.0,181.0,04,2,2500,0,0,0,0,1,0,0

FINAL,R18,18,R,4
IF,EFPUB,35.167278,-89.788694, ,0.0,0.0,2,2500,0,0,0,0,0,0
TF,NUXAH,35.068106,-89.787722,0, ,0.0,0.0,181.0,5.9,2,2000,0,0,0,0,2,0
TF,FISUG,35.008694,-89.787142,0, ,0.0,0.0,181.0,3.6,2,860,0,0,0,0,0,0
TF,RW18,34.986994,-89.786931,0, ,0.0,0.0,181.0,1.3,1,452,0,0,0,0,3,1
CA,0,181.0,2,601,0,0,0,0,0,0
DF,DOCAP,34.771858,-89.784836,0, ,0.0,0.0,2,2000,0,0,0,0,0,1
HM,DOCAP,34.771858,-89.784836,2, ,0.0,0.0,1.0,04,0,0,0,0,0,0,0,0,0

APPTR,R36,36,DOCAP
HF,DOCAP,34.771858,-89.784836,2, ,0.0,0.0,1.0,04,2,2000,0,0,0,0,1,0,0

FINAL,R36,36,R,3
IF,DOCAP,34.771858,-89.784836, ,0.0,0.0,2,2000,0,0,0,0,0,0
TF,CICAL,34.888689,-89.785972,0, ,0.0,0.0,1.0,7.0,2,2000,0,0,0,0,2,0
TF,RW36,34.970511,-89.786769,0, ,0.0,0.0,1.0,4.9,1,439,0,0,0,0,3,1
CA,0,1.0,2,1500,0,0,0,0,0,0
DF,DOCAP,34.771858,-89.784836,2, ,0.0,0.0,2,2000,0,0,0,0,0,1
HM,DOCAP,34.771858,-89.784836,2, ,0.0,0.0,1.0,04,0,0,0,0,0,0,0,0,0

