SID,FEGBA2,16,5
VA,0,163.0,2,1900,0,0,0,0,0,0
DF,FEGBA,48.529658,-122.911775,0, ,0.0,0.0,0,0,0,0,0,0,0,0

APPTR,R16,16,CANDL
IF,CANDL,48.713961,-122.627636, ,0.0,0.0,0,0,0,0,0,0,0,0
TF,EASTD,48.809911,-122.686567,0, ,0.0,0.0,0.0,0.0,2,2500,0,0,0,0,0,0
TF,APDON,48.905831,-122.745722,0, ,0.0,0.0,0.0,0.0,2,2000,0,0,0,0,0,1
HF,APDON,48.905831,-122.745722,2, ,0.0,0.0,194.0,04,2,2000,0,0,0,0,1,0,0

APPTR,R16,16,HUH
IF,HUH,48.945286,-122.579256, ,0.0,0.0,0,0,0,0,0,0,1,0
TF,APDON,48.905831,-122.745722,0, ,0.0,0.0,0.0,0.0,2,2000,0,0,0,0,1,0

FINAL,R16,16,R,3
IF,APDON,48.905831,-122.745722, ,0.0,0.0,2,2000,0,0,0,0,0,0
TF,CALBI,48.787406,-122.855228,0, ,0.0,0.0,194.0,8.3,2,1900,0,0,0,0,2,0
TF,TALCS,48.724647,-122.910508,0, ,0.0,0.0,193.0,4.4,1,320,0,0,0,0,3,1
CA,0,193.0,2,435,0,0,0,0,0,0
DF,APDON,48.905831,-122.745722,2, ,0.0,0.0,2,2000,0,0,0,0,0,1
HM,APDON,48.905831,-122.745722,2, ,0.0,0.0,194.0,04,0,0,0,0,0,0,0,0,0

APPTR,R34-A,34,CVV
IF,CVV,48.244694,-122.724417, ,0.0,0.0,0,0,0,0,0,0,1,0
TF,FEGBA,48.529658,-122.911775,0, ,0.0,0.0,0.0,0.0,2,3000,0,0,0,0,1,0

APPTR,R34-A,34,ORCUS
IF,ORCUS,48.344317,-123.128892, ,0.0,0.0,0,0,0,0,0,0,1,0
TF,FEGBA,48.529658,-122.911775,0, ,0.0,0.0,0.0,0.0,2,3000,0,0,0,0,1,0

FINAL,R34-A,34,R,3
IF,FEGBA,48.529658,-122.911775, ,0.0,0.0,2,3000,0,0,0,0,0,0
TF,NAKHU,48.631258,-122.911108,0, ,0.0,0.0,343.0,6.1,2,2200,0,0,0,0,2,0
TF,RW34,48.704361,-122.910617,0, ,0.0,0.0,343.0,4.4,1,75,0,0,0,0,3,1
CA,0,343.0,2,435,0,0,0,0,0,0
DF,HUH,48.945286,-122.579256,0, ,0.0,0.0,2,2000,0,0,0,0,0,1
HM,HUH,48.945286,-122.579256,1, ,0.0,0.0,351.0,04,0,0,0,0,0,0,0,0,0

