APPTR,I24,24,AILES
IF,AILES,44.807539,-83.651425, ,0.0,0.0,0,0,0,0,0,0,0,0
TF,ASP,44.449128,-83.394283,0, ,0.0,0.0,0.0,0.0,2,2700,0,0,0,0,0,0
TF,SALTR,44.509583,-83.263361,0, ,0.0,0.0,0.0,0.0,2,2500,0,0,0,0,0,0
HF,SALTR,44.509583,-83.263361,2, ,0.0,0.0,245.0,04.3,2,2500,0,0,0,0,1,0,0

APPTR,I24,24,SNOWW
IF,SNOWW,44.099075,-83.890267, ,0.0,0.0,0,0,0,0,0,0,0,0
TF,ASP,44.449128,-83.394283,0, ,0.0,0.0,0.0,0.0,2,2500,0,0,0,0,0,0
TF,SALTR,44.509583,-83.263361,0, ,0.0,0.0,0.0,0.0,2,2500,0,0,0,0,0,0
HF,SALTR,44.509583,-83.263361,2, ,0.0,0.0,245.0,04.3,2,2500,0,0,0,0,1,0,0

FINAL,I24,24,I,3
IF,CF24,44.544314,-83.184831,ILJU,65.1,11.7,2,2500,0,0,0,0,0,0
CF,SALTR,44.509583,-83.263361,0,ILJU,65.1,7.8,245.0,4.0,1,2500,0,0,0,0,2,0
CF,RW24,44.460061,-83.374969,0,ILJU,65.1,2.1,245.0,5.6,1,676,0,0,0,0,3,0
CA,0,245.0,2,1200,0,0,0,0,0,0
VI,2, ,0.0,96.0,0,0,0,0,0,0,0,0
CF,SALTR,44.509583,-83.263361,0,ASP,64.1,6.7,64.0,1.0,2,2500,0,0,0,0,0,0
HM,SALTR,44.509583,-83.263361,2, ,0.0,0.0,245.0,04.3,0,0,0,0,0,0,0,0,0

APPTR,R06,06,CEDPA
HF,CEDPA,44.339822,-83.644131,2, ,0.0,0.0,65.0,04,2,3000,0,0,0,0,1,0,0

APPTR,R06,06,SNOWW
IF,SNOWW,44.099075,-83.890267, ,0.0,0.0,0,0,0,0,0,0,1,0
TF,CEDPA,44.339822,-83.644131,0, ,0.0,0.0,0.0,0.0,2,3000,0,0,0,0,1,0

APPTR,R06,06,TUSYU
IF,TUSYU,44.477119,-83.763639, ,0.0,0.0,0,0,0,0,0,0,1,0
TF,CEDPA,44.339822,-83.644131,0, ,0.0,0.0,0.0,0.0,2,3000,0,0,0,0,1,0

FINAL,R06,06,R,4
IF,CEDPA,44.339822,-83.644131, ,0.0,0.0,2,3000,0,0,0,0,0,0
TF,MUBIE,44.393639,-83.523978,0, ,0.0,0.0,65.0,6.1,2,2500,0,0,0,0,2,0
TF,PEROY,44.423625,-83.456808,0, ,0.0,0.0,65.0,3.4,2,1380,0,0,0,0,0,0
TF,RW06,44.442986,-83.413353,0, ,0.0,0.0,65.0,2.2,1,688,0,0,0,0,3,1
DF,KOWKU,44.562667,-83.143236,0, ,0.0,0.0,2,2500,0,0,0,0,0,1
HM,KOWKU,44.562667,-83.143236,2, ,0.0,0.0,245.0,04,0,0,0,0,0,0,0,0,0

APPTR,R24,24,AILES
IF,AILES,44.807539,-83.651425, ,0.0,0.0,0,0,0,0,0,0,0,0
TF,ODAXY,44.633572,-83.204508,0, ,0.0,0.0,0.0,0.0,2,2600,0,0,0,0,1,0
TF,KOWKU,44.562667,-83.143236,0, ,0.0,0.0,0.0,0.0,2,2500,0,0,0,0,1,0

APPTR,R24,24,KOWKU
HF,KOWKU,44.562667,-83.143236,2, ,0.0,0.0,245.0,04,2,2500,0,0,0,0,1,0,0

APPTR,R24,24,SNOWW
IF,SNOWW,44.099075,-83.890267, ,0.0,0.0,0,0,0,0,0,0,0,0
TF,JAVOD,44.491728,-83.082114,0, ,0.0,0.0,0.0,0.0,2,2500,0,0,0,0,1,0
TF,KOWKU,44.562667,-83.143236,0, ,0.0,0.0,0.0,0.0,2,2500,0,0,0,0,1,0

APPTR,R24,24,ZABLE
IF,ZABLE,44.680319,-84.275014, ,0.0,0.0,0,0,0,0,0,0,0,0
TF,ODAXY,44.633572,-83.204508,0, ,0.0,0.0,0.0,0.0,2,2900,0,0,0,0,1,0
TF,KOWKU,44.562667,-83.143236,0, ,0.0,0.0,0.0,0.0,2,2500,0,0,0,0,1,0

FINAL,R24,24,R,3
IF,KOWKU,44.562667,-83.143236, ,0.0,0.0,2,2500,0,0,0,0,0,0
TF,SALTR,44.509583,-83.263361,0, ,0.0,0.0,245.0,6.1,2,2500,0,0,0,0,2,0
TF,RW24,44.460061,-83.374969,0, ,0.0,0.0,245.0,5.6,1,676,0,0,0,0,3,1
DF,CEDPA,44.339822,-83.644131,0, ,0.0,0.0,2,3000,0,0,0,0,0,1
HM,CEDPA,44.339822,-83.644131,2, ,0.0,0.0,65.0,04,0,0,0,0,0,0,0,0,0

APPTR,S06,06,AILES
IF,AILES,44.807539,-83.651425, ,0.0,0.0,0,0,0,0,0,0,0,0
TF,ASP,44.449128,-83.394283,0, ,0.0,0.0,0.0,0.0,2,2700,0,0,0,0,0,0
PI,ASP,44.449128,-83.394283,1,ASP,295.0,10.0,250,5.0,2,2500,0,0,0,0,1,0
CF,FF06,44.397961,-83.534136,0,ASP,250.0,6.8,70.0,3.3,2,2500,0,0,0,0,0,0

APPTR,S06,06,SNOWW
IF,SNOWW,44.099075,-83.890267, ,0.0,0.0,0,0,0,0,0,0,0,0
TF,ASP,44.449128,-83.394283,0, ,0.0,0.0,0.0,0.0,2,2500,0,0,0,0,0,0
PI,ASP,44.449128,-83.394283,1,ASP,295.0,10.0,250,5.0,2,2500,0,0,0,0,1,0
CF,FF06,44.397961,-83.534136,0,ASP,250.0,6.8,70.0,3.3,2,2500,0,0,0,0,0,0

FINAL,S06,06,D,3
IF,FF06,44.397961,-83.534136,ASP,250.0,6.8,2,2500,0,0,0,0,2,0
CF,DOGSY,44.418961,-83.477264,0,ASP,250.1,4.0,70.0,2.8,2,1660,0,0,0,0,0,0
CF,RW06,44.442986,-83.413353,0,ASP,252.8,0.9,70.0,3.1,1,708,0,0,0,0,3,0
CF,ASP,44.449128,-83.394283,0,ASP,0.0,0.0,70.0,0.9,2,1040,0,0,0,0,0,0
CA,0,70.0,2,2500,0,0,0,0,0,0
DF,ASP,44.449128,-83.394283,2, ,0.0,0.0,0,0,0,0,0,0,0,0
HM,ASP,44.449128,-83.394283,1, ,0.0,0.0,70.0,04.3,0,0,0,0,0,0,0,0,0

