APPTR,R14,14,IGB
IF,IGB,33.485486,-88.513589, ,0.0,0.0,0,0,0,0,0,0,0,0
TF,DEPGE,33.285453,-89.620950,0, ,0.0,0.0,0.0,0.0,2,2800,0,0,0,0,1,0
TF,JINED,33.228822,-89.693972,0, ,0.0,0.0,0.0,0.0,2,2100,0,0,0,0,1,0

APPTR,R14,14,JINED
HF,JINED,33.228822,-89.693972,2, ,0.0,0.0,137.0,04,2,2100,0,0,0,0,1,0,0

APPTR,R14,14,SQS
IF,SQS,33.463850,-90.277350, ,0.0,0.0,0,0,0,0,0,0,1,0
TF,JINED,33.228822,-89.693972,0, ,0.0,0.0,0.0,0.0,2,2100,0,0,0,0,1,0

FINAL,R14,14,R,4
IF,JINED,33.228822,-89.693972, ,0.0,0.0,2,2100,0,0,0,0,0,0
TF,EHAKE,33.155200,-89.613150,0, ,0.0,0.0,137.0,6.0,2,2100,0,0,0,0,2,0
TF,VELLU,33.120611,-89.575244,0, ,0.0,0.0,137.0,2.8,2,1180,0,0,0,0,0,0
TF,RW14,33.095319,-89.547561,0, ,0.0,0.0,137.0,2.1,1,539,0,0,0,0,3,1
CA,0,137.0,2,894,0,0,0,0,0,0
DF,GUDRE,32.951164,-89.390128,0, ,0.0,0.0,2,2200,0,0,0,0,0,1
HM,GUDRE,32.951164,-89.390128,2, ,0.0,0.0,317.0,04,0,0,0,0,0,0,0,0,0

APPTR,R32,32,IGB
IF,IGB,33.485486,-88.513589, ,0.0,0.0,0,0,0,0,0,0,0,0
TF,PULCO,33.007628,-89.317150,0, ,0.0,0.0,0.0,0.0,2,2200,0,0,0,0,1,0
TF,GUDRE,32.951164,-89.390128,0, ,0.0,0.0,0.0,0.0,2,2200,0,0,0,0,1,0

APPTR,R32,32,SQS
IF,SQS,33.463850,-90.277350, ,0.0,0.0,0,0,0,0,0,0,0,0
TF,GUDRE,32.951164,-89.390128,0, ,0.0,0.0,0.0,0.0,2,2200,0,0,0,0,0,1
HF,GUDRE,32.951164,-89.390128,2, ,0.0,0.0,317.0,04,2,2200,0,0,0,0,1,0,0

FINAL,R32,32,R,3
IF,GUDRE,32.951164,-89.390128, ,0.0,0.0,2,2200,0,0,0,0,0,0
TF,EHEBU,33.024925,-89.470589,0, ,0.0,0.0,317.0,6.0,2,2100,0,0,0,0,2,0
TF,RW32,33.085197,-89.536481,0, ,0.0,0.0,317.0,4.9,1,515,0,0,0,0,3,1
CA,0,317.0,2,894,0,0,0,0,0,0
DF,JINED,33.228822,-89.693972,0, ,0.0,0.0,2,2100,0,0,0,0,0,1
HM,JINED,33.228822,-89.693972,2, ,0.0,0.0,137.0,04,0,0,0,0,0,0,0,0,0

