SID,OTH6,04,1
VA,0,46.0,2,420,0,0,0,0,0,0
VI,1, ,0.0,223.0,0,0,0,0,0,0,0,0
FA,OTH,43.415506,-124.168522,0,OTH,0.0,0.0,253.0,2,1300,0,0,0,0,0,0
DF,OTH,43.415506,-124.168522,2, ,0.0,0.0,0,0,0,0,0,0,0,0

SID,OTH6,13,1
CA,0,135.0,2,420,0,0,0,0,0,0
VI,2, ,0.0,280.0,0,0,0,0,0,0,0,0
FA,OTH,43.415506,-124.168522,0,OTH,0.0,0.0,253.0,2,1300,0,0,0,0,0,0
DF,OTH,43.415506,-124.168522,2, ,0.0,0.0,0,0,0,0,0,0,0,0

SID,OTH6,22,1
CA,0,226.0,2,420,0,0,0,0,0,0
VI,0, ,0.0,280.0,0,0,0,0,0,0,0,0
FA,OTH,43.415506,-124.168522,0,OTH,0.0,0.0,253.0,2,1300,0,0,0,0,0,0
DF,OTH,43.415506,-124.168522,2, ,0.0,0.0,0,0,0,0,0,0,0,0

SID,OTH6,31,1
CA,0,315.0,2,420,0,0,0,0,0,0
VI,1, ,0.0,223.0,0,0,0,0,0,0,0,0
FA,OTH,43.415506,-124.168522,0,OTH,0.0,0.0,253.0,2,1300,0,0,0,0,0,0
DF,OTH,43.415506,-124.168522,2, ,0.0,0.0,0,0,0,0,0,0,0,0

SID,OTH6,DEROY,3
IF,OTH,43.415506,-124.168522, ,0.0,0.0,0,0,0,0,0,0,0,0
TF,DEROY,43.273922,-123.974900,0, ,0.0,0.0,0.0,0.0,0,0,0,0,0,0,0,0

SID,OTH6,GAMMA,3
IF,OTH,43.415506,-124.168522, ,0.0,0.0,0,0,0,0,0,0,0,0
TF,GAMMA,43.748147,-124.138006,0, ,0.0,0.0,0.0,0.0,0,0,0,0,0,0,0,0

SID,OTH6,LEDGE,3
IF,OTH,43.415506,-124.168522, ,0.0,0.0,0,0,0,0,0,0,0,0
TF,LEDGE,43.082286,-124.183567,0, ,0.0,0.0,0.0,0.0,0,0,0,0,0,0,0,0

SID,OTH6,RARES,3
IF,OTH,43.415506,-124.168522, ,0.0,0.0,0,0,0,0,0,0,0,0
TF,RARES,43.660258,-124.022858,0, ,0.0,0.0,0.0,0.0,0,0,0,0,0,0,0,0

SID,OTH6,SCOTY,3
IF,OTH,43.415506,-124.168522, ,0.0,0.0,0,0,0,0,0,0,0,0
TF,SCOTY,43.595583,-123.930200,0, ,0.0,0.0,0.0,0.0,0,0,0,0,0,0,0,0

APPTR,D04,04,OTH
IF,OTH,43.415506,-124.168522, ,0.0,0.0,0,0,0,0,0,0,0,0
TF,WESEB,43.410706,-124.351333,0, ,0.0,0.0,0.0,0.0,2,3000,0,0,0,0,0,0
PI,WESEB,43.410706,-124.351333,2,OTH,208.0,10.0,253,5.0,2,2200,0,0,0,0,1,0

APPTR,D04,04,OVLEE
IF,OVLEE,43.182256,-124.179069,OTH,166.9,14.0,0,0,0,0,0,0,1,0
AF,ZIGVO,43.406914,-124.488422,2,OTH,253.0,14.0,167.0,2,2500,0,0,0,0,1,0

APPTR,D04,04,ZUBOR
IF,ZUBOR,43.629675,-124.041133,OTH,8.4,14.0,0,0,0,0,0,0,1,0
AF,WABAR,43.643756,-124.235333,1,OTH,333.0,14.0,8.0,2,2800,0,0,0,0,0,0
AF,ZIGVO,43.406914,-124.488422,1,OTH,253.0,14.0,333.0,2,2500,0,0,0,0,1,0

FINAL,D04,04,D,3
IF,ZIGVO,43.406914,-124.488422,OTH,253.0,14.0,2,2500,0,0,0,0,0,0
CF,WESEB,43.410706,-124.351333,0,OTH,253.0,8.0,73.0,6.0,2,1400,0,0,0,0,2,0
CF,OHEPU,43.412831,-124.271814,0,OTH,253.0,4.5,73.0,3.5,1,234,0,0,0,0,3,0
CA,0,73.0,2,900,0,0,0,0,0,0
VI,2, ,0.0,303.0,0,0,0,0,0,0,0,0
CF,WESEB,43.410706,-124.351333,0,OTH,253.0,8.0,253.0,2.0,2,3000,0,0,0,0,0,0
HM,WESEB,43.410706,-124.351333,2, ,0.0,0.0,73.0,04.3,0,0,0,0,0,0,0,0,0

APPTR,D04-B,04,OLINE
IF,OLINE,43.248900,-124.176064, ,0.0,0.0,0,0,0,0,0,0,1,0
AF,COOSE,43.409458,-123.940011,1,OTH,77.0,10.0,167.0,2,3900,0,0,0,0,0,0
TF,JORAN,43.411933,-124.031411,0, ,0.0,0.0,0.0,0.0,2,3000,0,0,0,0,0,0
TF,NEWRI,43.414333,-124.122817,0, ,0.0,0.0,0.0,0.0,2,2300,0,0,0,0,0,0

APPTR,D04-B,04,YUPVU
IF,YUPVU,43.581831,-124.153306, ,0.0,0.0,0,0,0,0,0,0,1,0
AF,COOSE,43.409458,-123.940011,2,OTH,77.0,10.0,349.0,2,3900,0,0,0,0,0,0
TF,JORAN,43.411933,-124.031411,0, ,0.0,0.0,0.0,0.0,2,3000,0,0,0,0,0,0
TF,NEWRI,43.414333,-124.122817,0, ,0.0,0.0,0.0,0.0,2,2300,0,0,0,0,0,0

FINAL,D04-B,04,D,4
IF,NEWRI,43.414333,-124.122817,OTH,77.0,2.0,2,2300,0,0,0,0,0,0
CF,OTH,43.415506,-124.168522,0,OTH,0.0,0.0,257.0,2.0,2,1800,0,0,0,0,2,0
CF,CIYTY,43.416661,-124.214231,0,OTH,257.0,2.0,257.0,2.0,2,1060,0,0,0,0,0,0
CF,MAHIZ,43.417236,-124.237353,0,OTH,257.0,3.0,257.0,1.0,1,820,0,0,0,0,3,0
CA,0,257.0,2,2300,0,0,0,0,0,0
DF,OTH,43.415506,-124.168522,2, ,0.0,0.0,2,3600,0,0,0,0,0,0
HM,OTH,43.415506,-124.168522,2, ,0.0,0.0,77.0,04.3,0,0,0,0,0,0,0,0,0

APPTR,D13-B,13,OLINE
IF,OLINE,43.248900,-124.176064, ,0.0,0.0,0,0,0,0,0,0,1,0
AF,COOSE,43.409458,-123.940011,1,OTH,77.0,10.0,167.0,2,3900,0,0,0,0,0,0
TF,JORAN,43.411933,-124.031411,0, ,0.0,0.0,0.0,0.0,2,3000,0,0,0,0,0,0
TF,NEWRI,43.414333,-124.122817,0, ,0.0,0.0,0.0,0.0,2,2300,0,0,0,0,0,0

APPTR,D13-B,13,YUPVU
IF,YUPVU,43.581831,-124.153306, ,0.0,0.0,0,0,0,0,0,0,1,0
AF,COOSE,43.409458,-123.940011,2,OTH,77.0,10.0,349.0,2,3900,0,0,0,0,0,0
TF,JORAN,43.411933,-124.031411,0, ,0.0,0.0,0.0,0.0,2,3000,0,0,0,0,0,0
TF,NEWRI,43.414333,-124.122817,0, ,0.0,0.0,0.0,0.0,2,2300,0,0,0,0,0,0

FINAL,D13-B,13,D,4
IF,NEWRI,43.414333,-124.122817,OTH,77.0,2.0,2,2300,0,0,0,0,0,0
CF,OTH,43.415506,-124.168522,0,OTH,0.0,0.0,257.0,2.0,2,1800,0,0,0,0,2,0
CF,CIYTY,43.416661,-124.214231,0,OTH,257.0,2.0,257.0,2.0,2,1060,0,0,0,0,0,0
CF,MAHIZ,43.417236,-124.237353,0,OTH,257.0,3.0,257.0,1.0,1,820,0,0,0,0,3,0
CA,0,257.0,2,2300,0,0,0,0,0,0
DF,OTH,43.415506,-124.168522,2, ,0.0,0.0,2,3600,0,0,0,0,0,0
HM,OTH,43.415506,-124.168522,2, ,0.0,0.0,77.0,04.3,0,0,0,0,0,0,0,0,0

APPTR,D22-B,22,OLINE
IF,OLINE,43.248900,-124.176064, ,0.0,0.0,0,0,0,0,0,0,1,0
AF,COOSE,43.409458,-123.940011,1,OTH,77.0,10.0,167.0,2,3900,0,0,0,0,0,0
TF,JORAN,43.411933,-124.031411,0, ,0.0,0.0,0.0,0.0,2,3000,0,0,0,0,0,0
TF,NEWRI,43.414333,-124.122817,0, ,0.0,0.0,0.0,0.0,2,2300,0,0,0,0,0,0

APPTR,D22-B,22,YUPVU
IF,YUPVU,43.581831,-124.153306, ,0.0,0.0,0,0,0,0,0,0,1,0
AF,COOSE,43.409458,-123.940011,2,OTH,77.0,10.0,349.0,2,3900,0,0,0,0,0,0
TF,JORAN,43.411933,-124.031411,0, ,0.0,0.0,0.0,0.0,2,3000,0,0,0,0,0,0
TF,NEWRI,43.414333,-124.122817,0, ,0.0,0.0,0.0,0.0,2,2300,0,0,0,0,0,0

FINAL,D22-B,22,D,4
IF,NEWRI,43.414333,-124.122817,OTH,77.0,2.0,2,2300,0,0,0,0,0,0
CF,OTH,43.415506,-124.168522,0,OTH,0.0,0.0,257.0,2.0,2,1800,0,0,0,0,2,0
CF,CIYTY,43.416661,-124.214231,0,OTH,257.0,2.0,257.0,2.0,2,1060,0,0,0,0,0,0
CF,MAHIZ,43.417236,-124.237353,0,OTH,257.0,3.0,257.0,1.0,1,820,0,0,0,0,3,0
CA,0,257.0,2,2300,0,0,0,0,0,0
DF,OTH,43.415506,-124.168522,2, ,0.0,0.0,2,3600,0,0,0,0,0,0
HM,OTH,43.415506,-124.168522,2, ,0.0,0.0,77.0,04.3,0,0,0,0,0,0,0,0,0

APPTR,D31-B,31,OLINE
IF,OLINE,43.248900,-124.176064, ,0.0,0.0,0,0,0,0,0,0,1,0
AF,COOSE,43.409458,-123.940011,1,OTH,77.0,10.0,167.0,2,3900,0,0,0,0,0,0
TF,JORAN,43.411933,-124.031411,0, ,0.0,0.0,0.0,0.0,2,3000,0,0,0,0,0,0
TF,NEWRI,43.414333,-124.122817,0, ,0.0,0.0,0.0,0.0,2,2300,0,0,0,0,0,0

APPTR,D31-B,31,YUPVU
IF,YUPVU,43.581831,-124.153306, ,0.0,0.0,0,0,0,0,0,0,1,0
AF,COOSE,43.409458,-123.940011,2,OTH,77.0,10.0,349.0,2,3900,0,0,0,0,0,0
TF,JORAN,43.411933,-124.031411,0, ,0.0,0.0,0.0,0.0,2,3000,0,0,0,0,0,0
TF,NEWRI,43.414333,-124.122817,0, ,0.0,0.0,0.0,0.0,2,2300,0,0,0,0,0,0

FINAL,D31-B,31,D,4
IF,NEWRI,43.414333,-124.122817,OTH,77.0,2.0,2,2300,0,0,0,0,0,0
CF,OTH,43.415506,-124.168522,0,OTH,0.0,0.0,257.0,2.0,2,1800,0,0,0,0,2,0
CF,CIYTY,43.416661,-124.214231,0,OTH,257.0,2.0,257.0,2.0,2,1060,0,0,0,0,0,0
CF,MAHIZ,43.417236,-124.237353,0,OTH,257.0,3.0,257.0,1.0,1,820,0,0,0,0,3,0
CA,0,257.0,2,2300,0,0,0,0,0,0
DF,OTH,43.415506,-124.168522,2, ,0.0,0.0,2,3600,0,0,0,0,0,0
HM,OTH,43.415506,-124.168522,2, ,0.0,0.0,77.0,04.3,0,0,0,0,0,0,0,0,0

APPTR,I04,04,LUPCI
IF,LUPCI,43.148931,-124.180569, ,0.0,0.0,0,0,0,0,0,0,1,0
AF,MITUE,43.313611,-124.506317,2,OTH,232.7,16.0,167.0,2,2400,0,0,0,0,0,0
CF,LEAST,43.373844,-124.360200,0,IOTH,225.7,6.1,46.0,7.4,2,1300,0,0,0,0,0,0

APPTR,I04,04,OTH
IF,OTH,43.415506,-124.168522, ,0.0,0.0,0,0,0,0,0,0,0,0
TF,EMIRE,43.394450,-124.310275,0, ,0.0,0.0,0.0,0.0,2,3000,0,0,0,0,0,0
PI,EMIRE,43.394450,-124.310275,2,OTH,181.0,10.0,226,5.0,2,2000,0,0,0,0,1,0
CF,LEAST,43.373844,-124.360200,0,IOTH,225.7,6.1,46.0,7.5,2,1300,0,0,0,0,0,0

APPTR,I04,04,RARES
IF,RARES,43.660258,-124.022858, ,0.0,0.0,0,0,0,0,0,0,1,0
AF,MITUE,43.313611,-124.506317,1,OTH,232.7,16.0,8.0,2,2600,0,0,0,0,0,0
CF,LEAST,43.373844,-124.360200,0,IOTH,225.7,6.1,46.0,7.4,2,1300,0,0,0,0,0,0

FINAL,I04,04,I,3
IF,LEAST,43.373844,-124.360200,IOTH,225.7,6.1,2,1300,0,0,0,0,0,0
CF,EMIRE,43.394450,-124.310275,0,IOTH,225.8,3.5,46.0,2.5,1,865,0,0,0,0,2,0
CF,RW04,43.414728,-124.260597,0,IOTH,225.7,1.1,46.0,2.5,1,67,0,0,0,0,3,0
CA,0,46.0,2,600,0,0,0,0,0,0
DF,OT,43.394450,-124.310275,1, ,0.0,0.0,2,2300,0,0,0,0,0,0
HM,OT,43.394450,-124.310275,1, ,0.0,0.0,46.0,04.3,0,0,0,0,0,0,0,0,0

APPTR,R04-Y,04,LUPCI
IF,LUPCI,43.148931,-124.180569, ,0.0,0.0,0,0,0,0,0,0,0,0
TF,GAMLL,43.200278,-124.434092,0, ,0.0,0.0,0.0,0.0,2,3400,0,0,0,0,1,0
TF,MITUE,43.313611,-124.506317,0, ,0.0,0.0,0.0,0.0,2,2400,0,0,0,0,1,0

APPTR,R04-Y,04,RARES
IF,RARES,43.660258,-124.022858, ,0.0,0.0,0,0,0,0,0,0,0,0
TF,MITUE,43.313611,-124.506317,0, ,0.0,0.0,0.0,0.0,2,4100,0,0,0,0,0,1
HF,MITUE,43.313611,-124.506317,2, ,0.0,0.0,45.0,04,2,2400,0,0,0,0,1,0,0

FINAL,R04-Y,04,R,3
IF,MITUE,43.313611,-124.506317, ,0.0,0.0,2,2400,0,0,0,0,0,0
TF,OXVAK,43.383072,-124.337753,0, ,0.0,0.0,45.0,8.5,2,1300,0,0,0,0,2,0
TF,RW04,43.414728,-124.260597,0, ,0.0,0.0,46.0,3.9,1,67,0,0,0,0,3,1
CA,0,46.0,2,319,0,0,0,0,0,0
DF,RUNUE,43.439217,-124.200772,0, ,0.0,0.0,0,0,0,0,0,0,0,0
TF,RARES,43.660258,-124.022858,0, ,0.0,0.0,0.0,0.0,2,6000,0,0,0,0,0,1
HM,RARES,43.660258,-124.022858,2, ,0.0,0.0,188.0,05,0,0,0,0,0,0,0,0,0

APPTR,R04-Z,04,DEROY
IF,DEROY,43.273922,-123.974900, ,0.0,0.0,0,0,0,0,0,0,1,0
TF,JISDI,43.269631,-124.234328,0, ,0.0,0.0,0.0,0.0,2,3600,0,1,180,0,0,0
TF,HEKNO,43.272108,-124.348442,0, ,0.0,0.0,0.0,0.0,2,2500,0,0,0,0,0,0
RF,PIVLY,43.292181,-124.401331,2,CFLTZ,-4.5,3.0,2,2400,0,0,0,0,0,0
RF,FOGIX,43.365658,-124.380103,2,CFLTZ,44.1,3.0,2,1900,0,0,0,0,0,0
TF,OXVAK,43.383072,-124.337753,0, ,0.0,0.0,0.0,0.0,2,1300,0,0,0,0,0,0

APPTR,R04-Z,04,GAMMA
IF,GAMMA,43.748147,-124.138006, ,0.0,0.0,0,0,0,0,0,0,1,0
TF,KISEY,43.480136,-124.371492,0, ,0.0,0.0,0.0,0.0,2,3300,0,1,180,0,0,0
TF,HOTLY,43.449872,-124.445247,0, ,0.0,0.0,0.0,0.0,2,2800,0,0,0,0,0,0
RF,FOGIX,43.365658,-124.380103,1,CFPTD,44.1,2.9,2,1900,0,0,0,0,0,0
TF,OXVAK,43.383072,-124.337753,0, ,0.0,0.0,0.0,0.0,2,1300,0,0,0,0,0,0

APPTR,R04-Z,04,LEDGE
IF,LEDGE,43.082286,-124.183567, ,0.0,0.0,0,0,0,0,0,0,1,0
TF,NUJNI,43.189189,-124.296239,0, ,0.0,0.0,0.0,0.0,2,2500,0,1,180,0,0,0
TF,PIVLY,43.292181,-124.401331,0, ,0.0,0.0,0.0,0.0,2,2400,0,0,0,0,0,0
RF,FOGIX,43.365658,-124.380103,2,CFLTZ,44.1,3.0,2,1900,0,0,0,0,0,0
TF,OXVAK,43.383072,-124.337753,0, ,0.0,0.0,0.0,0.0,2,1300,0,0,0,0,0,0

APPTR,R04-Z,04,OTH
IF,OTH,43.415506,-124.168522, ,0.0,0.0,0,0,0,0,0,0,1,0
TF,HIVOR,43.333047,-124.250867,0, ,0.0,0.0,0.0,0.0,2,2500,0,1,180,0,0,0
TF,IPOVY,43.292703,-124.291050,0, ,0.0,0.0,0.0,0.0,2,2500,0,0,0,0,0,0
RF,HEKNO,43.272108,-124.348442,2,CFLTZ,281.2,3.0,2,2500,0,0,0,0,0,0
RF,PIVLY,43.292181,-124.401331,2,CFLTZ,-4.5,3.0,2,2400,0,0,0,0,0,0
RF,FOGIX,43.365658,-124.380103,2,CFLTZ,44.1,3.0,2,1900,0,0,0,0,0,0
TF,OXVAK,43.383072,-124.337753,0, ,0.0,0.0,0.0,0.0,2,1300,0,0,0,0,0,0

APPTR,R04-Z,04,RARES
IF,RARES,43.660258,-124.022858, ,0.0,0.0,0,0,0,0,0,0,1,0
TF,KISEY,43.480136,-124.371492,0, ,0.0,0.0,0.0,0.0,2,3300,0,1,180,0,0,0
TF,HOTLY,43.449872,-124.445247,0, ,0.0,0.0,0.0,0.0,2,2800,0,0,0,0,0,0
RF,FOGIX,43.365658,-124.380103,1,CFPTD,44.1,2.9,2,1900,0,0,0,0,0,0
TF,OXVAK,43.383072,-124.337753,0, ,0.0,0.0,0.0,0.0,2,1300,0,0,0,0,0,0

APPTR,R04-Z,04,SCOTY
IF,SCOTY,43.595583,-123.930200, ,0.0,0.0,0,0,0,0,0,0,1,0
TF,KISEY,43.480136,-124.371492,0, ,0.0,0.0,0.0,0.0,2,3300,0,1,180,0,0,0
TF,HOTLY,43.449872,-124.445247,0, ,0.0,0.0,0.0,0.0,2,2800,0,0,0,0,0,0
RF,FOGIX,43.365658,-124.380103,1,CFPTD,44.1,2.9,2,1900,0,0,0,0,0,0
TF,OXVAK,43.383072,-124.337753,0, ,0.0,0.0,0.0,0.0,2,1300,0,0,0,0,0,0

APPTR,R04-Z,04,SOZKY
IF,SOZKY,43.343306,-123.912767, ,0.0,0.0,0,0,0,0,0,0,1,0
TF,JISDI,43.269631,-124.234328,0, ,0.0,0.0,0.0,0.0,2,3600,0,1,180,0,0,0
TF,HEKNO,43.272108,-124.348442,0, ,0.0,0.0,0.0,0.0,2,2500,0,0,0,0,0,0
RF,PIVLY,43.292181,-124.401331,2,CFLTZ,-4.5,3.0,2,2400,0,0,0,0,0,0
RF,FOGIX,43.365658,-124.380103,2,CFLTZ,44.1,3.0,2,1900,0,0,0,0,0,0
TF,OXVAK,43.383072,-124.337753,0, ,0.0,0.0,0.0,0.0,2,1300,0,0,0,0,0,0

FINAL,R04-Z,04,R,2
IF,OXVAK,43.383072,-124.337753, ,0.0,0.0,2,1300,0,0,0,0,2,0
TF,RW04,43.414728,-124.260597,0, ,0.0,0.0,46.0,3.9,1,67,0,0,0,0,3,1
TF,EJLEL,43.485656,-124.086972,0, ,0.0,0.0,0.0,0.0,0,0,0,0,0,0,0,0
RF,ERQAS,43.519917,-124.240547,1,CFDXP,137.0,4.9,0,0,0,0,0,0,0,0
TF,OTH,43.415506,-124.168522,0, ,0.0,0.0,0.0,0.0,2,3300,0,0,0,0,0,1
HM,OTH,43.415506,-124.168522,2, ,0.0,0.0,77.0,04,0,0,0,0,0,0,0,0,0

APPTR,V04-A,04,OTH
PI,OTH,43.415506,-124.168522,1,OTH,122.0,10.0,077,5.0,2,3900,0,0,0,0,1,0
CF,OTH,43.415506,-124.168522,0,OTH,0.0,0.0,257.0,8.0,2,2500,0,0,0,0,0,0

FINAL,V04-A,04,D,2
IF,OTH,43.415506,-124.168522,OTH,0.0,0.0,2,2500,0,0,0,0,2,0
CF,MAHIZ,43.417236,-124.237353,0,OTH,257.0,3.0,257.0,3.0,1,1300,0,0,0,0,3,0
CA,0,257.0,2,2600,0,0,0,0,0,0
DF,OTH,43.415506,-124.168522,2, ,0.0,0.0,2,3900,0,0,0,0,0,0
HM,OTH,43.415506,-124.168522,2, ,0.0,0.0,77.0,04.3,0,0,0,0,0,0,0,0,0

APPTR,V13-A,13,OTH
PI,OTH,43.415506,-124.168522,1,OTH,122.0,10.0,077,5.0,2,3900,0,0,0,0,1,0
CF,OTH,43.415506,-124.168522,0,OTH,0.0,0.0,257.0,8.0,2,2500,0,0,0,0,0,0

FINAL,V13-A,13,D,2
IF,OTH,43.415506,-124.168522,OTH,0.0,0.0,2,2500,0,0,0,0,2,0
CF,MAHIZ,43.417236,-124.237353,0,OTH,257.0,3.0,257.0,3.0,1,1300,0,0,0,0,3,0
CA,0,257.0,2,2600,0,0,0,0,0,0
DF,OTH,43.415506,-124.168522,2, ,0.0,0.0,2,3900,0,0,0,0,0,0
HM,OTH,43.415506,-124.168522,2, ,0.0,0.0,77.0,04.3,0,0,0,0,0,0,0,0,0

APPTR,V22-A,22,OTH
PI,OTH,43.415506,-124.168522,1,OTH,122.0,10.0,077,5.0,2,3900,0,0,0,0,1,0
CF,OTH,43.415506,-124.168522,0,OTH,0.0,0.0,257.0,8.0,2,2500,0,0,0,0,0,0

FINAL,V22-A,22,D,2
IF,OTH,43.415506,-124.168522,OTH,0.0,0.0,2,2500,0,0,0,0,2,0
CF,MAHIZ,43.417236,-124.237353,0,OTH,257.0,3.0,257.0,3.0,1,1300,0,0,0,0,3,0
CA,0,257.0,2,2600,0,0,0,0,0,0
DF,OTH,43.415506,-124.168522,2, ,0.0,0.0,2,3900,0,0,0,0,0,0
HM,OTH,43.415506,-124.168522,2, ,0.0,0.0,77.0,04.3,0,0,0,0,0,0,0,0,0

APPTR,V31-A,31,OTH
PI,OTH,43.415506,-124.168522,1,OTH,122.0,10.0,077,5.0,2,3900,0,0,0,0,1,0
CF,OTH,43.415506,-124.168522,0,OTH,0.0,0.0,257.0,8.0,2,2500,0,0,0,0,0,0

FINAL,V31-A,31,D,2
IF,OTH,43.415506,-124.168522,OTH,0.0,0.0,2,2500,0,0,0,0,2,0
CF,MAHIZ,43.417236,-124.237353,0,OTH,257.0,3.0,257.0,3.0,1,1300,0,0,0,0,3,0
CA,0,257.0,2,2600,0,0,0,0,0,0
DF,OTH,43.415506,-124.168522,2, ,0.0,0.0,2,3900,0,0,0,0,0,0
HM,OTH,43.415506,-124.168522,2, ,0.0,0.0,77.0,04.3,0,0,0,0,0,0,0,0,0

