APPTR,R05,05,HOUSE
IF,HOUSE,39.044883,-86.193542, ,0.0,0.0,0,0,0,0,0,0,1,0
TF,NURBE,38.912567,-85.790167,0, ,0.0,0.0,0.0,0.0,2,2700,0,0,0,0,1,0

APPTR,R05,05,NURBE
HF,NURBE,38.912567,-85.790167,2, ,0.0,0.0,50.0,04,2,2700,0,0,0,0,1,0,0

FINAL,R05,05,R,4
IF,NURBE,38.912567,-85.790167, ,0.0,0.0,2,2700,0,0,0,0,0,0
TF,GUDLY,38.954272,-85.731617,0, ,0.0,0.0,50.0,3.7,2,2700,0,0,0,0,0,0
TF,BOPGY,38.987989,-85.684200,0, ,0.0,0.0,50.0,3.0,2,2300,0,0,0,0,2,0
TF,RW05,39.040289,-85.610511,0, ,0.0,0.0,50.0,4.7,1,797,0,0,0,0,3,1
CA,0,50.0,2,1091,0,0,0,0,0,0
DF,KONVY,39.077306,-85.558247,0, ,0.0,0.0,0,0,0,0,0,0,0,0
TF,HIGMA,39.265544,-85.597478,0, ,0.0,0.0,0.0,0.0,2,2800,0,0,0,0,0,1
HM,HIGMA,39.265544,-85.597478,2, ,0.0,0.0,182.0,04,0,0,0,0,0,0,0,0,0

APPTR,R23-Y,23,AMARG
HF,AMARG,39.219081,-85.428647,2, ,0.0,0.0,220.0,04,2,2800,0,0,0,0,1,0,0
TF,TETIE,39.161411,-85.486189,0, ,0.0,0.0,0.0,0.0,2,2800,0,0,0,0,0,0

FINAL,R23-Y,23,R,4
IF,TETIE,39.161411,-85.486189, ,0.0,0.0,2,2800,0,0,0,0,0,0
TF,CEXAR,39.115075,-85.532333,0, ,0.0,0.0,220.0,3.5,2,2400,0,0,0,0,2,0
TF,FANTN,39.074592,-85.572586,0, ,0.0,0.0,220.0,3.1,2,1400,0,0,0,0,0,0
TF,RW23,39.049528,-85.597475,0, ,0.0,0.0,220.0,1.9,1,795,0,0,0,0,3,1
DF,DOVGE,39.023142,-85.623656,0, ,0.0,0.0,0,0,0,0,0,0,0,0
TF,NURBE,38.912567,-85.790167,0, ,0.0,0.0,0.0,0.0,2,2700,0,0,0,0,0,1
HM,NURBE,38.912567,-85.790167,2, ,0.0,0.0,50.0,04,0,0,0,0,0,0,0,0,0

APPTR,R23-Z,23,LOPYU
HF,LOPYU,39.204914,-85.377389,2, ,0.0,0.0,230.0,04,2,2800,0,0,0,0,1,0,0
TF,ELEFY,39.156008,-85.446828,0, ,0.0,0.0,0.0,0.0,2,2800,0,0,0,0,0,0

FINAL,R23-Z,23,R,3
IF,ELEFY,39.156008,-85.446828, ,0.0,0.0,2,2800,0,0,0,0,0,0
TF,BUMCE,39.105281,-85.518689,0, ,0.0,0.0,230.0,4.5,2,2400,0,0,0,0,2,0
TF,RW23,39.049528,-85.597475,0, ,0.0,0.0,230.0,5.0,1,795,0,0,0,0,3,1
DF,NURBE,38.912567,-85.790167,0, ,0.0,0.0,2,2700,0,0,0,0,0,1
HM,NURBE,38.912567,-85.790167,2, ,0.0,0.0,50.0,04,0,0,0,0,0,0,0,0,0

