APPTR,I36,36,CCT
FC,CCT,37.382419,-87.263700,0,CCT,0.0,0.0,35.0,5.2,2,2400,0,0,0,0,1,0
CF,HAGGE,37.509789,-87.155814,0,IOWB,181.7,14.5,35.0,4.0,2,2400,0,0,0,0,1,0

APPTR,I36,36,OWB
IF,OWB,37.743556,-87.165936, ,0.0,0.0,0,0,0,0,0,0,0,0
TF,HIGUY,37.635614,-87.162094,0, ,0.0,0.0,0.0,0.0,2,2600,0,0,0,0,0,0
PI,HIGUY,37.635614,-87.162094,2,OWB,137.0,10.0,182,5.0,2,2600,0,0,0,0,1,0

APPTR,I36,36,PXV
IF,PXV,37.928319,-87.762381, ,0.0,0.0,0,0,0,0,0,0,0,0
TF,HIGUY,37.635614,-87.162094,0, ,0.0,0.0,0.0,0.0,2,2600,0,0,0,0,0,0
PI,HIGUY,37.635614,-87.162094,2,PXV,137.0,10.0,182,5.0,2,2600,0,0,0,0,1,0

FINAL,I36,36,I,3
IF,HAGGE,37.509789,-87.155814,IOWB,181.7,14.5,2,2400,0,0,0,0,0,0
CF,HIGUY,37.635614,-87.162094,0,IOWB,181.7,7.0,2.0,7.6,1,2226,0,0,0,0,2,0
CF,RW36,37.726964,-87.166667,0,IOWB,181.7,1.3,2.0,5.8,1,453,0,0,0,0,3,0
CA,0,2.0,2,1500,0,0,0,0,0,0
DF,HIGUY,37.635614,-87.162094,1, ,0.0,0.0,2,2600,0,0,0,0,0,0
HM,HIGUY,37.635614,-87.162094,2, ,0.0,0.0,2.0,04.3,0,0,0,0,0,0,0,0,0

APPTR,R06,06,FOLAB
HF,FOLAB,37.619931,-87.359411,2, ,0.0,0.0,56.0,04,2,3000,0,0,0,0,1,0,0

FINAL,R06,06,R,4
IF,FOLAB,37.619931,-87.359411, ,0.0,0.0,2,3000,0,0,0,0,0,0
TF,APUDY,37.682744,-87.258700,0, ,0.0,0.0,56.0,6.1,2,2100,0,0,0,0,2,0
TF,NASCI,37.710331,-87.214381,0, ,0.0,0.0,56.0,2.7,2,1240,0,0,0,0,0,0
TF,RW06,37.736036,-87.173019,0, ,0.0,0.0,56.0,2.5,1,450,0,0,0,0,3,1
CA,0,56.0,2,660,0,0,0,0,0,0
DF,CINLI,37.860378,-86.972211,0, ,0.0,0.0,2,3000,0,0,0,0,0,1
HM,CINLI,37.860378,-86.972211,2, ,0.0,0.0,236.0,04,0,0,0,0,0,0,0,0,0

APPTR,R18,18,HUMAD
HF,HUMAD,37.936481,-87.177194,2, ,0.0,0.0,182.0,04,2,3000,0,0,0,0,1,0,0

FINAL,R18,18,R,3
IF,HUMAD,37.936481,-87.177194, ,0.0,0.0,2,3000,0,0,0,0,0,0
TF,JIMER,37.834794,-87.172078,0, ,0.0,0.0,182.0,6.1,2,2100,0,0,0,0,2,0
TF,RW18,37.748917,-87.167767,0, ,0.0,0.0,182.0,5.2,1,459,0,0,0,0,3,1
CA,0,182.0,2,607,0,0,0,0,0,0
DF,ECOCO,37.539058,-87.157272,0, ,0.0,0.0,2,3000,0,0,0,0,0,1
HM,ECOCO,37.539058,-87.157272,2, ,0.0,0.0,2.0,04,0,0,0,0,0,0,0,0,0

APPTR,R24,24,CINLI
HF,CINLI,37.860378,-86.972211,2, ,0.0,0.0,236.0,04,2,3000,0,0,0,0,1,0,0

FINAL,R24,24,R,4
IF,CINLI,37.860378,-86.972211, ,0.0,0.0,2,3000,0,0,0,0,0,0
TF,LENBE,37.797775,-87.073467,0, ,0.0,0.0,236.0,6.1,2,2100,0,0,0,0,2,0
TF,FEXAM,37.769153,-87.119656,0, ,0.0,0.0,236.0,2.8,2,1200,0,0,0,0,0,0
TF,RW24,37.744494,-87.159397,0, ,0.0,0.0,236.0,2.4,1,448,0,0,0,0,3,1
CA,0,236.0,2,653,0,0,0,0,0,0
DF,FOLAB,37.619931,-87.359411,0, ,0.0,0.0,2,3000,0,0,0,0,0,1
HM,FOLAB,37.619931,-87.359411,2, ,0.0,0.0,56.0,04,0,0,0,0,0,0,0,0,0

APPTR,R36,36,ECOCO
HF,ECOCO,37.539058,-87.157272,2, ,0.0,0.0,2.0,04,2,3000,0,0,0,0,1,0,0

FINAL,R36,36,R,4
IF,ECOCO,37.539058,-87.157272, ,0.0,0.0,2,3000,0,0,0,0,0,0
TF,COPOM,37.640750,-87.162350,0, ,0.0,0.0,2.0,6.1,2,2100,0,0,0,0,2,0
TF,XIXIH,37.685281,-87.164578,0, ,0.0,0.0,2.0,2.7,2,1240,0,0,0,0,0,0
TF,RW36,37.726964,-87.166667,0, ,0.0,0.0,2.0,2.5,1,453,0,0,0,0,3,1
CA,0,2.0,2,597,0,0,0,0,0,0
DF,HUMAD,37.936481,-87.177194,0, ,0.0,0.0,2,3000,0,0,0,0,0,1
HM,HUMAD,37.936481,-87.177194,2, ,0.0,0.0,182.0,04,0,0,0,0,0,0,0,0,0

APPTR,S06,06,APALO
IF,APALO,38.005719,-86.859797, ,0.0,0.0,0,0,0,0,0,0,0,0
TF,OWB,37.743556,-87.165936,0, ,0.0,0.0,0.0,0.0,2,2500,0,0,0,0,0,0
PI,OWB,37.743556,-87.165936,2,OWB,183.0,10.0,228,5.0,2,2100,0,0,0,0,1,0
CF,CECAG,37.707472,-87.209617,0,OWB,227.9,3.0,48.0,7.0,2,1180,0,0,0,0,0,0

APPTR,S06,06,CCT
IF,CCT,37.382419,-87.263700, ,0.0,0.0,0,0,0,0,0,0,0,0
TF,OWB,37.743556,-87.165936,0, ,0.0,0.0,0.0,0.0,2,2500,0,0,0,0,0,0
PI,OWB,37.743556,-87.165936,2,OWB,183.0,10.0,228,5.0,2,2100,0,0,0,0,1,0
CF,CECAG,37.707472,-87.209617,0,OWB,227.9,3.0,48.0,7.0,2,1180,0,0,0,0,0,0

APPTR,S06,06,PXV
IF,PXV,37.928319,-87.762381, ,0.0,0.0,0,0,0,0,0,0,0,0
TF,OWB,37.743556,-87.165936,0, ,0.0,0.0,0.0,0.0,2,2500,0,0,0,0,0,0
PI,OWB,37.743556,-87.165936,2,OWB,183.0,10.0,228,5.0,2,2100,0,0,0,0,1,0
CF,CECAG,37.707472,-87.209617,0,OWB,227.9,3.0,48.0,7.0,2,1180,0,0,0,0,0,0

FINAL,S06,06,D,2
IF,CECAG,37.707472,-87.209617,OWB,227.9,3.0,2,1180,0,0,0,0,2,0
CF,RW06,37.736036,-87.173019,0,OWB,220.8,0.6,48.0,2.4,1,450,0,0,0,0,3,0
CF,OWB,37.743556,-87.165936,0,OWB,0.0,0.0,48.0,0.6,0,0,0,0,0,0,0,0
CA,0,48.0,2,1500,0,0,0,0,0,0
DF,OWB,37.743556,-87.165936,2, ,0.0,0.0,2,2500,0,0,0,0,0,0
HM,OWB,37.743556,-87.165936,2, ,0.0,0.0,48.0,04.3,0,0,0,0,0,0,0,0,0

APPTR,S18,18,APALO
IF,APALO,38.005719,-86.859797, ,0.0,0.0,0,0,0,0,0,0,0,0
TF,OWB,37.743556,-87.165936,0, ,0.0,0.0,0.0,0.0,2,2500,0,0,0,0,0,0
PI,OWB,37.743556,-87.165936,2,OWB,311.0,10.0,356,5.0,2,2500,0,0,0,0,1,0
CF,FF18,37.854989,-87.185675,0,OWB,356.0,6.7,176.0,3.3,2,2500,0,0,0,0,0,0

APPTR,S18,18,CCT
IF,CCT,37.382419,-87.263700, ,0.0,0.0,0,0,0,0,0,0,0,0
TF,OWB,37.743556,-87.165936,0, ,0.0,0.0,0.0,0.0,2,2500,0,0,0,0,0,0
PI,OWB,37.743556,-87.165936,2,OWB,311.0,10.0,356,5.0,2,2500,0,0,0,0,1,0
CF,FF18,37.854989,-87.185675,0,OWB,356.0,6.7,176.0,3.3,2,2500,0,0,0,0,0,0

APPTR,S18,18,PXV
IF,PXV,37.928319,-87.762381, ,0.0,0.0,0,0,0,0,0,0,0,0
TF,OWB,37.743556,-87.165936,0, ,0.0,0.0,0.0,0.0,2,2500,0,0,0,0,0,0
PI,OWB,37.743556,-87.165936,2,OWB,311.0,10.0,356,5.0,2,2500,0,0,0,0,1,0
CF,FF18,37.854989,-87.185675,0,OWB,356.0,6.7,176.0,3.3,2,2500,0,0,0,0,0,0

FINAL,S18,18,D,2
IF,FF18,37.854989,-87.185675,OWB,356.0,6.7,2,2500,0,0,0,0,2,0
CF,RW18,37.748917,-87.167767,0,OWB,348.8,0.3,176.0,6.4,1,459,0,0,0,0,3,0
CF,OWB,37.743556,-87.165936,0,OWB,0.0,0.0,176.0,0.3,0,0,0,0,0,0,0,0
CA,0,176.0,2,2500,0,0,0,0,0,0
DF,OWB,37.743556,-87.165936,2, ,0.0,0.0,0,0,0,0,0,0,0,0
HM,OWB,37.743556,-87.165936,2, ,0.0,0.0,176.0,04.3,0,0,0,0,0,0,0,0,0

APPTR,S36,36,CCT
IF,CCT,37.382419,-87.263700, ,0.0,0.0,0,0,0,0,0,0,0,0
TF,OWB,37.743556,-87.165936,0, ,0.0,0.0,0.0,0.0,2,2500,0,0,0,0,0,0
PI,OWB,37.743556,-87.165936,1,OWB,230.0,10.0,185,5.0,2,2100,0,0,0,0,1,0
CF,BIYAC,37.691831,-87.166594,0,OWB,184.6,3.1,5.0,6.9,2,1100,0,0,0,0,0,0

APPTR,S36,36,PXV
IF,PXV,37.928319,-87.762381, ,0.0,0.0,0,0,0,0,0,0,0,0
TF,OWB,37.743556,-87.165936,0, ,0.0,0.0,0.0,0.0,2,2500,0,0,0,0,0,0
PI,OWB,37.743556,-87.165936,1,OWB,230.0,10.0,185,5.0,2,2100,0,0,0,0,1,0
CF,BIYAC,37.691831,-87.166594,0,OWB,184.6,3.1,5.0,6.9,2,1100,0,0,0,0,0,0

FINAL,S36,36,D,2
IF,BIYAC,37.691831,-87.166594,OWB,184.6,3.1,2,1100,0,0,0,0,2,0
CF,RW36,37.726964,-87.166667,0,OWB,187.4,0.8,5.0,1.8,1,453,0,0,0,0,3,0
CF,OWB,37.743556,-87.165936,0,OWB,0.0,0.0,5.0,0.8,0,0,0,0,0,0,0,0
CA,0,5.0,2,2500,0,0,0,0,0,0
DF,OWB,37.743556,-87.165936,1, ,0.0,0.0,0,0,0,0,0,0,0,0
HM,OWB,37.743556,-87.165936,2, ,0.0,0.0,185.0,04.3,0,0,0,0,0,0,0,0,0

