SID,SETZR2,ALL,5
IF,VAUHN,29.675986,-98.014681, ,0.0,0.0,2,6500,0,0,0,0,0,0
TF,SETZR,29.712675,-97.830861,0, ,0.0,0.0,0.0,0.0,0,0,0,0,0,0,0,0

SID,SETZR2,HUB,6
IF,SETZR,29.712675,-97.830861, ,0.0,0.0,0,0,0,0,0,0,0,0
TF,SMAKR,29.693644,-97.397731,0, ,0.0,0.0,0.0,0.0,0,0,0,0,0,0,0,0
TF,MERCR,29.622664,-96.014906,0, ,0.0,0.0,0.0,0.0,0,0,0,0,0,0,0,0
TF,HUB,29.655617,-95.276619,0, ,0.0,0.0,0.0,0.0,0,0,0,0,0,0,0,0

SID,SETZR2,IAH,6
IF,SETZR,29.712675,-97.830861, ,0.0,0.0,0,0,0,0,0,0,0,0
TF,SMAKR,29.693644,-97.397731,0, ,0.0,0.0,0.0,0.0,0,0,0,0,0,0,0,0
TF,MERCR,29.622664,-96.014906,0, ,0.0,0.0,0.0,0.0,0,0,0,0,0,0,0,0
TF,IAH,29.956917,-95.345719,0, ,0.0,0.0,0.0,0.0,0,0,0,0,0,0,0,0

SID,SETZR2,SMAKR,6
IF,SETZR,29.712675,-97.830861, ,0.0,0.0,0,0,0,0,0,0,0,0
TF,SMAKR,29.693644,-97.397731,0, ,0.0,0.0,0.0,0.0,0,0,0,0,0,0,0,0

SID,SETZR2,WYLSN,6
IF,SETZR,29.712675,-97.830861, ,0.0,0.0,0,0,0,0,0,0,0,0
TF,SMAKR,29.693644,-97.397731,0, ,0.0,0.0,0.0,0.0,0,0,0,0,0,0,0,0
TF,MERCR,29.622664,-96.014906,0, ,0.0,0.0,0.0,0.0,0,0,0,0,0,0,0,0
TF,WYLSN,30.307786,-95.321964,0, ,0.0,0.0,0.0,0.0,0,0,0,0,0,0,0,0

APPTR,R34,34,CUKDA
HF,CUKDA,28.768886,-98.456089,2, ,0.0,0.0,337.0,04,2,3100,0,0,0,0,1,0,0

APPTR,R34,34,LECIR
IF,LECIR,28.744608,-98.546811, ,0.0,0.0,2,3100,0,0,0,0,1,0
TF,CUKDA,28.768886,-98.456089,0, ,0.0,0.0,0.0,0.0,2,3100,0,0,0,0,1,0

APPTR,R34,34,RAREE
IF,RAREE,28.793103,-98.365325, ,0.0,0.0,2,3100,0,0,0,0,1,0
TF,CUKDA,28.768886,-98.456089,0, ,0.0,0.0,0.0,0.0,2,3100,0,0,0,0,1,0

FINAL,R34,34,R,3
IF,CUKDA,28.768886,-98.456089, ,0.0,0.0,2,3100,0,0,0,0,0,0
TF,SOHJU,28.856783,-98.486367,0, ,0.0,0.0,337.0,5.5,2,2300,0,0,0,0,2,0
TF,RW34,28.948931,-98.518167,0, ,0.0,0.0,337.0,5.8,1,435,0,0,0,0,3,1
DF,MUXUE,28.996892,-98.534742,0, ,0.0,0.0,0,0,0,0,0,0,0,0
TF,SOMER,29.162431,-98.639575,0, ,0.0,0.0,0.0,0.0,2,3000,0,0,0,0,0,1
HM,SOMER,29.162431,-98.639575,2, ,0.0,0.0,141.0,04,0,0,0,0,0,0,0,0,0

