APPTR,R04,04,ARG
IF,ARG,36.110019,-90.953694, ,0.0,0.0,0,0,0,0,0,0,0,0
TF,BALYA,35.991358,-90.748889,0, ,0.0,0.0,0.0,0.0,2,3000,0,0,0,0,1,0
TF,AYATO,35.931033,-90.677956,0, ,0.0,0.0,0.0,0.0,2,2500,0,0,0,0,1,0

APPTR,R04,04,GQE
IF,GQE,35.347031,-90.478158, ,0.0,0.0,0,0,0,0,0,0,0,0
TF,COXAX,35.870667,-90.607128,0, ,0.0,0.0,0.0,0.0,2,3000,0,0,0,0,1,0
TF,AYATO,35.931033,-90.677956,0, ,0.0,0.0,0.0,0.0,2,2500,0,0,0,0,1,0

APPTR,R04,04,MAW
IF,MAW,36.555114,-89.911422, ,0.0,0.0,0,0,0,0,0,0,0,0
TF,AYATO,35.931033,-90.677956,0, ,0.0,0.0,0.0,0.0,2,3000,0,0,0,0,0,0
HF,AYATO,35.931033,-90.677956,2, ,0.0,0.0,45.0,04,2,2500,0,0,0,0,1,0,0

FINAL,R04,04,R,4
IF,AYATO,35.931033,-90.677956, ,0.0,0.0,2,2500,0,0,0,0,0,0
TF,PAWGE,36.000258,-90.588728,0, ,0.0,0.0,45.0,6.0,2,2000,0,0,0,0,2,0
TF,TACOS,36.036561,-90.541839,0, ,0.0,0.0,45.0,3.2,2,920,0,0,0,0,0,0
TF,RW04,36.059561,-90.512092,0, ,0.0,0.0,45.0,2.0,1,330,0,0,0,0,3,1
CA,0,45.0,2,690,0,0,0,0,0,0
DF,CUBIN,36.195533,-90.335681,0, ,0.0,0.0,2,3000,0,0,0,0,0,1
HM,CUBIN,36.195533,-90.335681,2, ,0.0,0.0,226.0,04,0,0,0,0,0,0,0,0,0

APPTR,R22,22,DOREY
IF,DOREY,36.315544,-90.476397, ,0.0,0.0,0,0,0,0,0,0,1,0
TF,CUBIN,36.195533,-90.335681,0, ,0.0,0.0,0.0,0.0,2,3000,0,0,0,0,0,0

APPTR,R22,22,GQE
IF,GQE,35.347031,-90.478158, ,0.0,0.0,0,0,0,0,0,0,0,0
TF,HEMOR,36.134958,-90.264892,0, ,0.0,0.0,0.0,0.0,2,3000,0,0,0,0,1,0
TF,CUBIN,36.195533,-90.335681,0, ,0.0,0.0,0.0,0.0,2,3000,0,0,0,0,0,0

APPTR,R22,22,MAW
IF,MAW,36.555114,-89.911422, ,0.0,0.0,0,0,0,0,0,0,1,0
TF,CUBIN,36.195533,-90.335681,0, ,0.0,0.0,0.0,0.0,2,3000,0,0,0,0,0,0

FINAL,R22,22,R,3
IF,CUBIN,36.195533,-90.335681, ,0.0,0.0,2,3000,0,0,0,0,0,0
TF,EVELY,36.126042,-90.425961,0, ,0.0,0.0,226.0,6.1,2,2000,0,0,0,0,2,0
TF,RW22,36.066878,-90.502625,0, ,0.0,0.0,225.0,5.1,1,345,0,0,0,0,3,1
CA,0,225.0,2,690,0,0,0,0,0,0
DF,AYATO,35.931033,-90.677956,0, ,0.0,0.0,2,2500,0,0,0,0,0,1
HM,AYATO,35.931033,-90.677956,2, ,0.0,0.0,45.0,04,0,0,0,0,0,0,0,0,0

APPTR,S04,04,ARG
IF,ARG,36.110019,-90.953694, ,0.0,0.0,0,0,0,0,0,0,0,0
TF,JBR,35.874911,-90.588511,0, ,0.0,0.0,0.0,0.0,2,3000,0,0,0,0,0,0
HF,JBR,35.874911,-90.588511,2, ,0.0,0.0,19.0,04.3,2,3000,0,0,0,0,1,0,0

APPTR,S04,04,GQE
IF,GQE,35.347031,-90.478158, ,0.0,0.0,0,0,0,0,0,0,0,0
TF,JBR,35.874911,-90.588511,0, ,0.0,0.0,0.0,0.0,2,3000,0,0,0,0,0,0
HF,JBR,35.874911,-90.588511,2, ,0.0,0.0,19.0,04.3,2,3000,0,0,0,0,1,0,0

FINAL,S04,04,D,3
IF,JBR,35.874911,-90.588511,JBR,0.0,0.0,2,3000,0,0,0,0,0,0
CF,DAZEL,35.976639,-90.546464,0,JBR,18.6,6.4,19.0,6.4,2,2000,0,0,0,0,2,0
CF,RW04,36.059561,-90.512092,0,JBR,18.6,11.7,19.0,5.2,1,330,0,0,0,0,3,0
CA,0,19.0,2,1500,0,0,0,0,0,0
DF,JBR,35.874911,-90.588511,2, ,0.0,0.0,2,3000,0,0,0,0,0,0
HM,JBR,35.874911,-90.588511,2, ,0.0,0.0,19.0,04.3,0,0,0,0,0,0,0,0,0

