SID,HENRY3,02,1
VA,0,22.0,2,2000,0,0,0,0,0,0
VM,0,0,0,22.0,0,0,0,0,0,0,0,0

SID,HENRY3,07,1
VA,0,67.0,2,2000,0,0,0,0,0,0
VM,0,0,0,67.0,0,0,0,0,0,0,0,0

SID,HENRY3,20,1
CA,0,202.0,2,442,0,0,0,0,0,0
VA,0,250.0,2,2000,0,0,0,0,0,0
VM,0,0,0,250.0,0,0,0,0,0,0,0,0

SID,HENRY3,25,1
VA,0,247.0,2,2000,0,0,0,0,0,0
VM,0,0,0,247.0,0,0,0,0,0,0,0,0

STAR,DRONE1,ISO,1
IF,ISO,35.370942,-77.558331, ,0.0,0.0,0,0,0,0,0,0,0,0
TF,BROZE,35.923528,-77.181986,0, ,0.0,0.0,0.0,0.0,0,0,0,0,0,0,0,0
TF,CVI,36.372914,-76.871544,0, ,0.0,0.0,0.0,0.0,0,0,0,0,0,0,0,0
TF,DRONE,36.529231,-76.670847,0, ,0.0,0.0,0.0,0.0,0,0,0,0,0,0,0,0

STAR,DRONE1,RDU,1
IF,RDU,35.872522,-78.783342, ,0.0,0.0,0,0,0,0,0,0,0,0
TF,TYI,35.976722,-77.703731,0, ,0.0,0.0,0.0,0.0,0,0,0,0,0,0,0,0
TF,DEENE,36.075794,-77.497617,0, ,0.0,0.0,0.0,0.0,0,0,0,0,0,0,0,0
TF,CVI,36.372914,-76.871544,0, ,0.0,0.0,0.0,0.0,0,0,0,0,0,0,0,0
TF,DRONE,36.529231,-76.670847,0, ,0.0,0.0,0.0,0.0,0,0,0,0,0,0,0,0

STAR,DRONE1,ALL,2
IF,DRONE,36.529231,-76.670847, ,0.0,0.0,0,0,0,0,0,0,0,0

APPTR,I07,07,CVI
IF,CVI,36.372914,-76.871544, ,0.0,0.0,0,0,0,0,0,0,0,0
TF,MIDRE,36.982386,-76.783014,0, ,0.0,0.0,0.0,0.0,2,2100,0,0,0,0,1,0
CF,JAWES,37.018103,-76.712711,0,IPHF,246.8,13.6,67.0,4.0,2,2000,0,0,0,0,1,0

APPTR,I07,07,HCM
IF,HCM,37.448661,-76.711353, ,0.0,0.0,0,0,0,0,0,0,0,0
TF,JAWES,37.018103,-76.712711,0, ,0.0,0.0,0.0,0.0,2,2000,0,0,0,0,0,0
HF,JAWES,37.018103,-76.712711,1, ,0.0,0.0,67.0,04.3,2,2000,0,0,0,0,1,0,0

FINAL,I07,07,I,3
IF,JAWES,37.018103,-76.712711,IPHF,246.8,13.6,2,2000,0,0,0,0,0,0
CF,JETIT,37.071783,-76.606756,0,IPHF,246.8,7.6,67.0,6.0,1,2000,0,0,0,0,2,0
CF,RW07,37.125003,-76.501381,0,IPHF,246.8,1.6,67.0,6.0,1,96,0,0,0,0,3,0
CA,0,67.0,2,450,0,0,0,0,0,0
VI,0, ,0.0,67.0,0,0,0,0,0,0,0,0
CF,RIPPS,37.214742,-76.323044,0,CCV,253.0,17.5,73.0,5.0,2,2500,0,0,0,0,0,0
HM,RIPPS,37.214742,-76.323044,2, ,0.0,0.0,253.0,04.3,0,0,0,0,0,0,0,0,0

APPTR,I25,25,CCV
FC,CCV,37.347539,-75.997653,0,CCV,0.0,0.0,254.0,10.4,2,2000,0,0,0,0,1,0
CF,HASBA,37.242317,-76.267944,0,IDHY,66.8,13.4,254.0,4.0,2,2000,0,0,0,0,1,0

APPTR,I25,25,HCM
IF,HCM,37.448661,-76.711353, ,0.0,0.0,0,0,0,0,0,0,0,0
TF,HASBA,37.242317,-76.267944,0, ,0.0,0.0,0.0,0.0,2,2000,0,0,0,0,0,0
HF,HASBA,37.242317,-76.267944,2, ,0.0,0.0,247.0,04.3,2,2000,0,0,0,0,1,0,0

APPTR,I25,25,ORF
IF,ORF,36.891900,-76.200325, ,0.0,0.0,0,0,0,0,0,0,0,0
TF,HASBA,37.242317,-76.267944,0, ,0.0,0.0,0.0,0.0,2,2000,0,0,0,0,0,0
HF,HASBA,37.242317,-76.267944,2, ,0.0,0.0,247.0,04.3,2,2000,0,0,0,0,1,0,0

FINAL,I25,25,I,3
IF,HASBA,37.242317,-76.267944,IDHY,66.8,13.4,2,2000,0,0,0,0,0,0
CF,STEVE,37.189864,-76.372522,0,IDHY,66.8,7.5,247.0,5.9,1,2000,0,0,0,0,2,0
CF,RW25,37.136714,-76.478150,0,IDHY,66.8,1.5,247.0,6.0,1,94,0,0,0,0,3,0
CA,0,247.0,2,500,0,0,0,0,0,0
VI,2, ,0.0,80.0,0,0,0,0,0,0,0,0
CF,HASBA,37.242317,-76.267944,0,CCV,254.1,14.4,74.0,13.0,2,2500,0,0,0,0,0,0
HM,HASBA,37.242317,-76.267944,2, ,0.0,0.0,247.0,04.3,0,0,0,0,0,0,0,0,0

APPTR,L20,20,CCV
FC,CCV,37.347539,-75.997653,0,CCV,0.0,0.0,276.0,17.4,2,2000,0,0,0,0,1,0
CF,PANLE,37.321536,-76.443292,0,IFJQ,21.8,12.3,276.0,4.0,2,2000,0,0,0,0,1,0

APPTR,L20,20,HCM
FC,HCM,37.448661,-76.711353,0,HCM,0.0,0.0,128.0,10.9,2,2000,0,0,0,0,1,0
CF,PANLE,37.321536,-76.443292,0,IFJQ,21.8,12.3,128.0,4.0,2,2000,0,0,0,0,1,0

APPTR,L20,20,PANLE
HF,PANLE,37.321536,-76.443292,2, ,0.0,0.0,202.0,04.3,2,2000,0,0,0,0,1,0,0

FINAL,L20,20,D,4
IF,PANLE,37.321536,-76.443292,IFJQ,21.8,12.3,2,2000,0,0,0,0,0,0
CF,RACOT,37.223344,-76.471281,0,IFJQ,21.8,6.3,202.0,6.0,2,1700,0,0,0,0,2,0
CF,ROBOY,37.177700,-76.484264,0,IFJQ,21.8,3.4,202.0,2.8,2,780,0,0,0,0,0,0
CF,RW20,37.141906,-76.494436,0,IFJQ,21.8,1.2,202.0,2.2,1,84,0,0,0,0,3,0
CA,0,202.0,2,2000,0,0,0,0,0,0
DF,HCM,37.448661,-76.711353,2, ,0.0,0.0,0,0,0,0,0,0,0,0
HM,HCM,37.448661,-76.711353,1, ,0.0,0.0,104.0,04.3,0,0,0,0,0,0,0,0,0

APPTR,R02,02,EVINN
IF,EVINN,36.845836,-76.260464, ,0.0,0.0,0,0,0,0,0,0,1,0
TF,NUTIY,36.945411,-76.550067,0, ,0.0,0.0,0.0,0.0,2,2300,0,0,0,0,1,0

APPTR,R02,02,HCM
IF,HCM,37.448661,-76.711353, ,0.0,0.0,0,0,0,0,0,0,0,0
TF,NUTIY,36.945411,-76.550067,0, ,0.0,0.0,0.0,0.0,2,2300,0,0,0,0,0,1
HF,NUTIY,36.945411,-76.550067,2, ,0.0,0.0,22.0,04,2,2300,0,0,0,0,1,0,0

APPTR,R02,02,WAIKS
IF,WAIKS,37.050478,-77.068800, ,0.0,0.0,0,0,0,0,0,0,1,0
TF,NUTIY,36.945411,-76.550067,0, ,0.0,0.0,0.0,0.0,2,2300,0,0,0,0,1,0

FINAL,R02,02,R,4
IF,NUTIY,36.945411,-76.550067, ,0.0,0.0,2,2300,0,0,0,0,0,0
TF,BCOAT,37.043636,-76.522294,0, ,0.0,0.0,22.0,6.0,2,1700,0,0,0,0,2,0
TF,SOLOC,37.095136,-76.507706,0, ,0.0,0.0,22.0,3.2,2,660,0,0,0,0,0,0
TF,RW02,37.124428,-76.499397,0, ,0.0,0.0,22.0,1.8,1,97,0,0,0,0,3,1
CA,0,22.0,2,241,0,0,0,0,0,0
DF,PANLE,37.321536,-76.443292,0, ,0.0,0.0,2,2000,0,0,0,0,0,1
HM,PANLE,37.321536,-76.443292,2, ,0.0,0.0,202.0,04,0,0,0,0,0,0,0,0,0

APPTR,R07,07,CVI
IF,CVI,36.372914,-76.871544, ,0.0,0.0,0,0,0,0,0,0,0,0
TF,MIDRE,36.982386,-76.783014,0, ,0.0,0.0,0.0,0.0,2,2100,0,0,0,0,1,0
TF,JAWES,37.018103,-76.712711,0, ,0.0,0.0,0.0,0.0,2,2000,0,0,0,0,1,0

APPTR,R07,07,HCM
IF,HCM,37.448661,-76.711353, ,0.0,0.0,0,0,0,0,0,0,0,0
TF,JAWES,37.018103,-76.712711,0, ,0.0,0.0,0.0,0.0,2,2000,0,0,0,0,0,1
HF,JAWES,37.018103,-76.712711,1, ,0.0,0.0,67.0,04,2,2000,0,0,0,0,1,0,0

FINAL,R07,07,R,3
IF,JAWES,37.018103,-76.712711, ,0.0,0.0,2,2000,0,0,0,0,0,0
TF,JETIT,37.071783,-76.606756,0, ,0.0,0.0,67.0,6.0,2,2000,0,0,0,0,2,0
TF,RW07,37.125003,-76.501381,0, ,0.0,0.0,67.0,6.0,1,96,0,0,0,0,3,1
CA,0,67.0,2,243,0,0,0,0,0,0
DF,RIPPS,37.214742,-76.323044,0, ,0.0,0.0,2,2500,0,0,0,0,0,1
HM,RIPPS,37.214742,-76.323044,2, ,0.0,0.0,247.0,04,0,0,0,0,0,0,0,0,0

APPTR,R20,20,CCV
IF,CCV,37.347539,-75.997653, ,0.0,0.0,0,0,0,0,0,0,1,0
TF,PANLE,37.321536,-76.443292,0, ,0.0,0.0,0.0,0.0,2,2000,0,0,0,0,1,0

APPTR,R20,20,HCM
IF,HCM,37.448661,-76.711353, ,0.0,0.0,0,0,0,0,0,0,1,0
TF,PANLE,37.321536,-76.443292,0, ,0.0,0.0,0.0,0.0,2,2000,0,0,0,0,1,0

APPTR,R20,20,ORF
IF,ORF,36.891900,-76.200325, ,0.0,0.0,0,0,0,0,0,0,0,0
TF,PANLE,37.321536,-76.443292,0, ,0.0,0.0,0.0,0.0,2,2000,0,0,0,0,0,1
HF,PANLE,37.321536,-76.443292,2, ,0.0,0.0,202.0,04,2,2000,0,0,0,0,1,0,0

FINAL,R20,20,R,4
IF,PANLE,37.321536,-76.443292, ,0.0,0.0,2,2000,0,0,0,0,0,0
TF,RACOT,37.223344,-76.471281,0, ,0.0,0.0,202.0,6.0,2,1700,0,0,0,0,2,0
TF,ROBOY,37.177700,-76.484264,0, ,0.0,0.0,202.0,2.8,2,780,0,0,0,0,0,0
TF,RW20,37.141906,-76.494436,0, ,0.0,0.0,202.0,2.2,1,84,0,0,0,0,3,1
CA,0,202.0,2,379,0,0,0,0,0,0
DF,NUTIY,36.945411,-76.550067,0, ,0.0,0.0,2,2300,0,0,0,0,0,1
HM,NUTIY,36.945411,-76.550067,2, ,0.0,0.0,22.0,04,0,0,0,0,0,0,0,0,0

APPTR,R25,25,CCV
IF,CCV,37.347539,-75.997653, ,0.0,0.0,0,0,0,0,0,0,1,0
TF,HASBA,37.242317,-76.267944,0, ,0.0,0.0,0.0,0.0,2,2000,0,0,0,0,1,0

APPTR,R25,25,HCM
IF,HCM,37.448661,-76.711353, ,0.0,0.0,0,0,0,0,0,0,0,0
TF,HASBA,37.242317,-76.267944,0, ,0.0,0.0,0.0,0.0,2,2000,0,0,0,0,0,1
HF,HASBA,37.242317,-76.267944,2, ,0.0,0.0,247.0,04,2,2000,0,0,0,0,1,0,0

APPTR,R25,25,ORF
IF,ORF,36.891900,-76.200325, ,0.0,0.0,0,0,0,0,0,0,0,0
TF,HASBA,37.242317,-76.267944,0, ,0.0,0.0,0.0,0.0,2,2000,0,0,0,0,0,1
HF,HASBA,37.242317,-76.267944,2, ,0.0,0.0,247.0,04,2,2000,0,0,0,0,1,0,0

FINAL,R25,25,R,3
IF,HASBA,37.242317,-76.267944, ,0.0,0.0,2,2000,0,0,0,0,0,0
TF,STEVE,37.189864,-76.372522,0, ,0.0,0.0,247.0,5.9,2,2000,0,0,0,0,2,0
TF,RW25,37.136714,-76.478150,0, ,0.0,0.0,247.0,6.0,1,94,0,0,0,0,3,1
CA,0,247.0,2,241,0,0,0,0,0,0
DF,JAWES,37.018103,-76.712711,0, ,0.0,0.0,2,2000,0,0,0,0,0,1
HM,JAWES,37.018103,-76.712711,1, ,0.0,0.0,67.0,04,0,0,0,0,0,0,0,0,0

