APPTR,I03,03,CASOP
IF,CASOP,39.367597,-80.933294, ,0.0,0.0,0,0,0,0,0,0,1,0
AF,D200U,39.106131,-81.506247,2,JPU,200.0,21.0,105.0,2,2900,0,0,0,0,0,0
VI,0,IPKB,0.0,357.0,0,0,0,0,0,0,0,0

APPTR,I03,03,JPU
IF,JPU,39.441181,-81.374764, ,0.0,0.0,0,0,0,0,0,0,0,0
TF,VERSI,39.253625,-81.483383,0, ,0.0,0.0,0.0,0.0,2,2600,0,0,0,0,0,0
HF,VERSI,39.253625,-81.483383,2, ,0.0,0.0,27.0,04.3,2,2600,0,0,0,0,1,0,0

APPTR,I03,03,NABLE
IF,NABLE,39.254889,-81.756858, ,0.0,0.0,0,0,0,0,0,0,1,0
AF,D211U,39.131711,-81.585956,1,JPU,211.0,21.0,241.0,2,2900,0,0,0,0,0,0
VI,0,IPKB,0.0,57.0,0,0,0,0,0,0,0,0

FINAL,I03,03,I,3
IF,DELAW,39.117461,-81.547017,IPKB,207.1,15.0,2,2900,0,0,0,0,0,0
CF,VERSI,39.253625,-81.483383,0,IPKB,207.1,6.3,27.0,8.7,1,2592,0,0,0,0,2,0
CF,RW03,39.336947,-81.443875,0,IPKB,206.2,0.0,27.0,5.3,1,852,0,0,0,0,3,0
CA,0,27.0,2,1400,0,0,0,0,0,0
DF,JPU,39.441181,-81.374764,0, ,0.0,0.0,2,2700,0,0,0,0,0,0
HM,JPU,39.441181,-81.374764,2, ,0.0,0.0,211.0,04.3,0,0,0,0,0,0,0,0,0

APPTR,R03,03,JACEE
IF,JACEE,39.160578,-81.642794, ,0.0,0.0,0,0,0,0,0,0,1,0
TF,UNSAW,39.158872,-81.536222,0, ,0.0,0.0,0.0,0.0,2,3000,0,0,0,0,1,0

APPTR,R03,03,JPU
IF,JPU,39.441181,-81.374764, ,0.0,0.0,0,0,0,0,0,0,0,0
TF,UNSAW,39.158872,-81.536222,0, ,0.0,0.0,0.0,0.0,2,3000,0,0,0,0,0,1
HF,UNSAW,39.158872,-81.536222,2, ,0.0,0.0,30.0,04,2,3000,0,0,0,0,1,0,0

APPTR,R03,03,MORAN
IF,MORAN,39.094397,-81.501703, ,0.0,0.0,0,0,0,0,0,0,1,0
TF,UNSAW,39.158872,-81.536222,0, ,0.0,0.0,0.0,0.0,2,3000,0,0,0,0,1,0

FINAL,R03,03,R,4
IF,UNSAW,39.158872,-81.536222, ,0.0,0.0,2,3000,0,0,0,0,0,0
TF,ODENN,39.251994,-81.487994,0, ,0.0,0.0,30.0,6.0,2,2600,0,0,0,0,2,0
TF,WIRNI,39.295183,-81.465581,0, ,0.0,0.0,30.0,2.8,2,1700,0,0,0,0,0,0
TF,RW03,39.336947,-81.443875,0, ,0.0,0.0,30.0,2.7,1,851,0,0,0,0,3,1
CA,0,30.0,2,1081,0,0,0,0,0,0
DF,OWAVE,39.539158,-81.338417,0, ,0.0,0.0,2,3000,0,0,0,0,0,1
HM,OWAVE,39.539158,-81.338417,2, ,0.0,0.0,210.0,04,0,0,0,0,0,0,0,0,0

APPTR,R10,10,FARLN
IF,FARLN,39.377064,-81.848492, ,0.0,0.0,0,0,0,0,0,0,1,0
TF,FASAT,39.359025,-81.682194,0, ,0.0,0.0,0.0,0.0,2,3000,0,0,0,0,1,0

APPTR,R10,10,JPU
IF,JPU,39.441181,-81.374764, ,0.0,0.0,0,0,0,0,0,0,0,0
TF,FASAT,39.359025,-81.682194,0, ,0.0,0.0,0.0,0.0,2,3000,0,0,0,0,0,1
HF,FASAT,39.359025,-81.682194,2, ,0.0,0.0,103.0,04,2,3000,0,0,0,0,1,0,0

APPTR,R10,10,NABLE
IF,NABLE,39.254889,-81.756858, ,0.0,0.0,0,0,0,0,0,0,1,0
TF,FASAT,39.359025,-81.682194,0, ,0.0,0.0,0.0,0.0,2,3000,0,0,0,0,1,0

FINAL,R10,10,R,3
IF,FASAT,39.359025,-81.682194, ,0.0,0.0,2,3000,0,0,0,0,0,0
TF,AFAGA,39.350606,-81.555492,0, ,0.0,0.0,103.0,5.9,2,2500,0,0,0,0,2,0
TF,RW10,39.343269,-81.446725,0, ,0.0,0.0,103.0,5.1,1,882,0,0,0,0,3,1
CA,0,103.0,2,1259,0,0,0,0,0,0
DF,CAPNA,39.326081,-81.197269,0, ,0.0,0.0,2,3000,0,0,0,0,0,1
HM,CAPNA,39.326081,-81.197269,2, ,0.0,0.0,283.0,04,0,0,0,0,0,0,0,0,0

APPTR,R21,21,CADRE
IF,CADRE,39.715906,-81.409981, ,0.0,0.0,0,0,0,0,0,0,1,0
TF,OWAVE,39.539158,-81.338417,0, ,0.0,0.0,0.0,0.0,2,3000,0,0,0,0,1,0

APPTR,R21,21,JPU
IF,JPU,39.441181,-81.374764, ,0.0,0.0,0,0,0,0,0,0,0,0
TF,OWAVE,39.539158,-81.338417,0, ,0.0,0.0,0.0,0.0,2,3000,0,0,0,0,0,1
HF,OWAVE,39.539158,-81.338417,2, ,0.0,0.0,210.0,04,2,3000,0,0,0,0,1,0,0

APPTR,R21,21,WEELD
IF,WEELD,39.708461,-81.117497, ,0.0,0.0,0,0,0,0,0,0,1,0
TF,OWAVE,39.539158,-81.338417,0, ,0.0,0.0,0.0,0.0,2,3000,0,0,0,0,1,0

FINAL,R21,21,R,4
IF,OWAVE,39.539158,-81.338417, ,0.0,0.0,2,3000,0,0,0,0,0,0
TF,MIDCO,39.445850,-81.387133,0, ,0.0,0.0,210.0,6.0,2,2800,0,0,0,0,2,0
TF,MARII,39.400603,-81.410731,0, ,0.0,0.0,210.0,2.9,2,1860,0,0,0,0,0,0
TF,RW21,39.354206,-81.434897,0, ,0.0,0.0,210.0,3.0,1,913,0,0,0,0,3,1
CA,0,210.0,2,1107,0,0,0,0,0,0
DF,UNSAW,39.158872,-81.536222,0, ,0.0,0.0,2,3000,0,0,0,0,0,1
HM,UNSAW,39.158872,-81.536222,2, ,0.0,0.0,30.0,04,0,0,0,0,0,0,0,0,0

APPTR,R28,28,JPU
IF,JPU,39.441181,-81.374764, ,0.0,0.0,0,0,0,0,0,0,0,0
TF,CAPNA,39.326081,-81.197269,0, ,0.0,0.0,0.0,0.0,2,3000,0,0,0,0,0,1
HF,CAPNA,39.326081,-81.197269,2, ,0.0,0.0,283.0,04,2,3000,0,0,0,0,1,0,0

APPTR,R28,28,JULEA
IF,JULEA,39.274228,-80.964711, ,0.0,0.0,0,0,0,0,0,0,1,0
TF,CAPNA,39.326081,-81.197269,0, ,0.0,0.0,0.0,0.0,2,3000,0,0,0,0,1,0

APPTR,R28,28,RANDE
IF,RANDE,39.489472,-80.773478, ,0.0,0.0,0,0,0,0,0,0,1,0
TF,CAPNA,39.326081,-81.197269,0, ,0.0,0.0,0.0,0.0,2,3000,0,0,0,0,1,0

FINAL,R28,28,R,3
IF,CAPNA,39.326081,-81.197269, ,0.0,0.0,2,3000,0,0,0,0,0,0
TF,BANLE,39.335364,-81.331214,0, ,0.0,0.0,283.0,6.3,2,2400,0,0,0,0,2,0
TF,RW28,39.342311,-81.432631,0, ,0.0,0.0,283.0,4.7,1,890,0,0,0,0,3,1
CA,0,283.0,2,1259,0,0,0,0,0,0
DF,FASAT,39.359025,-81.682194,0, ,0.0,0.0,2,3000,0,0,0,0,0,1
HM,FASAT,39.359025,-81.682194,2, ,0.0,0.0,103.0,04,0,0,0,0,0,0,0,0,0

APPTR,S21,21,BROCH
IF,BROCH,39.571617,-81.508989, ,0.0,0.0,0,0,0,0,0,0,1,0
AF,CLIEN,39.588103,-81.272789,2,JPU,31.2,10.0,324.0,2,2800,0,0,0,0,1,0

APPTR,S21,21,JPU
HF,JPU,39.441181,-81.374764,2, ,0.0,0.0,211.0,04.3,2,2800,0,0,0,0,1,0,0

APPTR,S21,21,TRION
IF,TRION,39.363881,-81.184228, ,0.0,0.0,0,0,0,0,0,0,1,0
AF,CLIEN,39.588103,-81.272789,1,JPU,31.2,10.0,121.0,2,2800,0,0,0,0,1,0

FINAL,S21,21,D,3
IF,CLIEN,39.588103,-81.272789,JPU,31.2,10.0,2,2800,0,0,0,0,0,0
CF,JPU,39.441181,-81.374764,0,JPU,0.0,0.0,211.0,10.0,2,2800,0,0,0,0,2,0
CF,RW21,39.354206,-81.434897,0,JPU,211.2,5.9,211.0,5.9,1,913,0,0,0,0,3,0
CA,0,211.0,2,1260,0,0,0,0,0,0
CF,VERSI,39.253625,-81.483383,0,JPU,207.3,12.3,207.0,5.4,2,2600,0,0,0,0,0,0
HM,VERSI,39.253625,-81.483383,2, ,0.0,0.0,27.0,04.3,0,0,0,0,0,0,0,0,0

