APPTR,I32,32,JUPUN
IF,JUPUN,45.501519,-84.399261, ,0.0,0.0,0,0,0,0,0,0,1,0
AF,D161N,45.425322,-84.528203,2,PLN,161.0,13.6,131.0,2,2500,0,0,0,0,0,0
VI,0,IPLN,0.0,291.0,2,2500,0,0,0,0,0,0

APPTR,I32,32,RONDO
FC,RONDO,45.278678,-84.518422,0,PLN,0.0,0.0,350.0,4.4,2,2500,0,0,0,0,1,0
CF,EDDIS,45.413231,-84.574200,0,IPLN,140.7,14.0,350.0,4.0,2,2500,0,0,0,0,1,0

FINAL,I32,32,I,3
IF,EDDIS,45.413231,-84.574200,IPLN,140.7,14.0,2,2500,0,0,0,0,0,0
CF,BURET,45.500119,-84.698211,0,IPLN,140.7,6.6,321.0,7.4,1,2500,0,0,0,0,2,0
CF,RW32,45.563211,-84.788817,0,IPLN,140.7,1.3,321.0,5.4,1,762,0,0,0,0,3,0
CA,0,321.0,2,1400,0,0,0,0,0,0
DF,PLN,45.630647,-84.664108,2, ,0.0,0.0,2,2600,0,0,0,0,0,0
HM,PLN,45.630647,-84.664108,2, ,0.0,0.0,246.0,04.3,0,0,0,0,0,0,0,0,0

APPTR,R05,05,BAVDY
HF,BAVDY,45.420308,-85.009117,2, ,0.0,0.0,51.0,04,2,3000,0,0,0,0,1,0,0

APPTR,R05,05,DIPLE
IF,DIPLE,45.772553,-85.271106, ,0.0,0.0,0,0,0,0,0,0,0,0
TF,CIBDE,45.478717,-85.093531,0, ,0.0,0.0,0.0,0.0,2,3000,0,0,0,0,1,0
TF,BAVDY,45.420308,-85.009117,0, ,0.0,0.0,0.0,0.0,2,3000,0,0,0,0,1,0

APPTR,R05,05,GLR
IF,GLR,45.012486,-84.704278, ,0.0,0.0,0,0,0,0,0,0,0,0
TF,LORIW,45.352072,-84.924214,0, ,0.0,0.0,0.0,0.0,2,3200,0,0,0,0,1,0
TF,BAVDY,45.420308,-85.009117,0, ,0.0,0.0,0.0,0.0,2,3000,0,0,0,0,1,0

FINAL,R05,05,R,4
IF,BAVDY,45.420308,-85.009117, ,0.0,0.0,2,3000,0,0,0,0,0,0
TF,DODAC,45.492722,-84.907725,0, ,0.0,0.0,51.0,6.1,2,2800,0,0,0,0,2,0
TF,JILEL,45.531842,-84.852792,0, ,0.0,0.0,51.0,3.3,2,1720,0,0,0,0,0,0
TF,RW05,45.567392,-84.802769,0, ,0.0,0.0,51.0,3.0,1,759,0,0,0,0,3,1
DF,FUBUP,45.709947,-84.601233,0, ,0.0,0.0,2,2400,0,0,0,0,0,1
HM,FUBUP,45.709947,-84.601233,2, ,0.0,0.0,231.0,04,0,0,0,0,0,0,0,0,0

APPTR,R23,23,DIPLE
IF,DIPLE,45.772553,-85.271106, ,0.0,0.0,0,0,0,0,0,0,0,0
TF,GICNI,45.768653,-84.685661,0, ,0.0,0.0,0.0,0.0,2,2400,0,0,0,0,1,0
TF,FUBUP,45.709947,-84.601233,0, ,0.0,0.0,0.0,0.0,2,2400,0,0,0,0,1,0

APPTR,R23,23,JUPUN
IF,JUPUN,45.501519,-84.399261, ,0.0,0.0,0,0,0,0,0,0,0,0
TF,ECAFO,45.651178,-84.516983,0, ,0.0,0.0,0.0,0.0,2,2400,0,0,0,0,1,0
TF,FUBUP,45.709947,-84.601233,0, ,0.0,0.0,0.0,0.0,2,2400,0,0,0,0,1,0

APPTR,R23,23,PINES
IF,PINES,46.030447,-84.486736, ,0.0,0.0,0,0,0,0,0,0,1,0
TF,FUBUP,45.709947,-84.601233,0, ,0.0,0.0,0.0,0.0,2,2400,0,0,0,0,1,0

APPTR,R23,23,PLN
IF,PLN,45.630647,-84.664108, ,0.0,0.0,0,0,0,0,0,0,0,0
TF,FUBUP,45.709947,-84.601233,0, ,0.0,0.0,0.0,0.0,2,2400,0,0,0,0,0,1
HF,FUBUP,45.709947,-84.601233,2, ,0.0,0.0,231.0,04,2,2400,0,0,0,0,1,0,0

FINAL,R23,23,R,4
IF,FUBUP,45.709947,-84.601233, ,0.0,0.0,2,2400,0,0,0,0,0,0
TF,HUMIR,45.637847,-84.703353,0, ,0.0,0.0,231.0,6.1,2,2400,0,0,0,0,2,0
TF,IBILE,45.613442,-84.737833,0, ,0.0,0.0,231.0,2.1,2,1720,0,0,0,0,0,0
TF,RW23,45.577919,-84.787936,0, ,0.0,0.0,231.0,3.0,1,765,0,0,0,0,3,1
DF,BAVDY,45.420308,-85.009117,0, ,0.0,0.0,2,3000,0,0,0,0,0,1
HM,BAVDY,45.420308,-85.009117,2, ,0.0,0.0,51.0,04,0,0,0,0,0,0,0,0,0

APPTR,R32,32,JUPUN
IF,JUPUN,45.501519,-84.399261, ,0.0,0.0,0,0,0,0,0,0,1,0
TF,EDDIS,45.413231,-84.574200,0, ,0.0,0.0,0.0,0.0,2,2500,0,0,0,0,1,0

APPTR,R32,32,RONDO
IF,RONDO,45.278678,-84.518422, ,0.0,0.0,0,0,0,0,0,0,1,0
TF,EDDIS,45.413231,-84.574200,0, ,0.0,0.0,0.0,0.0,2,2500,0,0,0,0,1,0

FINAL,R32,32,R,4
IF,EDDIS,45.413231,-84.574200, ,0.0,0.0,2,2500,0,0,0,0,0,0
TF,BURET,45.500119,-84.698211,0, ,0.0,0.0,321.0,7.4,2,2500,0,0,0,0,2,0
TF,EMHUR,45.547164,-84.764547,0, ,0.0,0.0,321.0,3.9,2,1220,0,0,0,0,0,0
TF,RW32,45.563211,-84.788817,0, ,0.0,0.0,321.0,1.4,1,762,0,0,0,0,3,1
DF,VESUY,45.621769,-84.873222,0, ,0.0,0.0,0,0,0,0,0,0,0,0
TF,TOYUY,45.692878,-84.772997,2, ,0.0,0.0,0.0,0.0,0,0,0,0,0,0,0,0
TF,PLN,45.630647,-84.664108,0, ,0.0,0.0,0.0,0.0,2,2600,0,0,0,0,0,1
HM,PLN,45.630647,-84.664108,2, ,0.0,0.0,246.0,04,0,0,0,0,0,0,0,0,0

APPTR,S23,23,PLN
PI,PLN,45.630647,-84.664108,2,PLN,20.0,10.0,065,5.0,2,2700,0,0,0,0,1,0

APPTR,S23,23,SSM
IF,SSM,46.412111,-84.314872, ,0.0,0.0,0,0,0,0,0,0,1,0
TF,FRYII,45.756492,-84.363975,0, ,0.0,0.0,0.0,0.0,2,3000,0,0,0,0,1,0

FINAL,S23,23,D,3
IF,FRYII,45.756492,-84.363975,PLN,65.0,14.7,2,3000,0,0,0,0,0,0
CF,PLN,45.630647,-84.664108,0,PLN,0.0,0.0,245.0,14.7,2,2700,0,0,0,0,2,0
CF,RW23,45.577919,-84.787936,0,PLN,244.8,6.1,245.0,6.1,1,765,0,0,0,0,3,0
CA,0,245.0,2,2000,0,0,0,0,0,0
DF,PLN,45.630647,-84.664108,1, ,0.0,0.0,2,2800,0,0,0,0,0,0
HM,PLN,45.630647,-84.664108,2, ,0.0,0.0,246.0,04.3,0,0,0,0,0,0,0,0,0

