APPTR,R35,35,ALDER
IF,ALDER,46.821561,-122.414219, ,0.0,0.0,0,0,0,0,0,0,1,0
TF,ARWEL,46.928933,-122.289972,0, ,0.0,0.0,0.0,0.0,2,3800,0,0,0,0,1,0

APPTR,R35,35,TCM
IF,TCM,47.147669,-122.475039, ,0.0,0.0,0,0,0,0,0,0,0,0
TF,ARWEL,46.928933,-122.289972,0, ,0.0,0.0,0.0,0.0,2,3800,0,0,0,0,0,1
HF,ARWEL,46.928933,-122.289972,1, ,0.0,0.0,360.0,04,2,3800,0,0,0,0,1,0,0

FINAL,R35,35,R,4
IF,ARWEL,46.928933,-122.289972, ,0.0,0.0,2,3800,0,0,0,0,0,0
TF,BANFO,47.004161,-122.288781,0, ,0.0,0.0,346.0,4.5,2,2400,0,0,0,0,2,0
TF,PULLI,47.048944,-122.288072,0, ,0.0,0.0,346.0,2.7,2,1540,0,0,0,0,0,0
TF,RW35,47.098917,-122.287281,0, ,0.0,0.0,346.0,3.0,1,589,0,0,0,0,3,1
CA,0,346.0,2,1900,0,0,0,0,0,0
DF,ARWEL,46.928933,-122.289972,1, ,0.0,0.0,2,3800,0,0,0,0,0,1
HM,ARWEL,46.928933,-122.289972,1, ,0.0,0.0,360.0,04,0,0,0,0,0,0,0,0,0

