APPTR,D18-A,18,YRK
HF,YRK,38.644133,-82.978339,2, ,0.0,0.0,33.0,04.3,2,3300,0,0,0,0,1,0,0
TF,WOTUX,38.703047,-82.938358,0, ,0.0,0.0,0.0,0.0,2,2900,0,0,0,0,0,0

FINAL,D18-A,18,D,3
IF,WOTUX,38.703047,-82.938358,YRK,33.0,4.0,2,2900,0,0,0,0,0,0
CF,MYDOL,38.761953,-82.898314,0,YRK,33.0,8.0,33.0,4.0,2,2600,0,0,0,0,2,0
CF,ZORUT,38.834083,-82.849164,0,YRK,33.0,12.9,33.0,4.9,1,1440,0,0,0,0,3,0
CA,0,33.0,2,3000,0,0,0,0,0,0
DF,YRK,38.644133,-82.978339,2, ,0.0,0.0,2,3300,0,0,0,0,0,0
HM,YRK,38.644133,-82.978339,2, ,0.0,0.0,33.0,04.3,0,0,0,0,0,0,0,0,0

APPTR,D36-A,36,YRK
HF,YRK,38.644133,-82.978339,2, ,0.0,0.0,33.0,04.3,2,3300,0,0,0,0,1,0,0
TF,WOTUX,38.703047,-82.938358,0, ,0.0,0.0,0.0,0.0,2,2900,0,0,0,0,0,0

FINAL,D36-A,36,D,3
IF,WOTUX,38.703047,-82.938358,YRK,33.0,4.0,2,2900,0,0,0,0,0,0
CF,MYDOL,38.761953,-82.898314,0,YRK,33.0,8.0,33.0,4.0,2,2600,0,0,0,0,2,0
CF,ZORUT,38.834083,-82.849164,0,YRK,33.0,12.9,33.0,4.9,1,1440,0,0,0,0,3,0
CA,0,33.0,2,3000,0,0,0,0,0,0
DF,YRK,38.644133,-82.978339,2, ,0.0,0.0,2,3300,0,0,0,0,0,0
HM,YRK,38.644133,-82.978339,2, ,0.0,0.0,33.0,04.3,0,0,0,0,0,0,0,0,0

APPTR,R18,18,JOVEL
IF,JOVEL,39.042408,-82.964389, ,0.0,0.0,2,3000,0,0,0,0,1,0
TF,MEGGE,39.045703,-82.857511,0, ,0.0,0.0,0.0,0.0,2,3000,0,0,0,0,1,0

APPTR,R18,18,MEGGE
HF,MEGGE,39.045703,-82.857511,1, ,0.0,0.0,183.0,04,2,3000,0,0,0,0,1,0,0

APPTR,R18,18,YANUG
IF,YANUG,39.048900,-82.750622, ,0.0,0.0,2,3000,0,0,0,0,1,0
TF,MEGGE,39.045703,-82.857511,0, ,0.0,0.0,0.0,0.0,2,3000,0,0,0,0,1,0

FINAL,R18,18,R,4
IF,MEGGE,39.045703,-82.857511, ,0.0,0.0,2,3000,0,0,0,0,0,0
TF,NAUGT,38.945222,-82.852508,0, ,0.0,0.0,183.0,6.0,2,2600,0,0,0,0,2,0
TF,TIKKL,38.893508,-82.849942,0, ,0.0,0.0,183.0,3.1,2,1580,0,0,0,0,0,0
TF,RW18,38.847331,-82.847650,0, ,0.0,0.0,183.0,2.8,1,699,0,0,0,0,3,1
DF,EVRUZ,38.633564,-82.837083,0, ,0.0,0.0,2,3000,0,0,0,0,0,1
HM,EVRUZ,38.633564,-82.837083,2, ,0.0,0.0,3.0,04,0,0,0,0,0,0,0,0,0

APPTR,R36,36,EDEYE
IF,EDEYE,38.636733,-82.730808, ,0.0,0.0,2,3000,0,0,0,0,1,0
TF,EVRUZ,38.633564,-82.837083,0, ,0.0,0.0,0.0,0.0,2,3000,0,0,0,0,1,0

APPTR,R36,36,EVRUZ
HF,EVRUZ,38.633564,-82.837083,2, ,0.0,0.0,3.0,04,2,3000,0,0,0,0,1,0,0

APPTR,R36,36,ZELID
IF,ZELID,38.630300,-82.943350, ,0.0,0.0,2,3300,0,0,0,0,1,0
TF,EVRUZ,38.633564,-82.837083,0, ,0.0,0.0,0.0,0.0,2,3000,0,0,0,0,1,0

FINAL,R36,36,R,3
IF,EVRUZ,38.633564,-82.837083, ,0.0,0.0,2,3000,0,0,0,0,0,0
TF,LUPUC,38.735478,-82.842111,0, ,0.0,0.0,3.0,6.1,2,2600,0,0,0,0,2,0
TF,RW36,38.833611,-82.846969,0, ,0.0,0.0,3.0,5.9,1,695,0,0,0,0,3,1
DF,MEGGE,39.045703,-82.857511,0, ,0.0,0.0,2,3000,0,0,0,0,0,1
HM,MEGGE,39.045703,-82.857511,1, ,0.0,0.0,183.0,04,0,0,0,0,0,0,0,0,0

