SID,DUCHS7,06,1
VA,0,63.0,2,3000,0,0,0,0,0,0
VM,0,0,0,63.0,0,0,0,0,0,0,0,0

SID,DUCHS7,15,1
CA,0,151.0,2,570,0,0,0,0,0,0
VA,0,163.0,2,2000,0,0,0,0,0,0
VM,0,0,1,360.0,2,3000,0,0,0,0,0,0

SID,DUCHS7,24,1
VA,0,243.0,2,3000,0,0,0,0,0,0
VM,0,0,0,243.0,0,0,0,0,0,0,0,0

SID,DUCHS7,33,1
VA,0,330.0,2,1000,0,0,0,0,0,0
VM,0,0,0,290.0,2,3000,0,0,0,0,0,0

STAR,HUD3,ALL,2
IF,DPK,40.791750,-73.303658, ,0.0,0.0,0,0,0,0,0,0,0,0
TF,MAD,41.313836,-72.692192,0, ,0.0,0.0,0.0,0.0,0,0,0,0,0,0,0,0
TF,BRISS,41.702600,-73.016708,0, ,0.0,0.0,0.0,0.0,0,0,0,0,0,0,0,0
TF,PWL,41.769772,-73.600553,0, ,0.0,0.0,0.0,0.0,0,0,0,0,0,0,0,0
TF,TRESA,41.880447,-73.818556,0, ,0.0,0.0,0.0,0.0,0,0,0,0,0,0,0,0

APPTR,D24,24,IGN
PI,IGN,41.665450,-73.822225,2,IGN,353.0,10.0,038,5.0,2,2900,0,0,0,0,1,0
CF,VITYU,41.699922,-73.799867,0,IGN,37.9,2.3,218.0,7.7,2,2100,0,0,0,0,0,0
TF,IGN,41.665450,-73.822225,0, ,0.0,0.0,0.0,0.0,2,1400,0,0,0,0,0,0

APPTR,D24,24,PWL
IF,PWL,41.769772,-73.600553, ,0.0,0.0,0,0,0,0,0,0,0,0
TF,UCIYE,41.815283,-73.724592,0, ,0.0,0.0,0.0,0.0,2,2900,0,0,0,0,0,0
TF,VITYU,41.699922,-73.799867,0, ,0.0,0.0,0.0,0.0,2,2100,0,0,0,0,0,0
TF,IGN,41.665450,-73.822225,0, ,0.0,0.0,0.0,0.0,2,1400,0,0,0,0,0,0

FINAL,D24,24,D,2
IF,IGN,41.665450,-73.822225,IGN,0.0,0.0,2,1400,0,0,0,0,2,0
CF,RW24,41.630397,-73.878158,0,IGN,242.1,3.3,242.0,3.3,1,212,0,0,0,0,3,0
CA,0,242.0,2,570,0,0,0,0,0,0
VI,2, ,0.0,64.0,0,0,0,0,0,0,0,0
CF,ATWAN,41.737508,-73.820631,0,IGN,13.0,4.3,13.0,2.0,2,3000,0,0,0,0,0,0
HM,ATWAN,41.737508,-73.820631,2, ,0.0,0.0,193.0,04.3,0,0,0,0,0,0,0,0,0

APPTR,I06,06,CMK
IF,CMK,41.280089,-73.581325, ,0.0,0.0,0,0,0,0,0,0,0,0
TF,CANTY,41.491400,-74.104372,0, ,0.0,0.0,0.0,0.0,2,3800,0,0,0,0,0,0
HF,CANTY,41.491400,-74.104372,1, ,0.0,0.0,63.0,04.3,2,3200,0,0,0,0,1,0,0

APPTR,I06,06,HUO
FC,HUO,41.409686,-74.591594,0,IGN,0.0,0.0,88.0,18.5,2,3200,0,0,0,0,1,0
CF,CANTY,41.491400,-74.104372,0,IPOU,242.8,13.3,88.0,4.0,2,3200,0,0,0,0,1,0

APPTR,I06,06,IGN
IF,IGN,41.665450,-73.822225, ,0.0,0.0,0,0,0,0,0,0,0,0
TF,CANTY,41.491400,-74.104372,0, ,0.0,0.0,0.0,0.0,2,3300,0,0,0,0,0,0
HF,CANTY,41.491400,-74.104372,1, ,0.0,0.0,63.0,04.3,2,3200,0,0,0,0,1,0,0

FINAL,I06,06,I,3
IF,CANTY,41.491400,-74.104372,IPOU,242.8,13.3,2,3200,0,0,0,0,0,0
CF,WEXIR,41.556919,-73.997950,0,IPOU,242.8,7.1,63.0,6.2,1,2200,0,0,0,0,2,0
CF,RW06,41.621919,-73.892003,0,IPOU,242.8,0.0,63.0,6.1,1,205,0,0,0,0,3,1
DF,IGN,41.665450,-73.822225,0, ,0.0,0.0,2,3000,0,0,0,0,0,0
HM,IGN,41.665450,-73.822225,2, ,0.0,0.0,217.0,04.3,0,0,0,0,0,0,0,0,0

APPTR,R06,06,CMK
IF,CMK,41.280089,-73.581325, ,0.0,0.0,0,0,0,0,0,0,0,0
TF,CANTY,41.491400,-74.104372,0, ,0.0,0.0,0.0,0.0,2,3800,0,0,0,0,0,1
HF,CANTY,41.491400,-74.104372,1, ,0.0,0.0,63.0,04,2,3200,0,0,0,0,1,0,0

APPTR,R06,06,HUO
IF,HUO,41.409686,-74.591594, ,0.0,0.0,0,0,0,0,0,0,1,0
TF,CANTY,41.491400,-74.104372,0, ,0.0,0.0,0.0,0.0,2,3200,0,0,0,0,1,0

APPTR,R06,06,IGN
IF,IGN,41.665450,-73.822225, ,0.0,0.0,0,0,0,0,0,0,0,0
TF,CANTY,41.491400,-74.104372,0, ,0.0,0.0,0.0,0.0,2,3300,0,0,0,0,0,1
HF,CANTY,41.491400,-74.104372,1, ,0.0,0.0,63.0,04,2,3200,0,0,0,0,1,0,0

FINAL,R06,06,R,4
IF,CANTY,41.491400,-74.104372, ,0.0,0.0,2,3200,0,0,0,0,0,0
TF,WEXIR,41.556919,-73.997950,0, ,0.0,0.0,63.0,6.2,2,2200,0,0,0,0,2,0
TF,VIYUP,41.590272,-73.943631,0, ,0.0,0.0,63.0,3.2,2,1160,0,0,0,0,0,0
TF,RW06,41.621919,-73.892003,0, ,0.0,0.0,63.0,3.0,1,205,0,0,0,0,3,1
CA,0,63.0,2,503,0,0,0,0,0,0
DF,JURIL,41.648264,-73.848950,0, ,0.0,0.0,0,0,0,0,0,0,0,0
TF,IGN,41.665450,-73.822225,0, ,0.0,0.0,0.0,0.0,2,3000,0,0,0,0,0,1
HM,IGN,41.665450,-73.822225,2, ,0.0,0.0,217.0,04,0,0,0,0,0,0,0,0,0

APPTR,R24,24,CMK
IF,CMK,41.280089,-73.581325, ,0.0,0.0,0,0,0,0,0,0,0,0
TF,VECYU,41.683589,-73.614831,0, ,0.0,0.0,0.0,0.0,2,3600,0,0,0,0,1,0
TF,JUVBI,41.748319,-73.684958,0, ,0.0,0.0,0.0,0.0,2,2900,0,0,0,0,1,0

APPTR,R24,24,HUO
IF,HUO,41.409686,-74.591594, ,0.0,0.0,0,0,0,0,0,0,0,0
TF,WAGIP,41.813008,-73.755228,0, ,0.0,0.0,0.0,0.0,2,4000,0,0,0,0,1,0
TF,JUVBI,41.748319,-73.684958,0, ,0.0,0.0,0.0,0.0,2,2900,0,0,0,0,1,0

FINAL,R24,24,R,5
IF,JUVBI,41.748319,-73.684958, ,0.0,0.0,2,2900,0,0,0,0,0,0
TF,ZIDLU,41.709400,-73.748861,0, ,0.0,0.0,243.0,3.7,2,2400,0,0,0,0,0,0
TF,UKAYU,41.682783,-73.792486,0, ,0.0,0.0,243.0,2.5,2,2000,0,0,0,0,2,0
TF,JUTRU,41.656747,-73.835094,0, ,0.0,0.0,243.0,2.5,2,1100,0,0,0,0,0,0
TF,RW24,41.630397,-73.878158,0, ,0.0,0.0,243.0,2.5,1,212,0,0,0,0,3,1
CA,0,243.0,2,564,0,0,0,0,0,0
DF,CANTY,41.491400,-74.104372,0, ,0.0,0.0,2,3200,0,0,0,0,0,1
HM,CANTY,41.491400,-74.104372,1, ,0.0,0.0,63.0,04,0,0,0,0,0,0,0,0,0

APPTR,V06-A,06,PWL
IF,PWL,41.769772,-73.600553, ,0.0,0.0,0,0,0,0,0,0,0,0
TF,IGN,41.665450,-73.822225,0, ,0.0,0.0,0.0,0.0,2,3700,0,0,0,0,0,0
PI,IGN,41.665450,-73.822225,2,IGN,352.0,10.0,037,5.0,2,2800,0,0,0,0,1,0
CF,IGN,41.665450,-73.822225,0,IGN,0.0,0.0,217.0,8.0,2,1900,0,0,0,0,0,0

FINAL,V06-A,06,D,2
IF,IGN,41.665450,-73.822225,IGN,0.0,0.0,2,1900,0,0,0,0,2,0
CF,MA242,41.630417,-73.877644,0,IGN,241.9,3.3,242.0,3.3,1,840,0,0,0,0,3,0
CA,0,242.0,2,1500,0,0,0,0,0,0
DF,IGN,41.665450,-73.822225,2, ,0.0,0.0,2,3000,0,0,0,0,0,0
HM,IGN,41.665450,-73.822225,2, ,0.0,0.0,217.0,04.3,0,0,0,0,0,0,0,0,0

APPTR,V07-A,07,PWL
IF,PWL,41.769772,-73.600553, ,0.0,0.0,0,0,0,0,0,0,0,0
TF,IGN,41.665450,-73.822225,0, ,0.0,0.0,0.0,0.0,2,3700,0,0,0,0,0,0
PI,IGN,41.665450,-73.822225,2,IGN,352.0,10.0,037,5.0,2,2800,0,0,0,0,1,0
CF,IGN,41.665450,-73.822225,0,IGN,0.0,0.0,217.0,8.0,2,1900,0,0,0,0,0,0

FINAL,V07-A,07,D,2
IF,IGN,41.665450,-73.822225,IGN,0.0,0.0,2,1900,0,0,0,0,2,0
CF,MA242,41.630417,-73.877644,0,IGN,241.9,3.3,242.0,3.3,1,840,0,0,0,0,3,0
CA,0,242.0,2,1500,0,0,0,0,0,0
DF,IGN,41.665450,-73.822225,2, ,0.0,0.0,2,3000,0,0,0,0,0,0
HM,IGN,41.665450,-73.822225,2, ,0.0,0.0,217.0,04.3,0,0,0,0,0,0,0,0,0

APPTR,V15-A,15,PWL
IF,PWL,41.769772,-73.600553, ,0.0,0.0,0,0,0,0,0,0,0,0
TF,IGN,41.665450,-73.822225,0, ,0.0,0.0,0.0,0.0,2,3700,0,0,0,0,0,0
PI,IGN,41.665450,-73.822225,2,IGN,352.0,10.0,037,5.0,2,2800,0,0,0,0,1,0
CF,IGN,41.665450,-73.822225,0,IGN,0.0,0.0,217.0,8.0,2,1900,0,0,0,0,0,0

FINAL,V15-A,15,D,2
IF,IGN,41.665450,-73.822225,IGN,0.0,0.0,2,1900,0,0,0,0,2,0
CF,MA242,41.630417,-73.877644,0,IGN,241.9,3.3,242.0,3.3,1,840,0,0,0,0,3,0
CA,0,242.0,2,1500,0,0,0,0,0,0
DF,IGN,41.665450,-73.822225,2, ,0.0,0.0,2,3000,0,0,0,0,0,0
HM,IGN,41.665450,-73.822225,2, ,0.0,0.0,217.0,04.3,0,0,0,0,0,0,0,0,0

APPTR,V24-A,24,PWL
IF,PWL,41.769772,-73.600553, ,0.0,0.0,0,0,0,0,0,0,0,0
TF,IGN,41.665450,-73.822225,0, ,0.0,0.0,0.0,0.0,2,3700,0,0,0,0,0,0
PI,IGN,41.665450,-73.822225,2,IGN,352.0,10.0,037,5.0,2,2800,0,0,0,0,1,0
CF,IGN,41.665450,-73.822225,0,IGN,0.0,0.0,217.0,8.0,2,1900,0,0,0,0,0,0

FINAL,V24-A,24,D,2
IF,IGN,41.665450,-73.822225,IGN,0.0,0.0,2,1900,0,0,0,0,2,0
CF,MA242,41.630417,-73.877644,0,IGN,241.9,3.3,242.0,3.3,1,840,0,0,0,0,3,0
CA,0,242.0,2,1500,0,0,0,0,0,0
DF,IGN,41.665450,-73.822225,2, ,0.0,0.0,2,3000,0,0,0,0,0,0
HM,IGN,41.665450,-73.822225,2, ,0.0,0.0,217.0,04.3,0,0,0,0,0,0,0,0,0

APPTR,V25-A,25,PWL
IF,PWL,41.769772,-73.600553, ,0.0,0.0,0,0,0,0,0,0,0,0
TF,IGN,41.665450,-73.822225,0, ,0.0,0.0,0.0,0.0,2,3700,0,0,0,0,0,0
PI,IGN,41.665450,-73.822225,2,IGN,352.0,10.0,037,5.0,2,2800,0,0,0,0,1,0
CF,IGN,41.665450,-73.822225,0,IGN,0.0,0.0,217.0,8.0,2,1900,0,0,0,0,0,0

FINAL,V25-A,25,D,2
IF,IGN,41.665450,-73.822225,IGN,0.0,0.0,2,1900,0,0,0,0,2,0
CF,MA242,41.630417,-73.877644,0,IGN,241.9,3.3,242.0,3.3,1,840,0,0,0,0,3,0
CA,0,242.0,2,1500,0,0,0,0,0,0
DF,IGN,41.665450,-73.822225,2, ,0.0,0.0,2,3000,0,0,0,0,0,0
HM,IGN,41.665450,-73.822225,2, ,0.0,0.0,217.0,04.3,0,0,0,0,0,0,0,0,0

APPTR,V33-A,33,PWL
IF,PWL,41.769772,-73.600553, ,0.0,0.0,0,0,0,0,0,0,0,0
TF,IGN,41.665450,-73.822225,0, ,0.0,0.0,0.0,0.0,2,3700,0,0,0,0,0,0
PI,IGN,41.665450,-73.822225,2,IGN,352.0,10.0,037,5.0,2,2800,0,0,0,0,1,0
CF,IGN,41.665450,-73.822225,0,IGN,0.0,0.0,217.0,8.0,2,1900,0,0,0,0,0,0

FINAL,V33-A,33,D,2
IF,IGN,41.665450,-73.822225,IGN,0.0,0.0,2,1900,0,0,0,0,2,0
CF,MA242,41.630417,-73.877644,0,IGN,241.9,3.3,242.0,3.3,1,840,0,0,0,0,3,0
CA,0,242.0,2,1500,0,0,0,0,0,0
DF,IGN,41.665450,-73.822225,2, ,0.0,0.0,2,3000,0,0,0,0,0,0
HM,IGN,41.665450,-73.822225,2, ,0.0,0.0,217.0,04.3,0,0,0,0,0,0,0,0,0

