APPTR,N24,24,ART
IF,ART,43.952131,-76.064628, ,0.0,0.0,0,0,0,0,0,0,0,0
TF,HUXAX,44.656356,-75.318681,0, ,0.0,0.0,0.0,0.0,2,4000,0,0,0,0,0,0
TF,PTD,44.723389,-74.882694,0, ,0.0,0.0,0.0,0.0,2,3000,0,0,0,0,0,0
PI,PTD,44.723389,-74.882694,2,MSS,14.0,10.0,059,5.0,2,2400,0,0,0,0,1,0
CF,PTD,44.723389,-74.882694,0,MSS,224.9,13.4,239.0,8.0,2,1700,0,0,0,0,0,0

APPTR,N24,24,MSS
IF,MSS,44.914422,-74.722717, ,0.0,0.0,0,0,0,0,0,0,1,0
TF,PTD,44.723389,-74.882694,0, ,0.0,0.0,0.0,0.0,2,1700,0,0,0,0,0,0

FINAL,N24,24,N,2
IF,PTD,44.723389,-74.882694,PTD,0.0,0.0,2,1700,0,0,0,0,2,0
CF,RW24,44.680314,-74.943481,0,PTD,0.0,0.0,239.0,3.7,1,513,0,0,0,0,3,0
CA,0,239.0,2,880,0,0,0,0,0,0
DF,PTD,44.723389,-74.882694,1, ,0.0,0.0,2,2400,0,0,0,0,0,0
HM,PTD,44.723389,-74.882694,2, ,0.0,0.0,239.0,04.3,0,0,0,0,0,0,0,0,0

APPTR,R24,24,SLK
IF,SLK,44.384558,-74.204503, ,0.0,0.0,0,0,0,0,0,0,0,0
TF,KEKVE,44.644814,-74.568142,0, ,0.0,0.0,0.0,0.0,2,4400,0,0,0,0,0,0
TF,ISICA,44.737992,-74.701828,0, ,0.0,0.0,0.0,0.0,2,3400,0,0,0,0,1,0
TF,WURIP,44.796147,-74.785600,0, ,0.0,0.0,0.0,0.0,2,2400,0,0,0,0,1,0

FINAL,R24,24,R,3
IF,WURIP,44.796147,-74.785600, ,0.0,0.0,2,2400,0,0,0,0,0,0
TF,RODYO,44.724392,-74.883508,0, ,0.0,0.0,238.0,6.0,2,1700,0,0,0,0,2,0
TF,RW24,44.680314,-74.943481,0, ,0.0,0.0,238.0,3.7,1,513,0,0,0,0,3,1
CA,0,238.0,2,880,0,0,0,0,0,0
DF,WURIP,44.796147,-74.785600,1, ,0.0,0.0,2,2400,0,0,0,0,0,1
HM,WURIP,44.796147,-74.785600,2, ,0.0,0.0,238.0,04,0,0,0,0,0,0,0,0,0

