APPTR,R06-Y,06,EVISE
IF,EVISE,46.817575,-117.512542, ,0.0,0.0,2,5300,0,0,0,0,1,0
TF,OFXEF,46.673492,-117.390872,0, ,0.0,0.0,0.0,0.0,2,5100,0,0,0,0,1,0

APPTR,R06-Y,06,OFXEF
HF,OFXEF,46.673492,-117.390872,2, ,0.0,0.0,55.0,05,2,5100,0,0,0,0,1,0,0

APPTR,R06-Y,06,PUPIE
IF,PUPIE,46.509458,-117.348597, ,0.0,0.0,2,5900,0,0,0,0,1,0
TF,OFXEF,46.673492,-117.390872,0, ,0.0,0.0,0.0,0.0,2,5100,0,0,0,0,1,0

FINAL,R06-Y,06,R,4
IF,OFXEF,46.673492,-117.390872, ,0.0,0.0,2,5100,0,0,0,0,0,0
TF,IDUHE,46.710589,-117.243019,0, ,0.0,0.0,55.0,6.5,2,4300,0,0,0,0,2,0
TF,JARUV,46.725103,-117.184906,0, ,0.0,0.0,55.0,2.6,2,3480,0,0,0,0,0,0
TF,RW06,46.740989,-117.121117,0, ,0.0,0.0,55.0,2.8,1,2593,0,0,0,0,3,1
CA,0,55.0,2,3300,0,0,0,0,0,0
DF,EVISE,46.817575,-117.512542,1, ,0.0,0.0,2,5400,0,0,0,0,0,1
HM,EVISE,46.817575,-117.512542,2, ,0.0,0.0,135.0,05,0,0,0,0,0,0,0,0,0

APPTR,R06-Z,06,BIDDY
IF,BIDDY,46.571436,-117.413736, ,0.0,0.0,0,0,0,0,0,0,1,0
TF,ZOBRO,46.627522,-117.273458,0, ,0.0,0.0,0.0,0.0,2,4300,0,0,0,0,1,0
TF,ZOWFE,46.699633,-117.212892,0, ,0.0,0.0,0.0,0.0,2,4100,0,0,0,0,0,0

APPTR,R06-Z,06,CISOV
IF,CISOV,46.842333,-117.298517, ,0.0,0.0,0,0,0,0,0,0,1,0
TF,ZISAK,46.729661,-117.327492,0, ,0.0,0.0,0.0,0.0,2,4200,0,1,180,0,1,0
RF,NULVE,46.678911,-117.261675,1,CFBGG,42.5,2.6,2,4200,0,0,0,0,0,0
RF,ZOWFE,46.699633,-117.212892,1,CFBGH,39.9,2.5,2,4100,0,0,0,0,0,0

APPTR,R06-Z,06,PENAE
IF,PENAE,46.932594,-116.712811, ,0.0,0.0,0,0,0,0,0,0,1,0
TF,IVAZU,46.799211,-116.771506,0, ,0.0,0.0,0.0,0.0,2,5500,0,0,0,0,0,0
TF,CILIL,46.643456,-117.124611,0, ,0.0,0.0,0.0,0.0,2,5500,0,1,180,0,1,0
RF,CEVUK,46.650753,-117.205294,2,CFBGJ,338.2,2.6,2,4700,0,1,180,0,0,0
RF,ZOWFE,46.699633,-117.212892,2,CFBGK,131.4,2.5,2,4100,0,0,0,0,0,0

APPTR,R06-Z,06,WHELE
IF,WHELE,46.547978,-117.070117, ,0.0,0.0,0,0,0,0,0,0,1,0
TF,FEMQI,46.626081,-117.172781,0, ,0.0,0.0,0.0,0.0,2,4700,0,0,0,0,1,0
TF,CEVUK,46.650753,-117.205294,0, ,0.0,0.0,0.0,0.0,2,4700,0,1,180,0,0,0
RF,ZOWFE,46.699633,-117.212892,2,CFBGK,344.3,2.5,2,4100,0,0,0,0,0,0

FINAL,R06-Z,06,R,4
IF,ZOWFE,46.699633,-117.212892, ,0.0,0.0,2,4100,0,0,0,0,2,0
TF,UMWIQ,46.712019,-117.202469,0, ,0.0,0.0,15.0,0.9,0,0,0,0,0,0,0,0
RF,WAXEG,46.727375,-117.175794,2,CFBGF,54.3,2.1,0,0,0,0,0,0,0,0
TF,RW06,46.740989,-117.121117,0, ,0.0,0.0,55.0,2.4,1,2593,0,0,0,0,3,1
CA,0,55.0,2,3500,0,0,0,0,0,0
DF,CISOV,46.842333,-117.298517,1, ,0.0,0.0,2,6000,0,1,185,0,0,1
HM,CISOV,46.842333,-117.298517,2, ,0.0,0.0,148.0,05,0,0,0,0,0,0,0,0,0

APPTR,R24,24,CEPER
IF,CEPER,46.469825,-116.429889, ,0.0,0.0,0,0,0,0,0,0,0,0
TF,CESIN,46.542864,-116.834550,0, ,0.0,0.0,0.0,0.0,2,6000,0,0,0,0,1,0
TF,WAXIT,46.700592,-116.776789,0, ,0.0,0.0,0.0,0.0,2,5000,0,0,0,0,1,0

APPTR,R24,24,JETTS
IF,JETTS,46.970494,-116.637022, ,0.0,0.0,0,0,0,0,0,0,0,0
TF,JAKLU,46.850281,-116.670339,0, ,0.0,0.0,0.0,0.0,2,6600,0,0,0,0,1,0
TF,WAXIT,46.700592,-116.776789,0, ,0.0,0.0,0.0,0.0,2,5000,0,0,0,0,1,0

APPTR,R24,24,MQG
IF,MQG,46.381558,-116.869511, ,0.0,0.0,0,0,0,0,0,0,0,0
TF,CESIN,46.542864,-116.834550,0, ,0.0,0.0,0.0,0.0,2,6000,0,0,0,0,1,0
TF,WAXIT,46.700592,-116.776789,0, ,0.0,0.0,0.0,0.0,2,5000,0,0,0,0,1,0

APPTR,R24,24,PUW
IF,PUW,46.674239,-117.223503, ,0.0,0.0,0,0,0,0,0,0,0,0
TF,WAXIT,46.700592,-116.776789,0, ,0.0,0.0,0.0,0.0,2,6000,0,0,0,0,0,1
HF,WAXIT,46.700592,-116.776789,1, ,0.0,0.0,280.0,05,2,5000,0,0,0,0,1,0,0

FINAL,R24,24,R,4
IF,WAXIT,46.700592,-116.776789, ,0.0,0.0,2,5000,0,0,0,0,0,0
TF,WOMUN,46.756947,-116.952433,0, ,0.0,0.0,280.0,8.0,2,4700,0,0,0,0,2,0
TF,JORER,46.751894,-117.039889,0, ,0.0,0.0,250.0,3.6,2,3460,0,0,0,0,0,0
TF,WIMAP,46.749050,-117.088697,0, ,0.0,0.0,250.0,2.0,1,3020,0,0,0,0,3,1
CA,0,250.0,2,3020,0,0,0,0,0,0
DF,OFXEF,46.673492,-117.390872,0, ,0.0,0.0,2,5400,0,0,0,0,0,1
HM,OFXEF,46.673492,-117.390872,2, ,0.0,0.0,55.0,05,0,0,0,0,0,0,0,0,0

APPTR,S06,06,BIDDY
IF,BIDDY,46.571436,-117.413736, ,0.0,0.0,0,0,0,0,0,0,1,0
TF,PUW,46.674239,-117.223503,0, ,0.0,0.0,0.0,0.0,2,4400,0,0,0,0,0,0

APPTR,S06,06,MQG
IF,MQG,46.381558,-116.869511, ,0.0,0.0,0,0,0,0,0,0,1,0
TF,BIDDY,46.571436,-117.413736,0, ,0.0,0.0,0.0,0.0,2,4500,0,0,0,0,0,0
TF,PUW,46.674239,-117.223503,0, ,0.0,0.0,0.0,0.0,2,4400,0,0,0,0,0,0

APPTR,S06,06,PUW
PI,PUW,46.674239,-117.223503,1,PUW,257.0,10.0,212,5.0,2,4600,0,0,0,0,1,0
CF,PUW,46.674239,-117.223503,0,PUW,0.0,0.0,32.0,8.0,2,4400,0,0,0,0,0,0

FINAL,S06,06,D,3
IF,PUW,46.674239,-117.223503,PUW,0.0,0.0,2,4400,0,0,0,0,2,0
CF,SODME,46.716689,-117.158461,0,PUW,26.5,3.7,27.0,3.7,2,3220,0,0,0,0,0,0
CF,RW06,46.740989,-117.121117,0,PUW,26.5,5.8,27.0,2.1,1,2593,0,0,0,0,3,0
CA,0,27.0,2,2960,0,0,0,0,0,0
DF,PUW,46.674239,-117.223503,1, ,0.0,0.0,2,6000,0,0,0,0,0,0
HM,PUW,46.674239,-117.223503,1, ,0.0,0.0,32.0,04.3,0,0,0,0,0,0,0,0,0

