APPTR,N04-A,04,MMB
IF,MMB,36.343733,-99.880122, ,0.0,0.0,0,0,0,0,0,0,0,0
TF,PYX,36.412344,-100.747744,0, ,0.0,0.0,0.0,0.0,2,5000,0,0,0,0,0,0
PI,PYX,36.412344,-100.747744,1,LBL,135.0,10.0,090,5.0,2,4900,0,0,0,0,1,0
CF,FF270,36.400064,-100.625097,0,MMB,265.6,36.3,270.0,4.0,2,4900,0,0,0,0,0,0

FINAL,N04-A,04,N,2
IF,FF270,36.400064,-100.625097,PYX,0.0,0.0,2,4900,0,0,0,0,2,0
CF,PYX,36.412344,-100.747744,0,PYX,0.0,0.0,270.0,6.0,1,3580,0,0,0,0,3,0
CA,0,270.0,2,4000,0,0,0,0,0,0
DF,PYX,36.412344,-100.747744,2, ,0.0,0.0,2,5000,0,0,0,0,0,0
HM,PYX,36.412344,-100.747744,1, ,0.0,0.0,270.0,04.3,0,0,0,0,0,0,0,0,0

APPTR,N17-A,17,MMB
IF,MMB,36.343733,-99.880122, ,0.0,0.0,0,0,0,0,0,0,0,0
TF,PYX,36.412344,-100.747744,0, ,0.0,0.0,0.0,0.0,2,5000,0,0,0,0,0,0
PI,PYX,36.412344,-100.747744,1,LBL,135.0,10.0,090,5.0,2,4900,0,0,0,0,1,0
CF,FF270,36.400064,-100.625097,0,MMB,265.6,36.3,270.0,4.0,2,4900,0,0,0,0,0,0

FINAL,N17-A,17,N,2
IF,FF270,36.400064,-100.625097,PYX,0.0,0.0,2,4900,0,0,0,0,2,0
CF,PYX,36.412344,-100.747744,0,PYX,0.0,0.0,270.0,6.0,1,3580,0,0,0,0,3,0
CA,0,270.0,2,4000,0,0,0,0,0,0
DF,PYX,36.412344,-100.747744,2, ,0.0,0.0,2,5000,0,0,0,0,0,0
HM,PYX,36.412344,-100.747744,1, ,0.0,0.0,270.0,04.3,0,0,0,0,0,0,0,0,0

APPTR,N22-A,22,MMB
IF,MMB,36.343733,-99.880122, ,0.0,0.0,0,0,0,0,0,0,0,0
TF,PYX,36.412344,-100.747744,0, ,0.0,0.0,0.0,0.0,2,5000,0,0,0,0,0,0
PI,PYX,36.412344,-100.747744,1,LBL,135.0,10.0,090,5.0,2,4900,0,0,0,0,1,0
CF,FF270,36.400064,-100.625097,0,MMB,265.6,36.3,270.0,4.0,2,4900,0,0,0,0,0,0

FINAL,N22-A,22,N,2
IF,FF270,36.400064,-100.625097,PYX,0.0,0.0,2,4900,0,0,0,0,2,0
CF,PYX,36.412344,-100.747744,0,PYX,0.0,0.0,270.0,6.0,1,3580,0,0,0,0,3,0
CA,0,270.0,2,4000,0,0,0,0,0,0
DF,PYX,36.412344,-100.747744,2, ,0.0,0.0,2,5000,0,0,0,0,0,0
HM,PYX,36.412344,-100.747744,1, ,0.0,0.0,270.0,04.3,0,0,0,0,0,0,0,0,0

APPTR,N35-A,35,MMB
IF,MMB,36.343733,-99.880122, ,0.0,0.0,0,0,0,0,0,0,0,0
TF,PYX,36.412344,-100.747744,0, ,0.0,0.0,0.0,0.0,2,5000,0,0,0,0,0,0
PI,PYX,36.412344,-100.747744,1,LBL,135.0,10.0,090,5.0,2,4900,0,0,0,0,1,0
CF,FF270,36.400064,-100.625097,0,MMB,265.6,36.3,270.0,4.0,2,4900,0,0,0,0,0,0

FINAL,N35-A,35,N,2
IF,FF270,36.400064,-100.625097,PYX,0.0,0.0,2,4900,0,0,0,0,2,0
CF,PYX,36.412344,-100.747744,0,PYX,0.0,0.0,270.0,6.0,1,3580,0,0,0,0,3,0
CA,0,270.0,2,4000,0,0,0,0,0,0
DF,PYX,36.412344,-100.747744,2, ,0.0,0.0,2,5000,0,0,0,0,0,0
HM,PYX,36.412344,-100.747744,1, ,0.0,0.0,270.0,04.3,0,0,0,0,0,0,0,0,0

APPTR,R17,17,LBL
IF,LBL,37.044394,-100.971197, ,0.0,0.0,0,0,0,0,0,0,0,0
TF,UHKET,36.691300,-100.833017,0, ,0.0,0.0,0.0,0.0,2,6000,0,0,0,0,1,0
TF,EHKIF,36.612203,-100.750225,0, ,0.0,0.0,0.0,0.0,2,5000,0,0,0,0,1,0

APPTR,R17,17,ZALIK
IF,ZALIK,36.731556,-100.479603, ,0.0,0.0,0,0,0,0,0,0,0,0
TF,ITESE,36.691578,-100.667844,0, ,0.0,0.0,0.0,0.0,2,6600,0,0,0,0,1,0
TF,EHKIF,36.612203,-100.750225,0, ,0.0,0.0,0.0,0.0,2,5000,0,0,0,0,1,0

FINAL,R17,17,R,4
IF,EHKIF,36.612203,-100.750225, ,0.0,0.0,2,5000,0,0,0,0,0,0
TF,CUVIB,36.503722,-100.749944,0, ,0.0,0.0,173.0,6.5,2,4500,0,0,0,0,2,0
TF,LUMUQ,36.457792,-100.749825,0, ,0.0,0.0,173.0,2.8,2,3620,0,0,0,0,0,0
TF,RW17,36.422744,-100.749733,0, ,0.0,0.0,173.0,2.1,1,2955,0,0,0,0,3,1
CA,0,173.0,2,3400,0,0,0,0,0,0
DF,ZALIK,36.731556,-100.479603,1, ,0.0,0.0,2,6000,0,0,0,0,0,1
HM,ZALIK,36.731556,-100.479603,2, ,0.0,0.0,297.0,05,0,0,0,0,0,0,0,0,0

APPTR,R35,35,MMB
IF,MMB,36.343733,-99.880122, ,0.0,0.0,0,0,0,0,0,0,0,0
TF,YUCUG,36.145644,-100.668489,0, ,0.0,0.0,0.0,0.0,2,6000,0,0,0,0,1,0
TF,IGZEG,36.223664,-100.749178,0, ,0.0,0.0,0.0,0.0,2,5000,0,0,0,0,1,0

APPTR,R35,35,REPPA
IF,REPPA,36.204061,-101.433606, ,0.0,0.0,0,0,0,0,0,0,0,0
TF,ZIRHI,36.145644,-100.829867,0, ,0.0,0.0,0.0,0.0,2,6000,0,0,0,0,1,0
TF,IGZEG,36.223664,-100.749178,0, ,0.0,0.0,0.0,0.0,2,5000,0,0,0,0,1,0

FINAL,R35,35,R,4
IF,IGZEG,36.223664,-100.749178, ,0.0,0.0,2,5000,0,0,0,0,0,0
TF,EJUPU,36.326097,-100.749483,0, ,0.0,0.0,353.0,6.1,2,4500,0,0,0,0,2,0
TF,GIWHI,36.372039,-100.749594,0, ,0.0,0.0,353.0,2.8,2,3620,0,0,0,0,0,0
TF,RW35,36.407086,-100.749692,0, ,0.0,0.0,353.0,2.1,1,2955,0,0,0,0,3,1
CA,0,353.0,2,3165,0,0,0,0,0,0
DF,LUMUQ,36.457792,-100.749825,0, ,0.0,0.0,0,0,0,0,0,0,0,0
TF,ZALIK,36.731556,-100.479603,0, ,0.0,0.0,0.0,0.0,2,6000,0,0,0,0,0,1
HM,ZALIK,36.731556,-100.479603,2, ,0.0,0.0,297.0,05,0,0,0,0,0,0,0,0,0

