FINAL,R12,12,R,3
IF,HOSRU,27.916989,-97.255811, ,0.0,0.0,2,3000,0,0,0,0,0,0
TF,JAPVO,27.858342,-97.162572,0, ,0.0,0.0,120.0,6.1,2,1500,0,0,0,0,2,0
TF,RW12,27.814592,-97.093150,0, ,0.0,0.0,120.0,4.5,1,39,0,0,0,0,3,1
CA,0,120.0,2,276,0,0,0,0,0,0
DF,ISOYE,27.765264,-97.015000,0, ,0.0,0.0,2,2000,0,0,0,0,0,1
HM,ISOYE,27.765264,-97.015000,2, ,0.0,0.0,300.0,05,0,0,0,0,0,0,0,0,0

FINAL,R30,30,R,3
IF,LIYIL,27.706461,-96.922017, ,0.0,0.0,2,3000,0,0,0,0,0,0
TF,ISOYE,27.765264,-97.015000,0, ,0.0,0.0,300.0,6.1,2,1500,0,0,0,0,2,0
TF,RW30,27.809050,-97.084364,0, ,0.0,0.0,300.0,4.5,1,40,0,0,0,0,3,1
CA,0,300.0,2,362,0,0,0,0,0,0
DF,HOSRU,27.916989,-97.255811,0, ,0.0,0.0,2,2000,0,0,0,0,0,1
HM,HOSRU,27.916989,-97.255811,2, ,0.0,0.0,120.0,05,0,0,0,0,0,0,0,0,0

