SID,RCA3,13,1
VD, ,0,0,0,RCA,0.0,0.0,130.0,2.8,0,0,0,0,0,0,0,0
VI,1, ,0.0,283.0,0,0,0,0,0,0,0,0
CF,GANDI,44.526828,-103.541586,0,RCA,313.0,30.0,313.0,26.0,2,10000,0,0,0,0,0,0
TF,PRIDE,44.578397,-103.600672,0, ,0.0,0.0,0.0,0.0,0,0,0,0,0,0,0,0

SID,RCA3,31,1
VI,0, ,0.0,310.0,0,0,0,0,0,0,0,0
CF,GANDI,44.526828,-103.541586,0,RCA,313.0,30.0,313.0,26.0,2,10000,0,0,0,0,0,0
TF,PRIDE,44.578397,-103.600672,0, ,0.0,0.0,0.0,0.0,0,0,0,0,0,0,0,0

APPTR,I13-Y,13,RUUSH
IF,RUUSH,44.296111,-102.831217, ,0.0,0.0,2,6000,0,0,0,0,1,0
AF,D319O,44.348611,-103.291489,1,RCA,319.0,15.0,43.0,2,6000,0,0,0,0,0,0
VI,0,IELR,0.0,160.0,0,0,0,0,0,0,0,0

FINAL,I13-Y,13,I,3
IF,HATNI,44.326797,-103.331419,IELR,310.1,16.1,2,6000,0,0,0,0,0,0
CF,BEFNO,44.230497,-103.210422,0,IELR,310.1,8.3,130.0,7.8,1,5200,0,0,0,0,2,0
CF,RW13,44.158864,-103.120744,0,IELR,310.1,2.5,130.0,5.8,1,3326,0,0,0,0,3,0
CF,CAVET,44.101925,-103.055306,0,RCA,130.0,3.0,130.0,4.4,0,0,0,0,0,0,0,1
VI,1, ,0.0,13.0,0,0,0,0,0,0,0,0
CF,RUUSH,44.296111,-102.831217,0,RCA,43.0,15.0,43.0,4.0,1,6000,0,0,0,0,0,0
HM,RUUSH,44.296111,-102.831217,2, ,0.0,0.0,223.0,10,0,0,0,1,310,0,0,0,0

APPTR,I13-Z,13,STURG
FC,STURG,44.638594,-103.717483,0,RCA,0.0,0.0,131.0,21.0,2,19000,0,0,0,0,1,0
CF,HATNI,44.326797,-103.331419,0,IELR,310.1,16.1,131.0,4.0,2,6000,0,0,0,0,1,0

FINAL,I13-Z,13,I,3
IF,HATNI,44.326797,-103.331419,IELR,310.1,16.1,2,6000,0,0,0,0,0,0
CF,BEFNO,44.230497,-103.210422,0,IELR,310.1,8.3,130.0,7.8,1,5200,0,0,0,0,2,0
CF,RW13,44.158864,-103.120744,0,IELR,310.1,2.5,130.0,5.8,1,3326,0,0,0,0,3,0
CF,CAVET,44.101925,-103.055306,0,RCA,130.0,3.0,130.0,4.4,0,0,0,0,0,0,0,0
VI,1, ,0.0,13.0,0,0,0,0,0,0,0,0
CF,RUUSH,44.296111,-102.831217,0,RCA,43.0,15.0,43.0,4.0,1,6000,0,0,0,0,0,0
HM,RUUSH,44.296111,-102.831217,2, ,0.0,0.0,223.0,10,0,0,0,1,310,0,0,0,0

APPTR,I31-Y,31,RUUSH
IF,RUUSH,44.296111,-102.831217, ,0.0,0.0,2,6000,0,0,0,0,1,0
AF,D121O,43.981433,-102.832644,2,RCA,121.0,15.0,43.0,2,6000,0,0,0,0,0,0
VI,0,IRCA,0.0,280.0,0,0,0,0,0,0,0,0

FINAL,I31-Y,31,I,3
IF,MEXIE,43.954803,-102.867497,IRCA,130.1,16.8,2,6000,0,0,0,0,0,0
CF,CURPI,44.063519,-103.002114,0,IRCA,130.1,8.0,310.0,8.8,1,5000,0,0,0,0,2,0
CF,RW31,44.131325,-103.086392,0,IRCA,130.1,2.6,310.0,5.5,1,3233,0,0,0,0,3,0
CF,APOGE,44.176244,-103.148225,0,RCA,310.0,3.0,310.0,3.8,0,0,0,0,0,0,0,1
VI,2, ,0.0,73.0,0,0,0,0,0,0,0,0
CF,RUUSH,44.296111,-102.831217,0,RCA,43.0,15.0,43.0,4.0,1,6000,0,0,0,0,0,0
HM,RUUSH,44.296111,-102.831217,2, ,0.0,0.0,223.0,10,0,0,0,1,310,0,0,0,0

APPTR,I31-Z,31,SCOLD
FC,SCOLD,43.705639,-102.561539,0,RCA,0.0,0.0,310.0,16.0,2,18000,0,0,0,0,1,0
CF,MEXIE,43.954803,-102.867497,0,IRCA,130.1,16.8,310.0,4.0,2,6000,0,0,0,0,1,0

FINAL,I31-Z,31,I,3
IF,MEXIE,43.954803,-102.867497,IRCA,130.1,16.8,2,6000,0,0,0,0,0,0
CF,CURPI,44.063519,-103.002114,0,IRCA,130.1,8.0,310.0,8.8,1,5000,0,0,0,0,2,0
CF,RW31,44.131325,-103.086392,0,IRCA,130.1,2.6,310.0,5.5,1,3233,0,0,0,0,3,0
CF,APOGE,44.176244,-103.148225,0,RCA,310.0,3.0,310.0,3.8,0,0,0,0,0,0,0,0
VI,2, ,0.0,73.0,0,0,0,0,0,0,0,0
CF,RUUSH,44.296111,-102.831217,0,RCA,43.0,15.0,43.0,4.0,1,6000,0,0,0,0,0,0
HM,RUUSH,44.296111,-102.831217,2, ,0.0,0.0,223.0,10,0,0,0,1,310,0,0,0,0

APPTR,T13-Y,13,RUUSH
IF,RUUSH,44.296111,-102.831217, ,0.0,0.0,2,6000,0,0,0,0,1,0
AF,GOHAR,44.341172,-103.306497,1,RCA,316.0,15.0,43.0,2,6000,0,0,0,0,1,0

FINAL,T13-Y,13,D,3
IF,GOHAR,44.341172,-103.306497,RCA,316.0,15.0,2,6000,0,0,0,0,0,0
CF,KUDGE,44.236139,-103.199847,0,RCA,316.0,7.2,136.0,7.8,2,5200,0,0,0,0,2,0
CF,TUTGE,44.164711,-103.127594,0,RCA,316.0,1.9,136.0,5.3,1,3487,0,0,0,0,3,0
CF,CAVET,44.101925,-103.055306,0,RCA,130.0,3.0,130.0,4.9,0,0,0,0,0,0,0,1
VI,1, ,0.0,13.0,0,0,0,0,0,0,0,0
CF,RUUSH,44.296111,-102.831217,0,RCA,43.0,15.0,43.0,4.0,1,6000,0,0,0,0,0,0
HM,RUUSH,44.296111,-102.831217,2, ,0.0,0.0,223.0,10,3,16000,0,1,310,0,0,0,0

APPTR,T13-Z,13,STURG
FC,STURG,44.638594,-103.717483,0,RCA,0.0,0.0,91.0,6.0,2,19000,0,0,0,0,1,0
CF,GOHAR,44.341172,-103.306497,0,RCA,316.0,15.0,136.0,21.0,2,6000,0,0,0,0,1,0

FINAL,T13-Z,13,D,3
IF,GOHAR,44.341172,-103.306497,RCA,316.0,15.0,2,6000,0,0,0,0,0,0
CF,KUDGE,44.236139,-103.199847,0,RCA,316.0,7.2,136.0,7.8,2,5200,0,0,0,0,2,0
CF,TUTGE,44.164711,-103.127594,0,RCA,316.0,1.9,136.0,5.3,1,3487,0,0,0,0,3,0
CF,CAVET,44.101925,-103.055306,0,RCA,130.0,3.0,130.0,4.9,0,0,0,0,0,0,0,0
VI,1, ,0.0,13.0,0,0,0,0,0,0,0,0
CF,RUUSH,44.296111,-102.831217,0,RCA,43.0,15.0,43.0,4.0,1,6000,0,0,0,0,0,0
HM,RUUSH,44.296111,-102.831217,2, ,0.0,0.0,223.0,10,3,16000,0,1,310,0,0,0,0

APPTR,T31-Y,31,RUUSH
IF,RUUSH,44.296111,-102.831217, ,0.0,0.0,2,6000,0,0,0,0,1,0
AF,BEEFS,43.978081,-102.836508,2,RCA,122.0,15.0,43.0,2,6000,0,0,0,0,1,0

FINAL,T31-Y,31,D,3
IF,BEEFS,43.978081,-102.836508,RCA,122.0,15.0,2,6000,0,0,0,0,0,0
CF,JAPGU,44.072617,-102.991933,0,RCA,122.0,6.2,302.0,8.8,2,5000,0,0,0,0,2,0
CF,IYODO,44.125164,-103.078692,0,RCA,122.0,1.3,302.0,4.9,1,3412,0,0,0,0,3,0
CF,APOGE,44.176244,-103.148225,0,RCA,310.0,3.0,310.0,4.3,0,0,0,0,0,0,0,1
VI,2, ,0.0,73.0,0,0,0,0,0,0,0,0
CF,RUUSH,44.296111,-102.831217,0,RCA,43.0,15.0,43.0,4.0,1,6000,0,0,0,0,0,0
HM,RUUSH,44.296111,-102.831217,2, ,0.0,0.0,223.0,10,3,16000,0,1,310,0,0,0,0

APPTR,T31-Z,31,SCOLD
FC,SCOLD,43.705639,-102.561539,0,RCA,0.0,0.0,347.0,7.0,2,18000,0,0,0,0,1,0
CF,BEEFS,43.978081,-102.836508,0,RCA,122.0,15.0,302.0,15.0,2,6000,0,0,0,0,1,0

FINAL,T31-Z,31,D,3
IF,BEEFS,43.978081,-102.836508,RCA,122.0,15.0,2,6000,0,0,0,0,0,0
CF,JAPGU,44.072617,-102.991933,0,RCA,122.0,6.2,302.0,8.8,2,5000,0,0,0,0,2,0
CF,IYODO,44.125164,-103.078692,0,RCA,122.0,1.3,302.0,4.9,1,3412,0,0,0,0,3,0
CF,APOGE,44.176244,-103.148225,0,RCA,310.0,3.0,310.0,4.3,0,0,0,0,0,0,0,0
VI,2, ,0.0,73.0,0,0,0,0,0,0,0,0
CF,RUUSH,44.296111,-102.831217,0,RCA,43.0,15.0,43.0,4.0,1,6000,0,0,0,0,0,0
HM,RUUSH,44.296111,-102.831217,2, ,0.0,0.0,223.0,10,3,16000,0,1,310,0,0,0,0

