APPTR,P08-A,08,HDF
IF,HDF,33.776328,-117.185322, ,0.0,0.0,0,0,0,0,0,0,1,0
TF,WEEDD,33.902611,-117.146378,0, ,0.0,0.0,0.0,0.0,2,6000,0,0,0,0,0,0

APPTR,P08-A,08,PDZ
IF,PDZ,33.918336,-117.529997, ,0.0,0.0,0,0,0,0,0,0,0,0
TF,WEEDD,33.902611,-117.146378,0, ,0.0,0.0,0.0,0.0,2,6000,0,0,0,0,0,0
HF,WEEDD,33.902611,-117.146378,2, ,0.0,0.0,346.0,04.3,2,6000,0,0,0,0,1,0,0

FINAL,P08-A,08,G,3
IF,WEEDD,33.902611,-117.146378, ,0.0,0.0,2,6000,0,0,0,0,0,0
TF,ERGOH,34.001781,-117.146378,0, ,0.0,0.0,0.0,5.9,2,4500,0,0,0,0,2,0
TF,LUHLU,34.085261,-117.146378,0, ,0.0,0.0,0.0,5.0,1,2640,0,0,0,0,3,0
CA,0,346.0,2,2640,0,0,0,0,0,0
DF,WEEDD,33.902611,-117.146378,1, ,0.0,0.0,2,6000,0,0,0,0,0,0
HM,WEEDD,33.902611,-117.146378,2, ,0.0,0.0,346.0,04.3,0,0,0,0,0,0,0,0,0

APPTR,P26-A,26,HDF
IF,HDF,33.776328,-117.185322, ,0.0,0.0,0,0,0,0,0,0,1,0
TF,WEEDD,33.902611,-117.146378,0, ,0.0,0.0,0.0,0.0,2,6000,0,0,0,0,0,0

APPTR,P26-A,26,PDZ
IF,PDZ,33.918336,-117.529997, ,0.0,0.0,0,0,0,0,0,0,0,0
TF,WEEDD,33.902611,-117.146378,0, ,0.0,0.0,0.0,0.0,2,6000,0,0,0,0,0,0
HF,WEEDD,33.902611,-117.146378,2, ,0.0,0.0,346.0,04.3,2,6000,0,0,0,0,1,0,0

FINAL,P26-A,26,G,3
IF,WEEDD,33.902611,-117.146378, ,0.0,0.0,2,6000,0,0,0,0,0,0
TF,ERGOH,34.001781,-117.146378,0, ,0.0,0.0,0.0,5.9,2,4500,0,0,0,0,2,0
TF,LUHLU,34.085261,-117.146378,0, ,0.0,0.0,0.0,5.0,1,2640,0,0,0,0,3,0
CA,0,346.0,2,2640,0,0,0,0,0,0
DF,WEEDD,33.902611,-117.146378,1, ,0.0,0.0,2,6000,0,0,0,0,0,0
HM,WEEDD,33.902611,-117.146378,2, ,0.0,0.0,346.0,04.3,0,0,0,0,0,0,0,0,0

