APPTR,D01-A,01,OZODU
IF,OZODU,46.142661,-119.586536, ,0.0,0.0,0,0,0,0,0,0,1,0
AF,HOVOK,46.361789,-119.604669,2,PSC,270.3,21.0,234.0,2,5100,0,0,0,0,0,0
TF,FINIV,46.353161,-119.558183,0, ,0.0,0.0,0.0,0.0,2,4800,0,0,0,0,0,0

APPTR,D01-A,01,OZONI
IF,OZONI,46.616522,-119.189892, ,0.0,0.0,0,0,0,0,0,0,1,0
AF,HOVOK,46.361789,-119.604669,1,PSC,270.3,21.0,337.0,2,5100,0,0,0,0,0,0
TF,FINIV,46.353161,-119.558183,0, ,0.0,0.0,0.0,0.0,2,4800,0,0,0,0,0,0

FINAL,D01-A,01,D,4
IF,FINIV,46.353161,-119.558183,PSC,270.3,19.0,2,4800,0,0,0,0,0,0
CF,CHAZZ,46.333075,-119.450392,0,PSC,270.3,14.4,90.0,4.6,2,3500,0,0,0,0,2,0
CF,STAID,46.321533,-119.388742,0,PSC,270.3,11.7,90.0,2.7,2,1540,0,0,0,0,0,0
CF,MACUF,46.306567,-119.311392,0,PSC,270.2,8.4,90.0,3.3,1,1200,0,0,0,0,3,1
DF,PSC,46.270267,-119.117297,0, ,0.0,0.0,2,3000,0,0,0,0,0,0
HM,PSC,46.270267,-119.117297,2, ,0.0,0.0,291.0,04.3,0,0,0,0,0,0,0,0,0

APPTR,D08-A,08,OZODU
IF,OZODU,46.142661,-119.586536, ,0.0,0.0,0,0,0,0,0,0,1,0
AF,HOVOK,46.361789,-119.604669,2,PSC,270.3,21.0,234.0,2,5100,0,0,0,0,0,0
TF,FINIV,46.353161,-119.558183,0, ,0.0,0.0,0.0,0.0,2,4800,0,0,0,0,0,0

APPTR,D08-A,08,OZONI
IF,OZONI,46.616522,-119.189892, ,0.0,0.0,0,0,0,0,0,0,1,0
AF,HOVOK,46.361789,-119.604669,1,PSC,270.3,21.0,337.0,2,5100,0,0,0,0,0,0
TF,FINIV,46.353161,-119.558183,0, ,0.0,0.0,0.0,0.0,2,4800,0,0,0,0,0,0

FINAL,D08-A,08,D,4
IF,FINIV,46.353161,-119.558183,PSC,270.3,19.0,2,4800,0,0,0,0,0,0
CF,CHAZZ,46.333075,-119.450392,0,PSC,270.3,14.4,90.0,4.6,2,3500,0,0,0,0,2,0
CF,STAID,46.321533,-119.388742,0,PSC,270.3,11.7,90.0,2.7,2,1540,0,0,0,0,0,0
CF,MACUF,46.306567,-119.311392,0,PSC,270.2,8.4,90.0,3.3,1,1200,0,0,0,0,3,1
DF,PSC,46.270267,-119.117297,0, ,0.0,0.0,2,3000,0,0,0,0,0,0
HM,PSC,46.270267,-119.117297,2, ,0.0,0.0,291.0,04.3,0,0,0,0,0,0,0,0,0

APPTR,D19-A,19,OZODU
IF,OZODU,46.142661,-119.586536, ,0.0,0.0,0,0,0,0,0,0,1,0
AF,HOVOK,46.361789,-119.604669,2,PSC,270.3,21.0,234.0,2,5100,0,0,0,0,0,0
TF,FINIV,46.353161,-119.558183,0, ,0.0,0.0,0.0,0.0,2,4800,0,0,0,0,0,0

APPTR,D19-A,19,OZONI
IF,OZONI,46.616522,-119.189892, ,0.0,0.0,0,0,0,0,0,0,1,0
AF,HOVOK,46.361789,-119.604669,1,PSC,270.3,21.0,337.0,2,5100,0,0,0,0,0,0
TF,FINIV,46.353161,-119.558183,0, ,0.0,0.0,0.0,0.0,2,4800,0,0,0,0,0,0

FINAL,D19-A,19,D,4
IF,FINIV,46.353161,-119.558183,PSC,270.3,19.0,2,4800,0,0,0,0,0,0
CF,CHAZZ,46.333075,-119.450392,0,PSC,270.3,14.4,90.0,4.6,2,3500,0,0,0,0,2,0
CF,STAID,46.321533,-119.388742,0,PSC,270.3,11.7,90.0,2.7,2,1540,0,0,0,0,0,0
CF,MACUF,46.306567,-119.311392,0,PSC,270.2,8.4,90.0,3.3,1,1200,0,0,0,0,3,1
DF,PSC,46.270267,-119.117297,0, ,0.0,0.0,2,3000,0,0,0,0,0,0
HM,PSC,46.270267,-119.117297,2, ,0.0,0.0,291.0,04.3,0,0,0,0,0,0,0,0,0

APPTR,D26-A,26,OZODU
IF,OZODU,46.142661,-119.586536, ,0.0,0.0,0,0,0,0,0,0,1,0
AF,HOVOK,46.361789,-119.604669,2,PSC,270.3,21.0,234.0,2,5100,0,0,0,0,0,0
TF,FINIV,46.353161,-119.558183,0, ,0.0,0.0,0.0,0.0,2,4800,0,0,0,0,0,0

APPTR,D26-A,26,OZONI
IF,OZONI,46.616522,-119.189892, ,0.0,0.0,0,0,0,0,0,0,1,0
AF,HOVOK,46.361789,-119.604669,1,PSC,270.3,21.0,337.0,2,5100,0,0,0,0,0,0
TF,FINIV,46.353161,-119.558183,0, ,0.0,0.0,0.0,0.0,2,4800,0,0,0,0,0,0

FINAL,D26-A,26,D,4
IF,FINIV,46.353161,-119.558183,PSC,270.3,19.0,2,4800,0,0,0,0,0,0
CF,CHAZZ,46.333075,-119.450392,0,PSC,270.3,14.4,90.0,4.6,2,3500,0,0,0,0,2,0
CF,STAID,46.321533,-119.388742,0,PSC,270.3,11.7,90.0,2.7,2,1540,0,0,0,0,0,0
CF,MACUF,46.306567,-119.311392,0,PSC,270.2,8.4,90.0,3.3,1,1200,0,0,0,0,3,1
DF,PSC,46.270267,-119.117297,0, ,0.0,0.0,2,3000,0,0,0,0,0,0
HM,PSC,46.270267,-119.117297,2, ,0.0,0.0,291.0,04.3,0,0,0,0,0,0,0,0,0

APPTR,L19,19,ALW
IF,ALW,46.086975,-118.292536, ,0.0,0.0,0,0,0,0,0,0,0,0
TF,BAKCA,46.504678,-119.166339,0, ,0.0,0.0,0.0,0.0,2,4000,0,0,0,0,0,0
HF,BAKCA,46.504678,-119.166339,2, ,0.0,0.0,189.0,04.3,2,4000,0,0,0,0,1,0,0

FINAL,L19,19,D,4
IF,BAKCA,46.504678,-119.166339,IRLD,8.6,13.7,2,4000,0,0,0,0,0,0
CF,FIXOV,46.388700,-119.247011,0,IRLD,8.6,6.0,189.0,7.7,2,2100,0,0,0,0,2,0
CF,HOTUX,46.353400,-119.271472,0,IRLD,8.6,3.6,189.0,2.4,2,1300,0,0,0,0,0,0
CF,JUDUB,46.314342,-119.298511,0,IRLD,8.6,0.0,189.0,2.6,1,526,0,0,0,0,3,0
CA,0,189.0,2,800,0,0,0,0,0,0
VI,2, ,0.0,45.0,0,0,0,0,0,0,0,0
CF,BAKCA,46.504678,-119.166339,0,PSC,336.8,14.2,337.0,5.0,2,4000,0,0,0,0,0,0
HM,BAKCA,46.504678,-119.166339,2, ,0.0,0.0,189.0,04.3,0,0,0,0,0,0,0,0,0

APPTR,R19-Y,19,NIALS
IF,NIALS,46.585367,-119.491414, ,0.0,0.0,0,0,0,0,0,0,0,0
TF,BAKCA,46.504678,-119.166339,0, ,0.0,0.0,0.0,0.0,2,4000,0,0,0,0,0,1
HF,BAKCA,46.504678,-119.166339,2, ,0.0,0.0,189.0,04,2,4000,0,0,0,0,1,0,0

APPTR,R19-Y,19,SMITT
IF,SMITT,46.496686,-118.884317, ,0.0,0.0,0,0,0,0,0,0,1,0
TF,BAKCA,46.504678,-119.166339,0, ,0.0,0.0,0.0,0.0,2,4000,0,0,0,0,1,0

FINAL,R19-Y,19,R,3
IF,BAKCA,46.504678,-119.166339, ,0.0,0.0,2,4000,0,0,0,0,0,0
TF,FIXOV,46.388700,-119.247011,0, ,0.0,0.0,189.0,7.7,2,2100,0,0,0,0,2,0
TF,RW19,46.309872,-119.301600,0, ,0.0,0.0,189.0,5.3,1,429,0,0,0,0,3,1
CA,0,189.0,2,794,0,0,0,0,0,0
DF,BAKCA,46.504678,-119.166339,2, ,0.0,0.0,2,4000,0,0,0,0,0,1
HM,BAKCA,46.504678,-119.166339,2, ,0.0,0.0,189.0,04,0,0,0,0,0,0,0,0,0

APPTR,R19-Z,19,NIALS
IF,NIALS,46.585367,-119.491414, ,0.0,0.0,0,0,0,0,0,0,0,0
TF,BAKCA,46.504678,-119.166339,0, ,0.0,0.0,0.0,0.0,2,4000,0,0,0,0,0,1
HF,BAKCA,46.504678,-119.166339,2, ,0.0,0.0,189.0,04,2,4000,0,0,0,0,1,0,0

APPTR,R19-Z,19,SMITT
IF,SMITT,46.496686,-118.884317, ,0.0,0.0,0,0,0,0,0,0,1,0
TF,BAKCA,46.504678,-119.166339,0, ,0.0,0.0,0.0,0.0,2,4000,0,0,0,0,1,0

FINAL,R19-Z,19,R,4
IF,BAKCA,46.504678,-119.166339, ,0.0,0.0,2,4000,0,0,0,0,0,0
TF,FIXOV,46.388700,-119.247011,0, ,0.0,0.0,189.0,7.7,2,2100,0,0,0,0,2,0
TF,AYABE,46.342928,-119.278731,0, ,0.0,0.0,189.0,3.1,2,1120,0,0,0,0,0,0
TF,RW19,46.309872,-119.301600,0, ,0.0,0.0,189.0,2.2,1,429,0,0,0,0,3,1
CA,0,189.0,2,900,0,0,0,0,0,0
DF,BAKCA,46.504678,-119.166339,2, ,0.0,0.0,2,4000,0,0,0,0,0,1
HM,BAKCA,46.504678,-119.166339,2, ,0.0,0.0,189.0,04,0,0,0,0,0,0,0,0,0

APPTR,R26,26,LYLES
IF,LYLES,46.161231,-118.622736, ,0.0,0.0,0,0,0,0,0,0,1,0
TF,CUTAS,46.286983,-119.015564,0, ,0.0,0.0,0.0,0.0,2,3000,0,0,0,0,1,0

APPTR,R26,26,PSC
IF,PSC,46.270267,-119.117297, ,0.0,0.0,0,0,0,0,0,0,0,0
TF,CUTAS,46.286983,-119.015564,0, ,0.0,0.0,0.0,0.0,2,3000,0,0,0,0,0,1
HF,CUTAS,46.286983,-119.015564,2, ,0.0,0.0,259.0,04,2,3000,0,0,0,0,1,0,0

APPTR,R26,26,SMITT
IF,SMITT,46.496686,-118.884317, ,0.0,0.0,0,0,0,0,0,0,1,0
TF,CUTAS,46.286983,-119.015564,0, ,0.0,0.0,0.0,0.0,2,3000,0,0,0,0,1,0

FINAL,R26,26,R,4
IF,CUTAS,46.286983,-119.015564, ,0.0,0.0,2,3000,0,0,0,0,0,0
TF,HOTGA,46.297028,-119.163094,0, ,0.0,0.0,259.0,6.2,2,2200,0,0,0,0,2,0
TF,JILPU,46.302831,-119.250006,0, ,0.0,0.0,259.0,3.6,2,1020,0,0,0,0,0,0
TF,RW26,46.305842,-119.295475,0, ,0.0,0.0,259.0,1.9,1,440,0,0,0,0,3,1
CA,0,259.0,2,900,0,0,0,0,0,0
DF,NIALS,46.585367,-119.491414,0, ,0.0,0.0,2,3500,0,0,0,0,0,1
HM,NIALS,46.585367,-119.491414,2, ,0.0,0.0,304.0,04,0,0,0,0,0,0,0,0,0

