APPTR,D15,15,UCA
IF,UCA,43.026514,-75.164522, ,0.0,0.0,0,0,0,0,0,0,0,0
TF,EKHUZ,43.398311,-75.605631,0, ,0.0,0.0,0.0,0.0,2,3200,0,0,0,0,0,0
HF,EKHUZ,43.398311,-75.605631,2, ,0.0,0.0,151.0,04.3,2,3200,0,0,0,0,1,0,0

FINAL,D15,15,D,4
IF,EKHUZ,43.398311,-75.605631,UCA,331.2,29.5,2,3200,0,0,0,0,0,0
CF,BONSS,43.321653,-75.514072,0,UCA,331.2,23.4,151.0,6.1,2,2500,0,0,0,0,2,0
CF,YEFJI,43.291092,-75.477661,0,UCA,331.2,21.0,151.0,2.4,2,1740,0,0,0,0,0,0
CF,RW15,43.245075,-75.422964,0,UCA,331.2,17.3,151.0,3.7,1,559,0,0,0,0,3,0
CA,0,151.0,2,910,0,0,0,0,0,0
VI,1, ,0.0,270.0,0,0,0,0,0,0,0,0
CF,EKHUZ,43.398311,-75.605631,0,UCA,331.2,29.5,331.0,10.0,2,3200,0,0,0,0,0,0
HM,EKHUZ,43.398311,-75.605631,2, ,0.0,0.0,151.0,04.3,0,0,0,0,0,0,0,0,0

APPTR,I33,33,UCA
IF,UCA,43.026514,-75.164522, ,0.0,0.0,0,0,0,0,0,0,1,0
CF,BOLTZ,43.077406,-75.186853,0,IRME,147.1,14.7,354.0,3.2,2,3500,0,0,0,0,1,0

FINAL,I33,33,I,3
IF,BOLTZ,43.077406,-75.186853,IRME,147.1,14.7,2,3500,0,0,0,0,0,0
CF,MARCY,43.151617,-75.291114,0,IRME,147.1,8.2,327.0,6.4,1,2500,0,0,0,0,2,0
CF,RW33,43.222522,-75.391094,0,IRME,147.1,2.2,327.0,6.1,1,554,0,0,0,0,3,0
CA,0,327.0,2,1600,0,0,0,0,0,0
CF,UCA,43.026514,-75.164522,2,UCA,0.0,0.0,160.0,17.4,2,3500,0,0,0,0,0,0
HM,UCA,43.026514,-75.164522,2, ,0.0,0.0,332.0,04.3,0,0,0,0,0,0,0,0,0

APPTR,R15,15,SYR
IF,SYR,43.160519,-76.204558, ,0.0,0.0,0,0,0,0,0,0,0,0
TF,WEEPY,43.342119,-75.834489,0, ,0.0,0.0,0.0,0.0,2,4000,0,0,0,0,1,0
TF,TURYN,43.389769,-75.628319,0, ,0.0,0.0,0.0,0.0,2,3500,0,0,0,0,1,0

APPTR,R15,15,UCA
IF,UCA,43.026514,-75.164522, ,0.0,0.0,0,0,0,0,0,0,0,0
TF,TURYN,43.389769,-75.628319,0, ,0.0,0.0,0.0,0.0,2,4000,0,0,0,0,0,1
HF,TURYN,43.389769,-75.628319,2, ,0.0,0.0,147.0,04,2,3500,0,0,0,0,1,0,0

FINAL,R15,15,R,4
IF,TURYN,43.389769,-75.628319, ,0.0,0.0,2,3500,0,0,0,0,0,0
TF,SCOUT,43.314533,-75.521353,0, ,0.0,0.0,147.0,6.5,2,2500,0,0,0,0,2,0
TF,HOTSU,43.279836,-75.472161,0, ,0.0,0.0,147.0,3.0,2,1500,0,0,0,0,0,0
TF,RW15,43.245075,-75.422964,0, ,0.0,0.0,147.0,3.0,1,559,0,0,0,0,3,1
CA,0,147.0,2,704,0,0,0,0,0,0
DF,BOLTZ,43.077406,-75.186853,0, ,0.0,0.0,2,3500,0,0,0,0,0,1
HM,BOLTZ,43.077406,-75.186853,2, ,0.0,0.0,327.0,04,0,0,0,0,0,0,0,0,0

APPTR,R33,33,UCA
IF,UCA,43.026514,-75.164522, ,0.0,0.0,0,0,0,0,0,0,1,0
TF,BOLTZ,43.077406,-75.186853,0, ,0.0,0.0,0.0,0.0,2,3500,0,0,0,0,1,0

APPTR,R33,33,VASTS
IF,VASTS,43.076283,-75.541636, ,0.0,0.0,0,0,0,0,0,0,0,0
TF,BOLTZ,43.077406,-75.186853,0, ,0.0,0.0,0.0,0.0,2,3500,0,0,0,0,0,1
HF,BOLTZ,43.077406,-75.186853,2, ,0.0,0.0,327.0,04,2,3500,0,0,0,0,1,0,0

FINAL,R33,33,R,4
IF,BOLTZ,43.077406,-75.186853, ,0.0,0.0,2,3500,0,0,0,0,0,0
TF,MARCY,43.151617,-75.291114,0, ,0.0,0.0,327.0,6.4,2,2500,0,0,0,0,2,0
TF,JERDA,43.198169,-75.356714,0, ,0.0,0.0,327.0,4.0,2,1220,0,0,0,0,0,0
TF,RW33,43.222522,-75.391094,0, ,0.0,0.0,327.0,2.1,1,554,0,0,0,0,3,1
CA,0,327.0,2,698,0,0,0,0,0,0
DF,TURYN,43.389769,-75.628319,0, ,0.0,0.0,2,3500,0,0,0,0,0,1
HM,TURYN,43.389769,-75.628319,2, ,0.0,0.0,147.0,04,0,0,0,0,0,0,0,0,0

