APPTR,R07,07,AUW
IF,AUW,44.846778,-89.586578, ,0.0,0.0,0,0,0,0,0,0,0,0
TF,KEYBE,45.049317,-89.929081,0, ,0.0,0.0,0.0,0.0,2,3500,0,0,0,0,1,0
TF,JELUR,45.126797,-89.972350,0, ,0.0,0.0,0.0,0.0,2,3500,0,0,0,0,1,0

APPTR,R07,07,JELUR
HF,JELUR,45.126797,-89.972350,2, ,0.0,0.0,69.0,05,2,3500,0,0,0,0,1,0,0

APPTR,R07,07,LACIY
IF,LACIY,45.161736,-90.074150, ,0.0,0.0,0,0,0,0,0,0,1,0
TF,JELUR,45.126797,-89.972350,0, ,0.0,0.0,0.0,0.0,2,3500,0,0,0,0,1,0

FINAL,R07,07,R,4
IF,JELUR,45.126797,-89.972350, ,0.0,0.0,2,3500,0,0,0,0,0,0
TF,GEKPE,45.164758,-89.836567,0, ,0.0,0.0,69.0,6.2,2,3000,0,0,0,0,2,0
TF,ZUMBO,45.182950,-89.771233,0, ,0.0,0.0,69.0,3.0,2,2020,0,0,0,0,0,0
TF,RW07,45.195744,-89.725169,0, ,0.0,0.0,69.0,2.1,1,1358,0,0,0,0,3,1
DF,FOROG,45.270528,-89.454083,0, ,0.0,0.0,2,3500,0,0,0,0,0,1
HM,FOROG,45.270528,-89.454083,2, ,0.0,0.0,250.0,05,0,0,0,0,0,0,0,0,0

APPTR,R25,25,AUW
IF,AUW,44.846778,-89.586578, ,0.0,0.0,0,0,0,0,0,0,0,0
TF,SIPKE,45.192853,-89.411411,0, ,0.0,0.0,0.0,0.0,2,3500,0,0,0,0,1,0
TF,FOROG,45.270528,-89.454083,0, ,0.0,0.0,0.0,0.0,2,3500,0,0,0,0,0,0
TF,SUTOY,45.249383,-89.531047,0, ,0.0,0.0,0.0,0.0,2,3500,0,0,0,0,0,0

APPTR,R25,25,FOROG
HF,FOROG,45.270528,-89.454083,2, ,0.0,0.0,250.0,05,2,3500,0,0,0,0,1,0,0
TF,SUTOY,45.249383,-89.531047,0, ,0.0,0.0,0.0,0.0,2,3500,0,0,0,0,0,0

APPTR,R25,25,YANUT
IF,YANUT,45.345767,-89.505333, ,0.0,0.0,0,0,0,0,0,0,1,0
TF,FOROG,45.270528,-89.454083,0, ,0.0,0.0,0.0,0.0,2,3500,0,0,0,0,0,0
TF,SUTOY,45.249383,-89.531047,0, ,0.0,0.0,0.0,0.0,2,3500,0,0,0,0,0,0

FINAL,R25,25,R,4
IF,SUTOY,45.249383,-89.531047, ,0.0,0.0,2,3500,0,0,0,0,0,0
TF,CEYDA,45.231925,-89.594406,0, ,0.0,0.0,250.0,2.9,2,3000,0,0,0,0,2,0
TF,PERIC,45.214833,-89.656269,0, ,0.0,0.0,250.0,2.8,2,2060,0,0,0,0,0,0
TF,RW25,45.200853,-89.706753,0, ,0.0,0.0,250.0,2.3,1,1346,0,0,0,0,3,1
DF,JELUR,45.126797,-89.972350,0, ,0.0,0.0,2,3500,0,0,0,0,0,1
HM,JELUR,45.126797,-89.972350,2, ,0.0,0.0,69.0,05,0,0,0,0,0,0,0,0,0

