APPTR,I31,31,BDE
FC,BDE,48.722797,-94.607286,0,BDE,0.0,0.0,275.0,16.9,2,3000,0,0,0,0,1,0
CF,HILOD,48.776117,-95.127931,0,ISWE,134.6,13.8,275.0,4.0,2,3000,0,0,0,0,1,0

APPTR,I31,31,ROX
IF,ROX,48.854758,-95.694972, ,0.0,0.0,0,0,0,0,0,0,0,0
TF,ROADD,48.862239,-95.242336,0, ,0.0,0.0,0.0,0.0,2,3000,0,0,0,0,0,0
PI,ROADD,48.862239,-95.242336,1,ROX,180.0,10.0,135,5.0,2,3000,0,0,0,0,1,0

FINAL,I31,31,I,3
IF,HILOD,48.776117,-95.127931,ISWE,134.6,13.8,2,3000,0,0,0,0,0,0
CF,ROADD,48.862239,-95.242336,0,ISWE,134.6,6.9,315.0,6.9,1,3000,0,0,0,0,2,0
CF,RW31,48.934883,-95.339353,0,ISWE,134.6,1.1,315.0,5.8,1,1114,0,0,0,0,3,0
CA,0,315.0,2,3000,0,0,0,0,0,0
DF,ROADD,48.862239,-95.242336,1, ,0.0,0.0,0,0,0,0,0,0,0,0
HM,ROADD,48.862239,-95.242336,1, ,0.0,0.0,315.0,04.3,0,0,0,0,0,0,0,0,0

APPTR,N31,31,BDE
IF,BDE,48.722797,-94.607286, ,0.0,0.0,0,0,0,0,0,0,1,0
TF,CARUV,48.776222,-95.128831,0, ,0.0,0.0,0.0,0.0,2,3000,0,0,0,0,1,0

APPTR,N31,31,ROX
IF,ROX,48.854758,-95.694972, ,0.0,0.0,0,0,0,0,0,0,0,0
TF,SW,48.862753,-95.241878,0, ,0.0,0.0,0.0,0.0,2,3000,0,0,0,0,0,0
PI,SW,48.862753,-95.241878,2,ROX,90.0,10.0,135,5.0,2,3000,0,0,0,0,1,0

FINAL,N31,31,N,3
IF,CARUV,48.776222,-95.128831,SW,0.0,0.0,2,3000,0,0,0,0,0,0
CF,SW,48.862753,-95.241878,0,SW,0.0,0.0,315.0,6.9,2,3000,0,0,0,0,2,0
CF,RW31,48.934883,-95.339353,0,SW,0.0,0.0,315.0,5.8,1,1109,0,0,0,0,3,0
CA,0,315.0,2,3000,0,0,0,0,0,0
DF,SW,48.862753,-95.241878,1, ,0.0,0.0,0,0,0,0,0,0,0,0
HM,SW,48.862753,-95.241878,1, ,0.0,0.0,315.0,04.3,0,0,0,0,0,0,0,0,0

APPTR,R13,13,HAPKO
HF,HAPKO,49.093317,-95.552292,2, ,0.0,0.0,134.0,04,2,3000,0,0,0,0,1,0,0

APPTR,R13,13,JOVIN
IF,JOVIN,49.195878,-95.376339, ,0.0,0.0,0,0,0,0,0,0,1,0
TF,HAPKO,49.093317,-95.552292,0, ,0.0,0.0,0.0,0.0,2,3000,0,0,0,0,1,0

APPTR,R13,13,ROX
IF,ROX,48.854758,-95.694972, ,0.0,0.0,0,0,0,0,0,0,0,0
TF,TEVPE,49.022561,-95.673572,0, ,0.0,0.0,0.0,0.0,2,3000,0,0,0,0,1,0
TF,HAPKO,49.093317,-95.552292,0, ,0.0,0.0,0.0,0.0,2,3000,0,0,0,0,1,0

FINAL,R13,13,R,4
IF,HAPKO,49.093317,-95.552292, ,0.0,0.0,2,3000,0,0,0,0,0,0
TF,DUSEC,49.008008,-95.437433,0, ,0.0,0.0,134.0,6.8,2,2700,0,0,0,0,2,0
TF,WEPVO,48.970956,-95.387683,0, ,0.0,0.0,135.0,3.0,2,1740,0,0,0,0,0,0
TF,RW13,48.945983,-95.354214,0, ,0.0,0.0,135.0,2.0,1,1118,0,0,0,0,3,1
CA,0,135.0,2,1276,0,0,0,0,0,0
DF,EPAME,48.786911,-95.142142,0, ,0.0,0.0,2,3000,0,0,0,0,0,1
HM,EPAME,48.786911,-95.142142,2, ,0.0,0.0,315.0,04,0,0,0,0,0,0,0,0,0

APPTR,R31,31,BDE
IF,BDE,48.722797,-94.607286, ,0.0,0.0,0,0,0,0,0,0,0,0
TF,GAYCE,48.841775,-95.047294,0, ,0.0,0.0,0.0,0.0,2,3000,0,0,0,0,1,0
TF,EPAME,48.786911,-95.142142,0, ,0.0,0.0,0.0,0.0,2,3000,0,0,0,0,1,0

APPTR,R31,31,EPAME
HF,EPAME,48.786911,-95.142142,2, ,0.0,0.0,315.0,04,2,3000,0,0,0,0,1,0,0

APPTR,R31,31,ROX
IF,ROX,48.854758,-95.694972, ,0.0,0.0,0,0,0,0,0,0,0,0
TF,FAPAK,48.731969,-95.236781,0, ,0.0,0.0,0.0,0.0,2,3000,0,0,0,0,1,0
TF,EPAME,48.786911,-95.142142,0, ,0.0,0.0,0.0,0.0,2,3000,0,0,0,0,1,0

FINAL,R31,31,R,3
IF,EPAME,48.786911,-95.142142, ,0.0,0.0,2,3000,0,0,0,0,0,0
TF,DULPE,48.862186,-95.242267,0, ,0.0,0.0,315.0,6.0,2,3000,0,0,0,0,2,0
TF,RW31,48.934883,-95.339353,0, ,0.0,0.0,315.0,5.8,1,1119,0,0,0,0,3,1
DF,HAPKO,49.093317,-95.552292,0, ,0.0,0.0,2,3000,0,0,0,0,0,1
HM,HAPKO,49.093317,-95.552292,2, ,0.0,0.0,134.0,04,0,0,0,0,0,0,0,0,0

