APPTR,L06,06,COFAX
IF,COFAX,40.312981,-77.966939, ,0.0,0.0,0,0,0,0,0,0,1,0
TF,TURME,40.457431,-77.954544,0, ,0.0,0.0,0.0,0.0,2,4000,0,0,0,0,0,0
CF,LUCKS,40.522758,-77.857583,0,IRVL,238.8,14.6,59.0,6.0,2,4000,0,0,0,0,1,0

APPTR,L06,06,PSB
IF,PSB,40.916258,-77.992717, ,0.0,0.0,0,0,0,0,0,0,0,0
TF,OTUCA,40.589978,-77.757489,0, ,0.0,0.0,0.0,0.0,2,5000,0,0,0,0,0,0
PI,OTUCA,40.589978,-77.757489,2,PSB,194.0,10.0,239,5.0,2,4000,0,0,0,0,1,0

FINAL,L06,06,D,3
IF,LUCKS,40.522758,-77.857583,IRVL,238.8,14.6,2,4000,0,0,0,0,0,0
CF,OTUCA,40.589978,-77.757489,0,IRVL,238.8,8.5,59.0,6.1,2,3300,0,0,0,0,2,0
CF,RW06,40.672856,-77.633619,0,IRVL,238.8,0.9,59.0,7.5,1,852,0,0,0,0,3,0
CA,0,59.0,2,3000,0,0,0,0,0,0
VI,0, ,0.0,147.0,0,0,0,0,0,0,0,0
CF,HERDA,40.631050,-77.247767,0,RAV,290.1,30.0,110.0,9.0,2,4000,0,0,0,0,0,0
HM,HERDA,40.631050,-77.247767,2, ,0.0,0.0,110.0,04.3,0,0,0,0,0,0,0,0,0

APPTR,R06,06,COFAX
IF,COFAX,40.312981,-77.966939, ,0.0,0.0,0,0,0,0,0,0,1,0
TF,LUCKS,40.522758,-77.857583,0, ,0.0,0.0,0.0,0.0,2,4000,0,0,0,0,1,0

APPTR,R06,06,LUCKS
HF,LUCKS,40.522758,-77.857583,2, ,0.0,0.0,59.0,04,2,4000,0,0,0,0,1,0,0

APPTR,R06,06,PSB
IF,PSB,40.916258,-77.992717, ,0.0,0.0,0,0,0,0,0,0,0,0
TF,EYOCE,40.585286,-77.929917,0, ,0.0,0.0,0.0,0.0,2,5000,0,0,0,0,1,0
TF,LUCKS,40.522758,-77.857583,0, ,0.0,0.0,0.0,0.0,2,4000,0,0,0,0,1,0

FINAL,R06,06,R,4
IF,LUCKS,40.522758,-77.857583, ,0.0,0.0,2,4000,0,0,0,0,0,0
TF,OTUCA,40.589978,-77.757489,0, ,0.0,0.0,59.0,6.1,2,3300,0,0,0,0,2,0
TF,STROH,40.615642,-77.719183,0, ,0.0,0.0,59.0,2.3,2,2460,0,0,0,0,0,0
TF,RW06,40.672856,-77.633619,0, ,0.0,0.0,59.0,5.2,1,852,0,0,0,0,3,1
DF,OCPUC,40.831753,-77.394700,0, ,0.0,0.0,2,4000,0,0,0,0,0,1
HM,OCPUC,40.831753,-77.394700,2, ,0.0,0.0,239.0,04,0,0,0,0,0,0,0,0,0

APPTR,R24,24,OCPUC
HF,OCPUC,40.831753,-77.394700,2, ,0.0,0.0,239.0,04,2,4000,0,0,0,0,1,0,0

APPTR,R24,24,PSB
IF,PSB,40.916258,-77.992717, ,0.0,0.0,0,0,0,0,0,0,0,0
TF,UZAWI,40.894575,-77.466922,0, ,0.0,0.0,0.0,0.0,2,5000,0,0,0,0,1,0
TF,OCPUC,40.831753,-77.394700,0, ,0.0,0.0,0.0,0.0,2,4000,0,0,0,0,1,0

APPTR,R24,24,SEG
IF,SEG,40.790858,-76.884042, ,0.0,0.0,0,0,0,0,0,0,0,0
TF,VEHSY,40.768883,-77.322614,0, ,0.0,0.0,0.0,0.0,2,5000,0,0,0,0,1,0
TF,OCPUC,40.831753,-77.394700,0, ,0.0,0.0,0.0,0.0,2,4000,0,0,0,0,1,0

FINAL,R24,24,R,4
IF,OCPUC,40.831753,-77.394700, ,0.0,0.0,2,4000,0,0,0,0,0,0
TF,EZUCE,40.764803,-77.495597,0, ,0.0,0.0,239.0,6.1,2,3300,0,0,0,0,2,0
TF,COMOL,40.733550,-77.542581,0, ,0.0,0.0,239.0,2.9,2,2360,0,0,0,0,0,0
TF,RW24,40.681906,-77.620064,0, ,0.0,0.0,239.0,4.7,1,847,0,0,0,0,3,1
DF,LUCKS,40.522758,-77.857583,0, ,0.0,0.0,2,4000,0,0,0,0,0,1
HM,LUCKS,40.522758,-77.857583,2, ,0.0,0.0,59.0,04,0,0,0,0,0,0,0,0,0

