APPTR,N24,24,BRADZ
IF,BRADZ,48.159119,-111.998939, ,0.0,0.0,0,0,0,0,0,0,0,0
TF,CRD,48.185614,-111.914128,0, ,0.0,0.0,0.0,0.0,2,6000,0,0,0,0,0,0
PI,CRD,48.185614,-111.914128,2,CTB,9.0,10.0,054,5.0,2,5200,0,0,0,0,1,0
CF,CRD,48.185614,-111.914128,0,CTB,125.8,28.5,234.0,8.0,2,4400,0,0,0,0,0,0

APPTR,N24,24,PENRY
IF,PENRY,48.081953,-112.244328, ,0.0,0.0,0,0,0,0,0,0,0,0
TF,CRD,48.185614,-111.914128,0, ,0.0,0.0,0.0,0.0,2,6500,0,0,0,0,0,0
PI,CRD,48.185614,-111.914128,2,CTB,9.0,10.0,054,5.0,2,5200,0,0,0,0,1,0
CF,CRD,48.185614,-111.914128,0,CTB,125.8,28.5,234.0,8.0,2,4400,0,0,0,0,0,0

FINAL,N24,24,N,2
IF,CRD,48.185614,-111.914128,CRD,0.0,0.0,2,4400,0,0,0,0,2,0
CF,RW24,48.170542,-111.967903,0,CRD,0.0,0.0,234.0,2.3,1,3560,0,0,0,0,3,0
CA,0,234.0,2,3950,0,0,0,0,0,0
DF,CRD,48.185614,-111.914128,1, ,0.0,0.0,2,5200,0,0,0,0,0,0
HM,CRD,48.185614,-111.914128,2, ,0.0,0.0,234.0,04.3,0,0,0,0,0,0,0,0,0

