SID,FLOUT5,07,1
VA,0,75.0,2,413,0,0,0,0,0,0
VI,2, ,0.0,227.0,0,0,0,0,0,0,0,0
CF,FLOUT,34.257581,-119.953219,0,RZS,197.0,17.6,197.0,5.0,0,0,0,0,0,0,0,0

SID,FLOUT5,15L,1
VA,0,152.0,2,413,0,0,0,0,0,0
CF,FLOUT,34.257581,-119.953219,0,RZS,197.0,17.6,197.0,11.0,0,0,0,0,0,0,0,0

SID,FLOUT5,15R,1
VA,0,152.0,2,413,0,0,0,0,0,0
CF,FLOUT,34.257581,-119.953219,0,RZS,197.0,17.6,197.0,11.0,0,0,0,0,0,0,0,0

SID,FLOUT5,25,1
VA,0,255.0,2,413,0,0,0,0,0,0
VI,0, ,0.0,167.0,0,0,0,0,0,0,0,0
CF,FLOUT,34.257581,-119.953219,0,RZS,197.0,17.6,197.0,7.0,0,0,0,0,0,0,0,0

SID,FLOUT5,GVO,3
FC,FLOUT,34.257581,-119.953219,0,GVO,0.0,0.0,321.0,15.0,2,6000,0,0,0,0,0,0
CF,GVO,34.531319,-120.091089,0,GVO,0.0,0.0,321.0,3.0,0,0,0,0,0,0,0,0

SID,FLOUT5,RZS,3
FC,FLOUT,34.257581,-119.953219,0,RZS,0.0,0.0,17.0,14.0,2,6000,0,0,0,0,0,0
CF,RZS,34.509533,-119.770992,0,RZS,0.0,0.0,17.0,4.0,0,0,0,0,0,0,0,0

SID,FLOUT5,VTU,3
IF,FLOUT,34.257581,-119.953219, ,0.0,0.0,0,0,0,0,0,0,0,0
TF,VTU,34.115058,-119.049492,0, ,0.0,0.0,0.0,0.0,0,0,0,0,0,0,0,0

SID,GAUCH1,07,4
VA,0,75.0,2,520,0,0,0,0,0,0
DF,OHSHN,34.354256,-119.767881,2, ,0.0,0.0,0,0,0,1,210,0,0,1
DF,CORRK,34.285392,-119.933000,2, ,0.0,0.0,0,0,0,0,0,0,0,0
TF,KNNZI,34.276967,-120.166497,0, ,0.0,0.0,0.0,0.0,0,0,0,0,0,0,0,0
TF,GAUCH,34.580419,-120.265514,0, ,0.0,0.0,0.0,0.0,2,6000,0,0,0,0,0,0

SID,GAUCH1,15L,4
VA,0,152.0,2,520,0,0,0,0,0,0
DF,CORRK,34.285392,-119.933000,2, ,0.0,0.0,0,0,0,0,0,0,0,0
TF,KNNZI,34.276967,-120.166497,0, ,0.0,0.0,0.0,0.0,0,0,0,0,0,0,0,0
TF,GAUCH,34.580419,-120.265514,0, ,0.0,0.0,0.0,0.0,2,6000,0,0,0,0,0,0

SID,GAUCH1,15R,4
VA,0,152.0,2,520,0,0,0,0,0,0
DF,CORRK,34.285392,-119.933000,2, ,0.0,0.0,0,0,0,0,0,0,0,0
TF,KNNZI,34.276967,-120.166497,0, ,0.0,0.0,0.0,0.0,0,0,0,0,0,0,0,0
TF,GAUCH,34.580419,-120.265514,0, ,0.0,0.0,0.0,0.0,2,6000,0,0,0,0,0,0

SID,GAUCH1,25,4
VA,0,255.0,2,520,0,0,0,0,0,0
DF,GRPES,34.426028,-119.924786,0, ,0.0,0.0,0,0,0,0,0,0,0,0
TF,GRRRR,34.421322,-120.173286,0, ,0.0,0.0,0.0,0.0,0,0,0,0,0,0,0,0
TF,GAUCH,34.580419,-120.265514,0, ,0.0,0.0,0.0,0.0,2,6000,0,0,0,0,0,0

SID,GAUCH1,MQO,6
IF,GAUCH,34.580419,-120.265514, ,0.0,0.0,2,6000,0,0,0,0,0,0
TF,SPEEK,34.733969,-120.409925,0, ,0.0,0.0,0.0,0.0,0,0,0,0,0,0,0,0
TF,MQO,35.252256,-120.759567,0, ,0.0,0.0,0.0,0.0,0,0,0,0,0,0,0,0

SID,HABUT4,07,1
VA,0,75.0,2,413,0,0,0,0,0,0
VI,2, ,0.0,285.0,0,0,0,0,0,0,0,0
CF,HABUT,34.422267,-120.088886,0,GVO,163.0,6.5,255.0,6.5,0,0,0,0,0,0,0,0

SID,HABUT4,15L,1
VA,0,152.0,2,413,0,0,0,0,0,0
VI,2, ,0.0,285.0,0,0,0,0,0,0,0,0
CF,HABUT,34.422267,-120.088886,0,GVO,163.0,6.5,255.0,5.5,0,0,0,0,0,0,0,0

SID,HABUT4,15R,1
VA,0,152.0,2,413,0,0,0,0,0,0
VI,2, ,0.0,285.0,0,0,0,0,0,0,0,0
CF,HABUT,34.422267,-120.088886,0,GVO,163.0,6.5,255.0,5.5,0,0,0,0,0,0,0,0

SID,HABUT4,25,1
VA,0,255.0,2,413,0,0,0,0,0,0
CF,HABUT,34.422267,-120.088886,0,GVO,163.0,6.5,255.0,12.0,0,0,0,0,0,0,0,0

SID,HABUT4,ALL,2
IF,HABUT,34.422267,-120.088886, ,0.0,0.0,0,0,0,0,0,0,0,0
TF,SOSYY,34.486000,-120.090167,0, ,0.0,0.0,0.0,0.0,2,6000,0,0,0,0,0,0
TF,GVO,34.531319,-120.091089,0, ,0.0,0.0,0.0,0.0,0,0,0,0,0,0,0,0

SID,KWANG5,07,1
VA,0,75.0,2,420,0,0,0,0,0,0
CF,KWANG,34.309114,-119.514150,0,GVO,98.8,31.6,99.0,17.0,0,0,0,0,0,0,0,0

SID,KWANG5,15L,1
VA,0,152.0,2,420,0,0,0,0,0,0
CF,KWANG,34.309114,-119.514150,0,GVO,98.8,31.6,99.0,17.0,0,0,0,0,0,0,0,0

SID,KWANG5,15R,1
VA,0,152.0,2,420,0,0,0,0,0,0
CF,KWANG,34.309114,-119.514150,0,GVO,98.8,31.6,99.0,17.0,0,0,0,0,0,0,0,0

SID,KWANG5,25,1
VA,0,255.0,2,420,0,0,0,0,0,0
VI,1, ,0.0,69.0,0,0,0,0,0,0,0,0
CF,KWANG,34.309114,-119.514150,0,GVO,98.8,31.6,99.0,11.0,0,0,0,0,0,0,0,0

SID,KWANG5,GINNA,3
IF,KWANG,34.309114,-119.514150, ,0.0,0.0,0,0,0,0,0,0,0,0
TF,CMA,34.212522,-119.094356,0, ,0.0,0.0,0.0,0.0,0,0,0,0,0,0,0,0
TF,GINNA,34.222972,-118.832078,0, ,0.0,0.0,0.0,0.0,0,0,0,0,0,0,0,0

SID,KWANG5,HENER,3
IF,KWANG,34.309114,-119.514150, ,0.0,0.0,0,0,0,0,0,0,0,0
TF,HENER,34.331064,-119.227689,0, ,0.0,0.0,0.0,0.0,0,0,0,0,0,0,0,0

SID,KWANG5,RZS,3
FC,KWANG,34.309114,-119.514150,0,RZS,0.0,0.0,299.0,9.0,2,6000,0,0,0,0,0,0
CF,RZS,34.509533,-119.770992,0,RZS,0.0,0.0,299.0,9.0,0,0,0,0,0,0,0,0

SID,MISHN2,07,4
VA,0,75.0,2,520,0,1,210,0,0,0
DF,MISHN,34.194222,-119.564392,0, ,0.0,0.0,0,0,0,0,0,0,0,0

SID,MISHN2,15L,4
VA,0,152.0,2,520,0,0,0,0,0,0
DF,EDDEN,34.203636,-119.764864,0, ,0.0,0.0,0,0,0,0,0,0,0,0
TF,MISHN,34.194222,-119.564392,0, ,0.0,0.0,0.0,0.0,0,0,0,0,0,0,0,0

SID,MISHN2,15R,4
VA,0,152.0,2,520,0,0,0,0,0,0
DF,EDDEN,34.203636,-119.764864,0, ,0.0,0.0,0,0,0,0,0,0,0,0
TF,MISHN,34.194222,-119.564392,0, ,0.0,0.0,0.0,0.0,0,0,0,0,0,0,0,0

SID,MISHN2,25,4
VI,0, ,0.0,255.0,0,0,0,0,0,0,0,0
CF,SRRRA,34.347931,-119.940175,0,RZS,207.0,12.8,175.0,4.7,0,0,0,0,0,0,0,0
TF,EDDEN,34.203636,-119.764864,0, ,0.0,0.0,0.0,0.0,0,0,0,0,0,0,0,0
TF,MISHN,34.194222,-119.564392,0, ,0.0,0.0,0.0,0.0,0,0,0,0,0,0,0,0

SID,MISHN2,BOILE,6
IF,MISHN,34.194222,-119.564392, ,0.0,0.0,0,0,0,0,0,0,0,0
TF,CMA,34.212522,-119.094356,0, ,0.0,0.0,0.0,0.0,0,0,0,0,0,0,0,0
TF,BOILE,34.422439,-118.025853,0, ,0.0,0.0,0.0,0.0,0,0,0,0,0,0,0,0

SID,MISHN2,KPTIN,6
IF,MISHN,34.194222,-119.564392, ,0.0,0.0,0,0,0,0,0,0,0,0
TF,KPTIN,34.191167,-119.359861,0, ,0.0,0.0,0.0,0.0,0,0,0,0,0,0,0,0

SID,MISHN2,NNAVY,6
IF,MISHN,34.194222,-119.564392, ,0.0,0.0,0,0,0,0,0,0,0,0
TF,CMA,34.212522,-119.094356,0, ,0.0,0.0,0.0,0.0,0,0,0,0,0,0,0,0
TF,BOILE,34.422439,-118.025853,0, ,0.0,0.0,0.0,0.0,0,0,0,0,0,0,0,0
TF,NNAVY,34.919633,-116.728022,0, ,0.0,0.0,0.0,0.0,0,0,0,0,0,0,0,0

STAR,PITBL1,HEC,4
IF,HEC,34.797017,-116.462922, ,0.0,0.0,0,0,0,0,0,0,0,0
TF,FRIRR,34.500117,-118.378478,0, ,0.0,0.0,0.0,0.0,0,0,0,0,0,0,0,0
TF,PIRYT,34.433486,-118.783778,0, ,0.0,0.0,0.0,0.0,1,24000,0,0,0,0,0,0
TF,PITBL,34.383769,-119.073406,0, ,0.0,0.0,0.0,0.0,0,0,0,0,0,0,0,0

STAR,PITBL1,PORPS,4
IF,PORPS,34.276403,-118.146978, ,0.0,0.0,3,30000,0,0,0,0,0,0
TF,PIRYT,34.433486,-118.783778,0, ,0.0,0.0,0.0,0.0,1,24000,0,0,0,0,0,0
TF,PITBL,34.383769,-119.073406,0, ,0.0,0.0,0.0,0.0,0,0,0,0,0,0,0,0

STAR,PITBL1,07,6
IF,PITBL,34.383769,-119.073406, ,0.0,0.0,0,0,0,0,0,0,0,0
TF,KWANG,34.309114,-119.514150,0, ,0.0,0.0,0.0,0.0,0,0,0,0,0,0,0,0
TF,HHOME,34.359408,-119.837206,0, ,0.0,0.0,0.0,0.0,0,0,0,0,0,0,0,0
TF,GRYSN,34.352758,-120.020669,0, ,0.0,0.0,0.0,0.0,0,0,0,0,0,0,0,1
FM,GRYSN,34.352758,-120.020669,0,HEC,0.0,0.0,254.0,0,0,0,0,0,0,0,0

STAR,PITBL1,25,6
IF,PITBL,34.383769,-119.073406, ,0.0,0.0,0,0,0,0,0,0,0,0
TF,KWANG,34.309114,-119.514150,0, ,0.0,0.0,0.0,0.0,0,0,0,0,0,0,0,0
TF,SWAMM,34.315319,-119.553689,0, ,0.0,0.0,0.0,0.0,0,0,0,0,0,0,0,1
FM,SWAMM,34.315319,-119.553689,0,HEC,0.0,0.0,267.0,0,0,0,0,0,0,0,0

APPTR,I07,07,GOLET
IF,GOLET,34.281350,-119.864375, ,0.0,0.0,0,0,0,0,0,0,1,0
TF,LOBER,34.263297,-120.085458,0, ,0.0,0.0,0.0,0.0,2,4000,0,0,0,0,0,0
TF,HABUT,34.422267,-120.088886,0, ,0.0,0.0,0.0,0.0,2,3500,0,0,0,0,0,0
CF,GOYED,34.423903,-120.021244,2,ISBA,254.6,9.5,75.0,3.4,2,2700,0,0,0,0,0,0

APPTR,I07,07,GVO
IF,GVO,34.531319,-120.091089, ,0.0,0.0,0,0,0,0,0,0,1,0
TF,YONNI,34.481250,-120.090033,0, ,0.0,0.0,0.0,0.0,2,5000,0,0,0,0,0,0
TF,HABUT,34.422267,-120.088886,0, ,0.0,0.0,0.0,0.0,2,3500,0,0,0,0,0,0
CF,GOYED,34.423903,-120.021244,1,ISBA,254.6,9.5,75.0,3.4,2,2700,0,0,0,0,0,0

FINAL,I07,07,I,3
IF,GOYED,34.423903,-120.021244,ISBA,254.6,9.5,2,2700,0,0,0,0,0,0
CF,NAPPS,34.425175,-119.963108,0,ISBA,254.6,6.6,75.0,2.9,1,1800,0,0,0,0,2,0
CF,RW07,34.427500,-119.854642,0,ISBA,254.6,1.2,75.0,5.4,1,59,0,0,0,0,3,0
CA,0,75.0,2,700,0,0,0,0,0,0
CF,GOLET,34.281350,-119.864375,2,RZS,184.8,14.4,185.0,8.0,2,4000,0,0,0,0,0,0
HM,GOLET,34.281350,-119.864375,2, ,0.0,0.0,307.0,04.3,0,0,0,0,0,0,0,0,0

APPTR,R07,07,AFOXY
IF,AFOXY,34.608683,-120.162131, ,0.0,0.0,0,0,0,0,0,0,1,0
TF,RIMVE,34.485106,-120.113514,0, ,0.0,0.0,0.0,0.0,2,4400,0,0,0,0,0,0
TF,ECEVA,34.422358,-120.088892,0, ,0.0,0.0,0.0,0.0,2,2800,0,0,0,0,1,0

APPTR,R07,07,GOLET
IF,GOLET,34.281350,-119.864375, ,0.0,0.0,0,0,0,0,0,0,0,0
TF,LOBER,34.263297,-120.085458,0, ,0.0,0.0,0.0,0.0,2,4000,0,0,0,0,1,0
TF,ECEVA,34.422358,-120.088892,0, ,0.0,0.0,0.0,0.0,2,2800,0,0,0,0,1,0

FINAL,R07,07,R,3
IF,ECEVA,34.422358,-120.088892, ,0.0,0.0,2,2800,0,0,0,0,0,0
TF,NAPPS,34.425175,-119.963108,0, ,0.0,0.0,74.0,6.3,2,1800,0,0,0,0,2,0
TF,RW07,34.427500,-119.854642,0, ,0.0,0.0,74.0,5.4,1,59,0,0,0,0,3,1
DF,CESRA,34.429408,-119.761958,0, ,0.0,0.0,0,0,0,0,0,0,0,0
TF,IYOBE,34.289906,-119.757850,2, ,0.0,0.0,0.0,0.0,0,0,0,0,0,0,0,0
TF,GOLET,34.281350,-119.864375,0, ,0.0,0.0,0.0,0.0,2,4000,0,0,0,0,0,1
HM,GOLET,34.281350,-119.864375,2, ,0.0,0.0,307.0,05,0,0,0,0,0,0,0,0,0

APPTR,S25,25,GVO
IF,GVO,34.531319,-120.091089, ,0.0,0.0,0,0,0,0,0,0,0,0
TF,ZACKS,34.385886,-119.712356,0, ,0.0,0.0,0.0,0.0,2,6000,0,0,0,0,0,0
PI,ZACKS,34.385886,-119.712356,1,GVO,144.0,10.0,099,5.0,2,3000,0,0,0,0,1,0
CF,ZACKS,34.385886,-119.712356,0,GVO,98.8,20.7,279.0,8.0,2,2100,0,0,0,0,0,0

APPTR,S25,25,KWANG
IF,KWANG,34.309114,-119.514150, ,0.0,0.0,0,0,0,0,0,0,1,0
TF,ZACKS,34.385886,-119.712356,0, ,0.0,0.0,0.0,0.0,2,2100,0,0,0,0,0,0

APPTR,S25,25,RZS
IF,RZS,34.509533,-119.770992, ,0.0,0.0,0,0,0,0,0,0,0,0
TF,ZACKS,34.385886,-119.712356,0, ,0.0,0.0,0.0,0.0,2,6000,0,0,0,0,0,0
PI,ZACKS,34.385886,-119.712356,1,GVO,144.0,10.0,099,5.0,2,3000,0,0,0,0,1,0
CF,ZACKS,34.385886,-119.712356,0,RZS,144.5,8.0,279.0,8.0,2,2100,0,0,0,0,0,0

FINAL,S25,25,D,2
IF,ZACKS,34.385886,-119.712356,GVO,98.8,20.7,2,2100,0,0,0,0,2,0
CF,MARNS,34.427281,-119.822661,0,GVO,99.0,14.7,279.0,6.0,1,243,0,0,0,0,3,0
CA,0,279.0,2,413,0,0,0,0,0,0
VI,0, ,0.0,205.0,0,0,0,0,0,0,0,0
CF,GOLET,34.281350,-119.864375,0,GVO,127.0,18.7,127.0,6.0,2,4000,0,0,0,0,0,0
HM,GOLET,34.281350,-119.864375,2, ,0.0,0.0,307.0,04.3,0,0,0,0,0,0,0,0,0

