APPTR,D05-A,05,D024T
IF,D024T,36.893883,-85.010953,LVT,24.0,20.0,0,0,0,0,0,0,1,0
AF,LARRY,36.497461,-84.767275,2,LVT,107.0,20.0,24.0,2,3500,0,0,0,0,1,0

APPTR,D05-A,05,D171T
IF,D171T,36.256822,-85.087981,LVT,171.0,20.0,0,0,0,0,0,0,1,0
AF,LARRY,36.497461,-84.767275,1,LVT,107.0,20.0,171.0,2,3500,0,0,0,0,1,0

APPTR,D05-A,05,LVT
IF,LVT,36.584508,-85.166622, ,0.0,0.0,0,0,0,0,0,0,1,0
TF,LARRY,36.497461,-84.767275,0, ,0.0,0.0,0.0,0.0,2,3500,0,0,0,0,1,0

FINAL,D05-A,05,D,3
IF,LARRY,36.497461,-84.767275,LVT,107.0,20.0,2,3500,0,0,0,0,0,0
CF,FF107,36.475492,-84.667583,0,LVT,107.0,25.0,107.0,5.0,2,3200,0,0,0,0,2,0
CF,MA107,36.458294,-84.589861,0,LVT,107.0,28.9,107.0,3.9,1,2260,0,0,0,0,3,0
CA,0,107.0,2,2500,0,0,0,0,0,0
CF,LARRY,36.497461,-84.767275,2,LVT,107.0,20.0,287.0,4.0,2,3500,0,0,0,0,0,0
HM,LARRY,36.497461,-84.767275,2, ,0.0,0.0,107.0,04.3,0,0,0,0,0,0,0,0,0

APPTR,D23-A,23,D024T
IF,D024T,36.893883,-85.010953,LVT,24.0,20.0,0,0,0,0,0,0,1,0
AF,LARRY,36.497461,-84.767275,2,LVT,107.0,20.0,24.0,2,3500,0,0,0,0,1,0

APPTR,D23-A,23,D171T
IF,D171T,36.256822,-85.087981,LVT,171.0,20.0,0,0,0,0,0,0,1,0
AF,LARRY,36.497461,-84.767275,1,LVT,107.0,20.0,171.0,2,3500,0,0,0,0,1,0

APPTR,D23-A,23,LVT
IF,LVT,36.584508,-85.166622, ,0.0,0.0,0,0,0,0,0,0,1,0
TF,LARRY,36.497461,-84.767275,0, ,0.0,0.0,0.0,0.0,2,3500,0,0,0,0,1,0

FINAL,D23-A,23,D,3
IF,LARRY,36.497461,-84.767275,LVT,107.0,20.0,2,3500,0,0,0,0,0,0
CF,FF107,36.475492,-84.667583,0,LVT,107.0,25.0,107.0,5.0,2,3200,0,0,0,0,2,0
CF,MA107,36.458294,-84.589861,0,LVT,107.0,28.9,107.0,3.9,1,2260,0,0,0,0,3,0
CA,0,107.0,2,2500,0,0,0,0,0,0
CF,LARRY,36.497461,-84.767275,2,LVT,107.0,20.0,287.0,4.0,2,3500,0,0,0,0,0,0
HM,LARRY,36.497461,-84.767275,2, ,0.0,0.0,107.0,04.3,0,0,0,0,0,0,0,0,0

APPTR,R05,05,ZITGO
HF,ZITGO,36.326983,-84.752914,2, ,0.0,0.0,51.0,04,2,3900,0,0,0,0,1,0,0

FINAL,R05,05,R,4
IF,ZITGO,36.326983,-84.752914, ,0.0,0.0,2,3900,0,0,0,0,0,0
TF,JENAG,36.398750,-84.659800,0, ,0.0,0.0,51.0,6.2,2,3300,0,0,0,0,2,0
TF,TUKUW,36.427475,-84.622464,0, ,0.0,0.0,51.0,2.5,2,2340,0,0,0,0,0,0
TF,RW05,36.450481,-84.592533,0, ,0.0,0.0,51.0,2.0,1,1605,0,0,0,0,3,1
CA,0,51.0,2,1860,0,0,0,0,0,0
DF,COPEP,36.606208,-84.389181,0, ,0.0,0.0,2,4800,0,0,0,0,0,1
HM,COPEP,36.606208,-84.389181,2, ,0.0,0.0,232.0,05,0,0,0,0,0,0,0,0,0

APPTR,R23,23,COPEP
HF,COPEP,36.606208,-84.389181,2, ,0.0,0.0,232.0,05,2,4800,0,0,0,0,1,0,0

FINAL,R23,23,R,4
IF,COPEP,36.606208,-84.389181, ,0.0,0.0,2,4800,0,0,0,0,0,0
TF,GATGE,36.537614,-84.478908,0, ,0.0,0.0,232.0,6.0,2,3700,0,0,0,0,2,0
TF,LUKYE,36.495389,-84.534022,0, ,0.0,0.0,232.0,3.7,2,2500,0,0,0,0,0,0
TF,RW23,36.460900,-84.578967,0, ,0.0,0.0,232.0,3.0,1,1574,0,0,0,0,3,1
CA,0,232.0,2,1772,0,0,0,0,0,0
DF,ZITGO,36.326983,-84.752914,0, ,0.0,0.0,2,3900,0,0,0,0,0,1
HM,ZITGO,36.326983,-84.752914,2, ,0.0,0.0,51.0,04,0,0,0,0,0,0,0,0,0

