SID,AFIVA1,01L,4
VA,0,14.0,2,520,0,0,0,0,0,0
DF,AFIVA,37.773500,-122.375658,0, ,0.0,0.0,2,4000,0,0,0,0,0,0

SID,AFIVA1,01R,4
VA,0,14.0,2,520,0,0,0,0,0,0
DF,AFIVA,37.773500,-122.375658,0, ,0.0,0.0,2,4000,0,0,0,0,0,0

SID,AFIVA1,28L,4
VA,0,284.0,2,520,0,0,0,0,0,0
DF,AFIVA,37.773500,-122.375658,0, ,0.0,0.0,2,4000,0,0,0,0,0,0

SID,AFIVA1,28R,4
VA,0,284.0,2,520,0,0,0,0,0,0
DF,AFIVA,37.773500,-122.375658,0, ,0.0,0.0,2,4000,0,0,0,0,0,0

SID,AFIVA1,ALL,5
IF,AFIVA,37.773500,-122.375658, ,0.0,0.0,2,4000,0,0,0,0,0,0
TF,JAYKK,38.056531,-122.261819,0, ,0.0,0.0,0.0,0.0,0,0,0,0,0,0,0,0

SID,AFIVA1,DEDHD,6
IF,JAYKK,38.056531,-122.261819, ,0.0,0.0,0,0,0,0,0,0,0,0
TF,DEDHD,38.335517,-122.112808,0, ,0.0,0.0,0.0,0.0,0,0,0,0,0,0,0,0

SID,AFIVA1,GRTFL,6
IF,JAYKK,38.056531,-122.261819, ,0.0,0.0,0,0,0,0,0,0,0,0
TF,GRTFL,38.352169,-122.231469,0, ,0.0,0.0,0.0,0.0,0,0,0,0,0,0,0,0

SID,CIITY3,10L,4
VA,0,104.0,2,520,0,0,0,0,0,0
DF,ORYAN,37.604922,-122.336611,0, ,0.0,0.0,0,0,0,0,0,0,0,0
TF,SAHEY,37.568450,-122.244556,0, ,0.0,0.0,0.0,0.0,0,0,0,0,0,0,0,0
TF,CIITY,37.533117,-122.149511,0, ,0.0,0.0,0.0,0.0,2,5000,0,0,0,0,0,0

SID,CIITY3,10R,4
VA,0,104.0,2,520,0,0,0,0,0,0
DF,URRSA,37.603111,-122.337842,0, ,0.0,0.0,0,0,0,0,0,0,0,0
TF,SAHEY,37.568450,-122.244556,0, ,0.0,0.0,0.0,0.0,0,0,0,0,0,0,0,0
TF,CIITY,37.533117,-122.149511,0, ,0.0,0.0,0.0,0.0,2,5000,0,0,0,0,0,0

SID,CIITY3,19L,4
VA,0,194.0,2,520,0,0,0,0,0,0
DF,CIITY,37.533117,-122.149511,1, ,0.0,0.0,2,5000,0,0,0,0,0,0

SID,CIITY3,19R,4
VA,0,194.0,2,520,0,0,0,0,0,0
DF,CIITY,37.533117,-122.149511,1, ,0.0,0.0,2,5000,0,0,0,0,0,0

SID,CIITY3,DEDHD,6
IF,CIITY,37.533117,-122.149511, ,0.0,0.0,2,5000,0,0,0,0,0,0
TF,BCEEE,37.749650,-121.899394,0, ,0.0,0.0,0.0,0.0,2,11000,0,0,0,0,0,0
TF,DEDHD,38.335517,-122.112808,0, ,0.0,0.0,0.0,0.0,0,0,0,0,0,0,0,0

SID,CIITY3,GRTFL,6
IF,CIITY,37.533117,-122.149511, ,0.0,0.0,2,5000,0,0,0,0,0,0
TF,BCEEE,37.749650,-121.899394,0, ,0.0,0.0,0.0,0.0,2,11000,0,0,0,0,0,0
TF,GRTFL,38.352169,-122.231469,0, ,0.0,0.0,0.0,0.0,0,0,0,0,0,0,0,0

SID,CIITY3,MOGEE,6
IF,CIITY,37.533117,-122.149511, ,0.0,0.0,2,5000,0,0,0,0,0,0
TF,BCEEE,37.749650,-121.899394,0, ,0.0,0.0,0.0,0.0,2,11000,0,0,0,0,0,0
TF,MOGEE,38.336111,-121.389722,0, ,0.0,0.0,0.0,0.0,0,0,0,0,0,0,0,0

SID,CIITY3,ORRCA,6
IF,CIITY,37.533117,-122.149511, ,0.0,0.0,2,5000,0,0,0,0,0,0
TF,BCEEE,37.749650,-121.899394,0, ,0.0,0.0,0.0,0.0,2,11000,0,0,0,0,0,0
TF,ORRCA,38.443658,-121.551622,0, ,0.0,0.0,0.0,0.0,0,0,0,0,0,0,0,0

SID,CIITY3,SYRAH,6
IF,CIITY,37.533117,-122.149511, ,0.0,0.0,2,5000,0,0,0,0,0,0
TF,LLVII,37.700431,-121.779164,0, ,0.0,0.0,0.0,0.0,2,12000,0,0,0,0,0,0
TF,SYRAH,37.991050,-121.103089,0, ,0.0,0.0,0.0,0.0,0,0,0,0,0,0,0,0

SID,CIITY3,TIPRE,6
IF,CIITY,37.533117,-122.149511, ,0.0,0.0,2,5000,0,0,0,0,0,0
TF,BCEEE,37.749650,-121.899394,0, ,0.0,0.0,0.0,0.0,2,11000,0,0,0,0,0,0
TF,TIPRE,38.205833,-121.035833,0, ,0.0,0.0,0.0,0.0,0,0,0,0,0,0,0,0

SID,FOGGG2,10L,4
VA,0,104.0,2,520,0,0,0,0,0,0
DF,FOGGG,37.601431,-122.190153,0, ,0.0,0.0,2,4000,0,0,0,0,0,0

SID,FOGGG2,10R,4
VA,0,104.0,2,520,0,0,0,0,0,0
DF,FOGGG,37.601431,-122.190153,0, ,0.0,0.0,2,4000,0,0,0,0,0,0

SID,FOGGG2,19L,4
VA,0,194.0,2,520,0,0,0,0,0,0
DF,FOGGG,37.601431,-122.190153,1, ,0.0,0.0,2,4000,0,0,0,0,0,0

SID,FOGGG2,19R,4
VA,0,194.0,2,520,0,0,0,0,0,0
DF,FOGGG,37.601431,-122.190153,1, ,0.0,0.0,2,4000,0,0,0,0,0,0

SID,FOGGG2,DEDHD,6
IF,FOGGG,37.601431,-122.190153, ,0.0,0.0,2,4000,0,0,0,0,0,0
TF,WOULD,37.774508,-122.058064,0, ,0.0,0.0,0.0,0.0,2,10000,0,0,0,0,0,0
TF,DEDHD,38.335517,-122.112808,0, ,0.0,0.0,0.0,0.0,0,0,0,0,0,0,0,0

SID,FOGGG2,GRTFL,6
IF,FOGGG,37.601431,-122.190153, ,0.0,0.0,2,4000,0,0,0,0,0,0
TF,WOULD,37.774508,-122.058064,0, ,0.0,0.0,0.0,0.0,2,10000,0,0,0,0,0,0
TF,GRTFL,38.352169,-122.231469,0, ,0.0,0.0,0.0,0.0,0,0,0,0,0,0,0,0

SID,FOGGG2,MOGEE,6
IF,FOGGG,37.601431,-122.190153, ,0.0,0.0,2,4000,0,0,0,0,0,0
TF,BCEEE,37.749650,-121.899394,0, ,0.0,0.0,0.0,0.0,2,11000,0,0,0,0,0,0
TF,MOGEE,38.336111,-121.389722,0, ,0.0,0.0,0.0,0.0,0,0,0,0,0,0,0,0

SID,FOGGG2,ORRCA,6
IF,FOGGG,37.601431,-122.190153, ,0.0,0.0,2,4000,0,0,0,0,0,0
TF,WOULD,37.774508,-122.058064,0, ,0.0,0.0,0.0,0.0,2,10000,0,0,0,0,0,0
TF,ORRCA,38.443658,-121.551622,0, ,0.0,0.0,0.0,0.0,0,0,0,0,0,0,0,0

SID,FOGGG2,SYRAH,6
IF,FOGGG,37.601431,-122.190153, ,0.0,0.0,2,4000,0,0,0,0,0,0
TF,LLVII,37.700431,-121.779164,0, ,0.0,0.0,0.0,0.0,2,12000,0,0,0,0,0,0
TF,SYRAH,37.991050,-121.103089,0, ,0.0,0.0,0.0,0.0,0,0,0,0,0,0,0,0

SID,FOGGG2,TIPRE,6
IF,FOGGG,37.601431,-122.190153, ,0.0,0.0,2,4000,0,0,0,0,0,0
TF,BCEEE,37.749650,-121.899394,0, ,0.0,0.0,0.0,0.0,2,11000,0,0,0,0,0,0
TF,TIPRE,38.205833,-121.035833,0, ,0.0,0.0,0.0,0.0,0,0,0,0,0,0,0,0

SID,GAPP7,01L,1
CA,0,14.0,2,420,0,0,0,0,0,0
FM,SFO,37.619483,-122.373894,0,SFO,0.0,0.0,350.0,0,0,0,0,0,0,0,0

SID,GAPP7,01R,1
CA,0,14.0,2,420,0,0,0,0,0,0
FM,SFO,37.619483,-122.373894,0,SFO,0.0,0.0,350.0,0,0,0,0,0,0,0,0

SID,GAPP7,10L,1
CA,0,104.0,2,420,0,0,0,0,0,0
CF,BARTN,37.548436,-122.083881,0,SFO,90.0,14.5,90.0,15.0,0,0,0,0,0,0,0,0
TF,OSI,37.392500,-122.281303,2, ,0.0,0.0,0.0,0.0,0,0,0,0,0,0,0,0
FM,OSI,37.392500,-122.281303,0,OSI,0.0,0.0,208.0,0,0,0,0,0,0,0,0

SID,GAPP7,10R,1
CA,0,104.0,2,420,0,0,0,0,0,0
CF,BARTN,37.548436,-122.083881,0,SFO,90.0,14.5,90.0,15.0,0,0,0,0,0,0,0,0
TF,OSI,37.392500,-122.281303,2, ,0.0,0.0,0.0,0.0,0,0,0,0,0,0,0,0
FM,OSI,37.392500,-122.281303,0,OSI,0.0,0.0,208.0,0,0,0,0,0,0,0,0

SID,GAPP7,19L,1
CA,0,194.0,2,420,0,0,0,0,0,0
VI,1, ,0.0,60.0,0,0,0,0,0,0,0,0
CF,BARTN,37.548436,-122.083881,0,SFO,90.0,14.5,90.0,9.0,0,0,0,0,0,0,0,0
TF,OSI,37.392500,-122.281303,2, ,0.0,0.0,0.0,0.0,0,0,0,0,0,0,0,0
FM,OSI,37.392500,-122.281303,0,OSI,0.0,0.0,208.0,0,0,0,0,0,0,0,0

SID,GAPP7,19R,1
CA,0,194.0,2,420,0,0,0,0,0,0
VI,1, ,0.0,60.0,0,0,0,0,0,0,0,0
CF,BARTN,37.548436,-122.083881,0,SFO,90.0,14.5,90.0,9.0,0,0,0,0,0,0,0,0
TF,OSI,37.392500,-122.281303,2, ,0.0,0.0,0.0,0.0,0,0,0,0,0,0,0,0
FM,OSI,37.392500,-122.281303,0,OSI,0.0,0.0,208.0,0,0,0,0,0,0,0,0

SID,GAPP7,28L,1
CA,0,284.0,2,420,0,0,0,0,0,0
CF,NORMM,37.720208,-122.613172,0,SFO,281.0,12.9,281.0,13.0,0,0,0,0,0,0,0,0
FM,NORMM,37.720208,-122.613172,0,SFO,0.0,0.0,281.0,0,0,0,0,0,0,0,0

SID,GAPP7,28R,1
CA,0,284.0,2,420,0,0,0,0,0,0
CF,NORMM,37.720208,-122.613172,0,SFO,281.0,12.9,281.0,13.0,0,0,0,0,0,0,0,0
FM,NORMM,37.720208,-122.613172,0,SFO,0.0,0.0,281.0,0,0,0,0,0,0,0,0

SID,GNNRR2,28L,5
VA,0,284.0,2,820,0,0,0,0,0,0
DF,GNNRR,37.674744,-122.503383,0, ,0.0,0.0,0,0,0,0,0,0,0,0

SID,GNNRR2,28R,5
VA,0,284.0,2,820,0,0,0,0,0,0
DF,GNNRR,37.674744,-122.503383,0, ,0.0,0.0,0,0,0,0,0,0,0,0

SID,GNNRR2,ALANN,6
IF,GNNRR,37.674744,-122.503383, ,0.0,0.0,0,0,0,0,0,0,0,0
TF,ALANN,35.596667,-125.940000,0, ,0.0,0.0,0.0,0.0,0,0,0,0,0,0,0,0

SID,GNNRR2,ALCOA,6
IF,GNNRR,37.674744,-122.503383, ,0.0,0.0,0,0,0,0,0,0,0,0
TF,ALCOA,37.833253,-125.834525,0, ,0.0,0.0,0.0,0.0,0,0,0,0,0,0,0,0

SID,GNNRR2,ALLBE,6
IF,GNNRR,37.674744,-122.503383, ,0.0,0.0,0,0,0,0,0,0,0,0
TF,ALLBE,37.506389,-127.000000,0, ,0.0,0.0,0.0,0.0,0,0,0,0,0,0,0,0

SID,GNNRR2,AMAKR,6
IF,GNNRR,37.674744,-122.503383, ,0.0,0.0,0,0,0,0,0,0,0,0
TF,STINS,37.823678,-122.756683,0, ,0.0,0.0,0.0,0.0,0,0,0,0,0,0,0,0
TF,AMAKR,39.000000,-123.750000,0, ,0.0,0.0,0.0,0.0,0,0,0,0,0,0,0,0

SID,GNNRR2,BAART,6
IF,GNNRR,37.674744,-122.503383, ,0.0,0.0,0,0,0,0,0,0,0,0
TF,BAART,36.461944,-126.933333,0, ,0.0,0.0,0.0,0.0,0,0,0,0,0,0,0,0

SID,MOLEN8,10L,1
CA,0,104.0,2,420,0,0,0,0,0,0
CF,SIPLY,37.585333,-122.233500,0,SFO,90.0,7.0,90.0,7.0,2,2500,0,0,0,0,0,0
VI,2, ,0.0,233.0,0,0,0,0,0,0,0,0
CF,STINS,37.823678,-122.756683,2,SFO,287.0,22.0,324.0,27.0,2,5000,0,0,0,0,0,0
TF,MOLEN,37.997872,-123.086797,0, ,0.0,0.0,0.0,0.0,0,0,0,0,0,0,0,0

SID,MOLEN8,10R,1
CA,0,104.0,2,420,0,0,0,0,0,0
CF,SIPLY,37.585333,-122.233500,0,SFO,90.0,7.0,90.0,7.0,2,2500,0,0,0,0,0,0
VI,2, ,0.0,233.0,0,0,0,0,0,0,0,0
CF,STINS,37.823678,-122.756683,2,SFO,287.0,22.0,324.0,27.0,2,5000,0,0,0,0,0,0
TF,MOLEN,37.997872,-123.086797,0, ,0.0,0.0,0.0,0.0,0,0,0,0,0,0,0,0

SID,MOLEN8,19L,1
CA,0,194.0,2,420,0,0,0,0,0,0
VI,1, ,0.0,53.0,0,0,0,0,0,0,0,0
CF,SIPLY,37.585333,-122.233500,0,SFO,90.0,7.0,90.0,3.0,2,2500,0,0,0,0,0,0
VI,2, ,0.0,233.0,0,0,0,0,0,0,0,0
CF,STINS,37.823678,-122.756683,2,SFO,287.0,22.0,324.0,27.0,2,5000,0,0,0,0,0,0
TF,MOLEN,37.997872,-123.086797,0, ,0.0,0.0,0.0,0.0,0,0,0,0,0,0,0,0

SID,MOLEN8,19R,1
CA,0,194.0,2,420,0,0,0,0,0,0
VI,1, ,0.0,53.0,0,0,0,0,0,0,0,0
CF,SIPLY,37.585333,-122.233500,0,SFO,90.0,7.0,90.0,3.0,2,2500,0,0,0,0,0,0
VI,2, ,0.0,233.0,0,0,0,0,0,0,0,0
CF,STINS,37.823678,-122.756683,2,SFO,287.0,22.0,324.0,27.0,2,5000,0,0,0,0,0,0
TF,MOLEN,37.997872,-123.086797,0, ,0.0,0.0,0.0,0.0,0,0,0,0,0,0,0,0

SID,MOLEN8,28L,1
CA,0,284.0,2,420,0,0,0,0,0,0
CF,WESLA,37.664372,-122.480292,0,SFO,281.0,5.7,281.0,6.0,2,1800,0,0,0,0,0,0
CF,MOLEN,37.997872,-123.086797,0,SFO,287.0,40.8,287.0,35.0,0,0,0,0,0,0,0,0

SID,MOLEN8,28R,1
CA,0,284.0,2,420,0,0,0,0,0,0
CF,WESLA,37.664372,-122.480292,0,SFO,281.0,5.7,281.0,6.0,2,1800,0,0,0,0,0,0
CF,MOLEN,37.997872,-123.086797,0,SFO,287.0,40.8,287.0,35.0,0,0,0,0,0,0,0,0

SID,MOLEN8,ENI,3
IF,MOLEN,37.997872,-123.086797, ,0.0,0.0,0,0,0,0,0,0,0,0
TF,ENI,39.053217,-123.274328,0, ,0.0,0.0,0.0,0.0,0,0,0,0,0,0,0,0

SID,NIITE3,01L,4
VA,0,14.0,2,520,0,0,0,0,0,0
DF,MDBAY,37.684775,-122.303606,0, ,0.0,0.0,0,0,0,0,0,0,0,0
TF,HUSSH,37.749500,-122.338592,0, ,0.0,0.0,0.0,0.0,0,0,0,0,0,0,0,0
TF,NIITE,37.845242,-122.386869,0, ,0.0,0.0,0.0,0.0,0,0,0,0,0,0,0,0

SID,NIITE3,01R,4
VA,0,14.0,2,520,0,0,0,0,0,0
DF,MDBAY,37.684775,-122.303606,0, ,0.0,0.0,0,0,0,0,0,0,0,0
TF,HUSSH,37.749500,-122.338592,0, ,0.0,0.0,0.0,0.0,0,0,0,0,0,0,0,0
TF,NIITE,37.845242,-122.386869,0, ,0.0,0.0,0.0,0.0,0,0,0,0,0,0,0,0

SID,NIITE3,28L,4
VA,0,284.0,2,520,0,1,220,0,0,0
DF,GALOO,37.731147,-122.331217,2, ,0.0,0.0,0,0,0,0,0,0,0,0
TF,NIITE,37.845242,-122.386869,0, ,0.0,0.0,0.0,0.0,0,0,0,0,0,0,0,0

SID,NIITE3,28R,4
VA,0,284.0,2,520,0,1,220,0,0,0
DF,GALOO,37.731147,-122.331217,2, ,0.0,0.0,0,0,0,0,0,0,0,0
TF,NIITE,37.845242,-122.386869,0, ,0.0,0.0,0.0,0.0,0,0,0,0,0,0,0,0

SID,NIITE3,DEDHD,6
IF,NIITE,37.845242,-122.386869, ,0.0,0.0,0,0,0,0,0,0,0,0
TF,REBAS,37.940683,-122.383667,0, ,0.0,0.0,0.0,0.0,2,8000,0,0,0,0,0,0
TF,DEDHD,38.335517,-122.112808,0, ,0.0,0.0,0.0,0.0,0,0,0,0,0,0,0,0

SID,NIITE3,GOBBS,6
IF,NIITE,37.845242,-122.386869, ,0.0,0.0,0,0,0,0,0,0,0,0
TF,GOBBS,37.771317,-122.658119,0, ,0.0,0.0,0.0,0.0,0,0,0,0,0,0,0,0

SID,NIITE3,GRTFL,6
IF,NIITE,37.845242,-122.386869, ,0.0,0.0,0,0,0,0,0,0,0,0
TF,REBAS,37.940683,-122.383667,0, ,0.0,0.0,0.0,0.0,2,8000,0,0,0,0,0,0
TF,GRTFL,38.352169,-122.231469,0, ,0.0,0.0,0.0,0.0,0,0,0,0,0,0,0,0

SID,NIITE3,MOGEE,6
IF,NIITE,37.845242,-122.386869, ,0.0,0.0,0,0,0,0,0,0,0,0
TF,REBAS,37.940683,-122.383667,0, ,0.0,0.0,0.0,0.0,2,8000,0,0,0,0,0,0
TF,MOGEE,38.336111,-121.389722,0, ,0.0,0.0,0.0,0.0,0,0,0,0,0,0,0,0

SID,NIITE3,ORRCA,6
IF,NIITE,37.845242,-122.386869, ,0.0,0.0,0,0,0,0,0,0,0,0
TF,REBAS,37.940683,-122.383667,0, ,0.0,0.0,0.0,0.0,2,8000,0,0,0,0,0,0
TF,ORRCA,38.443658,-121.551622,0, ,0.0,0.0,0.0,0.0,0,0,0,0,0,0,0,0

SID,NIITE3,SYRAH,6
IF,NIITE,37.845242,-122.386869, ,0.0,0.0,0,0,0,0,0,0,0,0
TF,REBAS,37.940683,-122.383667,0, ,0.0,0.0,0.0,0.0,2,8000,0,0,0,0,0,0
TF,TAMMM,37.988175,-122.147911,0, ,0.0,0.0,0.0,0.0,0,0,0,0,0,0,0,0
TF,SYRAH,37.991050,-121.103089,0, ,0.0,0.0,0.0,0.0,0,0,0,0,0,0,0,0

SID,NIITE3,TIPRE,6
IF,NIITE,37.845242,-122.386869, ,0.0,0.0,0,0,0,0,0,0,0,0
TF,REBAS,37.940683,-122.383667,0, ,0.0,0.0,0.0,0.0,2,8000,0,0,0,0,0,0
TF,TIPRE,38.205833,-121.035833,0, ,0.0,0.0,0.0,0.0,0,0,0,0,0,0,0,0

SID,OFFSH1,01L,1
CA,0,14.0,2,420,0,0,0,0,0,0
VI,0, ,0.0,333.0,0,0,0,0,0,0,0,0
CF,SEPDY,37.685667,-122.363667,0,SFO,350.0,4.0,350.0,3.0,2,1600,0,0,0,0,0,1
VI,1, ,0.0,203.0,0,0,0,0,0,0,0,0
CF,WAMMY,37.541064,-122.724056,0,PYE,151.0,33.0,151.0,3.0,0,0,0,0,0,0,0,0
TF,SEGUL,36.963036,-122.572131,0, ,0.0,0.0,0.0,0.0,2,16000,0,0,0,0,0,0

SID,OFFSH1,01R,1
CA,0,14.0,2,420,0,0,0,0,0,0
VI,0, ,0.0,333.0,0,0,0,0,0,0,0,0
CF,SEPDY,37.685667,-122.363667,0,SFO,350.0,4.0,350.0,3.0,2,1600,0,0,0,0,0,1
VI,1, ,0.0,203.0,0,0,0,0,0,0,0,0
CF,WAMMY,37.541064,-122.724056,0,PYE,151.0,33.0,151.0,3.0,0,0,0,0,0,0,0,0
TF,SEGUL,36.963036,-122.572131,0, ,0.0,0.0,0.0,0.0,2,16000,0,0,0,0,0,0

SID,OFFSH1,28L,1
CA,0,284.0,2,420,0,0,0,0,0,0
CF,SENZY,37.666500,-122.485167,0,SFO,281.0,6.0,281.0,6.0,2,2500,0,0,0,0,0,1
VI,0, ,0.0,203.0,0,0,0,0,0,0,0,0
CF,WAMMY,37.541064,-122.724056,0,PYE,151.0,33.0,151.0,3.0,0,0,0,0,0,0,0,0
TF,SEGUL,36.963036,-122.572131,0, ,0.0,0.0,0.0,0.0,2,16000,0,0,0,0,0,0

SID,OFFSH1,28R,1
CA,0,284.0,2,420,0,0,0,0,0,0
CF,SENZY,37.666500,-122.485167,0,SFO,281.0,6.0,281.0,6.0,2,2500,0,0,0,0,0,1
VI,0, ,0.0,203.0,0,0,0,0,0,0,0,0
CF,WAMMY,37.541064,-122.724056,0,PYE,151.0,33.0,151.0,3.0,0,0,0,0,0,0,0,0
TF,SEGUL,36.963036,-122.572131,0, ,0.0,0.0,0.0,0.0,2,16000,0,0,0,0,0,0

SID,OFFSH1,ALL,2
IF,SEGUL,36.963036,-122.572131, ,0.0,0.0,2,16000,0,0,0,0,0,0
TF,CYPRS,36.422336,-122.432181,0, ,0.0,0.0,0.0,0.0,2,22000,0,0,0,0,0,0
TF,MCKEY,35.483094,-121.083139,0, ,0.0,0.0,0.0,0.0,0,0,0,0,0,0,0,0

SID,OFFSH1,FLW,3
IF,MCKEY,35.483094,-121.083139, ,0.0,0.0,0,0,0,0,0,0,0,0
TF,MQO,35.252256,-120.759567,0, ,0.0,0.0,0.0,0.0,0,0,0,0,0,0,0,0
TF,FLW,35.093083,-119.865578,0, ,0.0,0.0,0.0,0.0,0,0,0,0,0,0,0,0

SID,OFFSH1,GVO,3
IF,MCKEY,35.483094,-121.083139, ,0.0,0.0,0,0,0,0,0,0,0,0
TF,MQO,35.252256,-120.759567,0, ,0.0,0.0,0.0,0.0,0,0,0,0,0,0,0,0
TF,GVO,34.531319,-120.091089,0, ,0.0,0.0,0.0,0.0,0,0,0,0,0,0,0,0

SID,OFFSH1,RZS,3
IF,MCKEY,35.483094,-121.083139, ,0.0,0.0,0,0,0,0,0,0,0,0
TF,MQO,35.252256,-120.759567,0, ,0.0,0.0,0.0,0.0,0,0,0,0,0,0,0,0
TF,RZS,34.509533,-119.770992,0, ,0.0,0.0,0.0,0.0,0,0,0,0,0,0,0,0

SID,OFFSH1,SXC,3
IF,MCKEY,35.483094,-121.083139, ,0.0,0.0,0,0,0,0,0,0,0,0
TF,DAISY,34.259492,-120.131258,0, ,0.0,0.0,0.0,0.0,0,0,0,0,0,0,0,0
TF,BENET,33.597022,-118.841833,0, ,0.0,0.0,0.0,0.0,0,0,0,0,0,0,0,0
TF,SXC,33.375056,-118.419911,0, ,0.0,0.0,0.0,0.0,0,0,0,0,0,0,0,0

SID,SAHEY3,10L,4
VA,0,104.0,2,520,0,0,0,0,0,0
DF,ORYAN,37.604922,-122.336611,0, ,0.0,0.0,0,0,0,0,0,0,0,0
TF,SAHEY,37.568450,-122.244556,0, ,0.0,0.0,0.0,0.0,0,0,0,0,0,0,0,0

SID,SAHEY3,10R,4
VA,0,104.0,2,520,0,0,0,0,0,0
DF,URRSA,37.603111,-122.337842,0, ,0.0,0.0,0,0,0,0,0,0,0,0
TF,SAHEY,37.568450,-122.244556,0, ,0.0,0.0,0.0,0.0,0,0,0,0,0,0,0,0

SID,SAHEY3,19L,4
VA,0,194.0,2,520,0,1,250,0,0,0
DF,SAHEY,37.568450,-122.244556,1, ,0.0,0.0,0,0,0,0,0,0,0,0

SID,SAHEY3,19R,4
VA,0,194.0,2,520,0,1,250,0,0,0
DF,SAHEY,37.568450,-122.244556,1, ,0.0,0.0,0,0,0,0,0,0,0,0

SID,SAHEY3,CISKO,6
IF,SAHEY,37.568450,-122.244556, ,0.0,0.0,0,0,0,0,0,0,0,0
TF,MAAYS,37.483797,-122.147825,0, ,0.0,0.0,0.0,0.0,2,6000,0,0,0,0,0,0
TF,MCOVY,37.355503,-122.013594,0, ,0.0,0.0,0.0,0.0,2,9000,0,0,0,0,0,0
TF,KTINA,36.384333,-121.163506,0, ,0.0,0.0,0.0,0.0,0,0,0,0,0,0,0,0
TF,CISKO,35.697506,-120.465178,0, ,0.0,0.0,0.0,0.0,0,0,0,0,0,0,0,0

SID,SAHEY3,EBAYE,6
IF,SAHEY,37.568450,-122.244556, ,0.0,0.0,0,0,0,0,0,0,0,0
TF,MAAYS,37.483797,-122.147825,0, ,0.0,0.0,0.0,0.0,2,6000,0,0,0,0,0,0
TF,MCOVY,37.355503,-122.013594,0, ,0.0,0.0,0.0,0.0,2,9000,0,0,0,0,0,0
TF,SUSEY,36.432464,-121.063331,0, ,0.0,0.0,0.0,0.0,0,0,0,0,0,0,0,0
TF,EBAYE,35.868719,-120.260558,0, ,0.0,0.0,0.0,0.0,0,0,0,0,0,0,0,0

SID,SAHEY3,LOSHN,6
IF,SAHEY,37.568450,-122.244556, ,0.0,0.0,0,0,0,0,0,0,0,0
TF,MAAYS,37.483797,-122.147825,0, ,0.0,0.0,0.0,0.0,2,6000,0,0,0,0,0,0
TF,MCOVY,37.355503,-122.013594,0, ,0.0,0.0,0.0,0.0,2,9000,0,0,0,0,0,0
TF,KAYEX,36.487486,-120.947858,0, ,0.0,0.0,0.0,0.0,0,0,0,0,0,0,0,0
TF,LOSHN,35.847608,-120.000475,0, ,0.0,0.0,0.0,0.0,0,0,0,0,0,0,0,0

SID,SAHEY3,NTELL,6
IF,SAHEY,37.568450,-122.244556, ,0.0,0.0,0,0,0,0,0,0,0,0
TF,CIITY,37.533117,-122.149511,0, ,0.0,0.0,0.0,0.0,2,5000,0,0,0,0,0,0
TF,HOPII,37.434072,-121.835078,0, ,0.0,0.0,0.0,0.0,2,13000,0,0,0,0,0,0
TF,NTELL,36.899719,-119.889503,0, ,0.0,0.0,0.0,0.0,0,0,0,0,0,0,0,0

SID,SFO4,01L,1
CA,0,14.0,2,420,0,0,0,0,0,0
VD, ,0,0,0,SFO,0.0,0.0,33.0,6.0,2,3000,0,0,0,0,0,0
VM,0,0,0,33.0,0,0,0,0,0,0,0,0

SID,SFO4,01R,1
CA,0,14.0,2,420,0,0,0,0,0,0
VD, ,0,0,0,SFO,0.0,0.0,33.0,6.0,2,3000,0,0,0,0,0,0
VM,0,0,0,33.0,0,0,0,0,0,0,0,0

SID,SFO4,28L,1
CA,0,284.0,2,420,0,0,0,0,0,0
CF,NORMM,37.720208,-122.613172,0,SFO,281.0,12.9,281.0,13.0,0,0,0,0,0,0,0,0
FM,NORMM,37.720208,-122.613172,0,SFO,0.0,0.0,281.0,0,0,0,0,0,0,0,0

SID,SFO4,28R,1
CA,0,284.0,2,420,0,0,0,0,0,0
CF,NORMM,37.720208,-122.613172,0,SFO,281.0,12.9,281.0,13.0,0,0,0,0,0,0,0,0
FM,NORMM,37.720208,-122.613172,0,SFO,0.0,0.0,281.0,0,0,0,0,0,0,0,0

SID,SNTNA2,28L,5
VA,0,284.0,2,520,0,0,0,0,0,0
DF,KYNNG,37.682600,-122.523750,0, ,0.0,0.0,0,0,0,0,0,0,0,0
TF,KRLOS,37.804489,-122.528450,0, ,0.0,0.0,0.0,0.0,0,0,0,0,0,0,0,0
TF,SNTNA,37.837786,-122.434239,0, ,0.0,0.0,0.0,0.0,0,0,0,0,0,0,0,0

SID,SNTNA2,28R,5
VA,0,284.0,2,520,0,0,0,0,0,0
DF,KYNNG,37.682600,-122.523750,0, ,0.0,0.0,0,0,0,0,0,0,0,0
TF,KRLOS,37.804489,-122.528450,0, ,0.0,0.0,0.0,0.0,0,0,0,0,0,0,0,0
TF,SNTNA,37.837786,-122.434239,0, ,0.0,0.0,0.0,0.0,0,0,0,0,0,0,0,0

SID,SNTNA2,DEDHD,6
IF,SNTNA,37.837786,-122.434239, ,0.0,0.0,0,0,0,0,0,0,0,0
TF,DEDHD,38.335517,-122.112808,0, ,0.0,0.0,0.0,0.0,0,0,0,0,0,0,0,0

SID,SNTNA2,GRTFL,6
IF,SNTNA,37.837786,-122.434239, ,0.0,0.0,0,0,0,0,0,0,0,0
TF,GRTFL,38.352169,-122.231469,0, ,0.0,0.0,0.0,0.0,0,0,0,0,0,0,0,0

SID,SNTNA2,MOGEE,6
IF,SNTNA,37.837786,-122.434239, ,0.0,0.0,0,0,0,0,0,0,0,0
TF,MOGEE,38.336111,-121.389722,0, ,0.0,0.0,0.0,0.0,0,0,0,0,0,0,0,0

SID,SNTNA2,ORRCA,6
IF,SNTNA,37.837786,-122.434239, ,0.0,0.0,0,0,0,0,0,0,0,0
TF,ORRCA,38.443658,-121.551622,0, ,0.0,0.0,0.0,0.0,0,0,0,0,0,0,0,0

SID,SNTNA2,SYRAH,6
IF,SNTNA,37.837786,-122.434239, ,0.0,0.0,0,0,0,0,0,0,0,0
TF,SYRAH,37.991050,-121.103089,0, ,0.0,0.0,0.0,0.0,0,0,0,0,0,0,0,0

SID,SNTNA2,TIPRE,6
IF,SNTNA,37.837786,-122.434239, ,0.0,0.0,0,0,0,0,0,0,0,0
TF,TIPRE,38.205833,-121.035833,0, ,0.0,0.0,0.0,0.0,0,0,0,0,0,0,0,0

SID,SSTIK3,01L,5
VA,0,14.0,2,520,0,1,210,0,0,0
DF,SSTIK,37.678344,-122.361658,0, ,0.0,0.0,0,0,0,0,0,0,0,1
DF,PORTE,37.489786,-122.474578,1, ,0.0,0.0,3,10000,0,0,0,0,0,0

SID,SSTIK3,01R,5
VA,0,14.0,2,520,0,1,210,0,0,0
DF,SSTIK,37.678344,-122.361658,0, ,0.0,0.0,0,0,0,0,0,0,0,1
DF,PORTE,37.489786,-122.474578,1, ,0.0,0.0,3,10000,0,0,0,0,0,0

SID,SSTIK3,CISKO,6
IF,PORTE,37.489786,-122.474578, ,0.0,0.0,3,10000,0,0,0,0,0,0
TF,KTINA,36.384333,-121.163506,0, ,0.0,0.0,0.0,0.0,0,0,0,0,0,0,0,0
TF,CISKO,35.697506,-120.465178,0, ,0.0,0.0,0.0,0.0,0,0,0,0,0,0,0,0

SID,SSTIK3,EBAYE,6
IF,PORTE,37.489786,-122.474578, ,0.0,0.0,3,10000,0,0,0,0,0,0
TF,SUSEY,36.432464,-121.063331,0, ,0.0,0.0,0.0,0.0,0,0,0,0,0,0,0,0
TF,EBAYE,35.868719,-120.260558,0, ,0.0,0.0,0.0,0.0,0,0,0,0,0,0,0,0

SID,SSTIK3,LOSHN,6
IF,PORTE,37.489786,-122.474578, ,0.0,0.0,3,10000,0,0,0,0,0,0
TF,KAYEX,36.487486,-120.947858,0, ,0.0,0.0,0.0,0.0,0,0,0,0,0,0,0,0
TF,LOSHN,35.847608,-120.000475,0, ,0.0,0.0,0.0,0.0,0,0,0,0,0,0,0,0

SID,SSTIK3,NTELL,6
IF,PORTE,37.489786,-122.474578, ,0.0,0.0,3,10000,0,0,0,0,0,0
TF,UTOOB,37.411597,-122.338883,0, ,0.0,0.0,0.0,0.0,0,0,0,0,0,0,0,0
TF,NTELL,36.899719,-119.889503,0, ,0.0,0.0,0.0,0.0,0,0,0,0,0,0,0,0

SID,SSTIK3,YYUNG,6
IF,PORTE,37.489786,-122.474578, ,0.0,0.0,3,10000,0,0,0,0,0,0
TF,FFOIL,37.006203,-122.564189,0, ,0.0,0.0,0.0,0.0,0,0,0,0,0,0,0,0
TF,FLOKK,36.523650,-122.107556,0, ,0.0,0.0,0.0,0.0,0,0,0,0,0,0,0,0
TF,YYUNG,35.516083,-121.068686,0, ,0.0,0.0,0.0,0.0,0,0,0,0,0,0,0,0

SID,TRUKN2,01L,4
VA,0,14.0,2,520,0,0,0,0,0,0
DF,TYDYE,37.689319,-122.268944,0, ,0.0,0.0,2,3000,0,0,0,0,0,0
TF,TRUKN,37.717558,-122.214589,0, ,0.0,0.0,0.0,0.0,0,0,0,0,0,0,0,0

SID,TRUKN2,01R,4
VA,0,14.0,2,520,0,0,0,0,0,0
DF,TYDYE,37.689319,-122.268944,0, ,0.0,0.0,2,3000,0,0,0,0,0,0
TF,TRUKN,37.717558,-122.214589,0, ,0.0,0.0,0.0,0.0,0,0,0,0,0,0,0,0

SID,TRUKN2,28L,4
VA,0,284.0,2,520,0,1,210,0,0,0
DF,TRUKN,37.717558,-122.214589,2, ,0.0,0.0,0,0,0,0,0,0,0,0

SID,TRUKN2,28R,4
VA,0,284.0,2,520,0,1,210,0,0,0
DF,TRUKN,37.717558,-122.214589,2, ,0.0,0.0,0,0,0,0,0,0,0,0

SID,TRUKN2,DEDHD,6
IF,TRUKN,37.717558,-122.214589, ,0.0,0.0,0,0,0,0,0,0,0,0
TF,DEDHD,38.335517,-122.112808,0, ,0.0,0.0,0.0,0.0,0,0,0,0,0,0,0,0

SID,TRUKN2,GRTFL,6
IF,TRUKN,37.717558,-122.214589, ,0.0,0.0,0,0,0,0,0,0,0,0
TF,GRTFL,38.352169,-122.231469,0, ,0.0,0.0,0.0,0.0,0,0,0,0,0,0,0,0

SID,TRUKN2,MOGEE,6
IF,TRUKN,37.717558,-122.214589, ,0.0,0.0,0,0,0,0,0,0,0,0
TF,HYPEE,37.880244,-122.067483,0, ,0.0,0.0,0.0,0.0,0,0,0,0,0,0,0,0
TF,MOGEE,38.336111,-121.389722,0, ,0.0,0.0,0.0,0.0,0,0,0,0,0,0,0,0

SID,TRUKN2,ORRCA,6
IF,TRUKN,37.717558,-122.214589, ,0.0,0.0,0,0,0,0,0,0,0,0
TF,HYPEE,37.880244,-122.067483,0, ,0.0,0.0,0.0,0.0,0,0,0,0,0,0,0,0
TF,ORRCA,38.443658,-121.551622,0, ,0.0,0.0,0.0,0.0,0,0,0,0,0,0,0,0

SID,TRUKN2,SYRAH,6
IF,TRUKN,37.717558,-122.214589, ,0.0,0.0,0,0,0,0,0,0,0,0
TF,COSMC,37.826061,-122.004900,0, ,0.0,0.0,0.0,0.0,0,0,0,0,0,0,0,0
TF,SYRAH,37.991050,-121.103089,0, ,0.0,0.0,0.0,0.0,0,0,0,0,0,0,0,0

SID,TRUKN2,TIPRE,6
IF,TRUKN,37.717558,-122.214589, ,0.0,0.0,0,0,0,0,0,0,0,0
TF,COSMC,37.826061,-122.004900,0, ,0.0,0.0,0.0,0.0,0,0,0,0,0,0,0,0
TF,TIPRE,38.205833,-121.035833,0, ,0.0,0.0,0.0,0.0,0,0,0,0,0,0,0,0

SID,WESLA3,28L,5
VA,0,284.0,2,520,0,0,0,0,0,0
DF,WESLA,37.664372,-122.480292,0, ,0.0,0.0,2,2000,0,1,230,0,0,1
DF,PORTE,37.489786,-122.474578,1, ,0.0,0.0,0,0,0,0,0,0,0,0

SID,WESLA3,28R,5
VA,0,284.0,2,520,0,0,0,0,0,0
DF,WESLA,37.664372,-122.480292,0, ,0.0,0.0,2,2000,0,1,230,0,0,1
DF,PORTE,37.489786,-122.474578,1, ,0.0,0.0,0,0,0,0,0,0,0,0

SID,WESLA3,CISKO,6
IF,PORTE,37.489786,-122.474578, ,0.0,0.0,0,0,0,0,0,0,0,0
TF,KTINA,36.384333,-121.163506,0, ,0.0,0.0,0.0,0.0,0,0,0,0,0,0,0,0
TF,CISKO,35.697506,-120.465178,0, ,0.0,0.0,0.0,0.0,0,0,0,0,0,0,0,0

SID,WESLA3,EBAYE,6
IF,PORTE,37.489786,-122.474578, ,0.0,0.0,0,0,0,0,0,0,0,0
TF,SUSEY,36.432464,-121.063331,0, ,0.0,0.0,0.0,0.0,0,0,0,0,0,0,0,0
TF,EBAYE,35.868719,-120.260558,0, ,0.0,0.0,0.0,0.0,0,0,0,0,0,0,0,0

SID,WESLA3,LOSHN,6
IF,PORTE,37.489786,-122.474578, ,0.0,0.0,0,0,0,0,0,0,0,0
TF,KAYEX,36.487486,-120.947858,0, ,0.0,0.0,0.0,0.0,0,0,0,0,0,0,0,0
TF,LOSHN,35.847608,-120.000475,0, ,0.0,0.0,0.0,0.0,0,0,0,0,0,0,0,0

SID,WESLA3,NTELL,6
IF,PORTE,37.489786,-122.474578, ,0.0,0.0,0,0,0,0,0,0,0,0
TF,UTOOB,37.411597,-122.338883,0, ,0.0,0.0,0.0,0.0,0,0,0,0,0,0,0,0
TF,NTELL,36.899719,-119.889503,0, ,0.0,0.0,0.0,0.0,0,0,0,0,0,0,0,0

SID,WESLA3,YYUNG,6
IF,PORTE,37.489786,-122.474578, ,0.0,0.0,0,0,0,0,0,0,0,0
TF,FFOIL,37.006203,-122.564189,0, ,0.0,0.0,0.0,0.0,0,0,0,0,0,0,0,0
TF,FLOKK,36.523650,-122.107556,0, ,0.0,0.0,0.0,0.0,0,0,0,0,0,0,0,0
TF,YYUNG,35.516083,-121.068686,0, ,0.0,0.0,0.0,0.0,0,0,0,0,0,0,0,0

STAR,ALWYS1,INYOE,4
IF,INYOE,37.895622,-118.764992, ,0.0,0.0,0,0,0,0,0,0,0,0
TF,DYAMD,37.699161,-120.404428,0, ,0.0,0.0,0.0,0.0,2,27000,0,0,0,0,0,0

STAR,ALWYS1,RUSME,4
IF,RUSME,37.494167,-117.520000, ,0.0,0.0,0,0,0,0,0,0,0,0
TF,DYAMD,37.699161,-120.404428,0, ,0.0,0.0,0.0,0.0,2,27000,0,0,0,0,0,0

STAR,ALWYS1,19L,5
IF,DYAMD,37.699161,-120.404428, ,0.0,0.0,2,27000,0,0,0,0,0,0
TF,LAANE,37.658983,-120.747392,0, ,0.0,0.0,0.0,0.0,4,26000,22000,1,280,0,0,0
TF,ALWYS,37.633419,-120.959431,0, ,0.0,0.0,0.0,0.0,0,0,0,0,0,0,0,0
TF,HEFLY,37.683853,-121.231031,0, ,0.0,0.0,0.0,0.0,4,19000,14000,1,250,0,0,0
TF,ARRTU,37.733622,-121.502989,0, ,0.0,0.0,0.0,0.0,1,10000,0,1,250,0,0,0
TF,ADDMM,37.771028,-121.708586,0, ,0.0,0.0,0.0,0.0,1,9000,0,1,240,0,0,0
TF,COGGR,37.818981,-121.976144,0, ,0.0,0.0,0.0,0.0,4,9000,7000,1,210,0,0,0
TF,BERKS,37.860861,-122.211678,0, ,0.0,0.0,0.0,0.0,1,5000,0,1,210,0,0,0

STAR,ALWYS1,19R,5
IF,DYAMD,37.699161,-120.404428, ,0.0,0.0,2,27000,0,0,0,0,0,0
TF,LAANE,37.658983,-120.747392,0, ,0.0,0.0,0.0,0.0,4,26000,22000,1,280,0,0,0
TF,ALWYS,37.633419,-120.959431,0, ,0.0,0.0,0.0,0.0,0,0,0,0,0,0,0,0
TF,HEFLY,37.683853,-121.231031,0, ,0.0,0.0,0.0,0.0,4,19000,14000,1,250,0,0,0
TF,ARRTU,37.733622,-121.502989,0, ,0.0,0.0,0.0,0.0,1,10000,0,1,250,0,0,0
TF,ADDMM,37.771028,-121.708586,0, ,0.0,0.0,0.0,0.0,1,9000,0,1,240,0,0,0
TF,COGGR,37.818981,-121.976144,0, ,0.0,0.0,0.0,0.0,4,9000,7000,1,210,0,0,0
TF,BERKS,37.860861,-122.211678,0, ,0.0,0.0,0.0,0.0,1,5000,0,1,210,0,0,0

STAR,BDEGA2,AMAKR,4
IF,AMAKR,39.000000,-123.750000, ,0.0,0.0,0,0,0,0,0,0,0,0
TF,QUINN,38.479953,-123.088150,0, ,0.0,0.0,0.0,0.0,4,28000,24000,1,280,0,0,0
TF,BGGLO,38.224589,-122.767506,0, ,0.0,0.0,0.0,0.0,4,23000,19000,1,280,0,0,0
TF,LOZIT,37.899325,-122.673194,0, ,0.0,0.0,0.0,0.0,3,16000,0,1,280,0,0,0

STAR,BDEGA2,LEGGS,4
IF,LEGGS,39.336625,-121.095764, ,0.0,0.0,0,0,0,0,0,0,0,0
TF,GEEHH,38.453333,-122.428650,0, ,0.0,0.0,0.0,0.0,4,28000,24000,1,280,0,0,0
TF,BGGLO,38.224589,-122.767506,0, ,0.0,0.0,0.0,0.0,4,23000,19000,1,280,0,0,0
TF,LOZIT,37.899325,-122.673194,0, ,0.0,0.0,0.0,0.0,3,16000,0,1,280,0,0,0

STAR,BDEGA2,MLBEC,4
IF,MLBEC,38.874772,-122.958989, ,0.0,0.0,2,29000,0,0,0,0,0,0
TF,JONNE,38.551042,-122.863275,0, ,0.0,0.0,0.0,0.0,4,28000,24000,1,280,0,0,0
TF,BGGLO,38.224589,-122.767506,0, ,0.0,0.0,0.0,0.0,4,23000,19000,1,280,0,0,0
TF,LOZIT,37.899325,-122.673194,0, ,0.0,0.0,0.0,0.0,3,16000,0,1,280,0,0,0

STAR,BDEGA2,MRRLO,4
IF,MRRLO,38.897547,-122.578233, ,0.0,0.0,2,29000,0,0,0,0,0,0
TF,MSCAT,38.566697,-122.671667,0, ,0.0,0.0,0.0,0.0,4,28000,24000,1,280,0,0,0
TF,BGGLO,38.224589,-122.767506,0, ,0.0,0.0,0.0,0.0,4,23000,19000,1,280,0,0,0
TF,LOZIT,37.899325,-122.673194,0, ,0.0,0.0,0.0,0.0,3,16000,0,1,280,0,0,0

STAR,BDEGA2,PEENO,4
IF,PEENO,38.570258,-123.615533, ,0.0,0.0,2,29000,0,0,0,0,0,0
TF,DEEAN,38.349164,-123.302289,0, ,0.0,0.0,0.0,0.0,4,28000,24000,1,280,0,0,0
TF,LOZIT,37.899325,-122.673194,0, ,0.0,0.0,0.0,0.0,3,16000,0,1,280,0,0,0

STAR,BDEGA2,ALL,5
IF,LOZIT,37.899325,-122.673194, ,0.0,0.0,3,16000,0,1,280,0,0,0
TF,BDEGA,37.823025,-122.592200,0, ,0.0,0.0,0.0,0.0,3,13000,0,0,0,0,0,0
TF,CORKK,37.733589,-122.497550,0, ,0.0,0.0,0.0,0.0,1,11000,0,1,250,0,0,0
TF,BRIXX,37.617844,-122.374528,0, ,0.0,0.0,0.0,0.0,0,0,0,0,0,0,0,1
FM,BRIXX,37.617844,-122.374528,0,EHF,0.0,0.0,140.0,0,0,0,0,0,0,0,0

STAR,BSR3,ALL,2
IF,BSR,36.181294,-121.642114, ,0.0,0.0,0,0,0,0,0,0,0,0
TF,CARME,36.455183,-121.879714,0, ,0.0,0.0,0.0,0.0,0,0,0,0,0,0,0,0
TF,ANJEE,36.746286,-121.964892,0, ,0.0,0.0,0.0,0.0,0,0,0,0,0,0,0,0
TF,SKUNK,37.007594,-122.033228,0, ,0.0,0.0,0.0,0.0,0,0,0,0,0,0,0,0
TF,BOLDR,37.170886,-122.076167,0, ,0.0,0.0,0.0,0.0,0,0,0,1,250,0,0,0
TF,MENLO,37.463686,-122.153658,0, ,0.0,0.0,0.0,0.0,0,0,0,0,0,0,0,0
VM,37.618806,-122.375417,0,330.0,0,0,0,0,0,0,0,0

STAR,DYAMD3,INYOE,4
IF,INYOE,37.895622,-118.764992, ,0.0,0.0,0,0,0,0,0,0,0,0
TF,DYAMD,37.699161,-120.404428,0, ,0.0,0.0,0.0,0.0,2,27000,0,0,0,0,0,0

STAR,DYAMD3,RUSME,4
IF,RUSME,37.494167,-117.520000, ,0.0,0.0,0,0,0,0,0,0,0,0
TF,DYAMD,37.699161,-120.404428,0, ,0.0,0.0,0.0,0.0,2,27000,0,0,0,0,0,0

STAR,DYAMD3,28L,5
IF,DYAMD,37.699161,-120.404428, ,0.0,0.0,2,27000,0,0,0,0,0,0
TF,LAANE,37.658983,-120.747392,0, ,0.0,0.0,0.0,0.0,4,26000,22000,1,280,0,0,0
TF,ALWYS,37.633419,-120.959431,0, ,0.0,0.0,0.0,0.0,0,0,0,0,0,0,0,0
TF,FLOWZ,37.592519,-121.264750,0, ,0.0,0.0,0.0,0.0,4,19000,14000,1,280,0,0,0
TF,CEDES,37.550822,-121.624586,0, ,0.0,0.0,0.0,0.0,4,12000,10000,1,250,0,0,0
TF,FRELY,37.510575,-121.793153,0, ,0.0,0.0,0.0,0.0,2,8000,0,1,240,0,0,0
TF,ARCHI,37.490797,-121.875542,0, ,0.0,0.0,0.0,0.0,1,8000,0,1,230,0,0,0

STAR,DYAMD3,28R,5
IF,DYAMD,37.699161,-120.404428, ,0.0,0.0,2,27000,0,0,0,0,0,0
TF,LAANE,37.658983,-120.747392,0, ,0.0,0.0,0.0,0.0,4,26000,22000,1,280,0,0,0
TF,ALWYS,37.633419,-120.959431,0, ,0.0,0.0,0.0,0.0,0,0,0,0,0,0,0,0
TF,FLOWZ,37.592519,-121.264750,0, ,0.0,0.0,0.0,0.0,4,19000,14000,1,280,0,0,0
TF,CEDES,37.550822,-121.624586,0, ,0.0,0.0,0.0,0.0,4,12000,10000,1,250,0,0,0
TF,FRELY,37.510575,-121.793153,0, ,0.0,0.0,0.0,0.0,2,8000,0,1,240,0,0,0
TF,ARCHI,37.490797,-121.875542,0, ,0.0,0.0,0.0,0.0,1,8000,0,1,230,0,0,0

STAR,GOLDN7,ENI,1
IF,ENI,39.053217,-123.274328, ,0.0,0.0,0,0,0,0,0,0,0,0
TF,PYE,38.079756,-122.867828,0, ,0.0,0.0,0.0,0.0,0,0,0,0,0,0,0,0

STAR,GOLDN7,FMG,1
IF,FMG,39.531278,-119.656075, ,0.0,0.0,0,0,0,0,0,0,0,0
TF,ILA,39.071175,-122.027269,0, ,0.0,0.0,0.0,0.0,0,0,0,0,0,0,0,0
TF,PYE,38.079756,-122.867828,0, ,0.0,0.0,0.0,0.0,0,0,0,0,0,0,0,0

STAR,GOLDN7,FOT,1
IF,FOT,40.671275,-124.234536, ,0.0,0.0,0,0,0,0,0,0,0,0
TF,LETHH,38.621508,-123.144586,0, ,0.0,0.0,0.0,0.0,0,0,0,0,0,0,0,0
TF,PYE,38.079756,-122.867828,0, ,0.0,0.0,0.0,0.0,0,0,0,0,0,0,0,0

STAR,GOLDN7,RBG,1
IF,RBG,43.182422,-123.352239, ,0.0,0.0,0,0,0,0,0,0,0,0
TF,ENI,39.053217,-123.274328,0, ,0.0,0.0,0.0,0.0,0,0,0,0,0,0,0,0
TF,PYE,38.079756,-122.867828,0, ,0.0,0.0,0.0,0.0,0,0,0,0,0,0,0,0

STAR,GOLDN7,RBL,1
IF,RBL,40.098911,-122.236350, ,0.0,0.0,0,0,0,0,0,0,0,0
TF,GOWCH,38.566364,-122.719019,0, ,0.0,0.0,0.0,0.0,0,0,0,0,0,0,0,0
TF,PYE,38.079756,-122.867828,0, ,0.0,0.0,0.0,0.0,0,0,0,0,0,0,0,0

STAR,GOLDN7,ALL,2
IF,PYE,38.079756,-122.867828, ,0.0,0.0,0,0,0,0,0,0,0,0
TF,LOZIT,37.899325,-122.673194,0, ,0.0,0.0,0.0,0.0,0,0,0,0,0,0,0,0
TF,DUXBY,37.695881,-122.455286,0, ,0.0,0.0,0.0,0.0,0,0,0,0,0,0,0,0
TF,SFO,37.619483,-122.373894,0, ,0.0,0.0,0.0,0.0,0,0,0,0,0,0,0,0

STAR,MOD8,CZQ,1
IF,CZQ,36.884322,-119.815144, ,0.0,0.0,0,0,0,0,0,0,0,0
TF,LNNDA,37.482222,-120.444167,0, ,0.0,0.0,0.0,0.0,0,0,0,0,0,0,0,0
TF,MOD,37.627375,-120.957867,0, ,0.0,0.0,0.0,0.0,0,0,0,0,0,0,0,0

STAR,MOD8,FMG,1
IF,FMG,39.531278,-119.656075, ,0.0,0.0,0,0,0,0,0,0,0,0
TF,TROSE,37.699161,-120.404222,0, ,0.0,0.0,0.0,0.0,0,0,0,0,0,0,0,0
TF,MOD,37.627375,-120.957867,0, ,0.0,0.0,0.0,0.0,0,0,0,0,0,0,0,0

STAR,MOD8,MVA,1
IF,MVA,38.565300,-118.032853, ,0.0,0.0,0,0,0,0,0,0,0,0
TF,INYOE,37.895622,-118.764992,0, ,0.0,0.0,0.0,0.0,0,0,0,0,0,0,0,0
TF,KYLLA,37.826078,-119.368194,0, ,0.0,0.0,0.0,0.0,0,0,0,0,0,0,0,0
TF,TROSE,37.699161,-120.404222,0, ,0.0,0.0,0.0,0.0,0,0,0,0,0,0,0,0
TF,MOD,37.627375,-120.957867,0, ,0.0,0.0,0.0,0.0,0,0,0,0,0,0,0,0

STAR,MOD8,OAL,1
IF,OAL,38.003261,-117.770447, ,0.0,0.0,0,0,0,0,0,0,0,0
TF,INYOE,37.895622,-118.764992,0, ,0.0,0.0,0.0,0.0,0,0,0,0,0,0,0,0
TF,KYLLA,37.826078,-119.368194,0, ,0.0,0.0,0.0,0.0,0,0,0,0,0,0,0,0
TF,TROSE,37.699161,-120.404222,0, ,0.0,0.0,0.0,0.0,0,0,0,0,0,0,0,0
TF,MOD,37.627375,-120.957867,0, ,0.0,0.0,0.0,0.0,0,0,0,0,0,0,0,0

STAR,MOD8,ALL,2
IF,MOD,37.627375,-120.957867, ,0.0,0.0,0,0,0,0,0,0,0,0
TF,LEEFF,37.608664,-121.124028,0, ,0.0,0.0,0.0,0.0,0,0,0,0,0,0,0,0
TF,GROAN,37.590319,-121.285078,0, ,0.0,0.0,0.0,0.0,0,0,0,0,0,0,0,0
TF,CEDES,37.550822,-121.624586,0, ,0.0,0.0,0.0,0.0,0,0,0,0,0,0,0,0
TF,ARCHI,37.490797,-121.875542,0, ,0.0,0.0,0.0,0.0,0,0,0,0,0,0,0,0
TF,MEHTA,37.461692,-121.996525,0, ,0.0,0.0,0.0,0.0,0,0,0,0,0,0,0,0
FM,MEHTA,37.461692,-121.996525,0,SFO,0.0,0.0,236.0,0,0,0,0,0,0,0,0

STAR,PYE3,ENI,1
IF,ENI,39.053217,-123.274328, ,0.0,0.0,0,0,0,0,0,0,0,0
TF,PYE,38.079756,-122.867828,0, ,0.0,0.0,0.0,0.0,0,0,0,0,0,0,0,0

STAR,PYE3,SAC,1
IF,SAC,38.443744,-121.551650, ,0.0,0.0,0,0,0,0,0,0,0,0
TF,POPES,38.485947,-122.345878,0, ,0.0,0.0,0.0,0.0,0,0,0,0,0,0,0,0
TF,PYE,38.079756,-122.867828,0, ,0.0,0.0,0.0,0.0,0,0,0,0,0,0,0,0

STAR,PYE3,ALL,2
IF,PYE,38.079756,-122.867828, ,0.0,0.0,0,0,0,0,0,0,0,0
TF,STINS,37.823678,-122.756683,0, ,0.0,0.0,0.0,0.0,0,0,0,0,0,0,0,0
TF,HADLY,37.402358,-122.575592,0, ,0.0,0.0,0.0,0.0,0,0,0,0,0,0,0,0
TF,OSI,37.392500,-122.281303,0, ,0.0,0.0,0.0,0.0,0,0,0,0,0,0,0,0

STAR,RISTI1,ORRCA,4
IF,ORRCA,38.443658,-121.551622, ,0.0,0.0,0,0,0,0,0,0,0,0
TF,HAIRE,37.907136,-121.480378,0, ,0.0,0.0,0.0,0.0,0,0,0,0,0,0,0,0
TF,BYRON,37.822864,-121.469369,0, ,0.0,0.0,0.0,0.0,0,0,0,0,0,0,0,0
TF,TRACY,37.731439,-121.459303,0, ,0.0,0.0,0.0,0.0,0,0,0,0,0,0,0,0
TF,MOVDD,37.661356,-121.448203,0, ,0.0,0.0,0.0,0.0,0,0,0,0,0,0,0,0
TF,RISTI,37.608125,-121.533278,0, ,0.0,0.0,0.0,0.0,0,0,0,0,0,0,0,0

STAR,RISTI1,TIPRE,4
IF,TIPRE,38.205833,-121.035833, ,0.0,0.0,0,0,0,0,0,0,0,0
TF,OOWEN,37.706992,-121.274781,0, ,0.0,0.0,0.0,0.0,0,0,0,0,0,0,0,0
TF,MOVDD,37.661356,-121.448203,0, ,0.0,0.0,0.0,0.0,0,0,0,0,0,0,0,0
TF,RISTI,37.608125,-121.533278,0, ,0.0,0.0,0.0,0.0,0,0,0,0,0,0,0,0

STAR,RISTI1,ALL,5
IF,RISTI,37.608125,-121.533278, ,0.0,0.0,0,0,0,0,0,0,0,0
TF,CEDES,37.550822,-121.624586,0, ,0.0,0.0,0.0,0.0,1,9000,0,0,0,0,0,1
VM,37.618806,-122.375417,0,220.0,0,0,0,0,0,0,0,0

STAR,SERFR2,ALL,5
IF,SERFR,36.068306,-121.364664, ,0.0,0.0,0,0,0,0,0,0,0,0
TF,NRRLI,36.495600,-121.699400,0, ,0.0,0.0,0.0,0.0,2,20000,0,1,280,0,0,0
TF,WWAVS,36.741531,-121.894233,0, ,0.0,0.0,0.0,0.0,4,19000,15000,1,280,0,0,0

STAR,SERFR2,28L,6
IF,WWAVS,36.741531,-121.894233, ,0.0,0.0,4,19000,15000,1,280,0,0,0
TF,EPICK,36.950822,-121.952672,0, ,0.0,0.0,0.0,0.0,4,15000,10000,1,280,0,0,0
TF,EDDYY,37.326450,-122.099708,0, ,0.0,0.0,0.0,0.0,2,6000,0,1,240,0,0,0
TF,SWELS,37.368156,-122.116081,0, ,0.0,0.0,0.0,0.0,2,4700,0,0,0,0,0,0
TF,MENLO,37.463686,-122.153658,0, ,0.0,0.0,0.0,0.0,1,4000,0,1,230,0,0,0

STAR,SERFR2,28R,6
IF,WWAVS,36.741531,-121.894233, ,0.0,0.0,4,19000,15000,1,280,0,0,0
TF,EPICK,36.950822,-121.952672,0, ,0.0,0.0,0.0,0.0,4,15000,10000,1,280,0,0,0
TF,EDDYY,37.326450,-122.099708,0, ,0.0,0.0,0.0,0.0,2,6000,0,1,240,0,0,0
TF,SWELS,37.368156,-122.116081,0, ,0.0,0.0,0.0,0.0,2,4700,0,0,0,0,0,0
TF,MENLO,37.463686,-122.153658,0, ,0.0,0.0,0.0,0.0,1,4000,0,1,230,0,0,0

STAR,STINS3,ENI,1
IF,ENI,39.053217,-123.274328, ,0.0,0.0,0,0,0,0,0,0,0,0
TF,PYE,38.079756,-122.867828,0, ,0.0,0.0,0.0,0.0,0,0,0,0,0,0,0,0

STAR,STINS3,FMG,1
IF,FMG,39.531278,-119.656075, ,0.0,0.0,0,0,0,0,0,0,0,0
TF,ILA,39.071175,-122.027269,0, ,0.0,0.0,0.0,0.0,0,0,0,0,0,0,0,0
TF,PYE,38.079756,-122.867828,0, ,0.0,0.0,0.0,0.0,0,0,0,0,0,0,0,0

STAR,STINS3,FOT,1
IF,FOT,40.671275,-124.234536, ,0.0,0.0,0,0,0,0,0,0,0,0
TF,LETHH,38.621508,-123.144586,0, ,0.0,0.0,0.0,0.0,0,0,0,0,0,0,0,0
TF,PYE,38.079756,-122.867828,0, ,0.0,0.0,0.0,0.0,0,0,0,0,0,0,0,0

STAR,STINS3,RBG,1
IF,RBG,43.182422,-123.352239, ,0.0,0.0,0,0,0,0,0,0,0,0
TF,ENI,39.053217,-123.274328,0, ,0.0,0.0,0.0,0.0,0,0,0,0,0,0,0,0
TF,PYE,38.079756,-122.867828,0, ,0.0,0.0,0.0,0.0,0,0,0,0,0,0,0,0

STAR,STINS3,RBL,1
IF,RBL,40.098911,-122.236350, ,0.0,0.0,0,0,0,0,0,0,0,0
TF,GOWCH,38.566364,-122.719019,0, ,0.0,0.0,0.0,0.0,0,0,0,0,0,0,0,0
TF,PYE,38.079756,-122.867828,0, ,0.0,0.0,0.0,0.0,0,0,0,0,0,0,0,0

STAR,STINS3,ALL,2
IF,PYE,38.079756,-122.867828, ,0.0,0.0,0,0,0,0,0,0,0,0
TF,STINS,37.823678,-122.756683,0, ,0.0,0.0,0.0,0.0,0,0,0,0,0,0,0,0
TF,SFO,37.619483,-122.373894,0, ,0.0,0.0,0.0,0.0,0,0,0,0,0,0,0,0

STAR,STLER2,AMAKR,4
IF,AMAKR,39.000000,-123.750000, ,0.0,0.0,0,0,0,0,0,0,0,0
TF,QUINN,38.479953,-123.088150,0, ,0.0,0.0,0.0,0.0,4,27000,24000,1,280,0,0,0
TF,BGGLO,38.224589,-122.767506,0, ,0.0,0.0,0.0,0.0,4,19000,15000,1,280,0,0,0
TF,LOZIT,37.899325,-122.673194,0, ,0.0,0.0,0.0,0.0,3,11000,0,1,250,0,0,0

STAR,STLER2,LEGGS,4
IF,LEGGS,39.336625,-121.095764, ,0.0,0.0,0,0,0,0,0,0,0,0
TF,GEEHH,38.453333,-122.428650,0, ,0.0,0.0,0.0,0.0,4,27000,24000,1,280,0,0,0
TF,BGGLO,38.224589,-122.767506,0, ,0.0,0.0,0.0,0.0,4,19000,15000,1,280,0,0,0
TF,LOZIT,37.899325,-122.673194,0, ,0.0,0.0,0.0,0.0,3,11000,0,1,250,0,0,0

STAR,STLER2,MLBEC,4
IF,MLBEC,38.874772,-122.958989, ,0.0,0.0,2,28000,0,0,0,0,0,0
TF,JONNE,38.551042,-122.863275,0, ,0.0,0.0,0.0,0.0,4,27000,24000,1,280,0,0,0
TF,BGGLO,38.224589,-122.767506,0, ,0.0,0.0,0.0,0.0,4,19000,15000,1,280,0,0,0
TF,LOZIT,37.899325,-122.673194,0, ,0.0,0.0,0.0,0.0,3,11000,0,1,250,0,0,0

STAR,STLER2,MRRLO,4
IF,MRRLO,38.897547,-122.578233, ,0.0,0.0,2,28000,0,0,0,0,0,0
TF,MSCAT,38.566697,-122.671667,0, ,0.0,0.0,0.0,0.0,4,27000,24000,1,280,0,0,0
TF,BGGLO,38.224589,-122.767506,0, ,0.0,0.0,0.0,0.0,4,19000,15000,1,280,0,0,0
TF,LOZIT,37.899325,-122.673194,0, ,0.0,0.0,0.0,0.0,3,11000,0,1,250,0,0,0

STAR,STLER2,PEENO,4
IF,PEENO,38.570258,-123.615533, ,0.0,0.0,2,28000,0,0,0,0,0,0
TF,DEEAN,38.349164,-123.302289,0, ,0.0,0.0,0.0,0.0,4,27000,24000,1,280,0,0,0
TF,LOZIT,37.899325,-122.673194,0, ,0.0,0.0,0.0,0.0,3,11000,0,1,250,0,0,0

STAR,STLER2,19L,5
IF,LOZIT,37.899325,-122.673194, ,0.0,0.0,3,11000,0,1,250,0,0,0
TF,STLER,37.701364,-122.711064,0, ,0.0,0.0,0.0,0.0,2,8000,0,0,0,0,0,0
TF,WESLA,37.664372,-122.480292,0, ,0.0,0.0,0.0,0.0,0,0,0,0,0,0,0,0
TF,MVRKK,37.736972,-122.454450,0, ,0.0,0.0,0.0,0.0,1,7000,0,1,210,0,0,1
FM,MVRKK,37.736972,-122.454450,0,CZQ,0.0,0.0,360.0,0,0,0,0,0,0,0,0

STAR,STLER2,19R,5
IF,LOZIT,37.899325,-122.673194, ,0.0,0.0,3,11000,0,1,250,0,0,0
TF,STLER,37.701364,-122.711064,0, ,0.0,0.0,0.0,0.0,2,8000,0,0,0,0,0,0
TF,WESLA,37.664372,-122.480292,0, ,0.0,0.0,0.0,0.0,0,0,0,0,0,0,0,0
TF,MVRKK,37.736972,-122.454450,0, ,0.0,0.0,0.0,0.0,1,7000,0,1,210,0,0,1
FM,MVRKK,37.736972,-122.454450,0,CZQ,0.0,0.0,360.0,0,0,0,0,0,0,0,0

STAR,WWAVS1,19L,5
IF,SERFR,36.068306,-121.364664, ,0.0,0.0,0,0,0,0,0,0,0,0
TF,NRRLI,36.495600,-121.699400,0, ,0.0,0.0,0.0,0.0,2,20000,0,1,280,0,0,0
TF,WWAVS,36.741531,-121.894233,0, ,0.0,0.0,0.0,0.0,4,19000,15000,1,280,0,0,0
TF,WPOUT,37.119486,-122.292742,0, ,0.0,0.0,0.0,0.0,1,11000,0,1,250,0,0,0
TF,THEEZ,37.503469,-122.424753,0, ,0.0,0.0,0.0,0.0,2,8000,0,1,240,0,0,0
TF,WESLA,37.664372,-122.480292,0, ,0.0,0.0,0.0,0.0,1,6000,0,1,210,0,0,0
TF,MVRKK,37.736972,-122.454450,0, ,0.0,0.0,0.0,0.0,0,0,0,0,0,0,0,1
FM,MVRKK,37.736972,-122.454450,0,SJC,0.0,0.0,360.0,0,0,0,0,0,0,0,0

STAR,WWAVS1,19R,5
IF,SERFR,36.068306,-121.364664, ,0.0,0.0,0,0,0,0,0,0,0,0
TF,NRRLI,36.495600,-121.699400,0, ,0.0,0.0,0.0,0.0,2,20000,0,1,280,0,0,0
TF,WWAVS,36.741531,-121.894233,0, ,0.0,0.0,0.0,0.0,4,19000,15000,1,280,0,0,0
TF,WPOUT,37.119486,-122.292742,0, ,0.0,0.0,0.0,0.0,1,11000,0,1,250,0,0,0
TF,THEEZ,37.503469,-122.424753,0, ,0.0,0.0,0.0,0.0,2,8000,0,1,240,0,0,0
TF,WESLA,37.664372,-122.480292,0, ,0.0,0.0,0.0,0.0,1,6000,0,1,210,0,0,0
TF,MVRKK,37.736972,-122.454450,0, ,0.0,0.0,0.0,0.0,0,0,0,0,0,0,0,1
FM,MVRKK,37.736972,-122.454450,0,SJC,0.0,0.0,360.0,0,0,0,0,0,0,0,0

STAR,YOSEM3,28L,5
IF,YOSEM,37.762742,-118.766611, ,0.0,0.0,0,0,0,0,0,0,0,0
TF,SNORA,37.645556,-119.806294,0, ,0.0,0.0,0.0,0.0,0,0,0,0,0,0,0,0
TF,ZOMER,37.545347,-120.631442,0, ,0.0,0.0,0.0,0.0,2,27000,0,1,280,0,0,0
TF,FRIGG,37.465508,-121.257289,0, ,0.0,0.0,0.0,0.0,3,19000,0,0,0,0,0,0
TF,SOOIE,37.428572,-121.607639,0, ,0.0,0.0,0.0,0.0,4,13000,11000,1,250,0,0,0
TF,FAITH,37.401217,-121.861900,0, ,0.0,0.0,0.0,0.0,1,8000,0,0,0,0,0,0

STAR,YOSEM3,28R,5
IF,YOSEM,37.762742,-118.766611, ,0.0,0.0,0,0,0,0,0,0,0,0
TF,SNORA,37.645556,-119.806294,0, ,0.0,0.0,0.0,0.0,0,0,0,0,0,0,0,0
TF,ZOMER,37.545347,-120.631442,0, ,0.0,0.0,0.0,0.0,2,27000,0,1,280,0,0,0
TF,FRIGG,37.465508,-121.257289,0, ,0.0,0.0,0.0,0.0,3,19000,0,0,0,0,0,0
TF,SOOIE,37.428572,-121.607639,0, ,0.0,0.0,0.0,0.0,4,13000,11000,1,250,0,0,0
TF,FAITH,37.401217,-121.861900,0, ,0.0,0.0,0.0,0.0,1,8000,0,0,0,0,0,0

APPTR,I19L,19L,CCR
IF,CCR,38.044919,-122.045208, ,0.0,0.0,0,0,0,0,0,0,0,0
TF,UPEND,38.031983,-122.097067,0, ,0.0,0.0,0.0,0.0,2,5000,0,0,0,0,1,0
CF,BERKS,37.860861,-122.211678,0,ISIA,13.8,17.4,194.0,11.6,2,5000,0,0,0,0,1,0

FINAL,I19L,19L,I,3
IF,BERKS,37.860861,-122.211678,ISIA,13.8,17.4,2,5000,0,0,0,0,0,0
CF,SHAKE,37.754039,-122.282922,0,ISIA,13.8,10.1,194.0,7.2,1,2800,0,0,0,0,2,0
CF,RW19L,37.627342,-122.367111,0,ISIA,13.8,1.6,194.0,8.6,1,66,0,0,0,0,3,0
CA,0,194.0,2,520,0,0,0,0,0,0
CF,DUMBA,37.503517,-122.096147,1,SFO,100.6,15.0,101.0,13.0,2,3000,0,0,0,0,0,0
HM,DUMBA,37.503517,-122.096147,1, ,0.0,0.0,281.0,04.3,0,0,0,0,0,0,0,0,0

APPTR,I28L,28L,ARCHI
IF,ARCHI,37.490797,-121.875542, ,0.0,0.0,1,8000,0,1,230,0,1,0
TF,PONKE,37.458817,-121.996053,0, ,0.0,0.0,0.0,0.0,2,8000,0,0,0,0,0,0
TF,WETOR,37.484719,-122.057142,0, ,0.0,0.0,0.0,0.0,2,5000,0,0,0,0,0,0
TF,ROKME,37.510592,-122.118275,0, ,0.0,0.0,0.0,0.0,2,4000,0,0,0,0,0,0
CF,HEMAN,37.533850,-122.173333,0,ISFO,103.8,12.0,284.0,3.0,2,3100,0,0,0,0,1,0

APPTR,I28L,28L,FAITH
IF,FAITH,37.401217,-121.861900, ,0.0,0.0,0,0,0,0,0,0,1,0
TF,DIVEC,37.432883,-121.935008,0, ,0.0,0.0,0.0,0.0,2,7000,0,0,0,0,0,0
TF,PONKE,37.458817,-121.996053,0, ,0.0,0.0,0.0,0.0,2,6000,0,0,0,0,0,0
TF,WETOR,37.484719,-122.057142,0, ,0.0,0.0,0.0,0.0,2,5000,0,0,0,0,0,0
TF,ROKME,37.510592,-122.118275,0, ,0.0,0.0,0.0,0.0,2,4000,0,0,0,0,0,0
CF,HEMAN,37.533850,-122.173333,0,ISFO,103.8,12.0,284.0,3.0,2,3100,0,0,0,0,1,0

APPTR,I28L,28L,MENLO
IF,MENLO,37.463686,-122.153658, ,0.0,0.0,1,4000,0,1,230,0,1,0
CF,HEMAN,37.533850,-122.173333,0,ISFO,103.8,12.0,333.0,4.3,2,3100,0,0,0,0,1,0

FINAL,I28L,28L,I,3
IF,HEMAN,37.533850,-122.173333,ISFO,103.8,12.0,2,3100,0,0,0,0,0,0
CF,DUYET,37.567400,-122.252928,0,ISFO,103.8,7.7,284.0,4.3,1,1800,0,0,0,0,2,0
CF,RW28L,37.612097,-122.359264,0,ISFO,103.8,1.9,284.0,5.8,1,66,0,0,0,0,3,0
CA,0,284.0,2,420,0,0,0,0,0,0
CF,OLYMM,37.716028,-122.672689,0,SFO,275.2,15.4,275.0,16.0,2,4000,0,0,0,0,0,0
HM,OLYMM,37.716028,-122.672689,1, ,0.0,0.0,275.0,04.3,0,0,0,0,0,0,0,0,0

APPTR,I28R,28R,ARCHI
IF,ARCHI,37.490797,-121.875542, ,0.0,0.0,1,8000,0,1,230,0,1,0
TF,ZILED,37.495625,-121.958211,0, ,0.0,0.0,0.0,0.0,2,6000,0,0,0,0,0,0
TF,GIRRR,37.499600,-122.027236,0, ,0.0,0.0,0.0,0.0,2,5000,0,0,0,0,0,0
TF,DUMBA,37.503517,-122.096147,0, ,0.0,0.0,0.0,0.0,2,4000,0,0,0,0,0,0
CF,CEPIN,37.535953,-122.172875,0,IGWQ,103.8,12.0,284.0,4.2,2,3000,0,0,0,0,1,0

APPTR,I28R,28R,DUMBA
IF,DUMBA,37.503517,-122.096147, ,0.0,0.0,0,0,0,0,0,0,1,0
CF,CEPIN,37.535953,-122.172875,0,IGWQ,103.8,12.0,284.0,4.2,2,3000,0,0,0,0,1,0

APPTR,I28R,28R,MENLO
IF,MENLO,37.463686,-122.153658, ,0.0,0.0,1,4000,0,1,230,0,1,0
CF,CEPIN,37.535953,-122.172875,0,IGWQ,103.8,12.0,331.0,4.4,2,3000,0,0,0,0,1,0

FINAL,I28R,28R,I,3
IF,CEPIN,37.535953,-122.172875,IGWQ,103.8,12.0,2,3000,0,0,0,0,0,0
CF,AXMUL,37.571514,-122.257197,0,IGWQ,103.8,7.5,284.0,4.6,1,1800,0,0,0,0,2,0
CF,RW28R,37.613919,-122.358058,0,IGWQ,103.8,2.0,284.0,5.4,1,68,0,0,0,0,3,0
CA,0,284.0,2,420,0,0,0,0,0,0
CF,VIKYU,37.713511,-122.596206,0,SFO,281.1,12.0,281.0,12.0,2,3000,0,0,0,0,0,0
HM,VIKYU,37.713511,-122.596206,2, ,0.0,0.0,281.0,04.3,0,0,0,0,0,0,0,0,0

APPTR,R10L,10L,STINS
IF,STINS,37.823678,-122.756683, ,0.0,0.0,0,0,0,0,0,0,1,0
TF,NORMM,37.720208,-122.613172,0, ,0.0,0.0,0.0,0.0,2,3500,0,0,0,0,1,0

FINAL,R10L,10L,R,3
IF,NORMM,37.720208,-122.613172, ,0.0,0.0,2,3500,0,0,0,0,0,0
TF,XATTU,37.671189,-122.494828,0, ,0.0,0.0,104.0,6.4,2,1800,0,0,0,0,2,0
TF,RW10L,37.628739,-122.393392,0, ,0.0,0.0,104.0,5.5,1,61,0,0,0,0,3,1
CA,0,104.0,2,413,0,0,0,0,0,0
DF,DUMBA,37.503517,-122.096147,0, ,0.0,0.0,2,4000,0,0,0,0,0,1
HM,DUMBA,37.503517,-122.096147,1, ,0.0,0.0,284.0,04,0,0,0,0,0,0,0,0,0

APPTR,R10RY,10R,STINS
IF,STINS,37.823678,-122.756683, ,0.0,0.0,0,0,0,0,0,0,1,0
TF,DOTNE,37.718661,-122.614267,0, ,0.0,0.0,0.0,0.0,2,3500,0,0,0,0,1,0

FINAL,R10RY,10R,R,3
IF,DOTNE,37.718661,-122.614267, ,0.0,0.0,2,3500,0,0,0,0,0,0
TF,JULOS,37.671014,-122.499989,0, ,0.0,0.0,104.0,6.2,2,1900,0,0,0,0,2,0
TF,RW10R,37.626292,-122.393106,0, ,0.0,0.0,104.0,5.8,1,67,0,0,0,0,3,1
CA,0,104.0,2,413,0,0,0,0,0,0
DF,DUMBA,37.503517,-122.096147,0, ,0.0,0.0,2,4000,0,0,0,0,0,1
HM,DUMBA,37.503517,-122.096147,1, ,0.0,0.0,284.0,04,0,0,0,0,0,0,0,0,0

APPTR,R10RZ,10R,STINS
IF,STINS,37.823678,-122.756683, ,0.0,0.0,0,0,0,0,0,0,1,0
TF,DOTNE,37.718661,-122.614267,0, ,0.0,0.0,0.0,0.0,2,3500,0,0,0,0,1,0

FINAL,R10RZ,10R,R,3
IF,DOTNE,37.718661,-122.614267, ,0.0,0.0,2,3500,0,0,0,0,0,0
TF,JULOS,37.671014,-122.499989,0, ,0.0,0.0,104.0,6.2,2,1900,0,0,0,0,2,0
TF,RW10R,37.626292,-122.393106,0, ,0.0,0.0,104.0,5.8,1,67,0,0,0,0,3,1
TF,IGUKE,37.570000,-122.259103,0, ,0.0,0.0,0.0,0.0,0,0,0,0,0,0,0,0
TF,DUMBA,37.503517,-122.096147,0, ,0.0,0.0,0.0,0.0,2,3600,0,0,0,0,0,1
HM,DUMBA,37.503517,-122.096147,1, ,0.0,0.0,284.0,04,0,0,0,0,0,0,0,0,0

APPTR,R19L,19L,UPEND
IF,UPEND,38.031983,-122.097067, ,0.0,0.0,0,0,0,0,0,0,1,0
TF,BERKS,37.860861,-122.211678,0, ,0.0,0.0,0.0,0.0,2,5000,0,0,0,0,1,0

FINAL,R19L,19L,R,4
IF,BERKS,37.860861,-122.211678, ,0.0,0.0,2,5000,0,0,0,0,0,0
TF,SHAKE,37.754039,-122.282922,0, ,0.0,0.0,194.0,7.2,2,2800,0,0,0,0,2,0
TF,ROGGE,37.708503,-122.313217,0, ,0.0,0.0,194.0,3.1,2,1800,0,0,0,0,0,0
TF,RW19L,37.627342,-122.367111,0, ,0.0,0.0,194.0,5.5,1,66,0,0,0,0,3,1
CA,0,194.0,2,420,0,0,0,0,0,0
DF,DUMBA,37.503517,-122.096147,1, ,0.0,0.0,2,3000,0,0,0,0,0,1
HM,DUMBA,37.503517,-122.096147,1, ,0.0,0.0,284.0,04,0,0,0,0,0,0,0,0,0

APPTR,R19R,19R,UPEND
IF,UPEND,38.031983,-122.097067, ,0.0,0.0,0,0,0,0,0,0,1,0
TF,HITOD,37.864164,-122.212397,0, ,0.0,0.0,0.0,0.0,2,4000,0,0,0,0,1,0

FINAL,R19R,19R,R,4
IF,HITOD,37.864164,-122.212397, ,0.0,0.0,2,4000,0,0,0,0,0,0
TF,ESUME,37.753242,-122.286381,0, ,0.0,0.0,194.0,7.5,2,2800,0,0,0,0,2,0
TF,FOBOT,37.675181,-122.338289,0, ,0.0,0.0,194.0,5.3,2,1100,0,0,0,0,0,0
TF,RW19R,37.626481,-122.370608,0, ,0.0,0.0,194.0,3.3,1,64,0,0,0,0,3,1
CA,0,194.0,2,600,0,0,0,0,0,0
DF,DUMBA,37.503517,-122.096147,1, ,0.0,0.0,2,3000,0,1,210,0,0,1
HM,DUMBA,37.503517,-122.096147,1, ,0.0,0.0,284.0,04,0,0,0,0,0,0,0,0,0

APPTR,R28L,28L,ARCHI
IF,ARCHI,37.490797,-121.875542, ,0.0,0.0,1,8000,0,1,230,0,1,0
TF,PONKE,37.458817,-121.996053,0, ,0.0,0.0,0.0,0.0,2,6000,0,0,0,0,0,0
TF,WETOR,37.484719,-122.057142,0, ,0.0,0.0,0.0,0.0,2,5000,0,0,0,0,0,0
TF,ROKME,37.510592,-122.118275,0, ,0.0,0.0,0.0,0.0,2,4000,0,0,0,0,0,0
TF,HEMAN,37.533850,-122.173333,0, ,0.0,0.0,0.0,0.0,2,3100,0,0,0,0,1,0

APPTR,R28L,28L,FAITH
IF,FAITH,37.401217,-121.861900, ,0.0,0.0,0,0,0,0,0,0,1,0
TF,DIVEC,37.432883,-121.935008,0, ,0.0,0.0,0.0,0.0,2,7000,0,0,0,0,0,0
TF,PONKE,37.458817,-121.996053,0, ,0.0,0.0,0.0,0.0,2,6000,0,0,0,0,0,0
TF,WETOR,37.484719,-122.057142,0, ,0.0,0.0,0.0,0.0,2,5000,0,0,0,0,0,0
TF,ROKME,37.510592,-122.118275,0, ,0.0,0.0,0.0,0.0,2,4000,0,0,0,0,0,0
TF,HEMAN,37.533850,-122.173333,0, ,0.0,0.0,0.0,0.0,2,3100,0,0,0,0,1,0

APPTR,R28L,28L,MENLO
IF,MENLO,37.463686,-122.153658, ,0.0,0.0,1,4000,0,1,230,0,1,0
TF,HEMAN,37.533850,-122.173333,0, ,0.0,0.0,0.0,0.0,2,3100,0,0,0,0,1,0

FINAL,R28L,28L,R,4
IF,HEMAN,37.533850,-122.173333, ,0.0,0.0,2,3100,0,0,0,0,0,0
TF,DUYET,37.567400,-122.252928,0, ,0.0,0.0,284.0,4.3,2,1800,0,0,0,0,2,0
TF,NEPIC,37.585894,-122.296883,0, ,0.0,0.0,284.0,2.4,2,1080,0,0,0,0,0,0
TF,RW28L,37.612097,-122.359264,0, ,0.0,0.0,284.0,3.4,1,66,0,0,0,0,3,1
CA,0,284.0,2,213,0,0,0,0,0,0
DF,OLYMM,37.716028,-122.672689,0, ,0.0,0.0,2,4000,0,0,0,0,0,1
HM,OLYMM,37.716028,-122.672689,1, ,0.0,0.0,278.0,04,0,0,0,0,0,0,0,0,0

APPTR,R28RX,28R,ANETE
IF,ANETE,37.463739,-121.942753, ,0.0,0.0,2,7000,0,0,0,0,1,0
TF,FATUS,37.485914,-122.002303,0, ,0.0,0.0,0.0,0.0,2,6000,0,0,0,0,0,0
TF,HEGOT,37.508061,-122.061889,0, ,0.0,0.0,0.0,0.0,2,5000,0,0,0,0,1,0

FINAL,R28RX,28R,R,6
IF,HEGOT,37.508061,-122.061889, ,0.0,0.0,2,5000,0,0,0,0,0,0
TF,WASOP,37.530178,-122.121517,0, ,0.0,0.0,281.0,3.1,2,4000,0,0,0,0,0,0
TF,MIUKE,37.552267,-122.181181,0, ,0.0,0.0,281.0,3.1,2,3000,0,0,0,0,0,0
TF,GOBEC,37.578733,-122.252828,0, ,0.0,0.0,281.0,3.8,2,1800,0,0,0,0,2,0
TF,DARNE,37.593275,-122.292258,0, ,0.0,0.0,281.0,2.1,1,1140,0,0,0,0,0,1
TF,CFFKC,37.616864,-122.356342,0, ,0.0,0.0,281.0,3.4,1,68,0,0,0,0,3,1
VA,2,30.0,2,3000,0,0,0,0,0,0
DF,OAK,37.725922,-122.223586,0, ,0.0,0.0,0,0,0,1,230,0,0,1
HM,OAK,37.725922,-122.223586,2, ,0.0,0.0,63.0,04,0,0,0,0,0,0,0,0,0

APPTR,R28RY,28R,ARCHI
IF,ARCHI,37.490797,-121.875542, ,0.0,0.0,1,8000,0,1,230,0,1,0
TF,WIBNI,37.516719,-122.031364,0, ,0.0,0.0,0.0,0.0,2,4900,0,0,0,0,0,0
TF,GUTTS,37.546622,-122.155939,0, ,0.0,0.0,0.0,0.0,2,3400,0,0,0,0,1,0

APPTR,R28RY,28R,MENLO
IF,MENLO,37.463686,-122.153658, ,0.0,0.0,1,4000,0,1,230,0,1,0
TF,GUTTS,37.546622,-122.155939,0, ,0.0,0.0,0.0,0.0,2,3400,0,0,0,0,1,0

FINAL,R28RY,28R,R,5
IF,GUTTS,37.546622,-122.155939, ,0.0,0.0,2,3400,0,0,0,0,0,0
TF,DONNG,37.586744,-122.251392,0, ,0.0,0.0,284.0,5.2,2,1800,0,0,0,0,2,0
RF,JOSUF,37.592164,-122.285522,1,CFFJZ,267.0,2.9,2,1264,0,0,0,0,0,0
RF,FABLA,37.597475,-122.318911,2,CFFJX,283.5,2.9,2,740,0,0,0,0,0,0
TF,RW28R,37.613919,-122.358058,0, ,0.0,0.0,284.0,2.1,1,68,0,0,0,0,3,1
TF,VIKYU,37.713511,-122.596206,0, ,0.0,0.0,0.0,0.0,2,3000,0,0,0,0,0,1
HM,VIKYU,37.713511,-122.596206,2, ,0.0,0.0,284.0,04,0,0,0,0,0,0,0,0,0

APPTR,R28RZ,28R,ARCHI
IF,ARCHI,37.490797,-121.875542, ,0.0,0.0,1,8000,0,1,230,0,1,0
TF,ZILED,37.495625,-121.958211,0, ,0.0,0.0,0.0,0.0,2,6000,0,0,0,0,0,0
TF,GIRRR,37.499600,-122.027236,0, ,0.0,0.0,0.0,0.0,2,5000,0,0,0,0,0,0
TF,DUMBA,37.503517,-122.096147,0, ,0.0,0.0,0.0,0.0,2,4000,0,0,0,0,0,0
TF,CEPIN,37.535953,-122.172875,0, ,0.0,0.0,0.0,0.0,2,3000,0,0,0,0,1,0

APPTR,R28RZ,28R,DUMBA
IF,DUMBA,37.503517,-122.096147, ,0.0,0.0,0,0,0,0,0,0,1,0
TF,CEPIN,37.535953,-122.172875,0, ,0.0,0.0,0.0,0.0,2,3000,0,0,0,0,1,0

APPTR,R28RZ,28R,MENLO
IF,MENLO,37.463686,-122.153658, ,0.0,0.0,1,4000,0,1,230,0,1,0
TF,CEPIN,37.535953,-122.172875,0, ,0.0,0.0,0.0,0.0,2,3000,0,0,0,0,1,0

FINAL,R28RZ,28R,R,3
IF,CEPIN,37.535953,-122.172875, ,0.0,0.0,2,3000,0,0,0,0,0,0
TF,AXMUL,37.571514,-122.257197,0, ,0.0,0.0,284.0,4.6,2,1800,0,0,0,0,2,0
TF,RW28R,37.613919,-122.358058,0, ,0.0,0.0,284.0,5.4,1,68,0,0,0,0,3,1
CA,0,284.0,2,213,0,0,0,0,0,0
DF,VIKYU,37.713511,-122.596206,0, ,0.0,0.0,2,3000,0,0,0,0,0,1
HM,VIKYU,37.713511,-122.596206,2, ,0.0,0.0,284.0,04,0,0,0,0,0,0,0,0,0

APPTR,X28R,28R,ANETE
IF,ANETE,37.463739,-121.942753, ,0.0,0.0,2,7000,0,0,0,0,1,0
TF,FATUS,37.485914,-122.002303,0, ,0.0,0.0,0.0,0.0,2,6000,0,0,0,0,0,0
TF,HEGOT,37.508061,-122.061889,0, ,0.0,0.0,0.0,0.0,2,5000,0,0,0,0,0,0
TF,WASOP,37.530178,-122.121517,0, ,0.0,0.0,0.0,0.0,2,4000,0,0,0,0,0,0
CF,MIUKE,37.552267,-122.181181,0,IFNP,100.8,9.8,281.0,3.1,2,3000,0,0,0,0,0,0

FINAL,X28R,28R,C,4
IF,MIUKE,37.552267,-122.181181,IFNP,100.8,9.8,2,3000,0,0,0,0,0,0
CF,GOBEC,37.578733,-122.252828,0,IFNP,100.8,6.1,281.0,3.8,2,1800,0,0,0,0,2,0
CF,DARNE,37.593275,-122.292258,0,IFNP,100.8,4.0,281.0,2.1,2,1140,0,0,0,0,0,0
CF,CFFKC,37.616864,-122.356342,0,IFNP,100.8,0.6,281.0,3.4,1,68,0,0,0,0,3,0
VA,2,30.0,2,3000,0,0,0,0,0,0
DF,OAK,37.725922,-122.223586,0, ,0.0,0.0,0,0,0,0,0,0,0,0
HM,OAK,37.725922,-122.223586,2, ,0.0,0.0,60.0,04.3,0,0,0,0,0,0,0,0,0

