APPTR,R03,03,KAPLE
HF,KAPLE,37.574781,-82.770272,2, ,0.0,0.0,36.0,05,2,4300,0,0,0,0,1,0,0

APPTR,R03,03,UBHES
IF,UBHES,37.501775,-82.719556, ,0.0,0.0,2,4300,0,0,0,0,1,0
TF,KAPLE,37.574781,-82.770272,0, ,0.0,0.0,0.0,0.0,2,4300,0,0,0,0,1,0

APPTR,R03,03,ZOBDU
IF,ZOBDU,37.576236,-82.875083, ,0.0,0.0,2,4300,0,0,0,0,1,0
TF,KAPLE,37.574781,-82.770272,0, ,0.0,0.0,0.0,0.0,2,4300,0,0,0,0,1,0

FINAL,R03,03,R,4
IF,KAPLE,37.574781,-82.770272, ,0.0,0.0,2,4300,0,0,0,0,0,0
TF,LORIC,37.660553,-82.705353,0, ,0.0,0.0,36.0,6.0,2,3100,0,0,0,0,2,0
TF,SUYKO,37.705136,-82.671536,0, ,0.0,0.0,36.0,3.1,2,2100,0,0,0,0,0,0
TF,RW03,37.745142,-82.641153,0, ,0.0,0.0,36.0,2.8,1,1215,0,0,0,0,3,1
CA,0,36.0,2,1621,0,0,0,0,0,0
DF,GENCE,37.911572,-82.514317,0, ,0.0,0.0,2,4100,0,0,0,0,0,1
HM,GENCE,37.911572,-82.514317,2, ,0.0,0.0,216.0,05,0,0,0,0,0,0,0,0,0

APPTR,R21,21,GENCE
HF,GENCE,37.911572,-82.514317,2, ,0.0,0.0,216.0,05,2,4100,0,0,0,0,1,0,0

APPTR,R21,21,WEVID
IF,WEVID,37.909792,-82.409042, ,0.0,0.0,2,4100,0,0,0,0,1,0
TF,GENCE,37.911572,-82.514317,0, ,0.0,0.0,0.0,0.0,2,4100,0,0,0,0,1,0

APPTR,R21,21,ZUSRI
IF,ZUSRI,37.984661,-82.565119, ,0.0,0.0,2,4100,0,0,0,0,1,0
TF,GENCE,37.911572,-82.514317,0, ,0.0,0.0,0.0,0.0,2,4100,0,0,0,0,1,0

FINAL,R21,21,R,3
IF,GENCE,37.911572,-82.514317, ,0.0,0.0,2,4100,0,0,0,0,0,0
TF,COOKC,37.825911,-82.579683,0, ,0.0,0.0,216.0,6.0,2,2800,0,0,0,0,2,0
TF,RW21,37.756894,-82.632219,0, ,0.0,0.0,216.0,4.8,1,1261,0,0,0,0,3,1
CA,0,216.0,2,1471,0,0,0,0,0,0
DF,KAPLE,37.574781,-82.770272,0, ,0.0,0.0,2,4300,0,0,0,0,0,1
HM,KAPLE,37.574781,-82.770272,2, ,0.0,0.0,36.0,05,0,0,0,0,0,0,0,0,0

