SID,HAWWC2,04R,4
VA,0,41.0,2,540,0,0,0,0,0,0
VM,0,0,0,41.0,0,0,0,0,0,0,0,0
DF,PIJIN,33.867553,-118.328556,0, ,0.0,0.0,2,4000,0,0,0,0,0,0
TF,HAWWC,33.915256,-118.414100,0, ,0.0,0.0,0.0,0.0,2,5000,0,0,0,0,0,0

SID,HAWWC2,22L,4
VA,0,221.0,2,540,0,0,0,0,0,0
VM,0,0,0,181.0,0,0,0,0,0,0,0,0
DF,PIJIN,33.867553,-118.328556,0, ,0.0,0.0,2,4000,0,0,0,0,0,0
TF,HAWWC,33.915256,-118.414100,0, ,0.0,0.0,0.0,0.0,2,5000,0,0,0,0,0,0

SID,HAWWC2,IKAYE,6
IF,HAWWC,33.915256,-118.414100, ,0.0,0.0,2,5000,0,0,0,0,0,0
TF,WROBN,34.007469,-118.494472,0, ,0.0,0.0,0.0,0.0,1,6000,0,0,0,0,0,0
TF,ORIYL,34.053550,-118.592797,0, ,0.0,0.0,0.0,0.0,0,0,0,0,0,0,0,0
TF,MOOOS,34.051303,-118.760811,0, ,0.0,0.0,0.0,0.0,0,0,0,0,0,0,0,0
TF,IKAYE,34.143056,-119.010278,0, ,0.0,0.0,0.0,0.0,0,0,0,0,0,0,0,0

SID,REDHL2,04R,4
VA,0,41.0,2,540,0,0,0,0,0,0
VM,0,0,0,41.0,0,0,0,0,0,0,0,0
DF,REDHL,33.806583,-117.981806,0, ,0.0,0.0,2,2800,0,0,0,0,0,0

SID,REDHL2,22L,4
VA,0,221.0,2,536,0,0,0,0,0,0
VM,0,0,0,180.0,0,0,0,0,0,0,0,0
DF,REDHL,33.806583,-117.981806,0, ,0.0,0.0,2,2800,0,0,0,0,0,0

SID,REDHL2,ALL,5
IF,REDHL,33.806583,-117.981806, ,0.0,0.0,2,2800,0,0,0,0,0,0
TF,PLZZA,33.872200,-117.876161,0, ,0.0,0.0,0.0,0.0,0,0,0,0,0,0,0,0

SID,REDHL2,HEC,6
IF,PLZZA,33.872200,-117.876161, ,0.0,0.0,0,0,0,0,0,0,0,0
TF,CUTOR,33.874206,-117.775736,0, ,0.0,0.0,0.0,0.0,0,0,0,0,0,0,0,0
TF,DRGON,33.881750,-117.671386,0, ,0.0,0.0,0.0,0.0,1,7000,0,0,0,0,0,0
TF,PDZ,33.918336,-117.529997,0, ,0.0,0.0,0.0,0.0,0,0,0,0,0,0,0,0
TF,APLES,34.548467,-117.149483,0, ,0.0,0.0,0.0,0.0,0,0,0,0,0,0,0,0
TF,HEC,34.797017,-116.462922,0, ,0.0,0.0,0.0,0.0,0,0,0,0,0,0,0,0

SID,REDHL2,LHS,6
IF,PLZZA,33.872200,-117.876161, ,0.0,0.0,0,0,0,0,0,0,0,0
TF,POWUP,33.944792,-117.851825,0, ,0.0,0.0,0.0,0.0,1,6000,0,0,0,0,0,0
TF,PIRRO,34.035447,-117.876333,0, ,0.0,0.0,0.0,0.0,1,6000,0,0,0,0,0,0
TF,ITSME,34.075022,-118.004808,0, ,0.0,0.0,0.0,0.0,0,0,0,0,0,0,0,0
TF,ELMOO,34.098500,-118.081258,0, ,0.0,0.0,0.0,0.0,1,8000,0,0,0,0,0,0
TF,KULVR,34.214658,-118.208608,0, ,0.0,0.0,0.0,0.0,0,0,0,0,0,0,0,0
TF,KIMMO,34.410158,-118.417269,0, ,0.0,0.0,0.0,0.0,0,0,0,0,0,0,0,0
TF,LHS,34.682972,-118.576939,0, ,0.0,0.0,0.0,0.0,0,0,0,0,0,0,0,0

STAR,KAYOH7,HEC,1
IF,HEC,34.797017,-116.462922, ,0.0,0.0,0,0,0,0,0,0,0,0
TF,BULGY,34.667825,-116.621944,0, ,0.0,0.0,0.0,0.0,0,0,0,0,0,0,0,0
TF,DAWNA,34.264978,-117.113061,0, ,0.0,0.0,0.0,0.0,0,0,0,0,0,0,0,0
TF,HDF,33.776328,-117.185322,0, ,0.0,0.0,0.0,0.0,0,0,0,0,0,0,0,0
TF,FRETS,33.779542,-117.497689,0, ,0.0,0.0,0.0,0.0,0,0,0,0,0,0,0,0
TF,KAYOH,33.780333,-117.590144,0, ,0.0,0.0,0.0,0.0,0,0,0,0,0,0,0,0

STAR,KAYOH7,PSP,1
IF,PSP,33.870014,-116.429783, ,0.0,0.0,0,0,0,0,0,0,0,0
TF,AHLEX,33.882314,-116.689594,0, ,0.0,0.0,0.0,0.0,0,0,0,0,0,0,0,0
TF,BANDS,33.889608,-116.849481,0, ,0.0,0.0,0.0,0.0,0,0,0,0,0,0,0,0
TF,HDF,33.776328,-117.185322,0, ,0.0,0.0,0.0,0.0,0,0,0,0,0,0,0,0
TF,FRETS,33.779542,-117.497689,0, ,0.0,0.0,0.0,0.0,0,0,0,0,0,0,0,0
TF,KAYOH,33.780333,-117.590144,0, ,0.0,0.0,0.0,0.0,0,0,0,0,0,0,0,0

STAR,KAYOH7,ALL,2
IF,KAYOH,33.780333,-117.590144, ,0.0,0.0,0,0,0,0,0,0,0,0
TF,JOGIT,33.781761,-117.780853,0, ,0.0,0.0,0.0,0.0,0,0,0,0,0,0,0,0
TF,SLI,33.783300,-118.054758,0, ,0.0,0.0,0.0,0.0,0,0,0,0,0,0,0,0

APPTR,N22L,22L,SLI
IF,SLI,33.783300,-118.054758, ,0.0,0.0,0,0,0,0,0,0,0,0
TF,CABEN,33.847783,-117.985667,0, ,0.0,0.0,0.0,0.0,2,3000,0,0,0,0,0,0
PI,CABEN,33.847783,-117.985667,1,SLI,71.0,10.0,026,5.0,2,3000,0,0,0,0,1,0
CF,BOGNR,33.886097,-117.947003,0,SLI,26.2,8.2,206.0,7.0,2,2400,0,0,0,0,0,0

FINAL,N22L,22L,N,3
IF,BOGNR,33.886097,-117.947003,LG,0.0,0.0,2,2400,0,0,0,0,0,0
CF,CABEN,33.847783,-117.985667,0,LG,0.0,0.0,206.0,3.0,2,1500,0,0,0,0,2,0
CF,RW22L,33.796667,-118.038653,0,LG,0.0,0.0,206.0,4.1,1,95,0,0,0,0,3,0
CA,0,206.0,2,1800,0,0,0,0,0,0
CF,AHEIM,33.820314,-117.911947,1,SLI,57.7,7.5,51.0,10.5,2,3000,0,0,0,0,0,0
HM,AHEIM,33.820314,-117.911947,1, ,0.0,0.0,231.0,04.3,3,4000,0,1,200,0,0,0,0

APPTR,R22L,22L,POM
IF,POM,34.078386,-117.787072, ,0.0,0.0,0,0,0,0,0,0,1,0
TF,FEBUG,33.896614,-117.866756,0, ,0.0,0.0,0.0,0.0,2,3000,0,0,0,0,1,0

FINAL,R22L,22L,R,4
IF,FEBUG,33.896614,-117.866756, ,0.0,0.0,2,3000,0,0,0,0,0,0
TF,JIRPU,33.838747,-117.966097,0, ,0.0,0.0,223.0,6.1,2,1500,0,0,0,0,2,0
TF,SUDME,33.815533,-118.005878,0, ,0.0,0.0,223.0,2.4,2,720,0,0,0,0,0,0
TF,RW22L,33.796667,-118.038653,0, ,0.0,0.0,223.0,2.0,1,90,0,0,0,0,3,1
CA,0,223.0,2,500,0,0,0,0,0,0
DF,ALBAS,33.599633,-118.077822,1, ,0.0,0.0,2,2100,0,0,0,0,0,1
HM,ALBAS,33.599633,-118.077822,1, ,0.0,0.0,351.0,05,3,4000,0,0,0,0,0,0,0

APPTR,S22L,22L,PRADO
IF,PRADO,33.923169,-117.783806, ,0.0,0.0,0,0,0,0,0,0,1,0
TF,ACELL,33.924533,-117.859992,0, ,0.0,0.0,0.0,0.0,4,6000,3000,0,0,0,0,0
TF,REMPS,33.892833,-117.903744,0, ,0.0,0.0,0.0,0.0,2,2700,0,0,0,0,0,0

APPTR,S22L,22L,SLI
IF,SLI,33.783300,-118.054758, ,0.0,0.0,0,0,0,0,0,0,0,0
TF,KRUST,33.849042,-117.964200,0, ,0.0,0.0,0.0,0.0,4,6000,3000,0,0,0,0,0
PI,KRUST,33.849042,-117.964200,1,SLI,79.0,10.0,034,5.0,2,3000,0,0,0,0,1,0
CF,REMPS,33.892833,-117.903744,0,SLI,34.0,10.0,214.0,6.0,2,2700,0,0,0,0,0,0

FINAL,S22L,22L,D,4
IF,REMPS,33.892833,-117.903744,SLI,34.0,10.0,2,2700,0,0,0,0,0,0
CF,KRUST,33.849042,-117.964200,0,SLI,34.0,6.0,214.0,4.0,2,1700,0,0,0,0,2,0
CF,LETVE,33.812892,-118.014019,0,SLI,34.0,2.7,214.0,3.3,2,580,0,0,0,0,0,0
CF,OYAVE,33.801933,-118.029108,0,SLI,34.0,1.7,214.0,1.0,1,279,0,0,0,0,3,0
CA,0,214.0,2,1800,0,0,0,0,0,0
CF,AHEIM,33.820314,-117.911947,1,SLI,57.7,7.5,58.0,7.5,2,3000,0,0,0,0,0,0
HM,AHEIM,33.820314,-117.911947,1, ,0.0,0.0,238.0,04.3,3,4000,0,1,200,0,0,0,0

APPTR,T22L,22L,PRADO
IF,PRADO,33.923169,-117.783806, ,0.0,0.0,0,0,0,0,0,0,1,0
TF,ACELL,33.924533,-117.859992,0, ,0.0,0.0,0.0,0.0,4,6000,3000,0,0,0,0,0
TF,REMPS,33.892833,-117.903744,0, ,0.0,0.0,0.0,0.0,2,2700,0,0,0,0,0,0

APPTR,T22L,22L,SLI
IF,SLI,33.783300,-118.054758, ,0.0,0.0,0,0,0,0,0,0,0,0
TF,KRUST,33.849042,-117.964200,0, ,0.0,0.0,0.0,0.0,4,6000,3000,0,0,0,0,0
PI,KRUST,33.849042,-117.964200,1,SLI,79.0,10.0,034,5.0,2,3000,0,0,0,0,1,0
CF,REMPS,33.892833,-117.903744,0,SLI,34.0,10.0,214.0,6.0,2,2700,0,0,0,0,0,0

FINAL,T22L,22L,D,4
IF,REMPS,33.892833,-117.903744,SLI,34.0,10.0,2,2700,0,0,0,0,0,0
CF,KRUST,33.849042,-117.964200,0,SLI,34.0,6.0,214.0,4.0,2,1700,0,0,0,0,2,0
CF,LETVE,33.812892,-118.014019,0,SLI,34.0,2.7,214.0,3.3,2,580,0,0,0,0,0,0
CF,OYAVE,33.801933,-118.029108,0,SLI,34.0,1.7,214.0,1.0,1,279,0,0,0,0,3,0
CA,0,214.0,2,1800,0,0,0,0,0,0
CF,AHEIM,33.820314,-117.911947,1,SLI,57.7,7.5,58.0,7.5,2,3000,0,0,0,0,0,0
HM,AHEIM,33.820314,-117.911947,1, ,0.0,0.0,238.0,04.3,3,4000,0,1,200,0,0,0,0

