SID,CHOII1,03,5
CA,0,30.0,2,580,0,0,0,0,0,0
VA,0,33.0,2,680,0,0,0,0,0,0
DF,TREKK,34.108083,-118.333306,0, ,0.0,0.0,2,4000,0,0,0,0,0,0
TF,DARTS,34.156047,-118.269594,0, ,0.0,0.0,0.0,0.0,0,0,0,0,0,0,0,0
TF,CHOII,34.386003,-118.366828,0, ,0.0,0.0,0.0,0.0,2,7100,0,0,0,0,0,0

SID,CHOII1,COREZ,6
IF,CHOII,34.386003,-118.366828, ,0.0,0.0,2,7100,0,0,0,0,0,0
TF,YUMMI,34.533919,-118.655447,0, ,0.0,0.0,0.0,0.0,0,0,0,0,0,0,0,0
TF,KRAKR,34.975139,-119.063883,0, ,0.0,0.0,0.0,0.0,0,0,0,0,0,0,0,0
TF,COREZ,35.556667,-119.483883,0, ,0.0,0.0,0.0,0.0,0,0,0,0,0,0,0,0

SID,CHOII1,CSTRO,6
IF,CHOII,34.386003,-118.366828, ,0.0,0.0,2,7100,0,0,0,0,0,0
TF,YUMMI,34.533919,-118.655447,0, ,0.0,0.0,0.0,0.0,0,0,0,0,0,0,0,0
TF,HEYJO,34.719536,-118.731400,0, ,0.0,0.0,0.0,0.0,0,0,0,0,0,0,0,0
TF,CSTRO,35.447961,-119.235278,0, ,0.0,0.0,0.0,0.0,0,0,0,0,0,0,0,0

SID,CHOII1,FIM,6
IF,CHOII,34.386003,-118.366828, ,0.0,0.0,2,7100,0,0,0,0,0,0
TF,FIM,34.356694,-118.881292,0, ,0.0,0.0,0.0,0.0,0,0,0,0,0,0,0,0

SID,CHOII1,HAILO,6
IF,CHOII,34.386003,-118.366828, ,0.0,0.0,2,7100,0,0,0,0,0,0
TF,SLAPP,34.463928,-118.331686,0, ,0.0,0.0,0.0,0.0,0,0,0,0,0,0,0,0
TF,YAAPY,34.664722,-118.130556,0, ,0.0,0.0,0.0,0.0,2,15000,0,0,0,0,0,0
TF,JETHK,34.691631,-117.972042,0, ,0.0,0.0,0.0,0.0,3,19000,0,0,0,0,0,0
TF,BBITE,34.704506,-117.758575,0, ,0.0,0.0,0.0,0.0,2,20000,0,0,0,0,0,0
TF,ANTLP,34.714239,-117.508283,0, ,0.0,0.0,0.0,0.0,0,0,0,0,0,0,0,0
TF,GUNNR,34.876944,-116.986944,0, ,0.0,0.0,0.0,0.0,0,0,0,0,0,0,0,0
TF,ARRMY,35.063333,-116.740000,0, ,0.0,0.0,0.0,0.0,0,0,0,0,0,0,0,0
TF,HAILO,35.637222,-115.971111,0, ,0.0,0.0,0.0,0.0,0,0,0,0,0,0,0,0

SID,CHOII1,HEC,6
IF,CHOII,34.386003,-118.366828, ,0.0,0.0,2,7100,0,0,0,0,0,0
TF,SLAPP,34.463928,-118.331686,0, ,0.0,0.0,0.0,0.0,0,0,0,0,0,0,0,0
TF,YAAPY,34.664722,-118.130556,0, ,0.0,0.0,0.0,0.0,2,15000,0,0,0,0,0,0
TF,JETHK,34.691631,-117.972042,0, ,0.0,0.0,0.0,0.0,3,19000,0,0,0,0,0,0
TF,BBITE,34.704506,-117.758575,0, ,0.0,0.0,0.0,0.0,2,20000,0,0,0,0,0,0
TF,ANTLP,34.714239,-117.508283,0, ,0.0,0.0,0.0,0.0,0,0,0,0,0,0,0,0
TF,HEC,34.797017,-116.462922,0, ,0.0,0.0,0.0,0.0,0,0,0,0,0,0,0,0

SID,CHOII1,LAS,6
IF,CHOII,34.386003,-118.366828, ,0.0,0.0,2,7100,0,0,0,0,0,0
TF,SLAPP,34.463928,-118.331686,0, ,0.0,0.0,0.0,0.0,0,0,0,0,0,0,0,0
TF,YAAPY,34.664722,-118.130556,0, ,0.0,0.0,0.0,0.0,2,15000,0,0,0,0,0,0
TF,JETHK,34.691631,-117.972042,0, ,0.0,0.0,0.0,0.0,3,19000,0,0,0,0,0,0
TF,BBITE,34.704506,-117.758575,0, ,0.0,0.0,0.0,0.0,2,20000,0,0,0,0,0,0
TF,ANTLP,34.714239,-117.508283,0, ,0.0,0.0,0.0,0.0,0,0,0,0,0,0,0,0
TF,NNAVY,34.919633,-116.728022,0, ,0.0,0.0,0.0,0.0,0,0,0,0,0,0,0,0
TF,BLAZN,35.632003,-115.779461,0, ,0.0,0.0,0.0,0.0,0,0,0,0,0,0,0,0
TF,LAS,36.079703,-115.159797,0, ,0.0,0.0,0.0,0.0,0,0,0,0,0,0,0,0

SID,CHOII1,MISEN,6
IF,CHOII,34.386003,-118.366828, ,0.0,0.0,2,7100,0,0,0,0,0,0
TF,SLAPP,34.463928,-118.331686,0, ,0.0,0.0,0.0,0.0,0,0,0,0,0,0,0,0
TF,YAAPY,34.664722,-118.130556,0, ,0.0,0.0,0.0,0.0,2,15000,0,0,0,0,0,0
TF,JETHK,34.691631,-117.972042,0, ,0.0,0.0,0.0,0.0,3,19000,0,0,0,0,0,0
TF,BBITE,34.704506,-117.758575,0, ,0.0,0.0,0.0,0.0,2,20000,0,0,0,0,0,0
TF,ANTLP,34.714239,-117.508283,0, ,0.0,0.0,0.0,0.0,0,0,0,0,0,0,0,0
TF,NNAVY,34.919633,-116.728022,0, ,0.0,0.0,0.0,0.0,0,0,0,0,0,0,0,0
TF,MISEN,35.102350,-116.403850,0, ,0.0,0.0,0.0,0.0,0,0,0,0,0,0,0,0

SID,CTRUS2,21,5
CA,0,210.0,2,580,0,0,0,0,0,0
VI,0, ,0.0,213.0,0,0,0,0,0,0,0,0
CF,WRASH,34.000689,-118.586842,0,TFD,271.1,341.8,260.0,5.7,0,0,0,0,0,0,0,0
TF,CTRUS,34.006439,-118.676058,0, ,0.0,0.0,0.0,0.0,2,5000,0,0,0,0,0,0

SID,CTRUS2,COREZ,6
IF,CTRUS,34.006439,-118.676058, ,0.0,0.0,2,5000,0,0,0,0,0,0
TF,DZINE,34.097511,-118.672261,0, ,0.0,0.0,0.0,0.0,0,0,0,1,250,0,0,0
TF,OROSZ,34.426717,-118.674169,0, ,0.0,0.0,0.0,0.0,0,0,0,0,0,0,0,0
TF,SHORS,34.795447,-118.935381,0, ,0.0,0.0,0.0,0.0,0,0,0,0,0,0,0,0
TF,KRAKR,34.975139,-119.063883,0, ,0.0,0.0,0.0,0.0,0,0,0,0,0,0,0,0
TF,COREZ,35.556667,-119.483883,0, ,0.0,0.0,0.0,0.0,0,0,0,0,0,0,0,0

SID,CTRUS2,CSTRO,6
IF,CTRUS,34.006439,-118.676058, ,0.0,0.0,2,5000,0,0,0,0,0,0
TF,DZINE,34.097511,-118.672261,0, ,0.0,0.0,0.0,0.0,0,0,0,1,250,0,0,0
TF,OROSZ,34.426717,-118.674169,0, ,0.0,0.0,0.0,0.0,0,0,0,0,0,0,0,0
TF,HEYJO,34.719536,-118.731400,0, ,0.0,0.0,0.0,0.0,0,0,0,0,0,0,0,0
TF,CSTRO,35.447961,-119.235278,0, ,0.0,0.0,0.0,0.0,0,0,0,0,0,0,0,0

SID,CTRUS2,HAILO,6
IF,CTRUS,34.006439,-118.676058, ,0.0,0.0,2,5000,0,0,0,0,0,0
TF,DZINE,34.097511,-118.672261,0, ,0.0,0.0,0.0,0.0,0,0,0,1,250,0,0,0
TF,SEAEM,34.241914,-118.430489,0, ,0.0,0.0,0.0,0.0,0,0,0,0,0,0,0,0
TF,SLAPP,34.463928,-118.331686,0, ,0.0,0.0,0.0,0.0,2,13000,0,0,0,0,0,0
TF,YAAPY,34.664722,-118.130556,0, ,0.0,0.0,0.0,0.0,2,15000,0,0,0,0,0,0
TF,JETHK,34.691631,-117.972042,0, ,0.0,0.0,0.0,0.0,3,19000,0,0,0,0,0,0
TF,BBITE,34.704506,-117.758575,0, ,0.0,0.0,0.0,0.0,2,20000,0,0,0,0,0,0
TF,ANTLP,34.714239,-117.508283,0, ,0.0,0.0,0.0,0.0,0,0,0,0,0,0,0,0
TF,GUNNR,34.876944,-116.986944,0, ,0.0,0.0,0.0,0.0,0,0,0,0,0,0,0,0
TF,ARRMY,35.063333,-116.740000,0, ,0.0,0.0,0.0,0.0,0,0,0,0,0,0,0,0
TF,HAILO,35.637222,-115.971111,0, ,0.0,0.0,0.0,0.0,0,0,0,0,0,0,0,0

SID,CTRUS2,HEC,6
IF,CTRUS,34.006439,-118.676058, ,0.0,0.0,2,5000,0,0,0,0,0,0
TF,DZINE,34.097511,-118.672261,0, ,0.0,0.0,0.0,0.0,0,0,0,1,250,0,0,0
TF,SEAEM,34.241914,-118.430489,0, ,0.0,0.0,0.0,0.0,0,0,0,0,0,0,0,0
TF,SLAPP,34.463928,-118.331686,0, ,0.0,0.0,0.0,0.0,2,13000,0,0,0,0,0,0
TF,YAAPY,34.664722,-118.130556,0, ,0.0,0.0,0.0,0.0,2,15000,0,0,0,0,0,0
TF,JETHK,34.691631,-117.972042,0, ,0.0,0.0,0.0,0.0,3,19000,0,0,0,0,0,0
TF,BBITE,34.704506,-117.758575,0, ,0.0,0.0,0.0,0.0,2,20000,0,0,0,0,0,0
TF,ANTLP,34.714239,-117.508283,0, ,0.0,0.0,0.0,0.0,0,0,0,0,0,0,0,0
TF,HEC,34.797017,-116.462922,0, ,0.0,0.0,0.0,0.0,0,0,0,0,0,0,0,0

SID,CTRUS2,IKAYE,6
IF,CTRUS,34.006439,-118.676058, ,0.0,0.0,2,5000,0,0,0,0,0,0
TF,WOPPR,34.049444,-118.781156,0, ,0.0,0.0,0.0,0.0,0,0,0,0,0,0,0,0
TF,IKAYE,34.143056,-119.010278,0, ,0.0,0.0,0.0,0.0,0,0,0,0,0,0,0,0

SID,CTRUS2,LAS,6
IF,CTRUS,34.006439,-118.676058, ,0.0,0.0,2,5000,0,0,0,0,0,0
TF,DZINE,34.097511,-118.672261,0, ,0.0,0.0,0.0,0.0,0,0,0,1,250,0,0,0
TF,SEAEM,34.241914,-118.430489,0, ,0.0,0.0,0.0,0.0,0,0,0,0,0,0,0,0
TF,SLAPP,34.463928,-118.331686,0, ,0.0,0.0,0.0,0.0,2,13000,0,0,0,0,0,0
TF,YAAPY,34.664722,-118.130556,0, ,0.0,0.0,0.0,0.0,2,15000,0,0,0,0,0,0
TF,JETHK,34.691631,-117.972042,0, ,0.0,0.0,0.0,0.0,3,19000,0,0,0,0,0,0
TF,BBITE,34.704506,-117.758575,0, ,0.0,0.0,0.0,0.0,2,20000,0,0,0,0,0,0
TF,ANTLP,34.714239,-117.508283,0, ,0.0,0.0,0.0,0.0,0,0,0,0,0,0,0,0
TF,NNAVY,34.919633,-116.728022,0, ,0.0,0.0,0.0,0.0,0,0,0,0,0,0,0,0
TF,BLAZN,35.632003,-115.779461,0, ,0.0,0.0,0.0,0.0,0,0,0,0,0,0,0,0
TF,LAS,36.079703,-115.159797,0, ,0.0,0.0,0.0,0.0,0,0,0,0,0,0,0,0

SID,CTRUS2,MISEN,6
IF,CTRUS,34.006439,-118.676058, ,0.0,0.0,2,5000,0,0,0,0,0,0
TF,DZINE,34.097511,-118.672261,0, ,0.0,0.0,0.0,0.0,0,0,0,1,250,0,0,0
TF,SEAEM,34.241914,-118.430489,0, ,0.0,0.0,0.0,0.0,0,0,0,0,0,0,0,0
TF,SLAPP,34.463928,-118.331686,0, ,0.0,0.0,0.0,0.0,2,13000,0,0,0,0,0,0
TF,YAAPY,34.664722,-118.130556,0, ,0.0,0.0,0.0,0.0,2,15000,0,0,0,0,0,0
TF,JETHK,34.691631,-117.972042,0, ,0.0,0.0,0.0,0.0,3,19000,0,0,0,0,0,0
TF,BBITE,34.704506,-117.758575,0, ,0.0,0.0,0.0,0.0,2,20000,0,0,0,0,0,0
TF,ANTLP,34.714239,-117.508283,0, ,0.0,0.0,0.0,0.0,0,0,0,0,0,0,0,0
TF,NNAVY,34.919633,-116.728022,0, ,0.0,0.0,0.0,0.0,0,0,0,0,0,0,0,0
TF,MISEN,35.102350,-116.403850,0, ,0.0,0.0,0.0,0.0,0,0,0,0,0,0,0,0

SID,CTRUS2,SCTRR,6
IF,CTRUS,34.006439,-118.676058, ,0.0,0.0,2,5000,0,0,0,0,0,0
TF,DARRK,33.916961,-118.832550,0, ,0.0,0.0,0.0,0.0,3,12000,0,0,0,0,0,0
TF,FIXIT,33.974444,-118.988056,0, ,0.0,0.0,0.0,0.0,2,12000,0,0,0,0,0,0
TF,IKAYE,34.143056,-119.010278,0, ,0.0,0.0,0.0,0.0,0,0,0,0,0,0,0,0
TF,TESEA,35.171919,-120.256353,0, ,0.0,0.0,0.0,0.0,0,0,0,0,0,0,0,0
TF,SCTRR,35.526608,-120.581858,0, ,0.0,0.0,0.0,0.0,0,0,0,0,0,0,0,0

SID,CTRUS2,STOKD,6
IF,CTRUS,34.006439,-118.676058, ,0.0,0.0,2,5000,0,0,0,0,0,0
TF,DARRK,33.916961,-118.832550,0, ,0.0,0.0,0.0,0.0,3,12000,0,0,0,0,0,0
TF,FIXIT,33.974444,-118.988056,0, ,0.0,0.0,0.0,0.0,2,12000,0,0,0,0,0,0
TF,IKAYE,34.143056,-119.010278,0, ,0.0,0.0,0.0,0.0,0,0,0,0,0,0,0,0
TF,RIZIN,34.411103,-119.532511,0, ,0.0,0.0,0.0,0.0,0,0,0,0,0,0,0,0
TF,SPLNT,35.087500,-120.372642,0, ,0.0,0.0,0.0,0.0,0,0,0,0,0,0,0,0
TF,STOKD,35.483492,-120.818244,0, ,0.0,0.0,0.0,0.0,0,0,0,0,0,0,0,0

SID,PEEER3,21,5
VI,0, ,0.0,213.0,0,0,0,0,0,0,0,0
CF,PEEER,33.995619,-118.689456,0,SMO,250.8,11.6,259.0,10.5,0,0,0,0,0,0,0,0

SID,PEEER3,DAG,6
IF,PEEER,33.995619,-118.689456, ,0.0,0.0,0,0,0,0,0,0,0,0
TF,SADDE,34.038994,-118.764633,0, ,0.0,0.0,0.0,0.0,0,0,0,0,0,0,0,0
TF,TIMNT,34.128033,-118.737575,0, ,0.0,0.0,0.0,0.0,0,0,0,0,0,0,0,0
TF,VALEY,34.246919,-118.451833,0, ,0.0,0.0,0.0,0.0,0,0,0,1,250,0,0,0
TF,LANGE,34.382969,-118.460472,0, ,0.0,0.0,0.0,0.0,0,0,0,0,0,0,0,0
TF,SLAPP,34.463928,-118.331686,0, ,0.0,0.0,0.0,0.0,0,0,0,0,0,0,0,0
TF,PMD,34.631397,-118.063822,0, ,0.0,0.0,0.0,0.0,0,0,0,0,0,0,0,0
TF,ETHER,34.664136,-117.763519,0, ,0.0,0.0,0.0,0.0,0,0,0,0,0,0,0,0
TF,DAG,34.962458,-116.578167,0, ,0.0,0.0,0.0,0.0,0,0,0,0,0,0,0,0

SID,PEEER3,GMN,6
IF,PEEER,33.995619,-118.689456, ,0.0,0.0,0,0,0,0,0,0,0,0
TF,SADDE,34.038994,-118.764633,0, ,0.0,0.0,0.0,0.0,0,0,0,0,0,0,0,0
TF,TIMNT,34.128033,-118.737575,0, ,0.0,0.0,0.0,0.0,0,0,0,0,0,0,0,0
TF,SILEX,34.201058,-118.611636,0, ,0.0,0.0,0.0,0.0,0,0,0,0,0,0,0,0
TF,TWINE,34.309694,-118.616478,0, ,0.0,0.0,0.0,0.0,0,0,0,0,0,0,0,0
TF,OROSZ,34.426717,-118.674169,0, ,0.0,0.0,0.0,0.0,0,0,0,0,0,0,0,0
TF,CASTA,34.532797,-118.726592,0, ,0.0,0.0,0.0,0.0,0,0,0,0,0,0,0,0
TF,GMN,34.804028,-118.861361,0, ,0.0,0.0,0.0,0.0,0,0,0,0,0,0,0,0

SID,PEEER3,VTU,6
IF,PEEER,33.995619,-118.689456, ,0.0,0.0,0,0,0,0,0,0,0,0
TF,VTU,34.115058,-119.049492,0, ,0.0,0.0,0.0,0.0,0,0,0,0,0,0,0,0

SID,PEVEE5,21,5
VI,0, ,0.0,213.0,0,0,0,0,0,0,0,0
CF,WRASH,34.000689,-118.586842,0,SMO,250.0,6.5,260.0,5.7,0,0,0,0,0,0,0,0
TF,PEEER,33.995619,-118.689456,0, ,0.0,0.0,0.0,0.0,0,0,0,0,0,0,0,0
TF,SPRRW,33.904097,-118.714436,0, ,0.0,0.0,0.0,0.0,0,0,0,0,0,0,0,0
TF,PEVEE,33.697222,-118.520833,0, ,0.0,0.0,0.0,0.0,0,0,0,0,0,0,0,0

SID,PEVEE5,CLEEE,6
IF,PEVEE,33.697222,-118.520833, ,0.0,0.0,0,0,0,0,0,0,0,0
TF,HOLTZ,33.644550,-118.342997,0, ,0.0,0.0,0.0,0.0,0,0,0,0,0,0,0,0
TF,DOTSS,33.644106,-117.795283,0, ,0.0,0.0,0.0,0.0,2,15000,0,0,0,0,0,0
TF,EYEDL,33.751372,-117.233639,0, ,0.0,0.0,0.0,0.0,0,0,0,0,0,0,0,0
TF,HOMER,33.746056,-116.973875,0, ,0.0,0.0,0.0,0.0,0,0,0,0,0,0,0,0
TF,CLEEE,33.723383,-116.073311,0, ,0.0,0.0,0.0,0.0,0,0,0,0,0,0,0,0

SID,PEVEE5,CNERY,6
IF,PEVEE,33.697222,-118.520833, ,0.0,0.0,0,0,0,0,0,0,0,0
TF,HOLTZ,33.644550,-118.342997,0, ,0.0,0.0,0.0,0.0,0,0,0,0,0,0,0,0
TF,DOTSS,33.644106,-117.795283,0, ,0.0,0.0,0.0,0.0,2,15000,0,0,0,0,0,0
TF,WIILD,33.504817,-117.233300,0, ,0.0,0.0,0.0,0.0,0,0,0,0,0,0,0,0
TF,BLCKD,33.492158,-116.424483,0, ,0.0,0.0,0.0,0.0,0,0,0,0,0,0,0,0
TF,CSTWY,33.486047,-116.034181,0, ,0.0,0.0,0.0,0.0,0,0,0,0,0,0,0,0
TF,CNERY,33.617708,-115.582422,0, ,0.0,0.0,0.0,0.0,0,0,0,0,0,0,0,1

SID,PEVEE5,OTAYY,6
IF,PEVEE,33.697222,-118.520833, ,0.0,0.0,0,0,0,0,0,0,0,0
TF,TANNN,33.537500,-118.150342,0, ,0.0,0.0,0.0,0.0,2,15000,0,0,0,0,0,0
TF,NNICE,33.468797,-117.990803,0, ,0.0,0.0,0.0,0.0,0,0,0,0,0,0,0,0
TF,PNDAH,33.161667,-117.665556,0, ,0.0,0.0,0.0,0.0,2,20000,0,0,0,0,0,0
TF,OTAYY,32.665125,-117.116236,0, ,0.0,0.0,0.0,0.0,0,0,0,0,0,0,0,0

SID,PEVEE5,TCATE,6
IF,PEVEE,33.697222,-118.520833, ,0.0,0.0,0,0,0,0,0,0,0,0
TF,TANNN,33.537500,-118.150342,0, ,0.0,0.0,0.0,0.0,2,15000,0,0,0,0,0,0
TF,NNICE,33.468797,-117.990803,0, ,0.0,0.0,0.0,0.0,0,0,0,0,0,0,0,0
TF,PNDAH,33.161667,-117.665556,0, ,0.0,0.0,0.0,0.0,2,20000,0,0,0,0,0,0
TF,TCATE,32.808075,-116.483300,0, ,0.0,0.0,0.0,0.0,0,0,0,0,0,0,0,0

SID,SMO2,03,4
CA,0,30.0,2,580,0,0,0,0,0,0
VA,0,33.0,2,680,0,0,0,0,0,0
DF,TREKK,34.108083,-118.333306,0, ,0.0,0.0,2,4000,0,0,0,0,0,0
TF,DARTS,34.156047,-118.269594,0, ,0.0,0.0,0.0,0.0,0,0,0,0,0,0,0,0
TF,CHOII,34.386003,-118.366828,0, ,0.0,0.0,0.0,0.0,2,7100,0,0,0,0,0,0

SID,SMO2,21,4
CA,0,210.0,2,580,0,0,0,0,0,0
VI,0, ,0.0,213.0,0,0,0,0,0,0,0,0
CF,WRASH,34.000689,-118.586842,0,TFD,271.1,341.8,260.0,5.7,0,0,0,0,0,0,0,0
TF,CTRUS,34.006439,-118.676058,0, ,0.0,0.0,0.0,0.0,2,5000,0,0,0,0,0,0
TF,DZINE,34.097511,-118.672261,0, ,0.0,0.0,0.0,0.0,2,6000,0,1,250,0,0,0
TF,SEAEM,34.241914,-118.430489,0, ,0.0,0.0,0.0,0.0,0,0,0,0,0,0,0,0
TF,CHOII,34.386003,-118.366828,0, ,0.0,0.0,0.0,0.0,2,7100,0,0,0,0,0,0

SID,SMO2,DAG,6
IF,CHOII,34.386003,-118.366828, ,0.0,0.0,2,7100,0,0,0,0,0,0
TF,SLAPP,34.463928,-118.331686,0, ,0.0,0.0,0.0,0.0,2,9000,0,0,0,0,0,0
TF,JARZO,34.508408,-118.207039,0, ,0.0,0.0,0.0,0.0,2,10300,0,1,250,0,0,0
TF,VVERA,34.597472,-117.746386,0, ,0.0,0.0,0.0,0.0,0,0,0,0,0,0,0,0
TF,SSETH,34.735739,-117.016325,0, ,0.0,0.0,0.0,0.0,0,0,0,0,0,0,0,0
TF,DAG,34.962458,-116.578167,0, ,0.0,0.0,0.0,0.0,0,0,0,0,0,0,0,0

SID,SMO2,HEC,6
IF,CHOII,34.386003,-118.366828, ,0.0,0.0,2,7100,0,0,0,0,0,0
TF,SLAPP,34.463928,-118.331686,0, ,0.0,0.0,0.0,0.0,2,9000,0,0,0,0,0,0
TF,JARZO,34.508408,-118.207039,0, ,0.0,0.0,0.0,0.0,2,10300,0,1,250,0,0,0
TF,VVERA,34.597472,-117.746386,0, ,0.0,0.0,0.0,0.0,0,0,0,0,0,0,0,0
TF,SSETH,34.735739,-117.016325,0, ,0.0,0.0,0.0,0.0,0,0,0,0,0,0,0,0
TF,HEC,34.797017,-116.462922,0, ,0.0,0.0,0.0,0.0,0,0,0,0,0,0,0,0

SID,TPNGA1,03,1
CA,0,30.0,2,580,0,0,0,0,0,0
VI,2, ,0.0,255.0,0,0,0,0,0,0,0,0
CF,D210D,33.960217,-118.516731,0,SMO,210.0,4.2,210.0,2.0,0,0,0,0,0,0,0,0
TF,SADDE,34.038994,-118.764633,0, ,0.0,0.0,0.0,0.0,1,5000,0,0,0,0,0,0

SID,TPNGA1,21,1
DF,D210D,33.960217,-118.516731,0, ,0.0,0.0,0,0,0,0,0,0,0,0
TF,SADDE,34.038994,-118.764633,0, ,0.0,0.0,0.0,0.0,1,5000,0,0,0,0,0,0

STAR,BOGET1,BUGGA,4
IF,BUGGA,34.718908,-115.718436, ,0.0,0.0,0,0,0,0,0,0,0,0
TF,JOEES,34.798019,-116.239969,0, ,0.0,0.0,0.0,0.0,1,24000,0,0,0,0,0,0
TF,DNUTT,34.787394,-116.556672,0, ,0.0,0.0,0.0,0.0,1,23000,0,0,0,0,0,0
TF,JOHHN,34.773058,-116.705389,0, ,0.0,0.0,0.0,0.0,1,22000,0,0,0,0,0,0
TF,BASAL,34.757775,-116.861831,0, ,0.0,0.0,0.0,0.0,0,0,0,0,0,0,0,0
TF,CHKNZ,34.678933,-117.622847,0, ,0.0,0.0,0.0,0.0,3,19000,0,0,0,0,0,0
TF,KOPLE,34.653306,-117.863583,0, ,0.0,0.0,0.0,0.0,1,14000,0,0,0,0,0,0
TF,ROPEZ,34.587044,-118.048947,0, ,0.0,0.0,0.0,0.0,3,13000,0,0,0,0,0,0
TF,BOGET,34.514214,-118.251506,0, ,0.0,0.0,0.0,0.0,1,8000,0,0,0,0,0,0

STAR,BOGET1,EED,4
IF,EED,34.766003,-114.474103, ,0.0,0.0,0,0,0,0,0,0,0,0
TF,TAAAP,34.790403,-115.819794,0, ,0.0,0.0,0.0,0.0,0,0,0,0,0,0,0,0
TF,JOEES,34.798019,-116.239969,0, ,0.0,0.0,0.0,0.0,1,24000,0,0,0,0,0,0
TF,DNUTT,34.787394,-116.556672,0, ,0.0,0.0,0.0,0.0,1,23000,0,0,0,0,0,0
TF,JOHHN,34.773058,-116.705389,0, ,0.0,0.0,0.0,0.0,1,22000,0,0,0,0,0,0
TF,BASAL,34.757775,-116.861831,0, ,0.0,0.0,0.0,0.0,0,0,0,0,0,0,0,0
TF,CHKNZ,34.678933,-117.622847,0, ,0.0,0.0,0.0,0.0,3,19000,0,0,0,0,0,0
TF,KOPLE,34.653306,-117.863583,0, ,0.0,0.0,0.0,0.0,1,14000,0,0,0,0,0,0
TF,ROPEZ,34.587044,-118.048947,0, ,0.0,0.0,0.0,0.0,3,13000,0,0,0,0,0,0
TF,BOGET,34.514214,-118.251506,0, ,0.0,0.0,0.0,0.0,1,8000,0,0,0,0,0,0

STAR,BOGET1,KREME,4
IF,KREME,34.919033,-116.217961, ,0.0,0.0,1,24000,0,0,0,0,0,0
TF,DNUTT,34.787394,-116.556672,0, ,0.0,0.0,0.0,0.0,1,23000,0,0,0,0,0,0
TF,JOHHN,34.773058,-116.705389,0, ,0.0,0.0,0.0,0.0,1,22000,0,0,0,0,0,0
TF,BASAL,34.757775,-116.861831,0, ,0.0,0.0,0.0,0.0,0,0,0,0,0,0,0,0
TF,CHKNZ,34.678933,-117.622847,0, ,0.0,0.0,0.0,0.0,3,19000,0,0,0,0,0,0
TF,KOPLE,34.653306,-117.863583,0, ,0.0,0.0,0.0,0.0,1,14000,0,0,0,0,0,0
TF,ROPEZ,34.587044,-118.048947,0, ,0.0,0.0,0.0,0.0,3,13000,0,0,0,0,0,0
TF,BOGET,34.514214,-118.251506,0, ,0.0,0.0,0.0,0.0,1,8000,0,0,0,0,0,0

STAR,BOGET1,PURSE,4
IF,PURSE,35.581667,-115.198056, ,0.0,0.0,0,0,0,0,0,0,0,0
TF,NIPIY,35.125833,-115.811667,0, ,0.0,0.0,0.0,0.0,0,0,0,0,0,0,0,0
TF,KREME,34.919033,-116.217961,0, ,0.0,0.0,0.0,0.0,1,24000,0,0,0,0,0,0
TF,DNUTT,34.787394,-116.556672,0, ,0.0,0.0,0.0,0.0,1,23000,0,0,0,0,0,0
TF,JOHHN,34.773058,-116.705389,0, ,0.0,0.0,0.0,0.0,1,22000,0,0,0,0,0,0
TF,BASAL,34.757775,-116.861831,0, ,0.0,0.0,0.0,0.0,0,0,0,0,0,0,0,0
TF,CHKNZ,34.678933,-117.622847,0, ,0.0,0.0,0.0,0.0,3,19000,0,0,0,0,0,0
TF,KOPLE,34.653306,-117.863583,0, ,0.0,0.0,0.0,0.0,1,14000,0,0,0,0,0,0
TF,ROPEZ,34.587044,-118.048947,0, ,0.0,0.0,0.0,0.0,3,13000,0,0,0,0,0,0
TF,BOGET,34.514214,-118.251506,0, ,0.0,0.0,0.0,0.0,1,8000,0,0,0,0,0,0

STAR,BOGET1,WELUM,4
IF,WELUM,35.382222,-114.933056, ,0.0,0.0,0,0,0,0,0,0,0,0
TF,NIPIY,35.125833,-115.811667,0, ,0.0,0.0,0.0,0.0,0,0,0,0,0,0,0,0
TF,KREME,34.919033,-116.217961,0, ,0.0,0.0,0.0,0.0,1,24000,0,0,0,0,0,0
TF,DNUTT,34.787394,-116.556672,0, ,0.0,0.0,0.0,0.0,1,23000,0,0,0,0,0,0
TF,JOHHN,34.773058,-116.705389,0, ,0.0,0.0,0.0,0.0,1,22000,0,0,0,0,0,0
TF,BASAL,34.757775,-116.861831,0, ,0.0,0.0,0.0,0.0,0,0,0,0,0,0,0,0
TF,CHKNZ,34.678933,-117.622847,0, ,0.0,0.0,0.0,0.0,3,19000,0,0,0,0,0,0
TF,KOPLE,34.653306,-117.863583,0, ,0.0,0.0,0.0,0.0,1,14000,0,0,0,0,0,0
TF,ROPEZ,34.587044,-118.048947,0, ,0.0,0.0,0.0,0.0,3,13000,0,0,0,0,0,0
TF,BOGET,34.514214,-118.251506,0, ,0.0,0.0,0.0,0.0,1,8000,0,0,0,0,0,0

STAR,BOGET1,WNCHL,4
IF,WNCHL,35.007072,-116.183761, ,0.0,0.0,0,0,0,0,0,0,0,0
TF,GLAZD,34.977328,-116.328297,0, ,0.0,0.0,0.0,0.0,0,0,0,0,0,0,0,0
TF,COWWS,34.704239,-117.628767,0, ,0.0,0.0,0.0,0.0,3,19000,0,0,0,0,0,0
TF,KOPLE,34.653306,-117.863583,0, ,0.0,0.0,0.0,0.0,1,14000,0,0,0,0,0,0
TF,ROPEZ,34.587044,-118.048947,0, ,0.0,0.0,0.0,0.0,3,13000,0,0,0,0,0,0
TF,BOGET,34.514214,-118.251506,0, ,0.0,0.0,0.0,0.0,1,8000,0,0,0,0,0,0

STAR,BOGET1,ALL,5
IF,BOGET,34.514214,-118.251506, ,0.0,0.0,1,8000,0,0,0,0,0,0
TF,MEETT,34.317453,-118.313369,0, ,0.0,0.0,0.0,0.0,2,7500,0,0,0,0,0,0
TF,WATSS,34.273558,-118.317892,0, ,0.0,0.0,0.0,0.0,2,6900,0,0,0,0,0,0
TF,UPDOC,34.209247,-118.302825,0, ,0.0,0.0,0.0,0.0,1,6000,0,0,0,0,0,1
FM,UPDOC,34.209247,-118.302825,0,TRM,0.0,0.0,140.0,0,0,0,0,0,0,0,0

STAR,BONJO1,HIHWY,4
IF,HIHWY,34.985036,-119.356914, ,0.0,0.0,3,22000,0,1,280,0,0,0
TF,MAIDD,34.861297,-119.276814,0, ,0.0,0.0,0.0,0.0,3,19000,0,0,0,0,0,0
TF,PEPRZ,34.679817,-119.157336,0, ,0.0,0.0,0.0,0.0,3,16000,0,1,270,0,0,0
TF,HEVVY,34.589311,-119.098411,0, ,0.0,0.0,0.0,0.0,3,15000,0,0,0,0,0,0
TF,ROKKR,34.545033,-119.070000,0, ,0.0,0.0,0.0,0.0,4,12000,11000,1,250,0,0,0

STAR,BONJO1,PRPLE,4
IF,PRPLE,34.874903,-119.618414, ,0.0,0.0,3,22000,0,1,280,0,0,0
TF,XXELL,34.774586,-119.469072,0, ,0.0,0.0,0.0,0.0,3,19000,0,0,0,0,0,0
TF,YUTOO,34.643461,-119.269064,0, ,0.0,0.0,0.0,0.0,3,16000,0,1,270,0,0,0
TF,TRAVV,34.570706,-119.121703,0, ,0.0,0.0,0.0,0.0,3,15000,0,0,0,0,0,0
TF,ROKKR,34.545033,-119.070000,0, ,0.0,0.0,0.0,0.0,4,12000,11000,1,250,0,0,0

STAR,BONJO1,RDHOT,4
IF,RDHOT,35.592586,-120.360119, ,0.0,0.0,0,0,0,0,0,0,0,0
TF,PRPLE,34.874903,-119.618414,0, ,0.0,0.0,0.0,0.0,3,22000,0,1,280,0,0,0
TF,XXELL,34.774586,-119.469072,0, ,0.0,0.0,0.0,0.0,3,19000,0,0,0,0,0,0
TF,YUTOO,34.643461,-119.269064,0, ,0.0,0.0,0.0,0.0,3,16000,0,1,270,0,0,0
TF,TRAVV,34.570706,-119.121703,0, ,0.0,0.0,0.0,0.0,3,15000,0,0,0,0,0,0
TF,ROKKR,34.545033,-119.070000,0, ,0.0,0.0,0.0,0.0,4,12000,11000,1,250,0,0,0

STAR,BONJO1,REBRG,4
IF,REBRG,35.981389,-119.614722, ,0.0,0.0,0,0,0,0,0,0,0,0
TF,MMTLY,35.658197,-119.680458,0, ,0.0,0.0,0.0,0.0,0,0,0,0,0,0,0,0
TF,CRUUE,35.476117,-119.655153,0, ,0.0,0.0,0.0,0.0,0,0,0,0,0,0,0,0
TF,EEAZY,35.224600,-119.581878,0, ,0.0,0.0,0.0,0.0,4,29000,24000,1,280,0,0,0
TF,HIHWY,34.985036,-119.356914,0, ,0.0,0.0,0.0,0.0,3,22000,0,1,280,0,0,0
TF,MAIDD,34.861297,-119.276814,0, ,0.0,0.0,0.0,0.0,3,19000,0,0,0,0,0,0
TF,PEPRZ,34.679817,-119.157336,0, ,0.0,0.0,0.0,0.0,3,16000,0,1,270,0,0,0
TF,HEVVY,34.589311,-119.098411,0, ,0.0,0.0,0.0,0.0,3,15000,0,0,0,0,0,0
TF,ROKKR,34.545033,-119.070000,0, ,0.0,0.0,0.0,0.0,4,12000,11000,1,250,0,0,0

STAR,BONJO1,ALL,5
IF,ROKKR,34.545033,-119.070000, ,0.0,0.0,4,12000,11000,1,250,0,0,0
TF,ZEPPE,34.441639,-118.975211,0, ,0.0,0.0,0.0,0.0,3,10000,0,0,0,0,0,0
TF,CEEME,34.393889,-118.930278,0, ,0.0,0.0,0.0,0.0,2,7200,0,0,0,0,0,0
TF,ROLLI,34.230783,-118.660758,0, ,0.0,0.0,0.0,0.0,2,6000,0,0,0,0,0,0
TF,BONJO,34.211200,-118.433147,0, ,0.0,0.0,0.0,0.0,2,4600,0,0,0,0,0,1
FM,BONJO,34.211200,-118.433147,0,TRM,0.0,0.0,103.0,0,0,0,0,0,0,0,0

STAR,FERN7,AVE,1
IF,AVE,35.646978,-119.978606, ,0.0,0.0,0,0,0,0,0,0,0,0
TF,DERBB,35.255900,-119.641447,0, ,0.0,0.0,0.0,0.0,0,0,0,0,0,0,0,0
TF,REYES,34.658728,-119.134322,0, ,0.0,0.0,0.0,0.0,0,0,0,0,0,0,0,0
TF,PIRUE,34.496753,-118.998342,0, ,0.0,0.0,0.0,0.0,0,0,0,1,250,0,0,0
TF,FIM,34.356694,-118.881292,0, ,0.0,0.0,0.0,0.0,0,0,0,0,0,0,0,0

STAR,FERN7,DERBB,1
IF,DERBB,35.255900,-119.641447, ,0.0,0.0,0,0,0,0,0,0,0,0
TF,REYES,34.658728,-119.134322,0, ,0.0,0.0,0.0,0.0,0,0,0,0,0,0,0,0
TF,PIRUE,34.496753,-118.998342,0, ,0.0,0.0,0.0,0.0,0,0,0,1,250,0,0,0
TF,FIM,34.356694,-118.881292,0, ,0.0,0.0,0.0,0.0,0,0,0,0,0,0,0,0

STAR,FERN7,FLW,1
IF,FLW,35.093083,-119.865578, ,0.0,0.0,0,0,0,0,0,0,0,0
TF,BURNZ,34.581744,-119.179128,0, ,0.0,0.0,0.0,0.0,0,0,0,0,0,0,0,0
TF,BAILL,34.469308,-119.030008,0, ,0.0,0.0,0.0,0.0,0,0,0,1,250,0,0,0
TF,FIM,34.356694,-118.881292,0, ,0.0,0.0,0.0,0.0,0,0,0,0,0,0,0,0

STAR,FERN7,OHIGH,1
IF,OHIGH,34.431353,-119.310819, ,0.0,0.0,0,0,0,0,0,0,0,0
TF,CANYN,34.391144,-119.078314,0, ,0.0,0.0,0.0,0.0,0,0,0,0,0,0,0,0
TF,FIM,34.356694,-118.881292,0, ,0.0,0.0,0.0,0.0,0,0,0,0,0,0,0,0

STAR,FERN7,ALL,2
IF,FIM,34.356694,-118.881292, ,0.0,0.0,0,0,0,0,0,0,0,0
TF,VNY,34.223461,-118.491672,0, ,0.0,0.0,0.0,0.0,0,0,0,0,0,0,0,0
TF,DARTS,34.156047,-118.269594,0, ,0.0,0.0,0.0,0.0,0,0,0,0,0,0,0,0

STAR,KIMMO3,EHF,1
IF,EHF,35.484556,-119.097294, ,0.0,0.0,0,0,0,0,0,0,0,0
TF,ARVIN,35.276856,-118.861347,0, ,0.0,0.0,0.0,0.0,0,0,0,0,0,0,0,0
TF,AMONT,35.183811,-118.755381,0, ,0.0,0.0,0.0,0.0,0,0,0,0,0,0,0,0
TF,LOPES,35.031814,-118.701403,0, ,0.0,0.0,0.0,0.0,0,0,0,0,0,0,0,0
TF,LHS,34.682972,-118.576939,0, ,0.0,0.0,0.0,0.0,0,0,0,0,0,0,0,0
TF,SAUGS,34.496581,-118.467722,0, ,0.0,0.0,0.0,0.0,0,0,0,0,0,0,0,0
TF,KIMMO,34.410158,-118.417269,0, ,0.0,0.0,0.0,0.0,0,0,0,0,0,0,0,0

STAR,KIMMO3,LHS,1
IF,LHS,34.682972,-118.576939, ,0.0,0.0,0,0,0,0,0,0,0,0
TF,SAUGS,34.496581,-118.467722,0, ,0.0,0.0,0.0,0.0,0,0,0,0,0,0,0,0
TF,KIMMO,34.410158,-118.417269,0, ,0.0,0.0,0.0,0.0,0,0,0,0,0,0,0,0

STAR,KIMMO3,PMD,1
IF,PMD,34.631397,-118.063822, ,0.0,0.0,0,0,0,0,0,0,0,0
TF,BOGET,34.514214,-118.251506,0, ,0.0,0.0,0.0,0.0,0,0,0,0,0,0,0,0
TF,KIMMO,34.410158,-118.417269,0, ,0.0,0.0,0.0,0.0,0,0,0,0,0,0,0,0

STAR,KIMMO3,TTE,1
IF,TTE,35.913050,-119.020808, ,0.0,0.0,0,0,0,0,0,0,0,0
TF,WRING,35.513156,-118.874961,0, ,0.0,0.0,0.0,0.0,0,0,0,0,0,0,0,0
TF,AMONT,35.183811,-118.755381,0, ,0.0,0.0,0.0,0.0,0,0,0,0,0,0,0,0
TF,LOPES,35.031814,-118.701403,0, ,0.0,0.0,0.0,0.0,0,0,0,0,0,0,0,0
TF,LHS,34.682972,-118.576939,0, ,0.0,0.0,0.0,0.0,0,0,0,0,0,0,0,0
TF,SAUGS,34.496581,-118.467722,0, ,0.0,0.0,0.0,0.0,0,0,0,0,0,0,0,0
TF,KIMMO,34.410158,-118.417269,0, ,0.0,0.0,0.0,0.0,0,0,0,0,0,0,0,0

STAR,KIMMO3,ALL,2
IF,KIMMO,34.410158,-118.417269, ,0.0,0.0,0,0,0,0,0,0,0,0
TF,DARTS,34.156047,-118.269594,0, ,0.0,0.0,0.0,0.0,0,0,0,0,0,0,0,1
VM,34.015822,-118.451308,0,140.0,0,0,0,0,0,0,0,0

STAR,THRNE2,PHRED,4
IF,PHRED,33.645750,-114.121750, ,0.0,0.0,0,0,0,0,0,0,0,0
TF,FOILD,33.746933,-115.174958,0, ,0.0,0.0,0.0,0.0,0,0,0,0,0,0,0,0
TF,QUTIP,33.770781,-115.410047,0, ,0.0,0.0,0.0,0.0,3,29000,0,0,0,0,0,0
TF,VLLMA,33.790614,-115.601964,0, ,0.0,0.0,0.0,0.0,0,0,0,0,0,0,0,0
TF,DROGO,33.811681,-115.819044,0, ,0.0,0.0,0.0,0.0,2,24000,0,0,0,0,0,0
TF,DEWWW,33.842125,-116.121625,0, ,0.0,0.0,0.0,0.0,2,21000,0,0,0,0,0,0
TF,DNERY,33.860261,-116.358164,0, ,0.0,0.0,0.0,0.0,3,20000,0,0,0,0,0,0
TF,ARRYA,33.876211,-116.525394,0, ,0.0,0.0,0.0,0.0,1,16000,0,0,0,0,0,0
TF,YATZE,33.897081,-116.657308,0, ,0.0,0.0,0.0,0.0,4,15000,14000,0,0,0,0,0
TF,IRONN,33.945322,-116.963083,0, ,0.0,0.0,0.0,0.0,1,13000,0,0,0,0,0,0
TF,THRNE,33.977286,-117.096822,0, ,0.0,0.0,0.0,0.0,4,11000,10000,0,0,0,0,0

STAR,THRNE2,ALL,5
IF,THRNE,33.977286,-117.096822, ,0.0,0.0,4,11000,10000,0,0,0,0,0
TF,CRCUS,34.073203,-117.498439,0, ,0.0,0.0,0.0,0.0,1,10000,0,0,0,0,0,0
TF,SMEGL,34.110911,-117.843550,0, ,0.0,0.0,0.0,0.0,2,7000,0,0,0,0,0,0
TF,JOFRY,34.128567,-118.009497,0, ,0.0,0.0,0.0,0.0,1,6000,0,0,0,0,0,1
FM,JOFRY,34.128567,-118.009497,0,TFD,0.0,0.0,265.0,0,0,0,0,0,0,0,0

STAR,WAYVE1,EHF,4
IF,EHF,35.484556,-119.097294, ,0.0,0.0,0,0,0,0,0,0,0,0
TF,LOPES,35.031814,-118.701403,0, ,0.0,0.0,0.0,0.0,0,0,0,0,0,0,0,0
TF,PAIDD,34.843322,-118.634233,0, ,0.0,0.0,0.0,0.0,0,0,0,0,0,0,0,0
TF,JEFFY,34.748139,-118.600106,0, ,0.0,0.0,0.0,0.0,0,0,0,0,0,0,0,0
TF,LHS,34.682972,-118.576939,0, ,0.0,0.0,0.0,0.0,0,0,0,0,0,0,0,0
TF,WAYVE,34.572875,-118.512353,0, ,0.0,0.0,0.0,0.0,0,0,0,0,0,0,0,0

STAR,WAYVE1,LHS,4
IF,LHS,34.682972,-118.576939, ,0.0,0.0,0,0,0,0,0,0,0,0
TF,WAYVE,34.572875,-118.512353,0, ,0.0,0.0,0.0,0.0,0,0,0,0,0,0,0,0

STAR,WAYVE1,LOPES,4
IF,LOPES,35.031814,-118.701403, ,0.0,0.0,0,0,0,0,0,0,0,0
TF,PAIDD,34.843322,-118.634233,0, ,0.0,0.0,0.0,0.0,0,0,0,0,0,0,0,0
TF,JEFFY,34.748139,-118.600106,0, ,0.0,0.0,0.0,0.0,0,0,0,0,0,0,0,0
TF,LHS,34.682972,-118.576939,0, ,0.0,0.0,0.0,0.0,0,0,0,0,0,0,0,0
TF,WAYVE,34.572875,-118.512353,0, ,0.0,0.0,0.0,0.0,0,0,0,0,0,0,0,0

STAR,WAYVE1,TTE,4
IF,TTE,35.913050,-119.020808, ,0.0,0.0,0,0,0,0,0,0,0,0
TF,WRING,35.513156,-118.874961,0, ,0.0,0.0,0.0,0.0,0,0,0,0,0,0,0,0
TF,AMONT,35.183811,-118.755381,0, ,0.0,0.0,0.0,0.0,0,0,0,0,0,0,0,0
TF,LOPES,35.031814,-118.701403,0, ,0.0,0.0,0.0,0.0,0,0,0,0,0,0,0,0
TF,PAIDD,34.843322,-118.634233,0, ,0.0,0.0,0.0,0.0,0,0,0,0,0,0,0,0
TF,JEFFY,34.748139,-118.600106,0, ,0.0,0.0,0.0,0.0,0,0,0,0,0,0,0,0
TF,LHS,34.682972,-118.576939,0, ,0.0,0.0,0.0,0.0,0,0,0,0,0,0,0,0
TF,WAYVE,34.572875,-118.512353,0, ,0.0,0.0,0.0,0.0,0,0,0,0,0,0,0,0

STAR,WAYVE1,ALL,5
IF,WAYVE,34.572875,-118.512353, ,0.0,0.0,0,0,0,0,0,0,0,0
TF,SAUGS,34.496581,-118.467722,0, ,0.0,0.0,0.0,0.0,0,0,0,0,0,0,0,0
TF,KIMMO,34.410158,-118.417269,0, ,0.0,0.0,0.0,0.0,0,0,0,0,0,0,0,0
TF,UPDOC,34.209247,-118.302825,0, ,0.0,0.0,0.0,0.0,0,0,0,0,0,0,0,1
FM,UPDOC,34.209247,-118.302825,0,PSP,0.0,0.0,140.0,0,0,0,0,0,0,0,0

STAR,ZUUMA1,BURGL,4
IF,BURGL,35.666022,-120.107739, ,0.0,0.0,0,0,0,0,0,0,0,0
TF,DOUIT,35.288858,-119.824239,0, ,0.0,0.0,0.0,0.0,0,0,0,0,0,0,0,0
TF,UCANN,34.908114,-119.493753,0, ,0.0,0.0,0.0,0.0,3,29000,0,0,0,0,0,0
TF,ALMST,34.740492,-119.349528,0, ,0.0,0.0,0.0,0.0,4,21000,17000,1,280,0,0,0
TF,DANYY,34.539722,-119.182656,0, ,0.0,0.0,0.0,0.0,4,17000,13000,0,0,0,0,0
TF,ZUUMA,34.277208,-118.978050,0, ,0.0,0.0,0.0,0.0,4,11000,9000,0,0,0,0,0

STAR,ZUUMA1,REBRG,4
IF,REBRG,35.981389,-119.614722, ,0.0,0.0,0,0,0,0,0,0,0,0
TF,STADD,35.666925,-119.732675,0, ,0.0,0.0,0.0,0.0,0,0,0,0,0,0,0,0
TF,DOUIT,35.288858,-119.824239,0, ,0.0,0.0,0.0,0.0,0,0,0,0,0,0,0,0
TF,UCANN,34.908114,-119.493753,0, ,0.0,0.0,0.0,0.0,3,29000,0,0,0,0,0,0
TF,ALMST,34.740492,-119.349528,0, ,0.0,0.0,0.0,0.0,4,21000,17000,1,280,0,0,0
TF,DANYY,34.539722,-119.182656,0, ,0.0,0.0,0.0,0.0,4,17000,13000,0,0,0,0,0
TF,ZUUMA,34.277208,-118.978050,0, ,0.0,0.0,0.0,0.0,4,11000,9000,0,0,0,0,0

STAR,ZUUMA1,ALL,5
IF,ZUUMA,34.277208,-118.978050, ,0.0,0.0,4,11000,9000,0,0,0,0,0
TF,WAKER,34.031611,-118.833350,0, ,0.0,0.0,0.0,0.0,1,6000,0,1,210,0,0,0

APPTR,R03-Y,03,WAKER
IF,WAKER,34.031611,-118.833350, ,0.0,0.0,0,0,0,0,0,0,1,0
TF,NATHN,33.926375,-118.651025,0, ,0.0,0.0,0.0,0.0,2,3500,0,0,0,0,1,0

FINAL,R03-Y,03,R,3
IF,NATHN,33.926375,-118.651025, ,0.0,0.0,2,3500,0,0,0,0,0,0
TF,THACH,33.970936,-118.544717,0, ,0.0,0.0,51.0,5.9,2,2000,0,0,0,0,2,0
TF,MORVE,34.005081,-118.464011,0, ,0.0,0.0,51.0,4.5,1,377,0,0,0,0,3,1
CA,0,51.0,2,600,0,0,0,0,0,0
DF,NATJU,34.127944,-118.309758,0, ,0.0,0.0,0,0,0,0,0,0,0,0
TF,JAASK,34.286019,-118.455858,0, ,0.0,0.0,0.0,0.0,0,0,0,0,0,0,0,0
TF,SESPE,34.323108,-118.782622,0, ,0.0,0.0,0.0,0.0,2,5500,0,0,0,0,0,1
HM,SESPE,34.323108,-118.782622,2, ,0.0,0.0,278.0,05,0,0,0,0,0,0,0,0,0

APPTR,R03-Z,03,WAKER
IF,WAKER,34.031611,-118.833350, ,0.0,0.0,0,0,0,0,0,0,1,0
TF,OHWEN,33.993975,-118.714667,0, ,0.0,0.0,0.0,0.0,2,3500,0,0,0,0,0,0
TF,RNSTO,33.976111,-118.658492,0, ,0.0,0.0,0.0,0.0,2,3000,0,0,0,0,1,0

FINAL,R03-Z,03,R,3
IF,RNSTO,33.976111,-118.658492, ,0.0,0.0,2,3000,0,0,0,0,0,0
TF,RGBEE,33.992417,-118.518844,0, ,0.0,0.0,70.0,7.0,2,1400,0,0,0,0,2,0
TF,MORVE,34.005081,-118.464011,0, ,0.0,0.0,62.0,2.8,1,372,0,0,0,0,3,1
CA,0,62.0,2,600,0,0,0,0,0,0
DF,DARTS,34.156047,-118.269594,0, ,0.0,0.0,2,5000,0,1,175,0,0,1
HM,DARTS,34.156047,-118.269594,2, ,0.0,0.0,108.0,05,0,0,0,0,0,0,0,0,0

FINAL,R21,21,R,4
IF,DARTS,34.156047,-118.269594, ,0.0,0.0,2,4200,0,0,0,0,0,0
TF,MOVVE,34.104817,-118.335403,0, ,0.0,0.0,215.0,4.5,2,3000,0,0,0,0,2,0
TF,MIPTE,34.054717,-118.401394,0, ,0.0,0.0,216.0,4.5,2,1340,0,0,0,0,0,0
TF,CFBCZ,34.020936,-118.445819,0, ,0.0,0.0,216.0,3.0,1,268,0,0,0,0,3,1
CA,0,216.0,2,600,0,0,0,0,0,0
DF,CAPOB,33.973192,-118.591147,0, ,0.0,0.0,0,0,0,0,0,0,0,0
TF,SADDE,34.038994,-118.764633,0, ,0.0,0.0,283.0,9.5,2,5000,0,0,0,0,0,1
HM,SADDE,34.038994,-118.764633,1, ,0.0,0.0,148.0,05,0,0,0,0,0,0,0,0,0

APPTR,V03-A,03,ELMOO
IF,ELMOO,34.098500,-118.081258, ,0.0,0.0,0,0,0,0,0,0,1,0
TF,ZISDI,34.133089,-118.194294,0, ,0.0,0.0,0.0,0.0,2,4700,0,0,0,0,0,0
TF,DARTS,34.156047,-118.269594,0, ,0.0,0.0,0.0,0.0,2,4400,0,0,0,0,0,0
TF,WAGBI,34.112981,-118.324958,0, ,0.0,0.0,0.0,0.0,2,3200,0,0,0,0,0,0

FINAL,V03-A,03,D,4
IF,WAGBI,34.112981,-118.324958,SMO,31.8,9.0,2,3200,0,0,0,0,0,0
CF,BEVEY,34.086758,-118.358664,0,SMO,31.8,6.7,212.0,2.3,2,2500,0,0,0,0,2,0
CF,WURUD,34.049072,-118.406978,0,SMO,31.8,3.4,212.0,3.3,2,1540,0,0,0,0,0,0
CF,SMO,34.010244,-118.456717,0,SMO,0.0,0.0,212.0,3.4,1,1180,0,0,0,0,3,0
CA,0,212.0,2,1180,0,0,0,0,0,0
CF,SMO15,33.988800,-118.746286,0,SMO,250.0,14.5,250.0,14.5,0,0,0,0,0,0,0,0
CF,SADDE,34.038994,-118.764633,0,FIM,148.0,19.9,328.0,3.1,2,5000,0,0,0,0,0,0
HM,SADDE,34.038994,-118.764633,1, ,0.0,0.0,148.0,04.3,0,0,0,0,0,0,0,0,0

APPTR,V21-A,21,ELMOO
IF,ELMOO,34.098500,-118.081258, ,0.0,0.0,0,0,0,0,0,0,1,0
TF,ZISDI,34.133089,-118.194294,0, ,0.0,0.0,0.0,0.0,2,4700,0,0,0,0,0,0
TF,DARTS,34.156047,-118.269594,0, ,0.0,0.0,0.0,0.0,2,4400,0,0,0,0,0,0
TF,WAGBI,34.112981,-118.324958,0, ,0.0,0.0,0.0,0.0,2,3200,0,0,0,0,0,0

FINAL,V21-A,21,D,4
IF,WAGBI,34.112981,-118.324958,SMO,31.8,9.0,2,3200,0,0,0,0,0,0
CF,BEVEY,34.086758,-118.358664,0,SMO,31.8,6.7,212.0,2.3,2,2500,0,0,0,0,2,0
CF,WURUD,34.049072,-118.406978,0,SMO,31.8,3.4,212.0,3.3,2,1540,0,0,0,0,0,0
CF,SMO,34.010244,-118.456717,0,SMO,0.0,0.0,212.0,3.4,1,1180,0,0,0,0,3,0
CA,0,212.0,2,1180,0,0,0,0,0,0
CF,SMO15,33.988800,-118.746286,0,SMO,250.0,14.5,250.0,14.5,0,0,0,0,0,0,0,0
CF,SADDE,34.038994,-118.764633,0,FIM,148.0,19.9,328.0,3.1,2,5000,0,0,0,0,0,0
HM,SADDE,34.038994,-118.764633,1, ,0.0,0.0,148.0,04.3,0,0,0,0,0,0,0,0,0

