SID,CHLN3,08,1
VA,0,81.0,2,500,0,0,0,0,0,0
VI,0, ,0.0,144.0,0,0,0,0,0,0,0,0
CF,SARDO,36.087258,-120.793194,0,SNS,114.1,52.3,114.0,48.0,0,0,0,0,0,0,0,0

SID,CHLN3,13,1
VA,0,132.0,2,500,0,0,0,0,0,0
CF,SARDO,36.087258,-120.793194,0,SNS,114.1,52.3,114.0,51.0,0,0,0,0,0,0,0,0

SID,CHLN3,26,1
VA,0,261.0,2,500,0,0,0,0,0,0
VI,2, ,0.0,144.0,0,0,0,0,0,0,0,0
CF,SARDO,36.087258,-120.793194,0,SNS,114.1,52.3,114.0,45.0,0,0,0,0,0,0,0,0

SID,CHLN3,31,1
VA,0,312.0,2,500,0,0,0,0,0,0
VI,1, ,0.0,84.0,0,0,0,0,0,0,0,0
CF,SARDO,36.087258,-120.793194,0,SNS,114.1,52.3,114.0,49.0,0,0,0,0,0,0,0,0

SID,SNS2,08,1
VA,0,80.0,2,490,0,0,0,0,0,0
VI,2, ,0.0,285.0,0,0,0,0,0,0,0,0
FM,SNS,36.663836,-121.603186,0,SNS,0.0,0.0,255.0,0,0,0,0,0,0,0,0

SID,SNS2,13,1
VA,0,131.0,2,490,0,0,0,0,0,0
VI,2, ,0.0,285.0,0,0,0,0,0,0,0,0
FM,SNS,36.663836,-121.603186,0,SNS,0.0,0.0,255.0,0,0,0,0,0,0,0,0

SID,SNS2,26,1
VA,0,260.0,2,490,0,0,0,0,0,0
FM,SNS,36.663836,-121.603186,0,SNS,0.0,0.0,255.0,0,0,0,0,0,0,0,0

SID,SNS2,31,1
VA,0,311.0,2,490,0,0,0,0,0,0
FM,SNS,36.663836,-121.603186,0,SNS,0.0,0.0,255.0,0,0,0,0,0,0,0,0

APPTR,I31,31,D107V
IF,D107V,36.457917,-121.226358, ,0.0,0.0,0,0,0,0,0,0,1,0
AF,D124V,36.378142,-121.317431,2,SNS,124.0,22.0,107.0,2,5500,0,0,0,0,0,0
VI,0,ISNS,0.0,281.0,0,0,0,0,0,0,0,0

APPTR,I31,31,SNS
IF,SNS,36.663836,-121.603186, ,0.0,0.0,0,0,0,0,0,0,0,0
TF,UAD,36.490908,-121.474908,0, ,0.0,0.0,0.0,0.0,2,5500,0,0,0,0,0,0
PI,UAD,36.490908,-121.474908,2,SNS,86.0,10.0,131,5.0,2,5500,0,0,0,0,1,0

FINAL,I31,31,I,3
IF,CI31,36.351728,-121.363686,ISNS,130.8,22.6,2,5500,0,0,0,0,0,0
CF,UAD,36.490908,-121.474908,0,ISNS,131.4,12.7,311.0,9.9,1,3987,0,0,0,0,2,0
CF,RW31,36.657389,-121.601244,0,ISNS,130.8,0.0,311.0,11.7,1,141,0,0,0,0,3,0
CA,0,311.0,2,800,0,0,0,0,0,0
CF,MARNA,36.731922,-121.813133,0,SNS,275.0,10.9,275.0,11.0,2,3000,0,0,0,0,0,0
HM,MARNA,36.731922,-121.813133,2, ,0.0,0.0,275.0,04.3,0,0,0,0,0,0,0,0,0

APPTR,L31,31,D107V
IF,D107V,36.457917,-121.226358, ,0.0,0.0,0,0,0,0,0,0,1,0
AF,D124V,36.378142,-121.317431,2,SNS,124.0,22.0,107.0,2,5500,0,0,0,0,0,1
CF,SNS17,36.422422,-121.418500,0,SNS,131.3,17.0,311.0,5.0,2,5300,0,0,0,0,0,0
CF,CF31,36.478994,-121.462375,0,ISNS,130.8,13.6,311.0,4.0,2,4700,0,0,0,0,0,0

FINAL,L31,31,D,4
IF,CF31,36.478994,-121.462375,ISNS,130.8,13.6,2,4700,0,0,0,0,0,0
CF,FF31,36.517169,-121.492028,0,ISNS,130.8,10.9,311.0,2.7,2,4000,0,0,0,0,2,0
CF,50VOR,36.592853,-121.548742,0,ISNS,129.9,5.6,311.0,5.3,2,1900,0,0,0,0,0,0
CF,RW31,36.657389,-121.601244,0,ISNS,130.8,0.0,311.0,4.6,1,141,0,0,0,0,3,0
CA,0,311.0,2,800,0,0,0,0,0,0
CF,MARNA,36.731922,-121.813133,0,SNS,275.0,10.9,275.0,11.0,2,3000,0,0,0,0,0,0
HM,MARNA,36.731922,-121.813133,2, ,0.0,0.0,275.0,04.3,0,0,0,0,0,0,0,0,0

APPTR,R13,13,ISIFU
IF,ISIFU,36.717469,-121.949153, ,0.0,0.0,0,0,0,0,0,0,0,0
TF,MOVER,36.856575,-121.889528,0, ,0.0,0.0,0.0,0.0,2,5000,0,0,0,0,1,0
TF,EWTOF,36.823922,-121.731619,0, ,0.0,0.0,0.0,0.0,2,3200,0,0,0,0,1,0

APPTR,R13,13,SHOEY
IF,SHOEY,36.745981,-122.135944, ,0.0,0.0,0,0,0,0,0,0,0,0
TF,MOVER,36.856575,-121.889528,0, ,0.0,0.0,0.0,0.0,2,5000,0,0,0,0,1,0
TF,EWTOF,36.823922,-121.731619,0, ,0.0,0.0,0.0,0.0,2,3200,0,0,0,0,1,0

FINAL,R13,13,R,3
IF,EWTOF,36.823922,-121.731619, ,0.0,0.0,2,3200,0,0,0,0,0,0
TF,UBBEP,36.737111,-121.663575,0, ,0.0,0.0,132.0,6.2,2,1700,0,0,0,0,2,0
TF,GUHWO,36.679908,-121.618836,0, ,0.0,0.0,132.0,4.1,1,393,0,0,0,0,3,1
CA,0,132.0,2,490,0,0,0,0,0,0
DF,MARNA,36.731922,-121.813133,2, ,0.0,0.0,2,3000,0,0,0,0,0,1
HM,MARNA,36.731922,-121.813133,2, ,0.0,0.0,276.0,04,0,0,0,0,0,0,0,0,0

APPTR,R31-Y,31,BSR
IF,BSR,36.181294,-121.642114, ,0.0,0.0,0,0,0,0,0,0,0,0
TF,OHYUZ,36.336614,-121.460847,0, ,0.0,0.0,0.0,0.0,2,7300,0,0,0,0,1,0
TF,WIGGL,36.421400,-121.361450,0, ,0.0,0.0,0.0,0.0,2,6000,0,0,0,0,1,0

APPTR,R31-Y,31,RANCK
IF,RANCK,36.591639,-121.102881, ,0.0,0.0,0,0,0,0,0,0,1,0
TF,WIGGL,36.421400,-121.361450,0, ,0.0,0.0,0.0,0.0,2,6000,0,0,0,0,1,0

FINAL,R31-Y,31,R,4
IF,WIGGL,36.421400,-121.361450, ,0.0,0.0,2,6000,0,0,0,0,0,0
TF,IVUVY,36.525981,-121.498825,0, ,0.0,0.0,297.0,9.1,2,3400,0,0,0,0,2,0
TF,HEPIK,36.616425,-121.569272,0, ,0.0,0.0,312.0,6.4,2,1140,0,0,0,0,0,0
TF,UGTAC,36.650328,-121.595731,0, ,0.0,0.0,312.0,2.4,1,317,0,0,0,0,3,1
DF,MAFAF,36.698356,-121.633242,0, ,0.0,0.0,0,0,0,0,0,0,0,0
TF,MARNA,36.731922,-121.813133,0, ,0.0,0.0,0.0,0.0,2,3000,0,0,0,0,0,1
HM,MARNA,36.731922,-121.813133,2, ,0.0,0.0,276.0,04,0,0,0,0,0,0,0,0,0

APPTR,R31-Z,31,BSR
IF,BSR,36.181294,-121.642114, ,0.0,0.0,0,0,0,0,0,0,0,0
TF,SISGY,36.263069,-121.414606,0, ,0.0,0.0,0.0,0.0,2,7200,0,0,0,0,1,0
TF,JECCO,36.364775,-121.373750,0, ,0.0,0.0,0.0,0.0,2,5900,0,0,0,0,0,0
TF,ACIYO,36.406219,-121.405847,0, ,0.0,0.0,0.0,0.0,2,5500,0,0,0,0,0,0

APPTR,R31-Z,31,RANCK
IF,RANCK,36.591639,-121.102881, ,0.0,0.0,0,0,0,0,0,0,0,0
TF,EFGON,36.446708,-121.210825,0, ,0.0,0.0,0.0,0.0,2,6200,0,0,0,0,1,0
TF,JECCO,36.364775,-121.373750,0, ,0.0,0.0,0.0,0.0,2,5900,0,0,0,0,0,0
TF,ACIYO,36.406219,-121.405847,0, ,0.0,0.0,0.0,0.0,2,5500,0,0,0,0,0,0

FINAL,R31-Z,31,R,3
IF,ACIYO,36.406219,-121.405847, ,0.0,0.0,2,5500,0,0,0,0,0,0
TF,GIPVY,36.449850,-121.439681,0, ,0.0,0.0,312.0,3.1,2,5000,0,0,0,0,2,0
TF,RW31,36.657389,-121.601244,0, ,0.0,0.0,312.0,14.7,1,132,0,0,0,0,3,1
DF,MAFAF,36.698356,-121.633242,0, ,0.0,0.0,0,0,0,0,0,0,0,0
TF,MARNA,36.731922,-121.813133,0, ,0.0,0.0,0.0,0.0,2,3000,0,0,0,0,0,1
HM,MARNA,36.731922,-121.813133,2, ,0.0,0.0,276.0,04,0,0,0,0,0,0,0,0,0

APPTR,S13,13,SANTY
IF,SANTY,36.979239,-122.073075, ,0.0,0.0,0,0,0,0,0,0,1,0
TF,SNS25,36.977353,-121.943400,0, ,0.0,0.0,0.0,0.0,2,3600,0,0,0,0,0,0
TF,SEWOF,36.852567,-121.807536,0, ,0.0,0.0,0.0,0.0,2,3600,0,0,0,0,0,0
TF,SAMES,36.725875,-121.670197,0, ,0.0,0.0,0.0,0.0,2,1600,0,0,0,0,0,0

APPTR,S13,13,SNS
IF,SNS,36.663836,-121.603186, ,0.0,0.0,0,0,0,0,0,0,0,0
TF,SAMES,36.725875,-121.670197,0, ,0.0,0.0,0.0,0.0,2,3500,0,0,0,0,0,0
PI,SAMES,36.725875,-121.670197,2,SNS,257.0,10.0,302,5.0,2,2000,0,0,0,0,1,0
CF,SAMES,36.725875,-121.670197,0,SNS,302.0,4.9,122.0,8.0,2,1600,0,0,0,0,0,0

FINAL,S13,13,D,2
IF,SAMES,36.725875,-121.670197,SNS,302.0,4.9,2,1600,0,0,0,0,2,0
CF,MA13,36.676425,-121.616778,0,SNS,302.0,0.0,122.0,4.0,1,320,0,0,0,0,3,0
CA,0,122.0,2,490,0,0,0,0,0,0
CF,MARNA,36.731922,-121.813133,2,SNS,275.0,10.9,275.0,11.0,2,3000,0,0,0,0,0,0
HM,MARNA,36.731922,-121.813133,2, ,0.0,0.0,275.0,04.3,0,0,0,0,0,0,0,0,0

