APPTR,B07,07,CVA
FC,CVA,41.708547,-90.483314,0,CVA,0.0,0.0,94.0,18.2,2,2700,0,0,0,0,1,0
CF,GIBON,41.654692,-89.995039,0,ISQI,249.2,14.7,94.0,4.0,2,2700,0,0,0,0,0,0

APPTR,B07,07,PLL
IF,PLL,41.965642,-89.524219, ,0.0,0.0,0,0,0,0,0,0,0,0
TF,BOZ,41.711108,-89.785619,0, ,0.0,0.0,0.0,0.0,2,2500,0,0,0,0,0,0
PI,BOZ,41.711108,-89.785619,2,PLL,204.0,10.0,249,5.0,2,2200,0,0,0,0,1,0

FINAL,B07,07,D,3
IF,GIBON,41.654692,-89.995039,ISQI,249.2,14.7,2,2700,0,0,0,0,0,0
CF,BOZ,41.711108,-89.785619,0,ISQI,248.6,4.7,69.0,10.0,2,2200,0,0,0,0,2,0
CF,MA07,41.735411,-89.698622,0,ISQI,249.1,0.5,69.0,4.2,1,904,0,0,0,0,3,0
CA,0,69.0,2,1500,0,0,0,0,0,0
DF,BOZ,41.711108,-89.785619,2, ,0.0,0.0,2,2200,0,0,0,0,0,0
HM,BOZ,41.711108,-89.785619,2, ,0.0,0.0,69.0,04.3,0,0,0,0,0,0,0,0,0

APPTR,I25,25,DAYVL
FC,DAYVL,41.970958,-89.312758,0,PLL,0.0,0.0,197.0,5.5,2,2700,0,0,0,0,1,0
CF,REVCO,41.821394,-89.378992,0,ISQI,69.1,14.8,197.0,4.0,2,2700,0,0,0,0,0,0

FINAL,I25,25,I,3
IF,REVCO,41.821394,-89.378992,ISQI,69.1,14.8,2,2700,0,0,0,0,0,0
CF,SELVA,41.775156,-89.551389,0,ISQI,69.1,6.5,249.0,8.2,1,2413,0,0,0,0,2,0
CF,RW25,41.745231,-89.662317,0,ISQI,69.1,1.2,249.0,5.3,1,701,0,0,0,0,3,0
CA,0,249.0,2,2000,0,0,0,0,0,0
DF,PLL,41.965642,-89.524219,2, ,0.0,0.0,2,2700,0,0,0,0,0,0
HM,PLL,41.965642,-89.524219,2, ,0.0,0.0,85.0,04.3,0,0,0,0,0,0,0,0,0

APPTR,N07,07,CVA
IF,CVA,41.708547,-90.483314, ,0.0,0.0,0,0,0,0,0,0,1,0
TF,GIBON,41.654692,-89.995039,0, ,0.0,0.0,0.0,0.0,2,2700,0,0,0,0,1,0

APPTR,N07,07,PLL
IF,PLL,41.965642,-89.524219, ,0.0,0.0,0,0,0,0,0,0,0,0
TF,BOZ,41.711108,-89.785619,0, ,0.0,0.0,0.0,0.0,2,2500,0,0,0,0,0,0
PI,BOZ,41.711108,-89.785619,2,PLL,204.0,10.0,249,5.0,2,2200,0,0,0,0,1,0

FINAL,N07,07,N,3
IF,GIBON,41.654692,-89.995039,BOZ,0.0,0.0,2,2700,0,0,0,0,0,0
CF,BOZ,41.711108,-89.785619,0,BOZ,0.0,0.0,69.0,10.0,2,2200,0,0,0,0,2,0
CF,RW07,41.739175,-89.684714,0,BOZ,0.0,0.0,69.0,4.8,1,694,0,0,0,0,3,0
CA,0,69.0,2,1500,0,0,0,0,0,0
DF,BOZ,41.711108,-89.785619,2, ,0.0,0.0,2,2200,0,0,0,0,0,0
HM,BOZ,41.711108,-89.785619,2, ,0.0,0.0,69.0,04.3,0,0,0,0,0,0,0,0,0

APPTR,R07,07,CVA
IF,CVA,41.708547,-90.483314, ,0.0,0.0,0,0,0,0,0,0,1,0
TF,KEBEY,41.674464,-89.922758,0, ,0.0,0.0,0.0,0.0,2,2700,0,0,0,0,1,0

APPTR,R07,07,GENSO
IF,GENSO,41.362319,-90.248106, ,0.0,0.0,0,0,0,0,0,0,1,0
TF,KEBEY,41.674464,-89.922758,0, ,0.0,0.0,0.0,0.0,2,2700,0,0,0,0,1,0

FINAL,R07,07,R,4
IF,KEBEY,41.674464,-89.922758, ,0.0,0.0,2,2700,0,0,0,0,0,0
TF,JIGRO,41.709203,-89.795256,0, ,0.0,0.0,69.0,6.1,2,2400,0,0,0,0,2,0
TF,IROCI,41.728406,-89.724492,0, ,0.0,0.0,69.0,3.4,2,1300,0,0,0,0,0,0
TF,RW07,41.739175,-89.684714,0, ,0.0,0.0,69.0,1.9,1,694,0,0,0,0,3,1
DF,HELEG,41.810956,-89.417867,0, ,0.0,0.0,2,2700,0,0,0,0,0,1
HM,HELEG,41.810956,-89.417867,2, ,0.0,0.0,249.0,04,0,0,0,0,0,0,0,0,0

APPTR,R25,25,HELEG
HF,HELEG,41.810956,-89.417867,2, ,0.0,0.0,249.0,04,2,2500,0,0,0,0,1,0,0

APPTR,R25,25,PLL
IF,PLL,41.965642,-89.524219, ,0.0,0.0,0,0,0,0,0,0,0,0
TF,VOSUY,41.889450,-89.455442,0, ,0.0,0.0,0.0,0.0,2,2500,0,0,0,0,1,0
TF,HELEG,41.810956,-89.417867,0, ,0.0,0.0,0.0,0.0,2,2500,0,0,0,0,1,0

APPTR,R25,25,TRIDE
IF,TRIDE,41.466508,-89.199353, ,0.0,0.0,0,0,0,0,0,0,0,0
TF,TEVUE,41.732447,-89.380383,0, ,0.0,0.0,0.0,0.0,2,2500,0,0,0,0,1,0
TF,HELEG,41.810956,-89.417867,0, ,0.0,0.0,0.0,0.0,2,2500,0,0,0,0,1,0

FINAL,R25,25,R,4
IF,HELEG,41.810956,-89.417867, ,0.0,0.0,2,2500,0,0,0,0,0,0
TF,FOVON,41.776658,-89.545736,0, ,0.0,0.0,249.0,6.1,2,2500,0,0,0,0,2,0
TF,COVKA,41.756542,-89.620422,0, ,0.0,0.0,249.0,3.6,2,1340,0,0,0,0,0,0
TF,RW25,41.745231,-89.662317,0, ,0.0,0.0,249.0,2.0,1,701,0,0,0,0,3,1
DF,KEBEY,41.674464,-89.922758,0, ,0.0,0.0,2,2500,0,0,0,0,0,1
HM,KEBEY,41.674464,-89.922758,2, ,0.0,0.0,69.0,04,0,0,0,0,0,0,0,0,0

