SID,BERYY4,06,4
VA,0,64.0,2,1120,0,0,0,0,0,0
VM,0,0,0,64.0,0,0,0,0,0,0,0,0
DF,BERYY,38.170686,-90.776194,0, ,0.0,0.0,0,0,0,0,0,0,0,0

SID,BERYY4,11,4
VA,0,123.0,2,1120,0,0,0,0,0,0
DF,LUUBE,38.702333,-90.293064,0, ,0.0,0.0,2,2500,0,0,0,0,0,0
TF,DAFUS,38.635783,-90.292972,0, ,0.0,0.0,0.0,0.0,0,0,0,0,0,0,0,0
TF,GEJAY,38.545525,-90.387400,0, ,0.0,0.0,0.0,0.0,0,0,0,0,0,0,0,0
TF,BERYY,38.170686,-90.776194,0, ,0.0,0.0,0.0,0.0,0,0,0,0,0,0,0,0

SID,BERYY4,12L,4
VA,0,123.0,2,1120,0,0,0,0,0,0
DF,HEFNR,38.701775,-90.273486,0, ,0.0,0.0,2,2500,0,0,0,0,0,0
TF,DAFUS,38.635783,-90.292972,0, ,0.0,0.0,0.0,0.0,0,0,0,0,0,0,0,0
TF,GEJAY,38.545525,-90.387400,0, ,0.0,0.0,0.0,0.0,0,0,0,0,0,0,0,0
TF,BERYY,38.170686,-90.776194,0, ,0.0,0.0,0.0,0.0,0,0,0,0,0,0,0,0

SID,BERYY4,12R,4
VA,0,123.0,2,1120,0,0,0,0,0,0
DF,HEFNR,38.701775,-90.273486,0, ,0.0,0.0,2,2500,0,0,0,0,0,0
TF,DAFUS,38.635783,-90.292972,0, ,0.0,0.0,0.0,0.0,0,0,0,0,0,0,0,0
TF,GEJAY,38.545525,-90.387400,0, ,0.0,0.0,0.0,0.0,0,0,0,0,0,0,0,0
TF,BERYY,38.170686,-90.776194,0, ,0.0,0.0,0.0,0.0,0,0,0,0,0,0,0,0

SID,BERYY4,24,4
VA,0,244.0,2,1120,0,0,0,0,0,0
VM,0,0,0,244.0,0,0,0,0,0,0,0,0
DF,BERYY,38.170686,-90.776194,0, ,0.0,0.0,0,0,0,0,0,0,0,0

SID,BERYY4,29,4
VA,0,303.0,2,1120,0,0,0,0,0,0
DF,HAGEE,38.793261,-90.478028,0, ,0.0,0.0,2,2500,0,0,0,0,0,0
TF,WAARN,38.760033,-90.541647,0, ,0.0,0.0,0.0,0.0,0,0,0,0,0,0,0,0
TF,BERYY,38.170686,-90.776194,0, ,0.0,0.0,0.0,0.0,0,0,0,0,0,0,0,0

SID,BERYY4,30L,4
VA,0,303.0,2,1120,0,0,0,0,0,0
DF,PYUNG,38.788536,-90.450019,0, ,0.0,0.0,2,2500,0,0,0,0,0,0
TF,ALLNT,38.750825,-90.519081,0, ,0.0,0.0,0.0,0.0,0,0,0,0,0,0,0,0
TF,ELDBB,38.687836,-90.547211,0, ,0.0,0.0,0.0,0.0,0,0,0,0,0,0,0,0
TF,BERYY,38.170686,-90.776194,0, ,0.0,0.0,0.0,0.0,0,0,0,0,0,0,0,0

SID,BERYY4,30R,4
VA,0,303.0,2,1120,0,0,0,0,0,0
DF,PYUNG,38.788536,-90.450019,0, ,0.0,0.0,2,2500,0,0,0,0,0,0
TF,ALLNT,38.750825,-90.519081,0, ,0.0,0.0,0.0,0.0,0,0,0,0,0,0,0,0
TF,ELDBB,38.687836,-90.547211,0, ,0.0,0.0,0.0,0.0,0,0,0,0,0,0,0,0
TF,BERYY,38.170686,-90.776194,0, ,0.0,0.0,0.0,0.0,0,0,0,0,0,0,0,0

SID,BERYY4,LIT,6
IF,BERYY,38.170686,-90.776194, ,0.0,0.0,0,0,0,0,0,0,0,0
TF,TWRAY,37.601406,-91.014592,0, ,0.0,0.0,0.0,0.0,0,0,0,0,0,0,0,0
TF,LIT,34.677672,-92.180528,0, ,0.0,0.0,0.0,0.0,0,0,0,0,0,0,0,0

SID,BGOOD4,06,4
VA,0,64.0,2,1120,0,0,0,0,0,0
VM,0,0,0,64.0,0,0,0,0,0,0,0,0
DF,BGOOD,38.439781,-91.117350,0, ,0.0,0.0,0,0,0,0,0,0,0,0

SID,BGOOD4,11,4
VA,0,123.0,2,1120,0,0,0,0,0,0
DF,LUUBE,38.702333,-90.293064,0, ,0.0,0.0,2,2500,0,0,0,0,0,0
TF,DAFUS,38.635783,-90.292972,0, ,0.0,0.0,0.0,0.0,0,0,0,0,0,0,0,0
TF,TRAVS,38.604961,-90.356189,0, ,0.0,0.0,0.0,0.0,0,0,0,0,0,0,0,0
TF,BGOOD,38.439781,-91.117350,0, ,0.0,0.0,0.0,0.0,0,0,0,0,0,0,0,0

SID,BGOOD4,12L,4
VA,0,123.0,2,1120,0,0,0,0,0,0
DF,HEFNR,38.701775,-90.273486,0, ,0.0,0.0,2,2500,0,0,0,0,0,0
TF,DAFUS,38.635783,-90.292972,0, ,0.0,0.0,0.0,0.0,0,0,0,0,0,0,0,0
TF,TRAVS,38.604961,-90.356189,0, ,0.0,0.0,0.0,0.0,0,0,0,0,0,0,0,0
TF,BGOOD,38.439781,-91.117350,0, ,0.0,0.0,0.0,0.0,0,0,0,0,0,0,0,0

SID,BGOOD4,12R,4
VA,0,123.0,2,1120,0,0,0,0,0,0
DF,HEFNR,38.701775,-90.273486,0, ,0.0,0.0,2,2500,0,0,0,0,0,0
TF,DAFUS,38.635783,-90.292972,0, ,0.0,0.0,0.0,0.0,0,0,0,0,0,0,0,0
TF,TRAVS,38.604961,-90.356189,0, ,0.0,0.0,0.0,0.0,0,0,0,0,0,0,0,0
TF,BGOOD,38.439781,-91.117350,0, ,0.0,0.0,0.0,0.0,0,0,0,0,0,0,0,0

SID,BGOOD4,24,4
VA,0,244.0,2,1120,0,0,0,0,0,0
VM,0,0,0,244.0,0,0,0,0,0,0,0,0
DF,BGOOD,38.439781,-91.117350,0, ,0.0,0.0,0,0,0,0,0,0,0,0

SID,BGOOD4,29,4
VA,0,303.0,2,1120,0,0,0,0,0,0
DF,HAGEE,38.793261,-90.478028,0, ,0.0,0.0,2,2500,0,0,0,0,0,0
TF,WAARN,38.760033,-90.541647,0, ,0.0,0.0,0.0,0.0,0,0,0,0,0,0,0,0
TF,FLPPS,38.633836,-90.639172,0, ,0.0,0.0,0.0,0.0,0,0,0,0,0,0,0,0
TF,BGOOD,38.439781,-91.117350,0, ,0.0,0.0,0.0,0.0,0,0,0,0,0,0,0,0

SID,BGOOD4,30L,4
VA,0,303.0,2,1120,0,0,0,0,0,0
DF,PYUNG,38.788536,-90.450019,0, ,0.0,0.0,2,2500,0,0,0,0,0,0
TF,ALLNT,38.750825,-90.519081,0, ,0.0,0.0,0.0,0.0,0,0,0,0,0,0,0,0
TF,FLPPS,38.633836,-90.639172,0, ,0.0,0.0,0.0,0.0,0,0,0,0,0,0,0,0
TF,BGOOD,38.439781,-91.117350,0, ,0.0,0.0,0.0,0.0,0,0,0,0,0,0,0,0

SID,BGOOD4,30R,4
VA,0,303.0,2,1120,0,0,0,0,0,0
DF,PYUNG,38.788536,-90.450019,0, ,0.0,0.0,2,2500,0,0,0,0,0,0
TF,ALLNT,38.750825,-90.519081,0, ,0.0,0.0,0.0,0.0,0,0,0,0,0,0,0,0
TF,FLPPS,38.633836,-90.639172,0, ,0.0,0.0,0.0,0.0,0,0,0,0,0,0,0,0
TF,BGOOD,38.439781,-91.117350,0, ,0.0,0.0,0.0,0.0,0,0,0,0,0,0,0,0

SID,BGOOD4,VIH,6
IF,BGOOD,38.439781,-91.117350, ,0.0,0.0,0,0,0,0,0,0,0,0
TF,VIH,38.154072,-91.706772,0, ,0.0,0.0,0.0,0.0,0,0,0,0,0,0,0,0

SID,BLUES6,ALL,2
IF,CSX,38.752744,-90.360961, ,0.0,0.0,0,0,0,0,0,0,0,0
TF,ENL,38.420000,-89.158997,0, ,0.0,0.0,0.0,0.0,0,0,0,0,0,0,0,0

SID,BLUES6,HILTS,3
IF,ENL,38.420000,-89.158997, ,0.0,0.0,0,0,0,0,0,0,0,0
TF,HILTS,38.129283,-88.325219,0, ,0.0,0.0,0.0,0.0,0,0,0,0,0,0,0,0

SID,BLUES6,IIU,3
IF,ENL,38.420000,-89.158997, ,0.0,0.0,0,0,0,0,0,0,0,0
TF,HILTS,38.129283,-88.325219,0, ,0.0,0.0,0.0,0.0,0,0,0,0,0,0,0,0
TF,IIU,38.103464,-85.577436,0, ,0.0,0.0,0.0,0.0,0,0,0,0,0,0,0,0

SID,BRAKK4,06,4
VA,0,64.0,2,1120,0,0,0,0,0,0
VM,0,0,0,64.0,0,0,0,0,0,0,0,0
DF,BRAKK,38.968053,-91.162444,0, ,0.0,0.0,0,0,0,0,0,0,0,0

SID,BRAKK4,11,4
VA,0,123.0,2,1120,0,0,0,0,0,0
DF,LUUBE,38.702333,-90.293064,0, ,0.0,0.0,2,2500,0,0,0,0,0,0
TF,DAFUS,38.635783,-90.292972,0, ,0.0,0.0,0.0,0.0,0,0,0,0,0,0,0,0
TF,TRAVS,38.604961,-90.356189,0, ,0.0,0.0,0.0,0.0,0,0,0,0,0,0,0,0
TF,SEKAY,38.621283,-90.488158,0, ,0.0,0.0,0.0,0.0,0,0,0,0,0,0,0,0
TF,LIISA,38.684122,-90.622839,0, ,0.0,0.0,0.0,0.0,0,0,0,0,0,0,0,0
TF,BRAKK,38.968053,-91.162444,0, ,0.0,0.0,0.0,0.0,0,0,0,0,0,0,0,0

SID,BRAKK4,12L,4
VA,0,123.0,2,1120,0,0,0,0,0,0
DF,HEFNR,38.701775,-90.273486,0, ,0.0,0.0,2,2500,0,0,0,0,0,0
TF,DAFUS,38.635783,-90.292972,0, ,0.0,0.0,0.0,0.0,0,0,0,0,0,0,0,0
TF,TRAVS,38.604961,-90.356189,0, ,0.0,0.0,0.0,0.0,0,0,0,0,0,0,0,0
TF,SEKAY,38.621283,-90.488158,0, ,0.0,0.0,0.0,0.0,0,0,0,0,0,0,0,0
TF,LIISA,38.684122,-90.622839,0, ,0.0,0.0,0.0,0.0,0,0,0,0,0,0,0,0
TF,BRAKK,38.968053,-91.162444,0, ,0.0,0.0,0.0,0.0,0,0,0,0,0,0,0,0

SID,BRAKK4,12R,4
VA,0,123.0,2,1120,0,0,0,0,0,0
DF,HEFNR,38.701775,-90.273486,0, ,0.0,0.0,2,2500,0,0,0,0,0,0
TF,DAFUS,38.635783,-90.292972,0, ,0.0,0.0,0.0,0.0,0,0,0,0,0,0,0,0
TF,TRAVS,38.604961,-90.356189,0, ,0.0,0.0,0.0,0.0,0,0,0,0,0,0,0,0
TF,SEKAY,38.621283,-90.488158,0, ,0.0,0.0,0.0,0.0,0,0,0,0,0,0,0,0
TF,LIISA,38.684122,-90.622839,0, ,0.0,0.0,0.0,0.0,0,0,0,0,0,0,0,0
TF,BRAKK,38.968053,-91.162444,0, ,0.0,0.0,0.0,0.0,0,0,0,0,0,0,0,0

SID,BRAKK4,24,4
VA,0,244.0,2,1120,0,0,0,0,0,0
VM,0,0,0,244.0,0,0,0,0,0,0,0,0
DF,BRAKK,38.968053,-91.162444,0, ,0.0,0.0,0,0,0,0,0,0,0,0

SID,BRAKK4,29,4
VA,0,303.0,2,1120,0,0,0,0,0,0
DF,HAGEE,38.793261,-90.478028,0, ,0.0,0.0,2,2500,0,0,0,0,0,0
TF,BRAKK,38.968053,-91.162444,0, ,0.0,0.0,0.0,0.0,0,0,0,0,0,0,0,0

SID,BRAKK4,30L,4
VA,0,303.0,2,1120,0,0,0,0,0,0
DF,PYUNG,38.788536,-90.450019,0, ,0.0,0.0,2,2500,0,0,0,0,0,0
TF,BRAKK,38.968053,-91.162444,0, ,0.0,0.0,0.0,0.0,0,0,0,0,0,0,0,0

SID,BRAKK4,30R,4
VA,0,303.0,2,1120,0,0,0,0,0,0
DF,PYUNG,38.788536,-90.450019,0, ,0.0,0.0,2,2500,0,0,0,0,0,0
TF,BRAKK,38.968053,-91.162444,0, ,0.0,0.0,0.0,0.0,0,0,0,0,0,0,0,0

SID,BRAKK4,HLV,6
IF,BRAKK,38.968053,-91.162444, ,0.0,0.0,0,0,0,0,0,0,0,0
TF,RMMOS,38.996978,-91.348533,0, ,0.0,0.0,0.0,0.0,0,0,0,0,0,0,0,0
TF,HLV,39.113542,-92.128233,0, ,0.0,0.0,0.0,0.0,0,0,0,0,0,0,0,0

SID,CARDS1,ALL,2
IF,CSX,38.752744,-90.360961, ,0.0,0.0,0,0,0,0,0,0,0,0

SID,CARDS1,BDF,3
IF,CSX,38.752744,-90.360961, ,0.0,0.0,0,0,0,0,0,0,0,0
TF,SKYPE,39.360647,-90.223781,0, ,0.0,0.0,0.0,0.0,0,0,0,0,0,0,0,0
TF,SKUTR,40.068358,-90.060867,0, ,0.0,0.0,0.0,0.0,0,0,0,0,0,0,0,0
TF,BDF,41.159731,-89.587872,0, ,0.0,0.0,0.0,0.0,0,0,0,0,0,0,0,0

SID,CARDS1,LEBOY,3
IF,CSX,38.752744,-90.360961, ,0.0,0.0,0,0,0,0,0,0,0,0
TF,DEECE,39.368789,-90.552714,0, ,0.0,0.0,0.0,0.0,0,0,0,0,0,0,0,0
TF,LEBOY,39.433406,-90.573047,0, ,0.0,0.0,0.0,0.0,0,0,0,0,0,0,0,0

SID,CARDS1,NEENS,3
IF,CSX,38.752744,-90.360961, ,0.0,0.0,0,0,0,0,0,0,0,0
TF,MYKEY,39.384236,-90.432083,0, ,0.0,0.0,0.0,0.0,0,0,0,0,0,0,0,0
TF,NEENS,40.248194,-90.531611,0, ,0.0,0.0,0.0,0.0,0,0,0,0,0,0,0,0

SID,CARDS1,SPI,3
IF,CSX,38.752744,-90.360961, ,0.0,0.0,0,0,0,0,0,0,0,0
TF,TEWHY,39.322867,-90.005564,0, ,0.0,0.0,0.0,0.0,0,0,0,0,0,0,0,0
TF,SPI,39.839733,-89.677736,0, ,0.0,0.0,0.0,0.0,0,0,0,0,0,0,0,0

SID,CHUUC4,06,4
VA,0,64.0,2,1120,0,0,0,0,0,0
VM,0,0,0,64.0,0,0,0,0,0,0,0,0
DF,CHUUC,38.089128,-90.567661,0, ,0.0,0.0,0,0,0,0,0,0,0,0

SID,CHUUC4,11,4
VA,0,123.0,2,1120,0,0,0,0,0,0
DF,LUUBE,38.702333,-90.293064,0, ,0.0,0.0,2,2500,0,0,0,0,0,0
TF,DAFUS,38.635783,-90.292972,0, ,0.0,0.0,0.0,0.0,0,0,0,0,0,0,0,0
TF,GEJAY,38.545525,-90.387400,0, ,0.0,0.0,0.0,0.0,0,0,0,0,0,0,0,0
TF,CHUUC,38.089128,-90.567661,0, ,0.0,0.0,0.0,0.0,0,0,0,0,0,0,0,0

SID,CHUUC4,12L,4
VA,0,123.0,2,1120,0,0,0,0,0,0
DF,HEFNR,38.701775,-90.273486,0, ,0.0,0.0,2,2500,0,0,0,0,0,0
TF,DAFUS,38.635783,-90.292972,0, ,0.0,0.0,0.0,0.0,0,0,0,0,0,0,0,0
TF,GEJAY,38.545525,-90.387400,0, ,0.0,0.0,0.0,0.0,0,0,0,0,0,0,0,0
TF,CHUUC,38.089128,-90.567661,0, ,0.0,0.0,0.0,0.0,0,0,0,0,0,0,0,0

SID,CHUUC4,12R,4
VA,0,123.0,2,1120,0,0,0,0,0,0
DF,HEFNR,38.701775,-90.273486,0, ,0.0,0.0,2,2500,0,0,0,0,0,0
TF,DAFUS,38.635783,-90.292972,0, ,0.0,0.0,0.0,0.0,0,0,0,0,0,0,0,0
TF,GEJAY,38.545525,-90.387400,0, ,0.0,0.0,0.0,0.0,0,0,0,0,0,0,0,0
TF,CHUUC,38.089128,-90.567661,0, ,0.0,0.0,0.0,0.0,0,0,0,0,0,0,0,0

SID,CHUUC4,24,4
VA,0,244.0,2,1120,0,0,0,0,0,0
VM,0,0,0,244.0,0,0,0,0,0,0,0,0
DF,CHUUC,38.089128,-90.567661,0, ,0.0,0.0,0,0,0,0,0,0,0,0

SID,CHUUC4,29,4
VA,0,303.0,2,1120,0,0,0,0,0,0
DF,HAGEE,38.793261,-90.478028,0, ,0.0,0.0,2,2500,0,0,0,0,0,0
TF,WAARN,38.760033,-90.541647,0, ,0.0,0.0,0.0,0.0,0,0,0,0,0,0,0,0
TF,ELDBB,38.687836,-90.547211,0, ,0.0,0.0,0.0,0.0,0,0,0,0,0,0,0,0
TF,CHUUC,38.089128,-90.567661,0, ,0.0,0.0,0.0,0.0,0,0,0,0,0,0,0,0

SID,CHUUC4,30L,4
VA,0,303.0,2,1120,0,0,0,0,0,0
DF,PYUNG,38.788536,-90.450019,0, ,0.0,0.0,2,2500,0,0,0,0,0,0
TF,ALLNT,38.750825,-90.519081,0, ,0.0,0.0,0.0,0.0,0,0,0,0,0,0,0,0
TF,ELDBB,38.687836,-90.547211,0, ,0.0,0.0,0.0,0.0,0,0,0,0,0,0,0,0
TF,CHUUC,38.089128,-90.567661,0, ,0.0,0.0,0.0,0.0,0,0,0,0,0,0,0,0

SID,CHUUC4,30R,4
VA,0,303.0,2,1120,0,0,0,0,0,0
DF,PYUNG,38.788536,-90.450019,0, ,0.0,0.0,2,2500,0,0,0,0,0,0
TF,ALLNT,38.750825,-90.519081,0, ,0.0,0.0,0.0,0.0,0,0,0,0,0,0,0,0
TF,ELDBB,38.687836,-90.547211,0, ,0.0,0.0,0.0,0.0,0,0,0,0,0,0,0,0
TF,CHUUC,38.089128,-90.567661,0, ,0.0,0.0,0.0,0.0,0,0,0,0,0,0,0,0

SID,CHUUC4,ARG,6
IF,CHUUC,38.089128,-90.567661, ,0.0,0.0,0,0,0,0,0,0,0,0
TF,MYERZ,37.198383,-90.664153,0, ,0.0,0.0,0.0,0.0,0,0,0,0,0,0,0,0
TF,ARG,36.110019,-90.953694,0, ,0.0,0.0,0.0,0.0,0,0,0,0,0,0,0,0

SID,CHUUC4,MAW,6
IF,CHUUC,38.089128,-90.567661, ,0.0,0.0,0,0,0,0,0,0,0,0
TF,MYERZ,37.198383,-90.664153,0, ,0.0,0.0,0.0,0.0,0,0,0,0,0,0,0,0
TF,MAW,36.555114,-89.911422,0, ,0.0,0.0,0.0,0.0,0,0,0,0,0,0,0,0

SID,CHUUC4,MYERZ,6
IF,CHUUC,38.089128,-90.567661, ,0.0,0.0,0,0,0,0,0,0,0,0
TF,MYERZ,37.198383,-90.664153,0, ,0.0,0.0,0.0,0.0,0,0,0,0,0,0,0,0

SID,DRUSE4,06,4
VA,0,64.0,2,1120,0,0,0,0,0,0
VM,0,0,0,64.0,0,0,0,0,0,0,0,0
DF,DRUSE,38.329317,-89.705389,0, ,0.0,0.0,0,0,0,0,0,0,0,0

SID,DRUSE4,11,4
VA,0,123.0,2,1120,0,0,0,0,0,0
DF,LUUBE,38.702333,-90.293064,0, ,0.0,0.0,2,2500,0,0,0,0,0,0
TF,DRUSE,38.329317,-89.705389,0, ,0.0,0.0,0.0,0.0,0,0,0,0,0,0,0,0

SID,DRUSE4,12L,4
VA,0,123.0,2,1120,0,0,0,0,0,0
DF,HEFNR,38.701775,-90.273486,0, ,0.0,0.0,2,2500,0,0,0,0,0,0
TF,DRUSE,38.329317,-89.705389,0, ,0.0,0.0,0.0,0.0,0,0,0,0,0,0,0,0

SID,DRUSE4,12R,4
VA,0,123.0,2,1120,0,0,0,0,0,0
DF,HEFNR,38.701775,-90.273486,0, ,0.0,0.0,2,2500,0,0,0,0,0,0
TF,DRUSE,38.329317,-89.705389,0, ,0.0,0.0,0.0,0.0,0,0,0,0,0,0,0,0

SID,DRUSE4,24,4
VA,0,244.0,2,1120,0,0,0,0,0,0
VM,0,0,0,244.0,0,0,0,0,0,0,0,0
DF,DRUSE,38.329317,-89.705389,0, ,0.0,0.0,0,0,0,0,0,0,0,0

SID,DRUSE4,29,4
VA,0,303.0,2,1120,0,0,0,0,0,0
DF,HAGEE,38.793261,-90.478028,0, ,0.0,0.0,2,2500,0,0,0,0,0,0
TF,WAARN,38.760033,-90.541647,0, ,0.0,0.0,0.0,0.0,0,0,0,0,0,0,0,0
TF,ELDBB,38.687836,-90.547211,0, ,0.0,0.0,0.0,0.0,0,0,0,0,0,0,0,0
TF,BERAA,38.537431,-90.413192,0, ,0.0,0.0,0.0,0.0,0,0,0,0,0,0,0,0
TF,DRUSE,38.329317,-89.705389,0, ,0.0,0.0,0.0,0.0,0,0,0,0,0,0,0,0

SID,DRUSE4,30L,4
VA,0,303.0,2,1120,0,0,0,0,0,0
DF,PYUNG,38.788536,-90.450019,0, ,0.0,0.0,2,2500,0,0,0,0,0,0
TF,ALLNT,38.750825,-90.519081,0, ,0.0,0.0,0.0,0.0,0,0,0,0,0,0,0,0
TF,ELDBB,38.687836,-90.547211,0, ,0.0,0.0,0.0,0.0,0,0,0,0,0,0,0,0
TF,BERAA,38.537431,-90.413192,0, ,0.0,0.0,0.0,0.0,0,0,0,0,0,0,0,0
TF,DRUSE,38.329317,-89.705389,0, ,0.0,0.0,0.0,0.0,0,0,0,0,0,0,0,0

SID,DRUSE4,30R,4
VA,0,303.0,2,1120,0,0,0,0,0,0
DF,PYUNG,38.788536,-90.450019,0, ,0.0,0.0,2,2500,0,0,0,0,0,0
TF,ALLNT,38.750825,-90.519081,0, ,0.0,0.0,0.0,0.0,0,0,0,0,0,0,0,0
TF,ELDBB,38.687836,-90.547211,0, ,0.0,0.0,0.0,0.0,0,0,0,0,0,0,0,0
TF,BERAA,38.537431,-90.413192,0, ,0.0,0.0,0.0,0.0,0,0,0,0,0,0,0,0
TF,DRUSE,38.329317,-89.705389,0, ,0.0,0.0,0.0,0.0,0,0,0,0,0,0,0,0

SID,DRUSE4,BNA,6
IF,DRUSE,38.329317,-89.705389, ,0.0,0.0,0,0,0,0,0,0,0,0
TF,PLESS,37.809578,-88.963189,0, ,0.0,0.0,0.0,0.0,0,0,0,0,0,0,0,0
TF,DENNI,37.623011,-88.701083,0, ,0.0,0.0,0.0,0.0,0,0,0,0,0,0,0,0
TF,TINGS,37.303019,-88.256194,0, ,0.0,0.0,0.0,0.0,0,0,0,0,0,0,0,0
TF,LAJUG,36.612089,-87.315928,0, ,0.0,0.0,0.0,0.0,0,0,0,0,0,0,0,0
TF,BNA,36.136961,-86.684772,0, ,0.0,0.0,0.0,0.0,0,0,0,0,0,0,0,0

SID,DRUSE4,DENNI,6
IF,DRUSE,38.329317,-89.705389, ,0.0,0.0,0,0,0,0,0,0,0,0
TF,PLESS,37.809578,-88.963189,0, ,0.0,0.0,0.0,0.0,0,0,0,0,0,0,0,0
TF,DENNI,37.623011,-88.701083,0, ,0.0,0.0,0.0,0.0,0,0,0,0,0,0,0,0

SID,EEMOS4,06,4
VA,0,64.0,2,1120,0,0,0,0,0,0
VM,0,0,0,64.0,0,0,0,0,0,0,0,0
DF,EEMOS,39.396936,-90.433536,0, ,0.0,0.0,0,0,0,0,0,0,0,0

SID,EEMOS4,11,4
VA,0,123.0,2,1120,0,0,0,0,0,0
DF,FUNKE,38.727572,-90.259883,0, ,0.0,0.0,2,2500,0,0,0,0,0,0
TF,BEART,38.759733,-90.210917,0, ,0.0,0.0,0.0,0.0,0,0,0,0,0,0,0,0
TF,GMSKI,38.834800,-90.212008,0, ,0.0,0.0,0.0,0.0,0,0,0,0,0,0,0,0
TF,EEMOS,39.396936,-90.433536,0, ,0.0,0.0,0.0,0.0,0,0,0,0,0,0,0,0

SID,EEMOS4,12L,4
VA,0,123.0,2,1120,0,0,0,0,0,0
DF,FUNKE,38.727572,-90.259883,0, ,0.0,0.0,2,2500,0,0,0,0,0,0
TF,BEART,38.759733,-90.210917,0, ,0.0,0.0,0.0,0.0,0,0,0,0,0,0,0,0
TF,GMSKI,38.834800,-90.212008,0, ,0.0,0.0,0.0,0.0,0,0,0,0,0,0,0,0
TF,EEMOS,39.396936,-90.433536,0, ,0.0,0.0,0.0,0.0,0,0,0,0,0,0,0,0

SID,EEMOS4,12R,4
VA,0,123.0,2,1120,0,0,0,0,0,0
DF,FUNKE,38.727572,-90.259883,0, ,0.0,0.0,2,2500,0,0,0,0,0,0
TF,BEART,38.759733,-90.210917,0, ,0.0,0.0,0.0,0.0,0,0,0,0,0,0,0,0
TF,GMSKI,38.834800,-90.212008,0, ,0.0,0.0,0.0,0.0,0,0,0,0,0,0,0,0
TF,EEMOS,39.396936,-90.433536,0, ,0.0,0.0,0.0,0.0,0,0,0,0,0,0,0,0

SID,EEMOS4,24,4
VA,0,244.0,2,1120,0,0,0,0,0,0
VM,0,0,0,244.0,0,0,0,0,0,0,0,0
DF,EEMOS,39.396936,-90.433536,0, ,0.0,0.0,0,0,0,0,0,0,0,0

SID,EEMOS4,29,4
VA,0,303.0,2,1120,0,0,0,0,0,0
DF,DSAPP,38.833628,-90.444161,0, ,0.0,0.0,2,2500,0,0,0,0,0,0
TF,CONRR,38.978253,-90.421711,0, ,0.0,0.0,0.0,0.0,0,0,0,0,0,0,0,0
TF,EEMOS,39.396936,-90.433536,0, ,0.0,0.0,0.0,0.0,0,0,0,0,0,0,0,0

SID,EEMOS4,30L,4
VA,0,303.0,2,1120,0,0,0,0,0,0
DF,WOLTR,38.828144,-90.417506,0, ,0.0,0.0,2,2500,0,0,0,0,0,0
TF,CONRR,38.978253,-90.421711,0, ,0.0,0.0,0.0,0.0,0,0,0,0,0,0,0,0
TF,EEMOS,39.396936,-90.433536,0, ,0.0,0.0,0.0,0.0,0,0,0,0,0,0,0,0

SID,EEMOS4,30R,4
VA,0,303.0,2,1120,0,0,0,0,0,0
DF,WOLTR,38.828144,-90.417506,0, ,0.0,0.0,2,2500,0,0,0,0,0,0
TF,CONRR,38.978253,-90.421711,0, ,0.0,0.0,0.0,0.0,0,0,0,0,0,0,0,0
TF,EEMOS,39.396936,-90.433536,0, ,0.0,0.0,0.0,0.0,0,0,0,0,0,0,0,0

SID,EEMOS4,NEENS,6
IF,EEMOS,39.396936,-90.433536, ,0.0,0.0,0,0,0,0,0,0,0,0
TF,NEENS,40.248194,-90.531611,0, ,0.0,0.0,0.0,0.0,0,0,0,0,0,0,0,0

SID,GATWY9,ALL,2
IF,TWILA,38.787100,-89.552522, ,0.0,0.0,0,0,0,0,0,0,0,0

SID,GATWY9,BIB,3
IF,TWILA,38.787100,-89.552522, ,0.0,0.0,0,0,0,0,0,0,0,0
TF,JIGSY,38.842225,-89.119725,0, ,0.0,0.0,0.0,0.0,0,0,0,0,0,0,0,0
TF,BIB,38.920344,-88.481806,0, ,0.0,0.0,0.0,0.0,0,0,0,0,0,0,0,0

SID,GATWY9,CREEP,3
IF,TWILA,38.787100,-89.552522, ,0.0,0.0,0,0,0,0,0,0,0,0
TF,JIGSY,38.842225,-89.119725,0, ,0.0,0.0,0.0,0.0,0,0,0,0,0,0,0,0
TF,BIB,38.920344,-88.481806,0, ,0.0,0.0,0.0,0.0,0,0,0,0,0,0,0,0
TF,WORKE,39.117486,-87.773669,0, ,0.0,0.0,0.0,0.0,0,0,0,0,0,0,0,0
TF,KELLY,39.413678,-86.671372,0, ,0.0,0.0,0.0,0.0,0,0,0,0,0,0,0,0
TF,SHB,39.632542,-85.824317,0, ,0.0,0.0,0.0,0.0,0,0,0,0,0,0,0,0
TF,CREEP,39.920911,-84.308725,0, ,0.0,0.0,0.0,0.0,0,0,0,0,0,0,0,0

SID,GATWY9,JIGSY,3
IF,TWILA,38.787100,-89.552522, ,0.0,0.0,0,0,0,0,0,0,0,0
TF,JIGSY,38.842225,-89.119725,0, ,0.0,0.0,0.0,0.0,0,0,0,0,0,0,0,0

SID,GATWY9,ROD,3
IF,TWILA,38.787100,-89.552522, ,0.0,0.0,0,0,0,0,0,0,0,0
TF,JIGSY,38.842225,-89.119725,0, ,0.0,0.0,0.0,0.0,0,0,0,0,0,0,0,0
TF,BIB,38.920344,-88.481806,0, ,0.0,0.0,0.0,0.0,0,0,0,0,0,0,0,0
TF,WORKE,39.117486,-87.773669,0, ,0.0,0.0,0.0,0.0,0,0,0,0,0,0,0,0
TF,KELLY,39.413678,-86.671372,0, ,0.0,0.0,0.0,0.0,0,0,0,0,0,0,0,0
TF,SHB,39.632542,-85.824317,0, ,0.0,0.0,0.0,0.0,0,0,0,0,0,0,0,0
TF,ROD,40.287800,-84.043097,0, ,0.0,0.0,0.0,0.0,0,0,0,0,0,0,0,0

SID,GATWY9,VHP,3
IF,TWILA,38.787100,-89.552522, ,0.0,0.0,0,0,0,0,0,0,0,0
TF,JIGSY,38.842225,-89.119725,0, ,0.0,0.0,0.0,0.0,0,0,0,0,0,0,0,0
TF,BIB,38.920344,-88.481806,0, ,0.0,0.0,0.0,0.0,0,0,0,0,0,0,0,0
TF,WORKE,39.117486,-87.773669,0, ,0.0,0.0,0.0,0.0,0,0,0,0,0,0,0,0
TF,KELLY,39.413678,-86.671372,0, ,0.0,0.0,0.0,0.0,0,0,0,0,0,0,0,0
TF,VHP,39.814728,-86.367500,0, ,0.0,0.0,0.0,0.0,0,0,0,0,0,0,0,0

SID,JAHNY4,06,4
VA,0,64.0,2,1120,0,0,0,0,0,0
VM,0,0,0,64.0,0,0,0,0,0,0,0,0
DF,JAHNY,38.296031,-90.983044,0, ,0.0,0.0,0,0,0,0,0,0,0,0

SID,JAHNY4,11,4
VA,0,123.0,2,1120,0,0,0,0,0,0
DF,LUUBE,38.702333,-90.293064,0, ,0.0,0.0,2,2500,0,0,0,0,0,0
TF,DAFUS,38.635783,-90.292972,0, ,0.0,0.0,0.0,0.0,0,0,0,0,0,0,0,0
TF,TRAVS,38.604961,-90.356189,0, ,0.0,0.0,0.0,0.0,0,0,0,0,0,0,0,0
TF,JAHNY,38.296031,-90.983044,0, ,0.0,0.0,0.0,0.0,0,0,0,0,0,0,0,0

SID,JAHNY4,12L,4
VA,0,123.0,2,1120,0,0,0,0,0,0
DF,HEFNR,38.701775,-90.273486,0, ,0.0,0.0,2,2500,0,0,0,0,0,0
TF,DAFUS,38.635783,-90.292972,0, ,0.0,0.0,0.0,0.0,0,0,0,0,0,0,0,0
TF,TRAVS,38.604961,-90.356189,0, ,0.0,0.0,0.0,0.0,0,0,0,0,0,0,0,0
TF,JAHNY,38.296031,-90.983044,0, ,0.0,0.0,0.0,0.0,0,0,0,0,0,0,0,0

SID,JAHNY4,12R,4
VA,0,123.0,2,1120,0,0,0,0,0,0
DF,HEFNR,38.701775,-90.273486,0, ,0.0,0.0,2,2500,0,0,0,0,0,0
TF,DAFUS,38.635783,-90.292972,0, ,0.0,0.0,0.0,0.0,0,0,0,0,0,0,0,0
TF,TRAVS,38.604961,-90.356189,0, ,0.0,0.0,0.0,0.0,0,0,0,0,0,0,0,0
TF,JAHNY,38.296031,-90.983044,0, ,0.0,0.0,0.0,0.0,0,0,0,0,0,0,0,0

SID,JAHNY4,24,4
VA,0,244.0,2,1120,0,0,0,0,0,0
VM,0,0,0,244.0,0,0,0,0,0,0,0,0
DF,JAHNY,38.296031,-90.983044,0, ,0.0,0.0,0,0,0,0,0,0,0,0

SID,JAHNY4,29,4
VA,0,303.0,2,1120,0,0,0,0,0,0
DF,HAGEE,38.793261,-90.478028,0, ,0.0,0.0,2,2500,0,0,0,0,0,0
TF,WAARN,38.760033,-90.541647,0, ,0.0,0.0,0.0,0.0,0,0,0,0,0,0,0,0
TF,FLPPS,38.633836,-90.639172,0, ,0.0,0.0,0.0,0.0,0,0,0,0,0,0,0,0
TF,JAHNY,38.296031,-90.983044,0, ,0.0,0.0,0.0,0.0,0,0,0,0,0,0,0,0

SID,JAHNY4,30L,4
VA,0,303.0,2,1120,0,0,0,0,0,0
DF,PYUNG,38.788536,-90.450019,0, ,0.0,0.0,2,2500,0,0,0,0,0,0
TF,ALLNT,38.750825,-90.519081,0, ,0.0,0.0,0.0,0.0,0,0,0,0,0,0,0,0
TF,FLPPS,38.633836,-90.639172,0, ,0.0,0.0,0.0,0.0,0,0,0,0,0,0,0,0
TF,JAHNY,38.296031,-90.983044,0, ,0.0,0.0,0.0,0.0,0,0,0,0,0,0,0,0

SID,JAHNY4,30R,4
VA,0,303.0,2,1120,0,0,0,0,0,0
DF,PYUNG,38.788536,-90.450019,0, ,0.0,0.0,2,2500,0,0,0,0,0,0
TF,ALLNT,38.750825,-90.519081,0, ,0.0,0.0,0.0,0.0,0,0,0,0,0,0,0,0
TF,FLPPS,38.633836,-90.639172,0, ,0.0,0.0,0.0,0.0,0,0,0,0,0,0,0,0
TF,JAHNY,38.296031,-90.983044,0, ,0.0,0.0,0.0,0.0,0,0,0,0,0,0,0,0

SID,JAHNY4,MAP,6
IF,JAHNY,38.296031,-90.983044, ,0.0,0.0,0,0,0,0,0,0,0,0
TF,WESCO,38.021300,-91.223267,0, ,0.0,0.0,0.0,0.0,0,0,0,0,0,0,0,0
TF,MAP,37.590767,-91.788569,0, ,0.0,0.0,0.0,0.0,0,0,0,0,0,0,0,0

SID,JHART5,06,4
VA,0,64.0,2,1120,0,0,0,0,0,0
VM,0,0,0,64.0,0,0,0,0,0,0,0,0
DF,JHART,38.792444,-89.510867,0, ,0.0,0.0,0,0,0,0,0,0,0,0

SID,JHART5,11,4
VA,0,123.0,2,1120,0,0,0,0,0,0
DF,FUNKE,38.727572,-90.259883,0, ,0.0,0.0,2,2500,0,0,0,0,0,0
TF,RAMKR,38.727094,-90.193550,0, ,0.0,0.0,0.0,0.0,0,0,0,0,0,0,0,0
TF,JHART,38.792444,-89.510867,0, ,0.0,0.0,0.0,0.0,0,0,0,0,0,0,0,0

SID,JHART5,12L,4
VA,0,123.0,2,1120,0,0,0,0,0,0
DF,FUNKE,38.727572,-90.259883,0, ,0.0,0.0,2,2500,0,0,0,0,0,0
TF,RAMKR,38.727094,-90.193550,0, ,0.0,0.0,0.0,0.0,0,0,0,0,0,0,0,0
TF,JHART,38.792444,-89.510867,0, ,0.0,0.0,0.0,0.0,0,0,0,0,0,0,0,0

SID,JHART5,12R,4
VA,0,123.0,2,1120,0,0,0,0,0,0
DF,FUNKE,38.727572,-90.259883,0, ,0.0,0.0,2,2500,0,0,0,0,0,0
TF,RAMKR,38.727094,-90.193550,0, ,0.0,0.0,0.0,0.0,0,0,0,0,0,0,0,0
TF,JHART,38.792444,-89.510867,0, ,0.0,0.0,0.0,0.0,0,0,0,0,0,0,0,0

SID,JHART5,24,4
VA,0,244.0,2,1120,0,0,0,0,0,0
VM,0,0,0,244.0,0,0,0,0,0,0,0,0
DF,JHART,38.792444,-89.510867,0, ,0.0,0.0,0,0,0,0,0,0,0,0

SID,JHART5,29,4
VA,0,303.0,2,1120,0,0,0,0,0,0
DF,DSAPP,38.833628,-90.444161,0, ,0.0,0.0,2,2500,0,0,0,0,0,0
TF,ANNII,38.881303,-90.389547,0, ,0.0,0.0,0.0,0.0,0,0,0,0,0,0,0,0
TF,LENXX,38.901111,-90.313053,0, ,0.0,0.0,0.0,0.0,0,0,0,0,0,0,0,0
TF,KAEYE,38.889981,-90.228858,0, ,0.0,0.0,0.0,0.0,0,0,0,0,0,0,0,0
TF,JHART,38.792444,-89.510867,0, ,0.0,0.0,0.0,0.0,0,0,0,0,0,0,0,0

SID,JHART5,30L,4
VA,0,303.0,2,1120,0,0,0,0,0,0
DF,WOLTR,38.828144,-90.417506,0, ,0.0,0.0,2,2500,0,0,0,0,0,0
TF,ANNII,38.881303,-90.389547,0, ,0.0,0.0,0.0,0.0,0,0,0,0,0,0,0,0
TF,LENXX,38.901111,-90.313053,0, ,0.0,0.0,0.0,0.0,0,0,0,0,0,0,0,0
TF,KAEYE,38.889981,-90.228858,0, ,0.0,0.0,0.0,0.0,0,0,0,0,0,0,0,0
TF,JHART,38.792444,-89.510867,0, ,0.0,0.0,0.0,0.0,0,0,0,0,0,0,0,0

SID,JHART5,30R,4
VA,0,303.0,2,1120,0,0,0,0,0,0
DF,WOLTR,38.828144,-90.417506,0, ,0.0,0.0,2,2500,0,0,0,0,0,0
TF,ANNII,38.881303,-90.389547,0, ,0.0,0.0,0.0,0.0,0,0,0,0,0,0,0,0
TF,LENXX,38.901111,-90.313053,0, ,0.0,0.0,0.0,0.0,0,0,0,0,0,0,0,0
TF,KAEYE,38.889981,-90.228858,0, ,0.0,0.0,0.0,0.0,0,0,0,0,0,0,0,0
TF,JHART,38.792444,-89.510867,0, ,0.0,0.0,0.0,0.0,0,0,0,0,0,0,0,0

SID,JHART5,BIB,6
IF,JHART,38.792444,-89.510867, ,0.0,0.0,0,0,0,0,0,0,0,0
TF,DOBLR,38.842197,-89.119700,0, ,0.0,0.0,0.0,0.0,0,0,0,0,0,0,0,0
TF,BIB,38.920344,-88.481806,0, ,0.0,0.0,0.0,0.0,0,0,0,0,0,0,0,0

SID,JHART5,CREEP,6
IF,JHART,38.792444,-89.510867, ,0.0,0.0,0,0,0,0,0,0,0,0
TF,DOBLR,38.842197,-89.119700,0, ,0.0,0.0,0.0,0.0,0,0,0,0,0,0,0,0
TF,BIB,38.920344,-88.481806,0, ,0.0,0.0,0.0,0.0,0,0,0,0,0,0,0,0
TF,WORKE,39.117486,-87.773669,0, ,0.0,0.0,0.0,0.0,0,0,0,0,0,0,0,0
TF,KELLY,39.413678,-86.671372,0, ,0.0,0.0,0.0,0.0,0,0,0,0,0,0,0,0
TF,SHB,39.632542,-85.824317,0, ,0.0,0.0,0.0,0.0,0,0,0,0,0,0,0,0
TF,CREEP,39.920911,-84.308725,0, ,0.0,0.0,0.0,0.0,0,0,0,0,0,0,0,0

SID,JHART5,DOBLR,6
IF,JHART,38.792444,-89.510867, ,0.0,0.0,0,0,0,0,0,0,0,0
TF,DOBLR,38.842197,-89.119700,0, ,0.0,0.0,0.0,0.0,0,0,0,0,0,0,0,0

SID,JHART5,ROD,6
IF,JHART,38.792444,-89.510867, ,0.0,0.0,0,0,0,0,0,0,0,0
TF,DOBLR,38.842197,-89.119700,0, ,0.0,0.0,0.0,0.0,0,0,0,0,0,0,0,0
TF,BIB,38.920344,-88.481806,0, ,0.0,0.0,0.0,0.0,0,0,0,0,0,0,0,0
TF,WORKE,39.117486,-87.773669,0, ,0.0,0.0,0.0,0.0,0,0,0,0,0,0,0,0
TF,KELLY,39.413678,-86.671372,0, ,0.0,0.0,0.0,0.0,0,0,0,0,0,0,0,0
TF,SHB,39.632542,-85.824317,0, ,0.0,0.0,0.0,0.0,0,0,0,0,0,0,0,0
TF,ROD,40.287800,-84.043097,0, ,0.0,0.0,0.0,0.0,0,0,0,0,0,0,0,0

SID,JHART5,VHP,6
IF,JHART,38.792444,-89.510867, ,0.0,0.0,0,0,0,0,0,0,0,0
TF,DOBLR,38.842197,-89.119700,0, ,0.0,0.0,0.0,0.0,0,0,0,0,0,0,0,0
TF,BIB,38.920344,-88.481806,0, ,0.0,0.0,0.0,0.0,0,0,0,0,0,0,0,0
TF,WORKE,39.117486,-87.773669,0, ,0.0,0.0,0.0,0.0,0,0,0,0,0,0,0,0
TF,KELLY,39.413678,-86.671372,0, ,0.0,0.0,0.0,0.0,0,0,0,0,0,0,0,0
TF,VHP,39.814728,-86.367500,0, ,0.0,0.0,0.0,0.0,0,0,0,0,0,0,0,0

SID,KSHEE4,06,4
VA,0,64.0,2,1120,0,0,0,0,0,0
VM,0,0,0,64.0,0,0,0,0,0,0,0,0
DF,KSHEE,39.359164,-90.549547,0, ,0.0,0.0,0,0,0,0,0,0,0,0

SID,KSHEE4,11,4
VA,0,123.0,2,1120,0,0,0,0,0,0
DF,FUNKE,38.727572,-90.259883,0, ,0.0,0.0,2,2500,0,0,0,0,0,0
TF,BEART,38.759733,-90.210917,0, ,0.0,0.0,0.0,0.0,0,0,0,0,0,0,0,0
TF,GMSKI,38.834800,-90.212008,0, ,0.0,0.0,0.0,0.0,0,0,0,0,0,0,0,0
TF,KSHEE,39.359164,-90.549547,0, ,0.0,0.0,0.0,0.0,0,0,0,0,0,0,0,0

SID,KSHEE4,12L,4
VA,0,123.0,2,1120,0,0,0,0,0,0
DF,FUNKE,38.727572,-90.259883,0, ,0.0,0.0,2,2500,0,0,0,0,0,0
TF,BEART,38.759733,-90.210917,0, ,0.0,0.0,0.0,0.0,0,0,0,0,0,0,0,0
TF,GMSKI,38.834800,-90.212008,0, ,0.0,0.0,0.0,0.0,0,0,0,0,0,0,0,0
TF,KSHEE,39.359164,-90.549547,0, ,0.0,0.0,0.0,0.0,0,0,0,0,0,0,0,0

SID,KSHEE4,12R,4
VA,0,123.0,2,1120,0,0,0,0,0,0
DF,FUNKE,38.727572,-90.259883,0, ,0.0,0.0,2,2500,0,0,0,0,0,0
TF,BEART,38.759733,-90.210917,0, ,0.0,0.0,0.0,0.0,0,0,0,0,0,0,0,0
TF,GMSKI,38.834800,-90.212008,0, ,0.0,0.0,0.0,0.0,0,0,0,0,0,0,0,0
TF,KSHEE,39.359164,-90.549547,0, ,0.0,0.0,0.0,0.0,0,0,0,0,0,0,0,0

SID,KSHEE4,24,4
VA,0,244.0,2,1120,0,0,0,0,0,0
VM,0,0,0,244.0,0,0,0,0,0,0,0,0
DF,KSHEE,39.359164,-90.549547,0, ,0.0,0.0,0,0,0,0,0,0,0,0

SID,KSHEE4,29,4
VA,0,303.0,2,1120,0,0,0,0,0,0
DF,DSAPP,38.833628,-90.444161,0, ,0.0,0.0,2,2500,0,0,0,0,0,0
TF,CONRR,38.978253,-90.421711,0, ,0.0,0.0,0.0,0.0,0,0,0,0,0,0,0,0
TF,KSHEE,39.359164,-90.549547,0, ,0.0,0.0,0.0,0.0,0,0,0,0,0,0,0,0

SID,KSHEE4,30L,4
VA,0,303.0,2,1120,0,0,0,0,0,0
DF,WOLTR,38.828144,-90.417506,0, ,0.0,0.0,2,2500,0,0,0,0,0,0
TF,CONRR,38.978253,-90.421711,0, ,0.0,0.0,0.0,0.0,0,0,0,0,0,0,0,0
TF,KSHEE,39.359164,-90.549547,0, ,0.0,0.0,0.0,0.0,0,0,0,0,0,0,0,0

SID,KSHEE4,30R,4
VA,0,303.0,2,1120,0,0,0,0,0,0
DF,WOLTR,38.828144,-90.417506,0, ,0.0,0.0,2,2500,0,0,0,0,0,0
TF,CONRR,38.978253,-90.421711,0, ,0.0,0.0,0.0,0.0,0,0,0,0,0,0,0,0
TF,KSHEE,39.359164,-90.549547,0, ,0.0,0.0,0.0,0.0,0,0,0,0,0,0,0,0

SID,KSHEE4,LEBOY,6
IF,KSHEE,39.359164,-90.549547, ,0.0,0.0,0,0,0,0,0,0,0,0
TF,LEBOY,39.433406,-90.573047,0, ,0.0,0.0,0.0,0.0,0,0,0,0,0,0,0,0

SID,KSHEE4,SEXTN,6
IF,KSHEE,39.359164,-90.549547, ,0.0,0.0,0,0,0,0,0,0,0,0
TF,LEBOY,39.433406,-90.573047,0, ,0.0,0.0,0.0,0.0,0,0,0,0,0,0,0,0
TF,SEXTN,39.847281,-90.639506,0, ,0.0,0.0,0.0,0.0,0,0,0,0,0,0,0,0

SID,LINDY6,ALL,2
IF,STL,38.860689,-90.482367, ,0.0,0.0,0,0,0,0,0,0,0,0

SID,LINDY6,ARG,3
IF,STL,38.860689,-90.482367, ,0.0,0.0,0,0,0,0,0,0,0,0
TF,SAJOY,38.195856,-90.556069,0, ,0.0,0.0,0.0,0.0,0,0,0,0,0,0,0,0
TF,MYERZ,37.198383,-90.664153,0, ,0.0,0.0,0.0,0.0,0,0,0,0,0,0,0,0
TF,ARG,36.110019,-90.953694,0, ,0.0,0.0,0.0,0.0,0,0,0,0,0,0,0,0

SID,LINDY6,LIT,3
IF,STL,38.860689,-90.482367, ,0.0,0.0,0,0,0,0,0,0,0,0
TF,SAGZA,38.227886,-90.752217,0, ,0.0,0.0,0.0,0.0,0,0,0,0,0,0,0,0
TF,TWRAY,37.601406,-91.014592,0, ,0.0,0.0,0.0,0.0,0,0,0,0,0,0,0,0
TF,LIT,34.677672,-92.180528,0, ,0.0,0.0,0.0,0.0,0,0,0,0,0,0,0,0

SID,LINDY6,MAP,3
IF,STL,38.860689,-90.482367, ,0.0,0.0,0,0,0,0,0,0,0,0
TF,SAGME,38.313000,-90.968167,0, ,0.0,0.0,0.0,0.0,0,0,0,0,0,0,0,0
TF,WESCO,38.021300,-91.223267,0, ,0.0,0.0,0.0,0.0,0,0,0,0,0,0,0,0
TF,MAP,37.590767,-91.788569,0, ,0.0,0.0,0.0,0.0,0,0,0,0,0,0,0,0

SID,LINDY6,MAW,3
IF,STL,38.860689,-90.482367, ,0.0,0.0,0,0,0,0,0,0,0,0
TF,SAJOY,38.195856,-90.556069,0, ,0.0,0.0,0.0,0.0,0,0,0,0,0,0,0,0
TF,MYERZ,37.198383,-90.664153,0, ,0.0,0.0,0.0,0.0,0,0,0,0,0,0,0,0
TF,MAW,36.555114,-89.911422,0, ,0.0,0.0,0.0,0.0,0,0,0,0,0,0,0,0

SID,LINDY6,MYERZ,3
IF,STL,38.860689,-90.482367, ,0.0,0.0,0,0,0,0,0,0,0,0
TF,SAJOY,38.195856,-90.556069,0, ,0.0,0.0,0.0,0.0,0,0,0,0,0,0,0,0
TF,MYERZ,37.198383,-90.664153,0, ,0.0,0.0,0.0,0.0,0,0,0,0,0,0,0,0

SID,LINDY6,VIH,3
IF,STL,38.860689,-90.482367, ,0.0,0.0,0,0,0,0,0,0,0,0
TF,KLAIR,38.411208,-91.160211,0, ,0.0,0.0,0.0,0.0,0,0,0,0,0,0,0,0
TF,VIH,38.154072,-91.706772,0, ,0.0,0.0,0.0,0.0,0,0,0,0,0,0,0,0

SID,NATCA4,06,4
VA,0,64.0,2,1120,0,0,0,0,0,0
VM,0,0,0,64.0,0,0,0,0,0,0,0,0
DF,NATCA,39.334653,-89.998008,0, ,0.0,0.0,0,0,0,0,0,0,0,0

SID,NATCA4,11,4
VA,0,123.0,2,1120,0,0,0,0,0,0
DF,FUNKE,38.727572,-90.259883,0, ,0.0,0.0,2,2500,0,0,0,0,0,0
TF,BEART,38.759733,-90.210917,0, ,0.0,0.0,0.0,0.0,0,0,0,0,0,0,0,0
TF,NATCA,39.334653,-89.998008,0, ,0.0,0.0,0.0,0.0,0,0,0,0,0,0,0,0

SID,NATCA4,12L,4
VA,0,123.0,2,1120,0,0,0,0,0,0
DF,FUNKE,38.727572,-90.259883,0, ,0.0,0.0,2,2500,0,0,0,0,0,0
TF,BEART,38.759733,-90.210917,0, ,0.0,0.0,0.0,0.0,0,0,0,0,0,0,0,0
TF,NATCA,39.334653,-89.998008,0, ,0.0,0.0,0.0,0.0,0,0,0,0,0,0,0,0

SID,NATCA4,12R,4
VA,0,123.0,2,1120,0,0,0,0,0,0
DF,FUNKE,38.727572,-90.259883,0, ,0.0,0.0,2,2500,0,0,0,0,0,0
TF,BEART,38.759733,-90.210917,0, ,0.0,0.0,0.0,0.0,0,0,0,0,0,0,0,0
TF,NATCA,39.334653,-89.998008,0, ,0.0,0.0,0.0,0.0,0,0,0,0,0,0,0,0

SID,NATCA4,24,4
VA,0,244.0,2,1120,0,0,0,0,0,0
VM,0,0,0,244.0,0,0,0,0,0,0,0,0
DF,NATCA,39.334653,-89.998008,0, ,0.0,0.0,0,0,0,0,0,0,0,0

SID,NATCA4,29,4
VA,0,303.0,2,1120,0,0,0,0,0,0
DF,DSAPP,38.833628,-90.444161,0, ,0.0,0.0,2,2500,0,0,0,0,0,0
TF,NATCA,39.334653,-89.998008,0, ,0.0,0.0,0.0,0.0,0,0,0,0,0,0,0,0

SID,NATCA4,30L,4
VA,0,303.0,2,1120,0,0,0,0,0,0
DF,WOLTR,38.828144,-90.417506,0, ,0.0,0.0,2,2500,0,0,0,0,0,0
TF,ANNII,38.881303,-90.389547,0, ,0.0,0.0,0.0,0.0,0,0,0,0,0,0,0,0
TF,NATCA,39.334653,-89.998008,0, ,0.0,0.0,0.0,0.0,0,0,0,0,0,0,0,0

SID,NATCA4,30R,4
VA,0,303.0,2,1120,0,0,0,0,0,0
DF,WOLTR,38.828144,-90.417506,0, ,0.0,0.0,2,2500,0,0,0,0,0,0
TF,ANNII,38.881303,-90.389547,0, ,0.0,0.0,0.0,0.0,0,0,0,0,0,0,0,0
TF,NATCA,39.334653,-89.998008,0, ,0.0,0.0,0.0,0.0,0,0,0,0,0,0,0,0

SID,NATCA4,SPI,6
IF,NATCA,39.334653,-89.998008, ,0.0,0.0,0,0,0,0,0,0,0,0
TF,SPI,39.839733,-89.677736,0, ,0.0,0.0,0.0,0.0,0,0,0,0,0,0,0,0

SID,OZARK7,ALL,2
IF,STL,38.860689,-90.482367, ,0.0,0.0,0,0,0,0,0,0,0,0

SID,OZARK7,HLV,3
IF,STL,38.860689,-90.482367, ,0.0,0.0,0,0,0,0,0,0,0,0
TF,CABIT,38.966600,-91.152089,0, ,0.0,0.0,0.0,0.0,0,0,0,0,0,0,0,0
TF,HLV,39.113542,-92.128233,0, ,0.0,0.0,0.0,0.0,0,0,0,0,0,0,0,0

SID,OZARK7,MCM,3
IF,STL,38.860689,-90.482367, ,0.0,0.0,0,0,0,0,0,0,0,0
TF,SCHMD,39.099331,-91.070175,0, ,0.0,0.0,0.0,0.0,0,0,0,0,0,0,0,0
TF,MCM,39.654047,-92.482136,0, ,0.0,0.0,0.0,0.0,0,0,0,0,0,0,0,0

SID,PLESS5,ALL,2
IF,STL,38.860689,-90.482367, ,0.0,0.0,0,0,0,0,0,0,0,0
TF,PLESS,37.809578,-88.963189,0, ,0.0,0.0,0.0,0.0,0,0,0,0,0,0,0,0

SID,PLESS5,BNA,3
IF,PLESS,37.809578,-88.963189, ,0.0,0.0,0,0,0,0,0,0,0,0
TF,DENNI,37.623011,-88.701083,0, ,0.0,0.0,0.0,0.0,0,0,0,0,0,0,0,0
TF,BNA,36.136961,-86.684772,0, ,0.0,0.0,0.0,0.0,0,0,0,0,0,0,0,0

SID,PLESS5,DENNI,3
IF,PLESS,37.809578,-88.963189, ,0.0,0.0,0,0,0,0,0,0,0,0
TF,DENNI,37.623011,-88.701083,0, ,0.0,0.0,0.0,0.0,0,0,0,0,0,0,0,0

SID,ROTRY4,06,4
VA,0,64.0,2,1120,0,0,0,0,0,0
VM,0,0,0,64.0,0,0,0,0,0,0,0,0
DF,ROTRY,39.377136,-90.219967,0, ,0.0,0.0,0,0,0,0,0,0,0,0

SID,ROTRY4,11,4
VA,0,123.0,2,1120,0,0,0,0,0,0
DF,FUNKE,38.727572,-90.259883,0, ,0.0,0.0,2,2500,0,0,0,0,0,0
TF,BEART,38.759733,-90.210917,0, ,0.0,0.0,0.0,0.0,0,0,0,0,0,0,0,0
TF,GMSKI,38.834800,-90.212008,0, ,0.0,0.0,0.0,0.0,0,0,0,0,0,0,0,0
TF,ROTRY,39.377136,-90.219967,0, ,0.0,0.0,0.0,0.0,0,0,0,0,0,0,0,0

SID,ROTRY4,12L,4
VA,0,123.0,2,1120,0,0,0,0,0,0
DF,FUNKE,38.727572,-90.259883,0, ,0.0,0.0,2,2500,0,0,0,0,0,0
TF,BEART,38.759733,-90.210917,0, ,0.0,0.0,0.0,0.0,0,0,0,0,0,0,0,0
TF,GMSKI,38.834800,-90.212008,0, ,0.0,0.0,0.0,0.0,0,0,0,0,0,0,0,0
TF,ROTRY,39.377136,-90.219967,0, ,0.0,0.0,0.0,0.0,0,0,0,0,0,0,0,0

SID,ROTRY4,12R,4
VA,0,123.0,2,1120,0,0,0,0,0,0
DF,FUNKE,38.727572,-90.259883,0, ,0.0,0.0,2,2500,0,0,0,0,0,0
TF,BEART,38.759733,-90.210917,0, ,0.0,0.0,0.0,0.0,0,0,0,0,0,0,0,0
TF,GMSKI,38.834800,-90.212008,0, ,0.0,0.0,0.0,0.0,0,0,0,0,0,0,0,0
TF,ROTRY,39.377136,-90.219967,0, ,0.0,0.0,0.0,0.0,0,0,0,0,0,0,0,0

SID,ROTRY4,24,4
VA,0,244.0,2,1120,0,0,0,0,0,0
VM,0,0,0,244.0,0,0,0,0,0,0,0,0
DF,ROTRY,39.377136,-90.219967,0, ,0.0,0.0,0,0,0,0,0,0,0,0

SID,ROTRY4,29,4
VA,0,303.0,2,1120,0,0,0,0,0,0
DF,DSAPP,38.833628,-90.444161,0, ,0.0,0.0,2,2500,0,0,0,0,0,0
TF,ROTRY,39.377136,-90.219967,0, ,0.0,0.0,0.0,0.0,0,0,0,0,0,0,0,0

SID,ROTRY4,30L,4
VA,0,303.0,2,1120,0,0,0,0,0,0
DF,WOLTR,38.828144,-90.417506,0, ,0.0,0.0,2,2500,0,0,0,0,0,0
TF,ROTRY,39.377136,-90.219967,0, ,0.0,0.0,0.0,0.0,0,0,0,0,0,0,0,0

SID,ROTRY4,30R,4
VA,0,303.0,2,1120,0,0,0,0,0,0
DF,WOLTR,38.828144,-90.417506,0, ,0.0,0.0,2,2500,0,0,0,0,0,0
TF,ROTRY,39.377136,-90.219967,0, ,0.0,0.0,0.0,0.0,0,0,0,0,0,0,0,0

SID,ROTRY4,BDF,6
IF,ROTRY,39.377136,-90.219967, ,0.0,0.0,0,0,0,0,0,0,0,0
TF,SKUTR,40.068358,-90.060867,0, ,0.0,0.0,0.0,0.0,0,0,0,0,0,0,0,0
TF,BDF,41.159731,-89.587872,0, ,0.0,0.0,0.0,0.0,0,0,0,0,0,0,0,0

SID,TEDDD4,06,4
VA,0,64.0,2,1120,0,0,0,0,0,0
VM,0,0,0,64.0,0,0,0,0,0,0,0,0
DF,TEDDD,38.536622,-89.575086,0, ,0.0,0.0,0,0,0,0,0,0,0,0

SID,TEDDD4,11,4
VA,0,123.0,2,1120,0,0,0,0,0,0
DF,FUNKE,38.727572,-90.259883,0, ,0.0,0.0,2,2500,0,0,0,0,0,0
TF,RAMKR,38.727094,-90.193550,0, ,0.0,0.0,0.0,0.0,0,0,0,0,0,0,0,0
TF,TEDDD,38.536622,-89.575086,0, ,0.0,0.0,0.0,0.0,0,0,0,0,0,0,0,0

SID,TEDDD4,12L,4
VA,0,123.0,2,1120,0,0,0,0,0,0
DF,FUNKE,38.727572,-90.259883,0, ,0.0,0.0,2,2500,0,0,0,0,0,0
TF,RAMKR,38.727094,-90.193550,0, ,0.0,0.0,0.0,0.0,0,0,0,0,0,0,0,0
TF,TEDDD,38.536622,-89.575086,0, ,0.0,0.0,0.0,0.0,0,0,0,0,0,0,0,0

SID,TEDDD4,12R,4
VA,0,123.0,2,1120,0,0,0,0,0,0
DF,FUNKE,38.727572,-90.259883,0, ,0.0,0.0,2,2500,0,0,0,0,0,0
TF,RAMKR,38.727094,-90.193550,0, ,0.0,0.0,0.0,0.0,0,0,0,0,0,0,0,0
TF,TEDDD,38.536622,-89.575086,0, ,0.0,0.0,0.0,0.0,0,0,0,0,0,0,0,0

SID,TEDDD4,24,4
VA,0,244.0,2,1120,0,0,0,0,0,0
VM,0,0,0,244.0,0,0,0,0,0,0,0,0
DF,TEDDD,38.536622,-89.575086,0, ,0.0,0.0,0,0,0,0,0,0,0,0

SID,TEDDD4,29,4
VA,0,303.0,2,1120,0,0,0,0,0,0
DF,DSAPP,38.833628,-90.444161,0, ,0.0,0.0,2,2500,0,0,0,0,0,0
TF,ANNII,38.881303,-90.389547,0, ,0.0,0.0,0.0,0.0,0,0,0,0,0,0,0,0
TF,LENXX,38.901111,-90.313053,0, ,0.0,0.0,0.0,0.0,0,0,0,0,0,0,0,0
TF,KAEYE,38.889981,-90.228858,0, ,0.0,0.0,0.0,0.0,0,0,0,0,0,0,0,0
TF,TEDDD,38.536622,-89.575086,0, ,0.0,0.0,0.0,0.0,0,0,0,0,0,0,0,0

SID,TEDDD4,30L,4
VA,0,303.0,2,1120,0,0,0,0,0,0
DF,WOLTR,38.828144,-90.417506,0, ,0.0,0.0,2,2500,0,0,0,0,0,0
TF,ANNII,38.881303,-90.389547,0, ,0.0,0.0,0.0,0.0,0,0,0,0,0,0,0,0
TF,LENXX,38.901111,-90.313053,0, ,0.0,0.0,0.0,0.0,0,0,0,0,0,0,0,0
TF,KAEYE,38.889981,-90.228858,0, ,0.0,0.0,0.0,0.0,0,0,0,0,0,0,0,0
TF,TEDDD,38.536622,-89.575086,0, ,0.0,0.0,0.0,0.0,0,0,0,0,0,0,0,0

SID,TEDDD4,30R,4
VA,0,303.0,2,1120,0,0,0,0,0,0
DF,WOLTR,38.828144,-90.417506,0, ,0.0,0.0,2,2500,0,0,0,0,0,0
TF,ANNII,38.881303,-90.389547,0, ,0.0,0.0,0.0,0.0,0,0,0,0,0,0,0,0
TF,LENXX,38.901111,-90.313053,0, ,0.0,0.0,0.0,0.0,0,0,0,0,0,0,0,0
TF,KAEYE,38.889981,-90.228858,0, ,0.0,0.0,0.0,0.0,0,0,0,0,0,0,0,0
TF,TEDDD,38.536622,-89.575086,0, ,0.0,0.0,0.0,0.0,0,0,0,0,0,0,0,0

SID,TEDDD4,HILTS,6
IF,TEDDD,38.536622,-89.575086, ,0.0,0.0,0,0,0,0,0,0,0,0
TF,ENL,38.420000,-89.158997,0, ,0.0,0.0,0.0,0.0,0,0,0,0,0,0,0,0
TF,ZOLLI,38.320064,-88.869647,0, ,0.0,0.0,0.0,0.0,0,0,0,0,0,0,0,0
TF,HILTS,38.129283,-88.325219,0, ,0.0,0.0,0.0,0.0,0,0,0,0,0,0,0,0

SID,TEDDD4,IIU,6
IF,TEDDD,38.536622,-89.575086, ,0.0,0.0,0,0,0,0,0,0,0,0
TF,ENL,38.420000,-89.158997,0, ,0.0,0.0,0.0,0.0,0,0,0,0,0,0,0,0
TF,ZOLLI,38.320064,-88.869647,0, ,0.0,0.0,0.0,0.0,0,0,0,0,0,0,0,0
TF,HILTS,38.129283,-88.325219,0, ,0.0,0.0,0.0,0.0,0,0,0,0,0,0,0,0
TF,IIU,38.103464,-85.577436,0, ,0.0,0.0,0.0,0.0,0,0,0,0,0,0,0,0

SID,TURBO9,ALL,2
IF,CSX,38.752744,-90.360961, ,0.0,0.0,0,0,0,0,0,0,0,0

SID,TURBO9,AXC,3
IF,CSX,38.752744,-90.360961, ,0.0,0.0,0,0,0,0,0,0,0,0
TF,FRALE,39.242461,-89.812000,0, ,0.0,0.0,0.0,0.0,0,0,0,0,0,0,0,0
TF,WOOBI,39.629844,-89.370244,0, ,0.0,0.0,0.0,0.0,0,0,0,0,0,0,0,0
TF,AXC,39.737522,-88.856431,0, ,0.0,0.0,0.0,0.0,0,0,0,0,0,0,0,0

SID,TURBO9,ENL,3
IF,CSX,38.752744,-90.360961, ,0.0,0.0,0,0,0,0,0,0,0,0
TF,LEEAN,38.299297,-89.930564,0, ,0.0,0.0,0.0,0.0,0,0,0,0,0,0,0,0
TF,VANTS,38.333411,-89.716056,0, ,0.0,0.0,0.0,0.0,0,0,0,0,0,0,0,0
TF,ENL,38.420000,-89.158997,0, ,0.0,0.0,0.0,0.0,0,0,0,0,0,0,0,0

SID,TURBO9,FAM,3
IF,CSX,38.752744,-90.360961, ,0.0,0.0,0,0,0,0,0,0,0,0
TF,WEDDG,38.055003,-90.278411,0, ,0.0,0.0,0.0,0.0,0,0,0,0,0,0,0,0
TF,FAM,37.673461,-90.234058,0, ,0.0,0.0,0.0,0.0,0,0,0,0,0,0,0,0

SID,TURBO9,GENTS,3
IF,CSX,38.752744,-90.360961, ,0.0,0.0,0,0,0,0,0,0,0,0
TF,LEEAN,38.299297,-89.930564,0, ,0.0,0.0,0.0,0.0,0,0,0,0,0,0,0,0
TF,ZEROJ,38.204117,-89.841106,0, ,0.0,0.0,0.0,0.0,0,0,0,0,0,0,0,0
TF,SPORT,38.031497,-89.679614,0, ,0.0,0.0,0.0,0.0,2,9000,0,0,0,0,0,0
TF,GENTS,37.729992,-89.399881,0, ,0.0,0.0,0.0,0.0,0,0,0,0,0,0,0,0

SID,TURBO9,PXV,3
IF,CSX,38.752744,-90.360961, ,0.0,0.0,0,0,0,0,0,0,0,0
TF,LEEAN,38.299297,-89.930564,0, ,0.0,0.0,0.0,0.0,0,0,0,0,0,0,0,0
TF,ZEROJ,38.204117,-89.841106,0, ,0.0,0.0,0.0,0.0,0,0,0,0,0,0,0,0
TF,SPORT,38.031497,-89.679614,0, ,0.0,0.0,0.0,0.0,2,9000,0,0,0,0,0,0
TF,THOMP,37.992814,-88.889022,0, ,0.0,0.0,0.0,0.0,0,0,0,0,0,0,0,0
TF,PXV,37.928319,-87.762381,0, ,0.0,0.0,0.0,0.0,0,0,0,0,0,0,0,0

SID,TURBO9,THOMP,3
IF,CSX,38.752744,-90.360961, ,0.0,0.0,0,0,0,0,0,0,0,0
TF,LEEAN,38.299297,-89.930564,0, ,0.0,0.0,0.0,0.0,0,0,0,0,0,0,0,0
TF,ZEROJ,38.204117,-89.841106,0, ,0.0,0.0,0.0,0.0,0,0,0,0,0,0,0,0
TF,SPORT,38.031497,-89.679614,0, ,0.0,0.0,0.0,0.0,2,9000,0,0,0,0,0,0
TF,THOMP,37.992814,-88.889022,0, ,0.0,0.0,0.0,0.0,0,0,0,0,0,0,0,0

SID,WHRLI5,06,4
VA,0,64.0,2,1120,0,0,0,0,0,0
VM,0,0,0,63.0,0,0,0,0,0,0,0,0
DF,WHRLI,39.100983,-91.074956,0, ,0.0,0.0,0,0,0,0,0,0,0,0

SID,WHRLI5,11,4
VA,0,123.0,2,1120,0,0,0,0,0,0
DF,LUUBE,38.702333,-90.293064,0, ,0.0,0.0,2,2500,0,0,0,0,0,0
TF,DAFUS,38.635783,-90.292972,0, ,0.0,0.0,0.0,0.0,0,0,0,0,0,0,0,0
TF,TRAVS,38.604961,-90.356189,0, ,0.0,0.0,0.0,0.0,0,0,0,0,0,0,0,0
TF,SEKAY,38.621283,-90.488158,0, ,0.0,0.0,0.0,0.0,0,0,0,0,0,0,0,0
TF,LIISA,38.684122,-90.622839,0, ,0.0,0.0,0.0,0.0,0,0,0,0,0,0,0,0
TF,WHRLI,39.100983,-91.074956,0, ,0.0,0.0,0.0,0.0,0,0,0,0,0,0,0,0

SID,WHRLI5,12L,4
VA,0,123.0,2,1120,0,0,0,0,0,0
DF,HEFNR,38.701775,-90.273486,0, ,0.0,0.0,2,2500,0,0,0,0,0,0
TF,DAFUS,38.635783,-90.292972,0, ,0.0,0.0,0.0,0.0,0,0,0,0,0,0,0,0
TF,TRAVS,38.604961,-90.356189,0, ,0.0,0.0,0.0,0.0,0,0,0,0,0,0,0,0
TF,SEKAY,38.621283,-90.488158,0, ,0.0,0.0,0.0,0.0,0,0,0,0,0,0,0,0
TF,LIISA,38.684122,-90.622839,0, ,0.0,0.0,0.0,0.0,0,0,0,0,0,0,0,0
TF,WHRLI,39.100983,-91.074956,0, ,0.0,0.0,0.0,0.0,0,0,0,0,0,0,0,0

SID,WHRLI5,12R,4
VA,0,123.0,2,1120,0,0,0,0,0,0
DF,HEFNR,38.701775,-90.273486,0, ,0.0,0.0,2,2500,0,0,0,0,0,0
TF,DAFUS,38.635783,-90.292972,0, ,0.0,0.0,0.0,0.0,0,0,0,0,0,0,0,0
TF,TRAVS,38.604961,-90.356189,0, ,0.0,0.0,0.0,0.0,0,0,0,0,0,0,0,0
TF,SEKAY,38.621283,-90.488158,0, ,0.0,0.0,0.0,0.0,0,0,0,0,0,0,0,0
TF,LIISA,38.684122,-90.622839,0, ,0.0,0.0,0.0,0.0,0,0,0,0,0,0,0,0
TF,WHRLI,39.100983,-91.074956,0, ,0.0,0.0,0.0,0.0,0,0,0,0,0,0,0,0

SID,WHRLI5,24,4
VA,0,244.0,2,1120,0,0,0,0,0,0
VM,0,0,0,244.0,0,0,0,0,0,0,0,0
DF,WHRLI,39.100983,-91.074956,0, ,0.0,0.0,0,0,0,0,0,0,0,0

SID,WHRLI5,29,4
VA,0,303.0,2,1120,0,0,0,0,0,0
DF,HAGEE,38.793261,-90.478028,0, ,0.0,0.0,2,2500,0,0,0,0,0,0
TF,WHRLI,39.100983,-91.074956,0, ,0.0,0.0,0.0,0.0,0,0,0,0,0,0,0,0

SID,WHRLI5,30L,4
VA,0,303.0,2,1120,0,0,0,0,0,0
DF,PYUNG,38.788536,-90.450019,0, ,0.0,0.0,2,2500,0,0,0,0,0,0
TF,WHRLI,39.100983,-91.074956,0, ,0.0,0.0,0.0,0.0,0,0,0,0,0,0,0,0

SID,WHRLI5,30R,4
VA,0,303.0,2,1120,0,0,0,0,0,0
DF,PYUNG,38.788536,-90.450019,0, ,0.0,0.0,2,2500,0,0,0,0,0,0
TF,WHRLI,39.100983,-91.074956,0, ,0.0,0.0,0.0,0.0,0,0,0,0,0,0,0,0

SID,WHRLI5,MCM,6
IF,WHRLI,39.100983,-91.074956, ,0.0,0.0,0,0,0,0,0,0,0,0
TF,MRCOS,39.171711,-91.242581,0, ,0.0,0.0,0.0,0.0,0,0,0,0,0,0,0,0
TF,MCM,39.654047,-92.482136,0, ,0.0,0.0,0.0,0.0,0,0,0,0,0,0,0,0

STAR,AARCH2,AKBAR,4
IF,AKBAR,39.390956,-88.048811, ,0.0,0.0,0,0,0,0,0,0,0,0
TF,PRUET,39.350556,-88.211111,0, ,0.0,0.0,0.0,0.0,0,0,0,0,0,0,0,0
TF,UKAAY,39.171028,-88.879586,0, ,0.0,0.0,0.0,0.0,3,31000,0,1,280,0,0,0
TF,AARCH,39.093611,-89.162500,0, ,0.0,0.0,0.0,0.0,2,11000,0,1,280,0,0,0

STAR,AARCH2,RBS,4
IF,RBS,40.581703,-88.164267, ,0.0,0.0,0,0,0,0,0,0,0,0
TF,JARKE,40.079739,-88.401211,0, ,0.0,0.0,0.0,0.0,0,0,0,0,0,0,0,0
TF,BASCO,39.937222,-88.467778,0, ,0.0,0.0,0.0,0.0,0,0,0,0,0,0,0,0
TF,GORDO,39.841769,-88.512031,0, ,0.0,0.0,0.0,0.0,0,0,0,0,0,0,0,0
TF,WLDBL,39.592436,-88.627556,0, ,0.0,0.0,0.0,0.0,0,0,0,0,0,0,0,0
TF,HONKK,39.273289,-88.970797,0, ,0.0,0.0,0.0,0.0,3,31000,0,1,280,0,0,0
TF,AARCH,39.093611,-89.162500,0, ,0.0,0.0,0.0,0.0,2,11000,0,1,280,0,0,0

STAR,AARCH2,VHP,4
IF,VHP,39.814728,-86.367500, ,0.0,0.0,0,0,0,0,0,0,0,0
TF,AKBAR,39.390956,-88.048811,0, ,0.0,0.0,0.0,0.0,0,0,0,0,0,0,0,0
TF,PRUET,39.350556,-88.211111,0, ,0.0,0.0,0.0,0.0,0,0,0,0,0,0,0,0
TF,UKAAY,39.171028,-88.879586,0, ,0.0,0.0,0.0,0.0,3,31000,0,1,280,0,0,0
TF,AARCH,39.093611,-89.162500,0, ,0.0,0.0,0.0,0.0,2,11000,0,1,280,0,0,0

STAR,AARCH2,ALL,5
IF,AARCH,39.093611,-89.162500, ,0.0,0.0,2,11000,0,1,280,0,0,0
TF,PETTI,38.996322,-89.594014,0, ,0.0,0.0,0.0,0.0,0,0,0,0,0,0,0,0

STAR,AARCH2,11,6
IF,PETTI,38.996322,-89.594014, ,0.0,0.0,0,0,0,0,0,0,0,0
TF,KRIYA,38.960444,-89.708036,0, ,0.0,0.0,0.0,0.0,4,15000,11000,1,280,0,0,0
TF,JAAKK,38.864686,-90.010819,0, ,0.0,0.0,0.0,0.0,4,11000,10000,0,0,0,0,0
TF,CHOTO,38.797219,-90.220831,0, ,0.0,0.0,0.0,0.0,4,10000,8000,0,0,0,0,0
TF,GETEE,38.834953,-90.303033,0, ,0.0,0.0,0.0,0.0,4,8000,7000,1,210,0,0,0
TF,HRBEE,38.861464,-90.361036,0, ,0.0,0.0,0.0,0.0,2,5000,0,1,210,0,0,0
TF,BUELL,38.902578,-90.451156,0, ,0.0,0.0,0.0,0.0,1,5000,0,1,210,0,0,1
FM,BUELL,38.902578,-90.451156,0,STL,0.0,0.0,301.0,0,0,0,0,0,0,0,0

STAR,AARCH2,12L,6
IF,PETTI,38.996322,-89.594014, ,0.0,0.0,0,0,0,0,0,0,0,0
TF,KRIYA,38.960444,-89.708036,0, ,0.0,0.0,0.0,0.0,4,15000,11000,1,280,0,0,0
TF,JAAKK,38.864686,-90.010819,0, ,0.0,0.0,0.0,0.0,4,11000,10000,0,0,0,0,0
TF,CHOTO,38.797219,-90.220831,0, ,0.0,0.0,0.0,0.0,4,10000,8000,0,0,0,0,0
TF,GETEE,38.834953,-90.303033,0, ,0.0,0.0,0.0,0.0,4,8000,7000,1,210,0,0,0
TF,HRBEE,38.861464,-90.361036,0, ,0.0,0.0,0.0,0.0,2,5000,0,1,210,0,0,0
TF,BUELL,38.902578,-90.451156,0, ,0.0,0.0,0.0,0.0,1,5000,0,1,210,0,0,1
FM,BUELL,38.902578,-90.451156,0,STL,0.0,0.0,301.0,0,0,0,0,0,0,0,0

STAR,AARCH2,12R,6
IF,PETTI,38.996322,-89.594014, ,0.0,0.0,0,0,0,0,0,0,0,0
TF,KRIYA,38.960444,-89.708036,0, ,0.0,0.0,0.0,0.0,4,15000,11000,1,280,0,0,0
TF,JAAKK,38.864686,-90.010819,0, ,0.0,0.0,0.0,0.0,4,11000,10000,0,0,0,0,0
TF,CHOTO,38.797219,-90.220831,0, ,0.0,0.0,0.0,0.0,4,10000,8000,0,0,0,0,0
TF,GETEE,38.834953,-90.303033,0, ,0.0,0.0,0.0,0.0,4,8000,7000,1,210,0,0,0
TF,HRBEE,38.861464,-90.361036,0, ,0.0,0.0,0.0,0.0,2,5000,0,1,210,0,0,0
TF,BUELL,38.902578,-90.451156,0, ,0.0,0.0,0.0,0.0,1,5000,0,1,210,0,0,1
FM,BUELL,38.902578,-90.451156,0,STL,0.0,0.0,301.0,0,0,0,0,0,0,0,0

STAR,AARCH2,29,6
IF,PETTI,38.996322,-89.594014, ,0.0,0.0,0,0,0,0,0,0,0,0
TF,SSKOT,38.923061,-89.686706,0, ,0.0,0.0,0.0,0.0,4,10000,9000,0,0,0,0,0
TF,EADDS,38.834839,-89.798164,0, ,0.0,0.0,0.0,0.0,4,9000,8000,0,0,0,0,0
TF,OSHIE,38.762908,-89.888794,0, ,0.0,0.0,0.0,0.0,4,8000,7000,1,250,0,0,0
TF,FDRKO,38.717161,-89.946889,0, ,0.0,0.0,0.0,0.0,4,7000,6000,0,0,0,0,1
FM,FDRKO,38.717161,-89.946889,0,STL,0.0,0.0,226.0,0,0,0,0,0,0,0,0

STAR,AARCH2,30L,6
IF,PETTI,38.996322,-89.594014, ,0.0,0.0,0,0,0,0,0,0,0,0
TF,SSKOT,38.923061,-89.686706,0, ,0.0,0.0,0.0,0.0,4,10000,9000,0,0,0,0,0
TF,EADDS,38.834839,-89.798164,0, ,0.0,0.0,0.0,0.0,4,9000,8000,0,0,0,0,0
TF,OSHIE,38.762908,-89.888794,0, ,0.0,0.0,0.0,0.0,4,8000,7000,1,250,0,0,0
TF,FDRKO,38.717161,-89.946889,0, ,0.0,0.0,0.0,0.0,4,7000,6000,0,0,0,0,1
FM,FDRKO,38.717161,-89.946889,0,STL,0.0,0.0,226.0,0,0,0,0,0,0,0,0

STAR,AARCH2,30R,6
IF,PETTI,38.996322,-89.594014, ,0.0,0.0,0,0,0,0,0,0,0,0
TF,SSKOT,38.923061,-89.686706,0, ,0.0,0.0,0.0,0.0,4,10000,9000,0,0,0,0,0
TF,EADDS,38.834839,-89.798164,0, ,0.0,0.0,0.0,0.0,4,9000,8000,0,0,0,0,0
TF,OSHIE,38.762908,-89.888794,0, ,0.0,0.0,0.0,0.0,4,8000,7000,1,250,0,0,0
TF,FDRKO,38.717161,-89.946889,0, ,0.0,0.0,0.0,0.0,4,7000,6000,0,0,0,0,1
FM,FDRKO,38.717161,-89.946889,0,STL,0.0,0.0,226.0,0,0,0,0,0,0,0,0

STAR,BOOSH2,ARG,4
IF,ARG,36.110019,-90.953694, ,0.0,0.0,0,0,0,0,0,0,0,0
TF,CGI,37.227539,-89.572411,0, ,0.0,0.0,0.0,0.0,0,0,0,0,0,0,0,0
TF,DLITE,37.548161,-89.747561,0, ,0.0,0.0,0.0,0.0,3,31000,0,1,280,0,0,0
TF,FATSS,37.865078,-89.922400,0, ,0.0,0.0,0.0,0.0,0,0,0,0,0,0,0,0
TF,BOOSH,37.947436,-89.966606,0, ,0.0,0.0,0.0,0.0,2,14000,0,1,280,0,0,0

STAR,BOOSH2,BNA,4
IF,BNA,36.136961,-86.684772, ,0.0,0.0,0,0,0,0,0,0,0,0
TF,CGI,37.227539,-89.572411,0, ,0.0,0.0,0.0,0.0,0,0,0,0,0,0,0,0
TF,DLITE,37.548161,-89.747561,0, ,0.0,0.0,0.0,0.0,3,31000,0,1,280,0,0,0
TF,FATSS,37.865078,-89.922400,0, ,0.0,0.0,0.0,0.0,0,0,0,0,0,0,0,0
TF,BOOSH,37.947436,-89.966606,0, ,0.0,0.0,0.0,0.0,2,14000,0,1,280,0,0,0

STAR,BOOSH2,MEM,4
IF,MEM,35.015117,-89.983208, ,0.0,0.0,0,0,0,0,0,0,0,0
TF,CGI,37.227539,-89.572411,0, ,0.0,0.0,0.0,0.0,0,0,0,0,0,0,0,0
TF,DLITE,37.548161,-89.747561,0, ,0.0,0.0,0.0,0.0,3,31000,0,1,280,0,0,0
TF,FATSS,37.865078,-89.922400,0, ,0.0,0.0,0.0,0.0,0,0,0,0,0,0,0,0
TF,BOOSH,37.947436,-89.966606,0, ,0.0,0.0,0.0,0.0,2,14000,0,1,280,0,0,0

STAR,BOOSH2,PXV,4
IF,PXV,37.928319,-87.762381, ,0.0,0.0,0,0,0,0,0,0,0,0
TF,FFOXX,37.870508,-88.187175,0, ,0.0,0.0,0.0,0.0,0,0,0,0,0,0,0,0
TF,SAYDI,37.846944,-88.372778,0, ,0.0,0.0,0.0,0.0,0,0,0,0,0,0,0,0
TF,MOPOE,37.770978,-89.133808,0, ,0.0,0.0,0.0,0.0,3,31000,0,1,280,0,0,0
TF,BIDWL,37.840403,-89.714283,0, ,0.0,0.0,0.0,0.0,0,0,0,0,0,0,0,0
TF,BOOSH,37.947436,-89.966606,0, ,0.0,0.0,0.0,0.0,2,14000,0,1,280,0,0,0

STAR,BOOSH2,VISQA,4
IF,VISQA,36.290414,-89.035086, ,0.0,0.0,0,0,0,0,0,0,0,0
TF,SCRCH,37.076069,-89.484561,0, ,0.0,0.0,0.0,0.0,0,0,0,0,0,0,0,0
TF,CGI,37.227539,-89.572411,0, ,0.0,0.0,0.0,0.0,0,0,0,0,0,0,0,0
TF,DLITE,37.548161,-89.747561,0, ,0.0,0.0,0.0,0.0,3,31000,0,1,280,0,0,0
TF,FATSS,37.865078,-89.922400,0, ,0.0,0.0,0.0,0.0,0,0,0,0,0,0,0,0
TF,BOOSH,37.947436,-89.966606,0, ,0.0,0.0,0.0,0.0,2,14000,0,1,280,0,0,0

STAR,BOOSH2,ALL,5
IF,BOOSH,37.947436,-89.966606, ,0.0,0.0,2,14000,0,1,280,0,0,0
TF,QBALL,38.128708,-90.069022,0, ,0.0,0.0,0.0,0.0,0,0,0,0,0,0,0,0

STAR,BOOSH2,11,6
IF,QBALL,38.128708,-90.069022, ,0.0,0.0,0,0,0,0,0,0,0,0
TF,OOJAY,38.272853,-90.149747,0, ,0.0,0.0,0.0,0.0,4,15000,11000,1,280,0,0,0
TF,PTEES,38.464933,-90.257772,0, ,0.0,0.0,0.0,0.0,4,11000,10000,0,0,0,0,0
TF,CHIKN,38.647356,-90.360942,0, ,0.0,0.0,0.0,0.0,4,9000,8000,0,0,0,0,0
TF,LETRR,38.669353,-90.406136,0, ,0.0,0.0,0.0,0.0,4,8000,7000,1,210,0,0,0
TF,RRIPP,38.706403,-90.482236,0, ,0.0,0.0,0.0,0.0,2,5000,0,1,210,0,0,0
TF,JBUCK,38.750347,-90.572750,0, ,0.0,0.0,0.0,0.0,1,5000,0,1,210,0,0,1
FM,JBUCK,38.750347,-90.572750,0,CSX,0.0,0.0,302.0,0,0,0,0,0,0,0,0

STAR,BOOSH2,12L,6
IF,QBALL,38.128708,-90.069022, ,0.0,0.0,0,0,0,0,0,0,0,0
TF,OOJAY,38.272853,-90.149747,0, ,0.0,0.0,0.0,0.0,4,15000,11000,1,280,0,0,0
TF,PTEES,38.464933,-90.257772,0, ,0.0,0.0,0.0,0.0,4,11000,10000,0,0,0,0,0
TF,CHIKN,38.647356,-90.360942,0, ,0.0,0.0,0.0,0.0,4,9000,8000,0,0,0,0,0
TF,LETRR,38.669353,-90.406136,0, ,0.0,0.0,0.0,0.0,4,8000,7000,1,210,0,0,0
TF,RRIPP,38.706403,-90.482236,0, ,0.0,0.0,0.0,0.0,2,5000,0,1,210,0,0,0
TF,JBUCK,38.750347,-90.572750,0, ,0.0,0.0,0.0,0.0,1,5000,0,1,210,0,0,1
FM,JBUCK,38.750347,-90.572750,0,CSX,0.0,0.0,302.0,0,0,0,0,0,0,0,0

STAR,BOOSH2,12R,6
IF,QBALL,38.128708,-90.069022, ,0.0,0.0,0,0,0,0,0,0,0,0
TF,OOJAY,38.272853,-90.149747,0, ,0.0,0.0,0.0,0.0,4,15000,11000,1,280,0,0,0
TF,PTEES,38.464933,-90.257772,0, ,0.0,0.0,0.0,0.0,4,11000,10000,0,0,0,0,0
TF,CHIKN,38.647356,-90.360942,0, ,0.0,0.0,0.0,0.0,4,9000,8000,0,0,0,0,0
TF,LETRR,38.669353,-90.406136,0, ,0.0,0.0,0.0,0.0,4,8000,7000,1,210,0,0,0
TF,RRIPP,38.706403,-90.482236,0, ,0.0,0.0,0.0,0.0,2,5000,0,1,210,0,0,0
TF,JBUCK,38.750347,-90.572750,0, ,0.0,0.0,0.0,0.0,1,5000,0,1,210,0,0,1
FM,JBUCK,38.750347,-90.572750,0,CSX,0.0,0.0,302.0,0,0,0,0,0,0,0,0

STAR,BOOSH2,29,6
IF,QBALL,38.128708,-90.069022, ,0.0,0.0,0,0,0,0,0,0,0,0
TF,DENAA,38.178572,-90.074550,0, ,0.0,0.0,0.0,0.0,4,11000,10000,0,0,0,0,0
TF,HRTSO,38.277069,-90.085489,0, ,0.0,0.0,0.0,0.0,4,10000,9000,1,250,0,0,0
TF,TEEBE,38.360172,-90.094722,0, ,0.0,0.0,0.0,0.0,4,9000,8000,0,0,0,0,1
FM,TEEBE,38.360172,-90.094722,0,CSX,0.0,0.0,356.0,0,0,0,0,0,0,0,0

STAR,BOOSH2,30L,6
IF,QBALL,38.128708,-90.069022, ,0.0,0.0,0,0,0,0,0,0,0,0
TF,DENAA,38.178572,-90.074550,0, ,0.0,0.0,0.0,0.0,4,11000,10000,0,0,0,0,0
TF,HRTSO,38.277069,-90.085489,0, ,0.0,0.0,0.0,0.0,4,10000,9000,1,250,0,0,0
TF,TEEBE,38.360172,-90.094722,0, ,0.0,0.0,0.0,0.0,4,9000,8000,0,0,0,0,1
FM,TEEBE,38.360172,-90.094722,0,CSX,0.0,0.0,356.0,0,0,0,0,0,0,0,0

STAR,BOOSH2,30R,6
IF,QBALL,38.128708,-90.069022, ,0.0,0.0,0,0,0,0,0,0,0,0
TF,DENAA,38.178572,-90.074550,0, ,0.0,0.0,0.0,0.0,4,11000,10000,0,0,0,0,0
TF,HRTSO,38.277069,-90.085489,0, ,0.0,0.0,0.0,0.0,4,10000,9000,1,250,0,0,0
TF,TEEBE,38.360172,-90.094722,0, ,0.0,0.0,0.0,0.0,4,9000,8000,0,0,0,0,1
FM,TEEBE,38.360172,-90.094722,0,CSX,0.0,0.0,356.0,0,0,0,0,0,0,0,0

STAR,KAYLA3,ANX,4
IF,ANX,39.095425,-94.128836, ,0.0,0.0,0,0,0,0,0,0,0,0
TF,HEBNA,38.730278,-91.959167,0, ,0.0,0.0,0.0,0.0,3,31000,0,1,280,0,0,0
TF,KOOOP,38.691906,-91.742581,0, ,0.0,0.0,0.0,0.0,0,0,0,0,0,0,0,0
TF,NATEM,38.693428,-91.418411,0, ,0.0,0.0,0.0,0.0,3,23000,0,1,280,0,0,0
TF,KAYLA,38.694125,-91.205417,0, ,0.0,0.0,0.0,0.0,2,11000,0,0,0,0,0,0

STAR,KAYLA3,BUM,4
IF,BUM,38.272081,-94.488261, ,0.0,0.0,0,0,0,0,0,0,0,0
TF,FEBAP,38.662314,-91.952033,0, ,0.0,0.0,0.0,0.0,3,31000,0,1,280,0,0,0
TF,KOOOP,38.691906,-91.742581,0, ,0.0,0.0,0.0,0.0,0,0,0,0,0,0,0,0
TF,NATEM,38.693428,-91.418411,0, ,0.0,0.0,0.0,0.0,3,23000,0,1,280,0,0,0
TF,KAYLA,38.694125,-91.205417,0, ,0.0,0.0,0.0,0.0,2,11000,0,0,0,0,0,0

STAR,KAYLA3,KOOOP,4
IF,KOOOP,38.691906,-91.742581, ,0.0,0.0,0,0,0,0,0,0,0,0
TF,NATEM,38.693428,-91.418411,0, ,0.0,0.0,0.0,0.0,3,23000,0,1,280,0,0,0
TF,KAYLA,38.694125,-91.205417,0, ,0.0,0.0,0.0,0.0,2,11000,0,0,0,0,0,0

STAR,KAYLA3,SGF,4
IF,SGF,37.355947,-93.334042, ,0.0,0.0,0,0,0,0,0,0,0,0
TF,GNNON,37.905278,-92.692778,0, ,0.0,0.0,0.0,0.0,0,0,0,0,0,0,0,0
TF,JEXAV,38.364242,-91.835206,0, ,0.0,0.0,0.0,0.0,3,31000,0,1,280,0,0,0
TF,ZULMO,38.594233,-91.396133,0, ,0.0,0.0,0.0,0.0,3,23000,0,1,280,0,0,0
TF,KAYLA,38.694125,-91.205417,0, ,0.0,0.0,0.0,0.0,2,11000,0,0,0,0,0,0

STAR,KAYLA3,ALL,5
IF,KAYLA,38.694125,-91.205417, ,0.0,0.0,2,11000,0,0,0,0,0,0
TF,BGMAC,38.696958,-91.098964,0, ,0.0,0.0,0.0,0.0,0,0,0,0,0,0,0,0

STAR,KAYLA3,11,6
IF,BGMAC,38.696958,-91.098964, ,0.0,0.0,0,0,0,0,0,0,0,0
TF,DNISE,38.732742,-91.019828,0, ,0.0,0.0,0.0,0.0,4,10000,9000,0,0,0,0,0
TF,ELBRT,38.757781,-90.964203,0, ,0.0,0.0,0.0,0.0,4,9000,8000,1,240,0,0,0
TF,STAAN,38.795981,-90.879633,0, ,0.0,0.0,0.0,0.0,1,7000,0,1,240,0,0,1
FM,STAAN,38.795981,-90.879633,0,STL,0.0,0.0,61.0,0,0,0,0,0,0,0,0

STAR,KAYLA3,12L,6
IF,BGMAC,38.696958,-91.098964, ,0.0,0.0,0,0,0,0,0,0,0,0
TF,DNISE,38.732742,-91.019828,0, ,0.0,0.0,0.0,0.0,4,10000,9000,0,0,0,0,0
TF,ELBRT,38.757781,-90.964203,0, ,0.0,0.0,0.0,0.0,4,9000,8000,1,240,0,0,0
TF,STAAN,38.795981,-90.879633,0, ,0.0,0.0,0.0,0.0,1,7000,0,1,240,0,0,1
FM,STAAN,38.795981,-90.879633,0,STL,0.0,0.0,61.0,0,0,0,0,0,0,0,0

STAR,KAYLA3,12R,6
IF,BGMAC,38.696958,-91.098964, ,0.0,0.0,0,0,0,0,0,0,0,0
TF,DNISE,38.732742,-91.019828,0, ,0.0,0.0,0.0,0.0,4,10000,9000,0,0,0,0,0
TF,ELBRT,38.757781,-90.964203,0, ,0.0,0.0,0.0,0.0,4,9000,8000,1,240,0,0,0
TF,STAAN,38.795981,-90.879633,0, ,0.0,0.0,0.0,0.0,1,7000,0,1,240,0,0,1
FM,STAAN,38.795981,-90.879633,0,STL,0.0,0.0,61.0,0,0,0,0,0,0,0,0

STAR,KAYLA3,29,6
IF,BGMAC,38.696958,-91.098964, ,0.0,0.0,0,0,0,0,0,0,0,0
TF,GIBEE,38.699658,-90.990406,0, ,0.0,0.0,0.0,0.0,4,15000,11000,1,280,0,0,0
TF,OZZEE,38.705853,-90.721944,0, ,0.0,0.0,0.0,0.0,4,11000,10000,0,0,0,0,0
TF,SNYDR,38.714472,-90.525417,0, ,0.0,0.0,0.0,0.0,4,9000,8000,0,0,0,0,0
TF,HOOOT,38.673342,-90.442050,0, ,0.0,0.0,0.0,0.0,4,8000,7000,1,210,0,0,0
TF,PEJAA,38.642250,-90.379014,0, ,0.0,0.0,0.0,0.0,2,5000,0,1,210,0,0,0
TF,FLUDD,38.597747,-90.289081,0, ,0.0,0.0,0.0,0.0,1,5000,0,1,210,0,0,1
FM,FLUDD,38.597747,-90.289081,0,STL,0.0,0.0,124.0,0,0,0,0,0,0,0,0

STAR,KAYLA3,30L,6
IF,BGMAC,38.696958,-91.098964, ,0.0,0.0,0,0,0,0,0,0,0,0
TF,GIBEE,38.699658,-90.990406,0, ,0.0,0.0,0.0,0.0,4,15000,11000,1,280,0,0,0
TF,OZZEE,38.705853,-90.721944,0, ,0.0,0.0,0.0,0.0,4,11000,10000,0,0,0,0,0
TF,SNYDR,38.714472,-90.525417,0, ,0.0,0.0,0.0,0.0,4,9000,8000,0,0,0,0,0
TF,HOOOT,38.673342,-90.442050,0, ,0.0,0.0,0.0,0.0,4,8000,7000,1,210,0,0,0
TF,PEJAA,38.642250,-90.379014,0, ,0.0,0.0,0.0,0.0,2,5000,0,1,210,0,0,0
TF,FLUDD,38.597747,-90.289081,0, ,0.0,0.0,0.0,0.0,1,5000,0,1,210,0,0,1
FM,FLUDD,38.597747,-90.289081,0,STL,0.0,0.0,124.0,0,0,0,0,0,0,0,0

STAR,KAYLA3,30R,6
IF,BGMAC,38.696958,-91.098964, ,0.0,0.0,0,0,0,0,0,0,0,0
TF,GIBEE,38.699658,-90.990406,0, ,0.0,0.0,0.0,0.0,4,15000,11000,1,280,0,0,0
TF,OZZEE,38.705853,-90.721944,0, ,0.0,0.0,0.0,0.0,4,11000,10000,0,0,0,0,0
TF,SNYDR,38.714472,-90.525417,0, ,0.0,0.0,0.0,0.0,4,9000,8000,0,0,0,0,0
TF,HOOOT,38.673342,-90.442050,0, ,0.0,0.0,0.0,0.0,4,8000,7000,1,210,0,0,0
TF,PEJAA,38.642250,-90.379014,0, ,0.0,0.0,0.0,0.0,2,5000,0,1,210,0,0,0
TF,FLUDD,38.597747,-90.289081,0, ,0.0,0.0,0.0,0.0,1,5000,0,1,210,0,0,1
FM,FLUDD,38.597747,-90.289081,0,STL,0.0,0.0,124.0,0,0,0,0,0,0,0,0

STAR,KOOOP1,ANX,1
IF,ANX,39.095425,-94.128836, ,0.0,0.0,0,0,0,0,0,0,0,0
TF,PUTSY,38.679667,-92.838333,0, ,0.0,0.0,0.0,0.0,0,0,0,0,0,0,0,0
TF,KOOOP,38.691906,-91.742581,0, ,0.0,0.0,0.0,0.0,0,0,0,0,0,0,0,0

STAR,KOOOP1,BUM,1
IF,BUM,38.272081,-94.488261, ,0.0,0.0,0,0,0,0,0,0,0,0
TF,KOOOP,38.691906,-91.742581,0, ,0.0,0.0,0.0,0.0,0,0,0,0,0,0,0,0

STAR,KOOOP1,SGF,1
IF,SGF,37.355947,-93.334042, ,0.0,0.0,0,0,0,0,0,0,0,0
TF,KOOOP,38.691906,-91.742581,0, ,0.0,0.0,0.0,0.0,0,0,0,0,0,0,0,0

STAR,KOOOP1,ALL,2
IF,KOOOP,38.691906,-91.742581, ,0.0,0.0,0,0,0,0,0,0,0,0
TF,KAYLA,38.694125,-91.205417,0, ,0.0,0.0,0.0,0.0,0,0,0,0,0,0,0,0
TF,FTZ,38.694333,-90.971269,0, ,0.0,0.0,0.0,0.0,0,0,0,0,0,0,0,0
TF,AUGST,38.704389,-90.756350,0, ,0.0,0.0,0.0,0.0,0,0,0,0,0,0,0,0
TF,SNYDR,38.714472,-90.525417,0, ,0.0,0.0,0.0,0.0,0,0,0,0,0,0,0,0
FM,SNYDR,38.714472,-90.525417,0,FTZ,0.0,0.0,82.0,0,0,0,0,0,0,0,0

STAR,LORLE3,GUZIK,4
IF,GUZIK,40.806667,-92.004444, ,0.0,0.0,0,0,0,0,0,0,0,0
TF,SEIZE,40.678286,-91.903322,0, ,0.0,0.0,0.0,0.0,0,0,0,0,0,0,0,0
TF,SKOVE,39.775456,-91.219586,0, ,0.0,0.0,0.0,0.0,3,31000,0,1,280,0,0,0
TF,RIVRS,39.422614,-90.932417,0, ,0.0,0.0,0.0,0.0,2,12000,0,1,280,0,0,0

STAR,LORLE3,IRK,4
IF,IRK,40.135017,-92.591714, ,0.0,0.0,0,0,0,0,0,0,0,0
TF,JUDER,39.627717,-91.401269,0, ,0.0,0.0,0.0,0.0,3,31000,0,1,280,0,0,0
TF,RIVRS,39.422614,-90.932417,0, ,0.0,0.0,0.0,0.0,2,12000,0,1,280,0,0,0

STAR,LORLE3,SKOVE,4
IF,SKOVE,39.775456,-91.219586, ,0.0,0.0,0,0,0,0,0,0,0,0
TF,RIVRS,39.422614,-90.932417,0, ,0.0,0.0,0.0,0.0,2,12000,0,1,280,0,0,0

STAR,LORLE3,ALL,5
IF,RIVRS,39.422614,-90.932417, ,0.0,0.0,2,12000,0,1,280,0,0,0
TF,LORLE,39.306344,-90.838625,0, ,0.0,0.0,0.0,0.0,0,0,0,0,0,0,0,0

STAR,LORLE3,11,6
IF,LORLE,39.306344,-90.838625, ,0.0,0.0,0,0,0,0,0,0,0,0
TF,HMFRZ,39.206953,-90.807417,0, ,0.0,0.0,0.0,0.0,4,10000,9000,0,0,0,0,0
TF,VEEGE,39.142192,-90.785156,0, ,0.0,0.0,0.0,0.0,4,9000,8000,1,250,0,0,1
FM,VEEGE,39.142192,-90.785156,0,SPI,0.0,0.0,166.0,0,0,0,0,0,0,0,0

STAR,LORLE3,12L,6
IF,LORLE,39.306344,-90.838625, ,0.0,0.0,0,0,0,0,0,0,0,0
TF,HMFRZ,39.206953,-90.807417,0, ,0.0,0.0,0.0,0.0,4,10000,9000,0,0,0,0,0
TF,VEEGE,39.142192,-90.785156,0, ,0.0,0.0,0.0,0.0,4,9000,8000,1,250,0,0,1
FM,VEEGE,39.142192,-90.785156,0,SPI,0.0,0.0,166.0,0,0,0,0,0,0,0,0

STAR,LORLE3,12R,6
IF,LORLE,39.306344,-90.838625, ,0.0,0.0,0,0,0,0,0,0,0,0
TF,HMFRZ,39.206953,-90.807417,0, ,0.0,0.0,0.0,0.0,4,10000,9000,0,0,0,0,0
TF,VEEGE,39.142192,-90.785156,0, ,0.0,0.0,0.0,0.0,4,9000,8000,1,250,0,0,1
FM,VEEGE,39.142192,-90.785156,0,SPI,0.0,0.0,166.0,0,0,0,0,0,0,0,0

STAR,LORLE3,29,6
IF,LORLE,39.306344,-90.838625, ,0.0,0.0,0,0,0,0,0,0,0,0
TF,GETUP,39.153242,-90.708428,0, ,0.0,0.0,0.0,0.0,4,15000,11000,1,280,0,0,0
TF,TATRR,39.020644,-90.592997,0, ,0.0,0.0,0.0,0.0,4,11000,10000,0,0,0,0,0
TF,MELVY,38.919036,-90.503478,0, ,0.0,0.0,0.0,0.0,0,0,0,0,0,0,0,0
TF,BRDWL,38.850314,-90.364214,0, ,0.0,0.0,0.0,0.0,4,9000,8000,0,0,0,0,0
TF,ENNEE,38.822819,-90.307706,0, ,0.0,0.0,0.0,0.0,4,8000,7000,1,210,0,0,0
TF,JYAAR,38.787233,-90.236203,0, ,0.0,0.0,0.0,0.0,2,5000,0,1,210,0,0,0
TF,DOBLZ,38.760347,-90.182289,0, ,0.0,0.0,0.0,0.0,1,5000,0,1,210,0,0,1
FM,DOBLZ,38.760347,-90.182289,0,SPI,0.0,0.0,124.0,0,0,0,0,0,0,0,0

STAR,LORLE3,30L,6
IF,LORLE,39.306344,-90.838625, ,0.0,0.0,0,0,0,0,0,0,0,0
TF,GETUP,39.153242,-90.708428,0, ,0.0,0.0,0.0,0.0,4,15000,11000,1,280,0,0,0
TF,TATRR,39.020644,-90.592997,0, ,0.0,0.0,0.0,0.0,4,11000,10000,0,0,0,0,0
TF,MELVY,38.919036,-90.503478,0, ,0.0,0.0,0.0,0.0,0,0,0,0,0,0,0,0
TF,BRDWL,38.850314,-90.364214,0, ,0.0,0.0,0.0,0.0,4,9000,8000,0,0,0,0,0
TF,ENNEE,38.822819,-90.307706,0, ,0.0,0.0,0.0,0.0,4,8000,7000,1,210,0,0,0
TF,JYAAR,38.787233,-90.236203,0, ,0.0,0.0,0.0,0.0,2,5000,0,1,210,0,0,0
TF,DOBLZ,38.760347,-90.182289,0, ,0.0,0.0,0.0,0.0,1,5000,0,1,210,0,0,1
FM,DOBLZ,38.760347,-90.182289,0,SPI,0.0,0.0,124.0,0,0,0,0,0,0,0,0

STAR,LORLE3,30R,6
IF,LORLE,39.306344,-90.838625, ,0.0,0.0,0,0,0,0,0,0,0,0
TF,GETUP,39.153242,-90.708428,0, ,0.0,0.0,0.0,0.0,4,15000,11000,1,280,0,0,0
TF,TATRR,39.020644,-90.592997,0, ,0.0,0.0,0.0,0.0,4,11000,10000,0,0,0,0,0
TF,MELVY,38.919036,-90.503478,0, ,0.0,0.0,0.0,0.0,0,0,0,0,0,0,0,0
TF,BRDWL,38.850314,-90.364214,0, ,0.0,0.0,0.0,0.0,4,9000,8000,0,0,0,0,0
TF,ENNEE,38.822819,-90.307706,0, ,0.0,0.0,0.0,0.0,4,8000,7000,1,210,0,0,0
TF,JYAAR,38.787233,-90.236203,0, ,0.0,0.0,0.0,0.0,2,5000,0,1,210,0,0,0
TF,DOBLZ,38.760347,-90.182289,0, ,0.0,0.0,0.0,0.0,1,5000,0,1,210,0,0,1
FM,DOBLZ,38.760347,-90.182289,0,SPI,0.0,0.0,124.0,0,0,0,0,0,0,0,0

STAR,QBALL1,BNA,1
IF,BNA,36.136961,-86.684772, ,0.0,0.0,0,0,0,0,0,0,0,0
TF,VISQA,36.290414,-89.035086,0, ,0.0,0.0,0.0,0.0,0,0,0,0,0,0,0,0
TF,SCRCH,37.076069,-89.484561,0, ,0.0,0.0,0.0,0.0,0,0,0,0,0,0,0,0
TF,CGI,37.227539,-89.572411,0, ,0.0,0.0,0.0,0.0,0,0,0,0,0,0,0,0
TF,BREAK,37.318719,-89.622058,0, ,0.0,0.0,0.0,0.0,0,0,0,0,0,0,0,0
TF,SNOKR,37.457008,-89.697589,0, ,0.0,0.0,0.0,0.0,0,0,0,0,0,0,0,0
TF,FATSS,37.865078,-89.922400,0, ,0.0,0.0,0.0,0.0,0,0,0,0,0,0,0,0
TF,QBALL,38.128708,-90.069022,0, ,0.0,0.0,0.0,0.0,0,0,0,0,0,0,0,0

STAR,QBALL1,MEM,1
IF,MEM,35.015117,-89.983208, ,0.0,0.0,0,0,0,0,0,0,0,0
TF,CGI,37.227539,-89.572411,0, ,0.0,0.0,0.0,0.0,0,0,0,0,0,0,0,0
TF,BREAK,37.318719,-89.622058,0, ,0.0,0.0,0.0,0.0,0,0,0,0,0,0,0,0
TF,SNOKR,37.457008,-89.697589,0, ,0.0,0.0,0.0,0.0,0,0,0,0,0,0,0,0
TF,FATSS,37.865078,-89.922400,0, ,0.0,0.0,0.0,0.0,0,0,0,0,0,0,0,0
TF,QBALL,38.128708,-90.069022,0, ,0.0,0.0,0.0,0.0,0,0,0,0,0,0,0,0

STAR,QBALL1,PXV,1
IF,PXV,37.928319,-87.762381, ,0.0,0.0,0,0,0,0,0,0,0,0
TF,MWA,37.754253,-89.011667,0, ,0.0,0.0,0.0,0.0,0,0,0,0,0,0,0,0
TF,FATSS,37.865078,-89.922400,0, ,0.0,0.0,0.0,0.0,0,0,0,0,0,0,0,0
TF,QBALL,38.128708,-90.069022,0, ,0.0,0.0,0.0,0.0,0,0,0,0,0,0,0,0

STAR,QBALL1,VISQA,1
IF,VISQA,36.290414,-89.035086, ,0.0,0.0,0,0,0,0,0,0,0,0
TF,SCRCH,37.076069,-89.484561,0, ,0.0,0.0,0.0,0.0,0,0,0,0,0,0,0,0
TF,CGI,37.227539,-89.572411,0, ,0.0,0.0,0.0,0.0,0,0,0,0,0,0,0,0
TF,BREAK,37.318719,-89.622058,0, ,0.0,0.0,0.0,0.0,0,0,0,0,0,0,0,0
TF,SNOKR,37.457008,-89.697589,0, ,0.0,0.0,0.0,0.0,0,0,0,0,0,0,0,0
TF,FATSS,37.865078,-89.922400,0, ,0.0,0.0,0.0,0.0,0,0,0,0,0,0,0,0
TF,QBALL,38.128708,-90.069022,0, ,0.0,0.0,0.0,0.0,0,0,0,0,0,0,0,0

STAR,QBALL1,06,3
IF,QBALL,38.128708,-90.069022, ,0.0,0.0,0,0,0,0,0,0,0,0
TF,ESSAR,38.357617,-90.197297,0, ,0.0,0.0,0.0,0.0,0,0,0,0,0,0,0,0
TF,CHIKN,38.647356,-90.360942,0, ,0.0,0.0,0.0,0.0,0,0,0,0,0,0,0,0

STAR,QBALL1,11,3
IF,QBALL,38.128708,-90.069022, ,0.0,0.0,0,0,0,0,0,0,0,0
TF,ESSAR,38.357617,-90.197297,0, ,0.0,0.0,0.0,0.0,0,0,0,0,0,0,0,0
TF,CHIKN,38.647356,-90.360942,0, ,0.0,0.0,0.0,0.0,0,0,0,0,0,0,0,0

STAR,QBALL1,12L,3
IF,QBALL,38.128708,-90.069022, ,0.0,0.0,0,0,0,0,0,0,0,0
TF,ESSAR,38.357617,-90.197297,0, ,0.0,0.0,0.0,0.0,0,0,0,0,0,0,0,0
TF,CHIKN,38.647356,-90.360942,0, ,0.0,0.0,0.0,0.0,0,0,0,0,0,0,0,0

STAR,QBALL1,12R,3
IF,QBALL,38.128708,-90.069022, ,0.0,0.0,0,0,0,0,0,0,0,0
TF,ESSAR,38.357617,-90.197297,0, ,0.0,0.0,0.0,0.0,0,0,0,0,0,0,0,0
TF,CHIKN,38.647356,-90.360942,0, ,0.0,0.0,0.0,0.0,0,0,0,0,0,0,0,0

STAR,QBALL1,24,3
IF,QBALL,38.128708,-90.069022, ,0.0,0.0,0,0,0,0,0,0,0,0
TF,ESSAR,38.357617,-90.197297,0, ,0.0,0.0,0.0,0.0,0,0,0,0,0,0,0,0

STAR,QBALL1,29,3
IF,QBALL,38.128708,-90.069022, ,0.0,0.0,0,0,0,0,0,0,0,0
TF,ESSAR,38.357617,-90.197297,0, ,0.0,0.0,0.0,0.0,0,0,0,0,0,0,0,0

STAR,QBALL1,30L,3
IF,QBALL,38.128708,-90.069022, ,0.0,0.0,0,0,0,0,0,0,0,0
TF,ESSAR,38.357617,-90.197297,0, ,0.0,0.0,0.0,0.0,0,0,0,0,0,0,0,0

STAR,QBALL1,30R,3
IF,QBALL,38.128708,-90.069022, ,0.0,0.0,0,0,0,0,0,0,0,0
TF,ESSAR,38.357617,-90.197297,0, ,0.0,0.0,0.0,0.0,0,0,0,0,0,0,0,0

STAR,RIVRS5,CNOTA,1
IF,CNOTA,41.434117,-92.490122, ,0.0,0.0,0,0,0,0,0,0,0,0
TF,UIN,39.847875,-91.278925,0, ,0.0,0.0,0.0,0.0,0,0,0,0,0,0,0,0
TF,RIVRS,39.422614,-90.932417,0, ,0.0,0.0,0.0,0.0,0,0,0,0,0,0,0,0

STAR,RIVRS5,IRK,1
IF,IRK,40.135017,-92.591714, ,0.0,0.0,0,0,0,0,0,0,0,0
TF,RIVRS,39.422614,-90.932417,0, ,0.0,0.0,0.0,0.0,0,0,0,0,0,0,0,0

STAR,RIVRS5,SPI,1
IF,SPI,39.839733,-89.677736, ,0.0,0.0,0,0,0,0,0,0,0,0
TF,RIVRS,39.422614,-90.932417,0, ,0.0,0.0,0.0,0.0,0,0,0,0,0,0,0,0

STAR,RIVRS5,ALL,2
IF,RIVRS,39.422614,-90.932417, ,0.0,0.0,0,0,0,0,0,0,0,0
TF,LORLE,39.306344,-90.838625,0, ,0.0,0.0,0.0,0.0,0,0,0,0,0,0,0,0
TF,MELVY,38.919036,-90.503478,0, ,0.0,0.0,0.0,0.0,0,0,0,0,0,0,0,0

STAR,VLA9,RBS,1
IF,RBS,40.581703,-88.164267, ,0.0,0.0,0,0,0,0,0,0,0,0
TF,JARKE,40.079739,-88.401211,0, ,0.0,0.0,0.0,0.0,0,0,0,0,0,0,0,0
TF,WLDBL,39.592436,-88.627556,0, ,0.0,0.0,0.0,0.0,0,0,0,0,0,0,0,0
TF,VLA,39.093839,-89.162244,0, ,0.0,0.0,0.0,0.0,0,0,0,0,0,0,0,0
TF,PETTI,38.996322,-89.594014,0, ,0.0,0.0,0.0,0.0,0,0,0,0,0,0,0,0
TF,MUZUL,38.905444,-89.882708,0, ,0.0,0.0,0.0,0.0,0,0,0,0,0,0,0,0

STAR,VLA9,SPI,1
IF,SPI,39.839733,-89.677736, ,0.0,0.0,0,0,0,0,0,0,0,0
TF,LITCH,39.390089,-89.777094,0, ,0.0,0.0,0.0,0.0,0,0,0,0,0,0,0,0
TF,MUZUL,38.905444,-89.882708,0, ,0.0,0.0,0.0,0.0,0,0,0,0,0,0,0,0

STAR,VLA9,VHP,1
IF,VHP,39.814728,-86.367500, ,0.0,0.0,0,0,0,0,0,0,0,0
TF,AKBAR,39.390956,-88.048811,0, ,0.0,0.0,0.0,0.0,0,0,0,0,0,0,0,0
TF,VLA,39.093839,-89.162244,0, ,0.0,0.0,0.0,0.0,0,0,0,0,0,0,0,0
TF,PETTI,38.996322,-89.594014,0, ,0.0,0.0,0.0,0.0,0,0,0,0,0,0,0,0
TF,MUZUL,38.905444,-89.882708,0, ,0.0,0.0,0.0,0.0,0,0,0,0,0,0,0,0

STAR,VLA9,06,3
IF,MUZUL,38.905444,-89.882708, ,0.0,0.0,0,0,0,0,0,0,0,0
TF,SHAAD,38.809706,-90.183478,0, ,0.0,0.0,0.0,0.0,0,0,0,0,0,0,0,0
FM,SHAAD,38.809706,-90.183478,0,CSX,0.0,0.0,248.0,0,0,0,0,0,0,0,0

STAR,VLA9,11,3
IF,MUZUL,38.905444,-89.882708, ,0.0,0.0,0,0,0,0,0,0,0,0
TF,SHAAD,38.809706,-90.183478,0, ,0.0,0.0,0.0,0.0,0,0,0,0,0,0,0,0
FM,SHAAD,38.809706,-90.183478,0,CSX,0.0,0.0,248.0,0,0,0,0,0,0,0,0

STAR,VLA9,12L,3
IF,MUZUL,38.905444,-89.882708, ,0.0,0.0,0,0,0,0,0,0,0,0
TF,SHAAD,38.809706,-90.183478,0, ,0.0,0.0,0.0,0.0,0,0,0,0,0,0,0,0
FM,SHAAD,38.809706,-90.183478,0,CSX,0.0,0.0,248.0,0,0,0,0,0,0,0,0

STAR,VLA9,12R,3
IF,MUZUL,38.905444,-89.882708, ,0.0,0.0,0,0,0,0,0,0,0,0
TF,SHAAD,38.809706,-90.183478,0, ,0.0,0.0,0.0,0.0,0,0,0,0,0,0,0,0
FM,SHAAD,38.809706,-90.183478,0,CSX,0.0,0.0,248.0,0,0,0,0,0,0,0,0

STAR,VLA9,24,3
IF,MUZUL,38.905444,-89.882708, ,0.0,0.0,0,0,0,0,0,0,0,0
TF,TOY,38.739150,-89.918592,0, ,0.0,0.0,0.0,0.0,0,0,0,0,0,0,0,0
FM,TOY,38.739150,-89.918592,0,TOY,0.0,0.0,186.0,0,0,0,0,0,0,0,0

STAR,VLA9,29,3
IF,MUZUL,38.905444,-89.882708, ,0.0,0.0,0,0,0,0,0,0,0,0
TF,TOY,38.739150,-89.918592,0, ,0.0,0.0,0.0,0.0,0,0,0,0,0,0,0,0
FM,TOY,38.739150,-89.918592,0,TOY,0.0,0.0,186.0,0,0,0,0,0,0,0,0

STAR,VLA9,30L,3
IF,MUZUL,38.905444,-89.882708, ,0.0,0.0,0,0,0,0,0,0,0,0
TF,TOY,38.739150,-89.918592,0, ,0.0,0.0,0.0,0.0,0,0,0,0,0,0,0,0
FM,TOY,38.739150,-89.918592,0,TOY,0.0,0.0,186.0,0,0,0,0,0,0,0,0

STAR,VLA9,30R,3
IF,MUZUL,38.905444,-89.882708, ,0.0,0.0,0,0,0,0,0,0,0,0
TF,TOY,38.739150,-89.918592,0, ,0.0,0.0,0.0,0.0,0,0,0,0,0,0,0,0
FM,TOY,38.739150,-89.918592,0,TOY,0.0,0.0,186.0,0,0,0,0,0,0,0,0

APPTR,I06,06,FTZ
IF,FTZ,38.694333,-90.971269, ,0.0,0.0,0,0,0,0,0,0,1,0
TF,ENCOE,38.646639,-90.628919,0, ,0.0,0.0,0.0,0.0,2,5000,0,0,0,0,0,0
CF,WOODE,38.680792,-90.544589,0,IJAK,243.8,10.1,64.0,4.5,2,3400,0,0,0,0,0,0

FINAL,I06,06,I,3
IF,WOODE,38.680792,-90.544589,IJAK,243.8,10.1,2,3400,0,0,0,0,0,0
CF,TONII,38.705472,-90.483506,0,IJAK,243.8,6.8,64.0,3.2,1,2348,0,0,0,0,2,0
CF,RW06,38.746678,-90.381231,0,IJAK,243.8,1.4,64.0,5.4,1,601,0,0,0,0,3,0
CA,0,64.0,2,1020,0,0,0,0,0,0
DF,ZUMAY,38.787856,-90.278736,0, ,0.0,0.0,2,3000,0,0,0,0,0,0
HM,ZUMAY,38.787856,-90.278736,1, ,0.0,0.0,241.0,04.3,0,0,0,0,0,0,0,0,0

APPTR,I11,11,SISDE
IF,SISDE,38.901692,-90.698978, ,0.0,0.0,2,5000,0,0,0,0,1,0
TF,ZOVUN,38.876036,-90.646453,0, ,0.0,0.0,0.0,0.0,2,5000,0,0,0,0,0,0
CF,HIXOB,38.836761,-90.566214,0,IOGZ,303.2,10.4,123.0,4.4,2,3500,0,0,0,0,0,0

FINAL,I11,11,I,3
IF,HIXOB,38.836761,-90.566214,IOGZ,303.2,10.4,2,3500,0,0,0,0,0,0
CF,JEXAR,38.810022,-90.511703,0,IOGZ,303.2,7.4,123.0,3.0,1,2500,0,0,0,0,2,0
CF,RW11,38.759953,-90.409875,0,IOGZ,303.2,1.8,123.0,5.6,1,673,0,0,0,0,3,0
CA,0,123.0,2,1020,0,0,0,0,0,0
VI,0, ,0.0,188.0,0,0,0,0,0,0,0,0
CF,IMPER,38.452253,-90.396006,0,STL,169.6,24.8,170.0,5.0,2,3000,0,0,0,0,0,0
HM,IMPER,38.452253,-90.396006,2, ,0.0,0.0,350.0,04.3,0,0,0,0,0,0,0,0,0

APPTR,I12L,12L,RUYON
IF,RUYON,38.920139,-90.709675, ,0.0,0.0,2,6000,0,0,0,0,1,0
TF,MUVDE,38.895933,-90.660078,0, ,0.0,0.0,0.0,0.0,2,6000,0,0,0,0,0,0
TF,EUBIE,38.870297,-90.607636,0, ,0.0,0.0,0.0,0.0,2,5000,0,0,0,0,0,0
CF,FARIS,38.831058,-90.527531,0,ILDZ,303.2,10.6,123.0,4.4,2,3500,0,0,0,0,0,0

FINAL,I12L,12L,I,3
IF,FARIS,38.831058,-90.527531,ILDZ,303.2,10.6,2,3500,0,0,0,0,0,0
CF,GREEP,38.804347,-90.473111,0,ILDZ,303.2,7.6,123.0,3.0,1,2500,0,0,0,0,2,0
CF,RW12L,38.751781,-90.366294,0,ILDZ,303.2,1.7,123.0,5.9,1,582,0,0,0,0,3,0
CA,0,123.0,2,2500,0,0,0,0,0,0
DF,TOY,38.739150,-89.918592,0, ,0.0,0.0,2,3000,0,0,0,0,0,0
HM,TOY,38.739150,-89.918592,2, ,0.0,0.0,270.0,04.3,0,0,0,0,0,0,0,0,0

APPTR,I12R,12R,SADEN
IF,SADEN,38.901958,-90.740206, ,0.0,0.0,0,0,0,0,0,0,1,0
CI,0, ,0.0,78.0,0,0,0,0,0,0,0,0
CF,PAULY,38.894456,-90.665711,0,STL,282.3,8.8,122.0,1.7,2,4500,0,0,0,0,0,0
CF,NAIRN,38.847200,-90.569078,0,ILMR,303.2,12.5,123.0,5.3,2,3600,0,0,0,0,0,0

FINAL,I12R,12R,I,3
IF,NAIRN,38.847200,-90.569078,ILMR,303.2,12.5,2,3600,0,0,0,0,0,0
CF,OBLIO,38.800775,-90.474394,0,ILMR,303.2,7.3,123.0,5.2,1,2327,0,0,0,0,2,0
CF,RW12R,38.753219,-90.377772,0,ILMR,303.2,1.9,123.0,5.4,1,594,0,0,0,0,3,0
CA,0,123.0,2,1500,0,0,0,0,0,0
CF,FONTI,38.622497,-90.113569,0,STL,128.4,22.4,128.0,12.7,2,5000,0,0,0,0,0,0
HM,FONTI,38.622497,-90.113569,2, ,0.0,0.0,308.0,04.3,0,0,0,0,0,0,0,0,0

APPTR,I24,24,ZUCKO
IF,ZUCKO,38.867608,-90.079269, ,0.0,0.0,2,5000,0,0,0,0,1,0
CF,MENNA,38.829667,-90.174331,0,ISTL,63.8,11.1,244.0,5.0,2,3500,0,0,0,0,0,0

FINAL,I24,24,I,3
IF,MENNA,38.829667,-90.174331,ISTL,63.8,11.1,2,3500,0,0,0,0,0,0
CF,ZUMAY,38.787856,-90.278736,0,ISTL,63.8,5.6,244.0,5.5,1,1926,0,0,0,0,2,0
CF,RW24,38.756217,-90.357506,0,ISTL,63.8,1.4,244.0,4.2,1,588,0,0,0,0,3,0
CA,0,244.0,2,3000,0,0,0,0,0,0
DF,FTZ,38.694333,-90.971269,0, ,0.0,0.0,0,0,0,0,0,0,0,0
HM,FTZ,38.694333,-90.971269,2, ,0.0,0.0,100.0,04.3,0,0,0,0,0,0,0,0,0

APPTR,I29,29,FORAM
IF,FORAM,38.586411,-90.059333, ,0.0,0.0,2,6000,0,0,0,0,1,0
TF,ZUMLA,38.602714,-90.092100,0, ,0.0,0.0,0.0,0.0,2,6000,0,0,0,0,0,0
TF,HUGBA,38.641669,-90.170536,0, ,0.0,0.0,0.0,0.0,2,4500,0,0,0,0,0,0
CF,JIGIM,38.668111,-90.223886,0,IRQN,123.2,10.5,303.0,3.0,2,3500,0,0,0,0,0,0

FINAL,I29,29,I,3
IF,JIGIM,38.668111,-90.223886,IRQN,123.2,10.5,2,3500,0,0,0,0,0,0
CF,KEGBE,38.700369,-90.289092,0,IRQN,123.2,6.9,303.0,3.6,1,2300,0,0,0,0,2,0
CF,RW29,38.746794,-90.383164,0,IRQN,123.2,1.7,303.0,5.2,1,612,0,0,0,0,3,0
CA,0,303.0,2,1040,0,0,0,0,0,0
VI,0, ,0.0,286.0,0,0,0,0,0,0,0,0
CF,HULSO,38.798614,-90.696881,0,CSX,280.0,16.0,280.0,12.0,2,3000,0,0,0,0,0,0
HM,HULSO,38.798614,-90.696881,1, ,0.0,0.0,100.0,04.3,0,0,0,0,0,0,0,0,0

APPTR,I30L,30L,MOODS
IF,MOODS,38.556739,-90.036964, ,0.0,0.0,0,0,0,0,0,0,1,0
CI,0, ,0.0,360.0,0,0,0,0,0,0,0,0
CF,FONTI,38.622497,-90.113569,0,STL,128.4,22.4,303.0,4.3,2,4500,0,0,0,0,0,0
CF,JOICE,38.653286,-90.175769,0,IBKY,123.2,11.5,303.0,3.5,2,3500,0,0,0,0,0,0

FINAL,I30L,30L,I,3
IF,JOICE,38.653286,-90.175769,IBKY,123.2,11.5,2,3500,0,0,0,0,0,0
CF,MOIDD,38.696178,-90.262222,0,IBKY,123.2,6.7,303.0,4.8,1,2162,0,0,0,0,2,0
CF,RW30L,38.738078,-90.347061,0,IBKY,123.2,2.0,303.0,4.7,1,641,0,0,0,0,3,0
CA,0,303.0,2,3000,0,0,0,0,0,0
DF,OBLIO,38.800775,-90.474394,0, ,0.0,0.0,0,0,0,0,0,0,0,0
HM,OBLIO,38.800775,-90.474394,1, ,0.0,0.0,123.0,04.3,0,0,0,0,0,0,0,0,0

APPTR,I30R,30R,TYRSH
IF,TYRSH,38.595972,-90.051792, ,0.0,0.0,2,5000,0,0,0,0,1,0
TF,HIXOM,38.621603,-90.103319,0, ,0.0,0.0,0.0,0.0,2,5000,0,0,0,0,0,0
CF,EXALE,38.661183,-90.183050,0,ISJW,123.2,10.4,303.0,4.4,2,3500,0,0,0,0,0,0

FINAL,I30R,30R,I,3
IF,EXALE,38.661183,-90.183050,ISJW,123.2,10.4,2,3500,0,0,0,0,0,0
CF,RELEY,38.698939,-90.259283,0,ISJW,123.2,6.1,303.0,4.2,1,2100,0,0,0,0,2,0
CF,RW30R,38.738608,-90.339586,0,ISJW,123.2,1.7,303.0,4.5,1,662,0,0,0,0,3,0
CA,0,303.0,2,1020,0,0,0,0,0,0
VI,0, ,0.0,31.0,0,0,0,0,0,0,0,0
CF,FASHE,39.133669,-90.260714,0,CSX,11.6,23.3,12.0,20.0,2,3000,0,0,0,0,0,0
HM,FASHE,39.133669,-90.260714,2, ,0.0,0.0,192.0,04.3,0,0,0,0,0,0,0,0,0

APPTR,R06,06,FTZ
IF,FTZ,38.694333,-90.971269, ,0.0,0.0,0,0,0,0,0,0,1,0
TF,AVITE,38.620028,-90.694469,0, ,0.0,0.0,0.0,0.0,2,5000,0,0,0,0,1,0

FINAL,R06,06,R,4
IF,AVITE,38.620028,-90.694469, ,0.0,0.0,2,5000,0,0,0,0,0,0
TF,IDUBY,38.679475,-90.547828,0, ,0.0,0.0,64.0,7.8,2,3400,0,0,0,0,0,0
TF,ZUDKA,38.703564,-90.488211,0, ,0.0,0.0,64.0,3.2,2,2400,0,0,0,0,2,0
TF,RW06,38.746678,-90.381231,0, ,0.0,0.0,64.0,5.7,1,601,0,0,0,0,3,1
CA,0,64.0,2,1018,0,0,0,0,0,0
DF,ZUMAY,38.787856,-90.278736,0, ,0.0,0.0,2,3000,0,0,0,0,0,1
HM,ZUMAY,38.787856,-90.278736,1, ,0.0,0.0,241.0,06,0,0,0,1,230,0,0,0,0

APPTR,R11-Y,11,SISDE
IF,SISDE,38.901692,-90.698978, ,0.0,0.0,2,5000,0,0,0,0,1,0
TF,HILPI,38.863172,-90.620150,0, ,0.0,0.0,0.0,0.0,2,3500,0,0,0,0,1,0

FINAL,R11-Y,11,R,3
IF,HILPI,38.863172,-90.620150, ,0.0,0.0,2,3500,0,0,0,0,0,0
TF,JEXAR,38.810022,-90.511703,0, ,0.0,0.0,123.0,6.0,2,2500,0,0,0,0,2,0
TF,RW11,38.759953,-90.409875,0, ,0.0,0.0,123.0,5.6,1,673,0,0,0,0,3,1
CA,0,123.0,2,868,0,0,0,0,0,0
DF,YOBUC,38.712836,-90.314347,0, ,0.0,0.0,0,0,0,0,0,0,0,0
TF,IMPER,38.452253,-90.396006,0, ,0.0,0.0,0.0,0.0,2,3000,0,0,0,0,0,1
HM,IMPER,38.452253,-90.396006,2, ,0.0,0.0,6.0,04,0,0,0,0,0,0,0,0,0

APPTR,R11-Z,11,HRBEE
IF,HRBEE,38.861464,-90.361036, ,0.0,0.0,2,5000,0,0,0,0,1,0
TF,BUFEE,38.885758,-90.414217,0, ,0.0,0.0,0.0,0.0,2,5000,0,1,210,0,0,0
RF,MUDYY,38.796181,-90.483544,1,CFBPT,179.9,3.1,2,1900,0,0,0,0,0,0

APPTR,R11-Z,11,RRIPP
IF,RRIPP,38.706403,-90.482236, ,0.0,0.0,2,5000,0,0,0,0,1,0
TF,DUZER,38.731958,-90.534894,0, ,0.0,0.0,0.0,0.0,2,5000,0,1,210,0,0,0
TF,PROVL,38.741717,-90.554947,0, ,0.0,0.0,0.0,0.0,2,4200,0,1,210,0,0,0
RF,BUKWT,38.803061,-90.571114,2,CFBPS,79.0,2.6,2,3300,0,1,180,0,0,0
RF,EMZEE,38.811919,-90.515575,2,CFBPR,122.8,1.9,2,2400,0,1,180,0,0,0
TF,MUDYY,38.796181,-90.483544,0, ,0.0,0.0,0.0,0.0,2,1900,0,0,0,0,0,0

APPTR,R11-Z,11,SISDE
IF,SISDE,38.901692,-90.698978, ,0.0,0.0,2,5000,0,0,0,0,1,0
TF,ZOVUN,38.876036,-90.646453,0, ,0.0,0.0,0.0,0.0,2,4300,0,0,0,0,0,0
TF,HIXOB,38.836761,-90.566214,0, ,0.0,0.0,0.0,0.0,2,3500,0,0,0,0,1,0
TF,EMZEE,38.811919,-90.515575,0, ,0.0,0.0,0.0,0.0,2,2400,0,1,180,0,0,0
TF,MUDYY,38.796181,-90.483544,0, ,0.0,0.0,0.0,0.0,2,1900,0,0,0,0,0,0

APPTR,R11-Z,11,STAAN
IF,STAAN,38.795981,-90.879633, ,0.0,0.0,1,7000,0,0,0,0,1,0
TF,KARRP,38.807719,-90.762761,0, ,0.0,0.0,0.0,0.0,2,6000,0,0,0,0,0,0
TF,AARBY,38.816603,-90.673756,0, ,0.0,0.0,0.0,0.0,2,4000,0,0,0,0,1,0
TF,HIXOB,38.836761,-90.566214,0, ,0.0,0.0,0.0,0.0,2,3500,0,0,0,0,1,0
TF,EMZEE,38.811919,-90.515575,0, ,0.0,0.0,0.0,0.0,2,2400,0,1,180,0,0,0
TF,MUDYY,38.796181,-90.483544,0, ,0.0,0.0,0.0,0.0,2,1900,0,0,0,0,0,0

APPTR,R11-Z,11,VEEGE
IF,VEEGE,39.142192,-90.785156, ,0.0,0.0,4,9000,8000,0,0,0,1,0
TF,YADDI,38.998331,-90.665753,0, ,0.0,0.0,0.0,0.0,2,5500,0,0,0,0,0,0
TF,CORDL,38.918442,-90.599697,0, ,0.0,0.0,0.0,0.0,2,4000,0,0,0,0,1,0
TF,HIXOB,38.836761,-90.566214,0, ,0.0,0.0,0.0,0.0,2,3500,0,0,0,0,1,0
TF,EMZEE,38.811919,-90.515575,0, ,0.0,0.0,0.0,0.0,2,2400,0,1,180,0,0,0
TF,MUDYY,38.796181,-90.483544,0, ,0.0,0.0,0.0,0.0,2,1900,0,0,0,0,0,0

FINAL,R11-Z,11,R,3
IF,MUDYY,38.796181,-90.483544, ,0.0,0.0,2,1900,0,0,0,0,0,0
TF,WATRR,38.788464,-90.467817,0, ,0.0,0.0,123.0,0.9,2,1700,0,0,0,0,2,0
TF,RW11,38.759953,-90.409875,0, ,0.0,0.0,123.0,3.2,1,677,0,0,0,0,3,1
CA,0,123.0,2,1100,0,0,0,0,0,0
DF,IMPER,38.452253,-90.396006,0, ,0.0,0.0,2,3000,0,0,0,0,0,1
HM,IMPER,38.452253,-90.396006,2, ,0.0,0.0,6.0,04,0,0,0,0,0,0,0,0,0

APPTR,R12LY,12L,RUYON
IF,RUYON,38.920139,-90.709675, ,0.0,0.0,2,5000,0,0,0,0,1,0
TF,EUBIE,38.870297,-90.607636,0, ,0.0,0.0,0.0,0.0,2,4000,0,0,0,0,1,0

FINAL,R12LY,12L,R,3
IF,EUBIE,38.870297,-90.607636, ,0.0,0.0,2,4000,0,0,0,0,0,0
TF,GREEP,38.804347,-90.473111,0, ,0.0,0.0,123.0,7.4,2,2500,0,0,0,0,2,0
TF,RW12L,38.751781,-90.366294,0, ,0.0,0.0,123.0,5.9,1,582,0,0,0,0,3,1
CA,0,123.0,2,951,0,0,0,0,0,0
DF,ODITY,38.663478,-90.187656,0, ,0.0,0.0,0,0,0,0,0,0,0,0
TF,TOY,38.739150,-89.918592,0, ,0.0,0.0,0.0,0.0,2,3000,0,0,0,0,0,1
HM,TOY,38.739150,-89.918592,2, ,0.0,0.0,83.0,04,0,0,0,0,0,0,0,0,0

APPTR,R12LZ,12L,HRBEE
IF,HRBEE,38.861464,-90.361036, ,0.0,0.0,2,5000,0,1,250,0,0,0
TF,BUFEE,38.885758,-90.414217,0, ,0.0,0.0,0.0,0.0,2,5000,0,1,210,0,0,0
RF,KIRKA,38.805847,-90.476133,1,CFBPV,183.3,2.8,2,2400,0,1,210,0,0,0

APPTR,R12LZ,12L,RRIPP
IF,RRIPP,38.706403,-90.482236, ,0.0,0.0,2,5000,0,1,250,0,0,0
TF,SSAMM,38.731997,-90.534969,0, ,0.0,0.0,0.0,0.0,2,5000,0,1,210,0,0,0
RF,KIRKA,38.805847,-90.476133,2,CFBPX,302.8,2.6,2,2400,0,1,210,0,0,0

APPTR,R12LZ,12L,RUYON
IF,RUYON,38.920139,-90.709675, ,0.0,0.0,2,6000,0,1,250,0,1,0
TF,EUBIE,38.870297,-90.607636,0, ,0.0,0.0,0.0,0.0,2,4200,0,1,250,0,0,0
TF,FARIS,38.831058,-90.527531,0, ,0.0,0.0,0.0,0.0,2,3400,0,1,250,0,0,0
TF,KIRKA,38.805847,-90.476133,0, ,0.0,0.0,0.0,0.0,2,2400,0,1,210,0,0,0

APPTR,R12LZ,12L,STAAN
IF,STAAN,38.795981,-90.879633, ,0.0,0.0,1,7000,0,1,250,0,1,0
TF,KARRP,38.807719,-90.762761,0, ,0.0,0.0,0.0,0.0,2,6000,0,1,250,0,0,0
TF,AARBY,38.816603,-90.673756,0, ,0.0,0.0,0.0,0.0,2,4000,0,1,250,0,0,0
TF,FARIS,38.831058,-90.527531,0, ,0.0,0.0,0.0,0.0,2,3400,0,1,250,0,0,0
TF,KIRKA,38.805847,-90.476133,0, ,0.0,0.0,0.0,0.0,2,2400,0,1,210,0,0,0

APPTR,R12LZ,12L,VEEGE
IF,VEEGE,39.142192,-90.785156, ,0.0,0.0,4,9000,8000,1,250,0,1,0
TF,YADDI,38.998331,-90.665753,0, ,0.0,0.0,0.0,0.0,2,5500,0,0,0,0,0,0
TF,CORDL,38.918442,-90.599697,0, ,0.0,0.0,0.0,0.0,2,4000,0,1,250,0,0,0
TF,FARIS,38.831058,-90.527531,0, ,0.0,0.0,0.0,0.0,2,3400,0,1,250,0,0,0
TF,KIRKA,38.805847,-90.476133,0, ,0.0,0.0,0.0,0.0,2,2400,0,1,210,0,0,0

FINAL,R12LZ,12L,R,3
IF,KIRKA,38.805847,-90.476133, ,0.0,0.0,2,2400,0,1,210,0,0,0
TF,OHROB,38.782967,-90.429628,0, ,0.0,0.0,123.0,2.6,2,1700,0,1,165,0,2,0
TF,RW12L,38.751781,-90.366294,0, ,0.0,0.0,123.0,3.5,1,582,0,0,0,0,3,1
TF,ODITY,38.663478,-90.187656,0, ,0.0,0.0,0.0,0.0,0,0,0,0,0,0,0,0
TF,TOY,38.739150,-89.918592,0, ,0.0,0.0,0.0,0.0,2,3000,0,0,0,0,0,1
HM,TOY,38.739150,-89.918592,2, ,0.0,0.0,83.0,04,0,0,0,0,0,0,0,0,0

APPTR,R12RY,12R,FTZ
IF,FTZ,38.694333,-90.971269, ,0.0,0.0,0,0,0,0,0,0,1,0
TF,PAULY,38.894456,-90.665711,0, ,0.0,0.0,0.0,0.0,2,4500,0,0,0,0,1,0

FINAL,R12RY,12R,R,4
IF,PAULY,38.894456,-90.665711, ,0.0,0.0,2,4500,0,0,0,0,0,0
TF,NAIRN,38.847200,-90.569078,0, ,0.0,0.0,123.0,5.3,2,3600,0,0,0,0,0,0
TF,TUDNE,38.803569,-90.480083,0, ,0.0,0.0,123.0,4.9,2,2400,0,0,0,0,2,0
TF,RW12R,38.753219,-90.377772,0, ,0.0,0.0,123.0,5.7,1,594,0,0,0,0,3,1
CA,0,123.0,2,740,0,0,0,0,0,0
DF,FONTI,38.622497,-90.113569,0, ,0.0,0.0,2,5000,0,0,0,0,0,1
HM,FONTI,38.622497,-90.113569,2, ,0.0,0.0,309.0,06,0,0,0,1,230,0,0,0,0

APPTR,R12RZ,12R,HRBEE
IF,HRBEE,38.861464,-90.361036, ,0.0,0.0,2,5000,0,0,0,0,1,0
TF,BUFEE,38.885758,-90.414217,0, ,0.0,0.0,0.0,0.0,2,5000,0,1,210,0,0,0
RF,KLISH,38.802786,-90.478486,1,CFBPZ,302.8,2.9,2,2300,0,1,180,0,0,0

APPTR,R12RZ,12R,JACSN
IF,JACSN,38.922189,-90.722589, ,0.0,0.0,2,6000,0,0,0,0,1,0
TF,PAULY,38.894456,-90.665711,0, ,0.0,0.0,0.0,0.0,2,5000,0,0,0,0,0,0
TF,NAIRN,38.847200,-90.569078,0, ,0.0,0.0,0.0,0.0,2,3600,0,0,0,0,0,0
TF,FAULK,38.827825,-90.529556,0, ,0.0,0.0,0.0,0.0,2,3000,0,0,0,0,0,0
TF,KLISH,38.802786,-90.478486,0, ,0.0,0.0,0.0,0.0,2,2300,0,1,180,0,0,0

APPTR,R12RZ,12R,RRIPP
IF,RRIPP,38.706403,-90.482236, ,0.0,0.0,2,5000,0,0,0,0,1,0
TF,DUZER,38.731958,-90.534894,0, ,0.0,0.0,0.0,0.0,2,5000,0,1,210,0,0,0
RF,KLISH,38.802786,-90.478486,2,CFBPW,269.4,2.5,2,2300,0,1,180,0,0,0

APPTR,R12RZ,12R,STAAN
IF,STAAN,38.795981,-90.879633, ,0.0,0.0,1,7000,0,0,0,0,1,0
TF,KARRP,38.807719,-90.762761,0, ,0.0,0.0,0.0,0.0,2,6000,0,0,0,0,0,0
TF,AARBY,38.816603,-90.673756,0, ,0.0,0.0,0.0,0.0,2,4000,0,0,0,0,1,0
TF,FAULK,38.827825,-90.529556,0, ,0.0,0.0,0.0,0.0,2,3000,0,0,0,0,0,0
TF,KLISH,38.802786,-90.478486,0, ,0.0,0.0,0.0,0.0,2,2300,0,1,180,0,0,0

APPTR,R12RZ,12R,VEEGE
IF,VEEGE,39.142192,-90.785156, ,0.0,0.0,4,9000,8000,0,0,0,1,0
TF,YADDI,38.998331,-90.665753,0, ,0.0,0.0,0.0,0.0,2,5500,0,0,0,0,0,0
TF,CORDL,38.918442,-90.599697,0, ,0.0,0.0,0.0,0.0,2,4000,0,0,0,0,1,0
TF,FAULK,38.827825,-90.529556,0, ,0.0,0.0,0.0,0.0,2,3000,0,0,0,0,0,0
TF,KLISH,38.802786,-90.478486,0, ,0.0,0.0,0.0,0.0,2,2300,0,1,180,0,0,0

FINAL,R12RZ,12R,R,3
IF,KLISH,38.802786,-90.478486, ,0.0,0.0,2,2300,0,1,180,0,0,0
TF,HOPWD,38.784064,-90.440408,0, ,0.0,0.0,123.0,2.1,2,1700,0,0,0,0,2,0
TF,RW12R,38.753219,-90.377772,0, ,0.0,0.0,123.0,3.5,1,594,0,0,0,0,3,1
TF,FONTI,38.622497,-90.113569,0, ,0.0,0.0,0.0,0.0,2,5000,0,0,0,0,0,1
HM,FONTI,38.622497,-90.113569,2, ,0.0,0.0,309.0,06,0,0,0,0,0,0,0,0,0

APPTR,R24,24,TOY
IF,TOY,38.739150,-89.918592, ,0.0,0.0,0,0,0,0,0,0,1,0
TF,EPKEW,38.841283,-90.145225,0, ,0.0,0.0,0.0,0.0,2,3500,0,0,0,0,1,0

FINAL,R24,24,R,4
IF,EPKEW,38.841283,-90.145225, ,0.0,0.0,2,3500,0,0,0,0,0,0
TF,OSCUF,38.794839,-90.261253,0, ,0.0,0.0,244.0,6.1,2,2200,0,0,0,0,2,0
TF,WITUN,38.774492,-90.312003,0, ,0.0,0.0,244.0,2.7,2,1340,0,0,0,0,0,0
TF,RW24,38.756217,-90.357506,0, ,0.0,0.0,244.0,2.4,1,584,0,0,0,0,3,1
CA,0,244.0,2,734,0,0,0,0,0,0
DF,SORUE,38.655286,-90.607556,0, ,0.0,0.0,0,0,0,0,0,0,0,0
TF,AUGST,38.704389,-90.756350,0, ,0.0,0.0,0.0,0.0,2,3000,0,0,0,0,0,1
HM,AUGST,38.704389,-90.756350,2, ,0.0,0.0,83.0,06,0,0,0,1,230,0,0,0,0

APPTR,R29-Y,29,FORAM
IF,FORAM,38.586411,-90.059333, ,0.0,0.0,2,6000,0,0,0,0,1,0
TF,ZUMLA,38.602714,-90.092100,0, ,0.0,0.0,0.0,0.0,2,6000,0,0,0,0,1,0

FINAL,R29-Y,29,R,4
IF,ZUMLA,38.602714,-90.092100, ,0.0,0.0,2,6000,0,0,0,0,0,0
TF,JIGIM,38.668111,-90.223886,0, ,0.0,0.0,303.0,7.3,2,3500,0,0,0,0,0,0
TF,KEGBE,38.700369,-90.289092,0, ,0.0,0.0,303.0,3.6,2,2300,0,0,0,0,2,0
TF,RW29,38.746794,-90.383164,0, ,0.0,0.0,303.0,5.2,1,612,0,0,0,0,3,1
CA,0,303.0,2,943,0,0,0,0,0,0
DF,CUTVO,38.768997,-90.428256,0, ,0.0,0.0,0,0,0,0,0,0,0,0
TF,HULSO,38.798614,-90.696881,0, ,0.0,0.0,0.0,0.0,2,3000,0,0,0,0,0,1
HM,HULSO,38.798614,-90.696881,1, ,0.0,0.0,101.0,05,0,0,0,0,0,0,0,0,0

APPTR,R29-Z,29,FDRKO
IF,FDRKO,38.717161,-89.946889, ,0.0,0.0,4,7000,6000,0,0,0,1,0
TF,SHREC,38.682419,-90.067986,0, ,0.0,0.0,0.0,0.0,2,5000,0,0,0,0,1,0
TF,HUGBA,38.641669,-90.170536,0, ,0.0,0.0,0.0,0.0,2,3900,0,0,0,0,0,0
TF,WEVRR,38.679839,-90.247603,0, ,0.0,0.0,0.0,0.0,2,3000,0,0,0,0,0,0
TF,RSCAL,38.688928,-90.265906,0, ,0.0,0.0,0.0,0.0,2,2700,0,0,0,0,0,0

APPTR,R29-Z,29,JYAAR
IF,JYAAR,38.787233,-90.236203, ,0.0,0.0,2,5000,0,1,210,0,1,0
TF,DOBLZ,38.760347,-90.182289,0, ,0.0,0.0,0.0,0.0,2,5000,0,0,0,0,0,0
RF,WEVRR,38.679839,-90.247603,2,CFPTV,303.0,2.9,2,3000,0,0,0,0,0,0
TF,RSCAL,38.688928,-90.265906,0, ,0.0,0.0,0.0,0.0,2,2700,0,0,0,0,0,0

APPTR,R29-Z,29,PEJAA
IF,PEJAA,38.642250,-90.379014, ,0.0,0.0,2,5000,0,1,210,0,1,0
TF,DMOTO,38.615511,-90.324894,0, ,0.0,0.0,0.0,0.0,2,5000,0,0,0,0,0,0
RF,VERML,38.635119,-90.244542,1,CFPTT,343.4,2.6,2,3700,0,0,0,0,0,0
RF,RSCAL,38.688928,-90.265906,1,CFPTT,122.9,2.6,2,2700,0,0,0,0,0,0

APPTR,R29-Z,29,SUTRR
IF,SUTRR,38.546575,-89.979408, ,0.0,0.0,2,7000,0,0,0,0,1,0
TF,JVEEE,38.574658,-90.035733,0, ,0.0,0.0,0.0,0.0,2,6000,0,0,0,0,0,0
TF,ZUMLA,38.602714,-90.092100,0, ,0.0,0.0,0.0,0.0,2,5000,0,0,0,0,1,0
TF,HUGBA,38.641669,-90.170536,0, ,0.0,0.0,0.0,0.0,2,3900,0,0,0,0,0,0
TF,WEVRR,38.679839,-90.247603,0, ,0.0,0.0,0.0,0.0,2,3000,0,0,0,0,0,0
TF,RSCAL,38.688928,-90.265906,0, ,0.0,0.0,0.0,0.0,2,2700,0,0,0,0,0,0

APPTR,R29-Z,29,TEEBE
IF,TEEBE,38.360172,-90.094722, ,0.0,0.0,4,9000,8000,0,0,0,1,0
TF,BUSSO,38.569878,-90.147089,0, ,0.0,0.0,0.0,0.0,2,5000,0,0,0,0,1,0
TF,HUGBA,38.641669,-90.170536,0, ,0.0,0.0,0.0,0.0,2,3900,0,0,0,0,0,0
TF,WEVRR,38.679839,-90.247603,0, ,0.0,0.0,0.0,0.0,2,3000,0,0,0,0,0,0
TF,RSCAL,38.688928,-90.265906,0, ,0.0,0.0,0.0,0.0,2,2700,0,0,0,0,0,0

FINAL,R29-Z,29,R,3
IF,RSCAL,38.688928,-90.265906, ,0.0,0.0,2,2700,0,0,0,0,0,0
TF,UCITY,38.699653,-90.287639,0, ,0.0,0.0,303.0,1.2,2,2300,0,0,0,0,2,0
TF,RW29,38.746794,-90.383164,0, ,0.0,0.0,303.0,5.3,1,612,0,0,0,0,3,1
CA,0,303.0,2,1100,0,0,0,0,0,0
DF,HULSO,38.798614,-90.696881,0, ,0.0,0.0,2,3000,0,0,0,0,0,1
HM,HULSO,38.798614,-90.696881,1, ,0.0,0.0,101.0,05,0,0,0,0,0,0,0,0,0

APPTR,R30LY,30L,SUGAR
IF,SUGAR,38.524300,-89.824467, ,0.0,0.0,0,0,0,0,0,0,1,0
TF,FONTI,38.622497,-90.113569,0, ,0.0,0.0,0.0,0.0,2,4500,0,0,0,0,1,0

FINAL,R30LY,30L,R,4
IF,FONTI,38.622497,-90.113569, ,0.0,0.0,2,4500,0,0,0,0,0,0
TF,ZETGO,38.653344,-90.175722,0, ,0.0,0.0,303.0,3.5,2,3500,0,0,0,0,0,0
TF,TORME,38.694511,-90.258853,0, ,0.0,0.0,303.0,4.6,2,2200,0,0,0,0,2,0
TF,RW30L,38.738078,-90.347061,0, ,0.0,0.0,303.0,4.9,1,641,0,0,0,0,3,1
CA,0,303.0,2,783,0,0,0,0,0,0
DF,OBLIO,38.800775,-90.474394,0, ,0.0,0.0,2,3000,0,0,0,0,0,1
HM,OBLIO,38.800775,-90.474394,1, ,0.0,0.0,123.0,06,0,0,0,1,230,0,0,0,0

APPTR,R30LZ,30L,FDRKO
IF,FDRKO,38.717161,-89.946889, ,0.0,0.0,4,7000,6000,0,0,0,1,0
TF,SHREC,38.682419,-90.067986,0, ,0.0,0.0,0.0,0.0,2,5000,0,0,0,0,1,0
TF,ZETGO,38.653344,-90.175722,0, ,0.0,0.0,0.0,0.0,2,3500,0,0,0,0,0,0
TF,LIZZK,38.686306,-90.242297,0, ,0.0,0.0,0.0,0.0,2,2500,0,0,0,0,0,0
TF,SAYIT,38.694511,-90.258856,0, ,0.0,0.0,0.0,0.0,2,2200,0,0,0,0,0,0

APPTR,R30LZ,30L,JYAAR
IF,JYAAR,38.787233,-90.236203, ,0.0,0.0,2,5000,0,1,210,0,1,0
TF,DOBLZ,38.760347,-90.182289,0, ,0.0,0.0,0.0,0.0,2,5000,0,0,0,0,0,0
RF,LIZZK,38.686306,-90.242297,2,CFPTW,303.0,2.6,2,2500,0,0,0,0,0,0
TF,SAYIT,38.694511,-90.258856,0, ,0.0,0.0,0.0,0.0,2,2200,0,0,0,0,0,0

APPTR,R30LZ,30L,KAACE
IF,KAACE,38.584361,-90.037039, ,0.0,0.0,2,6000,0,0,0,0,1,0
TF,FONTI,38.622497,-90.113569,0, ,0.0,0.0,0.0,0.0,2,4300,0,0,0,0,1,0
TF,ZETGO,38.653344,-90.175722,0, ,0.0,0.0,0.0,0.0,2,3500,0,0,0,0,0,0
TF,LIZZK,38.686306,-90.242297,0, ,0.0,0.0,0.0,0.0,2,2500,0,0,0,0,0,0
TF,SAYIT,38.694511,-90.258856,0, ,0.0,0.0,0.0,0.0,2,2200,0,0,0,0,0,0

APPTR,R30LZ,30L,PEJAA
IF,PEJAA,38.642250,-90.379014, ,0.0,0.0,2,5000,0,1,210,0,1,0
TF,ALMAC,38.614622,-90.323128,0, ,0.0,0.0,0.0,0.0,2,5000,0,0,0,0,0,0
RF,SLAYY,38.630064,-90.239517,1,CFBPQ,347.4,2.8,2,3600,0,0,0,0,0,0
RF,SAYIT,38.694511,-90.258856,1,CFBPQ,159.5,2.8,2,2200,0,0,0,0,0,0

APPTR,R30LZ,30L,TEEBE
IF,TEEBE,38.360172,-90.094722, ,0.0,0.0,4,9000,8000,0,0,0,1,0
TF,BUSSO,38.569878,-90.147089,0, ,0.0,0.0,0.0,0.0,2,5000,0,0,0,0,1,0
TF,ZETGO,38.653344,-90.175722,0, ,0.0,0.0,0.0,0.0,2,3500,0,0,0,0,0,0
TF,LIZZK,38.686306,-90.242297,0, ,0.0,0.0,0.0,0.0,2,2500,0,0,0,0,0,0
TF,SAYIT,38.694511,-90.258856,0, ,0.0,0.0,0.0,0.0,2,2200,0,0,0,0,0,0

FINAL,R30LZ,30L,R,2
IF,SAYIT,38.694511,-90.258856, ,0.0,0.0,2,2200,0,0,0,0,2,0
TF,RW30L,38.738078,-90.347061,0, ,0.0,0.0,303.0,4.9,1,641,0,0,0,0,3,1
CA,0,303.0,2,943,0,0,0,0,0,0
DF,OBLIO,38.800775,-90.474394,0, ,0.0,0.0,2,3000,0,0,0,0,0,1
HM,OBLIO,38.800775,-90.474394,1, ,0.0,0.0,123.0,06,0,0,0,0,0,0,0,0,0

APPTR,R30RY,30R,TYRSH
IF,TYRSH,38.595972,-90.051792, ,0.0,0.0,2,5000,0,0,0,0,1,0
TF,HIXOM,38.621603,-90.103319,0, ,0.0,0.0,0.0,0.0,2,5000,0,0,0,0,1,0

FINAL,R30RY,30R,R,5
IF,HIXOM,38.621603,-90.103319, ,0.0,0.0,2,5000,0,0,0,0,0,0
TF,EXALE,38.661183,-90.183050,0, ,0.0,0.0,303.0,4.4,2,3500,0,0,0,0,0,0
TF,RELEY,38.698939,-90.259283,0, ,0.0,0.0,303.0,4.2,2,2100,0,0,0,0,2,0
TF,CEVTA,38.726156,-90.314358,0, ,0.0,0.0,303.0,3.1,2,1100,0,0,0,0,0,0
TF,RW30R,38.738608,-90.339586,0, ,0.0,0.0,303.0,1.4,1,662,0,0,0,0,3,1
CA,0,303.0,2,908,0,0,0,0,0,0
DF,IDLOC,38.793931,-90.451892,0, ,0.0,0.0,0,0,0,0,0,0,0,0
TF,FASHE,39.133669,-90.260714,0, ,0.0,0.0,0.0,0.0,2,3000,0,0,0,0,0,1
HM,FASHE,39.133669,-90.260714,2, ,0.0,0.0,211.0,05,0,0,0,0,0,0,0,0,0

APPTR,R30RZ,30R,FDRKO
IF,FDRKO,38.717161,-89.946889, ,0.0,0.0,4,7000,6000,0,0,0,1,0
TF,SHREC,38.682419,-90.067986,0, ,0.0,0.0,0.0,0.0,2,5000,0,0,0,0,0,0
TF,BAKIZ,38.653650,-90.167858,0, ,0.0,0.0,0.0,0.0,2,3700,0,0,0,0,0,0
TF,LETAA,38.689308,-90.239817,0, ,0.0,0.0,0.0,0.0,2,2500,0,0,0,0,0,0
TF,REHMM,38.698406,-90.258211,0, ,0.0,0.0,0.0,0.0,2,2100,0,0,0,0,0,0

APPTR,R30RZ,30R,JYAAR
IF,JYAAR,38.787233,-90.236203, ,0.0,0.0,2,5000,0,1,210,0,1,0
TF,DOBLZ,38.760347,-90.182289,0, ,0.0,0.0,0.0,0.0,2,5000,0,0,0,0,0,0
RF,LETAA,38.689308,-90.239817,2,CFPTR,302.9,2.5,2,2500,0,0,0,0,0,0
TF,REHMM,38.698406,-90.258211,0, ,0.0,0.0,0.0,0.0,2,2100,0,0,0,0,0,0

APPTR,R30RZ,30R,PEJAA
IF,PEJAA,38.642250,-90.379014, ,0.0,0.0,2,5000,0,1,210,0,1,0
TF,DMOTO,38.615511,-90.324894,0, ,0.0,0.0,0.0,0.0,2,5000,0,0,0,0,0,0
RF,RUBEC,38.629469,-90.239844,1,CFPTS,348.8,2.9,2,3600,0,0,0,0,0,0
RF,REHMM,38.698406,-90.258211,1,CFPTS,159.8,2.9,2,2100,0,0,0,0,0,0

APPTR,R30RZ,30R,TEEBE
IF,TEEBE,38.360172,-90.094722, ,0.0,0.0,4,9000,8000,0,0,0,1,0
TF,BUSSO,38.569878,-90.147089,0, ,0.0,0.0,0.0,0.0,2,5000,0,0,0,0,0,0
TF,BAKIZ,38.653650,-90.167858,0, ,0.0,0.0,0.0,0.0,2,3700,0,0,0,0,0,0
TF,LETAA,38.689308,-90.239817,0, ,0.0,0.0,0.0,0.0,2,2500,0,0,0,0,0,0
TF,REHMM,38.698406,-90.258211,0, ,0.0,0.0,0.0,0.0,2,2100,0,0,0,0,0,0

APPTR,R30RZ,30R,TYRSH
IF,TYRSH,38.595972,-90.051792, ,0.0,0.0,2,5000,0,0,0,0,1,0
TF,HIXOM,38.621603,-90.103319,0, ,0.0,0.0,0.0,0.0,2,4300,0,0,0,0,0,0
TF,BAKIZ,38.653650,-90.167858,0, ,0.0,0.0,0.0,0.0,2,3700,0,0,0,0,0,0
TF,LETAA,38.689308,-90.239817,0, ,0.0,0.0,0.0,0.0,2,2500,0,0,0,0,0,0
TF,REHMM,38.698406,-90.258211,0, ,0.0,0.0,0.0,0.0,2,2100,0,0,0,0,0,0

FINAL,R30RZ,30R,R,2
IF,REHMM,38.698406,-90.258211, ,0.0,0.0,2,2100,0,0,0,0,2,0
TF,RW30R,38.738608,-90.339586,0, ,0.0,0.0,303.0,4.5,1,662,0,0,0,0,3,1
CA,0,303.0,2,1100,0,0,0,0,0,0
DF,FASHE,39.133669,-90.260714,0, ,0.0,0.0,2,3000,0,0,0,0,0,1
HM,FASHE,39.133669,-90.260714,2, ,0.0,0.0,211.0,05,0,0,0,0,0,0,0,0,0

APPTR,T12R,12R,D076J
IF,D076J,38.898033,-90.274353, ,0.0,0.0,0,0,0,0,0,0,1,0
AF,MIYKU,38.993286,-90.611969,1,STL,321.7,10.0,76.0,2,5000,0,0,0,0,0,0

APPTR,T12R,12R,D224J
IF,D224J,38.742625,-90.633000, ,0.0,0.0,0,0,0,0,0,0,1,0
AF,MIYKU,38.993286,-90.611969,2,STL,321.7,10.0,224.0,2,5000,0,0,0,0,0,0

APPTR,T12R,12R,STL
IF,STL,38.860689,-90.482367, ,0.0,0.0,0,0,0,0,0,0,0,0
TF,MIYKU,38.993286,-90.611969,0, ,0.0,0.0,0.0,0.0,2,5000,0,0,0,0,0,0
HF,MIYKU,38.993286,-90.611969,2, ,0.0,0.0,142.0,04.3,2,5000,0,0,0,0,1,0,0

FINAL,T12R,12R,D,4
IF,MIYKU,38.993286,-90.611969,STL,321.7,10.0,2,5000,0,0,0,0,0,0
CF,STL,38.860689,-90.482367,0,STL,0.0,0.0,142.0,10.0,2,3200,0,0,0,0,2,0
CF,40TAC,38.807381,-90.431042,0,STL,142.0,4.0,142.0,4.0,2,1900,0,0,0,0,0,0
CF,RW12R,38.753219,-90.377772,0,STL,141.7,8.1,142.0,4.1,1,595,0,0,0,0,3,0
CA,0,142.0,2,1500,0,0,0,0,0,0
VI,0, ,0.0,98.0,0,0,0,0,0,0,0,0
CF,FONTI,38.622497,-90.113569,0,STL,128.4,22.4,128.0,8.3,2,5000,0,0,0,0,0,0
HM,FONTI,38.622497,-90.113569,2, ,0.0,0.0,308.0,04.3,2,5000,0,0,0,0,0,0,0

APPTR,T30L,30L,D076Y
IF,D076Y,38.953350,-89.961922, ,0.0,0.0,0,0,0,0,0,0,1,0
AF,AYPEV,38.544731,-90.134919,2,STL,138.1,25.0,76.0,2,4500,0,0,0,0,0,0
CF,YAZRI,38.608006,-90.204164,0,STL,138.1,20.0,318.0,5.0,2,3600,0,0,0,0,0,0

APPTR,T30L,30L,D224Y
IF,D224Y,38.565158,-90.858017, ,0.0,0.0,0,0,0,0,0,0,1,0
AF,AYPEV,38.544731,-90.134919,1,STL,138.1,25.0,224.0,2,4500,0,0,0,0,0,0
CF,YAZRI,38.608006,-90.204164,0,STL,138.1,20.0,318.0,5.0,2,3600,0,0,0,0,0,0

APPTR,T30L,30L,STL
IF,STL,38.860689,-90.482367, ,0.0,0.0,0,0,0,0,0,0,0,0
TF,AYPEV,38.544731,-90.134919,0, ,0.0,0.0,0.0,0.0,2,4500,0,0,0,0,0,0
HF,AYPEV,38.544731,-90.134919,1, ,0.0,0.0,318.0,04.3,2,4500,0,0,0,0,1,0,0
CF,YAZRI,38.608006,-90.204164,0,STL,138.1,20.0,318.0,5.0,2,3600,0,0,0,0,0,0

FINAL,T30L,30L,D,3
IF,YAZRI,38.608006,-90.204164,STL,138.1,20.0,2,3600,0,0,0,0,0,0
CF,GEHJY,38.671236,-90.273533,0,STL,138.1,15.0,318.0,5.0,2,2300,0,0,0,0,2,0
CF,RW30L,38.738078,-90.347061,0,STL,138.2,9.7,318.0,5.3,1,641,0,0,0,0,3,0
CA,0,318.0,2,1018,0,0,0,0,0,0
VI,0, ,0.0,232.0,0,0,0,0,0,0,0,0
CF,AUGST,38.704389,-90.756350,0,FTZ,81.6,10.1,262.0,15.2,2,5000,0,0,0,0,0,0
HM,AUGST,38.704389,-90.756350,2, ,0.0,0.0,82.0,04,0,0,0,0,0,0,0,0,0

