APPTR,D17-A,17,ACT
IF,ACT,31.662333,-97.269028, ,0.0,0.0,2,2800,0,0,0,0,1,0
TF,MITRA,31.506036,-97.065844,0, ,0.0,0.0,0.0,0.0,2,2800,0,0,0,0,0,0

APPTR,D17-A,17,UHMOT
IF,UHMOT,31.781006,-97.033311,ACT,50.4,14.0,0,0,0,0,0,0,1,0
AF,MITRA,31.506036,-97.065844,2,ACT,123.0,14.0,50.0,2,2800,0,0,0,0,0,0

APPTR,D17-A,17,VURQI
IF,VURQI,31.432031,-97.316339,ACT,181.0,14.0,0,0,0,0,0,0,1,0
AF,MITRA,31.506036,-97.065844,1,ACT,123.0,14.0,181.0,2,2800,0,0,0,0,0,0

FINAL,D17-A,17,D,3
IF,MITRA,31.506036,-97.065844,ACT,123.0,14.0,2,2800,0,0,0,0,0,0
CF,JIJHO,31.405389,-96.935586,0,ACT,123.0,23.0,123.0,9.0,2,1500,0,0,0,0,2,0
CF,MA123,31.342467,-96.854383,0,ACT,123.0,28.6,123.0,5.6,1,1280,0,0,0,0,3,0
CA,0,123.0,2,1280,0,0,0,0,0,0
VI,1, ,0.0,270.0,0,0,0,0,0,0,0,0
CF,MITRA,31.506036,-97.065844,0,ACT,123.0,14.0,303.0,13.0,2,2800,0,0,0,0,0,0
HM,MITRA,31.506036,-97.065844,2, ,0.0,0.0,303.0,04.3,0,0,0,0,0,0,0,0,0

APPTR,D35-A,35,ACT
IF,ACT,31.662333,-97.269028, ,0.0,0.0,2,2800,0,0,0,0,1,0
TF,MITRA,31.506036,-97.065844,0, ,0.0,0.0,0.0,0.0,2,2800,0,0,0,0,0,0

APPTR,D35-A,35,UHMOT
IF,UHMOT,31.781006,-97.033311,ACT,50.4,14.0,0,0,0,0,0,0,1,0
AF,MITRA,31.506036,-97.065844,2,ACT,123.0,14.0,50.0,2,2800,0,0,0,0,0,0

APPTR,D35-A,35,VURQI
IF,VURQI,31.432031,-97.316339,ACT,181.0,14.0,0,0,0,0,0,0,1,0
AF,MITRA,31.506036,-97.065844,1,ACT,123.0,14.0,181.0,2,2800,0,0,0,0,0,0

FINAL,D35-A,35,D,3
IF,MITRA,31.506036,-97.065844,ACT,123.0,14.0,2,2800,0,0,0,0,0,0
CF,JIJHO,31.405389,-96.935586,0,ACT,123.0,23.0,123.0,9.0,2,1500,0,0,0,0,2,0
CF,MA123,31.342467,-96.854383,0,ACT,123.0,28.6,123.0,5.6,1,1280,0,0,0,0,3,0
CA,0,123.0,2,1280,0,0,0,0,0,0
VI,1, ,0.0,270.0,0,0,0,0,0,0,0,0
CF,MITRA,31.506036,-97.065844,0,ACT,123.0,14.0,303.0,13.0,2,2800,0,0,0,0,0,0
HM,MITRA,31.506036,-97.065844,2, ,0.0,0.0,303.0,04.3,0,0,0,0,0,0,0,0,0

