SID,BLTWY4,16,4
VA,0,161.0,2,1700,0,0,0,0,0,0
VM,0,0,0,161.0,0,0,0,0,0,0,0,0
DF,DREMR,30.301311,-95.418683,0, ,0.0,0.0,0,0,0,0,0,0,0,0

SID,BLTWY4,34,4
VA,0,341.0,2,1000,0,0,0,0,0,0
VM,0,0,0,341.0,0,0,0,0,0,0,0,0
DF,DREMR,30.301311,-95.418683,0, ,0.0,0.0,0,0,0,0,0,0,0,0

SID,BLTWY4,ALL,5
IF,DREMR,30.301311,-95.418683, ,0.0,0.0,0,0,0,0,0,0,0,0
TF,LITLD,30.504817,-95.468378,0, ,0.0,0.0,0.0,0.0,0,0,0,0,0,0,0,0
TF,BLTWY,30.605656,-95.491106,0, ,0.0,0.0,0.0,0.0,0,0,0,0,0,0,0,0

SID,BLTWY4,CRIED,6
IF,BLTWY,30.605656,-95.491106, ,0.0,0.0,0,0,0,0,0,0,0,0
TF,CRIED,31.353967,-95.661414,0, ,0.0,0.0,0.0,0.0,0,0,0,0,0,0,0,0

SID,BORRN3,16,4
VA,0,161.0,2,1700,0,0,0,0,0,0
VM,0,0,0,161.0,0,0,0,0,0,0,0,0
DF,BORRN,29.901492,-95.757833,0, ,0.0,0.0,0,0,0,0,0,0,0,0
TF,DILRE,29.906656,-95.899411,0, ,0.0,0.0,0.0,0.0,0,0,0,0,0,0,0,0

SID,BORRN3,34,4
VA,0,341.0,2,1000,0,0,0,0,0,0
VM,0,0,0,341.0,0,0,0,0,0,0,0,0
DF,BORRN,29.901492,-95.757833,0, ,0.0,0.0,0,0,0,0,0,0,0,0
TF,DILRE,29.906656,-95.899411,0, ,0.0,0.0,0.0,0.0,0,0,0,0,0,0,0,0

SID,BORRN3,CRGER,6
IF,DILRE,29.906656,-95.899411, ,0.0,0.0,0,0,0,0,0,0,0,0
TF,ZUUUU,30.097894,-96.239300,0, ,0.0,0.0,0.0,0.0,0,0,0,0,0,0,0,0
TF,PUFER,30.224022,-97.075581,0, ,0.0,0.0,0.0,0.0,0,0,0,0,0,0,0,0
TF,PSTUR,30.319758,-97.726442,0, ,0.0,0.0,0.0,0.0,0,0,0,0,0,0,0,0
TF,CRGER,30.449200,-98.342850,0, ,0.0,0.0,0.0,0.0,0,0,0,0,0,0,0,0

SID,BORRN3,JCT,6
IF,DILRE,29.906656,-95.899411, ,0.0,0.0,0,0,0,0,0,0,0,0
TF,BOCCK,29.936739,-96.207589,0, ,0.0,0.0,0.0,0.0,0,0,0,0,0,0,0,0
TF,MNURE,29.993022,-96.566067,0, ,0.0,0.0,0.0,0.0,0,0,0,0,0,0,0,0
TF,HAYYY,30.169489,-97.746258,0, ,0.0,0.0,0.0,0.0,0,0,0,0,0,0,0,0
TF,FOWLR,30.296511,-98.366311,0, ,0.0,0.0,0.0,0.0,0,0,0,0,0,0,0,0
TF,JCT,30.598022,-99.817481,0, ,0.0,0.0,0.0,0.0,0,0,0,0,0,0,0,0

SID,BORRN3,MNURE,6
IF,DILRE,29.906656,-95.899411, ,0.0,0.0,0,0,0,0,0,0,0,0
TF,BOCCK,29.936739,-96.207589,0, ,0.0,0.0,0.0,0.0,0,0,0,0,0,0,0,0
TF,MNURE,29.993022,-96.566067,0, ,0.0,0.0,0.0,0.0,0,0,0,0,0,0,0,0

SID,BORRN3,SAT,6
IF,DILRE,29.906656,-95.899411, ,0.0,0.0,0,0,0,0,0,0,0,0
TF,BOCCK,29.936739,-96.207589,0, ,0.0,0.0,0.0,0.0,0,0,0,0,0,0,0,0
TF,MNURE,29.993022,-96.566067,0, ,0.0,0.0,0.0,0.0,0,0,0,0,0,0,0,0
TF,MARCS,29.897789,-97.861306,0, ,0.0,0.0,0.0,0.0,0,0,0,0,0,0,0,0
TF,SAT,29.644031,-98.461314,0, ,0.0,0.0,0.0,0.0,0,0,0,0,0,0,0,0

SID,BORRN3,WAILN,6
IF,DILRE,29.906656,-95.899411, ,0.0,0.0,0,0,0,0,0,0,0,0
TF,WEEED,29.779206,-96.181928,0, ,0.0,0.0,0.0,0.0,0,0,0,0,0,0,0,0
TF,WAILN,29.808231,-96.571422,0, ,0.0,0.0,0.0,0.0,0,0,0,0,0,0,0,0

SID,HOODO5,16,4
VA,0,161.0,2,1700,0,0,0,0,0,0
VM,0,0,0,161.0,0,0,0,0,0,0,0,0
DF,VUH,29.269333,-94.867725,0, ,0.0,0.0,0,0,0,0,0,0,0,0

SID,HOODO5,34,4
VA,0,341.0,2,1000,0,0,0,0,0,0
VM,0,0,0,341.0,0,0,0,0,0,0,0,0
DF,VUH,29.269333,-94.867725,0, ,0.0,0.0,0,0,0,0,0,0,0,0

SID,HOODO5,ALL,5
IF,VUH,29.269333,-94.867725, ,0.0,0.0,0,0,0,0,0,0,0,0
TF,HOODO,28.996808,-94.352528,0, ,0.0,0.0,0.0,0.0,0,0,0,0,0,0,0,0

SID,HOODO5,BOWFN,6
IF,HOODO,28.996808,-94.352528, ,0.0,0.0,0,0,0,0,0,0,0,0
TF,SBIRD,29.000000,-93.666667,0, ,0.0,0.0,0.0,0.0,0,0,0,0,0,0,0,0
TF,CFOOD,29.000442,-92.526253,0, ,0.0,0.0,0.0,0.0,0,0,0,0,0,0,0,0
TF,BOWFN,28.989167,-91.228056,0, ,0.0,0.0,0.0,0.0,0,0,0,0,0,0,0,0

SID,HOODO5,CFOOD,6
IF,HOODO,28.996808,-94.352528, ,0.0,0.0,0,0,0,0,0,0,0,0
TF,SBIRD,29.000000,-93.666667,0, ,0.0,0.0,0.0,0.0,0,0,0,0,0,0,0,0
TF,CFOOD,29.000442,-92.526253,0, ,0.0,0.0,0.0,0.0,0,0,0,0,0,0,0,0

SID,HOODO5,HRV,6
IF,HOODO,28.996808,-94.352528, ,0.0,0.0,0,0,0,0,0,0,0,0
TF,SBIRD,29.000000,-93.666667,0, ,0.0,0.0,0.0,0.0,0,0,0,0,0,0,0,0
TF,CFOOD,29.000442,-92.526253,0, ,0.0,0.0,0.0,0.0,0,0,0,0,0,0,0,0
TF,BOWFN,28.989167,-91.228056,0, ,0.0,0.0,0.0,0.0,0,0,0,0,0,0,0,0
TF,HRV,29.850192,-90.002989,0, ,0.0,0.0,0.0,0.0,0,0,0,0,0,0,0,0

SID,HOODO5,LEV,6
IF,HOODO,28.996808,-94.352528, ,0.0,0.0,0,0,0,0,0,0,0,0
TF,SBIRD,29.000000,-93.666667,0, ,0.0,0.0,0.0,0.0,0,0,0,0,0,0,0,0
TF,CFOOD,29.000442,-92.526253,0, ,0.0,0.0,0.0,0.0,0,0,0,0,0,0,0,0
TF,BOWFN,28.989167,-91.228056,0, ,0.0,0.0,0.0,0.0,0,0,0,0,0,0,0,0
TF,LEV,29.175231,-90.104019,0, ,0.0,0.0,0.0,0.0,0,0,0,0,0,0,0,0

SID,HOODO5,SBIRD,6
IF,HOODO,28.996808,-94.352528, ,0.0,0.0,0,0,0,0,0,0,0,0
TF,SBIRD,29.000000,-93.666667,0, ,0.0,0.0,0.0,0.0,0,0,0,0,0,0,0,0

SID,INDIE5,16,4
VA,0,161.0,2,1700,0,0,0,0,0,0
VM,0,0,0,161.0,0,0,0,0,0,0,0,0
DF,RENNK,30.291319,-95.222528,0, ,0.0,0.0,0,0,0,0,0,0,0,0

SID,INDIE5,34,4
VA,0,341.0,2,1000,0,0,0,0,0,0
VM,0,0,0,341.0,0,0,0,0,0,0,0,0
DF,RENNK,30.291319,-95.222528,0, ,0.0,0.0,0,0,0,0,0,0,0,0

SID,INDIE5,ALL,5
IF,RENNK,30.291319,-95.222528, ,0.0,0.0,0,0,0,0,0,0,0,0
TF,COLET,30.449336,-95.161011,0, ,0.0,0.0,0.0,0.0,0,0,0,0,0,0,0,0
TF,SUSHI,30.591367,-95.073228,0, ,0.0,0.0,0.0,0.0,0,0,0,0,0,0,0,0
TF,WWELL,31.157792,-94.707189,0, ,0.0,0.0,0.0,0.0,0,0,0,0,0,0,0,0
TF,INDIE,31.485919,-94.492819,0, ,0.0,0.0,0.0,0.0,0,0,0,0,0,0,0,0

SID,INDIE5,TPAKK,6
IF,INDIE,31.485919,-94.492819, ,0.0,0.0,0,0,0,0,0,0,0,0
TF,TPAKK,32.993875,-93.424533,0, ,0.0,0.0,0.0,0.0,0,0,0,0,0,0,0,0

SID,KARRR4,16,4
VA,0,161.0,2,1700,0,0,0,0,0,0
VM,0,0,0,161.0,0,0,0,0,0,0,0,0
DF,KARRR,29.378453,-95.375408,0, ,0.0,0.0,0,0,0,0,0,0,0,0
TF,KAVCY,29.297600,-95.462358,0, ,0.0,0.0,0.0,0.0,0,0,0,0,0,0,0,0

SID,KARRR4,34,4
VA,0,341.0,2,1000,0,0,0,0,0,0
VM,0,0,0,341.0,0,0,0,0,0,0,0,0
DF,KARRR,29.378453,-95.375408,0, ,0.0,0.0,0,0,0,0,0,0,0,0
TF,KAVCY,29.297600,-95.462358,0, ,0.0,0.0,0.0,0.0,0,0,0,0,0,0,0,0

SID,KARRR4,CRP,6
IF,KAVCY,29.297600,-95.462358, ,0.0,0.0,0,0,0,0,0,0,0,0
TF,SKUBA,29.195303,-95.791214,0, ,0.0,0.0,0.0,0.0,0,0,0,0,0,0,0,0
TF,PSX,28.764425,-96.306181,0, ,0.0,0.0,0.0,0.0,0,0,0,0,0,0,0,0
TF,YOMOM,27.987597,-97.148883,0, ,0.0,0.0,0.0,0.0,0,0,0,0,0,0,0,0
TF,CRP,27.903767,-97.444881,0, ,0.0,0.0,0.0,0.0,0,0,0,0,0,0,0,0

SID,KARRR4,NGP,6
IF,KAVCY,29.297600,-95.462358, ,0.0,0.0,0,0,0,0,0,0,0,0
TF,RIIGG,28.902411,-95.617044,0, ,0.0,0.0,0.0,0.0,0,0,0,0,0,0,0,0
TF,NGP,27.686278,-97.294742,0, ,0.0,0.0,0.0,0.0,0,0,0,0,0,0,0,0

SID,KARRR4,PSX,6
IF,KAVCY,29.297600,-95.462358, ,0.0,0.0,0,0,0,0,0,0,0,0
TF,SKUBA,29.195303,-95.791214,0, ,0.0,0.0,0.0,0.0,0,0,0,0,0,0,0,0
TF,PSX,28.764425,-96.306181,0, ,0.0,0.0,0.0,0.0,0,0,0,0,0,0,0,0

SID,KARRR4,WWREN,6
IF,KAVCY,29.297600,-95.462358, ,0.0,0.0,0,0,0,0,0,0,0,0
TF,RIIGG,28.902411,-95.617044,0, ,0.0,0.0,0.0,0.0,0,0,0,0,0,0,0,0
TF,WWREN,28.131664,-96.098606,0, ,0.0,0.0,0.0,0.0,0,0,0,0,0,0,0,0

SID,KARRR4,YOMOM,6
IF,KAVCY,29.297600,-95.462358, ,0.0,0.0,0,0,0,0,0,0,0,0
TF,SKUBA,29.195303,-95.791214,0, ,0.0,0.0,0.0,0.0,0,0,0,0,0,0,0,0
TF,PSX,28.764425,-96.306181,0, ,0.0,0.0,0.0,0.0,0,0,0,0,0,0,0,0
TF,YOMOM,27.987597,-97.148883,0, ,0.0,0.0,0.0,0.0,0,0,0,0,0,0,0,0

SID,LURIC5,16,4
VA,0,161.0,2,1700,0,0,0,0,0,0
VM,0,0,0,161.0,0,0,0,0,0,0,0,0
DF,KNTKY,30.085856,-95.260822,0, ,0.0,0.0,0,0,0,0,0,0,0,0

SID,LURIC5,34,4
VA,0,341.0,2,1000,0,0,0,0,0,0
VM,0,0,0,341.0,0,0,0,0,0,0,0,0
DF,KNTKY,30.085856,-95.260822,0, ,0.0,0.0,0,0,0,0,0,0,0,0

SID,LURIC5,ALL,5
IF,KNTKY,30.085856,-95.260822, ,0.0,0.0,0,0,0,0,0,0,0,0
TF,PEETY,30.250481,-95.129244,0, ,0.0,0.0,0.0,0.0,0,0,0,0,0,0,0,0
TF,DARTR,30.403122,-95.006756,0, ,0.0,0.0,0.0,0.0,0,0,0,0,0,0,0,0
TF,MUSIQ,30.552789,-94.892206,0, ,0.0,0.0,0.0,0.0,0,0,0,0,0,0,0,0
TF,CLAVN,31.007439,-94.541397,0, ,0.0,0.0,0.0,0.0,0,0,0,0,0,0,0,0
TF,VELCO,31.177767,-94.409156,0, ,0.0,0.0,0.0,0.0,0,0,0,0,0,0,0,0
TF,ENJOY,31.278789,-94.330342,0, ,0.0,0.0,0.0,0.0,0,0,0,0,0,0,0,0
TF,LURIC,31.781756,-93.934958,0, ,0.0,0.0,0.0,0.0,0,0,0,0,0,0,0,0

SID,LURIC5,HAWES,6
IF,LURIC,31.781756,-93.934958, ,0.0,0.0,0,0,0,0,0,0,0,0
TF,HAWES,32.962008,-92.841211,0, ,0.0,0.0,0.0,0.0,0,0,0,0,0,0,0,0

SID,LURIC5,ORRTH,6
IF,LURIC,31.781756,-93.934958, ,0.0,0.0,0,0,0,0,0,0,0,0
TF,ORRTH,32.557775,-92.738822,0, ,0.0,0.0,0.0,0.0,0,0,0,0,0,0,0,0

SID,MMALT3,16,4
VA,0,161.0,2,1700,0,0,0,0,0,0
VM,0,0,0,161.0,0,0,0,0,0,0,0,0
DF,MMALT,29.870208,-94.783614,0, ,0.0,0.0,0,0,0,0,0,0,0,0
TF,MOOKI,29.868353,-94.611442,0, ,0.0,0.0,0.0,0.0,0,0,0,0,0,0,0,0

SID,MMALT3,34,4
VA,0,341.0,2,1000,0,0,0,0,0,0
VM,0,0,0,341.0,0,0,0,0,0,0,0,0
DF,MMALT,29.870208,-94.783614,0, ,0.0,0.0,0,0,0,0,0,0,0,0
TF,MOOKI,29.868353,-94.611442,0, ,0.0,0.0,0.0,0.0,0,0,0,0,0,0,0,0

SID,MMALT3,GUSTI,6
IF,MOOKI,29.868353,-94.611442, ,0.0,0.0,0,0,0,0,0,0,0,0
TF,JAAYE,29.862222,-94.321667,0, ,0.0,0.0,0.0,0.0,0,0,0,0,0,0,0,0
TF,SPINY,29.853692,-94.044667,0, ,0.0,0.0,0.0,0.0,0,0,0,0,0,0,0,0
TF,GUSTI,29.970928,-92.909803,0, ,0.0,0.0,0.0,0.0,0,0,0,0,0,0,0,0

SID,MMALT3,LCH,6
IF,MOOKI,29.868353,-94.611442, ,0.0,0.0,0,0,0,0,0,0,0,0
TF,HOURN,29.996044,-94.304522,0, ,0.0,0.0,0.0,0.0,0,0,0,0,0,0,0,0
TF,BLING,30.030600,-94.018264,0, ,0.0,0.0,0.0,0.0,0,0,0,0,0,0,0,0
TF,LCH,30.141514,-93.105569,0, ,0.0,0.0,0.0,0.0,0,0,0,0,0,0,0,0

SID,MMALT3,LLA,6
IF,MOOKI,29.868353,-94.611442, ,0.0,0.0,0,0,0,0,0,0,0,0
TF,YOKEM,29.720833,-94.342500,0, ,0.0,0.0,0.0,0.0,0,0,0,0,0,0,0,0
TF,SBI,29.686719,-94.037978,0, ,0.0,0.0,0.0,0.0,0,0,0,0,0,0,0,0
TF,LLA,29.663225,-92.373642,0, ,0.0,0.0,0.0,0.0,0,0,0,0,0,0,0,0

SID,STRYA5,16,4
VA,0,161.0,2,1700,0,0,0,0,0,0
VM,0,0,0,161.0,0,0,0,0,0,0,0,0
DF,KNTKY,30.085856,-95.260822,0, ,0.0,0.0,0,0,0,0,0,0,0,0

SID,STRYA5,34,4
VA,0,341.0,2,1000,0,0,0,0,0,0
VM,0,0,0,341.0,0,0,0,0,0,0,0,0
DF,KNTKY,30.085856,-95.260822,0, ,0.0,0.0,0,0,0,0,0,0,0,0

SID,STRYA5,ALL,5
IF,KNTKY,30.085856,-95.260822, ,0.0,0.0,0,0,0,0,0,0,0,0
TF,PEETY,30.250481,-95.129244,0, ,0.0,0.0,0.0,0.0,0,0,0,0,0,0,0,0
TF,DARTR,30.403122,-95.006756,0, ,0.0,0.0,0.0,0.0,0,0,0,0,0,0,0,0
TF,MUSIQ,30.552789,-94.892206,0, ,0.0,0.0,0.0,0.0,0,0,0,0,0,0,0,0
TF,CLAVN,31.007439,-94.541397,0, ,0.0,0.0,0.0,0.0,0,0,0,0,0,0,0,0
TF,STRYA,31.305869,-93.843731,0, ,0.0,0.0,0.0,0.0,0,0,0,0,0,0,0,0

SID,STRYA5,DPATY,6
IF,STRYA,31.305869,-93.843731, ,0.0,0.0,0,0,0,0,0,0,0,0
TF,DPATY,32.072403,-91.548028,0, ,0.0,0.0,0.0,0.0,0,0,0,0,0,0,0,0

SID,STRYA5,JBULL,6
IF,STRYA,31.305869,-93.843731, ,0.0,0.0,0,0,0,0,0,0,0,0
TF,JBULL,31.315269,-91.314531,0, ,0.0,0.0,0.0,0.0,0,0,0,0,0,0,0,0

SID,STYCK5,16,4
VA,0,161.0,2,1700,0,0,0,0,0,0
VM,0,0,0,161.0,0,0,0,0,0,0,0,0
DF,BBYSE,30.095342,-95.403664,0, ,0.0,0.0,0,0,0,0,0,0,0,0

SID,STYCK5,34,4
VA,0,341.0,2,1000,0,0,0,0,0,0
VM,0,0,0,341.0,0,0,0,0,0,0,0,0
DF,BBYSE,30.095342,-95.403664,0, ,0.0,0.0,0,0,0,0,0,0,0,0

SID,STYCK5,ALL,5
IF,BBYSE,30.095342,-95.403664, ,0.0,0.0,0,0,0,0,0,0,0,0
TF,SPICR,30.275456,-95.505028,0, ,0.0,0.0,0.0,0.0,0,0,0,0,0,0,0,0
TF,WLLIS,30.534647,-95.651628,0, ,0.0,0.0,0.0,0.0,0,0,0,0,0,0,0,0
TF,STYCK,31.124014,-95.967958,0, ,0.0,0.0,0.0,0.0,0,0,0,0,0,0,0,0

SID,STYCK5,DOLEY,6
IF,STYCK,31.124014,-95.967958, ,0.0,0.0,0,0,0,0,0,0,0,0
TF,DOLEY,32.189167,-96.384722,0, ,0.0,0.0,0.0,0.0,0,0,0,0,0,0,0,0

SID,STYCK5,WTSON,6
IF,STYCK,31.124014,-95.967958, ,0.0,0.0,0,0,0,0,0,0,0,0
TF,WTSON,32.186942,-96.210919,0, ,0.0,0.0,0.0,0.0,0,0,0,0,0,0,0,0

SID,WATFO4,16,4
VA,0,161.0,2,1700,0,0,0,0,0,0
VM,0,0,0,161.0,0,0,0,0,0,0,0,0
DF,WATFO,29.398308,-94.967783,0, ,0.0,0.0,0,0,0,0,0,0,0,0
TF,VUH,29.269333,-94.867725,0, ,0.0,0.0,0.0,0.0,0,0,0,0,0,0,0,0

SID,WATFO4,34,4
VA,0,341.0,2,1000,0,0,0,0,0,0
VM,0,0,0,341.0,0,0,0,0,0,0,0,0
DF,WATFO,29.398308,-94.967783,0, ,0.0,0.0,0,0,0,0,0,0,0,0
TF,VUH,29.269333,-94.867725,0, ,0.0,0.0,0.0,0.0,0,0,0,0,0,0,0,0

SID,WATFO4,ANKRR,6
IF,VUH,29.269333,-94.867725, ,0.0,0.0,0,0,0,0,0,0,0,0
TF,ANKRR,27.682100,-93.200386,0, ,0.0,0.0,0.0,0.0,0,0,0,0,0,0,0,0

SID,WATFO4,KELPP,6
IF,VUH,29.269333,-94.867725, ,0.0,0.0,0,0,0,0,0,0,0,0
TF,KELPP,27.175592,-91.949261,0, ,0.0,0.0,0.0,0.0,0,0,0,0,0,0,0,0

SID,WATFO4,MUSYL,6
IF,VUH,29.269333,-94.867725, ,0.0,0.0,0,0,0,0,0,0,0,0
TF,MUSYL,28.170431,-94.129206,0, ,0.0,0.0,0.0,0.0,0,0,0,0,0,0,0,0

SID,WYLSN5,16,4
VA,0,161.0,2,1700,0,0,0,0,0,0
VM,0,0,0,161.0,0,0,0,0,0,0,0,0
DF,WYLSN,30.307786,-95.321964,0, ,0.0,0.0,0,0,0,0,0,0,0,0

SID,WYLSN5,34,4
VA,0,341.0,2,1000,0,0,0,0,0,0
VM,0,0,0,341.0,0,0,0,0,0,0,0,0
DF,WYLSN,30.307786,-95.321964,0, ,0.0,0.0,0,0,0,0,0,0,0,0

SID,WYLSN5,ALL,5
IF,WYLSN,30.307786,-95.321964, ,0.0,0.0,0,0,0,0,0,0,0,0
TF,MONNT,30.477483,-95.311683,0, ,0.0,0.0,0.0,0.0,0,0,0,0,0,0,0,0

SID,WYLSN5,GIFFA,6
IF,MONNT,30.477483,-95.311683, ,0.0,0.0,0,0,0,0,0,0,0,0
TF,BUMCO,30.648439,-95.300419,0, ,0.0,0.0,0.0,0.0,0,0,0,0,0,0,0,0
TF,GIFFA,31.381453,-95.251697,0, ,0.0,0.0,0.0,0.0,0,0,0,0,0,0,0,0

SID,WYLSN5,MAJKK,6
IF,MONNT,30.477483,-95.311683, ,0.0,0.0,0,0,0,0,0,0,0,0
TF,KLJOY,30.644756,-95.348831,0, ,0.0,0.0,0.0,0.0,0,0,0,0,0,0,0,0
TF,MAJKK,31.517750,-95.561458,0, ,0.0,0.0,0.0,0.0,0,0,0,0,0,0,0,0

STAR,HUDZY3,AEX,1
IF,AEX,31.256728,-92.500975, ,0.0,0.0,0,0,0,0,0,0,0,0
TF,BRWCK,30.587119,-93.706031,0, ,0.0,0.0,0.0,0.0,0,0,0,0,0,0,0,0
TF,WAPPL,30.231900,-94.330647,0, ,0.0,0.0,0.0,0.0,0,0,0,0,0,0,0,0
TF,HUDZY,30.103558,-94.808794,0, ,0.0,0.0,0.0,0.0,0,0,0,1,280,0,0,0

STAR,HUDZY3,SWB,1
IF,SWB,31.973194,-92.677089, ,0.0,0.0,0,0,0,0,0,0,0,0
TF,BRWCK,30.587119,-93.706031,0, ,0.0,0.0,0.0,0.0,0,0,0,0,0,0,0,0
TF,WAPPL,30.231900,-94.330647,0, ,0.0,0.0,0.0,0.0,0,0,0,0,0,0,0,0
TF,HUDZY,30.103558,-94.808794,0, ,0.0,0.0,0.0,0.0,0,0,0,1,280,0,0,0

STAR,HUDZY3,ALL,2
IF,HUDZY,30.103558,-94.808794, ,0.0,0.0,0,0,0,1,280,0,0,0
TF,CLWSN,30.073717,-94.918839,0, ,0.0,0.0,0.0,0.0,0,0,0,0,0,0,0,0
TF,SWWAA,30.008736,-95.157044,0, ,0.0,0.0,0.0,0.0,0,0,0,0,0,0,0,0
TF,LUDVG,29.759150,-95.241672,0, ,0.0,0.0,0.0,0.0,0,0,0,0,0,0,0,0

STAR,OHIIO4,AEX,1
IF,AEX,31.256728,-92.500975, ,0.0,0.0,0,0,0,0,0,0,0,0
TF,LYMBO,30.888908,-93.981842,0, ,0.0,0.0,0.0,0.0,0,0,0,0,0,0,0,0
TF,ZEEKK,30.535794,-94.504136,0, ,0.0,0.0,0.0,0.0,0,0,0,0,0,0,0,0
TF,GESNR,30.402161,-94.700017,0, ,0.0,0.0,0.0,0.0,0,0,0,0,0,0,0,0
TF,OHIIO,30.138225,-95.084042,0, ,0.0,0.0,0.0,0.0,0,0,0,0,0,0,0,0

STAR,OHIIO4,LFK,1
IF,LFK,31.162442,-94.716833, ,0.0,0.0,0,0,0,0,0,0,0,0
TF,ZEEKK,30.535794,-94.504136,0, ,0.0,0.0,0.0,0.0,0,0,0,0,0,0,0,0
TF,GESNR,30.402161,-94.700017,0, ,0.0,0.0,0.0,0.0,0,0,0,0,0,0,0,0
TF,OHIIO,30.138225,-95.084042,0, ,0.0,0.0,0.0,0.0,0,0,0,0,0,0,0,0

STAR,OHIIO4,ALL,2
IF,OHIIO,30.138225,-95.084042, ,0.0,0.0,0,0,0,0,0,0,0,0
TF,PNUUT,30.102672,-95.135492,0, ,0.0,0.0,0.0,0.0,0,0,0,0,0,0,0,0

STAR,RIICE8,BILEE,1
IF,BILEE,31.164514,-96.381561, ,0.0,0.0,0,0,0,0,0,0,0,0
TF,HOMRN,30.826300,-96.255964,0, ,0.0,0.0,0.0,0.0,0,0,0,0,0,0,0,0
TF,BAZBL,30.637828,-96.056694,0, ,0.0,0.0,0.0,0.0,0,0,0,0,0,0,0,0
TF,BAATS,30.526678,-95.939678,0, ,0.0,0.0,0.0,0.0,0,0,0,0,0,0,0,0
TF,RIICE,30.452517,-95.861817,0, ,0.0,0.0,0.0,0.0,0,0,0,0,0,0,0,0

STAR,RIICE8,CLL,1
IF,CLL,30.605003,-96.420681, ,0.0,0.0,0,0,0,0,0,0,0,0
TF,BAZBL,30.637828,-96.056694,0, ,0.0,0.0,0.0,0.0,0,0,0,0,0,0,0,0
TF,BAATS,30.526678,-95.939678,0, ,0.0,0.0,0.0,0.0,0,0,0,0,0,0,0,0
TF,RIICE,30.452517,-95.861817,0, ,0.0,0.0,0.0,0.0,0,0,0,0,0,0,0,0

STAR,RIICE8,CVE,1
IF,CVE,32.890314,-96.903964, ,0.0,0.0,0,0,0,0,0,0,0,0
TF,CHMPZ,32.565769,-96.810617,0, ,0.0,0.0,0.0,0.0,0,0,0,0,0,0,0,0
TF,TORNN,31.520386,-96.514711,0, ,0.0,0.0,0.0,0.0,0,0,0,0,0,0,0,0
TF,HOOTZ,31.322931,-96.440703,0, ,0.0,0.0,0.0,0.0,0,0,0,0,0,0,0,0
TF,BILEE,31.164514,-96.381561,0, ,0.0,0.0,0.0,0.0,0,0,0,0,0,0,0,0
TF,HOMRN,30.826300,-96.255964,0, ,0.0,0.0,0.0,0.0,0,0,0,0,0,0,0,0
TF,BAZBL,30.637828,-96.056694,0, ,0.0,0.0,0.0,0.0,0,0,0,0,0,0,0,0
TF,BAATS,30.526678,-95.939678,0, ,0.0,0.0,0.0,0.0,0,0,0,0,0,0,0,0
TF,RIICE,30.452517,-95.861817,0, ,0.0,0.0,0.0,0.0,0,0,0,0,0,0,0,0

STAR,RIICE8,ILEXY,1
IF,ILEXY,30.352778,-97.079294, ,0.0,0.0,0,0,0,0,0,0,0,0
TF,CLL,30.605003,-96.420681,0, ,0.0,0.0,0.0,0.0,0,0,0,0,0,0,0,0
TF,BAZBL,30.637828,-96.056694,0, ,0.0,0.0,0.0,0.0,0,0,0,0,0,0,0,0
TF,BAATS,30.526678,-95.939678,0, ,0.0,0.0,0.0,0.0,0,0,0,0,0,0,0,0
TF,RIICE,30.452517,-95.861817,0, ,0.0,0.0,0.0,0.0,0,0,0,0,0,0,0,0

STAR,RIICE8,LLO,1
IF,LLO,30.796342,-98.787389, ,0.0,0.0,0,0,0,0,0,0,0,0
TF,HOMRN,30.826300,-96.255964,0, ,0.0,0.0,0.0,0.0,0,0,0,0,0,0,0,0
TF,BAZBL,30.637828,-96.056694,0, ,0.0,0.0,0.0,0.0,0,0,0,0,0,0,0,0
TF,BAATS,30.526678,-95.939678,0, ,0.0,0.0,0.0,0.0,0,0,0,0,0,0,0,0
TF,RIICE,30.452517,-95.861817,0, ,0.0,0.0,0.0,0.0,0,0,0,0,0,0,0,0

STAR,RIICE8,LOA,1
IF,LOA,31.124017,-95.967956, ,0.0,0.0,0,0,0,0,0,0,0,0
TF,BAZBL,30.637828,-96.056694,0, ,0.0,0.0,0.0,0.0,0,0,0,0,0,0,0,0
TF,BAATS,30.526678,-95.939678,0, ,0.0,0.0,0.0,0.0,0,0,0,0,0,0,0,0
TF,RIICE,30.452517,-95.861817,0, ,0.0,0.0,0.0,0.0,0,0,0,0,0,0,0,0

STAR,RIICE8,MQP,1
IF,MQP,32.726181,-97.997442, ,0.0,0.0,0,0,0,0,0,0,0,0
TF,LUKIY,32.324289,-97.496464,0, ,0.0,0.0,0.0,0.0,0,0,0,0,0,0,0,0
TF,TORNN,31.520386,-96.514711,0, ,0.0,0.0,0.0,0.0,0,0,0,0,0,0,0,0
TF,HOOTZ,31.322931,-96.440703,0, ,0.0,0.0,0.0,0.0,0,0,0,0,0,0,0,0
TF,BILEE,31.164514,-96.381561,0, ,0.0,0.0,0.0,0.0,0,0,0,0,0,0,0,0
TF,HOMRN,30.826300,-96.255964,0, ,0.0,0.0,0.0,0.0,0,0,0,0,0,0,0,0
TF,BAZBL,30.637828,-96.056694,0, ,0.0,0.0,0.0,0.0,0,0,0,0,0,0,0,0
TF,BAATS,30.526678,-95.939678,0, ,0.0,0.0,0.0,0.0,0,0,0,0,0,0,0,0
TF,RIICE,30.452517,-95.861817,0, ,0.0,0.0,0.0,0.0,0,0,0,0,0,0,0,0

STAR,RIICE8,TORNN,1
IF,TORNN,31.520386,-96.514711, ,0.0,0.0,0,0,0,0,0,0,0,0
TF,HOOTZ,31.322931,-96.440703,0, ,0.0,0.0,0.0,0.0,0,0,0,0,0,0,0,0
TF,BILEE,31.164514,-96.381561,0, ,0.0,0.0,0.0,0.0,0,0,0,0,0,0,0,0
TF,HOMRN,30.826300,-96.255964,0, ,0.0,0.0,0.0,0.0,0,0,0,0,0,0,0,0
TF,BAZBL,30.637828,-96.056694,0, ,0.0,0.0,0.0,0.0,0,0,0,0,0,0,0,0
TF,BAATS,30.526678,-95.939678,0, ,0.0,0.0,0.0,0.0,0,0,0,0,0,0,0,0
TF,RIICE,30.452517,-95.861817,0, ,0.0,0.0,0.0,0.0,0,0,0,0,0,0,0,0

STAR,RIICE8,ALL,2
IF,RIICE,30.452517,-95.861817, ,0.0,0.0,0,0,0,0,0,0,0,0
TF,BRKMN,30.390681,-95.797019,0, ,0.0,0.0,0.0,0.0,0,0,0,0,0,0,0,0
TF,MLRRR,30.204975,-95.603122,0, ,0.0,0.0,0.0,0.0,0,0,0,0,0,0,0,0
TF,LYYTE,30.105814,-95.500006,0, ,0.0,0.0,0.0,0.0,0,0,0,0,0,0,0,0

STAR,WHAEL3,EATIT,1
IF,EATIT,29.550239,-96.583900, ,0.0,0.0,0,0,0,0,0,0,0,0
TF,WHAEL,29.662261,-96.504739,0, ,0.0,0.0,0.0,0.0,0,0,0,0,0,0,0,0

STAR,WHAEL3,FFSSH,1
IF,FFSSH,29.661381,-96.799950, ,0.0,0.0,0,0,0,0,0,0,0,0
TF,WHAEL,29.662261,-96.504739,0, ,0.0,0.0,0.0,0.0,0,0,0,0,0,0,0,0

STAR,WHAEL3,ALL,2
IF,WHAEL,29.662261,-96.504739, ,0.0,0.0,0,0,0,0,0,0,0,0
TF,COWZZ,30.072794,-96.212789,0, ,0.0,0.0,0.0,0.0,0,0,0,0,0,0,0,0
TF,TNV,30.288528,-96.058239,0, ,0.0,0.0,0.0,0.0,0,0,0,0,0,0,0,0
VM,30.077806,-94.698556,0,70.0,0,0,0,0,0,0,0,0

APPTR,R16,16,ZAVAK
IF,ZAVAK,30.332556,-94.660981, ,0.0,0.0,0,0,0,0,0,0,1,0
TF,HOLMI,30.276178,-94.756497,0, ,0.0,0.0,0.0,0.0,2,2000,0,0,0,0,0,0

APPTR,R16,16,ZOTUG
IF,ZOTUG,30.286169,-94.871417, ,0.0,0.0,0,0,0,0,0,0,1,0
TF,HOLMI,30.276178,-94.756497,0, ,0.0,0.0,0.0,0.0,2,2000,0,0,0,0,0,0

FINAL,R16,16,R,3
IF,HOLMI,30.276178,-94.756497, ,0.0,0.0,2,2000,0,0,0,0,0,0
TF,PADDI,30.179022,-94.728089,0, ,0.0,0.0,161.0,6.0,2,2000,0,0,0,0,2,0
TF,RW16,30.082858,-94.700019,0, ,0.0,0.0,161.0,5.9,1,109,0,0,0,0,3,1
CA,0,161.0,2,470,0,0,0,0,0,0
DF,WOVOL,29.863311,-94.636186,0, ,0.0,0.0,2,3000,0,0,0,0,0,1
HM,WOVOL,29.863311,-94.636186,2, ,0.0,0.0,341.0,04,0,0,0,0,0,0,0,0,0

APPTR,V16-A,16,DAS
PI,DAS,30.189711,-94.644983,2,DAS,333.0,10.0,018,5.0,2,2000,0,0,0,0,1,0
CF,DAS,30.189711,-94.644983,0,DAS,0.0,0.0,198.0,8.0,2,2000,0,0,0,0,0,0

APPTR,V16-A,16,HONEE
IF,HONEE,30.406100,-94.416664, ,0.0,0.0,0,0,0,0,0,0,0,0
TF,DAS,30.189711,-94.644983,0, ,0.0,0.0,0.0,0.0,2,2000,0,0,0,0,0,0

FINAL,V16-A,16,D,2
IF,DAS,30.189711,-94.644983,DAS,0.0,0.0,2,2000,0,0,0,0,2,0
CF,MA198,30.082022,-94.697517,0,DAS,198.0,7.0,198.0,7.0,1,600,0,0,0,0,3,0
CA,0,198.0,2,2000,0,0,0,0,0,0
DF,DAS,30.189711,-94.644983,1, ,0.0,0.0,0,0,0,0,0,0,0,0

APPTR,V34-A,34,DAS
PI,DAS,30.189711,-94.644983,2,DAS,333.0,10.0,018,5.0,2,2000,0,0,0,0,1,0
CF,DAS,30.189711,-94.644983,0,DAS,0.0,0.0,198.0,8.0,2,2000,0,0,0,0,0,0

APPTR,V34-A,34,HONEE
IF,HONEE,30.406100,-94.416664, ,0.0,0.0,0,0,0,0,0,0,0,0
TF,DAS,30.189711,-94.644983,0, ,0.0,0.0,0.0,0.0,2,2000,0,0,0,0,0,0

FINAL,V34-A,34,D,2
IF,DAS,30.189711,-94.644983,DAS,0.0,0.0,2,2000,0,0,0,0,2,0
CF,MA198,30.082022,-94.697517,0,DAS,198.0,7.0,198.0,7.0,1,600,0,0,0,0,3,0
CA,0,198.0,2,2000,0,0,0,0,0,0
DF,DAS,30.189711,-94.644983,1, ,0.0,0.0,0,0,0,0,0,0,0,0

