SID,ATASY2,06,4
VA,0,57.0,2,900,0,0,0,0,0,0
DF,ATASY,46.424653,-123.113708,2, ,0.0,0.0,2,5000,0,0,0,0,0,1

SID,ATASY2,24,4
VA,0,237.0,2,900,0,0,0,0,0,0
DF,ATASY,46.424653,-123.113708,0, ,0.0,0.0,2,5000,0,0,0,0,0,1

APPTR,R06,06,AST
IF,AST,46.161697,-123.880378, ,0.0,0.0,0,0,0,0,0,0,1,0
TF,HEMZO,46.408186,-123.145381,0, ,0.0,0.0,0.0,0.0,2,4700,0,0,0,0,0,0
TF,EYNAM,46.422383,-123.076092,0, ,0.0,0.0,0.0,0.0,2,3900,0,0,0,0,0,0

APPTR,R06,06,CETUV
IF,CETUV,46.599975,-123.355764, ,0.0,0.0,0,0,0,0,0,0,1,0
TF,HEMZO,46.408186,-123.145381,0, ,0.0,0.0,0.0,0.0,2,4700,0,0,0,0,0,0
TF,EYNAM,46.422383,-123.076092,0, ,0.0,0.0,0.0,0.0,2,3900,0,0,0,0,0,0

APPTR,R06,06,LOATH
IF,LOATH,46.011653,-123.060844, ,0.0,0.0,0,0,0,0,0,0,1,0
TF,HEMZO,46.408186,-123.145381,0, ,0.0,0.0,0.0,0.0,2,4700,0,0,0,0,0,0
TF,EYNAM,46.422383,-123.076092,0, ,0.0,0.0,0.0,0.0,2,3900,0,0,0,0,0,0

APPTR,R06,06,WINLO
IF,WINLO,46.457572,-123.101083, ,0.0,0.0,0,0,0,0,0,0,0,0
TF,HEMZO,46.408186,-123.145381,0, ,0.0,0.0,0.0,0.0,2,4700,0,0,0,0,0,1
HF,HEMZO,46.408186,-123.145381,2, ,0.0,0.0,56.0,05,2,4700,0,0,0,0,1,0,0
TF,EYNAM,46.422383,-123.076092,0, ,0.0,0.0,0.0,0.0,2,3900,0,0,0,0,0,0

FINAL,R06,06,R,4
IF,EYNAM,46.422383,-123.076092, ,0.0,0.0,2,3900,0,0,0,0,0,0
TF,ASAXE,46.436633,-123.006322,0, ,0.0,0.0,57.0,3.0,2,3100,0,0,0,0,2,0
TF,FIFDE,46.461403,-122.884436,0, ,0.0,0.0,57.0,5.3,2,1360,0,0,0,0,0,0
TF,RW06,46.475444,-122.815011,0, ,0.0,0.0,57.0,3.0,1,406,0,0,0,0,3,1
DF,COKAM,46.498056,-122.702700,0, ,0.0,0.0,0,0,0,0,0,0,0,0
TF,TONNO,46.696375,-122.830792,1, ,0.0,0.0,0.0,0.0,2,5000,0,0,0,0,0,1
HM,TONNO,46.696375,-122.830792,1, ,0.0,0.0,333.0,05,0,0,0,0,0,0,0,0,0

APPTR,R24,24,ALDER
IF,ALDER,46.821561,-122.414219, ,0.0,0.0,0,0,0,0,0,0,1,0
TF,FISUS,46.562883,-122.377125,0, ,0.0,0.0,0.0,0.0,2,6300,0,0,0,0,1,0

APPTR,R24,24,COUGA
IF,COUGA,46.092008,-122.677386, ,0.0,0.0,0,0,0,0,0,0,0,0
TF,FISUS,46.562883,-122.377125,0, ,0.0,0.0,0.0,0.0,2,6300,0,0,0,0,0,1
HF,FISUS,46.562883,-122.377125,2, ,0.0,0.0,237.0,06,2,6300,0,0,0,0,1,0,0

APPTR,R24,24,TOUTL
IF,TOUTL,46.023336,-122.546706, ,0.0,0.0,0,0,0,0,0,0,0,0
TF,FISUS,46.562883,-122.377125,0, ,0.0,0.0,0.0,0.0,2,6800,0,0,0,0,0,1
HF,FISUS,46.562883,-122.377125,2, ,0.0,0.0,237.0,06,2,6300,0,0,0,0,1,0,0

FINAL,R24,24,R,4
IF,FISUS,46.562883,-122.377125, ,0.0,0.0,2,6300,0,0,0,0,0,0
TF,HEGMU,46.548417,-122.450253,0, ,0.0,0.0,237.0,3.2,2,5300,0,0,0,0,0,0
TF,COXER,46.532200,-122.531908,0, ,0.0,0.0,237.0,3.5,2,4200,0,0,0,0,2,0
TF,RW24,46.478889,-122.797947,0, ,0.0,0.0,237.0,11.5,1,427,0,0,0,0,3,1
CA,0,237.0,2,685,0,0,0,0,0,0
DF,HEMZO,46.408186,-123.145381,0, ,0.0,0.0,0,0,0,0,0,0,0,0
TF,HEVOL,46.405775,-123.589611,0, ,0.0,0.0,0.0,0.0,2,5000,0,0,0,0,0,1
HM,HEVOL,46.405775,-123.589611,2, ,0.0,0.0,22.0,05,0,0,0,0,0,0,0,0,0

