APPTR,N05-A,05,PNH
IF,PNH,35.235064,-101.699033, ,0.0,0.0,0,0,0,0,0,0,0,0
TF,AM,35.146464,-101.805547,0, ,0.0,0.0,0.0,0.0,2,5200,0,0,0,0,0,0
PI,AM,35.146464,-101.805547,1,PNH,178.0,10.0,133,5.0,2,5000,0,0,0,0,1,0
CF,AM,35.146464,-101.805547,0,PNH,216.7,7.5,313.0,8.0,2,4600,0,0,0,0,0,0

APPTR,N05-A,05,SIDER
IF,SIDER,35.145217,-102.090708, ,0.0,0.0,0,0,0,0,0,0,0,0
TF,AM,35.146464,-101.805547,0, ,0.0,0.0,0.0,0.0,2,5200,0,0,0,0,0,0
PI,AM,35.146464,-101.805547,1,PNH,178.0,10.0,133,5.0,2,5000,0,0,0,0,1,0
CF,AM,35.146464,-101.805547,0,PNH,216.7,7.5,313.0,8.0,2,4600,0,0,0,0,0,0

APPTR,N05-A,05,YOCAN
IF,YOCAN,34.752003,-101.737692, ,0.0,0.0,0,0,0,0,0,0,0,0
TF,AM,35.146464,-101.805547,0, ,0.0,0.0,0.0,0.0,2,5500,0,0,0,0,0,0
PI,AM,35.146464,-101.805547,1,PNH,178.0,10.0,133,5.0,2,5000,0,0,0,0,1,0
CF,AM,35.146464,-101.805547,0,PNH,216.7,7.5,313.0,8.0,2,4600,0,0,0,0,0,0

FINAL,N05-A,05,N,2
IF,AM,35.146464,-101.805547,AM,0.0,0.0,2,4600,0,0,0,0,2,0
CF,MA313,35.165619,-101.823875,0,AM,0.0,0.0,313.0,1.5,1,4480,0,0,0,0,3,0
CA,0,313.0,2,5200,0,0,0,0,0,0
DF,AM,35.146464,-101.805547,1, ,0.0,0.0,0,0,0,0,0,0,0,0
HM,AM,35.146464,-101.805547,2, ,0.0,0.0,38.0,04.3,0,0,0,0,0,0,0,0,0

APPTR,N17-A,17,PNH
IF,PNH,35.235064,-101.699033, ,0.0,0.0,0,0,0,0,0,0,0,0
TF,AM,35.146464,-101.805547,0, ,0.0,0.0,0.0,0.0,2,5200,0,0,0,0,0,0
PI,AM,35.146464,-101.805547,1,PNH,178.0,10.0,133,5.0,2,5000,0,0,0,0,1,0
CF,AM,35.146464,-101.805547,0,PNH,216.7,7.5,313.0,8.0,2,4600,0,0,0,0,0,0

APPTR,N17-A,17,SIDER
IF,SIDER,35.145217,-102.090708, ,0.0,0.0,0,0,0,0,0,0,0,0
TF,AM,35.146464,-101.805547,0, ,0.0,0.0,0.0,0.0,2,5200,0,0,0,0,0,0
PI,AM,35.146464,-101.805547,1,PNH,178.0,10.0,133,5.0,2,5000,0,0,0,0,1,0
CF,AM,35.146464,-101.805547,0,PNH,216.7,7.5,313.0,8.0,2,4600,0,0,0,0,0,0

APPTR,N17-A,17,YOCAN
IF,YOCAN,34.752003,-101.737692, ,0.0,0.0,0,0,0,0,0,0,0,0
TF,AM,35.146464,-101.805547,0, ,0.0,0.0,0.0,0.0,2,5500,0,0,0,0,0,0
PI,AM,35.146464,-101.805547,1,PNH,178.0,10.0,133,5.0,2,5000,0,0,0,0,1,0
CF,AM,35.146464,-101.805547,0,PNH,216.7,7.5,313.0,8.0,2,4600,0,0,0,0,0,0

FINAL,N17-A,17,N,2
IF,AM,35.146464,-101.805547,AM,0.0,0.0,2,4600,0,0,0,0,2,0
CF,MA313,35.165619,-101.823875,0,AM,0.0,0.0,313.0,1.5,1,4480,0,0,0,0,3,0
CA,0,313.0,2,5200,0,0,0,0,0,0
DF,AM,35.146464,-101.805547,1, ,0.0,0.0,0,0,0,0,0,0,0,0
HM,AM,35.146464,-101.805547,2, ,0.0,0.0,38.0,04.3,0,0,0,0,0,0,0,0,0

APPTR,N23-A,23,PNH
IF,PNH,35.235064,-101.699033, ,0.0,0.0,0,0,0,0,0,0,0,0
TF,AM,35.146464,-101.805547,0, ,0.0,0.0,0.0,0.0,2,5200,0,0,0,0,0,0
PI,AM,35.146464,-101.805547,1,PNH,178.0,10.0,133,5.0,2,5000,0,0,0,0,1,0
CF,AM,35.146464,-101.805547,0,PNH,216.7,7.5,313.0,8.0,2,4600,0,0,0,0,0,0

APPTR,N23-A,23,SIDER
IF,SIDER,35.145217,-102.090708, ,0.0,0.0,0,0,0,0,0,0,0,0
TF,AM,35.146464,-101.805547,0, ,0.0,0.0,0.0,0.0,2,5200,0,0,0,0,0,0
PI,AM,35.146464,-101.805547,1,PNH,178.0,10.0,133,5.0,2,5000,0,0,0,0,1,0
CF,AM,35.146464,-101.805547,0,PNH,216.7,7.5,313.0,8.0,2,4600,0,0,0,0,0,0

APPTR,N23-A,23,YOCAN
IF,YOCAN,34.752003,-101.737692, ,0.0,0.0,0,0,0,0,0,0,0,0
TF,AM,35.146464,-101.805547,0, ,0.0,0.0,0.0,0.0,2,5500,0,0,0,0,0,0
PI,AM,35.146464,-101.805547,1,PNH,178.0,10.0,133,5.0,2,5000,0,0,0,0,1,0
CF,AM,35.146464,-101.805547,0,PNH,216.7,7.5,313.0,8.0,2,4600,0,0,0,0,0,0

FINAL,N23-A,23,N,2
IF,AM,35.146464,-101.805547,AM,0.0,0.0,2,4600,0,0,0,0,2,0
CF,MA313,35.165619,-101.823875,0,AM,0.0,0.0,313.0,1.5,1,4480,0,0,0,0,3,0
CA,0,313.0,2,5200,0,0,0,0,0,0
DF,AM,35.146464,-101.805547,1, ,0.0,0.0,0,0,0,0,0,0,0,0
HM,AM,35.146464,-101.805547,2, ,0.0,0.0,38.0,04.3,0,0,0,0,0,0,0,0,0

APPTR,N35-A,35,PNH
IF,PNH,35.235064,-101.699033, ,0.0,0.0,0,0,0,0,0,0,0,0
TF,AM,35.146464,-101.805547,0, ,0.0,0.0,0.0,0.0,2,5200,0,0,0,0,0,0
PI,AM,35.146464,-101.805547,1,PNH,178.0,10.0,133,5.0,2,5000,0,0,0,0,1,0
CF,AM,35.146464,-101.805547,0,PNH,216.7,7.5,313.0,8.0,2,4600,0,0,0,0,0,0

APPTR,N35-A,35,SIDER
IF,SIDER,35.145217,-102.090708, ,0.0,0.0,0,0,0,0,0,0,0,0
TF,AM,35.146464,-101.805547,0, ,0.0,0.0,0.0,0.0,2,5200,0,0,0,0,0,0
PI,AM,35.146464,-101.805547,1,PNH,178.0,10.0,133,5.0,2,5000,0,0,0,0,1,0
CF,AM,35.146464,-101.805547,0,PNH,216.7,7.5,313.0,8.0,2,4600,0,0,0,0,0,0

APPTR,N35-A,35,YOCAN
IF,YOCAN,34.752003,-101.737692, ,0.0,0.0,0,0,0,0,0,0,0,0
TF,AM,35.146464,-101.805547,0, ,0.0,0.0,0.0,0.0,2,5500,0,0,0,0,0,0
PI,AM,35.146464,-101.805547,1,PNH,178.0,10.0,133,5.0,2,5000,0,0,0,0,1,0
CF,AM,35.146464,-101.805547,0,PNH,216.7,7.5,313.0,8.0,2,4600,0,0,0,0,0,0

FINAL,N35-A,35,N,2
IF,AM,35.146464,-101.805547,AM,0.0,0.0,2,4600,0,0,0,0,2,0
CF,MA313,35.165619,-101.823875,0,AM,0.0,0.0,313.0,1.5,1,4480,0,0,0,0,3,0
CA,0,313.0,2,5200,0,0,0,0,0,0
DF,AM,35.146464,-101.805547,1, ,0.0,0.0,0,0,0,0,0,0,0,0
HM,AM,35.146464,-101.805547,2, ,0.0,0.0,38.0,04.3,0,0,0,0,0,0,0,0,0

APPTR,R35,35,PNH
IF,PNH,35.235064,-101.699033, ,0.0,0.0,0,0,0,0,0,0,0,0
TF,ZERAR,34.981708,-101.825942,0, ,0.0,0.0,0.0,0.0,2,6100,0,0,0,0,0,1
HF,ZERAR,34.981708,-101.825942,1, ,0.0,0.0,352.0,07,2,6100,0,0,0,0,1,0,0

APPTR,R35,35,YOCAN
IF,YOCAN,34.752003,-101.737692, ,0.0,0.0,0,0,0,0,0,0,0,0
TF,ZERAR,34.981708,-101.825942,0, ,0.0,0.0,0.0,0.0,2,6100,0,0,0,0,0,1
HF,ZERAR,34.981708,-101.825942,1, ,0.0,0.0,352.0,07,2,6100,0,0,0,0,1,0,0

FINAL,R35,35,R,3
IF,ZERAR,34.981708,-101.825942, ,0.0,0.0,2,6100,0,0,0,0,0,0
TF,ARUZI,35.085208,-101.826206,0, ,0.0,0.0,352.0,6.2,2,5200,0,0,0,0,2,0
TF,RW35,35.164883,-101.826408,0, ,0.0,0.0,352.0,4.8,1,3680,0,0,0,0,3,1
CA,0,352.0,2,4100,0,0,0,0,0,0
DF,ZERAR,34.981708,-101.825942,1, ,0.0,0.0,2,6100,0,0,0,0,0,1
HM,ZERAR,34.981708,-101.825942,1, ,0.0,0.0,352.0,07,0,0,0,0,0,0,0,0,0

