APPTR,D03,03,ELW
IF,ELW,34.419186,-82.784683, ,0.0,0.0,0,0,0,0,0,0,0,0
TF,TESLY,34.482244,-83.304056,0, ,0.0,0.0,0.0,0.0,2,3000,0,0,0,0,0,0
HF,TESLY,34.482244,-83.304056,2, ,0.0,0.0,1.0,04.3,2,3000,0,0,0,0,1,0,0

APPTR,D03,03,ODF
IF,ODF,34.695872,-83.297661, ,0.0,0.0,0,0,0,0,0,0,0,0
TF,TESLY,34.482244,-83.304056,0, ,0.0,0.0,0.0,0.0,2,4000,0,0,0,0,0,0
HF,TESLY,34.482244,-83.304056,2, ,0.0,0.0,1.0,04.3,2,3000,0,0,0,0,1,0,0

FINAL,D03,03,D,2
IF,TESLY,34.482244,-83.304056,ODF,181.4,12.8,2,3000,0,0,0,0,2,0
CF,ERIVE,34.575875,-83.301258,0,ODF,181.4,7.2,1.0,5.6,1,1213,0,0,0,0,3,1
DF,ODF,34.695872,-83.297661,0, ,0.0,0.0,2,5000,0,0,0,0,0,0
HM,ODF,34.695872,-83.297661,1, ,0.0,0.0,208.0,04.3,0,0,0,0,0,0,0,0,0

APPTR,R03,03,FARUP
IF,FARUP,34.313553,-83.533078, ,0.0,0.0,0,0,0,0,0,0,1,0
TF,HANES,34.283986,-83.439011,0, ,0.0,0.0,0.0,0.0,2,5000,0,0,0,0,1,0

APPTR,R03,03,HANES
HF,HANES,34.283986,-83.439011,2, ,0.0,0.0,27.0,05,2,5000,0,0,0,0,1,0,0

APPTR,R03,03,RAYBO
IF,RAYBO,34.254347,-83.345011, ,0.0,0.0,0,0,0,0,0,0,1,0
TF,HANES,34.283986,-83.439011,0, ,0.0,0.0,0.0,0.0,2,5000,0,0,0,0,1,0

FINAL,R03,03,R,3
IF,HANES,34.283986,-83.439011, ,0.0,0.0,2,5000,0,0,0,0,0,0
TF,EMIYY,34.518000,-83.331753,0, ,0.0,0.0,27.0,15.0,2,2600,0,0,0,0,2,0
TF,RW03,34.584869,-83.300986,0, ,0.0,0.0,27.0,4.3,1,1036,0,0,0,0,3,1
CA,0,27.0,2,1392,0,0,0,0,0,0
DF,EBANE,34.932583,-83.140161,0, ,0.0,0.0,2,6600,0,0,0,0,0,1
HM,EBANE,34.932583,-83.140161,1, ,0.0,0.0,207.0,06,0,0,0,0,0,0,0,0,0

APPTR,R21,21,CALOK
IF,CALOK,34.893103,-83.015139, ,0.0,0.0,0,0,0,0,0,0,1,0
TF,EBANE,34.932583,-83.140161,0, ,0.0,0.0,0.0,0.0,2,6400,0,0,0,0,1,0

APPTR,R21,21,DAYEL
IF,DAYEL,34.975681,-83.277233, ,0.0,0.0,0,0,0,0,0,0,1,0
TF,EBANE,34.932583,-83.140161,0, ,0.0,0.0,0.0,0.0,2,6400,0,0,0,0,1,0

APPTR,R21,21,EBANE
HF,EBANE,34.932583,-83.140161,1, ,0.0,0.0,207.0,06,2,6400,0,0,0,0,1,0,0

FINAL,R21,21,R,6
IF,EBANE,34.932583,-83.140161, ,0.0,0.0,2,6400,0,0,0,0,0,0
TF,WASTO,34.835128,-83.185383,0, ,0.0,0.0,207.0,6.3,2,5400,0,0,0,0,0,0
TF,JAPON,34.747336,-83.226019,0, ,0.0,0.0,207.0,5.6,2,3700,0,0,0,0,0,0
TF,GAGEY,34.700544,-83.247644,0, ,0.0,0.0,207.0,3.0,2,3100,0,0,0,0,2,0
TF,NARIE,34.642969,-83.274214,0, ,0.0,0.0,207.0,3.7,2,1920,0,0,0,0,0,0
TF,RW21,34.597728,-83.295064,0, ,0.0,0.0,207.0,2.9,1,1001,0,0,0,0,3,1
CA,0,207.0,2,1242,0,0,0,0,0,0
DF,ZIGIP,34.532211,-83.325261,0, ,0.0,0.0,0,0,0,0,0,0,0,0
TF,TALLE,34.630014,-83.680178,0, ,0.0,0.0,0.0,0.0,2,5800,0,0,0,0,0,1
HM,TALLE,34.630014,-83.680178,2, ,0.0,0.0,114.0,05,0,0,0,0,0,0,0,0,0

APPTR,S21,21,ELW
IF,ELW,34.419186,-82.784683, ,0.0,0.0,0,0,0,0,0,0,0,0
TF,ODF,34.695872,-83.297661,0, ,0.0,0.0,0.0,0.0,2,5000,0,0,0,0,0,0
PI,ODF,34.695872,-83.297661,1,ODF,68.0,10.0,023,5.0,2,5000,0,0,0,0,1,0
CF,ODF,34.695872,-83.297661,0,ODF,0.0,0.0,203.0,8.0,2,3200,0,0,0,0,0,0

FINAL,S21,21,D,3
IF,ODF,34.695872,-83.297661,ODF,0.0,0.0,2,3200,0,0,0,0,2,0
CF,CASUS,34.632447,-83.295986,0,ODF,178.8,3.8,179.0,3.8,2,1720,0,0,0,0,0,0
CF,RW21,34.597728,-83.295064,0,ODF,178.8,5.9,179.0,2.1,1,1013,0,0,0,0,3,0
CA,0,179.0,2,1400,0,0,0,0,0,0
DF,ODF,34.695872,-83.297661,1, ,0.0,0.0,2,5000,0,0,0,0,0,0
HM,ODF,34.695872,-83.297661,1, ,0.0,0.0,208.0,04.3,0,0,0,0,0,0,0,0,0

