APPTR,N10,10,BFF
IF,BFF,41.894164,-103.482031, ,0.0,0.0,0,0,0,0,0,0,0,0
TF,TOR,42.065786,-104.153364,0, ,0.0,0.0,0.0,0.0,2,7200,0,0,0,0,0,0
PI,TOR,42.065786,-104.153364,1,BFF,322.0,10.0,277,5.0,2,6500,0,0,0,0,1,0
CF,FF10,42.101747,-104.302417,0,BFF,276.0,38.8,97.0,3.0,2,6500,0,0,0,0,0,0

APPTR,N10,10,CYS
IF,CYS,41.210967,-104.772914, ,0.0,0.0,0,0,0,0,0,0,0,0
TF,TOR,42.065786,-104.153364,0, ,0.0,0.0,0.0,0.0,2,8500,0,0,0,0,0,0
PI,TOR,42.065786,-104.153364,1,BFF,322.0,10.0,277,5.0,2,6500,0,0,0,0,1,0
CF,FF10,42.101747,-104.302417,0,BFF,276.0,38.8,97.0,3.0,2,6500,0,0,0,0,0,0

APPTR,N10,10,TST
IF,TST,42.558772,-103.312147, ,0.0,0.0,0,0,0,0,0,0,0,0
TF,TOR,42.065786,-104.153364,0, ,0.0,0.0,0.0,0.0,2,7400,0,0,0,0,0,0
PI,TOR,42.065786,-104.153364,1,BFF,322.0,10.0,277,5.0,2,6500,0,0,0,0,1,0
CF,FF10,42.101747,-104.302417,0,BFF,276.0,38.8,97.0,3.0,2,6500,0,0,0,0,0,0

FINAL,N10,10,N,2
IF,FF10,42.101747,-104.302417,TOR,0.0,0.0,2,6500,0,0,0,0,2,0
CF,RW10,42.067161,-104.163972,0,TOR,0.0,0.0,97.0,6.5,1,4255,0,0,0,0,3,0
CF,TOR,42.065786,-104.153364,0,BFF,276.1,31.8,97.0,0.5,2,6500,0,0,0,0,0,0
HM,TOR,42.065786,-104.153364,2, ,0.0,0.0,277.0,04.3,0,0,0,0,0,0,0,0,0

APPTR,N28,28,BFF
IF,BFF,41.894164,-103.482031, ,0.0,0.0,0,0,0,0,0,0,0,0
TF,TOR,42.065786,-104.153364,0, ,0.0,0.0,0.0,0.0,2,7200,0,0,0,0,0,0
PI,TOR,42.065786,-104.153364,2,BFF,67.0,10.0,112,5.0,2,6200,0,0,0,0,1,0
CF,FF28,42.005592,-104.029239,0,BFF,272.4,25.4,292.0,3.4,2,6200,0,0,0,0,0,0

APPTR,N28,28,CYS
IF,CYS,41.210967,-104.772914, ,0.0,0.0,0,0,0,0,0,0,0,0
TF,TOR,42.065786,-104.153364,0, ,0.0,0.0,0.0,0.0,2,8500,0,0,0,0,0,0
PI,TOR,42.065786,-104.153364,2,BFF,67.0,10.0,112,5.0,2,6200,0,0,0,0,1,0
CF,FF28,42.005592,-104.029239,0,BFF,272.4,25.4,292.0,3.4,2,6200,0,0,0,0,0,0

APPTR,N28,28,TST
IF,TST,42.558772,-103.312147, ,0.0,0.0,0,0,0,0,0,0,0,0
TF,TOR,42.065786,-104.153364,0, ,0.0,0.0,0.0,0.0,2,7400,0,0,0,0,0,0
PI,TOR,42.065786,-104.153364,2,BFF,67.0,10.0,112,5.0,2,6200,0,0,0,0,1,0
CF,FF28,42.005592,-104.029239,0,BFF,272.4,25.4,292.0,3.4,2,6200,0,0,0,0,0,0

FINAL,N28,28,N,2
IF,FF28,42.005592,-104.029239,TOR,0.0,0.0,2,6200,0,0,0,0,2,0
CF,RW28,42.060439,-104.145008,0,TOR,0.0,0.0,292.0,6.1,1,4247,0,0,0,0,3,0
CF,TOR,42.065786,-104.153364,0,BFF,276.1,31.8,292.0,0.5,2,6500,0,0,0,0,0,0
HM,TOR,42.065786,-104.153364,1, ,0.0,0.0,112.0,04.3,0,0,0,0,0,0,0,0,0

APPTR,P10,10,HOCXU
IF,HOCXU,41.987972,-104.736544, ,0.0,0.0,0,0,0,0,0,0,1,0
TF,KUVZU,42.138572,-104.366283,0, ,0.0,0.0,0.0,0.0,2,6500,0,0,0,0,0,0

APPTR,P10,10,MIWSY
IF,MIWSY,42.320789,-104.249447, ,0.0,0.0,0,0,0,0,0,0,1,0
TF,KUVZU,42.138572,-104.366283,0, ,0.0,0.0,0.0,0.0,2,6500,0,0,0,0,0,0

FINAL,P10,10,G,3
IF,KUVZU,42.138572,-104.366283, ,0.0,0.0,2,6500,0,0,0,0,0,0
TF,BIQCI,42.102906,-104.265067,0, ,0.0,0.0,0.0,5.0,2,5700,0,0,0,0,2,0
TF,RW10,42.067161,-104.163972,0, ,0.0,0.0,0.0,5.0,1,4255,0,0,0,0,3,0
CA,0,104.0,2,4610,0,0,0,0,0,0
DF,CIKSI,41.987814,-103.940989,0, ,0.0,0.0,2,6500,0,0,0,0,0,0
HM,CIKSI,41.987814,-103.940989,2, ,0.0,0.0,284.0,04.3,0,0,0,0,0,0,0,0,0

APPTR,P28,28,CIKSI
HF,CIKSI,41.987814,-103.940989,2, ,0.0,0.0,284.0,04.3,1,6500,0,0,0,0,1,0,0

APPTR,P28,28,WHARF
IF,WHARF,42.069681,-103.851681, ,0.0,0.0,0,0,0,0,0,0,1,0
TF,CIKSI,41.987814,-103.940989,0, ,0.0,0.0,0.0,0.0,2,6500,0,0,0,0,0,0

FINAL,P28,28,G,3
IF,CIKSI,41.987814,-103.940989, ,0.0,0.0,2,6500,0,0,0,0,0,0
TF,QIFZY,42.024564,-104.044053,0, ,0.0,0.0,0.0,5.1,2,5500,0,0,0,0,2,0
TF,RW28,42.060439,-104.145008,0, ,0.0,0.0,0.0,5.0,1,4247,0,0,0,0,3,0
CA,0,284.0,2,4610,0,0,0,0,0,0
DF,KUVZU,42.138572,-104.366283,0, ,0.0,0.0,2,6500,0,0,0,0,0,0
HM,KUVZU,42.138572,-104.366283,2, ,0.0,0.0,104.0,04.3,0,0,0,0,0,0,0,0,0

