APPTR,I15,15,ACT
FC,ACT,31.662333,-97.269028,0,ACT,0.0,0.0,205.0,16.5,2,2400,0,0,0,0,1,0
CF,MOODY,31.378564,-97.491978,0,ITPL,335.6,15.0,205.0,4.0,2,2400,0,0,0,0,1,0

FINAL,I15,15,I,3
IF,MOODY,31.378564,-97.491978,ITPL,335.6,15.0,2,2400,0,0,0,0,0,0
CF,AUGUR,31.208206,-97.429731,0,ITPL,335.6,4.3,156.0,10.7,1,1683,0,0,0,0,2,0
CF,RW15,31.159992,-97.412161,0,ITPL,335.6,1.3,156.0,3.0,1,742,0,0,0,0,3,0
CA,0,156.0,2,1300,0,0,0,0,0,0
DF,TPL,31.209336,-97.424967,1, ,0.0,0.0,2,2200,0,0,0,0,0,0
HM,TPL,31.209336,-97.424967,2, ,0.0,0.0,158.0,04.3,0,0,0,0,0,0,0,0,0

APPTR,R02,02,BARBA
IF,BARBA,31.101136,-97.188947, ,0.0,0.0,0,0,0,0,0,0,0,0
TF,ZURGU,30.949525,-97.414697,0, ,0.0,0.0,0.0,0.0,2,3500,0,0,0,0,1,0
TF,VEYUR,30.990211,-97.505083,0, ,0.0,0.0,0.0,0.0,2,3000,0,0,0,0,1,0

FINAL,R02,02,R,3
IF,VEYUR,30.990211,-97.505083, ,0.0,0.0,2,3000,0,0,0,0,0,0
TF,WOGUN,31.088861,-97.445247,0, ,0.0,0.0,21.0,6.7,2,2000,0,0,0,0,2,0
TF,RW02,31.147739,-97.409475,0, ,0.0,0.0,21.0,4.0,1,719,0,0,0,0,3,1
DF,FOMUS,31.206942,-97.373442,0, ,0.0,0.0,0,0,0,0,0,0,0,0
TF,BARES,31.212453,-97.204750,0, ,0.0,0.0,0.0,0.0,2,3600,0,0,0,0,0,1
HM,BARES,31.212453,-97.204750,2, ,0.0,0.0,81.0,04,0,0,0,0,0,0,0,0,0

APPTR,R15,15,ACT
IF,ACT,31.662333,-97.269028, ,0.0,0.0,0,0,0,0,0,0,1,0
TF,IHSAZ,31.338506,-97.477306,0, ,0.0,0.0,0.0,0.0,2,3000,0,0,0,0,1,0

APPTR,R15,15,BARBA
IF,BARBA,31.101136,-97.188947, ,0.0,0.0,0,0,0,0,0,0,0,0
TF,IHSAZ,31.338506,-97.477306,0, ,0.0,0.0,0.0,0.0,2,3000,0,0,0,0,0,1
HF,IHSAZ,31.338506,-97.477306,1, ,0.0,0.0,156.0,04,2,3000,0,0,0,0,1,0,0

APPTR,R15,15,CONRA
IF,CONRA,31.001275,-97.404192, ,0.0,0.0,0,0,0,0,0,0,0,0
TF,IHSAZ,31.338506,-97.477306,0, ,0.0,0.0,0.0,0.0,2,3000,0,0,0,0,0,1
HF,IHSAZ,31.338506,-97.477306,1, ,0.0,0.0,156.0,04,2,3000,0,0,0,0,1,0,0

FINAL,R15,15,R,4
IF,IHSAZ,31.338506,-97.477306, ,0.0,0.0,2,3000,0,0,0,0,0,0
TF,IFDOH,31.242528,-97.442247,0, ,0.0,0.0,156.0,6.0,2,2400,0,0,0,0,2,0
TF,CUMIX,31.187089,-97.422033,0, ,0.0,0.0,156.0,3.5,2,1240,0,0,0,0,0,0
TF,RW15,31.159992,-97.412161,0, ,0.0,0.0,156.0,1.7,1,727,0,0,0,0,3,1
DF,FADXY,31.063542,-97.377086,0, ,0.0,0.0,0,0,0,0,0,0,0,0
TF,BARBA,31.101136,-97.188947,0, ,0.0,0.0,0.0,0.0,2,3600,0,0,0,0,0,1
HM,BARBA,31.101136,-97.188947,2, ,0.0,0.0,70.0,04,0,0,0,0,0,0,0,0,0

APPTR,R33,33,BARBA
IF,BARBA,31.101136,-97.188947, ,0.0,0.0,0,0,0,0,0,0,0,0
TF,HUHIF,30.992403,-97.249703,0, ,0.0,0.0,0.0,0.0,2,3000,0,0,0,0,1,0
TF,ESWUL,30.967528,-97.342242,0, ,0.0,0.0,0.0,0.0,2,3000,0,0,0,0,1,0

APPTR,R33,33,DARTE
IF,DARTE,30.766133,-97.451833, ,0.0,0.0,0,0,0,0,0,0,0,0
TF,FBURG,30.942589,-97.434733,0, ,0.0,0.0,0.0,0.0,2,3000,0,0,0,0,1,0
TF,ESWUL,30.967528,-97.342242,0, ,0.0,0.0,0.0,0.0,2,3000,0,0,0,0,1,0

APPTR,R33,33,SLIMM
IF,SLIMM,30.809964,-98.220575, ,0.0,0.0,0,0,0,0,0,0,0,0
TF,FBURG,30.942589,-97.434733,0, ,0.0,0.0,0.0,0.0,2,3100,0,0,0,0,1,0
TF,ESWUL,30.967528,-97.342242,0, ,0.0,0.0,0.0,0.0,2,3000,0,0,0,0,1,0

FINAL,R33,33,R,4
IF,ESWUL,30.967528,-97.342242, ,0.0,0.0,2,3000,0,0,0,0,0,0
TF,FADXY,31.063542,-97.377086,0, ,0.0,0.0,336.0,6.0,2,2300,0,0,0,0,2,0
TF,IYUJY,31.114525,-97.395617,0, ,0.0,0.0,336.0,3.2,2,1260,0,0,0,0,0,0
TF,RW33,31.141625,-97.405475,0, ,0.0,0.0,336.0,1.7,1,719,0,0,0,0,3,1
DF,IHSAZ,31.338506,-97.477306,0, ,0.0,0.0,2,3000,0,0,0,0,0,1
HM,IHSAZ,31.338506,-97.477306,1, ,0.0,0.0,156.0,04,0,0,0,0,0,0,0,0,0

APPTR,S33,33,ACT
IF,ACT,31.662333,-97.269028, ,0.0,0.0,0,0,0,0,0,0,0,0
TF,TPL,31.209336,-97.424967,0, ,0.0,0.0,0.0,0.0,2,3600,0,0,0,0,0,0
TF,TOLUU,31.091131,-97.390950,0, ,0.0,0.0,0.0,0.0,2,2500,0,0,0,0,0,0
PI,TOLUU,31.091131,-97.390950,1,TPL,202.0,10.0,157,5.0,2,2500,0,0,0,0,1,0

APPTR,S33,33,BARES
IF,BARES,31.212453,-97.204750, ,0.0,0.0,0,0,0,0,0,0,0,0
TF,TPL,31.209336,-97.424967,0, ,0.0,0.0,0.0,0.0,2,3600,0,0,0,0,0,0
TF,TOLUU,31.091131,-97.390950,0, ,0.0,0.0,0.0,0.0,2,2500,0,0,0,0,0,0
PI,TOLUU,31.091131,-97.390950,1,TPL,202.0,10.0,157,5.0,2,2500,0,0,0,0,1,0

APPTR,S33,33,CWK
IF,CWK,30.378550,-97.529847, ,0.0,0.0,0,0,0,0,0,0,1,0
TF,FITTS,30.927853,-97.344106,0, ,0.0,0.0,0.0,0.0,2,2500,0,0,0,0,1,0

FINAL,S33,33,D,4
IF,FITTS,30.927853,-97.344106,TPL,157.1,17.4,2,2500,0,0,0,0,0,0
CF,TOLUU,31.091131,-97.390950,0,TPL,157.1,7.3,337.0,10.1,2,1700,0,0,0,0,2,0
CF,JIVTU,31.115617,-97.397989,0,TPL,157.1,5.8,337.0,1.5,2,1200,0,0,0,0,0,0
CF,RW33,31.141625,-97.405475,0,TPL,157.1,4.2,337.0,1.6,1,709,0,0,0,0,3,1
DF,TPL,31.209336,-97.424967,0, ,0.0,0.0,2,2200,0,0,0,0,0,0
HM,TPL,31.209336,-97.424967,2, ,0.0,0.0,158.0,04.3,0,0,0,0,0,0,0,0,0

