APPTR,R11,11,ETX
IF,ETX,40.581036,-75.684033, ,0.0,0.0,0,0,0,0,0,0,1,0
TF,KLATU,40.466528,-75.648303,0, ,0.0,0.0,0.0,0.0,2,2700,0,0,0,0,1,0

APPTR,R11,11,FLOAT
IF,FLOAT,40.429956,-75.884408, ,0.0,0.0,0,0,0,0,0,0,1,0
TF,KLATU,40.466528,-75.648303,0, ,0.0,0.0,0.0,0.0,2,2700,0,0,0,0,1,0

APPTR,R11,11,HIKES
IF,HIKES,40.382203,-75.615250, ,0.0,0.0,0,0,0,0,0,0,0,0
TF,KLATU,40.466528,-75.648303,0, ,0.0,0.0,0.0,0.0,2,2700,0,0,0,0,0,1
HF,KLATU,40.466528,-75.648303,2, ,0.0,0.0,111.0,04,2,2700,0,0,0,0,1,0,0

FINAL,R11,11,R,5
IF,KLATU,40.466528,-75.648303, ,0.0,0.0,2,2700,0,0,0,0,0,0
TF,BRDDA,40.456414,-75.561875,0, ,0.0,0.0,111.0,4.0,2,2600,0,0,0,0,0,0
TF,NICTO,40.451342,-75.518717,0, ,0.0,0.0,111.0,2.0,2,2500,0,0,0,0,2,0
TF,GORTT,40.442483,-75.443731,0, ,0.0,0.0,111.0,3.5,2,1380,0,0,0,0,0,0
TF,RW11,40.435825,-75.387650,0, ,0.0,0.0,111.0,2.6,1,565,0,0,0,0,3,1
CA,0,111.0,2,1100,0,0,0,0,0,0
DF,LIZZI,40.665661,-75.148794,0, ,0.0,0.0,2,3000,0,0,0,0,0,1
HM,LIZZI,40.665661,-75.148794,2, ,0.0,0.0,115.0,04,0,0,0,0,0,0,0,0,0

APPTR,R29,29,DIRPE
IF,DIRPE,40.473039,-74.993619, ,0.0,0.0,0,0,0,0,0,0,1,0
TF,CACRA,40.406314,-75.141711,0, ,0.0,0.0,0.0,0.0,2,2400,0,0,0,0,1,0

APPTR,R29,29,HIKES
IF,HIKES,40.382203,-75.615250, ,0.0,0.0,0,0,0,0,0,0,0,0
TF,CACRA,40.406314,-75.141711,0, ,0.0,0.0,0.0,0.0,2,2400,0,0,0,0,0,1
HF,CACRA,40.406314,-75.141711,1, ,0.0,0.0,291.0,04,2,2400,0,0,0,0,1,0,0

FINAL,R29,29,R,4
IF,CACRA,40.406314,-75.141711, ,0.0,0.0,2,2400,0,0,0,0,0,0
TF,CILDA,40.423594,-75.285161,0, ,0.0,0.0,291.0,6.7,2,1900,0,0,0,0,2,0
TF,DUNVE,40.429667,-75.335956,0, ,0.0,0.0,291.0,2.4,2,1140,0,0,0,0,0,0
TF,RW29,40.434550,-75.376931,0, ,0.0,0.0,291.0,1.9,1,545,0,0,0,0,3,1
CA,0,291.0,2,920,0,0,0,0,0,0
DF,CACRA,40.406314,-75.141711,1, ,0.0,0.0,2,2400,0,0,0,0,0,1
HM,CACRA,40.406314,-75.141711,1, ,0.0,0.0,291.0,04,0,0,0,0,0,0,0,0,0

