STAR,BOKRT2,KEEPS,4
IF,KEEPS,33.000783,-85.370839, ,0.0,0.0,0,0,0,0,0,0,0,0
TF,BOKRT,33.259289,-85.143003,0, ,0.0,0.0,0.0,0.0,0,0,0,0,0,0,0,0

STAR,BOKRT2,ALL,5
IF,BOKRT,33.259289,-85.143003, ,0.0,0.0,0,0,0,0,0,0,0,0
TF,PINGG,33.422906,-85.103261,0, ,0.0,0.0,0.0,0.0,0,0,0,0,0,0,0,0
TF,PONGG,33.798872,-85.011358,0, ,0.0,0.0,0.0,0.0,0,0,0,0,0,0,0,0
TF,BRTEN,34.008397,-84.835600,0, ,0.0,0.0,0.0,0.0,0,0,0,0,0,0,0,0
TF,BAPPY,34.130325,-84.424553,0, ,0.0,0.0,0.0,0.0,0,0,0,0,0,0,0,0
TF,KENZI,34.137717,-84.384683,0, ,0.0,0.0,0.0,0.0,0,0,0,0,0,0,0,1
FM,KENZI,34.137717,-84.384683,0,ATL,0.0,0.0,82.0,0,0,0,0,0,0,0,0

STAR,BUKHD1,RIZZZ,4
IF,RIZZZ,35.488361,-86.061053, ,0.0,0.0,0,0,0,0,0,0,0,0
TF,MDTWN,34.830725,-85.435961,0, ,0.0,0.0,0.0,0.0,0,0,0,0,0,0,0,0
TF,HLNDS,34.491908,-85.116581,0, ,0.0,0.0,0.0,0.0,0,0,0,0,0,0,0,0

STAR,BUKHD1,WUDYA,4
IF,WUDYA,36.367389,-84.937961, ,0.0,0.0,0,0,0,0,0,0,0,0
TF,HAVVE,34.999253,-85.182167,0, ,0.0,0.0,0.0,0.0,0,0,0,0,0,0,0,0
TF,HLNDS,34.491908,-85.116581,0, ,0.0,0.0,0.0,0.0,0,0,0,0,0,0,0,0

STAR,BUKHD1,ALL,5
IF,HLNDS,34.491908,-85.116581, ,0.0,0.0,0,0,0,0,0,0,0,0
TF,BUKHD,34.209861,-84.852722,0, ,0.0,0.0,0.0,0.0,0,0,0,0,0,0,0,0
TF,DRINC,34.080506,-84.753339,0, ,0.0,0.0,0.0,0.0,0,0,0,0,0,0,0,1
FM,DRINC,34.080506,-84.753339,0,ATL,0.0,0.0,152.0,0,0,0,0,0,0,0,0

STAR,DEHAN1,APPLS,4
IF,APPLS,35.908631,-83.672547, ,0.0,0.0,0,0,0,0,0,0,0,0
TF,HIGGI,35.446269,-83.778069,0, ,0.0,0.0,0.0,0.0,0,0,0,0,0,0,0,0
TF,HELNN,35.015308,-83.869403,0, ,0.0,0.0,0.0,0.0,0,0,0,0,0,0,0,0
TF,AWSON,34.480322,-83.984292,0, ,0.0,0.0,0.0,0.0,0,0,0,0,0,0,0,0

STAR,DEHAN1,MILBY,4
IF,MILBY,34.683953,-83.311814, ,0.0,0.0,0,0,0,0,0,0,0,0
TF,AWSON,34.480322,-83.984292,0, ,0.0,0.0,0.0,0.0,0,0,0,0,0,0,0,0

STAR,DEHAN1,SCNRY,4
IF,SCNRY,36.008597,-83.050067, ,0.0,0.0,0,0,0,0,0,0,0,0
TF,TRALZ,34.991883,-83.675442,0, ,0.0,0.0,0.0,0.0,0,0,0,0,0,0,0,0
TF,AWSON,34.480322,-83.984292,0, ,0.0,0.0,0.0,0.0,0,0,0,0,0,0,0,0

STAR,DEHAN1,VIEWS,4
IF,VIEWS,35.597089,-82.414081, ,0.0,0.0,0,0,0,0,0,0,0,0
TF,TARAA,34.856461,-83.463375,0, ,0.0,0.0,0.0,0.0,0,0,0,0,0,0,0,0
TF,AWSON,34.480322,-83.984292,0, ,0.0,0.0,0.0,0.0,0,0,0,0,0,0,0,0

STAR,DEHAN1,ALL,5
IF,AWSON,34.480322,-83.984292, ,0.0,0.0,0,0,0,0,0,0,0,0
TF,DEHAN,34.316736,-84.071692,0, ,0.0,0.0,0.0,0.0,0,0,0,0,0,0,0,0
TF,TFALS,34.257672,-84.101622,0, ,0.0,0.0,0.0,0.0,0,0,0,0,0,0,0,0
TF,SPIKR,34.205544,-84.252792,0, ,0.0,0.0,0.0,0.0,0,0,0,0,0,0,0,1
FM,SPIKR,34.205544,-84.252792,0,ATL,0.0,0.0,253.0,0,0,0,0,0,0,0,0

STAR,DIFFI3,ALL,2
IF,LGC,33.049119,-85.206222, ,0.0,0.0,0,0,0,0,0,0,0,0
TF,BUUZZ,33.277678,-85.138375,0, ,0.0,0.0,0.0,0.0,0,0,0,0,0,0,0,0
TF,NANNC,33.388700,-85.105286,0, ,0.0,0.0,0.0,0.0,0,0,0,0,0,0,0,0
TF,TEMPO,33.611303,-85.038636,0, ,0.0,0.0,0.0,0.0,0,0,0,0,0,0,0,0
TF,TIINI,33.698303,-85.051344,0, ,0.0,0.0,0.0,0.0,0,0,0,0,0,0,0,0
TF,DIFFI,33.814269,-85.068297,0, ,0.0,0.0,0.0,0.0,0,0,0,0,0,0,0,0

STAR,SWTEE1,BIZKT,4
IF,BIZKT,34.087797,-85.637903, ,0.0,0.0,0,0,0,0,0,0,0,0
TF,SWTEE,33.959267,-85.149444,0, ,0.0,0.0,0.0,0.0,0,0,0,0,0,0,0,0

STAR,SWTEE1,LPTON,4
IF,LPTON,34.429031,-86.979853, ,0.0,0.0,0,0,0,0,0,0,0,0
TF,OKRAA,34.257681,-86.297644,0, ,0.0,0.0,0.0,0.0,0,0,0,0,0,0,0,0
TF,BIZKT,34.087797,-85.637903,0, ,0.0,0.0,0.0,0.0,0,0,0,0,0,0,0,0
TF,SWTEE,33.959267,-85.149444,0, ,0.0,0.0,0.0,0.0,0,0,0,0,0,0,0,0

STAR,SWTEE1,ALL,5
IF,SWTEE,33.959267,-85.149444, ,0.0,0.0,0,0,0,0,0,0,0,0
TF,LACCE,33.959225,-85.049192,0, ,0.0,0.0,0.0,0.0,0,0,0,0,0,0,0,1
FM,LACCE,33.959225,-85.049192,0,ATL,0.0,0.0,95.0,0,0,0,0,0,0,0,0

STAR,WRGNZ1,DBOLT,4
IF,DBOLT,33.265067,-81.864619, ,0.0,0.0,0,0,0,0,0,0,0,0
TF,LUKIE,33.425206,-82.936853,0, ,0.0,0.0,0.0,0.0,0,0,0,0,0,0,0,0
TF,WRGNZ,33.378872,-83.670900,0, ,0.0,0.0,0.0,0.0,0,0,0,0,0,0,0,0

STAR,WRGNZ1,KISTN,4
IF,KISTN,33.739086,-81.871167, ,0.0,0.0,0,0,0,0,0,0,0,0
TF,LUKIE,33.425206,-82.936853,0, ,0.0,0.0,0.0,0.0,0,0,0,0,0,0,0,0
TF,WRGNZ,33.378872,-83.670900,0, ,0.0,0.0,0.0,0.0,0,0,0,0,0,0,0,0

STAR,WRGNZ1,LUKIE,4
IF,LUKIE,33.425206,-82.936853, ,0.0,0.0,0,0,0,0,0,0,0,0
TF,WRGNZ,33.378872,-83.670900,0, ,0.0,0.0,0.0,0.0,0,0,0,0,0,0,0,0

STAR,WRGNZ1,MMMOE,4
IF,MMMOE,32.403608,-82.119872, ,0.0,0.0,0,0,0,0,0,0,0,0
TF,MUARY,32.523264,-82.801572,0, ,0.0,0.0,0.0,0.0,0,0,0,0,0,0,0,0
TF,WRGNZ,33.378872,-83.670900,0, ,0.0,0.0,0.0,0.0,0,0,0,0,0,0,0,0

STAR,WRGNZ1,NOKIE,4
IF,NOKIE,32.691350,-83.647189, ,0.0,0.0,0,0,0,0,0,0,0,0
TF,WRGNZ,33.378872,-83.670900,0, ,0.0,0.0,0.0,0.0,0,0,0,0,0,0,0,0

STAR,WRGNZ1,SHRLT,4
IF,SHRLT,32.438256,-82.718147, ,0.0,0.0,0,0,0,0,0,0,0,0
TF,MUARY,32.523264,-82.801572,0, ,0.0,0.0,0.0,0.0,0,0,0,0,0,0,0,0
TF,WRGNZ,33.378872,-83.670900,0, ,0.0,0.0,0.0,0.0,0,0,0,0,0,0,0,0

STAR,WRGNZ1,WOGOM,4
IF,WOGOM,32.983161,-83.455008, ,0.0,0.0,0,0,0,0,0,0,0,0
TF,WRGNZ,33.378872,-83.670900,0, ,0.0,0.0,0.0,0.0,0,0,0,0,0,0,0,0

STAR,WRGNZ1,ALL,5
IF,WRGNZ,33.378872,-83.670900, ,0.0,0.0,0,0,0,0,0,0,0,0
TF,SKYME,33.536606,-83.736267,0, ,0.0,0.0,0.0,0.0,0,0,0,0,0,0,0,0
TF,CADUR,33.821847,-83.855122,0, ,0.0,0.0,0.0,0.0,0,0,0,0,0,0,0,0
TF,LOGEN,33.988050,-84.056786,0, ,0.0,0.0,0.0,0.0,0,0,0,0,0,0,0,0
TF,LOGEC,34.045997,-84.160514,0, ,0.0,0.0,0.0,0.0,0,0,0,0,0,0,0,0
TF,BAPPY,34.130325,-84.424553,0, ,0.0,0.0,0.0,0.0,0,0,0,0,0,0,0,0
TF,DECLN,34.130319,-84.464708,0, ,0.0,0.0,0.0,0.0,0,0,0,0,0,0,0,1
FM,DECLN,34.130319,-84.464708,0,ATL,0.0,0.0,275.0,0,0,0,0,0,0,0,0

APPTR,D01-A,01,RMG
IF,RMG,34.162561,-85.119397, ,0.0,0.0,0,0,0,0,0,0,1,0
TF,GUCEK,34.145358,-85.000717,0, ,0.0,0.0,0.0,0.0,2,2800,0,0,0,0,1,0
TF,FONAK,34.131969,-84.908950,0, ,0.0,0.0,0.0,0.0,2,2500,0,0,0,0,0,0

FINAL,D01-A,01,D,3
IF,FONAK,34.131969,-84.908950,RMG,98.9,10.6,2,2500,0,0,0,0,0,0
CF,MEDOW,34.128031,-84.882058,0,RMG,98.9,12.0,99.0,1.4,2,2200,0,0,0,0,2,0
CF,MACYU,34.123294,-84.849775,0,RMG,98.9,13.6,99.0,1.6,1,1600,0,0,0,0,3,0
CA,0,99.0,2,1600,0,0,0,0,0,0
CF,GUCEK,34.145358,-85.000717,2,RMG,98.9,6.0,279.0,8.6,2,2800,0,0,0,0,0,0
HM,GUCEK,34.145358,-85.000717,2, ,0.0,0.0,279.0,04.3,0,0,0,0,0,0,0,0,0

APPTR,D19-A,19,RMG
IF,RMG,34.162561,-85.119397, ,0.0,0.0,0,0,0,0,0,0,1,0
TF,GUCEK,34.145358,-85.000717,0, ,0.0,0.0,0.0,0.0,2,2800,0,0,0,0,1,0
TF,FONAK,34.131969,-84.908950,0, ,0.0,0.0,0.0,0.0,2,2500,0,0,0,0,0,0

FINAL,D19-A,19,D,3
IF,FONAK,34.131969,-84.908950,RMG,98.9,10.6,2,2500,0,0,0,0,0,0
CF,MEDOW,34.128031,-84.882058,0,RMG,98.9,12.0,99.0,1.4,2,2200,0,0,0,0,2,0
CF,MACYU,34.123294,-84.849775,0,RMG,98.9,13.6,99.0,1.6,1,1600,0,0,0,0,3,0
CA,0,99.0,2,1600,0,0,0,0,0,0
CF,GUCEK,34.145358,-85.000717,2,RMG,98.9,6.0,279.0,8.6,2,2800,0,0,0,0,0,0
HM,GUCEK,34.145358,-85.000717,2, ,0.0,0.0,279.0,04.3,0,0,0,0,0,0,0,0,0

APPTR,L19,19,RMG
IF,RMG,34.162561,-85.119397, ,0.0,0.0,0,0,0,0,0,0,0,0
TF,EVZ,34.199583,-84.843097,0, ,0.0,0.0,0.0,0.0,2,3800,0,0,0,0,0,0
PI,EVZ,34.199583,-84.843097,1,RMG,52.0,10.0,007,5.0,2,3400,0,0,0,0,1,0

FINAL,L19,19,D,3
IF,CF19,34.313722,-84.834697,IVPC,7.5,12.0,2,3400,0,0,0,0,0,0
CF,EVZ,34.199583,-84.843097,0,IVPC,7.5,5.2,187.0,6.9,2,2100,0,0,0,0,2,0
CF,RW19,34.131047,-84.848128,0,IVPC,7.5,0.0,187.0,4.1,1,771,0,0,0,0,3,0
CA,0,187.0,2,2000,0,0,0,0,0,0
DF,EVZ,34.199583,-84.843097,1, ,0.0,0.0,2,3400,0,0,0,0,0,0
HM,EVZ,34.199583,-84.843097,2, ,0.0,0.0,187.0,04,0,0,0,0,0,0,0,0,0

APPTR,R01,01,BAPPY
IF,BAPPY,34.130325,-84.424553, ,0.0,0.0,0,0,0,0,0,0,0,0
TF,AKOVE,33.912531,-84.763753,0, ,0.0,0.0,0.0,0.0,2,4000,0,0,0,0,1,0
TF,IKEBE,33.917625,-84.863700,0, ,0.0,0.0,0.0,0.0,2,3400,0,0,0,0,1,0

APPTR,R01,01,CARAN
IF,CARAN,33.959267,-85.149378, ,0.0,0.0,0,0,0,0,0,0,0,0
TF,COLEV,33.922636,-84.963658,0, ,0.0,0.0,0.0,0.0,2,4000,0,0,0,0,1,0
TF,IKEBE,33.917625,-84.863700,0, ,0.0,0.0,0.0,0.0,2,3400,0,0,0,0,1,0

APPTR,R01,01,TEMPO
IF,TEMPO,33.611303,-85.038636, ,0.0,0.0,0,0,0,0,0,0,0,0
TF,MIKEE,33.806292,-84.911364,0, ,0.0,0.0,0.0,0.0,2,4000,0,0,0,0,1,0
TF,IKEBE,33.917625,-84.863700,0, ,0.0,0.0,0.0,0.0,2,3400,0,0,0,0,1,0

FINAL,R01,01,R,3
IF,IKEBE,33.917625,-84.863700, ,0.0,0.0,2,3400,0,0,0,0,0,0
TF,LOYKE,34.019228,-84.856297,0, ,0.0,0.0,7.0,6.1,2,2700,0,0,0,0,2,0
TF,RW01,34.117278,-84.849136,0, ,0.0,0.0,7.0,5.9,1,794,0,0,0,0,3,1
CA,0,7.0,2,1159,0,0,0,0,0,0
DF,DACEG,34.306028,-84.835269,0, ,0.0,0.0,2,3000,0,0,0,0,0,1
HM,DACEG,34.306028,-84.835269,2, ,0.0,0.0,188.0,05,0,0,0,0,0,0,0,0,0

APPTR,R19,19,DACEG
HF,DACEG,34.306028,-84.835269,2, ,0.0,0.0,188.0,05,2,3000,0,0,0,0,1,0,0

APPTR,R19,19,RMG
IF,RMG,34.162561,-85.119397, ,0.0,0.0,0,0,0,0,0,0,0,0
TF,FEKRU,34.311083,-84.935683,0, ,0.0,0.0,0.0,0.0,2,3800,0,0,0,0,1,0
TF,DACEG,34.306028,-84.835269,0, ,0.0,0.0,0.0,0.0,2,3000,0,0,0,0,1,0

FINAL,R19,19,R,3
IF,DACEG,34.306028,-84.835269, ,0.0,0.0,2,3000,0,0,0,0,0,0
TF,CAREX,34.199750,-84.843086,0, ,0.0,0.0,188.0,6.4,2,2100,0,0,0,0,2,0
TF,RW19,34.131047,-84.848128,0, ,0.0,0.0,187.0,4.1,1,773,0,0,0,0,3,1
DF,IKEBE,33.917625,-84.863700,0, ,0.0,0.0,2,3000,0,0,0,0,0,1
HM,IKEBE,33.917625,-84.863700,2, ,0.0,0.0,187.0,05,0,0,0,0,0,0,0,0,0

