APPTR,P01,01,CCV
IF,CCV,37.347539,-75.997653, ,0.0,0.0,0,0,0,0,0,0,1,0
TF,JUBJI,37.466478,-76.435067,0, ,0.0,0.0,0.0,0.0,2,1600,0,0,0,0,0,0

APPTR,P01,01,HCM
IF,HCM,37.448661,-76.711353, ,0.0,0.0,0,0,0,0,0,0,1,0
TF,JUBJI,37.466478,-76.435067,0, ,0.0,0.0,0.0,0.0,2,1600,0,0,0,0,0,0

FINAL,P01,01,G,3
IF,JUBJI,37.466478,-76.435067, ,0.0,0.0,2,1600,0,0,0,0,0,0
TF,IFESO,37.549719,-76.442161,0, ,0.0,0.0,0.0,5.0,2,1100,0,0,0,0,2,0
TF,RW01,37.599644,-76.446506,0, ,0.0,0.0,0.0,3.0,1,69,0,0,0,0,3,0
CA,0,6.0,2,430,0,0,0,0,0,0
DF,JUBJI,37.466478,-76.435067,2, ,0.0,0.0,2,1600,0,0,0,0,0,0
HM,JUBJI,37.466478,-76.435067,2, ,0.0,0.0,6.0,04.3,0,0,0,0,0,0,0,0,0

