APPTR,L07,07,GON
IF,GON,41.330403,-72.051983, ,0.0,0.0,0,0,0,0,0,0,0,0
TF,KLUTZ,41.296792,-71.897042,0, ,0.0,0.0,0.0,0.0,2,2000,0,0,0,0,0,0
HF,KLUTZ,41.296792,-71.897042,2, ,0.0,0.0,68.0,04.3,2,2000,0,0,0,0,1,0,0

APPTR,L07,07,ORW
IF,ORW,41.556403,-71.999353, ,0.0,0.0,0,0,0,0,0,0,0,0
TF,KLUTZ,41.296792,-71.897042,0, ,0.0,0.0,0.0,0.0,2,2000,0,0,0,0,0,0
HF,KLUTZ,41.296792,-71.897042,2, ,0.0,0.0,68.0,04.3,2,2000,0,0,0,0,1,0,0

APPTR,L07,07,SEY
IF,SEY,41.167367,-71.576322, ,0.0,0.0,0,0,0,0,0,0,0,0
TF,KLUTZ,41.296792,-71.897042,0, ,0.0,0.0,0.0,0.0,2,2000,0,0,0,0,0,0
HF,KLUTZ,41.296792,-71.897042,2, ,0.0,0.0,68.0,04.3,2,2000,0,0,0,0,1,0,0

FINAL,L07,07,D,3
IF,CF07,41.256961,-71.967353,IRLS,248.2,9.6,2,2000,0,0,0,0,0,0
CF,KLUTZ,41.296792,-71.897042,0,IRLS,248.2,5.6,68.0,4.0,2,1700,0,0,0,0,2,0
CF,RW07,41.345597,-71.810589,0,IRLS,248.2,0.8,68.0,4.9,1,103,0,0,0,0,3,0
CA,0,68.0,2,481,0,0,0,0,0,0
CF,KLUTZ,41.296792,-71.897042,2,ORW,177.4,16.2,248.0,6.0,2,2000,0,0,0,0,0,0
HM,KLUTZ,41.296792,-71.897042,2, ,0.0,0.0,68.0,04.3,0,0,0,0,0,0,0,0,0

APPTR,R07,07,BOROS
IF,BOROS,41.156792,-72.164156, ,0.0,0.0,0,0,0,0,0,0,1,0
TF,DELCI,41.231478,-72.010911,0, ,0.0,0.0,0.0,0.0,2,3000,0,0,0,0,0,0

APPTR,R07,07,GARRD
IF,GARRD,41.158986,-72.055439, ,0.0,0.0,0,0,0,0,0,0,1,0
TF,DELCI,41.231478,-72.010911,0, ,0.0,0.0,0.0,0.0,2,3000,0,0,0,0,0,0

APPTR,R07,07,GON
IF,GON,41.330403,-72.051983, ,0.0,0.0,0,0,0,0,0,0,0,0
TF,DELCI,41.231478,-72.010911,0, ,0.0,0.0,0.0,0.0,2,3000,0,0,0,0,0,1
HF,DELCI,41.231478,-72.010911,2, ,0.0,0.0,68.0,04,2,3000,0,0,0,0,1,0,0

APPTR,R07,07,KURTY
IF,KURTY,41.347869,-72.267856, ,0.0,0.0,0,0,0,0,0,0,1,0
TF,DELCI,41.231478,-72.010911,0, ,0.0,0.0,0.0,0.0,2,3000,0,0,0,0,0,0

APPTR,R07,07,SEY
IF,SEY,41.167367,-71.576322, ,0.0,0.0,0,0,0,0,0,0,0,0
TF,DELCI,41.231478,-72.010911,0, ,0.0,0.0,0.0,0.0,2,3000,0,0,0,0,0,1
HF,DELCI,41.231478,-72.010911,2, ,0.0,0.0,68.0,04,2,3000,0,0,0,0,1,0,0

FINAL,R07,07,R,3
IF,DELCI,41.231478,-72.010911, ,0.0,0.0,2,3000,0,0,0,0,0,0
TF,TRAIT,41.284653,-71.917597,0, ,0.0,0.0,68.0,5.3,2,2000,0,0,0,0,2,0
TF,RW07,41.345597,-71.810589,0, ,0.0,0.0,68.0,6.1,1,103,0,0,0,0,3,1
CA,0,68.0,2,481,0,0,0,0,0,0
DF,LAFAY,41.462561,-71.721231,0, ,0.0,0.0,2,2100,0,0,0,0,0,1
HM,LAFAY,41.462561,-71.721231,2, ,0.0,0.0,55.0,04,0,0,0,0,0,0,0,0,0

