APPTR,N31,31,GPZ
IF,GPZ,47.163444,-93.488933, ,0.0,0.0,0,0,0,0,0,0,0,0
TF,XVG,46.994181,-94.206017,0, ,0.0,0.0,0.0,0.0,2,3300,0,0,0,0,0,0
PI,XVG,46.994181,-94.206017,2,GPZ,96.0,10.0,141,5.0,2,3100,0,0,0,0,1,0
CF,FF31,46.921328,-94.106919,0,GPZ,234.4,29.2,321.0,4.0,2,3100,0,0,0,0,0,0

FINAL,N31,31,N,2
IF,FF31,46.921328,-94.106919,XVG,0.0,0.0,2,3100,0,0,0,0,2,0
CF,RW31,46.986275,-94.198903,0,XVG,0.0,0.0,321.0,5.4,1,1371,0,0,0,0,3,0
CF,XVG,46.994181,-94.206017,0,GPZ,245.2,31.1,321.0,0.6,0,0,0,0,0,0,0,0
CA,0,321.0,2,3100,0,0,0,0,0,0
DF,XVG,46.994181,-94.206017,2, ,0.0,0.0,0,0,0,0,0,0,0,0
HM,XVG,46.994181,-94.206017,2, ,0.0,0.0,321.0,04.3,0,0,0,0,0,0,0,0,0

APPTR,R13,13,SAGAE
HF,SAGAE,47.102594,-94.350778,2, ,0.0,0.0,135.0,04,2,3400,0,0,0,0,1,0,0

FINAL,R13,13,R,3
IF,SAGAE,47.102594,-94.350778, ,0.0,0.0,2,3400,0,0,0,0,0,0
TF,POTOE,47.040475,-94.269558,0, ,0.0,0.0,135.0,5.0,2,3000,0,0,0,0,2,0
TF,RW13,46.992639,-94.207189,0, ,0.0,0.0,135.0,3.9,1,1365,0,0,0,0,3,1
CA,0,135.0,2,1737,0,0,0,0,0,0
DF,ELUPE,46.861239,-94.036400,0, ,0.0,0.0,2,3100,0,0,0,0,0,1
HM,ELUPE,46.861239,-94.036400,2, ,0.0,0.0,315.0,04,0,0,0,0,0,0,0,0,0

APPTR,R31,31,ELUPE
HF,ELUPE,46.861239,-94.036400,2, ,0.0,0.0,315.0,04,2,3100,0,0,0,0,1,0,0

APPTR,R31,31,GPZ
IF,GPZ,47.163444,-93.488933, ,0.0,0.0,0,0,0,0,0,0,0,0
TF,WALUR,46.916528,-93.945525,0, ,0.0,0.0,0.0,0.0,2,3200,0,0,0,0,1,0
TF,ELUPE,46.861239,-94.036400,0, ,0.0,0.0,0.0,0.0,2,3100,0,0,0,0,1,0

APPTR,R31,31,HUUTA
IF,HUUTA,46.713075,-94.317278, ,0.0,0.0,0,0,0,0,0,0,0,0
TF,FIBDO,46.805878,-94.127089,0, ,0.0,0.0,0.0,0.0,2,3100,0,0,0,0,1,0
TF,ELUPE,46.861239,-94.036400,0, ,0.0,0.0,0.0,0.0,2,3100,0,0,0,0,1,0

FINAL,R31,31,R,3
IF,ELUPE,46.861239,-94.036400, ,0.0,0.0,2,3100,0,0,0,0,0,0
TF,BABDE,46.923575,-94.117278,0, ,0.0,0.0,315.0,5.0,2,3000,0,0,0,0,2,0
TF,RW31,46.986275,-94.198903,0, ,0.0,0.0,315.0,5.0,1,1371,0,0,0,0,3,1
CA,0,315.0,2,2000,0,0,0,0,0,0
DF,ELUPE,46.861239,-94.036400,2, ,0.0,0.0,2,3100,0,0,0,0,0,1
HM,ELUPE,46.861239,-94.036400,2, ,0.0,0.0,315.0,04,0,0,0,0,0,0,0,0,0

