APPTR,R01,01,ELIJE
IF,ELIJE,28.036750,-82.267497, ,0.0,0.0,2,2000,0,1,235,0,1,0
TF,UFSOP,28.036253,-82.154492,0, ,0.0,0.0,0.0,0.0,2,2000,0,0,0,0,1,0

APPTR,R01,01,ICZOR
IF,ICZOR,28.035664,-82.041486, ,0.0,0.0,2,2000,0,1,235,0,1,0
TF,UFSOP,28.036253,-82.154492,0, ,0.0,0.0,0.0,0.0,2,2000,0,0,0,0,1,0

APPTR,R01,01,UFSOP
HF,UFSOP,28.036253,-82.154492,2, ,0.0,0.0,6.0,04,2,2000,0,0,0,0,1,0,0

FINAL,R01,01,R,4
IF,UFSOP,28.036253,-82.154492, ,0.0,0.0,2,2000,0,0,0,0,0,0
TF,ERKAF,28.138194,-82.153869,0, ,0.0,0.0,6.0,6.1,2,1700,0,0,0,0,2,0
TF,DATRY,28.177633,-82.153631,0, ,0.0,0.0,6.0,2.4,2,940,0,0,0,0,0,0
TF,RW01,28.221081,-82.153364,0, ,0.0,0.0,6.0,2.6,1,120,0,0,0,0,3,1
CA,0,6.0,2,337,0,0,0,0,0,0
DF,IXROV,28.417469,-82.152164,0, ,0.0,0.0,2,2000,0,0,0,0,0,1
HM,IXROV,28.417469,-82.152164,2, ,0.0,0.0,186.0,04,0,0,0,0,0,0,0,0,0

APPTR,R05,05,BRUNT
HF,BRUNT,28.102533,-82.290272,2, ,0.0,0.0,49.0,04,2,2000,0,0,0,0,1,0,0

APPTR,R05,05,CANSA
IF,CANSA,28.159117,-82.359625, ,0.0,0.0,2,2000,0,0,0,0,1,0
TF,BRUNT,28.102533,-82.290272,0, ,0.0,0.0,0.0,0.0,2,2000,0,0,0,0,1,0

APPTR,R05,05,DARPE
IF,DARPE,28.045914,-82.220989, ,0.0,0.0,2,2000,0,0,0,0,1,0
TF,BRUNT,28.102533,-82.290272,0, ,0.0,0.0,0.0,0.0,2,2000,0,0,0,0,1,0

FINAL,R05,05,R,3
IF,BRUNT,28.102533,-82.290272, ,0.0,0.0,2,2000,0,0,0,0,0,0
TF,AIMER,28.163983,-82.226403,0, ,0.0,0.0,49.0,5.0,2,1700,0,0,0,0,2,0
TF,RW05,28.224153,-82.163764,0, ,0.0,0.0,49.0,4.9,1,140,0,0,0,0,3,1
CA,0,49.0,2,373,0,0,0,0,0,0
DF,FIFES,28.355717,-82.026433,0, ,0.0,0.0,2,2000,0,0,0,0,0,1
HM,FIFES,28.355717,-82.026433,2, ,0.0,0.0,229.0,04,0,0,0,0,0,0,0,0,0

APPTR,R19,19,IXROV
HF,IXROV,28.417469,-82.152164,2, ,0.0,0.0,186.0,04,2,2000,0,0,0,0,1,0,0

APPTR,R19,19,OZGUB
IF,OZGUB,28.417967,-82.265572, ,0.0,0.0,2,2000,0,1,235,0,1,0
TF,IXROV,28.417469,-82.152164,0, ,0.0,0.0,0.0,0.0,2,2000,0,0,0,0,1,0

APPTR,R19,19,UTAWI
IF,UTAWI,28.416881,-82.038756, ,0.0,0.0,2,2000,0,1,235,0,1,0
TF,IXROV,28.417469,-82.152164,0, ,0.0,0.0,0.0,0.0,2,2000,0,0,0,0,1,0

FINAL,R19,19,R,4
IF,IXROV,28.417469,-82.152164, ,0.0,0.0,2,2000,0,0,0,0,0,0
TF,WOVLU,28.315558,-82.152789,0, ,0.0,0.0,186.0,6.1,2,1700,0,0,0,0,2,0
TF,JEGPI,28.271586,-82.153056,0, ,0.0,0.0,186.0,2.6,2,860,0,0,0,0,0,0
TF,RW19,28.233150,-82.153292,0, ,0.0,0.0,186.0,2.3,1,129,0,0,0,0,3,1
CA,0,186.0,2,340,0,0,0,0,0,0
DF,UFSOP,28.036253,-82.154492,0, ,0.0,0.0,2,2000,0,0,0,0,0,1
HM,UFSOP,28.036253,-82.154492,2, ,0.0,0.0,6.0,04,0,0,0,0,0,0,0,0,0

APPTR,R23,23,FIFES
HF,FIFES,28.355717,-82.026433,2, ,0.0,0.0,229.0,04,2,2000,0,0,0,0,1,0,0

APPTR,R23,23,GLUEY
IF,GLUEY,28.293283,-81.950208, ,0.0,0.0,2,2000,0,1,210,0,1,0
TF,FIFES,28.355717,-82.026433,0, ,0.0,0.0,0.0,0.0,2,2000,0,0,0,0,1,0

APPTR,R23,23,HAWKX
IF,HAWKX,28.418108,-82.102750, ,0.0,0.0,2,2000,0,1,210,0,1,0
TF,FIFES,28.355717,-82.026433,0, ,0.0,0.0,0.0,0.0,2,2000,0,0,0,0,1,0

FINAL,R23,23,R,3
IF,FIFES,28.355717,-82.026433, ,0.0,0.0,2,2000,0,0,0,0,0,0
TF,ELOME,28.294367,-82.090536,0, ,0.0,0.0,229.0,5.0,2,1700,0,0,0,0,2,0
TF,RW23,28.234261,-82.153236,0, ,0.0,0.0,229.0,4.9,1,141,0,0,0,0,3,1
CA,0,229.0,2,377,0,0,0,0,0,0
DF,BRUNT,28.102533,-82.290272,0, ,0.0,0.0,2,2000,0,0,0,0,0,1
HM,BRUNT,28.102533,-82.290272,2, ,0.0,0.0,49.0,04,0,0,0,0,0,0,0,0,0

