SID,CRE5D,09,2
CF,KAV,44.895353,14.008239,0,PUL,84.3,3.9,85.0,3.0,0,0,0,0,0,0,0,0
TF,CRE,44.902881,14.416547,0, ,0.0,0.0,0.0,0.0,2,7000,0,0,0,0,0,0

SID,CRE5E,27,2
FD,RW27,44.893931,13.940717,0,PUL,81.4,3.0,265.0,3.0,2,680,0,0,0,0,0,0
DF,KAV,44.895353,14.008239,2, ,0.0,0.0,0,0,0,0,0,0,0,0
TF,CRE,44.902881,14.416547,0, ,0.0,0.0,0.0,0.0,2,7000,0,0,0,0,0,0

SID,GEMK3B,09,2
CF,KAV,44.895353,14.008239,0,PUL,84.3,3.9,85.0,4.0,2,680,0,0,0,0,0,1
CI,0, ,0.0,28.0,0,0,0,0,0,0,0,0
CF,D048T,45.101667,14.283889,0,PUL,48.0,20.0,48.0,9.0,2,7000,0,0,0,0,0,0
VI,0, ,0.0,12.0,0,0,0,0,0,0,0,0
CF,GEMKA,45.470278,14.204167,0,ILB,164.2,5.9,342.0,19.0,2,8000,0,0,0,0,0,0

SID,GIRD3D,09,2
CF,KAV,44.895353,14.008239,0,PUL,84.3,3.9,85.0,4.0,2,680,0,0,0,0,0,1
CI,1, ,0.0,328.0,0,0,0,0,0,0,0,0
CF,D012S,45.198611,14.030833,0,PUL,11.6,19.0,12.0,10.0,2,7000,0,0,0,0,0,0
TF,GIRDA,45.475575,14.133953,0, ,0.0,0.0,0.0,0.0,2,8000,0,0,0,0,0,0

SID,GIRD3E,27,2
FD,RW27,44.893931,13.940717,0,PUL,81.4,3.0,265.0,3.0,2,680,0,0,0,0,0,0
DF,VRS,45.210183,13.648975,2, ,0.0,0.0,0,0,0,0,0,0,0,0
TF,D222W,45.288611,13.791389,0, ,0.0,0.0,0.0,0.0,2,7000,0,0,0,0,0,0
TF,GIRDA,45.475575,14.133953,0, ,0.0,0.0,0.0,0.0,2,8000,0,0,0,0,0,0

SID,GIRD3F,27,2
FD,RW27,44.893931,13.940717,0,PUL,81.4,3.0,265.0,3.0,2,680,0,0,0,0,0,0
CR,2,PUL,8.0,48.0,0,0,0,0,0,0,0,0
CF,D012S,45.198611,14.030833,0,PUL,11.6,19.0,12.0,10.0,2,7000,0,0,0,0,0,0
TF,GIRDA,45.475575,14.133953,0, ,0.0,0.0,0.0,0.0,2,8000,0,0,0,0,0,0

SID,LABI2C,09,2
CF,KAV,44.895353,14.008239,0,PUL,84.3,3.9,85.0,4.0,2,680,0,0,0,0,0,1
DF,D276E,44.905281,13.807103,1, ,0.0,0.0,0,0,0,0,0,0,0,0
TF,LABIN,44.985833,13.091389,0, ,0.0,0.0,0.0,0.0,0,0,0,0,0,0,0,0

SID,LABI2D,27,2
FD,RW27,44.893931,13.940717,0,PUL,81.4,3.0,265.0,3.0,2,680,0,0,0,0,0,0
CF,D276F,44.907700,13.786225,0,PUL,276.3,5.7,276.0,2.0,2,1400,0,0,0,0,0,0
TF,LABIN,44.985833,13.091389,0, ,0.0,0.0,0.0,0.0,0,0,0,0,0,0,0,0

SID,LOS3H,09,2
CF,KAV,44.895353,14.008239,0,PUL,84.3,3.9,85.0,3.0,0,0,0,0,0,0,0,0
TF,LOS,44.527097,14.472847,0, ,0.0,0.0,0.0,0.0,0,0,0,0,0,0,0,0

SID,LOS4G,27,2
FD,RW27,44.893931,13.940717,0,PUL,81.4,3.0,265.0,3.0,2,680,0,0,0,0,0,0
DF,PUL,44.892367,13.918119,2, ,0.0,0.0,0,0,0,0,0,0,0,0
TF,LOS,44.527097,14.472847,0, ,0.0,0.0,0.0,0.0,0,0,0,0,0,0,0,0

SID,RJK2C,09,2
CF,KAV,44.895353,14.008239,0,PUL,84.3,3.9,85.0,4.0,2,680,0,0,0,0,0,1
CI,0, ,0.0,28.0,0,0,0,0,0,0,0,0
CF,D231K,45.115278,14.352500,0,PUL,51.0,22.8,51.0,14.0,2,9000,0,0,0,0,0,0
TF,RJK,45.224122,14.566961,0, ,0.0,0.0,0.0,0.0,0,0,0,0,0,0,0,0

SID,RJK2D,27,2
FD,RW27,44.893931,13.940717,0,PUL,81.4,3.0,265.0,3.0,2,680,0,0,0,0,0,0
DF,D018B,44.923481,13.934939,2, ,0.0,0.0,0,0,0,0,0,0,0,1
CF,D231K,45.115278,14.352500,0,PUL,51.0,22.8,51.0,21.0,2,9000,0,0,0,0,0,0
TF,RJK,45.224122,14.566961,0, ,0.0,0.0,0.0,0.0,0,0,0,0,0,0,0,0

SID,ROTA4C,09,2
CF,KAV,44.895353,14.008239,0,PUL,84.3,3.9,85.0,4.0,2,680,0,0,0,0,0,1
DF,D297C,44.918978,13.852850,1, ,0.0,0.0,0,0,0,0,0,0,0,0
TF,ROTAR,45.262778,12.995556,0, ,0.0,0.0,0.0,0.0,0,0,0,0,0,0,0,0

SID,ROTA4D,27,2
FD,RW27,44.893931,13.940717,0,PUL,81.4,3.0,265.0,3.0,2,680,0,0,0,0,0,0
CI,0, ,0.0,328.0,0,0,0,0,0,0,0,0
CF,ROTAR,45.262778,12.995556,0,PUL,298.9,45.1,297.0,39.0,0,0,0,0,0,0,0,0

STAR,GEMK3A,27,2
IF,GEMKA,45.470278,14.204167, ,0.0,0.0,0,0,0,0,0,0,0,0
TF,ILB27,45.135278,14.330278,0, ,0.0,0.0,0.0,0.0,0,0,0,0,0,0,0,0
TF,ILB35,45.009472,14.377417,0, ,0.0,0.0,0.0,0.0,0,0,0,0,0,0,0,0
TF,CRE,44.902881,14.416547,0, ,0.0,0.0,0.0,0.0,0,0,0,0,0,0,0,0

STAR,GIRD2A,27,2
IF,GIRDA,45.475575,14.133953, ,0.0,0.0,0,0,0,0,0,0,0,0
TF,D012Q,45.166389,14.020278,0, ,0.0,0.0,0.0,0.0,0,0,0,0,0,0,0,0
TF,D012B,44.924594,13.930086,0, ,0.0,0.0,0.0,0.0,0,0,0,0,0,0,0,1
DF,KAV,44.895353,14.008239,1, ,0.0,0.0,0,0,0,0,0,0,0,0

STAR,GIRD2B,09,2
IF,GIRDA,45.475575,14.133953, ,0.0,0.0,0,0,0,0,0,0,0,0
TF,D012Q,45.166389,14.020278,0, ,0.0,0.0,0.0,0.0,0,0,0,0,0,0,0,0
TF,PLA,44.889208,13.753517,0, ,0.0,0.0,0.0,0.0,0,0,0,0,0,0,0,0

STAR,GIRD3C,09,2
IF,GIRDA,45.475575,14.133953, ,0.0,0.0,0,0,0,0,0,0,0,0
TF,D222W,45.288611,13.791389,0, ,0.0,0.0,0.0,0.0,0,0,0,0,0,0,0,0
TF,VRS,45.210183,13.648975,0, ,0.0,0.0,0.0,0.0,0,0,0,0,0,0,0,0
TF,D298J,44.974161,13.725967,0, ,0.0,0.0,0.0,0.0,0,0,0,0,0,0,0,0
TF,PLA,44.889208,13.753517,0, ,0.0,0.0,0.0,0.0,0,0,0,0,0,0,0,0

STAR,KULE2F,ALL,2
IF,KULEN,45.165278,15.133611, ,0.0,0.0,0,0,0,0,0,0,0,0
TF,D159N,44.997500,14.673056,0, ,0.0,0.0,0.0,0.0,0,0,0,0,0,0,0,0
TF,CRE,44.902881,14.416547,0, ,0.0,0.0,0.0,0.0,0,0,0,0,0,0,0,0

STAR,LABI2A,09,2
IF,LABIN,44.985833,13.091389, ,0.0,0.0,0,0,0,0,0,0,0,0
TF,D271L,44.906444,13.637444,0, ,0.0,0.0,0.0,0.0,0,0,0,0,0,0,0,0
TF,PLA,44.889208,13.753517,0, ,0.0,0.0,0.0,0.0,0,0,0,0,0,0,0,0

STAR,LOS3B,09,2
IF,LOS,44.527097,14.472847, ,0.0,0.0,0,0,0,0,0,0,0,0
TF,D130Q,44.700556,14.210833,0, ,0.0,0.0,0.0,0.0,0,0,0,0,0,0,0,0
TF,PUL,44.892367,13.918119,0, ,0.0,0.0,0.0,0.0,0,0,0,0,0,0,0,0
TF,PLA,44.889208,13.753517,0, ,0.0,0.0,0.0,0.0,0,0,0,0,0,0,0,0

STAR,LOS3C,27,2
IF,LOS,44.527097,14.472847, ,0.0,0.0,0,0,0,0,0,0,0,0
TF,D130Q,44.700556,14.210833,0, ,0.0,0.0,0.0,0.0,0,0,0,0,0,0,0,0
TF,D130C,44.858561,13.969933,0, ,0.0,0.0,0.0,0.0,0,0,0,0,0,0,0,1
DF,KAV,44.895353,14.008239,2, ,0.0,0.0,0,0,0,0,0,0,0,0

STAR,LOS3F,27,2
IF,LOS,44.527097,14.472847, ,0.0,0.0,0,0,0,0,0,0,0,0
TF,D108X,44.748611,14.439722,0, ,0.0,0.0,0.0,0.0,0,0,0,0,0,0,0,0
TF,CRE,44.902881,14.416547,0, ,0.0,0.0,0.0,0.0,0,0,0,0,0,0,0,0

STAR,PUL1A,27,2
IF,PUL,44.892367,13.918119, ,0.0,0.0,0,0,0,0,0,0,0,0
TF,D085M,44.898808,14.211064,0, ,0.0,0.0,0.0,0.0,0,0,0,0,0,0,0,0
TF,CRE,44.902881,14.416547,0, ,0.0,0.0,0.0,0.0,0,0,0,0,0,0,0,0

STAR,ROTA3B,09,2
IF,ROTAR,45.262778,12.995556, ,0.0,0.0,0,0,0,0,0,0,0,0
TF,D282L,44.942708,13.646197,0, ,0.0,0.0,0.0,0.0,0,0,0,0,0,0,0,0
TF,PLA,44.889208,13.753517,0, ,0.0,0.0,0.0,0.0,0,0,0,0,0,0,0,0

APPTR,D09,09,PLA
FC,PLA,44.889208,13.753517,0,PUL,0.0,0.0,207.0,3.4,2,2300,0,0,0,0,1,1
CF,PLA,44.889208,13.753517,2,PUL,265.5,7.0,85.0,3.4,2,2300,0,0,0,0,0,0

FINAL,D09,09,D,3
IF,PLA,44.889208,13.753517,PUL,265.5,7.0,2,2300,0,0,0,0,2,0
CF,28VOR,44.891133,13.852503,0,PUL,265.5,2.8,85.0,4.2,2,910,0,0,0,0,0,0
CF,MD09,44.891781,13.894697,0,PUL,265.0,0.0,85.0,1.8,1,346,0,0,0,0,3,0
CA,0,85.0,2,680,0,0,0,0,0,0
CF,CRE,44.902881,14.416547,0,PUL,85.1,21.3,85.0,21.3,1,4000,0,0,0,0,0,0
HM,CRE,44.902881,14.416547,2, ,0.0,0.0,266.0,04.3,0,0,0,0,0,0,0,0,0

APPTR,D27,27,CRE
IF,CRE,44.902881,14.416547, ,0.0,0.0,0,0,0,0,0,0,1,0
CF,D085O,44.900472,14.269639,0,PUL,85.0,15.0,266.0,6.3,2,3300,0,0,0,0,1,0
CF,CD27,44.899261,14.211044,0,PUL,85.0,12.5,265.0,2.5,2,3300,0,0,0,0,0,0

APPTR,D27,27,D108X
IF,D108X,44.748611,14.439722, ,0.0,0.0,2,4000,0,0,0,0,0,0
CF,D351T,44.863639,14.422472,0,PUL,91.4,21.6,351.0,7.0,2,3300,0,0,0,0,1,1
CI,0, ,0.0,296.0,0,0,0,0,0,0,0,0
CF,D085O,44.900472,14.269639,0,PUL,85.0,15.0,266.0,6.0,2,3300,0,0,0,0,1,0
CF,CD27,44.899261,14.211044,0,PUL,85.0,12.5,265.0,2.5,2,3300,0,0,0,0,0,0

APPTR,D27,27,ILB35
IF,ILB35,45.009472,14.377417, ,0.0,0.0,2,4000,0,0,0,0,1,0
CI,0, ,0.0,193.0,0,0,0,0,0,0,0,0
CF,D085O,44.900472,14.269639,0,PUL,85.0,15.0,223.0,6.0,2,3300,0,0,0,0,1,0
CF,CD27,44.899261,14.211044,0,PUL,85.0,12.5,265.0,2.5,2,3300,0,0,0,0,0,0

APPTR,D27,27,KAV
IF,KAV,44.895353,14.008239, ,0.0,0.0,2,3300,0,0,0,0,1,0
CF,FD27,44.896667,14.110278,0,PUL,85.1,8.2,85.0,4.3,0,0,0,0,0,0,0,0
FC,FD27,44.896667,14.110278,0,PUL,0.0,0.0,130.0,4.3,0,0,0,1,190,0,0,1
CF,CD27,44.899261,14.211044,1,PUL,85.0,12.5,265.0,1.0,2,3300,0,1,190,0,0,0

APPTR,D27,27,PUL
IF,PUL,44.892367,13.918119, ,0.0,0.0,2,3300,0,0,0,0,0,0
CF,FD27,44.896667,14.110278,0,PUL,85.1,8.2,85.0,8.2,0,0,0,0,0,0,0,0
FC,FD27,44.896667,14.110278,0,PUL,0.0,0.0,130.0,4.3,0,0,0,0,0,0,0,1
CF,CD27,44.899261,14.211044,1,PUL,85.0,12.5,265.0,1.0,2,3300,0,0,0,0,0,0

FINAL,D27,27,D,4
IF,CD27,44.899261,14.211044,PUL,85.0,12.5,2,3300,0,0,0,0,0,0
CF,FD27,44.896667,14.110278,0,PUL,85.1,8.2,265.0,4.3,2,2800,0,0,0,0,2,0
CF,KAV,44.895353,14.008239,0,PUL,84.3,3.9,265.0,4.3,2,1310,0,0,0,0,0,0
CF,RW27,44.893931,13.940717,0,PUL,81.4,0.0,265.0,2.9,1,324,0,0,0,0,3,0
CF,PLA,44.889208,13.753517,0,PUL,265.5,7.0,265.0,8.0,1,2300,0,0,0,0,0,0
HM,PLA,44.889208,13.753517,2, ,0.0,0.0,85.0,04.3,0,0,0,0,0,0,0,0,0

APPTR,I27,27,CRE
IF,CRE,44.902881,14.416547, ,0.0,0.0,0,0,0,0,0,0,1,0
CF,D085O,44.900472,14.269639,0,PUL,85.0,15.0,266.0,6.3,2,3300,0,0,0,0,1,0
CF,CI27,44.898339,14.157244,0,IPU,85.3,11.0,265.0,4.8,2,2800,0,0,0,0,0,0

APPTR,I27,27,D108X
IF,D108X,44.748611,14.439722, ,0.0,0.0,2,4000,0,0,0,0,0,0
CF,D351T,44.863639,14.422472,0,PUL,91.4,21.6,351.0,7.0,2,3300,0,0,0,0,1,1
CI,0, ,0.0,296.0,0,0,0,0,0,0,0,0
CF,D085O,44.900472,14.269639,0,PUL,85.0,15.0,266.0,6.0,2,3300,0,0,0,0,1,0
CF,CI27,44.898339,14.157244,0,IPU,85.3,11.0,265.0,4.8,2,2800,0,0,0,0,0,0

APPTR,I27,27,ILB35
IF,ILB35,45.009472,14.377417, ,0.0,0.0,2,4000,0,0,0,0,1,0
CI,0, ,0.0,193.0,0,0,0,0,0,0,0,0
CF,D085O,44.900472,14.269639,0,PUL,85.0,15.0,223.0,6.0,2,3300,0,0,0,0,1,0
CF,CI27,44.898339,14.157244,0,IPU,85.3,11.0,265.0,4.8,2,2800,0,0,0,0,0,0

APPTR,I27,27,KAV
IF,KAV,44.895353,14.008239, ,0.0,0.0,2,3300,0,0,0,0,1,0
CF,FI27,44.897417,14.110250,0,PUL,84.8,8.2,85.0,4.3,0,0,0,0,0,0,0,0
FC,FI27,44.897417,14.110250,0,PUL,0.0,0.0,130.0,4.3,2,3300,0,1,190,0,0,1
VI,1, ,0.0,295.0,2,3300,0,1,190,0,0,0
CF,CI27,44.898339,14.157244,0,IPU,85.3,11.0,265.0,3.5,2,2800,0,0,0,0,0,0

APPTR,I27,27,PUL
IF,PUL,44.892367,13.918119, ,0.0,0.0,2,3300,0,0,0,0,0,0
CF,FI27,44.897417,14.110250,0,PUL,84.8,8.2,85.0,8.2,2,3300,0,0,0,0,0,0
FC,FI27,44.897417,14.110250,0,PUL,0.0,0.0,130.0,4.3,2,3300,0,0,0,0,0,1
VI,1, ,0.0,295.0,2,3300,0,0,0,0,0,0
CF,CI27,44.898339,14.157244,0,IPU,85.3,11.0,265.0,3.5,2,2800,0,0,0,0,0,0

FINAL,I27,27,I,3
IF,CI27,44.898339,14.157244,IPU,85.3,11.0,2,2800,0,0,0,0,0,0
CF,FI27,44.897417,14.110250,0,IPU,85.3,9.0,265.0,2.0,1,2800,0,0,0,0,2,0
CF,RW27,44.893931,13.940717,0,IPU,85.3,1.7,265.0,7.2,1,324,0,0,0,0,3,0
CA,0,265.0,2,680,0,0,0,0,0,0
CF,PLA,44.889208,13.753517,0,PUL,265.5,7.0,265.0,7.0,1,2300,0,0,0,0,0,0
HM,PLA,44.889208,13.753517,2, ,0.0,0.0,85.0,04.3,0,0,0,0,0,0,0,0,0

APPTR,N09,09,PLA
FC,PLA,44.889208,13.753517,0,PUL,0.0,0.0,207.0,3.4,2,2300,0,0,0,0,1,1
CF,PLA,44.889208,13.753517,2,PUL,265.5,7.0,85.0,3.4,2,2300,0,0,0,0,0,0

FINAL,N09,09,N,3
IF,PLA,44.889208,13.753517,PLA,0.0,0.0,2,2300,0,0,0,0,2,0
CF,GS,44.892467,13.853083,0,PLA,0.0,0.0,85.0,4.3,2,910,0,0,0,0,0,0
CF,VL,44.892861,13.891156,0,PLA,0.0,0.0,85.0,1.6,1,388,0,0,0,0,3,0
CF,KAV,44.895353,14.008239,0,PUL,84.3,3.9,85.0,5.0,2,680,0,0,0,0,0,1
DF,CRE,44.902881,14.416547,0, ,0.0,0.0,1,4000,0,0,0,0,0,0
HM,CRE,44.902881,14.416547,2, ,0.0,0.0,266.0,04.3,0,0,0,0,0,0,0,0,0

APPTR,N27-Z,27,KAV
IF,KAV,44.895353,14.008239, ,0.0,0.0,2,3000,0,0,0,0,0,0
HF,KAV,44.895353,14.008239,1, ,0.0,0.0,265.0,04.3,2,2600,0,0,0,0,1,0,0

FINAL,N27-Z,27,N,2
IF,KAV,44.895353,14.008239,KAV,0.0,0.0,2,1310,0,0,0,0,2,0
CF,RW27,44.893931,13.940717,0,KAV,0.0,0.0,265.0,2.9,1,324,0,0,0,0,3,0
CF,PLA,44.889208,13.753517,0,PUL,265.5,7.0,265.0,8.0,1,2300,0,0,0,0,0,0
HM,PLA,44.889208,13.753517,2, ,0.0,0.0,85.0,04.3,0,0,0,0,0,0,0,0,0

APPTR,Q27-Y,27,CRE
IF,CRE,44.902881,14.416547, ,0.0,0.0,0,0,0,0,0,0,1,0
CF,D085O,44.900472,14.269639,0,PUL,85.0,15.0,266.0,6.3,2,3300,0,0,0,0,1,0
CF,CQ27Y,44.899394,14.210975,0,PUL,85.0,12.5,265.0,2.5,2,3300,0,0,0,0,0,0

APPTR,Q27-Y,27,D108X
IF,D108X,44.748611,14.439722, ,0.0,0.0,2,4000,0,0,0,0,0,0
CF,D351T,44.863639,14.422472,0,PUL,91.4,21.6,351.0,7.0,2,3300,0,0,0,0,1,1
CI,0, ,0.0,296.0,0,0,0,0,0,0,0,0
CF,D085O,44.900472,14.269639,0,PUL,85.0,15.0,266.0,6.0,2,3300,0,0,0,0,1,0
CF,CQ27Y,44.899394,14.210975,0,PUL,85.0,12.5,265.0,2.5,2,3300,0,0,0,0,0,0

APPTR,Q27-Y,27,ILB35
IF,ILB35,45.009472,14.377417, ,0.0,0.0,2,4000,0,0,0,0,1,0
CI,0, ,0.0,193.0,0,0,0,0,0,0,0,0
CF,D085O,44.900472,14.269639,0,PUL,85.0,15.0,223.0,6.0,2,3300,0,0,0,0,1,0
CF,CQ27Y,44.899394,14.210975,0,PUL,85.0,12.5,265.0,2.5,2,3300,0,0,0,0,0,0

APPTR,Q27-Y,27,KAV
IF,KAV,44.895353,14.008239, ,0.0,0.0,2,3300,0,0,0,0,1,0
CF,FQ27Y,44.897417,14.110250,0,PUL,84.8,8.2,85.0,4.4,0,0,0,0,0,0,0,0
FC,FQ27Y,44.897417,14.110250,0,PUL,0.0,0.0,130.0,4.3,0,0,0,1,190,0,0,1
CF,CQ27Y,44.899394,14.210975,1,PUL,85.0,12.5,265.0,1.0,2,3300,0,1,190,0,0,0

FINAL,Q27-Y,27,N,4
IF,CQ27Y,44.899394,14.210975,KAV,0.0,0.0,2,3300,0,0,0,0,0,0
CF,FQ27Y,44.897417,14.110250,0,KAV,0.0,0.0,265.0,4.3,2,2800,0,0,0,0,2,0
CF,KAV,44.895353,14.008239,0,KAV,0.0,0.0,265.0,4.4,2,1310,0,0,0,0,0,0
CF,RW27,44.893931,13.940717,0,PUL,0.0,0.0,265.0,2.9,1,324,0,0,0,0,3,0
CF,PLA,44.889208,13.753517,0,PUL,265.5,7.0,265.0,8.0,1,2300,0,0,0,0,0,0
HM,PLA,44.889208,13.753517,2, ,0.0,0.0,85.0,04.3,0,0,0,0,0,0,0,0,0

