SID,BLN1L,30,2
CA,0,299.0,2,460,0,0,0,0,0,0
VD, ,0,0,0,MLG,0.0,0.0,313.0,4.3,0,0,0,1,250,0,0,0
CF,D335P,36.918192,-4.653658,0,MLG,334.8,16.0,342.0,11.0,0,0,0,0,0,0,0,1
CF,BLN,38.152528,-3.625000,0,BLN,0.0,0.0,36.0,88.0,0,0,0,0,0,0,0,0

SID,BLN1M,31,2
DF,GM,36.726500,-4.571444,0, ,0.0,0.0,0,0,0,1,250,0,0,0
TF,D335P,36.918192,-4.653658,0, ,0.0,0.0,0.0,0.0,0,0,0,0,0,0,0,1
CF,BLN,38.152528,-3.625000,0,BLN,0.0,0.0,36.0,88.0,0,0,0,0,0,0,0,0

SID,BLN1S,30,2
CA,0,299.0,2,460,0,0,0,0,0,0
VD, ,0,0,0,MLG,0.0,0.0,313.0,4.3,0,0,0,1,210,0,0,0
VI,2, ,0.0,154.0,0,0,0,1,210,0,0,0
CF,D087L,36.691617,-4.266700,0,MLG,87.1,11.6,99.0,10.0,0,0,0,1,250,0,0,1
TF,GDA,37.183167,-3.990917,0, ,0.0,0.0,0.0,0.0,0,0,0,0,0,0,0,0
TF,BLN,38.152528,-3.625000,0, ,0.0,0.0,0.0,0.0,0,0,0,0,0,0,0,0

SID,BLN1T,30,2
CA,0,299.0,2,460,0,0,0,0,0,0
VD, ,0,0,0,MLG,0.0,0.0,313.0,4.3,0,0,0,1,250,0,0,0
CF,D335P,36.918192,-4.653658,0,MLG,334.8,16.0,342.0,11.0,0,0,0,0,0,0,0,1
CF,GDA,37.183167,-3.990917,0,GDA,0.0,0.0,69.0,36.0,0,0,0,0,0,0,0,0
TF,BLN,38.152528,-3.625000,0, ,0.0,0.0,0.0,0.0,0,0,0,0,0,0,0,0

SID,BLN1U,31,2
DF,GM,36.726500,-4.571444,0, ,0.0,0.0,0,0,0,1,250,0,0,0
TF,D335P,36.918192,-4.653658,0, ,0.0,0.0,0.0,0.0,0,0,0,0,0,0,0,1
CF,GDA,37.183167,-3.990917,0,GDA,0.0,0.0,69.0,36.0,0,0,0,0,0,0,0,0
TF,BLN,38.152528,-3.625000,0, ,0.0,0.0,0.0,0.0,0,0,0,0,0,0,0,0

SID,BLN2C,13,2
CA,0,133.0,2,460,0,0,0,0,0,0
CF,D136I,36.572467,-4.374961,0,MLG,136.0,9.0,136.0,7.0,0,0,0,0,0,0,0,0
CI,0, ,0.0,136.0,0,0,0,0,0,0,0,0
AF,D186K,36.495861,-4.526456,2,MLG,186.0,11.0,136.0,0,0,0,0,0,0,0,1
CF,MLG,36.678750,-4.506639,2,MLG,0.0,0.0,17.0,9.0,2,9500,0,0,0,0,0,0
TF,MGA,36.814306,-4.369583,0, ,0.0,0.0,0.0,0.0,0,0,0,0,0,0,0,0
TF,GDA,37.183167,-3.990917,0, ,0.0,0.0,0.0,0.0,0,0,0,0,0,0,0,0
TF,BLN,38.152528,-3.625000,0, ,0.0,0.0,0.0,0.0,0,0,0,0,0,0,0,0

SID,BLN2H,13,2
CA,0,133.0,2,460,0,0,0,0,0,0
CF,D136K,36.548828,-4.345747,0,MLG,136.0,11.0,136.0,9.0,2,3200,0,0,0,0,0,1
CF,GDA,37.183167,-3.990917,1,GDA,0.0,0.0,22.0,41.0,0,0,0,0,0,0,0,0
TF,BLN,38.152528,-3.625000,0, ,0.0,0.0,0.0,0.0,0,0,0,0,0,0,0,0

SID,BLN2P,31,2
DF,GM,36.726500,-4.571444,0, ,0.0,0.0,0,0,0,0,0,0,0,0
VI,2, ,0.0,154.0,0,0,0,1,210,0,0,0
CF,D087L,36.691617,-4.266700,0,MLG,87.1,11.6,99.0,11.0,0,0,0,1,250,0,0,0
TF,GDA,37.183167,-3.990917,0, ,0.0,0.0,0.0,0.0,0,0,0,0,0,0,0,0
TF,BLN,38.152528,-3.625000,0, ,0.0,0.0,0.0,0.0,0,0,0,0,0,0,0,0

SID,INKA1H,13,2
CA,0,133.0,2,460,0,0,0,0,0,0
CF,D136K,36.548828,-4.345747,0,MLG,136.0,11.0,136.0,9.0,2,3200,0,0,0,0,0,1
CF,GD36A,36.618336,-4.245828,1,GDA,202.0,36.0,22.0,4.0,0,0,0,0,0,0,0,1
CF,INKAL,36.612083,-3.866667,0,MLG,98.2,31.2,98.0,18.0,0,0,0,0,0,0,0,0

SID,INKA1P,31,2
DF,GM,36.726500,-4.571444,0, ,0.0,0.0,0,0,0,1,210,0,0,0
VI,2, ,0.0,154.0,0,0,0,0,0,0,0,0
CF,D087L,36.691617,-4.266700,0,MLG,87.1,11.6,99.0,11.0,0,0,0,0,0,0,0,0
VI,0, ,0.0,128.0,0,0,0,0,0,0,0,0
CF,INKAL,36.612083,-3.866667,0,MLG,98.2,31.2,98.0,16.0,0,0,0,0,0,0,0,0

SID,INKA1S,30,2
CA,0,299.0,2,460,0,0,0,0,0,0
VD, ,0,0,0,MLG,0.0,0.0,313.0,4.3,0,0,0,1,210,0,0,0
VI,2, ,0.0,154.0,0,0,0,0,0,0,0,0
CF,D087L,36.691617,-4.266700,0,MLG,87.1,11.6,99.0,10.0,0,0,0,0,0,0,0,1
VI,0, ,0.0,128.0,0,0,0,0,0,0,0,0
CF,INKAL,36.612083,-3.866667,0,MLG,98.2,31.2,98.0,16.0,0,0,0,0,0,0,0,0

SID,JRZ1L,30,2
CA,0,299.0,2,460,0,0,0,0,0,0
VD, ,0,0,0,MLG,0.0,0.0,313.0,4.3,0,0,0,1,250,0,0,0
CF,D335P,36.918192,-4.653658,0,MLG,334.8,16.0,342.0,11.0,0,0,0,0,0,0,0,0
TF,MAR,37.055306,-4.939889,0, ,0.0,0.0,0.0,0.0,0,0,0,0,0,0,0,0
TF,JRZ,36.815194,-6.026528,0, ,0.0,0.0,0.0,0.0,0,0,0,0,0,0,0,0

SID,JRZ1M,31,2
DF,GM,36.726500,-4.571444,0, ,0.0,0.0,0,0,0,1,250,0,0,0
TF,D335P,36.918192,-4.653658,0, ,0.0,0.0,0.0,0.0,0,0,0,0,0,0,0,0
TF,MAR,37.055306,-4.939889,0, ,0.0,0.0,0.0,0.0,0,0,0,0,0,0,0,0
TF,JRZ,36.815194,-6.026528,0, ,0.0,0.0,0.0,0.0,0,0,0,0,0,0,0,0

SID,JRZ1S,30,2
CA,0,299.0,2,460,0,0,0,0,0,0
VD, ,0,0,0,MLG,0.0,0.0,313.0,4.3,0,0,0,1,210,0,0,0
VI,2, ,0.0,154.0,0,0,0,0,0,0,0,0
CF,MG33A,36.350072,-4.737019,0,MGA,213.7,33.0,214.0,26.0,0,0,0,0,0,0,0,1
CF,JRZ,36.815194,-6.026528,0,JRZ,0.0,0.0,297.0,67.0,0,0,0,0,0,0,0,0

SID,JRZ2H,13,2
CA,0,133.0,2,460,0,0,0,0,0,0
CF,D136I,36.572467,-4.374961,0,MLG,136.0,9.0,136.0,7.0,0,0,0,0,0,0,0,0
CI,0, ,0.0,136.0,0,0,0,0,0,0,0,0
AF,D197K,36.502261,-4.569317,2,MLG,197.0,11.0,136.0,0,0,0,0,0,0,0,0
CF,MGA34,36.343028,-4.742553,0,MLG,210.6,23.1,214.0,12.0,0,0,0,0,0,0,0,1
CF,ALORA,36.817639,-5.211889,2,SVL,146.0,45.1,325.0,35.0,0,0,0,0,0,0,0,0
TF,JRZ,36.815194,-6.026528,0, ,0.0,0.0,0.0,0.0,0,0,0,0,0,0,0,0

SID,JRZ2P,31,2
DF,GM,36.726500,-4.571444,0, ,0.0,0.0,0,0,0,1,210,0,0,0
VI,2, ,0.0,154.0,0,0,0,0,0,0,0,0
CF,MG33A,36.350072,-4.737019,0,MGA,213.7,33.0,214.0,25.0,0,0,0,0,0,0,0,1
CF,JRZ,36.815194,-6.026528,0,JRZ,0.0,0.0,297.0,67.0,0,0,0,0,0,0,0,0

SID,NESD1H,13,2
CA,0,133.0,2,460,0,0,0,0,0,0
CF,D136K,36.548828,-4.345747,0,MLG,136.0,11.0,136.0,9.0,2,3200,0,0,0,0,0,1
CF,D202Y,36.790986,-4.168333,1,MGA,99.1,9.8,22.0,15.0,0,0,0,0,0,0,0,1
CF,NESDA,36.821472,-3.741722,0,MGA,90.0,30.3,90.0,20.0,2,11000,0,0,0,0,0,0

SID,NESD1P,31,2
DF,GM,36.726500,-4.571444,0, ,0.0,0.0,0,0,0,1,210,0,0,0
VI,2, ,0.0,154.0,0,0,0,0,0,0,0,0
CF,D087L,36.691617,-4.266700,0,MLG,87.1,11.6,99.0,11.0,0,0,0,1,250,0,0,1
CF,D204Y,36.796178,-4.185253,0,GDA,204.0,25.0,24.0,7.0,0,0,0,0,0,0,0,1
CF,NESDA,36.821472,-3.741722,0,MGA,90.0,30.3,90.0,21.0,2,11000,0,0,0,0,0,0

SID,NESD1S,30,2
CA,0,299.0,2,460,0,0,0,0,0,0
VD, ,0,0,0,MLG,0.0,0.0,313.0,4.3,0,0,0,1,210,0,0,0
VI,2, ,0.0,154.0,0,0,0,0,0,0,0,0
CF,D087L,36.691617,-4.266700,0,MLG,87.1,11.6,99.0,10.0,0,0,0,1,250,0,0,1
CF,D204Y,36.796178,-4.185253,0,GDA,204.0,25.0,24.0,7.0,0,0,0,0,0,0,0,1
CF,NESDA,36.821472,-3.741722,0,MGA,90.0,30.3,90.0,21.0,2,11000,0,0,0,0,0,0

SID,PEKO1H,13,2
CA,0,133.0,2,460,0,0,0,0,0,0
CF,D136K,36.548828,-4.345747,0,MLG,136.0,11.0,136.0,9.0,2,3200,0,0,0,0,0,0
CF,EPATA,36.287056,-3.866667,0,MLG,128.0,38.9,128.0,26.0,0,0,0,0,0,0,0,0
TF,PEKOP,35.833333,-3.440917,0, ,0.0,0.0,0.0,0.0,0,0,0,0,0,0,0,0

SID,PEKO1P,31,2
DF,GM,36.726500,-4.571444,0, ,0.0,0.0,0,0,0,1,210,0,0,0
VI,2, ,0.0,154.0,0,0,0,0,0,0,0,0
CF,D087L,36.691617,-4.266700,0,MLG,87.1,11.6,99.0,11.0,0,0,0,0,0,0,0,1
TF,EPATA,36.287056,-3.866667,0, ,0.0,0.0,0.0,0.0,0,0,0,0,0,0,0,0
TF,PEKOP,35.833333,-3.440917,0, ,0.0,0.0,0.0,0.0,0,0,0,0,0,0,0,0

SID,PEKO1S,30,2
CA,0,299.0,2,460,0,0,0,0,0,0
VD, ,0,0,0,MLG,0.0,0.0,313.0,4.3,0,0,0,1,210,0,0,0
VI,2, ,0.0,154.0,0,0,0,0,0,0,0,0
CF,D087L,36.691617,-4.266700,0,MLG,87.1,11.6,99.0,10.0,0,0,0,0,0,0,0,1
TF,EPATA,36.287056,-3.866667,0, ,0.0,0.0,0.0,0.0,0,0,0,0,0,0,0,0
TF,PEKOP,35.833333,-3.440917,0, ,0.0,0.0,0.0,0.0,0,0,0,0,0,0,0,0

SID,PEPA1H,13,2
CA,0,133.0,2,460,0,0,0,0,0,0
CF,D136K,36.548828,-4.345747,0,MLG,136.0,11.0,136.0,9.0,2,3200,0,0,0,0,0,1
CF,D202R,36.903964,-4.117425,1,GDA,202.0,17.8,22.0,22.0,0,0,0,0,0,0,0,0
TF,PEPAS,37.159722,-3.570833,0, ,0.0,0.0,0.0,0.0,0,0,0,0,0,0,0,0

SID,PEPA1T,30,2
CA,0,299.0,2,460,0,0,0,0,0,0
VD, ,0,0,0,MLG,0.0,0.0,313.0,4.3,0,0,0,1,250,0,0,0
CF,D335P,36.918192,-4.653658,0,MLG,334.8,16.0,342.0,11.0,0,0,0,0,0,0,0,1
CF,D249K,37.110597,-4.203817,0,GDA,249.0,11.1,69.0,24.0,0,0,0,0,0,0,0,1
TF,PEPAS,37.159722,-3.570833,0, ,0.0,0.0,0.0,0.0,0,0,0,0,0,0,0,0

SID,PEPA1U,31,2
DF,GM,36.726500,-4.571444,0, ,0.0,0.0,0,0,0,1,250,0,0,0
TF,D335P,36.918192,-4.653658,0, ,0.0,0.0,0.0,0.0,0,0,0,0,0,0,0,1
CF,D249K,37.110597,-4.203817,0,GDA,249.0,11.1,69.0,24.0,0,0,0,0,0,0,0,0
TF,PEPAS,37.159722,-3.570833,0, ,0.0,0.0,0.0,0.0,0,0,0,0,0,0,0,0

SID,PIMO1S,30,2
CA,0,299.0,2,460,0,0,0,0,0,0
VD, ,0,0,0,MLG,0.0,0.0,313.0,4.3,0,0,0,1,210,0,0,0
VI,2, ,0.0,154.0,0,0,0,0,0,0,0,0
CF,PIMOS,36.150361,-4.893472,0,MGA,213.7,47.2,214.0,40.0,0,0,0,0,0,0,0,0

SID,PIMO2H,13,2
CA,0,133.0,2,460,0,0,0,0,0,0
CF,D136I,36.572467,-4.374961,0,MLG,136.0,9.0,136.0,7.0,0,0,0,0,0,0,0,1
CI,0, ,0.0,136.0,0,0,0,0,0,0,0,0
AF,D197K,36.502261,-4.569317,2,MLG,197.0,11.0,136.0,0,0,0,0,0,0,0,0
CF,PIMOS,36.150361,-4.893472,0,MLG,211.7,36.8,214.0,25.0,0,0,0,0,0,0,0,0

SID,PIMO2P,31,2
DF,GM,36.726500,-4.571444,0, ,0.0,0.0,0,0,0,1,210,0,0,0
VI,2, ,0.0,154.0,0,0,0,0,0,0,0,0
CF,PIMOS,36.150361,-4.893472,0,MGA,213.7,47.2,214.0,39.0,0,0,0,0,0,0,0,0

SID,ROLA1H,13,2
CA,0,133.0,2,460,0,0,0,0,0,0
CF,D136K,36.548828,-4.345747,0,MLG,136.0,11.0,136.0,9.0,2,3200,0,0,0,0,0,1
CF,D202R,36.903964,-4.117425,1,GDA,202.0,17.8,22.0,22.0,0,0,0,0,0,0,0,0
TF,MGA46,37.157550,-3.513639,0, ,0.0,0.0,0.0,0.0,2,14000,0,0,0,0,0,0
TF,ROLAS,37.415639,-2.854361,0, ,0.0,0.0,0.0,0.0,0,0,0,0,0,0,0,0

SID,ROLA1P,31,2
DF,GM,36.726500,-4.571444,0, ,0.0,0.0,0,0,0,1,210,0,0,0
VI,2, ,0.0,154.0,0,0,0,0,0,0,0,0
CF,D087L,36.691617,-4.266700,0,MLG,87.1,11.6,99.0,11.0,0,0,0,1,250,0,0,1
CF,D204R,36.907667,-4.129483,0,GDA,204.0,17.8,24.0,14.0,0,0,0,0,0,0,0,0
TF,MGA36,37.083458,-3.700369,0, ,0.0,0.0,0.0,0.0,2,14000,0,0,0,0,0,0
TF,ROLAS,37.415639,-2.854361,0, ,0.0,0.0,0.0,0.0,0,0,0,0,0,0,0,0

SID,ROLA1S,30,2
CA,0,299.0,2,460,0,0,0,0,0,0
VD, ,0,0,0,MLG,0.0,0.0,313.0,4.3,0,0,0,1,210,0,0,0
VI,2, ,0.0,154.0,0,0,0,0,0,0,0,0
CF,D087L,36.691617,-4.266700,0,MLG,87.1,11.6,99.0,10.0,0,0,0,1,250,0,0,1
CF,D204R,36.907667,-4.129483,0,GDA,204.0,17.8,24.0,14.0,0,0,0,0,0,0,0,1
TF,MGA36,37.083458,-3.700369,0, ,0.0,0.0,0.0,0.0,2,14000,0,0,0,0,0,0
TF,ROLAS,37.415639,-2.854361,0, ,0.0,0.0,0.0,0.0,0,0,0,0,0,0,0,0

SID,ROLA1T,30,2
CA,0,299.0,2,460,0,0,0,0,0,0
VD, ,0,0,0,MLG,0.0,0.0,313.0,4.3,0,0,0,1,250,0,0,0
CF,D335P,36.918192,-4.653658,0,MLG,334.8,16.0,342.0,11.0,0,0,0,0,0,0,0,1
CF,D249R,37.065294,-4.335956,0,GDA,249.0,18.0,69.0,17.0,0,0,0,0,0,0,0,1
TF,MGA36,37.083458,-3.700369,0, ,0.0,0.0,0.0,0.0,2,14000,0,0,0,0,0,1
TF,ROLAS,37.415639,-2.854361,0, ,0.0,0.0,0.0,0.0,0,0,0,0,0,0,0,0

SID,ROLA1U,31,2
DF,GM,36.726500,-4.571444,0, ,0.0,0.0,0,0,0,1,250,0,0,0
TF,D335P,36.918192,-4.653658,0, ,0.0,0.0,0.0,0.0,0,0,0,0,0,0,0,1
CF,D249R,37.065294,-4.335956,0,GDA,249.0,18.0,69.0,17.0,0,0,0,0,0,0,0,0
TF,MGA36,37.083458,-3.700369,0, ,0.0,0.0,0.0,0.0,2,14000,0,0,0,0,0,0
TF,ROLAS,37.415639,-2.854361,0, ,0.0,0.0,0.0,0.0,0,0,0,0,0,0,0,0

SID,SVL1L,30,2
CA,0,299.0,2,460,0,0,0,0,0,0
VD, ,0,0,0,MLG,0.0,0.0,313.0,4.3,0,0,0,1,250,0,0,0
CF,D335P,36.918192,-4.653658,0,MLG,334.8,16.0,342.0,11.0,0,0,0,0,0,0,0,1
TF,MAR,37.055306,-4.939889,0, ,0.0,0.0,0.0,0.0,0,0,0,0,0,0,0,0
TF,SVL,37.427583,-5.762222,0, ,0.0,0.0,0.0,0.0,0,0,0,0,0,0,0,0

SID,SVL1M,31,2
DF,GM,36.726500,-4.571444,0, ,0.0,0.0,0,0,0,1,250,0,0,0
TF,D335P,36.918192,-4.653658,0, ,0.0,0.0,0.0,0.0,0,0,0,0,0,0,0,0
TF,MAR,37.055306,-4.939889,0, ,0.0,0.0,0.0,0.0,0,0,0,0,0,0,0,0
TF,SVL,37.427583,-5.762222,0, ,0.0,0.0,0.0,0.0,0,0,0,0,0,0,0,0

SID,SVL1S,30,2
CA,0,299.0,2,460,0,0,0,0,0,0
VD, ,0,0,0,MLG,0.0,0.0,313.0,4.3,0,0,0,1,210,0,0,0
VI,2, ,0.0,154.0,0,0,0,0,0,0,0,0
CF,MG33A,36.350072,-4.737019,0,MGA,213.7,33.0,214.0,26.0,0,0,0,0,0,0,0,1
CF,JRZ27,36.626533,-5.527358,0,JRZ,117.0,26.6,297.0,40.0,0,0,0,0,0,0,0,1
TF,SVL,37.427583,-5.762222,0, ,0.0,0.0,0.0,0.0,0,0,0,0,0,0,0,0

SID,SVL2H,13,2
CA,0,133.0,2,460,0,0,0,0,0,0
CF,D136I,36.572467,-4.374961,0,MLG,136.0,9.0,136.0,7.0,0,0,0,0,0,0,0,0
CI,0, ,0.0,136.0,0,0,0,0,0,0,0,0
AF,D197K,36.502261,-4.569317,2,MLG,197.0,11.0,136.0,0,0,0,0,0,0,0,0
CF,MGA34,36.343028,-4.742553,0,MLG,210.6,23.1,214.0,12.0,0,0,0,0,0,0,0,1
CF,ALORA,36.817639,-5.211889,2,SVL,146.0,45.1,325.0,34.0,0,0,0,0,0,0,0,0
TF,SVL,37.427583,-5.762222,0, ,0.0,0.0,0.0,0.0,0,0,0,0,0,0,0,0

SID,SVL2P,31,2
DF,GM,36.726500,-4.571444,0, ,0.0,0.0,0,0,0,1,210,0,0,0
VI,2, ,0.0,154.0,0,0,0,0,0,0,0,0
CF,MG33A,36.350072,-4.737019,0,MGA,213.7,33.0,214.0,26.0,0,0,0,0,0,0,0,1
CF,JRZ27,36.626533,-5.527358,0,JRZ,117.0,26.6,297.0,40.0,0,0,0,0,0,0,0,0
TF,SVL,37.427583,-5.762222,0, ,0.0,0.0,0.0,0.0,0,0,0,0,0,0,0,0

SID,ULPE1H,13,2
CA,0,133.0,2,460,0,0,0,0,0,0
CF,D136K,36.548828,-4.345747,0,MLG,136.0,11.0,136.0,9.0,2,3200,0,0,0,0,0,1
CF,GDA33,36.665428,-4.224725,1,MLG,94.3,13.6,22.0,7.0,0,0,0,0,0,0,0,1
CF,ULPEP,36.710833,-3.809306,0,MLG,87.5,33.7,88.0,20.0,0,0,0,0,0,0,0,0

SID,ULPE1P,31,2
DF,GM,36.726500,-4.571444,0, ,0.0,0.0,0,0,0,1,210,0,0,0
VI,2, ,0.0,154.0,0,0,0,0,0,0,0,0
CF,D087L,36.691617,-4.266700,0,MLG,87.1,11.6,99.0,11.0,0,0,0,0,0,0,0,0
TF,ULPEP,36.710833,-3.809306,0, ,0.0,0.0,0.0,0.0,0,0,0,0,0,0,0,0

SID,ULPE1S,30,2
CA,0,299.0,2,460,0,0,0,0,0,0
VD, ,0,0,0,MLG,0.0,0.0,313.0,4.3,0,0,0,1,210,0,0,0
VI,2, ,0.0,154.0,0,0,0,0,0,0,0,0
CF,D087L,36.691617,-4.266700,0,MLG,87.1,11.6,99.0,10.0,0,0,0,0,0,0,0,0
TF,ULPEP,36.710833,-3.809306,0, ,0.0,0.0,0.0,0.0,0,0,0,0,0,0,0,0

SID,VIBA1C,13,2
CA,0,133.0,2,460,0,0,0,0,0,0
CF,D136I,36.572467,-4.374961,0,MLG,136.0,9.0,136.0,7.0,0,0,0,0,0,0,0,0
CI,0, ,0.0,136.0,0,0,0,0,0,0,0,0
AF,D186K,36.495861,-4.526456,2,MLG,186.0,11.0,136.0,0,0,0,0,0,0,0,0
CF,MLG,36.678750,-4.506639,2,MLG,0.0,0.0,17.0,9.0,2,9500,0,0,0,0,0,0
TF,MGA,36.814306,-4.369583,0, ,0.0,0.0,0.0,0.0,0,0,0,0,0,0,0,0
TF,GDA,37.183167,-3.990917,0, ,0.0,0.0,0.0,0.0,0,0,0,0,0,0,0,0
TF,VIBAS,37.392222,-3.630861,0, ,0.0,0.0,0.0,0.0,0,0,0,0,0,0,0,0

SID,VIBA1S,30,2
CA,0,299.0,2,460,0,0,0,0,0,0
VD, ,0,0,0,MLG,0.0,0.0,313.0,4.3,0,0,0,1,210,0,0,0
VI,2, ,0.0,154.0,0,0,0,0,0,0,0,0
CF,D087L,36.691617,-4.266700,0,MLG,87.1,11.6,99.0,10.0,0,0,0,1,250,0,0,1
CF,GDA,37.183167,-3.990917,0,GDA,0.0,0.0,24.0,32.0,0,0,0,0,0,0,0,0
TF,VIBAS,37.392222,-3.630861,0, ,0.0,0.0,0.0,0.0,0,0,0,0,0,0,0,0

SID,VIBA1T,30,2
CA,0,299.0,2,460,0,0,0,0,0,0
VD, ,0,0,0,MLG,0.0,0.0,313.0,4.3,0,0,0,1,250,0,0,0
CF,D335P,36.918192,-4.653658,0,MLG,334.8,16.0,342.0,11.0,0,0,0,0,0,0,0,1
CF,GDA,37.183167,-3.990917,0,GDA,0.0,0.0,69.0,36.0,0,0,0,0,0,0,0,0
TF,VIBAS,37.392222,-3.630861,0, ,0.0,0.0,0.0,0.0,0,0,0,0,0,0,0,0

SID,VIBA1U,31,2
DF,GM,36.726500,-4.571444,0, ,0.0,0.0,0,0,0,1,250,0,0,0
TF,D335P,36.918192,-4.653658,0, ,0.0,0.0,0.0,0.0,0,0,0,0,0,0,0,1
CF,GDA,37.183167,-3.990917,0,GDA,0.0,0.0,69.0,36.0,0,0,0,0,0,0,0,0
TF,VIBAS,37.392222,-3.630861,0, ,0.0,0.0,0.0,0.0,0,0,0,0,0,0,0,0

SID,VIBA2H,13,2
CA,0,133.0,2,460,0,0,0,0,0,0
CF,D136K,36.548828,-4.345747,0,MLG,136.0,11.0,136.0,9.0,2,3200,0,0,0,0,0,1
CF,GDA,37.183167,-3.990917,1,GDA,0.0,0.0,22.0,40.0,0,0,0,0,0,0,0,0
TF,VIBAS,37.392222,-3.630861,0, ,0.0,0.0,0.0,0.0,0,0,0,0,0,0,0,0

SID,VIBA2P,31,2
DF,GM,36.726500,-4.571444,0, ,0.0,0.0,0,0,0,1,210,0,0,0
VI,2, ,0.0,154.0,0,0,0,0,0,0,0,0
CF,D087L,36.691617,-4.266700,0,MLG,87.1,11.6,99.0,11.0,0,0,0,1,250,0,0,1
CF,GDA,37.183167,-3.990917,0,GDA,0.0,0.0,24.0,32.0,0,0,0,0,0,0,0,0
TF,VIBAS,37.392222,-3.630861,0, ,0.0,0.0,0.0,0.0,0,0,0,0,0,0,0,0

STAR,BL1DCQ,ALL,2
IF,BLN,38.152528,-3.625000, ,0.0,0.0,0,0,0,0,0,0,0,0
TF,BAENA,37.568444,-4.331972,0, ,0.0,0.0,0.0,0.0,3,22000,0,0,0,0,0,0
TF,MGA38,37.447939,-4.338031,0, ,0.0,0.0,0.0,0.0,0,0,0,0,0,0,0,0
TF,D004W,37.189492,-4.350964,0, ,0.0,0.0,0.0,0.0,0,0,0,0,0,0,0,1
CF,TOLSU,37.134222,-4.470833,0,MGA,346.8,19.8,260.0,6.0,0,0,0,0,0,0,0,0

STAR,BL1DCZ,31,2
IF,BLN,38.152528,-3.625000, ,0.0,0.0,0,0,0,0,0,0,0,0
TF,VIBAS,37.392222,-3.630861,0, ,0.0,0.0,0.0,0.0,3,21000,0,0,0,0,0,0
TF,MOSUK,37.115833,-3.625000,0, ,0.0,0.0,0.0,0.0,3,21000,0,0,0,0,0,0
TF,D064X,36.991564,-3.933978,0, ,0.0,0.0,0.0,0.0,0,0,0,0,0,0,0,1
CF,GDA25,36.767536,-3.945717,0,GDA,177.0,25.0,177.0,12.0,0,0,0,0,0,0,0,0
TF,GDA36,36.584647,-3.925986,0, ,0.0,0.0,0.0,0.0,0,0,0,0,0,0,0,0
CF,PISAV,36.586083,-4.108889,2,MGA,138.3,18.6,287.0,7.0,0,0,0,0,0,0,0,0

STAR,BLN1Q,ALL,2
IF,BLN,38.152528,-3.625000, ,0.0,0.0,0,0,0,0,0,0,0,0
TF,BAENA,37.568444,-4.331972,0, ,0.0,0.0,0.0,0.0,3,22000,0,0,0,0,0,0
TF,MGA38,37.447939,-4.338031,0, ,0.0,0.0,0.0,0.0,0,0,0,0,0,0,0,0
TF,MGA33,37.364569,-4.342214,0, ,0.0,0.0,0.0,0.0,0,0,0,1,250,0,0,0
TF,D004W,37.189492,-4.350964,0, ,0.0,0.0,0.0,0.0,0,0,0,0,0,0,0,1
CF,TOLSU,37.134222,-4.470833,0,MGA,346.8,19.8,260.0,6.0,0,0,0,0,0,0,0,0

STAR,BLN1Z,31,2
IF,BLN,38.152528,-3.625000, ,0.0,0.0,0,0,0,0,0,0,0,0
TF,VIBAS,37.392222,-3.630861,0, ,0.0,0.0,0.0,0.0,3,21000,0,0,0,0,0,0
TF,MOSUK,37.115833,-3.625000,0, ,0.0,0.0,0.0,0.0,3,21000,0,1,280,0,0,0
TF,D064X,36.991564,-3.933978,0, ,0.0,0.0,0.0,0.0,0,0,0,0,0,0,0,1
CF,GDA25,36.767536,-3.945717,0,GDA,177.0,25.0,177.0,12.0,0,0,0,0,0,0,0,0
TF,GDA36,36.584647,-3.925986,0, ,0.0,0.0,0.0,0.0,0,0,0,0,0,0,0,0
CF,PISAV,36.586083,-4.108889,2,MGA,138.3,18.6,287.0,7.0,0,0,0,0,0,0,0,0

STAR,BO1DCQ,ALL,2
IF,BOLKA,36.479222,-2.608833, ,0.0,0.0,0,0,0,0,0,0,0,0
TF,MGA,36.814306,-4.369583,0, ,0.0,0.0,0.0,0.0,0,0,0,0,0,0,0,0
TF,D011S,37.126544,-4.300822,0, ,0.0,0.0,0.0,0.0,0,0,0,0,0,0,0,1
CF,TOLSU,37.134222,-4.470833,1,MGA,346.8,19.8,260.0,7.0,0,0,0,0,0,0,0,0

STAR,BO1DCZ,31,2
IF,BOLKA,36.479222,-2.608833, ,0.0,0.0,0,0,0,0,0,0,0,0
TF,D104W,36.730489,-3.914600,0, ,0.0,0.0,0.0,0.0,0,0,0,0,0,0,0,1
CF,GDA36,36.584647,-3.925986,1,MGA,123.6,25.5,177.0,8.0,0,0,0,0,0,0,0,1
CF,PISAV,36.586083,-4.108889,2,MGA,138.3,18.6,287.0,7.0,0,0,0,0,0,0,0,0

STAR,BOLK1Q,ALL,2
IF,BOLKA,36.479222,-2.608833, ,0.0,0.0,0,0,0,0,0,0,0,0
TF,MGA,36.814306,-4.369583,0, ,0.0,0.0,0.0,0.0,0,0,0,0,0,0,0,0
TF,D011S,37.126544,-4.300822,0, ,0.0,0.0,0.0,0.0,0,0,0,0,0,0,0,1
CF,TOLSU,37.134222,-4.470833,1,MGA,346.8,19.8,260.0,7.0,0,0,0,0,0,0,0,0

STAR,BOLK1Z,31,2
IF,BOLKA,36.479222,-2.608833, ,0.0,0.0,0,0,0,0,0,0,0,0
TF,D104W,36.730489,-3.914600,0, ,0.0,0.0,0.0,0.0,0,0,0,0,0,0,0,1
CF,GDA36,36.584647,-3.925986,1,MGA,123.6,25.5,177.0,8.0,0,0,0,0,0,0,0,1
CF,PISAV,36.586083,-4.108889,2,MGA,138.3,18.6,287.0,7.0,0,0,0,0,0,0,0,0

STAR,GO1DCQ,ALL,2
IF,GONZA,36.204750,-2.876944, ,0.0,0.0,0,0,0,0,0,0,0,0
TF,MGA,36.814306,-4.369583,0, ,0.0,0.0,0.0,0.0,0,0,0,0,0,0,0,0
TF,D011S,37.126544,-4.300822,0, ,0.0,0.0,0.0,0.0,0,0,0,0,0,0,0,1
CF,TOLSU,37.134222,-4.470833,1,MGA,346.8,19.8,260.0,7.0,0,0,0,0,0,0,0,0

STAR,GO1DCZ,31,2
IF,GONZA,36.204750,-2.876944, ,0.0,0.0,0,0,0,0,0,0,0,0
TF,INKAL,36.612083,-3.866667,0, ,0.0,0.0,0.0,0.0,0,0,0,0,0,0,0,0
TF,ML29A,36.567964,-3.919522,0, ,0.0,0.0,0.0,0.0,0,0,0,0,0,0,0,1
CF,PISAV,36.586083,-4.108889,0,MLG,107.0,20.0,287.0,8.0,0,0,0,0,0,0,0,0

STAR,GONZ1Q,ALL,2
IF,GONZA,36.204750,-2.876944, ,0.0,0.0,0,0,0,0,0,0,0,0
TF,MGA,36.814306,-4.369583,0, ,0.0,0.0,0.0,0.0,0,0,0,0,0,0,0,0
TF,D011S,37.126544,-4.300822,0, ,0.0,0.0,0.0,0.0,0,0,0,0,0,0,0,1
CF,TOLSU,37.134222,-4.470833,1,MGA,346.8,19.8,260.0,7.0,0,0,0,0,0,0,0,0

STAR,GONZ1Z,31,2
IF,GONZA,36.204750,-2.876944, ,0.0,0.0,0,0,0,0,0,0,0,0
TF,INKAL,36.612083,-3.866667,0, ,0.0,0.0,0.0,0.0,0,0,0,0,0,0,0,0
TF,ML29A,36.567964,-3.919522,0, ,0.0,0.0,0.0,0.0,0,0,0,0,0,0,0,1
CF,PISAV,36.586083,-4.108889,0,MLG,107.0,20.0,287.0,8.0,0,0,0,0,0,0,0,0

STAR,JR1DCJ,31,2
IF,JRZ,36.815194,-6.026528, ,0.0,0.0,0,0,0,0,0,0,0,0
TF,BALPO,36.610833,-5.208611,0, ,0.0,0.0,0.0,0.0,3,18000,0,0,0,0,0,0
TF,KURET,36.485833,-4.721944,0, ,0.0,0.0,0.0,0.0,0,0,0,0,0,0,0,0
AF,ETROV,36.380528,-4.350833,1,MGA,179.0,26.0,222.0,0,0,0,0,0,0,0,0

STAR,JR1DCK,ALL,2
IF,JRZ,36.815194,-6.026528, ,0.0,0.0,0,0,0,0,0,0,0,0
TF,D227Y,36.762961,-5.314781,0, ,0.0,0.0,0.0,0.0,3,21000,0,0,0,0,0,0
TF,MAR,37.055306,-4.939889,0, ,0.0,0.0,0.0,0.0,0,0,0,0,0,0,0,0
TF,OMIGO,37.220250,-4.907222,0, ,0.0,0.0,0.0,0.0,0,0,0,0,0,0,0,0

STAR,JRZ1J,31,2
IF,JRZ,36.815194,-6.026528, ,0.0,0.0,0,0,0,0,0,0,0,0
TF,BALPO,36.610833,-5.208611,0, ,0.0,0.0,0.0,0.0,3,18000,0,0,0,0,0,0
TF,JRZ55,36.541739,-4.938686,0, ,0.0,0.0,0.0,0.0,0,0,0,1,250,0,0,0
TF,KURET,36.485833,-4.721944,0, ,0.0,0.0,0.0,0.0,0,0,0,0,0,0,0,0
AF,ETROV,36.380528,-4.350833,1,MGA,179.0,26.0,222.0,0,0,0,0,0,0,0,0

STAR,JRZ1K,ALL,2
IF,JRZ,36.815194,-6.026528, ,0.0,0.0,0,0,0,0,0,0,0,0
TF,D227Y,36.762961,-5.314781,0, ,0.0,0.0,0.0,0.0,3,21000,0,0,0,0,0,0
TF,D227K,36.927564,-5.104239,0, ,0.0,0.0,0.0,0.0,0,0,0,1,250,0,0,0
TF,MAR,37.055306,-4.939889,0, ,0.0,0.0,0.0,0.0,0,0,0,0,0,0,0,0
TF,OMIGO,37.220250,-4.907222,0, ,0.0,0.0,0.0,0.0,0,0,0,0,0,0,0,0

STAR,NE1DCQ,ALL,2
IF,NESDA,36.821472,-3.741722, ,0.0,0.0,0,0,0,0,0,0,0,0
TF,MGA,36.814306,-4.369583,0, ,0.0,0.0,0.0,0.0,0,0,0,0,0,0,0,0
TF,D011S,37.126544,-4.300822,0, ,0.0,0.0,0.0,0.0,0,0,0,0,0,0,0,1
CF,TOLSU,37.134222,-4.470833,1,MGA,346.8,19.8,260.0,7.0,0,0,0,0,0,0,0,0

STAR,NE1DCZ,31,2
IF,NESDA,36.821472,-3.741722, ,0.0,0.0,0,0,0,0,0,0,0,0
TF,D090V,36.819844,-3.912983,0, ,0.0,0.0,0.0,0.0,0,0,0,0,0,0,0,1
CF,GDA25,36.767536,-3.945717,1,GDA,177.0,25.0,177.0,2.0,0,0,0,0,0,0,0,0
TF,GDA36,36.584647,-3.925986,0, ,0.0,0.0,0.0,0.0,0,0,0,0,0,0,0,1
CF,PISAV,36.586083,-4.108889,2,MLG,107.0,20.0,287.0,7.0,0,0,0,0,0,0,0,0

STAR,NESD1Q,ALL,2
IF,NESDA,36.821472,-3.741722, ,0.0,0.0,0,0,0,0,0,0,0,0
TF,MGA,36.814306,-4.369583,0, ,0.0,0.0,0.0,0.0,0,0,0,0,0,0,0,0
TF,D011S,37.126544,-4.300822,0, ,0.0,0.0,0.0,0.0,0,0,0,0,0,0,0,1
CF,TOLSU,37.134222,-4.470833,1,MGA,346.8,19.8,260.0,7.0,0,0,0,0,0,0,0,0

STAR,NESD1Z,31,2
IF,NESDA,36.821472,-3.741722, ,0.0,0.0,0,0,0,0,0,0,0,0
TF,D090V,36.819844,-3.912983,0, ,0.0,0.0,0.0,0.0,0,0,0,0,0,0,0,1
CF,GDA25,36.767536,-3.945717,1,GDA,177.0,25.0,177.0,2.0,0,0,0,0,0,0,0,0
TF,GDA36,36.584647,-3.925986,0, ,0.0,0.0,0.0,0.0,0,0,0,0,0,0,0,1
CF,PISAV,36.586083,-4.108889,2,MLG,107.0,20.0,287.0,7.0,0,0,0,0,0,0,0,0

STAR,PE1DCQ,ALL,2
IF,PEKOP,35.833333,-3.440917, ,0.0,0.0,0,0,0,0,0,0,0,0
TF,MGA,36.814306,-4.369583,0, ,0.0,0.0,0.0,0.0,0,0,0,0,0,0,0,0
TF,D011S,37.126544,-4.300822,0, ,0.0,0.0,0.0,0.0,0,0,0,0,0,0,0,1
CF,TOLSU,37.134222,-4.470833,1,MGA,346.8,19.8,260.0,7.0,0,0,0,0,0,0,0,0

STAR,PE1DCZ,31,2
IF,PEKOP,35.833333,-3.440917, ,0.0,0.0,0,0,0,0,0,0,0,0
TF,EPATA,36.287056,-3.866667,0, ,0.0,0.0,0.0,0.0,0,0,0,0,0,0,0,0
TF,MGA32,36.391228,-3.965347,0, ,0.0,0.0,0.0,0.0,0,0,0,0,0,0,0,0
CI,0, ,0.0,324.0,0,0,0,0,0,0,0,0
AF,MLG29,36.503986,-3.946939,1,MLG,112.0,29.0,123.0,0,0,0,0,0,0,0,0
CF,PISAV,36.586083,-4.108889,0,MLG,107.0,20.0,287.0,8.0,0,0,0,0,0,0,0,0

STAR,PEKO1Q,ALL,2
IF,PEKOP,35.833333,-3.440917, ,0.0,0.0,0,0,0,0,0,0,0,0
TF,MGA,36.814306,-4.369583,0, ,0.0,0.0,0.0,0.0,0,0,0,0,0,0,0,0
TF,D011S,37.126544,-4.300822,0, ,0.0,0.0,0.0,0.0,0,0,0,0,0,0,0,1
CF,TOLSU,37.134222,-4.470833,1,MGA,346.8,19.8,260.0,7.0,0,0,0,0,0,0,0,0

STAR,PEKO1Z,31,2
IF,PEKOP,35.833333,-3.440917, ,0.0,0.0,0,0,0,0,0,0,0,0
TF,EPATA,36.287056,-3.866667,0, ,0.0,0.0,0.0,0.0,0,0,0,0,0,0,0,0
TF,MGA32,36.391228,-3.965347,0, ,0.0,0.0,0.0,0.0,0,0,0,0,0,0,0,0
CI,0, ,0.0,324.0,0,0,0,0,0,0,0,0
AF,MLG29,36.503986,-3.946939,1,MLG,112.0,29.0,123.0,0,0,0,0,0,0,0,0
CF,PISAV,36.586083,-4.108889,0,MLG,107.0,20.0,287.0,8.0,0,0,0,0,0,0,0,0

STAR,PI1DCJ,31,2
IF,PIMOS,36.150361,-4.893472, ,0.0,0.0,0,0,0,0,0,0,0,0
TF,MGA28,36.420486,-4.681631,0, ,0.0,0.0,0.0,0.0,0,0,0,0,0,0,0,0
CI,0, ,0.0,34.0,0,0,0,0,0,0,0,0
AF,ETROV,36.380528,-4.350833,1,MGA,179.0,26.0,214.0,0,0,0,0,0,0,0,0

STAR,PI1DCQ,ALL,2
IF,PIMOS,36.150361,-4.893472, ,0.0,0.0,0,0,0,0,0,0,0,0
TF,MGA,36.814306,-4.369583,0, ,0.0,0.0,0.0,0.0,0,0,0,0,0,0,0,0
TF,D011S,37.126544,-4.300822,0, ,0.0,0.0,0.0,0.0,0,0,0,0,0,0,0,1
CF,TOLSU,37.134222,-4.470833,1,MGA,346.8,19.8,260.0,7.0,0,0,0,0,0,0,0,0

STAR,PIMO1J,31,2
IF,PIMOS,36.150361,-4.893472, ,0.0,0.0,0,0,0,1,250,0,0,0
TF,MGA28,36.420486,-4.681631,0, ,0.0,0.0,0.0,0.0,0,0,0,0,0,0,0,0
CI,0, ,0.0,34.0,0,0,0,0,0,0,0,0
AF,ETROV,36.380528,-4.350833,1,MGA,179.0,26.0,214.0,0,0,0,0,0,0,0,0

STAR,PIMO1Q,ALL,2
IF,PIMOS,36.150361,-4.893472, ,0.0,0.0,0,0,0,0,0,0,0,0
TF,MGA,36.814306,-4.369583,0, ,0.0,0.0,0.0,0.0,0,0,0,0,0,0,0,0
TF,D011S,37.126544,-4.300822,0, ,0.0,0.0,0.0,0.0,0,0,0,0,0,0,0,1
CF,TOLSU,37.134222,-4.470833,1,MGA,346.8,19.8,260.0,7.0,0,0,0,0,0,0,0,0

STAR,RO1DCQ,ALL,2
IF,ROLAS,37.415639,-2.854361, ,0.0,0.0,0,0,0,0,0,0,0,0
TF,D091Z,37.181933,-3.451939,0, ,0.0,0.0,0.0,0.0,0,0,0,0,0,0,0,0
TF,D091O,37.182747,-3.678067,0, ,0.0,0.0,0.0,0.0,0,0,0,0,0,0,0,0
TF,GDA,37.183167,-3.990917,0, ,0.0,0.0,0.0,0.0,3,17000,0,0,0,0,0,0
TF,D264N,37.149822,-4.284069,0, ,0.0,0.0,0.0,0.0,0,0,0,0,0,0,0,1
CF,TOLSU,37.134222,-4.470833,0,MGA,346.8,19.8,260.0,8.0,0,0,0,0,0,0,0,0

STAR,RO1DCZ,31,2
IF,ROLAS,37.415639,-2.854361, ,0.0,0.0,0,0,0,0,0,0,0,0
TF,MOSUK,37.115833,-3.625000,0, ,0.0,0.0,0.0,0.0,3,21000,0,0,0,0,0,0
TF,D064X,36.991564,-3.933978,0, ,0.0,0.0,0.0,0.0,0,0,0,0,0,0,0,1
CF,GDA25,36.767536,-3.945717,0,GDA,177.0,25.0,177.0,12.0,0,0,0,0,0,0,0,0
TF,GDA36,36.584647,-3.925986,0, ,0.0,0.0,0.0,0.0,0,0,0,0,0,0,0,1
CF,PISAV,36.586083,-4.108889,2,MLG,107.0,20.0,287.0,7.0,0,0,0,0,0,0,0,0

STAR,ROLA1Q,ALL,2
IF,ROLAS,37.415639,-2.854361, ,0.0,0.0,0,0,0,0,0,0,0,0
TF,D091Z,37.181933,-3.451939,0, ,0.0,0.0,0.0,0.0,0,0,0,0,0,0,0,0
TF,D091O,37.182747,-3.678067,0, ,0.0,0.0,0.0,0.0,0,0,0,0,0,0,0,0
TF,GDA,37.183167,-3.990917,0, ,0.0,0.0,0.0,0.0,3,17000,0,0,0,0,0,0
TF,D264N,37.149822,-4.284069,0, ,0.0,0.0,0.0,0.0,0,0,0,0,0,0,0,1
CF,TOLSU,37.134222,-4.470833,0,MGA,346.8,19.8,260.0,8.0,0,0,0,0,0,0,0,0

STAR,ROLA1Z,31,2
IF,ROLAS,37.415639,-2.854361, ,0.0,0.0,0,0,0,0,0,0,0,0
TF,MOSUK,37.115833,-3.625000,0, ,0.0,0.0,0.0,0.0,3,21000,0,1,280,0,0,0
TF,D064X,36.991564,-3.933978,0, ,0.0,0.0,0.0,0.0,0,0,0,0,0,0,0,1
CF,GDA25,36.767536,-3.945717,0,GDA,177.0,25.0,177.0,12.0,0,0,0,0,0,0,0,0
TF,GDA36,36.584647,-3.925986,0, ,0.0,0.0,0.0,0.0,0,0,0,0,0,0,0,1
CF,PISAV,36.586083,-4.108889,2,MLG,107.0,20.0,287.0,7.0,0,0,0,0,0,0,0,0

STAR,SV1DCJ,31,2
IF,SVL,37.427583,-5.762222, ,0.0,0.0,0,0,0,0,0,0,0,0
TF,MAR,37.055306,-4.939889,0, ,0.0,0.0,0.0,0.0,3,20000,0,0,0,0,0,0
TF,KURET,36.485833,-4.721944,0, ,0.0,0.0,0.0,0.0,0,0,0,0,0,0,0,0
AF,ETROV,36.380528,-4.350833,1,MGA,179.0,26.0,222.0,0,0,0,0,0,0,0,0

STAR,SV1DCK,ALL,2
IF,SVL,37.427583,-5.762222, ,0.0,0.0,0,0,0,0,0,0,0,0
TF,SVL29,37.358706,-5.161869,0, ,0.0,0.0,0.0,0.0,0,0,0,0,0,0,0,0
TF,SVL40,37.331786,-4.934442,0, ,0.0,0.0,0.0,0.0,0,0,0,0,0,0,0,1
CF,OMIGO,37.220250,-4.907222,2,MGA,314.4,35.5,190.0,5.0,0,0,0,0,0,0,0,0

STAR,SVL1J,31,2
IF,SVL,37.427583,-5.762222, ,0.0,0.0,0,0,0,0,0,0,0,0
TF,MAR,37.055306,-4.939889,0, ,0.0,0.0,0.0,0.0,3,20000,0,0,0,0,0,0
TF,D164X,36.672556,-4.793031,0, ,0.0,0.0,0.0,0.0,0,0,0,1,250,0,0,0
TF,KURET,36.485833,-4.721944,0, ,0.0,0.0,0.0,0.0,0,0,0,0,0,0,0,0
AF,ETROV,36.380528,-4.350833,1,MGA,179.0,26.0,222.0,0,0,0,0,0,0,0,0

STAR,SVL1K,ALL,2
IF,SVL,37.427583,-5.762222, ,0.0,0.0,0,0,0,0,0,0,0,0
TF,SVL29,37.358706,-5.161869,0, ,0.0,0.0,0.0,0.0,0,0,0,1,250,0,0,0
TF,SVL40,37.331786,-4.934442,0, ,0.0,0.0,0.0,0.0,0,0,0,0,0,0,0,1
CF,OMIGO,37.220250,-4.907222,2,MGA,314.4,35.5,190.0,5.0,0,0,0,0,0,0,0,0

STAR,VI1DCQ,ALL,2
IF,VIBAS,37.392222,-3.630861, ,0.0,0.0,0,0,0,0,0,0,0,0
TF,GDA,37.183167,-3.990917,0, ,0.0,0.0,0.0,0.0,3,17000,0,0,0,0,0,0
TF,D264N,37.149822,-4.284069,0, ,0.0,0.0,0.0,0.0,0,0,0,0,0,0,0,1
CF,TOLSU,37.134222,-4.470833,0,MGA,346.8,19.8,260.0,8.0,0,0,0,0,0,0,0,0

STAR,VI1DCZ,31,2
IF,VIBAS,37.392222,-3.630861, ,0.0,0.0,3,21000,0,0,0,0,0,0
TF,MOSUK,37.115833,-3.625000,0, ,0.0,0.0,0.0,0.0,3,21000,0,0,0,0,0,0
TF,D064X,36.991564,-3.933978,0, ,0.0,0.0,0.0,0.0,0,0,0,0,0,0,0,1
CF,GDA25,36.767536,-3.945717,0,GDA,177.0,25.0,177.0,12.0,0,0,0,0,0,0,0,0
TF,GDA36,36.584647,-3.925986,0, ,0.0,0.0,0.0,0.0,0,0,0,0,0,0,0,1
CF,PISAV,36.586083,-4.108889,2,MGA,138.3,18.6,287.0,7.0,0,0,0,0,0,0,0,0

STAR,VIBA1Q,ALL,2
IF,VIBAS,37.392222,-3.630861, ,0.0,0.0,0,0,0,0,0,0,0,0
TF,GDA,37.183167,-3.990917,0, ,0.0,0.0,0.0,0.0,3,17000,0,0,0,0,0,0
TF,D264N,37.149822,-4.284069,0, ,0.0,0.0,0.0,0.0,0,0,0,0,0,0,0,1
CF,TOLSU,37.134222,-4.470833,0,MGA,346.8,19.8,260.0,8.0,0,0,0,0,0,0,0,0

STAR,VIBA1Z,31,2
IF,VIBAS,37.392222,-3.630861, ,0.0,0.0,3,21000,0,0,0,0,0,0
TF,MOSUK,37.115833,-3.625000,0, ,0.0,0.0,0.0,0.0,3,21000,0,1,280,0,0,0
TF,D064X,36.991564,-3.933978,0, ,0.0,0.0,0.0,0.0,0,0,0,0,0,0,0,1
CF,GDA25,36.767536,-3.945717,0,GDA,177.0,25.0,177.0,12.0,0,0,0,0,0,0,0,0
TF,GDA36,36.584647,-3.925986,0, ,0.0,0.0,0.0,0.0,0,0,0,0,0,0,0,1
CF,PISAV,36.586083,-4.108889,2,MGA,138.3,18.6,287.0,7.0,0,0,0,0,0,0,0,0

STAR,VJ1DCJ,31,2
IF,VJF,36.239333,-5.975500, ,0.0,0.0,0,0,0,0,0,0,0,0
TF,VJF37,36.669378,-5.440200,0, ,0.0,0.0,0.0,0.0,0,0,0,0,0,0,0,0
TF,BALPO,36.610833,-5.208611,0, ,0.0,0.0,0.0,0.0,3,18000,0,0,0,0,0,0
TF,KURET,36.485833,-4.721944,0, ,0.0,0.0,0.0,0.0,0,0,0,0,0,0,0,0
AF,ETROV,36.380528,-4.350833,1,MGA,179.0,26.0,222.0,0,0,0,0,0,0,0,0

STAR,VJ1DCK,ALL,2
IF,VJF,36.239333,-5.975500, ,0.0,0.0,0,0,0,0,0,0,0,0
TF,D227Y,36.762961,-5.314781,0, ,0.0,0.0,0.0,0.0,3,21000,0,0,0,0,0,0
TF,MAR,37.055306,-4.939889,0, ,0.0,0.0,0.0,0.0,0,0,0,0,0,0,0,0
TF,OMIGO,37.220250,-4.907222,0, ,0.0,0.0,0.0,0.0,0,0,0,0,0,0,0,0

STAR,VJF1J,31,2
IF,VJF,36.239333,-5.975500, ,0.0,0.0,0,0,0,0,0,0,0,0
TF,VJF37,36.669378,-5.440200,0, ,0.0,0.0,0.0,0.0,0,0,0,0,0,0,0,0
TF,BALPO,36.610833,-5.208611,0, ,0.0,0.0,0.0,0.0,3,18000,0,0,0,0,0,0
TF,JRZ55,36.541739,-4.938686,0, ,0.0,0.0,0.0,0.0,0,0,0,1,250,0,0,0
TF,KURET,36.485833,-4.721944,0, ,0.0,0.0,0.0,0.0,0,0,0,0,0,0,0,0
AF,ETROV,36.380528,-4.350833,1,MGA,179.0,26.0,222.0,0,0,0,0,0,0,0,0

STAR,VJF1K,ALL,2
IF,VJF,36.239333,-5.975500, ,0.0,0.0,0,0,0,0,0,0,0,0
TF,D227Y,36.762961,-5.314781,0, ,0.0,0.0,0.0,0.0,3,21000,0,0,0,0,0,0
TF,D227K,36.927564,-5.104239,0, ,0.0,0.0,0.0,0.0,0,0,0,1,250,0,0,0
TF,MAR,37.055306,-4.939889,0, ,0.0,0.0,0.0,0.0,0,0,0,0,0,0,0,0
TF,OMIGO,37.220250,-4.907222,0, ,0.0,0.0,0.0,0.0,0,0,0,0,0,0,0,0

STAR,VU1DCJ,31,2
IF,VULPE,37.761222,-4.798444, ,0.0,0.0,0,0,0,0,0,0,0,0
TF,MAR,37.055306,-4.939889,0, ,0.0,0.0,0.0,0.0,3,20000,0,0,0,0,0,0
TF,KURET,36.485833,-4.721944,0, ,0.0,0.0,0.0,0.0,0,0,0,0,0,0,0,0
AF,ETROV,36.380528,-4.350833,1,MGA,179.0,26.0,222.0,0,0,0,0,0,0,0,0

STAR,VU1DCK,ALL,2
IF,VULPE,37.761222,-4.798444, ,0.0,0.0,3,25000,0,0,0,0,0,0
TF,OMIGO,37.220250,-4.907222,0, ,0.0,0.0,0.0,0.0,0,0,0,0,0,0,0,0

STAR,VULP1J,31,2
IF,VULPE,37.761222,-4.798444, ,0.0,0.0,0,0,0,0,0,0,0,0
TF,MAR,37.055306,-4.939889,0, ,0.0,0.0,0.0,0.0,3,20000,0,0,0,0,0,0
TF,D164X,36.672556,-4.793031,0, ,0.0,0.0,0.0,0.0,0,0,0,1,250,0,0,0
TF,KURET,36.485833,-4.721944,0, ,0.0,0.0,0.0,0.0,0,0,0,0,0,0,0,0
AF,ETROV,36.380528,-4.350833,1,MGA,179.0,26.0,222.0,0,0,0,0,0,0,0,0

STAR,VULP1K,ALL,2
IF,VULPE,37.761222,-4.798444, ,0.0,0.0,3,25000,0,0,0,0,0,0
TF,D010U,37.401372,-4.870883,0, ,0.0,0.0,0.0,0.0,0,0,0,1,250,0,0,0
TF,OMIGO,37.220250,-4.907222,0, ,0.0,0.0,0.0,0.0,0,0,0,0,0,0,0,0

APPTR,D12,12,OMIGO
IF,OMIGO,37.220250,-4.907222, ,0.0,0.0,2,6000,0,0,0,0,1,0
CF,MAR,37.055306,-4.939889,0,MAR,0.0,0.0,190.0,10.0,2,6000,0,0,0,0,0,0
CF,NEPUR,36.929333,-4.838000,0,MAR,148.0,9.0,148.0,9.0,2,4800,0,0,0,0,0,0
CF,D148P,36.834033,-4.761231,0,MAR,148.0,15.8,148.0,6.8,2,4800,0,0,0,0,0,0
CF,CD12,36.771917,-4.711083,0,AGP,297.0,12.0,148.0,4.4,2,3200,0,0,0,0,1,0

APPTR,D12,12,TOLSU
IF,TOLSU,37.134222,-4.470833, ,0.0,0.0,2,7000,0,0,0,0,1,0
CF,D080C,37.065792,-4.872431,0,MAR,80.0,3.3,260.0,19.7,2,7000,0,0,0,0,0,1
CF,NEPUR,36.929333,-4.838000,1,MAR,148.0,9.0,148.0,9.0,2,4800,0,0,0,0,0,0
CF,D148P,36.834033,-4.761231,0,MAR,148.0,15.8,148.0,6.8,2,4800,0,0,0,0,0,0
CF,CD12,36.771917,-4.711083,0,AGP,297.0,12.0,148.0,4.4,2,3200,0,0,0,0,1,0

FINAL,D12,12,D,5
IF,CD12,36.771917,-4.711083,AGP,297.0,12.0,2,3200,0,0,0,0,0,0
CF,FD12,36.734667,-4.615722,0,AGP,297.0,6.9,117.0,5.1,2,2200,0,0,0,0,2,0
CF,52VOR,36.722336,-4.584225,0,AGP,297.0,5.2,117.0,1.7,2,1630,0,0,0,0,0,0
CF,39VOR,36.712842,-4.559992,0,AGP,297.0,3.9,117.0,1.3,2,1150,0,0,0,0,0,0
CF,MD12,36.695306,-4.515278,0,AGP,297.0,1.5,117.0,2.4,1,261,0,0,0,0,3,0
CF,AGP,36.684333,-4.487333,0,AGP,0.0,0.0,117.0,1.5,2,460,0,0,0,0,0,0
CF,XILVI,36.614361,-4.100306,0,AGP,103.5,19.2,104.0,19.1,1,2200,0,0,0,0,0,0
HM,XILVI,36.614361,-4.100306,1, ,0.0,0.0,284.0,04.9,0,0,0,1,230,0,0,0,0

APPTR,D13,13,OMIGO
IF,OMIGO,37.220250,-4.907222, ,0.0,0.0,2,6000,0,0,0,0,1,0
CF,MAR,37.055306,-4.939889,0,MAR,0.0,0.0,190.0,10.0,2,6000,0,0,0,0,0,0
CF,NEPUR,36.929333,-4.838000,0,MAR,148.0,9.0,148.0,9.0,2,5000,0,0,0,0,0,0
CF,D313T,36.901667,-4.815500,0,MLG,313.0,20.0,148.0,2.0,2,5000,0,0,0,0,1,0
CF,CD13,36.857167,-4.753600,0,MLG,313.0,16.0,133.0,4.0,2,4400,0,0,0,0,0,0

APPTR,D13,13,TOLSU
IF,TOLSU,37.134222,-4.470833, ,0.0,0.0,2,7000,0,0,0,0,1,0
CF,D080C,37.065792,-4.872431,0,MAR,80.0,3.3,260.0,19.7,2,7000,0,0,0,0,0,1
CF,NEPUR,36.929333,-4.838000,1,MAR,148.0,9.0,148.0,9.0,2,5000,0,0,0,0,0,0
CF,D313T,36.901667,-4.815500,0,MLG,313.0,20.0,148.0,2.0,2,5000,0,0,0,0,1,0
CF,CD13,36.857167,-4.753600,0,MLG,313.0,16.0,133.0,4.0,2,4400,0,0,0,0,0,0

FINAL,D13,13,D,5
IF,CD13,36.857167,-4.753600,MLG,313.0,16.0,2,4400,0,0,0,0,0,0
CF,FD13,36.794889,-4.667194,0,MLG,313.0,10.4,133.0,5.6,2,3200,0,0,0,0,2,0
CF,71VOR,36.757986,-4.616100,0,MLG,313.0,7.1,133.0,3.3,2,2210,0,0,0,0,0,0
CF,41VOR,36.724517,-4.569833,0,MLG,313.0,4.1,133.0,3.0,2,1260,0,0,0,0,0,0
CF,MD13,36.689889,-4.522056,0,MLG,312.9,0.0,133.0,3.1,1,285,0,0,0,0,3,0
CF,MLG,36.678750,-4.506639,0,MLG,0.0,0.0,133.0,1.0,2,460,0,0,0,0,0,0
CF,D133B,36.651942,-4.469725,0,MLG,133.0,2.4,133.0,2.4,0,0,0,0,0,0,0,1
CI,0, ,0.0,72.0,0,0,0,0,0,0,0,0
CF,XILVI,36.614361,-4.100306,0,MLG,102.0,20.0,102.0,15.0,1,2200,0,0,0,0,0,0
HM,XILVI,36.614361,-4.100306,1, ,0.0,0.0,282.0,05,0,0,0,1,230,0,0,0,0

APPTR,D31,31,ETROV
IF,ETROV,36.380528,-4.350833, ,0.0,0.0,4,8000,4000,0,0,0,1,0
CR,0,MGA,174.0,24.0,0,0,0,0,0,0,0,0
CF,CD31,36.554889,-4.330250,0,MLG,132.0,11.3,354.0,7.0,2,2000,0,0,0,0,1,0

APPTR,D31,31,PISAV
IF,PISAV,36.586083,-4.108889, ,0.0,0.0,4,11000,4000,0,0,0,1,0
CI,0, ,0.0,287.0,0,0,0,0,0,0,0,0
AF,D126R,36.506050,-4.201839,2,MLG,126.0,18.0,107.0,0,0,0,0,0,0,0,0
CF,D133Q,36.502306,-4.258544,0,MLG,132.3,16.0,312.0,2.0,2,3000,0,0,0,0,0,0
CF,CD31,36.554889,-4.330250,0,MLG,132.0,11.3,312.0,4.7,2,2000,0,0,0,0,1,0

FINAL,D31,31,D,3
IF,CD31,36.554889,-4.330250,MLG,132.0,11.3,2,2000,0,0,0,0,0,0
CF,FD31,36.610278,-4.409028,0,MLG,132.0,6.3,312.0,5.0,2,1600,0,0,0,0,2,0
CF,MD31,36.656833,-4.475417,0,MLG,132.1,2.0,312.0,4.3,1,311,0,0,0,0,3,0
CF,MLG,36.678750,-4.506639,0,MLG,0.0,0.0,312.0,2.0,2,460,0,0,0,0,0,1
CI,0, ,0.0,239.0,0,0,0,1,210,0,0,0
CF,D269H,36.674158,-4.666072,0,MLG,269.0,7.7,269.0,7.0,0,0,0,1,230,0,0,1
CI,2, ,0.0,360.0,0,0,0,0,0,0,0,0
CF,MAR,37.055306,-4.939889,0,MAR,0.0,0.0,327.0,22.0,4,7500,6000,0,0,0,0,0
HM,MAR,37.055306,-4.939889,2, ,0.0,0.0,147.0,04.3,0,0,0,1,230,0,0,0,0

APPTR,I12-Y,12,OMIGO
IF,OMIGO,37.220250,-4.907222, ,0.0,0.0,2,6000,0,0,0,0,1,0
CF,MAR,37.055306,-4.939889,0,MAR,0.0,0.0,190.0,10.0,2,6000,0,0,0,0,0,0
CF,NEPUR,36.929333,-4.838000,0,MAR,148.0,9.0,148.0,9.0,2,4800,0,0,0,0,0,0
CF,D148P,36.834033,-4.761231,0,MAR,148.0,15.8,148.0,6.8,2,4800,0,0,0,0,0,0
CF,CI12,36.779361,-4.718583,0,IMG,298.6,13.2,148.0,3.9,2,3200,0,0,0,0,1,0

APPTR,I12-Y,12,TOLSU
IF,TOLSU,37.134222,-4.470833, ,0.0,0.0,2,7000,0,0,0,0,1,0
CF,D080C,37.065792,-4.872431,0,MAR,80.0,3.3,260.0,19.7,2,7000,0,0,0,0,0,1
CF,NEPUR,36.929333,-4.838000,1,MAR,148.0,9.0,148.0,9.0,2,4800,0,0,0,0,0,0
CF,D148P,36.834033,-4.761231,0,MAR,148.0,15.8,148.0,6.8,2,4800,0,0,0,0,0,0
CF,CI12,36.779361,-4.718583,0,IMG,298.6,13.2,148.0,3.9,2,3200,0,0,0,0,1,0

FINAL,I12-Y,12,I,3
IF,CI12,36.779361,-4.718583,IMG,298.6,13.2,2,3200,0,0,0,0,0,0
CF,FI12,36.748028,-4.643667,0,IMG,298.6,9.2,119.0,4.1,1,2500,0,0,0,0,2,0
CF,RW12,36.691044,-4.507803,0,IMG,298.6,1.8,119.0,7.4,1,98,0,0,0,0,3,0
CF,D119A,36.670122,-4.458019,0,AGP,122.0,1.7,119.0,2.7,2,460,0,0,0,0,0,1
CI,0, ,0.0,74.0,0,0,0,0,0,0,0,0
CF,XILVI,36.614361,-4.100306,0,AGP,103.5,19.2,104.0,17.0,1,2200,0,0,0,0,0,0
HM,XILVI,36.614361,-4.100306,1, ,0.0,0.0,284.0,04.9,0,0,0,1,230,0,0,0,0

APPTR,I12-Z,12,OMIGO
IF,OMIGO,37.220250,-4.907222, ,0.0,0.0,2,6000,0,0,0,0,1,0
CF,MAR,37.055306,-4.939889,0,MAR,0.0,0.0,190.0,10.0,2,6000,0,0,0,0,0,0
CF,NEPUR,36.929333,-4.838000,0,MAR,148.0,9.0,148.0,9.0,2,4800,0,0,0,0,0,0
CF,D148P,36.834033,-4.761231,0,MAR,148.0,15.8,148.0,6.8,2,4800,0,0,0,0,0,0
CF,CI12,36.779361,-4.718583,0,IMG,298.6,13.2,148.0,3.9,2,3200,0,0,0,0,1,0

APPTR,I12-Z,12,TOLSU
IF,TOLSU,37.134222,-4.470833, ,0.0,0.0,2,7000,0,0,0,0,1,0
CF,D080C,37.065792,-4.872431,0,MAR,80.0,3.3,260.0,19.7,2,7000,0,0,0,0,0,1
CF,NEPUR,36.929333,-4.838000,1,MAR,148.0,9.0,148.0,9.0,2,4800,0,0,0,0,0,0
CF,D148P,36.834033,-4.761231,0,MAR,148.0,15.8,148.0,6.8,2,4800,0,0,0,0,0,0
CF,CI12,36.779361,-4.718583,0,IMG,298.6,13.2,148.0,3.9,2,3200,0,0,0,0,1,0

FINAL,I12-Z,12,I,3
IF,CI12,36.779361,-4.718583,IMG,298.6,13.2,2,3200,0,0,0,0,0,0
CF,FI12,36.748028,-4.643667,0,IMG,298.6,9.2,119.0,4.1,1,2500,0,0,0,0,2,0
CF,RW12,36.691044,-4.507803,0,IMG,298.6,1.8,119.0,7.4,1,98,0,0,0,0,3,0
CF,D119A,36.670122,-4.458019,0,MLG,103.4,2.4,119.0,2.7,2,460,0,0,0,0,0,1
CF,XILVI,36.614361,-4.100306,0,MLG,102.0,20.0,102.0,17.6,1,2200,0,0,0,0,0,0
HM,XILVI,36.614361,-4.100306,1, ,0.0,0.0,282.0,05,0,0,0,1,230,0,0,0,0

APPTR,I13-Y,13,OMIGO
IF,OMIGO,37.220250,-4.907222, ,0.0,0.0,2,6000,0,0,0,0,1,0
CF,MAR,37.055306,-4.939889,0,MAR,0.0,0.0,190.0,10.0,2,6000,0,0,0,0,0,0
CF,NEPUR,36.929333,-4.838000,0,MAR,148.0,9.0,148.0,9.0,2,5000,0,0,0,0,0,0
CF,D313U,36.897861,-4.812639,0,MAR,148.0,11.2,148.0,2.3,2,5000,0,0,0,0,1,0
CF,CI13,36.867039,-4.769144,0,GMM,312.6,18.4,133.0,2.8,1,5000,0,0,0,0,0,0

APPTR,I13-Y,13,TOLSU
IF,TOLSU,37.134222,-4.470833, ,0.0,0.0,2,7000,0,0,0,0,1,0
CF,D080C,37.065792,-4.872431,0,MAR,80.0,3.3,260.0,19.7,2,7000,0,0,0,0,0,1
CF,NEPUR,36.929333,-4.838000,1,MAR,148.0,9.0,148.0,9.0,2,5000,0,0,0,0,0,0
CF,D313U,36.897861,-4.812639,0,MAR,148.0,11.2,148.0,2.3,2,5000,0,0,0,0,1,0
CF,CI13,36.867039,-4.769144,0,GMM,312.6,18.4,133.0,2.8,1,5000,0,0,0,0,0,0

FINAL,I13-Y,13,I,3
IF,CI13,36.867039,-4.769144,GMM,312.6,18.4,1,5000,0,0,0,0,0,0
CF,FI13,36.813861,-4.694194,0,GMM,312.6,13.6,133.0,4.8,1,4200,0,0,0,0,2,0
CF,RW13,36.684536,-4.512594,0,GMM,312.6,1.9,133.0,11.7,1,107,0,0,0,0,3,0
CF,D133A,36.653183,-4.468419,0,AGP,154.9,2.1,133.0,2.8,2,460,0,0,0,0,0,1
CI,0, ,0.0,74.0,0,0,0,0,0,0,0,0
CF,XILVI,36.614361,-4.100306,0,AGP,103.5,19.2,104.0,15.0,1,2200,0,0,0,0,0,0
HM,XILVI,36.614361,-4.100306,1, ,0.0,0.0,284.0,05,0,0,0,1,230,0,0,0,0

APPTR,I13-Z,13,OMIGO
IF,OMIGO,37.220250,-4.907222, ,0.0,0.0,2,6000,0,0,0,0,1,0
CF,MAR,37.055306,-4.939889,0,MAR,0.0,0.0,190.0,10.0,2,6000,0,0,0,0,0,0
CF,NEPUR,36.929333,-4.838000,0,MAR,148.0,9.0,148.0,9.0,2,5000,0,0,0,0,0,0
CF,D313U,36.897861,-4.812639,0,MAR,148.0,11.2,148.0,2.3,2,5000,0,0,0,0,1,0
CF,CI13,36.867039,-4.769144,0,GMM,312.6,18.4,133.0,2.8,1,5000,0,0,0,0,0,0

APPTR,I13-Z,13,TOLSU
IF,TOLSU,37.134222,-4.470833, ,0.0,0.0,2,7000,0,0,0,0,1,0
CF,D080C,37.065792,-4.872431,0,MAR,80.0,3.3,260.0,19.7,2,7000,0,0,0,0,0,1
CF,NEPUR,36.929333,-4.838000,1,MAR,148.0,9.0,148.0,9.0,2,5000,0,0,0,0,0,0
CF,D313U,36.897861,-4.812639,0,MAR,148.0,11.2,148.0,2.3,2,5000,0,0,0,0,1,0
CF,CI13,36.867039,-4.769144,0,GMM,312.6,18.4,133.0,2.8,1,5000,0,0,0,0,0,0

FINAL,I13-Z,13,I,3
IF,CI13,36.867039,-4.769144,GMM,312.6,18.4,1,5000,0,0,0,0,0,0
CF,FI13,36.813861,-4.694194,0,GMM,312.6,13.6,133.0,4.8,1,4200,0,0,0,0,2,0
CF,RW13,36.684536,-4.512594,0,GMM,312.6,1.9,133.0,11.7,1,107,0,0,0,0,3,0
CF,D133A,36.653183,-4.468419,0,MLG,130.7,2.4,133.0,2.8,2,460,0,0,0,0,0,1
CI,0, ,0.0,72.0,0,0,0,0,0,0,0,0
CF,XILVI,36.614361,-4.100306,0,MLG,102.0,20.0,102.0,15.0,1,2200,0,0,0,0,0,0
HM,XILVI,36.614361,-4.100306,1, ,0.0,0.0,282.0,05,0,0,0,1,230,0,0,0,0

APPTR,I31-Y,31,ETROV
IF,ETROV,36.380528,-4.350833, ,0.0,0.0,4,8000,4000,0,0,0,1,0
CR,0,MGA,174.0,24.0,0,0,0,0,0,0,0,0
CF,CI31,36.554556,-4.331083,0,GAA,132.6,11.9,354.0,7.0,2,2000,0,0,0,0,1,0

APPTR,I31-Y,31,PISAV
IF,PISAV,36.586083,-4.108889, ,0.0,0.0,4,9000,4000,0,0,0,1,0
CI,0, ,0.0,289.0,0,0,0,0,0,0,0,0
AF,D128Q,36.513256,-4.206625,2,AGP,128.0,17.0,109.0,2,3000,0,0,0,0,0,0
CF,D133Q,36.502306,-4.258544,0,AGP,135.6,15.5,313.0,2.0,2,3000,0,0,0,0,0,0
CF,CI31,36.554556,-4.331083,0,GAA,132.6,11.9,313.0,4.7,2,2000,0,0,0,0,1,0

FINAL,I31-Y,31,I,3
IF,CI31,36.554556,-4.331083,GAA,132.6,11.9,2,2000,0,0,0,0,0,0
CF,FI31,36.609917,-4.408278,0,GAA,132.6,6.9,313.0,5.0,1,1700,0,0,0,0,2,0
CF,RW31,36.665408,-4.485825,0,GAA,132.6,1.9,313.0,5.0,1,83,0,0,0,0,3,0
CF,D251A,36.679142,-4.505031,0,AGP,251.0,0.9,313.0,1.2,2,460,0,0,0,0,0,1
CI,0, ,0.0,237.0,0,0,0,1,210,0,0,0
CF,D267I,36.674067,-4.667142,0,AGP,267.0,8.7,267.0,7.0,0,0,0,1,230,0,0,1
CI,2, ,0.0,360.0,0,0,0,0,0,0,0,0
CF,MAR,37.055306,-4.939889,0,MAR,0.0,0.0,327.0,22.0,4,7500,6000,0,0,0,0,0
HM,MAR,37.055306,-4.939889,2, ,0.0,0.0,147.0,04.3,0,0,0,1,230,0,0,0,0

APPTR,I31-Z,31,ETROV
IF,ETROV,36.380528,-4.350833, ,0.0,0.0,4,8000,4000,0,0,0,1,0
CR,0,MGA,174.0,24.0,0,0,0,0,0,0,0,0
CF,CI31,36.554556,-4.331083,0,GAA,132.6,11.9,354.0,7.0,2,2000,0,0,0,0,1,0

APPTR,I31-Z,31,PISAV
IF,PISAV,36.586083,-4.108889, ,0.0,0.0,4,11000,4000,0,0,0,1,0
CI,0, ,0.0,287.0,0,0,0,0,0,0,0,0
AF,D126R,36.506050,-4.201839,2,MLG,126.0,18.0,107.0,0,0,0,0,0,0,0,0
CF,D133Q,36.502306,-4.258544,0,MLG,132.3,16.0,313.0,2.0,2,3000,0,0,0,0,0,0
CF,CI31,36.554556,-4.331083,0,GAA,132.6,11.9,313.0,4.7,2,2000,0,0,0,0,1,0

FINAL,I31-Z,31,I,3
IF,CI31,36.554556,-4.331083,GAA,132.6,11.9,2,2000,0,0,0,0,0,0
CF,FI31,36.609917,-4.408278,0,GAA,132.6,6.9,313.0,5.0,1,1700,0,0,0,0,2,0
CF,RW31,36.665408,-4.485825,0,GAA,132.6,1.9,313.0,5.0,1,83,0,0,0,0,3,0
CF,MLG,36.678750,-4.506639,0,MLG,0.0,0.0,313.0,1.3,2,460,0,0,0,0,0,1
CI,0, ,0.0,239.0,0,0,0,1,210,0,0,0
CF,D269H,36.674158,-4.666072,0,MLG,269.0,7.7,269.0,7.0,0,0,0,1,230,0,0,1
CI,2, ,0.0,360.0,0,0,0,0,0,0,0,0
CF,MAR,37.055306,-4.939889,0,MAR,0.0,0.0,327.0,22.0,4,7500,6000,0,0,0,0,0
HM,MAR,37.055306,-4.939889,2, ,0.0,0.0,147.0,04.3,0,0,0,1,230,0,0,0,0

APPTR,J13-Y,13,OMIGO
IF,OMIGO,37.220250,-4.907222, ,0.0,0.0,2,7000,0,1,230,0,1,0
TF,MAR,37.055306,-4.939889,0, ,0.0,0.0,0.0,0.0,2,7000,0,0,0,0,0,0
TF,MG403,36.939850,-4.846511,0, ,0.0,0.0,0.0,0.0,2,5000,0,0,0,0,0,0
TF,MG402,36.897831,-4.812614,0,G13A,0.0,0.0,0.0,0.0,2,5000,0,0,0,0,1,0

APPTR,J13-Y,13,TOLSU
IF,TOLSU,37.134222,-4.470833, ,0.0,0.0,2,7000,0,1,220,0,1,0
TF,MAR,37.055306,-4.939889,0, ,0.0,0.0,0.0,0.0,2,7000,0,0,0,0,0,0
TF,MG403,36.939850,-4.846511,1, ,0.0,0.0,0.0,0.0,2,5000,0,0,0,0,0,0
TF,MG402,36.897831,-4.812614,0,G13A,0.0,0.0,0.0,0.0,2,5000,0,0,0,0,1,0

FINAL,J13-Y,13,G,3
IF,MG402,36.897831,-4.812614,G13A,0.0,0.0,2,5000,0,0,0,0,0,0
TF,MG401,36.813869,-4.694192,0,G13A,0.0,0.0,133.0,7.6,1,4200,0,0,0,0,2,0
TF,RW13,36.684536,-4.512594,0,G13A,0.0,0.0,133.0,11.7,1,107,0,0,0,0,3,1
FD,RW13,36.684536,-4.512594,0,AGP,271.6,2.1,133.0,2.1,2,460,0,0,0,0,0,0
CI,0, ,0.0,74.0,0,0,0,0,0,0,0,0
CF,XILVI,36.614361,-4.100306,0,AGP,103.5,19.2,104.0,15.0,1,2200,0,0,0,0,0,0
HM,XILVI,36.614361,-4.100306,1, ,0.0,0.0,284.0,05,0,0,0,1,230,0,0,0,0

APPTR,J13-Z,13,OMIGO
IF,OMIGO,37.220250,-4.907222, ,0.0,0.0,2,7000,0,1,230,0,1,0
TF,MAR,37.055306,-4.939889,0, ,0.0,0.0,0.0,0.0,2,7000,0,0,0,0,0,0
TF,MG403,36.939850,-4.846511,0, ,0.0,0.0,0.0,0.0,2,5000,0,0,0,0,0,0
TF,MG402,36.897831,-4.812614,0,G13A,0.0,0.0,0.0,0.0,2,5000,0,0,0,0,1,0

APPTR,J13-Z,13,TOLSU
IF,TOLSU,37.134222,-4.470833, ,0.0,0.0,2,7000,0,1,220,0,1,0
TF,MAR,37.055306,-4.939889,0, ,0.0,0.0,0.0,0.0,2,7000,0,0,0,0,0,0
TF,MG403,36.939850,-4.846511,1, ,0.0,0.0,0.0,0.0,2,5000,0,0,0,0,0,0
TF,MG402,36.897831,-4.812614,0,G13A,0.0,0.0,0.0,0.0,2,5000,0,0,0,0,1,0

FINAL,J13-Z,13,G,3
IF,MG402,36.897831,-4.812614,G13A,0.0,0.0,2,5000,0,0,0,0,0,0
TF,MG401,36.813869,-4.694192,0,G13A,0.0,0.0,133.0,7.6,1,4200,0,0,0,0,2,0
TF,RW13,36.684536,-4.512594,0,G13A,0.0,0.0,133.0,11.7,1,107,0,0,0,0,3,1
FD,RW13,36.684536,-4.512594,0,MLG,321.3,2.4,133.0,2.4,2,460,0,0,0,0,0,0
CI,0, ,0.0,72.0,0,0,0,0,0,0,0,0
CF,XILVI,36.614361,-4.100306,0,MLG,102.0,20.0,102.0,15.0,1,2200,0,0,0,0,0,0
HM,XILVI,36.614361,-4.100306,1, ,0.0,0.0,282.0,05,0,0,0,1,230,0,0,0,0

APPTR,J31-Y,31,ETROV
IF,ETROV,36.380528,-4.350833, ,0.0,0.0,4,8000,4000,1,230,0,1,0
TF,MG412,36.554547,-4.331083,0,G31A,0.0,0.0,0.0,0.0,2,2000,0,0,0,0,1,0

APPTR,J31-Y,31,PISAV
IF,PISAV,36.586083,-4.108889, ,0.0,0.0,4,9000,4000,1,230,0,1,0
TF,MG413,36.502375,-4.258508,0, ,0.0,0.0,0.0,0.0,2,3000,0,0,0,0,0,0
TF,MG412,36.554547,-4.331083,0,G31A,0.0,0.0,0.0,0.0,2,2000,0,0,0,0,1,0

FINAL,J31-Y,31,G,3
IF,MG412,36.554547,-4.331083,G31A,0.0,0.0,2,2000,0,0,0,0,0,0
TF,MG411,36.609922,-4.408286,0,G31A,0.0,0.0,313.0,5.0,1,1700,0,0,0,0,2,0
TF,RW31,36.665408,-4.485825,0,G31A,0.0,0.0,313.0,5.0,1,83,0,0,0,0,3,1
CF,D251A,36.679142,-4.505031,0,AGP,251.0,0.9,313.0,1.2,2,460,0,0,0,0,0,1
CI,1, ,0.0,237.0,0,0,0,1,210,0,0,0
CF,D267I,36.674067,-4.667142,0,AGP,267.0,8.7,267.0,6.0,0,0,0,1,230,0,0,1
CI,2, ,0.0,360.0,0,0,0,0,0,0,0,0
CF,MAR,37.055306,-4.939889,0,MAR,0.0,0.0,327.0,22.0,4,7500,6000,0,0,0,0,0
HM,MAR,37.055306,-4.939889,2, ,0.0,0.0,147.0,04.3,0,0,0,1,230,0,0,0,0

APPTR,J31-Z,31,ETROV
IF,ETROV,36.380528,-4.350833, ,0.0,0.0,4,8000,4000,1,230,0,1,0
TF,MG412,36.554547,-4.331083,0,G31A,0.0,0.0,0.0,0.0,2,2000,0,0,0,0,1,0

APPTR,J31-Z,31,PISAV
IF,PISAV,36.586083,-4.108889, ,0.0,0.0,4,11000,4000,1,230,0,1,0
TF,MG413,36.502375,-4.258508,0, ,0.0,0.0,0.0,0.0,2,3000,0,0,0,0,0,0
TF,MG412,36.554547,-4.331083,0,G31A,0.0,0.0,0.0,0.0,2,2000,0,0,0,0,1,0

FINAL,J31-Z,31,G,3
IF,MG412,36.554547,-4.331083,G31A,0.0,0.0,2,2000,0,0,0,0,0,0
TF,MG411,36.609922,-4.408286,0,G31A,0.0,0.0,313.0,5.0,1,1700,0,0,0,0,2,0
TF,RW31,36.665408,-4.485825,0,G31A,0.0,0.0,313.0,5.0,1,83,0,0,0,0,3,1
CF,MLG,36.678750,-4.506639,0,MLG,0.0,0.0,313.0,1.3,2,460,0,0,0,0,0,1
CI,1, ,0.0,239.0,0,0,0,1,210,0,0,0
CF,D269H,36.674158,-4.666072,0,MLG,269.0,7.7,269.0,6.0,0,0,0,1,230,0,0,1
CI,2, ,0.0,360.0,0,0,0,0,0,0,0,0
CF,MAR,37.055306,-4.939889,0,MAR,0.0,0.0,327.0,22.0,4,7500,6000,0,0,0,0,0
HM,MAR,37.055306,-4.939889,2, ,0.0,0.0,147.0,04.3,0,0,0,1,230,0,0,0,0

APPTR,N31,31,RMA1
IF,RMA,36.658917,-4.476750, ,0.0,0.0,2,5000,0,0,0,0,1,0
CF,D133F,36.582222,-4.367425,0,MLG,131.7,8.9,133.0,7.0,2,1600,0,0,0,0,0,0
FC,D133F,36.582222,-4.367425,0,MLG,0.0,0.0,88.0,4.3,0,0,0,0,0,0,0,1
CF,FN31,36.613131,-4.411439,2,MLG,131.5,6.1,313.0,8.0,2,1600,0,1,220,0,0,0

APPTR,N31,31,RMA2
IF,RMA,36.658917,-4.476750, ,0.0,0.0,2,5000,0,0,0,0,1,0
CF,D133H,36.560289,-4.336228,0,MLG,131.7,10.9,133.0,9.0,2,1600,0,0,0,0,0,0
FC,D133H,36.560289,-4.336228,0,MLG,0.0,0.0,88.0,3.0,0,0,0,0,0,0,0,1
CF,FN31,36.613131,-4.411439,2,MLG,131.5,6.1,313.0,9.0,2,1600,0,1,220,0,0,0

FINAL,N31,31,N,2
IF,FN31,36.613131,-4.411439,RMA,0.0,0.0,2,1600,0,0,0,0,2,0
CF,RMA,36.658917,-4.476750,0,RMA,0.0,0.0,313.0,4.2,1,271,0,0,0,0,3,0
CA,0,313.0,2,460,0,0,0,0,0,0
CA,2,133.0,2,5000,0,1,185,0,0,0
DF,RMA,36.658917,-4.476750,2, ,0.0,0.0,1,5000,0,0,0,0,0,0
HM,RMA,36.658917,-4.476750,1, ,0.0,0.0,133.0,04.3,0,0,0,0,0,0,0,0,0

APPTR,Q12-B,12,RMA1
IF,RMA,36.658917,-4.476750, ,0.0,0.0,2,5000,0,0,0,0,0,0
HF,RMA,36.658917,-4.476750,1, ,0.0,0.0,133.0,04.3,2,4500,0,0,0,0,1,0,0

APPTR,Q12-B,12,RMA2
IF,RMA,36.658917,-4.476750, ,0.0,0.0,2,5000,0,0,0,0,0,0
HF,RMA,36.658917,-4.476750,1, ,0.0,0.0,133.0,04.3,2,4500,0,0,0,0,1,0,0

FINAL,Q12-B,12,N,2
IF,GM,36.726500,-4.571444,RMA,0.0,0.0,2,4500,0,0,0,0,2,0
CF,RMA,36.658917,-4.476750,0,RMA,0.0,0.0,133.0,6.1,1,2400,0,0,0,0,3,0
CA,0,133.0,2,4000,0,0,0,0,0,0
DF,RMA,36.658917,-4.476750,1, ,0.0,0.0,1,5000,0,0,0,0,0,0
HM,RMA,36.658917,-4.476750,1, ,0.0,0.0,133.0,04.3,0,0,0,0,0,0,0,0,0

APPTR,Q13-B,13,RMA1
IF,RMA,36.658917,-4.476750, ,0.0,0.0,2,5000,0,0,0,0,0,0
HF,RMA,36.658917,-4.476750,1, ,0.0,0.0,133.0,04.3,2,4500,0,0,0,0,1,0,0

APPTR,Q13-B,13,RMA2
IF,RMA,36.658917,-4.476750, ,0.0,0.0,2,5000,0,0,0,0,0,0
HF,RMA,36.658917,-4.476750,1, ,0.0,0.0,133.0,04.3,2,4500,0,0,0,0,1,0,0

FINAL,Q13-B,13,N,2
IF,GM,36.726500,-4.571444,RMA,0.0,0.0,2,4500,0,0,0,0,2,0
CF,RMA,36.658917,-4.476750,0,RMA,0.0,0.0,133.0,6.1,1,2400,0,0,0,0,3,0
CA,0,133.0,2,4000,0,0,0,0,0,0
DF,RMA,36.658917,-4.476750,1, ,0.0,0.0,1,5000,0,0,0,0,0,0
HM,RMA,36.658917,-4.476750,1, ,0.0,0.0,133.0,04.3,0,0,0,0,0,0,0,0,0

APPTR,Q30-B,30,RMA1
IF,RMA,36.658917,-4.476750, ,0.0,0.0,2,5000,0,0,0,0,0,0
HF,RMA,36.658917,-4.476750,1, ,0.0,0.0,133.0,04.3,2,4500,0,0,0,0,1,0,0

APPTR,Q30-B,30,RMA2
IF,RMA,36.658917,-4.476750, ,0.0,0.0,2,5000,0,0,0,0,0,0
HF,RMA,36.658917,-4.476750,1, ,0.0,0.0,133.0,04.3,2,4500,0,0,0,0,1,0,0

FINAL,Q30-B,30,N,2
IF,GM,36.726500,-4.571444,RMA,0.0,0.0,2,4500,0,0,0,0,2,0
CF,RMA,36.658917,-4.476750,0,RMA,0.0,0.0,133.0,6.1,1,2400,0,0,0,0,3,0
CA,0,133.0,2,4000,0,0,0,0,0,0
DF,RMA,36.658917,-4.476750,1, ,0.0,0.0,1,5000,0,0,0,0,0,0
HM,RMA,36.658917,-4.476750,1, ,0.0,0.0,133.0,04.3,0,0,0,0,0,0,0,0,0

APPTR,Q31-B,31,RMA1
IF,RMA,36.658917,-4.476750, ,0.0,0.0,2,5000,0,0,0,0,0,0
HF,RMA,36.658917,-4.476750,1, ,0.0,0.0,133.0,04.3,2,4500,0,0,0,0,1,0,0

APPTR,Q31-B,31,RMA2
IF,RMA,36.658917,-4.476750, ,0.0,0.0,2,5000,0,0,0,0,0,0
HF,RMA,36.658917,-4.476750,1, ,0.0,0.0,133.0,04.3,2,4500,0,0,0,0,1,0,0

FINAL,Q31-B,31,N,2
IF,GM,36.726500,-4.571444,RMA,0.0,0.0,2,4500,0,0,0,0,2,0
CF,RMA,36.658917,-4.476750,0,RMA,0.0,0.0,133.0,6.1,1,2400,0,0,0,0,3,0
CA,0,133.0,2,4000,0,0,0,0,0,0
DF,RMA,36.658917,-4.476750,1, ,0.0,0.0,1,5000,0,0,0,0,0,0
HM,RMA,36.658917,-4.476750,1, ,0.0,0.0,133.0,04.3,0,0,0,0,0,0,0,0,0

