SID,ALT4A,30,2
VD, ,0,0,0,VLC,0.0,0.0,296.0,5.0,0,0,0,0,0,0,0,0
CI,0, ,0.0,296.0,0,0,0,0,0,0,0,0
AF,D200G,39.375900,-0.534514,1,VLC,200.0,7.0,296.0,0,0,0,0,0,0,0,0
CF,ALT,38.268278,-0.570111,0,VLC,183.2,73.1,183.0,66.0,0,0,0,0,0,0,0,0

SID,ALT4B,12,2
VD, ,0,0,0,VLC,0.0,0.0,116.0,2.0,0,0,0,0,0,0,0,0
CF,D124I,39.401575,-0.322625,0,VLC,124.0,9.0,124.0,7.0,0,0,0,0,0,0,0,0
CI,0, ,0.0,124.0,0,0,0,0,0,0,0,0
AF,D172K,39.303922,-0.450183,2,VLC,172.0,11.0,124.0,0,0,0,0,0,0,0,0
CF,ALT,38.268278,-0.570111,0,VLC,183.2,73.1,183.0,61.0,0,0,0,0,0,0,0,0

SID,ASTR4F,30,2
VD, ,0,0,0,VLC,0.0,0.0,296.0,5.0,0,0,0,0,0,0,0,0
CI,0, ,0.0,296.0,0,0,0,0,0,0,0,0
AF,D250G,39.445614,-0.624578,1,VLC,250.0,7.0,296.0,0,0,0,0,0,0,0,0
CF,SERRA,39.266000,-0.856833,0,VLC,233.0,21.8,233.0,15.0,2,6000,0,0,0,0,0,0
TF,ASTRO,39.024389,-1.263000,0, ,0.0,0.0,0.0,0.0,2,9000,0,0,0,0,0,0

SID,ASTR4G,12,2
VD, ,0,0,0,VLC,0.0,0.0,116.0,2.0,0,0,0,0,0,0,0,0
CF,D124I,39.401575,-0.322625,0,VLC,124.0,9.0,124.0,7.0,0,0,0,0,0,0,0,0
CI,0, ,0.0,124.0,0,0,0,0,0,0,0,0
AF,D222K,39.349167,-0.641197,2,VLC,222.0,11.0,124.0,0,0,0,0,0,0,0,0
CF,SERRA,39.266000,-0.856833,0,VLC,233.0,21.8,233.0,10.0,2,6000,0,0,0,0,0,0
TF,ASTRO,39.024389,-1.263000,0, ,0.0,0.0,0.0,0.0,2,9000,0,0,0,0,0,0

SID,CENT6G,12,2
VD, ,0,0,0,VLC,0.0,0.0,116.0,2.0,0,0,0,0,0,0,0,0
CF,D124I,39.401575,-0.322625,0,VLC,124.0,9.0,124.0,7.0,0,0,0,0,0,0,0,0
CI,0, ,0.0,124.0,0,0,0,0,0,0,0,0
AF,D222K,39.349167,-0.641197,2,VLC,222.0,11.0,124.0,0,0,0,0,0,0,0,0
TF,CLS,39.707167,-0.986333,0, ,0.0,0.0,0.0,0.0,2,8000,0,0,0,0,0,0
TF,CENTA,39.900611,-1.432000,0, ,0.0,0.0,0.0,0.0,0,0,0,0,0,0,0,0

SID,CENT7A,30,2
VD, ,0,0,0,VLC,0.0,0.0,296.0,5.0,0,0,0,0,0,0,0,0
CF,CLS,39.707167,-0.986333,0,VLC,299.8,26.9,300.0,22.0,2,6000,0,0,0,0,0,0
TF,CENTA,39.900611,-1.432000,0, ,0.0,0.0,0.0,0.0,2,8000,0,0,0,0,0,0

SID,MAND6G,12,2
VD, ,0,0,0,VLC,0.0,0.0,116.0,2.0,0,0,0,0,0,0,0,0
CF,D124I,39.401575,-0.322625,0,VLC,124.0,9.0,124.0,7.0,0,0,0,0,0,0,0,0
CI,0, ,0.0,124.0,0,0,0,0,0,0,0,0
AF,D222K,39.349167,-0.641197,2,VLC,222.0,11.0,124.0,0,0,0,0,0,0,0,0
TF,CLS,39.707167,-0.986333,0, ,0.0,0.0,0.0,0.0,2,8000,0,0,0,0,0,0
TF,MANDY,39.911778,-1.040500,0, ,0.0,0.0,0.0,0.0,0,0,0,0,0,0,0,0

SID,MAND7A,30,2
VD, ,0,0,0,VLC,0.0,0.0,296.0,5.0,0,0,0,0,0,0,0,0
CF,CLS,39.707167,-0.986333,0,VLC,299.8,26.9,300.0,22.0,2,6000,0,0,0,0,0,0
TF,MANDY,39.911778,-1.040500,0, ,0.0,0.0,0.0,0.0,2,9000,0,0,0,0,0,0

SID,NARG2A,30,2
VD, ,0,0,0,VLC,0.0,0.0,296.0,5.0,0,0,0,0,0,0,0,0
CI,0, ,0.0,296.0,0,0,0,0,0,0,0,0
AF,D226G,39.404472,-0.591328,1,VLC,226.0,7.0,296.0,0,0,0,0,0,0,0,0
CF,NARGO,38.738306,-0.998667,0,VLC,208.4,50.9,209.0,44.0,2,8000,0,0,0,0,0,0

SID,NARG2B,12,2
VD, ,0,0,0,VLC,0.0,0.0,116.0,2.0,0,0,0,0,0,0,0,0
CF,D124I,39.401575,-0.322625,0,VLC,124.0,9.0,124.0,7.0,0,0,0,0,0,0,0,0
CI,0, ,0.0,124.0,0,0,0,0,0,0,0,0
AF,D198K,39.311100,-0.556047,2,VLC,198.0,11.0,124.0,0,0,0,0,0,0,0,0
CF,NARGO,38.738306,-0.998667,0,VLC,208.4,50.9,209.0,39.0,2,8000,0,0,0,0,0,0

SID,ODSE1A,30,2
VD, ,0,0,0,VLC,0.0,0.0,296.0,4.0,0,0,0,0,0,0,0,0
VI,2, ,0.0,45.0,0,0,0,1,250,0,0,0
CF,SGO,39.674194,-0.207806,0,VLC,48.4,17.1,75.0,16.0,2,4500,0,0,0,0,0,0
TF,ODSEN,39.064194,0.483333,0, ,0.0,0.0,0.0,0.0,0,0,0,0,0,0,0,0

SID,ODSE1B,12,2
VD, ,0,0,0,VLC,0.0,0.0,116.0,2.0,0,0,0,0,0,0,0,0
CF,D124I,39.401575,-0.322625,0,VLC,124.0,9.0,124.0,7.0,0,0,0,0,0,0,0,1
CF,ODSEN,39.064194,0.483333,0,VLC,119.0,51.6,119.0,42.0,0,0,0,0,0,0,0,0

SID,ODSE1H,30,5
VD, ,0,0,0,VLC,0.0,0.0,296.0,5.0,0,0,0,0,0,0,0,0
CI,0, ,0.0,296.0,0,0,0,0,0,0,0,0
AF,VL004,39.369167,-0.491389,1,VLC,183.2,7.0,296.0,0,0,0,0,0,0,0,1
TF,ODSEN,39.064194,0.483333,0, ,0.0,0.0,0.0,0.0,0,0,0,0,0,0,0,0

SID,ORVU1A,30,2
VD, ,0,0,0,VLC,0.0,0.0,296.0,4.0,0,0,0,0,0,0,0,0
VI,2, ,0.0,45.0,0,0,0,1,250,0,0,0
CF,SGO,39.674194,-0.207806,0,VLC,48.4,17.1,75.0,16.0,2,4500,0,0,0,0,0,0
TF,ORVUS,39.331611,0.431306,0, ,0.0,0.0,0.0,0.0,0,0,0,0,0,0,0,0

SID,ORVU1B,12,2
VD, ,0,0,0,VLC,0.0,0.0,116.0,2.0,0,0,0,0,0,0,0,0
CF,D124I,39.401575,-0.322625,0,VLC,124.0,9.0,124.0,7.0,0,0,0,0,0,0,0,0
VI,0, ,0.0,57.0,0,0,0,0,0,0,0,0
CF,ORVUS,39.331611,0.431306,0,VLC,102.0,43.5,102.0,31.0,0,0,0,0,0,0,0,0

SID,ORVU1G,12,5
VD, ,0,0,0,VLC,0.0,0.0,116.0,2.0,0,0,0,0,0,0,0,0
CF,VL006,39.401667,-0.322778,0,VLC,124.0,9.0,124.0,7.0,2,3000,0,0,0,0,0,1
TF,ORVUS,39.331611,0.431306,0, ,0.0,0.0,0.0,0.0,0,0,0,0,0,0,0,1

SID,ORVU1H,30,5
VD, ,0,0,0,VLC,0.0,0.0,296.0,5.0,0,0,0,0,0,0,0,0
CI,0, ,0.0,296.0,0,0,0,0,0,0,0,0
AF,VL004,39.369167,-0.491389,1,VLC,183.2,7.0,296.0,0,0,0,0,0,0,0,1
TF,ORVUS,39.331611,0.431306,0, ,0.0,0.0,0.0,0.0,0,0,0,0,0,0,0,0

SID,SOPE4A,30,2
VD, ,0,0,0,VLC,0.0,0.0,296.0,4.0,0,0,0,0,0,0,0,0
VI,2, ,0.0,45.0,0,0,0,1,250,0,0,0
CF,SGO,39.674194,-0.207806,0,VLC,48.4,17.1,75.0,16.0,2,4500,0,0,0,0,0,0
TF,SOPET,39.833833,-0.004694,0, ,0.0,0.0,0.0,0.0,0,0,0,0,0,0,0,0

SID,SOPE4B,12,2
VD, ,0,0,0,VLC,0.0,0.0,116.0,2.0,0,0,0,0,0,0,0,0
CF,D124I,39.401575,-0.322625,0,VLC,124.0,9.0,124.0,7.0,0,0,0,0,0,0,0,0
CI,0, ,0.0,124.0,0,0,0,0,0,0,0,0
AF,D108K,39.429025,-0.257872,1,VLC,107.9,11.0,124.0,0,0,0,0,0,0,0,0
TF,SGO,39.674194,-0.207806,0, ,0.0,0.0,0.0,0.0,0,0,0,0,0,0,0,0
TF,SOPET,39.833833,-0.004694,0, ,0.0,0.0,0.0,0.0,0,0,0,0,0,0,0,0

SID,TATO4B,12,2
VD, ,0,0,0,VLC,0.0,0.0,116.0,2.0,0,0,0,0,0,0,0,0
CF,D124I,39.401575,-0.322625,0,VLC,124.0,9.0,124.0,7.0,0,0,0,0,0,0,0,0
CI,0, ,0.0,124.0,0,0,0,0,0,0,0,0
AF,D108K,39.429025,-0.257872,1,VLC,107.9,11.0,124.0,0,0,0,0,0,0,0,0
TF,SGO,39.674194,-0.207806,0, ,0.0,0.0,0.0,0.0,0,0,0,0,0,0,0,0
TF,TATOS,40.000000,-0.283750,0, ,0.0,0.0,0.0,0.0,2,8000,0,0,0,0,0,0

SID,TATO5A,30,2
VD, ,0,0,0,VLC,0.0,0.0,296.0,4.0,0,0,0,0,0,0,0,0
VI,2, ,0.0,45.0,0,0,0,1,250,0,0,0
CF,SGO,39.674194,-0.207806,0,VLC,48.4,17.1,75.0,16.0,2,4500,0,0,0,0,0,0
TF,TATOS,40.000000,-0.283750,0, ,0.0,0.0,0.0,0.0,2,8000,0,0,0,0,0,0

STAR,ABOS1P,12,2
IF,ABOSI,39.779250,-1.284583, ,0.0,0.0,0,0,0,0,0,0,0,0
TF,CLS,39.707167,-0.986333,0, ,0.0,0.0,0.0,0.0,0,0,0,0,0,0,0,0

STAR,ABOS3D,12,2
IF,ABOSI,39.779250,-1.284583, ,0.0,0.0,0,0,0,0,0,0,0,0
TF,CLS,39.707167,-0.986333,0, ,0.0,0.0,0.0,0.0,0,0,0,0,0,0,0,0

STAR,ALT1K,30,2
FD,ALT,38.268278,-0.570111,0,ALT,0.0,32.0,3.0,32.0,0,0,0,0,0,0,0,0
CF,D183Q,39.202500,-0.503572,0,VLC,183.2,17.0,3.0,15.0,0,0,0,0,0,0,0,0
CI,0, ,0.0,3.0,0,0,0,0,0,0,0,0
AF,MULAT,39.399917,-0.179917,1,VLC,109.9,15.0,183.0,0,0,0,0,0,0,0,0

STAR,ALT1P,12,2
IF,ALT,38.268278,-0.570111, ,0.0,0.0,0,0,0,0,0,0,0,0
TF,D183T,39.152531,-0.507175,0, ,0.0,0.0,0.0,0.0,0,0,0,0,0,0,0,0
CI,0, ,0.0,3.0,0,0,0,0,0,0,0,0
AF,D301R,39.639806,-0.815936,2,VLC,301.0,18.0,183.0,0,0,0,0,0,0,0,0
TF,OPERA,39.622750,-0.778917,0, ,0.0,0.0,0.0,0.0,0,0,0,0,0,0,0,0

STAR,ALT3C,30,2
FD,ALT,38.268278,-0.570111,0,ALT,0.0,32.0,3.0,32.0,0,0,0,0,0,0,0,0
CF,D183Q,39.202500,-0.503572,0,VLC,183.2,17.0,3.0,15.0,0,0,0,0,0,0,0,0
CI,0, ,0.0,3.0,0,0,0,0,0,0,0,0
AF,MULAT,39.399917,-0.179917,1,VLC,109.9,15.0,183.0,0,0,0,0,0,0,0,0

STAR,ALT3D,12,2
IF,ALT,38.268278,-0.570111, ,0.0,0.0,0,0,0,0,0,0,0,0
TF,D183T,39.152531,-0.507175,0, ,0.0,0.0,0.0,0.0,0,0,0,0,0,0,0,0
CI,0, ,0.0,3.0,0,0,0,0,0,0,0,0
AF,D301R,39.639806,-0.815936,2,VLC,301.0,18.0,183.0,0,0,0,0,0,0,0,0
TF,OPERA,39.622750,-0.778917,0, ,0.0,0.0,0.0,0.0,0,0,0,0,0,0,0,0

STAR,ARGO1B,30,2
IF,ARGOR,39.538639,0.298722, ,0.0,0.0,3,19000,0,0,0,0,0,0
TF,D085P,39.508969,-0.148525,0, ,0.0,0.0,0.0,0.0,0,0,0,0,0,0,0,1
CF,MULAT,39.399917,-0.179917,1,VLC,109.9,15.0,176.0,5.0,0,0,0,0,0,0,0,0

STAR,ARGO1K,12,2
IF,ARGOR,39.538639,0.298722, ,0.0,0.0,3,19000,0,0,0,0,0,0
TF,D059S,39.652906,-0.127581,0, ,0.0,0.0,0.0,0.0,0,0,0,0,0,0,0,0
CI,0, ,0.0,289.0,0,0,0,0,0,0,0,0
AF,D301R,39.639806,-0.815936,1,VLC,301.0,18.0,54.0,0,0,0,0,0,0,0,0
TF,OPERA,39.622750,-0.778917,0, ,0.0,0.0,0.0,0.0,0,0,0,0,0,0,0,0

STAR,ARGO1P,12,2
IF,ARGOR,39.538639,0.298722, ,0.0,0.0,3,19000,0,0,0,0,0,0
TF,VLC,39.485639,-0.483056,0, ,0.0,0.0,0.0,0.0,0,0,0,0,0,0,0,0

STAR,ARGO1R,30,5
IF,ARGOR,39.538639,0.298722, ,0.0,0.0,3,19000,0,0,0,0,0,0
TF,MULAT,39.399917,-0.179917,0, ,0.0,0.0,0.0,0.0,0,0,0,0,0,0,0,1

STAR,ARGO2C,30,2
IF,ARGOR,39.538639,0.298722, ,0.0,0.0,3,19000,0,0,0,0,0,0
TF,D085P,39.508969,-0.148525,0, ,0.0,0.0,0.0,0.0,0,0,0,0,0,0,0,1
CF,MULAT,39.399917,-0.179917,1,VLC,109.9,15.0,176.0,5.0,0,0,0,0,0,0,0,0

STAR,ARGO2D,12,2
IF,ARGOR,39.538639,0.298722, ,0.0,0.0,3,19000,0,0,0,0,0,0
TF,VLC,39.485639,-0.483056,0, ,0.0,0.0,0.0,0.0,0,0,0,0,0,0,0,0

STAR,ARGO2E,30,5
IF,ARGOR,39.538639,0.298722, ,0.0,0.0,3,19000,0,0,0,0,0,0
TF,MULAT,39.399917,-0.179917,0, ,0.0,0.0,0.0,0.0,0,0,0,0,0,0,0,1

STAR,ARGO2J,12,2
IF,ARGOR,39.538639,0.298722, ,0.0,0.0,3,19000,0,0,0,0,0,0
TF,D059S,39.652906,-0.127581,0, ,0.0,0.0,0.0,0.0,0,0,0,0,0,0,0,0
CI,0, ,0.0,289.0,0,0,0,0,0,0,0,0
AF,D301R,39.639806,-0.815936,1,VLC,301.0,18.0,54.0,0,0,0,0,0,0,0,0
TF,OPERA,39.622750,-0.778917,0, ,0.0,0.0,0.0,0.0,0,0,0,0,0,0,0,0

STAR,ASTR1B,30,5
IF,ASTRO,39.024389,-1.263000, ,0.0,0.0,0,0,0,0,0,0,0,0
TF,URIAS,39.235833,-0.499889,0, ,0.0,0.0,0.0,0.0,0,0,0,0,0,0,0,1
TF,VL001,39.319667,-0.339639,0, ,0.0,0.0,0.0,0.0,0,0,0,0,0,0,0,0
TF,MULAT,39.399917,-0.179917,0, ,0.0,0.0,0.0,0.0,0,0,0,0,0,0,0,1

STAR,ASTR1P,12,2
IF,ASTRO,39.024389,-1.263000, ,0.0,0.0,0,0,0,0,0,0,0,0
TF,D233T,39.284294,-0.825864,0, ,0.0,0.0,0.0,0.0,0,0,0,0,0,0,0,0
CI,0, ,0.0,53.0,0,0,0,0,0,0,0,0
AF,D301R,39.639806,-0.815936,2,VLC,301.0,18.0,233.0,0,0,0,0,0,0,0,0
TF,OPERA,39.622750,-0.778917,0, ,0.0,0.0,0.0,0.0,0,0,0,0,0,0,0,0

STAR,ASTR1S,30,2
IF,ASTRO,39.024389,-1.263000, ,0.0,0.0,0,0,0,0,0,0,0,0
TF,D233Q,39.314561,-0.774569,0, ,0.0,0.0,0.0,0.0,0,0,0,0,0,0,0,0
CI,0, ,0.0,53.0,0,0,0,0,0,0,0,0
AF,URIAS,39.235833,-0.499889,1,VLC,183.0,15.0,233.0,0,0,0,0,0,0,0,0
AF,MULAT,39.399917,-0.179917,1,VLC,109.9,15.0,183.0,0,0,0,0,0,0,0,0

STAR,ASTR2E,30,5
IF,ASTRO,39.024389,-1.263000, ,0.0,0.0,0,0,0,0,0,0,0,0
TF,URIAS,39.235833,-0.499889,0, ,0.0,0.0,0.0,0.0,0,0,0,0,0,0,0,1
TF,VL001,39.319667,-0.339639,0, ,0.0,0.0,0.0,0.0,0,0,0,0,0,0,0,0
TF,MULAT,39.399917,-0.179917,0, ,0.0,0.0,0.0,0.0,0,0,0,0,0,0,0,1

STAR,ASTR3C,30,2
IF,ASTRO,39.024389,-1.263000, ,0.0,0.0,0,0,0,0,0,0,0,0
TF,D233Q,39.314561,-0.774569,0, ,0.0,0.0,0.0,0.0,0,0,0,0,0,0,0,0
CI,0, ,0.0,53.0,0,0,0,0,0,0,0,0
AF,URIAS,39.235833,-0.499889,1,VLC,183.0,15.0,233.0,0,0,0,0,0,0,0,0
AF,MULAT,39.399917,-0.179917,1,VLC,109.9,15.0,183.0,0,0,0,0,0,0,0,0

STAR,ASTR3J,12,2
IF,ASTRO,39.024389,-1.263000, ,0.0,0.0,0,0,0,0,0,0,0,0
TF,D233T,39.284294,-0.825864,0, ,0.0,0.0,0.0,0.0,0,0,0,0,0,0,0,0
CI,0, ,0.0,53.0,0,0,0,0,0,0,0,0
AF,D301R,39.639806,-0.815936,2,VLC,301.0,18.0,233.0,0,0,0,0,0,0,0,0
TF,OPERA,39.622750,-0.778917,0, ,0.0,0.0,0.0,0.0,0,0,0,0,0,0,0,0

STAR,MABU1B,30,2
IF,MABUX,39.549194,-1.149750, ,0.0,0.0,0,0,0,0,0,0,0,0
TF,D277Q,39.520753,-0.846294,0, ,0.0,0.0,0.0,0.0,0,0,0,0,0,0,0,0
CI,0, ,0.0,97.0,0,0,0,0,0,0,0,0
AF,URIAS,39.235833,-0.499889,1,VLC,183.0,15.0,277.0,0,0,0,0,0,0,0,0
AF,MULAT,39.399917,-0.179917,1,VLC,109.9,15.0,183.0,0,0,0,0,0,0,0,0

STAR,MABU1C,30,2
IF,MABUX,39.549194,-1.149750, ,0.0,0.0,0,0,0,0,0,0,0,0
TF,D277Q,39.520753,-0.846294,0, ,0.0,0.0,0.0,0.0,0,0,0,0,0,0,0,0
CI,0, ,0.0,97.0,0,0,0,0,0,0,0,0
AF,URIAS,39.235833,-0.499889,1,VLC,183.0,15.0,277.0,0,0,0,0,0,0,0,0
AF,MULAT,39.399917,-0.179917,1,VLC,109.9,15.0,183.0,0,0,0,0,0,0,0,0

STAR,MABU1D,12,2
IF,MABUX,39.549194,-1.149750, ,0.0,0.0,0,0,0,0,0,0,0,0
TF,D277T,39.526833,-0.910433,0, ,0.0,0.0,0.0,0.0,0,0,0,0,0,0,0,0
CI,0, ,0.0,97.0,0,0,0,0,0,0,0,0
AF,D301R,39.639806,-0.815936,2,VLC,301.0,18.0,277.0,0,0,0,0,0,0,0,0
TF,OPERA,39.622750,-0.778917,0, ,0.0,0.0,0.0,0.0,0,0,0,0,0,0,0,0

STAR,MABU1E,30,5
IF,MABUX,39.549194,-1.149750, ,0.0,0.0,0,0,0,0,0,0,0,0
TF,URIAS,39.235833,-0.499889,0, ,0.0,0.0,0.0,0.0,0,0,0,0,0,0,0,1
TF,VL001,39.319667,-0.339639,0, ,0.0,0.0,0.0,0.0,0,0,0,0,0,0,0,0
TF,MULAT,39.399917,-0.179917,0, ,0.0,0.0,0.0,0.0,0,0,0,0,0,0,0,1

STAR,MABU1J,12,2
IF,MABUX,39.549194,-1.149750, ,0.0,0.0,0,0,0,0,0,0,0,0
TF,D277T,39.526833,-0.910433,0, ,0.0,0.0,0.0,0.0,0,0,0,0,0,0,0,0
CI,0, ,0.0,97.0,0,0,0,0,0,0,0,0
AF,D301R,39.639806,-0.815936,2,VLC,301.0,18.0,277.0,0,0,0,0,0,0,0,0
TF,OPERA,39.622750,-0.778917,0, ,0.0,0.0,0.0,0.0,0,0,0,0,0,0,0,0

STAR,MABU1Y,30,5
IF,MABUX,39.549194,-1.149750, ,0.0,0.0,0,0,0,0,0,0,0,0
TF,URIAS,39.235833,-0.499889,0, ,0.0,0.0,0.0,0.0,0,0,0,0,0,0,0,1
TF,VL001,39.319667,-0.339639,0, ,0.0,0.0,0.0,0.0,0,0,0,0,0,0,0,0
TF,MULAT,39.399917,-0.179917,0, ,0.0,0.0,0.0,0.0,0,0,0,0,0,0,0,1

STAR,MAND1K,30,2
IF,MANDY,39.911778,-1.040500, ,0.0,0.0,0,0,0,0,0,0,0,0
TF,SGO,39.674194,-0.207806,0, ,0.0,0.0,0.0,0.0,0,0,0,0,0,0,0,0
TF,MULAT,39.399917,-0.179917,0, ,0.0,0.0,0.0,0.0,0,0,0,0,0,0,0,0

STAR,MAND1P,12,2
IF,MANDY,39.911778,-1.040500, ,0.0,0.0,0,0,0,0,0,0,0,0
TF,CLS,39.707167,-0.986333,0, ,0.0,0.0,0.0,0.0,0,0,0,0,0,0,0,0

STAR,MAND3C,30,2
IF,MANDY,39.911778,-1.040500, ,0.0,0.0,0,0,0,0,0,0,0,0
TF,SGO,39.674194,-0.207806,0, ,0.0,0.0,0.0,0.0,0,0,0,0,0,0,0,0
TF,MULAT,39.399917,-0.179917,0, ,0.0,0.0,0.0,0.0,0,0,0,0,0,0,0,0

STAR,MAND3D,12,2
IF,MANDY,39.911778,-1.040500, ,0.0,0.0,0,0,0,0,0,0,0,0
TF,CLS,39.707167,-0.986333,0, ,0.0,0.0,0.0,0.0,0,0,0,0,0,0,0,0

STAR,NARG1K,30,2
IF,NARGO,38.738306,-0.998667, ,0.0,0.0,0,0,0,0,0,0,0,0
TF,VLC32,39.015700,-0.808739,0, ,0.0,0.0,0.0,0.0,0,0,0,0,0,0,0,0
TF,D209Q,39.236103,-0.656614,0, ,0.0,0.0,0.0,0.0,0,0,0,0,0,0,0,0
CI,0, ,0.0,29.0,0,0,0,0,0,0,0,0
AF,URIAS,39.235833,-0.499889,1,VLC,183.0,15.0,209.0,0,0,0,0,0,0,0,0
AF,MULAT,39.399917,-0.179917,1,VLC,109.9,15.0,183.0,0,0,0,0,0,0,0,0

STAR,NARG1P,12,2
IF,NARGO,38.738306,-0.998667, ,0.0,0.0,0,0,0,0,0,0,0,0
TF,D209T,39.192039,-0.687117,0, ,0.0,0.0,0.0,0.0,0,0,0,0,0,0,0,0
CI,0, ,0.0,29.0,0,0,0,0,0,0,0,0
AF,D301R,39.639806,-0.815936,2,VLC,301.0,18.0,209.0,0,0,0,0,0,0,0,0
TF,OPERA,39.622750,-0.778917,0, ,0.0,0.0,0.0,0.0,0,0,0,0,0,0,0,0

STAR,NARG1R,30,5
IF,NARGO,38.738306,-0.998667, ,0.0,0.0,0,0,0,0,0,0,0,0
TF,URIAS,39.235833,-0.499889,0, ,0.0,0.0,0.0,0.0,0,0,0,0,0,0,0,1
TF,VL001,39.319667,-0.339639,0, ,0.0,0.0,0.0,0.0,0,0,0,0,0,0,0,0
TF,MULAT,39.399917,-0.179917,0, ,0.0,0.0,0.0,0.0,0,0,0,0,0,0,0,1

STAR,NARG2E,30,5
IF,NARGO,38.738306,-0.998667, ,0.0,0.0,0,0,0,0,0,0,0,0
TF,URIAS,39.235833,-0.499889,0, ,0.0,0.0,0.0,0.0,0,0,0,0,0,0,0,1
TF,VL001,39.319667,-0.339639,0, ,0.0,0.0,0.0,0.0,0,0,0,0,0,0,0,0
TF,MULAT,39.399917,-0.179917,0, ,0.0,0.0,0.0,0.0,0,0,0,0,0,0,0,1

STAR,NARG3C,30,2
IF,NARGO,38.738306,-0.998667, ,0.0,0.0,0,0,0,0,0,0,0,0
TF,VLC32,39.015700,-0.808739,0, ,0.0,0.0,0.0,0.0,0,0,0,0,0,0,0,0
TF,D209Q,39.236103,-0.656614,0, ,0.0,0.0,0.0,0.0,0,0,0,0,0,0,0,0
CI,0, ,0.0,29.0,0,0,0,0,0,0,0,0
AF,URIAS,39.235833,-0.499889,1,VLC,183.0,15.0,209.0,0,0,0,0,0,0,0,0
AF,MULAT,39.399917,-0.179917,1,VLC,109.9,15.0,183.0,0,0,0,0,0,0,0,0

STAR,NARG3D,12,2
IF,NARGO,38.738306,-0.998667, ,0.0,0.0,0,0,0,0,0,0,0,0
TF,D209T,39.192039,-0.687117,0, ,0.0,0.0,0.0,0.0,0,0,0,0,0,0,0,0
CI,0, ,0.0,29.0,0,0,0,0,0,0,0,0
AF,D301R,39.639806,-0.815936,2,VLC,301.0,18.0,209.0,0,0,0,0,0,0,0,0
TF,OPERA,39.622750,-0.778917,0, ,0.0,0.0,0.0,0.0,0,0,0,0,0,0,0,0

STAR,NINO1J,12,5
IF,NINOT,39.208833,0.483333, ,0.0,0.0,3,19000,0,0,0,0,0,0
TF,VL005,39.185833,-0.504722,0, ,0.0,0.0,0.0,0.0,0,0,0,0,0,0,0,1
AF,D301R,39.639806,-0.815936,2,VLC,301.0,18.0,183.0,0,0,0,0,0,0,0,0
TF,OPERA,39.622750,-0.778917,0, ,0.0,0.0,0.0,0.0,0,0,0,0,0,0,0,0

STAR,NINO1K,30,2
IF,NINOT,39.208833,0.483333, ,0.0,0.0,3,19000,0,0,0,0,0,0
TF,MULAT,39.399917,-0.179917,0, ,0.0,0.0,0.0,0.0,0,0,0,0,0,0,0,0

STAR,NINO1P,12,2
IF,NINOT,39.208833,0.483333, ,0.0,0.0,3,19000,0,0,0,0,0,0
TF,VLC,39.485639,-0.483056,0, ,0.0,0.0,0.0,0.0,0,0,0,0,0,0,0,0

STAR,NINO2F,12,5
IF,NINOT,39.208833,0.483333, ,0.0,0.0,3,19000,0,0,0,0,0,0
TF,VL005,39.185833,-0.504722,0, ,0.0,0.0,0.0,0.0,0,0,0,0,0,0,0,1
AF,D301R,39.639806,-0.815936,2,VLC,301.0,18.0,183.0,0,0,0,0,0,0,0,0
TF,OPERA,39.622750,-0.778917,0, ,0.0,0.0,0.0,0.0,0,0,0,0,0,0,0,0

STAR,NINO4C,30,2
IF,NINOT,39.208833,0.483333, ,0.0,0.0,3,19000,0,0,0,0,0,0
TF,MULAT,39.399917,-0.179917,0, ,0.0,0.0,0.0,0.0,0,0,0,0,0,0,0,0

STAR,NINO4D,12,2
IF,NINOT,39.208833,0.483333, ,0.0,0.0,3,19000,0,0,0,0,0,0
TF,VLC,39.485639,-0.483056,0, ,0.0,0.0,0.0,0.0,0,0,0,0,0,0,0,0

STAR,SAUR1K,30,2
IF,SAURA,40.256111,-0.183333, ,0.0,0.0,0,0,0,0,0,0,0,0
TF,SGO,39.674194,-0.207806,0, ,0.0,0.0,0.0,0.0,0,0,0,0,0,0,0,0
TF,MULAT,39.399917,-0.179917,0, ,0.0,0.0,0.0,0.0,0,0,0,0,0,0,0,0

STAR,SAUR1P,12,2
FD,SAURA,40.256111,-0.183333,0,VLC,16.6,32.2,197.0,32.2,0,0,0,0,0,0,0,0
CF,D017T,39.805297,-0.359556,0,VLC,16.6,20.0,197.0,12.0,0,0,0,0,0,0,0,0
CI,0, ,0.0,197.0,0,0,0,0,0,0,0,0
AF,D301R,39.639806,-0.815936,1,VLC,301.0,18.0,17.0,0,0,0,0,0,0,0,0
TF,OPERA,39.622750,-0.778917,0, ,0.0,0.0,0.0,0.0,0,0,0,0,0,0,0,0

STAR,SAUR3C,30,2
IF,SAURA,40.256111,-0.183333, ,0.0,0.0,0,0,0,0,0,0,0,0
TF,SGO,39.674194,-0.207806,0, ,0.0,0.0,0.0,0.0,0,0,0,0,0,0,0,0
TF,MULAT,39.399917,-0.179917,0, ,0.0,0.0,0.0,0.0,0,0,0,0,0,0,0,0

STAR,SAUR3D,12,2
FD,SAURA,40.256111,-0.183333,0,VLC,16.6,32.2,197.0,32.2,0,0,0,0,0,0,0,0
CF,D017T,39.805297,-0.359556,0,VLC,16.6,20.0,197.0,12.0,0,0,0,0,0,0,0,0
CI,0, ,0.0,197.0,0,0,0,0,0,0,0,0
AF,D301R,39.639806,-0.815936,1,VLC,301.0,18.0,17.0,0,0,0,0,0,0,0,0
TF,OPERA,39.622750,-0.778917,0, ,0.0,0.0,0.0,0.0,0,0,0,0,0,0,0,0

STAR,SOPE1E,30,5
IF,SOPET,39.833833,-0.004694, ,0.0,0.0,0,0,0,0,0,0,0,0
TF,VL003,39.627333,-0.086333,0, ,0.0,0.0,0.0,0.0,0,0,0,0,0,0,0,0
TF,MULAT,39.399917,-0.179917,0, ,0.0,0.0,0.0,0.0,0,0,0,0,0,0,0,1

STAR,SOPE1J,30,5
IF,SOPET,39.833833,-0.004694, ,0.0,0.0,0,0,0,0,0,0,0,0
TF,VL003,39.627333,-0.086333,0, ,0.0,0.0,0.0,0.0,0,0,0,0,0,0,0,0
TF,MULAT,39.399917,-0.179917,0, ,0.0,0.0,0.0,0.0,0,0,0,0,0,0,0,1

STAR,SOPE1K,30,2
IF,SOPET,39.833833,-0.004694, ,0.0,0.0,0,0,0,0,0,0,0,0
TF,SGO,39.674194,-0.207806,0, ,0.0,0.0,0.0,0.0,0,0,0,0,0,0,0,0
TF,MULAT,39.399917,-0.179917,0, ,0.0,0.0,0.0,0.0,0,0,0,0,0,0,0,0

STAR,SOPE1P,12,2
IF,SOPET,39.833833,-0.004694, ,0.0,0.0,0,0,0,0,0,0,0,0
TF,D047T,39.714581,-0.169375,0, ,0.0,0.0,0.0,0.0,0,0,0,0,0,0,0,0
CI,0, ,0.0,227.0,0,0,0,0,0,0,0,0
AF,D301R,39.639806,-0.815936,1,VLC,301.0,18.0,47.0,0,0,0,0,0,0,0,0
TF,OPERA,39.622750,-0.778917,0, ,0.0,0.0,0.0,0.0,0,0,0,0,0,0,0,0

STAR,SOPE3C,30,2
IF,SOPET,39.833833,-0.004694, ,0.0,0.0,0,0,0,0,0,0,0,0
TF,SGO,39.674194,-0.207806,0, ,0.0,0.0,0.0,0.0,0,0,0,0,0,0,0,0
TF,MULAT,39.399917,-0.179917,0, ,0.0,0.0,0.0,0.0,0,0,0,0,0,0,0,0

STAR,SOPE3D,12,2
IF,SOPET,39.833833,-0.004694, ,0.0,0.0,0,0,0,0,0,0,0,0
TF,D047T,39.714581,-0.169375,0, ,0.0,0.0,0.0,0.0,0,0,0,0,0,0,0,0
CI,0, ,0.0,227.0,0,0,0,0,0,0,0,0
AF,D301R,39.639806,-0.815936,1,VLC,301.0,18.0,47.0,0,0,0,0,0,0,0,0
TF,OPERA,39.622750,-0.778917,0, ,0.0,0.0,0.0,0.0,0,0,0,0,0,0,0,0

APPTR,D12,12,CLS
IF,CLS,39.707167,-0.986333, ,0.0,0.0,2,6000,0,0,0,0,1,0
CF,OPERA,39.622750,-0.778917,0,VLC,301.0,16.0,118.0,10.9,2,5000,0,0,0,0,0,0
CF,CD12,39.579972,-0.686361,0,VLC,301.0,11.0,121.0,5.0,1,3000,0,0,0,0,1,0

APPTR,D12,12,OPERA
IF,OPERA,39.622750,-0.778917, ,0.0,0.0,2,5000,0,0,0,0,1,0
CF,CD12,39.579972,-0.686361,0,VLC,301.0,11.0,121.0,5.0,1,3000,0,0,0,0,1,0

FINAL,D12,12,D,3
IF,CD12,39.579972,-0.686361,VLC,301.0,11.0,1,3000,0,0,0,0,0,0
CF,FD12,39.535000,-0.589306,0,VLC,301.0,5.8,121.0,5.2,1,2000,0,0,0,0,2,0
CF,MD12,39.502833,-0.520028,0,VLC,301.0,2.0,121.0,3.8,1,663,0,0,0,0,3,0
CF,VLC,39.485639,-0.483056,0,VLC,0.0,0.0,121.0,2.0,2,663,0,0,0,0,0,0
FD,VLC,39.485639,-0.483056,0,VLC,0.0,6.0,116.0,6.0,0,0,0,0,0,0,0,0
VI,0, ,0.0,189.0,0,0,0,0,0,0,0,0
CF,D144O,39.283058,-0.293792,0,VLC,144.0,15.0,144.0,7.0,0,0,0,0,0,0,0,0
AF,URIAS,39.235833,-0.499889,2,VLC,183.0,15.0,144.0,1,4500,0,0,0,0,0,0
HM,URIAS,39.235833,-0.499889,1, ,0.0,0.0,183.0,05,0,0,0,0,0,0,0,0,0

APPTR,D12-A,12,VLC
IF,VLC,39.485639,-0.483056, ,0.0,0.0,2,4000,0,0,0,0,0,0
HF,VLC,39.485639,-0.483056,2, ,0.0,0.0,119.0,07,1,2600,0,1,210,0,1,0,0

FINAL,D12-A,12,D,3
IF,FD119,39.534167,-0.596194,VLC,299.0,6.0,1,2600,0,0,0,0,2,0
CF,40VOR,39.517972,-0.558394,0,VLC,299.0,4.0,119.0,2.0,1,1580,0,0,0,0,0,0
CF,MD119,39.501861,-0.520806,0,VLC,300.0,2.0,119.0,2.0,1,759,0,0,0,0,3,0
CF,VLC,39.485639,-0.483056,0,VLC,0.0,0.0,119.0,2.0,2,759,0,0,0,0,0,0
FD,VLC,39.485639,-0.483056,0,VLC,0.0,6.0,116.0,6.0,0,0,0,0,0,0,0,0
VI,0, ,0.0,189.0,0,0,0,0,0,0,0,0
CF,D144O,39.283058,-0.293792,0,VLC,144.0,15.0,144.0,7.0,0,0,0,0,0,0,0,0
AF,URIAS,39.235833,-0.499889,2,VLC,183.0,15.0,144.0,1,4500,0,0,0,0,0,0
HM,URIAS,39.235833,-0.499889,1, ,0.0,0.0,183.0,05,0,0,0,0,0,0,0,0,0

APPTR,D30,30,MULAT
IF,MULAT,39.399917,-0.179917, ,0.0,0.0,2,3500,0,0,0,0,1,0
CF,CD30,39.427806,-0.278806,0,VLC,110.0,10.1,290.0,4.9,1,2000,0,0,0,0,1,0

APPTR,D30,30,VLC1
IF,VLC,39.485639,-0.483056, ,0.0,0.0,2,4000,0,0,0,0,1,0
FC,VLC,39.485639,-0.483056,0,VLC,0.0,0.0,110.0,4.0,0,0,0,0,0,0,0,0
CF,D134H,39.392122,-0.360283,0,VLC,134.5,8.0,155.0,4.7,2,2000,0,0,0,0,0,1
CF,CD30,39.427806,-0.278806,1,VLC,110.0,10.1,335.0,1.0,1,2000,0,1,220,0,1,0

APPTR,D30,30,VLC2
IF,VLC,39.485639,-0.483056, ,0.0,0.0,2,4000,0,0,0,0,1,0
FC,VLC,39.485639,-0.483056,0,VLC,0.0,0.0,110.0,7.0,2,2000,0,0,0,0,0,0
CF,D122I,39.406647,-0.318431,0,VLC,121.7,9.0,155.0,2.6,0,0,0,0,0,0,0,1
CF,CD30,39.427806,-0.278806,1,VLC,110.0,10.1,335.0,1.0,1,2000,0,0,0,0,1,0

FINAL,D30,30,D,4
IF,CD30,39.427806,-0.278806,VLC,110.0,10.1,1,2000,0,0,0,0,0,0
CF,FD30,39.456444,-0.379833,0,VLC,110.0,5.1,290.0,5.0,1,1600,0,0,0,0,2,0
CF,ED30,39.482217,-0.470911,0,VLC,110.0,0.6,290.0,4.5,1,228,0,0,0,0,0,1
CF,VLC,39.485639,-0.483056,0,VLC,0.0,0.0,290.0,0.6,2,640,0,0,0,0,3,0
FD,VLC,39.485639,-0.483056,0,VLC,0.0,4.5,296.0,4.5,0,0,0,0,0,0,0,0
DF,SGO,39.674194,-0.207806,2, ,0.0,0.0,1,4000,0,1,240,0,0,0
HM,SGO,39.674194,-0.207806,2, ,0.0,0.0,228.0,04.3,0,0,0,0,0,0,0,0,0

APPTR,D30-A,30,VLC
IF,VLC,39.485639,-0.483056, ,0.0,0.0,2,4000,0,0,0,0,0,0
HF,VLC,39.485639,-0.483056,2, ,0.0,0.0,119.0,07,1,2600,0,1,210,0,1,0,0

FINAL,D30-A,30,D,3
IF,FD119,39.534167,-0.596194,VLC,299.0,6.0,1,2600,0,0,0,0,2,0
CF,40VOR,39.517972,-0.558394,0,VLC,299.0,4.0,119.0,2.0,1,1580,0,0,0,0,0,0
CF,MD119,39.501861,-0.520806,0,VLC,300.0,2.0,119.0,2.0,1,759,0,0,0,0,3,0
CF,VLC,39.485639,-0.483056,0,VLC,0.0,0.0,119.0,2.0,2,759,0,0,0,0,0,0
FD,VLC,39.485639,-0.483056,0,VLC,0.0,6.0,116.0,6.0,0,0,0,0,0,0,0,0
VI,0, ,0.0,189.0,0,0,0,0,0,0,0,0
CF,D144O,39.283058,-0.293792,0,VLC,144.0,15.0,144.0,7.0,0,0,0,0,0,0,0,0
AF,URIAS,39.235833,-0.499889,2,VLC,183.0,15.0,144.0,1,4500,0,0,0,0,0,0
HM,URIAS,39.235833,-0.499889,1, ,0.0,0.0,183.0,05,0,0,0,0,0,0,0,0,0

APPTR,I12-Y,12,CLS
IF,CLS,39.707167,-0.986333, ,0.0,0.0,2,6000,0,0,0,0,1,0
CF,OPERA,39.622750,-0.778917,0,CLS,117.7,10.9,118.0,10.9,1,5000,0,0,0,0,0,0
CF,CF12,39.585833,-0.736167,0,VLN,296.2,14.2,138.0,3.0,1,3600,0,0,0,0,1,0

FINAL,I12-Y,12,I,3
IF,CF12,39.585833,-0.736167,VLN,296.2,14.2,1,3600,0,0,0,0,0,0
CF,FI12,39.552972,-0.649222,0,VLN,296.2,9.7,116.0,4.5,1,2800,0,0,0,0,2,0
CF,RW12,39.496353,-0.500114,0,VLN,296.2,2.0,116.0,7.7,1,292,0,0,0,0,3,0
CA,0,116.0,2,640,0,0,0,0,0,0
VM,0,0,0,116.0,1,3000,0,0,0,0,0,0

APPTR,I12-Z,12,CLS
IF,CLS,39.707167,-0.986333, ,0.0,0.0,2,6000,0,0,0,0,1,0
CF,OPERA,39.622750,-0.778917,0,CLS,117.7,10.9,118.0,10.9,2,5000,0,0,0,0,0,0
CF,CF12,39.585833,-0.736167,0,VLN,296.2,14.2,138.0,3.0,1,3600,0,0,0,0,1,0

APPTR,I12-Z,12,OPERA
IF,OPERA,39.622750,-0.778917, ,0.0,0.0,2,5000,0,0,0,0,1,0
CF,CF12,39.585833,-0.736167,0,VLN,296.2,14.2,138.0,3.0,1,3600,0,0,0,0,1,0

APPTR,I12-Z,12,VLC
IF,VLC,39.485639,-0.483056, ,0.0,0.0,2,6000,0,1,210,0,1,0
FD,VLC,39.485639,-0.483056,0,VLC,0.0,13.0,311.0,13.0,2,3600,0,0,0,0,0,0
CF,CF12,39.585833,-0.736167,1,VLN,296.2,14.2,116.0,1.0,1,3600,0,0,0,0,1,0

FINAL,I12-Z,12,I,3
IF,CF12,39.585833,-0.736167,VLN,296.2,14.2,1,3600,0,0,0,0,0,0
CF,FI12,39.552972,-0.649222,0,VLN,296.2,9.7,116.0,4.5,1,2800,0,0,0,0,2,0
CF,RW12,39.496353,-0.500114,0,VLN,296.2,2.0,116.0,7.7,1,292,0,0,0,0,3,0
CD, ,0,0,0,VLC,0,0.0,116.0,6.0,2,640,0,0,0,0,0,0
VI,0, ,0.0,189.0,0,0,0,0,0,0,0,0
CF,D144O,39.283058,-0.293792,0,VLC,144.0,15.0,144.0,7.0,0,0,0,0,0,0,0,0
AF,URIAS,39.235833,-0.499889,2,VLC,183.0,15.0,144.0,1,4500,0,0,0,0,0,0
HM,URIAS,39.235833,-0.499889,1, ,0.0,0.0,183.0,05,0,0,0,0,0,0,0,0,0

APPTR,I30,30,MULAT
IF,MULAT,39.399917,-0.179917, ,0.0,0.0,2,3500,0,0,0,0,1,0
CI,0, ,0.0,241.0,0,0,0,0,0,0,0,0
CF,CF30,39.407694,-0.268056,0,IVC,116.2,12.3,296.0,5.0,1,2500,0,0,0,0,1,0

APPTR,I30,30,PND
IF,PND,39.437417,-0.346472, ,0.0,0.0,2,3000,0,0,0,0,1,0
HF,PND,39.437417,-0.346472,1, ,0.0,0.0,296.0,04.3,1,2500,0,1,210,0,0,0,0

FINAL,I30,30,I,3
IF,CF30,39.407694,-0.268056,IVC,116.2,12.3,1,2500,0,0,0,0,0,0
CF,FI30,39.439889,-0.352139,0,IVC,116.2,8.0,296.0,4.4,1,2200,0,0,0,0,2,0
CF,RW30,39.484775,-0.469711,0,IVC,116.2,1.9,296.0,6.1,1,228,0,0,0,0,3,0
CA,0,296.0,2,640,0,0,0,0,0,0
CF,D296C,39.521928,-0.567806,0,VLC,299.0,4.5,296.0,4.1,0,0,0,0,0,0,0,1
DF,SGO,39.674194,-0.207806,2, ,0.0,0.0,1,4000,0,1,230,0,0,0
HM,SGO,39.674194,-0.207806,2, ,0.0,0.0,228.0,04.3,0,0,0,0,0,0,0,0,0

APPTR,L12-Y,12,CLS
IF,CLS,39.707167,-0.986333, ,0.0,0.0,2,6000,0,0,0,0,1,0
CF,OPERA,39.622750,-0.778917,0,CLS,117.7,10.9,118.0,10.9,1,5000,0,0,0,0,0,0
CF,CF12,39.585833,-0.736167,0,VLN,296.2,14.2,138.0,3.0,1,3600,0,0,0,0,1,0

FINAL,L12-Y,12,D,4
IF,CF12,39.585833,-0.736167,VLN,296.2,14.2,1,3600,0,0,0,0,0,0
CF,FL12,39.548500,-0.637417,0,VLN,296.2,9.1,116.0,5.1,1,2500,0,0,0,0,2,0
CF,40LOC,39.525769,-0.577506,0,VLN,296.2,6.0,116.0,3.1,1,1570,0,0,0,0,0,0
CF,ML12,39.503722,-0.519444,0,VLN,296.2,3.0,116.0,3.0,1,611,0,0,0,0,3,0
CA,0,116.0,2,640,0,0,0,0,0,0
VM,0,0,0,116.0,1,3000,0,0,0,0,0,0

APPTR,L12-Z,12,CLS
IF,CLS,39.707167,-0.986333, ,0.0,0.0,2,6000,0,0,0,0,1,0
CF,OPERA,39.622750,-0.778917,0,CLS,117.7,10.9,118.0,10.9,2,5000,0,0,0,0,0,0
CF,CF12,39.585833,-0.736167,0,VLN,296.2,14.2,138.0,3.0,1,3600,0,0,0,0,1,0

APPTR,L12-Z,12,OPERA
IF,OPERA,39.622750,-0.778917, ,0.0,0.0,2,5000,0,0,0,0,1,0
CF,CF12,39.585833,-0.736167,0,VLN,296.2,14.2,138.0,3.0,1,3600,0,0,0,0,1,0

APPTR,L12-Z,12,VLC
IF,VLC,39.485639,-0.483056, ,0.0,0.0,2,6000,0,1,210,0,1,0
FD,VLC,39.485639,-0.483056,0,VLC,0.0,13.0,311.0,13.0,1,3600,0,0,0,0,0,0
CF,CF12,39.585833,-0.736167,1,VLN,296.2,14.2,116.0,1.0,1,3600,0,0,0,0,1,0

FINAL,L12-Z,12,D,4
IF,CF12,39.585833,-0.736167,VLN,296.2,14.2,1,3600,0,0,0,0,0,0
CF,FL12,39.548500,-0.637417,0,VLN,296.2,9.1,116.0,5.1,1,2500,0,0,0,0,2,0
CF,40LOC,39.525769,-0.577506,0,VLN,296.2,6.0,116.0,3.1,1,1570,0,0,0,0,0,0
CF,ML12,39.503722,-0.519444,0,VLN,296.2,3.0,116.0,3.0,1,611,0,0,0,0,3,0
CD, ,0,0,0,VLC,0,0.0,116.0,6.0,2,640,0,0,0,0,0,0
VI,0, ,0.0,189.0,0,0,0,0,0,0,0,0
CF,D144O,39.283058,-0.293792,0,VLC,144.0,15.0,144.0,7.0,0,0,0,0,0,0,0,0
AF,URIAS,39.235833,-0.499889,2,VLC,183.0,15.0,144.0,1,4500,0,0,0,0,0,0
HM,URIAS,39.235833,-0.499889,1, ,0.0,0.0,183.0,05,0,0,0,0,0,0,0,0,0

APPTR,L30,30,MULAT
IF,MULAT,39.399917,-0.179917, ,0.0,0.0,2,3500,0,0,0,0,1,0
CI,0, ,0.0,241.0,0,0,0,0,0,0,0,0
CF,CF30,39.407694,-0.268056,0,IVC,116.2,12.3,296.0,5.0,1,2500,0,0,0,0,1,0

APPTR,L30,30,PND
IF,PND,39.437417,-0.346472, ,0.0,0.0,2,3000,0,0,0,0,1,0
HF,PND,39.437417,-0.346472,1, ,0.0,0.0,296.0,04.3,1,2500,0,1,210,0,0,0,0

FINAL,L30,30,D,3
IF,CF30,39.407694,-0.268056,IVC,116.2,12.3,1,2500,0,0,0,0,0,0
CF,FL30,39.447194,-0.371250,0,IVC,116.2,7.0,296.0,5.4,1,1800,0,0,0,0,2,0
CF,ML30,39.481111,-0.460056,0,IVC,116.2,2.4,296.0,4.6,1,388,0,0,0,0,3,0
CA,0,296.0,2,640,0,0,0,0,0,0
CF,D296C,39.521928,-0.567806,0,VLC,299.0,4.5,296.0,5.0,0,0,0,0,0,0,0,1
DF,SGO,39.674194,-0.207806,2, ,0.0,0.0,1,4000,0,1,230,0,0,0
HM,SGO,39.674194,-0.207806,2, ,0.0,0.0,228.0,04.3,0,0,0,0,0,0,0,0,0

APPTR,N30-Y,30,PND
IF,PND,39.437417,-0.346472, ,0.0,0.0,2,3000,0,0,0,0,0,0
HF,PND,39.437417,-0.346472,1, ,0.0,0.0,297.0,04.3,1,2500,0,1,210,0,1,0,0

FINAL,N30-Y,30,N,2
IF,PND,39.437417,-0.346472,PND,0.0,0.0,1,2200,0,0,0,0,2,0
CF,RW30,39.484775,-0.469711,0,PND,0.0,0.0,297.0,6.4,1,228,0,0,0,0,3,0
CA,0,297.0,2,1200,0,0,0,0,0,0
DF,SGO,39.674194,-0.207806,2, ,0.0,0.0,1,4000,0,1,200,0,0,0
HM,SGO,39.674194,-0.207806,2, ,0.0,0.0,228.0,04.3,0,0,0,0,0,0,0,0,0

APPTR,Q30-Z,30,MULAT
IF,MULAT,39.399917,-0.179917, ,0.0,0.0,2,3500,0,0,0,0,1,0
CI,0, ,0.0,241.0,0,0,0,0,0,0,0,0
CF,D117C,39.414944,-0.288250,0,VLC,115.0,10.0,297.0,5.0,1,2500,0,0,0,0,1,0
CF,FN30Z,39.453778,-0.388833,0,VLC,113.5,4.8,297.0,5.2,1,1500,0,0,0,0,0,0

APPTR,Q30-Z,30,PND
IF,PND,39.437417,-0.346472, ,0.0,0.0,2,3000,0,0,0,0,0,0
HF,PND,39.437417,-0.346472,1, ,0.0,0.0,297.0,04.3,1,2500,0,1,210,0,1,0,0

FINAL,Q30-Z,30,N,2
IF,FN30Z,39.453778,-0.388833,PND,0.0,0.0,1,1500,0,0,0,0,2,0
CF,MN30Z,39.479667,-0.456167,0,VLC,0.0,1.3,297.0,3.5,1,451,0,0,0,0,3,0
FD,MN30Z,39.479667,-0.456167,0,VLC,106.0,4.5,297.0,4.5,0,0,0,0,0,0,0,0
DF,SGO,39.674194,-0.207806,2, ,0.0,0.0,1,4000,0,1,220,0,0,0
HM,SGO,39.674194,-0.207806,2, ,0.0,0.0,228.0,04.3,0,0,0,0,0,0,0,0,0

