SID,AGN9D,13,5
CF,BP913,43.338083,-0.339111,0,TBO,272.1,21.2,126.0,3.7,0,0,0,1,205,0,0,0
TF,LMB,43.466667,-0.018417,0, ,0.0,0.0,0.0,0.0,0,0,0,1,250,0,0,0
TF,DISIS,43.541944,0.214722,0, ,0.0,0.0,0.0,0.0,0,0,0,1,250,0,0,0
TF,USAKU,43.624167,0.472222,0, ,0.0,0.0,0.0,0.0,0,0,0,0,0,0,0,0
TF,AUCHE,43.651389,0.558333,0, ,0.0,0.0,0.0,0.0,0,0,0,0,0,0,0,0
TF,AGN,43.888028,0.872861,0, ,0.0,0.0,0.0,0.0,0,0,0,0,0,0,0,0

SID,AGN9E,13,2
CD, ,0,0,0,PYR,0,0.0,126.0,3.0,0,0,0,0,0,0,0,0
CF,LMB,43.466667,-0.018417,0,TBO,319.4,10.8,59.0,16.0,0,0,0,0,0,0,0,0
TF,DISIS,43.541944,0.214722,0, ,0.0,0.0,0.0,0.0,0,0,0,0,0,0,0,0
TF,USAKU,43.624167,0.472222,0, ,0.0,0.0,0.0,0.0,0,0,0,0,0,0,0,0
TF,AUCHE,43.651389,0.558333,0, ,0.0,0.0,0.0,0.0,0,0,0,0,0,0,0,0
TF,AGN,43.888028,0.872861,0, ,0.0,0.0,0.0,0.0,0,0,0,0,0,0,0,0

SID,AGN9V,31,5
DF,D306C,43.399525,-0.455664,0, ,0.0,0.0,0,0,0,0,0,0,0,1
CA,0,306.0,2,1290,0,1,205,0,0,0
DF,BP935,43.474694,-0.326944,2, ,0.0,0.0,0,0,0,1,250,0,0,0
TF,DISIS,43.541944,0.214722,0, ,0.0,0.0,0.0,0.0,0,0,0,1,250,0,0,0
TF,USAKU,43.624167,0.472222,0, ,0.0,0.0,0.0,0.0,0,0,0,0,0,0,0,0
TF,AUCHE,43.651389,0.558333,0, ,0.0,0.0,0.0,0.0,0,0,0,0,0,0,0,0
TF,AGN,43.888028,0.872861,0, ,0.0,0.0,0.0,0.0,0,0,0,0,0,0,0,0

SID,AGN9W,31,2
CD, ,0,0,0,PYR,0,0.0,306.0,2.0,0,0,0,0,0,0,0,0
CA,0,306.0,2,1020,0,0,0,0,0,0
CF,LMB,43.466667,-0.018417,2,TBO,319.4,10.8,89.0,18.0,0,0,0,0,0,0,0,0
TF,DISIS,43.541944,0.214722,0, ,0.0,0.0,0.0,0.0,0,0,0,0,0,0,0,0
TF,USAKU,43.624167,0.472222,0, ,0.0,0.0,0.0,0.0,0,0,0,0,0,0,0,0
TF,AUCHE,43.651389,0.558333,0, ,0.0,0.0,0.0,0.0,0,0,0,0,0,0,0,0
TF,AGN,43.888028,0.872861,0, ,0.0,0.0,0.0,0.0,0,0,0,0,0,0,0,0

SID,AGN9Y,31,5
CF,BP931,43.422556,-0.499722,0,TBO,282.1,28.8,306.0,3.5,0,0,0,1,205,0,0,1
DF,ARSIG,43.315556,-0.447472,1, ,0.0,0.0,2,4000,0,1,250,0,0,0
TF,BP933,43.379417,-0.236389,0, ,0.0,0.0,0.0,0.0,0,0,0,1,250,0,0,0
TF,LMB,43.466667,-0.018417,0, ,0.0,0.0,0.0,0.0,0,0,0,1,250,0,0,0
TF,DISIS,43.541944,0.214722,0, ,0.0,0.0,0.0,0.0,0,0,0,1,250,0,0,0
TF,USAKU,43.624167,0.472222,0, ,0.0,0.0,0.0,0.0,0,0,0,0,0,0,0,0
TF,AUCHE,43.651389,0.558333,0, ,0.0,0.0,0.0,0.0,0,0,0,0,0,0,0,0
TF,AGN,43.888028,0.872861,0, ,0.0,0.0,0.0,0.0,0,0,0,0,0,0,0,0

SID,AGN9Z,31,2
CD, ,0,0,0,PYR,0,0.0,306.0,2.0,0,0,0,0,0,0,0,0
CA,0,306.0,2,1320,0,0,0,0,0,0
FA,LMB,43.466667,-0.018417,0,TBO,0.0,0.0,259.0,2,3000,0,0,0,0,0,0
DF,PU,43.320528,-0.305111,1, ,0.0,0.0,0,0,0,0,0,0,0,0
TF,LMB,43.466667,-0.018417,0, ,0.0,0.0,0.0,0.0,0,0,0,0,0,0,0,0
TF,DISIS,43.541944,0.214722,0, ,0.0,0.0,0.0,0.0,0,0,0,0,0,0,0,0
TF,USAKU,43.624167,0.472222,0, ,0.0,0.0,0.0,0.0,0,0,0,0,0,0,0,0
TF,AUCHE,43.651389,0.558333,0, ,0.0,0.0,0.0,0.0,0,0,0,0,0,0,0,0
TF,AGN,43.888028,0.872861,0, ,0.0,0.0,0.0,0.0,0,0,0,0,0,0,0,0

SID,SOVO9D,13,5
CF,BP914,43.353500,-0.368361,0,TBO,274.4,22.6,126.0,2.2,0,0,0,1,205,0,0,1
DF,BP915,43.440278,-0.456667,1, ,0.0,0.0,0,0,0,1,250,0,0,0
TF,SOVOS,43.386944,-0.900000,0, ,0.0,0.0,0.0,0.0,0,0,0,1,250,0,0,0

SID,SOVO9E,13,2
CD, ,0,0,0,PYR,0,0.0,126.0,2.0,0,0,0,0,0,0,0,0
CF,ORTEZ,43.365556,-0.716667,1,TBO,274.3,37.8,259.0,16.0,0,0,0,0,0,0,0,0
TF,SOVOS,43.386944,-0.900000,0, ,0.0,0.0,0.0,0.0,0,0,0,0,0,0,0,0

SID,SOVO9V,31,5
CF,BP931,43.422556,-0.499722,0,TBO,282.1,28.8,306.0,3.5,0,0,0,1,205,0,0,1
TF,SOVOS,43.386944,-0.900000,0, ,0.0,0.0,0.0,0.0,0,0,0,1,250,0,0,0

SID,SOVO9W,31,2
CD, ,0,0,0,PYR,0,0.0,306.0,2.0,0,0,0,0,0,0,0,0
CA,0,306.0,2,1320,0,0,0,0,0,0
CF,ORTEZ,43.365556,-0.716667,0,TBO,274.3,37.8,259.0,11.0,0,0,0,0,0,0,0,0
TF,SOVOS,43.386944,-0.900000,0, ,0.0,0.0,0.0,0.0,0,0,0,0,0,0,0,0

SID,TOU9D,13,5
CF,BP913,43.338083,-0.339111,0,TBO,272.1,21.2,126.0,3.7,0,0,0,1,205,0,0,0
TF,LMB,43.466667,-0.018417,0, ,0.0,0.0,0.0,0.0,0,0,0,1,250,0,0,0
TF,DISIS,43.541944,0.214722,0, ,0.0,0.0,0.0,0.0,0,0,0,1,250,0,0,0
TF,USAKU,43.624167,0.472222,0, ,0.0,0.0,0.0,0.0,0,0,0,0,0,0,0,0
TF,AUCHE,43.651389,0.558333,0, ,0.0,0.0,0.0,0.0,0,0,0,0,0,0,0,0
TF,TOU,43.680833,1.309806,0, ,0.0,0.0,0.0,0.0,0,0,0,0,0,0,0,0

SID,TOU9E,13,2
CD, ,0,0,0,PYR,0,0.0,126.0,3.0,0,0,0,0,0,0,0,0
CF,LMB,43.466667,-0.018417,0,TBO,319.4,10.8,59.0,16.0,0,0,0,0,0,0,0,0
TF,DISIS,43.541944,0.214722,0, ,0.0,0.0,0.0,0.0,0,0,0,0,0,0,0,0
TF,USAKU,43.624167,0.472222,0, ,0.0,0.0,0.0,0.0,0,0,0,0,0,0,0,0
TF,AUCHE,43.651389,0.558333,0, ,0.0,0.0,0.0,0.0,0,0,0,0,0,0,0,0
TF,TOU,43.680833,1.309806,0, ,0.0,0.0,0.0,0.0,0,0,0,0,0,0,0,0

SID,TOU9V,31,5
DF,D306C,43.399525,-0.455664,0, ,0.0,0.0,0,0,0,0,0,0,0,1
CA,0,306.0,2,1290,0,1,205,0,0,0
DF,BP935,43.474694,-0.326944,2, ,0.0,0.0,0,0,0,1,250,0,0,0
TF,DISIS,43.541944,0.214722,0, ,0.0,0.0,0.0,0.0,0,0,0,1,250,0,0,0
TF,USAKU,43.624167,0.472222,0, ,0.0,0.0,0.0,0.0,0,0,0,0,0,0,0,0
TF,AUCHE,43.651389,0.558333,0, ,0.0,0.0,0.0,0.0,0,0,0,0,0,0,0,0
TF,TOU,43.680833,1.309806,0, ,0.0,0.0,0.0,0.0,0,0,0,0,0,0,0,0

SID,TOU9W,31,2
CD, ,0,0,0,PYR,0,0.0,306.0,2.0,0,0,0,0,0,0,0,0
CA,0,306.0,2,1020,0,0,0,0,0,0
CF,LMB,43.466667,-0.018417,2,TBO,319.4,10.8,89.0,18.0,0,0,0,0,0,0,0,0
TF,DISIS,43.541944,0.214722,0, ,0.0,0.0,0.0,0.0,0,0,0,0,0,0,0,0
TF,USAKU,43.624167,0.472222,0, ,0.0,0.0,0.0,0.0,0,0,0,0,0,0,0,0
TF,AUCHE,43.651389,0.558333,0, ,0.0,0.0,0.0,0.0,0,0,0,0,0,0,0,0
TF,TOU,43.680833,1.309806,0, ,0.0,0.0,0.0,0.0,0,0,0,0,0,0,0,0

SID,TOU9Y,31,5
CF,BP931,43.422556,-0.499722,0,TBO,282.1,28.8,306.0,3.5,0,0,0,1,205,0,0,1
DF,ARSIG,43.315556,-0.447472,1, ,0.0,0.0,2,4000,0,1,250,0,0,0
TF,BP933,43.379417,-0.236389,0, ,0.0,0.0,0.0,0.0,0,0,0,1,250,0,0,0
TF,LMB,43.466667,-0.018417,0, ,0.0,0.0,0.0,0.0,0,0,0,1,250,0,0,0
TF,DISIS,43.541944,0.214722,0, ,0.0,0.0,0.0,0.0,0,0,0,1,250,0,0,0
TF,USAKU,43.624167,0.472222,0, ,0.0,0.0,0.0,0.0,0,0,0,0,0,0,0,0
TF,AUCHE,43.651389,0.558333,0, ,0.0,0.0,0.0,0.0,0,0,0,0,0,0,0,0
TF,TOU,43.680833,1.309806,0, ,0.0,0.0,0.0,0.0,0,0,0,0,0,0,0,0

SID,TOU9Z,31,2
CD, ,0,0,0,PYR,0,0.0,306.0,2.0,0,0,0,0,0,0,0,0
CA,0,306.0,2,1320,0,0,0,0,0,0
FA,LMB,43.466667,-0.018417,0,TBO,0.0,0.0,259.0,2,3000,0,0,0,0,0,0
DF,PU,43.320528,-0.305111,1, ,0.0,0.0,0,0,0,0,0,0,0,0
TF,LMB,43.466667,-0.018417,0, ,0.0,0.0,0.0,0.0,0,0,0,0,0,0,0,0
TF,DISIS,43.541944,0.214722,0, ,0.0,0.0,0.0,0.0,0,0,0,0,0,0,0,0
TF,USAKU,43.624167,0.472222,0, ,0.0,0.0,0.0,0.0,0,0,0,0,0,0,0,0
TF,AUCHE,43.651389,0.558333,0, ,0.0,0.0,0.0,0.0,0,0,0,0,0,0,0,0
TF,TOU,43.680833,1.309806,0, ,0.0,0.0,0.0,0.0,0,0,0,0,0,0,0,0

STAR,AGN5C,ALL,2
IF,AGN,43.888028,0.872861, ,0.0,0.0,3,19000,0,0,0,0,0,0
TF,D050Z,43.615033,0.596622,0, ,0.0,0.0,0.0,0.0,3,14000,0,0,0,0,0,0
TF,TADAN,43.576944,0.558333,0, ,0.0,0.0,0.0,0.0,0,0,0,0,0,0,0,0
TF,TEPTI,43.409444,0.398889,0, ,0.0,0.0,0.0,0.0,1,7000,0,0,0,0,0,0

STAR,AGN5R,ALL,5
IF,AGN,43.888028,0.872861, ,0.0,0.0,3,19000,0,0,0,0,0,0
TF,D216S,43.619453,0.605703,0, ,0.0,0.0,0.0,0.0,3,14000,0,0,0,0,0,0
TF,TEPTI,43.409444,0.398889,0, ,0.0,0.0,0.0,0.0,4,14000,7000,1,250,0,0,0

STAR,BTZ5C,ALL,2
IF,BTZ,43.466639,-1.510278, ,0.0,0.0,3,18000,0,0,0,0,0,0
TF,SOVOS,43.386944,-0.900000,0, ,0.0,0.0,0.0,0.0,0,0,0,0,0,0,0,0
TF,ORTEZ,43.365556,-0.716667,0, ,0.0,0.0,0.0,0.0,3,10000,0,0,0,0,0,0
TF,TBO34,43.310406,-0.629967,0, ,0.0,0.0,0.0,0.0,0,0,0,0,0,0,0,0
TF,ARSIG,43.315556,-0.447472,0, ,0.0,0.0,0.0,0.0,2,5000,0,0,0,0,0,0

STAR,TOU5C,ALL,2
IF,TOU,43.680833,1.309806, ,0.0,0.0,2,22000,0,0,0,0,0,0
TF,D068Z,43.498953,0.694633,0, ,0.0,0.0,0.0,0.0,3,14000,0,0,0,0,0,0
TF,MABOL,43.458056,0.558333,0, ,0.0,0.0,0.0,0.0,3,11000,0,0,0,0,0,0
TF,TEPTI,43.409444,0.398889,0, ,0.0,0.0,0.0,0.0,1,7000,0,0,0,0,0,0

STAR,TOU5R,ALL,5
IF,TOU,43.680833,1.309806, ,0.0,0.0,3,22000,0,0,0,0,0,0
TF,TOU27,43.508833,0.727678,0, ,0.0,0.0,0.0,0.0,3,14000,0,0,0,0,0,0
TF,MABOL,43.458056,0.558333,0, ,0.0,0.0,0.0,0.0,3,11000,0,0,0,0,0,0
TF,TEPTI,43.409444,0.398889,0, ,0.0,0.0,0.0,0.0,2,7000,0,1,250,0,0,0

APPTR,I31-Y,31,OSVEG
IF,OSVEG,43.305472,-0.108972, ,0.0,0.0,3,5000,0,1,190,0,1,0
TF,BP406,43.271528,-0.213250,0, ,0.0,0.0,0.0,0.0,1,3000,0,0,0,0,1,0
CF,CF31,43.283414,-0.235458,0,PYR,125.8,10.8,306.0,1.2,1,3000,0,0,0,0,0,0

APPTR,I31-Y,31,PO
IF,PO,43.314111,-0.166222, ,0.0,0.0,0,0,0,0,0,0,1,0
CF,D216M,43.292106,-0.185628,0,TBO,261.7,14.7,216.0,1.6,2,3000,0,0,0,0,0,0
CF,D126P,43.268639,-0.207944,0,TBO,257.3,16.0,216.0,1.7,2,3000,0,0,0,0,1,0
CF,CF31,43.283414,-0.235458,0,PYR,125.8,10.8,306.0,1.5,1,3000,0,0,0,0,0,0

APPTR,I31-Y,31,PU
HF,PU,43.320528,-0.305111,2, ,0.0,0.0,306.0,04.3,1,3000,0,1,190,0,1,0,0

APPTR,I31-Y,31,TEPT1
IF,TEPTI,43.409444,0.398889, ,0.0,0.0,2,7000,0,0,0,0,1,0
TF,OSVEG,43.305472,-0.108972,0, ,0.0,0.0,0.0,0.0,3,5000,0,1,190,0,0,0
TF,BP406,43.271528,-0.213250,0, ,0.0,0.0,0.0,0.0,1,3000,0,0,0,0,1,0
CF,CF31,43.283414,-0.235458,0,PYR,125.8,10.8,306.0,1.2,1,3000,0,0,0,0,0,0

APPTR,I31-Y,31,TEPT2
IF,TEPTI,43.409444,0.398889, ,0.0,0.0,0,0,0,0,0,0,1,0
CF,TBO,43.332222,0.145750,0,TBO,0.0,0.0,248.0,12.0,0,0,0,0,0,0,0,0
FD,TBO,43.332222,0.145750,0,TBO,0.0,9.0,266.0,9.0,2,5000,0,0,0,0,0,0
CF,D266M,43.313706,-0.138528,0,TBO,266.0,12.5,266.0,3.5,0,0,0,1,190,0,0,1
DF,D216M,43.292106,-0.185628,1, ,0.0,0.0,2,3000,0,0,0,0,0,0
CF,D126P,43.268639,-0.207944,0,TBO,257.3,16.0,216.0,1.7,2,3000,0,0,0,0,1,0
CF,CF31,43.283414,-0.235458,0,PYR,125.8,10.8,306.0,1.5,1,3000,0,0,0,0,0,0

FINAL,I31-Y,31,I,3
IF,CF31,43.283414,-0.235458,PYR,125.8,10.8,1,3000,0,0,0,0,0,0
CF,FI31,43.302889,-0.272611,0,PYR,125.8,8.8,306.0,2.0,1,3000,0,0,0,0,2,0
CF,RW31,43.374503,-0.408247,0,PYR,125.8,1.5,306.0,7.3,1,668,0,0,0,0,3,0
CF,D306B,43.395750,-0.448372,0,TBO,279.5,26.3,306.0,2.2,2,1020,0,1,185,0,0,1
CI,2, ,0.0,44.0,0,0,0,0,0,0,0,0
CF,PYR15,43.463575,-0.091522,0,TBO,308.3,13.0,89.0,16.0,1,4000,0,1,190,0,0,1
CF,PO,43.314111,-0.166222,2,TBO,266.6,13.7,216.0,10.0,0,0,0,0,0,0,0,0

APPTR,I31-Z,31,ARSI1
IF,ARSIG,43.315556,-0.447472, ,0.0,0.0,0,0,0,0,0,0,1,0
CF,PU,43.320528,-0.305111,0,TBO,269.1,19.8,87.0,6.2,0,0,0,0,0,0,0,0
CF,D092D,43.318178,-0.214350,0,TBO,268.1,15.8,92.0,4.0,1,3000,0,1,185,0,0,1
CF,CF31,43.283414,-0.235458,2,PYR,125.8,10.8,306.0,1.0,1,3000,0,0,0,0,0,0

APPTR,I31-Z,31,ARSI2
IF,ARSIG,43.315556,-0.447472, ,0.0,0.0,0,0,0,0,0,0,1,0
CF,PU,43.320528,-0.305111,0,TBO,269.1,19.8,87.0,6.2,0,0,0,0,0,0,0,0
CF,D102D,43.307328,-0.220258,0,TBO,265.8,16.1,102.0,3.8,1,3000,0,1,140,0,0,1
CF,CF31,43.283414,-0.235458,2,PYR,125.8,10.8,306.0,1.0,1,3000,0,0,0,0,0,0

APPTR,I31-Z,31,BAGR1
IF,BAGRO,43.209833,-0.097278, ,0.0,0.0,2,5000,0,0,0,0,1,0
TF,BP406,43.271528,-0.213250,0, ,0.0,0.0,0.0,0.0,2,3000,0,1,210,0,1,0
CF,CF31,43.283414,-0.235458,0,PYR,125.8,10.8,306.0,1.2,1,3000,0,0,0,0,0,0

APPTR,I31-Z,31,BAGR2
IF,BAGRO,43.209833,-0.097278, ,0.0,0.0,2,5000,0,1,220,0,1,0
CF,D126P,43.268639,-0.207944,0,TBO,257.3,16.0,306.0,6.0,2,3000,0,1,210,0,1,0
CF,CF31,43.283414,-0.235458,0,PYR,125.8,10.8,306.0,1.5,1,3000,0,0,0,0,0,0

APPTR,I31-Z,31,PU
HF,PU,43.320528,-0.305111,2, ,0.0,0.0,306.0,04.3,1,3000,0,1,190,0,1,0,0

APPTR,I31-Z,31,TEPT1
IF,TEPTI,43.409444,0.398889, ,0.0,0.0,2,7000,0,0,0,0,1,0
TF,LALTA,43.183611,0.178611,0, ,0.0,0.0,0.0,0.0,0,0,0,1,220,0,0,0
TF,SUDAD,43.163889,-0.011111,0, ,0.0,0.0,0.0,0.0,2,6000,0,0,0,0,0,0
TF,BAGRO,43.209833,-0.097278,0, ,0.0,0.0,0.0,0.0,2,5000,0,0,0,0,0,0
TF,BP406,43.271528,-0.213250,0, ,0.0,0.0,0.0,0.0,2,3000,0,1,210,0,1,0
CF,CF31,43.283414,-0.235458,0,PYR,125.8,10.8,306.0,1.2,1,3000,0,0,0,0,0,0

APPTR,I31-Z,31,TEPT2
IF,TEPTI,43.409444,0.398889, ,0.0,0.0,0,0,0,0,0,0,1,0
CF,LALTA,43.183611,0.178611,0,TBO,171.8,9.0,216.0,16.6,0,0,0,1,220,0,0,0
CF,SUDAD,43.163889,-0.011111,0,TBO,215.3,12.2,262.0,8.4,2,6000,0,1,220,0,0,0
CF,BAGRO,43.209833,-0.097278,0,TBO,236.5,12.9,306.0,4.7,2,5000,0,1,220,0,0,0
CF,D126P,43.268639,-0.207944,0,TBO,257.3,16.0,306.0,6.0,2,3000,0,1,210,0,1,0
CF,CF31,43.283414,-0.235458,0,PYR,125.8,10.8,306.0,1.5,1,3000,0,0,0,0,0,0

FINAL,I31-Z,31,I,3
IF,CF31,43.283414,-0.235458,PYR,125.8,10.8,1,3000,0,0,0,0,0,0
CF,FI31,43.302889,-0.272611,0,PYR,125.8,8.8,306.0,2.0,1,3000,0,0,0,0,2,0
CF,RW31,43.374503,-0.408247,0,PYR,125.8,1.5,306.0,7.3,1,668,0,0,0,0,3,0
CF,D306B,43.395750,-0.448372,0,TBO,279.5,26.3,306.0,2.2,2,1020,0,1,185,0,0,1
CI,2, ,0.0,44.0,0,0,0,0,0,0,0,0
CF,PYR15,43.463575,-0.091522,0,TBO,308.3,13.0,89.0,16.0,1,4000,0,1,190,0,0,1
CF,PO,43.314111,-0.166222,2,TBO,266.6,13.7,216.0,10.0,0,0,0,0,0,0,0,0

APPTR,N31-X,31,ARSIG
IF,ARSIG,43.315556,-0.447472, ,0.0,0.0,0,0,0,0,0,0,1,0
CF,PU,43.320528,-0.305111,0,TBO,269.1,19.8,87.0,6.2,0,0,0,0,0,0,0,0
FC,PU,43.320528,-0.305111,0,TBO,0.0,0.0,98.0,4.6,0,0,0,1,185,0,0,1
CF,CN31X,43.300925,-0.268178,2,TBO,265.2,18.2,306.0,3.0,2,3000,0,0,0,0,0,0

APPTR,N31-X,31,PU
HF,PU,43.320528,-0.305111,2, ,0.0,0.0,306.0,04.3,2,3000,0,1,190,0,1,0,0

FINAL,N31-X,31,N,3
IF,CN31X,43.300925,-0.268178,PU,0.0,0.0,2,3000,0,0,0,0,0,0
CF,PU,43.320528,-0.305111,0,PU,0.0,0.0,306.0,2.0,2,2420,0,0,0,0,2,0
CF,MN31X,43.365139,-0.389331,0,PU,0.0,0.0,306.0,4.5,1,987,0,0,0,0,3,0
CA,0,306.0,2,1300,0,1,185,0,0,0
CI,2, ,0.0,41.0,0,0,0,0,0,0,0,0
CF,PYR15,43.463575,-0.091522,0,TBO,308.3,13.0,89.0,14.0,1,4000,0,1,190,0,0,1
CF,PO,43.314111,-0.166222,2,TBO,266.6,13.7,216.0,10.0,0,0,0,0,0,0,0,0
CF,D216M,43.292106,-0.185628,0,TBO,261.7,14.7,216.0,1.6,0,0,0,0,0,0,0,1
CF,PU,43.320528,-0.305111,0,TBO,269.1,19.8,306.0,6.0,0,0,0,0,0,0,0,0

APPTR,Q31-Y,31,PO
IF,PO,43.314111,-0.166222, ,0.0,0.0,0,0,0,0,0,0,0,0
CF,D216M,43.292106,-0.185628,0,TBO,261.7,14.7,216.0,1.6,2,3000,0,0,0,0,0,1
CF,CQ31Y,43.268889,-0.207808,0,TBO,257.3,16.0,216.0,1.7,2,3000,0,0,0,0,1,0

APPTR,Q31-Y,31,PU
HF,PU,43.320528,-0.305111,2, ,0.0,0.0,306.0,04.3,2,3000,0,1,190,0,1,0,0

APPTR,Q31-Y,31,TEPTI
IF,TEPTI,43.409444,0.398889, ,0.0,0.0,0,0,0,0,0,0,1,0
CF,TBO,43.332222,0.145750,0,TBO,0.0,0.0,248.0,12.0,0,0,0,0,0,0,0,0
FD,TBO,43.332222,0.145750,0,TBO,0.0,9.0,266.0,9.0,2,5000,0,0,0,0,0,0
CF,D266M,43.313706,-0.138528,0,TBO,266.0,12.5,266.0,3.5,0,0,0,1,190,0,0,1
CF,D216M,43.292106,-0.185628,0,TBO,261.7,14.7,216.0,2.5,2,3000,0,0,0,0,0,1
CF,CQ31Y,43.268889,-0.207808,0,TBO,257.3,16.0,216.0,1.7,2,3000,0,0,0,0,1,0

FINAL,Q31-Y,31,N,5
IF,CQ31Y,43.268889,-0.207808,PU,0.0,0.0,2,3000,0,0,0,0,0,0
CF,FQ31,43.303167,-0.272361,0,PU,0.0,0.0,306.0,3.5,1,3000,0,0,0,0,2,0
CF,PU,43.320528,-0.305111,0,PU,0.0,0.0,306.0,1.8,2,2420,0,0,0,0,0,0
CF,35LO2,43.342325,-0.346281,0,PU,0.0,0.0,306.0,2.2,2,1720,0,0,0,0,0,0
CF,MQ31,43.363842,-0.386978,0,PYR,0.0,1.3,306.0,2.2,1,1028,0,0,0,0,3,0
FC,MQ31,43.363842,-0.386978,0,TBO,0.0,0.0,306.0,3.3,2,1028,0,1,185,0,0,1
CF,PYR15,43.463575,-0.091522,2,TBO,308.3,13.0,89.0,15.0,1,4000,0,1,190,0,0,1
CF,PO,43.314111,-0.166222,2,TBO,266.6,13.7,216.0,10.0,0,0,0,0,0,0,0,0

APPTR,Q31-Z,31,ARSI1
IF,ARSIG,43.315556,-0.447472, ,0.0,0.0,0,0,0,0,0,0,1,0
CF,PU,43.320528,-0.305111,0,TBO,269.1,19.8,87.0,6.2,0,0,0,0,0,0,0,0
CF,D092D,43.318178,-0.214350,0,TBO,268.1,15.8,92.0,4.0,1,3000,0,1,185,0,0,1
CF,CF31,43.283414,-0.235458,2,TBO,261.2,17.0,306.0,1.0,1,3000,0,0,0,0,1,0

APPTR,Q31-Z,31,ARSI2
IF,ARSIG,43.315556,-0.447472, ,0.0,0.0,0,0,0,0,0,0,1,0
CF,PU,43.320528,-0.305111,0,TBO,269.1,19.8,87.0,6.2,0,0,0,0,0,0,0,0
CF,D102D,43.307328,-0.220258,0,TBO,265.8,16.1,102.0,3.8,1,3000,0,1,140,0,0,1
CF,CF31,43.283414,-0.235458,2,TBO,261.2,17.0,306.0,1.0,1,3000,0,0,0,0,1,0

APPTR,Q31-Z,31,BAGRO
IF,BAGRO,43.209833,-0.097278, ,0.0,0.0,2,5000,0,1,220,0,1,0
CF,D126P,43.268639,-0.207944,0,TBO,257.3,16.0,306.0,6.0,2,3000,0,1,210,0,1,0
CF,CF31,43.283414,-0.235458,0,TBO,261.2,17.0,306.0,1.5,1,3000,0,0,0,0,0,0

APPTR,Q31-Z,31,PU
HF,PU,43.320528,-0.305111,2, ,0.0,0.0,306.0,04.3,1,3000,0,1,190,0,1,0,0

APPTR,Q31-Z,31,TEPTI
IF,TEPTI,43.409444,0.398889, ,0.0,0.0,0,0,0,0,0,0,1,0
CF,LALTA,43.183611,0.178611,0,TBO,171.8,9.0,216.0,16.6,0,0,0,1,220,0,0,0
CF,SUDAD,43.163889,-0.011111,0,TBO,215.3,12.2,262.0,8.4,2,6000,0,1,220,0,0,0
CF,BAGRO,43.209833,-0.097278,0,TBO,236.5,12.9,306.0,4.7,2,5000,0,1,220,0,0,0
CF,D126P,43.268639,-0.207944,0,TBO,257.3,16.0,306.0,6.0,2,3000,0,1,210,0,1,0
CF,CF31,43.283414,-0.235458,0,TBO,261.2,17.0,306.0,1.5,1,3000,0,0,0,0,0,0

FINAL,Q31-Z,31,N,5
IF,CF31,43.283414,-0.235458,PU,0.0,0.0,1,3000,0,0,0,0,0,0
CF,FQ31,43.303167,-0.272361,0,PU,0.0,0.0,306.0,2.0,1,3000,0,0,0,0,2,0
CF,PU,43.320528,-0.305111,0,PU,0.0,0.0,306.0,1.8,2,2420,0,0,0,0,0,0
CF,35LO2,43.342325,-0.346281,0,PU,0.0,0.0,306.0,2.2,2,1720,0,0,0,0,0,0
CF,MQ31,43.363842,-0.386978,0,PYR,0.0,1.3,306.0,2.2,1,1028,0,0,0,0,3,0
FC,MQ31,43.363842,-0.386978,0,TBO,0.0,0.0,306.0,3.3,2,1028,0,1,185,0,0,1
CF,PYR15,43.463575,-0.091522,2,TBO,308.3,13.0,89.0,15.0,1,4000,0,1,190,0,0,1
CF,PO,43.314111,-0.166222,2,TBO,266.6,13.7,216.0,10.0,0,0,0,0,0,0,0,0

APPTR,R13-R,13,TEPTI
IF,TEPTI,43.409444,0.398889, ,0.0,0.0,0,0,0,0,0,0,1,0
CF,LMB,43.466667,-0.018417,0,TBO,319.4,10.8,281.0,19.0,3,6000,0,1,220,0,0,0
CF,CV255,43.438683,-0.151964,0,TBO,297.2,14.5,255.0,6.1,2,3000,0,0,0,0,1,0

FINAL,R13-R,13,R,3
IF,CV255,43.438683,-0.151964,LMB,255.0,6.1,2,3000,0,0,0,0,0,0
CF,FV255,43.427106,-0.206961,0,LMB,255.0,8.6,255.0,2.5,1,3000,0,0,0,0,2,0
CF,MV255,43.410839,-0.283994,0,LMB,255.0,12.1,255.0,3.5,1,2000,0,0,0,0,3,1
CA,0,306.0,2,3000,0,1,185,0,0,0
DF,PU,43.320528,-0.305111,1, ,0.0,0.0,1,4000,0,0,0,0,0,0

APPTR,R31,31,BAGRO
IF,BAGRO,43.209833,-0.097278, ,0.0,0.0,2,5000,0,0,0,0,1,0
TF,BP406,43.271528,-0.213250,0, ,0.0,0.0,0.0,0.0,2,3000,0,1,210,0,1,0
TF,BP408,43.302889,-0.272500,0, ,0.0,0.0,0.0,0.0,1,3000,0,0,0,0,0,0

APPTR,R31,31,OSVEG
IF,OSVEG,43.305472,-0.108972, ,0.0,0.0,3,5000,0,1,190,0,1,0
TF,BP406,43.271528,-0.213250,0, ,0.0,0.0,0.0,0.0,1,3000,0,0,0,0,1,0
TF,BP408,43.302889,-0.272500,0, ,0.0,0.0,0.0,0.0,1,3000,0,0,0,0,0,0

APPTR,R31,31,TEPT1
IF,TEPTI,43.409444,0.398889, ,0.0,0.0,2,7000,0,0,0,0,1,0
TF,LALTA,43.183611,0.178611,0, ,0.0,0.0,0.0,0.0,0,0,0,1,220,0,0,0
TF,SUDAD,43.163889,-0.011111,0, ,0.0,0.0,0.0,0.0,2,6000,0,0,0,0,0,0
TF,BAGRO,43.209833,-0.097278,0, ,0.0,0.0,0.0,0.0,2,5000,0,0,0,0,0,0
TF,BP406,43.271528,-0.213250,0, ,0.0,0.0,0.0,0.0,2,3000,0,1,210,0,1,0
TF,BP408,43.302889,-0.272500,0, ,0.0,0.0,0.0,0.0,1,3000,0,0,0,0,0,0

APPTR,R31,31,TEPT2
IF,TEPTI,43.409444,0.398889, ,0.0,0.0,2,7000,0,0,0,0,1,0
TF,OSVEG,43.305472,-0.108972,0, ,0.0,0.0,0.0,0.0,3,5000,0,1,190,0,0,0
TF,BP406,43.271528,-0.213250,0, ,0.0,0.0,0.0,0.0,1,3000,0,0,0,0,1,0
TF,BP408,43.302889,-0.272500,0, ,0.0,0.0,0.0,0.0,1,3000,0,0,0,0,0,0

FINAL,R31,31,R,2
IF,BP408,43.302889,-0.272500, ,0.0,0.0,1,3000,0,0,0,0,2,0
TF,RW31,43.374503,-0.408247,0, ,0.0,0.0,306.0,7.3,1,668,0,0,0,0,3,1
TF,BP410,43.395944,-0.449028,0, ,0.0,0.0,0.0,0.0,0,0,0,1,185,0,0,1
DF,BP412,43.483056,-0.321806,2, ,0.0,0.0,0,0,0,1,185,0,0,0
TF,BP414,43.491917,-0.219500,0, ,0.0,0.0,0.0,0.0,0,0,0,1,190,0,0,0
TF,BP416,43.380278,-0.098167,0, ,0.0,0.0,0.0,0.0,1,4000,0,1,190,0,0,0
TF,OSVEG,43.305472,-0.108972,0, ,0.0,0.0,0.0,0.0,0,0,0,1,190,0,0,0
TF,BP406,43.271528,-0.213250,0, ,0.0,0.0,0.0,0.0,0,0,0,1,190,0,0,0
TF,PU,43.320528,-0.305111,0, ,0.0,0.0,0.0,0.0,0,0,0,0,0,0,0,1

APPTR,R31-R,31,TEPTI
IF,TEPTI,43.409444,0.398889, ,0.0,0.0,0,0,0,0,0,0,1,0
CF,LMB,43.466667,-0.018417,0,TBO,319.4,10.8,281.0,19.0,3,6000,0,1,220,0,0,0
CF,CV255,43.438683,-0.151964,0,TBO,297.2,14.5,255.0,6.1,2,3000,0,0,0,0,1,0

FINAL,R31-R,31,R,3
IF,CV255,43.438683,-0.151964,LMB,255.0,6.1,2,3000,0,0,0,0,0,0
CF,FV255,43.427106,-0.206961,0,LMB,255.0,8.6,255.0,2.5,1,3000,0,0,0,0,2,0
CF,MV255,43.410839,-0.283994,0,LMB,255.0,12.1,255.0,3.5,1,2000,0,0,0,0,3,1
CA,0,306.0,2,3000,0,1,185,0,0,0
DF,PU,43.320528,-0.305111,1, ,0.0,0.0,1,4000,0,0,0,0,0,0

