SID,ALUR8N,35L,2
CD, ,0,0,0,LSE,0,0.0,354.0,3.4,0,0,0,0,0,0,0,0
CF,ALURA,46.500000,4.952694,0,LSE,351.8,45.7,352.0,42.0,0,0,0,0,0,0,0,0

SID,ALUR8N,35R,2
CD, ,0,0,0,LSE,0,0.0,354.0,3.4,0,0,0,0,0,0,0,0
CF,ALURA,46.500000,4.952694,0,LSE,351.8,45.7,352.0,42.0,0,0,0,0,0,0,0,0

SID,ALUR8S,17L,2
CD, ,0,0,0,LSE,0,0.0,174.0,4.2,0,0,0,0,0,0,0,0
CI,1, ,0.0,12.0,0,0,0,0,0,0,0,0
CF,DANBO,45.921667,5.058611,0,LTP,327.5,30.5,328.0,14.0,0,0,0,0,0,0,0,0
TF,ALURA,46.500000,4.952694,0, ,0.0,0.0,0.0,0.0,0,0,0,0,0,0,0,0

SID,ALUR8S,17R,2
CD, ,0,0,0,LSE,0,0.0,174.0,4.2,0,0,0,0,0,0,0,0
CI,1, ,0.0,12.0,0,0,0,0,0,0,0,0
CF,DANBO,45.921667,5.058611,0,LTP,327.5,30.5,328.0,14.0,0,0,0,0,0,0,0,0
TF,ALURA,46.500000,4.952694,0, ,0.0,0.0,0.0,0.0,0,0,0,0,0,0,0,0

SID,ASLE8N,35L,4
CF,D348C,45.758386,5.084344,0,LSE,340.2,0.8,354.0,1.0,2,1230,0,0,0,0,0,1
CF,D059M,45.665244,5.152972,2,LSE,150.4,5.5,179.0,5.0,0,0,0,0,0,0,0,1
CF,ABADO,45.655833,5.293056,1,LSE,121.2,10.1,82.0,6.0,0,0,0,0,0,0,0,0

SID,ASLE8N,35R,4
CF,D352C,45.758811,5.088803,0,LSE,353.6,0.8,354.0,2.0,2,1230,0,0,0,0,0,1
CF,D059M,45.665244,5.152972,2,LSE,150.4,5.5,179.0,5.0,0,0,0,0,0,0,0,1
CF,ABADO,45.655833,5.293056,1,LSE,121.2,10.1,82.0,6.0,0,0,0,0,0,0,0,0

SID,ASLE8N,ALL,5
IF,ABADO,45.655833,5.293056, ,0.0,0.0,0,0,0,0,0,0,0,0
TF,D121Y,45.520989,5.599181,0, ,0.0,0.0,0.0,0.0,0,0,0,0,0,0,0,1
CF,RISOR,45.538333,5.964167,0,LTP,81.2,22.4,81.0,15.0,2,13000,0,0,0,0,0,0
TF,ASLEG,45.752500,6.154167,0, ,0.0,0.0,0.0,0.0,0,0,0,0,0,0,0,0

SID,ASLE8S,17L,5
CD, ,0,0,0,LSE,0,0.0,174.0,4.2,0,0,0,0,0,0,0,0
CF,D174I,45.596128,5.109200,0,LSE,174.0,9.0,174.0,5.0,0,0,0,0,0,0,0,1
TF,LTP,45.488972,5.439056,0, ,0.0,0.0,113.0,16.0,0,0,0,0,0,0,0,0
TF,LAPAT,45.500278,5.558056,0, ,0.0,0.0,0.0,0.0,0,0,0,0,0,0,0,0
TF,PENAR,45.506944,5.626944,0, ,0.0,0.0,0.0,0.0,0,0,0,0,0,0,0,0
TF,RISOR,45.538333,5.964167,0, ,0.0,0.0,0.0,0.0,2,13000,0,0,0,0,0,0
TF,ASLEG,45.752500,6.154167,0, ,0.0,0.0,0.0,0.0,0,0,0,0,0,0,0,0

SID,ASLE8S,17R,5
CD, ,0,0,0,LSE,0,0.0,174.0,4.2,0,0,0,0,0,0,0,0
CF,D174I,45.596128,5.109200,0,LSE,174.0,9.0,174.0,5.0,0,0,0,0,0,0,0,1
TF,LTP,45.488972,5.439056,0, ,0.0,0.0,113.0,16.0,0,0,0,0,0,0,0,0
TF,LAPAT,45.500278,5.558056,0, ,0.0,0.0,0.0,0.0,0,0,0,0,0,0,0,0
TF,PENAR,45.506944,5.626944,0, ,0.0,0.0,0.0,0.0,0,0,0,0,0,0,0,0
TF,RISOR,45.538333,5.964167,0, ,0.0,0.0,0.0,0.0,2,13000,0,0,0,0,0,0
TF,ASLEG,45.752500,6.154167,0, ,0.0,0.0,0.0,0.0,0,0,0,0,0,0,0,0

SID,BELE8N,35L,5
CA,0,354.0,2,2500,0,0,0,0,0,0
DF,LL361,45.927861,5.063806,0, ,0.0,0.0,0,0,0,0,0,0,0,0
TF,LL362,45.828194,4.826444,1, ,0.0,0.0,0.0,0.0,2,11000,0,0,0,0,0,0
TF,RONIS,45.780972,4.713056,0, ,0.0,0.0,0.0,0.0,0,0,0,0,0,0,0,0
TF,MADOT,45.730056,4.514000,0, ,0.0,0.0,0.0,0.0,0,0,0,0,0,0,0,0
TF,BELEP,45.791667,4.131667,0, ,0.0,0.0,0.0,0.0,0,0,0,0,0,0,0,0

SID,BELE8N,35R,5
CA,0,354.0,2,2500,0,0,0,0,0,0
DF,LL361,45.927861,5.063806,0, ,0.0,0.0,0,0,0,0,0,0,0,0
TF,LL362,45.828194,4.826444,1, ,0.0,0.0,0.0,0.0,2,11000,0,0,0,0,0,0
TF,RONIS,45.780972,4.713056,0, ,0.0,0.0,0.0,0.0,0,0,0,0,0,0,0,0
TF,MADOT,45.730056,4.514000,0, ,0.0,0.0,0.0,0.0,0,0,0,0,0,0,0,0
TF,BELEP,45.791667,4.131667,0, ,0.0,0.0,0.0,0.0,0,0,0,0,0,0,0,0

SID,BELE8S,17L,2
CD, ,0,0,0,LSE,0,0.0,174.0,4.2,0,0,0,0,0,0,0,0
CF,D174G,45.629328,5.105072,0,LSE,174.0,7.0,174.0,3.0,0,0,0,0,0,0,0,1
CF,VNE,45.556444,4.883417,0,LSE,216.6,14.3,255.0,10.0,0,0,0,0,0,0,0,0
TF,MADOT,45.730056,4.514000,0, ,0.0,0.0,0.0,0.0,0,0,0,0,0,0,0,0
TF,BELEP,45.791667,4.131667,0, ,0.0,0.0,0.0,0.0,0,0,0,0,0,0,0,0

SID,BELE8S,17R,2
CD, ,0,0,0,LSE,0,0.0,174.0,4.2,0,0,0,0,0,0,0,0
CF,D174G,45.629328,5.105072,0,LSE,174.0,7.0,174.0,3.0,0,0,0,0,0,0,0,1
CF,VNE,45.556444,4.883417,0,LSE,216.6,14.3,255.0,10.0,0,0,0,0,0,0,0,0
TF,MADOT,45.730056,4.514000,0, ,0.0,0.0,0.0,0.0,0,0,0,0,0,0,0,0
TF,BELEP,45.791667,4.131667,0, ,0.0,0.0,0.0,0.0,0,0,0,0,0,0,0,0

SID,BELU8N,35L,2
CD, ,0,0,0,LSE,0,0.0,354.0,3.4,0,0,0,0,0,0,0,0
CF,D352D,45.814989,5.078386,0,LSE,352.0,4.2,352.0,1.0,0,0,0,0,0,0,0,1
CF,D121J,45.661844,5.290836,2,LTP,328.0,12.1,148.0,12.0,0,0,0,0,0,0,0,0
VI,0, ,0.0,105.0,0,0,0,0,0,0,0,0
CF,BELUS,45.675278,5.593889,0,LTP,29.2,13.0,75.0,11.0,0,0,0,0,0,0,0,0

SID,BELU8N,35R,2
CD, ,0,0,0,LSE,0,0.0,354.0,3.4,0,0,0,0,0,0,0,0
CF,D352D,45.814989,5.078386,0,LSE,352.0,4.2,352.0,1.0,0,0,0,0,0,0,0,1
CF,D121J,45.661844,5.290836,2,LTP,328.0,12.1,148.0,12.0,0,0,0,0,0,0,0,0
VI,0, ,0.0,105.0,0,0,0,0,0,0,0,0
CF,BELUS,45.675278,5.593889,0,LTP,29.2,13.0,75.0,11.0,0,0,0,0,0,0,0,0

SID,BELU8S,17L,2
CD, ,0,0,0,LSE,0,0.0,174.0,4.2,0,0,0,0,0,0,0,0
CF,D174I,45.596128,5.109200,0,LSE,174.0,9.0,174.0,5.0,0,0,0,0,0,0,0,1
CF,D293D,45.512667,5.363272,0,LTP,293.0,3.5,113.0,12.0,0,0,0,0,0,0,0,0
VI,0, ,0.0,74.0,0,0,0,0,0,0,0,0
CF,BELUS,45.675278,5.593889,0,LTP,29.2,13.0,29.0,11.0,0,0,0,0,0,0,0,0

SID,BELU8S,17R,2
CD, ,0,0,0,LSE,0,0.0,174.0,4.2,0,0,0,0,0,0,0,0
CF,D174I,45.596128,5.109200,0,LSE,174.0,9.0,174.0,5.0,0,0,0,0,0,0,0,1
CF,D293D,45.512667,5.363272,0,LTP,293.0,3.5,113.0,12.0,0,0,0,0,0,0,0,0
VI,0, ,0.0,74.0,0,0,0,0,0,0,0,0
CF,BELUS,45.675278,5.593889,0,LTP,29.2,13.0,29.0,11.0,0,0,0,0,0,0,0,0

SID,BUSI8N,35L,2
CD, ,0,0,0,LSE,0,0.0,354.0,3.4,0,0,0,0,0,0,0,0
CF,DANBO,45.921667,5.058611,0,LSE,351.8,10.7,352.0,7.0,0,0,0,0,0,0,0,0
TF,BUSIL,46.293611,4.721944,0, ,0.0,0.0,0.0,0.0,0,0,0,0,0,0,0,0

SID,BUSI8N,35R,2
CD, ,0,0,0,LSE,0,0.0,354.0,3.4,0,0,0,0,0,0,0,0
CF,DANBO,45.921667,5.058611,0,LSE,351.8,10.7,352.0,7.0,0,0,0,0,0,0,0,0
TF,BUSIL,46.293611,4.721944,0, ,0.0,0.0,0.0,0.0,0,0,0,0,0,0,0,0

SID,BUSI8S,17L,2
CD, ,0,0,0,LSE,0,0.0,174.0,4.2,0,0,0,0,0,0,0,0
CI,1, ,0.0,12.0,0,0,0,0,0,0,0,0
CF,DANBO,45.921667,5.058611,0,LTP,327.5,30.5,328.0,14.0,0,0,0,0,0,0,0,0
TF,BUSIL,46.293611,4.721944,0, ,0.0,0.0,0.0,0.0,0,0,0,0,0,0,0,0

SID,BUSI8S,17R,2
CD, ,0,0,0,LSE,0,0.0,174.0,4.2,0,0,0,0,0,0,0,0
CI,1, ,0.0,12.0,0,0,0,0,0,0,0,0
CF,DANBO,45.921667,5.058611,0,LTP,327.5,30.5,328.0,14.0,0,0,0,0,0,0,0,0
TF,BUSIL,46.293611,4.721944,0, ,0.0,0.0,0.0,0.0,0,0,0,0,0,0,0,0

SID,EB8N,35L,5
CA,0,354.0,2,2500,0,0,0,0,0,0
DF,LL361,45.927861,5.063806,0, ,0.0,0.0,0,0,0,0,0,0,0,0
TF,LL362,45.828194,4.826444,1, ,0.0,0.0,0.0,0.0,2,11000,0,0,0,0,0,0
TF,RONIS,45.780972,4.713056,0, ,0.0,0.0,0.0,0.0,0,0,0,0,0,0,0,0
TF,EB,45.637944,4.283528,0, ,0.0,0.0,0.0,0.0,0,0,0,0,0,0,0,0

SID,EB8N,35R,5
CA,0,354.0,2,2500,0,0,0,0,0,0
DF,LL361,45.927861,5.063806,0, ,0.0,0.0,0,0,0,0,0,0,0,0
TF,LL362,45.828194,4.826444,1, ,0.0,0.0,0.0,0.0,2,11000,0,0,0,0,0,0
TF,RONIS,45.780972,4.713056,0, ,0.0,0.0,0.0,0.0,0,0,0,0,0,0,0,0
TF,EB,45.637944,4.283528,0, ,0.0,0.0,0.0,0.0,0,0,0,0,0,0,0,0

SID,EB8S,17L,2
CD, ,0,0,0,LSE,0,0.0,174.0,4.2,0,0,0,0,0,0,0,0
CF,D174G,45.629328,5.105072,0,LSE,174.0,7.0,174.0,3.0,0,0,0,0,0,0,0,1
CF,VNE,45.556444,4.883417,0,LSE,216.6,14.3,255.0,10.0,0,0,0,0,0,0,0,0
TF,EB,45.637944,4.283528,0, ,0.0,0.0,0.0,0.0,0,0,0,0,0,0,0,0

SID,EB8S,17R,2
CD, ,0,0,0,LSE,0,0.0,174.0,4.2,0,0,0,0,0,0,0,0
CF,D174G,45.629328,5.105072,0,LSE,174.0,7.0,174.0,3.0,0,0,0,0,0,0,0,1
CF,VNE,45.556444,4.883417,0,LSE,216.6,14.3,255.0,10.0,0,0,0,0,0,0,0,0
TF,EB,45.637944,4.283528,0, ,0.0,0.0,0.0,0.0,0,0,0,0,0,0,0,0

SID,ETAB8N,35L,1
CF,D348C,45.758386,5.084344,0,LSE,340.2,0.8,354.0,1.0,2,1230,0,0,0,0,0,1
CI,0, ,0.0,268.0,0,0,0,0,0,0,0,0
CF,D313H,45.842664,4.946525,0,LSE,313.0,8.4,313.0,6.0,0,0,0,0,0,0,0,1
CF,RONIS,45.780972,4.713056,0,LSE,276.8,16.0,237.0,10.0,0,0,0,0,0,0,0,0

SID,ETAB8N,35R,1
CF,D352C,45.758811,5.088803,0,LSE,353.6,0.8,354.0,2.0,2,1230,0,0,0,0,0,1
CI,0, ,0.0,268.0,0,0,0,0,0,0,0,0
CF,D313H,45.842664,4.946525,0,LSE,313.0,8.4,313.0,6.0,0,0,0,0,0,0,0,1
CF,RONIS,45.780972,4.713056,0,LSE,276.8,16.0,237.0,10.0,0,0,0,0,0,0,0,0

SID,ETAB8N,ALL,2
IF,RONIS,45.780972,4.713056, ,0.0,0.0,0,0,0,0,0,0,0,0
TF,ETABU,45.637944,4.283528,0, ,0.0,0.0,0.0,0.0,0,0,0,0,0,0,0,0

SID,ETAB8S,17L,2
CD, ,0,0,0,LSE,0,0.0,174.0,3.2,2,1230,0,0,0,0,0,0
CI,0, ,0.0,249.0,0,0,0,0,0,0,0,0
CF,VNE,45.556444,4.883417,0,LSE,216.6,14.3,220.0,8.0,0,0,0,0,0,0,0,0
TF,ETABU,45.637944,4.283528,0, ,0.0,0.0,0.0,0.0,0,0,0,0,0,0,0,0

SID,ETAB8S,17R,2
CD, ,0,0,0,LSE,0,0.0,174.0,3.2,2,1230,0,0,0,0,0,0
CI,0, ,0.0,249.0,0,0,0,0,0,0,0,0
CF,VNE,45.556444,4.883417,0,LSE,216.6,14.3,220.0,8.0,0,0,0,0,0,0,0,0
TF,ETABU,45.637944,4.283528,0, ,0.0,0.0,0.0,0.0,0,0,0,0,0,0,0,0

SID,GEML8N,35L,1
CF,D348C,45.758386,5.084344,0,LSE,340.2,0.8,354.0,1.0,2,1230,0,0,0,0,0,1
CF,D059M,45.665244,5.152972,2,LSE,150.4,5.5,179.0,5.0,0,0,0,0,0,0,0,1
CF,ABADO,45.655833,5.293056,1,LSE,121.2,10.1,82.0,6.0,0,0,0,0,0,0,0,0

SID,GEML8N,35R,1
CF,D352C,45.758811,5.088803,0,LSE,353.6,0.8,354.0,2.0,2,1230,0,0,0,0,0,1
CF,D059M,45.665244,5.152972,2,LSE,150.4,5.5,179.0,5.0,0,0,0,0,0,0,0,1
CF,ABADO,45.655833,5.293056,1,LSE,121.2,10.1,82.0,6.0,0,0,0,0,0,0,0,0

SID,GEML8N,ALL,2
IF,ABADO,45.655833,5.293056, ,0.0,0.0,0,0,0,0,0,0,0,0
TF,D121Y,45.520989,5.599181,0, ,0.0,0.0,0.0,0.0,0,0,0,0,0,0,0,1
CF,RISOR,45.538333,5.964167,0,LTP,81.2,22.4,81.0,15.0,2,13000,0,0,0,0,0,0
TF,GEMLA,45.572222,6.339722,0, ,0.0,0.0,0.0,0.0,0,0,0,0,0,0,0,0

SID,GEML8S,17L,2
CD, ,0,0,0,LSE,0,0.0,174.0,4.2,0,0,0,0,0,0,0,0
CF,D174I,45.596128,5.109200,0,LSE,174.0,9.0,174.0,5.0,0,0,0,0,0,0,0,1
TF,LTP,45.488972,5.439056,0, ,0.0,0.0,113.0,16.0,0,0,0,0,0,0,0,0
TF,LAPAT,45.500278,5.558056,0, ,0.0,0.0,0.0,0.0,0,0,0,0,0,0,0,0
TF,PENAR,45.506944,5.626944,0, ,0.0,0.0,0.0,0.0,0,0,0,0,0,0,0,0
TF,RISOR,45.538333,5.964167,0, ,0.0,0.0,0.0,0.0,2,13000,0,0,0,0,0,0
TF,GEMLA,45.572222,6.339722,0, ,0.0,0.0,0.0,0.0,0,0,0,0,0,0,0,0

SID,GEML8S,17R,2
CD, ,0,0,0,LSE,0,0.0,174.0,4.2,0,0,0,0,0,0,0,0
CF,D174I,45.596128,5.109200,0,LSE,174.0,9.0,174.0,5.0,0,0,0,0,0,0,0,1
TF,LTP,45.488972,5.439056,0, ,0.0,0.0,113.0,16.0,0,0,0,0,0,0,0,0
TF,LAPAT,45.500278,5.558056,0, ,0.0,0.0,0.0,0.0,0,0,0,0,0,0,0,0
TF,PENAR,45.506944,5.626944,0, ,0.0,0.0,0.0,0.0,0,0,0,0,0,0,0,0
TF,RISOR,45.538333,5.964167,0, ,0.0,0.0,0.0,0.0,2,13000,0,0,0,0,0,0
TF,GEMLA,45.572222,6.339722,0, ,0.0,0.0,0.0,0.0,0,0,0,0,0,0,0,0

SID,LERG8N,35L,4
CF,D348C,45.758386,5.084344,0,LSE,340.2,0.8,354.0,1.0,2,1230,0,0,0,0,0,1
CI,0, ,0.0,268.0,0,0,0,0,0,0,0,0
CF,D313H,45.842664,4.946525,0,LSE,313.0,8.4,313.0,6.0,0,0,0,0,0,0,0,1
CF,RONIS,45.780972,4.713056,0,LSE,276.8,16.0,237.0,10.0,0,0,0,0,0,0,0,0

SID,LERG8N,35R,4
CF,D352C,45.758811,5.088803,0,LSE,353.6,0.8,354.0,2.0,2,1230,0,0,0,0,0,1
CI,0, ,0.0,268.0,0,0,0,0,0,0,0,0
CF,D313H,45.842664,4.946525,0,LSE,313.0,8.4,313.0,6.0,0,0,0,0,0,0,0,1
CF,RONIS,45.780972,4.713056,0,LSE,276.8,16.0,237.0,10.0,0,0,0,0,0,0,0,0

SID,LERG8N,ALL,5
IF,RONIS,45.780972,4.713056, ,0.0,0.0,0,0,0,0,0,0,0,0
TF,MEBAK,45.708028,4.648861,0, ,0.0,0.0,0.0,0.0,0,0,0,0,0,0,0,0
TF,REPSI,45.522389,4.275278,0, ,0.0,0.0,0.0,0.0,0,0,0,0,0,0,0,0
TF,LERGA,45.257278,3.750167,0, ,0.0,0.0,0.0,0.0,0,0,0,0,0,0,0,0

SID,LERG8S,17L,5
CD, ,0,0,0,LSE,0,0.0,174.0,3.2,2,1230,0,0,0,0,0,0
CI,0, ,0.0,249.0,0,0,0,0,0,0,0,0
CF,VNE,45.556444,4.883417,0,LSE,216.6,14.3,220.0,8.0,0,0,0,0,0,0,0,0
TF,REPSI,45.522389,4.275278,0, ,0.0,0.0,0.0,0.0,0,0,0,0,0,0,0,0
TF,LERGA,45.257278,3.750167,0, ,0.0,0.0,0.0,0.0,0,0,0,0,0,0,0,0

SID,LERG8S,17R,5
CD, ,0,0,0,LSE,0,0.0,174.0,3.2,2,1230,0,0,0,0,0,0
CI,0, ,0.0,249.0,0,0,0,0,0,0,0,0
CF,VNE,45.556444,4.883417,0,LSE,216.6,14.3,220.0,8.0,0,0,0,0,0,0,0,0
TF,REPSI,45.522389,4.275278,0, ,0.0,0.0,0.0,0.0,0,0,0,0,0,0,0,0
TF,LERGA,45.257278,3.750167,0, ,0.0,0.0,0.0,0.0,0,0,0,0,0,0,0,0

SID,LUKU8N,35L,4
CF,D348C,45.758386,5.084344,0,LSE,340.2,0.8,354.0,1.0,2,1230,0,0,0,0,0,1
CF,WS,45.362361,5.152972,2,LSE,172.5,23.1,179.0,24.0,0,0,0,0,0,0,0,0

SID,LUKU8N,35R,4
CF,D352C,45.758811,5.088803,0,LSE,353.6,0.8,354.0,2.0,2,1230,0,0,0,0,0,1
CF,WS,45.362361,5.152972,2,LSE,172.5,23.1,179.0,24.0,0,0,0,0,0,0,0,0

SID,LUKU8N,ALL,5
IF,WS,45.362361,5.152972, ,0.0,0.0,0,0,0,0,0,0,0,0
TF,ROMAM,45.102647,5.163447,0, ,0.0,0.0,0.0,0.0,0,0,0,0,0,0,0,0
TF,LUKUM,44.928889,5.182778,0, ,0.0,0.0,0.0,0.0,0,0,0,0,0,0,0,0

SID,LUKU8S,17L,5
CD, ,0,0,0,LSE,0,0.0,174.0,4.2,0,0,0,0,0,0,0,0
CF,ROMAM,45.102647,5.163447,0,LSE,174.4,38.7,174.0,34.0,0,0,0,0,0,0,0,0
TF,LUKUM,44.928889,5.182778,0, ,0.0,0.0,0.0,0.0,0,0,0,0,0,0,0,0

SID,LUKU8S,17R,5
CD, ,0,0,0,LSE,0,0.0,174.0,4.2,0,0,0,0,0,0,0,0
CF,ROMAM,45.102647,5.163447,0,LSE,174.4,38.7,174.0,34.0,0,0,0,0,0,0,0,0
TF,LUKUM,44.928889,5.182778,0, ,0.0,0.0,0.0,0.0,0,0,0,0,0,0,0,0

SID,MABE8N,35L,2
CD, ,0,0,0,LSE,0,0.0,354.0,3.4,0,0,0,0,0,0,0,0
CF,VMP33,46.291014,4.991369,0,LSE,351.8,33.0,352.0,29.0,2,16000,0,0,0,0,0,1
CF,MABES,46.340222,5.265056,2,LSE,10.5,36.4,83.0,10.0,0,0,0,0,0,0,0,0

SID,MABE8N,35R,2
CD, ,0,0,0,LSE,0,0.0,354.0,3.4,0,0,0,0,0,0,0,0
CF,VMP33,46.291014,4.991369,0,LSE,351.8,33.0,352.0,29.0,2,16000,0,0,0,0,0,1
CF,MABES,46.340222,5.265056,2,LSE,10.5,36.4,83.0,10.0,0,0,0,0,0,0,0,0

SID,MABE8S,17L,2
CD, ,0,0,0,LSE,0,0.0,174.0,4.2,0,0,0,0,0,0,0,0
CI,1, ,0.0,12.0,0,0,0,0,0,0,0,0
CF,DANBO,45.921667,5.058611,0,LTP,327.5,30.5,328.0,14.0,0,0,0,0,0,0,0,0
TF,VMP33,46.291014,4.991369,0, ,0.0,0.0,0.0,0.0,2,16000,0,0,0,0,0,1
CF,MABES,46.340222,5.265056,2,LSE,10.5,36.4,83.0,10.0,0,0,0,0,0,0,0,0

SID,MABE8S,17R,2
CD, ,0,0,0,LSE,0,0.0,174.0,4.2,0,0,0,0,0,0,0,0
CI,1, ,0.0,12.0,0,0,0,0,0,0,0,0
CF,DANBO,45.921667,5.058611,0,LTP,327.5,30.5,328.0,14.0,0,0,0,0,0,0,0,0
TF,VMP33,46.291014,4.991369,0, ,0.0,0.0,0.0,0.0,2,16000,0,0,0,0,0,1
CF,MABES,46.340222,5.265056,2,LSE,10.5,36.4,83.0,10.0,0,0,0,0,0,0,0,0

SID,MADO8N,35L,1
CF,D348C,45.758386,5.084344,0,LSE,340.2,0.8,354.0,1.0,2,1230,0,0,0,0,0,1
CI,0, ,0.0,268.0,0,0,0,0,0,0,0,0
CF,D313H,45.842664,4.946525,0,LSE,313.0,8.4,313.0,6.0,0,0,0,0,0,0,0,1
CF,RONIS,45.780972,4.713056,0,LSE,276.8,16.0,237.0,10.0,0,0,0,0,0,0,0,0

SID,MADO8N,35R,1
CF,D352C,45.758811,5.088803,0,LSE,353.6,0.8,354.0,2.0,2,1230,0,0,0,0,0,1
CI,0, ,0.0,268.0,0,0,0,0,0,0,0,0
CF,D313H,45.842664,4.946525,0,LSE,313.0,8.4,313.0,6.0,0,0,0,0,0,0,0,1
CF,RONIS,45.780972,4.713056,0,LSE,276.8,16.0,237.0,10.0,0,0,0,0,0,0,0,0

SID,MADO8N,ALL,2
IF,RONIS,45.780972,4.713056, ,0.0,0.0,0,0,0,0,0,0,0,0
TF,D266W,45.725014,4.544164,0, ,0.0,0.0,0.0,0.0,0,0,0,0,0,0,0,0
TF,MADOT,45.730056,4.514000,0, ,0.0,0.0,0.0,0.0,0,0,0,0,0,0,0,0

SID,MADO8S,17L,2
CD, ,0,0,0,LSE,0,0.0,174.0,3.2,2,1230,0,0,0,0,0,0
CI,0, ,0.0,249.0,0,0,0,0,0,0,0,0
CF,VNE,45.556444,4.883417,0,LSE,216.6,14.3,220.0,8.0,0,0,0,0,0,0,0,0
TF,MADOT,45.730056,4.514000,0, ,0.0,0.0,0.0,0.0,0,0,0,0,0,0,0,0

SID,MADO8S,17R,2
CD, ,0,0,0,LSE,0,0.0,174.0,3.2,2,1230,0,0,0,0,0,0
CI,0, ,0.0,249.0,0,0,0,0,0,0,0,0
CF,VNE,45.556444,4.883417,0,LSE,216.6,14.3,220.0,8.0,0,0,0,0,0,0,0,0
TF,MADOT,45.730056,4.514000,0, ,0.0,0.0,0.0,0.0,0,0,0,0,0,0,0,0

SID,MOKI8N,35L,2
CD, ,0,0,0,LSE,0,0.0,354.0,3.4,0,0,0,0,0,0,0,0
CF,VMP33,46.291014,4.991369,0,LSE,351.8,33.0,352.0,29.0,2,16000,0,0,0,0,0,0
TF,BOBSI,46.324056,4.985194,0, ,0.0,0.0,0.0,0.0,0,0,0,0,0,0,0,0
TF,MOKIP,46.448889,5.093611,0, ,0.0,0.0,0.0,0.0,2,20000,0,0,0,0,0,0

SID,MOKI8N,35R,2
CD, ,0,0,0,LSE,0,0.0,354.0,3.4,0,0,0,0,0,0,0,0
CF,VMP33,46.291014,4.991369,0,LSE,351.8,33.0,352.0,29.0,2,16000,0,0,0,0,0,0
TF,BOBSI,46.324056,4.985194,0, ,0.0,0.0,0.0,0.0,0,0,0,0,0,0,0,0
TF,MOKIP,46.448889,5.093611,0, ,0.0,0.0,0.0,0.0,2,20000,0,0,0,0,0,0

SID,MOKI8S,17L,2
CD, ,0,0,0,LSE,0,0.0,174.0,4.2,0,0,0,0,0,0,0,0
CI,1, ,0.0,12.0,0,0,0,0,0,0,0,0
CF,DANBO,45.921667,5.058611,0,LTP,327.5,30.5,328.0,14.0,0,0,0,0,0,0,0,0
TF,VMP33,46.291014,4.991369,0, ,0.0,0.0,0.0,0.0,2,16000,0,0,0,0,0,0
TF,BOBSI,46.324056,4.985194,0, ,0.0,0.0,0.0,0.0,0,0,0,0,0,0,0,0
TF,MOKIP,46.448889,5.093611,0, ,0.0,0.0,0.0,0.0,2,20000,0,0,0,0,0,0

SID,MOKI8S,17R,2
CD, ,0,0,0,LSE,0,0.0,174.0,4.2,0,0,0,0,0,0,0,0
CI,1, ,0.0,12.0,0,0,0,0,0,0,0,0
CF,DANBO,45.921667,5.058611,0,LTP,327.5,30.5,328.0,14.0,0,0,0,0,0,0,0,0
TF,VMP33,46.291014,4.991369,0, ,0.0,0.0,0.0,0.0,2,16000,0,0,0,0,0,0
TF,BOBSI,46.324056,4.985194,0, ,0.0,0.0,0.0,0.0,0,0,0,0,0,0,0,0
TF,MOKIP,46.448889,5.093611,0, ,0.0,0.0,0.0,0.0,2,20000,0,0,0,0,0,0

SID,MTL8N,35L,1
CF,D348C,45.758386,5.084344,0,LSE,340.2,0.8,354.0,1.0,2,1230,0,0,0,0,0,1
CF,WS,45.362361,5.152972,2,LSE,172.5,23.1,179.0,24.0,0,0,0,0,0,0,0,0

SID,MTL8N,35R,1
CF,D352C,45.758811,5.088803,0,LSE,353.6,0.8,354.0,2.0,2,1230,0,0,0,0,0,1
CF,WS,45.362361,5.152972,2,LSE,172.5,23.1,179.0,24.0,0,0,0,0,0,0,0,0

SID,MTL8N,ALL,2
IF,WS,45.362361,5.152972, ,0.0,0.0,0,0,0,0,0,0,0,0
TF,ROMAM,45.102647,5.163447,0, ,0.0,0.0,0.0,0.0,0,0,0,0,0,0,0,0
TF,MTL,44.554944,4.779861,0, ,0.0,0.0,0.0,0.0,0,0,0,0,0,0,0,0

SID,MTL8S,17L,2
CD, ,0,0,0,LSE,0,0.0,174.0,4.2,0,0,0,0,0,0,0,0
CF,ROMAM,45.102647,5.163447,0,LSE,174.4,38.7,174.0,34.0,0,0,0,0,0,0,0,0
TF,MTL,44.554944,4.779861,0, ,0.0,0.0,0.0,0.0,0,0,0,0,0,0,0,0

SID,MTL8S,17R,2
CD, ,0,0,0,LSE,0,0.0,174.0,4.2,0,0,0,0,0,0,0,0
CF,ROMAM,45.102647,5.163447,0,LSE,174.4,38.7,174.0,34.0,0,0,0,0,0,0,0,0
TF,MTL,44.554944,4.779861,0, ,0.0,0.0,0.0,0.0,0,0,0,0,0,0,0,0

SID,MURO8N,35L,5
CA,0,354.0,2,2500,0,0,0,0,0,0
DF,LL361,45.927861,5.063806,0, ,0.0,0.0,0,0,0,0,0,0,0,0
TF,LL362,45.828194,4.826444,1, ,0.0,0.0,0.0,0.0,2,11000,0,0,0,0,0,0
TF,RONIS,45.780972,4.713056,0, ,0.0,0.0,0.0,0.0,0,0,0,0,0,0,0,0
TF,MEBAK,45.708028,4.648861,0, ,0.0,0.0,0.0,0.0,0,0,0,0,0,0,0,0
TF,MURRO,45.332917,4.375556,0, ,0.0,0.0,0.0,0.0,0,0,0,0,0,0,0,0

SID,MURO8N,35R,5
CA,0,354.0,2,2500,0,0,0,0,0,0
DF,LL361,45.927861,5.063806,0, ,0.0,0.0,0,0,0,0,0,0,0,0
TF,LL362,45.828194,4.826444,1, ,0.0,0.0,0.0,0.0,2,11000,0,0,0,0,0,0
TF,RONIS,45.780972,4.713056,0, ,0.0,0.0,0.0,0.0,0,0,0,0,0,0,0,0
TF,MEBAK,45.708028,4.648861,0, ,0.0,0.0,0.0,0.0,0,0,0,0,0,0,0,0
TF,MURRO,45.332917,4.375556,0, ,0.0,0.0,0.0,0.0,0,0,0,0,0,0,0,0

SID,MURO8S,17L,2
CD, ,0,0,0,LSE,0,0.0,174.0,4.2,0,0,0,0,0,0,0,0
CF,D174G,45.629328,5.105072,0,LSE,174.0,7.0,174.0,3.0,0,0,0,0,0,0,0,1
CF,VNE,45.556444,4.883417,0,LSE,216.6,14.3,255.0,10.0,0,0,0,0,0,0,0,0
TF,MURRO,45.332917,4.375556,0, ,0.0,0.0,0.0,0.0,0,0,0,0,0,0,0,0

SID,MURO8S,17R,2
CD, ,0,0,0,LSE,0,0.0,174.0,4.2,0,0,0,0,0,0,0,0
CF,D174G,45.629328,5.105072,0,LSE,174.0,7.0,174.0,3.0,0,0,0,0,0,0,0,1
CF,VNE,45.556444,4.883417,0,LSE,216.6,14.3,255.0,10.0,0,0,0,0,0,0,0,0
TF,MURRO,45.332917,4.375556,0, ,0.0,0.0,0.0,0.0,0,0,0,0,0,0,0,0

SID,MURO8V,35L,2
CD, ,0,0,0,LSE,0,0.0,354.0,3.4,0,0,0,0,0,0,0,0
CF,D352G,45.866197,5.068700,0,LSE,351.8,7.3,352.0,4.0,0,0,0,0,0,0,0,1
CF,RONIS,45.780972,4.713056,1,LSE,276.8,16.0,239.0,14.0,2,11000,0,0,0,0,0,0
FD,RONIS,45.780972,4.713056,0,LSE,276.8,30.5,244.0,30.5,0,0,0,0,0,0,0,0
VI,0, ,0.0,212.0,0,0,0,0,0,0,0,0
CF,MURRO,45.332917,4.375556,0,LSE,229.9,39.0,167.0,17.0,0,0,0,0,0,0,0,0

SID,MURO8V,35R,2
CD, ,0,0,0,LSE,0,0.0,354.0,3.4,0,0,0,0,0,0,0,0
CF,D352G,45.866197,5.068700,0,LSE,351.8,7.3,352.0,4.0,0,0,0,0,0,0,0,1
CF,RONIS,45.780972,4.713056,1,LSE,276.8,16.0,239.0,14.0,2,11000,0,0,0,0,0,0
FD,RONIS,45.780972,4.713056,0,LSE,276.8,30.5,244.0,30.5,0,0,0,0,0,0,0,0
VI,0, ,0.0,212.0,0,0,0,0,0,0,0,0
CF,MURRO,45.332917,4.375556,0,LSE,229.9,39.0,167.0,17.0,0,0,0,0,0,0,0,0

SID,REPS8N,35L,5
CA,0,354.0,2,2500,0,0,0,0,0,0
DF,LL361,45.927861,5.063806,0, ,0.0,0.0,0,0,0,0,0,0,0,0
TF,LL362,45.828194,4.826444,1, ,0.0,0.0,0.0,0.0,2,11000,0,0,0,0,0,0
TF,RONIS,45.780972,4.713056,0, ,0.0,0.0,0.0,0.0,0,0,0,0,0,0,0,0
TF,MEBAK,45.708028,4.648861,0, ,0.0,0.0,0.0,0.0,0,0,0,0,0,0,0,0
TF,REPSI,45.522389,4.275278,0, ,0.0,0.0,0.0,0.0,0,0,0,0,0,0,0,0

SID,REPS8N,35R,5
CA,0,354.0,2,2500,0,0,0,0,0,0
DF,LL361,45.927861,5.063806,0, ,0.0,0.0,0,0,0,0,0,0,0,0
TF,LL362,45.828194,4.826444,1, ,0.0,0.0,0.0,0.0,2,11000,0,0,0,0,0,0
TF,RONIS,45.780972,4.713056,0, ,0.0,0.0,0.0,0.0,0,0,0,0,0,0,0,0
TF,MEBAK,45.708028,4.648861,0, ,0.0,0.0,0.0,0.0,0,0,0,0,0,0,0,0
TF,REPSI,45.522389,4.275278,0, ,0.0,0.0,0.0,0.0,0,0,0,0,0,0,0,0

SID,REPS8S,17L,2
CD, ,0,0,0,LSE,0,0.0,174.0,4.2,0,0,0,0,0,0,0,0
CF,D174G,45.629328,5.105072,0,LSE,174.0,7.0,174.0,3.0,0,0,0,0,0,0,0,1
CF,VNE,45.556444,4.883417,0,LSE,216.6,14.3,255.0,10.0,0,0,0,0,0,0,0,0
TF,REPSI,45.522389,4.275278,0, ,0.0,0.0,0.0,0.0,0,0,0,0,0,0,0,0

SID,REPS8S,17R,2
CD, ,0,0,0,LSE,0,0.0,174.0,4.2,0,0,0,0,0,0,0,0
CF,D174G,45.629328,5.105072,0,LSE,174.0,7.0,174.0,3.0,0,0,0,0,0,0,0,1
CF,VNE,45.556444,4.883417,0,LSE,216.6,14.3,255.0,10.0,0,0,0,0,0,0,0,0
TF,REPSI,45.522389,4.275278,0, ,0.0,0.0,0.0,0.0,0,0,0,0,0,0,0,0

SID,RISO8N,35L,2
CD, ,0,0,0,LSE,0,0.0,354.0,3.4,0,0,0,0,0,0,0,0
CF,D352D,45.814989,5.078386,0,LSE,352.0,4.2,352.0,1.0,0,0,0,0,0,0,0,1
CF,ABADO,45.655833,5.293056,2,LSE,121.2,10.1,148.0,12.0,0,0,0,0,0,0,0,0
TF,PENAR,45.506944,5.626944,0, ,0.0,0.0,0.0,0.0,0,0,0,0,0,0,0,0
TF,RISOR,45.538333,5.964167,0, ,0.0,0.0,0.0,0.0,2,13000,0,0,0,0,0,0

SID,RISO8N,35R,2
CD, ,0,0,0,LSE,0,0.0,354.0,3.4,0,0,0,0,0,0,0,0
CF,D352D,45.814989,5.078386,0,LSE,352.0,4.2,352.0,1.0,0,0,0,0,0,0,0,1
CF,ABADO,45.655833,5.293056,2,LSE,121.2,10.1,148.0,12.0,0,0,0,0,0,0,0,0
TF,PENAR,45.506944,5.626944,0, ,0.0,0.0,0.0,0.0,0,0,0,0,0,0,0,0
TF,RISOR,45.538333,5.964167,0, ,0.0,0.0,0.0,0.0,2,13000,0,0,0,0,0,0

SID,RISO8S,17L,2
CD, ,0,0,0,LSE,0,0.0,174.0,4.2,0,0,0,0,0,0,0,0
CF,D174I,45.596128,5.109200,0,LSE,174.0,9.0,174.0,5.0,0,0,0,0,0,0,0,1
CF,LTP,45.488972,5.439056,0,LSE,135.3,21.3,113.0,16.0,0,0,0,0,0,0,0,0
TF,LAPAT,45.500278,5.558056,0, ,0.0,0.0,0.0,0.0,0,0,0,0,0,0,0,0
TF,PENAR,45.506944,5.626944,0, ,0.0,0.0,0.0,0.0,0,0,0,0,0,0,0,0
TF,RISOR,45.538333,5.964167,0, ,0.0,0.0,0.0,0.0,2,13000,0,0,0,0,0,0

SID,RISO8S,17R,2
CD, ,0,0,0,LSE,0,0.0,174.0,4.2,0,0,0,0,0,0,0,0
CF,D174I,45.596128,5.109200,0,LSE,174.0,9.0,174.0,5.0,0,0,0,0,0,0,0,1
CF,LTP,45.488972,5.439056,0,LSE,135.3,21.3,113.0,16.0,0,0,0,0,0,0,0,0
TF,LAPAT,45.500278,5.558056,0, ,0.0,0.0,0.0,0.0,0,0,0,0,0,0,0,0
TF,PENAR,45.506944,5.626944,0, ,0.0,0.0,0.0,0.0,0,0,0,0,0,0,0,0
TF,RISOR,45.538333,5.964167,0, ,0.0,0.0,0.0,0.0,2,13000,0,0,0,0,0,0

SID,ROMA8N,35L,2
CD, ,0,0,0,LSE,0,0.0,354.0,3.4,0,0,0,0,0,0,0,0
CF,D352D,45.814989,5.078386,0,LSE,352.0,4.2,352.0,1.0,0,0,0,0,0,0,0,1
CF,WS,45.362361,5.152972,2,LSE,172.5,23.1,179.0,28.0,0,0,0,0,0,0,0,0
TF,ROMAM,45.102647,5.163447,0, ,0.0,0.0,0.0,0.0,0,0,0,0,0,0,0,0

SID,ROMA8N,35R,2
CD, ,0,0,0,LSE,0,0.0,354.0,3.4,0,0,0,0,0,0,0,0
CF,D352D,45.814989,5.078386,0,LSE,352.0,4.2,352.0,1.0,0,0,0,0,0,0,0,1
CF,WS,45.362361,5.152972,2,LSE,172.5,23.1,179.0,28.0,0,0,0,0,0,0,0,0
TF,ROMAM,45.102647,5.163447,0, ,0.0,0.0,0.0,0.0,0,0,0,0,0,0,0,0

SID,ROMA8S,17L,2
CD, ,0,0,0,LSE,0,0.0,174.0,4.2,0,0,0,0,0,0,0,0
CF,ROMAM,45.102647,5.163447,0,LSE,174.4,38.7,174.0,34.0,0,0,0,0,0,0,0,0

SID,ROMA8S,17R,2
CD, ,0,0,0,LSE,0,0.0,174.0,4.2,0,0,0,0,0,0,0,0
CF,ROMAM,45.102647,5.163447,0,LSE,174.4,38.7,174.0,34.0,0,0,0,0,0,0,0,0

SID,VERO8N,35L,4
CF,D348C,45.758386,5.084344,0,LSE,340.2,0.8,354.0,1.0,2,1230,0,0,0,0,0,1
CI,0, ,0.0,268.0,0,0,0,0,0,0,0,0
CF,D313H,45.842664,4.946525,0,LSE,313.0,8.4,313.0,6.0,0,0,0,0,0,0,0,1
CF,RONIS,45.780972,4.713056,0,LSE,276.8,16.0,237.0,10.0,0,0,0,0,0,0,0,0

SID,VERO8N,35R,4
CF,D352C,45.758811,5.088803,0,LSE,353.6,0.8,354.0,2.0,2,1230,0,0,0,0,0,1
CI,0, ,0.0,268.0,0,0,0,0,0,0,0,0
CF,D313H,45.842664,4.946525,0,LSE,313.0,8.4,313.0,6.0,0,0,0,0,0,0,0,1
CF,RONIS,45.780972,4.713056,0,LSE,276.8,16.0,237.0,10.0,0,0,0,0,0,0,0,0

SID,VERO8N,ALL,5
IF,RONIS,45.780972,4.713056, ,0.0,0.0,0,0,0,0,0,0,0,0
TF,MEBAK,45.708028,4.648861,0, ,0.0,0.0,0.0,0.0,0,0,0,0,0,0,0,0
TF,MURRO,45.332917,4.375556,0, ,0.0,0.0,0.0,0.0,0,0,0,0,0,0,0,0
TF,VEROT,45.216389,4.177222,0, ,0.0,0.0,0.0,0.0,0,0,0,0,0,0,0,0

SID,VERO8S,17L,5
CD, ,0,0,0,LSE,0,0.0,174.0,3.2,2,1230,0,0,0,0,0,0
CI,0, ,0.0,249.0,0,0,0,0,0,0,0,0
CF,VNE,45.556444,4.883417,0,LSE,216.6,14.3,220.0,8.0,0,0,0,0,0,0,0,0
TF,MURRO,45.332917,4.375556,0, ,0.0,0.0,0.0,0.0,0,0,0,0,0,0,0,0
TF,VEROT,45.216389,4.177222,0, ,0.0,0.0,0.0,0.0,0,0,0,0,0,0,0,0

SID,VERO8S,17R,5
CD, ,0,0,0,LSE,0,0.0,174.0,3.2,2,1230,0,0,0,0,0,0
CI,0, ,0.0,249.0,0,0,0,0,0,0,0,0
CF,VNE,45.556444,4.883417,0,LSE,216.6,14.3,220.0,8.0,0,0,0,0,0,0,0,0
TF,MURRO,45.332917,4.375556,0, ,0.0,0.0,0.0,0.0,0,0,0,0,0,0,0,0
TF,VEROT,45.216389,4.177222,0, ,0.0,0.0,0.0,0.0,0,0,0,0,0,0,0,0

STAR,AMVA5N,35L,5
IF,AMVAR,45.330556,5.937222, ,0.0,0.0,3,15000,0,1,250,0,0,0
TF,LL101,45.303889,5.716111,0, ,0.0,0.0,0.0,0.0,0,0,0,0,0,0,0,0
TF,LL102,45.295556,5.646389,0, ,0.0,0.0,0.0,0.0,0,0,0,0,0,0,0,0
TF,OSMAS,45.279694,5.518472,0, ,0.0,0.0,0.0,0.0,0,0,0,1,220,0,0,0
TF,GOMET,45.360194,5.488000,0, ,0.0,0.0,0.0,0.0,0,0,0,0,0,0,0,0

STAR,AMVA5N,35R,5
IF,AMVAR,45.330556,5.937222, ,0.0,0.0,3,15000,0,1,250,0,0,0
TF,LL101,45.303889,5.716111,0, ,0.0,0.0,0.0,0.0,0,0,0,0,0,0,0,0
TF,LL102,45.295556,5.646389,0, ,0.0,0.0,0.0,0.0,0,0,0,0,0,0,0,0
TF,OSMAS,45.279694,5.518472,0, ,0.0,0.0,0.0,0.0,0,0,0,1,220,0,0,0
TF,GOMET,45.360194,5.488000,0, ,0.0,0.0,0.0,0.0,0,0,0,0,0,0,0,0

STAR,AMVA5S,17L,5
IF,AMVAR,45.330556,5.937222, ,0.0,0.0,3,15000,0,1,250,0,0,0
TF,LL101,45.303889,5.716111,0, ,0.0,0.0,0.0,0.0,0,0,0,0,0,0,0,0
TF,LL102,45.295556,5.646389,0, ,0.0,0.0,0.0,0.0,0,0,0,0,0,0,0,0
TF,OSMAS,45.279694,5.518472,0, ,0.0,0.0,0.0,0.0,0,0,0,1,220,0,0,0
TF,GOMET,45.360194,5.488000,0, ,0.0,0.0,0.0,0.0,0,0,0,0,0,0,0,0

STAR,AMVA5S,17R,5
IF,AMVAR,45.330556,5.937222, ,0.0,0.0,3,15000,0,1,250,0,0,0
TF,LL101,45.303889,5.716111,0, ,0.0,0.0,0.0,0.0,0,0,0,0,0,0,0,0
TF,LL102,45.295556,5.646389,0, ,0.0,0.0,0.0,0.0,0,0,0,0,0,0,0,0
TF,OSMAS,45.279694,5.518472,0, ,0.0,0.0,0.0,0.0,0,0,0,1,220,0,0,0
TF,GOMET,45.360194,5.488000,0, ,0.0,0.0,0.0,0.0,0,0,0,0,0,0,0,0

STAR,ARSO5N,35L,2
IF,ARSOM,46.137222,3.419722, ,0.0,0.0,0,0,0,0,0,0,0,0
TF,ROA,46.059167,3.999278,0, ,0.0,0.0,0.0,0.0,0,0,0,0,0,0,0,0
TF,VMP40,46.032464,4.229175,0, ,0.0,0.0,0.0,0.0,3,12000,0,1,250,0,0,0
TF,DIRBA,46.000072,4.502600,0, ,0.0,0.0,0.0,0.0,0,0,0,1,220,0,0,0
TF,TALAR,45.956389,4.604361,0, ,0.0,0.0,0.0,0.0,0,0,0,0,0,0,0,0

STAR,ARSO5N,35R,2
IF,ARSOM,46.137222,3.419722, ,0.0,0.0,0,0,0,0,0,0,0,0
TF,ROA,46.059167,3.999278,0, ,0.0,0.0,0.0,0.0,0,0,0,0,0,0,0,0
TF,VMP40,46.032464,4.229175,0, ,0.0,0.0,0.0,0.0,3,12000,0,1,250,0,0,0
TF,DIRBA,46.000072,4.502600,0, ,0.0,0.0,0.0,0.0,0,0,0,1,220,0,0,0
TF,TALAR,45.956389,4.604361,0, ,0.0,0.0,0.0,0.0,0,0,0,0,0,0,0,0

STAR,ARSO5S,17L,2
IF,ARSOM,46.137222,3.419722, ,0.0,0.0,0,0,0,0,0,0,0,0
TF,ROA,46.059167,3.999278,0, ,0.0,0.0,0.0,0.0,0,0,0,0,0,0,0,0
TF,VMP40,46.032464,4.229175,0, ,0.0,0.0,0.0,0.0,3,12000,0,1,250,0,0,0
TF,DIRBA,46.000072,4.502600,0, ,0.0,0.0,0.0,0.0,0,0,0,1,220,0,0,0
TF,TALAR,45.956389,4.604361,0, ,0.0,0.0,0.0,0.0,0,0,0,0,0,0,0,0

STAR,ARSO5S,17R,2
IF,ARSOM,46.137222,3.419722, ,0.0,0.0,0,0,0,0,0,0,0,0
TF,ROA,46.059167,3.999278,0, ,0.0,0.0,0.0,0.0,0,0,0,0,0,0,0,0
TF,VMP40,46.032464,4.229175,0, ,0.0,0.0,0.0,0.0,3,12000,0,1,250,0,0,0
TF,DIRBA,46.000072,4.502600,0, ,0.0,0.0,0.0,0.0,0,0,0,1,220,0,0,0
TF,TALAR,45.956389,4.604361,0, ,0.0,0.0,0.0,0.0,0,0,0,0,0,0,0,0

STAR,CFA5N,35L,2
IF,CFA,45.787472,3.192194, ,0.0,0.0,0,0,0,0,0,0,0,0
TF,ROA,46.059167,3.999278,0, ,0.0,0.0,0.0,0.0,0,0,0,0,0,0,0,0
TF,VMP40,46.032464,4.229175,0, ,0.0,0.0,0.0,0.0,3,12000,0,1,250,0,0,0
TF,DIRBA,46.000072,4.502600,0, ,0.0,0.0,0.0,0.0,0,0,0,1,220,0,0,0
TF,TALAR,45.956389,4.604361,0, ,0.0,0.0,0.0,0.0,0,0,0,0,0,0,0,0

STAR,CFA5N,35R,2
IF,CFA,45.787472,3.192194, ,0.0,0.0,0,0,0,0,0,0,0,0
TF,ROA,46.059167,3.999278,0, ,0.0,0.0,0.0,0.0,0,0,0,0,0,0,0,0
TF,VMP40,46.032464,4.229175,0, ,0.0,0.0,0.0,0.0,3,12000,0,1,250,0,0,0
TF,DIRBA,46.000072,4.502600,0, ,0.0,0.0,0.0,0.0,0,0,0,1,220,0,0,0
TF,TALAR,45.956389,4.604361,0, ,0.0,0.0,0.0,0.0,0,0,0,0,0,0,0,0

STAR,CFA5S,17L,2
IF,CFA,45.787472,3.192194, ,0.0,0.0,0,0,0,0,0,0,0,0
TF,ROA,46.059167,3.999278,0, ,0.0,0.0,0.0,0.0,0,0,0,0,0,0,0,0
TF,VMP40,46.032464,4.229175,0, ,0.0,0.0,0.0,0.0,3,12000,0,1,250,0,0,0
TF,DIRBA,46.000072,4.502600,0, ,0.0,0.0,0.0,0.0,0,0,0,1,220,0,0,0
TF,TALAR,45.956389,4.604361,0, ,0.0,0.0,0.0,0.0,0,0,0,0,0,0,0,0

STAR,CFA5S,17R,2
IF,CFA,45.787472,3.192194, ,0.0,0.0,0,0,0,0,0,0,0,0
TF,ROA,46.059167,3.999278,0, ,0.0,0.0,0.0,0.0,0,0,0,0,0,0,0,0
TF,VMP40,46.032464,4.229175,0, ,0.0,0.0,0.0,0.0,3,12000,0,1,250,0,0,0
TF,DIRBA,46.000072,4.502600,0, ,0.0,0.0,0.0,0.0,0,0,0,1,220,0,0,0
TF,TALAR,45.956389,4.604361,0, ,0.0,0.0,0.0,0.0,0,0,0,0,0,0,0,0

STAR,LABA5N,35L,2
IF,LABAL,46.027500,3.355000, ,0.0,0.0,3,20000,0,0,0,0,0,0
TF,ROA,46.059167,3.999278,0, ,0.0,0.0,0.0,0.0,0,0,0,0,0,0,0,0
TF,VMP40,46.032464,4.229175,0, ,0.0,0.0,0.0,0.0,3,12000,0,1,250,0,0,0
TF,DIRBA,46.000072,4.502600,0, ,0.0,0.0,0.0,0.0,0,0,0,1,220,0,0,0
TF,TALAR,45.956389,4.604361,0, ,0.0,0.0,0.0,0.0,0,0,0,0,0,0,0,0

STAR,LABA5N,35R,2
IF,LABAL,46.027500,3.355000, ,0.0,0.0,3,20000,0,0,0,0,0,0
TF,ROA,46.059167,3.999278,0, ,0.0,0.0,0.0,0.0,0,0,0,0,0,0,0,0
TF,VMP40,46.032464,4.229175,0, ,0.0,0.0,0.0,0.0,3,12000,0,1,250,0,0,0
TF,DIRBA,46.000072,4.502600,0, ,0.0,0.0,0.0,0.0,0,0,0,1,220,0,0,0
TF,TALAR,45.956389,4.604361,0, ,0.0,0.0,0.0,0.0,0,0,0,0,0,0,0,0

STAR,LABA5S,17L,2
IF,LABAL,46.027500,3.355000, ,0.0,0.0,3,20000,0,0,0,0,0,0
TF,ROA,46.059167,3.999278,0, ,0.0,0.0,0.0,0.0,0,0,0,0,0,0,0,0
TF,VMP40,46.032464,4.229175,0, ,0.0,0.0,0.0,0.0,3,12000,0,1,250,0,0,0
TF,DIRBA,46.000072,4.502600,0, ,0.0,0.0,0.0,0.0,0,0,0,1,220,0,0,0
TF,TALAR,45.956389,4.604361,0, ,0.0,0.0,0.0,0.0,0,0,0,0,0,0,0,0

STAR,LABA5S,17R,2
IF,LABAL,46.027500,3.355000, ,0.0,0.0,3,20000,0,0,0,0,0,0
TF,ROA,46.059167,3.999278,0, ,0.0,0.0,0.0,0.0,0,0,0,0,0,0,0,0
TF,VMP40,46.032464,4.229175,0, ,0.0,0.0,0.0,0.0,3,12000,0,1,250,0,0,0
TF,DIRBA,46.000072,4.502600,0, ,0.0,0.0,0.0,0.0,0,0,0,1,220,0,0,0
TF,TALAR,45.956389,4.604361,0, ,0.0,0.0,0.0,0.0,0,0,0,0,0,0,0,0

STAR,MEZI5D,17L,5
IF,MEZIN,45.017222,4.195833, ,0.0,0.0,0,0,0,0,0,0,0,0
TF,LS45C,45.102242,4.543747,0, ,0.0,0.0,0.0,0.0,3,14000,0,1,250,0,0,0
TF,NELEN,45.118611,4.611667,0, ,0.0,0.0,0.0,0.0,2,12000,0,0,0,0,0,0
TF,ROLIR,45.174442,4.843486,0, ,0.0,0.0,0.0,0.0,0,0,0,0,0,0,0,0
TF,VM34A,45.203542,4.855950,0, ,0.0,0.0,0.0,0.0,0,0,0,1,220,0,0,0
TF,ARBON,45.283278,4.890167,0, ,0.0,0.0,0.0,0.0,0,0,0,0,0,0,0,0

STAR,MEZI5D,17R,5
IF,MEZIN,45.017222,4.195833, ,0.0,0.0,0,0,0,0,0,0,0,0
TF,LS45C,45.102242,4.543747,0, ,0.0,0.0,0.0,0.0,3,14000,0,1,250,0,0,0
TF,NELEN,45.118611,4.611667,0, ,0.0,0.0,0.0,0.0,2,12000,0,0,0,0,0,0
TF,ROLIR,45.174442,4.843486,0, ,0.0,0.0,0.0,0.0,0,0,0,0,0,0,0,0
TF,VM34A,45.203542,4.855950,0, ,0.0,0.0,0.0,0.0,0,0,0,1,220,0,0,0
TF,ARBON,45.283278,4.890167,0, ,0.0,0.0,0.0,0.0,0,0,0,0,0,0,0,0

STAR,MEZI5E,35L,5
IF,MEZIN,45.017222,4.195833, ,0.0,0.0,0,0,0,0,0,0,0,0
TF,LS45C,45.102242,4.543747,0, ,0.0,0.0,0.0,0.0,3,14000,0,1,250,0,0,0
TF,NELEN,45.118611,4.611667,0, ,0.0,0.0,0.0,0.0,2,12000,0,0,0,0,0,0
TF,ROLIR,45.174442,4.843486,0, ,0.0,0.0,0.0,0.0,0,0,0,0,0,0,0,0
TF,VM34A,45.203542,4.855950,0, ,0.0,0.0,0.0,0.0,0,0,0,1,220,0,0,0
TF,ARBON,45.283278,4.890167,0, ,0.0,0.0,0.0,0.0,0,0,0,0,0,0,0,0

STAR,MEZI5E,35R,5
IF,MEZIN,45.017222,4.195833, ,0.0,0.0,0,0,0,0,0,0,0,0
TF,LS45C,45.102242,4.543747,0, ,0.0,0.0,0.0,0.0,3,14000,0,1,250,0,0,0
TF,NELEN,45.118611,4.611667,0, ,0.0,0.0,0.0,0.0,2,12000,0,0,0,0,0,0
TF,ROLIR,45.174442,4.843486,0, ,0.0,0.0,0.0,0.0,0,0,0,0,0,0,0,0
TF,VM34A,45.203542,4.855950,0, ,0.0,0.0,0.0,0.0,0,0,0,1,220,0,0,0
TF,ARBON,45.283278,4.890167,0, ,0.0,0.0,0.0,0.0,0,0,0,0,0,0,0,0

STAR,MEZI5N,35L,2
IF,MEZIN,45.017222,4.195833, ,0.0,0.0,0,0,0,0,0,0,0,0
TF,AGREV,45.064167,4.317500,0, ,0.0,0.0,0.0,0.0,0,0,0,0,0,0,0,0
TF,AMIKO,45.128056,4.483056,0, ,0.0,0.0,0.0,0.0,3,14000,0,1,250,0,0,0
TF,VMP34,45.231258,4.753064,0, ,0.0,0.0,0.0,0.0,0,0,0,1,220,0,0,0
TF,ARBON,45.283278,4.890167,0, ,0.0,0.0,0.0,0.0,0,0,0,0,0,0,0,0

STAR,MEZI5N,35R,2
IF,MEZIN,45.017222,4.195833, ,0.0,0.0,0,0,0,0,0,0,0,0
TF,AGREV,45.064167,4.317500,0, ,0.0,0.0,0.0,0.0,0,0,0,0,0,0,0,0
TF,AMIKO,45.128056,4.483056,0, ,0.0,0.0,0.0,0.0,3,14000,0,1,250,0,0,0
TF,VMP34,45.231258,4.753064,0, ,0.0,0.0,0.0,0.0,0,0,0,1,220,0,0,0
TF,ARBON,45.283278,4.890167,0, ,0.0,0.0,0.0,0.0,0,0,0,0,0,0,0,0

STAR,MEZI5S,17L,2
IF,MEZIN,45.017222,4.195833, ,0.0,0.0,0,0,0,0,0,0,0,0
TF,AGREV,45.064167,4.317500,0, ,0.0,0.0,0.0,0.0,0,0,0,0,0,0,0,0
TF,AMIKO,45.128056,4.483056,0, ,0.0,0.0,0.0,0.0,3,14000,0,1,250,0,0,0
TF,VMP34,45.231258,4.753064,0, ,0.0,0.0,0.0,0.0,0,0,0,1,220,0,0,0
TF,ARBON,45.283278,4.890167,0, ,0.0,0.0,0.0,0.0,0,0,0,0,0,0,0,0

STAR,MEZI5S,17R,2
IF,MEZIN,45.017222,4.195833, ,0.0,0.0,0,0,0,0,0,0,0,0
TF,AGREV,45.064167,4.317500,0, ,0.0,0.0,0.0,0.0,0,0,0,0,0,0,0,0
TF,AMIKO,45.128056,4.483056,0, ,0.0,0.0,0.0,0.0,3,14000,0,1,250,0,0,0
TF,VMP34,45.231258,4.753064,0, ,0.0,0.0,0.0,0.0,0,0,0,1,220,0,0,0
TF,ARBON,45.283278,4.890167,0, ,0.0,0.0,0.0,0.0,0,0,0,0,0,0,0,0

STAR,MILP5N,35L,5
IF,MILPA,46.302500,5.879722, ,0.0,0.0,3,18000,0,1,250,0,0,0
TF,KUDUP,46.230028,5.576028,0, ,0.0,0.0,0.0,0.0,4,12000,9000,0,0,0,0,0
TF,AMKEN,46.182556,5.379500,0, ,0.0,0.0,0.0,0.0,0,0,0,1,220,0,0,0
TF,RIPTU,46.106944,5.329167,0, ,0.0,0.0,0.0,0.0,0,0,0,0,0,0,0,0

STAR,MILP5N,35R,5
IF,MILPA,46.302500,5.879722, ,0.0,0.0,3,18000,0,1,250,0,0,0
TF,KUDUP,46.230028,5.576028,0, ,0.0,0.0,0.0,0.0,4,12000,9000,0,0,0,0,0
TF,AMKEN,46.182556,5.379500,0, ,0.0,0.0,0.0,0.0,0,0,0,1,220,0,0,0
TF,RIPTU,46.106944,5.329167,0, ,0.0,0.0,0.0,0.0,0,0,0,0,0,0,0,0

STAR,MILP5S,17L,5
IF,MILPA,46.302500,5.879722, ,0.0,0.0,3,18000,0,1,250,0,0,0
TF,KUDUP,46.230028,5.576028,0, ,0.0,0.0,0.0,0.0,4,12000,9000,0,0,0,0,0
TF,AMKEN,46.182556,5.379500,0, ,0.0,0.0,0.0,0.0,0,0,0,1,220,0,0,0
TF,RIPTU,46.106944,5.329167,0, ,0.0,0.0,0.0,0.0,0,0,0,0,0,0,0,0

STAR,MILP5S,17R,5
IF,MILPA,46.302500,5.879722, ,0.0,0.0,3,18000,0,1,250,0,0,0
TF,KUDUP,46.230028,5.576028,0, ,0.0,0.0,0.0,0.0,4,12000,9000,0,0,0,0,0
TF,AMKEN,46.182556,5.379500,0, ,0.0,0.0,0.0,0.0,0,0,0,1,220,0,0,0
TF,RIPTU,46.106944,5.329167,0, ,0.0,0.0,0.0,0.0,0,0,0,0,0,0,0,0

STAR,MOU5N,35L,2
IF,MOU,46.706778,3.631667, ,0.0,0.0,3,25000,0,0,0,0,0,0
TF,OMANI,46.457222,3.768056,0, ,0.0,0.0,0.0,0.0,2,20000,0,0,0,0,0,0
TF,MOU27,46.286389,3.863611,0, ,0.0,0.0,0.0,0.0,3,19000,0,0,0,0,0,0
TF,LESPI,46.113500,3.957778,0, ,0.0,0.0,0.0,0.0,0,0,0,0,0,0,0,0
TF,ROA,46.059167,3.999278,0, ,0.0,0.0,0.0,0.0,0,0,0,0,0,0,0,0
TF,VMP40,46.032464,4.229175,0, ,0.0,0.0,0.0,0.0,3,12000,0,1,250,0,0,0
TF,DIRBA,46.000072,4.502600,0, ,0.0,0.0,0.0,0.0,0,0,0,1,220,0,0,0
TF,TALAR,45.956389,4.604361,0, ,0.0,0.0,0.0,0.0,0,0,0,0,0,0,0,0

STAR,MOU5N,35R,2
IF,MOU,46.706778,3.631667, ,0.0,0.0,3,25000,0,0,0,0,0,0
TF,OMANI,46.457222,3.768056,0, ,0.0,0.0,0.0,0.0,2,20000,0,0,0,0,0,0
TF,MOU27,46.286389,3.863611,0, ,0.0,0.0,0.0,0.0,3,19000,0,0,0,0,0,0
TF,LESPI,46.113500,3.957778,0, ,0.0,0.0,0.0,0.0,0,0,0,0,0,0,0,0
TF,ROA,46.059167,3.999278,0, ,0.0,0.0,0.0,0.0,0,0,0,0,0,0,0,0
TF,VMP40,46.032464,4.229175,0, ,0.0,0.0,0.0,0.0,3,12000,0,1,250,0,0,0
TF,DIRBA,46.000072,4.502600,0, ,0.0,0.0,0.0,0.0,0,0,0,1,220,0,0,0
TF,TALAR,45.956389,4.604361,0, ,0.0,0.0,0.0,0.0,0,0,0,0,0,0,0,0

STAR,MOU5S,17L,2
IF,MOU,46.706778,3.631667, ,0.0,0.0,3,25000,0,0,0,0,0,0
TF,OMANI,46.457222,3.768056,0, ,0.0,0.0,0.0,0.0,2,20000,0,0,0,0,0,0
TF,MOU27,46.286389,3.863611,0, ,0.0,0.0,0.0,0.0,3,19000,0,0,0,0,0,0
TF,LESPI,46.113500,3.957778,0, ,0.0,0.0,0.0,0.0,0,0,0,0,0,0,0,0
TF,ROA,46.059167,3.999278,0, ,0.0,0.0,0.0,0.0,0,0,0,0,0,0,0,0
TF,VMP40,46.032464,4.229175,0, ,0.0,0.0,0.0,0.0,3,12000,0,1,250,0,0,0
TF,DIRBA,46.000072,4.502600,0, ,0.0,0.0,0.0,0.0,0,0,0,1,220,0,0,0
TF,TALAR,45.956389,4.604361,0, ,0.0,0.0,0.0,0.0,0,0,0,0,0,0,0,0

STAR,MOU5S,17R,2
IF,MOU,46.706778,3.631667, ,0.0,0.0,3,25000,0,0,0,0,0,0
TF,OMANI,46.457222,3.768056,0, ,0.0,0.0,0.0,0.0,2,20000,0,0,0,0,0,0
TF,MOU27,46.286389,3.863611,0, ,0.0,0.0,0.0,0.0,3,19000,0,0,0,0,0,0
TF,LESPI,46.113500,3.957778,0, ,0.0,0.0,0.0,0.0,0,0,0,0,0,0,0,0
TF,ROA,46.059167,3.999278,0, ,0.0,0.0,0.0,0.0,0,0,0,0,0,0,0,0
TF,VMP40,46.032464,4.229175,0, ,0.0,0.0,0.0,0.0,3,12000,0,1,250,0,0,0
TF,DIRBA,46.000072,4.502600,0, ,0.0,0.0,0.0,0.0,0,0,0,1,220,0,0,0
TF,TALAR,45.956389,4.604361,0, ,0.0,0.0,0.0,0.0,0,0,0,0,0,0,0,0

STAR,MTL5N,35L,2
IF,MTL,44.554944,4.779861, ,0.0,0.0,0,0,0,0,0,0,0,0
TF,MTL28,45.017878,4.827272,0, ,0.0,0.0,0.0,0.0,3,14000,0,1,250,0,0,0
TF,AMONI,45.067222,4.832500,0, ,0.0,0.0,0.0,0.0,2,12000,0,0,0,0,0,0
TF,ROLIR,45.174442,4.843486,0, ,0.0,0.0,0.0,0.0,0,0,0,0,0,0,0,0
TF,VM34A,45.203542,4.855950,0, ,0.0,0.0,0.0,0.0,0,0,0,1,220,0,0,0
TF,ARBON,45.283278,4.890167,0, ,0.0,0.0,0.0,0.0,0,0,0,0,0,0,0,0

STAR,MTL5N,35R,2
IF,MTL,44.554944,4.779861, ,0.0,0.0,0,0,0,0,0,0,0,0
TF,MTL28,45.017878,4.827272,0, ,0.0,0.0,0.0,0.0,3,14000,0,1,250,0,0,0
TF,AMONI,45.067222,4.832500,0, ,0.0,0.0,0.0,0.0,2,12000,0,0,0,0,0,0
TF,ROLIR,45.174442,4.843486,0, ,0.0,0.0,0.0,0.0,0,0,0,0,0,0,0,0
TF,VM34A,45.203542,4.855950,0, ,0.0,0.0,0.0,0.0,0,0,0,1,220,0,0,0
TF,ARBON,45.283278,4.890167,0, ,0.0,0.0,0.0,0.0,0,0,0,0,0,0,0,0

STAR,MTL5S,17L,2
IF,MTL,44.554944,4.779861, ,0.0,0.0,0,0,0,0,0,0,0,0
TF,MTL28,45.017878,4.827272,0, ,0.0,0.0,0.0,0.0,3,14000,0,1,250,0,0,0
TF,AMONI,45.067222,4.832500,0, ,0.0,0.0,0.0,0.0,2,12000,0,0,0,0,0,0
TF,ROLIR,45.174442,4.843486,0, ,0.0,0.0,0.0,0.0,0,0,0,0,0,0,0,0
TF,VM34A,45.203542,4.855950,0, ,0.0,0.0,0.0,0.0,0,0,0,1,220,0,0,0
TF,ARBON,45.283278,4.890167,0, ,0.0,0.0,0.0,0.0,0,0,0,0,0,0,0,0

STAR,MTL5S,17R,2
IF,MTL,44.554944,4.779861, ,0.0,0.0,0,0,0,0,0,0,0,0
TF,MTL28,45.017878,4.827272,0, ,0.0,0.0,0.0,0.0,3,14000,0,1,250,0,0,0
TF,AMONI,45.067222,4.832500,0, ,0.0,0.0,0.0,0.0,2,12000,0,0,0,0,0,0
TF,ROLIR,45.174442,4.843486,0, ,0.0,0.0,0.0,0.0,0,0,0,0,0,0,0,0
TF,VM34A,45.203542,4.855950,0, ,0.0,0.0,0.0,0.0,0,0,0,1,220,0,0,0
TF,ARBON,45.283278,4.890167,0, ,0.0,0.0,0.0,0.0,0,0,0,0,0,0,0,0

STAR,PINE5N,35L,5
IF,PINED,45.000000,5.521111, ,0.0,0.0,3,13000,0,0,0,0,0,0
TF,VM45A,45.059517,5.520631,0, ,0.0,0.0,0.0,0.0,0,0,0,1,250,0,0,0
TF,LL103,45.138056,5.520000,0, ,0.0,0.0,0.0,0.0,0,0,0,0,0,0,0,0
TF,OSMAS,45.279694,5.518472,0, ,0.0,0.0,0.0,0.0,0,0,0,1,220,0,0,0
TF,GOMET,45.360194,5.488000,0, ,0.0,0.0,0.0,0.0,0,0,0,0,0,0,0,0

STAR,PINE5N,35R,5
IF,PINED,45.000000,5.521111, ,0.0,0.0,3,13000,0,0,0,0,0,0
TF,VM45A,45.059517,5.520631,0, ,0.0,0.0,0.0,0.0,0,0,0,1,250,0,0,0
TF,LL103,45.138056,5.520000,0, ,0.0,0.0,0.0,0.0,0,0,0,0,0,0,0,0
TF,OSMAS,45.279694,5.518472,0, ,0.0,0.0,0.0,0.0,0,0,0,1,220,0,0,0
TF,GOMET,45.360194,5.488000,0, ,0.0,0.0,0.0,0.0,0,0,0,0,0,0,0,0

STAR,PINE5S,17L,5
IF,PINED,45.000000,5.521111, ,0.0,0.0,3,13000,0,0,0,0,0,0
TF,VM45A,45.059517,5.520631,0, ,0.0,0.0,0.0,0.0,0,0,0,1,250,0,0,0
TF,LL103,45.138056,5.520000,0, ,0.0,0.0,0.0,0.0,0,0,0,0,0,0,0,0
TF,OSMAS,45.279694,5.518472,0, ,0.0,0.0,0.0,0.0,0,0,0,1,220,0,0,0
TF,GOMET,45.360194,5.488000,0, ,0.0,0.0,0.0,0.0,0,0,0,0,0,0,0,0

STAR,PINE5S,17R,5
IF,PINED,45.000000,5.521111, ,0.0,0.0,3,13000,0,0,0,0,0,0
TF,VM45A,45.059517,5.520631,0, ,0.0,0.0,0.0,0.0,0,0,0,1,250,0,0,0
TF,LL103,45.138056,5.520000,0, ,0.0,0.0,0.0,0.0,0,0,0,0,0,0,0,0
TF,OSMAS,45.279694,5.518472,0, ,0.0,0.0,0.0,0.0,0,0,0,1,220,0,0,0
TF,GOMET,45.360194,5.488000,0, ,0.0,0.0,0.0,0.0,0,0,0,0,0,0,0,0

STAR,TIS5N,35L,2
IF,TIS,45.881833,3.553583, ,0.0,0.0,3,19000,0,0,0,0,0,0
TF,ROA,46.059167,3.999278,0, ,0.0,0.0,0.0,0.0,0,0,0,0,0,0,0,0
TF,VMP40,46.032464,4.229175,0, ,0.0,0.0,0.0,0.0,3,12000,0,1,250,0,0,0
TF,DIRBA,46.000072,4.502600,0, ,0.0,0.0,0.0,0.0,0,0,0,1,220,0,0,0
TF,TALAR,45.956389,4.604361,0, ,0.0,0.0,0.0,0.0,0,0,0,0,0,0,0,0

STAR,TIS5N,35R,2
IF,TIS,45.881833,3.553583, ,0.0,0.0,3,19000,0,0,0,0,0,0
TF,ROA,46.059167,3.999278,0, ,0.0,0.0,0.0,0.0,0,0,0,0,0,0,0,0
TF,VMP40,46.032464,4.229175,0, ,0.0,0.0,0.0,0.0,3,12000,0,1,250,0,0,0
TF,DIRBA,46.000072,4.502600,0, ,0.0,0.0,0.0,0.0,0,0,0,1,220,0,0,0
TF,TALAR,45.956389,4.604361,0, ,0.0,0.0,0.0,0.0,0,0,0,0,0,0,0,0

STAR,TIS5S,17L,2
IF,TIS,45.881833,3.553583, ,0.0,0.0,3,19000,0,0,0,0,0,0
TF,ROA,46.059167,3.999278,0, ,0.0,0.0,0.0,0.0,0,0,0,0,0,0,0,0
TF,VMP40,46.032464,4.229175,0, ,0.0,0.0,0.0,0.0,3,12000,0,1,250,0,0,0
TF,DIRBA,46.000072,4.502600,0, ,0.0,0.0,0.0,0.0,0,0,0,1,220,0,0,0
TF,TALAR,45.956389,4.604361,0, ,0.0,0.0,0.0,0.0,0,0,0,0,0,0,0,0

STAR,TIS5S,17R,2
IF,TIS,45.881833,3.553583, ,0.0,0.0,3,19000,0,0,0,0,0,0
TF,ROA,46.059167,3.999278,0, ,0.0,0.0,0.0,0.0,0,0,0,0,0,0,0,0
TF,VMP40,46.032464,4.229175,0, ,0.0,0.0,0.0,0.0,3,12000,0,1,250,0,0,0
TF,DIRBA,46.000072,4.502600,0, ,0.0,0.0,0.0,0.0,0,0,0,1,220,0,0,0
TF,TALAR,45.956389,4.604361,0, ,0.0,0.0,0.0,0.0,0,0,0,0,0,0,0,0

APPTR,D17R,17R,ARB1S
IF,ARBON,45.283278,4.890167, ,0.0,0.0,2,10000,0,0,0,0,1,0
CF,VNE,45.556444,4.883417,0,LSE,216.6,14.3,358.0,16.4,0,0,0,0,0,0,0,0
CF,D240J,45.660756,4.873014,0,LSE,240.0,10.5,355.0,6.3,2,10000,0,0,0,0,0,0
FM,D240J,45.660756,4.873014,0,LSE,0.0,0.0,355.0,0,0,0,0,0,0,0,0
CF,FD17R,45.858383,5.059183,2,LSE,348.0,6.9,168.0,1.0,2,3000,0,0,0,0,0,0

APPTR,D17R,17R,ARBON
IF,ARBON,45.283278,4.890167, ,0.0,0.0,2,10000,0,0,0,0,1,0
CF,VNE,45.556444,4.883417,0,LSE,216.6,14.3,358.0,16.4,0,0,0,0,0,0,0,0
CF,D240J,45.660756,4.873014,0,LSE,240.0,10.5,355.0,6.3,1,10000,0,0,0,0,0,0
CF,D297K,45.831342,4.859075,0,LSE,297.0,11.0,355.0,10.2,1,7000,0,0,0,0,0,0
AF,D339K,45.917728,5.000767,2,LSE,339.0,11.0,297.0,2,3000,0,1,200,0,0,0
CF,FD17R,45.858383,5.059183,0,LSE,348.0,6.9,168.0,4.0,2,3000,0,0,0,0,0,0

APPTR,D17R,17R,GOM1S
IF,GOMET,45.360194,5.488000, ,0.0,0.0,2,10000,0,0,0,0,1,0
CF,LTP,45.488972,5.439056,0,LSE,135.3,21.3,344.0,8.0,0,0,0,0,0,0,0,0
CF,D346G,45.589631,5.405953,0,LSE,124.1,16.2,346.0,6.2,2,10000,0,0,0,0,0,0
FM,D346G,45.589631,5.405953,0,LSE,0.0,0.0,346.0,0,0,0,0,0,0,0,0
CF,FD17R,45.858383,5.059183,1,LSE,348.0,6.9,168.0,1.0,2,3000,0,0,0,0,0,0

APPTR,D17R,17R,GOMET
IF,GOMET,45.360194,5.488000, ,0.0,0.0,2,10000,0,0,0,0,1,0
CF,LTP,45.488972,5.439056,0,LTP,0.0,0.0,344.0,8.0,0,0,0,0,0,0,0,0
FD,LTP,45.488972,5.439056,0,LTP,0.0,6.2,346.0,6.2,1,10000,0,0,0,0,0,0
CF,D065K,45.819828,5.330061,0,LSE,65.0,11.0,346.0,14.2,1,5000,0,0,0,0,0,0
AF,D357K,45.928703,5.081417,1,LSE,357.0,11.0,65.0,2,3000,0,1,200,0,0,0
CF,FD17R,45.858383,5.059183,0,LSE,348.0,6.9,168.0,4.0,2,3000,0,0,0,0,0,0

APPTR,D17R,17R,RIP1S
IF,RIPTU,46.106944,5.329167, ,0.0,0.0,2,7000,0,0,0,0,1,0
FM,RIPTU,46.106944,5.329167,0,LSE,0.0,0.0,260.0,0,0,0,0,0,0,0,0
CF,FD17R,45.858383,5.059183,1,LSE,348.0,6.9,168.0,12.0,2,3000,0,0,0,0,0,0

APPTR,D17R,17R,RIPTU
IF,RIPTU,46.106944,5.329167, ,0.0,0.0,2,7000,0,0,0,0,1,0
FD,RIPTU,46.106944,5.329167,0,LSE,23.7,14.0,204.0,14.0,1,5000,0,0,0,0,0,0
CI,0, ,0.0,204.0,0,0,0,0,0,0,0,0
AF,D357K,45.928703,5.081417,1,LSE,357.0,11.0,24.0,2,3000,0,1,200,0,0,0
CF,FD17R,45.858383,5.059183,0,LSE,348.0,6.9,168.0,4.0,2,3000,0,0,0,0,0,0

APPTR,D17R,17R,TAL1S
IF,TALAR,45.956389,4.604361, ,0.0,0.0,4,10000,7000,0,0,0,1,0
FM,TALAR,45.956389,4.604361,0,LSE,0.0,0.0,90.0,0,0,0,0,0,0,0,0
CF,FD17R,45.858383,5.059183,0,LSE,348.0,6.9,168.0,6.0,2,3000,0,0,0,0,0,0

APPTR,D17R,17R,TALAR
IF,TALAR,45.956389,4.604361, ,0.0,0.0,4,10000,7000,0,0,0,1,0
FD,TALAR,45.956389,4.604361,0,LSE,301.0,13.0,121.0,13.0,1,4000,0,0,0,0,0,0
CI,0, ,0.0,121.0,0,0,0,0,0,0,0,0
AF,D339K,45.917728,5.000767,2,LSE,339.0,11.0,301.0,2,3000,0,1,200,0,0,0
CF,FD17R,45.858383,5.059183,0,LSE,348.0,6.9,168.0,4.0,2,3000,0,0,0,0,0,0

FINAL,D17R,17R,D,3
IF,FD17R,45.858383,5.059183,LSE,348.0,6.9,2,3000,0,0,0,0,2,0
CF,37VOR,45.806044,5.073761,0,LSE,348.0,3.7,168.0,3.2,2,1960,0,0,0,0,0,0
CF,MD17R,45.761883,5.086039,0,LSE,348.0,0.0,168.0,2.7,1,1099,0,0,0,0,3,0
CA,0,168.0,2,5000,0,0,0,0,0,0
VM,0,0,0,168.0,1,5000,0,0,0,0,0,0

APPTR,D35L,35L,ARB1N
IF,ARBON,45.283278,4.890167, ,0.0,0.0,2,7000,0,0,0,0,1,0
FM,ARBON,45.283278,4.890167,0,LSE,0.0,0.0,60.0,0,0,0,0,0,0,0,0
CF,FD35L,45.599092,5.101514,0,LSE,176.0,8.8,356.0,13.0,2,3000,0,0,0,0,0,0

APPTR,D35L,35L,ARBON
IF,ARBON,45.283278,4.890167, ,0.0,0.0,2,7000,0,0,0,0,1,0
FD,ARBON,45.283278,4.890167,0,LSE,196.0,20.0,16.0,20.0,2,3000,0,0,0,0,0,0
CF,D176M,45.529200,5.106711,0,LSE,176.0,13.0,53.0,9.0,2,3000,0,1,200,0,1,0
CF,FD35L,45.599092,5.101514,0,LSE,176.0,8.8,356.0,4.2,2,3000,0,0,0,0,0,0

APPTR,D35L,35L,GOM1N
IF,GOMET,45.360194,5.488000, ,0.0,0.0,2,10000,0,0,0,0,1,0
FM,GOMET,45.360194,5.488000,0,LSE,0.0,0.0,290.0,0,0,0,0,0,0,0,0
CF,FD35L,45.599092,5.101514,0,LSE,176.0,8.8,356.0,8.0,2,3000,0,0,0,0,0,0

APPTR,D35L,35L,GOMET
IF,GOMET,45.360194,5.488000, ,0.0,0.0,2,10000,0,0,0,0,1,0
FC,GOMET,45.360194,5.488000,0,LSE,0.0,0.0,294.0,16.0,1,4000,0,0,0,0,0,0
CF,D176M,45.529200,5.106711,0,LSE,176.0,13.0,356.0,3.5,2,3000,0,1,200,0,1,0
CF,FD35L,45.599092,5.101514,0,LSE,176.0,8.8,356.0,4.2,2,3000,0,0,0,0,0,0

APPTR,D35L,35L,RIP1N
IF,RIPTU,46.106944,5.329167, ,0.0,0.0,2,7000,0,0,0,0,1,0
FM,RIPTU,46.106944,5.329167,0,LSE,0.0,0.0,179.0,0,0,0,0,0,0,0,0
CF,FD35L,45.599092,5.101514,2,LSE,176.0,8.8,356.0,1.0,2,3000,0,0,0,0,0,0

APPTR,D35L,35L,RIPTU
IF,RIPTU,46.106944,5.329167, ,0.0,0.0,2,7000,0,0,0,0,1,0
FD,RIPTU,46.106944,5.329167,0,LSE,23.7,18.0,204.0,18.0,0,0,0,0,0,0,0,0
CF,D109O,45.671069,5.380931,0,LSE,109.0,13.0,166.0,21.0,1,5000,0,0,0,0,0,0
AF,D166M,45.534436,5.159919,2,LSE,166.0,13.0,109.0,2,3000,0,0,0,0,0,0
CF,FD35L,45.599092,5.101514,0,LSE,176.0,8.8,356.0,4.0,2,3000,0,1,200,0,0,0

APPTR,D35L,35L,TAL1N
IF,TALAR,45.956389,4.604361, ,0.0,0.0,4,10000,8000,0,0,0,1,0
CF,D333J,45.706592,4.778861,0,LSE,259.0,13.3,153.0,16.7,2,8000,0,0,0,0,0,0
CF,VNE,45.556444,4.883417,0,LSE,216.6,14.3,153.0,10.0,0,0,0,0,0,0,0,0
FM,VNE,45.556444,4.883417,0,LSE,0.0,0.0,153.0,0,0,0,0,0,0,0,0
CF,FD35L,45.599092,5.101514,1,LSE,176.0,8.8,356.0,1.0,2,3000,0,0,0,0,0,0

APPTR,D35L,35L,TALAR
IF,TALAR,45.956389,4.604361, ,0.0,0.0,4,10000,8000,0,0,0,1,0
FC,TALAR,45.956389,4.604361,0,LSE,0.0,0.0,153.0,16.7,1,8000,0,0,0,0,0,0
CF,VNE,45.556444,4.883417,0,LSE,216.6,14.3,153.0,10.0,1,5000,0,0,0,0,0,0
CF,D184M,45.529725,5.063719,0,LSE,184.0,13.0,101.0,7.8,2,3000,0,0,0,0,0,1
CF,FD35L,45.599092,5.101514,1,LSE,176.0,8.8,356.0,3.0,2,3000,0,1,200,0,0,0

FINAL,D35L,35L,D,4
IF,FD35L,45.599092,5.101514,LSE,176.0,8.8,2,3000,0,0,0,0,2,0
CF,62VOR,45.642356,5.098289,0,LSE,176.0,6.2,356.0,2.6,2,2170,0,0,0,0,0,0
CF,37VO2,45.683958,5.095183,0,LSE,176.0,3.7,356.0,2.5,2,1370,0,0,0,0,0,0
CF,RW35L,45.710747,5.090300,0,LSE,179.3,2.1,356.0,1.6,1,873,0,0,0,0,3,0
CA,0,356.0,2,5000,0,0,0,0,0,0
VM,0,0,0,356.0,1,5000,0,0,0,0,0,0

APPTR,D35R,35R,ARB1N
IF,ARBON,45.283278,4.890167, ,0.0,0.0,2,7000,0,0,0,0,1,0
FM,ARBON,45.283278,4.890167,0,LSE,0.0,0.0,60.0,0,0,0,0,0,0,0,0
CF,FD35R,45.599447,5.108789,0,LSE,174.0,8.8,354.0,13.0,2,3000,0,0,0,0,0,0

APPTR,D35R,35R,ARBON
IF,ARBON,45.283278,4.890167, ,0.0,0.0,2,7000,0,0,0,0,1,0
FD,ARBON,45.283278,4.890167,0,LSE,196.0,20.0,16.0,20.0,2,3000,0,0,0,0,0,0
CF,D174M,45.529725,5.117444,0,LSE,174.0,13.0,53.0,9.0,2,3000,0,1,200,0,1,0
CF,FD35R,45.599447,5.108789,0,LSE,174.0,8.8,354.0,4.2,2,3000,0,0,0,0,0,0

APPTR,D35R,35R,GOM1N
IF,GOMET,45.360194,5.488000, ,0.0,0.0,2,10000,0,0,0,0,1,0
FM,GOMET,45.360194,5.488000,0,LSE,0.0,0.0,290.0,0,0,0,0,0,0,0,0
CF,FD35R,45.599447,5.108789,0,LSE,174.0,8.8,354.0,9.0,2,3000,0,0,0,0,0,0

APPTR,D35R,35R,GOMET
IF,GOMET,45.360194,5.488000, ,0.0,0.0,2,10000,0,0,0,0,1,0
FC,GOMET,45.360194,5.488000,0,LSE,0.0,0.0,294.0,16.0,1,4000,0,0,0,0,0,1
CF,D174M,45.529725,5.117444,0,LSE,174.0,13.0,354.0,3.5,2,3000,0,1,200,0,1,0
CF,FD35R,45.599447,5.108789,0,LSE,174.0,8.8,354.0,4.2,2,3000,0,0,0,0,0,0

APPTR,D35R,35R,RIP1N
IF,RIPTU,46.106944,5.329167, ,0.0,0.0,2,7000,0,0,0,0,1,0
FM,RIPTU,46.106944,5.329167,0,LSE,0.0,0.0,179.0,0,0,0,0,0,0,0,0
CF,FD35R,45.599447,5.108789,2,LSE,174.0,8.8,354.0,1.0,2,3000,0,0,0,0,0,0

APPTR,D35R,35R,RIPTU
IF,RIPTU,46.106944,5.329167, ,0.0,0.0,2,7000,0,0,0,0,1,0
FD,RIPTU,46.106944,5.329167,0,LSE,23.7,18.0,204.0,18.0,0,0,0,0,0,0,0,0
CF,D109O,45.671069,5.380931,0,LSE,109.0,13.0,166.0,21.0,1,5000,0,0,0,0,0,0
AF,D166M,45.534436,5.159919,2,LSE,166.0,13.0,109.0,2,3000,0,0,0,0,0,0
CF,FD35R,45.599447,5.108789,0,LSE,174.0,8.8,354.0,4.0,2,3000,0,0,0,0,0,0

APPTR,D35R,35R,TAL1N
IF,TALAR,45.956389,4.604361, ,0.0,0.0,4,10000,8000,0,0,0,1,0
CF,D333J,45.706592,4.778861,0,LSE,259.0,13.3,153.0,16.7,2,8000,0,0,0,0,0,0
CF,VNE,45.556444,4.883417,0,LSE,216.6,14.3,153.0,10.0,0,0,0,0,0,0,0,0
FM,VNE,45.556444,4.883417,0,LSE,0.0,0.0,153.0,0,0,0,0,0,0,0,0
CF,FD35R,45.599447,5.108789,1,LSE,174.0,8.8,354.0,1.0,2,3000,0,0,0,0,0,0

APPTR,D35R,35R,TALAR
IF,TALAR,45.956389,4.604361, ,0.0,0.0,4,10000,8000,0,0,0,1,0
FC,TALAR,45.956389,4.604361,0,LSE,0.0,0.0,153.0,16.7,1,8000,0,0,0,0,0,0
CF,VNE,45.556444,4.883417,0,LSE,216.6,14.3,153.0,10.0,1,5000,0,0,0,0,0,0
CF,D184M,45.529725,5.063719,0,LSE,184.0,13.0,101.0,7.8,2,3000,0,0,0,0,0,1
CF,FD35R,45.599447,5.108789,1,LSE,174.0,8.8,354.0,3.0,2,3000,0,0,0,0,0,0

FINAL,D35R,35R,D,4
IF,FD35R,45.599447,5.108789,LSE,174.0,8.8,2,3000,0,0,0,0,2,0
CF,64VOR,45.639289,5.103833,0,LSE,174.0,6.4,354.0,2.4,2,2240,0,0,0,0,0,0
CF,39VOR,45.680789,5.098661,0,LSE,174.0,3.9,354.0,2.5,2,1440,0,0,0,0,0,0
CF,MD35R,45.697389,5.096592,0,LSE,174.0,2.9,354.0,1.0,1,1132,0,0,0,0,3,0
CA,0,354.0,2,5000,0,0,0,0,0,0
VM,0,0,0,354.0,1,5000,0,0,0,0,0,0

APPTR,I17L,17L,ARB1S
IF,ARBON,45.283278,4.890167, ,0.0,0.0,2,10000,0,0,0,0,1,0
CF,VNE,45.556444,4.883417,0,LSE,216.6,14.3,358.0,16.4,0,0,0,0,0,0,0,0
CF,D240J,45.660756,4.873014,0,LSE,240.0,10.5,355.0,6.3,2,10000,0,0,0,0,0,0
FM,D240J,45.660756,4.873014,0,LSE,0.0,0.0,355.0,0,0,0,0,0,0,0,0
CF,EKMEP,45.928167,5.068306,2,LSS,354.1,13.3,174.0,2.0,2,3000,0,0,0,0,0,0

APPTR,I17L,17L,ARBON
IF,ARBON,45.283278,4.890167, ,0.0,0.0,2,10000,0,0,0,0,1,0
CF,VNE,45.556444,4.883417,0,LSE,216.6,14.3,358.0,16.5,0,0,0,0,0,0,0,0
TF,D240J,45.660756,4.873014,0, ,0.0,0.0,0.0,0.0,1,10000,0,0,0,0,0,0
TF,D297K,45.831342,4.859075,0, ,0.0,0.0,0.0,0.0,1,7000,0,0,0,0,0,0
AF,D345K,45.923353,5.027047,2,LSE,345.0,11.0,297.0,2,3000,0,1,190,0,0,0
CI,0,LSS,0.0,144.0,0,0,0,0,0,0,0,0

APPTR,I17L,17L,GOM1S
IF,GOMET,45.360194,5.488000, ,0.0,0.0,2,10000,0,0,0,0,1,0
CF,LTP,45.488972,5.439056,0,LTP,0.0,0.0,344.0,8.0,0,0,0,0,0,0,0,0
CF,D346G,45.589631,5.405953,0,LTP,346.0,6.2,346.0,6.2,2,10000,0,0,0,0,0,0
FM,D346G,45.589631,5.405953,0,LTP,0.0,0.0,346.0,0,0,0,0,0,0,0,0
CF,EKMEP,45.928167,5.068306,1,LSS,354.1,13.3,174.0,2.0,2,3000,0,0,0,0,0,0

APPTR,I17L,17L,GOMET
IF,GOMET,45.360194,5.488000, ,0.0,0.0,2,10000,0,0,0,0,1,0
CF,LTP,45.488972,5.439056,0,LTP,0.0,0.0,344.0,8.0,0,0,0,0,0,0,0,0
FD,LTP,45.488972,5.439056,0,LTP,0.0,6.2,346.0,6.2,1,10000,0,0,0,0,0,0
CF,D065K,45.819828,5.330061,0,LSE,65.0,11.0,346.0,14.2,1,5000,0,0,0,0,0,0
AF,D003K,45.928367,5.108903,1,LSE,3.0,11.0,65.0,2,3000,0,1,190,0,0,0
CI,0,LSS,0.0,204.0,0,0,0,0,0,0,0,0

APPTR,I17L,17L,RIP1S
IF,RIPTU,46.106944,5.329167, ,0.0,0.0,2,7000,0,0,0,0,1,0
FM,RIPTU,46.106944,5.329167,0,LSE,0.0,0.0,260.0,0,0,0,0,0,0,0,0
CF,EKMEP,45.928167,5.068306,0,LSS,354.1,13.3,174.0,9.0,2,3000,0,0,0,0,0,0

APPTR,I17L,17L,RIPTU
IF,RIPTU,46.106944,5.329167, ,0.0,0.0,2,7000,0,0,0,0,1,0
FD,RIPTU,46.106944,5.329167,0,LSE,23.7,14.0,204.0,14.0,1,5000,0,0,0,0,0,0
CI,0, ,0.0,204.0,0,0,0,0,0,0,0,0
AF,D003K,45.928367,5.108903,1,LSE,3.0,11.0,24.0,2,3000,0,1,190,0,0,0
CI,0,LSS,0.0,204.0,0,0,0,0,0,0,0,0

APPTR,I17L,17L,TAL1S
IF,TALAR,45.956389,4.604361, ,0.0,0.0,4,10000,7000,0,0,0,1,0
FM,TALAR,45.956389,4.604361,0,LSE,0.0,0.0,90.0,0,0,0,0,0,0,0,0
CF,EKMEP,45.928167,5.068306,0,LSS,354.1,13.3,174.0,2.0,2,3000,0,0,0,0,0,0

APPTR,I17L,17L,TALAR
IF,TALAR,45.956389,4.604361, ,0.0,0.0,4,10000,7000,0,0,0,1,0
FD,TALAR,45.956389,4.604361,0,LSE,301.0,13.0,121.0,13.0,1,4000,0,0,0,0,0,0
CI,0, ,0.0,121.0,0,0,0,0,0,0,0,0
AF,D345K,45.923353,5.027047,2,LSE,345.0,11.0,301.0,2,3000,0,1,190,0,0,0
CI,0,LSS,0.0,144.0,0,0,0,0,0,0,0,0

FINAL,I17L,17L,I,3
IF,EKMEP,45.928167,5.068306,LSS,354.1,13.3,2,3000,0,0,0,0,0,0
CF,FF17L,45.848572,5.077550,0,LSS,354.0,8.5,174.0,4.8,1,3000,0,0,0,0,2,0
CF,RW17L,45.734942,5.091869,0,LSS,354.1,1.6,174.0,6.8,1,834,0,0,0,0,3,1
CA,0,174.0,2,5000,0,0,0,0,0,0
VM,0,0,0,174.0,1,5000,0,0,0,0,0,0

APPTR,I35L,35L,ARB1N
IF,ARBON,45.283278,4.890167, ,0.0,0.0,2,7000,0,0,0,0,1,0
FM,ARBON,45.283278,4.890167,0,LSE,0.0,0.0,60.0,0,0,0,0,0,0,0,0
CF,NEGPU,45.529556,5.112250,0,SAN,174.1,13.2,354.0,10.0,2,3000,0,0,0,0,1,0

APPTR,I35L,35L,ARBON
IF,ARBON,45.283278,4.890167, ,0.0,0.0,2,7000,0,0,0,0,1,0
CF,D196T,45.426778,4.952014,0,LSE,196.0,20.0,16.0,9.0,2,3000,0,0,0,0,0,1
CF,NEGPU,45.529556,5.112250,0,SAN,174.1,13.2,53.0,9.0,2,3000,0,1,200,0,1,0

APPTR,I35L,35L,GOM1N
IF,GOMET,45.360194,5.488000, ,0.0,0.0,2,10000,0,0,0,0,1,0
FM,GOMET,45.360194,5.488000,0,LSE,0.0,0.0,290.0,0,0,0,0,0,0,0,0
CF,NEGPU,45.529556,5.112250,0,SAN,174.1,13.2,354.0,7.0,2,3000,0,0,0,0,1,0

APPTR,I35L,35L,GOMET
IF,GOMET,45.360194,5.488000, ,0.0,0.0,2,10000,0,0,0,0,1,0
FC,GOMET,45.360194,5.488000,0,LSE,0.0,0.0,294.0,16.2,1,4000,0,0,0,0,0,1
CF,NEGPU,45.529556,5.112250,0,SAN,174.1,13.2,354.0,3.0,2,3000,0,1,200,0,1,0

APPTR,I35L,35L,RIP1N
IF,RIPTU,46.106944,5.329167, ,0.0,0.0,2,7000,0,0,0,0,1,0
FM,RIPTU,46.106944,5.329167,0,LTP,0.0,0.0,179.0,0,0,0,0,0,0,0,0
CF,NEGPU,45.529556,5.112250,2,SAN,174.1,13.2,354.0,2.0,2,3000,0,0,0,0,1,0

APPTR,I35L,35L,RIPTU
IF,RIPTU,46.106944,5.329167, ,0.0,0.0,2,7000,0,0,0,0,1,0
FD,RIPTU,46.106944,5.329167,0,LSE,23.7,18.0,204.0,18.0,0,0,0,0,0,0,0,0
CF,D109O,45.671069,5.380931,0,LSE,109.0,13.0,166.0,21.0,1,5000,0,0,0,0,0,0
AF,D166M,45.534436,5.159919,2,LSE,166.0,13.0,109.0,2,3000,0,0,0,0,0,0
CI,0,SAN,0.0,324.0,0,0,0,1,200,0,0,0

APPTR,I35L,35L,TAL1N
IF,TALAR,45.956389,4.604361, ,0.0,0.0,4,10000,8000,0,0,0,1,0
CF,D333J,45.706592,4.778861,0,LSE,259.0,13.3,153.0,16.7,2,8000,0,0,0,0,0,0
CF,VNE,45.556444,4.883417,0,LSE,216.6,14.3,153.0,10.0,0,0,0,0,0,0,0,0
FM,VNE,45.556444,4.883417,0,LSE,0.0,0.0,153.0,0,0,0,0,0,0,0,0
CF,NEGPU,45.529556,5.112250,1,SAN,174.1,13.2,354.0,2.0,2,3000,0,0,0,0,1,0

APPTR,I35L,35L,TALAR
IF,TALAR,45.956389,4.604361, ,0.0,0.0,4,10000,8000,0,0,0,1,0
FC,TALAR,45.956389,4.604361,0,LSE,0.0,0.0,153.0,16.7,1,8000,0,0,0,0,0,0
CF,VNE,45.556444,4.883417,0,LSE,216.6,14.3,153.0,10.0,1,5000,0,0,0,0,0,0
CF,D184M,45.529725,5.063719,0,LSE,184.0,13.0,101.0,7.8,2,3000,0,0,0,0,0,1
CI,0,SAN,0.0,24.0,0,0,0,1,200,0,0,0

FINAL,I35L,35L,I,3
IF,NEGPU,45.529556,5.112250,SAN,174.1,13.2,2,3000,0,0,0,0,0,0
CF,FF35L,45.599217,5.103831,0,SAN,174.1,9.0,354.0,4.2,1,3000,0,0,0,0,2,0
CF,RW35L,45.710747,5.090300,0,SAN,174.1,2.3,354.0,6.7,1,873,0,0,0,0,3,0
CA,0,354.0,2,5000,0,0,0,0,0,0
VM,0,0,0,354.0,1,5000,0,0,0,0,0,0

APPTR,I35R,35R,ARB1N
IF,ARBON,45.283278,4.890167, ,0.0,0.0,2,7000,0,0,0,0,1,0
FM,ARBON,45.283278,4.890167,0,LSE,0.0,0.0,60.0,0,0,0,0,0,0,0,0
CF,INGUV,45.529667,5.116750,0,LSN,174.1,12.5,354.0,10.0,2,3000,0,0,0,0,1,0

APPTR,I35R,35R,ARBON
IF,ARBON,45.283278,4.890167, ,0.0,0.0,2,7000,0,0,0,0,1,0
CF,D196T,45.426778,4.952014,0,LSE,196.2,20.0,16.0,9.0,2,3000,0,0,0,0,0,1
CF,INGUV,45.529667,5.116750,0,LSN,174.1,12.5,53.0,9.0,2,3000,0,1,200,0,1,0

APPTR,I35R,35R,GOM1N
IF,GOMET,45.360194,5.488000, ,0.0,0.0,2,10000,0,0,0,0,1,0
FM,GOMET,45.360194,5.488000,0,LSE,0.0,0.0,290.0,0,0,0,0,0,0,0,0
CF,INGUV,45.529667,5.116750,0,LSN,174.1,12.5,354.0,6.0,2,3000,0,0,0,0,1,0

APPTR,I35R,35R,GOMET
IF,GOMET,45.360194,5.488000, ,0.0,0.0,2,10000,0,0,0,0,1,0
FC,GOMET,45.360194,5.488000,0,LSE,0.0,0.0,294.0,16.2,1,4000,0,0,0,0,0,1
CF,INGUV,45.529667,5.116750,0,LSN,174.1,12.5,354.0,3.0,2,3000,0,1,200,0,1,0

APPTR,I35R,35R,RIP1N
IF,RIPTU,46.106944,5.329167, ,0.0,0.0,2,7000,0,0,0,0,1,0
FM,RIPTU,46.106944,5.329167,0,LSE,0.0,0.0,179.0,0,0,0,0,0,0,0,0
CF,INGUV,45.529667,5.116750,2,LSN,174.1,12.5,354.0,2.0,2,3000,0,0,0,0,1,0

APPTR,I35R,35R,RIPTU
IF,RIPTU,46.106944,5.329167, ,0.0,0.0,2,7000,0,0,0,0,1,0
FD,RIPTU,46.106944,5.329167,0,LSE,23.5,18.0,204.0,18.0,0,0,0,0,0,0,0,0
CF,D109O,45.671069,5.380931,0,LSE,108.9,13.0,166.0,21.0,1,5000,0,0,0,0,0,0
AF,D166M,45.534436,5.159919,2,LSE,166.1,13.0,109.0,2,3000,0,0,0,0,0,0
CI,0,LSN,0.0,324.0,0,0,0,1,200,0,0,0

APPTR,I35R,35R,TAL1N
IF,TALAR,45.956389,4.604361, ,0.0,0.0,4,10000,8000,0,0,0,1,0
CF,D333J,45.706592,4.778861,0,LSE,259.2,13.3,153.0,16.7,2,8000,0,0,0,0,0,0
CF,VNE,45.556444,4.883417,0,LSE,216.8,14.3,153.0,10.0,0,0,0,0,0,0,0,0
FM,VNE,45.556444,4.883417,0,LSE,0.0,0.0,153.0,0,0,0,0,0,0,0,0
CF,INGUV,45.529667,5.116750,1,LSN,174.1,12.5,354.0,2.0,2,3000,0,0,0,0,1,0

APPTR,I35R,35R,TALAR
IF,TALAR,45.956389,4.604361, ,0.0,0.0,4,10000,8000,0,0,0,1,0
FC,TALAR,45.956389,4.604361,0,LSE,0.0,0.0,153.0,16.7,1,8000,0,0,0,0,0,0
CF,VNE,45.556444,4.883417,0,LSE,216.8,14.3,153.0,10.0,1,5000,0,0,0,0,0,0
CF,D184M,45.529725,5.063719,0,LSE,184.2,13.0,101.0,7.8,2,3000,0,0,0,0,0,1
CI,0,LSN,0.0,24.0,0,0,0,1,200,0,0,0

FINAL,I35R,35R,I,3
IF,INGUV,45.529667,5.116750,LSN,174.1,12.5,2,3000,0,0,0,0,0,0
CF,FF35R,45.599786,5.108375,0,LSN,174.1,8.3,354.0,4.2,1,3000,0,0,0,0,2,0
CF,RW35R,45.711006,5.094781,0,LSN,174.1,1.6,354.0,6.7,1,870,0,0,0,0,3,0
CA,0,354.0,2,5000,0,0,0,0,0,0
VM,0,0,0,354.0,1,5000,0,0,0,0,0,0

APPTR,R17L,17L,ARB1S
IF,ARBON,45.283278,4.890167, ,0.0,0.0,2,10000,0,0,0,0,1,0
CF,VNE,45.556444,4.883417,0,LSE,216.6,14.3,358.0,16.4,0,0,0,0,0,0,0,0
CF,D240J,45.660756,4.873014,0,LSE,240.0,10.5,355.0,6.3,2,10000,0,0,0,0,0,0
FM,D240J,45.660756,4.873014,0,LSE,0.0,0.0,355.0,0,0,0,0,0,0,0,0
CF,EKMEP,45.928167,5.068306,2,LSE,354.1,11.0,174.0,2.0,2,3000,0,1,220,0,0,0

APPTR,R17L,17L,GOM1S
IF,GOMET,45.360194,5.488000, ,0.0,0.0,2,10000,0,0,0,0,1,0
CF,LTP,45.488972,5.439056,0,LTP,0.0,0.0,344.0,8.0,0,0,0,0,0,0,0,0
CF,D346G,45.589631,5.405953,0,LTP,346.0,6.2,346.0,6.2,2,10000,0,0,0,0,0,0
FM,D346G,45.589631,5.405953,0,LTP,0.0,0.0,346.0,0,0,0,0,0,0,0,0
CF,EKMEP,45.928167,5.068306,1,LSE,354.1,11.0,174.0,2.0,2,3000,0,1,220,0,0,0

APPTR,R17L,17L,RIP1S
IF,RIPTU,46.106944,5.329167, ,0.0,0.0,2,7000,0,0,0,0,1,0
FM,RIPTU,46.106944,5.329167,0,LSE,0.0,0.0,260.0,0,0,0,0,0,0,0,0
CF,EKMEP,45.928167,5.068306,0,LSE,354.1,11.0,174.0,9.0,2,3000,0,1,220,0,0,0

APPTR,R17L,17L,TAL1S
IF,TALAR,45.956389,4.604361, ,0.0,0.0,4,10000,7000,0,0,0,1,0
FM,TALAR,45.956389,4.604361,0,LSE,0.0,0.0,90.0,0,0,0,0,0,0,0,0
CF,EKMEP,45.928167,5.068306,0,LSE,354.1,11.0,174.0,2.0,2,3000,0,1,220,0,0,0

FINAL,R17L,17L,R,3
IF,EKMEP,45.928167,5.068306, ,0.0,0.0,2,3000,0,1,220,0,0,0
TF,LL504,45.848139,5.078056,0, ,0.0,0.0,174.0,4.8,1,3000,0,0,0,0,2,0
TF,RW17L,45.734942,5.091869,0, ,0.0,0.0,174.0,6.8,1,829,0,0,0,0,3,1
CA,0,174.0,2,5000,0,0,0,0,0,0
VM,0,0,0,174.0,1,5000,0,0,0,0,0,0

APPTR,R17R,17R,ARB1S
IF,ARBON,45.283278,4.890167, ,0.0,0.0,2,10000,0,0,0,0,1,0
CF,VNE,45.556444,4.883417,0,LSE,216.6,14.3,358.0,16.4,0,0,0,0,0,0,0,0
CF,D240J,45.660756,4.873014,0,LSE,240.0,10.5,355.0,6.3,2,10000,0,0,0,0,0,0
FM,D240J,45.660756,4.873014,0,LSE,0.0,0.0,355.0,0,0,0,0,0,0,0,0
CF,ARPOB,45.929056,5.063667,2,LSE,353.2,11.1,174.0,2.0,2,3000,0,1,220,0,0,0

APPTR,R17R,17R,GOM1S
IF,GOMET,45.360194,5.488000, ,0.0,0.0,2,10000,0,0,0,0,1,0
CF,LTP,45.488972,5.439056,0,LTP,0.0,0.0,344.0,8.0,0,0,0,0,0,0,0,0
CF,D346G,45.589631,5.405953,0,LTP,346.0,6.2,346.0,6.2,2,10000,0,0,0,0,0,0
FM,D346G,45.589631,5.405953,0,LTP,0.0,0.0,346.0,0,0,0,0,0,0,0,0
CF,ARPOB,45.929056,5.063667,1,LSE,353.2,11.1,174.0,2.0,2,3000,0,1,220,0,0,0

APPTR,R17R,17R,RIP1S
IF,RIPTU,46.106944,5.329167, ,0.0,0.0,2,7000,0,0,0,0,1,0
FM,RIPTU,46.106944,5.329167,0,LSE,0.0,0.0,260.0,0,0,0,0,0,0,0,0
CF,ARPOB,45.929056,5.063667,0,LSE,353.2,11.1,174.0,9.0,2,3000,0,1,220,0,0,0

APPTR,R17R,17R,TAL1S
IF,TALAR,45.956389,4.604361, ,0.0,0.0,4,10000,7000,0,0,0,1,0
FM,TALAR,45.956389,4.604361,0,LSE,0.0,0.0,90.0,0,0,0,0,0,0,0,0
CF,ARPOB,45.929056,5.063667,0,LSE,353.2,11.1,174.0,2.0,2,3000,0,1,220,0,0,0

FINAL,R17R,17R,R,3
IF,ARPOB,45.929056,5.063667, ,0.0,0.0,2,3000,0,1,220,0,0,0
TF,LL403,45.860972,5.072000,0, ,0.0,0.0,174.0,4.1,1,3000,0,0,0,0,2,0
TF,RW17R,45.746589,5.085939,0, ,0.0,0.0,174.0,6.9,1,807,0,0,0,0,3,1
CA,0,174.0,2,5000,0,0,0,0,0,0
VM,0,0,0,174.0,1,5000,0,0,0,0,0,0

APPTR,R35L,35L,ARB1N
IF,ARBON,45.283278,4.890167, ,0.0,0.0,2,7000,0,0,0,0,1,0
FM,ARBON,45.283278,4.890167,0,LSE,0.0,0.0,60.0,0,0,0,0,0,0,0,0
CF,NEGPU,45.529556,5.112250,0,LSE,175.0,13.0,354.0,10.0,2,3000,0,1,220,0,1,0

APPTR,R35L,35L,GOM1N
IF,GOMET,45.360194,5.488000, ,0.0,0.0,2,10000,0,0,0,0,1,0
FM,GOMET,45.360194,5.488000,0,LSE,0.0,0.0,290.0,0,0,0,0,0,0,0,0
CF,NEGPU,45.529556,5.112250,0,LSE,175.0,13.0,354.0,7.0,2,3000,0,1,220,0,1,0

APPTR,R35L,35L,RIP1N
IF,RIPTU,46.106944,5.329167, ,0.0,0.0,2,7000,0,0,0,0,1,0
FM,RIPTU,46.106944,5.329167,0,LTP,0.0,0.0,179.0,0,0,0,0,0,0,0,0
CF,NEGPU,45.529556,5.112250,2,LSE,175.0,13.0,354.0,2.0,2,3000,0,1,220,0,1,0

APPTR,R35L,35L,TAL1N
IF,TALAR,45.956389,4.604361, ,0.0,0.0,4,10000,8000,0,0,0,1,0
CF,D333J,45.706592,4.778861,0,LSE,259.0,13.3,153.0,16.7,2,8000,0,0,0,0,0,0
CF,VNE,45.556444,4.883417,0,LSE,216.6,14.3,153.0,10.0,0,0,0,0,0,0,0,0
FM,VNE,45.556444,4.883417,0,LSE,0.0,0.0,153.0,0,0,0,0,0,0,0,0
CF,NEGPU,45.529556,5.112250,1,LSE,175.0,13.0,354.0,2.0,2,3000,0,1,220,0,1,0

FINAL,R35L,35L,R,3
IF,NEGPU,45.529556,5.112250, ,0.0,0.0,2,3000,0,1,220,0,0,0
TF,LL404,45.599278,5.103833,0, ,0.0,0.0,354.0,4.2,1,3000,0,0,0,0,2,0
TF,RW35L,45.710747,5.090300,0, ,0.0,0.0,354.0,6.7,1,863,0,0,0,0,3,1
CA,0,354.0,2,5000,0,0,0,0,0,0
VM,0,0,0,354.0,1,5000,0,0,0,0,0,0

APPTR,R35R,35R,ARB1N
IF,ARBON,45.283278,4.890167, ,0.0,0.0,2,7000,0,0,0,0,1,0
FM,ARBON,45.283278,4.890167,0,LSE,0.0,0.0,60.0,0,0,0,0,0,0,0,0
CF,INGUV,45.529667,5.116750,0,LSE,174.1,13.0,354.0,10.0,2,3000,0,1,220,0,0,0

APPTR,R35R,35R,GOM1N
IF,GOMET,45.360194,5.488000, ,0.0,0.0,2,10000,0,0,0,0,1,0
FM,GOMET,45.360194,5.488000,0,LSE,0.0,0.0,290.0,0,0,0,0,0,0,0,0
CF,INGUV,45.529667,5.116750,0,LSE,174.1,13.0,354.0,6.0,2,3000,0,1,220,0,0,0

APPTR,R35R,35R,RIP1N
IF,RIPTU,46.106944,5.329167, ,0.0,0.0,2,7000,0,0,0,0,1,0
FM,RIPTU,46.106944,5.329167,0,LSE,0.0,0.0,179.0,0,0,0,0,0,0,0,0
CF,INGUV,45.529667,5.116750,2,LSE,174.1,13.0,354.0,2.0,2,3000,0,1,220,0,0,0

APPTR,R35R,35R,TAL1N
IF,TALAR,45.956389,4.604361, ,0.0,0.0,4,10000,8000,0,0,0,1,0
CF,D333J,45.706592,4.778861,0,LSE,259.0,13.3,153.0,16.7,2,8000,0,0,0,0,0,0
CF,VNE,45.556444,4.883417,0,LSE,216.6,14.3,153.0,10.0,0,0,0,0,0,0,0,0
FM,VNE,45.556444,4.883417,0,LSE,0.0,0.0,153.0,0,0,0,0,0,0,0,0
CF,INGUV,45.529667,5.116750,1,LSE,174.1,13.0,354.0,2.0,2,3000,0,1,220,0,0,0

FINAL,R35R,35R,R,3
IF,INGUV,45.529667,5.116750, ,0.0,0.0,2,3000,0,1,220,0,0,0
TF,LL503,45.599889,5.108250,0, ,0.0,0.0,354.0,4.2,1,3000,0,0,0,0,2,0
TF,RW35R,45.711006,5.094781,0, ,0.0,0.0,354.0,6.7,1,870,0,0,0,0,3,1
CA,0,354.0,2,5000,0,0,0,0,0,0
VM,0,0,0,354.0,1,5000,0,0,0,0,0,0

