SID,AMIK2V,19,2
CF,VE,44.849000,4.955500,0,MTL,23.0,19.2,187.0,4.0,0,0,0,0,0,0,0,1
TF,D277O,44.882922,4.610778,0, ,0.0,0.0,0.0,0.0,0,0,0,0,0,0,0,0
TF,AMIKO,45.128056,4.483056,0, ,0.0,0.0,0.0,0.0,0,0,0,0,0,0,0,0

SID,AMIK2W,01,2
CA,0,7.0,2,1500,0,0,0,0,0,0
VI,0, ,0.0,279.0,0,0,0,0,0,0,0,0
CF,AMIKO,45.128056,4.483056,0,MTL,339.9,36.7,309.0,12.0,0,0,0,0,0,0,0,0

SID,MTL2V,19,2
CF,VE,44.849000,4.955500,0,MTL,23.0,19.2,187.0,4.0,0,0,0,0,0,0,0,0
TF,NOGAT,44.664528,4.836389,0, ,0.0,0.0,0.0,0.0,0,0,0,0,0,0,0,0
TF,MTL,44.554944,4.779861,0, ,0.0,0.0,0.0,0.0,0,0,0,0,0,0,0,0

SID,MTL2W,01,2
CA,0,7.0,2,1030,0,0,0,0,0,0
DF,VE,44.849000,4.955500,2, ,0.0,0.0,0,0,0,0,0,0,0,0
TF,NOGAT,44.664528,4.836389,0, ,0.0,0.0,0.0,0.0,0,0,0,0,0,0,0,0
TF,MTL,44.554944,4.779861,0, ,0.0,0.0,0.0,0.0,0,0,0,0,0,0,0,0

SID,ROMA2V,19,2
CA,0,187.0,2,1030,0,0,0,0,0,0
VI,1, ,0.0,359.0,0,0,0,0,0,0,0,0
CF,ROMAM,45.102647,5.163447,0,MTL,26.4,36.7,29.0,10.0,0,0,0,0,0,0,0,0

SID,ROMA2W,01,2
CA,0,7.0,2,1030,0,0,0,0,0,0
CI,0, ,0.0,63.0,0,0,0,0,0,0,0,0
CF,ROMAM,45.102647,5.163447,0,MTL,26.4,36.7,29.0,10.0,0,0,0,0,0,0,0,0

STAR,AGRE1V,ALL,2
IF,AGREV,45.064167,4.317500, ,0.0,0.0,0,0,0,1,250,0,0,0
TF,D294S,44.983489,4.558519,0, ,0.0,0.0,0.0,0.0,0,0,0,0,0,0,0,0
TF,VE,44.849000,4.955500,0, ,0.0,0.0,0.0,0.0,0,0,0,1,200,0,0,0

STAR,AMIK1V,ALL,2
IF,AMIKO,45.128056,4.483056, ,0.0,0.0,0,0,0,1,250,0,0,0
TF,D294S,44.983489,4.558519,0, ,0.0,0.0,0.0,0.0,0,0,0,0,0,0,0,0
TF,VE,44.849000,4.955500,0, ,0.0,0.0,0.0,0.0,0,0,0,1,200,0,0,0

STAR,MTL1V,ALL,2
IF,MTL,44.554944,4.779861, ,0.0,0.0,0,0,0,1,250,0,0,0
TF,NOGAT,44.664528,4.836389,0, ,0.0,0.0,0.0,0.0,0,0,0,0,0,0,0,0
TF,VE,44.849000,4.955500,0, ,0.0,0.0,0.0,0.0,0,0,0,1,200,0,0,0

STAR,ROMA1V,ALL,2
IF,ROMAM,45.102647,5.163447, ,0.0,0.0,0,0,0,1,250,0,0,0
TF,VE,44.849000,4.955500,0, ,0.0,0.0,0.0,0.0,0,0,0,1,200,0,0,0

APPTR,N01,01,VE
IF,VE,44.849000,4.955500, ,0.0,0.0,2,5000,0,0,0,0,1,0
HF,VE,44.849000,4.955500,2, ,0.0,0.0,187.0,04.3,2,4000,0,1,170,0,0,0,0
FC,VE,44.849000,4.955500,0,MTL,0.0,0.0,214.0,4.3,2,2800,0,0,0,0,0,1
CF,CN01,44.777797,4.941464,1,MTL,27.3,15.1,7.0,1.0,2,2800,0,0,0,0,0,0

FINAL,N01,01,N,3
IF,CN01,44.777797,4.941464,VE,0.0,0.0,2,2800,0,0,0,0,0,0
CF,VE,44.849000,4.955500,0,VE,0.0,0.0,7.0,4.3,2,1850,0,0,0,0,2,0
CF,MN01,44.906761,4.966922,0,VE,0.0,0.0,7.0,3.5,1,726,0,0,0,0,3,0
FA,MN01,44.906761,4.966922,0,MTL,0.0,0.0,7.0,2,1500,0,0,0,0,0,0
DF,VE,44.849000,4.955500,1, ,0.0,0.0,1,5000,0,1,170,0,0,0

APPTR,R01,01,LARSU
IF,LARSU,44.668444,4.921556, ,0.0,0.0,2,4300,0,1,220,0,1,0
TF,LU406,44.720833,4.931528,0, ,0.0,0.0,0.0,0.0,1,3000,0,1,200,0,1,0

APPTR,R01,01,VARUX
IF,VARUX,44.882611,4.853972, ,0.0,0.0,4,9000,4200,0,0,0,1,0
TF,LU405,44.731417,4.825028,0, ,0.0,0.0,0.0,0.0,0,0,0,0,0,0,0,0
TF,LU406,44.720833,4.931528,0, ,0.0,0.0,0.0,0.0,1,3000,0,1,200,0,1,0

FINAL,R01,01,R,3
IF,LU406,44.720833,4.931528, ,0.0,0.0,1,3000,0,1,200,0,0,0
TF,LU408,44.788528,4.944444,0, ,0.0,0.0,7.0,4.1,1,3000,0,0,0,0,2,0
TF,RW01,44.914497,4.968539,0, ,0.0,0.0,7.0,7.6,1,574,0,0,0,0,3,1
TF,LU410,45.019167,4.988639,0, ,0.0,0.0,0.0,0.0,0,0,0,1,200,0,0,1
DF,VARUX,44.882611,4.853972,1, ,0.0,0.0,1,4000,0,1,200,0,0,0

