SID,AMB1E,07,2
DF,DER07,47.991544,1.775689,0, ,0.0,0.0,0,0,0,0,0,0,0,1
CA,0,69.0,2,900,0,0,0,0,0,0
CI,1, ,0.0,190.0,0,0,0,0,0,0,0,0
CF,D220J,47.858033,1.595697,0,BCY,220.2,10.0,220.0,8.0,3,5500,0,0,0,0,0,0
TF,D220T,47.730536,1.436619,0, ,0.0,0.0,0.0,0.0,3,5500,0,0,0,0,0,0
TF,AMB,47.428917,1.064444,0, ,0.0,0.0,0.0,0.0,0,0,0,0,0,0,0,0

SID,AMB1W,25,2
DF,DER25,47.983911,1.745561,0, ,0.0,0.0,0,0,0,0,0,0,0,1
CA,0,249.0,2,910,0,0,0,0,0,0
CI,0, ,0.0,198.0,0,0,0,0,0,0,0,0
CF,D220J,47.858033,1.595697,0,BCY,220.2,10.0,220.0,6.0,3,5500,0,0,0,0,0,0
TF,D220T,47.730536,1.436619,0, ,0.0,0.0,0.0,0.0,3,5500,0,0,0,0,0,0
TF,AMB,47.428917,1.064444,0, ,0.0,0.0,0.0,0.0,0,0,0,0,0,0,0,0

SID,DOMO1E,07,2
DF,DER07,47.991544,1.775689,0, ,0.0,0.0,0,0,0,0,0,0,0,1
CA,0,69.0,2,900,0,0,0,0,0,0
CI,1, ,0.0,219.0,0,0,0,0,0,0,0,0
CF,DOMOD,47.862778,1.285833,0,BCY,249.0,20.3,249.0,15.0,0,0,0,0,0,0,0,0

SID,DOMO1W,25,2
DF,DER25,47.983911,1.745561,0, ,0.0,0.0,0,0,0,0,0,0,0,1
CA,0,249.0,2,910,0,0,0,0,0,0
CF,DOMOD,47.862778,1.285833,0,BCY,249.0,20.3,249.0,19.0,0,0,0,0,0,0,0,0

SID,MOTA1E,07,2
DF,DER07,47.991544,1.775689,0, ,0.0,0.0,0,0,0,0,0,0,0,1
CA,0,69.0,2,900,0,0,0,0,0,0
CF,BCY,47.985306,1.755556,1,BCY,0.0,0.0,176.0,3.0,0,0,0,0,0,0,0,0
FD,BCY,47.985306,1.755556,0,BCY,0.0,5.0,142.0,5.0,3,5500,0,0,0,0,0,0
CF,MOTAL,47.576667,2.220000,0,BCY,142.4,30.9,142.0,26.0,0,0,0,0,0,0,0,0

SID,MOTA1W,25,2
DF,DER25,47.983911,1.745561,0, ,0.0,0.0,0,0,0,0,0,0,0,1
CA,0,249.0,2,910,0,0,0,0,0,0
CF,D142K,47.840069,1.921706,1,BCY,142.4,11.0,107.0,10.0,3,5500,0,0,0,0,0,0
TF,MOTAL,47.576667,2.220000,0, ,0.0,0.0,0.0,0.0,0,0,0,0,0,0,0,0

STAR,AMB1B,ALL,2
IF,AMB,47.428917,1.064444, ,0.0,0.0,0,0,0,0,0,0,0,0
TF,BCY,47.985306,1.755556,0, ,0.0,0.0,0.0,0.0,0,0,0,0,0,0,0,0

STAR,MOTA1B,ALL,2
IF,MOTAL,47.576667,2.220000, ,0.0,0.0,0,0,0,0,0,0,0,0
TF,D143P,47.779264,1.990914,0, ,0.0,0.0,0.0,0.0,0,0,0,1,250,0,0,0
TF,BCY,47.985306,1.755556,0, ,0.0,0.0,0.0,0.0,0,0,0,0,0,0,0,0

STAR,MOTA1E,ALL,2
IF,MOTAL,47.576667,2.220000, ,0.0,0.0,0,0,0,0,0,0,0,0
TF,D143P,47.779264,1.990914,0, ,0.0,0.0,0.0,0.0,0,0,0,1,250,0,0,0
CI,0, ,0.0,323.0,0,0,0,0,0,0,0,0
AF,D075M,48.040922,2.067436,1,BCY,75.0,13.0,143.0,1,3100,0,1,185,0,0,1
CF,BCY,47.985306,1.755556,0,BCY,0.0,0.0,249.0,13.0,0,0,0,0,0,0,0,0

STAR,MOTA1W,ALL,2
IF,MOTAL,47.576667,2.220000, ,0.0,0.0,0,0,0,0,0,0,0,0
TF,D143P,47.779264,1.990914,0, ,0.0,0.0,0.0,0.0,0,0,0,1,250,0,0,0
CI,0, ,0.0,323.0,0,0,0,0,0,0,0,0
AF,D247M,47.900314,1.459144,2,BCY,247.0,13.0,143.0,1,3100,0,1,185,0,0,0
CF,BCY,47.985306,1.755556,0,BCY,0.0,0.0,73.0,13.0,0,0,0,0,0,0,0,0

STAR,PTV1B,ALL,2
IF,PTV,48.155583,2.264778, ,0.0,0.0,0,0,0,0,0,0,0,0
TF,BCY,47.985306,1.755556,0, ,0.0,0.0,0.0,0.0,0,0,0,0,0,0,0,0

APPTR,D07,07,BCY1
FD,BCY,47.985306,1.755556,0,BCY,0.0,8.1,236.0,8.1,2,2100,0,1,185,0,1,0
CF,CD07,47.945697,1.563517,2,BCY,253.0,8.1,73.0,1.0,2,2100,0,0,0,0,1,0

APPTR,D07,07,BCY2
FD,BCY,47.985306,1.755556,0,BCY,0.0,8.1,239.0,8.1,2,2100,0,1,170,0,1,0
CF,CD07,47.945697,1.563517,2,BCY,253.0,8.1,73.0,1.0,2,2100,0,0,0,0,1,0

FINAL,D07,07,D,3
IF,CD07,47.945697,1.563517,BCY,253.0,8.1,2,2100,0,0,0,0,0,0
CF,FD07,47.957956,1.622756,0,BCY,253.0,5.6,73.0,2.5,2,2100,0,0,0,0,2,0
CF,MD07,47.982381,1.741319,0,BCY,253.0,0.6,73.0,5.0,1,523,0,0,0,0,3,0
CF,BCY,47.985306,1.755556,0,BCY,0.0,0.0,73.0,0.6,2,820,0,0,0,0,0,0
FD,BCY,47.985306,1.755556,0,BCY,0.0,4.0,73.0,4.0,0,0,0,0,0,0,0,0
DF,BCY,47.985306,1.755556,1, ,0.0,0.0,1,2100,0,1,185,0,0,0

APPTR,D25,25,BCY1
HF,BCY,47.985306,1.755556,1, ,0.0,0.0,247.0,08.5,2,2100,0,1,185,0,1,0,0

APPTR,D25,25,BCY2
HF,BCY,47.985306,1.755556,1, ,0.0,0.0,247.0,08.5,2,2100,0,1,170,0,1,0,0

FINAL,D25,25,D,3
IF,CD25,48.038517,1.943019,BCY,67.0,8.2,2,2100,0,0,0,0,0,0
CF,FD25,48.024919,1.894975,0,BCY,67.0,6.1,247.0,2.1,2,2100,0,0,0,0,2,0
CF,RW25,47.991544,1.775689,0,BCY,65.2,0.9,247.0,5.2,1,453,0,0,0,0,3,0
CF,BCY,47.985306,1.755556,0,BCY,0.0,0.0,247.0,0.9,2,820,0,0,0,0,0,0
FD,BCY,47.985306,1.755556,0,BCY,0.0,3.0,247.0,3.0,0,0,0,0,0,0,0,0
DF,BCY,47.985306,1.755556,1, ,0.0,0.0,1,2100,0,1,185,0,0,0

APPTR,I25-Z,25,BCY1
IF,BCY,47.985306,1.755556, ,0.0,0.0,4,5000,3500,0,0,0,1,0
FD,BCY,47.985306,1.755556,0,BCY,0.0,11.0,88.0,11.0,0,0,0,0,0,0,0,0
CF,CF25Z,48.039000,1.964139,1,OAN,69.3,9.6,249.0,2.0,1,2100,0,0,0,0,1,0

APPTR,I25-Z,25,BCY2
IF,BCY,47.985306,1.755556, ,0.0,0.0,4,5000,3500,0,0,0,1,0
FD,BCY,47.985306,1.755556,0,BCY,0.0,9.5,82.0,9.5,0,0,0,0,0,0,0,0
CF,CF25Z,48.039000,1.964139,1,OAN,69.3,9.6,249.0,2.0,1,2100,0,0,0,0,1,0

FINAL,I25-Z,25,I,3
IF,CF25Z,48.039000,1.964139,OAN,69.3,9.6,1,2100,0,0,0,0,0,0
CF,FF25Z,48.021806,1.895556,0,OAN,69.3,6.6,249.0,3.0,1,2100,0,0,0,0,2,0
CF,RW25,47.991544,1.775689,0,OAN,69.3,1.4,249.0,5.2,1,457,0,0,0,0,3,0
TF,D249D,47.959806,1.650617,0, ,0.0,0.0,0.0,0.0,3,3500,0,0,0,0,0,1
DF,BCY,47.985306,1.755556,1, ,0.0,0.0,0,0,0,1,185,0,0,0

APPTR,R07,07,OJ420
IF,OJ420,48.001806,1.466194, ,0.0,0.0,1,3500,0,1,185,0,1,0
TF,OJ423,47.923972,1.510333,0, ,0.0,0.0,0.0,0.0,1,2100,0,1,185,0,1,0

APPTR,R07,07,OJ421
IF,OJ421,47.894278,1.394667, ,0.0,0.0,1,2100,0,1,210,0,1,0
TF,OJ423,47.923972,1.510333,0, ,0.0,0.0,0.0,0.0,1,2100,0,1,210,0,1,0

APPTR,R07,07,OJ422
IF,OJ422,47.846139,1.554444, ,0.0,0.0,1,2100,0,1,210,0,1,0
TF,OJ423,47.923972,1.510333,0, ,0.0,0.0,0.0,0.0,1,2100,0,1,210,0,1,0

FINAL,R07,07,R,3
IF,OJ423,47.923972,1.510333, ,0.0,0.0,1,2100,0,0,0,0,0,0
TF,OJ424,47.953556,1.626194,0, ,0.0,0.0,69.0,5.0,1,2100,0,0,0,0,2,0
TF,RW07,47.983911,1.745561,0, ,0.0,0.0,69.0,5.1,1,462,0,0,0,0,3,1
TF,OJ425,48.007417,1.838444,0, ,0.0,0.0,0.0,0.0,3,3000,0,1,185,0,0,1
CF,OJ420,48.001806,1.466194,1,BCY,275.0,11.7,250.0,15.0,1,3500,0,1,185,0,0,0

APPTR,R25,25,OJ400
IF,OJ400,47.799250,1.975556, ,0.0,0.0,2,4500,0,1,220,0,1,0
TF,OJ411,47.886722,2.016056,0, ,0.0,0.0,0.0,0.0,2,4000,0,1,220,0,0,0
TF,OJ401,47.973228,2.056147,0, ,0.0,0.0,0.0,0.0,1,3100,0,1,220,0,0,0
TF,OJ404,48.051139,2.012308,0, ,0.0,0.0,0.0,0.0,1,2100,0,1,220,0,1,0

APPTR,R25,25,OJ401
IF,OJ401,47.973228,2.056147, ,0.0,0.0,1,3100,0,1,220,0,1,0
TF,OJ404,48.051139,2.012308,0, ,0.0,0.0,0.0,0.0,1,2100,0,1,220,0,1,0

APPTR,R25,25,OJ402
IF,OJ402,48.080347,2.129192, ,0.0,0.0,1,2100,0,1,220,0,1,0
TF,OJ404,48.051139,2.012308,0, ,0.0,0.0,0.0,0.0,1,2100,0,1,220,0,1,0

APPTR,R25,25,OJ403
IF,OJ403,48.129033,1.968336, ,0.0,0.0,1,2100,0,1,220,0,1,0
TF,OJ404,48.051139,2.012308,0, ,0.0,0.0,0.0,0.0,1,2100,0,1,220,0,1,0

FINAL,R25,25,R,3
IF,OJ404,48.051139,2.012308, ,0.0,0.0,1,2100,0,1,185,0,0,0
TF,OJ405,48.021931,1.896022,0, ,0.0,0.0,249.0,5.0,1,2100,0,1,185,0,2,0
TF,RW25,47.991544,1.775689,0, ,0.0,0.0,249.0,5.1,1,449,0,0,0,0,3,1
TF,OJ406,47.962047,1.659697,0, ,0.0,0.0,0.0,0.0,1,3100,0,1,185,0,0,0
TF,OJ407,48.039944,1.615803,0, ,0.0,0.0,0.0,0.0,1,3100,0,1,185,0,0,0
TF,OJ408,48.075183,1.755297,0, ,0.0,0.0,0.0,0.0,1,3100,0,1,185,0,0,0
TF,OJ410,47.919358,1.842950,0, ,0.0,0.0,0.0,0.0,1,3100,0,1,185,0,0,0
TF,OJ401,47.973228,2.056147,0, ,0.0,0.0,0.0,0.0,1,3100,0,1,185,0,0,0

