SID,BANT3N,04,2
CF,ROU,49.465639,1.280639,0,CGN,299.6,54.9,40.0,6.0,0,0,0,0,0,0,0,0
TF,ERESI,49.653222,1.336806,0, ,0.0,0.0,0.0,0.0,0,0,0,0,0,0,0,0
TF,BANTI,49.924167,1.626111,0, ,0.0,0.0,0.0,0.0,3,7000,0,0,0,0,0,0

SID,BANT3S,22,2
CA,0,222.0,2,900,0,0,0,0,0,0
CF,ROU,49.465639,1.280639,1,CGN,300.6,54.9,16.0,8.0,0,0,0,0,0,0,0,0
TF,ERESI,49.653222,1.336806,0, ,0.0,0.0,0.0,0.0,0,0,0,0,0,0,0,0
TF,BANTI,49.924167,1.626111,0, ,0.0,0.0,0.0,0.0,3,7000,0,0,0,0,0,0

SID,CAN3N,04,2
CA,0,42.0,2,1000,0,0,0,0,0,0
CI,2, ,0.0,270.0,0,0,0,0,0,0,0,0
CF,ELBOX,49.286389,0.807778,0,CGN,284.1,68.6,240.0,7.0,0,0,0,0,0,0,0,0
TF,CAN,49.173194,-0.455278,0, ,0.0,0.0,0.0,0.0,0,0,0,0,0,0,0,0

SID,CAN3S,22,2
CA,0,222.0,2,1000,0,0,0,0,0,0
CI,0, ,0.0,270.0,0,0,0,0,0,0,0,0
CF,ELBOX,49.286389,0.807778,0,CGN,285.1,68.6,240.0,11.0,0,0,0,0,0,0,0,0
TF,CAN,49.173194,-0.455278,0, ,0.0,0.0,0.0,0.0,0,0,0,0,0,0,0,0

SID,ROU3S,22,2
CA,0,222.0,2,920,0,0,0,0,0,0
CF,D222E,49.326692,1.095456,0,CGN,290.0,58.3,222.0,4.0,0,0,0,0,0,0,0,1
CF,ROU,49.465639,1.280639,2,CGN,300.6,54.9,60.0,12.0,0,0,0,0,0,0,0,0

SID,VEUL3N,04,2
CF,ROU,49.465639,1.280639,0,CGN,299.6,54.9,40.0,6.0,0,0,0,0,0,0,0,1
CI,1, ,0.0,283.0,0,0,0,0,0,0,0,0
CF,OLMES,49.631389,1.002778,0,CGN,302.6,69.3,313.0,10.0,0,0,0,0,0,0,0,0
TF,VEULE,49.856667,0.620000,0, ,0.0,0.0,0.0,0.0,0,0,0,0,0,0,0,0

SID,VEUL3S,22,2
CA,0,222.0,2,900,0,0,0,0,0,0
CF,ROU,49.465639,1.280639,1,CGN,300.6,54.9,16.0,8.0,0,0,0,0,0,0,0,1
CI,1, ,0.0,283.0,0,0,0,0,0,0,0,0
CF,OLMES,49.631389,1.002778,0,CGN,303.6,69.3,313.0,12.0,0,0,0,0,0,0,0,0
TF,VEULE,49.856667,0.620000,0, ,0.0,0.0,0.0,0.0,0,0,0,0,0,0,0,0

STAR,BANT4A,ALL,2
IF,BANTI,49.924167,1.626111, ,0.0,0.0,0,0,0,0,0,0,0,0
TF,ERESI,49.653222,1.336806,0, ,0.0,0.0,0.0,0.0,0,0,0,0,0,0,0,0
TF,ROU,49.465639,1.280639,0, ,0.0,0.0,0.0,0.0,0,0,0,0,0,0,0,0

STAR,CAN4A,ALL,2
IF,CAN,49.173194,-0.455278, ,0.0,0.0,0,0,0,0,0,0,0,0
TF,ELBOX,49.286389,0.807778,0, ,0.0,0.0,0.0,0.0,0,0,0,0,0,0,0,0
TF,ROU,49.465639,1.280639,0, ,0.0,0.0,0.0,0.0,0,0,0,0,0,0,0,0

STAR,DPE4A,ALL,2
IF,DPE,49.925389,1.170639, ,0.0,0.0,0,0,0,0,0,0,0,0
TF,BETOV,49.670333,1.231917,0, ,0.0,0.0,0.0,0.0,0,0,0,0,0,0,0,0
TF,ROU,49.465639,1.280639,0, ,0.0,0.0,0.0,0.0,0,0,0,0,0,0,0,0

STAR,LHO4A,ALL,2
IF,LHO,49.597528,0.181056, ,0.0,0.0,0,0,0,0,0,0,0,0
TF,ROU,49.465639,1.280639,0, ,0.0,0.0,0.0,0.0,0,0,0,0,0,0,0,0

STAR,VEUL4A,ALL,2
IF,VEULE,49.856667,0.620000, ,0.0,0.0,0,0,0,0,0,0,0,0
TF,OLMES,49.631389,1.002778,0, ,0.0,0.0,0.0,0.0,0,0,0,0,0,0,0,0
TF,ROU,49.465639,1.280639,0, ,0.0,0.0,0.0,0.0,0,0,0,0,0,0,0,0

APPTR,I22,22,ROU
HF,ROU,49.465639,1.280639,2, ,0.0,0.0,225.0,05,2,2500,0,1,220,0,1,0,0

FINAL,I22,22,I,3
IF,ROUBO,49.488500,1.315889,RN,42.4,8.9,1,2500,0,0,0,0,0,0
CF,FI22,49.463386,1.282044,0,RN,42.4,6.9,222.0,2.0,1,2420,0,0,0,0,2,0
CF,RW22,49.390953,1.183936,0,RN,42.4,1.1,222.0,5.8,1,562,0,0,0,0,3,0
CA,0,222.0,2,1200,0,0,0,0,0,0
DF,D222H,49.291592,1.051983,0, ,0.0,0.0,0,0,0,0,0,0,0,1
DF,ROU,49.465639,1.280639,2, ,0.0,0.0,1,3500,0,1,190,0,0,0

APPTR,R04,04,ELSED
IF,ELSED,49.281333,0.968833, ,0.0,0.0,2,2500,0,1,190,0,1,0
TF,OP508,49.302750,1.065250,0, ,0.0,0.0,0.0,0.0,1,2500,0,0,0,0,0,0

APPTR,R04,04,LUXEL
IF,LUXEL,49.344389,0.935972, ,0.0,0.0,2,2500,0,1,190,0,1,0
TF,ELSED,49.281333,0.968833,0, ,0.0,0.0,0.0,0.0,2,2500,0,1,190,0,1,0
TF,OP508,49.302750,1.065250,0, ,0.0,0.0,0.0,0.0,1,2500,0,0,0,0,0,0

FINAL,R04,04,R,2
IF,OP508,49.302750,1.065250, ,0.0,0.0,1,2500,0,0,0,0,2,0
TF,RW04,49.379469,1.168450,0, ,0.0,0.0,42.0,6.1,1,548,0,0,0,0,3,1
TF,OP510,49.441889,1.252917,0, ,0.0,0.0,0.0,0.0,3,2500,0,1,220,0,0,0
TF,OP512,49.538139,1.085028,0, ,0.0,0.0,0.0,0.0,3,2500,0,1,220,0,0,0
TF,IRDIB,49.471194,1.033361,0, ,0.0,0.0,0.0,0.0,3,2500,0,1,220,0,0,0
TF,LUXEL,49.344389,0.935972,0, ,0.0,0.0,0.0,0.0,2,2500,0,1,220,0,0,0
HM,LUXEL,49.344389,0.935972,2, ,0.0,0.0,161.0,04.3,0,0,0,1,190,0,0,0,0

APPTR,R22,22,BOGVA
IF,BOGVA,49.474139,1.467056, ,0.0,0.0,2,2500,0,1,220,0,1,0
TF,IDLAB,49.529361,1.371361,0, ,0.0,0.0,0.0,0.0,2,2500,0,1,220,0,1,0
TF,OP408,49.466972,1.286722,0, ,0.0,0.0,0.0,0.0,1,2500,0,0,0,0,0,0

APPTR,R22,22,IDLAB
IF,IDLAB,49.529361,1.371361, ,0.0,0.0,2,2500,0,1,220,0,1,0
TF,OP408,49.466972,1.286722,0, ,0.0,0.0,0.0,0.0,1,2500,0,0,0,0,0,0

APPTR,R22,22,NAKIB
IF,NAKIB,49.606528,1.237056, ,0.0,0.0,2,2500,0,1,220,0,1,0
TF,IDLAB,49.529361,1.371361,0, ,0.0,0.0,0.0,0.0,2,2500,0,1,220,0,1,0
TF,OP408,49.466972,1.286722,0, ,0.0,0.0,0.0,0.0,1,2500,0,0,0,0,0,0

FINAL,R22,22,R,2
IF,OP408,49.466972,1.286722, ,0.0,0.0,1,2500,0,0,0,0,2,0
TF,RW22,49.390953,1.183936,0, ,0.0,0.0,222.0,6.1,1,562,0,0,0,0,3,1
TF,OP410,49.315917,1.082944,0, ,0.0,0.0,0.0,0.0,2,920,0,1,220,0,0,0
TF,OP412,49.392750,0.948750,0, ,0.0,0.0,0.0,0.0,0,0,0,1,220,0,0,0
TF,OP414,49.560417,1.130444,0, ,0.0,0.0,0.0,0.0,2,3500,0,1,220,0,0,0
TF,NAKIB,49.606528,1.237056,0, ,0.0,0.0,0.0,0.0,2,2500,0,1,220,0,0,0
TF,IDLAB,49.529361,1.371361,0, ,0.0,0.0,0.0,0.0,2,2500,0,1,220,0,0,0
HM,IDLAB,49.529361,1.371361,2, ,0.0,0.0,222.0,04.3,0,0,0,1,190,0,0,0,0

APPTR,V22,22,ROU
HF,ROU,49.465639,1.280639,2, ,0.0,0.0,220.0,04.3,2,2500,0,1,190,0,1,0,0

FINAL,V22,22,D,2
IF,ROU,49.465639,1.280639,ROU,0.0,0.0,2,2500,0,0,0,0,2,0
CF,RW22,49.390953,1.183936,0,ROU,221.2,5.9,220.0,5.9,1,562,0,0,0,0,3,0
CA,0,220.0,2,1200,0,0,0,0,0,0
DF,ROU,49.465639,1.280639,2, ,0.0,0.0,1,2500,0,1,190,0,0,0

