APPTR,I20,20,TUR
HF,TUR,47.565889,0.782611,2, ,0.0,0.0,195.0,04.3,2,1900,0,1,220,0,1,0,0

FINAL,I20,20,I,3
IF,TUR,47.565889,0.782611,TS,15.5,9.2,1,1900,0,0,0,0,0,0
CF,FI20,47.503778,0.756519,0,TS,15.3,5.3,195.0,3.9,1,1620,0,0,0,0,2,0
CF,RW20,47.442653,0.731800,0,TS,15.3,1.5,195.0,3.8,1,401,0,0,0,0,3,0
CA,0,195.0,2,750,0,0,0,0,0,0
DF,TUR,47.565889,0.782611,1, ,0.0,0.0,1,1900,0,1,185,0,0,0

APPTR,Q20,20,TUR
HF,TUR,47.565889,0.782611,2, ,0.0,0.0,195.0,04.3,2,1900,0,1,220,0,1,0,0

FINAL,Q20,20,N,5
IF,TUR,47.565889,0.782611,TUR,0.0,0.0,2,1900,0,0,0,0,0,0
CF,FQ20,47.517561,0.763131,0,TUR,0.0,0.0,195.0,3.0,2,1900,0,0,0,0,2,0
CF,44DME,47.493894,0.754147,0,TUR,0.0,0.0,195.0,1.5,2,1420,0,0,0,0,0,0
CF,33DME,47.476183,0.747161,0,TUR,0.0,0.0,195.0,1.1,2,1070,0,0,0,0,0,0
CF,MQ20,47.454803,0.738361,0,TUR,0.0,2.0,195.0,1.3,1,650,0,0,0,0,3,0
FA,MQ20,47.454803,0.738361,0,AMB,0.0,0.0,195.0,2,1000,0,0,0,0,0,0
DF,TUR,47.565889,0.782611,1, ,0.0,0.0,1,1900,0,1,185,0,0,0

APPTR,R02,02,OT405
IF,OT405,47.208333,0.637972, ,0.0,0.0,1,2400,0,1,250,0,1,0
TF,OT406,47.320861,0.682917,0, ,0.0,0.0,0.0,0.0,1,2400,0,0,0,0,0,0

APPTR,R02,02,TUR
IF,TUR,47.565889,0.782611, ,0.0,0.0,2,2600,0,1,250,0,1,0
TF,OT403,47.363194,0.548111,0, ,0.0,0.0,0.0,0.0,4,6000,2400,1,250,0,0,0
TF,OT404,47.234667,0.496417,0, ,0.0,0.0,0.0,0.0,1,2400,0,1,250,0,0,0
TF,OT405,47.208333,0.637972,0, ,0.0,0.0,0.0,0.0,1,2400,0,1,250,0,1,0
TF,OT406,47.320861,0.682917,0, ,0.0,0.0,0.0,0.0,1,2400,0,0,0,0,0,0

FINAL,R02,02,R,2
IF,OT406,47.320861,0.682917, ,0.0,0.0,1,2400,0,0,0,0,2,0
TF,RW02,47.421786,0.723408,0, ,0.0,0.0,15.0,6.3,1,400,0,0,0,0,3,1
TF,OT407,47.486083,0.749194,0, ,0.0,0.0,0.0,0.0,3,2400,0,1,220,0,0,1
DF,OT403,47.363194,0.548111,1, ,0.0,0.0,1,2400,0,1,220,0,0,0
TF,OT404,47.234667,0.496417,0, ,0.0,0.0,0.0,0.0,1,2400,0,1,250,0,0,0
TF,OT405,47.208333,0.637972,0, ,0.0,0.0,0.0,0.0,1,2400,0,1,250,0,0,0

APPTR,R20,20,OT425
IF,OT425,47.693833,0.837667, ,0.0,0.0,4,5000,2600,0,0,0,1,0
TF,TUR,47.565889,0.782611,0, ,0.0,0.0,0.0,0.0,1,2000,0,1,200,0,0,0
TF,OT426,47.523389,0.764333,0, ,0.0,0.0,0.0,0.0,1,2000,0,0,0,0,0,0

APPTR,R20,20,TUR
IF,TUR,47.565889,0.782611, ,0.0,0.0,1,2000,0,1,200,0,1,0
TF,OT426,47.523389,0.764333,0, ,0.0,0.0,0.0,0.0,1,2000,0,0,0,0,0,0

FINAL,R20,20,R,2
IF,OT426,47.523389,0.764333, ,0.0,0.0,1,2000,0,0,0,0,2,0
TF,RW20,47.442653,0.731800,0, ,0.0,0.0,195.0,5.0,1,400,0,0,0,0,3,1
DF,TUR,47.565889,0.782611,1, ,0.0,0.0,1,2000,0,1,200,0,0,0

APPTR,T20,20,AMB
IF,AMB,47.428917,1.064444, ,0.0,0.0,0,0,0,0,0,0,1,0
CF,D046J,47.541864,0.914122,0,TUR,46.0,10.4,318.0,9.1,0,0,0,0,0,0,0,0
CF,D028K,47.583861,0.857992,0,TUR,28.0,11.0,318.0,3.4,0,0,0,0,0,0,0,0
AF,D019K,47.595411,0.819078,1,TUR,19.0,11.0,28.0,0,0,0,0,0,0,0,0
CF,FT20,47.519261,0.753583,0,TUR,9.0,5.9,189.0,5.0,2,1900,0,0,0,0,0,0

APPTR,T20,20,D009K
IF,D009K,47.603111,0.773278, ,0.0,0.0,2,1900,0,0,0,0,1,0
CF,FT20,47.519261,0.753583,0,TUR,9.0,5.9,189.0,5.1,2,1900,0,0,0,0,0,0

FINAL,T20,20,D,4
IF,FT20,47.519261,0.753583,TUR,9.0,5.9,2,1900,0,0,0,0,2,0
CF,44TAC,47.494583,0.747806,0,TUR,9.0,4.4,189.0,1.5,2,1420,0,0,0,0,0,0
CF,33TAC,47.476486,0.743572,0,TUR,9.0,3.3,189.0,1.1,2,1070,0,0,0,0,0,0
CF,MT20,47.455097,0.738572,0,TUR,9.0,2.0,189.0,1.3,1,656,0,0,0,0,3,0
CF,TUR,47.422194,0.730889,0,TUR,0.0,0.0,189.0,2.0,2,760,0,0,0,0,0,1
CI,1, ,0.0,356.0,0,0,0,1,185,0,0,0
FD,TUR,47.422194,0.730889,0,TUR,0.0,10.0,32.0,10.0,1,1900,0,0,0,0,0,0
CF,FT20,47.519261,0.753583,1,TUR,9.0,5.9,189.0,5.0,1,1900,0,0,0,0,0,0

