FINAL,N22,22,N,3
IF,CN22,47.805389,-2.616736,VA,0.0,0.0,2,2100,0,0,0,0,0,0
CF,VA,47.769417,-2.661556,0,VA,0.0,0.0,221.0,2.8,2,1500,0,0,0,0,2,0
CF,MN22,47.733422,-2.706311,0,VA,0.0,0.0,221.0,2.8,1,605,0,0,0,0,3,0
CA,0,221.0,2,1500,0,0,0,0,0,0
DF,VA,47.769417,-2.661556,1, ,0.0,0.0,1,2100,0,1,180,0,0,0

APPTR,R04,04,RV402
IF,RV402,47.642556,-2.943000, ,0.0,0.0,2,3500,0,1,195,0,1,0
TF,RV406,47.600556,-2.866500,0, ,0.0,0.0,0.0,0.0,2,2100,0,1,200,0,1,0

APPTR,R04,04,RV404
IF,RV404,47.558500,-2.790139, ,0.0,0.0,2,2100,0,1,200,0,1,0
TF,RV406,47.600556,-2.866500,0, ,0.0,0.0,0.0,0.0,2,2100,0,1,200,0,1,0

APPTR,R04,04,VANEG
IF,VANEG,47.667611,-2.434722, ,0.0,0.0,2,2100,0,1,200,0,1,0
TF,RV404,47.558500,-2.790139,0, ,0.0,0.0,0.0,0.0,2,2100,0,1,200,0,0,0
TF,RV406,47.600556,-2.866500,0, ,0.0,0.0,0.0,0.0,2,2100,0,1,200,0,1,0

FINAL,R04,04,R,3
IF,RV406,47.600556,-2.866500, ,0.0,0.0,2,2100,0,1,200,0,1,0
TF,RV408,47.652222,-2.804306,0, ,0.0,0.0,41.0,4.0,1,2100,0,0,0,0,2,0
TF,RW04,47.717942,-2.724956,0, ,0.0,0.0,41.0,5.1,1,478,0,0,0,0,3,1
TF,RV410,47.793972,-2.632833,0, ,0.0,0.0,0.0,0.0,0,0,0,1,200,0,0,0
TF,VANEG,47.667611,-2.434722,0, ,0.0,0.0,0.0,0.0,2,2100,0,1,200,0,0,0
HM,VANEG,47.667611,-2.434722,1, ,0.0,0.0,311.0,04.3,3,6000,0,1,200,0,0,0,0

APPTR,R22,22,RV202
IF,RV202,47.792694,-2.474556, ,0.0,0.0,0,0,0,0,0,0,1,0
TF,RV206,47.845528,-2.570167,0, ,0.0,0.0,0.0,0.0,2,2100,0,1,200,0,1,0

APPTR,R22,22,RV204
IF,RV204,47.898278,-2.665944, ,0.0,0.0,2,2100,0,1,220,0,1,0
TF,RV206,47.845528,-2.570167,0, ,0.0,0.0,0.0,0.0,2,2100,0,1,200,0,1,0

APPTR,R22,22,VANEG
IF,VANEG,47.667611,-2.434722, ,0.0,0.0,2,2100,0,1,200,0,1,0
TF,RV202,47.792694,-2.474556,0, ,0.0,0.0,0.0,0.0,0,0,0,0,0,0,0,0
TF,RV206,47.845528,-2.570167,0, ,0.0,0.0,0.0,0.0,2,2100,0,1,200,0,1,0

FINAL,R22,22,R,3
IF,RV206,47.845528,-2.570167, ,0.0,0.0,2,2100,0,1,200,0,1,0
TF,RV208,47.793972,-2.632833,0, ,0.0,0.0,221.0,4.0,1,2100,0,0,0,0,2,0
TF,RW22,47.728583,-2.712083,0, ,0.0,0.0,221.0,5.1,1,487,0,0,0,0,3,1
TF,RV210,47.702778,-2.743306,0, ,0.0,0.0,0.0,0.0,0,0,0,1,200,0,0,1
DF,VANEG,47.667611,-2.434722,1, ,0.0,0.0,2,2100,0,1,200,0,0,0
HM,VANEG,47.667611,-2.434722,1, ,0.0,0.0,311.0,04.3,3,6000,0,1,200,0,0,0,0

