SID,LAVR1N,29,2
CA,0,295.0,2,1720,0,0,0,0,0,0
DF,BSC,44.995167,1.622056,2, ,0.0,0.0,0,0,0,0,0,0,0,0
TF,RATRA,44.780278,1.477500,0, ,0.0,0.0,0.0,0.0,0,0,0,0,0,0,0,0
TF,LAVRA,44.654167,1.530278,0, ,0.0,0.0,0.0,0.0,0,0,0,0,0,0,0,0

SID,LAVR1S,11,2
CA,0,115.0,2,2020,0,0,0,0,0,0
VI,0, ,0.0,161.0,0,0,0,0,0,0,0,0
IF,BSC,44.995167,1.622056, ,0.0,0.0,0,0,0,0,0,0,0,0
TF,RATRA,44.780278,1.477500,0, ,0.0,0.0,0.0,0.0,0,0,0,0,0,0,0,0
TF,LAVRA,44.654167,1.530278,0, ,0.0,0.0,0.0,0.0,0,0,0,0,0,0,0,0

SID,MAKO1N,29,2
CA,0,295.0,2,1720,0,0,0,0,0,0
CI,0, ,0.0,7.0,0,0,0,0,0,0,0,0
CF,MAKOX,45.332778,1.238056,0,LMG,163.8,30.4,322.0,14.0,0,0,0,0,0,0,0,0

SID,MAKO1S,11,2
CA,0,115.0,2,2020,0,0,0,0,0,0
CF,MAKOX,45.332778,1.238056,1,LMG,163.8,30.4,322.0,22.0,0,0,0,0,0,0,0,0

SID,PERI1N,29,2
CA,0,295.0,2,1720,0,0,0,0,0,0
DF,BSC,44.995167,1.622056,2, ,0.0,0.0,0,0,0,0,0,0,0,1
CI,2, ,0.0,330.0,0,0,0,0,0,0,0,0
CF,PERIG,45.117222,0.969444,0,LMG,184.3,42.0,285.0,24.0,0,0,0,0,0,0,0,0

SID,PERI1S,11,2
CF,BSC,44.995167,1.622056,0,LMG,153.7,55.3,115.0,6.0,0,0,0,0,0,0,0,1
CI,2, ,0.0,330.0,0,0,0,0,0,0,0,0
CF,PERIG,45.117222,0.969444,0,LMG,184.3,42.0,285.0,25.0,0,0,0,0,0,0,0,0

SID,XERA1N,29,2
CA,0,295.0,2,1720,0,0,0,0,0,0
DF,BSC,44.995167,1.622056,2, ,0.0,0.0,0,0,0,0,0,0,0,0
TF,XERAK,44.965278,2.000000,0, ,0.0,0.0,0.0,0.0,0,0,0,0,0,0,0,0

SID,XERA1S,11,2
CF,BSC,44.995167,1.622056,0,LMG,153.7,55.3,115.0,6.0,0,0,0,0,0,0,0,0
TF,XERAK,44.965278,2.000000,0, ,0.0,0.0,0.0,0.0,0,0,0,0,0,0,0,0

STAR,LAVR1A,29,2
IF,LAVRA,44.654167,1.530278, ,0.0,0.0,0,0,0,0,0,0,0,0
TF,RATRA,44.780278,1.477500,0, ,0.0,0.0,0.0,0.0,0,0,0,0,0,0,0,0
TF,BSC,44.995167,1.622056,0, ,0.0,0.0,0.0,0.0,0,0,0,0,0,0,0,0

STAR,MAKO1A,29,2
IF,MAKOX,45.332778,1.238056, ,0.0,0.0,0,0,0,0,0,0,0,0
TF,BIVSO,45.166111,1.309722,0, ,0.0,0.0,0.0,0.0,0,0,0,0,0,0,0,0
TF,BSC,44.995167,1.622056,0, ,0.0,0.0,0.0,0.0,0,0,0,0,0,0,0,0

STAR,XERA1A,29,2
IF,XERAK,44.965278,2.000000, ,0.0,0.0,0,0,0,0,0,0,0,0
TF,BSC,44.995167,1.622056,0, ,0.0,0.0,0.0,0.0,0,0,0,0,0,0,0,0

APPTR,I29,29,BSC
HF,BSC,44.995167,1.622056,1, ,0.0,0.0,295.0,04.3,2,3000,0,1,220,0,1,0,0

FINAL,I29,29,I,3
IF,BSC,44.995167,1.622056,BVC,114.6,7.2,2,3000,0,0,0,0,0,0
CF,FI29,45.016442,1.557217,0,BVC,114.6,4.1,295.0,3.0,1,1980,0,0,0,0,2,0
CF,RW29,45.036147,1.496497,0,BVC,114.6,1.3,295.0,2.8,1,1026,0,0,0,0,3,0
CA,0,295.0,2,2000,0,0,0,0,0,0
DF,BSC,44.995167,1.622056,2, ,0.0,0.0,1,3000,0,0,0,0,0,0

APPTR,Q29,29,BSC
HF,BSC,44.995167,1.622056,1, ,0.0,0.0,295.0,04.3,2,3000,0,1,220,0,1,0,0

FINAL,Q29,29,N,3
IF,BSC,44.995167,1.622056,BSC,0.0,0.0,2,3000,0,0,0,0,2,0
CF,19DME,45.024289,1.533883,0,BSC,0.0,0.0,295.0,4.1,2,1610,0,0,0,0,0,0
CF,MQ29,45.033417,1.504611,0,BVC,0.0,0.6,295.0,1.4,1,1154,0,0,0,0,3,0
CA,0,295.0,2,2000,0,0,0,0,0,0
DF,BSC,44.995167,1.622056,2, ,0.0,0.0,1,3000,0,0,0,0,0,0

APPTR,R11,11,BSC
IF,BSC,44.995167,1.622056, ,0.0,0.0,0,0,0,1,220,0,1,0
TF,SL504,45.131056,1.429861,0, ,0.0,0.0,0.0,0.0,0,0,0,0,0,0,0,0
TF,SL505,45.171528,1.304111,0, ,0.0,0.0,0.0,0.0,1,3000,0,0,0,0,0,0
TF,SL506,45.110861,1.265056,0, ,0.0,0.0,0.0,0.0,1,3000,0,1,190,0,1,0

APPTR,R11,11,MAKOX
IF,MAKOX,45.332778,1.238056, ,0.0,0.0,2,7000,0,1,220,0,1,0
TF,SL506,45.110861,1.265056,0, ,0.0,0.0,0.0,0.0,1,3000,0,1,190,0,1,0

FINAL,R11,11,R,3
IF,SL506,45.110861,1.265056, ,0.0,0.0,1,3000,0,0,0,0,0,0
TF,SL508,45.086000,1.342306,0, ,0.0,0.0,115.0,3.6,1,3000,0,0,0,0,2,0
TF,RW11,45.044003,1.472258,0, ,0.0,0.0,115.0,6.1,1,1066,0,0,0,0,3,1
TF,BSC,44.995167,1.622056,0, ,0.0,0.0,0.0,0.0,2,1420,0,0,0,0,0,1
DF,SL504,45.131056,1.429861,1, ,0.0,0.0,1,3000,0,1,220,0,0,0

APPTR,R29,29,ARMAX
IF,ARMAX,45.028583,1.745028, ,0.0,0.0,2,3200,0,1,210,0,1,0
TF,SL406,44.967944,1.705917,0, ,0.0,0.0,0.0,0.0,1,3000,0,1,175,0,1,0

APPTR,R29,29,OSDAG
IF,OSDAG,44.940056,1.791167, ,0.0,0.0,2,3200,0,0,0,0,1,0
TF,SL406,44.967944,1.705917,0, ,0.0,0.0,0.0,0.0,1,3000,0,1,175,0,1,0

APPTR,R29,29,UVRAK
IF,UVRAK,44.907333,1.666917, ,0.0,0.0,1,3000,0,1,210,0,1,0
TF,SL406,44.967944,1.705917,0, ,0.0,0.0,0.0,0.0,1,3000,0,1,175,0,1,0

FINAL,R29,29,R,3
IF,SL406,44.967944,1.705917, ,0.0,0.0,1,3000,0,0,0,0,0,0
TF,SL408,44.995167,1.622583,0, ,0.0,0.0,295.0,3.9,1,3000,0,0,0,0,2,0
TF,RW29,45.036147,1.496497,0, ,0.0,0.0,295.0,5.9,1,1026,0,0,0,0,3,1
TF,SL409,45.073111,1.382222,0, ,0.0,0.0,0.0,0.0,2,1420,0,0,0,0,0,1
DF,SL410,45.083861,1.573972,2, ,0.0,0.0,0,0,0,1,210,0,0,0
TF,ARMAX,45.028583,1.745028,0, ,0.0,0.0,0.0,0.0,1,3200,0,0,0,0,0,0

