APPTR,N08-A,08,HR
IF,HR,47.561667,6.732250, ,0.0,0.0,1,5500,0,0,0,0,1,0
CF,MB,47.504167,6.923889,0,BLM,249.9,24.6,106.0,9.0,1,3800,0,0,0,0,0,0
FC,MB,47.504167,6.923889,0,BLM,0.0,0.0,101.0,3.8,1,2800,0,1,150,0,0,1
CF,MB,47.504167,6.923889,1,BLM,249.9,24.6,257.0,4.0,1,2800,0,0,0,0,0,0

FINAL,N08-A,08,N,2
IF,MB,47.504167,6.923889,MB,0.0,0.0,1,2800,0,0,0,0,2,0
CF,MU257,47.490131,6.817739,0,MB,0.0,0.0,257.0,4.4,1,1980,0,0,0,0,3,0
CA,0,257.0,2,2500,0,0,0,0,0,0
DF,HR,47.561667,6.732250,2, ,0.0,0.0,1,5500,0,1,150,0,0,0

APPTR,N26-A,26,HR
IF,HR,47.561667,6.732250, ,0.0,0.0,1,5500,0,0,0,0,1,0
CF,MB,47.504167,6.923889,0,BLM,249.9,24.6,106.0,9.0,1,3800,0,0,0,0,0,0
FC,MB,47.504167,6.923889,0,BLM,0.0,0.0,101.0,3.8,1,2800,0,1,150,0,0,1
CF,MB,47.504167,6.923889,1,BLM,249.9,24.6,257.0,4.0,1,2800,0,0,0,0,0,0

FINAL,N26-A,26,N,2
IF,MB,47.504167,6.923889,MB,0.0,0.0,1,2800,0,0,0,0,2,0
CF,MU257,47.490131,6.817739,0,MB,0.0,0.0,257.0,4.4,1,1980,0,0,0,0,3,0
CA,0,257.0,2,2500,0,0,0,0,0,0
DF,HR,47.561667,6.732250,2, ,0.0,0.0,1,5500,0,1,150,0,0,0

APPTR,R26,26,HR
IF,HR,47.561667,6.732250, ,0.0,0.0,2,5500,0,0,0,0,1,0
TF,SM404,47.597806,7.023111,0, ,0.0,0.0,0.0,0.0,2,3300,0,0,0,0,0,0
TF,ISM26,47.518167,7.044556,0, ,0.0,0.0,0.0,0.0,2,2900,0,0,0,0,1,0

FINAL,R26,26,R,3
IF,ISM26,47.518167,7.044556, ,0.0,0.0,2,2900,0,0,0,0,0,0
TF,FSM26,47.504083,6.930889,0, ,0.0,0.0,258.0,4.7,2,2900,0,0,0,0,2,0
TF,RW26,47.487383,6.797211,0, ,0.0,0.0,258.0,5.5,1,1087,0,0,0,0,3,1
TF,SM410,47.465917,6.630167,0, ,0.0,0.0,0.0,0.0,0,0,0,0,0,0,0,1
DF,HR,47.561667,6.732250,2, ,0.0,0.0,1,5500,0,0,0,0,0,0
HM,HR,47.561667,6.732250,2, ,0.0,0.0,188.0,04.3,0,0,0,1,150,0,0,0,0

