SID,GIVI1W,16L,2
CA,0,154.0,2,530,0,0,0,0,0,0
FD,SNI,36.394881,25.482600,0,SNI,0.0,7.0,146.0,7.0,0,0,0,0,0,0,0,0
CI,0, ,0.0,233.0,0,0,0,1,210,0,0,0
CF,GIVIS,36.123056,25.405000,0,SNI,188.0,16.7,188.0,5.0,0,0,0,0,0,0,0,0

SID,GIVI1X,34R,2
CA,0,334.0,2,530,0,0,0,0,0,0
FD,SNI,36.394881,25.482600,0,SNI,0.0,7.0,340.0,7.0,0,0,0,0,0,0,0,0
CI,0, ,0.0,340.0,0,0,0,1,210,0,0,0
AF,D197J,36.240106,25.405417,1,SNI,197.0,10.0,340.0,0,0,0,0,0,0,0,0
CF,GIVIS,36.123056,25.405000,0,SNI,188.0,16.7,188.0,6.0,0,0,0,1,230,0,0,0

SID,IRBE1E,16L,2
CA,0,154.0,2,530,0,0,0,0,0,0
FD,SNI,36.394881,25.482600,0,SNI,0.0,7.0,146.0,7.0,0,0,0,0,0,0,0,0
CI,0, ,0.0,146.0,0,0,0,1,210,0,0,0
AF,D358J,36.561547,25.493425,1,SNI,358.0,10.0,146.0,0,0,0,0,0,0,0,0
CF,IRBEG,36.810278,25.428056,0,SNI,349.0,25.0,349.0,14.0,0,0,0,1,230,0,0,0

SID,IRBE1W,16L,2
CA,0,154.0,2,530,0,0,0,0,0,0
FD,SNI,36.394881,25.482600,0,SNI,0.0,7.0,146.0,7.0,0,0,0,0,0,0,0,0
CI,0, ,0.0,146.0,0,0,0,1,210,0,0,0
AF,D340J,36.556078,25.429058,2,SNI,340.0,10.0,146.0,0,0,0,0,0,0,0,0
CF,IRBEG,36.810278,25.428056,0,SNI,349.0,25.0,349.0,14.0,0,0,0,1,230,0,0,0

SID,IRBE1X,34R,2
CA,0,334.0,2,530,0,0,0,0,0,0
CF,IRBEG,36.810278,25.428056,0,SNI,349.0,25.0,349.0,24.0,0,0,0,0,0,0,0,0

SID,KUPI1E,16L,2
CA,0,154.0,2,530,0,0,0,0,0,0
FD,SNI,36.394881,25.482600,0,SNI,0.0,7.0,146.0,7.0,0,0,0,0,0,0,0,0
CI,0, ,0.0,65.0,0,0,0,1,210,0,0,0
CF,D110S,36.261458,25.838125,0,SNI,109.8,19.0,110.0,7.0,0,0,0,0,0,0,0,0
TF,KUPIS,36.238611,25.898611,0, ,0.0,0.0,0.0,0.0,0,0,0,0,0,0,0,0

SID,KUPI1X,34R,2
CA,0,334.0,2,530,0,0,0,0,0,0
FD,SNI,36.394881,25.482600,0,SNI,0.0,7.0,340.0,7.0,0,0,0,0,0,0,0,0
CI,0, ,0.0,340.0,0,0,0,1,210,0,0,0
AF,D101J,36.348711,25.680925,2,SNI,101.0,10.0,340.0,0,0,0,0,0,0,0,0
CF,D110S,36.261458,25.838125,0,SNI,109.8,19.0,110.0,8.0,0,0,0,1,230,0,0,0
TF,KUPIS,36.238611,25.898611,0, ,0.0,0.0,0.0,0.0,0,0,0,0,0,0,0,0

SID,MADE1E,16L,2
CA,0,154.0,2,530,0,0,0,0,0,0
FD,SNI,36.394881,25.482600,0,SNI,0.0,7.0,146.0,7.0,0,0,0,0,0,0,0,0
CI,0, ,0.0,146.0,0,0,0,1,210,0,0,0
AF,D349J,36.560861,25.460975,1,SNI,349.0,10.0,146.0,0,0,0,0,0,0,0,0
CF,MADEX,36.653056,25.398333,0,SNI,340.3,16.0,340.0,5.0,0,0,0,1,230,0,0,0

SID,MADE1W,16L,2
CA,0,154.0,2,530,0,0,0,0,0,0
FD,SNI,36.394881,25.482600,0,SNI,0.0,7.0,146.0,7.0,0,0,0,0,0,0,0,0
CI,0, ,0.0,146.0,0,0,0,1,210,0,0,0
AF,D331J,36.547317,25.398467,2,SNI,331.0,10.0,146.0,0,0,0,0,0,0,0,0
CF,MADEX,36.653056,25.398333,0,SNI,340.3,16.0,340.0,5.0,0,0,0,1,230,0,0,0

SID,MADE1X,34R,2
CA,0,334.0,2,530,0,0,0,0,0,0
CF,MADEX,36.653056,25.398333,0,SNI,340.3,16.0,340.0,15.0,0,0,0,0,0,0,0,0

SID,NETI1E,16L,2
CA,0,154.0,2,530,0,0,0,0,0,0
FD,SNI,36.394881,25.482600,0,SNI,0.0,7.0,146.0,7.0,0,0,0,0,0,0,0,0
CI,0, ,0.0,146.0,0,0,0,1,210,0,0,0
AF,D312J,36.516858,25.341586,1,SNI,312.0,10.0,146.0,0,0,0,0,0,0,0,0
CF,SNI29,36.681667,24.999450,0,SNI,301.5,29.0,302.0,18.0,0,0,0,1,230,0,0,0
TF,NETIS,36.702778,24.963611,0, ,0.0,0.0,0.0,0.0,0,0,0,0,0,0,0,0

SID,NETI1W,16L,2
CA,0,154.0,2,530,0,0,0,0,0,0
FD,SNI,36.394881,25.482600,0,SNI,0.0,7.0,146.0,7.0,0,0,0,0,0,0,0,0
CI,0, ,0.0,146.0,0,0,0,1,210,0,0,0
AF,D294J,36.475656,25.301856,2,SNI,294.0,10.0,146.0,0,0,0,0,0,0,0,0
CF,SNI29,36.681667,24.999450,0,SNI,301.5,29.0,302.0,18.0,0,0,0,1,230,0,0,0
TF,NETIS,36.702778,24.963611,0, ,0.0,0.0,0.0,0.0,0,0,0,0,0,0,0,0

SID,NETI1X,34R,2
CA,0,334.0,2,530,0,0,0,0,0,0
FD,SNI,36.394881,25.482600,0,SNI,0.0,7.0,340.0,7.0,0,0,0,0,0,0,0,0
CI,0, ,0.0,257.0,0,0,0,1,210,0,0,0
CF,SNI29,36.681667,24.999450,0,SNI,301.5,29.0,302.0,17.0,0,0,0,0,0,0,0,0
TF,NETIS,36.702778,24.963611,0, ,0.0,0.0,0.0,0.0,0,0,0,0,0,0,0,0

SID,SNI1E,16L,2
CA,0,154.0,2,530,0,0,0,0,0,0
FD,SNI,36.394881,25.482600,0,SNI,0.0,7.0,146.0,7.0,0,0,0,0,0,0,0,0
DF,SNI,36.394881,25.482600,1, ,0.0,0.0,0,0,0,1,210,0,0,0

SID,SNI1X,34R,2
CA,0,334.0,2,530,0,0,0,0,0,0
FD,SNI,36.394881,25.482600,0,SNI,0.0,7.0,340.0,7.0,0,0,0,0,0,0,0,0
DF,SNI,36.394881,25.482600,2, ,0.0,0.0,0,0,0,1,210,0,0,0

SID,UVRI1E,16L,2
CA,0,154.0,2,530,0,0,0,0,0,0
FD,SNI,36.394881,25.482600,0,SNI,0.0,7.0,146.0,7.0,0,0,0,0,0,0,0,0
CI,0, ,0.0,146.0,0,0,0,1,210,0,0,0
AF,D056J,36.475656,25.663342,1,SNI,56.0,10.0,146.0,0,0,0,0,0,0,0,0
CF,UVRIT,36.608611,25.829167,0,SNI,47.5,21.1,48.0,10.0,0,0,0,1,230,0,0,0
TF,ASTIS,36.565278,26.232778,0, ,0.0,0.0,0.0,0.0,0,0,0,0,0,0,0,0

SID,UVRI1X,34R,2
CA,0,334.0,2,530,0,0,0,0,0,0
FD,SNI,36.394881,25.482600,0,SNI,0.0,7.0,340.0,7.0,0,0,0,0,0,0,0,0
CI,0, ,0.0,340.0,0,0,0,1,210,0,0,0
AF,D038J,36.516858,25.623611,2,SNI,38.0,10.0,340.0,0,0,0,0,0,0,0,0
CF,UVRIT,36.608611,25.829167,0,SNI,47.5,21.1,48.0,10.0,0,0,0,1,230,0,0,0
TF,ASTIS,36.565278,26.232778,0, ,0.0,0.0,0.0,0.0,0,0,0,0,0,0,0,0

STAR,BINK1A,34R,2
IF,TIPAS,35.907778,26.763333, ,0.0,0.0,0,0,0,0,0,0,0,0
TF,BINKI,36.373333,25.917222,0, ,0.0,0.0,0.0,0.0,0,0,0,0,0,0,0,0
TF,SNI,36.394881,25.482600,0, ,0.0,0.0,0.0,0.0,0,0,0,0,0,0,0,0

STAR,BINK1C,16L,2
IF,TIPAS,35.907778,26.763333, ,0.0,0.0,0,0,0,0,0,0,0,0
TF,BINKI,36.373333,25.917222,0, ,0.0,0.0,0.0,0.0,0,0,0,0,0,0,0,0
TF,D088P,36.378681,25.812261,0, ,0.0,0.0,0.0,0.0,0,0,0,0,0,0,0,1
CI,0, ,0.0,268.0,0,0,0,0,0,0,0,0
AF,D343N,36.623411,25.422333,1,SNI,343.0,14.0,88.0,0,0,0,0,0,0,0,0
CF,KORAX,36.536311,25.418800,0,SNI,335.0,9.0,155.0,3.0,0,0,0,0,0,0,0,0

STAR,GIVI1A,34R,2
IF,GIVIS,36.123056,25.405000, ,0.0,0.0,0,0,0,0,0,0,0,0
TF,SNI,36.394881,25.482600,0, ,0.0,0.0,0.0,0.0,0,0,0,0,0,0,0,0

STAR,GIVI1C,16L,2
FD,GIVIS,36.123056,25.405000,0,SNI,188.0,16.0,8.0,16.0,0,0,0,0,0,0,0,0
CI,0, ,0.0,8.0,0,0,0,0,0,0,0,0
AF,D169N,36.162492,25.512719,1,SNI,169.0,14.0,188.0,0,0,0,0,0,0,0,0
AF,D343N,36.623411,25.422333,1,SNI,343.0,14.0,169.0,0,0,0,0,0,0,0,0
CF,KORAX,36.536311,25.418800,0,SNI,335.0,9.0,155.0,3.0,0,0,0,0,0,0,0,0

STAR,IRBE1A,34R,2
IF,IRBEG,36.810278,25.428056, ,0.0,0.0,0,0,0,0,0,0,0,0
TF,SNI,36.394881,25.482600,0, ,0.0,0.0,0.0,0.0,0,0,0,0,0,0,0,0

STAR,IRBE1C,16L,2
IF,IRBEG,36.810278,25.428056, ,0.0,0.0,0,0,0,0,0,0,0,0
CI,0, ,0.0,191.0,0,0,0,0,0,0,0,0
CF,KORAX,36.536311,25.418800,0,SNI,335.0,9.0,155.0,8.0,0,0,0,0,0,0,0,0

STAR,PEXA1A,34R,2
IF,PEXAN,36.680278,25.179722, ,0.0,0.0,0,0,0,0,0,0,0,0
TF,SNI,36.394881,25.482600,0, ,0.0,0.0,0.0,0.0,0,0,0,0,0,0,0,0

STAR,PEXA1C,16L,2
IF,PEXAN,36.680278,25.179722, ,0.0,0.0,0,0,0,0,0,0,0,0
TF,MIL40,36.664394,25.331639,0, ,0.0,0.0,0.0,0.0,0,0,0,0,0,0,0,1
CF,KORAX,36.536311,25.418800,0,SNI,335.0,9.0,155.0,8.0,0,0,0,0,0,0,0,0

STAR,UVRI1A,34R,2
IF,ASTIS,36.565278,26.232778, ,0.0,0.0,0,0,0,0,0,0,0,0
TF,UVRIT,36.608611,25.829167,0, ,0.0,0.0,0.0,0.0,0,0,0,0,0,0,0,0
TF,SNI,36.394881,25.482600,0, ,0.0,0.0,0.0,0.0,0,0,0,0,0,0,0,0

STAR,UVRI1C,16L,2
IF,ASTIS,36.565278,26.232778, ,0.0,0.0,0,0,0,0,0,0,0,0
TF,UVRIT,36.608611,25.829167,0, ,0.0,0.0,0.0,0.0,0,0,0,0,0,0,0,0
TF,D048P,36.557072,25.745269,0, ,0.0,0.0,0.0,0.0,0,0,0,0,0,0,0,1
CI,0, ,0.0,228.0,0,0,0,0,0,0,0,0
AF,D343N,36.623411,25.422333,1,SNI,343.0,14.0,48.0,0,0,0,0,0,0,0,0
CF,KORAX,36.536311,25.418800,0,SNI,335.0,9.0,155.0,3.0,0,0,0,0,0,0,0,0

APPTR,D16LY,16L,KORAX
HF,KORAX,36.536311,25.418800,1, ,0.0,0.0,155.0,04.3,2,3500,0,0,0,0,0,0,0

FINAL,D16LY,16L,D,3
IF,CD16L,36.614856,25.383261,SNI,335.0,14.0,2,3500,0,0,0,0,0,0
CF,KORAX,36.536311,25.418800,0,SNI,335.0,9.0,155.0,5.0,2,3000,0,0,0,0,2,0
CF,MA16L,36.426267,25.468297,0,SNI,334.8,2.0,155.0,7.0,1,569,0,0,0,0,3,0
CI,1, ,0.0,315.0,0,0,0,1,185,0,0,0
FD,SNI,36.394881,25.482600,0,SNI,0.0,14.0,360.0,14.0,0,0,0,0,0,0,0,0
CI,1, ,0.0,200.0,0,0,0,1,230,0,0,0
CF,KORAX,36.536311,25.418800,0,SNI,335.0,9.0,155.0,4.0,1,3500,0,0,0,0,0,0
HM,KORAX,36.536311,25.418800,1, ,0.0,0.0,155.0,04.3,2,3500,0,0,0,0,0,0,0

APPTR,D16LZ,16L,BINKI
IF,BINKI,36.373333,25.917222, ,0.0,0.0,0,0,0,0,0,0,1,0
CF,D088P,36.378681,25.812261,0,SNI,88.4,16.0,268.0,5.1,2,3500,0,0,0,0,0,0
CI,0, ,0.0,268.0,0,0,0,0,0,0,0,0
AF,CD16L,36.614856,25.383261,1,SNI,335.0,14.0,88.0,2,3500,0,0,0,0,1,0

APPTR,D16LZ,16L,GIVIS
IF,GIVIS,36.123056,25.405000,SNI,188.0,16.7,0,0,0,0,0,0,1,0
CF,SNI,36.394881,25.482600,0,SNI,0.0,0.0,8.0,16.7,2,7000,0,0,0,0,0,0
FD,SNI,36.394881,25.482600,0,SNI,0.0,12.0,8.0,12.0,2,3500,0,0,0,0,0,0
CI,0, ,0.0,8.0,0,0,0,0,0,0,0,0
AF,CD16L,36.614856,25.383261,1,SNI,335.0,14.0,8.0,2,3500,0,0,0,0,1,0

APPTR,D16LZ,16L,IRBEG
IF,IRBEG,36.810278,25.428056, ,0.0,0.0,0,0,0,0,0,0,1,0
CI,0, ,0.0,191.0,2,3500,0,0,0,0,0,0
CF,CD16L,36.614856,25.383261,0,SNI,335.0,14.0,155.0,3.0,2,3500,0,0,0,0,1,0

APPTR,D16LZ,16L,MIL
IF,MIL,36.747508,24.519456, ,0.0,0.0,0,0,0,0,0,0,0,0
CF,NETIS,36.702778,24.963611,0,MIL,93.0,21.6,93.0,21.6,0,0,0,0,0,0,0,0
CF,PEXAN,36.680278,25.179722,0,MIL,93.0,32.1,93.0,10.5,0,0,0,0,0,0,1,0
CF,MIL40,36.664394,25.331639,0,SNI,330.7,17.7,93.0,7.4,2,3500,0,0,0,0,0,0
CF,CD16L,36.614856,25.383261,0,SNI,335.0,14.0,155.0,3.5,2,3500,0,0,0,0,1,0

APPTR,D16LZ,16L,UVRIT
IF,UVRIT,36.608611,25.829167, ,0.0,0.0,0,0,0,0,0,0,1,0
CF,D048P,36.557072,25.745269,0,SNI,47.5,16.0,228.0,5.1,2,3500,0,0,0,0,0,0
CI,0, ,0.0,228.0,0,0,0,0,0,0,0,0
AF,CD16L,36.614856,25.383261,1,SNI,335.0,14.0,48.0,2,3500,0,0,0,0,1,0

FINAL,D16LZ,16L,D,3
IF,CD16L,36.614856,25.383261,SNI,335.0,14.0,2,3500,0,0,0,0,0,0
CF,KORAX,36.536311,25.418800,0,SNI,335.0,9.0,155.0,5.0,2,3000,0,0,0,0,2,0
CF,MA16L,36.426267,25.468297,0,SNI,334.8,2.0,155.0,7.0,1,569,0,0,0,0,3,0
CI,1, ,0.0,315.0,0,0,0,0,0,0,0,0
FD,SNI,36.394881,25.482600,0,SNI,0.0,14.0,360.0,14.0,0,0,0,0,0,0,0,0
CI,1, ,0.0,200.0,0,0,0,0,0,0,0,0
CF,KORAX,36.536311,25.418800,0,SNI,335.0,9.0,155.0,4.0,1,3500,0,0,0,0,0,0
HM,KORAX,36.536311,25.418800,1, ,0.0,0.0,155.0,04.3,2,3500,0,0,0,0,0,0,0

APPTR,V16L-A,16L,SNI1
IF,SNI,36.394881,25.482600, ,0.0,0.0,2,3500,0,0,0,0,1,0
FD,SNI,36.394881,25.482600,0,SNI,0.0,8.0,117.0,8.0,2,3000,0,0,0,0,0,0
CF,CD324,36.280272,25.567906,2,SNI,143.9,8.0,324.0,1.0,2,3000,0,0,0,0,1,0

APPTR,V16L-A,16L,SNI2
IF,SNI,36.394881,25.482600, ,0.0,0.0,2,3500,0,0,0,0,1,0
FD,SNI,36.394881,25.482600,0,SNI,0.0,8.0,132.0,8.0,2,3000,0,0,0,0,0,0
CF,CD324,36.280272,25.567906,2,SNI,143.9,8.0,324.0,1.0,2,3000,0,0,0,0,1,0

FINAL,V16L-A,16L,D,3
IF,CD324,36.280272,25.567906,SNI,143.9,8.0,2,3000,0,0,0,0,0,0
CF,FD324,36.351967,25.514486,0,SNI,144.0,3.0,324.0,5.0,2,1700,0,0,0,0,2,0
CF,SNI,36.394881,25.482600,0,SNI,0.0,0.0,324.0,3.0,1,1700,0,0,0,0,3,0
FA,SNI,36.394881,25.482600,0,SNI,0.0,0.0,324.0,2,2500,0,0,0,0,0,0
DF,SNI,36.394881,25.482600,2, ,0.0,0.0,1,3500,0,0,0,0,0,0
HM,SNI,36.394881,25.482600,1, ,0.0,0.0,117.0,04.3,2,3500,0,0,0,0,0,0,0

APPTR,V16L-B,16L,BINKI
FD,BINKI,36.373333,25.917222,0,SNI,88.4,12.0,268.0,12.0,2,3500,0,0,0,0,1,0
CI,0, ,0.0,268.0,0,0,0,0,0,0,0,0
AF,D131J,36.274736,25.625783,2,SNI,131.0,10.0,88.0,2,3000,0,0,0,0,0,0
CF,CD324,36.280272,25.567906,2,SNI,143.9,8.0,324.0,1.0,2,3000,0,0,0,0,1,0

APPTR,V16L-B,16L,IRBEG
FD,IRBEG,36.810278,25.428056,0,SNI,349.0,12.0,169.0,12.0,2,3500,0,0,0,0,1,0
CI,0, ,0.0,169.0,0,0,0,0,0,0,0,0
AF,D131J,36.274736,25.625783,2,SNI,131.0,10.0,349.0,2,3000,0,0,0,0,0,0
CF,CD324,36.280272,25.567906,2,SNI,143.9,8.0,324.0,1.0,2,3000,0,0,0,0,1,0

APPTR,V16L-B,16L,MIL
IF,MIL,36.747508,24.519456, ,0.0,0.0,0,0,0,0,0,0,0,0
CF,NETIS,36.702778,24.963611,0,MIL,93.0,21.6,93.0,21.6,0,0,0,0,0,0,0,0
CF,PEXAN,36.680278,25.179722,0,MIL,93.0,32.1,93.0,10.5,0,0,0,0,0,0,1,0
FD,PEXAN,36.680278,25.179722,0,SNI,314.5,12.0,135.0,12.0,2,3500,0,0,0,0,0,0
CI,0, ,0.0,135.0,0,0,0,0,0,0,0,0
AF,D131J,36.274736,25.625783,2,SNI,131.0,10.0,315.0,2,3000,0,0,0,0,0,0
CF,CD324,36.280272,25.567906,2,SNI,143.9,8.0,324.0,1.0,2,3000,0,0,0,0,1,0

APPTR,V16L-B,16L,UVRIT
FD,UVRIT,36.608611,25.829167,0,SNI,47.5,12.0,228.0,12.0,2,3500,0,0,0,0,1,0
CI,0, ,0.0,228.0,0,0,0,0,0,0,0,0
AF,D131J,36.274736,25.625783,2,SNI,131.0,10.0,48.0,2,3000,0,0,0,0,0,0
CF,CD324,36.280272,25.567906,2,SNI,143.9,8.0,324.0,1.0,2,3000,0,0,0,0,1,0

FINAL,V16L-B,16L,D,3
IF,CD324,36.280272,25.567906,SNI,143.9,8.0,2,3000,0,0,0,0,0,0
CF,FD324,36.351967,25.514486,0,SNI,144.0,3.0,324.0,5.0,2,1700,0,0,0,0,2,0
CF,SNI,36.394881,25.482600,0,SNI,0.0,0.0,324.0,3.0,1,1700,0,0,0,0,3,0
FA,SNI,36.394881,25.482600,0,SNI,0.0,0.0,324.0,2,2500,0,0,0,0,0,0
DF,SNI,36.394881,25.482600,2, ,0.0,0.0,1,3500,0,0,0,0,0,0
HM,SNI,36.394881,25.482600,1, ,0.0,0.0,117.0,04.3,2,3500,0,0,0,0,0,0,0

APPTR,V16R-A,16R,SNI1
IF,SNI,36.394881,25.482600, ,0.0,0.0,2,3500,0,0,0,0,1,0
FD,SNI,36.394881,25.482600,0,SNI,0.0,8.0,117.0,8.0,2,3000,0,0,0,0,0,0
CF,CD324,36.280272,25.567906,2,SNI,143.9,8.0,324.0,1.0,2,3000,0,0,0,0,1,0

APPTR,V16R-A,16R,SNI2
IF,SNI,36.394881,25.482600, ,0.0,0.0,2,3500,0,0,0,0,1,0
FD,SNI,36.394881,25.482600,0,SNI,0.0,8.0,132.0,8.0,2,3000,0,0,0,0,0,0
CF,CD324,36.280272,25.567906,2,SNI,143.9,8.0,324.0,1.0,2,3000,0,0,0,0,1,0

FINAL,V16R-A,16R,D,3
IF,CD324,36.280272,25.567906,SNI,143.9,8.0,2,3000,0,0,0,0,0,0
CF,FD324,36.351967,25.514486,0,SNI,144.0,3.0,324.0,5.0,2,1700,0,0,0,0,2,0
CF,SNI,36.394881,25.482600,0,SNI,0.0,0.0,324.0,3.0,1,1700,0,0,0,0,3,0
FA,SNI,36.394881,25.482600,0,SNI,0.0,0.0,324.0,2,2500,0,0,0,0,0,0
DF,SNI,36.394881,25.482600,2, ,0.0,0.0,1,3500,0,0,0,0,0,0
HM,SNI,36.394881,25.482600,1, ,0.0,0.0,117.0,04.3,2,3500,0,0,0,0,0,0,0

APPTR,V16R-B,16R,BINKI
FD,BINKI,36.373333,25.917222,0,SNI,88.4,12.0,268.0,12.0,2,3500,0,0,0,0,1,0
CI,0, ,0.0,268.0,0,0,0,0,0,0,0,0
AF,D131J,36.274736,25.625783,2,SNI,131.0,10.0,88.0,2,3000,0,0,0,0,0,0
CF,CD324,36.280272,25.567906,2,SNI,143.9,8.0,324.0,1.0,2,3000,0,0,0,0,1,0

APPTR,V16R-B,16R,IRBEG
FD,IRBEG,36.810278,25.428056,0,SNI,349.0,12.0,169.0,12.0,2,3500,0,0,0,0,1,0
CI,0, ,0.0,169.0,0,0,0,0,0,0,0,0
AF,D131J,36.274736,25.625783,2,SNI,131.0,10.0,349.0,2,3000,0,0,0,0,0,0
CF,CD324,36.280272,25.567906,2,SNI,143.9,8.0,324.0,1.0,2,3000,0,0,0,0,1,0

APPTR,V16R-B,16R,MIL
IF,MIL,36.747508,24.519456, ,0.0,0.0,0,0,0,0,0,0,0,0
CF,NETIS,36.702778,24.963611,0,MIL,93.0,21.6,93.0,21.6,0,0,0,0,0,0,0,0
CF,PEXAN,36.680278,25.179722,0,MIL,93.0,32.1,93.0,10.5,0,0,0,0,0,0,1,0
FD,PEXAN,36.680278,25.179722,0,SNI,314.5,12.0,135.0,12.0,2,3500,0,0,0,0,0,0
CI,0, ,0.0,135.0,0,0,0,0,0,0,0,0
AF,D131J,36.274736,25.625783,2,SNI,131.0,10.0,315.0,2,3000,0,0,0,0,0,0
CF,CD324,36.280272,25.567906,2,SNI,143.9,8.0,324.0,1.0,2,3000,0,0,0,0,1,0

APPTR,V16R-B,16R,UVRIT
FD,UVRIT,36.608611,25.829167,0,SNI,47.5,12.0,228.0,12.0,2,3500,0,0,0,0,1,0
CI,0, ,0.0,228.0,0,0,0,0,0,0,0,0
AF,D131J,36.274736,25.625783,2,SNI,131.0,10.0,48.0,2,3000,0,0,0,0,0,0
CF,CD324,36.280272,25.567906,2,SNI,143.9,8.0,324.0,1.0,2,3000,0,0,0,0,1,0

FINAL,V16R-B,16R,D,3
IF,CD324,36.280272,25.567906,SNI,143.9,8.0,2,3000,0,0,0,0,0,0
CF,FD324,36.351967,25.514486,0,SNI,144.0,3.0,324.0,5.0,2,1700,0,0,0,0,2,0
CF,SNI,36.394881,25.482600,0,SNI,0.0,0.0,324.0,3.0,1,1700,0,0,0,0,3,0
FA,SNI,36.394881,25.482600,0,SNI,0.0,0.0,324.0,2,2500,0,0,0,0,0,0
DF,SNI,36.394881,25.482600,2, ,0.0,0.0,1,3500,0,0,0,0,0,0
HM,SNI,36.394881,25.482600,1, ,0.0,0.0,117.0,04.3,2,3500,0,0,0,0,0,0,0

APPTR,V34L-A,34L,SNI1
IF,SNI,36.394881,25.482600, ,0.0,0.0,2,3500,0,0,0,0,1,0
FD,SNI,36.394881,25.482600,0,SNI,0.0,8.0,117.0,8.0,2,3000,0,0,0,0,0,0
CF,CD324,36.280272,25.567906,2,SNI,143.9,8.0,324.0,1.0,2,3000,0,0,0,0,1,0

APPTR,V34L-A,34L,SNI2
IF,SNI,36.394881,25.482600, ,0.0,0.0,2,3500,0,0,0,0,1,0
FD,SNI,36.394881,25.482600,0,SNI,0.0,8.0,132.0,8.0,2,3000,0,0,0,0,0,0
CF,CD324,36.280272,25.567906,2,SNI,143.9,8.0,324.0,1.0,2,3000,0,0,0,0,1,0

FINAL,V34L-A,34L,D,3
IF,CD324,36.280272,25.567906,SNI,143.9,8.0,2,3000,0,0,0,0,0,0
CF,FD324,36.351967,25.514486,0,SNI,144.0,3.0,324.0,5.0,2,1700,0,0,0,0,2,0
CF,SNI,36.394881,25.482600,0,SNI,0.0,0.0,324.0,3.0,1,1700,0,0,0,0,3,0
FA,SNI,36.394881,25.482600,0,SNI,0.0,0.0,324.0,2,2500,0,0,0,0,0,0
DF,SNI,36.394881,25.482600,2, ,0.0,0.0,1,3500,0,0,0,0,0,0
HM,SNI,36.394881,25.482600,1, ,0.0,0.0,117.0,04.3,2,3500,0,0,0,0,0,0,0

APPTR,V34L-B,34L,BINKI
FD,BINKI,36.373333,25.917222,0,SNI,88.4,12.0,268.0,12.0,2,3500,0,0,0,0,1,0
CI,0, ,0.0,268.0,0,0,0,0,0,0,0,0
AF,D131J,36.274736,25.625783,2,SNI,131.0,10.0,88.0,2,3000,0,0,0,0,0,0
CF,CD324,36.280272,25.567906,2,SNI,143.9,8.0,324.0,1.0,2,3000,0,0,0,0,1,0

APPTR,V34L-B,34L,IRBEG
FD,IRBEG,36.810278,25.428056,0,SNI,349.0,12.0,169.0,12.0,2,3500,0,0,0,0,1,0
CI,0, ,0.0,169.0,0,0,0,0,0,0,0,0
AF,D131J,36.274736,25.625783,2,SNI,131.0,10.0,349.0,2,3000,0,0,0,0,0,0
CF,CD324,36.280272,25.567906,2,SNI,143.9,8.0,324.0,1.0,2,3000,0,0,0,0,1,0

APPTR,V34L-B,34L,MIL
IF,MIL,36.747508,24.519456, ,0.0,0.0,0,0,0,0,0,0,0,0
CF,NETIS,36.702778,24.963611,0,MIL,93.0,21.6,93.0,21.6,0,0,0,0,0,0,0,0
CF,PEXAN,36.680278,25.179722,0,MIL,93.0,32.1,93.0,10.5,0,0,0,0,0,0,1,0
FD,PEXAN,36.680278,25.179722,0,SNI,314.5,12.0,135.0,12.0,2,3500,0,0,0,0,0,0
CI,0, ,0.0,135.0,0,0,0,0,0,0,0,0
AF,D131J,36.274736,25.625783,2,SNI,131.0,10.0,315.0,2,3000,0,0,0,0,0,0
CF,CD324,36.280272,25.567906,2,SNI,143.9,8.0,324.0,1.0,2,3000,0,0,0,0,1,0

APPTR,V34L-B,34L,UVRIT
FD,UVRIT,36.608611,25.829167,0,SNI,47.5,12.0,228.0,12.0,2,3500,0,0,0,0,1,0
CI,0, ,0.0,228.0,0,0,0,0,0,0,0,0
AF,D131J,36.274736,25.625783,2,SNI,131.0,10.0,48.0,2,3000,0,0,0,0,0,0
CF,CD324,36.280272,25.567906,2,SNI,143.9,8.0,324.0,1.0,2,3000,0,0,0,0,1,0

FINAL,V34L-B,34L,D,3
IF,CD324,36.280272,25.567906,SNI,143.9,8.0,2,3000,0,0,0,0,0,0
CF,FD324,36.351967,25.514486,0,SNI,144.0,3.0,324.0,5.0,2,1700,0,0,0,0,2,0
CF,SNI,36.394881,25.482600,0,SNI,0.0,0.0,324.0,3.0,1,1700,0,0,0,0,3,0
FA,SNI,36.394881,25.482600,0,SNI,0.0,0.0,324.0,2,2500,0,0,0,0,0,0
DF,SNI,36.394881,25.482600,2, ,0.0,0.0,1,3500,0,0,0,0,0,0
HM,SNI,36.394881,25.482600,1, ,0.0,0.0,117.0,04.3,2,3500,0,0,0,0,0,0,0

APPTR,V34R-A,34R,SNI1
IF,SNI,36.394881,25.482600, ,0.0,0.0,2,3500,0,0,0,0,1,0
FD,SNI,36.394881,25.482600,0,SNI,0.0,8.0,117.0,8.0,2,3000,0,0,0,0,0,0
CF,CD324,36.280272,25.567906,2,SNI,143.9,8.0,324.0,1.0,2,3000,0,0,0,0,1,0

APPTR,V34R-A,34R,SNI2
IF,SNI,36.394881,25.482600, ,0.0,0.0,2,3500,0,0,0,0,1,0
FD,SNI,36.394881,25.482600,0,SNI,0.0,8.0,132.0,8.0,2,3000,0,0,0,0,0,0
CF,CD324,36.280272,25.567906,2,SNI,143.9,8.0,324.0,1.0,2,3000,0,0,0,0,1,0

FINAL,V34R-A,34R,D,3
IF,CD324,36.280272,25.567906,SNI,143.9,8.0,2,3000,0,0,0,0,0,0
CF,FD324,36.351967,25.514486,0,SNI,144.0,3.0,324.0,5.0,2,1700,0,0,0,0,2,0
CF,SNI,36.394881,25.482600,0,SNI,0.0,0.0,324.0,3.0,1,1700,0,0,0,0,3,0
FA,SNI,36.394881,25.482600,0,SNI,0.0,0.0,324.0,2,2500,0,0,0,0,0,0
DF,SNI,36.394881,25.482600,2, ,0.0,0.0,1,3500,0,0,0,0,0,0
HM,SNI,36.394881,25.482600,1, ,0.0,0.0,117.0,04.3,2,3500,0,0,0,0,0,0,0

APPTR,V34R-B,34R,BINKI
FD,BINKI,36.373333,25.917222,0,SNI,88.4,12.0,268.0,12.0,2,3500,0,0,0,0,1,0
CI,0, ,0.0,268.0,0,0,0,0,0,0,0,0
AF,D131J,36.274736,25.625783,2,SNI,131.0,10.0,88.0,2,3000,0,0,0,0,0,0
CF,CD324,36.280272,25.567906,2,SNI,143.9,8.0,324.0,1.0,2,3000,0,0,0,0,1,0

APPTR,V34R-B,34R,IRBEG
FD,IRBEG,36.810278,25.428056,0,SNI,349.0,12.0,169.0,12.0,2,3500,0,0,0,0,1,0
CI,0, ,0.0,169.0,0,0,0,0,0,0,0,0
AF,D131J,36.274736,25.625783,2,SNI,131.0,10.0,349.0,2,3000,0,0,0,0,0,0
CF,CD324,36.280272,25.567906,2,SNI,143.9,8.0,324.0,1.0,2,3000,0,0,0,0,1,0

APPTR,V34R-B,34R,MIL
IF,MIL,36.747508,24.519456, ,0.0,0.0,0,0,0,0,0,0,0,0
CF,NETIS,36.702778,24.963611,0,MIL,93.0,21.6,93.0,21.6,0,0,0,0,0,0,0,0
CF,PEXAN,36.680278,25.179722,0,MIL,93.0,32.1,93.0,10.5,0,0,0,0,0,0,1,0
FD,PEXAN,36.680278,25.179722,0,SNI,314.5,12.0,135.0,12.0,2,3500,0,0,0,0,0,0
CI,0, ,0.0,135.0,0,0,0,0,0,0,0,0
AF,D131J,36.274736,25.625783,2,SNI,131.0,10.0,315.0,2,3000,0,0,0,0,0,0
CF,CD324,36.280272,25.567906,2,SNI,143.9,8.0,324.0,1.0,2,3000,0,0,0,0,1,0

APPTR,V34R-B,34R,UVRIT
FD,UVRIT,36.608611,25.829167,0,SNI,47.5,12.0,228.0,12.0,2,3500,0,0,0,0,1,0
CI,0, ,0.0,228.0,0,0,0,0,0,0,0,0
AF,D131J,36.274736,25.625783,2,SNI,131.0,10.0,48.0,2,3000,0,0,0,0,0,0
CF,CD324,36.280272,25.567906,2,SNI,143.9,8.0,324.0,1.0,2,3000,0,0,0,0,1,0

FINAL,V34R-B,34R,D,3
IF,CD324,36.280272,25.567906,SNI,143.9,8.0,2,3000,0,0,0,0,0,0
CF,FD324,36.351967,25.514486,0,SNI,144.0,3.0,324.0,5.0,2,1700,0,0,0,0,2,0
CF,SNI,36.394881,25.482600,0,SNI,0.0,0.0,324.0,3.0,1,1700,0,0,0,0,3,0
FA,SNI,36.394881,25.482600,0,SNI,0.0,0.0,324.0,2,2500,0,0,0,0,0,0
DF,SNI,36.394881,25.482600,2, ,0.0,0.0,1,3500,0,0,0,0,0,0
HM,SNI,36.394881,25.482600,1, ,0.0,0.0,117.0,04.3,2,3500,0,0,0,0,0,0,0

