SID,AMAX2K,05,2
CA,0,46.0,2,780,0,0,0,0,0,0
FA,SHT,35.218619,26.106756,0,SHT,0.0,0.0,32.0,2,4000,0,0,0,0,0,0
DF,SHT,35.218619,26.106756,1, ,0.0,0.0,0,0,0,1,210,0,0,0
TF,AMAXI,35.097778,25.782778,0, ,0.0,0.0,0.0,0.0,0,0,0,0,0,0,0,0

SID,AMAX2V,23,2
CA,0,226.0,2,780,0,0,0,0,0,0
VI,2, ,0.0,74.0,0,0,0,0,0,0,0,0
FA,SHT,35.218619,26.106756,0,SHT,0.0,0.0,29.0,2,4000,0,0,0,0,0,0
DF,SHT,35.218619,26.106756,1, ,0.0,0.0,0,0,0,1,210,0,0,0
TF,AMAXI,35.097778,25.782778,0, ,0.0,0.0,0.0,0.0,0,0,0,0,0,0,0,0

SID,DELA2K,05,2
CA,0,46.0,2,780,0,0,0,0,0,0
FD,SHT,35.218619,26.106756,0,SHT,0.0,9.0,32.0,9.0,0,0,0,0,0,0,0,0
CF,DELAV,35.854722,26.611667,0,SHT,28.8,45.4,29.0,36.0,0,0,0,0,0,0,0,0

SID,DELA2V,23,2
CA,0,226.0,2,780,0,0,0,0,0,0
VI,2, ,0.0,74.0,0,0,0,0,0,0,0,0
CF,DELAV,35.854722,26.611667,0,SHT,28.8,45.4,29.0,43.0,0,0,0,0,0,0,0,0

SID,LABU1K,05,2
CA,0,46.0,2,780,0,0,0,0,0,0
FD,SHT,35.218619,26.106756,0,SHT,0.0,9.0,32.0,9.0,0,0,0,0,0,0,0,0
CI,0, ,0.0,32.0,0,0,0,0,0,0,0,0
AF,D343L,35.413778,26.051706,1,SHT,343.0,12.0,32.0,0,0,0,0,0,0,0,0
VI,0, ,0.0,297.0,0,0,0,0,0,0,0,0
CF,D327W,35.553817,25.878167,0,SHT,326.9,23.0,327.0,8.0,0,0,0,0,0,0,0,0
TF,LABUX,35.581944,25.858889,0, ,0.0,0.0,0.0,0.0,0,0,0,0,0,0,0,0

SID,LABU1V,23,2
CA,0,226.0,2,780,0,0,0,0,0,0
VI,2, ,0.0,12.0,0,0,0,0,0,0,0,0
CF,D327W,35.553817,25.878167,0,SHT,326.9,23.0,327.0,19.0,0,0,0,0,0,0,0,0
TF,LABUX,35.581944,25.858889,0, ,0.0,0.0,0.0,0.0,0,0,0,0,0,0,0,0

SID,MOKI2K,05,2
CA,0,46.0,2,780,0,0,0,0,0,0
FD,SHT,35.218619,26.106756,0,SHT,0.0,15.0,32.0,15.0,0,0,0,0,0,0,0,0
CI,0, ,0.0,32.0,0,0,0,0,0,0,0,0
AF,D071R,35.295861,26.460761,2,SHT,71.0,18.0,32.0,0,0,0,0,0,0,0,0
VI,0, ,0.0,124.0,0,0,0,0,0,0,0,0
CF,MOKIS,35.283889,26.774444,0,SHT,79.0,33.0,79.0,14.0,0,0,0,0,0,0,0,0

SID,MOKI2V,23,2
CA,0,226.0,2,780,0,0,0,0,0,0
VI,2, ,0.0,74.0,0,0,0,0,0,0,0,0
FD,SHT,35.218619,26.106756,0,SHT,0.0,15.0,29.0,15.0,0,0,0,0,0,0,0,0
CI,0, ,0.0,29.0,0,0,0,0,0,0,0,0
AF,D071R,35.295861,26.460761,2,SHT,71.0,18.0,29.0,0,0,0,0,0,0,0,0
VI,0, ,0.0,124.0,0,0,0,0,0,0,0,0
CF,MOKIS,35.283889,26.774444,0,SHT,79.0,33.0,79.0,14.0,0,0,0,0,0,0,0,0

SID,SIT2K,05,2
CA,0,46.0,2,780,0,0,0,0,0,0
FA,SHT,35.218619,26.106756,0,SHT,0.0,0.0,32.0,2,4000,0,0,0,0,0,0
DF,SHT,35.218619,26.106756,1, ,0.0,0.0,0,0,0,1,210,0,0,0
TF,SIT,35.068422,26.189064,0, ,0.0,0.0,0.0,0.0,0,0,0,0,0,0,0,0

SID,SIT2V,23,2
CA,0,226.0,2,780,0,0,0,0,0,0
VI,2, ,0.0,74.0,0,0,0,0,0,0,0,0
FA,SHT,35.218619,26.106756,0,SHT,0.0,0.0,29.0,2,4000,0,0,0,0,0,0
DF,SHT,35.218619,26.106756,1, ,0.0,0.0,0,0,0,1,210,0,0,0
TF,SIT,35.068422,26.189064,0, ,0.0,0.0,0.0,0.0,0,0,0,0,0,0,0,0

SID,VEGE2K,05,2
CA,0,46.0,2,780,0,0,0,0,0,0
FA,SHT,35.218619,26.106756,0,SHT,0.0,0.0,32.0,2,4000,0,0,0,0,0,0
DF,SHT,35.218619,26.106756,1, ,0.0,0.0,0,0,0,1,210,0,0,0
TF,VEGES,35.208889,25.675556,0, ,0.0,0.0,0.0,0.0,0,0,0,0,0,0,0,0

SID,VEGE2V,23,2
CA,0,226.0,2,780,0,0,0,0,0,0
VI,2, ,0.0,74.0,0,0,0,0,0,0,0,0
FA,SHT,35.218619,26.106756,0,SHT,0.0,0.0,29.0,2,4000,0,0,0,0,0,0
DF,SHT,35.218619,26.106756,1, ,0.0,0.0,0,0,0,1,210,0,0,0
TF,VEGES,35.208889,25.675556,0, ,0.0,0.0,0.0,0.0,0,0,0,0,0,0,0,0

SID,XAVI2K,05,2
CA,0,46.0,2,780,0,0,0,0,0,0
FD,SHT,35.218619,26.106756,0,SHT,0.0,9.0,32.0,9.0,0,0,0,0,0,0,0,0
CI,0, ,0.0,32.0,0,0,0,0,0,0,0,0
AF,D330L,35.398606,25.999503,1,SHT,330.0,12.0,32.0,0,0,0,0,0,0,0,0
VI,0, ,0.0,284.0,0,0,0,0,0,0,0,0
CF,XAVIS,35.694722,25.576944,0,SHT,313.8,38.6,314.0,23.0,0,0,0,0,0,0,0,0

SID,XAVI2V,23,2
CA,0,226.0,2,780,0,0,0,0,0,0
VI,2, ,0.0,359.0,0,0,0,0,0,0,0,0
CF,XAVIS,35.694722,25.576944,0,SHT,313.8,38.6,314.0,35.0,0,0,0,0,0,0,0,0

STAR,AMAX2H,23,2
IF,AMAXI,35.097778,25.782778, ,0.0,0.0,0,0,0,0,0,0,0,0
TF,SHT,35.218619,26.106756,0, ,0.0,0.0,0.0,0.0,0,0,0,0,0,0,0,0
TF,D032R,35.461944,26.322778,0, ,0.0,0.0,0.0,0.0,0,0,0,0,0,0,0,1
CF,OSKIM,35.352222,26.289167,2,SHT,44.2,12.0,224.0,6.0,0,0,0,0,0,0,0,0

STAR,DELA1J,23,2
IF,DELAV,35.854722,26.611667, ,0.0,0.0,0,0,0,0,0,0,0,0
TF,SHT39,35.764872,26.539756,0, ,0.0,0.0,0.0,0.0,0,0,0,0,0,0,0,0
CI,0, ,0.0,209.0,0,0,0,0,0,0,0,0
AF,SHT37,35.654156,26.641822,2,SHT,41.0,37.0,29.0,0,0,0,0,0,0,0,0
CF,OSKIM,35.352222,26.289167,0,SHT,44.2,12.0,224.0,25.0,0,0,0,0,0,0,0,0

STAR,LABU1J,23,2
IF,LABUX,35.581944,25.858889, ,0.0,0.0,0,0,0,0,0,0,0,0
CI,0, ,0.0,147.0,0,0,0,0,0,0,0,0
AF,XEROS,35.409167,26.183056,2,SHT,14.2,12.0,327.0,0,0,0,0,0,0,0,0

STAR,MOKI2H,23,2
IF,MOKIS,35.283889,26.774444, ,0.0,0.0,0,0,0,0,0,0,0,0
TF,D079T,35.258561,26.510761,0, ,0.0,0.0,0.0,0.0,0,0,0,0,0,0,0,0
CI,0, ,0.0,259.0,0,0,0,0,0,0,0,0
AF,D050R,35.394858,26.403617,1,SHT,50.0,18.0,79.0,0,0,0,0,0,0,0,0
CF,OSKIM,35.352222,26.289167,0,SHT,44.2,12.0,224.0,5.0,0,0,0,0,0,0,0,0

STAR,SIT2H,23,2
IF,SIT,35.068422,26.189064, ,0.0,0.0,0,0,0,0,0,0,0,0
TF,SHT,35.218619,26.106756,0, ,0.0,0.0,0.0,0.0,0,0,0,0,0,0,0,0
TF,D032R,35.461944,26.322778,0, ,0.0,0.0,0.0,0.0,0,0,0,0,0,0,0,1
CF,OSKIM,35.352222,26.289167,2,SHT,44.2,12.0,224.0,6.0,0,0,0,0,0,0,0,0

STAR,VEGE2H,23,2
IF,VEGES,35.208889,25.675556, ,0.0,0.0,0,0,0,0,0,0,0,0
TF,SHT,35.218619,26.106756,0, ,0.0,0.0,0.0,0.0,0,0,0,0,0,0,0,0
TF,D032R,35.461944,26.322778,0, ,0.0,0.0,0.0,0.0,0,0,0,0,0,0,0,1
CF,OSKIM,35.352222,26.289167,2,SHT,44.2,12.0,224.0,6.0,0,0,0,0,0,0,0,0

STAR,XAVI2H,23,2
IF,XAVIS,35.694722,25.576944, ,0.0,0.0,0,0,0,0,0,0,0,0
TF,D314T,35.465767,25.832828,0, ,0.0,0.0,0.0,0.0,0,0,0,0,0,0,0,0
CI,0, ,0.0,134.0,0,0,0,0,0,0,0,0
AF,D032R,35.461944,26.322778,2,SHT,32.0,18.0,314.0,0,0,0,0,0,0,0,0
VI,0, ,0.0,179.0,0,0,0,0,0,0,0,0
CF,OSKIM,35.352222,26.289167,0,SHT,44.2,12.0,224.0,4.0,0,0,0,0,0,0,0,0

STAR,XAVI2J,23,2
IF,XAVIS,35.694722,25.576944, ,0.0,0.0,0,0,0,0,0,0,0,0
TF,D314N,35.391686,25.915178,0, ,0.0,0.0,0.0,0.0,0,0,0,0,0,0,0,0
CI,0, ,0.0,134.0,0,0,0,0,0,0,0,0
AF,XEROS,35.409167,26.183056,2,SHT,14.2,12.0,314.0,0,0,0,0,0,0,0,0

APPTR,D23,23,OSKIM
IF,OSKIM,35.352222,26.289167, ,0.0,0.0,2,3000,0,0,0,0,1,0
CF,FD23,35.296639,26.213036,0,SHT,44.1,7.0,224.0,5.0,2,2400,0,0,0,0,0,0

APPTR,D23,23,XEROS
IF,XEROS,35.409167,26.183056, ,0.0,0.0,0,0,0,0,0,0,1,0
AF,OSKIM,35.352222,26.289167,2,SHT,44.2,12.0,14.0,2,2400,0,0,0,0,1,0
CF,FD23,35.296639,26.213036,0,SHT,44.1,7.0,224.0,5.0,2,2400,0,0,0,0,0,0

FINAL,D23,23,D,2
IF,FD23,35.296639,26.213036,SHT,44.1,7.0,2,2400,0,0,0,0,2,0
CF,MD23,35.252061,26.152278,0,SHT,44.1,3.0,224.0,4.0,1,1204,0,0,0,0,3,0
CA,0,224.0,2,1204,0,0,0,0,0,0
CI,2, ,0.0,77.0,0,0,0,1,200,0,0,0
CF,D032R,35.461944,26.322778,0,SHT,32.0,18.0,32.0,14.0,0,0,0,0,0,0,0,1
CF,OSKIM,35.352222,26.289167,2,SHT,44.2,12.0,224.0,6.0,2,3000,0,0,0,0,0,0
HM,OSKIM,35.352222,26.289167,2, ,0.0,0.0,224.0,06,0,0,0,1,230,0,0,0,0

