SID,KORO1F,35,2
CA,0,353.0,2,450,0,0,0,0,0,0
CF,D338K,39.150858,24.413389,0,SKS,338.0,11.0,338.0,11.0,0,0,0,1,210,0,0,1
CI,2, ,0.0,136.0,0,0,0,0,0,0,0,0
CF,D052N,39.111672,24.735992,0,SKP,91.4,52.4,91.0,11.0,2,10000,0,0,0,0,0,0
TF,KOROS,39.099722,24.915833,0, ,0.0,0.0,0.0,0.0,0,0,0,0,0,0,0,0

SID,KORO1G,35,2
CA,0,353.0,2,450,0,0,0,0,0,0
CF,D338G,39.087781,24.441333,0,SKS,338.0,7.0,338.0,7.0,0,0,0,1,210,0,0,1
DF,SKS,38.977378,24.490119,1, ,0.0,0.0,2,6700,0,0,0,0,0,0
TF,D114J,38.901483,24.680347,0, ,0.0,0.0,0.0,0.0,2,8000,0,1,230,0,0,1
CF,D094Q,38.942500,24.855278,0,SKS,93.9,17.2,59.0,9.0,0,0,0,0,0,0,0,0
TF,KOROS,39.099722,24.915833,0, ,0.0,0.0,0.0,0.0,0,0,0,0,0,0,0,0

SID,NEVR1D,35,2
CA,0,353.0,2,450,0,0,0,0,0,0
CF,D338G,39.087781,24.441333,0,SKS,338.0,7.0,338.0,7.0,0,0,0,1,210,0,0,1
DF,SKS,38.977378,24.490119,1, ,0.0,0.0,2,6700,0,0,0,0,0,0
TF,D114L,38.886267,24.718344,0, ,0.0,0.0,0.0,0.0,2,8000,0,1,230,0,0,1
CF,D124R,38.794722,24.798333,0,SKS,124.1,18.1,149.0,6.0,0,0,0,0,0,0,0,0
TF,NEVRA,38.168333,24.560278,0, ,0.0,0.0,0.0,0.0,0,0,0,0,0,0,0,0

SID,SKP1B,35,2
CA,0,353.0,2,450,0,0,0,0,0,0
CF,D338M,39.182394,24.399400,0,SKS,338.0,13.0,338.0,13.0,0,0,0,1,210,0,0,1
CI,1, ,0.0,226.0,0,0,0,0,0,0,0,0
CF,D091R,39.157658,24.006350,0,SKP,91.4,18.3,271.0,14.0,2,10000,0,0,0,0,0,0
TF,SKP,39.180642,23.615931,0, ,0.0,0.0,0.0,0.0,0,0,0,0,0,0,0,0

STAR,AMIS1A,17,2
IF,AMISI,38.846667,24.818333, ,0.0,0.0,0,0,0,0,0,0,0,0
TF,D114L,38.886267,24.718344,0, ,0.0,0.0,0.0,0.0,0,0,0,0,0,0,0,0
TF,SKS,38.977378,24.490119,0, ,0.0,0.0,0.0,0.0,0,0,0,0,0,0,0,0
TF,D330Q,39.230833,24.325000,0, ,0.0,0.0,0.0,0.0,0,0,0,1,230,0,0,1
CF,OLAXO,39.155833,24.433333,2,SKS,343.1,11.0,163.0,6.0,0,0,0,0,0,0,0,0

STAR,ATRO1A,17,2
IF,ATROX,39.111667,24.735833, ,0.0,0.0,0,0,0,0,0,0,0,0
TF,D037K,39.117853,24.641536,0, ,0.0,0.0,0.0,0.0,0,0,0,0,0,0,0,0
AF,D353K,39.160433,24.473675,1,SKS,353.0,11.0,37.0,0,0,0,1,230,0,0,0
AF,OLAXO,39.155833,24.433333,1,SKS,343.0,11.0,353.0,0,0,0,0,0,0,0,0

STAR,ATRO1B,17,2
IF,ATROX,39.111667,24.735833, ,0.0,0.0,0,0,0,0,0,0,0,0
TF,D052B,38.996508,24.525142,0, ,0.0,0.0,0.0,0.0,0,0,0,0,0,0,0,1
CF,D330Q,39.230833,24.325000,2,SKS,330.1,17.0,330.0,15.0,0,0,0,1,230,0,0,1
CF,OLAXO,39.155833,24.433333,2,SKS,343.1,11.0,163.0,6.0,0,0,0,0,0,0,0,0

STAR,ETEK1A,17,2
IF,ETEKA,39.157778,24.006389, ,0.0,0.0,0,0,0,0,0,0,0,0
TF,D293R,39.108497,24.143706,0, ,0.0,0.0,0.0,0.0,0,0,0,0,0,0,0,0
CI,0, ,0.0,113.0,0,0,0,1,230,0,0,0
AF,D336P,39.226500,24.367139,2,SKS,336.0,16.0,293.0,0,0,0,0,0,0,0,0
CF,OLAXO,39.155833,24.433333,2,SKS,343.1,11.0,163.0,3.0,0,0,0,0,0,0,0,0

STAR,URUD1A,17,2
IF,URUDI,38.610278,24.522500, ,0.0,0.0,0,0,0,0,0,0,0,0
TF,SKS,38.977378,24.490119,0, ,0.0,0.0,0.0,0.0,0,0,0,0,0,0,0,0
TF,D330Q,39.230833,24.325000,0, ,0.0,0.0,0.0,0.0,0,0,0,1,230,0,0,1
CF,OLAXO,39.155833,24.433333,2,SKS,343.1,11.0,163.0,6.0,0,0,0,0,0,0,0,0

APPTR,D17,17,OLAXO
HF,OLAXO,39.155833,24.433333,2, ,0.0,0.0,163.0,06,2,3000,0,1,230,0,1,0,0

FINAL,D17,17,D,3
IF,OLAXO,39.155833,24.433333,SKS,343.1,11.0,2,3000,0,0,0,0,0,0
CF,FD17,39.074758,24.459194,0,SKS,343.1,6.0,163.0,5.0,2,1900,0,0,0,0,2,0
CF,MD17,38.993608,24.484972,0,SKS,343.1,0.0,163.0,5.0,1,331,0,0,0,0,3,0
CA,0,163.0,2,450,0,0,0,0,0,0
CI,2, ,0.0,15.0,0,0,0,1,200,0,0,0
CF,D330Q,39.230833,24.325000,0,SKS,330.1,17.0,330.0,13.0,1,3000,0,0,0,0,0,1
CF,OLAXO,39.155833,24.433333,2,SKS,343.1,11.0,163.0,6.0,0,0,0,1,230,0,0,0
HM,OLAXO,39.155833,24.433333,2, ,0.0,0.0,163.0,06,0,0,0,1,230,0,0,0,0

