APPTR,D16,16,FD16
IF,FD16,47.445217,17.452361, ,0.0,0.0,2,4000,0,1,220,0,0,0
HF,FD16,47.445217,17.452361,2, ,0.0,0.0,154.0,04.9,2,2800,0,0,0,0,0,0,0

FINAL,D16,16,D,2
IF,FD16,47.445217,17.452361,PCT,334.0,5.1,2,2000,0,0,0,0,2,0
CF,RW16,47.374156,17.495233,0,PCT,327.0,0.5,154.0,4.6,1,521,0,0,0,0,3,0
CF,PCT,47.367028,17.501306,0,PCT,0.0,0.0,154.0,0.5,2,890,0,0,0,0,0,0
FD,PCT,47.367028,17.501306,0,PCT,0.0,10.0,154.0,10.0,0,0,0,0,0,0,0,0
DF,PCT,47.367028,17.501306,1, ,0.0,0.0,1,4000,0,0,0,0,0,0

APPTR,D34,34,FD34
IF,FD34,47.265061,17.547083, ,0.0,0.0,2,4500,0,0,0,0,0,0
HF,FD34,47.265061,17.547083,2, ,0.0,0.0,340.0,05.6,2,3300,0,1,230,0,0,0,0

FINAL,D34,34,D,3
IF,FD34,47.265061,17.547083,PCT,160.0,6.4,2,2300,0,0,0,0,2,0
CF,37VOR,47.308078,17.527786,0,PCT,160.0,3.7,340.0,2.7,2,1450,0,0,0,0,0,0
CF,RW34,47.353814,17.505903,0,PCT,163.7,0.8,340.0,2.8,1,531,0,0,0,0,3,0
CF,PCT,47.367028,17.501306,0,PCT,0.0,0.0,340.0,0.9,2,890,0,0,0,0,0,0
FD,PCT,47.367028,17.501306,0,PCT,0.0,8.5,340.0,8.5,0,0,0,0,0,0,0,0
DF,PCT,47.367028,17.501306,1, ,0.0,0.0,1,4500,0,0,0,0,0,0

APPTR,I16,16,D337E
IF,D337E,47.446847,17.458458, ,0.0,0.0,2,4000,0,1,220,0,0,0
HF,D337E,47.446847,17.458458,2, ,0.0,0.0,157.0,04.9,2,2800,0,0,0,0,0,0,0

FINAL,I16,16,I,3
IF,CI16,47.478239,17.440536,PCN,337.4,8.1,2,2000,0,0,0,0,0,0
CF,FI16,47.446864,17.457050,0,PCN,337.4,6.1,157.0,2.0,1,2000,0,0,0,0,2,0
CF,RW16,47.374156,17.495233,0,PCN,337.4,1.5,157.0,4.6,1,521,0,0,0,0,3,0
CA,0,157.0,2,890,0,0,0,0,0,0
CF,D157J,47.209925,17.582717,0,PCT,157.6,10.0,157.0,9.5,0,0,0,0,0,0,0,1
DF,PCT,47.367028,17.501306,1, ,0.0,0.0,1,4000,0,0,0,0,0,0

APPTR,I34,34,D157F
IF,D157F,47.266828,17.554861, ,0.0,0.0,2,4500,0,1,230,0,0,0
HF,D157F,47.266828,17.554861,2, ,0.0,0.0,337.0,05.6,2,3300,0,0,0,0,0,0,0

FINAL,I34,34,I,3
IF,CI34,47.233931,17.568522,PCD,157.4,9.1,2,2300,0,0,0,0,0,0
CF,FI34,47.265325,17.552150,0,PCD,157.4,7.1,337.0,2.0,1,2300,0,0,0,0,2,0
CF,RW34,47.353814,17.505903,0,PCD,157.4,1.5,337.0,5.6,1,531,0,0,0,0,3,0
CA,0,337.0,2,890,0,0,0,0,0,0
CF,D337I,47.499464,17.427950,0,PCT,336.4,8.5,337.0,8.3,0,0,0,0,0,0,0,1
DF,PCT,47.367028,17.501306,1, ,0.0,0.0,1,4500,0,0,0,0,0,0

APPTR,N16,16,CP
IF,CP,47.407167,17.477889, ,0.0,0.0,2,2500,0,0,0,0,0,0
HF,CP,47.407167,17.477889,2, ,0.0,0.0,157.0,04.3,2,1200,0,0,0,0,0,0,0

FINAL,N16,16,N,2
IF,CP,47.407167,17.477889,CP,0.0,0.0,2,1200,0,0,0,0,2,0
CF,C,47.382028,17.491111,0,CP,0.0,0.0,157.0,1.6,1,681,0,0,0,0,3,0
CA,0,157.0,2,1500,0,0,0,0,0,0
DF,CP,47.407167,17.477889,2, ,0.0,0.0,1,2500,0,0,0,0,0,0
HM,CP,47.407167,17.477889,2, ,0.0,0.0,157.0,04.3,0,0,0,0,0,0,0,0,0

APPTR,R16,16,PA008
IF,PA008,47.447092,17.456922, ,0.0,0.0,2,4000,0,1,220,0,0,0
HF,PA008,47.447092,17.456922,2, ,0.0,0.0,157.0,04,2,2800,0,0,0,0,1,0,0

APPTR,R16,16,PA011
IF,PA011,47.499456,17.298778, ,0.0,0.0,0,0,0,0,0,0,1,0
TF,PA007,47.527561,17.414506,0, ,0.0,0.0,0.0,0.0,2,2800,0,0,0,0,1,0
TF,PA008,47.447092,17.456922,0, ,0.0,0.0,0.0,0.0,2,2000,0,0,0,0,0,0

FINAL,R16,16,R,2
IF,PA008,47.447092,17.456922, ,0.0,0.0,2,2000,0,0,0,0,2,0
TF,RW16,47.374156,17.495233,0, ,0.0,0.0,157.0,4.6,1,521,0,0,0,0,3,1
CA,0,157.0,2,890,0,0,0,0,0,0
CF,PA010,47.233647,17.568772,0,PCT,158.0,8.5,157.0,8.0,0,0,0,0,0,0,0,1
DF,PA011,47.499456,17.298778,2, ,0.0,0.0,0,0,0,0,0,0,0,0
TF,PA007,47.527561,17.414506,0, ,0.0,0.0,0.0,0.0,0,0,0,0,0,0,0,0
TF,PA008,47.447092,17.456922,0, ,0.0,0.0,0.0,0.0,1,4000,0,0,0,0,0,0
HM,PA008,47.447092,17.456922,2, ,0.0,0.0,157.0,04,0,0,0,1,220,0,0,0,0

APPTR,R34,34,PA002
IF,PA002,47.266586,17.551575, ,0.0,0.0,2,4500,0,1,230,0,0,0
HF,PA002,47.266586,17.551575,2, ,0.0,0.0,337.0,04,2,3300,0,0,0,0,1,0,0

APPTR,R34,34,PA005
IF,PA005,47.158133,17.478494, ,0.0,0.0,0,0,0,0,0,0,1,0
TF,PA001,47.186061,17.593578,0, ,0.0,0.0,0.0,0.0,2,3300,0,0,0,0,1,0
TF,PA002,47.266586,17.551575,0, ,0.0,0.0,0.0,0.0,2,2300,0,0,0,0,0,0

APPTR,R34,34,PA006
IF,PA006,47.213872,17.708783, ,0.0,0.0,0,0,0,0,0,0,1,0
TF,PA001,47.186061,17.593578,0, ,0.0,0.0,0.0,0.0,2,3300,0,0,0,0,1,0
TF,PA002,47.266586,17.551575,0, ,0.0,0.0,0.0,0.0,2,2300,0,0,0,0,0,0

FINAL,R34,34,R,3
IF,PA002,47.266586,17.551575, ,0.0,0.0,2,2300,0,0,0,0,2,0
TF,29THR,47.308414,17.530194,0, ,0.0,0.0,337.0,2.7,2,1450,0,0,0,0,0,0
TF,RW34,47.353814,17.505903,0, ,0.0,0.0,337.0,2.9,1,531,0,0,0,0,3,1
CA,0,337.0,2,890,0,0,0,0,0,0
CF,PA004,47.489664,17.434500,0,PCT,336.7,7.9,337.0,7.7,0,0,0,0,0,0,0,1
DF,PA005,47.158133,17.478494,1, ,0.0,0.0,0,0,0,0,0,0,0,0
TF,PA001,47.186061,17.593578,0, ,0.0,0.0,0.0,0.0,0,0,0,0,0,0,0,0
TF,PA002,47.266586,17.551575,0, ,0.0,0.0,0.0,0.0,1,4500,0,0,0,0,0,0
HM,PA002,47.266586,17.551575,2, ,0.0,0.0,337.0,04,0,0,0,1,230,0,0,0,0

