SID,CHI1C,24,2
CA,0,237.0,2,500,0,0,0,0,0,0
VI,0, ,0.0,212.0,0,0,0,0,0,0,0,0
CF,D211J,45.854058,12.962689,0,RIV,209.8,10.0,182.0,4.0,0,0,0,0,0,0,0,0
TF,D211Q,45.754808,12.875081,0, ,0.0,0.0,0.0,0.0,2,4000,0,0,0,0,0,0
TF,D211T,45.712253,12.837631,0, ,0.0,0.0,0.0,0.0,2,9000,0,0,0,0,0,0
TF,CHI,45.071111,12.281389,0, ,0.0,0.0,0.0,0.0,0,0,0,0,0,0,0,0

SID,CHI1D,06,2
CA,0,57.0,2,500,0,1,250,0,0,0
CF,D211J,45.854058,12.962689,2,RIV,209.8,10.0,241.0,8.0,0,0,0,0,0,0,0,0
TF,D211Q,45.754808,12.875081,0, ,0.0,0.0,0.0,0.0,2,4000,0,0,0,0,0,0
TF,D211T,45.712253,12.837631,0, ,0.0,0.0,0.0,0.0,2,9000,0,0,0,0,0,0
TF,CHI,45.071111,12.281389,0, ,0.0,0.0,0.0,0.0,0,0,0,0,0,0,0,0

SID,CHI1E,24,2
CA,0,237.0,2,500,0,0,0,0,0,0
VI,0, ,0.0,194.0,0,0,0,0,0,0,0,0
CF,D224O,45.821811,12.831239,0,RIV,224.0,15.0,224.0,11.0,2,5500,0,0,0,0,0,1
CF,D144Y,45.681944,12.919278,0,RIV,198.7,20.1,144.0,8.0,2,9000,0,0,0,0,0,0
CI,0, ,0.0,144.0,0,0,0,0,0,0,0,0
CF,BRAVO,45.543333,12.915556,0,RIV,193.0,28.1,194.0,7.0,2,9000,0,0,0,0,0,0
TF,CHI,45.071111,12.281389,0, ,0.0,0.0,0.0,0.0,0,0,0,0,0,0,0,0

SID,CHI1F,06,2
CA,0,57.0,2,500,0,0,0,0,0,0
CR,1,RIV,231.0,195.0,2,3500,0,0,0,0,0,0
CF,D224O,45.821811,12.831239,0,RIV,224.0,15.0,224.0,11.0,2,5500,0,0,0,0,0,1
CF,D144Y,45.681944,12.919278,0,RIV,198.7,20.1,144.0,8.0,2,9000,0,0,0,0,0,0
CI,0, ,0.0,144.0,0,0,0,0,0,0,0,0
CF,BRAVO,45.543333,12.915556,0,RIV,193.0,28.1,194.0,7.0,2,9000,0,0,0,0,0,0
TF,CHI,45.071111,12.281389,0, ,0.0,0.0,0.0,0.0,0,0,0,0,0,0,0,0

SID,CHI1G,24,2
DF,RIV,45.935333,12.942000,0, ,0.0,0.0,0,0,0,0,0,0,0,0
TF,D211L,45.826981,12.934653,0, ,0.0,0.0,0.0,0.0,2,9000,0,0,0,0,0,0
TF,BRAVO,45.543333,12.915556,0, ,0.0,0.0,0.0,0.0,2,9000,0,0,0,0,0,0
TF,CHI,45.071111,12.281389,0, ,0.0,0.0,0.0,0.0,0,0,0,0,0,0,0,0

SID,CHI1H,06,2
CA,0,57.0,2,500,0,1,250,0,0,0
DF,RIV,45.935333,12.942000,1, ,0.0,0.0,0,0,0,0,0,0,0,0
TF,D211L,45.826981,12.934653,0, ,0.0,0.0,0.0,0.0,2,9000,0,0,0,0,0,0
TF,BRAVO,45.543333,12.915556,0, ,0.0,0.0,0.0,0.0,2,9000,0,0,0,0,0,0
TF,CHI,45.071111,12.281389,0, ,0.0,0.0,0.0,0.0,0,0,0,0,0,0,0,0

SID,ISA1A,24,2
CA,0,237.0,2,500,0,0,0,0,0,0
CF,ISA33,45.915633,12.832419,0,RIV,243.9,11.7,245.0,8.0,2,5000,0,0,0,0,0,0
TF,ISA,45.687528,12.117083,0, ,0.0,0.0,0.0,0.0,0,0,0,0,0,0,0,0

SID,ISA1B,06,2
CA,0,57.0,2,500,0,1,250,0,0,0
CF,ISA36,45.936147,12.897739,2,RIV,243.9,8.7,272.0,8.0,0,0,0,0,0,0,0,0
TF,ISA33,45.915633,12.832419,0, ,0.0,0.0,0.0,0.0,2,5000,0,0,0,0,0,0
TF,ISA,45.687528,12.117083,0, ,0.0,0.0,0.0,0.0,0,0,0,0,0,0,0,0

SID,ROSK1C,24,2
CA,0,237.0,2,500,0,0,0,0,0,0
CI,1, ,0.0,140.0,0,0,0,0,0,0,0,0
CF,D191H,45.865942,13.044775,0,RIV,191.2,8.0,191.0,3.0,2,4000,0,0,0,0,0,0
TF,BRAVO,45.543333,12.915556,0, ,0.0,0.0,0.0,0.0,2,9000,0,0,0,0,0,0
TF,ROSKA,45.314167,12.861667,0, ,0.0,0.0,0.0,0.0,0,0,0,0,0,0,0,0

SID,ROSK1D,06,2
CA,0,57.0,2,500,0,1,250,0,0,0
CI,2, ,0.0,230.0,0,0,0,0,0,0,0,0
CF,D191H,45.865942,13.044775,0,RIV,191.2,8.0,191.0,3.0,2,4000,0,0,0,0,0,0
TF,BRAVO,45.543333,12.915556,0, ,0.0,0.0,0.0,0.0,2,9000,0,0,0,0,0,0
TF,ROSKA,45.314167,12.861667,0, ,0.0,0.0,0.0,0.0,0,0,0,0,0,0,0,0

APPTR,N06,06,RIV1
IF,RIV,45.935333,12.942000, ,0.0,0.0,2,4000,0,0,0,0,0,0
FC,RIV,45.935333,12.942000,0,RCH,0.0,0.0,209.0,4.6,2,2500,0,1,185,0,0,1
CF,D238E,45.898133,12.845986,2,RCH,277.0,26.9,58.0,1.0,2,2500,0,0,0,0,0,0
CF,RIV,45.935333,12.942000,0,RCH,283.9,23.4,58.0,4.6,2,1500,0,0,0,0,0,0

APPTR,N06,06,RIV2
IF,RIV,45.935333,12.942000, ,0.0,0.0,2,4000,0,0,0,0,0,0
FC,RIV,45.935333,12.942000,0,RCH,0.0,0.0,220.0,2.3,2,2500,0,1,140,0,0,1
CF,D238B,45.916742,12.893975,2,RCH,280.2,25.1,58.0,1.0,2,2500,0,0,0,0,0,0
CF,RIV,45.935333,12.942000,0,RCH,283.9,23.4,58.0,2.3,2,1500,0,0,0,0,0,0

FINAL,N06,06,N,2
IF,RIV,45.935333,12.942000,RIV,0.0,0.0,2,1500,0,0,0,0,2,0
CF,RW06,45.973531,13.035064,0,RIV,0.0,0.0,58.0,4.5,1,212,0,0,0,0,3,0
CA,0,58.0,2,580,0,0,0,0,0,0
DF,RIV,45.935333,12.942000,1, ,0.0,0.0,1,2500,0,0,0,0,0,0

APPTR,T06,06,D237S
IF,D237S,45.836753,12.696139, ,0.0,0.0,2,4000,0,0,0,0,1,0
CF,D237M,45.887100,12.819764,0,RIV,237.0,13.0,57.0,6.0,2,3100,0,0,0,0,1,0
CF,D237K,45.903853,12.861022,0,RIV,237.0,11.0,57.0,2.0,2,2600,0,0,0,0,0,0
CF,CT06,45.916406,12.891983,0,RIV,237.0,9.5,57.0,1.5,2,2100,0,0,0,0,0,0

APPTR,T06,06,RIV30
IF,RIV30,45.744106,12.470069, ,0.0,0.0,2,10000,0,0,0,0,1,0
CF,D237S,45.836753,12.696139,0,RIV,237.0,19.0,57.0,11.0,2,3100,0,0,0,0,1,0
CF,D237K,45.903853,12.861022,0,RIV,237.0,11.0,57.0,8.0,2,2600,0,0,0,0,0,0
CF,CT06,45.916406,12.891983,0,RIV,237.0,9.5,57.0,1.5,2,2100,0,0,0,0,0,0

FINAL,T06,06,D,3
IF,CT06,45.916406,12.891983,RIV,237.0,9.5,2,2100,0,0,0,0,0,0
CF,FT06,45.928953,12.922958,0,RIV,237.0,8.0,57.0,1.5,2,2100,0,0,0,0,2,0
CF,MT06,45.970711,13.026306,0,RIV,237.0,3.0,57.0,5.0,1,352,0,0,0,0,3,0
CA,0,57.0,2,580,0,0,0,0,0,0
CI,2, ,0.0,273.0,0,0,0,0,0,0,0,0
CF,D237N,45.878717,12.799144,0,RIV,237.0,14.0,237.0,8.0,2,3000,0,0,0,0,0,0
HM,D237N,45.878717,12.799144,2, ,0.0,0.0,57.0,05,1,4000,0,1,230,0,0,0,0

