SID,ADOS5G,04,5
DF,DER04,45.407642,10.905897,0, ,0.0,0.0,0,0,0,1,250,0,0,1
CA,0,44.0,2,750,0,1,250,0,0,0
VI,2, ,0.0,144.0,0,0,0,1,250,0,0,0
CF,PX501,45.320464,11.161586,0,VIL,113.8,12.0,114.0,6.0,2,6000,0,1,250,0,0,1
CF,ADOSA,45.644444,11.026389,1,VIL,17.6,15.1,332.0,19.0,0,0,0,0,0,0,0,0

SID,ADOS5W,22,5
DF,DER22,45.387319,10.876336,0, ,0.0,0.0,0,0,0,0,0,0,0,1
CA,0,224.0,2,620,0,0,0,0,0,0
CF,PX509,45.346061,10.780753,0,VIL,233.1,6.5,245.0,5.0,2,2000,0,1,250,0,0,1
DF,PX503,45.335964,11.116508,1, ,0.0,0.0,0,0,0,0,0,0,0,0
TF,PX501,45.320464,11.161586,0, ,0.0,0.0,0.0,0.0,2,6000,0,1,250,0,0,1
CF,ADOSA,45.644444,11.026389,1,VIL,17.6,15.1,332.0,19.0,0,0,0,0,0,0,0,0

SID,ADOS6S,04,2
DF,DER04,45.407642,10.905897,0, ,0.0,0.0,0,0,0,0,0,0,0,1
CA,0,44.0,2,750,0,0,0,0,0,0
CI,2, ,0.0,154.0,0,0,0,1,250,0,0,0
CF,D114L,45.320519,11.161411,0,VIL,113.8,12.0,114.0,7.0,2,6000,0,1,250,0,0,1
CF,ADOSA,45.644444,11.026389,1,VIL,17.6,15.1,332.0,19.0,0,0,0,0,0,0,0,0

SID,ADOS6U,22,2
DF,DER22,45.387319,10.876336,0, ,0.0,0.0,0,0,0,0,0,0,0,1
CD, ,0,0,0,VIL,0,0.0,245.0,6.5,2,2000,0,0,0,0,0,0
CI,1, ,0.0,67.0,0,0,0,1,250,0,0,0
CF,PX501,45.320464,11.161586,0,VIL,113.8,12.0,114.0,6.0,2,6000,0,0,0,0,0,1
CF,ADOSA,45.644444,11.026389,1,VIL,17.6,15.1,332.0,19.0,0,0,0,0,0,0,0,0

SID,BOA5E,22,2
DF,DER22,45.387319,10.876336,0, ,0.0,0.0,0,0,0,0,0,0,0,1
CD, ,0,0,0,VIL,0,0.0,245.0,6.5,2,2000,0,0,0,0,0,0
CR,1,VIL,141.0,90.0,2,5500,0,1,250,0,0,0
VI,0, ,0.0,124.0,0,0,0,0,0,0,0,0
CF,BOA,44.537028,11.290667,0,BOA,0.0,0.0,169.0,44.0,0,0,0,0,0,0,0,0

SID,BOA5G,04,5
DF,DER04,45.407642,10.905897,0, ,0.0,0.0,0,0,0,1,250,0,0,1
CA,0,44.0,2,750,0,1,250,0,0,0
VI,2, ,0.0,144.0,0,0,0,1,250,0,0,0
CF,PX501,45.320464,11.161586,0,VIL,113.8,12.0,114.0,6.0,2,6000,0,1,250,0,0,0
TF,BOA,44.537028,11.290667,0, ,0.0,0.0,0.0,0.0,0,0,0,0,0,0,0,0

SID,BOA5H,22,2
CA,0,224.0,2,620,0,0,0,0,0,0
CD, ,0,0,0,VIL,0,0.0,245.0,6.5,2,2000,0,0,0,0,0,0
CR,1,BOA,340.0,97.0,2,5500,0,1,250,0,0,0
CI,0, ,0.0,97.0,0,0,0,0,0,0,0,0
CF,BOA,44.567333,11.200222,0,BOA,293.1,4.3,172.0,43.0,0,0,0,0,0,0,0,0

SID,BOA5M,04,2
DF,DER04,45.407642,10.905897,0, ,0.0,0.0,0,0,0,0,0,0,0,1
CA,0,44.0,2,750,0,0,0,0,0,0
CF,BOA45,45.277614,11.124514,2,BOA,349.0,45.0,154.0,10.0,2,5500,0,1,250,0,0,0
TF,BOA,44.537028,11.290667,0, ,0.0,0.0,0.0,0.0,0,0,0,0,0,0,0,0

SID,BOA6K,04,2
DF,DER04,45.407642,10.905897,0, ,0.0,0.0,0,0,0,0,0,0,0,1
CA,0,44.0,2,750,0,0,0,0,0,0
VI,0, ,0.0,127.0,0,0,0,1,250,0,0,0
CF,BOA44,45.289908,11.092631,0,BOA,347.5,46.0,172.0,6.0,2,5500,0,0,0,0,0,0
TF,BOA,44.567333,11.200222,0, ,0.0,0.0,0.0,0.0,0,0,0,0,0,0,0,0

SID,COD5E,22,2
DF,DER22,45.387319,10.876336,0, ,0.0,0.0,0,0,0,0,0,0,0,1
CD, ,0,0,0,VIL,0,0.0,245.0,6.5,2,2000,0,0,0,0,0,0
CF,BEG30,45.460672,10.355964,0,BEG,113.5,30.0,293.0,17.0,2,6000,0,1,250,0,0,0
CF,COD,45.226278,9.541194,0,BEG,194.0,27.5,248.0,37.0,2,9000,0,0,0,0,0,0

SID,COD5G,04,5
DF,DER04,45.407642,10.905897,0, ,0.0,0.0,0,0,0,1,250,0,0,1
CA,0,44.0,2,750,0,1,250,0,0,0
DF,PX522,45.327275,11.070458,2, ,0.0,0.0,2,4000,0,1,250,0,0,0
TF,PX511,45.244178,10.806100,0, ,0.0,0.0,0.0,0.0,2,5500,0,0,0,0,0,0
TF,PX512,45.031817,10.515253,0, ,0.0,0.0,0.0,0.0,2,9000,0,0,0,0,0,0
TF,COD,45.226278,9.541194,0, ,0.0,0.0,0.0,0.0,2,9000,0,0,0,0,0,0

SID,COD5S,04,2
DF,DER04,45.407642,10.905897,0, ,0.0,0.0,0,0,0,0,0,0,0,1
CA,0,44.0,2,750,0,0,0,0,0,0
CI,2, ,0.0,245.0,0,0,0,1,250,0,0,0
CF,BEG30,45.460672,10.355964,0,VIL,276.0,23.5,293.0,22.0,2,6000,0,0,0,0,0,0
CF,COD,45.226278,9.541194,0,VIL,257.8,58.8,248.0,37.0,2,9000,0,0,0,0,0,0

SID,KOPE5G,04,5
DF,DER04,45.407642,10.905897,0, ,0.0,0.0,0,0,0,1,250,0,0,1
CA,0,44.0,2,750,0,1,250,0,0,0
VI,2, ,0.0,144.0,0,0,0,1,250,0,0,0
CF,PX501,45.320464,11.161586,0,VIL,113.8,12.0,114.0,6.0,2,5000,0,1,250,0,0,0
TF,KOPER,45.153889,11.641389,0, ,0.0,0.0,0.0,0.0,2,9000,0,0,0,0,0,0

SID,KOPE6S,04,2
DF,DER04,45.407642,10.905897,0, ,0.0,0.0,0,0,0,0,0,0,0,1
CA,0,44.0,2,750,0,0,0,0,0,0
CI,2, ,0.0,154.0,0,0,0,1,250,0,0,0
FD,VIL,45.407889,10.906250,0,VIL,0.0,12.0,114.0,12.0,2,5000,0,0,0,0,0,0
CF,KOPER,45.153889,11.641389,0,VIL,113.8,34.7,114.0,23.0,2,9000,0,0,0,0,0,0

SID,KOPE6U,22,2
DF,DER22,45.387319,10.876336,0, ,0.0,0.0,0,0,0,0,0,0,0,1
CD, ,0,0,0,VIL,0,0.0,245.0,6.5,2,2000,0,0,0,0,0,0
CI,1, ,0.0,67.0,0,0,0,1,250,0,0,0
CF,PX501,45.320464,11.161586,0,VIL,113.8,12.0,114.0,6.0,2,5000,0,0,0,0,0,0
CF,KOPER,45.153889,11.641389,0,VIL,113.8,34.7,114.0,23.0,2,9000,0,0,0,0,0,0

SID,LEGL5G,04,5
DF,DER04,45.407642,10.905897,0, ,0.0,0.0,0,0,0,1,250,0,0,1
CA,0,44.0,2,750,0,1,250,0,0,0
DF,PX522,45.327275,11.070458,2, ,0.0,0.0,2,4000,0,1,250,0,0,0
TF,PX511,45.244178,10.806100,0, ,0.0,0.0,0.0,0.0,2,5500,0,0,0,0,0,0
TF,PX512,45.031817,10.515253,0, ,0.0,0.0,0.0,0.0,2,9000,0,0,0,0,0,0
TF,LEGLO,45.650278,9.769444,2, ,0.0,0.0,0.0,0.0,2,11000,0,0,0,0,0,0

SID,LEGL5S,04,2
DF,DER04,45.407642,10.905897,0, ,0.0,0.0,0,0,0,0,0,0,0,1
CA,0,44.0,2,750,0,0,0,0,0,0
CI,2, ,0.0,245.0,0,0,0,1,250,0,0,0
CF,BEG30,45.460672,10.355964,0,VIC,257.7,56.7,293.0,22.0,2,6000,0,0,0,0,0,0
TF,LEGLO,45.650278,9.769444,0, ,0.0,0.0,0.0,0.0,2,11000,0,0,0,0,0,0

SID,LEGL5U,22,2
DF,DER22,45.387319,10.876336,0, ,0.0,0.0,0,0,0,0,0,0,0,1
CD, ,0,0,0,VIL,0,0.0,245.0,6.5,2,2000,0,1,250,0,0,0
CF,BEG30,45.460672,10.355964,0,BEG,113.5,30.0,293.0,17.0,2,6000,0,0,0,0,0,0
TF,LEGLO,45.650278,9.769444,0, ,0.0,0.0,0.0,0.0,2,11000,0,0,0,0,0,0

SID,LUMA5G,04,5
DF,DER04,45.407642,10.905897,0, ,0.0,0.0,0,0,0,1,250,0,0,1
CA,0,44.0,2,750,0,1,250,0,0,0
VI,2, ,0.0,144.0,0,0,0,1,250,0,0,0
CF,PX501,45.320464,11.161586,0,VIL,113.8,12.0,114.0,6.0,2,6000,0,1,250,0,0,0
TF,LUMAV,44.814444,11.616389,0, ,0.0,0.0,0.0,0.0,2,11000,0,0,0,0,0,0

SID,LUMA5S,04,2
DF,DER04,45.407642,10.905897,0, ,0.0,0.0,0,0,0,0,0,0,0,1
CA,0,44.0,2,750,0,0,0,0,0,0
CI,2, ,0.0,172.0,0,0,0,1,250,0,0,0
CF,D138L,45.255772,11.090203,0,VIL,137.5,12.0,138.0,6.0,2,5500,0,0,0,0,0,0
TF,LUMAV,44.814444,11.616389,0, ,0.0,0.0,0.0,0.0,2,11000,0,0,0,0,0,0

SID,LUMA5U,22,2
DF,DER22,45.387319,10.876336,0, ,0.0,0.0,0,0,0,0,0,0,0,1
CD, ,0,0,0,VIL,0,0.0,245.0,6.5,2,2000,0,1,250,0,0,0
CR,1,VIL,141.0,90.0,2,5500,0,0,0,0,0,0
CF,LUMAV,44.814444,11.616389,0,VIC,181.0,49.4,138.0,38.0,2,11000,0,0,0,0,0,0

SID,OSBU5G,04,5
DF,DER04,45.407642,10.905897,0, ,0.0,0.0,0,0,0,1,250,0,0,1
CA,0,44.0,2,750,0,1,250,0,0,0
DF,PX522,45.327275,11.070458,2, ,0.0,0.0,2,4000,0,1,250,0,0,0
TF,PX511,45.244178,10.806100,0, ,0.0,0.0,0.0,0.0,2,5500,0,0,0,0,0,0
TF,PX512,45.031817,10.515253,0, ,0.0,0.0,0.0,0.0,2,9000,0,0,0,0,0,0
TF,OSBUL,44.822222,10.293333,0, ,0.0,0.0,0.0,0.0,2,9000,0,0,0,0,0,0

SID,OSBU5M,04,2
DF,DER04,45.407642,10.905897,0, ,0.0,0.0,0,0,0,0,0,0,0,1
CA,0,44.0,2,750,0,0,0,0,0,0
CI,2, ,0.0,245.0,0,0,0,1,250,0,0,0
CF,OSBUL,44.822222,10.293333,0,VIL,214.8,43.7,215.0,39.0,2,9000,0,0,0,0,0,0

SID,OSBU5W,22,2
DF,DER22,45.387319,10.876336,0, ,0.0,0.0,0,0,0,0,0,0,0,1
CD, ,0,0,0,VIL,0,0.0,245.0,6.5,2,2000,0,1,250,0,0,0
CI,0, ,0.0,185.0,0,0,0,0,0,0,0,0
CF,OSBUL,44.822222,10.293333,0,VIC,228.7,76.4,215.0,33.0,2,9000,0,0,0,0,0,0

SID,VABO5G,04,5
DF,DER04,45.407642,10.905897,0, ,0.0,0.0,0,0,0,1,250,0,0,1
CA,0,44.0,2,750,0,1,250,0,0,0
VI,2, ,0.0,144.0,0,0,0,1,250,0,0,0
CF,PX501,45.320464,11.161586,0,VIL,113.8,12.0,114.0,7.0,2,5000,0,1,250,0,0,0
TF,VABOK,45.293611,11.278056,0, ,0.0,0.0,0.0,0.0,2,11000,0,0,0,0,0,0

SID,VABO6S,04,2
DF,DER04,45.407642,10.905897,0, ,0.0,0.0,0,0,0,0,0,0,0,1
CA,0,44.0,2,750,0,0,0,0,0,0
CI,2, ,0.0,154.0,0,0,0,1,250,0,0,0
CF,D114L,45.320519,11.161411,0,VIL,113.8,12.0,114.0,7.0,0,0,0,0,0,0,0,1
TF,VABOK,45.293611,11.278056,0, ,0.0,0.0,0.0,0.0,2,11000,0,0,0,0,0,0

SID,VABO6U,22,2
DF,DER22,45.387319,10.876336,0, ,0.0,0.0,0,0,0,0,0,0,0,1
CD, ,0,0,0,VIL,0,0.0,245.0,6.5,2,2000,0,0,0,0,0,0
CI,1, ,0.0,67.0,0,0,0,1,250,0,0,0
CF,PX501,45.320464,11.161586,0,VIL,113.8,12.0,114.0,5.0,0,0,0,0,0,0,0,1
CF,VABOK,45.293611,11.278056,0,VIL,111.4,17.2,106.0,5.0,2,11000,0,0,0,0,0,0

STAR,BOA1J,04,5
IF,BOA,44.537028,11.290667, ,0.0,0.0,0,0,0,0,0,0,0,0
TF,PX438,44.902906,11.166264,0, ,0.0,0.0,0.0,0.0,0,0,0,0,0,0,0,0
TF,PX407,45.121844,11.091083,0, ,0.0,0.0,0.0,0.0,0,0,0,0,0,0,0,0
TF,PX403,45.234250,10.823281,0, ,0.0,0.0,0.0,0.0,0,0,0,0,0,0,0,0
TF,PX404,45.185517,10.752819,0, ,0.0,0.0,0.0,0.0,0,0,0,0,0,0,0,0
TF,BOLVO,45.138611,10.685000,0, ,0.0,0.0,0.0,0.0,0,0,0,1,210,0,0,0

STAR,IDRE1J,04,5
IF,IDREK,45.646111,10.819444, ,0.0,0.0,0,0,0,0,0,0,0,0
TF,PX421,45.514247,10.769942,0, ,0.0,0.0,0.0,0.0,0,0,0,0,0,0,0,0
TF,PX422,45.401439,10.727675,0, ,0.0,0.0,0.0,0.0,0,0,0,0,0,0,0,0
TF,PX423,45.352950,10.659356,0, ,0.0,0.0,0.0,0.0,0,0,0,0,0,0,0,0
TF,PX424,45.304772,10.587986,0, ,0.0,0.0,0.0,0.0,0,0,0,0,0,0,0,0
TF,RIVEV,45.258056,10.520556,0, ,0.0,0.0,0.0,0.0,0,0,0,1,210,0,0,0

STAR,IDRE1R,04,5
IF,IDREK,45.646111,10.819444, ,0.0,0.0,0,0,0,0,0,0,0,0
TF,PX437,45.364483,11.012500,0, ,0.0,0.0,0.0,0.0,0,0,0,0,0,0,0,0
TF,PX402,45.281994,10.892497,0, ,0.0,0.0,0.0,0.0,0,0,0,0,0,0,0,0
TF,PX403,45.234250,10.823281,0, ,0.0,0.0,0.0,0.0,0,0,0,0,0,0,0,0
TF,PX404,45.185517,10.752819,0, ,0.0,0.0,0.0,0.0,0,0,0,0,0,0,0,0
TF,BOLVO,45.138611,10.685000,0, ,0.0,0.0,0.0,0.0,0,0,0,1,210,0,0,0

STAR,IDRE1X,04,2
IF,IDREK,45.646111,10.819444, ,0.0,0.0,0,0,0,0,0,0,0,0
TF,D336N,45.624150,10.781675,0, ,0.0,0.0,0.0,0.0,0,0,0,0,0,0,0,0
AF,D270N,45.415578,10.575175,1,VIL,270.0,14.0,336.0,0,0,0,0,0,0,0,0
AF,D232N,45.270472,10.638919,1,VIL,232.0,14.0,270.0,0,0,0,0,0,0,0,0
CF,PEVIK,45.288056,10.732500,0,VIL,223.7,10.3,44.0,2.0,0,0,0,1,200,0,0,0

STAR,NEVN1J,04,5
IF,NEVNI,45.648333,10.422500, ,0.0,0.0,0,0,0,0,0,0,0,0
TF,PX432,45.250386,10.342536,0, ,0.0,0.0,0.0,0.0,0,0,0,0,0,0,0,0
TF,PX433,45.195175,10.430878,0, ,0.0,0.0,0.0,0.0,0,0,0,0,0,0,0,0
TF,ABLID,45.140000,10.519167,0, ,0.0,0.0,0.0,0.0,0,0,0,1,210,0,0,0

STAR,NEVN1R,04,5
IF,NEVNI,45.648333,10.422500, ,0.0,0.0,0,0,0,0,0,0,0,0
TF,PX423,45.352950,10.659356,0, ,0.0,0.0,0.0,0.0,0,0,0,0,0,0,0,0
TF,PX424,45.304772,10.587986,0, ,0.0,0.0,0.0,0.0,0,0,0,0,0,0,0,0
TF,RIVEV,45.258056,10.520556,0, ,0.0,0.0,0.0,0.0,0,0,0,1,210,0,0,0

STAR,NEVN1X,04,2
IF,NEVNI,45.648333,10.422500, ,0.0,0.0,0,0,0,0,0,0,0,0
TF,D303P,45.562086,10.596981,0, ,0.0,0.0,0.0,0.0,0,0,0,0,0,0,0,1
CI,0, ,0.0,123.0,0,0,0,0,0,0,0,0
AF,D270N,45.415578,10.575175,1,VIL,270.0,14.0,303.0,0,0,0,0,0,0,0,0
AF,D232N,45.270472,10.638919,1,VIL,232.0,14.0,270.0,0,0,0,0,0,0,0,0
CF,PEVIK,45.288056,10.732500,0,VIL,223.7,10.3,44.0,3.0,0,0,0,1,200,0,0,0

STAR,OSBU1J,04,5
IF,OSBUL,44.822222,10.293333, ,0.0,0.0,0,0,0,0,0,0,0,0
TF,PX436,45.042533,10.240475,0, ,0.0,0.0,0.0,0.0,0,0,0,0,0,0,0,0
TF,PX433,45.195175,10.430878,0, ,0.0,0.0,0.0,0.0,0,0,0,0,0,0,0,0
TF,ABLID,45.140000,10.519167,0, ,0.0,0.0,0.0,0.0,0,0,0,1,210,0,0,0

STAR,OSBU2X,04,2
IF,OSBUL,44.822222,10.293333, ,0.0,0.0,0,0,0,0,0,0,0,0
TF,VIL35,44.936836,10.412025,0, ,0.0,0.0,0.0,0.0,0,0,0,0,0,0,0,0
TF,VIL32,44.979750,10.456622,0, ,0.0,0.0,0.0,0.0,0,0,0,0,0,0,0,0
TF,ABLID,45.140000,10.519167,0, ,0.0,0.0,0.0,0.0,0,0,0,0,0,0,0,0
TF,GIVAT,45.198508,10.601925,0, ,0.0,0.0,0.0,0.0,0,0,0,0,0,0,0,0
TF,ERMOB,45.245000,10.670278,0, ,0.0,0.0,0.0,0.0,0,0,0,0,0,0,0,0
TF,PEVIK,45.288056,10.732500,0, ,0.0,0.0,0.0,0.0,0,0,0,0,0,0,0,0

STAR,OSTE1J,04,5
IF,OSTEG,45.178611,11.138889, ,0.0,0.0,0,0,0,0,0,0,0,0
TF,PX408,45.222444,11.034522,0, ,0.0,0.0,0.0,0.0,0,0,0,0,0,0,0,0
TF,PX402,45.281994,10.892497,0, ,0.0,0.0,0.0,0.0,0,0,0,0,0,0,0,0
TF,PX403,45.234250,10.823281,0, ,0.0,0.0,0.0,0.0,0,0,0,0,0,0,0,0
TF,PX404,45.185517,10.752819,0, ,0.0,0.0,0.0,0.0,0,0,0,0,0,0,0,0
TF,BOLVO,45.138611,10.685000,0, ,0.0,0.0,0.0,0.0,0,0,0,1,210,0,0,0

STAR,OSTE1X,04,2
IF,OSTEG,45.178611,11.138889, ,0.0,0.0,0,0,0,0,0,0,0,0
CI,0, ,0.0,323.0,0,0,0,0,0,0,0,0
AF,D200N,45.191536,10.782622,2,VIL,200.0,14.0,143.0,0,0,0,0,0,0,0,0
AF,D216N,45.223892,10.702972,2,VIL,216.0,14.0,200.0,0,0,0,0,0,0,0,0
CF,PEVIK,45.288056,10.732500,0,VIL,223.7,12.6,44.0,4.0,0,0,0,1,200,0,0,0

STAR,SRN2B,04,2
IF,SRN,45.645972,9.021583, ,0.0,0.0,0,0,0,0,0,0,0,0
TF,TZO,45.559250,9.507083,0, ,0.0,0.0,0.0,0.0,0,0,0,0,0,0,0,0
TF,D113W,45.398222,10.001467,0, ,0.0,0.0,0.0,0.0,0,0,0,0,0,0,0,0
TF,GIVAT,45.198508,10.601925,0, ,0.0,0.0,0.0,0.0,0,0,0,0,0,0,0,0
TF,PEVIK,45.288056,10.732500,0, ,0.0,0.0,0.0,0.0,0,0,0,0,0,0,0,0

STAR,TZO1J,04,5
IF,TZO,45.559250,9.507083, ,0.0,0.0,0,0,0,0,0,0,0,0
TF,PX401,45.395886,9.999897,0, ,0.0,0.0,0.0,0.0,0,0,0,0,0,0,0,0
TF,PX431,45.316667,10.236111,0, ,0.0,0.0,0.0,0.0,0,0,0,0,0,0,0,0
TF,PX432,45.250386,10.342536,0, ,0.0,0.0,0.0,0.0,0,0,0,0,0,0,0,0
TF,PX433,45.195175,10.430878,0, ,0.0,0.0,0.0,0.0,0,0,0,0,0,0,0,0
TF,ABLID,45.140000,10.519167,0, ,0.0,0.0,0.0,0.0,0,0,0,1,210,0,0,0

STAR,TZO2B,04,2
IF,TZO,45.559250,9.507083, ,0.0,0.0,0,0,0,0,0,0,0,0
TF,D113W,45.398222,10.001467,0, ,0.0,0.0,0.0,0.0,0,0,0,0,0,0,0,0
TF,GIVAT,45.198508,10.601925,0, ,0.0,0.0,0.0,0.0,0,0,0,0,0,0,0,0
TF,PEVIK,45.288056,10.732500,0, ,0.0,0.0,0.0,0.0,0,0,0,0,0,0,0,0

APPTR,D04,04,ERMOB
IF,ERMOB,45.245000,10.670278, ,0.0,0.0,2,3000,0,0,0,0,1,0
CF,PEVIK,45.288056,10.732500,0,VIL,223.7,10.3,44.0,3.7,2,3000,0,0,0,0,0,0

APPTR,D04,04,UNKAV
IF,UNKAV,45.232778,10.981944, ,0.0,0.0,2,3000,0,0,0,0,0,0
CI,0, ,0.0,161.0,0,0,0,0,0,0,0,0
AF,D216N,45.223892,10.702972,2,VIL,216.0,14.0,161.0,0,0,0,0,0,0,0,0
CF,PEVIK,45.288056,10.732500,0,VIL,223.7,10.3,44.0,4.0,2,3000,0,0,0,0,0,0

FINAL,D04,04,D,2
IF,PEVIK,45.288056,10.732500,VIL,223.7,10.3,2,3000,0,0,0,0,2,0
CF,MD04,45.384758,10.872200,0,VIL,224.1,2.0,44.0,8.3,1,364,0,0,0,0,3,0
CF,VIL,45.407889,10.906250,0,VIL,0.0,0.0,44.0,2.0,0,0,0,0,0,0,0,0
FA,VIL,45.407889,10.906250,0,VIL,0.0,0.0,44.0,2,1000,0,0,0,0,0,0
VI,2, ,0.0,200.0,0,0,0,0,0,0,0,0
CF,UNKAV,45.232778,10.981944,0,VIL,161.0,11.0,161.0,6.0,1,3000,0,0,0,0,0,0
HM,UNKAV,45.232778,10.981944,2, ,0.0,0.0,161.0,03,0,0,0,1,185,0,0,0,0

APPTR,I04,04,ABLID
IF,ABLID,45.140000,10.519167, ,0.0,0.0,2,5000,0,0,0,0,1,0
TF,GIVAT,45.198508,10.601925,0, ,0.0,0.0,0.0,0.0,2,4000,0,0,0,0,0,0
CF,ERMOB,45.245000,10.670278,0,IVF,223.7,14.0,44.0,4.0,2,3000,0,0,0,0,1,0

APPTR,I04,04,BOLVO
IF,BOLVO,45.138611,10.685000, ,0.0,0.0,2,5000,0,0,0,0,1,0
TF,GIVAT,45.198508,10.601925,0, ,0.0,0.0,0.0,0.0,2,4000,0,0,0,0,0,0
CF,ERMOB,45.245000,10.670278,0,IVF,223.7,14.0,44.0,4.0,2,3000,0,0,0,0,1,0

APPTR,I04,04,RIVEV
IF,RIVEV,45.258056,10.520556, ,0.0,0.0,2,5000,0,0,0,0,1,0
TF,GIVAT,45.198508,10.601925,0, ,0.0,0.0,0.0,0.0,2,4000,0,0,0,0,0,0
CF,ERMOB,45.245000,10.670278,0,IVF,223.7,14.0,44.0,4.0,2,3000,0,0,0,0,1,0

APPTR,I04,04,UNKAV
IF,UNKAV,45.232778,10.981944, ,0.0,0.0,2,3000,0,0,0,0,0,0
CI,0, ,0.0,161.0,0,0,0,0,0,0,0,0
AF,D216N,45.223892,10.702972,2,VIL,216.0,14.0,161.0,0,0,0,0,0,0,0,0
CI,0,IVF,0.0,14.0,2,3000,0,0,0,0,0,0

FINAL,I04,04,I,3
IF,ERMOB,45.245000,10.670278,IVF,223.7,14.0,2,3000,0,0,0,0,0,0
CF,PEVIK,45.288056,10.732500,0,IVF,223.7,10.3,44.0,3.7,1,3000,0,0,0,0,2,0
CF,RW04,45.387683,10.876867,0,IVF,223.7,1.7,44.0,8.6,1,277,0,0,0,0,3,0
CF,VIL,45.407889,10.906250,0,VIL,0.0,0.0,44.0,1.7,0,0,0,0,0,0,0,0
FA,VIL,45.407889,10.906250,0,VIL,0.0,0.0,44.0,2,1000,0,0,0,0,0,0
VI,2, ,0.0,200.0,0,0,0,1,210,0,0,0
CF,UNKAV,45.232778,10.981944,0,VIL,161.0,11.0,161.0,6.0,1,3000,0,0,0,0,0,0
HM,UNKAV,45.232778,10.981944,2, ,0.0,0.0,161.0,03,0,0,0,1,185,0,0,0,0

APPTR,R04,04,ABLID
IF,ABLID,45.140000,10.519167, ,0.0,0.0,2,5000,0,0,0,0,1,0
TF,GIVAT,45.198508,10.601925,0, ,0.0,0.0,0.0,0.0,2,4000,0,1,200,0,0,0
TF,ERMOB,45.245000,10.670278,0, ,0.0,0.0,0.0,0.0,2,3000,0,0,0,0,1,0

APPTR,R04,04,BOLVO
IF,BOLVO,45.138611,10.685000, ,0.0,0.0,2,5000,0,0,0,0,1,0
TF,GIVAT,45.198508,10.601925,0, ,0.0,0.0,0.0,0.0,2,4000,0,1,200,0,0,0
TF,ERMOB,45.245000,10.670278,0, ,0.0,0.0,0.0,0.0,2,3000,0,0,0,0,1,0

APPTR,R04,04,RIVEV
IF,RIVEV,45.258056,10.520556, ,0.0,0.0,2,5000,0,0,0,0,1,0
TF,GIVAT,45.198508,10.601925,0, ,0.0,0.0,0.0,0.0,2,4000,0,1,200,0,0,0
TF,ERMOB,45.245000,10.670278,0, ,0.0,0.0,0.0,0.0,2,3000,0,0,0,0,1,0

FINAL,R04,04,R,3
IF,ERMOB,45.245000,10.670278, ,0.0,0.0,2,3000,0,0,0,0,0,0
TF,PEVIK,45.288056,10.732500,0, ,0.0,0.0,44.0,3.7,1,3000,0,0,0,0,2,0
TF,RW04,45.387683,10.876867,0, ,0.0,0.0,44.0,8.6,1,277,0,0,0,0,3,1
TF,PX701,45.425636,10.932100,0, ,0.0,0.0,0.0,0.0,2,1000,0,1,200,0,0,1
VI,2, ,0.0,200.0,0,0,0,0,0,0,0,0
CF,UNKAV,45.232778,10.981944,0,VIL,161.0,11.0,161.0,5.0,2,3000,0,0,0,0,0,1
HM,UNKAV,45.232778,10.981944,2, ,0.0,0.0,161.0,02.6,2,3000,0,1,185,0,0,0,0

