SID,BEKV3X,13,5
DF,CF,49.904019,15.432844,0, ,0.0,0.0,0,0,0,0,0,0,0,1
CF,CV288,49.930000,15.233528,2,VLM,22.5,15.0,313.0,6.0,0,0,0,1,250,0,0,0
TF,GOLIN,50.059314,14.984964,0, ,0.0,0.0,0.0,0.0,0,0,0,0,0,0,0,0
TF,BEKVI,50.073356,14.722358,0, ,0.0,0.0,0.0,0.0,0,0,0,0,0,0,0,0

SID,BEKV3Y,31,5
DF,CV314,49.982194,15.320806,0, ,0.0,0.0,2,1800,0,1,250,0,0,1
TF,GOLIN,50.059314,14.984964,0, ,0.0,0.0,0.0,0.0,0,0,0,0,0,0,0,0
TF,BEKVI,50.073356,14.722358,0, ,0.0,0.0,0.0,0.0,0,0,0,0,0,0,0,0

SID,BODA2X,13,5
DF,CF,49.904019,15.432844,0, ,0.0,0.0,0,0,0,0,0,0,0,1
TF,BODAL,49.464108,15.782703,0, ,0.0,0.0,0.0,0.0,0,0,0,0,0,0,0,0

SID,BODA4Y,31,5
DF,CV314,49.982194,15.320806,0, ,0.0,0.0,2,1800,0,1,250,0,0,1
CF,CV225,49.851892,15.345564,1,VLM,47.6,14.0,133.0,6.0,0,0,0,1,250,0,0,0
TF,BODAL,49.464108,15.782703,0, ,0.0,0.0,0.0,0.0,0,0,0,0,0,0,0,0

SID,BULE1X,13,5
DF,CF,49.904019,15.432844,0, ,0.0,0.0,0,0,0,0,0,0,0,1
CF,ERUSO,50.185853,15.271108,2,VLM,12.2,30.0,349.0,18.0,0,0,0,1,250,0,0,0
TF,BULEK,50.413239,15.065306,0, ,0.0,0.0,0.0,0.0,0,0,0,0,0,0,0,0

SID,BULE1Y,31,5
DF,CV314,49.982194,15.320806,0, ,0.0,0.0,2,1800,0,1,250,0,0,1
TF,ERUSO,50.185853,15.271108,0, ,0.0,0.0,0.0,0.0,0,0,0,0,0,0,0,0
TF,BULEK,50.413239,15.065306,0, ,0.0,0.0,0.0,0.0,0,0,0,0,0,0,0,0

SID,USUP1X,13,5
DF,CF,49.904019,15.432844,0, ,0.0,0.0,0,0,0,0,0,0,0,1
CF,USUPA,49.520544,15.128769,0,VLM,164.6,11.3,207.0,25.0,0,0,0,0,0,0,0,0

SID,USUP1Y,31,2
DF,CV314,49.982194,15.320806,0, ,0.0,0.0,2,1800,0,1,250,0,0,1
CF,CV225,49.851892,15.345564,1,VLM,47.6,14.0,133.0,6.0,0,0,0,1,250,0,0,0
TF,EKNEV,49.761250,15.304411,0, ,0.0,0.0,0.0,0.0,0,0,0,0,0,0,0,0
TF,USUPA,49.520544,15.128769,0, ,0.0,0.0,0.0,0.0,0,0,0,0,0,0,0,0

STAR,BEKV3L,31,5
IF,BEKVI,50.073356,14.722358, ,0.0,0.0,0,0,0,0,0,0,0,0
TF,GOLIN,50.059314,14.984964,0, ,0.0,0.0,0.0,0.0,0,0,0,0,0,0,0,0
TF,CF,49.904019,15.432844,0, ,0.0,0.0,0.0,0.0,0,0,0,0,0,0,0,0

STAR,BEKV4U,13,5
IF,BEKVI,50.073356,14.722358, ,0.0,0.0,0,0,0,0,0,0,0,0
TF,GOLIN,50.059314,14.984964,0, ,0.0,0.0,0.0,0.0,0,0,0,0,0,0,0,0

STAR,BODA2L,31,5
IF,BODAL,49.464108,15.782703, ,0.0,0.0,0,0,0,0,0,0,0,0
TF,PIMEK,49.684919,15.747786,0, ,0.0,0.0,0.0,0.0,0,0,0,0,0,0,0,0

STAR,BODA4U,13,5
IF,BODAL,49.464108,15.782703, ,0.0,0.0,0,0,0,0,0,0,0,0
TF,PIMEK,49.684919,15.747786,0, ,0.0,0.0,0.0,0.0,0,0,0,0,0,0,0,0
TF,F,49.958158,15.355347,0, ,0.0,0.0,0.0,0.0,0,0,0,0,0,0,0,0

STAR,USUP1L,31,5
IF,USUPA,49.520544,15.128769, ,0.0,0.0,0,0,0,0,0,0,0,0
TF,SUKAV,49.679286,15.569581,0, ,0.0,0.0,0.0,0.0,0,0,0,0,0,0,0,0

STAR,USUP1U,13,5
IF,USUPA,49.520544,15.128769, ,0.0,0.0,0,0,0,0,0,0,0,0
TF,EKNEV,49.761250,15.304411,0, ,0.0,0.0,0.0,0.0,0,0,0,0,0,0,0,0

APPTR,I31,31,CF1
FC,CF,49.904019,15.432844,0,VLM,0.0,0.0,165.0,8.0,0,0,0,0,0,0,1,1
CF,CI31,49.812639,15.563047,1,CF,133.2,11.2,313.0,1.0,2,3500,0,0,0,0,0,0

APPTR,I31,31,CF2
FC,CF,49.904019,15.432844,0,VLM,0.0,0.0,161.0,8.0,0,0,0,0,0,0,1,1
CF,CI31,49.812639,15.563047,1,CF,133.2,11.2,313.0,1.0,2,3500,0,0,0,0,0,0

APPTR,I31,31,CF3
FC,CF,49.904019,15.432844,0,VLM,0.0,0.0,145.0,8.0,0,0,0,0,0,0,1,1
CF,CI31,49.812639,15.563047,1,CF,133.2,11.2,313.0,1.0,2,3500,0,0,0,0,0,0

APPTR,I31,31,PIMEK
IF,PIMEK,49.684919,15.747786, ,0.0,0.0,0,0,0,0,0,0,1,0
CF,D133O,49.768014,15.626403,0,VLM,76.8,22.1,313.0,6.9,2,3500,0,0,0,0,1,1
CF,CI31,49.812639,15.563047,0,CF,133.2,11.2,313.0,3.6,2,3500,0,0,0,0,0,0

APPTR,I31,31,SUKAV
IF,SUKAV,49.679286,15.569581, ,0.0,0.0,0,0,0,0,0,0,1,0
CF,D142M,49.718467,15.625717,0,VLM,84.5,21.8,39.0,3.2,2,3500,0,0,0,0,0,1
CF,D133O,49.768014,15.626403,0,VLM,76.8,22.1,313.0,2.0,0,0,0,0,0,0,1,1
CF,CI31,49.812639,15.563047,0,CF,133.2,11.2,313.0,3.6,2,3500,0,0,0,0,0,0

FINAL,I31,31,I,3
IF,CI31,49.812639,15.563047,CF,133.2,11.2,1,3500,0,0,0,0,0,0
CF,FF31,49.827500,15.542222,0,CF,133.2,10.0,313.0,1.2,1,3500,0,0,0,0,2,0
CF,RW31,49.931639,15.393281,0,CF,133.2,1.5,313.0,8.5,1,835,0,0,0,0,3,0
CA,0,313.0,2,2000,0,0,0,0,0,0
DF,CF,49.904019,15.432844,1, ,0.0,0.0,1,3500,0,0,0,0,0,0

APPTR,N13,13,EKNEV
IF,EKNEV,49.761250,15.304411, ,0.0,0.0,0,0,0,0,0,0,1,0
CF,CV225,49.851892,15.345564,0,VLM,47.6,14.0,12.0,5.7,2,3500,0,0,0,0,0,0
CF,CV13C,50.018250,15.114069,0,VLM,2.6,19.0,313.0,13.4,2,3500,0,0,0,0,0,1
CF,CV13I,50.067475,15.197219,2,VLM,10.0,22.4,133.0,1.0,2,3000,0,0,0,0,1,0

APPTR,N13,13,ERUSO
FD,ERUSO,50.185853,15.271108,0,CF,0.0,13.2,209.0,13.2,2,3000,0,0,0,0,1,0
CF,CV13I,50.067475,15.197219,0,VLM,10.0,22.4,133.0,1.0,2,3000,0,0,0,0,1,0

APPTR,N13,13,F1
IF,F,49.958158,15.355347, ,0.0,0.0,0,0,0,0,0,0,1,0
CF,D285I,50.007814,15.130606,0,VLM,4.7,18.4,285.0,9.2,2,3500,0,0,0,0,0,1
CF,CV13I,50.067475,15.197219,2,VLM,10.0,22.4,133.0,1.0,2,3000,0,0,0,0,1,0

APPTR,N13,13,F2
IF,F,49.958158,15.355347, ,0.0,0.0,0,0,0,0,0,0,1,0
CF,CV13C,50.018250,15.114069,0,VLM,2.6,19.0,288.0,10.0,2,3500,0,0,0,0,0,1
CF,CV13I,50.067475,15.197219,2,VLM,10.0,22.4,133.0,1.0,2,3000,0,0,0,0,1,0

APPTR,N13,13,GOLIN
FD,GOLIN,50.059314,14.984964,0,CF,0.0,12.8,75.0,12.8,2,3500,0,0,0,0,1,0
CF,CV13I,50.067475,15.197219,0,VLM,10.0,22.4,133.0,1.0,2,3000,0,0,0,0,1,0

FINAL,N13,13,N,3
IF,CV13I,50.067475,15.197219,F,0.0,0.0,2,3000,0,0,0,0,0,0
CF,CV13F,50.033236,15.246411,0,F,0.0,0.0,133.0,2.8,2,3000,0,0,0,0,2,0
CF,F,49.958158,15.355347,0,F,0.0,0.0,133.0,6.2,1,1088,0,0,0,0,3,0
CF,CV13R,49.859792,15.495753,0,VLM,57.6,19.1,133.0,8.0,0,0,0,0,0,0,0,1
DF,F,49.958158,15.355347,2, ,0.0,0.0,1,4500,0,0,0,0,0,0
HM,F,49.958158,15.355347,1, ,0.0,0.0,313.0,04.3,0,0,0,1,275,0,0,0,0

APPTR,N31,31,CF1
FC,CF,49.904019,15.432844,0,VLM,0.0,0.0,165.0,8.0,0,0,0,0,0,0,1,1
CF,FF31,49.827500,15.542222,1,VLM,65.0,19.9,313.0,2.0,2,3500,0,0,0,0,0,0

APPTR,N31,31,CF2
FC,CF,49.904019,15.432844,0,VLM,0.0,0.0,161.0,8.0,0,0,0,0,0,0,1,1
CF,FF31,49.827500,15.542222,1,VLM,65.0,19.9,313.0,2.0,2,3500,0,0,0,0,0,0

APPTR,N31,31,CF3
FC,CF,49.904019,15.432844,0,VLM,0.0,0.0,145.0,8.0,0,0,0,0,0,0,1,1
CF,FF31,49.827500,15.542222,1,VLM,65.0,19.9,313.0,2.0,2,3500,0,0,0,0,0,0

APPTR,N31,31,PIMEK
IF,PIMEK,49.684919,15.747786, ,0.0,0.0,0,0,0,0,0,0,1,0
CF,D133O,49.768014,15.626403,0,VLM,76.8,22.1,313.0,6.9,2,3500,0,0,0,0,1,1
CF,FF31,49.827500,15.542222,0,VLM,65.0,19.9,313.0,4.8,2,3500,0,0,0,0,0,0

APPTR,N31,31,SUKAV
IF,SUKAV,49.679286,15.569581, ,0.0,0.0,0,0,0,0,0,0,1,0
CF,D142M,49.718467,15.625717,0,VLM,84.5,21.8,39.0,3.2,2,3500,0,0,0,0,0,1
CF,D133O,49.768014,15.626403,0,VLM,76.8,22.1,313.0,2.0,0,0,0,0,0,0,1,1
CF,FF31,49.827500,15.542222,0,VLM,65.0,19.9,313.0,4.8,2,3500,0,0,0,0,0,0

FINAL,N31,31,N,3
IF,FF31,49.827500,15.542222,CF,0.0,0.0,2,3500,0,0,0,0,2,0
CF,CF,49.904019,15.432844,0,CF,0.0,0.0,313.0,6.3,2,1560,0,0,0,0,0,0
CF,C,49.924786,15.403167,0,CF,0.0,0.0,313.0,1.7,1,1017,0,0,0,0,3,0
CA,0,313.0,2,2000,0,0,0,0,0,0
DF,CF,49.904019,15.432844,1, ,0.0,0.0,1,3500,0,0,0,0,0,0

