SID,ARBA1N,01,2
CA,0,6.0,2,1500,0,0,0,0,0,0
CF,ARBAV,40.545278,-8.713611,0,MTR,14.7,43.5,14.0,41.0,0,0,0,0,0,0,0,0

SID,ARBA1S,19,2
CA,0,186.0,2,1500,0,0,0,0,0,0
DF,MTR,39.832611,-8.890139,2, ,0.0,0.0,0,0,0,0,0,0,0,0
TF,ARBAV,40.545278,-8.713611,0, ,0.0,0.0,0.0,0.0,0,0,0,0,0,0,0,0

SID,ARBA2A,01,2
CD, ,0,0,0,MTR,0,0.0,6.0,7.0,0,0,0,0,0,0,0,0
CF,ARBAV,40.545278,-8.713611,0,MTR,14.7,43.5,14.0,36.0,0,0,0,0,0,0,0,0

SID,ARBA2B,19,2
CD, ,0,0,0,MTR,0,0.0,186.0,7.0,0,0,0,0,0,0,0,0
CI,0, ,0.0,186.0,0,0,0,0,0,0,0,0
AF,D249J,39.761950,-9.086019,2,MTR,249.0,10.0,186.0,0,0,0,0,0,0,0,0
AF,D274J,39.832408,-9.106489,2,MTR,274.0,10.0,249.0,0,0,0,0,0,0,0,0
TF,MTR,39.832611,-8.890139,0, ,0.0,0.0,0.0,0.0,0,0,0,0,0,0,0,0
TF,ARBAV,40.545278,-8.713611,0, ,0.0,0.0,0.0,0.0,0,0,0,0,0,0,0,0

SID,BUMO1N,01,2
CA,0,6.0,2,1500,0,0,0,0,0,0
DF,MTR,39.832611,-8.890139,1, ,0.0,0.0,0,0,0,0,0,0,0,0
TF,BUMOG,39.983889,-8.648056,0, ,0.0,0.0,0.0,0.0,0,0,0,0,0,0,0,0

SID,BUMO1S,19,2
CA,0,186.0,2,1500,0,0,0,0,0,0
DF,MTR,39.832611,-8.890139,2, ,0.0,0.0,0,0,0,0,0,0,0,0
TF,BUMOG,39.983889,-8.648056,0, ,0.0,0.0,0.0,0.0,0,0,0,0,0,0,0,0

SID,BUMO2A,01,2
CD, ,0,0,0,MTR,0,0.0,6.0,7.0,0,0,0,0,0,0,0,0
CI,0, ,0.0,6.0,0,0,0,0,0,0,0,0
AF,D299J,39.902936,-9.086419,1,MTR,299.0,10.0,6.0,0,0,0,0,0,0,0,0
AF,D274J,39.832408,-9.106489,1,MTR,274.0,10.0,299.0,0,0,0,0,0,0,0,0
TF,MTR,39.832611,-8.890139,0, ,0.0,0.0,0.0,0.0,0,0,0,0,0,0,0,0
TF,BUMOG,39.983889,-8.648056,0, ,0.0,0.0,0.0,0.0,0,0,0,0,0,0,0,0

SID,BUMO2B,19,2
CD, ,0,0,0,MTR,0,0.0,186.0,7.0,0,0,0,0,0,0,0,0
CI,0, ,0.0,186.0,0,0,0,0,0,0,0,0
AF,D249J,39.761950,-9.086019,2,MTR,249.0,10.0,186.0,0,0,0,0,0,0,0,0
AF,D274J,39.832408,-9.106489,2,MTR,274.0,10.0,249.0,0,0,0,0,0,0,0,0
TF,MTR,39.832611,-8.890139,0, ,0.0,0.0,0.0,0.0,0,0,0,0,0,0,0,0
TF,BUMOG,39.983889,-8.648056,0, ,0.0,0.0,0.0,0.0,0,0,0,0,0,0,0,0

SID,DIRI1N,01,2
CA,0,6.0,2,1500,0,0,0,0,0,0
DF,MTR,39.832611,-8.890139,1, ,0.0,0.0,0,0,0,0,0,0,0,0
TF,DIRIR,39.720000,-8.621111,0, ,0.0,0.0,0.0,0.0,0,0,0,0,0,0,0,0

SID,DIRI1S,19,2
CA,0,186.0,2,1500,0,0,0,0,0,0
DF,MTR,39.832611,-8.890139,2, ,0.0,0.0,0,0,0,0,0,0,0,0
TF,DIRIR,39.720000,-8.621111,0, ,0.0,0.0,0.0,0.0,0,0,0,0,0,0,0,0

SID,DIRI2A,01,2
CD, ,0,0,0,MTR,0,0.0,6.0,7.0,0,0,0,0,0,0,0,0
CI,0, ,0.0,6.0,0,0,0,0,0,0,0,0
AF,D299J,39.902936,-9.086419,1,MTR,299.0,10.0,6.0,0,0,0,0,0,0,0,0
AF,D274J,39.832408,-9.106489,1,MTR,274.0,10.0,299.0,0,0,0,0,0,0,0,0
TF,MTR,39.832611,-8.890139,0, ,0.0,0.0,0.0,0.0,0,0,0,0,0,0,0,0
TF,DIRIR,39.720000,-8.621111,0, ,0.0,0.0,0.0,0.0,0,0,0,0,0,0,0,0

SID,DIRI2B,19,2
CD, ,0,0,0,MTR,0,0.0,186.0,7.0,0,0,0,0,0,0,0,0
CI,0, ,0.0,186.0,0,0,0,0,0,0,0,0
AF,D249J,39.761950,-9.086019,2,MTR,249.0,10.0,186.0,0,0,0,0,0,0,0,0
AF,D274J,39.832408,-9.106489,2,MTR,274.0,10.0,249.0,0,0,0,0,0,0,0,0
TF,MTR,39.832611,-8.890139,0, ,0.0,0.0,0.0,0.0,0,0,0,0,0,0,0,0
TF,DIRIR,39.720000,-8.621111,0, ,0.0,0.0,0.0,0.0,0,0,0,0,0,0,0,0

SID,ETOP1N,01,2
CA,0,6.0,2,1500,0,0,0,0,0,0
DF,MTR,39.832611,-8.890139,1, ,0.0,0.0,0,0,0,0,0,0,0,0
TF,ETOPI,39.469444,-8.821667,0, ,0.0,0.0,0.0,0.0,0,0,0,0,0,0,0,0

SID,ETOP1S,19,2
CA,0,186.0,2,1500,0,0,0,0,0,0
CF,ETOPI,39.469444,-8.821667,0,MTR,175.7,22.0,176.0,20.0,0,0,0,0,0,0,0,0

SID,ETOP2A,01,2
CD, ,0,0,0,MTR,0,0.0,6.0,7.0,0,0,0,0,0,0,0,0
CI,0, ,0.0,6.0,0,0,0,0,0,0,0,0
AF,D299J,39.902936,-9.086419,1,MTR,299.0,10.0,6.0,0,0,0,0,0,0,0,0
AF,D274J,39.832408,-9.106489,1,MTR,274.0,10.0,299.0,0,0,0,0,0,0,0,0
TF,MTR,39.832611,-8.890139,0, ,0.0,0.0,0.0,0.0,0,0,0,0,0,0,0,0
TF,ETOPI,39.469444,-8.821667,0, ,0.0,0.0,0.0,0.0,0,0,0,0,0,0,0,0

SID,ETOP2B,19,2
CD, ,0,0,0,MTR,0,0.0,186.0,7.0,0,0,0,0,0,0,0,0
CF,ETOPI,39.469444,-8.821667,0,MTR,175.7,22.0,176.0,15.0,0,0,0,0,0,0,0,0

SID,OMEX1N,01,2
CA,0,6.0,2,1500,0,0,0,0,0,0
DF,MTR,39.832611,-8.890139,1, ,0.0,0.0,0,0,0,0,0,0,0,0
TF,OMEXO,39.348889,-8.993056,0, ,0.0,0.0,0.0,0.0,0,0,0,0,0,0,0,0

SID,OMEX1S,19,2
CA,0,186.0,2,1500,0,0,0,0,0,0
CF,OMEXO,39.348889,-8.993056,0,MTR,193.4,29.4,193.0,27.0,0,0,0,0,0,0,0,0

SID,OMEX2A,01,2
CD, ,0,0,0,MTR,0,0.0,6.0,7.0,0,0,0,0,0,0,0,0
CI,0, ,0.0,6.0,0,0,0,0,0,0,0,0
AF,D299J,39.902936,-9.086419,1,MTR,299.0,10.0,6.0,0,0,0,0,0,0,0,0
AF,D274J,39.832408,-9.106489,1,MTR,274.0,10.0,299.0,0,0,0,0,0,0,0,0
TF,MTR,39.832611,-8.890139,0, ,0.0,0.0,0.0,0.0,0,0,0,0,0,0,0,0
TF,OMEXO,39.348889,-8.993056,0, ,0.0,0.0,0.0,0.0,0,0,0,0,0,0,0,0

SID,OMEX2B,19,2
CD, ,0,0,0,MTR,0,0.0,186.0,7.0,0,0,0,0,0,0,0,0
CF,OMEXO,39.348889,-8.993056,0,MTR,193.4,29.4,193.0,22.0,0,0,0,0,0,0,0,0

SID,PEKO1A,01,2
CA,0,6.0,2,1500,0,0,0,0,0,0
VI,1, ,0.0,178.0,0,0,0,0,0,0,0,0
CF,PEKOV,39.361389,-9.389167,0,MTR,223.5,36.5,223.0,32.0,2,5000,0,0,0,0,0,0

SID,PEKO1B,19,2
CA,0,186.0,2,1500,0,0,0,0,0,0
VI,0, ,0.0,253.0,0,0,0,0,0,0,0,0
CF,PEKOV,39.361389,-9.389167,0,MTR,223.5,36.5,223.0,31.0,2,5000,0,0,0,0,0,0

APPTR,I01,01,GAPRU
IF,GAPRU,39.656667,-9.014722, ,0.0,0.0,2,4000,0,0,0,0,1,0
AF,D196L,39.636806,-8.943964,1,MTR,196.0,12.0,213.0,2,2900,0,0,0,0,0,0
VI,0,MO,0.0,36.0,0,0,0,0,0,0,0,0

APPTR,I01,01,LOKLI
IF,LOKLI,39.949722,-8.806667, ,0.0,0.0,2,20000,0,0,0,0,1,0
CF,MTR,39.832611,-8.890139,0,MTR,0.0,0.0,213.0,8.0,0,0,0,0,0,0,0,0
CF,GAPRU,39.656667,-9.014722,0,MTR,212.7,12.0,213.0,12.0,2,4000,0,0,0,0,0,0
AF,D196L,39.636806,-8.943964,1,MTR,196.0,12.0,213.0,2,2900,0,0,0,0,0,0
VI,0,MO,0.0,36.0,0,0,0,0,0,0,0,0

APPTR,I01,01,MOPUD
IF,MOPUD,39.582222,-8.896944, ,0.0,0.0,2,4000,0,0,0,0,1,0
CF,CI01,39.631869,-8.896547,0,MO,186.0,12.8,5.0,3.0,2,2900,0,0,0,0,1,0

FINAL,I01,01,I,3
IF,CI01,39.631869,-8.896547,MO,186.0,12.8,2,2900,0,0,0,0,0,0
CF,FI01,39.728558,-8.892189,0,MO,186.1,7.0,6.0,5.8,1,1670,0,0,0,0,2,0
CF,RW01,39.820231,-8.887697,0,MO,185.7,1.5,6.0,5.5,1,211,0,0,0,0,3,0
FA,RW01,39.820231,-8.887697,0,FTM,0.0,0.0,6.0,2,1500,0,0,0,0,0,0
DF,GAPRU,39.656667,-9.014722,1, ,0.0,0.0,1,4000,0,0,0,0,0,0

APPTR,I19,19,OSKEB
IF,OSKEB,39.726667,-8.826389, ,0.0,0.0,2,20000,0,0,0,0,1,0
CF,MTR,39.832611,-8.890139,0,MTR,0.0,0.0,339.0,7.0,0,0,0,0,0,0,0,0
CF,VELUL,39.999167,-8.990000,0,MTR,339.3,11.0,339.0,11.0,2,4000,0,0,0,0,0,0
AF,D354K,40.013294,-8.931572,2,MTR,354.0,11.0,339.0,2,2700,0,0,0,0,0,0
VI,0,MR,0.0,156.0,0,0,0,0,0,0,0,0

FINAL,I19,19,I,3
IF,CI19,40.015700,-8.879900,MR,5.8,11.9,2,2700,0,0,0,0,0,0
CF,FI19,39.934008,-8.883167,0,MR,5.8,7.0,186.0,4.9,1,1670,0,0,0,0,2,0
CF,RW19,39.842367,-8.886822,0,MR,5.8,1.5,186.0,5.5,1,210,0,0,0,0,3,0
FA,RW19,39.842367,-8.886822,0,MTR,0.0,0.0,186.0,2,1500,0,0,0,0,0,0
DF,VELUL,39.999167,-8.990000,2, ,0.0,0.0,1,4000,0,0,0,0,0,0

APPTR,I19-Z,19,IDRAM
IF,IDRAM,40.066111,-8.878056, ,0.0,0.0,2,4000,0,0,0,0,1,0
CF,CI19,40.015700,-8.879900,0,MR,5.8,11.9,186.0,3.0,2,2700,0,0,0,0,1,0

APPTR,I19-Z,19,VELUL
IF,VELUL,39.999167,-8.990000, ,0.0,0.0,2,4000,0,0,0,0,1,0
AF,D354K,40.013294,-8.931572,2,MTR,354.0,11.0,339.0,2,2700,0,0,0,0,0,0
VI,0,MR,0.0,156.0,0,0,0,0,0,0,0,0

FINAL,I19-Z,19,I,3
IF,CI19,40.015700,-8.879900,MR,5.8,11.9,2,2700,0,0,0,0,0,0
CF,FI19,39.934008,-8.883167,0,MR,5.8,7.0,186.0,4.9,1,1670,0,0,0,0,2,0
CF,RW19,39.842367,-8.886822,0,MR,5.8,1.5,186.0,5.5,1,210,0,0,0,0,3,0
FA,RW19,39.842367,-8.886822,0,MTR,0.0,0.0,186.0,2,1500,0,0,0,0,0,0
DF,VELUL,39.999167,-8.990000,2, ,0.0,0.0,1,4000,0,0,0,0,0,0

APPTR,T01,01,GAPRU
IF,GAPRU,39.656667,-9.014722, ,0.0,0.0,2,4000,0,0,0,0,1,0
AF,CT01,39.632719,-8.876589,1,MTR,181.0,12.0,213.0,2,2900,0,0,0,0,1,0

APPTR,T01,01,LOKLI
IF,LOKLI,39.949722,-8.806667, ,0.0,0.0,2,20000,0,0,0,0,1,0
CF,MTR,39.832611,-8.890139,0,MTR,0.0,0.0,213.0,8.0,0,0,0,0,0,0,0,0
CF,GAPRU,39.656667,-9.014722,0,MTR,212.7,12.0,213.0,12.0,2,4000,0,0,0,0,0,0
AF,CT01,39.632719,-8.876589,1,MTR,181.0,12.0,213.0,2,2900,0,0,0,0,1,0

APPTR,T01,01,XUMBO
IF,XUMBO,39.582778,-8.871667, ,0.0,0.0,2,4000,0,0,0,0,1,0
CF,CT01,39.632719,-8.876589,0,MTR,181.0,12.0,1.0,3.0,2,2900,0,0,0,0,1,0

FINAL,T01,01,D,4
IF,CT01,39.632719,-8.876589,MTR,181.0,12.0,2,2900,0,0,0,0,0,0
CF,FT01,39.729333,-8.883128,0,MTR,181.0,6.2,1.0,5.8,2,1670,0,0,0,0,2,0
CF,40TAC,39.765981,-8.885611,0,MTR,181.0,4.0,1.0,2.2,2,1070,0,0,0,0,0,0
CF,MT01,39.807625,-8.888439,0,MTR,181.0,1.5,1.0,2.5,1,410,0,0,0,0,3,0
CA,0,1.0,2,590,0,0,0,0,0,0
CA,0,6.0,2,1500,0,0,0,0,0,0
DF,GAPRU,39.656667,-9.014722,1, ,0.0,0.0,1,4000,0,0,0,0,0,0

APPTR,T19,19,OSKEB
IF,OSKEB,39.726667,-8.826389, ,0.0,0.0,2,20000,0,0,0,0,1,0
CF,MTR,39.832611,-8.890139,0,MTR,0.0,0.0,339.0,7.0,0,0,0,0,0,0,0,0
CF,VELUL,39.999167,-8.990000,0,MTR,339.3,11.0,339.0,11.0,2,4000,0,0,0,0,0,0
AF,CT19,40.014717,-8.861058,2,MTR,11.0,11.0,339.0,2,2700,0,0,0,0,1,0

APPTR,T19,19,VELUL
IF,VELUL,39.999167,-8.990000, ,0.0,0.0,2,4000,0,0,0,0,1,0
AF,CT19,40.014717,-8.861058,2,MTR,11.0,11.0,339.0,2,2700,0,0,0,0,1,0

APPTR,T19,19,XELPI
IF,XELPI,40.064444,-8.851667, ,0.0,0.0,2,4000,0,0,0,0,1,0
CF,CT19,40.014717,-8.861058,0,MTR,11.0,11.0,191.0,3.0,2,2700,0,0,0,0,1,0

FINAL,T19,19,D,4
IF,CT19,40.014717,-8.861058,MTR,11.0,11.0,2,2700,0,0,0,0,0,0
CF,FT19,39.933597,-8.874031,0,MTR,11.0,6.1,191.0,4.9,2,1670,0,0,0,0,2,0
CF,40TA2,39.898833,-8.879581,0,MTR,11.0,4.0,191.0,2.1,2,1120,0,0,0,0,0,0
CF,MT19,39.855789,-8.886444,0,MTR,11.0,1.4,191.0,2.6,1,423,0,0,0,0,3,0
CA,0,191.0,2,590,0,0,0,0,0,0
CA,0,186.0,2,1500,0,0,0,0,0,0
DF,VELUL,39.999167,-8.990000,2, ,0.0,0.0,1,4000,0,0,0,0,0,0

