SID,CANE1U,01,1
CF,D017B,46.033808,8.925200,0,SRN,349.2,23.6,17.0,2.0,0,0,0,1,150,0,0,1
DF,LUGAN,46.003611,8.910278,2, ,0.0,0.0,2,5000,0,0,0,0,0,1
CF,ZA505,46.004444,8.924722,1,SRN,348.3,21.9,347.0,2.0,2,9000,0,0,0,0,0,0

SID,CANE1U,19,1
CA,0,197.0,2,5000,0,0,0,0,0,0
CF,ZA505,46.004444,8.924722,1,SRN,348.3,21.9,347.0,8.0,2,9000,0,0,0,0,0,0

SID,CANE1U,ALL,2
IF,ZA505,46.004444,8.924722, ,0.0,0.0,2,9000,0,0,0,0,0,0
TF,ZA506,46.087222,8.902500,0, ,0.0,0.0,0.0,0.0,2,13000,0,0,0,0,0,0
TF,CANNE,46.166667,8.881111,0, ,0.0,0.0,0.0,0.0,2,14000,0,0,0,0,0,0

SID,CANE1W,01,1
CF,D017B,46.033808,8.925200,0,SRN,349.2,23.6,17.0,2.0,0,0,0,1,150,0,0,1
DF,LUGAN,46.003611,8.910278,2, ,0.0,0.0,2,5000,0,0,0,0,0,0
TF,PINIK,45.874100,8.848858,0, ,0.0,0.0,0.0,0.0,2,6000,0,0,0,0,0,0

SID,CANE1W,19,1
CA,0,197.0,2,1320,0,0,0,0,0,0
CF,PINIK,45.874100,8.848858,0,SRN,331.1,15.5,197.0,7.0,2,6000,0,0,0,0,0,0

SID,CANE1W,ALL,2
IF,PINIK,45.874100,8.848858, ,0.0,0.0,2,6000,0,0,0,0,0,0
TF,ZA557,45.793278,8.687972,0, ,0.0,0.0,0.0,0.0,2,10000,0,0,0,0,0,1
TF,ZA559,45.863889,8.526556,0, ,0.0,0.0,0.0,0.0,2,12000,0,0,0,0,0,1
TF,CANNE,46.166667,8.881111,0, ,0.0,0.0,0.0,0.0,2,14000,0,0,0,0,0,0

SID,CANE1Z,01,1
CF,D017B,46.033808,8.925200,0,SRN,349.2,23.6,17.0,2.0,0,0,0,1,150,0,0,1
DF,LUGAN,46.003611,8.910278,2, ,0.0,0.0,2,5000,0,0,0,0,0,0
TF,PINIK,45.874100,8.848858,0, ,0.0,0.0,0.0,0.0,2,6000,0,0,0,0,0,1

SID,CANE1Z,19,1
CA,0,197.0,2,1320,0,0,0,0,0,0
CF,PINIK,45.874100,8.848858,0,SRN,331.1,15.5,197.0,7.0,2,6000,0,0,0,0,0,1

SID,CANE1Z,ALL,2
IF,PINIK,45.874100,8.848858, ,0.0,0.0,2,6000,0,0,0,0,0,0
CF,D009T,45.967942,8.825500,2,MMP,10.0,20.0,10.0,5.0,2,9000,0,0,0,0,0,0
TF,CANNE,46.166667,8.881111,0, ,0.0,0.0,0.0,0.0,2,14000,0,0,0,0,0,0

SID,OMET1W,01,1
CF,D017B,46.033808,8.925200,0,SRN,349.2,23.6,17.0,2.0,0,0,0,1,150,0,0,1
DF,LUGAN,46.003611,8.910278,2, ,0.0,0.0,2,5000,0,0,0,0,0,0
TF,PINIK,45.874100,8.848858,0, ,0.0,0.0,0.0,0.0,2,6000,0,0,0,0,0,0

SID,OMET1W,19,1
CA,0,197.0,2,1320,0,0,0,0,0,0
CF,PINIK,45.874100,8.848858,0,SRN,331.1,15.5,197.0,7.0,2,6000,0,0,0,0,0,0

SID,OMET1W,ALL,2
IF,PINIK,45.874100,8.848858, ,0.0,0.0,2,6000,0,0,0,0,0,0
TF,ZA557,45.793278,8.687972,0, ,0.0,0.0,0.0,0.0,2,10000,0,0,0,0,0,0
TF,ZA558,45.695833,8.495222,0, ,0.0,0.0,0.0,0.0,2,13000,0,0,0,0,0,1
TF,BAVMI,45.703611,8.407778,0, ,0.0,0.0,0.0,0.0,2,15000,0,0,0,0,0,0
TF,OMETO,45.736667,8.042778,0, ,0.0,0.0,0.0,0.0,2,18000,0,0,0,0,0,0

SID,ORI1U,01,1
CF,D017B,46.033808,8.925200,0,SRN,349.2,23.6,17.0,2.0,0,0,0,1,150,0,0,1
DF,LUGAN,46.003611,8.910278,2, ,0.0,0.0,2,5000,0,0,0,0,0,0
TF,PINIK,45.874100,8.848858,0, ,0.0,0.0,0.0,0.0,2,6000,0,0,0,0,0,0

SID,ORI1U,19,1
CA,0,197.0,2,1320,0,0,0,0,0,0
CF,PINIK,45.874100,8.848858,0,SRN,331.1,15.5,197.0,7.0,2,6000,0,0,0,0,0,0

SID,ORI1U,ALL,2
IF,PINIK,45.874100,8.848858, ,0.0,0.0,2,6000,0,0,0,0,0,0
TF,SULUR,45.749167,8.943333,0, ,0.0,0.0,0.0,0.0,2,8000,0,0,0,0,0,0
TF,BEG,45.669472,9.709194,0, ,0.0,0.0,0.0,0.0,2,12000,0,0,0,0,0,0
TF,ORI,45.643778,9.841667,0, ,0.0,0.0,0.0,0.0,0,0,0,0,0,0,0,0

SID,ORI1W,01,1
CF,D017B,46.033808,8.925200,0,SRN,349.2,23.6,17.0,2.0,0,0,0,1,150,0,0,1
DF,LUGAN,46.003611,8.910278,2, ,0.0,0.0,2,5000,0,0,0,0,0,0
TF,PINIK,45.874100,8.848858,0, ,0.0,0.0,0.0,0.0,2,6000,0,0,0,0,0,0

SID,ORI1W,19,1
CA,0,197.0,2,1320,0,0,0,0,0,0
CF,PINIK,45.874100,8.848858,0,SRN,331.1,15.5,197.0,7.0,2,6000,0,0,0,0,0,0

SID,ORI1W,ALL,2
IF,PINIK,45.874100,8.848858, ,0.0,0.0,2,6000,0,0,0,0,0,0
TF,ZA526,45.841944,8.986389,0, ,0.0,0.0,0.0,0.0,2,8000,0,0,0,0,0,0
TF,ZA527,45.805000,9.144722,0, ,0.0,0.0,0.0,0.0,2,10000,0,0,0,0,0,0
TF,BEG,45.669472,9.709194,0, ,0.0,0.0,0.0,0.0,2,12000,0,0,0,0,0,0
TF,ORI,45.643778,9.841667,0, ,0.0,0.0,0.0,0.0,0,0,0,0,0,0,0,0

SID,PINI1A,01,1
CF,D017B,46.033808,8.925200,0,SRN,349.2,23.6,17.0,2.0,0,0,0,1,150,0,0,1
DF,LUGAN,46.003611,8.910278,2, ,0.0,0.0,2,5000,0,0,0,0,0,0
TF,PINIK,45.874100,8.848858,0, ,0.0,0.0,0.0,0.0,2,6000,0,0,0,0,0,0

SID,PINI1A,19,1
CA,0,197.0,2,1320,0,0,0,0,0,0
CF,PINIK,45.874100,8.848858,0,SRN,331.1,15.5,197.0,7.0,2,6000,0,0,0,0,0,0

SID,SRN1W,01,1
CF,D017B,46.033808,8.925200,0,SRN,349.2,23.6,17.0,2.0,0,0,0,1,150,0,0,1
DF,LUGAN,46.003611,8.910278,2, ,0.0,0.0,2,5000,0,0,0,0,0,0
TF,PINIK,45.874100,8.848858,0, ,0.0,0.0,0.0,0.0,2,6000,0,0,0,0,0,0

SID,SRN1W,19,1
CA,0,197.0,2,1320,0,0,0,0,0,0
CF,PINIK,45.874100,8.848858,0,SRN,331.1,15.5,197.0,7.0,2,6000,0,0,0,0,0,0

SID,SRN1W,ALL,2
IF,PINIK,45.874100,8.848858, ,0.0,0.0,2,6000,0,0,0,0,0,0
TF,SULUR,45.749167,8.943333,0, ,0.0,0.0,0.0,0.0,0,0,0,0,0,0,0,0
TF,SRN,45.645972,9.021583,0, ,0.0,0.0,0.0,0.0,0,0,0,0,0,0,0,0

SID,VOG1W,01,1
CF,D017B,46.033808,8.925200,0,SRN,349.2,23.6,17.0,2.0,0,0,0,1,150,0,0,1
DF,LUGAN,46.003611,8.910278,2, ,0.0,0.0,2,5000,0,0,0,0,0,0
TF,PINIK,45.874100,8.848858,0, ,0.0,0.0,0.0,0.0,2,6000,0,0,0,0,0,0

SID,VOG1W,19,1
CA,0,197.0,2,1320,0,0,0,0,0,0
CF,PINIK,45.874100,8.848858,0,SRN,331.1,15.5,197.0,7.0,2,6000,0,0,0,0,0,0

SID,VOG1W,ALL,2
IF,PINIK,45.874100,8.848858, ,0.0,0.0,2,6000,0,0,0,0,0,0
TF,ZA552,45.771389,8.796944,0, ,0.0,0.0,0.0,0.0,0,0,0,0,0,0,0,0
TF,MMP,45.640778,8.734833,0, ,0.0,0.0,0.0,0.0,2,8000,0,0,0,0,0,0
TF,VOG,44.964528,8.970194,0, ,0.0,0.0,0.0,0.0,2,11000,0,0,0,0,0,0

STAR,LUSI7L,ALL,2
IF,LUSIL,46.043056,10.116667, ,0.0,0.0,2,14000,0,0,0,0,0,0
TF,BEG,45.669472,9.709194,0, ,0.0,0.0,0.0,0.0,2,12000,0,0,0,0,0,0
TF,LUGAN,46.003611,8.910278,0, ,0.0,0.0,0.0,0.0,2,10000,0,0,0,0,0,0
TF,CALDO,45.909222,8.864139,0, ,0.0,0.0,0.0,0.0,0,0,0,0,0,0,0,0

STAR,LUSI7P,ALL,2
IF,LUSIL,46.043056,10.116667, ,0.0,0.0,2,14000,0,0,0,0,0,0
TF,BEG,45.669472,9.709194,0, ,0.0,0.0,0.0,0.0,2,12000,0,0,0,0,0,0
TF,ZA631,45.805000,9.144722,0, ,0.0,0.0,0.0,0.0,2,10000,0,0,0,0,0,0
TF,ZA632,45.841944,8.986389,0, ,0.0,0.0,0.0,0.0,2,8000,0,0,0,0,0,0
TF,PINIK,45.874100,8.848858,0, ,0.0,0.0,0.0,0.0,2,6000,0,0,0,0,0,0

STAR,ODIN7L,ALL,2
IF,ODINA,46.104403,8.664925, ,0.0,0.0,2,14000,0,0,0,0,0,0
TF,LUGAN,46.003611,8.910278,0, ,0.0,0.0,0.0,0.0,2,10000,0,0,0,0,0,0
TF,CALDO,45.909222,8.864139,0, ,0.0,0.0,0.0,0.0,0,0,0,0,0,0,0,0

STAR,ORI7L,ALL,2
IF,ORI,45.643778,9.841667, ,0.0,0.0,0,0,0,0,0,0,0,0
TF,BEG,45.669472,9.709194,0, ,0.0,0.0,0.0,0.0,2,12000,0,0,0,0,0,0
TF,LUGAN,46.003611,8.910278,0, ,0.0,0.0,0.0,0.0,2,10000,0,0,0,0,0,0
TF,CALDO,45.909222,8.864139,0, ,0.0,0.0,0.0,0.0,0,0,0,0,0,0,0,0

STAR,ORI7P,ALL,2
IF,ORI,45.643778,9.841667, ,0.0,0.0,0,0,0,0,0,0,0,0
TF,BEG,45.669472,9.709194,0, ,0.0,0.0,0.0,0.0,2,12000,0,0,0,0,0,0
TF,ZA631,45.805000,9.144722,0, ,0.0,0.0,0.0,0.0,2,10000,0,0,0,0,0,0
TF,ZA632,45.841944,8.986389,0, ,0.0,0.0,0.0,0.0,2,8000,0,0,0,0,0,0
TF,PINIK,45.874100,8.848858,0, ,0.0,0.0,0.0,0.0,2,6000,0,0,0,0,0,0

STAR,SRN6L,ALL,2
IF,SRN,45.645972,9.021583, ,0.0,0.0,2,6000,0,0,0,0,0,0
TF,SULUR,45.749167,8.943333,0, ,0.0,0.0,0.0,0.0,0,0,0,0,0,0,0,0
TF,PINIK,45.874100,8.848858,0, ,0.0,0.0,0.0,0.0,2,6000,0,0,0,0,0,0

STAR,TOP6L,ALL,2
IF,TOP,44.925417,7.861667, ,0.0,0.0,2,9000,0,0,0,0,0,0
TF,VOG,44.964528,8.970194,0, ,0.0,0.0,0.0,0.0,2,9000,0,0,0,0,0,0
TF,MMP,45.640778,8.734833,0, ,0.0,0.0,0.0,0.0,2,6000,0,0,0,0,0,0
TF,PINIK,45.874100,8.848858,0, ,0.0,0.0,0.0,0.0,2,6000,0,0,0,0,0,0

STAR,VOG6L,ALL,2
IF,VOG,44.964528,8.970194, ,0.0,0.0,2,9000,0,0,0,0,0,0
TF,MMP,45.640778,8.734833,0, ,0.0,0.0,0.0,0.0,2,6000,0,0,0,0,0,0
TF,PINIK,45.874100,8.848858,0, ,0.0,0.0,0.0,0.0,2,6000,0,0,0,0,0,0

APPTR,G01,01,CALDO
IF,CALDO,45.909222,8.864139, ,0.0,0.0,2,6000,0,1,180,0,0,0
CF,D212I,45.886261,8.795231,0,SRN,325.7,17.3,242.0,3.2,0,0,0,0,0,0,0,1
CF,PINIK,45.874100,8.848858,1,ILU,196.4,8.7,17.0,2.0,2,6000,0,0,0,0,0,0

FINAL,G01,01,G,5
IF,PINIK,45.874100,8.848858,ILU,196.4,8.7,2,6000,0,1,130,0,0,0
CF,CALDO,45.909222,8.864139,0,ILU,196.8,6.5,17.0,2.2,2,5000,0,0,0,0,2,0
CF,53LOC,45.927806,8.873206,0,ILU,196.8,5.3,17.0,1.2,2,4170,0,0,0,0,0,0
CF,37LOC,45.953042,8.885528,0,ILU,196.8,3.7,17.0,1.6,2,3040,0,0,0,0,0,0
CF,MG01,45.971956,8.894817,0,ILU,196.8,2.5,17.0,1.2,1,2188,0,0,0,0,3,0
CF,D017A,46.022419,8.919519,0,SRN,348.3,23.0,17.0,3.2,0,0,0,0,0,0,0,1
CA,2,187.0,2,5000,0,1,150,0,0,0
VI,0, ,0.0,242.0,0,0,0,0,0,0,0,0
CF,PINIK,45.874100,8.848858,0,SRN,331.1,15.5,197.0,3.0,1,6000,0,1,150,0,0,0

APPTR,L01-H,01,CALDO
FC,CALDO,45.909222,8.864139,0,SRN,0.0,0.0,242.0,3.2,2,6000,0,1,180,0,0,1
CF,PINIK,45.874100,8.848858,1,ILU,196.4,8.7,17.0,2.0,2,6000,0,0,0,0,0,0

FINAL,L01-H,01,D,5
IF,PINIK,45.874100,8.848858,ILU,196.4,8.7,2,6000,0,0,0,0,0,0
CF,CALDO,45.909222,8.864139,0,ILU,197.0,6.5,17.0,2.2,2,5000,0,0,0,0,2,0
CF,53LOC,45.927806,8.873206,0,ILU,196.8,5.3,17.0,1.2,2,4430,0,0,0,0,0,0
CF,37LOC,45.953042,8.885528,0,ILU,196.8,3.7,17.0,1.6,2,3670,0,0,0,0,0,0
CF,ML017,45.971967,8.894778,0,ILU,196.8,2.5,17.0,1.2,1,3100,0,0,0,0,3,0
CF,D017A,46.022419,8.919519,0,SRN,348.3,23.0,17.0,3.2,2,3100,0,0,0,0,0,1
CA,2,187.0,2,5000,0,1,150,0,0,0
VI,0, ,0.0,242.0,0,0,0,0,0,0,0,0
CF,PINIK,45.874100,8.848858,0,SRN,331.1,15.5,197.0,5.0,1,6000,0,1,150,0,0,0

APPTR,L01-L,01,CALDO
FC,CALDO,45.909222,8.864139,0,MMP,0.0,0.0,242.0,3.2,2,6000,0,1,180,0,0,1
CF,PINIK,45.874100,8.848858,1,ILU,196.4,8.7,17.0,2.0,2,6000,0,0,0,0,0,0

FINAL,L01-L,01,D,5
IF,PINIK,45.874100,8.848858,ILU,196.4,8.7,2,6000,0,0,0,0,0,0
CF,CALDO,45.909222,8.864139,0,ILU,197.0,6.5,17.0,2.2,2,5000,0,0,0,0,2,0
CF,53LOC,45.927806,8.873206,0,ILU,196.8,5.3,17.0,1.2,2,4320,0,0,0,0,0,0
CF,37LOC,45.953042,8.885528,0,ILU,196.8,3.7,17.0,1.6,2,3400,0,0,0,0,0,0
CF,ML017,45.971967,8.894778,0,ILU,196.8,2.5,17.0,1.2,1,2700,0,0,0,0,3,0
CF,D017A,46.022419,8.919519,0,MMP,17.6,24.2,17.0,3.2,2,2700,0,0,0,0,0,1
CA,2,187.0,2,5000,0,1,150,0,0,0
VI,0, ,0.0,242.0,0,0,0,0,0,0,0,0
CF,PINIK,45.874100,8.848858,0,MMP,17.8,14.8,197.0,3.0,1,6000,0,1,150,0,0,0

APPTR,L19-H,19,CALDO
FC,CALDO,45.909222,8.864139,0,SRN,0.0,0.0,242.0,3.2,2,6000,0,1,180,0,0,1
CF,PINIK,45.874100,8.848858,1,ILU,196.4,8.7,17.0,2.0,2,6000,0,0,0,0,0,0

FINAL,L19-H,19,D,5
IF,PINIK,45.874100,8.848858,ILU,196.4,8.7,2,6000,0,0,0,0,0,0
CF,CALDO,45.909222,8.864139,0,ILU,197.0,6.5,17.0,2.2,2,5000,0,0,0,0,2,0
CF,53LOC,45.927806,8.873206,0,ILU,196.8,5.3,17.0,1.2,2,4430,0,0,0,0,0,0
CF,37LOC,45.953042,8.885528,0,ILU,196.8,3.7,17.0,1.6,2,3670,0,0,0,0,0,0
CF,ML017,45.971967,8.894778,0,ILU,196.8,2.5,17.0,1.2,1,3100,0,0,0,0,3,0
CF,D017A,46.022419,8.919519,0,SRN,348.3,23.0,17.0,3.2,2,3100,0,0,0,0,0,1
CA,2,187.0,2,5000,0,1,150,0,0,0
VI,0, ,0.0,242.0,0,0,0,0,0,0,0,0
CF,PINIK,45.874100,8.848858,0,SRN,331.1,15.5,197.0,5.0,1,6000,0,1,150,0,0,0

APPTR,L19-L,19,CALDO
FC,CALDO,45.909222,8.864139,0,MMP,0.0,0.0,242.0,3.2,2,6000,0,1,180,0,0,1
CF,PINIK,45.874100,8.848858,1,ILU,196.4,8.7,17.0,2.0,2,6000,0,0,0,0,0,0

FINAL,L19-L,19,D,5
IF,PINIK,45.874100,8.848858,ILU,196.4,8.7,2,6000,0,0,0,0,0,0
CF,CALDO,45.909222,8.864139,0,ILU,197.0,6.5,17.0,2.2,2,5000,0,0,0,0,2,0
CF,53LOC,45.927806,8.873206,0,ILU,196.8,5.3,17.0,1.2,2,4320,0,0,0,0,0,0
CF,37LOC,45.953042,8.885528,0,ILU,196.8,3.7,17.0,1.6,2,3400,0,0,0,0,0,0
CF,ML017,45.971967,8.894778,0,ILU,196.8,2.5,17.0,1.2,1,2700,0,0,0,0,3,0
CF,D017A,46.022419,8.919519,0,MMP,17.6,24.2,17.0,3.2,2,2700,0,0,0,0,0,1
CA,2,187.0,2,5000,0,1,150,0,0,0
VI,0, ,0.0,242.0,0,0,0,0,0,0,0,0
CF,PINIK,45.874100,8.848858,0,MMP,17.8,14.8,197.0,3.0,1,6000,0,1,150,0,0,0

