SID,AKED1C,05R,2
DF,D048I,40.909611,35.673000,0, ,0.0,0.0,0,0,0,0,0,0,0,0
AF,D352I,40.971564,35.506653,1,MNI,352.2,9.0,48.0,0,0,0,0,0,0,0,0
TF,AKEDO,40.952778,35.446944,0, ,0.0,0.0,0.0,0.0,0,0,0,0,0,0,0,0

SID,AKED1D,05R,2
DF,D048I,40.909611,35.673000,0, ,0.0,0.0,0,0,0,0,0,0,0,0
AF,D352I,40.971564,35.506653,1,MNI,352.2,9.0,48.0,0,0,0,0,0,0,0,0
TF,AKEDO,40.952778,35.446944,0, ,0.0,0.0,0.0,0.0,0,0,0,0,0,0,0,0

SID,AKED1E,23L,2
CF,D230I,40.737450,35.349347,0,MNI,230.0,9.0,230.0,10.0,0,0,0,0,0,0,0,0
AF,D314I,40.936625,35.386033,2,MNI,314.1,9.0,230.0,0,0,0,0,0,0,0,0
TF,AKEDO,40.952778,35.446944,0, ,0.0,0.0,0.0,0.0,0,0,0,0,0,0,0,0

SID,AKED1K,23L,2
CF,D230I,40.737450,35.349347,0,MNI,230.0,9.0,230.0,10.0,0,0,0,0,0,0,0,0
AF,D314I,40.936625,35.386033,2,MNI,314.1,9.0,230.0,0,0,0,0,0,0,0,0
TF,AKEDO,40.952778,35.446944,0, ,0.0,0.0,0.0,0.0,0,0,0,0,0,0,0,0

SID,ERGU1C,05R,2
DF,D048K,40.929161,35.708625,0, ,0.0,0.0,0,0,0,0,0,0,0,1
DF,MNI,40.821500,35.512944,1, ,0.0,0.0,2,9000,0,0,0,0,0,0
TF,ERGUN,40.746389,34.738889,0, ,0.0,0.0,0.0,0.0,0,0,0,0,0,0,0,0

SID,ERGU1D,05R,2
DF,D048K,40.929161,35.708625,0, ,0.0,0.0,0,0,0,0,0,0,0,1
DF,MNI,40.821500,35.512944,1, ,0.0,0.0,2,9000,0,0,0,0,0,0
TF,ERGUN,40.746389,34.738889,0, ,0.0,0.0,0.0,0.0,0,0,0,0,0,0,0,0

SID,ERGU1E,23L,2
CF,D230K,40.718742,35.313050,0,MNI,230.0,11.0,230.0,12.0,0,0,0,0,0,0,0,0
VI,0, ,0.0,287.0,0,0,0,0,0,0,0,0
CF,ERGUN,40.746389,34.738889,0,MNI,257.0,35.6,257.0,17.0,0,0,0,0,0,0,0,0

SID,ERGU1K,23L,2
CF,D230K,40.718742,35.313050,0,MNI,230.0,11.0,230.0,12.0,0,0,0,0,0,0,0,0
VI,0, ,0.0,287.0,0,0,0,0,0,0,0,0
CF,ERGUN,40.746389,34.738889,0,MNI,257.0,35.6,257.0,17.0,0,0,0,0,0,0,0,0

SID,HAVZ1C,05R,2
DF,D048K,40.929161,35.708625,0, ,0.0,0.0,0,0,0,0,0,0,0,1
CF,HAVZA,41.092500,35.928611,0,MNI,43.2,24.9,43.0,14.0,0,0,0,0,0,0,0,0

SID,HAVZ1D,05R,2
DF,D048K,40.929161,35.708625,0, ,0.0,0.0,0,0,0,0,0,0,0,1
CF,HAVZA,41.092500,35.928611,0,MNI,43.2,24.9,43.0,14.0,0,0,0,0,0,0,0,0

SID,HAVZ1E,23L,2
CF,D230K,40.718742,35.313050,0,MNI,230.0,11.0,230.0,12.0,0,0,0,0,0,0,0,1
DF,MNI,40.821500,35.512944,2, ,0.0,0.0,2,9000,0,0,0,0,0,0
TF,HAVZA,41.092500,35.928611,0, ,0.0,0.0,0.0,0.0,0,0,0,0,0,0,0,0

SID,HAVZ1K,23L,2
CF,D230K,40.718742,35.313050,0,MNI,230.0,11.0,230.0,12.0,0,0,0,0,0,0,0,1
DF,MNI,40.821500,35.512944,2, ,0.0,0.0,2,9000,0,0,0,0,0,0
TF,HAVZA,41.092500,35.928611,0, ,0.0,0.0,0.0,0.0,0,0,0,0,0,0,0,0

STAR,AKED1A,ALL,2
IF,AKEDO,40.952778,35.446944, ,0.0,0.0,0,0,0,0,0,0,0,0
TF,MNI,40.821500,35.512944,0, ,0.0,0.0,0.0,0.0,0,0,0,0,0,0,0,0

STAR,AKED1B,ALL,2
IF,AKEDO,40.952778,35.446944, ,0.0,0.0,0,0,0,0,0,0,0,0
TF,MNI,40.821500,35.512944,0, ,0.0,0.0,0.0,0.0,0,0,0,0,0,0,0,0

STAR,ERGU1A,ALL,2
IF,ERGUN,40.746389,34.738889, ,0.0,0.0,0,0,0,0,0,0,0,0
TF,MNI,40.821500,35.512944,0, ,0.0,0.0,0.0,0.0,0,0,0,0,0,0,0,0

STAR,ERGU1B,ALL,2
IF,ERGUN,40.746389,34.738889, ,0.0,0.0,0,0,0,0,0,0,0,0
TF,MNI,40.821500,35.512944,0, ,0.0,0.0,0.0,0.0,0,0,0,0,0,0,0,0

STAR,ERGU1F,05R,5
IF,ERGUN,40.746389,34.738889, ,0.0,0.0,2,10000,0,0,0,0,0,0
TF,AP612,40.629581,35.154403,0, ,0.0,0.0,0.0,0.0,2,7500,0,0,0,0,0,0
TF,AP613,40.668456,35.225581,0, ,0.0,0.0,0.0,0.0,2,6200,0,0,0,0,0,0
TF,AP614,40.707306,35.296875,0, ,0.0,0.0,0.0,0.0,2,5000,0,0,0,0,0,0

STAR,HAVZ1A,ALL,2
IF,HAVZA,41.092500,35.928611, ,0.0,0.0,0,0,0,0,0,0,0,0
TF,MNI,40.821500,35.512944,0, ,0.0,0.0,0.0,0.0,0,0,0,0,0,0,0,0

STAR,HAVZ1B,ALL,2
IF,HAVZA,41.092500,35.928611, ,0.0,0.0,0,0,0,0,0,0,0,0
TF,MNI,40.821500,35.512944,0, ,0.0,0.0,0.0,0.0,0,0,0,0,0,0,0,0

APPTR,D05R,05R,MNI1
IF,MNI,40.821500,35.512944, ,0.0,0.0,2,9000,0,0,0,0,0,0
FD,MNI,40.821500,35.512944,0,MNI,0.0,12.0,219.0,12.0,2,5800,0,1,185,0,0,0
CF,FF05R,40.718203,35.287481,2,MNI,233.0,12.0,53.0,1.0,2,5800,0,0,0,0,0,0

APPTR,D05R,05R,MNI2
IF,MNI,40.821500,35.512944, ,0.0,0.0,2,9000,0,0,0,0,0,0
FD,MNI,40.821500,35.512944,0,MNI,0.0,12.0,224.0,12.0,2,5800,0,1,185,0,0,0
CF,FF05R,40.718203,35.287481,2,MNI,233.0,12.0,53.0,1.0,2,5800,0,0,0,0,0,0

FINAL,D05R,05R,D,5
IF,FF05R,40.718203,35.287481,MNI,233.0,12.0,2,5800,0,0,0,0,2,0
CF,80DME,40.752683,35.362558,0,MNI,233.0,8.0,53.0,4.0,2,4450,0,0,0,0,0,0
CF,60DME,40.769906,35.400125,0,MNI,233.0,6.0,53.0,2.0,2,3750,0,0,0,0,0,0
CF,30DME,40.795717,35.456511,0,MNI,233.0,3.0,53.0,3.0,2,2750,0,0,0,0,0,0
CF,MA05R,40.817203,35.503536,0,MNI,233.0,0.5,53.0,2.5,1,1941,0,0,0,0,3,0
CF,MNI,40.821500,35.512944,0,MNI,0.0,0.0,53.0,0.5,2,2190,0,0,0,0,0,0
FA,MNI,40.821500,35.512944,0,MNI,0.0,0.0,51.0,2,5600,0,1,185,0,0,0
CF,MNI,40.821500,35.512944,1,MNI,0.0,0.0,220.0,7.0,1,9000,0,0,0,0,0,0
HM,MNI,40.821500,35.512944,2, ,0.0,0.0,229.0,04.3,0,0,0,1,230,0,0,0,0

APPTR,I05R1,05R,MNI1
IF,MNI,40.821500,35.512944, ,0.0,0.0,2,9000,0,0,0,0,0,0
FD,MNI,40.821500,35.512944,0,MNI,0.0,16.0,219.0,16.0,2,6200,0,1,185,0,0,0
CF,D229P,40.668686,35.225358,2,MNI,229.2,16.0,49.0,1.0,2,6200,0,0,0,0,0,0
CF,D229L,40.707456,35.296675,0,MNI,229.3,12.0,49.0,4.0,2,5000,0,0,0,0,0,0
CF,CF05R,40.726825,35.332367,0,IMRI,228.6,11.8,49.0,2.0,2,4400,0,0,0,0,0,0

APPTR,I05R1,05R,MNI2
IF,MNI,40.821500,35.512944, ,0.0,0.0,2,9000,0,0,0,0,0,0
FD,MNI,40.821500,35.512944,0,MNI,0.0,16.0,221.0,16.0,2,6200,0,1,185,0,0,0
CF,D229P,40.668686,35.225358,2,MNI,229.2,16.0,49.0,1.0,2,6200,0,0,0,0,0,0
CF,D229L,40.707456,35.296675,0,MNI,229.3,12.0,49.0,4.0,2,5000,0,0,0,0,0,0
CF,CF05R,40.726825,35.332367,0,IMRI,228.6,11.8,49.0,2.0,2,4400,0,0,0,0,0,0

FINAL,I05R1,05R,I,3
IF,CF05R,40.726825,35.332367,IMRI,228.6,11.8,2,4400,0,0,0,0,0,0
CF,FI05R,40.745214,35.366292,0,IMRI,228.6,9.9,49.0,1.9,1,4400,0,0,0,0,2,0
CF,RW05R,40.821739,35.507858,0,IMRI,228.6,2.0,49.0,7.9,1,1836,0,0,0,0,3,0
CF,MNI,40.821500,35.512944,0,MNI,0.0,0.0,49.0,0.2,0,0,0,0,0,0,0,0
FA,MNI,40.821500,35.512944,0,MNI,0.0,0.0,49.0,2,5600,0,0,0,0,0,0
CF,MNI,40.821500,35.512944,1,MNI,0.0,0.0,218.0,7.0,1,9000,0,1,185,0,0,0
HM,MNI,40.821500,35.512944,2, ,0.0,0.0,229.0,04.3,2,9000,0,1,230,0,0,0,0

FINAL,I05R2,05R,I,3
IF,AP614,40.707306,35.296875,IMRI,228.6,13.8,2,5000,0,0,0,0,0,0
CF,GOKTO,40.745081,35.366411,0,IMRI,228.6,9.9,49.0,3.9,1,4400,0,1,180,0,2,0
CF,RW05R,40.821739,35.507858,0,IMRI,228.6,2.0,49.0,7.9,1,1836,0,0,0,0,3,0
CF,MNI,40.821500,35.512944,0,MNI,0.0,0.0,49.0,0.2,0,0,0,0,0,0,0,0
FA,MNI,40.821500,35.512944,0,MNI,0.0,0.0,49.0,2,5600,0,0,0,0,0,0
CF,MNI,40.821500,35.512944,1,MNI,0.0,0.0,218.0,7.0,1,9000,0,1,185,0,0,0
HM,MNI,40.821500,35.512944,2, ,0.0,0.0,229.0,04.3,2,9000,0,1,230,0,0,0,0

APPTR,Q05R,05R,MNI1
IF,MNI,40.821500,35.512944, ,0.0,0.0,2,9000,0,0,0,0,0,0
FD,MNI,40.821500,35.512944,0,MNI,0.0,12.0,219.0,12.0,2,5800,0,1,185,0,0,0
CF,FF05R,40.718203,35.287481,2,MNI,233.0,12.0,53.0,1.0,2,5800,0,0,0,0,0,0

APPTR,Q05R,05R,MNI2
IF,MNI,40.821500,35.512944, ,0.0,0.0,2,9000,0,0,0,0,0,0
FD,MNI,40.821500,35.512944,0,MNI,0.0,12.0,224.0,12.0,2,5800,0,1,185,0,0,0
CF,FF05R,40.718203,35.287481,2,MNI,233.0,12.0,53.0,1.0,2,5800,0,0,0,0,0,0

FINAL,Q05R,05R,N,5
IF,FF05R,40.718203,35.287481,MNI,0.0,0.0,2,5800,0,0,0,0,2,0
CF,80DME,40.752683,35.362558,0,MNI,0.0,0.0,53.0,4.0,2,4450,0,0,0,0,0,0
CF,60DME,40.769906,35.400125,0,MNI,0.0,0.0,53.0,2.0,2,3750,0,0,0,0,0,0
CF,30DME,40.795717,35.456511,0,MNI,0.0,0.0,53.0,3.0,2,2750,0,0,0,0,0,0
CF,MA05R,40.817203,35.503536,0,MNI,0.0,0.5,53.0,2.5,1,1941,0,0,0,0,3,0
CF,MNI,40.821500,35.512944,0,MNI,0.0,0.0,53.0,0.5,2,2190,0,0,0,0,0,0
FA,MNI,40.821500,35.512944,0,MNI,0.0,0.0,51.0,2,5600,0,1,185,0,0,0
CF,MNI,40.821500,35.512944,1,MNI,0.0,0.0,220.0,7.0,1,9000,0,0,0,0,0,0
HM,MNI,40.821500,35.512944,2, ,0.0,0.0,229.0,04.3,0,0,0,1,230,0,0,0,0

APPTR,Q05R-M,05R,MNI1
IF,MNI,40.821500,35.512944, ,0.0,0.0,2,9000,0,0,0,0,0,0
FD,MNI,40.821500,35.512944,0,MNI,0.0,14.0,35.0,14.0,2,5900,0,1,185,0,0,0
CF,D047N,40.961747,35.758919,2,MNI,47.0,14.0,227.0,1.0,2,5900,0,0,0,0,0,0
CF,CF227,40.891689,35.635803,0,MNI,47.0,7.0,227.0,7.0,2,3700,0,0,0,0,0,0

APPTR,Q05R-M,05R,MNI2
IF,MNI,40.821500,35.512944, ,0.0,0.0,2,9000,0,0,0,0,0,0
FD,MNI,40.821500,35.512944,0,MNI,0.0,14.0,40.0,14.0,2,5900,0,1,185,0,0,0
CF,D047N,40.961747,35.758919,2,MNI,47.0,14.0,227.0,1.0,2,5900,0,0,0,0,0,0
CF,CF227,40.891689,35.635803,0,MNI,47.0,7.0,227.0,7.0,2,3700,0,0,0,0,0,0

FINAL,Q05R-M,05R,N,3
IF,CF227,40.891689,35.635803,MNI,0.0,0.0,2,3700,0,0,0,0,0,0
CF,FF227,40.871647,35.600672,0,MNI,0.0,0.0,227.0,2.0,2,3700,0,0,0,0,2,0
CF,MA227,40.836550,35.539247,0,MNI,0.0,1.5,227.0,3.5,1,2800,0,0,0,0,3,0
CF,MNI,40.821500,35.512944,0,MNI,0.0,0.0,227.0,1.5,2,2800,0,0,0,0,0,0
FA,MNI,40.821500,35.512944,0,MNI,0.0,0.0,222.0,2,5700,0,1,185,0,0,0
CF,MNI,40.821500,35.512944,1,MNI,0.0,0.0,20.0,6.0,1,9000,0,0,0,0,0,0
HM,MNI,40.821500,35.512944,2, ,0.0,0.0,49.0,04.3,0,0,0,1,230,0,0,0,0

APPTR,Q23L-M,23L,MNI1
IF,MNI,40.821500,35.512944, ,0.0,0.0,2,9000,0,0,0,0,0,0
FD,MNI,40.821500,35.512944,0,MNI,0.0,14.0,35.0,14.0,2,5900,0,1,185,0,0,0
CF,D047N,40.961747,35.758919,2,MNI,47.0,14.0,227.0,1.0,2,5900,0,0,0,0,0,0
CF,CF227,40.891689,35.635803,0,MNI,47.0,7.0,227.0,7.0,2,3700,0,0,0,0,0,0

APPTR,Q23L-M,23L,MNI2
IF,MNI,40.821500,35.512944, ,0.0,0.0,2,9000,0,0,0,0,0,0
FD,MNI,40.821500,35.512944,0,MNI,0.0,14.0,40.0,14.0,2,5900,0,1,185,0,0,0
CF,D047N,40.961747,35.758919,2,MNI,47.0,14.0,227.0,1.0,2,5900,0,0,0,0,0,0
CF,CF227,40.891689,35.635803,0,MNI,47.0,7.0,227.0,7.0,2,3700,0,0,0,0,0,0

FINAL,Q23L-M,23L,N,3
IF,CF227,40.891689,35.635803,MNI,0.0,0.0,2,3700,0,0,0,0,0,0
CF,FF227,40.871647,35.600672,0,MNI,0.0,0.0,227.0,2.0,2,3700,0,0,0,0,2,0
CF,MA227,40.836550,35.539247,0,MNI,0.0,1.5,227.0,3.5,1,2800,0,0,0,0,3,0
CF,MNI,40.821500,35.512944,0,MNI,0.0,0.0,227.0,1.5,2,2800,0,0,0,0,0,0
FA,MNI,40.821500,35.512944,0,MNI,0.0,0.0,222.0,2,5700,0,1,185,0,0,0
CF,MNI,40.821500,35.512944,1,MNI,0.0,0.0,20.0,6.0,1,9000,0,0,0,0,0,0
HM,MNI,40.821500,35.512944,2, ,0.0,0.0,49.0,04.3,0,0,0,1,230,0,0,0,0

APPTR,S05R-M,05R,MNI1
IF,MNI,40.821500,35.512944, ,0.0,0.0,2,9000,0,0,0,0,0,0
FD,MNI,40.821500,35.512944,0,MNI,0.0,14.0,35.0,14.0,2,5900,0,1,185,0,0,0
CF,D047N,40.961747,35.758919,2,MNI,47.0,14.0,227.0,1.0,2,5900,0,0,0,0,0,0
CF,CF227,40.891689,35.635803,0,MNI,47.0,7.0,227.0,7.0,2,3700,0,0,0,0,0,0

APPTR,S05R-M,05R,MNI2
IF,MNI,40.821500,35.512944, ,0.0,0.0,2,9000,0,0,0,0,0,0
FD,MNI,40.821500,35.512944,0,MNI,0.0,14.0,40.0,14.0,2,5900,0,1,185,0,0,0
CF,D047N,40.961747,35.758919,2,MNI,47.0,14.0,227.0,1.0,2,5900,0,0,0,0,0,0
CF,CF227,40.891689,35.635803,0,MNI,47.0,7.0,227.0,7.0,2,3700,0,0,0,0,0,0

FINAL,S05R-M,05R,D,3
IF,CF227,40.891689,35.635803,MNI,47.0,7.0,2,3700,0,0,0,0,0,0
CF,FF227,40.871647,35.600672,0,MNI,47.0,5.0,227.0,2.0,2,3700,0,0,0,0,2,0
CF,MA227,40.836550,35.539247,0,MNI,47.0,1.5,227.0,3.5,1,2800,0,0,0,0,3,0
CF,MNI,40.821500,35.512944,0,MNI,0.0,0.0,227.0,1.5,2,2800,0,0,0,0,0,0
FA,MNI,40.821500,35.512944,0,MNI,0.0,0.0,222.0,2,5700,0,1,185,0,0,0
CF,MNI,40.821500,35.512944,1,MNI,0.0,0.0,20.0,6.0,1,9000,0,0,0,0,0,0
HM,MNI,40.821500,35.512944,2, ,0.0,0.0,49.0,04.3,0,0,0,1,230,0,0,0,0

APPTR,S23L-M,23L,MNI1
IF,MNI,40.821500,35.512944, ,0.0,0.0,2,9000,0,0,0,0,0,0
FD,MNI,40.821500,35.512944,0,MNI,0.0,14.0,35.0,14.0,2,5900,0,1,185,0,0,0
CF,D047N,40.961747,35.758919,2,MNI,47.0,14.0,227.0,1.0,2,5900,0,0,0,0,0,0
CF,CF227,40.891689,35.635803,0,MNI,47.0,7.0,227.0,7.0,2,3700,0,0,0,0,0,0

APPTR,S23L-M,23L,MNI2
IF,MNI,40.821500,35.512944, ,0.0,0.0,2,9000,0,0,0,0,0,0
FD,MNI,40.821500,35.512944,0,MNI,0.0,14.0,40.0,14.0,2,5900,0,1,185,0,0,0
CF,D047N,40.961747,35.758919,2,MNI,47.0,14.0,227.0,1.0,2,5900,0,0,0,0,0,0
CF,CF227,40.891689,35.635803,0,MNI,47.0,7.0,227.0,7.0,2,3700,0,0,0,0,0,0

FINAL,S23L-M,23L,D,3
IF,CF227,40.891689,35.635803,MNI,47.0,7.0,2,3700,0,0,0,0,0,0
CF,FF227,40.871647,35.600672,0,MNI,47.0,5.0,227.0,2.0,2,3700,0,0,0,0,2,0
CF,MA227,40.836550,35.539247,0,MNI,47.0,1.5,227.0,3.5,1,2800,0,0,0,0,3,0
CF,MNI,40.821500,35.512944,0,MNI,0.0,0.0,227.0,1.5,2,2800,0,0,0,0,0,0
FA,MNI,40.821500,35.512944,0,MNI,0.0,0.0,222.0,2,5700,0,1,185,0,0,0
CF,MNI,40.821500,35.512944,1,MNI,0.0,0.0,20.0,6.0,1,9000,0,0,0,0,0,0
HM,MNI,40.821500,35.512944,2, ,0.0,0.0,49.0,04.3,0,0,0,1,230,0,0,0,0

