SID,EKME1B,07L,2
CF,D070G,40.294614,29.740592,0,BRY,70.0,7.0,70.0,8.0,2,3300,0,0,0,0,0,1
TF,EKMEL,40.376667,30.182778,0, ,0.0,0.0,0.0,0.0,0,0,0,0,0,0,0,0

SID,EKME1D,25R,2
CF,D250G,40.230253,29.447600,0,BRY,250.0,7.0,250.0,5.0,2,2700,0,0,0,0,0,1
DF,BRY,40.262528,29.594028,1, ,0.0,0.0,0,0,0,0,0,0,0,0
TF,EKMEL,40.376667,30.182778,0, ,0.0,0.0,0.0,0.0,0,0,0,0,0,0,0,0

SID,SULT1A,07L,2
CF,D070G,40.294614,29.740592,0,BRY,70.0,7.0,70.0,8.0,2,3300,0,0,0,0,0,0
AF,D149G,40.158764,29.663833,2,BRY,148.7,7.0,70.0,0,0,0,0,0,0,0,0
TF,SULTA,40.045556,29.739722,0, ,0.0,0.0,0.0,0.0,0,0,0,0,0,0,0,0

SID,SULT1B,07L,2
CF,D070G,40.294614,29.740592,0,BRY,70.0,7.0,70.0,8.0,2,3300,0,0,0,0,0,1
DF,BRY,40.262528,29.594028,2, ,0.0,0.0,0,0,0,0,0,0,0,1
TF,SULTA,40.045556,29.739722,1, ,0.0,0.0,0.0,0.0,0,0,0,0,0,0,0,0

SID,SULT1C,25R,2
CF,D250G,40.230253,29.447600,0,BRY,250.0,7.0,250.0,5.0,2,2700,0,0,0,0,0,0
AF,D149G,40.158764,29.663833,1,BRY,148.7,7.0,250.0,0,0,0,0,0,0,0,0
TF,SULTA,40.045556,29.739722,0, ,0.0,0.0,0.0,0.0,0,0,0,0,0,0,0,0

SID,SULT1D,25R,2
CF,D250G,40.230253,29.447600,0,BRY,250.0,7.0,250.0,5.0,2,2700,0,0,0,0,0,1
DF,BRY,40.262528,29.594028,1, ,0.0,0.0,0,0,0,0,0,0,0,1
TF,SULTA,40.045556,29.739722,2, ,0.0,0.0,0.0,0.0,0,0,0,0,0,0,0,0

SID,YAA1B,07L,2
CF,D070G,40.294614,29.740592,0,BRY,70.0,7.0,70.0,8.0,2,3300,0,0,0,0,0,1
DF,BRY,40.262528,29.594028,2, ,0.0,0.0,0,0,0,0,0,0,0,1
TF,YAA,40.475000,29.207500,0, ,0.0,0.0,0.0,0.0,0,0,0,0,0,0,0,0

SID,YAA1D,25R,2
CF,D250G,40.230253,29.447600,0,BRY,250.0,7.0,250.0,5.0,2,2700,0,0,0,0,0,1
DF,BRY,40.262528,29.594028,1, ,0.0,0.0,0,0,0,0,0,0,0,1
TF,YAA,40.475000,29.207500,0, ,0.0,0.0,0.0,0.0,0,0,0,0,0,0,0,0

STAR,BKZ1E,ALL,2
IF,BKZ,41.126972,29.142889, ,0.0,0.0,0,0,0,0,0,0,0,0
TF,BRY,40.262528,29.594028,0, ,0.0,0.0,0.0,0.0,0,0,0,0,0,0,0,0

STAR,BKZ1H,25R,2
IF,BKZ,41.126972,29.142889, ,0.0,0.0,0,0,0,0,0,0,0,0
TF,D334G,40.371128,29.538039,0, ,0.0,0.0,0.0,0.0,0,0,0,0,0,0,0,0
TF,BRY,40.262528,29.594028,0, ,0.0,0.0,0.0,0.0,0,0,0,0,0,0,0,1
CI,0, ,0.0,149.0,0,0,0,0,0,0,0,0
AF,D112N,40.159842,29.867567,1,BRY,112.0,14.0,149.0,0,0,0,0,0,0,0,0
AF,D079N,40.290589,29.896683,1,BRY,79.0,14.0,112.0,0,0,0,0,0,0,0,1
CF,KESEV,40.311278,29.825389,0,BRY,70.5,11.0,250.0,2.0,0,0,0,0,0,0,0,0

STAR,EKME1E,ALL,2
IF,EKMEL,40.376667,30.182778, ,0.0,0.0,0,0,0,0,0,0,0,0
TF,BRY,40.262528,29.594028,0, ,0.0,0.0,0.0,0.0,0,0,0,0,0,0,0,0

STAR,EKME1H,25R,2
IF,EKMEL,40.376667,30.182778, ,0.0,0.0,0,0,0,0,0,0,0,0
TF,D070Y,40.365697,30.122353,0, ,0.0,0.0,0.0,0.0,0,0,0,0,0,0,0,0
TF,D070Q,40.334714,29.952719,0, ,0.0,0.0,0.0,0.0,0,0,0,0,0,0,0,0
TF,KESEV,40.311278,29.825389,0, ,0.0,0.0,0.0,0.0,0,0,0,0,0,0,0,0

STAR,SULT1E,ALL,2
IF,SULTA,40.045556,29.739722, ,0.0,0.0,0,0,0,0,0,0,0,0
TF,BRY,40.262528,29.594028,0, ,0.0,0.0,0.0,0.0,0,0,0,0,0,0,0,0

STAR,SULT1H,25R,2
IF,SULTA,40.045556,29.739722, ,0.0,0.0,0,0,0,0,0,0,0,0
CI,0, ,0.0,329.0,0,0,0,0,0,0,0,0
AF,D112N,40.159842,29.867567,1,BRY,112.0,14.0,149.0,0,0,0,0,0,0,0,0
AF,D079N,40.290589,29.896683,1,BRY,79.0,14.0,112.0,0,0,0,0,0,0,0,1
CF,KESEV,40.311278,29.825389,0,BRY,70.5,11.0,250.0,2.0,0,0,0,0,0,0,0,0

STAR,YAA1E,ALL,2
IF,YAA,40.475000,29.207500, ,0.0,0.0,0,0,0,0,0,0,0,0
TF,BRY,40.262528,29.594028,0, ,0.0,0.0,0.0,0.0,0,0,0,0,0,0,0,0

STAR,YAA1H,25R,2
IF,YAA,40.475000,29.207500, ,0.0,0.0,0,0,0,0,0,0,0,0
TF,D301G,40.330803,29.470339,0, ,0.0,0.0,0.0,0.0,0,0,0,0,0,0,0,0
TF,BRY,40.262528,29.594028,0, ,0.0,0.0,0.0,0.0,0,0,0,0,0,0,0,1
CI,0, ,0.0,149.0,0,0,0,0,0,0,0,0
AF,D112N,40.159842,29.867567,1,BRY,112.0,14.0,149.0,0,0,0,0,0,0,0,0
AF,D079N,40.290589,29.896683,1,BRY,79.0,14.0,112.0,0,0,0,0,0,0,0,1
CF,KESEV,40.311278,29.825389,0,BRY,70.5,11.0,250.0,2.0,0,0,0,0,0,0,0,0

APPTR,D25R,25R,BRY
IF,BRY,40.262528,29.594028, ,0.0,0.0,2,4500,0,0,0,0,0,0
HF,BRY,40.262528,29.594028,1, ,0.0,0.0,250.0,09,2,4100,0,1,185,0,0,0,0

FINAL,D25R,25R,D,3
IF,CF25R,40.303750,29.782494,BRY,70.0,9.0,2,4100,0,0,0,0,0,0
CF,FF25R,40.285467,29.698703,0,BRY,70.0,5.0,250.0,4.0,2,2800,0,0,0,0,2,0
CF,MA25R,40.271714,29.635889,0,BRY,70.0,2.0,250.0,3.0,1,1750,0,0,0,0,3,0
CF,BRY,40.262528,29.594028,0,BRY,0.0,0.0,250.0,2.0,2,1750,0,0,0,0,0,0
FD,BRY,40.262528,29.594028,0,BRY,0.0,8.0,250.0,8.0,2,3250,0,0,0,0,0,0
DF,BRY,40.262528,29.594028,1, ,0.0,0.0,1,4500,0,0,0,0,0,0
HM,BRY,40.262528,29.594028,1, ,0.0,0.0,250.0,04.3,0,0,0,1,230,0,0,0,0

APPTR,I25R1,25R,BRY
IF,BRY,40.262528,29.594028, ,0.0,0.0,2,4500,0,1,185,0,0,0
CF,D092K,40.243558,29.832456,0,BRY,92.1,11.0,70.0,11.0,2,4100,0,0,0,0,0,1
CF,KESEV,40.311278,29.825389,1,BRY,70.8,11.0,250.0,1.0,2,4100,0,0,0,0,0,0
CF,CI25R,40.302592,29.783694,0,IYEN,70.5,11.5,250.0,2.0,2,3500,0,0,0,0,0,0

APPTR,I25R1,25R,KESEV
IF,KESEV,40.311278,29.825389, ,0.0,0.0,2,4100,0,0,0,0,0,0
CF,CI25R,40.302592,29.783694,0,IYEN,70.5,11.5,250.0,2.0,2,3500,0,0,0,0,0,0

FINAL,I25R1,25R,I,3
IF,CI25R,40.302592,29.783694,IYEN,70.5,11.5,2,3500,0,0,0,0,0,0
CF,FI25R,40.296811,29.756353,0,IYEN,70.5,10.2,250.0,1.3,1,3500,0,0,0,0,2,0
CF,RW25R,40.259406,29.579300,0,IYEN,70.5,1.8,250.0,8.4,1,803,0,0,0,0,3,0
CA,0,250.0,2,1170,0,0,0,0,0,0
FA,BRY,40.262528,29.594028,0,BRY,0.0,0.0,250.0,2,3000,0,0,0,0,0,0
DF,BRY,40.262528,29.594028,1, ,0.0,0.0,1,4500,0,0,0,0,0,0
HM,BRY,40.262528,29.594028,1, ,0.0,0.0,250.0,04.3,0,0,0,1,230,0,0,0,0

APPTR,I25R2,25R,KESEV
IF,KESEV,40.311278,29.825389, ,0.0,0.0,2,4500,0,0,0,0,0,0
HF,KESEV,40.311278,29.825389,1, ,0.0,0.0,250.0,04.3,2,4100,0,1,230,0,0,0,0
CF,CI25R,40.302592,29.783694,0,IYEN,70.5,11.5,250.0,2.0,2,3500,0,0,0,0,0,0

FINAL,I25R2,25R,I,3
IF,CI25R,40.302592,29.783694,IYEN,70.5,11.5,2,3500,0,0,0,0,0,0
CF,FI25R,40.296811,29.756353,0,IYEN,70.5,10.2,250.0,1.3,1,3500,0,0,0,0,2,0
CF,RW25R,40.259406,29.579300,0,IYEN,70.5,1.8,250.0,8.4,1,803,0,0,0,0,3,0
CA,0,250.0,2,1170,0,0,0,0,0,0
FA,BRY,40.262528,29.594028,0,BRY,0.0,0.0,250.0,2,3000,0,0,0,0,0,0
DF,BRY,40.262528,29.594028,1, ,0.0,0.0,1,4500,0,0,0,0,0,0
HM,BRY,40.262528,29.594028,1, ,0.0,0.0,250.0,04.3,0,0,0,1,230,0,0,0,0

APPTR,Q25R,25R,BRY
IF,BRY,40.262528,29.594028, ,0.0,0.0,2,4500,0,0,0,0,0,0
HF,BRY,40.262528,29.594028,1, ,0.0,0.0,250.0,09,2,4100,0,1,185,0,0,0,0

FINAL,Q25R,25R,N,3
IF,CF25R,40.303750,29.782494,BRY,0.0,0.0,2,4100,0,0,0,0,0,0
CF,FF25R,40.285467,29.698703,0,BRY,0.0,0.0,250.0,4.0,2,2800,0,0,0,0,2,0
CF,MA25R,40.271714,29.635889,0,BRY,0.0,2.0,250.0,3.0,1,1750,0,0,0,0,3,0
CF,BRY,40.262528,29.594028,0,BRY,0.0,0.0,250.0,2.0,2,1750,0,0,0,0,0,0
FD,BRY,40.262528,29.594028,0,BRY,0.0,8.0,250.0,8.0,2,3250,0,0,0,0,0,0
DF,BRY,40.262528,29.594028,1, ,0.0,0.0,1,4500,0,0,0,0,0,0
HM,BRY,40.262528,29.594028,1, ,0.0,0.0,250.0,04.3,0,0,0,1,230,0,0,0,0

APPTR,R07L-R,07L,BRY
IF,BRY,40.262528,29.594028, ,0.0,0.0,2,5000,0,0,0,0,0,0
HF,BRY,40.262528,29.594028,1, ,0.0,0.0,250.0,04.3,2,4100,0,1,185,0,0,0,0

FINAL,R07L-R,07L,R,2
IF,FS250,40.290958,29.723836,BRY,70.0,6.2,2,4100,0,0,0,0,2,0
CF,BRY,40.262528,29.594028,0,BRY,0.0,0.0,250.0,6.2,1,3000,0,0,0,0,3,0
FA,BRY,40.262528,29.594028,0,BRY,0.0,0.0,250.0,2,4000,0,0,0,0,0,0
DF,BRY,40.262528,29.594028,1, ,0.0,0.0,1,5000,0,0,0,0,0,0
HM,BRY,40.262528,29.594028,1, ,0.0,0.0,250.0,04.3,0,0,0,1,230,0,0,0,0

APPTR,R07R-R,07R,BRY
IF,BRY,40.262528,29.594028, ,0.0,0.0,2,5000,0,0,0,0,0,0
HF,BRY,40.262528,29.594028,1, ,0.0,0.0,250.0,04.3,2,4100,0,1,185,0,0,0,0

FINAL,R07R-R,07R,R,2
IF,FS250,40.290958,29.723836,BRY,70.0,6.2,2,4100,0,0,0,0,2,0
CF,BRY,40.262528,29.594028,0,BRY,0.0,0.0,250.0,6.2,1,3000,0,0,0,0,3,0
FA,BRY,40.262528,29.594028,0,BRY,0.0,0.0,250.0,2,4000,0,0,0,0,0,0
DF,BRY,40.262528,29.594028,1, ,0.0,0.0,1,5000,0,0,0,0,0,0
HM,BRY,40.262528,29.594028,1, ,0.0,0.0,250.0,04.3,0,0,0,1,230,0,0,0,0

APPTR,R25L-R,25L,BRY
IF,BRY,40.262528,29.594028, ,0.0,0.0,2,5000,0,0,0,0,0,0
HF,BRY,40.262528,29.594028,1, ,0.0,0.0,250.0,04.3,2,4100,0,1,185,0,0,0,0

FINAL,R25L-R,25L,R,2
IF,FS250,40.290958,29.723836,BRY,70.0,6.2,2,4100,0,0,0,0,2,0
CF,BRY,40.262528,29.594028,0,BRY,0.0,0.0,250.0,6.2,1,3000,0,0,0,0,3,0
FA,BRY,40.262528,29.594028,0,BRY,0.0,0.0,250.0,2,4000,0,0,0,0,0,0
DF,BRY,40.262528,29.594028,1, ,0.0,0.0,1,5000,0,0,0,0,0,0
HM,BRY,40.262528,29.594028,1, ,0.0,0.0,250.0,04.3,0,0,0,1,230,0,0,0,0

APPTR,R25R-R,25R,BRY
IF,BRY,40.262528,29.594028, ,0.0,0.0,2,5000,0,0,0,0,0,0
HF,BRY,40.262528,29.594028,1, ,0.0,0.0,250.0,04.3,2,4100,0,1,185,0,0,0,0

FINAL,R25R-R,25R,R,2
IF,FS250,40.290958,29.723836,BRY,70.0,6.2,2,4100,0,0,0,0,2,0
CF,BRY,40.262528,29.594028,0,BRY,0.0,0.0,250.0,6.2,1,3000,0,0,0,0,3,0
FA,BRY,40.262528,29.594028,0,BRY,0.0,0.0,250.0,2,4000,0,0,0,0,0,0
DF,BRY,40.262528,29.594028,1, ,0.0,0.0,1,5000,0,0,0,0,0,0
HM,BRY,40.262528,29.594028,1, ,0.0,0.0,250.0,04.3,0,0,0,1,230,0,0,0,0

APPTR,S07L-M,07L,BRY
IF,BRY,40.262528,29.594028, ,0.0,0.0,2,9000,0,0,0,0,0,0
HF,BRY,40.262528,29.594028,1, ,0.0,0.0,68.0,10,2,5800,0,1,185,0,0,0,0

FINAL,S07L-M,07L,D,3
IF,CD068,40.210800,29.387125,BRY,248.0,10.0,2,5800,0,0,0,0,0,0
CF,FD068,40.231536,29.469847,0,BRY,248.0,6.0,68.0,4.0,2,4200,0,0,0,0,2,0
CF,MD068,40.247047,29.531922,0,BRY,248.0,3.0,68.0,3.0,1,3000,0,0,0,0,3,0
CF,BRY,40.262528,29.594028,0,BRY,0.0,0.0,68.0,3.0,2,3000,0,0,0,0,0,1
FD,BRY,40.262528,29.594028,0,BRY,0.0,14.0,68.0,14.0,2,5800,0,0,0,0,0,0
DF,BRY,40.262528,29.594028,1, ,0.0,0.0,1,9000,0,0,0,0,0,0
HM,BRY,40.262528,29.594028,1, ,0.0,0.0,68.0,04.3,0,0,0,1,230,0,0,0,0

APPTR,S07R-M,07R,BRY
IF,BRY,40.262528,29.594028, ,0.0,0.0,2,9000,0,0,0,0,0,0
HF,BRY,40.262528,29.594028,1, ,0.0,0.0,68.0,10,2,5800,0,1,185,0,0,0,0

FINAL,S07R-M,07R,D,3
IF,CD068,40.210800,29.387125,BRY,248.0,10.0,2,5800,0,0,0,0,0,0
CF,FD068,40.231536,29.469847,0,BRY,248.0,6.0,68.0,4.0,2,4200,0,0,0,0,2,0
CF,MD068,40.247047,29.531922,0,BRY,248.0,3.0,68.0,3.0,1,3000,0,0,0,0,3,0
CF,BRY,40.262528,29.594028,0,BRY,0.0,0.0,68.0,3.0,2,3000,0,0,0,0,0,1
FD,BRY,40.262528,29.594028,0,BRY,0.0,14.0,68.0,14.0,2,5800,0,0,0,0,0,0
DF,BRY,40.262528,29.594028,1, ,0.0,0.0,1,9000,0,0,0,0,0,0
HM,BRY,40.262528,29.594028,1, ,0.0,0.0,68.0,04.3,0,0,0,1,230,0,0,0,0

APPTR,S25L-M,25L,BRY
IF,BRY,40.262528,29.594028, ,0.0,0.0,2,9000,0,0,0,0,0,0
HF,BRY,40.262528,29.594028,1, ,0.0,0.0,68.0,10,2,5800,0,1,185,0,0,0,0

FINAL,S25L-M,25L,D,3
IF,CD068,40.210800,29.387125,BRY,248.0,10.0,2,5800,0,0,0,0,0,0
CF,FD068,40.231536,29.469847,0,BRY,248.0,6.0,68.0,4.0,2,4200,0,0,0,0,2,0
CF,MD068,40.247047,29.531922,0,BRY,248.0,3.0,68.0,3.0,1,3000,0,0,0,0,3,0
CF,BRY,40.262528,29.594028,0,BRY,0.0,0.0,68.0,3.0,2,3000,0,0,0,0,0,1
FD,BRY,40.262528,29.594028,0,BRY,0.0,14.0,68.0,14.0,2,5800,0,0,0,0,0,0
DF,BRY,40.262528,29.594028,1, ,0.0,0.0,1,9000,0,0,0,0,0,0
HM,BRY,40.262528,29.594028,1, ,0.0,0.0,68.0,04.3,0,0,0,1,230,0,0,0,0

APPTR,S25R-M,25R,BRY
IF,BRY,40.262528,29.594028, ,0.0,0.0,2,9000,0,0,0,0,0,0
HF,BRY,40.262528,29.594028,1, ,0.0,0.0,68.0,10,2,5800,0,1,185,0,0,0,0

FINAL,S25R-M,25R,D,3
IF,CD068,40.210800,29.387125,BRY,248.0,10.0,2,5800,0,0,0,0,0,0
CF,FD068,40.231536,29.469847,0,BRY,248.0,6.0,68.0,4.0,2,4200,0,0,0,0,2,0
CF,MD068,40.247047,29.531922,0,BRY,248.0,3.0,68.0,3.0,1,3000,0,0,0,0,3,0
CF,BRY,40.262528,29.594028,0,BRY,0.0,0.0,68.0,3.0,2,3000,0,0,0,0,0,1
FD,BRY,40.262528,29.594028,0,BRY,0.0,14.0,68.0,14.0,2,5800,0,0,0,0,0,0
DF,BRY,40.262528,29.594028,1, ,0.0,0.0,1,9000,0,0,0,0,0,0
HM,BRY,40.262528,29.594028,1, ,0.0,0.0,68.0,04.3,0,0,0,1,230,0,0,0,0

