SID,BAYI1A,11L,2
CA,0,112.0,2,4560,0,0,0,0,0,0
CF,D117J,38.662103,41.842150,0,MUS,117.0,10.0,117.0,9.0,0,0,0,0,0,0,0,1
DF,MUS,38.749417,41.660722,1, ,0.0,0.0,0,0,0,0,0,0,0,0
TF,BAYIR,38.594722,41.403889,0, ,0.0,0.0,0.0,0.0,0,0,0,0,0,0,0,0

SID,BAYI1B,29R,2
CA,0,292.0,2,4560,0,0,0,0,0,0
CF,D291J,38.821081,41.468236,0,MUS,291.0,10.0,291.0,9.0,0,0,0,0,0,0,0,1
DF,MUS,38.749417,41.660722,2, ,0.0,0.0,0,0,0,0,0,0,0,0
TF,BAYIR,38.594722,41.403889,0, ,0.0,0.0,0.0,0.0,0,0,0,0,0,0,0,0

SID,VART1A,11L,2
CA,0,112.0,2,4560,0,0,0,0,0,0
CF,D117F,38.697061,41.769631,0,MUS,117.0,6.0,117.0,5.0,0,0,0,0,0,0,0,1
DF,MUS,38.749417,41.660722,1, ,0.0,0.0,0,0,0,0,0,0,0,0
TF,VARTO,39.066111,41.545000,0, ,0.0,0.0,0.0,0.0,0,0,0,0,0,0,0,0

SID,VART1B,29R,2
CA,0,292.0,2,4560,0,0,0,0,0,0
CF,D291F,38.792453,41.545278,0,MUS,291.0,6.0,291.0,5.0,0,0,0,0,0,0,0,0
AF,D340F,38.845681,41.625658,2,MUS,340.0,6.0,291.0,0,0,0,0,0,0,0,0
TF,VARTO,39.066111,41.545000,0, ,0.0,0.0,0.0,0.0,0,0,0,0,0,0,0,0

STAR,BAYI1D,29R,2
IF,BAYIR,38.594722,41.403889, ,0.0,0.0,0,0,0,0,0,0,0,0
TF,D229E,38.698656,41.576219,0, ,0.0,0.0,0.0,0.0,0,0,0,0,0,0,0,0
TF,MUS,38.749417,41.660722,0, ,0.0,0.0,0.0,0.0,0,0,0,0,0,0,0,0

STAR,BAYI1E,29R,2
IF,BAYIR,38.594722,41.403889, ,0.0,0.0,0,0,0,0,0,0,0,0
TF,D229E,38.698656,41.576219,0, ,0.0,0.0,0.0,0.0,0,0,0,0,0,0,0,0
TF,MUS,38.749417,41.660722,0, ,0.0,0.0,0.0,0.0,0,0,0,0,0,0,0,0

STAR,BAYI1F,11L,2
IF,BAYIR,38.594722,41.403889, ,0.0,0.0,0,0,0,0,0,0,0,0
TF,D229E,38.698656,41.576219,0, ,0.0,0.0,0.0,0.0,0,0,0,0,0,0,0,0
TF,MUS,38.749417,41.660722,0, ,0.0,0.0,0.0,0.0,0,0,0,0,0,0,0,0

STAR,VART1D,29R,2
IF,VARTO,39.066111,41.545000, ,0.0,0.0,0,0,0,0,0,0,0,0
TF,MUS,38.749417,41.660722,0, ,0.0,0.0,0.0,0.0,0,0,0,0,0,0,0,0

STAR,VART1E,29R,2
IF,VARTO,39.066111,41.545000, ,0.0,0.0,0,0,0,0,0,0,0,0
TF,MUS,38.749417,41.660722,0, ,0.0,0.0,0.0,0.0,0,0,0,0,0,0,0,0

STAR,VART1F,11L,2
IF,VARTO,39.066111,41.545000, ,0.0,0.0,0,0,0,0,0,0,0,0
TF,MUS,38.749417,41.660722,0, ,0.0,0.0,0.0,0.0,0,0,0,0,0,0,0,0

APPTR,D11L,11L,MUS
IF,MUS,38.749417,41.660722, ,0.0,0.0,2,10000,0,0,0,0,0,0
FD,MUS,38.749417,41.660722,0,MUS,0.0,12.0,306.0,12.0,2,8500,0,0,0,0,0,0
CF,D291L,38.835375,41.429694,1,MUS,291.0,12.0,111.0,1.0,2,8500,0,1,185,0,0,0
CF,FF11L,38.806772,41.506764,0,MUS,291.0,8.0,111.0,4.0,2,6900,0,0,0,0,0,0

FINAL,D11L,11L,D,3
IF,FF11L,38.806772,41.506764,MUS,291.0,8.0,2,6900,0,0,0,0,2,0
CF,50VOR,38.785286,41.564528,0,MUS,291.0,5.0,111.0,3.0,2,5700,0,0,0,0,0,0
CF,MA11L,38.770947,41.603017,0,MUS,291.0,3.0,111.0,2.0,1,5005,0,0,0,0,3,0
CF,MUS,38.749417,41.660722,0,MUS,0.0,0.0,111.0,3.0,2,5005,0,0,0,0,0,0
FA,MUS,38.749417,41.660722,0,MUS,0.0,0.0,117.0,2,7000,0,0,0,0,0,0
DF,MUS,38.749417,41.660722,1, ,0.0,0.0,1,10000,0,0,0,0,0,0
HM,MUS,38.749417,41.660722,2, ,0.0,0.0,306.0,04.3,0,0,0,1,230,0,0,0,0

APPTR,D29R,29R,MUS
IF,MUS,38.749417,41.660722, ,0.0,0.0,2,10000,0,0,0,0,0,0
FD,MUS,38.749417,41.660722,0,MUS,0.0,11.0,97.0,11.0,2,7500,0,0,0,0,0,0
CF,D113K,38.664492,41.868344,2,MUS,113.0,11.0,293.0,1.0,2,7500,0,1,185,0,0,0
CF,FF29R,38.687689,41.811769,0,MUS,113.0,8.0,293.0,3.0,2,6800,0,0,0,0,0,0

FINAL,D29R,29R,D,3
IF,FF29R,38.687689,41.811769,MUS,113.0,8.0,2,6800,0,0,0,0,2,0
CF,50VO2,38.710858,41.755156,0,MUS,113.0,5.0,293.0,3.0,2,5600,0,0,0,0,0,0
CF,MA29R,38.730147,41.707950,0,MUS,113.0,2.5,293.0,2.5,1,4765,0,0,0,0,3,0
CF,MUS,38.749417,41.660722,0,MUS,0.0,0.0,293.0,2.5,2,4765,0,0,0,0,0,0
FA,MUS,38.749417,41.660722,0,MUS,0.0,0.0,291.0,2,7000,0,0,0,0,0,0
DF,MUS,38.749417,41.660722,2, ,0.0,0.0,1,10000,0,0,0,0,0,0
HM,MUS,38.749417,41.660722,1, ,0.0,0.0,97.0,04.3,0,0,0,1,230,0,0,0,0

APPTR,I29R,29R,MUS
IF,MUS,38.749417,41.660722, ,0.0,0.0,2,10000,0,0,0,0,0,0
CF,CI29R,38.651622,41.908961,0,MUS,112.1,13.1,112.0,13.0,2,8000,0,0,0,0,0,1
CF,D032B,38.665536,41.967133,0,MUS,104.7,15.2,32.0,2.5,0,0,0,1,185,0,0,1
DF,D112C,38.625472,41.974128,2, ,0.0,0.0,0,0,0,0,0,0,0,0
CF,CI29R,38.651622,41.908961,0,IMUS,111.8,14.2,292.0,3.4,2,8000,0,0,0,0,0,0

FINAL,I29R,29R,I,3
IF,CI29R,38.651622,41.908961,IMUS,111.8,14.2,2,8000,0,0,0,0,0,0
CF,FI29R,38.662014,41.882283,0,IMUS,111.8,12.8,292.0,1.4,1,8000,0,0,0,0,2,0
CF,RW29R,38.740694,41.679539,0,IMUS,111.8,2.2,292.0,10.6,1,4217,0,0,0,0,3,0
CA,0,292.0,2,4560,0,0,0,0,0,0
FA,MUS,38.749417,41.660722,0,MUS,0.0,0.0,292.0,2,7000,0,0,0,0,0,0
DF,MUS,38.749417,41.660722,2, ,0.0,0.0,1,10000,0,0,0,0,0,0
HM,MUS,38.749417,41.660722,1, ,0.0,0.0,112.0,04.3,0,0,0,1,230,0,0,0,0

APPTR,Q11L,11L,MUS
IF,MUS,38.749417,41.660722, ,0.0,0.0,2,10000,0,0,0,0,0,0
FD,MUS,38.749417,41.660722,0,MUS,0.0,12.0,306.0,12.0,2,8500,0,0,0,0,0,0
CF,D291L,38.835375,41.429694,1,MUS,291.0,12.0,111.0,1.0,2,8500,0,1,185,0,0,0
CF,FF11L,38.806772,41.506764,0,MUS,291.0,8.0,111.0,4.0,2,6900,0,0,0,0,0,0

FINAL,Q11L,11L,N,3
IF,FF11L,38.806772,41.506764,MUS,0.0,0.0,2,6900,0,0,0,0,2,0
CF,50VOR,38.785286,41.564528,0,MUS,0.0,0.0,111.0,3.0,2,5700,0,0,0,0,0,0
CF,MA11L,38.770947,41.603017,0,MUS,0.0,3.0,111.0,2.0,1,5005,0,0,0,0,3,0
CF,MUS,38.749417,41.660722,0,MUS,0.0,0.0,111.0,3.0,2,5005,0,0,0,0,0,0
FA,MUS,38.749417,41.660722,0,MUS,0.0,0.0,117.0,2,7000,0,0,0,0,0,0
DF,MUS,38.749417,41.660722,1, ,0.0,0.0,1,10000,0,0,0,0,0,0
HM,MUS,38.749417,41.660722,2, ,0.0,0.0,306.0,04.3,0,0,0,1,230,0,0,0,0

APPTR,Q29R,29R,MUS
IF,MUS,38.749417,41.660722, ,0.0,0.0,2,10000,0,0,0,0,0,0
FD,MUS,38.749417,41.660722,0,MUS,0.0,11.0,97.0,11.0,2,7500,0,0,0,0,0,0
CF,D113K,38.664492,41.868344,2,MUS,113.0,11.0,293.0,1.0,2,7500,0,1,185,0,0,0
CF,FF29R,38.687689,41.811769,0,MUS,113.0,8.0,293.0,3.0,2,6800,0,0,0,0,0,0

FINAL,Q29R,29R,N,3
IF,FF29R,38.687689,41.811769,MUS,0.0,0.0,2,6800,0,0,0,0,2,0
CF,50VO2,38.710858,41.755156,0,MUS,0.0,0.0,293.0,3.0,2,5600,0,0,0,0,0,0
CF,MA29R,38.730147,41.707950,0,MUS,0.0,2.5,293.0,2.5,1,4765,0,0,0,0,3,0
CF,MUS,38.749417,41.660722,0,MUS,0.0,0.0,293.0,2.5,2,4765,0,0,0,0,0,0
FA,MUS,38.749417,41.660722,0,MUS,0.0,0.0,291.0,2,7000,0,0,0,0,0,0
DF,MUS,38.749417,41.660722,2, ,0.0,0.0,1,10000,0,0,0,0,0,0
HM,MUS,38.749417,41.660722,1, ,0.0,0.0,97.0,04.3,0,0,0,1,230,0,0,0,0

