SID,AKBU1A,28L,2
CA,0,282.0,2,430,0,0,0,0,0,0
CF,D279G,37.278356,27.525786,0,BDR,279.0,7.0,279.0,6.0,0,0,0,0,0,0,0,1
DF,BDR,37.252167,27.668222,1, ,0.0,0.0,0,0,0,0,0,0,0,0
VI,1, ,0.0,287.0,0,0,0,0,0,0,0,0
CF,AKBUK,37.500000,27.460556,0,BDR,322.3,17.9,322.0,13.0,0,0,0,0,0,0,0,0

SID,AKBU1A,28R,2
CA,0,282.0,2,430,0,0,0,0,0,0
CF,D279G,37.278356,27.525786,0,BDR,279.0,7.0,279.0,6.0,0,0,0,0,0,0,0,1
DF,BDR,37.252167,27.668222,1, ,0.0,0.0,0,0,0,0,0,0,0,0
VI,1, ,0.0,287.0,0,0,0,0,0,0,0,0
CF,AKBUK,37.500000,27.460556,0,BDR,322.3,17.9,322.0,13.0,0,0,0,0,0,0,0,0

SID,AKBU1B,10L,2
CA,0,102.0,2,430,0,0,0,0,0,0
CF,D104G,37.215986,27.807131,0,BDR,104.0,7.0,104.0,6.0,0,0,0,1,204,0,0,1
DF,BDR,37.252167,27.668222,2, ,0.0,0.0,0,0,0,0,0,0,0,0
TF,AKBUK,37.500000,27.460556,0, ,0.0,0.0,0.0,0.0,0,0,0,0,0,0,0,0

SID,AKBU1D,10L,5
CF,FE090,37.215869,27.812553,0,BDR,103.4,7.3,103.0,7.0,2,2200,0,0,0,0,0,0
TF,FE091,37.327753,27.854611,0, ,0.0,0.0,0.0,0.0,0,0,0,0,0,0,0,0
TF,FE092,37.370903,27.674353,0, ,0.0,0.0,0.0,0.0,0,0,0,0,0,0,0,0
TF,FE093,37.409369,27.512428,0, ,0.0,0.0,0.0,0.0,0,0,0,0,0,0,0,0
TF,AKBUK,37.500000,27.460556,0, ,0.0,0.0,0.0,0.0,0,0,0,0,0,0,0,0

SID,AKBU1E,28L,2
CA,0,282.0,2,430,0,0,0,0,0,0
CF,D279M,37.300669,27.403622,0,BDR,279.0,13.0,279.0,12.0,0,0,0,0,0,0,0,0
AF,D322M,37.432531,27.517253,2,BDR,322.3,13.0,279.0,0,0,0,0,0,0,0,0
TF,AKBUK,37.500000,27.460556,0, ,0.0,0.0,0.0,0.0,0,0,0,0,0,0,0,0

SID,AKBU1E,28R,2
CA,0,282.0,2,430,0,0,0,0,0,0
CF,D279M,37.300669,27.403622,0,BDR,279.0,13.0,279.0,12.0,0,0,0,0,0,0,0,0
AF,D322M,37.432531,27.517253,2,BDR,322.3,13.0,279.0,0,0,0,0,0,0,0,0
TF,AKBUK,37.500000,27.460556,0, ,0.0,0.0,0.0,0.0,0,0,0,0,0,0,0,0

SID,AKBU1G,10R,2
CA,0,102.0,2,430,0,0,0,0,0,0
CF,D106G,37.212133,27.805464,0,BDR,106.0,7.0,106.0,7.0,0,0,0,1,204,0,0,1
DF,BDR,37.252167,27.668222,2, ,0.0,0.0,0,0,0,0,0,0,0,0
TF,AKBUK,37.500000,27.460556,0, ,0.0,0.0,0.0,0.0,0,0,0,0,0,0,0,0

SID,AKBU1H,10R,2
CA,0,102.0,2,430,0,0,0,0,0,0
CF,D106J,37.194928,27.864239,0,BDR,106.0,10.0,106.0,10.0,0,0,0,0,0,0,0,0
AF,D322J,37.390925,27.552156,1,BDR,322.3,10.0,106.0,0,0,0,0,0,0,0,0
TF,AKBUK,37.500000,27.460556,0, ,0.0,0.0,0.0,0.0,0,0,0,0,0,0,0,0

SID,AKBU1N,10L,2
CA,0,102.0,2,430,0,0,0,0,0,0
CF,D104J,37.200431,27.866625,0,BDR,104.0,10.0,104.0,9.0,0,0,0,0,0,0,0,0
AF,D322J,37.390925,27.552156,1,BDR,322.3,10.0,104.0,0,0,0,0,0,0,0,0
TF,AKBUK,37.500000,27.460556,0, ,0.0,0.0,0.0,0.0,0,0,0,0,0,0,0,0

SID,AKBU1V,28R,5
CF,FE071,37.302522,27.448922,0,BDR,282.1,10.9,283.0,10.0,2,2400,0,0,0,0,0,0
TF,AKBUK,37.500000,27.460556,0, ,0.0,0.0,0.0,0.0,0,0,0,0,0,0,0,0

SID,AKSE1A,28L,2
CA,0,282.0,2,430,0,0,0,0,0,0
CF,D279G,37.278356,27.525786,0,BDR,279.0,7.0,279.0,6.0,0,0,0,0,0,0,0,0
AF,D123G,37.183289,27.786192,1,BDR,122.1,7.0,279.0,0,0,0,0,0,0,0,0
TF,AKSEK,36.926111,28.223056,0, ,0.0,0.0,0.0,0.0,0,0,0,0,0,0,0,0

SID,AKSE1A,28R,2
CA,0,282.0,2,430,0,0,0,0,0,0
CF,D279G,37.278356,27.525786,0,BDR,279.0,7.0,279.0,6.0,0,0,0,0,0,0,0,0
AF,D123G,37.183289,27.786192,1,BDR,122.1,7.0,279.0,0,0,0,0,0,0,0,0
TF,AKSEK,36.926111,28.223056,0, ,0.0,0.0,0.0,0.0,0,0,0,0,0,0,0,0

SID,AKSE1B,10L,2
CA,0,102.0,2,430,0,0,0,0,0,0
CF,D104G,37.215986,27.807131,0,BDR,104.0,7.0,104.0,6.0,0,0,0,1,204,0,0,0
AF,D123G,37.183289,27.786192,2,BDR,122.1,7.0,104.0,0,0,0,0,0,0,0,0
TF,AKSEK,36.926111,28.223056,0, ,0.0,0.0,0.0,0.0,0,0,0,0,0,0,0,0

SID,AKSE1G,10R,2
CA,0,102.0,2,430,0,0,0,0,0,0
CF,D106G,37.212133,27.805464,0,BDR,106.0,7.0,106.0,7.0,0,0,0,1,204,0,0,0
AF,D123G,37.183289,27.786192,2,BDR,122.1,7.0,106.0,0,0,0,0,0,0,0,0
TF,AKSEK,36.926111,28.223056,0, ,0.0,0.0,0.0,0.0,0,0,0,0,0,0,0,0

SID,AKSE1V,28R,5
CF,FE071,37.302522,27.448922,0,BDR,282.1,10.9,283.0,10.0,2,2400,0,0,0,0,0,0
TF,FE072,37.155361,27.394494,0, ,0.0,0.0,0.0,0.0,0,0,0,0,0,0,0,0
TF,FE073,37.073803,27.692231,0, ,0.0,0.0,0.0,0.0,0,0,0,0,0,0,0,0
TF,FE074,37.019244,27.889556,0, ,0.0,0.0,0.0,0.0,0,0,0,0,0,0,0,0
TF,FE076,36.953350,28.125939,0, ,0.0,0.0,0.0,0.0,2,12000,0,0,0,0,0,0
TF,AKSEK,36.926111,28.223056,0, ,0.0,0.0,0.0,0.0,0,0,0,0,0,0,0,0

SID,CENG1A,28L,2
CA,0,282.0,2,430,0,0,0,0,0,0
CF,D279G,37.278356,27.525786,0,BDR,279.0,7.0,279.0,6.0,0,0,0,0,0,0,0,1
DF,BDR,37.252167,27.668222,1, ,0.0,0.0,0,0,0,0,0,0,0,0
TF,CENGO,37.065556,28.091111,0, ,0.0,0.0,0.0,0.0,0,0,0,0,0,0,0,0

SID,CENG1A,28R,2
CA,0,282.0,2,430,0,0,0,0,0,0
CF,D279G,37.278356,27.525786,0,BDR,279.0,7.0,279.0,6.0,0,0,0,0,0,0,0,1
DF,BDR,37.252167,27.668222,1, ,0.0,0.0,0,0,0,0,0,0,0,0
TF,CENGO,37.065556,28.091111,0, ,0.0,0.0,0.0,0.0,0,0,0,0,0,0,0,0

SID,CENG1B,10L,2
CA,0,102.0,2,430,0,0,0,0,0,0
CF,CENGO,37.065556,28.091111,0,BDR,114.7,23.2,115.0,22.0,0,0,0,0,0,0,0,0

SID,CENG1E,28L,2
CA,0,282.0,2,430,0,0,0,0,0,0
CF,D279G,37.278356,27.525786,0,BDR,279.0,7.0,279.0,6.0,0,0,0,0,0,0,0,0
AF,D115G,37.195925,27.796250,1,BDR,114.7,7.0,279.0,0,0,0,0,0,0,0,0
TF,CENGO,37.065556,28.091111,0, ,0.0,0.0,0.0,0.0,0,0,0,0,0,0,0,0

SID,CENG1E,28R,2
CA,0,282.0,2,430,0,0,0,0,0,0
CF,D279G,37.278356,27.525786,0,BDR,279.0,7.0,279.0,6.0,0,0,0,0,0,0,0,0
AF,D115G,37.195925,27.796250,1,BDR,114.7,7.0,279.0,0,0,0,0,0,0,0,0
TF,CENGO,37.065556,28.091111,0, ,0.0,0.0,0.0,0.0,0,0,0,0,0,0,0,0

SID,CENG1G,10R,2
CA,0,102.0,2,430,0,0,0,0,0,0
CF,CENGO,37.065556,28.091111,0,BDR,114.7,23.2,115.0,23.0,0,0,0,0,0,0,0,0

SID,KAVA1D,10L,5
CF,FE090,37.215869,27.812553,0,BDR,103.4,7.3,103.0,7.0,2,2200,0,0,0,0,0,0
TF,ASDUP,37.267119,28.140406,0, ,0.0,0.0,0.0,0.0,0,0,0,0,0,0,0,0
TF,KAVAK,37.357222,28.732778,0, ,0.0,0.0,0.0,0.0,0,0,0,0,0,0,0,0

SID,KAVA1V,28R,5
CF,FE071,37.302522,27.448922,0,BDR,282.1,10.9,283.0,10.0,2,2400,0,0,0,0,0,0
TF,FE072,37.155361,27.394494,0, ,0.0,0.0,0.0,0.0,0,0,0,0,0,0,0,0
TF,FE073,37.073803,27.692231,0, ,0.0,0.0,0.0,0.0,0,0,0,0,0,0,0,0
TF,FE074,37.019244,27.889556,0, ,0.0,0.0,0.0,0.0,0,0,0,0,0,0,0,0
TF,FE076,36.953350,28.125939,0, ,0.0,0.0,0.0,0.0,2,12000,0,0,0,0,0,0
TF,AGEVA,36.989858,28.225417,0, ,0.0,0.0,0.0,0.0,0,0,0,0,0,0,0,0
TF,UMDAL,37.059111,28.415019,0, ,0.0,0.0,0.0,0.0,0,0,0,0,0,0,0,0
TF,KAVAK,37.357222,28.732778,0, ,0.0,0.0,0.0,0.0,0,0,0,0,0,0,0,0

SID,MARI1D,10L,5
CF,FE090,37.215869,27.812553,0,BDR,103.4,7.3,103.0,7.0,2,2200,0,0,0,0,0,0
TF,BESDO,37.158036,28.052186,0, ,0.0,0.0,0.0,0.0,0,0,0,0,0,0,0,0
TF,ODABU,37.119839,28.209181,0, ,0.0,0.0,0.0,0.0,3,15000,0,0,0,0,0,0
TF,MARIS,36.898889,28.282778,0, ,0.0,0.0,0.0,0.0,0,0,0,0,0,0,0,0

SID,YUNU1A,28L,2
CA,0,282.0,2,430,0,0,0,0,0,0
CF,D279G,37.278356,27.525786,0,BDR,279.0,7.0,279.0,6.0,0,0,0,0,0,0,0,0
AF,D160G,37.140908,27.712617,1,BDR,158.3,7.0,279.0,0,0,0,0,0,0,0,0
TF,YUNUS,36.709722,27.883333,0, ,0.0,0.0,0.0,0.0,0,0,0,0,0,0,0,0

SID,YUNU1A,28R,2
CA,0,282.0,2,430,0,0,0,0,0,0
CF,D279G,37.278356,27.525786,0,BDR,279.0,7.0,279.0,6.0,0,0,0,0,0,0,0,0
AF,D160G,37.140908,27.712617,1,BDR,158.3,7.0,279.0,0,0,0,0,0,0,0,0
TF,YUNUS,36.709722,27.883333,0, ,0.0,0.0,0.0,0.0,0,0,0,0,0,0,0,0

SID,YUNU1B,10L,2
CA,0,102.0,2,430,0,0,0,0,0,0
CF,D104G,37.215986,27.807131,0,BDR,104.0,7.0,104.0,6.0,0,0,0,1,204,0,0,0
AF,D160G,37.140908,27.712617,2,BDR,158.3,7.0,104.0,0,0,0,0,0,0,0,0
TF,YUNUS,36.709722,27.883333,0, ,0.0,0.0,0.0,0.0,0,0,0,0,0,0,0,0

SID,YUNU1D,10L,5
CF,FE090,37.215869,27.812553,0,BDR,103.4,7.3,103.0,7.0,2,2200,0,0,0,0,0,0
TF,OSKUT,37.119914,27.776567,0, ,0.0,0.0,0.0,0.0,0,0,0,0,0,0,0,0
TF,DEXET,37.056131,27.752706,0, ,0.0,0.0,0.0,0.0,3,10000,0,0,0,0,0,0
TF,YUNUS,36.709722,27.883333,0, ,0.0,0.0,0.0,0.0,0,0,0,0,0,0,0,0

SID,YUNU1G,10R,2
CA,0,102.0,2,430,0,0,0,0,0,0
CF,D106G,37.212133,27.805464,0,BDR,106.0,7.0,106.0,7.0,0,0,0,1,204,0,0,0
AF,D160G,37.140908,27.712617,2,BDR,158.3,7.0,106.0,0,0,0,0,0,0,0,0
TF,YUNUS,36.709722,27.883333,0, ,0.0,0.0,0.0,0.0,0,0,0,0,0,0,0,0

SID,YUNU1V,28R,5
CF,FE071,37.302522,27.448922,0,BDR,282.1,10.9,283.0,10.0,2,2400,0,0,0,0,0,0
TF,FE072,37.155361,27.394494,0, ,0.0,0.0,0.0,0.0,0,0,0,0,0,0,0,0
TF,FE073,37.073803,27.692231,0, ,0.0,0.0,0.0,0.0,0,0,0,0,0,0,0,0
TF,YUNUS,36.709722,27.883333,0, ,0.0,0.0,0.0,0.0,0,0,0,0,0,0,0,0

STAR,AKBU1S,ALL,2
IF,AKBUK,37.500000,27.460556, ,0.0,0.0,0,0,0,0,0,0,0,0
TF,D322E,37.321561,27.610242,0, ,0.0,0.0,0.0,0.0,0,0,0,0,0,0,0,0
TF,BDR,37.252167,27.668222,0, ,0.0,0.0,0.0,0.0,0,0,0,0,0,0,0,0

STAR,AKBU1Z,ALL,2
IF,AKBUK,37.500000,27.460556, ,0.0,0.0,0,0,0,0,0,0,0,0
TF,D322E,37.321561,27.610242,0, ,0.0,0.0,0.0,0.0,0,0,0,0,0,0,0,0
TF,BDR,37.252167,27.668222,0, ,0.0,0.0,0.0,0.0,0,0,0,0,0,0,0,0

STAR,AKSE1S,ALL,2
IF,AKSEK,36.926111,28.223056, ,0.0,0.0,0,0,0,0,0,0,0,0
TF,D123J,37.153736,27.836686,0, ,0.0,0.0,0.0,0.0,0,0,0,0,0,0,0,0
TF,BDR,37.252167,27.668222,0, ,0.0,0.0,0.0,0.0,0,0,0,0,0,0,0,0

STAR,AKSE1Z,ALL,2
IF,AKSEK,36.926111,28.223056, ,0.0,0.0,0,0,0,0,0,0,0,0
TF,D123J,37.153736,27.836686,0, ,0.0,0.0,0.0,0.0,0,0,0,0,0,0,0,0
TF,BDR,37.252167,27.668222,0, ,0.0,0.0,0.0,0.0,0,0,0,0,0,0,0,0

STAR,CENG1S,ALL,2
IF,CENGO,37.065556,28.091111, ,0.0,0.0,0,0,0,0,0,0,0,0
TF,BDR,37.252167,27.668222,0, ,0.0,0.0,0.0,0.0,0,0,0,0,0,0,0,0

STAR,CENG1Z,ALL,2
IF,CENGO,37.065556,28.091111, ,0.0,0.0,0,0,0,0,0,0,0,0
TF,BDR,37.252167,27.668222,0, ,0.0,0.0,0.0,0.0,0,0,0,0,0,0,0,0

STAR,KAVA1F,10L,5
IF,KAVAK,37.357222,28.732778, ,0.0,0.0,0,0,0,0,0,0,0,0
TF,NEPNO,37.151289,28.277781,0, ,0.0,0.0,0.0,0.0,0,0,0,0,0,0,0,0
TF,ODABU,37.119839,28.209181,0, ,0.0,0.0,0.0,0.0,2,16000,0,0,0,0,0,0
TF,CENGO,37.065556,28.091111,0, ,0.0,0.0,0.0,0.0,0,0,0,1,250,0,0,0
TF,OSKUT,37.119914,27.776567,0, ,0.0,0.0,0.0,0.0,2,12000,0,0,0,0,0,0
TF,FE811,37.173044,27.554317,0, ,0.0,0.0,0.0,0.0,0,0,0,1,220,0,0,0
TF,FE810,37.225783,27.331583,0, ,0.0,0.0,0.0,0.0,0,0,0,0,0,0,0,0
TF,OTPEV,37.321856,27.367039,0, ,0.0,0.0,0.0,0.0,1,4000,0,1,200,0,0,0
TF,ROXEP,37.303836,27.443364,0, ,0.0,0.0,0.0,0.0,1,3600,0,1,185,0,0,0

STAR,KAVA1J,28R,5
IF,KAVAK,37.357222,28.732778, ,0.0,0.0,2,15000,0,1,230,0,0,0
TF,ELSOD,37.290989,28.549019,0, ,0.0,0.0,0.0,0.0,2,12000,0,0,0,0,0,0
TF,UMRON,37.215111,28.339875,0, ,0.0,0.0,0.0,0.0,0,0,0,0,0,0,0,0
TF,ETPAL,37.138856,28.131139,0, ,0.0,0.0,0.0,0.0,2,7100,0,1,200,0,0,0
TF,FE454,37.170336,28.001411,0, ,0.0,0.0,0.0,0.0,2,5500,0,0,0,0,0,0
TF,FE453,37.182403,27.951489,0, ,0.0,0.0,0.0,0.0,2,4900,0,0,0,0,0,0
TF,TEKBU,37.192044,27.911536,0, ,0.0,0.0,0.0,0.0,1,4800,0,1,185,0,0,0

STAR,MARI1F,10L,5
IF,MARIS,36.898889,28.282778, ,0.0,0.0,0,0,0,0,0,0,0,0
TF,EKVAP,37.008442,28.032872,0, ,0.0,0.0,0.0,0.0,0,0,0,0,0,0,0,0
TF,OSKUT,37.119914,27.776567,0, ,0.0,0.0,0.0,0.0,2,12000,0,0,0,0,0,0
TF,FE811,37.173044,27.554317,0, ,0.0,0.0,0.0,0.0,0,0,0,1,220,0,0,0
TF,FE810,37.225783,27.331583,0, ,0.0,0.0,0.0,0.0,0,0,0,0,0,0,0,0
TF,OTPEV,37.321856,27.367039,0, ,0.0,0.0,0.0,0.0,1,4000,0,1,200,0,0,0
TF,ROXEP,37.303836,27.443364,0, ,0.0,0.0,0.0,0.0,1,3600,0,1,185,0,0,0

STAR,MARI1J,28R,5
IF,MARIS,36.898889,28.282778, ,0.0,0.0,0,0,0,1,230,0,0,0
TF,AGEVA,36.989858,28.225417,0, ,0.0,0.0,0.0,0.0,1,10000,0,0,0,0,0,0
TF,ETPAL,37.138856,28.131139,0, ,0.0,0.0,0.0,0.0,2,7100,0,1,200,0,0,0
TF,FE454,37.170336,28.001411,0, ,0.0,0.0,0.0,0.0,2,5500,0,0,0,0,0,0
TF,FE453,37.182403,27.951489,0, ,0.0,0.0,0.0,0.0,2,4900,0,0,0,0,0,0
TF,TEKBU,37.192044,27.911536,0, ,0.0,0.0,0.0,0.0,1,4800,0,1,185,0,0,0

STAR,OKES1F,10L,5
IF,OKESA,37.629167,27.386389, ,0.0,0.0,0,0,0,1,250,0,0,0
TF,FE813,37.438356,27.315711,0, ,0.0,0.0,0.0,0.0,0,0,0,0,0,0,0,0
TF,ARVUT,37.342269,27.280267,0, ,0.0,0.0,0.0,0.0,1,5000,0,1,200,0,0,0
TF,OTPEV,37.321856,27.367039,0, ,0.0,0.0,0.0,0.0,1,4000,0,0,0,0,0,0
TF,ROXEP,37.303836,27.443364,0, ,0.0,0.0,0.0,0.0,1,3600,0,1,185,0,0,0

STAR,OKES1J,28R,5
IF,OKESA,37.629167,27.386389, ,0.0,0.0,0,0,0,0,0,0,0,0
TF,AKBUK,37.500000,27.460556,0, ,0.0,0.0,0.0,0.0,2,18000,0,0,0,0,0,0
TF,FE452,37.388283,27.601331,0, ,0.0,0.0,0.0,0.0,0,0,0,0,0,0,0,0
TF,EVKUS,37.323178,27.873731,0, ,0.0,0.0,0.0,0.0,2,12000,0,1,230,0,0,0
TF,FE451,37.250644,28.173642,0, ,0.0,0.0,0.0,0.0,0,0,0,0,0,0,0,0
TF,ETPAL,37.138856,28.131139,0, ,0.0,0.0,0.0,0.0,2,7100,0,1,200,0,0,0
TF,FE454,37.170336,28.001411,0, ,0.0,0.0,0.0,0.0,2,5500,0,0,0,0,0,0
TF,FE453,37.182403,27.951489,0, ,0.0,0.0,0.0,0.0,2,4900,0,0,0,0,0,0
TF,TEKBU,37.192044,27.911536,0, ,0.0,0.0,0.0,0.0,1,4800,0,1,185,0,0,0

STAR,YUNU1F,10L,5
IF,YUNUS,36.709722,27.883333, ,0.0,0.0,0,0,0,0,0,0,0,0
TF,FE812,37.011781,27.669358,0, ,0.0,0.0,0.0,0.0,2,10000,0,0,0,0,0,0
TF,FE811,37.173044,27.554317,0, ,0.0,0.0,0.0,0.0,0,0,0,1,220,0,0,0
TF,FE810,37.225783,27.331583,0, ,0.0,0.0,0.0,0.0,0,0,0,0,0,0,0,0
TF,OTPEV,37.321856,27.367039,0, ,0.0,0.0,0.0,0.0,1,4000,0,1,200,0,0,0
TF,ROXEP,37.303836,27.443364,0, ,0.0,0.0,0.0,0.0,1,3600,0,1,185,0,0,0

STAR,YUNU1J,28R,5
IF,YUNUS,36.709722,27.883333, ,0.0,0.0,0,0,0,0,0,0,0,0
TF,FE455,36.805878,28.085769,0, ,0.0,0.0,0.0,0.0,2,13000,0,0,0,0,0,0
TF,MARIS,36.898889,28.282778,0, ,0.0,0.0,0.0,0.0,0,0,0,1,230,0,0,0
TF,AGEVA,36.989858,28.225417,0, ,0.0,0.0,0.0,0.0,1,10000,0,0,0,0,0,0
TF,ETPAL,37.138856,28.131139,0, ,0.0,0.0,0.0,0.0,2,7100,0,1,200,0,0,0
TF,FE454,37.170336,28.001411,0, ,0.0,0.0,0.0,0.0,2,5500,0,0,0,0,0,0
TF,FE453,37.182403,27.951489,0, ,0.0,0.0,0.0,0.0,2,4900,0,0,0,0,0,0
TF,TEKBU,37.192044,27.911536,0, ,0.0,0.0,0.0,0.0,1,4800,0,1,185,0,0,0

STAR,YUNU1S,ALL,2
IF,YUNUS,36.709722,27.883333, ,0.0,0.0,0,0,0,0,0,0,0,0
TF,BDR,37.252167,27.668222,0, ,0.0,0.0,0.0,0.0,0,0,0,0,0,0,0,0

STAR,YUNU1Z,ALL,2
IF,YUNUS,36.709722,27.883333, ,0.0,0.0,0,0,0,0,0,0,0,0
TF,BDR,37.252167,27.668222,0, ,0.0,0.0,0.0,0.0,0,0,0,0,0,0,0,0

APPTR,D10L,10L,BDR
IF,BDR,37.252167,27.668222, ,0.0,0.0,2,5000,0,0,0,0,0,0
HF,BDR,37.252167,27.668222,2, ,0.0,0.0,100.0,13,2,4600,0,1,185,0,0,0,0

FINAL,D10L,10L,D,4
IF,CD10,37.304353,27.404717,BDR,280.0,13.0,2,4600,0,0,0,0,0,0
CF,FD10,37.280339,27.526378,0,BDR,280.0,7.0,100.0,6.0,2,2200,0,0,0,0,2,0
CF,50VOR,37.272306,27.566917,0,BDR,280.0,5.0,100.0,2.0,2,1400,0,0,0,0,0,0
CF,MD10,37.266272,27.597314,0,BDR,280.0,3.5,100.0,1.5,1,968,0,0,0,0,3,0
CF,BDR,37.252167,27.668222,0,BDR,0.0,0.0,100.0,3.5,0,0,0,0,0,0,0,0
FD,BDR,37.252167,27.668222,0,BDR,0.0,5.0,104.0,5.0,2,2000,0,0,0,0,0,0
DF,BDR,37.252167,27.668222,2, ,0.0,0.0,1,5000,0,0,0,0,0,0
HM,BDR,37.252167,27.668222,2, ,0.0,0.0,100.0,04.3,0,0,0,1,230,0,0,0,0

APPTR,D10R,10R,BDR
IF,BDR,37.252167,27.668222, ,0.0,0.0,2,5000,0,0,0,0,0,0
HF,BDR,37.252167,27.668222,2, ,0.0,0.0,100.0,13,2,4600,0,1,185,0,0,0,0

FINAL,D10R,10R,D,4
IF,CD10,37.304353,27.404717,BDR,280.0,13.0,2,4600,0,0,0,0,0,0
CF,FD10,37.280339,27.526378,0,BDR,280.0,7.0,100.0,6.0,2,2200,0,0,0,0,2,0
CF,50VOR,37.272306,27.566917,0,BDR,280.0,5.0,100.0,2.0,2,1400,0,0,0,0,0,0
CF,MD10,37.266272,27.597314,0,BDR,280.0,3.5,100.0,1.5,1,967,0,0,0,0,3,0
CF,BDR,37.252167,27.668222,0,BDR,0.0,0.0,100.0,3.5,0,0,0,0,0,0,0,0
FD,BDR,37.252167,27.668222,0,BDR,0.0,5.0,104.0,5.0,2,2000,0,0,0,0,0,0
DF,BDR,37.252167,27.668222,2, ,0.0,0.0,1,5000,0,0,0,0,0,0
HM,BDR,37.252167,27.668222,2, ,0.0,0.0,100.0,04.3,0,0,0,1,230,0,0,0,0

FINAL,I10LY,10L,I,3
IF,CI10L,37.307622,27.427211,IBDR,282.6,12.9,1,3600,0,0,0,0,0,0
CF,ROXEP,37.303836,27.443364,0,IBDR,282.6,12.1,102.0,0.8,1,3600,0,0,0,0,2,0
CF,RW10L,37.254961,27.649169,0,IBDR,282.6,1.8,102.0,10.3,1,62,0,0,0,0,3,0
CA,0,102.0,2,430,0,0,0,0,0,0
FA,BDR,37.252167,27.668222,0,BDR,0.0,0.0,104.0,2,2050,0,1,185,0,0,0
DF,BDR,37.252167,27.668222,2, ,0.0,0.0,1,5000,0,0,0,0,0,0
HM,BDR,37.252167,27.668222,2, ,0.0,0.0,102.0,04.3,0,0,0,1,230,0,0,0,0

FINAL,I10LZ,10L,I,3
IF,CI10L,37.307622,27.427211,IBDR,282.6,12.9,1,3600,0,0,0,0,0,0
CF,ROXEP,37.303836,27.443364,0,IBDR,282.6,12.1,102.0,0.8,1,3600,0,0,0,0,2,0
CF,RW10L,37.254961,27.649169,0,IBDR,282.6,1.8,102.0,10.3,1,62,0,0,0,0,3,0
CF,BDR,37.252167,27.668222,0,BDR,0.0,0.0,102.0,0.9,0,0,0,0,0,0,0,0
FA,BDR,37.252167,27.668222,0,BDR,0.0,0.0,104.0,2,2050,0,1,185,0,0,0
DF,BDR,37.252167,27.668222,2, ,0.0,0.0,1,5000,0,0,0,0,0,0
HM,BDR,37.252167,27.668222,2, ,0.0,0.0,102.0,04.3,0,0,0,1,230,0,0,0,0

FINAL,I28RV,28R,I,3
IF,CI28R,37.186578,27.934142,IGML,102.6,14.4,1,4800,0,0,0,0,0,0
CF,TEKBU,37.192044,27.911536,0,IGML,102.6,13.3,282.0,1.1,1,4800,0,0,0,0,2,0
CF,RW28R,37.247228,27.681572,0,IGML,102.6,1.8,282.0,11.5,1,80,0,0,0,0,3,0
CA,0,282.0,2,430,0,0,0,0,0,0
FA,BDR,37.252167,27.668222,0,BDR,0.0,0.0,279.0,2,3000,0,0,0,0,0,0
DF,BDR,37.252167,27.668222,1, ,0.0,0.0,1,6000,0,0,0,0,0,0
HM,BDR,37.252167,27.668222,1, ,0.0,0.0,282.0,04.3,0,0,0,1,230,0,0,0,0

FINAL,I28RW,28R,I,3
IF,CI28R,37.186578,27.934142,IGML,102.6,14.4,1,4800,0,0,0,0,0,0
CF,TEKBU,37.192044,27.911536,0,IGML,102.6,13.3,282.0,1.1,1,4800,0,0,0,0,2,0
CF,RW28R,37.247228,27.681572,0,IGML,102.6,1.8,282.0,11.5,1,80,0,0,0,0,3,0
CA,0,282.0,2,430,0,0,0,0,0,0
FA,BDR,37.252167,27.668222,0,BDR,0.0,0.0,279.0,2,3000,0,0,0,0,0,0
DF,BDR,37.252167,27.668222,1, ,0.0,0.0,1,6000,0,0,0,0,0,0
TF,NATKU,37.190278,27.908611,0, ,0.0,0.0,0.0,0.0,0,0,0,0,0,0,0,0
HM,NATKU,37.190278,27.908611,1, ,0.0,0.0,282.0,04.3,0,0,0,1,230,0,0,0,0

FINAL,I28RX,28R,I,3
IF,CI28R,37.186578,27.934142,IGML,102.6,14.4,1,4800,0,0,0,0,0,0
CF,TEKBU,37.192044,27.911536,0,IGML,102.6,13.3,282.0,1.1,1,4800,0,0,0,0,2,0
CF,RW28R,37.247228,27.681572,0,IGML,102.6,1.8,282.0,11.5,1,80,0,0,0,0,3,0
CA,0,282.0,2,430,0,0,0,0,0,0
FA,BDR,37.252167,27.668222,0,BDR,0.0,0.0,279.0,2,3000,0,0,0,0,0,0
DF,BDR,37.252167,27.668222,1, ,0.0,0.0,1,6000,0,0,0,0,0,0
HM,BDR,37.252167,27.668222,1, ,0.0,0.0,282.0,04.3,0,0,0,1,230,0,0,0,0

APPTR,Q10L-B,10L,BDR
IF,BDR,37.252167,27.668222, ,0.0,0.0,2,5000,0,0,0,0,0,0
HF,BDR,37.252167,27.668222,2, ,0.0,0.0,100.0,04.3,2,4600,0,1,185,0,0,0,0

FINAL,Q10L-B,10L,N,2
IF,FF100,37.289561,27.479750,BDR,0.0,0.0,2,4600,0,0,0,0,2,0
CF,BDR,37.252167,27.668222,0,BDR,0.0,0.0,100.0,9.3,1,2050,0,0,0,0,3,0
CA,0,104.0,2,3000,0,0,0,0,0,0
DF,BDR,37.252167,27.668222,2, ,0.0,0.0,1,5000,0,0,0,0,0,0
HM,BDR,37.252167,27.668222,2, ,0.0,0.0,100.0,04.3,0,0,0,1,230,0,0,0,0

APPTR,Q10L-M,10L,BDR
IF,BDR,37.252167,27.668222, ,0.0,0.0,2,5000,0,0,0,0,0,0
HF,BDR,37.252167,27.668222,2, ,0.0,0.0,100.0,13,2,4600,0,1,185,0,0,0,0

FINAL,Q10L-M,10L,N,4
IF,CQ100,37.304353,27.404717,BDR,0.0,0.0,2,4600,0,0,0,0,0,0
CF,FQ100,37.280339,27.526378,0,BDR,0.0,0.0,100.0,6.0,2,2200,0,0,0,0,2,0
CF,60VOR,37.276325,27.546647,0,BDR,0.0,0.0,100.0,1.0,2,1800,0,0,0,0,0,0
CF,MQ100,37.260233,27.627706,0,BDR,0.0,2.0,100.0,4.0,1,439,0,0,0,0,3,0
CF,BDR,37.252167,27.668222,0,BDR,0.0,0.0,100.0,2.0,0,0,0,0,0,0,0,0
FD,BDR,37.252167,27.668222,0,BDR,0.0,7.0,104.0,7.0,2,3000,0,0,0,0,0,0
DF,BDR,37.252167,27.668222,2, ,0.0,0.0,1,5000,0,0,0,0,0,0
HM,BDR,37.252167,27.668222,2, ,0.0,0.0,100.0,04.3,0,0,0,1,230,0,0,0,0

APPTR,Q10R-B,10R,BDR
IF,BDR,37.252167,27.668222, ,0.0,0.0,2,5000,0,0,0,0,0,0
HF,BDR,37.252167,27.668222,2, ,0.0,0.0,100.0,04.3,2,4600,0,1,185,0,0,0,0

FINAL,Q10R-B,10R,N,2
IF,FF100,37.289561,27.479750,BDR,0.0,0.0,2,4600,0,0,0,0,2,0
CF,BDR,37.252167,27.668222,0,BDR,0.0,0.0,100.0,9.3,1,2050,0,0,0,0,3,0
CA,0,104.0,2,3000,0,0,0,0,0,0
DF,BDR,37.252167,27.668222,2, ,0.0,0.0,1,5000,0,0,0,0,0,0
HM,BDR,37.252167,27.668222,2, ,0.0,0.0,100.0,04.3,0,0,0,1,230,0,0,0,0

APPTR,Q10R-M,10R,BDR
IF,BDR,37.252167,27.668222, ,0.0,0.0,2,5000,0,0,0,0,0,0
HF,BDR,37.252167,27.668222,2, ,0.0,0.0,100.0,13,2,4600,0,1,185,0,0,0,0

FINAL,Q10R-M,10R,N,4
IF,CQ100,37.304353,27.404717,BDR,0.0,0.0,2,4600,0,0,0,0,0,0
CF,FQ100,37.280339,27.526378,0,BDR,0.0,0.0,100.0,6.0,2,2200,0,0,0,0,2,0
CF,60VOR,37.276325,27.546647,0,BDR,0.0,0.0,100.0,1.0,2,1800,0,0,0,0,0,0
CF,MQ100,37.260233,27.627706,0,BDR,0.0,2.0,100.0,4.0,1,439,0,0,0,0,3,0
CF,BDR,37.252167,27.668222,0,BDR,0.0,0.0,100.0,2.0,0,0,0,0,0,0,0,0
FD,BDR,37.252167,27.668222,0,BDR,0.0,7.0,104.0,7.0,2,3000,0,0,0,0,0,0
DF,BDR,37.252167,27.668222,2, ,0.0,0.0,1,5000,0,0,0,0,0,0
HM,BDR,37.252167,27.668222,2, ,0.0,0.0,100.0,04.3,0,0,0,1,230,0,0,0,0

APPTR,Q28L-B,28L,BDR
IF,BDR,37.252167,27.668222, ,0.0,0.0,2,5000,0,0,0,0,0,0
HF,BDR,37.252167,27.668222,2, ,0.0,0.0,100.0,04.3,2,4600,0,1,185,0,0,0,0

FINAL,Q28L-B,28L,N,2
IF,FF100,37.289561,27.479750,BDR,0.0,0.0,2,4600,0,0,0,0,2,0
CF,BDR,37.252167,27.668222,0,BDR,0.0,0.0,100.0,9.3,1,2050,0,0,0,0,3,0
CA,0,104.0,2,3000,0,0,0,0,0,0
DF,BDR,37.252167,27.668222,2, ,0.0,0.0,1,5000,0,0,0,0,0,0
HM,BDR,37.252167,27.668222,2, ,0.0,0.0,100.0,04.3,0,0,0,1,230,0,0,0,0

APPTR,Q28L-M,28L,BDR
IF,BDR,37.252167,27.668222, ,0.0,0.0,2,5000,0,0,0,0,0,0
HF,BDR,37.252167,27.668222,2, ,0.0,0.0,100.0,13,2,4600,0,1,185,0,0,0,0

FINAL,Q28L-M,28L,N,4
IF,CQ100,37.304353,27.404717,BDR,0.0,0.0,2,4600,0,0,0,0,0,0
CF,FQ100,37.280339,27.526378,0,BDR,0.0,0.0,100.0,6.0,2,2200,0,0,0,0,2,0
CF,60VOR,37.276325,27.546647,0,BDR,0.0,0.0,100.0,1.0,2,1800,0,0,0,0,0,0
CF,MQ100,37.260233,27.627706,0,BDR,0.0,2.0,100.0,4.0,1,439,0,0,0,0,3,0
CF,BDR,37.252167,27.668222,0,BDR,0.0,0.0,100.0,2.0,0,0,0,0,0,0,0,0
FD,BDR,37.252167,27.668222,0,BDR,0.0,7.0,104.0,7.0,2,3000,0,0,0,0,0,0
DF,BDR,37.252167,27.668222,2, ,0.0,0.0,1,5000,0,0,0,0,0,0
HM,BDR,37.252167,27.668222,2, ,0.0,0.0,100.0,04.3,0,0,0,1,230,0,0,0,0

APPTR,Q28R-B,28R,BDR
IF,BDR,37.252167,27.668222, ,0.0,0.0,2,5000,0,0,0,0,0,0
HF,BDR,37.252167,27.668222,2, ,0.0,0.0,100.0,04.3,2,4600,0,1,185,0,0,0,0

FINAL,Q28R-B,28R,N,2
IF,FF100,37.289561,27.479750,BDR,0.0,0.0,2,4600,0,0,0,0,2,0
CF,BDR,37.252167,27.668222,0,BDR,0.0,0.0,100.0,9.3,1,2050,0,0,0,0,3,0
CA,0,104.0,2,3000,0,0,0,0,0,0
DF,BDR,37.252167,27.668222,2, ,0.0,0.0,1,5000,0,0,0,0,0,0
HM,BDR,37.252167,27.668222,2, ,0.0,0.0,100.0,04.3,0,0,0,1,230,0,0,0,0

APPTR,Q28R-M,28R,BDR
IF,BDR,37.252167,27.668222, ,0.0,0.0,2,5000,0,0,0,0,0,0
HF,BDR,37.252167,27.668222,2, ,0.0,0.0,100.0,13,2,4600,0,1,185,0,0,0,0

FINAL,Q28R-M,28R,N,4
IF,CQ100,37.304353,27.404717,BDR,0.0,0.0,2,4600,0,0,0,0,0,0
CF,FQ100,37.280339,27.526378,0,BDR,0.0,0.0,100.0,6.0,2,2200,0,0,0,0,2,0
CF,60VOR,37.276325,27.546647,0,BDR,0.0,0.0,100.0,1.0,2,1800,0,0,0,0,0,0
CF,MQ100,37.260233,27.627706,0,BDR,0.0,2.0,100.0,4.0,1,439,0,0,0,0,3,0
CF,BDR,37.252167,27.668222,0,BDR,0.0,0.0,100.0,2.0,0,0,0,0,0,0,0,0
FD,BDR,37.252167,27.668222,0,BDR,0.0,7.0,104.0,7.0,2,3000,0,0,0,0,0,0
DF,BDR,37.252167,27.668222,2, ,0.0,0.0,1,5000,0,0,0,0,0,0
HM,BDR,37.252167,27.668222,2, ,0.0,0.0,100.0,04.3,0,0,0,1,230,0,0,0,0

FINAL,R10L,10L,R,4
IF,ROXEP,37.303836,27.443364, ,0.0,0.0,1,3600,0,1,180,0,2,0
TF,FE601,37.280103,27.543522,0, ,0.0,0.0,103.0,5.0,1,1850,0,0,0,0,0,0
TF,FE602,37.270586,27.583569,0, ,0.0,0.0,103.0,2.0,1,1150,0,0,0,0,0,0
TF,MA10,37.262117,27.619150,0, ,0.0,0.0,103.0,1.8,1,591,0,0,0,0,3,1
TF,FE603,37.231056,27.749197,0, ,0.0,0.0,0.0,0.0,0,0,0,1,185,0,0,0
TF,FE604,37.326994,27.785183,0, ,0.0,0.0,0.0,0.0,0,0,0,0,0,0,0,0
TF,FE605,37.371353,27.599289,0, ,0.0,0.0,0.0,0.0,0,0,0,0,0,0,0,0
TF,FE813,37.438356,27.315711,0, ,0.0,0.0,0.0,0.0,2,6000,0,0,0,0,0,0
HM,FE813,37.438356,27.315711,2, ,0.0,0.0,193.0,04.3,0,0,0,0,0,0,0,0,0

APPTR,R10L-R,10L,BDR
IF,BDR,37.252167,27.668222, ,0.0,0.0,2,5000,0,0,0,0,0,0
HF,BDR,37.252167,27.668222,2, ,0.0,0.0,100.0,04.3,2,4600,0,1,185,0,0,0,0

FINAL,R10L-R,10L,R,2
IF,FF100,37.289561,27.479750,BDR,280.0,9.3,2,4600,0,0,0,0,2,0
CF,BDR,37.252167,27.668222,0,BDR,0.0,0.0,100.0,9.3,1,2050,0,0,0,0,3,0
FA,BDR,37.252167,27.668222,0,BDR,0.0,0.0,104.0,2,3000,0,0,0,0,0,0
DF,BDR,37.252167,27.668222,2, ,0.0,0.0,1,5000,0,0,0,0,0,0
HM,BDR,37.252167,27.668222,2, ,0.0,0.0,100.0,04.3,0,0,0,1,230,0,0,0,0

APPTR,R10R-R,10R,BDR
IF,BDR,37.252167,27.668222, ,0.0,0.0,2,5000,0,0,0,0,0,0
HF,BDR,37.252167,27.668222,2, ,0.0,0.0,100.0,04.3,2,4600,0,1,185,0,0,0,0

FINAL,R10R-R,10R,R,2
IF,FF100,37.289561,27.479750,BDR,280.0,9.3,2,4600,0,0,0,0,2,0
CF,BDR,37.252167,27.668222,0,BDR,0.0,0.0,100.0,9.3,1,2050,0,0,0,0,3,0
FA,BDR,37.252167,27.668222,0,BDR,0.0,0.0,104.0,2,3000,0,0,0,0,0,0
DF,BDR,37.252167,27.668222,2, ,0.0,0.0,1,5000,0,0,0,0,0,0
HM,BDR,37.252167,27.668222,2, ,0.0,0.0,100.0,04.3,0,0,0,1,230,0,0,0,0

APPTR,R28L-R,28L,BDR
IF,BDR,37.252167,27.668222, ,0.0,0.0,2,5000,0,0,0,0,0,0
HF,BDR,37.252167,27.668222,2, ,0.0,0.0,100.0,04.3,2,4600,0,1,185,0,0,0,0

FINAL,R28L-R,28L,R,2
IF,FF100,37.289561,27.479750,BDR,280.0,9.3,2,4600,0,0,0,0,2,0
CF,BDR,37.252167,27.668222,0,BDR,0.0,0.0,100.0,9.3,1,2050,0,0,0,0,3,0
FA,BDR,37.252167,27.668222,0,BDR,0.0,0.0,104.0,2,3000,0,0,0,0,0,0
DF,BDR,37.252167,27.668222,2, ,0.0,0.0,1,5000,0,0,0,0,0,0
HM,BDR,37.252167,27.668222,2, ,0.0,0.0,100.0,04.3,0,0,0,1,230,0,0,0,0

APPTR,R28R-R,28R,BDR
IF,BDR,37.252167,27.668222, ,0.0,0.0,2,5000,0,0,0,0,0,0
HF,BDR,37.252167,27.668222,2, ,0.0,0.0,100.0,04.3,2,4600,0,1,185,0,0,0,0

FINAL,R28R-R,28R,R,2
IF,FF100,37.289561,27.479750,BDR,280.0,9.3,2,4600,0,0,0,0,2,0
CF,BDR,37.252167,27.668222,0,BDR,0.0,0.0,100.0,9.3,1,2050,0,0,0,0,3,0
FA,BDR,37.252167,27.668222,0,BDR,0.0,0.0,104.0,2,3000,0,0,0,0,0,0
DF,BDR,37.252167,27.668222,2, ,0.0,0.0,1,5000,0,0,0,0,0,0
HM,BDR,37.252167,27.668222,2, ,0.0,0.0,100.0,04.3,0,0,0,1,230,0,0,0,0

