SID,GTK1A,07,5
DF,ELDIR,21.343572,-71.558289,0, ,0.0,0.0,2,3100,0,1,185,0,0,0
TF,GTK,21.440661,-71.134369,0, ,0.0,0.0,0.0,0.0,0,0,0,0,0,0,0,0

SID,GTK1B,25,5
DF,ACW50,21.252525,-71.733850,0, ,0.0,0.0,2,3100,0,1,185,0,0,0
TF,DIMUN,21.173853,-71.690719,0, ,0.0,0.0,0.0,0.0,2,7500,0,1,185,0,0,0
TF,GTK,21.440661,-71.134369,0, ,0.0,0.0,0.0,0.0,0,0,0,0,0,0,0,0

SID,PVN1A,07,5
DF,ELDIR,21.343572,-71.558289,0, ,0.0,0.0,2,3100,0,1,185,0,0,0
TF,GOMIX,21.397022,-71.626961,1, ,0.0,0.0,0.0,0.0,2,6200,0,1,185,0,0,0
TF,PVN,21.772242,-72.266019,0, ,0.0,0.0,0.0,0.0,0,0,0,0,0,0,0,0

SID,PVN1B,25,5
DF,ACW50,21.252525,-71.733850,0, ,0.0,0.0,2,3100,0,1,185,0,0,0
TF,TOMAZ,21.308942,-71.847244,0, ,0.0,0.0,0.0,0.0,2,7500,0,1,185,0,0,0
TF,PVN,21.772242,-72.266019,0, ,0.0,0.0,0.0,0.0,0,0,0,0,0,0,0,0

APPTR,R07,07,PIDER
IF,PIDER,21.180186,-71.873036, ,0.0,0.0,0,0,0,0,0,0,1,0
TF,TIRKI,21.220728,-71.795033,0, ,0.0,0.0,0.0,0.0,2,3050,0,0,0,0,0,0

APPTR,R07,07,REKBO
IF,REKBO,21.132950,-71.743156, ,0.0,0.0,0,0,0,0,0,0,1,0
TF,TIRKI,21.220728,-71.795033,0, ,0.0,0.0,0.0,0.0,2,3050,0,0,0,0,0,0

APPTR,R07,07,TOMAZ
IF,TOMAZ,21.308942,-71.847244, ,0.0,0.0,0,0,0,0,0,0,1,0
TF,TIRKI,21.220728,-71.795033,0, ,0.0,0.0,0.0,0.0,2,3050,0,0,0,0,0,0

FINAL,R07,07,R,3
IF,TIRKI,21.220728,-71.795033, ,0.0,0.0,2,3050,0,0,0,0,0,0
TF,FR07,21.261272,-71.717008,0, ,0.0,0.0,71.0,5.0,2,1460,0,0,0,0,2,0
TF,MR07,21.296836,-71.648475,0, ,0.0,0.0,71.0,4.4,1,59,0,0,0,0,3,1
DF,MATP1,21.347153,-71.551461,0, ,0.0,0.0,0,0,0,0,0,0,0,0
TF,MATP2,21.259322,-71.499642,0, ,0.0,0.0,0.0,0.0,0,0,0,0,0,0,0,0
TF,REKBO,21.132950,-71.743156,0, ,0.0,0.0,0.0,0.0,0,0,0,0,0,0,0,0
TF,TIRKI,21.220728,-71.795033,0, ,0.0,0.0,0.0,0.0,2,1200,0,0,0,0,0,0
HM,TIRKI,21.220728,-71.795033,1, ,0.0,0.0,71.0,04.3,0,0,0,0,0,0,0,0,0

APPTR,R25,25,ARPAN
IF,ARPAN,21.296203,-71.428356, ,0.0,0.0,0,0,0,0,0,0,1,0
TF,OSPAR,21.384047,-71.480161,0, ,0.0,0.0,0.0,0.0,2,3250,0,0,0,0,1,0

APPTR,R25,25,BAMKO
IF,BAMKO,21.424522,-71.402008, ,0.0,0.0,0,0,0,0,0,0,1,0
TF,OSPAR,21.384047,-71.480161,0, ,0.0,0.0,0.0,0.0,2,3250,0,0,0,0,1,0

APPTR,R25,25,GAMLO
IF,GAMLO,21.471867,-71.532042, ,0.0,0.0,0,0,0,0,0,0,1,0
TF,OSPAR,21.384047,-71.480161,0, ,0.0,0.0,0.0,0.0,2,3250,0,0,0,0,1,0

FINAL,R25,25,R,3
IF,OSPAR,21.384047,-71.480161, ,0.0,0.0,2,3250,0,0,0,0,0,0
TF,FR25,21.343572,-71.558289,0, ,0.0,0.0,251.0,5.0,2,1650,0,0,0,0,2,0
TF,MR25,21.303097,-71.636397,0, ,0.0,0.0,251.0,5.0,1,58,0,0,0,0,3,1
DF,TIRKI,21.220728,-71.795033,0, ,0.0,0.0,2,1200,0,0,0,0,0,1
HM,TIRKI,21.220728,-71.795033,1, ,0.0,0.0,71.0,04.3,0,0,0,0,0,0,0,0,0

