SID,ELERA1,17,5
CF,IO500,25.475333,-100.928250,0,SLW,172.9,4.2,174.0,3.0,0,0,0,0,0,0,0,1
DF,IO802,25.261444,-101.122917,0, ,0.0,0.0,3,12000,0,0,0,0,0,0
TF,IO803,25.101583,-100.929889,0, ,0.0,0.0,0.0,0.0,0,0,0,0,0,0,0,0
TF,ELERA,24.951556,-100.283722,0, ,0.0,0.0,0.0,0.0,0,0,0,0,0,0,0,0

SID,HERT1A,17,5
CF,IO500,25.475333,-100.928250,0,SLW,172.9,4.2,174.0,3.0,0,0,0,0,0,0,0,1
DF,IO801,25.462722,-101.150944,2, ,0.0,0.0,3,10000,0,0,0,0,0,0
TF,IO805,25.601556,-101.280889,0, ,0.0,0.0,0.0,0.0,3,12000,0,0,0,0,0,0
TF,IO806,25.684250,-101.188694,0, ,0.0,0.0,0.0,0.0,2,14000,0,0,0,0,0,0
TF,HERTY,25.961444,-100.878361,0, ,0.0,0.0,0.0,0.0,0,0,0,0,0,0,0,0

SID,HERT1B,35,5
CF,IO701,25.668528,-100.928500,0,SLW,354.6,7.3,354.0,7.0,0,0,0,0,0,0,0,1
DF,HERTY,25.961444,-100.878361,0, ,0.0,0.0,3,12000,0,0,0,0,0,0

SID,LIRGA1,35,5
CF,IO701,25.668528,-100.928500,0,SLW,354.6,7.3,354.0,7.0,0,0,0,0,0,0,0,1
DF,LIRGA,25.368028,-100.735333,2, ,0.0,0.0,3,13000,0,0,0,0,0,0
TF,ITBEN,24.660556,-99.970833,0, ,0.0,0.0,0.0,0.0,0,0,0,0,0,0,0,0

SID,MEBI1A,17,5
CF,IO500,25.475333,-100.928250,0,SLW,172.9,4.2,174.0,3.0,0,0,0,0,0,0,0,1
DF,IO801,25.462722,-101.150944,2, ,0.0,0.0,3,10000,0,0,0,0,0,0
TF,IO805,25.601556,-101.280889,0, ,0.0,0.0,0.0,0.0,3,12000,0,0,0,0,0,0
TF,MEBIS,25.982222,-101.637778,0, ,0.0,0.0,0.0,0.0,0,0,0,0,0,0,0,0

SID,MEBI1B,35,5
CF,IO700,25.601639,-100.928417,0,SLW,355.3,3.3,354.0,3.0,0,0,0,0,0,0,0,1
DF,IO703,25.687472,-101.158250,0, ,0.0,0.0,3,10000,0,0,0,0,0,0
TF,MEBIS,25.982222,-101.637778,0, ,0.0,0.0,0.0,0.0,0,0,0,0,0,0,0,0

SID,NOVU2A,35,2
CA,0,354.0,2,5180,0,0,0,0,0,0
FD,SLW,25.546114,-100.929811,0,SLW,0.0,7.0,354.0,7.0,0,0,0,0,0,0,0,0
CF,D027N,25.743053,-100.790297,0,SLW,26.7,14.0,52.0,9.0,0,0,0,0,0,0,0,0
TF,NOVUL,25.857222,-100.709167,0, ,0.0,0.0,0.0,0.0,0,0,0,0,0,0,0,0

SID,OMEVO2,17,2
CA,0,174.0,2,5180,0,0,0,0,0,0
FD,SLW,25.546114,-100.929811,0,SLW,0.0,5.0,174.0,5.0,0,0,0,0,0,0,0,0
CF,D208K,25.393611,-101.043019,0,SLW,208.0,11.0,231.0,7.4,0,0,0,0,0,0,0,0
CD, ,0,0,0,SLW,0,0.0,208.0,20.0,0,0,0,0,0,0,0,0
CF,SLW28,25.106867,-101.107878,0,SLW,194.3,28.0,165.0,9.8,0,0,0,0,0,0,0,0
TF,OMEVO,24.998333,-101.151667,0, ,0.0,0.0,0.0,0.0,0,0,0,0,0,0,0,0

SID,PIKBU2,35,2
CA,0,354.0,2,5180,0,0,0,0,0,0
FD,SLW,25.546114,-100.929811,0,SLW,0.0,7.0,354.0,7.0,0,0,0,0,0,0,0,0
CF,D336L,25.735808,-101.001814,0,SLW,335.0,12.0,313.0,6.0,0,0,0,0,0,0,0,0
TF,PIKBU,25.906111,-101.066667,0, ,0.0,0.0,0.0,0.0,0,0,0,0,0,0,0,0

SID,SIGDO2,17,2
CA,0,174.0,2,5180,0,0,0,0,0,0
FD,SLW,25.546114,-100.929811,0,SLW,0.0,5.0,174.0,5.0,0,0,0,0,0,0,0,0
CF,D208K,25.393611,-101.043019,0,SLW,208.0,11.0,231.0,7.4,0,0,0,0,0,0,0,0
CD, ,0,0,0,SLW,0,0.0,208.0,20.0,0,0,0,0,0,0,0,0
VI,0, ,0.0,165.0,0,0,0,0,0,0,0,0
AF,D175Z,25.111436,-100.929950,1,SLW,174.0,26.0,198.0,0,0,0,0,0,0,0,0
TF,SIGDO,24.962778,-100.930000,0, ,0.0,0.0,0.0,0.0,0,0,0,0,0,0,0,0

SID,SLW1A,35,2
CA,0,354.0,2,5180,0,0,0,0,0,0
FD,SLW,25.546114,-100.929811,0,SLW,0.0,7.0,354.0,7.0,0,0,0,0,0,0,0,0
DF,SLW,25.546114,-100.929811,1, ,0.0,0.0,0,0,0,0,0,0,0,0

SID,VOLI1A,17,5
CF,IO500,25.475333,-100.928250,0,SLW,172.9,4.2,174.0,3.0,0,0,0,0,0,0,0,1
DF,IO801,25.462722,-101.150944,2, ,0.0,0.0,3,10000,0,0,0,0,0,0
TF,VOLIS,25.223528,-101.778694,0, ,0.0,0.0,0.0,0.0,0,0,0,0,0,0,0,0

SID,VOLI1B,35,5
CF,IO700,25.601639,-100.928417,0,SLW,355.3,3.3,354.0,3.0,0,0,0,0,0,0,0,1
DF,IO703,25.687472,-101.158250,0, ,0.0,0.0,3,10000,0,0,0,0,0,0
TF,IO704,25.501194,-101.315306,0, ,0.0,0.0,0.0,0.0,3,12000,0,0,0,0,0,0
TF,IO705,25.353139,-101.439694,0, ,0.0,0.0,0.0,0.0,0,0,0,0,0,0,0,0
TF,VOLIS,25.223528,-101.778694,0, ,0.0,0.0,0.0,0.0,0,0,0,0,0,0,0,0

STAR,BERO1A,17,5
IF,BEROS,24.816250,-100.929944, ,0.0,0.0,2,20000,0,0,0,0,0,0
TF,OMEVO,24.998333,-101.151667,0, ,0.0,0.0,0.0,0.0,2,20000,0,0,0,0,0,0
TF,VOLIK,25.218722,-101.151806,0, ,0.0,0.0,0.0,0.0,2,17000,0,0,0,0,0,0
TF,IO600,25.345917,-101.078917,0, ,0.0,0.0,0.0,0.0,2,17000,0,0,0,0,0,0
TF,IO405,25.548306,-101.079417,0, ,0.0,0.0,0.0,0.0,2,13000,0,0,0,0,0,0
TF,ILOKA,25.745167,-101.079889,0, ,0.0,0.0,0.0,0.0,1,10000,0,0,0,0,0,0

STAR,BERO1B,35,5
IF,BEROS,24.816250,-100.929944, ,0.0,0.0,2,20000,0,0,0,0,0,0
TF,OMEVO,24.998333,-101.151667,0, ,0.0,0.0,0.0,0.0,2,15000,0,0,0,0,0,0
TF,VOLIK,25.218722,-101.151806,0, ,0.0,0.0,0.0,0.0,2,12000,0,0,0,0,0,0

STAR,FLAN1A,17,5
IF,FLANE,24.761611,-101.246972, ,0.0,0.0,2,20000,0,0,0,0,0,0
TF,OMEVO,24.998333,-101.151667,0, ,0.0,0.0,0.0,0.0,2,20000,0,0,0,0,0,0
TF,VOLIK,25.218722,-101.151806,0, ,0.0,0.0,0.0,0.0,2,17000,0,0,0,0,0,0
TF,IO600,25.345917,-101.078917,0, ,0.0,0.0,0.0,0.0,2,17000,0,0,0,0,0,0
TF,IO405,25.548306,-101.079417,0, ,0.0,0.0,0.0,0.0,2,13000,0,0,0,0,0,0
TF,ILOKA,25.745167,-101.079889,0, ,0.0,0.0,0.0,0.0,1,10000,0,0,0,0,0,0

STAR,FLAN1B,35,5
IF,FLANE,24.761611,-101.246972, ,0.0,0.0,2,20000,0,0,0,0,0,0
TF,OMEVO,24.998333,-101.151667,0, ,0.0,0.0,0.0,0.0,2,15000,0,0,0,0,0,0
TF,VOLIK,25.218722,-101.151806,0, ,0.0,0.0,0.0,0.0,2,12000,0,0,0,0,0,0

STAR,NOVU1B,17,5
IF,NOVUL,25.857222,-100.709167, ,0.0,0.0,2,12000,0,0,0,0,0,0
TF,KEMTA,25.786556,-100.848250,0, ,0.0,0.0,0.0,0.0,2,9500,0,0,0,0,0,0

STAR,NOVU1C,35,5
IF,NOVUL,25.857222,-100.709167, ,0.0,0.0,2,15000,0,0,0,0,0,0
TF,IO401,25.667833,-101.079694,0, ,0.0,0.0,0.0,0.0,2,13000,0,0,0,0,0,0
TF,IO405,25.548306,-101.079417,0, ,0.0,0.0,0.0,0.0,2,11000,0,0,0,0,0,0
TF,ALTUM,25.417167,-101.079083,0, ,0.0,0.0,0.0,0.0,2,9000,0,0,0,0,0,0

STAR,OMIX1A,17,5
IF,OMIXA,25.553722,-101.482611, ,0.0,0.0,2,17000,0,0,0,0,0,0
TF,IO405,25.548306,-101.079417,0, ,0.0,0.0,0.0,0.0,2,13000,0,0,0,0,0,0
TF,ILOKA,25.745167,-101.079889,0, ,0.0,0.0,0.0,0.0,1,10000,0,0,0,0,0,0

STAR,OMIX1B,35,5
IF,OMIXA,25.553722,-101.482611, ,0.0,0.0,2,17000,0,0,0,0,0,0
TF,IO406,25.550083,-101.204194,0, ,0.0,0.0,0.0,0.0,2,13000,0,0,0,0,0,0
TF,IO405,25.548306,-101.079417,0, ,0.0,0.0,0.0,0.0,2,11000,0,0,0,0,0,0
TF,ALTUM,25.417167,-101.079083,0, ,0.0,0.0,0.0,0.0,2,9000,0,0,0,0,0,0

STAR,RAIL1A,17,5
IF,RAILY,24.833944,-101.410861, ,0.0,0.0,2,20000,0,0,0,0,0,0
TF,VOLIK,25.218722,-101.151806,0, ,0.0,0.0,0.0,0.0,2,17000,0,0,0,0,0,0
TF,IO600,25.345917,-101.078917,0, ,0.0,0.0,0.0,0.0,2,17000,0,0,0,0,0,0
TF,IO405,25.548306,-101.079417,0, ,0.0,0.0,0.0,0.0,2,13000,0,0,0,0,0,0
TF,ILOKA,25.745167,-101.079889,0, ,0.0,0.0,0.0,0.0,1,10000,0,0,0,0,0,0

STAR,RAIL1B,35,5
IF,RAILY,24.833944,-101.410861, ,0.0,0.0,2,20000,0,0,0,0,0,0
TF,VOLIK,25.218722,-101.151806,0, ,0.0,0.0,0.0,0.0,2,12000,0,0,0,0,0,0

APPTR,D17-1,17,SLW
IF,SLW,25.546114,-100.929811, ,0.0,0.0,2,10000,0,0,0,0,1,0
FD,SLW,25.546114,-100.929811,0,SLW,0.0,10.0,17.0,10.0,2,8300,0,0,0,0,0,0
CF,CF17,25.713289,-100.929811,1,SLW,354.0,10.0,174.0,1.0,2,7700,0,0,0,0,0,0

FINAL,D17-1,17,D,4
IF,CF17,25.713289,-100.929811,SLW,354.0,10.0,2,7700,0,0,0,0,0,0
CF,FF17,25.663136,-100.929811,0,SLW,354.0,7.0,174.0,3.0,2,6800,0,0,0,0,2,0
CF,30VOR,25.596267,-100.929811,0,SLW,354.0,3.0,174.0,4.0,2,5500,0,0,0,0,0,0
CF,RW17,25.551489,-100.928356,0,SLW,7.8,0.3,174.0,2.7,1,4698,0,0,0,0,3,0
CF,SLW,25.546114,-100.929811,0,SLW,0.0,0.0,174.0,0.3,0,0,0,0,0,0,0,1
FD,SLW,25.546114,-100.929811,0,SLW,0.0,5.0,164.0,5.0,0,0,0,0,0,0,0,0
DF,SLW,25.546114,-100.929811,2, ,0.0,0.0,0,0,0,0,0,0,0,0
FD,SLW,25.546114,-100.929811,0,SLW,0.0,10.0,17.0,10.0,0,0,0,0,0,0,0,0
CF,SLW,25.546114,-100.929811,1,SLW,0.0,0.0,174.0,10.0,2,10000,0,0,0,0,0,0

APPTR,D17-2,17,MEBIS
IF,MEBIS,25.982222,-101.637778, ,0.0,0.0,2,23000,0,0,0,0,0,0
TF,D299Y,25.781619,-101.310781,0, ,0.0,0.0,0.0,0.0,2,17000,0,0,0,0,0,0
TF,D299N,25.678119,-101.142969,0, ,0.0,0.0,0.0,0.0,2,12000,0,0,0,0,1,0
VI,0, ,0.0,119.0,0,0,0,0,0,0,0,0
AF,D344L,25.743672,-100.968272,2,SLW,344.0,12.0,299.0,2,8300,0,0,0,0,0,1
CF,CF17,25.713289,-100.929811,0,SLW,354.0,10.0,174.0,2.0,2,7700,0,0,0,0,0,0

APPTR,D17-2,17,NOVUL
IF,NOVUL,25.857222,-100.709167, ,0.0,0.0,2,12000,0,0,0,0,0,0
TF,D027N,25.743053,-100.790297,0, ,0.0,0.0,0.0,0.0,2,10000,0,0,0,0,1,0
CI,0, ,0.0,207.0,0,0,0,0,0,0,0,0
AF,D004L,25.743672,-100.891347,1,SLW,4.0,12.0,27.0,2,8300,0,0,0,0,0,1
CF,CF17,25.713289,-100.929811,0,SLW,354.0,10.0,174.0,2.0,2,7700,0,0,0,0,0,0

APPTR,D17-2,17,OMIXA
IF,OMIXA,25.553722,-101.482611, ,0.0,0.0,2,12000,0,0,0,0,0,0
TF,D265Y,25.552597,-101.390472,0, ,0.0,0.0,0.0,0.0,2,12000,0,0,0,0,0,0
TF,D265N,25.549922,-101.187775,0, ,0.0,0.0,0.0,0.0,2,10000,0,0,0,0,1,0
CI,0, ,0.0,85.0,0,0,0,0,0,0,0,0
AF,D299L,25.659281,-101.112489,2,SLW,298.4,12.0,265.0,2,10000,0,0,0,0,0,0
AF,D344L,25.743672,-100.968272,2,SLW,344.0,12.0,299.0,2,8300,0,0,0,0,0,1
CF,CF17,25.713289,-100.929811,0,SLW,354.0,10.0,174.0,2.0,2,7700,0,0,0,0,0,0

APPTR,D17-2,17,PIKBU
IF,PIKBU,25.906111,-101.066667, ,0.0,0.0,2,12000,0,0,0,0,0,0
TF,D336R,25.830642,-101.037903,0, ,0.0,0.0,0.0,0.0,2,10000,0,0,0,0,1,0
TF,D354L,25.746725,-100.929811,0, ,0.0,0.0,0.0,0.0,2,8300,0,0,0,0,0,0
TF,CF17,25.713289,-100.929811,0, ,0.0,0.0,0.0,0.0,2,7700,0,0,0,0,0,0

FINAL,D17-2,17,D,4
IF,CF17,25.713289,-100.929811,SLW,354.0,10.0,2,7700,0,0,0,0,0,0
CF,FF17,25.663136,-100.929811,0,SLW,354.0,7.0,174.0,3.0,2,6800,0,0,0,0,2,0
CF,30VOR,25.596267,-100.929811,0,SLW,354.0,3.0,174.0,4.0,2,5500,0,0,0,0,0,0
CF,RW17,25.551489,-100.928356,0,SLW,7.8,0.3,174.0,2.7,1,4698,0,0,0,0,3,0
CF,SLW,25.546114,-100.929811,0,SLW,0.0,0.0,174.0,0.3,0,0,0,0,0,0,0,1
FD,SLW,25.546114,-100.929811,0,SLW,0.0,5.0,164.0,5.0,0,0,0,0,0,0,0,0
DF,SLW,25.546114,-100.929811,2, ,0.0,0.0,0,0,0,0,0,0,0,0
FD,SLW,25.546114,-100.929811,0,SLW,0.0,10.0,17.0,10.0,0,0,0,0,0,0,0,0
CF,SLW,25.546114,-100.929811,1,SLW,0.0,0.0,174.0,10.0,2,10000,0,0,0,0,0,0

APPTR,D17-3,17,SLW
IF,SLW,25.546114,-100.929811, ,0.0,0.0,2,10000,0,0,0,0,1,0
FD,SLW,25.546114,-100.929811,0,SLW,0.0,10.0,331.0,10.0,2,7700,0,0,0,0,0,0
CF,CF17,25.713289,-100.929811,2,SLW,354.0,10.0,174.0,1.0,2,7700,0,0,0,0,0,0

FINAL,D17-3,17,D,4
IF,CF17,25.713289,-100.929811,SLW,354.0,10.0,2,7700,0,0,0,0,0,0
CF,FF17,25.663136,-100.929811,0,SLW,354.0,7.0,174.0,3.0,2,6800,0,0,0,0,2,0
CF,30VOR,25.596267,-100.929811,0,SLW,354.0,3.0,174.0,4.0,2,5500,0,0,0,0,0,0
CF,RW17,25.551489,-100.928356,0,SLW,7.8,0.3,174.0,2.7,1,4698,0,0,0,0,3,0
CF,SLW,25.546114,-100.929811,0,SLW,0.0,0.0,174.0,0.3,0,0,0,0,0,0,0,1
FD,SLW,25.546114,-100.929811,0,SLW,0.0,5.0,164.0,5.0,0,0,0,0,0,0,0,0
DF,SLW,25.546114,-100.929811,2, ,0.0,0.0,0,0,0,0,0,0,0,0
FD,SLW,25.546114,-100.929811,0,SLW,0.0,10.0,17.0,10.0,0,0,0,0,0,0,0,0
CF,SLW,25.546114,-100.929811,1,SLW,0.0,0.0,174.0,10.0,2,10000,0,0,0,0,0,0

APPTR,I17-1,17,SLW
IF,SLW,25.546114,-100.929811, ,0.0,0.0,2,10000,0,0,0,0,1,0
FD,SLW,25.546114,-100.929811,0,SLW,0.0,10.0,17.0,10.0,2,8300,0,0,0,0,0,0
CF,CF17,25.713289,-100.929811,1,ISLW,353.6,11.3,174.0,1.0,2,7700,0,0,0,0,0,0

FINAL,I17-1,17,I,3
IF,CF17,25.713289,-100.929811,ISLW,353.6,11.3,2,7700,0,0,0,0,0,0
CF,FI17,25.663131,-100.928500,0,ISLW,353.9,8.3,174.0,3.0,1,6800,0,0,0,0,2,0
CF,RW17,25.551489,-100.928356,0,ISLW,353.9,1.7,174.0,6.7,1,4698,0,0,0,0,3,0
CA,0,174.0,2,5180,0,0,0,0,0,0
FD,SLW,25.546114,-100.929811,0,SLW,0.0,5.0,164.0,5.0,0,0,0,0,0,0,0,0
DF,SLW,25.546114,-100.929811,2, ,0.0,0.0,0,0,0,0,0,0,0,0
FD,SLW,25.546114,-100.929811,0,SLW,0.0,10.0,17.0,10.0,0,0,0,0,0,0,0,0
CF,SLW,25.546114,-100.929811,1,SLW,0.0,0.0,174.0,10.0,2,10000,0,0,0,0,0,0

APPTR,I17-2,17,MEBIS
IF,MEBIS,25.982222,-101.637778, ,0.0,0.0,2,23000,0,0,0,0,0,0
TF,D299Y,25.781619,-101.310781,0, ,0.0,0.0,0.0,0.0,2,17000,0,0,0,0,0,0
TF,D299N,25.678119,-101.142969,0, ,0.0,0.0,0.0,0.0,2,12000,0,0,0,0,1,0
CI,0, ,0.0,119.0,0,0,0,0,0,0,0,0
AF,D344L,25.743672,-100.968272,2,SLW,344.0,12.0,299.0,2,8300,0,0,0,0,0,1
CF,CF17,25.713289,-100.929811,0,ISLW,353.6,11.3,174.0,2.0,2,7700,0,0,0,0,0,0

APPTR,I17-2,17,NOVUL
IF,NOVUL,25.857222,-100.709167, ,0.0,0.0,2,12000,0,0,0,0,0,0
TF,D027N,25.743053,-100.790297,0, ,0.0,0.0,0.0,0.0,2,10000,0,0,0,0,1,0
CI,0, ,0.0,207.0,0,0,0,0,0,0,0,0
AF,D004L,25.743672,-100.891347,1,SLW,4.0,12.0,27.0,2,8300,0,0,0,0,0,1
CF,CF17,25.713289,-100.929811,0,ISLW,353.6,11.3,174.0,2.0,2,7700,0,0,0,0,0,0

APPTR,I17-2,17,OMIXA
IF,OMIXA,25.553722,-101.482611, ,0.0,0.0,2,12000,0,0,0,0,0,0
TF,D265Y,25.552597,-101.390472,0, ,0.0,0.0,0.0,0.0,2,12000,0,0,0,0,0,0
TF,D265N,25.549922,-101.187775,0, ,0.0,0.0,0.0,0.0,2,10000,0,0,0,0,1,0
CI,0, ,0.0,85.0,0,0,0,0,0,0,0,0
AF,D299L,25.659281,-101.112489,2,SLW,298.4,12.0,265.0,2,10000,0,0,0,0,0,0
AF,D344L,25.743672,-100.968272,2,SLW,344.0,12.0,299.0,2,8300,0,0,0,0,0,1
CF,CF17,25.713289,-100.929811,0,ISLW,353.6,11.3,174.0,2.0,2,7700,0,0,0,0,0,0

APPTR,I17-2,17,PIKBU
IF,PIKBU,25.906111,-101.066667, ,0.0,0.0,2,12000,0,0,0,0,0,0
TF,D336R,25.830642,-101.037903,0, ,0.0,0.0,0.0,0.0,2,10000,0,0,0,0,1,0
TF,D354L,25.746725,-100.929811,0, ,0.0,0.0,0.0,0.0,2,8300,0,0,0,0,0,0
CF,CF17,25.713289,-100.929811,0,ISLW,353.6,11.3,174.0,2.0,2,7700,0,0,0,0,0,0

FINAL,I17-2,17,I,3
IF,CF17,25.713289,-100.929811,ISLW,353.6,11.3,2,7700,0,0,0,0,0,0
CF,FI17,25.663131,-100.928500,0,ISLW,353.9,8.3,174.0,3.0,1,6800,0,0,0,0,2,0
CF,RW17,25.551489,-100.928356,0,ISLW,353.9,1.7,174.0,6.7,1,4698,0,0,0,0,3,0
CA,0,174.0,2,5180,0,0,0,0,0,0
FD,SLW,25.546114,-100.929811,0,SLW,0.0,5.0,164.0,5.0,0,0,0,0,0,0,0,0
DF,SLW,25.546114,-100.929811,2, ,0.0,0.0,0,0,0,0,0,0,0,0
FD,SLW,25.546114,-100.929811,0,SLW,0.0,10.0,17.0,10.0,0,0,0,0,0,0,0,0
CF,SLW,25.546114,-100.929811,1,SLW,0.0,0.0,174.0,10.0,2,10000,0,0,0,0,0,0

APPTR,I17-3,17,SLW
IF,SLW,25.546114,-100.929811, ,0.0,0.0,2,10000,0,0,0,0,1,0
FD,SLW,25.546114,-100.929811,0,SLW,0.0,10.0,331.0,10.0,2,7700,0,0,0,0,0,0
CF,CF17,25.713289,-100.929811,2,ISLW,353.6,11.3,174.0,1.0,2,7700,0,0,0,0,0,0

FINAL,I17-3,17,I,3
IF,CF17,25.713289,-100.929811,ISLW,353.6,11.3,2,7700,0,0,0,0,0,0
CF,FI17,25.663131,-100.928500,0,ISLW,353.9,8.3,174.0,3.0,1,6800,0,0,0,0,2,0
CF,RW17,25.551489,-100.928356,0,ISLW,353.9,1.7,174.0,6.7,1,4698,0,0,0,0,3,0
CA,0,174.0,2,5180,0,0,0,0,0,0
FD,SLW,25.546114,-100.929811,0,SLW,0.0,5.0,164.0,5.0,0,0,0,0,0,0,0,0
DF,SLW,25.546114,-100.929811,2, ,0.0,0.0,0,0,0,0,0,0,0,0
FD,SLW,25.546114,-100.929811,0,SLW,0.0,10.0,17.0,10.0,0,0,0,0,0,0,0,0
CF,SLW,25.546114,-100.929811,1,SLW,0.0,0.0,174.0,10.0,2,10000,0,0,0,0,0,0

APPTR,I17-4,17,ILOKA
IF,ILOKA,25.745167,-101.079889, ,0.0,0.0,1,10000,0,0,0,0,1,0
TF,IO506,25.745389,-100.928583,0,ISLW,0.0,0.0,0.0,0.0,2,8300,0,0,0,0,1,0

APPTR,I17-4,17,KEMTA
IF,KEMTA,25.786556,-100.848250, ,0.0,0.0,2,9500,0,0,0,0,1,0
TF,IO506,25.745389,-100.928583,0,ISLW,0.0,0.0,0.0,0.0,2,8300,0,0,0,0,1,0

FINAL,I17-4,17,I,3
IF,IO506,25.745389,-100.928583,ISLW,353.9,13.2,2,8300,0,0,0,0,0,0
CF,IO900,25.661806,-100.928500,0,ISLW,353.9,8.2,174.0,5.0,1,6800,0,0,0,0,2,0
CF,RW17,25.551489,-100.928356,0,ISLW,353.9,1.7,174.0,6.6,1,4698,0,0,0,0,3,1
TF,IO901,25.467889,-100.928250,0, ,0.0,0.0,0.0,0.0,0,0,0,0,0,0,0,1
DF,OMIXA,25.553722,-101.482611,2, ,0.0,0.0,2,10000,0,0,0,0,0,1
HM,OMIXA,25.553722,-101.482611,2, ,0.0,0.0,85.0,04.3,2,10000,0,1,230,0,0,0,0

APPTR,R17,17,ILOKA
IF,ILOKA,25.745167,-101.079889, ,0.0,0.0,1,10000,0,0,0,0,1,0
TF,IO506,25.745389,-100.928583,0, ,0.0,0.0,0.0,0.0,2,8300,0,0,0,0,1,0

APPTR,R17,17,KEMTA
IF,KEMTA,25.786556,-100.848250, ,0.0,0.0,2,9500,0,0,0,0,1,0
TF,IO506,25.745389,-100.928583,0, ,0.0,0.0,0.0,0.0,2,8300,0,0,0,0,1,0

FINAL,R17,17,R,3
IF,IO506,25.745389,-100.928583, ,0.0,0.0,2,8300,0,0,0,0,0,0
TF,IO900,25.661806,-100.928500,0, ,0.0,0.0,174.0,5.0,1,6800,0,0,0,0,2,0
TF,RW17,25.551489,-100.928356,0, ,0.0,0.0,174.0,6.6,1,4698,0,0,0,0,3,1
TF,IO901,25.467889,-100.928250,0, ,0.0,0.0,0.0,0.0,0,0,0,0,0,0,0,1
DF,OMIXA,25.553722,-101.482611,2, ,0.0,0.0,2,10000,0,0,0,0,0,1
HM,OMIXA,25.553722,-101.482611,2, ,0.0,0.0,85.0,04.3,2,10000,0,1,230,0,0,0,0

APPTR,R35,35,ALTUM
IF,ALTUM,25.417167,-101.079083, ,0.0,0.0,2,9000,0,0,0,0,1,0
TF,IO503,25.417278,-101.020222,0, ,0.0,0.0,0.0,0.0,2,8000,0,0,0,0,0,0
TF,IO502,25.417361,-100.965000,0, ,0.0,0.0,0.0,0.0,2,7100,0,0,0,0,1,0

APPTR,R35,35,VOLIK
IF,VOLIK,25.218722,-101.151806, ,0.0,0.0,2,12000,0,0,0,0,1,0
TF,IO600,25.345917,-101.078917,0, ,0.0,0.0,0.0,0.0,2,9300,0,0,0,0,0,0
TF,IO504,25.388861,-101.010444,0, ,0.0,0.0,0.0,0.0,2,8000,0,0,0,0,0,0
TF,IO502,25.417361,-100.965000,0, ,0.0,0.0,0.0,0.0,2,7100,0,0,0,0,1,0

FINAL,R35,35,R,4
IF,IO502,25.417361,-100.965000, ,0.0,0.0,2,7100,0,0,0,0,0,0
TF,IO501,25.446333,-100.946639,0, ,0.0,0.0,24.0,2.0,2,6500,0,0,0,0,0,0
TF,IO500,25.475333,-100.928250,0, ,0.0,0.0,24.0,2.0,1,5900,0,0,0,0,2,0
TF,RW35,25.525472,-100.928322,0, ,0.0,0.0,354.0,3.0,1,4828,0,0,0,0,3,1
TF,IO700,25.601639,-100.928417,0, ,0.0,0.0,0.0,0.0,0,0,0,0,0,0,0,1
DF,OMIXA,25.553722,-101.482611,1, ,0.0,0.0,2,10000,0,0,0,0,0,1
HM,OMIXA,25.553722,-101.482611,2, ,0.0,0.0,85.0,04.3,2,10000,0,1,230,0,0,0,0

APPTR,V17-A,17,SLW
IF,SLW,25.546114,-100.929811, ,0.0,0.0,2,12000,0,0,0,0,0,0
PI,SLW,25.546114,-100.929811,2,SLW,296.0,10.0,341,5.0,2,8100,0,0,0,0,0,0
CF,FF161,25.660133,-100.958856,0,SLW,341.0,7.0,161.0,3.0,2,8100,0,0,0,0,0,0

FINAL,V17-A,17,D,2
IF,FF161,25.660133,-100.958856,SLW,341.0,7.0,2,8100,0,0,0,0,2,0
CF,SLW,25.546114,-100.929811,0,SLW,0.0,0.0,161.0,7.0,1,5700,0,0,0,0,3,0
CF,D341D,25.611269,-100.946400,2,SLW,341.0,4.0,341.0,4.0,0,0,0,0,0,0,0,0
FC,D341D,25.611269,-100.946400,0,SLW,0.0,0.0,296.0,3.5,0,0,0,0,0,0,0,1
CF,SLW,25.546114,-100.929811,2,SLW,0.0,0.0,161.0,8.0,2,12000,0,0,0,0,0,0

APPTR,V35-A,35,SLW
IF,SLW,25.546114,-100.929811, ,0.0,0.0,2,12000,0,0,0,0,0,0
PI,SLW,25.546114,-100.929811,2,SLW,296.0,10.0,341,5.0,2,8100,0,0,0,0,0,0
CF,FF161,25.660133,-100.958856,0,SLW,341.0,7.0,161.0,3.0,2,8100,0,0,0,0,0,0

FINAL,V35-A,35,D,2
IF,FF161,25.660133,-100.958856,SLW,341.0,7.0,2,8100,0,0,0,0,2,0
CF,SLW,25.546114,-100.929811,0,SLW,0.0,0.0,161.0,7.0,1,5700,0,0,0,0,3,0
CF,D341D,25.611269,-100.946400,2,SLW,341.0,4.0,341.0,4.0,0,0,0,0,0,0,0,0
FC,D341D,25.611269,-100.946400,0,SLW,0.0,0.0,296.0,3.5,0,0,0,0,0,0,0,1
CF,SLW,25.546114,-100.929811,2,SLW,0.0,0.0,161.0,8.0,2,12000,0,0,0,0,0,0

