SID,AMUDI1,10,2
CA,0,105.0,2,480,0,0,0,0,0,0
CF,D108J,32.544928,-115.068583,0,MXL,108.0,10.0,108.0,10.0,0,0,0,0,0,0,0,0
TF,D114O,32.480075,-115.001558,0, ,0.0,0.0,0.0,0.0,0,0,0,0,0,0,0,0
TF,AMUDI,32.379167,-114.843889,0, ,0.0,0.0,0.0,0.0,0,0,0,0,0,0,0,0
TF,PPE,31.367272,-113.301378,0, ,0.0,0.0,0.0,0.0,0,0,0,0,0,0,0,0

SID,AVRIL2,10,2
CA,0,105.0,2,480,0,0,0,0,0,0
CF,D108J,32.544928,-115.068583,0,MXL,108.0,10.0,108.0,10.0,0,0,0,0,0,0,0,0
AF,D141J,32.481864,-115.148969,2,MXL,140.3,10.0,108.0,0,0,0,0,0,0,0,0
TF,AVRIL,31.859444,-114.782778,0, ,0.0,0.0,0.0,0.0,0,0,0,0,0,0,0,0

SID,MXL2A,10,2
CA,0,105.0,2,480,0,0,0,0,0,0
FD,MXL,32.631056,-115.237592,0,MXL,0.0,7.0,108.0,7.0,0,0,0,0,0,0,0,0
DF,MXL,32.631056,-115.237592,1, ,0.0,0.0,0,0,0,0,0,0,0,0

SID,MXL3B,28,2
VA,0,285.0,2,600,0,0,0,0,0,0
FD,MXL,32.631056,-115.237592,0,MXL,0.0,7.0,274.0,7.0,0,0,0,0,0,0,0,0
DF,MXL,32.631056,-115.237592,1, ,0.0,0.0,0,0,0,0,0,0,0,0

SID,NORAR2,28,2
VA,0,285.0,2,600,0,0,0,0,0,0
CF,D274G,32.665164,-115.369756,0,MXL,274.0,7.0,274.0,7.0,0,0,0,0,0,0,0,0
CF,D274J,32.679739,-115.426428,0,MXL,274.0,10.0,274.0,3.0,0,0,0,0,0,0,0,0
AF,D222J,32.534033,-115.398142,1,MXL,221.5,10.0,274.0,0,0,0,0,0,0,0,0
CF,NORAR,32.387778,-115.638889,0,MXL,221.5,25.0,222.0,15.0,0,0,0,0,0,0,0,0
TF,DAPAN,32.221111,-115.916111,0, ,0.0,0.0,0.0,0.0,0,0,0,0,0,0,0,0

SID,ONDU2A,10,2
CA,0,105.0,2,480,0,0,0,0,0,0
CF,D108J,32.544928,-115.068583,0,MXL,108.0,10.0,108.0,10.0,0,0,0,0,0,0,0,0
AF,D184J,32.471011,-115.293922,2,MXL,183.6,10.0,108.0,0,0,0,0,0,0,0,0
CF,ONDUM,32.231667,-115.377778,0,MXL,183.6,25.0,184.0,15.0,0,0,0,0,0,0,0,0
TF,SQN,30.545358,-115.955653,0, ,0.0,0.0,0.0,0.0,0,0,0,0,0,0,0,0

SID,ONDU2B,28,2
VA,0,285.0,2,600,0,0,0,0,0,0
CF,D274G,32.665164,-115.369756,0,MXL,274.0,7.0,274.0,7.0,0,0,0,0,0,0,0,0
CF,D274J,32.679739,-115.426428,0,MXL,274.0,10.0,274.0,3.0,0,0,0,0,0,0,0,0
AF,D184J,32.471011,-115.293922,1,MXL,183.6,10.0,274.0,0,0,0,0,0,0,0,0
CF,ONDUM,32.231667,-115.377778,0,MXL,183.6,25.0,184.0,15.0,0,0,0,0,0,0,0,0
TF,SQN,30.545358,-115.955653,0, ,0.0,0.0,0.0,0.0,0,0,0,0,0,0,0,0

SID,URSIX2,28,2
VA,0,285.0,2,600,0,0,0,0,0,0
CF,D274G,32.665164,-115.369756,0,MXL,274.0,7.0,274.0,7.0,0,0,0,0,0,0,0,0
CF,D274J,32.679739,-115.426428,0,MXL,274.0,10.0,274.0,3.0,0,0,0,0,0,0,0,0
AF,D254J,32.621872,-115.434642,1,MXL,253.9,10.0,274.0,0,0,0,0,0,0,0,0
CF,URSIX,32.602500,-115.830278,0,MXL,253.9,30.1,254.0,20.0,0,0,0,0,0,0,0,0
TF,TIJ,32.540442,-116.952700,0, ,0.0,0.0,0.0,0.0,0,0,0,0,0,0,0,0

APPTR,D10-1,10,MXL
IF,MXL,32.631056,-115.237592, ,0.0,0.0,2,2000,0,0,0,0,1,0
FD,MXL,32.631056,-115.237592,0,MXL,0.0,8.0,264.0,8.0,2,2000,0,0,0,0,0,0
CF,CD10,32.691628,-115.378364,2,MXL,284.0,8.0,104.0,1.0,2,2000,0,0,0,0,0,0

FINAL,D10-1,10,D,3
IF,CD10,32.691628,-115.378364,MXL,284.0,8.0,2,2000,0,0,0,0,0,0
CF,FD10,32.668933,-115.325550,0,MXL,284.0,5.0,104.0,3.0,2,1400,0,0,0,0,2,0
CF,RW10,32.636119,-115.253850,0,MXL,277.2,0.9,104.0,4.1,1,122,0,0,0,0,3,0
CF,MXL,32.631056,-115.237592,0,MXL,0.0,0.0,104.0,0.9,0,0,0,0,0,0,0,1
FD,MXL,32.631056,-115.237592,0,MXL,0.0,7.0,108.0,7.0,0,0,0,0,0,0,0,0
DF,MXL,32.631056,-115.237592,1, ,0.0,0.0,2,2000,0,0,0,0,0,0

APPTR,D10-2,10,NORAR
IF,DAPAN,32.221111,-115.916111, ,0.0,0.0,2,9000,0,0,0,0,0,0
TF,NORAR,32.387778,-115.638889,0, ,0.0,0.0,0.0,0.0,2,7000,0,0,0,0,0,0
TF,D222L,32.514606,-115.430211,0, ,0.0,0.0,0.0,0.0,2,5000,0,0,0,0,1,0
TF,D222J,32.534033,-115.398142,0, ,0.0,0.0,0.0,0.0,0,0,0,0,0,0,0,0
AF,D272J,32.674133,-115.428317,2,MXL,272.0,10.0,222.0,2,2000,0,0,0,0,0,1
CF,CD10,32.691628,-115.378364,0,MXL,284.0,8.0,104.0,2.0,2,2000,0,0,0,0,0,0

APPTR,D10-2,10,ONDUM
IF,SQN,30.545358,-115.955653, ,0.0,0.0,0,0,0,0,0,0,0,0
TF,ONDUM,32.231667,-115.377778,0, ,0.0,0.0,0.0,0.0,2,10000,0,0,0,0,0,0
TF,D184L,32.438997,-115.305164,0, ,0.0,0.0,0.0,0.0,2,5000,0,0,0,0,1,0
TF,D184J,32.471011,-115.293922,0, ,0.0,0.0,0.0,0.0,0,0,0,0,0,0,0,0
AF,D272J,32.674133,-115.428317,2,MXL,272.0,10.0,184.0,2,2000,0,0,0,0,0,1
CF,CD10,32.691628,-115.378364,0,MXL,284.0,8.0,104.0,2.0,2,2000,0,0,0,0,0,0

APPTR,D10-2,10,URSIX
IF,URSIX,32.602500,-115.830278, ,0.0,0.0,2,8000,0,0,0,0,0,0
TF,D254T,32.612383,-115.631650,0, ,0.0,0.0,0.0,0.0,2,5000,0,0,0,0,0,0
TF,D254L,32.620000,-115.474044,0, ,0.0,0.0,0.0,0.0,2,2000,0,0,0,0,1,0
TF,D254J,32.621872,-115.434642,0, ,0.0,0.0,0.0,0.0,0,0,0,0,0,0,0,0
AF,D272J,32.674133,-115.428317,2,MXL,272.0,10.0,254.0,2,2000,0,0,0,0,0,1
CF,CD10,32.691628,-115.378364,0,MXL,284.0,8.0,104.0,2.0,2,2000,0,0,0,0,0,0

FINAL,D10-2,10,D,3
IF,CD10,32.691628,-115.378364,MXL,284.0,8.0,2,2000,0,0,0,0,0,0
CF,FD10,32.668933,-115.325550,0,MXL,284.0,5.0,104.0,3.0,2,1400,0,0,0,0,2,0
CF,RW10,32.636119,-115.253850,0,MXL,277.2,0.9,104.0,4.1,1,122,0,0,0,0,3,0
CF,MXL,32.631056,-115.237592,0,MXL,0.0,0.0,104.0,0.9,0,0,0,0,0,0,0,1
FD,MXL,32.631056,-115.237592,0,MXL,0.0,7.0,108.0,7.0,0,0,0,0,0,0,0,0
DF,MXL,32.631056,-115.237592,1, ,0.0,0.0,2,2000,0,0,0,0,0,0

APPTR,D10-A,10,MXL
IF,MXL,32.631056,-115.237592, ,0.0,0.0,2,2000,0,0,0,0,1,0
FD,MXL,32.631056,-115.237592,0,MXL,0.0,8.0,234.0,8.0,2,2000,0,0,0,0,0,0
CF,CF074,32.623964,-115.395247,2,MXL,254.0,8.0,74.0,1.0,2,2000,0,0,0,0,0,0

FINAL,D10-A,10,D,3
IF,CF074,32.623964,-115.395247,MXL,254.0,8.0,2,2000,0,0,0,0,0,0
CF,FF074,32.626644,-115.336131,0,MXL,254.0,5.0,74.0,3.0,2,1400,0,0,0,0,2,0
CF,MXL,32.631056,-115.237592,0,MXL,0.0,0.0,74.0,5.0,1,640,0,0,0,0,3,0
FD,MXL,32.631056,-115.237592,0,MXL,0.0,7.0,108.0,7.0,0,0,0,0,0,0,0,0
DF,MXL,32.631056,-115.237592,1, ,0.0,0.0,2,2000,0,0,0,0,0,0

APPTR,D28-1,28,MXL
IF,MXL,32.631056,-115.237592, ,0.0,0.0,2,2000,0,0,0,0,1,0
FD,MXL,32.631056,-115.237592,0,MXL,0.0,8.0,128.0,8.0,2,2000,0,0,0,0,0,0
CF,CD28,32.562172,-115.102358,1,MXL,108.0,8.0,288.0,1.0,2,2000,0,0,0,0,0,0

FINAL,D28-1,28,D,3
IF,CD28,32.562172,-115.102358,MXL,108.0,8.0,2,2000,0,0,0,0,0,0
CF,FD28,32.588019,-115.153047,0,MXL,108.0,5.0,288.0,3.0,2,1500,0,0,0,0,2,0
CF,RW28,32.625008,-115.229442,0,MXL,118.3,0.6,288.0,4.5,1,121,0,0,0,0,3,0
CF,MXL,32.631056,-115.237592,0,MXL,0.0,0.0,288.0,0.5,0,0,0,0,0,0,0,1
VI,1, ,0.0,83.0,0,0,0,0,0,0,0,0
FD,MXL,32.631056,-115.237592,0,MXL,0.0,8.0,128.0,8.0,0,0,0,0,0,0,0,0
CF,MXL,32.631056,-115.237592,1,MXL,0.0,0.0,288.0,8.0,2,2000,0,0,0,0,0,0

APPTR,D28-2,28,AMUDI
IF,PPE,31.367272,-113.301378, ,0.0,0.0,0,0,0,0,0,0,0,0
TF,MX114,32.126817,-114.453200,0, ,0.0,0.0,0.0,0.0,2,4000,0,0,0,0,0,0
TF,AMUDI,32.379167,-114.843889,0, ,0.0,0.0,0.0,0.0,2,3000,0,0,0,0,0,0
TF,D114O,32.480075,-115.001558,0, ,0.0,0.0,0.0,0.0,2,2000,0,0,0,0,1,0
TF,D108J,32.544928,-115.068583,0, ,0.0,0.0,0.0,0.0,2,2000,0,0,0,0,0,0
TF,CD28,32.562172,-115.102358,0, ,0.0,0.0,0.0,0.0,2,2000,0,0,0,0,0,0

APPTR,D28-2,28,AVRIL
IF,AVRIL,31.859444,-114.782778, ,0.0,0.0,2,20000,0,0,0,0,0,0
TF,MX141,32.243025,-115.007783,0, ,0.0,0.0,0.0,0.0,2,10000,0,0,0,0,0,0
TF,AXASA,32.337778,-115.063889,0, ,0.0,0.0,0.0,0.0,2,7000,0,0,0,0,0,0
TF,D141L,32.452006,-115.131311,0, ,0.0,0.0,0.0,0.0,2,4000,0,0,0,0,1,0
TF,D141J,32.481864,-115.148969,0, ,0.0,0.0,0.0,0.0,0,0,0,0,0,0,0,0
AF,D120J,32.517075,-115.093433,1,MXL,120.0,10.0,141.0,2,2000,0,0,0,0,0,1
CF,CD28,32.562172,-115.102358,0,MXL,108.0,8.0,288.0,2.0,2,2000,0,0,0,0,0,0

APPTR,D28-2,28,ONDUM
IF,SQN,30.545358,-115.955653, ,0.0,0.0,0,0,0,0,0,0,0,0
TF,ONDUM,32.231667,-115.377778,0, ,0.0,0.0,0.0,0.0,2,10000,0,0,0,0,0,0
TF,D184L,32.438997,-115.305164,0, ,0.0,0.0,0.0,0.0,2,5000,0,0,0,0,1,0
TF,D184J,32.471011,-115.293922,0, ,0.0,0.0,0.0,0.0,0,0,0,0,0,0,0,0
AF,D120J,32.517075,-115.093433,1,MXL,120.0,10.0,184.0,2,2000,0,0,0,0,0,1
CF,CD28,32.562172,-115.102358,0,MXL,108.0,8.0,288.0,2.0,2,2000,0,0,0,0,0,0

FINAL,D28-2,28,D,3
IF,CD28,32.562172,-115.102358,MXL,108.0,8.0,2,2000,0,0,0,0,0,0
CF,FD28,32.588019,-115.153047,0,MXL,108.0,5.0,288.0,3.0,2,1500,0,0,0,0,2,0
CF,RW28,32.625008,-115.229442,0,MXL,118.3,0.6,288.0,4.5,1,121,0,0,0,0,3,0
CF,MXL,32.631056,-115.237592,0,MXL,0.0,0.0,288.0,0.5,0,0,0,0,0,0,0,1
VI,1, ,0.0,83.0,0,0,0,0,0,0,0,0
FD,MXL,32.631056,-115.237592,0,MXL,0.0,8.0,128.0,8.0,0,0,0,0,0,0,0,0
CF,MXL,32.631056,-115.237592,1,MXL,0.0,0.0,288.0,8.0,2,2000,0,0,0,0,0,0

APPTR,D28-A,28,MXL
IF,MXL,32.631056,-115.237592, ,0.0,0.0,2,2000,0,0,0,0,1,0
FD,MXL,32.631056,-115.237592,0,MXL,0.0,8.0,234.0,8.0,2,2000,0,0,0,0,0,0
CF,CF074,32.623964,-115.395247,2,MXL,254.0,8.0,74.0,1.0,2,2000,0,0,0,0,0,0

FINAL,D28-A,28,D,3
IF,CF074,32.623964,-115.395247,MXL,254.0,8.0,2,2000,0,0,0,0,0,0
CF,FF074,32.626644,-115.336131,0,MXL,254.0,5.0,74.0,3.0,2,1400,0,0,0,0,2,0
CF,MXL,32.631056,-115.237592,0,MXL,0.0,0.0,74.0,5.0,1,640,0,0,0,0,3,0
FD,MXL,32.631056,-115.237592,0,MXL,0.0,7.0,108.0,7.0,0,0,0,0,0,0,0,0
DF,MXL,32.631056,-115.237592,1, ,0.0,0.0,2,2000,0,0,0,0,0,0

APPTR,S28,28,MXL
IF,MXL,32.631056,-115.237592, ,0.0,0.0,2,2000,0,0,0,0,0,0
PI,MXL,32.631056,-115.237592,1,MXL,153.0,10.0,108,5.0,2,2000,0,0,0,0,0,0
CF,FS28,32.575631,-115.128747,0,MXL,108.0,6.4,288.0,4.6,2,2000,0,0,0,0,0,0

FINAL,S28,28,D,2
IF,FS28,32.575631,-115.128747,MXL,108.0,6.4,2,2000,0,0,0,0,2,0
CF,RW28,32.625008,-115.229442,0,MXL,118.3,0.6,288.0,5.9,1,121,0,0,0,0,3,0
CF,MXL,32.631056,-115.237592,0,MXL,0.0,0.0,288.0,0.6,0,0,0,0,0,0,0,1
VI,1, ,0.0,63.0,0,0,0,0,0,0,0,0
CF,FS28,32.575631,-115.128747,0,MXL,108.0,6.4,108.0,2.0,0,0,0,0,0,0,0,0
FC,FS28,32.575631,-115.128747,0,MXL,0.0,0.0,153.0,3.5,0,0,0,0,0,0,0,1
CF,MXL,32.631056,-115.237592,1,MXL,0.0,0.0,288.0,9.0,2,2000,0,0,0,0,0,0

