SID,AJORO2,08,2
CA,0,84.0,2,440,0,0,0,0,0,0
FD,MZT,23.160522,-106.270964,0,MZT,0.0,8.0,84.0,8.0,0,0,0,0,0,0,0,0
CI,0, ,0.0,84.0,0,0,0,0,0,0,0,0
AF,D113K,23.063661,-106.101889,2,MZT,112.7,11.0,84.0,0,0,0,0,0,0,0,0
TF,AJORO,22.807222,-105.656944,0, ,0.0,0.0,0.0,0.0,0,0,0,0,0,0,0,0
TF,AMULA,21.639167,-103.676667,0, ,0.0,0.0,0.0,0.0,0,0,0,0,0,0,0,0

SID,ALILI2,08,2
CA,0,84.0,2,440,0,0,0,0,0,0
FD,MZT,23.160522,-106.270964,0,MZT,0.0,8.0,84.0,8.0,0,0,0,0,0,0,0,0
CI,0, ,0.0,84.0,0,0,0,0,0,0,0,0
AF,D133K,23.015219,-106.149019,2,MZT,133.2,11.0,84.0,0,0,0,0,0,0,0,0
TF,ALILI,22.632500,-105.829444,0, ,0.0,0.0,0.0,0.0,0,0,0,0,0,0,0,0

SID,BRUJA2,26,2
CA,0,264.0,2,440,0,0,0,0,0,0
FD,MZT,23.160522,-106.270964,0,MZT,0.0,8.0,264.0,8.0,0,0,0,0,0,0,0,0
CI,0, ,0.0,264.0,0,0,0,0,0,0,0,0
AF,D302K,23.280153,-106.422158,2,MZT,301.6,11.0,264.0,0,0,0,0,0,0,0,0
TF,BRUJA,23.486389,-106.683889,0, ,0.0,0.0,0.0,0.0,0,0,0,0,0,0,0,0
TF,UKSEL,23.815000,-107.103889,0, ,0.0,0.0,0.0,0.0,0,0,0,0,0,0,0,0

SID,CORSA2,08,2
CA,0,84.0,2,440,0,0,0,0,0,0
FD,MZT,23.160522,-106.270964,0,MZT,0.0,8.0,84.0,8.0,0,0,0,0,0,0,0,0
CI,0, ,0.0,84.0,0,0,0,0,0,0,0,0
AF,D049K,23.256583,-106.101236,1,MZT,49.5,11.0,84.0,0,0,0,0,0,0,0,0
TF,CORSA,23.509167,-105.652222,0, ,0.0,0.0,0.0,0.0,0,0,0,0,0,0,0,0
TF,AXABO,23.612222,-105.467778,0, ,0.0,0.0,0.0,0.0,0,0,0,0,0,0,0,0

SID,EMOSO2,08,2
CA,0,84.0,2,440,0,0,0,0,0,0
FD,MZT,23.160522,-106.270964,0,MZT,0.0,8.0,84.0,8.0,0,0,0,0,0,0,0,0
CI,0, ,0.0,84.0,0,0,0,0,0,0,0,0
AF,D150K,22.988761,-106.199772,2,MZT,150.0,11.0,84.0,0,0,0,0,0,0,0,0
CF,EMOSO,22.693611,-106.072778,0,MZT,150.0,29.9,149.0,19.0,0,0,0,0,0,0,0,0
TF,PVR,20.691950,-105.239317,0, ,0.0,0.0,0.0,0.0,0,0,0,0,0,0,0,0

SID,FLORI2,26,2
CA,0,264.0,2,440,0,0,0,0,0,0
FD,MZT,23.160522,-106.270964,0,MZT,0.0,11.0,264.0,11.0,0,0,0,0,0,0,0,0
CF,D276P,23.227800,-106.551111,0,MZT,275.6,16.0,299.0,5.7,0,0,0,0,0,0,0,0
TF,FLORI,23.244722,-106.621944,0, ,0.0,0.0,0.0,0.0,0,0,0,0,0,0,0,0
TF,OLESI,23.613056,-108.203611,0, ,0.0,0.0,0.0,0.0,0,0,0,0,0,0,0,0

SID,GAMOS2,26,2
CA,0,264.0,2,440,0,0,0,0,0,0
FD,MZT,23.160522,-106.270964,0,MZT,0.0,8.0,264.0,8.0,0,0,0,0,0,0,0,0
CI,0, ,0.0,264.0,0,0,0,0,0,0,0,0
AF,D317K,23.312303,-106.383422,2,MZT,316.6,11.0,264.0,0,0,0,0,0,0,0,0
TF,GAMOS,23.573611,-106.578056,0, ,0.0,0.0,0.0,0.0,0,0,0,0,0,0,0,0
TF,MELBO,23.963611,-106.870278,0, ,0.0,0.0,0.0,0.0,0,0,0,0,0,0,0,0

SID,ISLAS2,26,2
CA,0,264.0,2,440,0,0,0,0,0,0
FD,MZT,23.160522,-106.270964,0,MZT,0.0,11.0,264.0,11.0,0,0,0,0,0,0,0,0
CF,D262O,23.162078,-106.542247,0,MZT,261.4,15.0,254.0,4.0,0,0,0,0,0,0,0,0
TF,ISLAS,23.162500,-106.633611,0, ,0.0,0.0,0.0,0.0,0,0,0,0,0,0,0,0
TF,VIBSA,23.163889,-107.092778,0, ,0.0,0.0,0.0,0.0,0,0,0,0,0,0,0,0

SID,MZT3A,08,2
CA,0,84.0,2,440,0,0,0,0,0,0
FD,MZT,23.160522,-106.270964,0,MZT,0.0,8.0,84.0,8.0,0,0,0,0,0,0,0,0
DF,MZT,23.160522,-106.270964,2, ,0.0,0.0,0,0,0,0,0,0,0,0

SID,MZT3B,26,2
CA,0,264.0,2,440,0,0,0,0,0,0
FD,MZT,23.160522,-106.270964,0,MZT,0.0,8.0,264.0,8.0,0,0,0,0,0,0,0,0
DF,MZT,23.160522,-106.270964,1, ,0.0,0.0,0,0,0,0,0,0,0,0

SID,NORA2A,08,2
CA,0,84.0,2,440,0,0,0,0,0,0
FD,MZT,23.160522,-106.270964,0,MZT,0.0,8.0,84.0,8.0,0,0,0,0,0,0,0,0
CI,0, ,0.0,84.0,0,0,0,0,0,0,0,0
AF,D359K,23.342581,-106.242481,1,MZT,359.2,11.0,84.0,0,0,0,0,0,0,0,0
TF,NORAL,23.655556,-106.193333,0, ,0.0,0.0,0.0,0.0,0,0,0,0,0,0,0,0
TF,BONOK,25.136944,-105.957500,0, ,0.0,0.0,0.0,0.0,0,0,0,0,0,0,0,0

SID,NORA2B,26,2
CA,0,264.0,2,440,0,0,0,0,0,0
FD,MZT,23.160522,-106.270964,0,MZT,0.0,8.0,264.0,8.0,0,0,0,0,0,0,0,0
CI,0, ,0.0,264.0,0,0,0,0,0,0,0,0
AF,D359K,23.342581,-106.242481,2,MZT,359.2,11.0,264.0,0,0,0,0,0,0,0,0
TF,NORAL,23.655556,-106.193333,0, ,0.0,0.0,0.0,0.0,0,0,0,0,0,0,0,0
TF,BONOK,25.136944,-105.957500,0, ,0.0,0.0,0.0,0.0,0,0,0,0,0,0,0,0

SID,PALIA2,26,2
CA,0,264.0,2,440,0,0,0,0,0,0
FD,MZT,23.160522,-106.270964,0,MZT,0.0,8.0,264.0,8.0,0,0,0,0,0,0,0,0
CI,0, ,0.0,264.0,0,0,0,0,0,0,0,0
AF,D306K,23.290775,-106.411511,2,MZT,306.1,11.0,264.0,0,0,0,0,0,0,0,0
TF,PALIA,23.515278,-106.654722,0, ,0.0,0.0,0.0,0.0,0,0,0,0,0,0,0,0
TF,LMM,25.682611,-109.071581,0, ,0.0,0.0,0.0,0.0,0,0,0,0,0,0,0,0

SID,POST2A,08,2
CA,0,84.0,2,440,0,0,0,0,0,0
FD,MZT,23.160522,-106.270964,0,MZT,0.0,8.0,84.0,8.0,0,0,0,0,0,0,0,0
CI,0, ,0.0,84.0,0,0,0,0,0,0,0,0
AF,D349K,23.344297,-106.279683,1,MZT,348.5,11.0,84.0,0,0,0,0,0,0,0,0
TF,POSTA,23.660000,-106.294722,0, ,0.0,0.0,0.0,0.0,0,0,0,0,0,0,0,0
TF,KATLI,25.424167,-106.380278,0, ,0.0,0.0,0.0,0.0,0,0,0,0,0,0,0,0

SID,POST2B,26,2
CA,0,264.0,2,440,0,0,0,0,0,0
FD,MZT,23.160522,-106.270964,0,MZT,0.0,8.0,264.0,8.0,0,0,0,0,0,0,0,0
CI,0, ,0.0,264.0,0,0,0,0,0,0,0,0
AF,D349K,23.344297,-106.279683,2,MZT,348.5,11.0,264.0,0,0,0,0,0,0,0,0
TF,POSTA,23.660000,-106.294722,0, ,0.0,0.0,0.0,0.0,0,0,0,0,0,0,0,0
TF,KATLI,25.424167,-106.380278,0, ,0.0,0.0,0.0,0.0,0,0,0,0,0,0,0,0

SID,SARIO2,08,2
CA,0,84.0,2,440,0,0,0,0,0,0
FD,MZT,23.160522,-106.270964,0,MZT,0.0,11.0,84.0,11.0,0,0,0,0,0,0,0,0
CF,D102P,23.065364,-106.000600,0,MZT,101.8,16.0,133.0,6.5,0,0,0,0,0,0,0,0
TF,SARIO,22.921389,-105.594722,0, ,0.0,0.0,0.0,0.0,0,0,0,0,0,0,0,0
TF,MAVED,22.599444,-104.700000,0, ,0.0,0.0,0.0,0.0,0,0,0,0,0,0,0,0

SID,TIAGO2,08,2
CA,0,84.0,2,440,0,0,0,0,0,0
FD,MZT,23.160522,-106.270964,0,MZT,0.0,8.0,84.0,8.0,0,0,0,0,0,0,0,0
CI,0, ,0.0,84.0,0,0,0,0,0,0,0,0
AF,D124K,23.034767,-106.125833,2,MZT,124.1,11.0,84.0,0,0,0,0,0,0,0,0
CF,TIAGO,22.702778,-105.744722,0,MZT,124.1,40.0,124.0,29.0,0,0,0,0,0,0,0,0
TF,BRISA,21.856944,-104.786944,0, ,0.0,0.0,0.0,0.0,0,0,0,0,0,0,0,0

APPTR,D08,08,BRUJA
IF,UKSEL,23.815000,-107.103889, ,0.0,0.0,2,5000,0,0,0,0,0,0
TF,BRUJA,23.486389,-106.683889,0, ,0.0,0.0,0.0,0.0,2,5000,0,0,0,0,0,0
TF,D302M,23.299917,-106.450853,0, ,0.0,0.0,0.0,0.0,2,4000,0,0,0,0,1,0
CI,0, ,0.0,122.0,0,0,0,0,0,0,0,0
AF,D278K,23.214189,-106.461292,1,MZT,278.0,11.0,302.0,2,2600,0,0,0,0,0,1
CF,CD08,23.168314,-106.433522,0,MZT,264.0,9.0,84.0,2.0,2,2500,0,0,0,0,0,0

APPTR,D08,08,FLORI
IF,OLESI,23.613056,-108.203611, ,0.0,0.0,0,0,0,0,0,0,0,0
TF,MZ50B,23.360106,-107.149303,0, ,0.0,0.0,0.0,0.0,2,17000,0,0,0,0,0,0
TF,FLORI,23.244722,-106.621944,0, ,0.0,0.0,0.0,0.0,2,7000,0,0,0,0,0,0
TF,D276P,23.227800,-106.551111,0, ,0.0,0.0,0.0,0.0,2,4000,0,0,0,0,1,0
TF,D264K,23.170022,-106.469650,0, ,0.0,0.0,0.0,0.0,2,3000,0,0,0,0,0,0
TF,CD08,23.168314,-106.433522,0, ,0.0,0.0,0.0,0.0,2,2500,0,0,0,0,0,0

APPTR,D08,08,GAMOS
IF,MELBO,23.963611,-106.870278, ,0.0,0.0,2,6000,0,0,0,0,0,0
TF,GAMOS,23.573611,-106.578056,0, ,0.0,0.0,0.0,0.0,2,6000,0,0,0,0,0,0
TF,D317M,23.338303,-106.405592,0, ,0.0,0.0,0.0,0.0,2,4000,0,0,0,0,1,0
CI,0, ,0.0,137.0,0,0,0,0,0,0,0,0
AF,D302K,23.280153,-106.422158,1,MZT,301.6,11.0,317.0,2,4000,0,0,0,0,0,0
AF,D278K,23.214189,-106.461292,1,MZT,278.0,11.0,302.0,2,2600,0,0,0,0,0,1
CF,CD08,23.168314,-106.433522,0,MZT,264.0,9.0,84.0,2.0,2,2500,0,0,0,0,0,0

APPTR,D08,08,ISLAS
IF,VIBSA,23.163889,-107.092778, ,0.0,0.0,2,10000,0,0,0,0,0,0
TF,ISLAS,23.162500,-106.633611,0, ,0.0,0.0,0.0,0.0,2,5000,0,0,0,0,0,0
TF,D262O,23.162078,-106.542247,0, ,0.0,0.0,0.0,0.0,2,4000,0,0,0,0,1,0
TF,D264K,23.170022,-106.469650,0, ,0.0,0.0,0.0,0.0,2,3000,0,0,0,0,0,0
TF,CD08,23.168314,-106.433522,0, ,0.0,0.0,0.0,0.0,2,2500,0,0,0,0,0,0

APPTR,D08,08,MZT
IF,MZT,23.160522,-106.270964, ,0.0,0.0,2,4000,0,0,0,0,1,0
FD,MZT,23.160522,-106.270964,0,MZT,0.0,9.0,245.0,9.0,2,2500,0,0,0,0,0,0
CF,CD08,23.168314,-106.433522,2,MZT,264.0,9.0,84.0,1.0,2,2500,0,0,0,0,0,0

APPTR,D08,08,PALIA
IF,TEKAS,25.334167,-108.674167, ,0.0,0.0,0,0,0,0,0,0,0,0
TF,MZT59,23.857522,-107.028172,0, ,0.0,0.0,0.0,0.0,2,20000,0,0,0,0,0,0
TF,PALIA,23.515278,-106.654722,0, ,0.0,0.0,0.0,0.0,2,10000,0,0,0,0,0,0
TF,D306M,23.313914,-106.437000,0, ,0.0,0.0,0.0,0.0,2,4000,0,0,0,0,1,0
CI,0, ,0.0,126.0,0,0,0,0,0,0,0,0
AF,D302K,23.280153,-106.422158,1,MZT,301.6,11.0,306.0,2,4000,0,0,0,0,0,0
AF,D278K,23.214189,-106.461292,1,MZT,278.0,11.0,302.0,2,2600,0,0,0,0,0,1
CF,CD08,23.168314,-106.433522,0,MZT,264.0,9.0,84.0,2.0,2,2500,0,0,0,0,0,0

APPTR,D08,08,POSTA
IF,KATLI,25.424167,-106.380278, ,0.0,0.0,0,0,0,0,0,0,0,0
TF,MZ70A,24.329914,-106.326933,0, ,0.0,0.0,0.0,0.0,2,20000,0,0,0,0,0,0
TF,MZ50A,23.995822,-106.310839,0, ,0.0,0.0,0.0,0.0,2,17000,0,0,0,0,0,0
TF,POSTA,23.660000,-106.294722,0, ,0.0,0.0,0.0,0.0,2,11000,0,0,0,0,0,0
TF,D349M,23.377708,-106.281283,0, ,0.0,0.0,0.0,0.0,2,5000,0,0,0,0,1,0
CI,0, ,0.0,169.0,0,0,0,0,0,0,0,0
AF,D302K,23.280153,-106.422158,1,MZT,301.6,11.0,349.0,2,4000,0,0,0,0,0,0
AF,D278K,23.214189,-106.461292,1,MZT,278.0,11.0,302.0,2,2600,0,0,0,0,0,1
CF,CD08,23.168314,-106.433522,0,MZT,264.0,9.0,84.0,2.0,2,2500,0,0,0,0,0,0

APPTR,D08,08,XOSGI
IF,XOSGI,24.153611,-106.401944, ,0.0,0.0,0,0,0,0,0,0,0,0
TF,MZ50C,23.990536,-106.380297,0, ,0.0,0.0,0.0,0.0,2,13000,0,0,0,0,0,0
TF,MZ30A,23.658550,-106.336397,0, ,0.0,0.0,0.0,0.0,2,7000,0,0,0,0,0,0
TF,D344M,23.376342,-106.299258,0, ,0.0,0.0,0.0,0.0,2,4000,0,0,0,0,1,0
CI,0, ,0.0,164.0,0,0,0,0,0,0,0,0
AF,D302K,23.280153,-106.422158,1,MZT,301.6,11.0,344.0,2,4000,0,0,0,0,0,0
AF,D278K,23.214189,-106.461292,1,MZT,278.0,11.0,302.0,2,2600,0,0,0,0,0,1
CF,CD08,23.168314,-106.433522,0,MZT,264.0,9.0,84.0,2.0,2,2500,0,0,0,0,0,0

FINAL,D08,08,D,3
IF,CD08,23.168314,-106.433522,MZT,264.0,9.0,2,2500,0,0,0,0,0,0
CF,FD08,23.165736,-106.379333,0,MZT,264.0,6.0,84.0,3.0,2,1800,0,0,0,0,2,0
CF,RW08,23.162119,-106.277750,0,MZT,275.4,0.4,84.0,5.6,1,69,0,0,0,0,3,0
CF,MZT,23.160522,-106.270964,0,MZT,0.0,0.0,84.0,0.4,0,0,0,0,0,0,0,0
FD,MZT,23.160522,-106.270964,0,MZT,0.0,7.0,84.0,7.0,0,0,0,0,0,0,0,0
DF,MZT,23.160522,-106.270964,2, ,0.0,0.0,2,4000,0,0,0,0,0,0
HM,MZT,23.160522,-106.270964,1, ,0.0,0.0,264.0,04.3,0,0,0,0,0,0,0,0,0

APPTR,D26,26,ALILI
IF,TNY,21.426517,-104.836981, ,0.0,0.0,0,0,0,0,0,0,0,0
TF,MZ133,22.500381,-105.716503,0, ,0.0,0.0,0.0,0.0,2,10000,0,0,0,0,0,0
TF,ALILI,22.632500,-105.829444,0, ,0.0,0.0,0.0,0.0,2,8000,0,0,0,0,0,0
TF,D133Y,22.830578,-105.992861,0, ,0.0,0.0,0.0,0.0,2,5000,0,0,0,0,0,0
TF,D133M,22.988897,-106.125986,0, ,0.0,0.0,0.0,0.0,2,4000,0,0,0,0,1,0
CI,0, ,0.0,313.0,0,0,0,0,0,0,0,0
AF,D095K,23.115900,-106.077992,1,MZT,95.0,11.0,133.0,2,3000,0,0,0,0,0,1
CF,CF26,23.152561,-106.108422,0,MZT,84.0,9.0,264.0,2.0,2,2500,0,0,0,0,0,0

APPTR,D26,26,CORSA
IF,DGO,24.138006,-104.516417, ,0.0,0.0,0,0,0,0,0,0,0,0
TF,UKIKI,23.651667,-105.396944,0, ,0.0,0.0,0.0,0.0,2,13000,0,0,0,0,0,0
TF,AXABO,23.612222,-105.467778,0, ,0.0,0.0,0.0,0.0,2,13000,0,0,0,0,0,0
TF,CORSA,23.509167,-105.652222,0, ,0.0,0.0,0.0,0.0,2,11000,0,0,0,0,0,0
TF,MZT30,23.425453,-105.809511,0, ,0.0,0.0,0.0,0.0,2,9000,0,0,0,0,0,0
TF,D049T,23.337214,-105.963397,0, ,0.0,0.0,0.0,0.0,2,7000,0,0,0,0,0,0
TF,D049M,23.275356,-106.070994,0, ,0.0,0.0,0.0,0.0,2,5000,0,0,0,0,1,0
CI,0, ,0.0,229.0,0,0,0,0,0,0,0,0
AF,D073K,23.186000,-106.073917,2,MZT,73.0,11.0,49.0,2,3000,0,0,0,0,0,1
CF,CF26,23.152561,-106.108422,0,MZT,84.0,9.0,264.0,2.0,2,2500,0,0,0,0,0,0

APPTR,D26,26,EMOSO
IF,KENDU,21.003889,-105.367500, ,0.0,0.0,0,0,0,0,0,0,0,0
TF,MZ150,22.382175,-105.941417,0, ,0.0,0.0,0.0,0.0,2,11000,0,0,0,0,0,0
TF,EMOSO,22.693611,-106.072778,0, ,0.0,0.0,0.0,0.0,2,5000,0,0,0,0,0,0
TF,D150M,22.958225,-106.184914,0, ,0.0,0.0,0.0,0.0,2,4000,0,0,0,0,1,0
CI,0, ,0.0,330.0,0,0,0,0,0,0,0,0
AF,D095K,23.115900,-106.077992,1,MZT,95.0,11.0,150.0,2,3000,0,0,0,0,0,1
CF,CF26,23.152561,-106.108422,0,MZT,84.0,9.0,264.0,2.0,2,2500,0,0,0,0,0,0

APPTR,D26,26,MZT
IF,MZT,23.160522,-106.270964, ,0.0,0.0,2,4000,0,0,0,0,1,0
FD,MZT,23.160522,-106.270964,0,MZT,0.0,9.0,103.0,9.0,2,3000,0,0,0,0,0,0
CF,CF26,23.152561,-106.108422,1,MZT,84.0,9.0,264.0,1.0,2,2500,0,0,0,0,0,0

APPTR,D26,26,SARIO
IF,MAVED,22.599444,-104.700000, ,0.0,0.0,0,0,0,0,0,0,0,0
TF,MZ70C,22.740808,-105.090936,0, ,0.0,0.0,0.0,0.0,2,20000,0,0,0,0,0,0
TF,MZ102,22.861831,-105.427258,0, ,0.0,0.0,0.0,0.0,2,17000,0,0,0,0,0,0
TF,SARIO,22.921389,-105.594722,0, ,0.0,0.0,0.0,0.0,2,14000,0,0,0,0,0,0
TF,D102Y,23.011739,-105.848644,0, ,0.0,0.0,0.0,0.0,2,9000,0,0,0,0,0,0
TF,D102P,23.065364,-106.000600,0, ,0.0,0.0,0.0,0.0,2,5000,0,0,0,0,1,0
TF,D084K,23.150769,-106.072303,0, ,0.0,0.0,0.0,0.0,2,3000,0,0,0,0,0,0
TF,CF26,23.152561,-106.108422,0, ,0.0,0.0,0.0,0.0,2,2500,0,0,0,0,0,0

APPTR,D26,26,TIAGO
IF,BRISA,21.856944,-104.786944, ,0.0,0.0,0,0,0,0,0,0,0,0
TF,MZ70B,22.357983,-105.351953,0, ,0.0,0.0,0.0,0.0,2,20000,0,0,0,0,0,0
TF,MZ124,22.588631,-105.611967,0, ,0.0,0.0,0.0,0.0,2,16000,0,0,0,0,0,0
TF,TIAGO,22.702778,-105.744722,0, ,0.0,0.0,0.0,0.0,2,13000,0,0,0,0,0,0
TF,D124Y,22.874800,-105.940572,0, ,0.0,0.0,0.0,0.0,2,8000,0,0,0,0,0,0
TF,D124M,23.011917,-106.098792,0, ,0.0,0.0,0.0,0.0,2,4000,0,0,0,0,1,0
CI,0, ,0.0,304.0,0,0,0,0,0,0,0,0
AF,D095K,23.115900,-106.077992,1,MZT,95.0,11.0,124.0,2,3000,0,0,0,0,0,1
CF,CF26,23.152561,-106.108422,0,MZT,84.0,9.0,264.0,2.0,2,2500,0,0,0,0,0,0

FINAL,D26,26,D,3
IF,CF26,23.152561,-106.108422,MZT,84.0,9.0,2,2500,0,0,0,0,0,0
CF,FF26,23.155233,-106.162600,0,MZT,84.0,6.0,264.0,3.0,2,1600,0,0,0,0,2,0
CF,RW26,23.160842,-106.251397,0,MZT,80.0,1.1,264.0,4.9,1,95,0,0,0,0,3,0
CF,MZT,23.160522,-106.270964,0,MZT,0.0,0.0,264.0,1.1,0,0,0,0,0,0,0,0
FD,MZT,23.160522,-106.270964,0,MZT,0.0,7.0,264.0,7.0,0,0,0,0,0,0,0,0
DF,MZT,23.160522,-106.270964,1, ,0.0,0.0,2,4000,0,0,0,0,0,0

APPTR,I26-1,26,MZT
IF,MZT,23.160522,-106.270964, ,0.0,0.0,2,4000,0,0,0,0,0,0
FD,MZT,23.160522,-106.270964,0,MZT,0.0,9.0,103.0,9.0,2,3000,0,0,0,0,0,0
CF,CI26,23.153003,-106.108375,1,IMZT,84.4,9.5,264.0,1.0,2,2500,0,0,0,0,0,0

FINAL,I26-1,26,I,3
IF,CI26,23.153003,-106.108375,IMZT,84.4,9.5,2,2500,0,0,0,0,0,0
CF,FI26,23.155986,-106.162533,0,IMZT,84.4,6.5,264.0,3.0,1,1600,0,0,0,0,2,0
CF,RW26,23.160842,-106.251397,0,IMZT,84.4,1.6,264.0,4.9,1,95,0,0,0,0,3,0
CA,0,264.0,2,440,0,0,0,0,0,0
FD,MZT,23.160522,-106.270964,0,MZT,0.0,7.0,264.0,7.0,0,0,0,0,0,0,0,0
DF,MZT,23.160522,-106.270964,1, ,0.0,0.0,2,4000,0,0,0,0,0,0

APPTR,I26-2,26,ALILI
IF,TNY,21.426517,-104.836981, ,0.0,0.0,0,0,0,0,0,0,0,0
TF,MZ133,22.500381,-105.716503,0, ,0.0,0.0,0.0,0.0,2,10000,0,0,0,0,0,0
TF,ALILI,22.632500,-105.829444,0, ,0.0,0.0,0.0,0.0,2,8000,0,0,0,0,0,0
TF,D133Y,22.830578,-105.992861,0, ,0.0,0.0,0.0,0.0,2,5000,0,0,0,0,0,0
TF,D133M,22.988897,-106.125986,0, ,0.0,0.0,0.0,0.0,2,4000,0,0,0,0,1,0
CI,0, ,0.0,313.0,0,0,0,0,0,0,0,0
AF,D095K,23.115900,-106.077992,1,MZT,95.0,11.0,133.0,2,3000,0,0,0,0,0,1
CF,CI26,23.153003,-106.108375,0,IMZT,84.4,9.5,264.0,2.0,2,2500,0,0,0,0,0,0

APPTR,I26-2,26,CORSA
IF,DGO,24.138006,-104.516417, ,0.0,0.0,0,0,0,0,0,0,0,0
TF,UKIKI,23.651667,-105.396944,0, ,0.0,0.0,0.0,0.0,2,13000,0,0,0,0,0,0
TF,AXABO,23.612222,-105.467778,0, ,0.0,0.0,0.0,0.0,2,13000,0,0,0,0,0,0
TF,CORSA,23.509167,-105.652222,0, ,0.0,0.0,0.0,0.0,2,11000,0,0,0,0,0,0
TF,MZT30,23.425453,-105.809511,0, ,0.0,0.0,0.0,0.0,2,9000,0,0,0,0,0,0
TF,D049T,23.337214,-105.963397,0, ,0.0,0.0,0.0,0.0,2,7000,0,0,0,0,0,0
TF,D049M,23.275356,-106.070994,0, ,0.0,0.0,0.0,0.0,2,5000,0,0,0,0,1,0
CI,0, ,0.0,229.0,0,0,0,0,0,0,0,0
AF,D073K,23.186000,-106.073917,2,MZT,73.0,11.0,49.0,2,3000,0,0,0,0,0,1
CF,CI26,23.153003,-106.108375,0,IMZT,84.4,9.5,264.0,2.0,2,2500,0,0,0,0,0,0

APPTR,I26-2,26,EMOSO
IF,KENDU,21.003889,-105.367500, ,0.0,0.0,0,0,0,0,0,0,0,0
TF,MZ150,22.382175,-105.941417,0, ,0.0,0.0,0.0,0.0,2,11000,0,0,0,0,0,0
TF,EMOSO,22.693611,-106.072778,0, ,0.0,0.0,0.0,0.0,2,5000,0,0,0,0,0,0
TF,D150M,22.958225,-106.184914,0, ,0.0,0.0,0.0,0.0,2,4000,0,0,0,0,1,0
CI,0, ,0.0,330.0,0,0,0,0,0,0,0,0
AF,D095K,23.115900,-106.077992,1,MZT,95.0,11.0,150.0,2,3000,0,0,0,0,0,1
CF,CI26,23.153003,-106.108375,0,IMZT,84.4,9.5,264.0,2.0,2,2500,0,0,0,0,0,0

APPTR,I26-2,26,SARIO
IF,MAVED,22.599444,-104.700000, ,0.0,0.0,0,0,0,0,0,0,0,0
TF,MZ70C,22.740808,-105.090936,0, ,0.0,0.0,0.0,0.0,2,20000,0,0,0,0,0,0
TF,MZ102,22.861831,-105.427258,0, ,0.0,0.0,0.0,0.0,2,17000,0,0,0,0,0,0
TF,SARIO,22.921389,-105.594722,0, ,0.0,0.0,0.0,0.0,2,14000,0,0,0,0,0,0
TF,D102Y,23.011739,-105.848644,0, ,0.0,0.0,0.0,0.0,2,9000,0,0,0,0,0,0
TF,D102P,23.065364,-106.000600,0, ,0.0,0.0,0.0,0.0,2,5000,0,0,0,0,1,0
TF,D084K,23.150769,-106.072303,0, ,0.0,0.0,0.0,0.0,2,3000,0,0,0,0,0,0
CF,CI26,23.153003,-106.108375,0,IMZT,84.4,9.5,264.0,2.0,2,2500,0,0,0,0,0,0

APPTR,I26-2,26,TIAGO
IF,BRISA,21.856944,-104.786944, ,0.0,0.0,0,0,0,0,0,0,0,0
TF,MZ70B,22.357983,-105.351953,0, ,0.0,0.0,0.0,0.0,2,20000,0,0,0,0,0,0
TF,MZ124,22.588631,-105.611967,0, ,0.0,0.0,0.0,0.0,2,16000,0,0,0,0,0,0
TF,TIAGO,22.702778,-105.744722,0, ,0.0,0.0,0.0,0.0,2,13000,0,0,0,0,0,0
TF,D124Y,22.874800,-105.940572,0, ,0.0,0.0,0.0,0.0,2,8000,0,0,0,0,0,0
TF,D124M,23.011917,-106.098792,0, ,0.0,0.0,0.0,0.0,2,4000,0,0,0,0,1,0
CI,0, ,0.0,304.0,0,0,0,0,0,0,0,0
AF,D095K,23.115900,-106.077992,1,MZT,95.0,11.0,124.0,2,3000,0,0,0,0,0,1
CF,CI26,23.153003,-106.108375,0,IMZT,84.4,9.5,264.0,2.0,2,2500,0,0,0,0,0,0

FINAL,I26-2,26,I,3
IF,CI26,23.153003,-106.108375,IMZT,84.4,9.5,2,2500,0,0,0,0,0,0
CF,FI26,23.155986,-106.162533,0,IMZT,84.4,6.5,264.0,3.0,1,1600,0,0,0,0,2,0
CF,RW26,23.160842,-106.251397,0,IMZT,84.4,1.6,264.0,4.9,1,95,0,0,0,0,3,0
CA,0,264.0,2,440,0,0,0,0,0,0
FD,MZT,23.160522,-106.270964,0,MZT,0.0,7.0,264.0,7.0,0,0,0,0,0,0,0,0
DF,MZT,23.160522,-106.270964,1, ,0.0,0.0,2,4000,0,0,0,0,0,0

APPTR,S08,08,MZT
IF,MZT,23.160522,-106.270964, ,0.0,0.0,2,4000,0,0,0,0,0,0
PI,MZT,23.160522,-106.270964,2,MZT,219.0,10.0,264,5.0,2,2000,0,0,0,0,0,0
CF,FF08,23.166114,-106.387272,0,MZT,264.0,6.4,84.0,4.0,2,2000,0,0,0,0,0,0

FINAL,S08,08,D,2
IF,FF08,23.166114,-106.387272,MZT,264.0,6.4,2,2000,0,0,0,0,2,0
CF,RW08,23.162119,-106.277750,0,MZT,275.4,0.4,84.0,6.1,1,69,0,0,0,0,3,0
CF,MZT,23.160522,-106.270964,0,MZT,0.0,0.0,84.0,0.4,2,440,0,0,0,0,0,0
FC,MZT,23.160522,-106.270964,0,MZT,0.0,0.0,84.0,7.0,0,0,0,0,0,0,0,1
DF,MZT,23.160522,-106.270964,2, ,0.0,0.0,2,4000,0,0,0,0,0,0

APPTR,V08-A,08,MZT
IF,MZT,23.160522,-106.270964, ,0.0,0.0,2,4000,0,0,0,0,0,0
PI,MZT,23.160522,-106.270964,2,MZT,175.0,10.0,220,5.0,2,2000,0,0,0,0,0,0
CF,FF040,23.096278,-106.350825,0,MZT,220.0,5.9,40.0,4.1,2,2000,0,0,0,0,0,0

FINAL,V08-A,08,D,2
IF,FF040,23.096278,-106.350825,MZT,220.0,5.9,2,2000,0,0,0,0,2,0
CF,MZT,23.160522,-106.270964,0,MZT,0.0,0.0,40.0,5.9,1,640,0,0,0,0,3,1
DF,D220D,23.122114,-106.318722,2, ,0.0,0.0,0,0,0,0,0,0,0,0
FC,D220D,23.122114,-106.318722,1,MZT,0.0,0.0,175.0,3.5,0,0,0,0,0,0,0,1
CF,MZT,23.160522,-106.270964,2,MZT,0.0,0.0,40.0,6.0,2,4000,0,0,0,0,0,0

APPTR,V26-A,26,MZT
IF,MZT,23.160522,-106.270964, ,0.0,0.0,2,4000,0,0,0,0,0,0
PI,MZT,23.160522,-106.270964,2,MZT,175.0,10.0,220,5.0,2,2000,0,0,0,0,0,0
CF,FF040,23.096278,-106.350825,0,MZT,220.0,5.9,40.0,4.1,2,2000,0,0,0,0,0,0

FINAL,V26-A,26,D,2
IF,FF040,23.096278,-106.350825,MZT,220.0,5.9,2,2000,0,0,0,0,2,0
CF,MZT,23.160522,-106.270964,0,MZT,0.0,0.0,40.0,5.9,1,640,0,0,0,0,3,1
DF,D220D,23.122114,-106.318722,2, ,0.0,0.0,0,0,0,0,0,0,0,0
FC,D220D,23.122114,-106.318722,1,MZT,0.0,0.0,175.0,3.5,0,0,0,0,0,0,0,1
CF,MZT,23.160522,-106.270964,2,MZT,0.0,0.0,40.0,6.0,2,4000,0,0,0,0,0,0

