SID,PQE1A,10,2
FD,PQE,17.537136,-92.031561,0,PQE,0.0,7.0,102.0,7.0,0,0,0,0,0,0,0,0
DF,PQE,17.537136,-92.031561,1, ,0.0,0.0,0,0,0,0,0,0,0,0

SID,PQE1B,28,2
FD,PQE,17.537136,-92.031561,0,PQE,0.0,7.0,282.0,7.0,0,0,0,0,0,0,0,0
DF,PQE,17.537136,-92.031561,2, ,0.0,0.0,0,0,0,0,0,0,0,0

APPTR,D10,10,PQE
IF,PQE,17.537136,-92.031561, ,0.0,0.0,2,5000,0,0,0,0,1,0
FD,PQE,17.537136,-92.031561,0,PQE,0.0,8.0,304.0,8.0,2,2800,0,0,0,0,0,0
CF,CF10,17.573992,-92.165722,1,PQE,282.0,8.0,102.0,1.0,2,2800,0,0,0,0,0,0

FINAL,D10,10,D,3
IF,CF10,17.573992,-92.165722,PQE,282.0,8.0,2,2800,0,0,0,0,0,0
CF,FF10,17.560181,-92.115406,0,PQE,282.0,5.0,102.0,3.0,2,1900,0,0,0,0,2,0
CF,PQE,17.537136,-92.031561,0,PQE,0.0,0.0,102.0,5.0,1,269,0,0,0,0,3,0
FD,PQE,17.537136,-92.031561,0,PQE,0.0,7.0,102.0,7.0,0,0,0,0,0,0,0,0
DF,PQE,17.537136,-92.031561,1, ,0.0,0.0,2,5000,0,0,0,0,0,0

APPTR,D28,28,PQE
IF,PQE,17.537136,-92.031561, ,0.0,0.0,2,5000,0,0,0,0,1,0
FD,PQE,17.537136,-92.031561,0,PQE,0.0,9.0,81.0,9.0,2,2500,0,0,0,0,0,0
CF,CF28,17.495567,-91.880692,2,PQE,102.0,9.0,282.0,1.0,2,2500,0,0,0,0,0,0

FINAL,D28,28,D,3
IF,CF28,17.495567,-91.880692,PQE,102.0,9.0,2,2500,0,0,0,0,0,0
CF,FF28,17.509436,-91.930975,0,PQE,102.0,6.0,282.0,3.0,2,1600,0,0,0,0,2,0
CF,RW28,17.530106,-92.004172,0,PQE,101.0,1.6,282.0,4.4,1,215,0,0,0,0,3,0
TF,PQE,17.537136,-92.031561,0, ,0.0,0.0,0.0,0.0,0,0,0,0,0,0,0,1
FD,PQE,17.537136,-92.031561,0,PQE,0.0,7.0,282.0,7.0,0,0,0,0,0,0,0,0
DF,PQE,17.537136,-92.031561,2, ,0.0,0.0,2,5000,0,0,0,0,0,0

