APPTR,D04,04,ASIKA
IF,ASIKA,8.414722,-82.238056, ,0.0,0.0,2,6300,0,0,0,0,1,0
AF,D103L,8.347403,-82.239611,2,DAV,103.0,12.0,83.0,2,3000,0,0,0,0,0,0
AF,D158L,8.202214,-82.355636,2,DAV,158.0,12.0,103.0,2,2500,0,0,0,0,0,0
AF,D223L,8.234117,-82.570003,2,DAV,223.0,12.0,158.0,0,0,0,0,0,0,0,0
TF,CF04,8.259397,-82.547953,0, ,0.0,0.0,0.0,0.0,2,2000,0,0,0,0,1,0

APPTR,D04,04,D103L
IF,D103L,8.347403,-82.239611, ,0.0,0.0,2,3000,0,0,0,0,1,0
AF,D158L,8.202214,-82.355636,2,DAV,158.0,12.0,103.0,2,2500,0,0,0,0,0,0
AF,D223L,8.234117,-82.570003,2,DAV,223.0,12.0,158.0,0,0,0,0,0,0,0,0
TF,CF04,8.259397,-82.547953,0, ,0.0,0.0,0.0,0.0,2,2000,0,0,0,0,1,0

APPTR,D04,04,D295L
IF,D295L,8.464267,-82.623453, ,0.0,0.0,2,5500,0,0,0,0,1,0
AF,D223L,8.234117,-82.570003,1,DAV,223.0,12.0,295.0,0,0,0,0,0,0,0,0
TF,CF04,8.259397,-82.547953,0, ,0.0,0.0,0.0,0.0,2,2000,0,0,0,0,1,0

APPTR,D04,04,DAV
IF,DAV,8.385797,-82.437672, ,0.0,0.0,2,3000,0,0,0,0,1,0
FC,DAV,8.385797,-82.437672,0,DAV,0.0,0.0,197.0,10.0,0,0,0,0,0,0,0,1
CF,CF04,8.259397,-82.547953,2,DAV,223.0,10.0,43.0,1.0,2,2000,0,0,0,0,1,0

FINAL,D04,04,D,3
IF,CF04,8.259397,-82.547953,DAV,223.0,10.0,2,2000,0,0,0,0,0,0
CF,MALEK,8.322603,-82.492822,0,DAV,223.0,5.0,43.0,5.0,2,1500,0,0,0,0,2,0
CF,MA04,8.375686,-82.446497,0,DAV,223.0,0.8,43.0,4.2,1,165,0,0,0,0,3,0
CF,DAV,8.385797,-82.437672,0,DAV,0.0,0.0,43.0,0.8,2,490,0,0,0,0,0,0
FA,DAV,8.385797,-82.437672,2,DAV,0.0,0.0,116.0,2,3000,0,0,0,0,0,0
CF,DAV,8.385797,-82.437672,2,DAV,0.0,0.0,316.0,6.0,0,0,0,0,0,0,0,0
HM,DAV,8.385797,-82.437672,1, ,0.0,0.0,223.0,04.3,2,3000,0,0,0,0,0,0,0

APPTR,R04,04,ENLIX
IF,ENLIX,8.309806,-82.626667, ,0.0,0.0,2,3000,0,0,0,0,1,0
TF,DA402,8.247944,-82.547194,0, ,0.0,0.0,0.0,0.0,2,1900,0,0,0,0,1,0

APPTR,R04,04,ESLEK
IF,ESLEK,8.186083,-82.467722, ,0.0,0.0,2,3000,0,0,0,0,1,0
TF,DA402,8.247944,-82.547194,0, ,0.0,0.0,0.0,0.0,2,1900,0,0,0,0,1,0

FINAL,R04,04,R,3
IF,DA402,8.247944,-82.547194, ,0.0,0.0,2,1900,0,0,0,0,0,0
TF,DILUT,8.313944,-82.495444,0, ,0.0,0.0,40.0,5.0,2,1700,0,0,0,0,2,0
TF,RW04,8.379917,-82.443694,0, ,0.0,0.0,40.0,5.0,1,69,0,0,0,0,3,1
DF,ESLEK,8.186083,-82.467722,2, ,0.0,0.0,2,3000,0,0,0,0,0,0
HM,ESLEK,8.186083,-82.467722,2, ,0.0,0.0,20.0,04.3,2,3000,0,1,230,0,0,0,0

APPTR,S04,04,DAV
IF,DAV,8.385797,-82.437672, ,0.0,0.0,2,3000,0,0,0,0,1,0
FC,DAV,8.385797,-82.437672,0,DAV,0.0,0.0,197.0,7.0,0,0,0,0,0,0,0,1
CF,FS04,8.302833,-82.510069,2,DAV,223.0,6.6,43.0,1.5,2,2000,0,0,0,0,0,0

FINAL,S04,04,D,2
IF,FS04,8.302833,-82.510069,DAV,223.0,6.6,2,2000,0,0,0,0,2,0
CF,RW04,8.379917,-82.443694,0,DAV,227.6,0.5,43.0,6.1,1,69,0,0,0,0,3,0
CF,DAV,8.385797,-82.437672,0,DAV,0.0,0.0,43.0,0.5,2,490,0,0,0,0,0,1
FA,DAV,8.385797,-82.437672,2,DAV,0.0,0.0,116.0,2,3000,0,0,0,0,0,0
CF,DAV,8.385797,-82.437672,2,DAV,0.0,0.0,316.0,6.0,0,0,0,0,0,0,0,0
HM,DAV,8.385797,-82.437672,1, ,0.0,0.0,223.0,04.3,2,3000,0,0,0,0,0,0,0

