SID,MADEN,36,2
CA,0,6.0,2,430,0,0,0,0,0,0
CF,D012F,9.449594,-79.856350,0,FNC,12.0,5.6,12.0,5.0,2,980,0,0,0,0,0,1
CI,0, ,0.0,12.0,0,0,0,0,0,0,0,0
AF,D128G,9.292664,-79.770678,2,FNC,127.1,7.0,12.0,0,0,0,0,0,0,0,0
TF,MADEN,9.182778,-79.601389,0, ,0.0,0.0,0.0,0.0,2,3500,0,0,0,0,0,0
TF,TUM,9.051561,-79.400058,0, ,0.0,0.0,0.0,0.0,0,0,0,0,0,0,0,0

SID,MULPO1,36,2
CA,0,6.0,2,430,0,0,0,0,0,0
CF,D012F,9.449594,-79.856350,0,FNC,12.0,5.6,12.0,5.0,2,980,0,0,0,0,0,1
CI,0, ,0.0,12.0,0,0,0,0,0,0,0,0
AF,D192G,9.240575,-79.885253,2,FNC,191.7,7.0,12.0,0,0,0,0,0,0,0,0
TF,MULPO,9.090833,-79.905556,0, ,0.0,0.0,0.0,0.0,2,3000,0,0,0,0,0,0
TF,NEMER,8.908611,-79.930278,0, ,0.0,0.0,0.0,0.0,0,0,0,0,0,0,0,0

APPTR,D18,18,FNC1
IF,FNC,9.356739,-79.869494, ,0.0,0.0,2,3000,0,0,0,0,1,0
FC,FNC,9.356739,-79.869494,0,FNC,0.0,0.0,350.0,7.0,0,0,0,0,0,0,0,1
VI,2, ,0.0,160.0,2,2100,0,0,0,0,0,0
CF,FF18,9.440000,-79.860667,0,FNC,10.0,5.0,190.0,2.0,2,1400,0,0,0,0,0,0

APPTR,D18,18,FNC2
IF,FNC,9.356739,-79.869494, ,0.0,0.0,2,3000,0,0,0,0,1,0
FC,FNC,9.356739,-79.869494,0,FNC,0.0,0.0,1.0,7.0,0,0,0,0,0,0,0,1
VI,2, ,0.0,160.0,2,2100,0,0,0,0,0,0
CF,FF18,9.440000,-79.860667,0,FNC,10.0,5.0,190.0,2.0,2,1400,0,0,0,0,0,0

FINAL,D18,18,D,2
IF,FF18,9.440000,-79.860667,FNC,10.0,5.0,2,1400,0,0,0,0,2,0
CF,MA18,9.381717,-79.866844,0,FNC,10.0,1.5,190.0,3.5,1,251,0,0,0,0,3,0
CA,0,190.0,2,2000,0,0,0,0,0,0
CF,FNC,9.356739,-79.869494,1,FNC,0.0,0.0,350.0,2.5,2,3000,0,0,0,0,0,0
HM,FNC,9.356739,-79.869494,2, ,0.0,0.0,350.0,04.3,2,3000,0,1,210,0,0,0,0

APPTR,D36,36,D160L
IF,D160L,9.173164,-79.787247, ,0.0,0.0,2,3000,0,0,0,0,1,0
AF,D181L,9.156075,-79.858908,2,FNC,181.0,12.0,160.0,2,3000,0,0,0,0,0,0
TF,D181J,9.189519,-79.860672,0, ,0.0,0.0,0.0,0.0,2,2100,0,0,0,0,0,0
TF,FF36,9.273139,-79.865083,0, ,0.0,0.0,0.0,0.0,2,1500,0,0,0,0,0,0

APPTR,D36,36,FNC1
IF,FNC,9.356739,-79.869494, ,0.0,0.0,2,3000,0,0,0,0,1,0
FC,FNC,9.356739,-79.869494,0,FNC,0.0,0.0,160.0,7.0,0,0,0,0,0,0,0,1
VI,2, ,0.0,331.0,2,2100,0,0,0,0,0,0
CF,FF36,9.273139,-79.865083,0,FNC,181.0,5.0,1.0,2.0,2,1500,0,0,0,0,0,0

APPTR,D36,36,FNC2
IF,FNC,9.356739,-79.869494, ,0.0,0.0,2,3000,0,0,0,0,1,0
FC,FNC,9.356739,-79.869494,0,FNC,0.0,0.0,172.0,7.0,0,0,0,0,0,0,0,1
VI,2, ,0.0,331.0,2,2100,0,0,0,0,0,0
CF,FF36,9.273139,-79.865083,0,FNC,181.0,5.0,1.0,2.0,2,1500,0,0,0,0,0,0

FINAL,D36,36,D,2
IF,FF36,9.273139,-79.865083,FNC,181.0,5.0,2,1500,0,0,0,0,2,0
CF,MA36,9.333328,-79.868258,0,FNC,181.0,1.4,1.0,3.6,1,365,0,0,0,0,3,0
CA,0,1.0,2,2000,0,0,0,0,0,0
CF,FNC,9.356739,-79.869494,1,FNC,0.0,0.0,160.0,2.5,2,3000,0,0,0,0,0,0
HM,FNC,9.356739,-79.869494,1, ,0.0,0.0,160.0,04.3,2,3000,0,1,210,0,0,0,0

APPTR,R36,36,EGDON
IF,EGDON,9.158722,-79.953472, ,0.0,0.0,2,3000,0,0,0,0,1,0
TF,KIMEX,9.184611,-79.873361,0, ,0.0,0.0,0.0,0.0,2,2000,0,0,0,0,1,0

APPTR,R36,36,ENRIG
IF,ENRIG,9.153583,-79.795111, ,0.0,0.0,2,3000,0,0,0,0,1,0
TF,KIMEX,9.184611,-79.873361,0, ,0.0,0.0,0.0,0.0,2,2000,0,0,0,0,1,0

FINAL,R36,36,R,3
IF,KIMEX,9.184611,-79.873361, ,0.0,0.0,2,2000,0,0,0,0,0,0
TF,EJ631,9.264667,-79.870639,0, ,0.0,0.0,6.0,4.8,2,1700,0,0,0,0,2,0
TF,RW36,9.348389,-79.867778,0, ,0.0,0.0,6.0,5.0,1,78,0,0,0,0,3,1
CA,0,6.0,2,1500,0,0,0,0,0,0
DF,EGDON,9.158722,-79.953472,1, ,0.0,0.0,2,3000,0,0,0,0,0,1
HM,EGDON,9.158722,-79.953472,2, ,0.0,0.0,76.0,04.3,0,0,0,1,230,0,0,0,0

APPTR,S18,18,FNC1
IF,FNC,9.356739,-79.869494, ,0.0,0.0,2,3000,0,0,0,0,1,0
FC,FNC,9.356739,-79.869494,0,FNC,0.0,0.0,350.0,7.0,0,0,0,0,0,0,0,1
CF,FS18,9.473308,-79.857153,2,FNC,10.0,7.0,190.0,1.0,2,2100,0,0,0,0,0,0

APPTR,S18,18,FNC2
IF,FNC,9.356739,-79.869494, ,0.0,0.0,2,3000,0,0,0,0,1,0
FC,FNC,9.356739,-79.869494,0,FNC,0.0,0.0,1.0,7.0,0,0,0,0,0,0,0,1
CF,FS18,9.473308,-79.857153,2,FNC,10.0,7.0,190.0,1.0,2,2100,0,0,0,0,0,0

FINAL,S18,18,D,2
IF,FS18,9.473308,-79.857153,FNC,10.0,7.0,2,2100,0,0,0,0,2,0
CF,RW18,9.372778,-79.866944,0,FNC,13.0,0.0,190.0,6.0,1,76,0,0,0,0,3,0
CF,FNC,9.356739,-79.869494,0,FNC,0.0,0.0,190.0,1.0,0,0,0,0,0,0,0,1
CA,0,190.0,2,2000,0,0,0,0,0,0
CF,FNC,9.356739,-79.869494,1,FNC,0.0,0.0,350.0,4.0,2,3000,0,0,0,0,0,0
HM,FNC,9.356739,-79.869494,2, ,0.0,0.0,350.0,04.3,2,3000,0,1,210,0,0,0,0

APPTR,S36,36,FNC1
IF,FNC,9.356739,-79.869494, ,0.0,0.0,2,3000,0,0,0,0,1,0
FC,FNC,9.356739,-79.869494,0,FNC,0.0,0.0,161.0,7.0,0,0,0,0,0,0,0,1
CF,FS36,9.242150,-79.863447,2,FNC,181.0,6.9,1.0,1.0,2,2100,0,0,0,0,0,0

APPTR,S36,36,FNC2
IF,FNC,9.356739,-79.869494, ,0.0,0.0,2,3000,0,0,0,0,1,0
FC,FNC,9.356739,-79.869494,0,FNC,0.0,0.0,172.0,7.0,0,0,0,0,0,0,0,1
CF,FS36,9.242150,-79.863447,2,FNC,181.0,6.9,1.0,1.0,2,2100,0,0,0,0,0,0

FINAL,S36,36,D,2
IF,FS36,9.242150,-79.863447,FNC,181.0,6.9,2,2100,0,0,0,0,2,0
CF,RW36,9.348389,-79.867778,0,FNC,172.5,0.5,1.0,6.4,1,78,0,0,0,0,3,0
CF,FNC,9.356739,-79.869494,0,FNC,0.0,0.0,1.0,0.5,0,0,0,0,0,0,0,1
CA,0,1.0,2,2000,0,0,0,0,0,0
CF,FNC,9.356739,-79.869494,1,FNC,0.0,0.0,160.0,4.0,2,3000,0,0,0,0,0,0
HM,FNC,9.356739,-79.869494,1, ,0.0,0.0,160.0,04.3,2,3000,0,1,210,0,0,0,0

