SID,BIMBI2,08,5
CA,0,78.0,2,2000,0,0,0,0,0,0
DF,BIMBI,22.706914,-78.275025,0, ,0.0,0.0,0,0,0,0,0,0,0,0

SID,BIMBI2,URSUS,6
IF,BIMBI,22.706914,-78.275025, ,0.0,0.0,0,0,0,0,0,0,0,0
TF,URSUS,24.000053,-79.069800,0, ,0.0,0.0,0.0,0.0,0,0,0,0,0,0,0,0

SID,BONIB2,26,5
CA,0,258.0,2,2000,0,0,0,0,0,0
DF,BONIB,22.689636,-78.428819,2, ,0.0,0.0,0,0,0,0,0,0,0,0

SID,BONIB2,DYNAH,6
IF,BONIB,22.689636,-78.428819, ,0.0,0.0,0,0,0,0,0,0,0,0
TF,DYNAH,23.949497,-77.946833,0, ,0.0,0.0,0.0,0.0,0,0,0,0,0,0,0,1

SID,BONIB2,ENAMO,6
IF,BONIB,22.689636,-78.428819, ,0.0,0.0,0,0,0,0,0,0,0,0
TF,ENAMO,23.562186,-77.359611,0, ,0.0,0.0,0.0,0.0,0,0,0,0,0,0,0,0

SID,PIDNA2,08,5
CA,0,78.0,2,2000,0,0,0,0,0,0
DF,PIDNA,22.651089,-78.125061,0, ,0.0,0.0,0,0,0,0,0,0,0,0

SID,PIDNA2,DYNAH,6
IF,PIDNA,22.651089,-78.125061, ,0.0,0.0,0,0,0,0,0,0,0,0
TF,DYNAH,23.949497,-77.946833,0, ,0.0,0.0,0.0,0.0,0,0,0,0,0,0,0,1

SID,PIDNA2,ENAMO,6
IF,PIDNA,22.651089,-78.125061, ,0.0,0.0,0,0,0,0,0,0,0,0
TF,ENAMO,23.562186,-77.359611,0, ,0.0,0.0,0.0,0.0,0,0,0,0,0,0,0,0

SID,RESIT3,26,5
CA,0,258.0,2,2000,0,0,0,0,0,0
DF,RESIT,22.699069,-78.539353,0, ,0.0,0.0,0,0,0,0,0,0,0,0

SID,RESIT3,URSUS,6
IF,RESIT,22.699069,-78.539353, ,0.0,0.0,0,0,0,0,0,0,0,0
TF,URSUS,24.000053,-79.069800,0, ,0.0,0.0,0.0,0.0,0,0,0,0,0,0,0,0

STAR,RESIT2,DYNAH,4
IF,DYNAH,23.949497,-77.946833, ,0.0,0.0,0,0,0,0,0,0,0,0
TF,RESIT,22.699069,-78.539353,0, ,0.0,0.0,0.0,0.0,0,0,0,0,0,0,0,0

STAR,RESIT2,ENAMO,4
IF,ENAMO,23.562186,-77.359611, ,0.0,0.0,0,0,0,0,0,0,0,0
TF,RESIT,22.699069,-78.539353,0, ,0.0,0.0,0.0,0.0,0,0,0,0,0,0,0,0

STAR,RESIT2,URSUS,4
IF,URSUS,24.000053,-79.069800, ,0.0,0.0,0,0,0,0,0,0,0,0
TF,RESIT,22.699069,-78.539353,0, ,0.0,0.0,0.0,0.0,0,0,0,0,0,0,0,0

STAR,RESIT2,08,5
IF,RESIT,22.699069,-78.539353, ,0.0,0.0,0,0,0,0,0,0,0,0
TF,CC400,22.499397,-78.540119,0, ,0.0,0.0,0.0,0.0,2,2500,0,0,0,0,0,0

STAR,SIKNI2,DYNAH,4
IF,DYNAH,23.949497,-77.946833, ,0.0,0.0,0,0,0,0,0,0,0,0
TF,SIKNI,22.762719,-78.208881,0, ,0.0,0.0,0.0,0.0,0,0,0,0,0,0,0,0

STAR,SIKNI2,ENAMO,4
IF,ENAMO,23.562186,-77.359611, ,0.0,0.0,0,0,0,0,0,0,0,0
TF,SIKNI,22.762719,-78.208881,0, ,0.0,0.0,0.0,0.0,0,0,0,0,0,0,0,0

STAR,SIKNI2,URSUS,4
IF,URSUS,24.000053,-79.069800, ,0.0,0.0,0,0,0,0,0,0,0,0
TF,SIKNI,22.762719,-78.208881,0, ,0.0,0.0,0.0,0.0,0,0,0,0,0,0,0,0

STAR,SIKNI2,26,5
IF,SIKNI,22.762719,-78.208881, ,0.0,0.0,0,0,0,0,0,0,0,0
TF,CC402,22.609436,-78.195956,0, ,0.0,0.0,0.0,0.0,2,2500,0,0,0,0,0,0

APPTR,D08,08,CC400
IF,CC400,22.499397,-78.540119, ,0.0,0.0,2,2500,0,0,0,0,1,0
TF,VOKAT,22.404508,-78.505003,0, ,0.0,0.0,0.0,0.0,2,1500,0,0,0,0,0,0
TF,CC408,22.431722,-78.419958,0, ,0.0,0.0,0.0,0.0,1,1500,0,0,0,0,0,0

APPTR,D08,08,CC401
IF,CC401,22.309608,-78.469936, ,0.0,0.0,2,2500,0,0,0,0,1,0
TF,VOKAT,22.404508,-78.505003,0, ,0.0,0.0,0.0,0.0,2,1500,0,0,0,0,0,0
TF,CC408,22.431722,-78.419958,0, ,0.0,0.0,0.0,0.0,1,1500,0,0,0,0,0,0

APPTR,D08,08,UCJ1
IF,UCJ,22.467411,-78.311967, ,0.0,0.0,2,3000,0,1,250,0,1,0
FD,UCJ,22.467411,-78.311967,0,UCJ,0.0,8.0,288.0,8.0,2,1500,0,0,0,0,0,0
CF,CC408,22.431722,-78.419958,1,UCJ,257.5,6.4,78.0,2.0,1,1500,0,0,0,0,0,0

APPTR,D08,08,UCJ2
IF,UCJ,22.467411,-78.311967, ,0.0,0.0,2,3000,0,1,140,0,1,0
FD,UCJ,22.467411,-78.311967,0,UCJ,0.0,8.0,268.0,8.0,2,1500,0,0,0,0,0,0
CF,CC408,22.431722,-78.419958,1,UCJ,257.5,6.4,78.0,2.0,1,1500,0,0,0,0,0,0

APPTR,D08,08,VOKAT
HF,VOKAT,22.404508,-78.505003,2, ,0.0,0.0,78.0,04.3,2,3000,0,0,0,0,1,0,0
TF,CC408,22.431722,-78.419958,0, ,0.0,0.0,0.0,0.0,1,1500,0,0,0,0,0,0

FINAL,D08,08,D,2
IF,CC408,22.431722,-78.419958,UCJ,257.5,6.4,1,1500,0,0,0,0,2,0
CF,MA08,22.451369,-78.358547,0,UCJ,256.7,2.8,78.0,3.6,1,365,0,0,0,0,3,0
VA,0,78.0,2,1000,0,0,0,0,0,0
VI,2, ,0.0,172.0,0,0,0,0,0,0,0,0
CF,KASEN,22.252603,-78.081689,0,UCJ,142.0,18.1,142.0,15.0,2,4000,0,0,0,0,0,0
HM,KASEN,22.252603,-78.081689,2, ,0.0,0.0,322.0,04.3,2,4000,0,0,0,0,0,0,0

APPTR,D26,26,CC402
IF,CC402,22.609436,-78.195956, ,0.0,0.0,2,2500,0,0,0,0,1,0
TF,DATNO,22.514556,-78.160792,0, ,0.0,0.0,0.0,0.0,2,1500,0,0,0,0,0,0
TF,CC426,22.490089,-78.237389,0, ,0.0,0.0,0.0,0.0,2,1500,0,0,0,0,0,0

APPTR,D26,26,CC403
IF,CC403,22.419664,-78.125681, ,0.0,0.0,2,2500,0,0,0,0,1,0
TF,DATNO,22.514556,-78.160792,0, ,0.0,0.0,0.0,0.0,2,1500,0,0,0,0,0,0
TF,CC426,22.490089,-78.237389,0, ,0.0,0.0,0.0,0.0,2,1500,0,0,0,0,0,0

APPTR,D26,26,UCJ1
IF,UCJ,22.467411,-78.311967, ,0.0,0.0,2,3000,0,1,250,0,1,0
FD,UCJ,22.467411,-78.311967,0,UCJ,0.0,6.0,121.0,6.0,2,1500,0,0,0,0,0,0
CF,CC426,22.490089,-78.237389,1,UCJ,78.9,4.4,258.0,2.0,2,1500,0,0,0,0,0,0

APPTR,D26,26,UCJ2
IF,UCJ,22.467411,-78.311967, ,0.0,0.0,2,3000,0,1,140,0,1,0
FD,UCJ,22.467411,-78.311967,0,UCJ,0.0,6.0,93.0,6.0,2,1500,0,0,0,0,0,0
CF,CC426,22.490089,-78.237389,1,UCJ,78.9,4.4,258.0,2.0,2,1500,0,0,0,0,0,0

FINAL,D26,26,D,2
IF,CC426,22.490089,-78.237389,UCJ,78.9,4.4,2,1500,0,0,0,0,2,0
CF,MA26,22.470792,-78.297806,0,UCJ,82.6,0.8,258.0,3.6,1,382,0,0,0,0,3,0
VA,0,258.0,2,1000,0,0,0,0,0,0
VI,0, ,0.0,189.0,0,0,0,0,0,0,0,0
CF,LEXOT,22.215603,-78.480019,0,UCJ,218.9,17.7,219.0,13.0,2,4000,0,0,0,0,0,0
HM,LEXOT,22.215603,-78.480019,2, ,0.0,0.0,39.0,04.3,2,4000,0,0,0,0,0,0,0

APPTR,I08,08,CC400
IF,CC400,22.499397,-78.540119, ,0.0,0.0,2,2500,0,0,0,0,1,0
CF,VOKAT,22.404508,-78.505003,0,ICJ,258.1,11.5,168.0,6.0,2,1500,0,0,0,0,1,0

APPTR,I08,08,CC401
IF,CC401,22.309608,-78.469936, ,0.0,0.0,2,2500,0,0,0,0,1,0
CF,VOKAT,22.404508,-78.505003,0,ICJ,258.1,11.5,348.0,6.0,2,1500,0,0,0,0,1,0

APPTR,I08,08,UCJ2
IF,UCJ,22.467411,-78.311967, ,0.0,0.0,2,3000,0,1,140,0,1,0
FD,UCJ,22.467411,-78.311967,0,UCJ,0.0,8.0,268.0,8.0,2,1500,0,0,0,0,0,0
VI,1,ICJ,0.0,108.0,2,1500,0,0,0,0,0,0

APPTR,I08,08,UJC1
IF,UCJ,22.467411,-78.311967, ,0.0,0.0,2,3000,0,1,250,0,1,0
FD,UCJ,22.467411,-78.311967,0,UCJ,0.0,8.0,288.0,8.0,2,1500,0,0,0,0,0,0
VI,1,ICJ,0.0,108.0,2,1500,0,0,0,0,0,0

APPTR,I08,08,VOKAT
HF,VOKAT,22.404508,-78.505003,2, ,0.0,0.0,78.0,04.3,2,3000,0,0,0,0,1,0,0

FINAL,I08,08,I,3
IF,VOKAT,22.404508,-78.505003,ICJ,258.1,11.5,2,1500,0,0,0,0,0,0
CF,CC408,22.431722,-78.419958,0,ICJ,258.0,6.5,78.0,5.0,1,1500,0,0,0,0,2,0
CF,RW08,22.456539,-78.342383,0,ICJ,258.0,1.9,78.0,4.6,1,62,0,0,0,0,3,0
VA,0,78.0,2,1000,0,0,0,0,0,0
CF,KASEN,22.252603,-78.081689,0,UCJ,142.0,18.1,142.0,18.0,2,4000,0,0,0,0,0,0
HM,KASEN,22.252603,-78.081689,2, ,0.0,0.0,322.0,04.3,2,4000,0,0,0,0,0,0,0

APPTR,L08,08,CC400
IF,CC400,22.499397,-78.540119, ,0.0,0.0,2,2500,0,0,0,0,1,0
CF,VOKAT,22.404508,-78.505003,0,ICJ,258.1,11.5,168.0,6.0,2,1500,0,0,0,0,1,0

APPTR,L08,08,CC401
IF,CC401,22.309608,-78.469936, ,0.0,0.0,2,2500,0,0,0,0,1,0
CF,VOKAT,22.404508,-78.505003,0,ICJ,258.1,11.5,348.0,6.0,2,1500,0,0,0,0,1,0

APPTR,L08,08,UCJ2
IF,UCJ,22.467411,-78.311967, ,0.0,0.0,2,3000,0,1,140,0,1,0
FD,UCJ,22.467411,-78.311967,0,UCJ,0.0,8.0,268.0,8.0,2,1500,0,0,0,0,0,0
VI,1,ICJ,0.0,108.0,2,1500,0,0,0,0,0,0

APPTR,L08,08,UJC1
IF,UCJ,22.467411,-78.311967, ,0.0,0.0,2,3000,0,1,250,0,1,0
FD,UCJ,22.467411,-78.311967,0,UCJ,0.0,8.0,288.0,8.0,2,1500,0,0,0,0,0,0
VI,1,ICJ,0.0,108.0,2,1500,0,0,0,0,0,0

APPTR,L08,08,VOKAT
HF,VOKAT,22.404508,-78.505003,2, ,0.0,0.0,78.0,04.3,2,3000,0,0,0,0,1,0,0

FINAL,L08,08,D,3
IF,VOKAT,22.404508,-78.505003,ICJ,258.1,11.5,2,1500,0,0,0,0,0,0
CF,CC408,22.431722,-78.419958,0,ICJ,258.0,6.5,78.0,5.0,1,1500,0,0,0,0,2,0
CF,MA08,22.451369,-78.358547,0,ICJ,258.0,2.9,78.0,3.6,1,365,0,0,0,0,3,0
VA,0,78.0,2,1000,0,0,0,0,0,0
VI,2, ,0.0,172.0,0,0,0,0,0,0,0,0
CF,KASEN,22.252603,-78.081689,0,UCJ,142.0,18.1,142.0,15.0,2,4000,0,0,0,0,0,0
HM,KASEN,22.252603,-78.081689,2, ,0.0,0.0,322.0,04.3,2,4000,0,0,0,0,0,0,0

APPTR,R08,08,CC400
IF,CC400,22.499397,-78.540119, ,0.0,0.0,2,2500,0,0,0,0,1,0
TF,VOKAT,22.404508,-78.505003,0, ,0.0,0.0,0.0,0.0,2,1500,0,0,0,0,0,0

APPTR,R08,08,CC401
IF,CC401,22.309608,-78.469936, ,0.0,0.0,2,2500,0,0,0,0,1,0
TF,VOKAT,22.404508,-78.505003,0, ,0.0,0.0,0.0,0.0,2,1500,0,0,0,0,0,0

FINAL,R08,08,R,3
IF,VOKAT,22.404508,-78.505003, ,0.0,0.0,2,1500,0,0,0,0,1,0
TF,CC408,22.431722,-78.419958,0, ,0.0,0.0,78.0,5.0,1,1500,0,0,0,0,2,0
TF,RW08,22.456539,-78.342383,0, ,0.0,0.0,78.0,4.6,1,60,0,0,0,0,3,1
CA,0,78.0,2,1000,0,0,0,0,0,0
DF,KASEN,22.252603,-78.081689,2, ,0.0,0.0,2,4000,0,1,230,0,0,1
HM,KASEN,22.252603,-78.081689,2, ,0.0,0.0,286.0,04,3,14000,0,1,230,0,0,0,0

APPTR,R26,26,CC402
IF,CC402,22.609436,-78.195956, ,0.0,0.0,2,2500,0,0,0,0,1,0
TF,DATNO,22.514556,-78.160792,0, ,0.0,0.0,0.0,0.0,2,1500,0,0,0,0,0,0

APPTR,R26,26,CC403
IF,CC403,22.419664,-78.125681, ,0.0,0.0,2,2500,0,0,0,0,1,0
TF,DATNO,22.514556,-78.160792,0, ,0.0,0.0,0.0,0.0,2,1500,0,0,0,0,0,0

FINAL,R26,26,R,3
IF,DATNO,22.514556,-78.160792, ,0.0,0.0,2,1500,0,0,0,0,0,0
TF,CC426,22.490089,-78.237389,0, ,0.0,0.0,258.0,4.5,1,1500,0,0,0,0,2,0
TF,RW26,22.465350,-78.314822,0, ,0.0,0.0,258.0,4.6,1,63,0,0,0,0,3,1
CA,0,258.0,2,1000,0,0,0,0,0,0
DF,LEXOT,22.215603,-78.480019,1, ,0.0,0.0,2,4000,0,1,230,0,0,1
HM,LEXOT,22.215603,-78.480019,2, ,0.0,0.0,65.0,04,3,14000,0,1,230,0,0,0,0

