APPTR,N05-Y,05,URC1
IF,URC,21.821683,-82.799347, ,0.0,0.0,2,3000,0,0,0,0,1,0
HF,URC,21.821683,-82.799347,2, ,0.0,0.0,53.0,04.3,2,2200,0,1,250,0,0,0,0

APPTR,N05-Y,05,URC2
IF,URC,21.821683,-82.799347, ,0.0,0.0,2,3000,0,0,0,0,1,0
HF,URC,21.821683,-82.799347,2, ,0.0,0.0,53.0,04.3,2,2200,0,1,140,0,0,0,0

FINAL,N05-Y,05,N,2
IF,FN05,21.754353,-82.879369,URC,0.0,0.0,2,2200,0,0,0,0,2,0
CF,URC,21.821683,-82.799347,0,URC,0.0,0.0,53.0,6.0,1,286,0,0,0,0,3,0
CA,0,53.0,2,480,0,0,0,0,0,0
DF,URC,21.821683,-82.799347,2, ,0.0,0.0,2,3000,0,0,0,0,0,0
HM,URC,21.821683,-82.799347,2, ,0.0,0.0,53.0,04.3,2,3000,0,0,0,0,0,0,0

APPTR,N05-Z,05,UNG1
IF,UNG,21.755892,-82.878158, ,0.0,0.0,2,3000,0,0,0,0,1,0
HF,UNG,21.755892,-82.878158,2, ,0.0,0.0,53.0,04.3,2,2200,0,1,250,0,0,0,0

APPTR,N05-Z,05,UNG2
IF,UNG,21.755892,-82.878158, ,0.0,0.0,2,3000,0,0,0,0,1,0
HF,UNG,21.755892,-82.878158,2, ,0.0,0.0,53.0,04.3,2,2200,0,1,140,0,0,0,0

FINAL,N05-Z,05,N,2
IF,UNG,21.755892,-82.878158,UNG,0.0,0.0,2,2200,0,0,0,0,2,0
CF,URC,21.821683,-82.799347,0,UNG,0.0,0.0,53.0,5.9,1,286,0,0,0,0,3,0
CA,0,53.0,2,480,0,0,0,0,0,0
DF,UNG,21.755892,-82.878158,2, ,0.0,0.0,2,3000,0,0,0,0,0,0
HM,UNG,21.755892,-82.878158,2, ,0.0,0.0,53.0,04.3,2,3000,0,0,0,0,0,0,0

APPTR,R05,05,NG660
IF,NG660,21.780664,-83.009650, ,0.0,0.0,2,3000,0,1,230,0,1,0
TF,EMEDO,21.705856,-82.938047,0, ,0.0,0.0,0.0,0.0,2,2200,0,0,0,0,0,0

APPTR,R05,05,NG661
IF,NG661,21.631017,-82.866519, ,0.0,0.0,2,3000,0,1,230,0,1,0
TF,EMEDO,21.705856,-82.938047,0, ,0.0,0.0,0.0,0.0,2,2200,0,0,0,0,0,0

FINAL,R05,05,R,3
IF,EMEDO,21.705856,-82.938047, ,0.0,0.0,2,2200,0,0,0,0,0,0
TF,NG605,21.754575,-82.879731,0, ,0.0,0.0,53.0,4.4,1,2200,0,0,0,0,2,0
TF,RW05,21.827158,-82.792828,0, ,0.0,0.0,53.0,6.5,1,129,0,0,0,0,3,1
CA,0,53.0,2,1500,0,0,0,0,0,0
DF,NG610,21.666114,-82.566069,2, ,0.0,0.0,2,4000,0,1,230,0,0,1
HM,NG610,21.666114,-82.566069,2, ,0.0,0.0,268.0,04,3,14000,0,1,230,0,0,0,0

APPTR,R23,23,ELODU
HF,ELODU,21.971053,-82.620319,2, ,0.0,0.0,233.0,04,2,3000,0,1,230,0,1,0,0

FINAL,R23,23,R,3
IF,ELODU,21.971053,-82.620319, ,0.0,0.0,2,3000,0,1,230,0,0,0
TF,NG623,21.915325,-82.687156,0, ,0.0,0.0,233.0,5.0,1,2200,0,0,0,0,2,0
TF,RW23,21.842217,-82.774811,0, ,0.0,0.0,233.0,6.6,1,112,0,0,0,0,3,1
CA,0,233.0,2,2000,0,0,0,0,0,0
DF,ELODU,21.971053,-82.620319,1, ,0.0,0.0,2,3000,0,1,230,0,0,1
HM,ELODU,21.971053,-82.620319,2, ,0.0,0.0,233.0,04,3,14000,0,1,230,0,0,0,0

