SID,ATUVI1,26,2
DF,TIMAR,19.281244,-81.406225,0, ,0.0,0.0,0,0,0,0,0,0,0,1
VI,2, ,0.0,30.0,0,0,0,0,0,0,0,0
CF,ATUVI,20.000000,-81.420833,0,GCM,0.3,42.6,360.0,33.0,0,0,0,0,0,0,0,0

SID,EEND2,08,2
CA,0,80.0,2,500,0,0,0,0,0,0
VI,0, ,0.0,123.0,0,0,0,0,0,0,0,0
CF,LIDOV,19.261011,-81.252389,0,GCM,108.0,7.0,108.0,2.0,0,0,0,0,0,0,0,0
TF,NADON,19.284811,-81.107794,0, ,0.0,0.0,0.0,0.0,0,0,0,0,0,0,0,0
VI,0, ,0.0,50.0,0,0,0,0,0,0,0,0
CF,TEXAM,19.488650,-80.625247,0,GCM,78.2,43.9,78.0,22.0,0,0,0,0,0,0,0,0

SID,KANEX2,08,1
CA,0,80.0,2,500,0,0,0,0,0,0
VI,0, ,0.0,15.0,0,0,0,0,0,0,0,0
CF,KANEX,20.000000,-80.717778,0,GCM,45.0,56.4,45.0,52.0,0,0,0,0,0,0,0,0

SID,KANEX2,26,1
DF,TIMAR,19.281244,-81.406225,0, ,0.0,0.0,0,0,0,0,0,0,0,0
TF,D260F,19.264950,-81.474578,0, ,0.0,0.0,0.0,0.0,0,0,0,0,0,0,0,1
CF,GCM,19.289394,-81.372033,1,GCM,0.0,0.0,45.0,6.0,2,6000,0,0,0,0,0,0
TF,KANEX,20.000000,-80.717778,0, ,0.0,0.0,0.0,0.0,0,0,0,0,0,0,0,0

SID,MAMBI2,08,1
DF,REVAN,19.301578,-81.320767,0, ,0.0,0.0,0,0,0,0,0,0,0,0
TF,D080F,19.313758,-81.269481,0, ,0.0,0.0,0.0,0.0,0,0,0,0,0,0,0,1
CF,GCM,19.289394,-81.372033,2,GCM,0.0,0.0,296.0,6.0,2,6000,0,0,0,0,0,0
TF,MAMBI,19.450000,-82.046667,0, ,0.0,0.0,0.0,0.0,0,0,0,0,0,0,0,0

SID,MAMBI2,26,1
DF,TIMAR,19.281244,-81.406225,0, ,0.0,0.0,0,0,0,0,0,0,0,0
VI,0, ,0.0,318.0,0,0,0,0,0,0,0,0
CF,MAMBI,19.450000,-82.046667,0,GCM,288.2,39.5,288.0,35.0,0,0,0,0,0,0,0,0

SID,NALRO2,08,1
DF,REVAN,19.301578,-81.320767,0, ,0.0,0.0,0,0,0,0,0,0,0,0
VI,0, ,0.0,137.0,0,0,0,0,0,0,0,0
CF,NALRO,19.030822,-80.206147,0,GCM,106.9,68.0,107.0,61.0,0,0,0,0,0,0,0,0

SID,NALRO2,26,1
DF,TIMAR,19.281244,-81.406225,0, ,0.0,0.0,0,0,0,0,0,0,0,0
VI,1, ,0.0,77.0,0,0,0,0,0,0,0,0
CF,NALRO,19.030822,-80.206147,0,GCM,106.9,68.0,107.0,61.0,0,0,0,0,0,0,0,0

SID,RBAY2,08,2
DF,REVAN,19.301578,-81.320767,0, ,0.0,0.0,0,0,0,0,0,0,0,1
CI,2, ,0.0,226.0,0,0,0,0,0,0,0,0
CF,D192O,19.040800,-81.408317,0,GCM,192.3,15.0,192.0,6.0,0,0,0,0,0,0,0,1
CI,0, ,0.0,270.0,0,0,0,0,0,0,0,0
CF,ULISA,18.769722,-82.083333,0,GCM,235.6,51.0,237.0,23.0,0,0,0,0,0,0,0,0

SID,RIKEL2,08,2
CA,0,80.0,2,500,0,0,0,0,0,0
VI,0, ,0.0,357.0,0,0,0,0,0,0,0,0
CF,RIKEL,20.000000,-81.044444,0,GCM,27.5,46.4,27.0,42.0,0,0,0,0,0,0,0,0

SID,SEAVI2,26,2
DF,TIMAR,19.281244,-81.406225,0, ,0.0,0.0,0,0,0,0,0,0,0,1
CI,1, ,0.0,121.0,0,0,0,0,0,0,0,0
CF,D152O,19.076642,-81.231933,0,GCM,151.9,15.0,152.0,6.0,0,0,0,0,0,0,0,1
CI,0, ,0.0,70.0,0,0,0,0,0,0,0,0
CF,NALRO,19.030822,-80.206147,0,GCM,106.9,68.0,107.0,41.0,0,0,0,0,0,0,0,0

SID,SRAY2,08,2
CA,0,80.0,2,500,0,0,0,0,0,0
VI,0, ,0.0,15.0,0,0,0,0,0,0,0,0
CF,D045O,19.477139,-81.196578,0,GCM,45.5,15.0,45.0,11.0,0,0,0,0,0,0,0,0
VI,0, ,0.0,357.0,0,0,0,0,0,0,0,0
CF,RIKEL,20.000000,-81.044444,0,GCM,27.5,46.4,27.0,24.0,0,0,0,0,0,0,0,0

SID,TEXAM2,08,1
DF,REVAN,19.301578,-81.320767,0, ,0.0,0.0,0,0,0,0,0,0,0,0
TF,TEXAM,19.488650,-80.625247,0, ,0.0,0.0,0.0,0.0,0,0,0,0,0,0,0,0

SID,TEXAM2,26,1
DF,TIMAR,19.281244,-81.406225,0, ,0.0,0.0,0,0,0,0,0,0,0,0
TF,D260F,19.264950,-81.474578,0, ,0.0,0.0,0.0,0.0,0,0,0,0,0,0,0,1
CF,GCM,19.289394,-81.372033,1,GCM,0.0,0.0,45.0,6.0,2,6000,0,0,0,0,0,0
TF,TEXAM,19.488650,-80.625247,0, ,0.0,0.0,0.0,0.0,0,0,0,0,0,0,0,0

SID,TURTU2,08,2
CA,0,80.0,2,500,0,0,0,0,0,0
CI,0, ,0.0,48.0,0,0,0,0,0,0,0,0
CF,ELEGO,19.370969,-81.238728,0,GCM,61.2,9.0,61.0,5.0,0,0,0,0,0,0,0,1
CI,0, ,0.0,91.0,0,0,0,0,0,0,0,0
CF,TEXAM,19.488650,-80.625247,0,GCM,78.2,43.9,78.0,23.0,0,0,0,0,0,0,0,0

SID,ULISA2,08,1
DF,REVAN,19.301578,-81.320767,0, ,0.0,0.0,0,0,0,0,0,0,0,0
VI,2, ,0.0,267.0,0,0,0,0,0,0,0,0
CF,ULISA,18.769722,-82.083333,0,GCM,236.6,51.0,237.0,46.0,0,0,0,0,0,0,0,0

SID,ULISA2,26,1
DF,TIMAR,19.281244,-81.406225,0, ,0.0,0.0,0,0,0,0,0,0,0,0
VI,0, ,0.0,207.0,0,0,0,0,0,0,0,0
CF,ULISA,18.769722,-82.083333,0,GCM,236.6,51.0,237.0,46.0,0,0,0,0,0,0,0,0

STAR,GORAN3,ATUVI,1
IF,ATUVI,20.000000,-81.420833, ,0.0,0.0,0,0,0,0,0,0,0,0
TF,D360Q,19.573203,-81.391478,0, ,0.0,0.0,0.0,0.0,0,0,0,0,0,0,0,1
CI,0, ,0.0,180.0,0,0,0,0,0,0,0,0
AF,D260O,19.228192,-81.628319,1,GCM,259.9,15.0,360.0,0,0,0,0,0,0,0,0
TF,GORAN,19.248631,-81.542914,0, ,0.0,0.0,0.0,0.0,0,0,0,0,0,0,0,0

STAR,GORAN3,DELKA,1
IF,DELKA,18.667281,-81.751858, ,0.0,0.0,0,0,0,0,0,0,0,0
TF,D214Q,19.043525,-81.522544,0, ,0.0,0.0,0.0,0.0,0,0,0,0,0,0,0,1
CI,0, ,0.0,34.0,0,0,0,0,0,0,0,0
AF,D260O,19.228192,-81.628319,2,GCM,259.9,15.0,214.0,0,0,0,0,0,0,0,0
TF,GORAN,19.248631,-81.542914,0, ,0.0,0.0,0.0,0.0,0,0,0,0,0,0,0,0

STAR,GORAN3,EMONA,1
IF,EMONA,18.666667,-81.403889, ,0.0,0.0,0,0,0,0,0,0,0,0
TF,D187Q,19.005292,-81.386600,0, ,0.0,0.0,0.0,0.0,0,0,0,0,0,0,0,1
CI,0, ,0.0,7.0,0,0,0,0,0,0,0,0
AF,D260O,19.228192,-81.628319,2,GCM,259.9,15.0,187.0,0,0,0,0,0,0,0,0
TF,GORAN,19.248631,-81.542914,0, ,0.0,0.0,0.0,0.0,0,0,0,0,0,0,0,0

STAR,GORAN3,KANEX,1
IF,KANEX,20.000000,-80.717778, ,0.0,0.0,0,0,0,0,0,0,0,0
TF,GCM,19.289394,-81.372033,0, ,0.0,0.0,0.0,0.0,0,0,0,0,0,0,0,0
TF,D288M,19.342581,-81.594183,0, ,0.0,0.0,0.0,0.0,0,0,0,0,0,0,0,1
CI,0, ,0.0,288.0,0,0,0,0,0,0,0,0
AF,D260O,19.228192,-81.628319,1,GCM,259.9,15.0,288.0,0,0,0,0,0,0,0,0
TF,GORAN,19.248631,-81.542914,0, ,0.0,0.0,0.0,0.0,0,0,0,0,0,0,0,0

STAR,GORAN3,LEROL,1
IF,LEROL,18.667222,-81.617778, ,0.0,0.0,0,0,0,0,0,0,0,0
TF,D204Q,19.023169,-81.477431,0, ,0.0,0.0,0.0,0.0,0,0,0,0,0,0,0,1
CI,0, ,0.0,24.0,0,0,0,0,0,0,0,0
AF,D260O,19.228192,-81.628319,2,GCM,259.9,15.0,204.0,0,0,0,0,0,0,0,0
TF,GORAN,19.248631,-81.542914,0, ,0.0,0.0,0.0,0.0,0,0,0,0,0,0,0,0

STAR,GORAN3,MAMBI,1
IF,MAMBI,19.450000,-82.046667, ,0.0,0.0,0,0,0,0,0,0,0,0
TF,D288Q,19.358894,-81.662561,0, ,0.0,0.0,0.0,0.0,0,0,0,0,0,0,0,1
CI,0, ,0.0,108.0,0,0,0,0,0,0,0,0
AF,D260O,19.228192,-81.628319,1,GCM,259.9,15.0,288.0,0,0,0,0,0,0,0,0
TF,GORAN,19.248631,-81.542914,0, ,0.0,0.0,0.0,0.0,0,0,0,0,0,0,0,0

STAR,GORAN3,MATIS,1
IF,MATIS,18.907211,-80.472178, ,0.0,0.0,0,0,0,0,0,0,0,0
TF,GCM,19.289394,-81.372033,0, ,0.0,0.0,0.0,0.0,0,0,0,0,0,0,0,0
TF,D288M,19.342581,-81.594183,0, ,0.0,0.0,0.0,0.0,0,0,0,0,0,0,0,1
CI,0, ,0.0,288.0,0,0,0,0,0,0,0,0
AF,D260O,19.228192,-81.628319,1,GCM,259.9,15.0,288.0,0,0,0,0,0,0,0,0
TF,GORAN,19.248631,-81.542914,0, ,0.0,0.0,0.0,0.0,0,0,0,0,0,0,0,0

STAR,GORAN3,NALRO,1
IF,NALRO,19.030822,-80.206147, ,0.0,0.0,0,0,0,0,0,0,0,0
TF,GCM,19.289394,-81.372033,0, ,0.0,0.0,0.0,0.0,0,0,0,0,0,0,0,0
TF,D288M,19.342581,-81.594183,0, ,0.0,0.0,0.0,0.0,0,0,0,0,0,0,0,1
CI,0, ,0.0,288.0,0,0,0,0,0,0,0,0
AF,D260O,19.228192,-81.628319,1,GCM,259.9,15.0,288.0,0,0,0,0,0,0,0,0
TF,GORAN,19.248631,-81.542914,0, ,0.0,0.0,0.0,0.0,0,0,0,0,0,0,0,0

STAR,GORAN3,NUBIS,1
IF,NUBIS,19.126667,-82.073333, ,0.0,0.0,0,0,0,0,0,0,0,0
TF,D260Q,19.222225,-81.663056,0, ,0.0,0.0,0.0,0.0,0,0,0,0,0,0,0,0
TF,GORAN,19.248631,-81.542914,0, ,0.0,0.0,0.0,0.0,0,0,0,0,0,0,0,0

STAR,GORAN3,TEXAM,1
IF,TEXAM,19.488650,-80.625247, ,0.0,0.0,0,0,0,0,0,0,0,0
TF,GCM,19.289394,-81.372033,0, ,0.0,0.0,0.0,0.0,0,0,0,0,0,0,0,0
TF,D288M,19.342581,-81.594183,0, ,0.0,0.0,0.0,0.0,0,0,0,0,0,0,0,1
CI,0, ,0.0,288.0,0,0,0,0,0,0,0,0
AF,D260O,19.228192,-81.628319,1,GCM,259.9,15.0,288.0,0,0,0,0,0,0,0,0
TF,GORAN,19.248631,-81.542914,0, ,0.0,0.0,0.0,0.0,0,0,0,0,0,0,0,0

STAR,GORAN3,ULISA,1
IF,ULISA,18.769722,-82.083333, ,0.0,0.0,0,0,0,0,0,0,0,0
TF,D237Q,19.116417,-81.609706,0, ,0.0,0.0,0.0,0.0,0,0,0,0,0,0,0,1
CI,0, ,0.0,57.0,0,0,0,0,0,0,0,0
AF,D260O,19.228192,-81.628319,2,GCM,259.9,15.0,237.0,0,0,0,0,0,0,0,0
TF,GORAN,19.248631,-81.542914,0, ,0.0,0.0,0.0,0.0,0,0,0,0,0,0,0,0

STAR,GORAN3,ALL,2
IF,GORAN,19.248631,-81.542914, ,0.0,0.0,0,0,0,0,0,0,0,0

STAR,GUBEL3,ATUVI,1
IF,ATUVI,20.000000,-81.420833, ,0.0,0.0,0,0,0,0,0,0,0,0
TF,D360Q,19.573203,-81.391478,0, ,0.0,0.0,0.0,0.0,0,0,0,0,0,0,0,1
CI,0, ,0.0,180.0,0,0,0,0,0,0,0,0
AF,D080O,19.350150,-81.115561,2,GCM,79.9,15.0,360.0,0,0,0,0,0,0,0,0
TF,GUBEL,19.338075,-81.166667,0, ,0.0,0.0,0.0,0.0,0,0,0,0,0,0,0,0

STAR,GUBEL3,DELKA,1
IF,DELKA,18.667281,-81.751858, ,0.0,0.0,0,0,0,0,0,0,0,0
TF,GCM,19.289394,-81.372033,0, ,0.0,0.0,0.0,0.0,0,0,0,0,0,0,0,0
TF,D050M,19.440394,-81.207119,0, ,0.0,0.0,0.0,0.0,0,0,0,0,0,0,0,1
CI,0, ,0.0,50.0,0,0,0,0,0,0,0,0
AF,D080O,19.350150,-81.115561,2,GCM,79.9,15.0,50.0,0,0,0,0,0,0,0,0
TF,GUBEL,19.338075,-81.166667,0, ,0.0,0.0,0.0,0.0,0,0,0,0,0,0,0,0

STAR,GUBEL3,EMONA,1
IF,EMONA,18.666667,-81.403889, ,0.0,0.0,0,0,0,0,0,0,0,0
TF,D187Q,19.005292,-81.386600,0, ,0.0,0.0,0.0,0.0,0,0,0,0,0,0,0,1
CI,0, ,0.0,7.0,0,0,0,0,0,0,0,0
AF,D080O,19.350150,-81.115561,1,GCM,79.9,15.0,187.0,0,0,0,0,0,0,0,0
TF,GUBEL,19.338075,-81.166667,0, ,0.0,0.0,0.0,0.0,0,0,0,0,0,0,0,0

STAR,GUBEL3,KANEX,1
IF,KANEX,20.000000,-80.717778, ,0.0,0.0,0,0,0,0,0,0,0,0
TF,D045Q,19.503967,-81.175314,0, ,0.0,0.0,0.0,0.0,0,0,0,0,0,0,0,1
CI,0, ,0.0,225.0,0,0,0,0,0,0,0,0
AF,D080O,19.350150,-81.115561,2,GCM,79.9,15.0,45.0,0,0,0,0,0,0,0,0
TF,GUBEL,19.338075,-81.166667,0, ,0.0,0.0,0.0,0.0,0,0,0,0,0,0,0,0

STAR,GUBEL3,LEROL,1
IF,LEROL,18.667222,-81.617778, ,0.0,0.0,0,0,0,0,0,0,0,0
TF,GCM,19.289394,-81.372033,0, ,0.0,0.0,0.0,0.0,0,0,0,0,0,0,0,0
TF,D050M,19.440394,-81.207119,0, ,0.0,0.0,0.0,0.0,0,0,0,0,0,0,0,1
CI,0, ,0.0,50.0,0,0,0,0,0,0,0,0
AF,D080O,19.350150,-81.115561,2,GCM,79.9,15.0,50.0,0,0,0,0,0,0,0,0
TF,GUBEL,19.338075,-81.166667,0, ,0.0,0.0,0.0,0.0,0,0,0,0,0,0,0,0

STAR,GUBEL3,MAMBI,1
IF,MAMBI,19.450000,-82.046667, ,0.0,0.0,0,0,0,0,0,0,0,0
TF,GCM,19.289394,-81.372033,0, ,0.0,0.0,0.0,0.0,0,0,0,0,0,0,0,0
TF,D050M,19.440394,-81.207119,0, ,0.0,0.0,0.0,0.0,0,0,0,0,0,0,0,1
CI,0, ,0.0,50.0,0,0,0,0,0,0,0,0
AF,D080O,19.350150,-81.115561,2,GCM,79.9,15.0,50.0,0,0,0,0,0,0,0,0
TF,GUBEL,19.338075,-81.166667,0, ,0.0,0.0,0.0,0.0,0,0,0,0,0,0,0,0

STAR,GUBEL3,MATIS,1
IF,MATIS,18.907211,-80.472178, ,0.0,0.0,0,0,0,0,0,0,0,0
TF,D118Q,19.173833,-81.098431,0, ,0.0,0.0,0.0,0.0,0,0,0,0,0,0,0,1
CI,0, ,0.0,298.0,0,0,0,0,0,0,0,0
AF,D080O,19.350150,-81.115561,1,GCM,79.9,15.0,118.0,0,0,0,0,0,0,0,0
TF,GUBEL,19.338075,-81.166667,0, ,0.0,0.0,0.0,0.0,0,0,0,0,0,0,0,0

STAR,GUBEL3,NALRO,1
IF,NALRO,19.030822,-80.206147, ,0.0,0.0,0,0,0,0,0,0,0,0
TF,D107Q,19.225436,-81.080228,0, ,0.0,0.0,0.0,0.0,0,0,0,0,0,0,0,1
CI,0, ,0.0,287.0,0,0,0,0,0,0,0,0
AF,D080O,19.350150,-81.115561,1,GCM,79.9,15.0,107.0,0,0,0,0,0,0,0,0
TF,GUBEL,19.338075,-81.166667,0, ,0.0,0.0,0.0,0.0,0,0,0,0,0,0,0,0

STAR,GUBEL3,NUBIS,1
IF,NUBIS,19.126667,-82.073333, ,0.0,0.0,0,0,0,0,0,0,0,0
TF,GCM,19.289394,-81.372033,0, ,0.0,0.0,0.0,0.0,0,0,0,0,0,0,0,0
TF,D050M,19.440394,-81.207119,0, ,0.0,0.0,0.0,0.0,0,0,0,0,0,0,0,1
CI,0, ,0.0,50.0,0,0,0,0,0,0,0,0
AF,D080O,19.350150,-81.115561,2,GCM,79.9,15.0,50.0,0,0,0,0,0,0,0,0
TF,GUBEL,19.338075,-81.166667,0, ,0.0,0.0,0.0,0.0,0,0,0,0,0,0,0,0

STAR,GUBEL3,RIKEL,1
IF,RIKEL,20.000000,-81.044444, ,0.0,0.0,0,0,0,0,0,0,0,0
TF,D027Q,19.550094,-81.252222,0, ,0.0,0.0,0.0,0.0,0,0,0,0,0,0,0,1
CI,0, ,0.0,207.0,0,0,0,0,0,0,0,0
AF,D080O,19.350150,-81.115561,2,GCM,79.9,15.0,27.0,0,0,0,0,0,0,0,0
TF,GUBEL,19.338075,-81.166667,0, ,0.0,0.0,0.0,0.0,0,0,0,0,0,0,0,0

STAR,GUBEL3,TEXAM,1
IF,TEXAM,19.488650,-80.625247, ,0.0,0.0,0,0,0,0,0,0,0,0
TF,D078Q,19.366736,-81.083725,0, ,0.0,0.0,0.0,0.0,0,0,0,0,0,0,0,1
CF,GUBEL,19.338075,-81.166667,0,GCM,79.9,12.0,260.0,5.0,0,0,0,0,0,0,0,0

STAR,GUBEL3,ULISA,1
IF,ULISA,18.769722,-82.083333, ,0.0,0.0,0,0,0,0,0,0,0,0
TF,GCM,19.289394,-81.372033,0, ,0.0,0.0,0.0,0.0,0,0,0,0,0,0,0,0
TF,D050M,19.440394,-81.207119,0, ,0.0,0.0,0.0,0.0,0,0,0,0,0,0,0,1
CI,0, ,0.0,50.0,0,0,0,0,0,0,0,0
AF,D080O,19.350150,-81.115561,2,GCM,79.9,15.0,50.0,0,0,0,0,0,0,0,0
TF,GUBEL,19.338075,-81.166667,0, ,0.0,0.0,0.0,0.0,0,0,0,0,0,0,0,0

STAR,GUBEL3,ALL,2
IF,GUBEL,19.338075,-81.166667, ,0.0,0.0,0,0,0,0,0,0,0,0

APPTR,D08,08,GCM
IF,GCM,19.289394,-81.372033, ,0.0,0.0,2,1500,0,0,0,0,1,0
TF,FF08,19.271997,-81.445000,0, ,0.0,0.0,0.0,0.0,2,1500,0,0,0,0,0,0
FC,FF08,19.271997,-81.445000,0,GCM,0.0,0.0,215.0,3.5,2,1500,0,0,0,0,0,1
CF,FF08,19.271997,-81.445000,2,GCM,259.9,4.3,80.0,4.0,2,1500,0,0,0,0,0,0

APPTR,D08,08,GORAN
IF,GORAN,19.248631,-81.542914, ,0.0,0.0,2,1500,0,0,0,0,0,0
TF,FF08,19.271997,-81.445000,0, ,0.0,0.0,0.0,0.0,2,1500,0,0,0,0,0,0

FINAL,D08,08,D,2
IF,FF08,19.271997,-81.445000,GCM,259.9,4.3,2,1500,0,0,0,0,2,0
CF,GCM,19.289394,-81.372033,0,GCM,0.0,0.0,80.0,4.3,1,138,0,0,0,0,3,0
FA,GCM,19.289394,-81.372033,0,GCM,0.0,0.0,80.0,2,1500,0,0,0,0,0,0
DF,GORAN,19.248631,-81.542914,2, ,0.0,0.0,0,0,0,0,0,0,0,0
HM,GORAN,19.248631,-81.542914,2, ,0.0,0.0,80.0,04.3,0,0,0,1,230,0,0,0,0

APPTR,D26,26,GCM
IF,GCM,19.289394,-81.372033, ,0.0,0.0,2,1500,0,0,0,0,1,0
TF,FF26,19.313297,-81.271475,0, ,0.0,0.0,0.0,0.0,2,1500,0,0,0,0,0,0
FC,FF26,19.313297,-81.271475,0,GCM,0.0,0.0,35.0,3.5,2,1500,0,0,0,0,0,1
CF,FF26,19.313297,-81.271475,2,GCM,79.9,5.9,260.0,4.0,2,1500,0,0,0,0,0,0

APPTR,D26,26,GUBEL
IF,GUBEL,19.338075,-81.166667, ,0.0,0.0,2,1500,0,0,0,0,0,0
TF,FF26,19.313297,-81.271475,0, ,0.0,0.0,0.0,0.0,2,1500,0,0,0,0,0,0

FINAL,D26,26,D,2
IF,FF26,19.313297,-81.271475,GCM,79.9,5.9,2,1500,0,0,0,0,2,0
CF,RW26,19.294850,-81.349056,0,GCM,79.9,1.3,260.0,4.5,1,55,0,0,0,0,3,0
CF,GCM,19.289394,-81.372033,0,GCM,0.0,0.0,260.0,1.3,0,0,0,0,0,0,0,0
FA,GCM,19.289394,-81.372033,0,GCM,0.0,0.0,260.0,2,1500,0,0,0,0,0,0
DF,GUBEL,19.338075,-81.166667,2, ,0.0,0.0,0,0,0,0,0,0,0,0
HM,GUBEL,19.338075,-81.166667,2, ,0.0,0.0,260.0,04.3,0,0,0,1,230,0,0,0,0

APPTR,R08,08,ATUVI
IF,ATUVI,20.000000,-81.420833, ,0.0,0.0,0,0,0,0,0,0,0,0
TF,ALONA,19.349200,-81.555222,0, ,0.0,0.0,0.0,0.0,2,1500,0,1,230,0,1,0
TF,MOBIX,19.251850,-81.529417,0, ,0.0,0.0,0.0,0.0,2,1500,0,0,0,0,1,0

APPTR,R08,08,DELKA
IF,DELKA,18.667281,-81.751858, ,0.0,0.0,0,0,0,0,0,0,0,0
TF,MOBIX,19.251850,-81.529417,0, ,0.0,0.0,0.0,0.0,2,1500,0,0,0,0,0,0
HF,MOBIX,19.251850,-81.529417,2, ,0.0,0.0,79.0,04,2,1500,0,1,230,0,1,0,0

APPTR,R08,08,EMONA
IF,EMONA,18.666667,-81.403889, ,0.0,0.0,0,0,0,0,0,0,0,0
TF,VODAK,19.154497,-81.503653,0, ,0.0,0.0,0.0,0.0,2,1500,0,1,230,0,1,0
TF,MOBIX,19.251850,-81.529417,0, ,0.0,0.0,0.0,0.0,2,1500,0,0,0,0,1,0

APPTR,R08,08,KANEX
IF,KANEX,20.000000,-80.717778, ,0.0,0.0,0,0,0,0,0,0,0,0
TF,ALONA,19.349200,-81.555222,0, ,0.0,0.0,0.0,0.0,2,1500,0,1,230,0,1,0
TF,MOBIX,19.251850,-81.529417,0, ,0.0,0.0,0.0,0.0,2,1500,0,0,0,0,1,0

APPTR,R08,08,LEROL
IF,LEROL,18.667222,-81.617778, ,0.0,0.0,0,0,0,0,0,0,0,0
TF,MOBIX,19.251850,-81.529417,0, ,0.0,0.0,0.0,0.0,2,1500,0,0,0,0,0,0
HF,MOBIX,19.251850,-81.529417,2, ,0.0,0.0,79.0,04,2,1500,0,1,230,0,1,0,0

APPTR,R08,08,MAMBI
IF,MAMBI,19.450000,-82.046667, ,0.0,0.0,0,0,0,0,0,0,0,0
TF,MOBIX,19.251850,-81.529417,0, ,0.0,0.0,0.0,0.0,2,1500,0,0,0,0,0,0
HF,MOBIX,19.251850,-81.529417,2, ,0.0,0.0,79.0,04,2,1500,0,1,230,0,1,0,0

APPTR,R08,08,MATIS
IF,MATIS,18.907211,-80.472178, ,0.0,0.0,0,0,0,0,0,0,0,0
TF,VODAK,19.154497,-81.503653,0, ,0.0,0.0,0.0,0.0,2,1500,0,1,230,0,1,0
TF,MOBIX,19.251850,-81.529417,0, ,0.0,0.0,0.0,0.0,2,1500,0,0,0,0,1,0

APPTR,R08,08,NALRO
IF,NALRO,19.030822,-80.206147, ,0.0,0.0,0,0,0,0,0,0,0,0
TF,VODAK,19.154497,-81.503653,0, ,0.0,0.0,0.0,0.0,2,1500,0,1,230,0,1,0
TF,MOBIX,19.251850,-81.529417,0, ,0.0,0.0,0.0,0.0,2,1500,0,0,0,0,1,0

APPTR,R08,08,NUBIS
IF,NUBIS,19.126667,-82.073333, ,0.0,0.0,0,0,0,0,0,0,0,0
TF,MOBIX,19.251850,-81.529417,0, ,0.0,0.0,0.0,0.0,2,1500,0,0,0,0,0,0
HF,MOBIX,19.251850,-81.529417,2, ,0.0,0.0,79.0,04,2,1500,0,1,230,0,1,0,0

APPTR,R08,08,TEXAM
IF,TEXAM,19.488650,-80.625247, ,0.0,0.0,0,0,0,0,0,0,0,0
TF,VODAK,19.154497,-81.503653,0, ,0.0,0.0,0.0,0.0,2,1500,0,1,230,0,1,0
TF,MOBIX,19.251850,-81.529417,0, ,0.0,0.0,0.0,0.0,2,1500,0,0,0,0,1,0

APPTR,R08,08,ULISA
IF,ULISA,18.769722,-82.083333, ,0.0,0.0,0,0,0,0,0,0,0,0
TF,MOBIX,19.251850,-81.529417,0, ,0.0,0.0,0.0,0.0,2,1500,0,0,0,0,0,0
HF,MOBIX,19.251850,-81.529417,2, ,0.0,0.0,79.0,04,2,1500,0,1,230,0,1,0,0

FINAL,R08,08,R,3
IF,MOBIX,19.251850,-81.529417, ,0.0,0.0,2,1500,0,0,0,0,0,0
TF,SASER,19.272242,-81.443994,0, ,0.0,0.0,79.0,5.0,2,1500,0,0,0,0,2,0
TF,RW08,19.290433,-81.367628,0, ,0.0,0.0,79.0,4.5,1,58,0,0,0,0,3,1
CA,0,79.0,2,1500,0,0,0,0,0,0
DF,MOBIX,19.251850,-81.529417,2, ,0.0,0.0,0,0,0,0,0,0,0,1
HM,MOBIX,19.251850,-81.529417,2, ,0.0,0.0,79.0,04,0,0,0,1,230,0,0,0,0

APPTR,R26,26,ATUVI
IF,ATUVI,20.000000,-81.420833, ,0.0,0.0,0,0,0,0,0,0,0,0
TF,TAGUN,19.430719,-81.212658,0, ,0.0,0.0,0.0,0.0,2,1500,0,1,230,0,1,0
TF,PODIS,19.333331,-81.187025,0, ,0.0,0.0,0.0,0.0,2,1500,0,0,0,0,1,0

APPTR,R26,26,DELKA
IF,DELKA,18.667281,-81.751858, ,0.0,0.0,0,0,0,0,0,0,0,0
TF,OLIMA,19.235936,-81.161422,0, ,0.0,0.0,0.0,0.0,2,1500,0,1,230,0,1,0
TF,PODIS,19.333331,-81.187025,0, ,0.0,0.0,0.0,0.0,2,1500,0,0,0,0,1,0

APPTR,R26,26,EMONA
IF,EMONA,18.666667,-81.403889, ,0.0,0.0,0,0,0,0,0,0,0,0
TF,OLIMA,19.235936,-81.161422,0, ,0.0,0.0,0.0,0.0,2,1500,0,1,230,0,1,0
TF,PODIS,19.333331,-81.187025,0, ,0.0,0.0,0.0,0.0,2,1500,0,0,0,0,1,0

APPTR,R26,26,KANEX
IF,KANEX,20.000000,-80.717778, ,0.0,0.0,0,0,0,0,0,0,0,0
TF,PODIS,19.333331,-81.187025,0, ,0.0,0.0,0.0,0.0,2,1500,0,0,0,0,0,0
HF,PODIS,19.333331,-81.187025,2, ,0.0,0.0,260.0,04,2,1500,0,1,230,0,1,0,0

APPTR,R26,26,LEROL
IF,LEROL,18.667222,-81.617778, ,0.0,0.0,0,0,0,0,0,0,0,0
TF,OLIMA,19.235936,-81.161422,0, ,0.0,0.0,0.0,0.0,2,1500,0,1,230,0,1,0
TF,PODIS,19.333331,-81.187025,0, ,0.0,0.0,0.0,0.0,2,1500,0,0,0,0,1,0

APPTR,R26,26,MAMBI
IF,MAMBI,19.450000,-82.046667, ,0.0,0.0,0,0,0,0,0,0,0,0
TF,TAGUN,19.430719,-81.212658,0, ,0.0,0.0,0.0,0.0,2,1500,0,1,230,0,1,0
TF,PODIS,19.333331,-81.187025,0, ,0.0,0.0,0.0,0.0,2,1500,0,0,0,0,1,0

APPTR,R26,26,MATIS
IF,MATIS,18.907211,-80.472178, ,0.0,0.0,0,0,0,0,0,0,0,0
TF,PODIS,19.333331,-81.187025,0, ,0.0,0.0,0.0,0.0,2,1500,0,0,0,0,0,0
HF,PODIS,19.333331,-81.187025,2, ,0.0,0.0,260.0,04,2,1500,0,1,230,0,1,0,0

APPTR,R26,26,NALRO
IF,NALRO,19.030822,-80.206147, ,0.0,0.0,0,0,0,0,0,0,0,0
TF,PODIS,19.333331,-81.187025,0, ,0.0,0.0,0.0,0.0,2,1500,0,0,0,0,0,0
HF,PODIS,19.333331,-81.187025,2, ,0.0,0.0,260.0,04,2,1500,0,1,230,0,1,0,0

APPTR,R26,26,RIKEL
IF,RIKEL,20.000000,-81.044444, ,0.0,0.0,0,0,0,0,0,0,0,0
TF,PODIS,19.333331,-81.187025,0, ,0.0,0.0,0.0,0.0,2,1500,0,0,0,0,0,0
HF,PODIS,19.333331,-81.187025,2, ,0.0,0.0,260.0,04,2,1500,0,1,230,0,1,0,0

APPTR,R26,26,TEXAM
IF,TEXAM,19.488650,-80.625247, ,0.0,0.0,0,0,0,0,0,0,0,0
TF,PODIS,19.333331,-81.187025,0, ,0.0,0.0,0.0,0.0,2,1500,0,0,0,0,0,0
HF,PODIS,19.333331,-81.187025,2, ,0.0,0.0,260.0,04,2,1500,0,1,230,0,1,0,0

APPTR,R26,26,ULISA
IF,ULISA,18.769722,-82.083333, ,0.0,0.0,0,0,0,0,0,0,0,0
TF,OLIMA,19.235936,-81.161422,0, ,0.0,0.0,0.0,0.0,2,1500,0,1,230,0,1,0
TF,PODIS,19.333331,-81.187025,0, ,0.0,0.0,0.0,0.0,2,1500,0,0,0,0,1,0

FINAL,R26,26,R,3
IF,PODIS,19.333331,-81.187025, ,0.0,0.0,2,1500,0,0,0,0,0,0
TF,AMBOR,19.313044,-81.272514,0, ,0.0,0.0,260.0,5.0,2,1500,0,0,0,0,2,0
TF,RW26,19.294850,-81.349056,0, ,0.0,0.0,260.0,4.5,1,55,0,0,0,0,3,1
CA,0,260.0,2,1500,0,0,0,0,0,0
DF,PODIS,19.333331,-81.187025,1, ,0.0,0.0,0,0,0,0,0,0,0,0
HM,PODIS,19.333331,-81.187025,2, ,0.0,0.0,260.0,04,0,0,0,1,230,0,0,0,0

APPTR,S08,08,GCM
IF,GCM,19.289394,-81.372033, ,0.0,0.0,2,1500,0,0,0,0,1,0
PI,GCM,19.289394,-81.372033,2,GCM,215.0,10.0,260,5.0,2,1500,0,0,0,0,0,0
CF,FS08,19.272083,-81.445036,0,GCM,260.0,4.3,80.0,5.7,2,1500,0,0,0,0,0,0

FINAL,S08,08,D,2
IF,FS08,19.272083,-81.445036,GCM,260.0,4.3,2,1500,0,0,0,0,2,0
CF,GCM,19.289394,-81.372033,0,GCM,0.0,0.0,80.0,4.3,1,138,0,0,0,0,3,0
CA,0,80.0,2,1500,0,0,0,0,0,0
DF,GCM,19.289394,-81.372033,2, ,0.0,0.0,0,0,0,0,0,0,0,0
HM,GCM,19.289394,-81.372033,2, ,0.0,0.0,260.0,04.3,0,0,0,1,230,0,0,0,0

APPTR,S26,26,GCM
IF,GCM,19.289394,-81.372033, ,0.0,0.0,2,1500,0,0,0,0,1,0
PI,GCM,19.289394,-81.372033,2,GCM,35.0,10.0,080,5.0,2,1500,0,0,0,0,0,0
CF,FS26,19.313167,-81.271439,0,GCM,80.0,5.9,260.0,4.1,2,1500,0,0,0,0,0,0

FINAL,S26,26,D,2
IF,FS26,19.313167,-81.271439,GCM,80.0,5.9,2,1500,0,0,0,0,2,0
CF,RW26,19.294850,-81.349056,0,GCM,79.9,1.3,260.0,4.5,1,55,0,0,0,0,3,0
CA,0,260.0,2,1500,0,0,0,0,0,0
DF,GCM,19.289394,-81.372033,2, ,0.0,0.0,0,0,0,0,0,0,0,0
HM,GCM,19.289394,-81.372033,2, ,0.0,0.0,260.0,04.3,0,0,0,1,230,0,0,0,0

