SID,ALPHA,10,1
CA,0,96.0,2,517,0,0,0,0,0,0
FA,NA,-18.042306,178.561944,2,NA,0.0,0.0,210.0,2,3000,0,0,0,0,0,0
DF,NV,-18.237222,178.168889,0, ,0.0,0.0,0,0,0,0,0,0,0,0

SID,ALPHA,28,1
CA,0,276.0,2,517,0,0,0,0,0,0
DF,NA,-18.042306,178.561944,2, ,0.0,0.0,0,0,0,0,0,0,0,0
FA,NA,-18.042306,178.561944,0,NA,0.0,0.0,210.0,2,3000,0,0,0,0,0,0
DF,NV,-18.237222,178.168889,0, ,0.0,0.0,0,0,0,0,0,0,0,0

SID,CHARLI,10,1
CA,0,96.0,2,517,0,0,0,0,0,0
FA,NA,-18.042306,178.561944,0,NA,0.0,0.0,107.0,2,517,0,0,0,0,0,0
DF,NA,-18.042306,178.561944,1, ,0.0,0.0,2,3000,0,0,0,0,0,0

SID,CHARLI,28,1
CA,0,276.0,2,517,0,0,0,0,0,0
VR,2,NA,54.0,107.0,0,0,0,0,0,0,0,0
DF,NA,-18.042306,178.561944,2, ,0.0,0.0,2,3000,0,0,0,0,0,0

SID,DELTA,10,1
CA,0,96.0,2,517,0,0,0,0,0,0
VI,0, ,0.0,24.0,0,0,0,0,0,0,0,0
IF,NA,-18.042306,178.561944, ,0.0,0.0,0,0,0,0,0,0,0,0
TF,ATOLL,-17.444867,180.000000,0, ,0.0,0.0,0.0,0.0,0,0,0,0,0,0,0,0

SID,DELTA,28,1
CA,0,276.0,2,517,0,0,0,0,0,0
VI,2, ,0.0,84.0,0,0,0,0,0,0,0,0
IF,NA,-18.042306,178.561944, ,0.0,0.0,0,0,0,0,0,0,0,0
TF,ATOLL,-17.444867,180.000000,0, ,0.0,0.0,0.0,0.0,0,0,0,0,0,0,0,0

SID,ECHO,10,1
CA,0,96.0,2,517,0,0,0,0,0,0
IF,NA,-18.042306,178.561944, ,0.0,0.0,0,0,0,0,0,0,0,0
TF,SAPIR,-18.801575,180.000000,0, ,0.0,0.0,0.0,0.0,0,0,0,0,0,0,0,0

SID,ECHO,28,1
CA,0,276.0,2,517,0,0,0,0,0,0
VI,2, ,0.0,137.0,0,0,0,0,0,0,0,0
IF,NA,-18.042306,178.561944, ,0.0,0.0,0,0,0,0,0,0,0,0
TF,SAPIR,-18.801575,180.000000,0, ,0.0,0.0,0.0,0.0,0,0,0,0,0,0,0,0

SID,FOXTRO,10,1
CA,0,96.0,2,517,0,0,0,0,0,0
FA,NA,-18.042306,178.561944,0,NA,0.0,0.0,176.0,2,5000,0,0,0,0,0,0
DF,ISTOS,-19.028333,178.396667,0, ,0.0,0.0,0,0,0,0,0,0,0,0

SID,FOXTRO,28,1
CA,0,276.0,2,517,0,0,0,0,0,0
DF,NA,-18.042306,178.561944,2, ,0.0,0.0,0,0,0,0,0,0,0,0
FA,NA,-18.042306,178.561944,0,NA,0.0,0.0,176.0,2,5000,0,0,0,0,0,0
DF,ISTOS,-19.028333,178.396667,0, ,0.0,0.0,0,0,0,0,0,0,0,0

APPTR,D10,10,D020J
IF,D020J,-17.901944,178.657133, ,0.0,0.0,2,2900,0,0,0,0,1,0
AF,D286J,-17.961119,178.409028,1,NA,286.0,10.0,20.0,2,2500,0,0,0,0,0,1
CF,CF10,-18.002119,178.424817,0,NA,274.0,8.2,94.0,1.8,2,2500,0,0,0,0,0,0

APPTR,D10,10,D170J
IF,D170J,-18.209403,178.552781, ,0.0,0.0,2,2900,0,0,0,0,1,0
AF,D262J,-18.027642,178.387706,2,NA,262.0,10.0,170.0,2,2900,0,0,0,0,0,1
CF,CF10,-18.002119,178.424817,0,NA,274.0,8.2,94.0,1.8,2,2500,0,0,0,0,0,0

APPTR,D10,10,NA
IF,NA,-18.042306,178.561944, ,0.0,0.0,2,3000,0,0,0,0,1,0
FD,NA,-18.042306,178.561944,0,NA,0.0,10.0,294.0,10.0,2,2900,0,0,0,0,0,0
CF,CF10,-18.002119,178.424817,1,NA,274.0,8.2,94.0,1.8,2,2500,0,0,0,0,0,0

FINAL,D10,10,D,4
IF,CF10,-18.002119,178.424817,NA,274.0,8.2,2,2500,0,0,0,0,0,0
CF,NO,-18.014722,178.467778,0,NA,274.0,5.6,94.0,2.6,2,1650,0,0,0,0,2,0
CF,30VOR,-18.027614,178.511767,0,NA,274.0,3.0,94.0,2.6,2,850,0,0,0,0,0,0
CF,RW10,-18.040892,178.551967,0,NA,265.4,0.6,94.0,2.4,1,67,0,0,0,0,3,0
CF,NA,-18.042306,178.561944,0,NA,0.0,0.0,94.0,0.6,0,0,0,0,0,0,0,1
VA,0,94.0,2,3000,0,0,0,0,0,0
DF,NA,-18.042306,178.561944,2, ,0.0,0.0,0,0,0,0,0,0,0,0

APPTR,D28,28,D011J
IF,D011J,-17.889428,178.633028, ,0.0,0.0,2,1200,0,0,0,0,1,0
AF,D100J,-18.107617,178.723014,2,NA,100.0,10.0,11.0,2,1200,0,0,0,0,0,0
CF,FF28,-18.068444,178.626358,0,NA,100.0,4.0,280.0,6.0,2,1200,0,0,0,0,0,0

APPTR,D28,28,D191J
IF,D191J,-18.195153,178.490736, ,0.0,0.0,2,1200,0,0,0,0,1,0
AF,D100J,-18.107617,178.723014,1,NA,100.0,10.0,191.0,2,1200,0,0,0,0,0,0
CF,FF28,-18.068444,178.626358,0,NA,100.0,4.0,280.0,6.0,2,1200,0,0,0,0,0,0

APPTR,D28,28,NA
IF,NA,-18.042306,178.561944, ,0.0,0.0,2,3000,0,0,0,0,1,0
FC,NA,-18.042306,178.561944,0,NA,0.0,0.0,80.0,7.0,0,0,0,0,0,0,0,1
CF,FF28,-18.068444,178.626358,2,NA,100.0,4.0,280.0,3.0,2,1200,0,0,0,0,0,0

FINAL,D28,28,D,2
IF,FF28,-18.068444,178.626358,NA,100.0,4.0,2,1200,0,0,0,0,2,0
CF,RW28,-18.046089,178.567572,0,NA,112.1,0.4,280.0,3.6,1,60,0,0,0,0,3,0
CF,NA,-18.042306,178.561944,0,NA,0.0,0.0,280.0,0.4,2,517,0,0,0,0,0,0
VA,2,94.0,2,3000,0,0,0,0,0,0
DF,NA,-18.042306,178.561944,2, ,0.0,0.0,1,3000,0,0,0,0,0,0

APPTR,Q10,10,NA200
IF,NA200,-17.930278,178.638525, ,0.0,0.0,2,2700,0,1,180,0,1,0
AF,CQ10,-18.000672,178.429050,1,NA,275.1,8.0,20.0,2,2400,0,0,0,0,0,0

APPTR,Q10,10,NA277
IF,NA,-18.047722,178.558861, ,0.0,0.0,2,3000,0,1,180,0,1,0
TF,NO,-18.014722,178.467778,0, ,0.0,0.0,0.0,0.0,0,0,0,0,0,0,0,0
FC,NO,-18.014722,178.467778,0,NA,0.0,0.0,322.0,3.5,0,0,0,0,0,0,0,1
CF,CQ10,-18.000672,178.429050,1,NA,275.1,8.0,97.0,1.0,2,2400,0,0,0,0,0,0

APPTR,Q10,10,NA297
IF,NA,-18.047722,178.558861, ,0.0,0.0,2,3000,0,1,180,0,1,0
FD,NA,-18.047722,178.558861,0,NA,195.6,8.0,297.0,8.0,0,0,0,0,0,0,0,0
CF,CQ10,-18.000672,178.429050,1,NA,275.1,8.0,97.0,1.0,2,2400,0,0,0,0,0,0

APPTR,Q10,10,NA350
IF,NA350,-18.175817,178.551836, ,0.0,0.0,2,5000,0,1,180,0,1,0
AF,NA015,-18.160458,178.496150,2,NA,195.0,8.0,171.0,2,5000,0,0,0,0,0,0
AF,NA085,-18.029361,178.422669,2,NA,262.5,8.0,195.0,2,2700,0,0,0,0,0,0
AF,CQ10,-18.000672,178.429050,2,NA,275.1,8.0,262.0,2,2400,0,0,0,0,0,0

FINAL,Q10,10,N,5
IF,CQ10,-18.000672,178.429050,NA,0.0,0.0,2,2400,0,0,0,0,0,0
CF,NO,-18.014722,178.467778,0,NA,0.0,0.0,97.0,2.4,2,1655,0,0,0,0,2,0
CF,30DME,-18.030406,178.511047,0,NA,0.0,0.0,97.0,2.7,2,860,0,0,0,0,0,0
CF,EP10,-18.044681,178.550464,0,NA,0.0,0.7,97.0,2.4,1,67,0,0,0,0,0,1
CF,NA,-18.047722,178.558861,0,NA,0.0,0.4,97.0,0.5,2,520,0,0,0,0,3,1
FA,NA,-18.047722,178.558861,0,NA,0.0,0.0,97.0,2,3000,0,0,0,0,0,0
DF,NA,-18.047722,178.558861,2, ,0.0,0.0,0,0,0,0,0,0,0,0

APPTR,Q28,28,NA
IF,NA,-18.047722,178.558861, ,0.0,0.0,2,3000,0,0,0,0,1,0
FC,NA,-18.047722,178.558861,0,NA,0.0,0.0,69.0,7.0,0,0,0,0,0,0,0,1
CF,FN28,-18.061936,178.628836,2,NA,94.1,4.0,269.0,3.0,2,1200,0,0,0,0,0,0

APPTR,Q28,28,NA179
IF,NA179,-17.911008,178.589214, ,0.0,0.0,2,5000,0,0,0,0,1,0
AF,NA255,-18.042892,178.701875,2,NA,77.3,8.0,358.0,2,1200,0,0,0,0,0,1
CF,FN28,-18.061936,178.628836,0,NA,94.1,4.0,269.0,4.0,2,1200,0,0,0,0,0,0

APPTR,Q28,28,NA359
IF,NA359,-18.172861,178.531033, ,0.0,0.0,2,5000,0,0,0,0,1,0
AF,NA350,-18.175817,178.551836,1,NA,171.1,8.0,180.0,2,5000,0,0,0,0,0,0
AF,NA283,-18.106419,178.684803,1,NA,105.6,8.0,171.0,2,1200,0,0,0,0,0,1
CF,FN28,-18.061936,178.628836,0,NA,94.1,4.0,269.0,4.0,2,1200,0,0,0,0,0,0

FINAL,Q28,28,N,3
IF,FN28,-18.061936,178.628836,NA,0.0,0.0,2,1200,0,0,0,0,2,0
CF,EP28,-18.049344,178.566847,0,NA,0.0,0.5,269.0,3.6,1,60,0,0,0,0,0,1
CF,NA,-18.047722,178.558861,0,NA,0.0,0.4,269.0,0.5,2,520,0,0,0,0,3,1
VA,2,94.0,2,3000,0,0,0,0,0,0
DF,NA,-18.047722,178.558861,2, ,0.0,0.0,0,0,0,0,0,0,0,0

APPTR,R10,10,FNAWA
IF,FNAWA,-18.051114,178.283044, ,0.0,0.0,2,5200,0,0,0,0,1,0
TF,FNAWI,-17.973311,178.349361,0, ,0.0,0.0,0.0,0.0,2,3975,0,0,0,0,1,0

APPTR,R10,10,FNAWB
IF,FNAWB,-17.940189,178.250336, ,0.0,0.0,2,5200,0,0,0,0,1,0
TF,FNAWI,-17.973311,178.349361,0, ,0.0,0.0,0.0,0.0,2,3975,0,0,0,0,1,0

APPTR,R10,10,FNAWC
IF,FNAWC,-17.872925,178.347875, ,0.0,0.0,2,5200,0,0,0,0,1,0
TF,FNAWI,-17.973311,178.349361,0, ,0.0,0.0,0.0,0.0,2,3975,0,0,0,0,1,0

FINAL,R10,10,R,3
IF,FNAWI,-17.973311,178.349361, ,0.0,0.0,2,3975,0,0,0,0,0,0
TF,FNAWF,-18.006386,178.448422,0, ,0.0,0.0,96.0,6.0,2,2065,0,0,0,0,2,0
TF,FNAWM,-18.039408,178.547522,0, ,0.0,0.0,96.0,6.0,1,153,0,0,0,0,3,1
DF,FNAWT,-18.055900,178.597086,0, ,0.0,0.0,0,0,0,0,0,0,0,1
DF,FNAWH,-17.943419,178.631228,1, ,0.0,0.0,0,0,0,0,0,0,0,0
CA,0,291.0,2,5200,0,0,0,0,0,0

APPTR,R28,28,FNAED
IF,FNAED,-18.037622,178.792556, ,0.0,0.0,2,3300,0,1,220,0,1,0
TF,FNAEI,-18.102481,178.737300,0, ,0.0,0.0,0.0,0.0,2,3300,0,0,0,0,1,0

APPTR,R28,28,FNAEE
IF,FNAEE,-18.129883,178.819969, ,0.0,0.0,2,3300,0,1,220,0,1,0
TF,FNAEI,-18.102481,178.737300,0, ,0.0,0.0,0.0,0.0,2,3300,0,0,0,0,1,0

APPTR,R28,28,FNAEG
IF,FNAEG,-18.186133,178.738547, ,0.0,0.0,2,3300,0,1,220,0,1,0
TF,FNAEI,-18.102481,178.737300,0, ,0.0,0.0,0.0,0.0,2,3300,0,0,0,0,1,0

FINAL,R28,28,R,3
IF,FNAEI,-18.102481,178.737300, ,0.0,0.0,2,3300,0,0,0,0,0,0
TF,FNAEF,-18.075042,178.654658,0, ,0.0,0.0,276.0,5.0,2,1740,0,0,0,0,2,0
TF,FNAEM,-18.047569,178.572042,0, ,0.0,0.0,276.0,5.0,1,146,0,0,0,0,3,1
DF,FNAET,-18.031069,178.522483,0, ,0.0,0.0,0,0,0,0,0,0,0,1
CA,2,67.0,2,3300,0,0,0,0,0,0

