APPTR,R08-A,08,ARIES
IF,ARIES,-15.712075,-175.545947, ,0.0,0.0,0,0,0,0,0,0,1,0
TF,ORION,-15.654900,-175.509997,0, ,0.0,0.0,0.0,0.0,2,2000,0,0,0,0,0,0

APPTR,R08-A,08,ORION
HF,ORION,-15.654900,-175.509997,2, ,0.0,0.0,303.0,04,2,2000,0,0,0,0,1,0,0

APPTR,R08-A,08,VIRGO
IF,VIRGO,-15.619756,-175.451194, ,0.0,0.0,0,0,0,0,0,0,1,0
TF,ORION,-15.654900,-175.509997,0, ,0.0,0.0,0.0,0.0,2,2000,0,0,0,0,0,0

FINAL,R08-A,08,R,3
IF,ORION,-15.654900,-175.509997, ,0.0,0.0,2,2000,0,0,0,0,0,0
TF,FF303,-15.606750,-175.558000,0, ,0.0,0.0,303.0,4.0,2,640,0,0,0,0,2,0
TF,MA303,-15.570631,-175.593986,0, ,0.0,0.0,303.0,3.0,1,640,0,0,0,0,3,0
CA,0,303.0,2,640,0,0,0,0,0,0
DF,VENUS,-15.486331,-175.677906,0, ,0.0,0.0,0,0,0,0,0,0,0,0
HM,VENUS,-15.486331,-175.677906,2, ,0.0,0.0,123.0,04,1,2000,0,0,0,0,0,0,0

APPTR,R26-A,26,ARIES
IF,ARIES,-15.712075,-175.545947, ,0.0,0.0,0,0,0,0,0,0,1,0
TF,ORION,-15.654900,-175.509997,0, ,0.0,0.0,0.0,0.0,2,2000,0,0,0,0,0,0

APPTR,R26-A,26,ORION
HF,ORION,-15.654900,-175.509997,2, ,0.0,0.0,303.0,04,2,2000,0,0,0,0,1,0,0

APPTR,R26-A,26,VIRGO
IF,VIRGO,-15.619756,-175.451194, ,0.0,0.0,0,0,0,0,0,0,1,0
TF,ORION,-15.654900,-175.509997,0, ,0.0,0.0,0.0,0.0,2,2000,0,0,0,0,0,0

FINAL,R26-A,26,R,3
IF,ORION,-15.654900,-175.509997, ,0.0,0.0,2,2000,0,0,0,0,0,0
TF,FF303,-15.606750,-175.558000,0, ,0.0,0.0,303.0,4.0,2,640,0,0,0,0,2,0
TF,MA303,-15.570631,-175.593986,0, ,0.0,0.0,303.0,3.0,1,640,0,0,0,0,3,0
CA,0,303.0,2,640,0,0,0,0,0,0
DF,VENUS,-15.486331,-175.677906,0, ,0.0,0.0,0,0,0,0,0,0,0,0
HM,VENUS,-15.486331,-175.677906,2, ,0.0,0.0,123.0,04,1,2000,0,0,0,0,0,0,0

