APPTR,N11,11,MK
IF,MK,-16.587806,-143.655250, ,0.0,0.0,2,1500,0,0,0,0,1,0
FC,MK,-16.587806,-143.655250,0,MK,0.0,0.0,312.0,7.5,2,1200,0,0,0,0,0,1
CF,FN11,-16.538369,-143.718525,1,MK,296.0,4.7,116.0,2.5,2,1200,0,0,0,0,0,0

FINAL,N11,11,N,2
IF,FN11,-16.538369,-143.718525,MK,0.0,0.0,2,1200,0,0,0,0,2,0
CF,RW11,-16.580081,-143.664236,0,MK,0.0,0.0,116.0,4.0,1,58,0,0,0,0,3,0
CF,MK,-16.587806,-143.655250,0,MK,0.0,0.0,116.0,0.7,0,0,0,0,0,0,0,1
CA,0,116.0,2,1500,0,0,0,0,0,0

APPTR,N29,29,MK
IF,MK,-16.587806,-143.655250, ,0.0,0.0,2,1500,0,0,0,0,1,0
FC,MK,-16.587806,-143.655250,0,MK,0.0,0.0,122.0,7.5,2,1200,0,0,0,0,0,1
CF,FN29,-16.620867,-143.593369,1,MK,106.0,4.1,286.0,3.5,2,1200,0,0,0,0,0,0

FINAL,N29,29,N,2
IF,FN29,-16.620867,-143.593369,MK,0.0,0.0,2,1200,0,0,0,0,2,0
CF,MK,-16.587806,-143.655250,0,MK,0.0,0.0,286.0,4.1,1,35,0,0,0,0,3,0
CA,0,286.0,2,1500,0,0,0,0,0,0

APPTR,R11,11,AKUSA
IF,AKUSA,-16.562222,-143.850000, ,0.0,0.0,2,1500,0,0,0,0,1,0
TF,AKARI,-16.492389,-143.802250,0, ,0.0,0.0,0.0,0.0,2,1500,0,0,0,0,1,0

APPTR,R11,11,MAKOM
IF,MAKOM,-16.586722,-143.653778, ,0.0,0.0,2,1500,0,0,0,0,1,0
TF,GM403,-16.603278,-143.781167,0, ,0.0,0.0,0.0,0.0,2,1500,0,0,0,0,0,0
TF,AKUSA,-16.562222,-143.850000,0, ,0.0,0.0,0.0,0.0,2,1500,0,0,0,0,0,0
TF,AKARI,-16.492389,-143.802250,2, ,0.0,0.0,0.0,0.0,2,1500,0,0,0,0,1,0

FINAL,R11,11,R,3
IF,AKARI,-16.492389,-143.802250, ,0.0,0.0,2,1500,0,0,0,0,1,0
TF,GM401,-16.538417,-143.729833,0, ,0.0,0.0,111.0,5.0,1,1500,0,0,0,0,2,0
TF,RW11,-16.580081,-143.664236,0, ,0.0,0.0,111.0,4.5,1,58,0,0,0,0,3,1
CA,0,111.0,2,800,0,0,0,0,0,0
DF,GM403,-16.603278,-143.781167,2, ,0.0,0.0,0,0,0,0,0,0,0,0
TF,AKUSA,-16.562222,-143.850000,0, ,0.0,0.0,0.0,0.0,2,1500,0,0,0,0,0,0

APPTR,R29,29,EGOVA
IF,EGOVA,-16.604667,-143.467528, ,0.0,0.0,2,1500,0,0,0,0,1,0
TF,IBUKI,-16.674583,-143.515194,0, ,0.0,0.0,0.0,0.0,2,1500,0,0,0,0,1,0

APPTR,R29,29,MAKOM
IF,MAKOM,-16.586722,-143.653778, ,0.0,0.0,2,1500,0,0,0,0,1,0
TF,GM404,-16.563222,-143.537278,0, ,0.0,0.0,0.0,0.0,2,1500,0,0,0,0,0,0
TF,EGOVA,-16.604667,-143.467528,0, ,0.0,0.0,0.0,0.0,2,1500,0,0,0,0,0,0
TF,IBUKI,-16.674583,-143.515194,2, ,0.0,0.0,0.0,0.0,2,1500,0,0,0,0,1,0

FINAL,R29,29,R,3
IF,IBUKI,-16.674583,-143.515194, ,0.0,0.0,2,1500,0,0,0,0,1,0
TF,GM402,-16.628611,-143.587722,0, ,0.0,0.0,291.0,5.0,1,1500,0,0,0,0,2,0
TF,RW29,-16.587039,-143.653278,0, ,0.0,0.0,291.0,4.5,1,60,0,0,0,0,3,1
CA,0,291.0,2,800,0,0,0,0,0,0
DF,GM404,-16.563222,-143.537278,2, ,0.0,0.0,0,0,0,0,0,0,0,0
TF,EGOVA,-16.604667,-143.467528,0, ,0.0,0.0,0.0,0.0,2,1500,0,0,0,0,0,0

