SID,16LIM3,16,2
CA,0,164.0,2,1000,0,0,0,0,0,0
DF,NR,-39.453803,176.868925,1, ,0.0,0.0,0,0,0,0,0,0,0,0

SID,16LIM3,GENDA,3
IF,NR,-39.453803,176.868925, ,0.0,0.0,2,5500,0,0,0,0,0,0
TF,GENDA,-39.178036,176.557794,0, ,0.0,0.0,0.0,0.0,0,0,0,0,0,0,0,0

SID,16LIM3,MOOSE,3
IF,NR,-39.453803,176.868925, ,0.0,0.0,2,4500,0,0,0,0,0,0
TF,MOOSE,-38.877128,176.628392,0, ,0.0,0.0,0.0,0.0,0,0,0,0,0,0,0,0

SID,16LIM3,RUAHI,3
IF,NR,-39.453803,176.868925, ,0.0,0.0,2,4200,0,0,0,0,0,0
TF,RUAHI,-39.516031,176.123347,0, ,0.0,0.0,0.0,0.0,0,0,0,0,0,0,0,0

SID,34LIM3,34,2
CA,0,344.0,2,1000,0,0,0,0,0,0
DF,NR,-39.453803,176.868925,2, ,0.0,0.0,0,0,0,0,0,0,0,0

SID,34LIM3,GENDA,3
IF,NR,-39.453803,176.868925, ,0.0,0.0,2,5500,0,0,0,0,0,0
TF,GENDA,-39.178036,176.557794,0, ,0.0,0.0,0.0,0.0,0,0,0,0,0,0,0,0

SID,34LIM3,MOOSE,3
IF,NR,-39.453803,176.868925, ,0.0,0.0,2,4500,0,0,0,0,0,0
TF,MOOSE,-38.877128,176.628392,0, ,0.0,0.0,0.0,0.0,0,0,0,0,0,0,0,0

SID,LEDIV2,16,5
CF,LEDIV,-39.528047,176.860769,0,NR,163.9,4.5,163.0,3.0,0,0,0,0,0,0,0,1

SID,LEDIV2,GENDA,6
IF,LEDIV,-39.528047,176.860769, ,0.0,0.0,0,0,0,0,0,0,0,0
DF,PINES,-39.490753,176.690625,2, ,0.0,0.0,0,0,0,0,0,0,0,0
TF,GENDA,-39.178036,176.557794,0, ,0.0,0.0,0.0,0.0,0,0,0,0,0,0,0,0

SID,LEDIV2,MOOSE,6
IF,LEDIV,-39.528047,176.860769, ,0.0,0.0,0,0,0,0,0,0,0,0
DF,PINES,-39.490753,176.690625,2, ,0.0,0.0,0,0,0,0,0,0,0,0
TF,GENDA,-39.178036,176.557794,0, ,0.0,0.0,0.0,0.0,0,0,0,0,0,0,0,0
TF,MOOSE,-38.877128,176.628392,0, ,0.0,0.0,0.0,0.0,0,0,0,0,0,0,0,0

SID,LEDIV2,NOSAM,6
IF,LEDIV,-39.528047,176.860769, ,0.0,0.0,0,0,0,0,0,0,0,0
DF,NOSAM,-39.676275,176.289808,0, ,0.0,0.0,0,0,0,0,0,0,0,0

SID,MOOSE1,16,5
CF,LEDIV,-39.528047,176.860769,0,NR,163.9,4.5,163.0,3.0,0,0,0,0,0,0,0,1
DF,ISNOS,-39.513611,177.036614,1, ,0.0,0.0,0,0,0,0,0,0,0,0
TF,SUPUK,-39.296608,177.185419,0, ,0.0,0.0,0.0,0.0,0,0,0,0,0,0,0,0
TF,MOOSE,-38.877128,176.628392,0, ,0.0,0.0,0.0,0.0,0,0,0,0,0,0,0,0

SID,OBLOX2,34,5
CF,OBLOX,-39.411636,176.873575,0,NR,343.9,2.5,343.0,3.0,0,0,0,0,0,0,0,1

SID,OBLOX2,GENDA,6
IF,OBLOX,-39.411636,176.873575, ,0.0,0.0,0,0,0,0,0,0,0,0
DF,GENDA,-39.178036,176.557794,0, ,0.0,0.0,0,0,0,0,0,0,0,0

SID,OBLOX2,MOKER,6
IF,OBLOX,-39.411636,176.873575, ,0.0,0.0,0,0,0,0,0,0,0,0
DF,MOKER,-39.168547,176.749369,0, ,0.0,0.0,0,0,0,0,0,0,0,0

SID,OBLOX2,NOSAM,6
IF,OBLOX,-39.411636,176.873575, ,0.0,0.0,0,0,0,0,0,0,0,0
DF,POSOL,-39.471061,176.564639,1, ,0.0,0.0,3,6000,0,0,0,0,0,0
TF,NOSAM,-39.676275,176.289808,0, ,0.0,0.0,0.0,0.0,0,0,0,0,0,0,0,0

STAR,ADGI1A,16,5
IF,ADGIN,-39.738058,176.568892, ,0.0,0.0,0,0,0,0,0,0,0,0
TF,PINES,-39.490753,176.690625,0, ,0.0,0.0,0.0,0.0,0,0,0,0,0,0,0,0
TF,ELBOW,-39.267178,176.866244,0, ,0.0,0.0,0.0,0.0,0,0,0,0,0,0,0,0

STAR,ADGI1B,34,5
IF,ADGIN,-39.738058,176.568892, ,0.0,0.0,0,0,0,0,0,0,0,0
TF,OHITI,-39.612664,176.742783,0, ,0.0,0.0,0.0,0.0,0,0,0,0,0,0,0,0

STAR,GEND1A,16,5
IF,GENDA,-39.178036,176.557794, ,0.0,0.0,0,0,0,0,0,0,0,0
TF,OKURA,-39.232450,176.745639,0, ,0.0,0.0,0.0,0.0,0,0,0,0,0,0,0,0
TF,ELBOW,-39.267178,176.866244,0, ,0.0,0.0,0.0,0.0,0,0,0,0,0,0,0,0

STAR,GEND2B,34,5
IF,GENDA,-39.178036,176.557794, ,0.0,0.0,0,0,0,0,0,0,0,0
TF,PINES,-39.490753,176.690625,0, ,0.0,0.0,0.0,0.0,0,0,0,0,0,0,0,0
TF,OHITI,-39.612664,176.742783,0, ,0.0,0.0,0.0,0.0,0,0,0,0,0,0,0,0

STAR,MOKE1A,16,5
IF,MOKER,-39.168547,176.749369, ,0.0,0.0,0,0,0,0,0,0,0,0
TF,BERRY,-39.193664,176.779086,0, ,0.0,0.0,0.0,0.0,0,0,0,0,0,0,0,0
TF,ELBOW,-39.267178,176.866244,0, ,0.0,0.0,0.0,0.0,0,0,0,0,0,0,0,0

STAR,MOKE1B,34,5
IF,MOKER,-39.168547,176.749369, ,0.0,0.0,0,0,0,0,0,0,0,0
TF,ELAND,-39.309206,176.723778,0, ,0.0,0.0,0.0,0.0,0,0,0,0,0,0,0,0
TF,PINES,-39.490753,176.690625,0, ,0.0,0.0,0.0,0.0,0,0,0,0,0,0,0,0
TF,OHITI,-39.612664,176.742783,0, ,0.0,0.0,0.0,0.0,0,0,0,0,0,0,0,0

STAR,NR2A,34,2
IF,NR,-39.453803,176.868925, ,0.0,0.0,0,0,0,0,0,0,0,0
CI,0, ,0.0,100.0,2,3000,0,0,0,0,0,0
AF,AKINA,-39.619847,176.850589,2,NR,163.9,10.0,100.0,0,0,0,0,0,0,0,0

STAR,NR2B,34,2
IF,NR,-39.453803,176.868925, ,0.0,0.0,0,0,0,0,0,0,0,0
CI,0, ,0.0,120.0,2,3000,0,0,0,0,0,0
AF,AKINA,-39.619847,176.850589,2,NR,163.9,10.0,120.0,0,0,0,0,0,0,0,0

STAR,NR2C,16,2
IF,NR,-39.453803,176.868925, ,0.0,0.0,0,0,0,0,0,0,0,0
CI,0, ,0.0,50.0,2,3000,0,0,0,0,0,0
AF,AROPA,-39.303831,176.963050,1,NR,5.0,10.0,50.0,0,0,0,0,0,0,0,0

STAR,NR2D,16,2
IF,NR,-39.453803,176.868925, ,0.0,0.0,0,0,0,0,0,0,0,0
TF,PANIA,-39.457358,177.084058,0, ,0.0,0.0,0.0,0.0,2,3000,0,0,0,0,0,0

STAR,OPAP1B,34,5
IF,OPAPA,-39.793722,176.690108, ,0.0,0.0,0,0,0,0,0,0,0,0
TF,AKINA,-39.619847,176.850589,0, ,0.0,0.0,0.0,0.0,0,0,0,0,0,0,0,0

STAR,OPAP2A,16,5
IF,OPAPA,-39.793722,176.690108, ,0.0,0.0,0,0,0,0,0,0,0,0
TF,PINES,-39.490753,176.690625,0, ,0.0,0.0,0.0,0.0,0,0,0,0,0,0,0,0
TF,ELBOW,-39.267178,176.866244,0, ,0.0,0.0,0.0,0.0,0,0,0,0,0,0,0,0

STAR,PANI1A,ADGIN,4
IF,ADGIN,-39.738058,176.568892, ,0.0,0.0,0,0,0,0,0,0,0,0
TF,PANIA,-39.457358,177.084058,0, ,0.0,0.0,0.0,0.0,0,0,0,0,0,0,0,0

STAR,PANI1A,NR,4
IF,NR,-39.453803,176.868925, ,0.0,0.0,0,0,0,0,0,0,0,0
TF,PANIA,-39.457358,177.084058,0, ,0.0,0.0,0.0,0.0,0,0,0,0,0,0,0,0

STAR,PANI1A,16,5
IF,PANIA,-39.457358,177.084058, ,0.0,0.0,0,0,0,0,0,0,0,0
TF,NANUA,-39.340242,177.059539,0, ,0.0,0.0,0.0,0.0,0,0,0,0,0,0,0,0

STAR,YARO1B,34,5
IF,YARRO,-39.702611,176.520306, ,0.0,0.0,0,0,0,0,0,0,0,0
TF,OHITI,-39.612664,176.742783,0, ,0.0,0.0,0.0,0.0,0,0,0,0,0,0,0,0

STAR,YARO2A,16,5
IF,YARRO,-39.702611,176.520306, ,0.0,0.0,0,0,0,0,0,0,0,0
TF,PINES,-39.490753,176.690625,0, ,0.0,0.0,0.0,0.0,0,0,0,0,0,0,0,0
TF,ELBOW,-39.267178,176.866244,0, ,0.0,0.0,0.0,0.0,0,0,0,0,0,0,0,0

APPTR,D16,16,D114J
IF,D114J,-39.571656,177.021333, ,0.0,0.0,0,0,0,0,0,0,0,0
AF,PANIA,-39.457358,177.084058,1,NR,70.3,10.0,114.0,2,2300,0,0,0,0,0,0
AF,AROPA,-39.303831,176.963050,1,NR,5.0,10.0,70.0,2,2300,0,0,0,0,0,0
TF,D005G,-39.348833,176.934856,0, ,0.0,0.0,0.0,0.0,2,2300,0,0,0,0,0,0
TF,D005F,-39.369828,176.921683,0, ,0.0,0.0,0.0,0.0,2,1900,0,0,0,0,0,0
TF,FD16,-39.378900,176.915989,0, ,0.0,0.0,0.0,0.0,2,1700,0,0,0,0,0,0

APPTR,D16,16,D275J
IF,D275J,-39.380517,176.675731, ,0.0,0.0,0,0,0,0,0,0,0,0
AF,D315J,-39.301378,176.781594,2,NR,315.0,10.0,275.0,2,3700,0,0,0,0,0,0
AF,D345J,-39.287900,176.891364,2,NR,345.0,10.0,315.0,2,3500,0,0,0,0,0,0
AF,AROPA,-39.303831,176.963050,2,NR,5.0,10.0,345.0,2,2700,0,0,0,0,0,0
CF,D005H,-39.329333,176.947075,0,NR,5.0,8.3,185.0,1.7,2,2700,0,0,0,0,0,0
TF,D005G,-39.348833,176.934856,0, ,0.0,0.0,0.0,0.0,2,2300,0,0,0,0,0,0
TF,FD16,-39.378900,176.915989,0, ,0.0,0.0,0.0,0.0,2,1700,0,0,0,0,0,0

APPTR,D16,16,NR1
IF,NR,-39.453803,176.868925, ,0.0,0.0,2,3000,0,0,0,0,0,0
FD,NR,-39.453803,176.868925,0,NR,0.0,10.0,28.0,10.0,2,2700,0,0,0,0,0,0
CF,AROPA,-39.303831,176.963050,1,NR,5.0,10.0,185.0,1.0,2,2700,0,0,0,0,0,0
CF,D005H,-39.329333,176.947075,0,NR,5.0,8.3,185.0,1.7,2,2700,0,0,0,0,0,0
TF,D005G,-39.348833,176.934856,0, ,0.0,0.0,0.0,0.0,2,2300,0,0,0,0,0,0
TF,FD16,-39.378900,176.915989,0, ,0.0,0.0,0.0,0.0,2,1700,0,0,0,0,0,0

APPTR,D16,16,NR2
IF,NR,-39.453803,176.868925, ,0.0,0.0,2,3000,0,0,0,0,0,0
FD,NR,-39.453803,176.868925,0,NR,0.0,7.0,18.0,7.0,2,1900,0,0,0,0,0,0
CF,D005G,-39.348833,176.934856,1,NR,5.0,7.0,185.0,1.0,2,1900,0,0,0,0,0,0
TF,D005F,-39.369828,176.921683,0, ,0.0,0.0,0.0,0.0,2,1900,0,0,0,0,0,0
TF,FD16,-39.378900,176.915989,0, ,0.0,0.0,0.0,0.0,2,1700,0,0,0,0,0,0

FINAL,D16,16,D,3
IF,FD16,-39.378900,176.915989,NR,5.0,5.0,2,1700,0,0,0,0,2,0
CF,15VOR,-39.431311,176.883067,0,NR,5.0,1.5,185.0,3.5,2,650,0,0,0,0,0,0
CF,NR,-39.453803,176.868925,0,NR,0.0,0.0,185.0,1.5,1,207,0,0,0,0,3,0
CA,0,185.0,2,510,0,0,0,0,0,0
CI,1, ,0.0,40.0,0,0,0,0,0,0,0,0
CF,PANIA,-39.457358,177.084058,0,NR,70.3,10.0,70.0,3.0,2,2300,0,0,0,0,0,0

APPTR,D34,34,AKINA
HF,AKINA,-39.619847,176.850589,2, ,0.0,0.0,344.0,05,2,3300,0,1,230,0,0,0,0
CF,CF34,-39.568461,176.855961,0,NR,164.0,6.9,344.0,3.1,2,1800,0,0,0,0,0,0

APPTR,D34,34,D255J
IF,D255J,-39.436169,176.654983, ,0.0,0.0,0,0,0,0,0,0,0,0
AF,D225J,-39.521417,176.672358,1,NR,225.0,10.0,255.0,2,3100,0,0,0,0,0,0
AF,AKINA,-39.619847,176.850589,1,NR,163.9,10.0,225.0,2,2000,0,0,0,0,0,0
CF,D164H,-39.578433,176.854833,0,NR,164.0,7.5,344.0,2.5,2,2000,0,0,0,0,0,0
CF,CF34,-39.568461,176.855961,0,NR,164.0,6.9,344.0,0.6,2,1800,0,0,0,0,0,0

APPTR,D34,34,NR1
IF,NR,-39.453803,176.868925, ,0.0,0.0,2,3000,0,0,0,0,0,0
FD,NR,-39.453803,176.868925,0,NR,0.0,7.0,188.0,7.0,2,1800,0,1,210,0,0,0
CF,CF34,-39.568461,176.855961,1,NR,164.0,6.9,344.0,1.0,2,1800,0,0,0,0,0,0

APPTR,D34,34,NR2
IF,NR,-39.453803,176.868925, ,0.0,0.0,2,3000,0,0,0,0,0,0
FD,NR,-39.453803,176.868925,0,NR,0.0,9.0,176.0,9.0,2,1800,0,1,210,0,0,0
CF,CF34,-39.568461,176.855961,1,NR,164.0,6.9,344.0,2.1,2,1800,0,0,0,0,0,0

APPTR,D34,34,PANIA
IF,PANIA,-39.457358,177.084058, ,0.0,0.0,0,0,0,0,0,0,0,0
AF,AKINA,-39.619847,176.850589,2,NR,163.9,10.0,70.0,2,2000,0,0,0,0,0,0
CF,D164H,-39.578433,176.854833,0,NR,164.0,7.5,344.0,2.5,2,2000,0,0,0,0,0,0
CF,CF34,-39.568461,176.855961,0,NR,164.0,6.9,344.0,0.6,2,1800,0,0,0,0,0,0

FINAL,D34,34,D,4
IF,CF34,-39.568461,176.855961,NR,164.0,6.9,2,1800,0,0,0,0,0,0
CF,FF34,-39.536822,176.859764,0,NR,163.9,5.0,344.0,1.9,2,1200,0,0,0,0,2,0
CF,32VOR,-39.506978,176.862917,0,NR,164.0,3.2,344.0,1.8,2,620,0,0,0,0,0,0
CF,RW34,-39.477694,176.866311,0,NR,163.9,1.4,344.0,1.8,1,55,0,0,0,0,3,0
CA,0,344.0,2,510,0,0,0,0,0,0
CF,PANIA,-39.457358,177.084058,0,NR,70.3,10.0,70.0,10.0,2,2300,0,1,185,0,0,0

APPTR,R16,16,AROPA
HF,AROPA,-39.303831,176.963050,1, ,0.0,0.0,185.0,04.3,2,4200,0,1,230,0,1,0,0

APPTR,R16,16,ELBOW
IF,ELBOW,-39.267178,176.866244, ,0.0,0.0,0,0,0,0,0,0,1,0
TF,AROPA,-39.303831,176.963050,0, ,0.0,0.0,0.0,0.0,2,2800,0,0,0,0,1,0

APPTR,R16,16,NANUA
IF,NANUA,-39.340242,177.059539, ,0.0,0.0,0,0,0,0,0,0,1,0
TF,AROPA,-39.303831,176.963050,0, ,0.0,0.0,0.0,0.0,2,2800,0,0,0,0,1,0

FINAL,R16,16,R,3
IF,AROPA,-39.303831,176.963050, ,0.0,0.0,2,2800,0,0,0,0,0,0
TF,FF16,-39.378392,176.915156,0, ,0.0,0.0,185.0,5.0,2,1700,0,0,0,0,2,0
TF,MA16,-39.449436,176.869419,0, ,0.0,0.0,185.0,4.8,1,278,0,0,0,0,3,1
CA,0,185.0,2,510,0,0,0,0,0,0
DF,PANIA,-39.457358,177.084058,1, ,0.0,0.0,2,2300,0,0,0,0,0,0

APPTR,R34,34,AKINA
HF,AKINA,-39.619847,176.850589,2, ,0.0,0.0,344.0,04.3,2,3300,0,1,230,0,1,0,0

APPTR,R34,34,MILLA
IF,MILLA,-39.626928,176.958408, ,0.0,0.0,0,0,0,0,0,0,1,0
TF,AKINA,-39.619847,176.850589,0, ,0.0,0.0,0.0,0.0,2,2000,0,0,0,0,1,0

APPTR,R34,34,OHITI
IF,OHITI,-39.612664,176.742783, ,0.0,0.0,0,0,0,0,0,0,1,0
TF,AKINA,-39.619847,176.850589,0, ,0.0,0.0,0.0,0.0,2,2000,0,0,0,0,1,0

FINAL,R34,34,R,3
IF,AKINA,-39.619847,176.850589, ,0.0,0.0,2,2000,0,0,0,0,0,0
TF,FF34,-39.536822,176.859764,0, ,0.0,0.0,344.0,5.0,2,1200,0,0,0,0,2,0
TF,RW34,-39.477694,176.866311,0, ,0.0,0.0,344.0,3.6,1,55,0,0,0,0,3,1
CA,0,344.0,2,510,0,0,0,0,0,0
DF,PANIA,-39.457358,177.084058,2, ,0.0,0.0,2,2300,0,0,0,0,0,0

APPTR,S34,34,NR1
IF,NR,-39.453803,176.868925, ,0.0,0.0,2,3000,0,0,0,0,0,0
FC,NR,-39.453803,176.868925,0,NR,0.0,0.0,188.0,7.0,2,1800,0,1,210,0,0,1
CF,FS34,-39.568750,176.855931,1,NR,164.0,6.9,344.0,1.0,2,1800,0,0,0,0,0,0

APPTR,S34,34,NR2
IF,NR,-39.453803,176.868925, ,0.0,0.0,2,3000,0,0,0,0,0,0
FC,NR,-39.453803,176.868925,0,NR,0.0,0.0,176.0,9.0,2,1800,0,1,210,0,0,1
CF,FS34,-39.568750,176.855931,1,NR,164.0,6.9,344.0,2.1,2,1800,0,0,0,0,0,0

FINAL,S34,34,D,2
IF,FS34,-39.568750,176.855931,NR,164.0,6.9,2,1800,0,0,0,0,2,0
CF,RW34,-39.477694,176.866311,0,NR,163.9,1.4,344.0,5.5,1,55,0,0,0,0,3,0
CF,NR,-39.453803,176.868925,0,NR,0.0,0.0,344.0,1.4,0,0,0,0,0,0,0,0
FA,NR,-39.453803,176.868925,0,NR,0.0,0.0,70.0,2,1500,0,0,0,0,0,0
DF,NR,-39.453803,176.868925,1, ,0.0,0.0,1,3000,0,1,185,0,0,0

