STAR,AS1B,20,5
IF,AS,-43.905194,171.808117, ,0.0,0.0,0,0,0,0,0,0,0,0
TF,UNTAT,-44.169642,171.384608,0, ,0.0,0.0,0.0,0.0,0,0,0,0,0,0,0,0

STAR,AS2A,02,5
IF,AS,-43.905194,171.808117, ,0.0,0.0,0,0,0,0,0,0,0,0
TF,DOPOP,-44.527844,171.193422,0, ,0.0,0.0,0.0,0.0,0,0,0,1,220,0,0,0

STAR,DOPO2B,20,5
IF,DOPOP,-44.527844,171.193422, ,0.0,0.0,0,0,0,0,0,0,0,0
TF,UNTAT,-44.169642,171.384608,0, ,0.0,0.0,0.0,0.0,0,0,0,0,0,0,0,0

STAR,DUBO2A,02,5
IF,DUBON,-43.500036,170.970981, ,0.0,0.0,0,0,0,0,0,0,0,0
TF,TU426,-44.132500,171.106944,0, ,0.0,0.0,0.0,0.0,0,0,0,0,0,0,0,0
TF,DOPOP,-44.527844,171.193422,0, ,0.0,0.0,0.0,0.0,0,0,0,0,0,0,0,0

STAR,DUBO2B,20,5
IF,DUBON,-43.500036,170.970981, ,0.0,0.0,0,0,0,0,0,0,0,0
TF,TU482,-43.841944,171.151944,0, ,0.0,0.0,0.0,0.0,0,0,0,0,0,0,0,0
TF,TU617,-43.943056,171.206111,0, ,0.0,0.0,0.0,0.0,0,0,0,0,0,0,0,0
TF,TU523,-43.997500,171.235000,0, ,0.0,0.0,0.0,0.0,0,0,0,0,0,0,0,0
TF,IBESU,-44.114450,171.297897,0, ,0.0,0.0,0.0,0.0,0,0,0,0,0,0,0,0

STAR,ELDA1B,20,5
IF,ELDAK,-43.919572,171.795322, ,0.0,0.0,0,0,0,0,0,0,0,0
TF,UNTAT,-44.169642,171.384608,0, ,0.0,0.0,0.0,0.0,0,0,0,0,0,0,0,0

STAR,ELDA2A,02,5
IF,ELDAK,-43.919572,171.795322, ,0.0,0.0,0,0,0,0,0,0,0,0
TF,DOPOP,-44.527844,171.193422,0, ,0.0,0.0,0.0,0.0,0,0,0,1,220,0,0,0

STAR,GUKO1A,02,5
IF,GUKON,-44.622797,171.070264, ,0.0,0.0,0,0,0,0,0,0,0,0
TF,DOPOP,-44.527844,171.193422,0, ,0.0,0.0,0.0,0.0,0,0,0,0,0,0,0,0

STAR,GUKO2B,20,5
IF,GUKON,-44.622797,171.070264, ,0.0,0.0,0,0,0,0,0,0,0,0
TF,DOPOP,-44.527844,171.193422,0, ,0.0,0.0,0.0,0.0,0,0,0,0,0,0,0,0
TF,UNTAT,-44.169642,171.384608,0, ,0.0,0.0,0.0,0.0,0,0,0,0,0,0,0,0

STAR,LX2A,02,5
IF,LX,-45.165539,169.479847, ,0.0,0.0,0,0,0,0,0,0,0,0
TF,TU537,-44.684722,170.781667,0, ,0.0,0.0,0.0,0.0,0,0,0,0,0,0,0,0
TF,TU479,-44.606389,170.987778,0, ,0.0,0.0,0.0,0.0,0,0,0,0,0,0,0,0
TF,DOPOP,-44.527844,171.193422,0, ,0.0,0.0,0.0,0.0,0,0,0,0,0,0,0,0

STAR,LX2B,20,5
IF,LX,-45.165539,169.479847, ,0.0,0.0,0,0,0,0,0,0,0,0
TF,TU518,-44.316111,170.958333,0, ,0.0,0.0,0.0,0.0,0,0,0,0,0,0,0,0
TF,IBESU,-44.114450,171.297897,0, ,0.0,0.0,0.0,0.0,0,0,0,0,0,0,0,0

STAR,MAMU2A,02,5
IF,MAMUS,-44.135103,170.280553, ,0.0,0.0,0,0,0,0,0,0,0,0
TF,TU411,-44.408611,170.913333,0, ,0.0,0.0,0.0,0.0,0,0,0,0,0,0,0,0
TF,DOPOP,-44.527844,171.193422,0, ,0.0,0.0,0.0,0.0,0,0,0,0,0,0,0,0

STAR,MAMU2B,20,5
IF,MAMUS,-44.135103,170.280553, ,0.0,0.0,0,0,0,0,0,0,0,0
TF,TU631,-44.121389,170.997222,0, ,0.0,0.0,0.0,0.0,0,0,0,0,0,0,0,0
TF,IBESU,-44.114450,171.297897,0, ,0.0,0.0,0.0,0.0,0,0,0,0,0,0,0,0

STAR,OMAR1B,20,5
IF,OMARU,-44.969931,171.081764, ,0.0,0.0,0,0,0,0,0,0,0,0
TF,IKALO,-44.224767,171.471483,0, ,0.0,0.0,0.0,0.0,0,0,0,0,0,0,0,0

STAR,OMAR2A,02,5
IF,OMARU,-44.969931,171.081764, ,0.0,0.0,0,0,0,0,0,0,0,0
TF,DOPOP,-44.527844,171.193422,0, ,0.0,0.0,0.0,0.0,0,0,0,0,0,0,0,0

STAR,UNTA2A,02,5
IF,UNTAT,-44.169642,171.384608, ,0.0,0.0,0,0,0,0,0,0,0,0
TF,DOPOP,-44.527844,171.193422,0, ,0.0,0.0,0.0,0.0,0,0,0,0,0,0,0,0

APPTR,N20,20,TU1
IF,TU,-44.308436,171.225047, ,0.0,0.0,2,3000,0,1,185,0,1,0
FC,TU,-44.308436,171.225047,0,TU,0.0,0.0,28.0,6.2,2,2000,0,0,0,0,0,1
CF,FN20,-44.222692,171.296669,1,TU,7.0,6.0,187.0,1.0,2,2000,0,0,0,0,0,0

APPTR,N20,20,TU2
IF,TU,-44.308436,171.225047, ,0.0,0.0,2,3000,0,1,185,0,1,0
FC,TU,-44.308436,171.225047,0,TU,0.0,0.0,25.0,6.0,2,2000,0,0,0,0,0,1
CF,FN20,-44.222692,171.296669,1,TU,7.0,6.0,187.0,1.0,2,2000,0,0,0,0,0,0

FINAL,N20,20,N,3
IF,FN20,-44.222692,171.296669,TU,0.0,0.0,2,2000,0,0,0,0,2,0
CF,EP20,-44.296322,171.235178,0,TU,0.0,0.0,187.0,5.2,1,135,0,0,0,0,0,1
CF,TU,-44.308436,171.225047,0,TU,0.0,0.0,187.0,0.9,2,590,0,0,0,0,3,1
CA,0,187.0,2,1000,0,0,0,0,0,0
DF,TU,-44.308436,171.225047,1, ,0.0,0.0,1,3000,0,0,0,0,0,0

APPTR,Q02,02,TU
IF,TU,-44.308436,171.225047, ,0.0,0.0,0,0,0,1,185,0,1,0
FD,TU,-44.308436,171.225047,0,TU,0.0,10.0,198.0,10.0,2,3100,0,0,0,0,0,0
CF,CQ02,-44.376381,171.078969,2,TU,213.0,7.5,33.0,3.0,2,2530,0,0,0,0,0,0

FINAL,Q02,02,N,4
IF,CQ02,-44.376381,171.078969,TU,0.0,0.0,2,2530,0,0,0,0,0,0
CF,FQ02,-44.349206,171.137478,0,TU,0.0,0.0,33.0,3.0,2,1570,0,0,0,0,2,0
CF,30NDB,-44.335650,171.166617,0,TU,0.0,0.0,33.0,1.5,2,1090,0,0,0,0,0,0
CF,MQ02,-44.317467,171.205669,0,TU,0.0,0.0,33.0,2.0,1,464,0,0,0,0,3,0
CA,0,33.0,2,1500,0,0,0,0,0,0
DF,TU,-44.308436,171.225047,2, ,0.0,0.0,1,3100,0,0,0,0,0,0

APPTR,Q20,20,TU
IF,TU,-44.308436,171.225047, ,0.0,0.0,2,3000,0,1,185,0,1,0
FD,TU,-44.308436,171.225047,0,TU,0.0,8.0,25.0,8.0,2,1500,0,0,0,0,0,0
CF,CQ20,-44.194022,171.320564,1,TU,7.0,8.0,187.0,1.0,2,1500,0,0,0,0,0,0

FINAL,Q20,20,N,3
IF,CQ20,-44.194022,171.320564,TU,0.0,0.0,2,1500,0,0,0,0,0,0
CF,FQ20,-44.236906,171.284814,0,TU,0.0,0.0,187.0,3.0,2,1400,0,0,0,0,2,0
CF,MQ20,-44.286925,171.243039,0,TU,0.0,1.5,187.0,3.5,1,345,0,0,0,0,3,0
CF,TU,-44.308436,171.225047,0,TU,0.0,0.0,187.0,1.5,0,0,0,0,0,0,0,0
CA,0,187.0,2,1000,0,0,0,0,0,0
DF,TU,-44.308436,171.225047,1, ,0.0,0.0,1,3000,0,0,0,0,0,0

APPTR,R02,02,DOPOP
IF,DOPOP,-44.527844,171.193422, ,0.0,0.0,2,2500,0,0,0,0,1,0
TF,IF02,-44.483903,171.123783,0, ,0.0,0.0,0.0,0.0,2,2500,0,0,0,0,0,0

FINAL,R02,02,R,3
IF,IF02,-44.483903,171.123783, ,0.0,0.0,2,2500,0,0,0,0,0,0
TF,FF02,-44.402231,171.146892,0, ,0.0,0.0,347.0,5.0,2,2150,0,0,0,0,2,0
TF,MA02,-44.312714,171.209022,0, ,0.0,0.0,2.0,6.0,1,383,0,0,0,0,3,1
CA,0,2.0,2,1000,0,0,0,0,0,0
DF,DOPOP,-44.527844,171.193422,2, ,0.0,0.0,1,2500,0,0,0,0,0,0

APPTR,R20,20,IBESU
IF,IBESU,-44.114450,171.297897, ,0.0,0.0,0,0,0,0,0,0,1,0
TF,UNTAT,-44.169642,171.384608,0, ,0.0,0.0,0.0,0.0,2,2000,0,0,0,0,1,0

APPTR,R20,20,IKALO
IF,IKALO,-44.224767,171.471483, ,0.0,0.0,0,0,0,0,0,0,1,0
TF,UNTAT,-44.169642,171.384608,0, ,0.0,0.0,0.0,0.0,2,2000,0,0,0,0,1,0

APPTR,R20,20,UNTAT
HF,UNTAT,-44.169642,171.384608,2, ,0.0,0.0,197.0,04.3,2,2000,0,0,0,0,1,0,0

FINAL,R20,20,R,3
IF,UNTAT,-44.169642,171.384608, ,0.0,0.0,2,2000,0,0,0,0,0,0
TF,FF20,-44.232139,171.307975,0, ,0.0,0.0,197.0,5.0,2,1650,0,0,0,0,2,0
TF,RW20,-44.294633,171.231261,0, ,0.0,0.0,197.0,5.0,1,135,0,0,0,0,3,1
CA,0,197.0,2,1000,0,0,0,0,0,0
DF,UNTAT,-44.169642,171.384608,1, ,0.0,0.0,1,2000,0,0,0,0,0,0

