FINAL,I35,35,I,3
IF,CI35,26.924644,49.434322,IJBL,165.1,8.3,2,1500,0,0,0,0,0,0
CF,LALBU,26.957278,49.426361,0,IJBL,165.0,6.3,345.0,2.0,1,1334,0,0,0,0,2,0
CF,RW35,27.021447,49.409625,0,IJBL,165.1,2.3,345.0,3.9,1,78,0,0,0,0,3,0
CA,0,345.0,2,3000,0,0,0,0,0,0
DF,JBL,27.039417,49.407083,2, ,0.0,0.0,1,3000,0,0,0,0,0,0
HM,JBL,27.039417,49.407083,2, ,0.0,0.0,165.0,04.3,0,0,0,0,0,0,0,0,0

FINAL,V17,17,D,2
IF,FV17,27.128283,49.376714,JBL,341.0,5.6,2,1500,0,0,0,0,2,0
CF,RW17,27.056589,49.400647,0,JBL,339.5,1.1,161.0,4.5,1,72,0,0,0,0,3,0
TF,JBL,27.039417,49.407083,0, ,0.0,0.0,0.0,0.0,2,430,0,0,0,0,0,1
DF,JBL,27.039417,49.407083,2, ,0.0,0.0,1,3000,0,0,0,0,0,0
HM,JBL,27.039417,49.407083,2, ,0.0,0.0,341.0,04.3,0,0,0,0,0,0,0,0,0

FINAL,V35,35,D,2
IF,FV35,26.947792,49.423275,JBL,169.0,5.6,2,1500,0,0,0,0,2,0
CF,RW35,27.021447,49.409625,0,JBL,170.8,1.1,349.0,4.5,1,78,0,0,0,0,3,0
TF,JBL,27.039417,49.407083,0, ,0.0,0.0,0.0,0.0,2,430,0,0,0,0,0,1
DF,JBL,27.039417,49.407083,2, ,0.0,0.0,1,3000,0,0,0,0,0,0
HM,JBL,27.039417,49.407083,2, ,0.0,0.0,169.0,04.3,0,0,0,0,0,0,0,0,0

