SID,ANTA1D,36,2
CD, ,0,0,0,PMA,0,0.0,360.0,5.0,0,0,0,0,0,0,0,0
CI,0, ,0.0,57.0,0,0,0,0,0,0,0,0
CF,ANTAP,25.117500,40.088056,0,PMA,27.4,40.0,28.0,31.0,2,15000,0,0,0,0,0,0

SID,ANTA1M,18,2
CA,0,180.0,2,3300,0,0,0,0,0,0
CI,1, ,0.0,47.0,0,0,0,0,0,0,0,0
CF,D092N,24.523164,39.959742,0,PMA,91.9,14.0,92.0,9.0,0,0,0,0,0,0,0,0
CI,0, ,0.0,92.0,0,0,0,0,0,0,0,0
AF,D036P,24.752394,39.893553,1,PMA,36.0,16.0,92.0,0,0,0,0,0,0,0,1
CF,ANTAP,25.117500,40.088056,0,PMA,27.4,40.0,28.0,24.0,2,15000,0,0,0,0,0,0

SID,ANTA1N,17,2
CA,0,165.0,2,3300,0,0,0,0,0,0
CI,1, ,0.0,47.0,0,0,0,0,0,0,0,0
CF,D092N,24.523164,39.959742,0,PMA,91.9,14.0,92.0,10.0,0,0,0,0,0,0,0,0
CI,0, ,0.0,92.0,0,0,0,0,0,0,0,0
AF,D036P,24.752394,39.893553,1,PMA,36.0,16.0,92.0,0,0,0,0,0,0,0,1
CF,ANTAP,25.117500,40.088056,0,PMA,27.4,40.0,28.0,24.0,2,15000,0,0,0,0,0,0

SID,ANTA1P,35,2
CD, ,0,0,0,PMA,0,0.0,345.0,5.0,0,0,0,0,0,0,0,0
CI,0, ,0.0,57.0,0,0,0,0,0,0,0,0
CF,ANTAP,25.117500,40.088056,0,PMA,27.4,40.0,28.0,29.0,2,15000,0,0,0,0,0,0

SID,ANTA2C,18,5
CF,MA850,24.363139,39.689389,0,PMA,180.5,11.1,180.0,10.2,2,5500,0,1,250,0,0,1
DF,ANTAP,25.117500,40.088056,1, ,0.0,0.0,2,15000,0,0,0,0,0,0

SID,ANTA2J,17,5
CF,MA860,24.367889,39.747528,0,PMA,163.8,11.0,165.0,10.2,2,5500,0,1,250,0,0,1
DF,ANTAP,25.117500,40.088056,1, ,0.0,0.0,2,15000,0,0,0,0,0,0

SID,ANTA2K,35,5
CF,MA800,24.680806,39.681083,0,PMA,346.6,8.1,345.0,6.2,2,4500,0,1,250,0,0,1
DF,ANTAP,25.117500,40.088056,0, ,0.0,0.0,2,15000,0,0,0,0,0,0

SID,ANTA2L,36,5
CF,MA900,24.673083,39.711889,0,PMA,358.8,7.5,360.0,6.4,2,4500,0,1,250,0,0,1
DF,ANTAP,25.117500,40.088056,0, ,0.0,0.0,2,15000,0,0,0,0,0,0

SID,DEGE1D,36,2
CD, ,0,0,0,PMA,0,0.0,360.0,5.0,0,0,0,0,0,0,0,0
CI,0, ,0.0,273.0,0,0,0,0,0,0,0,0
CF,DEGEN,24.948889,39.119167,0,PMA,303.0,40.0,303.0,27.0,2,15000,0,0,0,0,0,0

SID,DEGE1M,18,2
CA,0,180.0,2,2700,0,0,0,0,0,0
CF,D194N,24.324719,39.627036,0,PMA,193.8,14.0,194.0,12.0,0,0,0,0,0,0,0,0
CI,0, ,0.0,194.0,0,0,0,0,0,0,0,0
AF,D295P,24.677061,39.449183,2,PMA,295.0,16.0,194.0,0,0,0,0,0,0,0,1
CF,DEGEN,24.948889,39.119167,0,PMA,303.0,40.0,303.0,24.0,2,15000,0,0,0,0,0,0

SID,DEGE1N,17,2
CA,0,165.0,2,2700,0,0,0,0,0,0
CF,D194N,24.324719,39.627036,0,PMA,193.8,14.0,194.0,13.0,0,0,0,0,0,0,0,0
CI,0, ,0.0,194.0,0,0,0,0,0,0,0,0
AF,D295P,24.677061,39.449183,2,PMA,295.0,16.0,194.0,0,0,0,0,0,0,0,1
CF,DEGEN,24.948889,39.119167,0,PMA,303.0,40.0,303.0,24.0,2,15000,0,0,0,0,0,0

SID,DEGE1P,35,2
CD, ,0,0,0,PMA,0,0.0,345.0,5.0,0,0,0,0,0,0,0,0
CI,0, ,0.0,273.0,0,0,0,0,0,0,0,0
CF,DEGEN,24.948889,39.119167,0,PMA,303.0,40.0,303.0,28.0,2,15000,0,0,0,0,0,0

SID,DEGE2C,18,5
CF,MA850,24.363139,39.689389,0,PMA,180.5,11.1,180.0,10.2,2,5500,0,1,250,0,0,1
DF,MA730,24.339833,39.367417,0, ,0.0,0.0,2,9300,0,0,0,0,0,0
TF,DEGEN,24.948889,39.119167,0, ,0.0,0.0,0.0,0.0,2,15000,0,0,0,0,0,0

SID,DEGE2J,17,5
CF,MA860,24.367889,39.747528,0,PMA,163.8,11.0,165.0,10.2,2,5500,0,1,250,0,0,1
DF,MA730,24.339833,39.367417,2, ,0.0,0.0,2,10400,0,0,0,0,0,0
TF,DEGEN,24.948889,39.119167,0, ,0.0,0.0,0.0,0.0,2,15000,0,0,0,0,0,0

SID,DEGE2K,35,5
CF,MA800,24.680806,39.681083,0,PMA,346.6,8.1,345.0,6.2,2,4500,0,1,250,0,0,1
DF,DEGEN,24.948889,39.119167,0, ,0.0,0.0,2,15000,0,0,0,0,0,0

SID,DEGE2L,36,5
CF,MA900,24.673083,39.711889,0,PMA,358.8,7.5,360.0,6.4,2,4500,0,1,250,0,0,1
DF,DEGEN,24.948889,39.119167,0, ,0.0,0.0,2,15000,0,0,0,0,0,0

SID,ITIM2C,18,5
CF,MA850,24.363139,39.689389,0,PMA,180.5,11.1,180.0,10.2,2,5500,0,1,250,0,0,1
DF,ITIMU,24.254444,40.178889,0, ,0.0,0.0,2,15500,0,0,0,0,0,0

SID,ITIM2J,17,5
CF,MA860,24.367889,39.747528,0,PMA,163.8,11.0,165.0,10.2,2,5500,0,1,250,0,0,1
DF,ITIMU,24.254444,40.178889,0, ,0.0,0.0,2,15500,0,0,0,0,0,0

SID,ITIM2K,35,5
CF,MA800,24.680806,39.681083,0,PMA,346.6,8.1,345.0,6.2,2,4500,0,1,250,0,0,1
DF,ITIMU,24.254444,40.178889,2, ,0.0,0.0,2,15500,0,0,0,0,0,0

SID,ITIM2L,36,5
CF,MA900,24.673083,39.711889,0,PMA,358.8,7.5,360.0,6.4,2,4500,0,1,250,0,0,1
DF,ITIMU,24.254444,40.178889,2, ,0.0,0.0,2,15500,0,0,0,0,0,0

SID,KIVA1D,36,2
CD, ,0,0,0,PMA,0,0.0,360.0,5.0,0,0,0,0,0,0,0,0
CF,D060N,24.650642,39.935119,0,PMA,59.8,14.0,90.0,12.0,0,0,0,0,0,0,0,0
TF,D060P,24.664625,39.968367,0, ,0.0,0.0,0.0,0.0,0,0,0,0,0,0,0,0
AF,D084P,24.556636,39.997564,2,PMA,84.0,16.0,60.0,0,0,0,0,0,0,0,1
CF,KIVAP,24.476667,40.432222,0,PMA,91.9,40.0,92.0,24.0,2,15000,0,0,0,0,0,0

SID,KIVA1M,18,2
CA,0,180.0,2,3300,0,0,0,0,0,0
CI,1, ,0.0,47.0,0,0,0,0,0,0,0,0
CF,KIVAP,24.476667,40.432222,0,PMA,91.9,40.0,92.0,36.0,2,15000,0,0,0,0,0,0

SID,KIVA1N,17,2
CA,0,165.0,2,3300,0,0,0,0,0,0
CI,1, ,0.0,47.0,0,0,0,0,0,0,0,0
CF,KIVAP,24.476667,40.432222,0,PMA,91.9,40.0,92.0,36.0,2,15000,0,0,0,0,0,0

SID,KIVA1P,35,2
CD, ,0,0,0,PMA,0,0.0,345.0,5.0,0,0,0,0,0,0,0,0
CF,D060N,24.650642,39.935119,2,PMA,59.8,14.0,90.0,11.0,0,0,0,0,0,0,0,0
TF,D060P,24.664625,39.968367,0, ,0.0,0.0,0.0,0.0,0,0,0,0,0,0,0,0
AF,D084P,24.556636,39.997564,2,PMA,84.0,16.0,60.0,0,0,0,0,0,0,0,1
CF,KIVAP,24.476667,40.432222,0,PMA,91.9,40.0,92.0,24.0,2,15000,0,0,0,0,0,0

SID,KIVA2C,18,5
CF,MA850,24.363139,39.689389,0,PMA,180.5,11.1,180.0,10.2,2,5500,0,1,250,0,0,1
DF,KIVAP,24.476667,40.432222,1, ,0.0,0.0,2,15000,0,0,0,0,0,0

SID,KIVA2J,17,5
CF,MA860,24.367889,39.747528,0,PMA,163.8,11.0,165.0,10.2,2,5500,0,1,250,0,0,1
DF,KIVAP,24.476667,40.432222,1, ,0.0,0.0,2,15000,0,0,0,0,0,0

SID,KIVA2K,35,5
CF,MA800,24.680806,39.681083,0,PMA,346.6,8.1,345.0,6.2,2,4500,0,1,250,0,0,1
DF,KIVAP,24.476667,40.432222,2, ,0.0,0.0,2,15000,0,0,0,0,0,0

SID,KIVA2L,36,5
CF,MA900,24.673083,39.711889,0,PMA,358.8,7.5,360.0,6.4,2,4500,0,1,250,0,0,1
DF,KIVAP,24.476667,40.432222,2, ,0.0,0.0,2,15000,0,0,0,0,0,0

SID,LONI1D,36,2
CD, ,0,0,0,PMA,0,0.0,360.0,5.0,0,0,0,0,0,0,0,0
CI,0, ,0.0,273.0,0,0,0,0,0,0,0,0
CF,D303N,24.688267,39.500597,0,PMA,303.0,14.0,303.0,2.0,0,0,0,0,0,0,0,0
CI,0, ,0.0,303.0,0,0,0,0,0,0,0,0
AF,D223P,24.364981,39.491656,1,PMA,223.0,16.0,303.0,0,0,0,0,0,0,0,1
CF,PM35C,24.092247,39.304058,0,PMA,215.0,35.0,215.0,19.0,0,0,0,0,0,0,0,0
AF,PM35D,24.001056,39.476953,1,PMA,197.0,35.0,215.0,0,0,0,0,0,0,0,1
CF,LONIM,23.830000,39.454444,0,PMA,193.8,45.1,194.0,10.0,2,15000,0,0,0,0,0,0

SID,LONI1M,18,2
CA,0,180.0,2,2700,0,0,0,0,0,0
CF,LONIM,23.830000,39.454444,0,PMA,193.8,45.1,194.0,43.0,2,15000,0,0,0,0,0,0

SID,LONI1N,17,2
CA,0,165.0,2,2700,0,0,0,0,0,0
CF,LONIM,23.830000,39.454444,0,PMA,193.8,45.1,194.0,45.0,2,15000,0,0,0,0,0,0

SID,LONI1P,35,2
CD, ,0,0,0,PMA,0,0.0,345.0,5.0,0,0,0,0,0,0,0,0
CI,0, ,0.0,273.0,0,0,0,0,0,0,0,0
CF,D303N,24.688267,39.500597,0,PMA,303.0,14.0,303.0,3.0,0,0,0,0,0,0,0,0
CI,0, ,0.0,303.0,0,0,0,0,0,0,0,0
AF,D223P,24.364981,39.491656,1,PMA,223.0,16.0,303.0,0,0,0,0,0,0,0,1
CF,PM35C,24.092247,39.304058,0,PMA,215.0,35.0,215.0,19.0,0,0,0,0,0,0,0,0
AF,PM35D,24.001056,39.476953,1,PMA,197.0,35.0,215.0,0,0,0,0,0,0,0,1
CF,LONIM,23.830000,39.454444,0,PMA,193.8,45.1,194.0,10.0,2,15000,0,0,0,0,0,0

SID,LONI2C,18,5
CF,MA850,24.363139,39.689389,0,PMA,180.5,11.1,180.0,10.2,2,5500,0,1,250,0,0,1
DF,LONIM,23.830000,39.454444,0, ,0.0,0.0,2,15000,0,0,0,0,0,0

SID,LONI2J,17,5
CF,MA860,24.367889,39.747528,0,PMA,163.8,11.0,165.0,10.2,2,5500,0,1,250,0,0,1
DF,LONIM,23.830000,39.454444,0, ,0.0,0.0,2,15000,0,0,0,0,0,0

SID,LONI2K,35,5
CF,MA800,24.680806,39.681083,0,PMA,346.6,8.1,345.0,6.2,2,4500,0,1,250,0,0,1
DF,RADNI,24.569167,39.179722,1, ,0.0,0.0,2,8000,0,0,0,0,0,0
TF,LONIM,23.830000,39.454444,0, ,0.0,0.0,0.0,0.0,2,15000,0,0,0,0,0,0

SID,LONI2L,36,5
CF,MA900,24.673083,39.711889,0,PMA,358.8,7.5,360.0,6.4,2,4500,0,1,250,0,0,1
DF,RADNI,24.569167,39.179722,1, ,0.0,0.0,2,9000,0,0,0,0,0,0
TF,LONIM,23.830000,39.454444,0, ,0.0,0.0,0.0,0.0,2,15000,0,0,0,0,0,0

SID,LOVO1D,36,2
CD, ,0,0,0,PMA,0,0.0,360.0,5.0,0,0,0,0,0,0,0,0
CF,LOVOB,25.202222,39.555278,0,PMA,344.2,40.0,344.0,34.0,2,15000,0,0,0,0,0,0

SID,LOVO1M,18,2
CA,0,180.0,2,3300,0,0,0,0,0,0
CI,1, ,0.0,47.0,0,0,0,0,0,0,0,0
CF,D092N,24.523164,39.959742,0,PMA,91.9,14.0,92.0,9.0,0,0,0,0,0,0,0,0
CI,0, ,0.0,92.0,0,0,0,0,0,0,0,0
AF,D036P,24.752394,39.893553,1,PMA,36.0,16.0,92.0,0,0,0,0,0,0,0,1
CF,PM35B,25.043461,40.045628,0,PMA,28.0,35.0,28.0,19.0,0,0,0,0,0,0,0,0
AF,PM35A,25.125525,39.604700,1,PMA,347.0,35.0,28.0,0,0,0,0,0,0,0,1
CF,LOVOB,25.202222,39.555278,0,PMA,344.2,40.0,344.0,5.0,2,15000,0,0,0,0,0,0

SID,LOVO1N,17,2
CA,0,165.0,2,3300,0,0,0,0,0,0
CI,1, ,0.0,47.0,0,0,0,0,0,0,0,0
CF,D092N,24.523164,39.959742,0,PMA,91.9,14.0,92.0,10.0,0,0,0,0,0,0,0,0
CI,0, ,0.0,92.0,0,0,0,0,0,0,0,0
AF,D036P,24.752394,39.893553,1,PMA,36.0,16.0,92.0,0,0,0,0,0,0,0,1
CF,PM35B,25.043461,40.045628,0,PMA,28.0,35.0,28.0,19.0,0,0,0,0,0,0,0,0
AF,PM35A,25.125525,39.604700,1,PMA,347.0,35.0,28.0,0,0,0,0,0,0,0,1
CF,LOVOB,25.202222,39.555278,0,PMA,344.2,40.0,344.0,5.0,2,15000,0,0,0,0,0,0

SID,LOVO1P,35,2
CD, ,0,0,0,PMA,0,0.0,345.0,5.0,0,0,0,0,0,0,0,0
CF,LOVOB,25.202222,39.555278,0,PMA,344.2,40.0,344.0,35.0,2,15000,0,0,0,0,0,0

SID,LOVO2C,18,5
CF,MA850,24.363139,39.689389,0,PMA,180.5,11.1,180.0,10.2,2,5500,0,1,250,0,0,1
DF,MA730,24.339833,39.367417,0, ,0.0,0.0,2,9300,0,0,0,0,0,0
TF,LOVOB,25.202222,39.555278,0, ,0.0,0.0,0.0,0.0,2,15000,0,0,0,0,0,0

SID,LOVO2J,17,5
CF,MA860,24.367889,39.747528,0,PMA,163.8,11.0,165.0,10.2,2,5500,0,1,250,0,0,1
DF,MA730,24.339833,39.367417,2, ,0.0,0.0,2,10400,0,0,0,0,0,0
TF,LOVOB,25.202222,39.555278,0, ,0.0,0.0,0.0,0.0,2,15000,0,0,0,0,0,0

SID,LOVO2K,35,5
CF,MA800,24.680806,39.681083,0,PMA,346.6,8.1,345.0,6.2,2,4500,0,1,250,0,0,1
DF,LOVOB,25.202222,39.555278,0, ,0.0,0.0,2,15000,0,0,0,0,0,0

SID,LOVO2L,36,5
CF,MA900,24.673083,39.711889,0,PMA,358.8,7.5,360.0,6.4,2,4500,0,1,250,0,0,1
DF,LOVOB,25.202222,39.555278,0, ,0.0,0.0,2,15000,0,0,0,0,0,0

SID,METS1D,36,2
CD, ,0,0,0,PMA,0,0.0,360.0,5.0,0,0,0,0,0,0,0,0
CI,0, ,0.0,273.0,0,0,0,0,0,0,0,0
CF,D303N,24.688267,39.500597,0,PMA,303.0,14.0,303.0,2.0,0,0,0,0,0,0,0,0
CI,0, ,0.0,303.0,0,0,0,0,0,0,0,0
AF,D260P,24.519339,39.414444,1,PMA,260.0,16.0,303.0,0,0,0,0,0,0,0,1
CF,METSU,24.381111,38.997500,0,PMA,251.7,40.0,252.0,24.0,2,15000,0,0,0,0,0,0

SID,METS1M,18,2
CA,0,180.0,2,2700,0,0,0,0,0,0
CF,D194N,24.324719,39.627036,0,PMA,193.8,14.0,194.0,12.0,0,0,0,0,0,0,0,0
CI,0, ,0.0,194.0,0,0,0,0,0,0,0,0
AF,D244P,24.447122,39.434289,2,PMA,244.0,16.0,194.0,0,0,0,0,0,0,0,1
CF,METSU,24.381111,38.997500,0,PMA,251.7,40.0,252.0,24.0,2,15000,0,0,0,0,0,0

SID,METS1N,17,2
CA,0,165.0,2,2700,0,0,0,0,0,0
CF,D194N,24.324719,39.627036,0,PMA,193.8,14.0,194.0,13.0,0,0,0,0,0,0,0,0
CI,0, ,0.0,194.0,0,0,0,0,0,0,0,0
AF,D244P,24.447122,39.434289,2,PMA,244.0,16.0,194.0,0,0,0,0,0,0,0,1
CF,METSU,24.381111,38.997500,0,PMA,251.7,40.0,252.0,24.0,2,15000,0,0,0,0,0,0

SID,METS1P,35,2
CD, ,0,0,0,PMA,0,0.0,345.0,5.0,0,0,0,0,0,0,0,0
CI,0, ,0.0,273.0,0,0,0,0,0,0,0,0
CF,D303N,24.688267,39.500597,0,PMA,303.0,14.0,303.0,3.0,0,0,0,0,0,0,0,0
CI,0, ,0.0,303.0,0,0,0,0,0,0,0,0
AF,D260P,24.519339,39.414444,1,PMA,260.0,16.0,303.0,0,0,0,0,0,0,0,1
CF,METSU,24.381111,38.997500,0,PMA,251.7,40.0,252.0,24.0,2,15000,0,0,0,0,0,0

SID,METS2C,18,5
CF,MA850,24.363139,39.689389,0,PMA,180.5,11.1,180.0,10.2,2,5500,0,1,250,0,0,1
DF,MA730,24.339833,39.367417,0, ,0.0,0.0,2,9300,0,0,0,0,0,0
TF,METSU,24.381111,38.997500,0, ,0.0,0.0,0.0,0.0,2,15000,0,0,0,0,0,0

SID,METS2J,17,5
CF,MA860,24.367889,39.747528,0,PMA,163.8,11.0,165.0,10.2,2,5500,0,1,250,0,0,1
DF,MA730,24.339833,39.367417,2, ,0.0,0.0,2,10400,0,0,0,0,0,0
TF,METSU,24.381111,38.997500,0, ,0.0,0.0,0.0,0.0,2,15000,0,0,0,0,0,0

SID,METS2K,35,5
CF,MA800,24.680806,39.681083,0,PMA,346.6,8.1,345.0,6.2,2,4500,0,1,250,0,0,1
DF,RADNI,24.569167,39.179722,1, ,0.0,0.0,2,8000,0,0,0,0,0,0
TF,METSU,24.381111,38.997500,0, ,0.0,0.0,0.0,0.0,2,15000,0,0,0,0,0,0

SID,METS2L,36,5
CF,MA900,24.673083,39.711889,0,PMA,358.8,7.5,360.0,6.4,2,4500,0,1,250,0,0,1
DF,RADNI,24.569167,39.179722,1, ,0.0,0.0,2,9000,0,0,0,0,0,0
TF,METSU,24.381111,38.997500,0, ,0.0,0.0,0.0,0.0,2,15000,0,0,0,0,0,0

SID,MUSA1D,36,2
CD, ,0,0,0,PMA,0,0.0,360.0,5.0,0,0,0,0,0,0,0,0
CI,0, ,0.0,90.0,0,0,0,0,0,0,0,0
CF,MUSAR,24.841111,40.363056,0,PMA,59.8,40.0,60.0,27.0,2,15000,0,0,0,0,0,0

SID,MUSA1M,18,2
CA,0,180.0,2,3300,0,0,0,0,0,0
CI,1, ,0.0,47.0,0,0,0,0,0,0,0,0
CF,D092N,24.523164,39.959742,0,PMA,91.9,14.0,92.0,9.0,0,0,0,0,0,0,0,0
CI,0, ,0.0,92.0,0,0,0,0,0,0,0,0
AF,D068P,24.629994,39.983589,1,PMA,68.0,16.0,92.0,0,0,0,0,0,0,0,1
CF,MUSAR,24.841111,40.363056,0,PMA,59.8,40.0,60.0,24.0,2,15000,0,0,0,0,0,0

SID,MUSA1N,17,2
CA,0,165.0,2,3300,0,0,0,0,0,0
CI,1, ,0.0,47.0,0,0,0,0,0,0,0,0
CF,D092N,24.523164,39.959742,0,PMA,91.9,14.0,92.0,10.0,0,0,0,0,0,0,0,0
CI,0, ,0.0,92.0,0,0,0,0,0,0,0,0
AF,D068P,24.629994,39.983589,1,PMA,68.0,16.0,92.0,0,0,0,0,0,0,0,1
CF,MUSAR,24.841111,40.363056,0,PMA,59.8,40.0,60.0,24.0,2,15000,0,0,0,0,0,0

SID,MUSA1P,35,2
CD, ,0,0,0,PMA,0,0.0,345.0,5.0,0,0,0,0,0,0,0,0
CI,2, ,0.0,90.0,0,0,0,0,0,0,0,0
CF,MUSAR,24.841111,40.363056,0,PMA,59.8,40.0,60.0,27.0,2,15000,0,0,0,0,0,0

SID,MUSA2C,18,5
CF,MA850,24.363139,39.689389,0,PMA,180.5,11.1,180.0,10.2,2,5500,0,1,250,0,0,1
DF,MUSAR,24.841111,40.363056,1, ,0.0,0.0,2,15000,0,0,0,0,0,0

SID,MUSA2J,17,5
CF,MA860,24.367889,39.747528,0,PMA,163.8,11.0,165.0,10.2,2,5500,0,1,250,0,0,1
DF,MUSAR,24.841111,40.363056,1, ,0.0,0.0,2,15000,0,0,0,0,0,0

SID,MUSA2K,35,5
CF,MA800,24.680806,39.681083,0,PMA,346.6,8.1,345.0,6.2,2,4500,0,1,250,0,0,1
DF,MUSAR,24.841111,40.363056,0, ,0.0,0.0,2,15000,0,0,0,0,0,0

SID,MUSA2L,36,5
CF,MA900,24.673083,39.711889,0,PMA,358.8,7.5,360.0,6.4,2,4500,0,1,250,0,0,1
DF,MUSAR,24.841111,40.363056,0, ,0.0,0.0,2,15000,0,0,0,0,0,0

SID,OBNE1D,36,2
CD, ,0,0,0,PMA,0,0.0,360.0,5.0,0,0,0,0,0,0,0,0
CI,0, ,0.0,290.0,0,0,0,0,0,0,0,0
CF,OBNEX,25.087500,39.272778,0,PMA,319.9,40.0,320.0,29.0,2,15000,0,0,0,0,0,0

SID,OBNE1M,18,2
CA,0,180.0,2,2700,0,0,0,0,0,0
CF,D194N,24.324719,39.627036,0,PMA,193.8,14.0,194.0,12.0,0,0,0,0,0,0,0,0
CI,0, ,0.0,194.0,0,0,0,0,0,0,0,0
AF,D312P,24.739881,39.501769,2,PMA,312.0,16.0,194.0,0,0,0,0,0,0,0,1
CF,OBNEX,25.087500,39.272778,0,PMA,319.9,40.0,320.0,24.0,2,15000,0,0,0,0,0,0

SID,OBNE1N,17,2
CA,0,165.0,2,2700,0,0,0,0,0,0
CF,D194N,24.324719,39.627036,0,PMA,193.8,14.0,194.0,12.0,0,0,0,0,0,0,0,0
CI,0, ,0.0,194.0,0,0,0,0,0,0,0,0
AF,D312P,24.739881,39.501769,2,PMA,312.0,16.0,194.0,0,0,0,0,0,0,0,1
CF,OBNEX,25.087500,39.272778,0,PMA,319.9,40.0,320.0,24.0,2,15000,0,0,0,0,0,0

SID,OBNE1P,35,2
CD, ,0,0,0,PMA,0,0.0,345.0,5.0,0,0,0,0,0,0,0,0
CI,0, ,0.0,290.0,0,0,0,0,0,0,0,0
CF,OBNEX,25.087500,39.272778,0,PMA,319.9,40.0,320.0,31.0,2,15000,0,0,0,0,0,0

SID,OBNE2C,18,5
CF,MA850,24.363139,39.689389,0,PMA,180.5,11.1,180.0,10.2,2,5500,0,1,250,0,0,1
DF,MA730,24.339833,39.367417,0, ,0.0,0.0,2,9300,0,0,0,0,0,0
TF,OBNEX,25.087500,39.272778,0, ,0.0,0.0,0.0,0.0,2,15000,0,0,0,0,0,0

SID,OBNE2J,17,5
CF,MA860,24.367889,39.747528,0,PMA,163.8,11.0,165.0,10.2,2,5500,0,1,250,0,0,1
DF,MA730,24.339833,39.367417,2, ,0.0,0.0,2,10400,0,0,0,0,0,0
TF,OBNEX,25.087500,39.272778,0, ,0.0,0.0,0.0,0.0,2,15000,0,0,0,0,0,0

SID,OBNE2K,35,5
CF,MA800,24.680806,39.681083,0,PMA,346.6,8.1,345.0,6.2,2,4500,0,1,250,0,0,1
DF,OBNEX,25.087500,39.272778,0, ,0.0,0.0,2,15000,0,0,0,0,0,0

SID,OBNE2L,36,5
CF,MA900,24.673083,39.711889,0,PMA,358.8,7.5,360.0,6.4,2,4500,0,1,250,0,0,1
DF,OBNEX,25.087500,39.272778,0, ,0.0,0.0,2,15000,0,0,0,0,0,0

SID,TANGO,35,1
VA,0,345.0,2,2540,0,0,0,0,0,0
VM,0,0,0,345.0,0,0,0,0,0,0,0,0

SID,TANGO,36,1
VA,0,360.0,2,2540,0,0,0,0,0,0
VM,0,0,0,360.0,0,0,0,0,0,0,0,0

SID,ZULU,17,1
VA,0,165.0,2,2540,0,0,0,0,0,0
VM,0,0,0,165.0,0,0,0,0,0,0,0,0

SID,ZULU,18,1
VA,0,180.0,2,2540,0,0,0,0,0,0
VM,0,0,0,180.0,0,0,0,0,0,0,0,0

STAR,ANTA2E,18,5
IF,ANTAP,25.117500,40.088056, ,0.0,0.0,2,15000,0,0,0,0,0,0
TF,BOPUP,24.842361,39.871556,0, ,0.0,0.0,0.0,0.0,2,8000,0,0,0,0,0,0

STAR,ANTA2F,36,5
IF,ANTAP,25.117500,40.088056, ,0.0,0.0,2,15000,0,0,0,0,0,0
TF,EGTOP,24.341750,39.797944,0, ,0.0,0.0,0.0,0.0,2,6000,0,0,0,0,0,0

STAR,ANTA2G,17,5
IF,ANTAP,25.117500,40.088056, ,0.0,0.0,2,15000,0,0,0,0,0,0
TF,DERDA,24.865556,39.791500,0, ,0.0,0.0,0.0,0.0,2,8000,0,0,0,0,0,0

STAR,ANTA2H,35,5
IF,ANTAP,25.117500,40.088056, ,0.0,0.0,2,15000,0,0,0,0,0,0
TF,EMIDI,24.372639,39.858444,0, ,0.0,0.0,0.0,0.0,2,6000,0,0,0,0,0,0

STAR,DEGE2E,18,5
IF,DEGEN,24.948889,39.119167, ,0.0,0.0,2,15000,0,0,0,0,0,0
TF,ASKIP,24.859861,39.577972,0, ,0.0,0.0,0.0,0.0,2,8000,0,0,0,0,0,0

STAR,DEGE2F,36,5
IF,DEGEN,24.948889,39.119167, ,0.0,0.0,2,15000,0,0,0,0,0,0
TF,RADNI,24.569167,39.179722,0, ,0.0,0.0,0.0,0.0,2,10000,0,0,0,0,0,0
TF,ASPOX,24.263222,39.425306,0, ,0.0,0.0,0.0,0.0,2,8000,0,0,0,0,0,0

STAR,DEGE2G,17,5
IF,DEGEN,24.948889,39.119167, ,0.0,0.0,2,15000,0,0,0,0,0,0
TF,EGLOS,24.814361,39.502694,0, ,0.0,0.0,0.0,0.0,2,8000,0,0,0,0,0,0

STAR,DEGE2H,35,5
IF,DEGEN,24.948889,39.119167, ,0.0,0.0,2,15000,0,0,0,0,0,0
TF,RADNI,24.569167,39.179722,0, ,0.0,0.0,0.0,0.0,2,10000,0,0,0,0,0,0
TF,ASMIR,24.213472,39.537778,0, ,0.0,0.0,0.0,0.0,2,8000,0,0,0,0,0,0

STAR,ENAN2E,18,5
IF,ENANA,23.784444,39.649167, ,0.0,0.0,2,15000,0,0,0,0,0,0
TF,MA405,24.663972,39.965389,0, ,0.0,0.0,0.0,0.0,2,10000,0,0,0,0,0,0
TF,BOPUP,24.842361,39.871556,0, ,0.0,0.0,0.0,0.0,2,8000,0,0,0,0,0,0

STAR,ENAN2F,36,5
IF,ENANA,23.784444,39.649167, ,0.0,0.0,2,15000,0,0,0,0,0,0
TF,BUDAB,24.248222,39.681028,0, ,0.0,0.0,0.0,0.0,2,8000,0,0,0,0,0,0

STAR,ENAN2G,17,5
IF,ENANA,23.784444,39.649167, ,0.0,0.0,2,15000,0,0,0,0,0,0
TF,MA680,24.648667,39.929778,0, ,0.0,0.0,0.0,0.0,2,9000,0,0,0,0,0,0
TF,DERDA,24.865556,39.791500,0, ,0.0,0.0,0.0,0.0,2,8000,0,0,0,0,0,0

STAR,ENAN2H,35,5
IF,ENANA,23.784444,39.649167, ,0.0,0.0,2,15000,0,0,0,0,0,0
TF,BOVIR,24.255056,39.771333,0, ,0.0,0.0,0.0,0.0,2,6000,0,0,0,0,0,0

STAR,ENEL2E,18,5
IF,ENELA,24.644167,40.429167, ,0.0,0.0,2,15000,0,0,0,0,0,0
TF,BOPUP,24.842361,39.871556,0, ,0.0,0.0,0.0,0.0,2,8000,0,0,0,0,0,0

STAR,ENEL2F,36,5
IF,ENELA,24.644167,40.429167, ,0.0,0.0,2,15000,0,0,0,0,0,0
TF,EGTOP,24.341750,39.797944,0, ,0.0,0.0,0.0,0.0,2,6000,0,0,0,0,0,0

STAR,ENEL2G,17,5
IF,ENELA,24.644167,40.429167, ,0.0,0.0,2,15000,0,0,0,0,0,0
TF,DERDA,24.865556,39.791500,0, ,0.0,0.0,0.0,0.0,2,8000,0,0,0,0,0,0

STAR,ENEL2H,35,5
IF,ENELA,24.644167,40.429167, ,0.0,0.0,2,15000,0,0,0,0,0,0
TF,EMIDI,24.372639,39.858444,0, ,0.0,0.0,0.0,0.0,2,6000,0,0,0,0,0,0

STAR,ITIM2E,18,5
IF,ITIMU,24.254444,40.178889, ,0.0,0.0,2,15500,0,0,0,0,0,0
TF,MA405,24.663972,39.965389,0, ,0.0,0.0,0.0,0.0,2,10000,0,0,0,0,0,0
TF,BOPUP,24.842361,39.871556,0, ,0.0,0.0,0.0,0.0,2,8000,0,0,0,0,0,0

STAR,ITIM2F,36,5
IF,ITIMU,24.254444,40.178889, ,0.0,0.0,2,15500,0,0,0,0,0,0
TF,EGTOP,24.341750,39.797944,0, ,0.0,0.0,0.0,0.0,2,6000,0,0,0,0,0,0

STAR,ITIM2G,17,5
IF,ITIMU,24.254444,40.178889, ,0.0,0.0,2,15500,0,0,0,0,0,0
TF,MA680,24.648667,39.929778,0, ,0.0,0.0,0.0,0.0,2,9000,0,0,0,0,0,0
TF,DERDA,24.865556,39.791500,0, ,0.0,0.0,0.0,0.0,2,8000,0,0,0,0,0,0

STAR,ITIM2H,35,5
IF,ITIMU,24.254444,40.178889, ,0.0,0.0,2,15500,0,0,0,0,0,0
TF,EMIDI,24.372639,39.858444,0, ,0.0,0.0,0.0,0.0,2,6000,0,0,0,0,0,0

STAR,LOVO2E,18,5
IF,LOVOB,25.202222,39.555278, ,0.0,0.0,2,15000,0,0,0,0,0,0
TF,MA415,24.851111,39.725972,0, ,0.0,0.0,0.0,0.0,2,6400,0,0,0,0,0,0

STAR,LOVO2F,36,5
IF,LOVOB,25.202222,39.555278, ,0.0,0.0,2,15000,0,0,0,0,0,0
TF,RADNI,24.569167,39.179722,0, ,0.0,0.0,0.0,0.0,2,10000,0,0,0,0,0,0
TF,ASPOX,24.263222,39.425306,0, ,0.0,0.0,0.0,0.0,2,8000,0,0,0,0,0,0

STAR,LOVO2G,17,5
IF,LOVOB,25.202222,39.555278, ,0.0,0.0,2,15000,0,0,0,0,0,0
TF,MA450,24.840028,39.647083,0, ,0.0,0.0,0.0,0.0,2,6500,0,0,0,0,0,0

STAR,LOVO2H,35,5
IF,LOVOB,25.202222,39.555278, ,0.0,0.0,2,15000,0,0,0,0,0,0
TF,RADNI,24.569167,39.179722,0, ,0.0,0.0,0.0,0.0,2,10000,0,0,0,0,0,0
TF,ASMIR,24.213472,39.537778,0, ,0.0,0.0,0.0,0.0,2,8000,0,0,0,0,0,0

STAR,METS2E,18,5
IF,METSU,24.381111,38.997500, ,0.0,0.0,2,15000,0,0,0,0,0,0
TF,ASKIP,24.859861,39.577972,0, ,0.0,0.0,0.0,0.0,2,8000,0,0,0,0,0,0

STAR,METS2F,36,5
IF,METSU,24.381111,38.997500, ,0.0,0.0,2,15000,0,0,0,0,0,0
TF,ASPOX,24.263222,39.425306,0, ,0.0,0.0,0.0,0.0,2,8000,0,0,0,0,0,0

STAR,METS2G,17,5
IF,METSU,24.381111,38.997500, ,0.0,0.0,2,15000,0,0,0,0,0,0
TF,EGLOS,24.814361,39.502694,0, ,0.0,0.0,0.0,0.0,2,8000,0,0,0,0,0,0

STAR,METS2H,35,5
IF,METSU,24.381111,38.997500, ,0.0,0.0,2,15000,0,0,0,0,0,0
TF,ASMIR,24.213472,39.537778,0, ,0.0,0.0,0.0,0.0,2,8000,0,0,0,0,0,0

STAR,MUSA2E,18,5
IF,MUSAR,24.841111,40.363056, ,0.0,0.0,2,15000,0,0,0,0,0,0
TF,BOPUP,24.842361,39.871556,0, ,0.0,0.0,0.0,0.0,2,8000,0,0,0,0,0,0

STAR,MUSA2F,36,5
IF,MUSAR,24.841111,40.363056, ,0.0,0.0,2,15000,0,0,0,0,0,0
TF,EGTOP,24.341750,39.797944,0, ,0.0,0.0,0.0,0.0,2,6000,0,0,0,0,0,0

STAR,MUSA2G,17,5
IF,MUSAR,24.841111,40.363056, ,0.0,0.0,2,15000,0,0,0,0,0,0
TF,DERDA,24.865556,39.791500,0, ,0.0,0.0,0.0,0.0,2,8000,0,0,0,0,0,0

STAR,MUSA2H,35,5
IF,MUSAR,24.841111,40.363056, ,0.0,0.0,2,15000,0,0,0,0,0,0
TF,EMIDI,24.372639,39.858444,0, ,0.0,0.0,0.0,0.0,2,6000,0,0,0,0,0,0

STAR,OBNE2E,18,5
IF,OBNEX,25.087500,39.272778, ,0.0,0.0,2,15000,0,0,0,0,0,0
TF,ASKIP,24.859861,39.577972,0, ,0.0,0.0,0.0,0.0,2,8000,0,0,0,0,0,0

STAR,OBNE2F,36,5
IF,OBNEX,25.087500,39.272778, ,0.0,0.0,2,15000,0,0,0,0,0,0
TF,RADNI,24.569167,39.179722,0, ,0.0,0.0,0.0,0.0,2,10000,0,0,0,0,0,0
TF,ASPOX,24.263222,39.425306,0, ,0.0,0.0,0.0,0.0,2,8000,0,0,0,0,0,0

STAR,OBNE2G,17,5
IF,OBNEX,25.087500,39.272778, ,0.0,0.0,2,15000,0,0,0,0,0,0
TF,EGLOS,24.814361,39.502694,0, ,0.0,0.0,0.0,0.0,2,8000,0,0,0,0,0,0

STAR,OBNE2H,35,5
IF,OBNEX,25.087500,39.272778, ,0.0,0.0,2,15000,0,0,0,0,0,0
TF,RADNI,24.569167,39.179722,0, ,0.0,0.0,0.0,0.0,2,10000,0,0,0,0,0,0
TF,ASMIR,24.213472,39.537778,0, ,0.0,0.0,0.0,0.0,2,8000,0,0,0,0,0,0

APPTR,D17,17,EGMEM
IF,EGMEM,24.810861,39.653389, ,0.0,0.0,2,6500,0,0,0,0,1,0
CF,D349M,24.763306,39.676250,0,PMA,349.0,13.0,169.0,3.1,2,5500,0,0,0,0,0,0
CF,FD17,24.702000,39.684500,0,PMA,349.0,9.3,169.0,3.7,2,4600,0,0,0,0,0,0

APPTR,D17,17,ENELA
IF,ENELA,24.644167,40.429167, ,0.0,0.0,0,0,0,0,0,0,0,0
TF,D078P,24.584556,39.994944,0, ,0.0,0.0,0.0,0.0,0,0,0,0,0,0,1,0
AF,D349P,24.813111,39.669528,1,PMA,349.0,16.0,78.0,2,6500,0,0,0,0,1,0
CF,D349M,24.763306,39.676250,0,PMA,349.0,13.0,169.0,3.0,2,5500,0,0,0,0,0,0
CF,FD17,24.702000,39.684500,0,PMA,349.0,9.3,169.0,3.7,2,4600,0,0,0,0,0,0

APPTR,D17,17,METSU
IF,METSU,24.381111,38.997500, ,0.0,0.0,0,0,0,0,0,0,0,0
TF,D252P,24.482611,39.421611,0, ,0.0,0.0,0.0,0.0,0,0,0,0,0,0,1,0
AF,D303P,24.708397,39.471372,2,PMA,303.0,16.0,252.0,2,7500,0,0,0,0,0,0
AF,D349P,24.813111,39.669528,2,PMA,349.0,16.0,303.0,2,6500,0,0,0,0,1,0
CF,D349M,24.763306,39.676250,0,PMA,349.0,13.0,169.0,3.0,2,5500,0,0,0,0,0,0
CF,FD17,24.702000,39.684500,0,PMA,349.0,9.3,169.0,3.7,2,4600,0,0,0,0,0,0

FINAL,D17,17,D,4
IF,FD17,24.702000,39.684500,PMA,349.0,9.3,2,4600,0,0,0,0,2,0
CF,75VOR,24.672056,39.688528,0,PMA,349.0,7.5,169.0,1.8,2,4030,0,0,0,0,0,0
CF,41VOR,24.615639,39.696139,0,PMA,349.0,4.1,169.0,3.4,2,2940,0,0,0,0,0,0
CF,RW17,24.576406,39.703314,0,PMA,352.5,1.7,169.0,2.4,1,2185,0,0,0,0,3,0
CA,0,169.0,2,2540,0,0,0,0,0,0
CF,D148P,24.311308,39.842300,0,PMA,148.0,16.0,148.0,16.0,1,6500,0,0,0,0,0,0
AF,GERIR,24.514694,39.995472,1,PMA,93.0,16.0,148.0,0,0,0,0,0,0,0,0
HM,GERIR,24.514694,39.995472,2, ,0.0,0.0,273.0,04.3,0,0,0,0,0,0,0,0,0

APPTR,D18,18,EGMEM
IF,EGMEM,24.810861,39.653389, ,0.0,0.0,2,6500,0,0,0,0,1,0
TF,D356P,24.815111,39.705250,0, ,0.0,0.0,0.0,0.0,2,6500,0,0,0,0,1,0
CF,D356M,24.764944,39.705250,2,PMA,356.0,13.0,176.0,3.0,2,5600,0,0,0,0,0,0
CF,FD18,24.685556,39.705250,0,PMA,356.0,8.3,176.0,4.8,2,4500,0,0,0,0,0,0

APPTR,D18,18,ENELA
IF,ENELA,24.644167,40.429167, ,0.0,0.0,0,0,0,0,0,0,0,0
TF,D078P,24.584556,39.994944,0, ,0.0,0.0,0.0,0.0,0,0,0,0,0,0,1,0
AF,D356P,24.815111,39.705250,1,PMA,356.0,16.0,78.0,2,6500,0,0,0,0,1,0
CF,D356M,24.764944,39.705250,0,PMA,356.0,13.0,176.0,3.0,2,5600,0,0,0,0,0,0
CF,FD18,24.685556,39.705250,0,PMA,356.0,8.3,176.0,4.8,2,4500,0,0,0,0,0,0

APPTR,D18,18,METSU
IF,METSU,24.381111,38.997500, ,0.0,0.0,0,0,0,0,0,0,0,0
TF,D252P,24.482611,39.421611,0, ,0.0,0.0,0.0,0.0,0,0,0,0,0,0,1,0
AF,D303P,24.708397,39.471372,2,PMA,303.0,16.0,252.0,2,7500,0,0,0,0,0,0
AF,D356P,24.815111,39.705250,2,PMA,356.0,16.0,303.0,2,6500,0,0,0,0,1,0
CF,D356M,24.764944,39.705250,0,PMA,356.0,13.0,176.0,3.0,2,5600,0,0,0,0,0,0
CF,FD18,24.685556,39.705250,0,PMA,356.0,8.3,176.0,4.8,2,4500,0,0,0,0,0,0

FINAL,D18,18,D,3
IF,FD18,24.685556,39.705250,PMA,356.0,8.3,2,4500,0,0,0,0,2,0
CF,45VOR,24.622833,39.705250,0,PMA,356.0,4.5,176.0,3.8,2,3310,0,0,0,0,0,0
CF,RW18,24.563506,39.703942,0,PMA,351.6,0.0,176.0,3.6,1,2174,0,0,0,0,3,0
CA,0,176.0,2,2540,0,0,0,0,0,0
CF,D148P,24.311308,39.842300,0,PMA,148.0,16.0,148.0,16.0,1,6500,0,0,0,0,0,0
AF,GERIR,24.514694,39.995472,1,PMA,93.0,16.0,148.0,0,0,0,0,0,0,0,0
HM,GERIR,24.514694,39.995472,2, ,0.0,0.0,273.0,04.3,0,0,0,0,0,0,0,0,0

APPTR,D35-Z,35,DEGEN
IF,DEGEN,24.948889,39.119167, ,0.0,0.0,0,0,0,0,0,0,0,0
TF,D303P,24.708397,39.471372,0, ,0.0,0.0,0.0,0.0,0,0,0,0,0,0,1,0
AF,D252P,24.482611,39.421611,1,PMA,252.0,16.0,303.0,2,7500,0,0,0,0,0,0
AF,D158P,24.293139,39.795444,1,PMA,158.0,16.0,252.0,2,6000,0,0,0,0,1,0
CF,FD35Z,24.418194,39.751167,0,PMA,158.0,8.1,338.0,7.9,2,4500,0,0,0,0,0,0

APPTR,D35-Z,35,MUSAR
IF,MUSAR,24.841111,40.363056, ,0.0,0.0,0,0,0,0,0,0,0,0
TF,D061P,24.660417,39.970556,0, ,0.0,0.0,0.0,0.0,0,0,0,0,0,0,1,0
AF,GERIR,24.514694,39.995472,2,PMA,93.0,16.0,61.0,0,0,0,0,0,0,0,0
AF,D158P,24.293139,39.795444,2,PMA,158.0,16.0,93.0,2,6000,0,0,0,0,1,0
CF,FD35Z,24.418194,39.751167,0,PMA,158.0,8.1,338.0,7.9,2,4500,0,0,0,0,0,0

APPTR,D35-Z,35,OBTOX
IF,OBTOX,24.285694,39.764944, ,0.0,0.0,2,6000,0,0,0,0,1,0
TF,D158P,24.293139,39.795444,0, ,0.0,0.0,0.0,0.0,2,6000,0,0,0,0,1,0
CF,FD35Z,24.418194,39.751167,1,PMA,158.0,8.1,338.0,7.9,2,4500,0,0,0,0,0,0

APPTR,D35-Z,35,PMA
IF,PMA,24.547472,39.705278, ,0.0,0.0,0,0,0,0,0,0,1,0
CF,FD35Z,24.418194,39.751167,0,PMA,158.0,8.1,158.0,8.1,0,0,0,0,0,0,0,0
FC,FD35Z,24.418194,39.751167,0,PMA,0.0,0.0,113.0,3.5,2,5700,0,1,200,0,0,1
CF,FD35Z,24.418194,39.751167,2,PMA,158.0,8.1,338.0,4.0,2,4500,0,0,0,0,0,0

FINAL,D35-Z,35,D,2
IF,FD35Z,24.418194,39.751167,PMA,158.0,8.1,2,4500,0,0,0,0,2,0
CF,MD35Z,24.537389,39.708861,0,PMA,158.0,0.6,338.0,7.5,1,2113,0,0,0,0,3,0
CA,0,338.0,2,2540,0,0,0,0,0,0
CF,D061P,24.660417,39.970556,0,PMA,61.0,16.0,61.0,16.0,1,6000,0,0,0,0,0,0
AF,GERIR,24.514694,39.995472,2,PMA,93.0,16.0,61.0,0,0,0,0,0,0,0,0
HM,GERIR,24.514694,39.995472,2, ,0.0,0.0,273.0,04.3,0,0,0,0,0,0,0,0,0

APPTR,D36-Z,36,DEGEN
IF,DEGEN,24.948889,39.119167, ,0.0,0.0,0,0,0,0,0,0,0,0
TF,D303P,24.708397,39.471372,0, ,0.0,0.0,0.0,0.0,0,0,0,0,0,0,1,0
AF,D252P,24.482611,39.421611,1,PMA,252.0,16.0,303.0,2,7500,0,0,0,0,0,0
AF,CD36Z,24.283361,39.659611,1,PMA,185.0,16.0,252.0,2,6000,0,0,0,0,1,0

APPTR,D36-Z,36,ENANA
IF,ENANA,23.784444,39.649167, ,0.0,0.0,0,0,0,0,0,0,0,0
TF,NANBA,23.963778,39.660806,0, ,0.0,0.0,0.0,0.0,2,8000,0,0,0,0,1,0
TF,D185Y,24.134697,39.633992,0, ,0.0,0.0,0.0,0.0,2,7000,0,0,0,0,0,0
TF,CD36Z,24.283361,39.659611,0, ,0.0,0.0,0.0,0.0,2,6000,0,0,0,0,1,0

APPTR,D36-Z,36,MUSAR
IF,MUSAR,24.841111,40.363056, ,0.0,0.0,0,0,0,0,0,0,0,0
TF,D061P,24.660417,39.970556,0, ,0.0,0.0,0.0,0.0,0,0,0,0,0,0,1,0
AF,GERIR,24.514694,39.995472,2,PMA,93.0,16.0,61.0,0,0,0,0,0,0,0,0
AF,CD36Z,24.283361,39.659611,2,PMA,185.0,16.0,93.0,2,6000,0,0,0,0,1,0

APPTR,D36-Z,36,OBTOX
IF,OBTOX,24.285694,39.764944, ,0.0,0.0,0,0,0,0,0,0,1,0
AF,CD36Z,24.283361,39.659611,2,PMA,185.0,16.0,164.0,2,6000,0,0,0,0,1,0

APPTR,D36-Z,36,PMA
PI,PMA,24.547472,39.705278,2,PMA,140.0,10.0,185,5.0,2,5000,0,0,0,0,1,0

FINAL,D36-Z,36,D,3
IF,CD36Z,24.283361,39.659611,PMA,185.0,16.0,2,6000,0,0,0,0,0,0
CF,FD36Z,24.448500,39.688111,0,PMA,185.0,6.0,5.0,10.0,2,3800,0,0,0,0,2,0
CF,MD36Z,24.535889,39.703222,0,PMA,185.2,0.7,5.0,5.3,1,2113,0,0,0,0,3,0
CA,0,5.0,2,3000,0,0,0,0,0,0
VI,0, ,0.0,91.0,0,0,0,0,0,0,0,0
CF,D061P,24.660417,39.970556,0,PMA,61.0,16.0,61.0,11.0,1,6000,0,0,0,0,0,0
AF,GERIR,24.514694,39.995472,2,PMA,93.0,16.0,61.0,0,0,0,0,0,0,0,0
HM,GERIR,24.514694,39.995472,2, ,0.0,0.0,273.0,04.3,2,6000,0,1,230,0,0,0,0

APPTR,I17,17,EGMEM
IF,EGMEM,24.810861,39.653389, ,0.0,0.0,2,6300,0,0,0,0,1,0
CF,CF17,24.769569,39.662214,0,INAH,345.0,14.3,165.0,2.6,2,5300,0,0,0,0,0,0

APPTR,I17,17,ENELA
IF,ENELA,24.644167,40.429167, ,0.0,0.0,0,0,0,0,0,0,0,0
TF,D078P,24.584556,39.994944,0, ,0.0,0.0,0.0,0.0,0,0,0,0,0,0,1,0
AF,D060P,24.664625,39.968367,1,PMA,60.0,16.0,78.0,0,0,0,0,0,0,0,0
AF,EGMEM,24.810861,39.653389,1,PMA,345.8,16.0,60.0,2,6300,0,0,0,0,0,0
CF,CF17,24.769569,39.662214,0,INAH,345.0,14.3,165.0,2.5,2,5300,0,0,0,0,0,0

APPTR,I17,17,METSU
IF,METSU,24.381111,38.997500, ,0.0,0.0,0,0,0,0,0,0,0,0
TF,D252P,24.482611,39.421611,0, ,0.0,0.0,0.0,0.0,0,0,0,0,0,0,1,0
AF,D303P,24.708397,39.471372,2,PMA,303.0,16.0,252.0,2,7500,0,0,0,0,0,0
AF,EGMEM,24.810861,39.653389,2,PMA,345.8,16.0,303.0,2,6300,0,0,0,0,0,0
CF,CF17,24.769569,39.662214,0,INAH,345.0,14.3,165.0,2.5,2,5300,0,0,0,0,0,0

FINAL,I17,17,I,3
IF,CF17,24.769569,39.662214,INAH,345.0,14.3,2,5300,0,0,0,0,0,0
CF,FF17,24.736917,39.669139,0,INAH,345.0,12.3,165.0,2.0,1,5300,0,0,0,0,2,0
CF,RW17,24.576406,39.703314,0,INAH,345.0,2.5,165.0,9.8,1,2185,0,0,0,0,3,0
FA,RW17,24.576406,39.703314,0,PMA,0.0,0.0,165.0,2,3000,0,0,0,0,0,0
CI,0, ,0.0,165.0,0,0,0,0,0,0,0,0
CF,D148P,24.311308,39.842300,0,PMA,148.0,16.0,148.0,15.0,1,6500,0,0,0,0,0,0
AF,GERIR,24.514694,39.995472,1,PMA,93.0,16.0,148.0,0,0,0,0,0,0,0,0
HM,GERIR,24.514694,39.995472,2, ,0.0,0.0,273.0,04.3,0,0,0,1,230,0,0,0,0

APPTR,I35,35,DEGEN
IF,DEGEN,24.948889,39.119167, ,0.0,0.0,0,0,0,0,0,0,0,0
TF,D303P,24.708397,39.471372,0, ,0.0,0.0,0.0,0.0,0,0,0,0,0,0,1,0
AF,D252P,24.482611,39.421611,1,PMA,252.0,16.0,303.0,2,7500,0,0,0,0,0,0
AF,OBTOX,24.285694,39.764944,1,PMA,164.2,16.0,252.0,2,6000,0,0,0,0,1,0
CF,CF35,24.382444,39.744464,0,IDIN,165.0,12.0,345.0,5.9,2,4500,0,0,0,0,0,0

APPTR,I35,35,ENANA
IF,ENANA,23.784444,39.649167, ,0.0,0.0,0,0,0,0,0,0,0,0
TF,AVATO,24.130583,39.673472,0, ,0.0,0.0,0.0,0.0,2,6000,0,0,0,0,1,0
TF,OBTOX,24.285694,39.764944,0, ,0.0,0.0,0.0,0.0,2,6000,0,0,0,0,0,0
CF,CF35,24.382444,39.744464,0,IDIN,165.0,12.0,345.0,5.9,2,4500,0,0,0,0,0,0

APPTR,I35,35,MUSAR
IF,MUSAR,24.841111,40.363056, ,0.0,0.0,0,0,0,0,0,0,0,0
TF,D061P,24.660417,39.970556,0, ,0.0,0.0,0.0,0.0,0,0,0,0,0,0,1,0
AF,GERIR,24.514694,39.995472,2,PMA,93.0,16.0,61.0,0,0,0,0,0,0,0,0
AF,OBTOX,24.285694,39.764944,2,PMA,164.2,16.0,93.0,2,6000,0,0,0,0,1,0
CF,CF35,24.382444,39.744464,0,IDIN,165.0,12.0,345.0,5.9,2,4500,0,0,0,0,0,0

APPTR,I35,35,PMA
IF,PMA,24.547472,39.705278, ,0.0,0.0,0,0,0,0,0,0,1,0
CF,FF35,24.414944,39.737583,0,PMA,163.4,8.1,165.0,8.1,2,5700,0,0,0,0,0,0
FC,FF35,24.414944,39.737583,0,PMA,0.0,0.0,120.0,3.4,0,0,0,1,200,0,0,1
CF,CF35,24.382444,39.744464,2,IDIN,165.0,12.0,345.0,3.0,2,4500,0,0,0,0,0,0

FINAL,I35,35,I,3
IF,CF35,24.382444,39.744464,IDIN,165.0,12.0,2,4500,0,0,0,0,0,0
CF,FF35,24.414944,39.737583,0,IDIN,165.0,10.0,345.0,2.0,1,4500,0,0,0,0,2,0
CF,RW35,24.537992,39.711472,0,IDIN,165.0,2.5,345.0,7.5,1,2113,0,0,0,0,3,0
FA,RW35,24.537992,39.711472,0,PMA,0.0,0.0,345.0,2,3000,0,0,0,0,0,0
VI,2, ,0.0,91.0,0,0,0,0,0,0,0,0
CF,D061P,24.660417,39.970556,0,PMA,61.0,16.0,61.0,11.0,1,6000,0,0,0,0,0,0
AF,GERIR,24.514694,39.995472,2,PMA,93.0,16.0,61.0,0,0,0,0,0,0,0,0
HM,GERIR,24.514694,39.995472,2, ,0.0,0.0,273.0,04.3,0,0,0,1,230,0,0,0,0

APPTR,I36,36,DEGEN
IF,DEGEN,24.948889,39.119167, ,0.0,0.0,0,0,0,0,0,0,0,0
TF,D303P,24.708397,39.471372,0, ,0.0,0.0,0.0,0.0,0,0,0,0,0,0,1,0
AF,D252P,24.482611,39.421611,1,PMA,252.0,16.0,303.0,2,7500,0,0,0,0,0,0
AF,D180P,24.280806,39.683333,1,PMA,180.3,16.0,252.0,2,6000,0,0,0,0,0,0
CF,CI36,24.397525,39.691881,0,IPMA,179.8,10.1,360.0,7.0,2,3800,0,0,0,0,0,0

APPTR,I36,36,ENANA
IF,ENANA,23.784444,39.649167, ,0.0,0.0,0,0,0,0,0,0,0,0
CF,AVATO,24.130583,39.673472,0,PMA,180.0,25.0,360.0,20.8,0,0,0,0,0,0,1,0
CF,D180P,24.280806,39.683333,0,PMA,180.3,16.0,360.0,9.0,2,6000,0,0,0,0,0,0
CF,CI36,24.397525,39.691881,0,IPMA,179.8,10.1,360.0,7.0,2,3800,0,0,0,0,0,0

APPTR,I36,36,MUSAR
IF,MUSAR,24.841111,40.363056, ,0.0,0.0,0,0,0,0,0,0,0,0
TF,D061P,24.660417,39.970556,0, ,0.0,0.0,0.0,0.0,0,0,0,0,0,0,1,0
AF,GERIR,24.514694,39.995472,2,PMA,93.0,16.0,61.0,0,0,0,0,0,0,0,0
AF,D180P,24.280806,39.683333,2,PMA,180.3,16.0,93.0,2,6000,0,0,0,0,0,0
CF,CI36,24.397525,39.691881,0,IPMA,179.8,10.1,360.0,7.0,2,3800,0,0,0,0,0,0

APPTR,I36,36,OBTOX
IF,OBTOX,24.285694,39.764944, ,0.0,0.0,2,6000,0,0,0,0,1,0
TF,D180P,24.280806,39.683333,0, ,0.0,0.0,0.0,0.0,0,0,0,0,0,0,0,0
CF,CI36,24.397525,39.691881,2,IPMA,179.8,10.1,360.0,7.0,2,3800,0,0,0,0,0,0

APPTR,I36,36,PMA
IF,PMA,24.547472,39.705278, ,0.0,0.0,0,0,0,0,0,0,1,0
CF,D180J,24.380786,39.692514,0,PMA,180.0,10.0,180.0,10.0,0,0,0,0,0,0,0,0
FC,D180J,24.380786,39.692514,0,PMA,0.0,0.0,135.0,3.5,2,5300,0,0,0,0,0,1
CF,CI36,24.397525,39.691881,2,IPMA,179.8,10.1,360.0,5.0,2,3800,0,0,0,0,0,0

FINAL,I36,36,I,3
IF,CI36,24.397525,39.691881,IPMA,179.8,10.1,2,3800,0,0,0,0,0,0
CF,FI36,24.447667,39.695528,0,IPMA,179.8,7.1,360.0,3.0,1,3800,0,0,0,0,2,0
CF,RW36,24.536031,39.701947,0,IPMA,179.8,1.8,360.0,5.3,1,2113,0,0,0,0,3,0
FA,RW36,24.536031,39.701947,0,PMA,0.0,0.0,360.0,2,3000,0,0,0,0,0,0
VI,2, ,0.0,91.0,0,0,0,0,0,0,0,0
CF,D061P,24.660417,39.970556,0,PMA,61.0,16.0,61.0,11.0,1,6000,0,0,0,0,0,0
AF,GERIR,24.514694,39.995472,2,PMA,93.0,16.0,61.0,0,0,0,1,230,0,0,0
HM,GERIR,24.514694,39.995472,2, ,0.0,0.0,273.0,04.3,0,0,0,0,0,0,0,0,0

APPTR,R17,17,DERDA
IF,DERDA,24.865556,39.791500, ,0.0,0.0,2,8000,0,0,0,0,1,0
TF,MA450,24.840028,39.647083,0, ,0.0,0.0,0.0,0.0,2,6500,0,0,0,0,1,0

APPTR,R17,17,EGLOS
IF,EGLOS,24.814361,39.502694, ,0.0,0.0,2,8000,0,0,0,0,1,0
TF,MA450,24.840028,39.647083,0, ,0.0,0.0,0.0,0.0,2,6500,0,0,0,0,1,0

FINAL,R17,17,R,4
IF,MA450,24.840028,39.647083, ,0.0,0.0,2,6500,0,0,0,0,0,0
TF,MA451,24.776194,39.660722,0, ,0.0,0.0,165.0,4.0,2,5700,0,0,0,0,0,0
TF,MA455,24.695750,39.677917,0, ,0.0,0.0,165.0,4.8,1,4500,0,0,0,0,2,0
TF,RW17,24.576406,39.703314,0, ,0.0,0.0,165.0,7.3,1,2185,0,0,0,0,3,1
TF,MA454,24.501556,39.719194,0, ,0.0,0.0,0.0,0.0,2,3480,0,0,0,0,0,1
DF,DERDA,24.865556,39.791500,1, ,0.0,0.0,1,8000,0,1,210,0,0,0
HM,DERDA,24.865556,39.791500,2, ,0.0,0.0,255.0,04.3,0,0,0,0,0,0,0,0,0

APPTR,R18,18,ASKIP
IF,ASKIP,24.859861,39.577972, ,0.0,0.0,2,8000,0,0,0,0,1,0
TF,MA415,24.851111,39.725972,0, ,0.0,0.0,0.0,0.0,2,6400,0,0,0,0,1,0

APPTR,R18,18,BOPUP
IF,BOPUP,24.842361,39.871556, ,0.0,0.0,2,8000,0,0,0,0,1,0
TF,MA415,24.851111,39.725972,0, ,0.0,0.0,0.0,0.0,2,6400,0,0,0,0,1,0

FINAL,R18,18,R,5
IF,MA415,24.851111,39.725972, ,0.0,0.0,2,6400,0,0,0,0,0,0
TF,MA416,24.774806,39.720111,0, ,0.0,0.0,180.0,4.6,2,5700,0,0,0,0,0,0
TF,MA417,24.711500,39.715250,0, ,0.0,0.0,180.0,3.8,1,5000,0,0,0,0,2,0
TF,MA418,24.665333,39.711778,0, ,0.0,0.0,180.0,2.7,1,4120,0,0,0,0,0,0
TF,RW18,24.563506,39.703942,0, ,0.0,0.0,180.0,6.1,1,2174,0,0,0,0,3,1
TF,MA419,24.496750,39.698833,0, ,0.0,0.0,0.0,0.0,2,3400,0,0,0,0,0,1
DF,BOPUP,24.842361,39.871556,1, ,0.0,0.0,1,8000,0,1,210,0,0,0
HM,BOPUP,24.842361,39.871556,2, ,0.0,0.0,270.0,04.3,0,0,0,0,0,0,0,0,0

APPTR,R35,35,ASMIR
IF,ASMIR,24.213472,39.537778, ,0.0,0.0,2,8000,0,0,0,0,1,0
TF,BOVIR,24.255056,39.771333,0, ,0.0,0.0,0.0,0.0,2,6000,0,0,0,0,0,0
TF,MA700,24.353528,39.750556,0, ,0.0,0.0,0.0,0.0,2,5000,0,1,200,0,1,0

APPTR,R35,35,BOVIR
IF,BOVIR,24.255056,39.771333, ,0.0,0.0,2,6000,0,0,0,0,1,0
TF,MA700,24.353528,39.750556,0, ,0.0,0.0,0.0,0.0,2,5000,0,1,200,0,1,0

APPTR,R35,35,EMIDI
IF,EMIDI,24.372639,39.858444, ,0.0,0.0,2,6000,0,0,0,0,1,0
TF,MA700,24.353528,39.750556,0, ,0.0,0.0,0.0,0.0,2,5000,0,1,200,0,1,0

FINAL,R35,35,R,3
IF,MA700,24.353528,39.750556, ,0.0,0.0,2,5000,0,0,0,0,0,0
TF,MA703,24.420139,39.736500,0, ,0.0,0.0,345.0,4.0,1,4400,0,0,0,0,2,0
TF,RW35,24.537992,39.711472,0, ,0.0,0.0,345.0,7.2,1,2113,0,0,0,0,3,1
TF,MA702,24.624528,39.693056,0, ,0.0,0.0,0.0,0.0,2,3540,0,0,0,0,0,1
DF,EMIDI,24.372639,39.858444,2, ,0.0,0.0,1,6000,0,1,190,0,0,0
HM,EMIDI,24.372639,39.858444,1, ,0.0,0.0,255.0,04.3,0,0,0,0,0,0,0,0,0

APPTR,R36,36,ASPOX
IF,ASPOX,24.263222,39.425306, ,0.0,0.0,2,8000,0,0,0,0,1,0
TF,BUDAB,24.248222,39.681028,0, ,0.0,0.0,0.0,0.0,2,6000,0,0,0,0,0,0
TF,MA503,24.348778,39.687639,0, ,0.0,0.0,0.0,0.0,2,5000,0,0,0,0,1,0

APPTR,R36,36,BUDAB
IF,BUDAB,24.248222,39.681028, ,0.0,0.0,2,6000,0,0,0,0,1,0
TF,MA503,24.348778,39.687639,0, ,0.0,0.0,0.0,0.0,2,5000,0,0,0,0,1,0

APPTR,R36,36,EGTOP
IF,EGTOP,24.341750,39.797944, ,0.0,0.0,2,6000,0,1,200,0,1,0
TF,MA503,24.348778,39.687639,0, ,0.0,0.0,0.0,0.0,2,5000,0,0,0,0,1,0

FINAL,R36,36,R,3
IF,MA503,24.348778,39.687639, ,0.0,0.0,2,5000,0,0,0,0,0,0
TF,MA504,24.447472,39.695167,0, ,0.0,0.0,360.0,5.9,1,3800,0,0,0,0,2,0
TF,RW36,24.536031,39.701947,0, ,0.0,0.0,360.0,5.3,1,2113,0,0,0,0,3,1
TF,MA505,24.619417,39.708306,0, ,0.0,0.0,0.0,0.0,2,3500,0,0,0,0,0,1
DF,EGTOP,24.341750,39.797944,2, ,0.0,0.0,1,6000,0,1,190,0,0,0
HM,EGTOP,24.341750,39.797944,1, ,0.0,0.0,270.0,04.3,0,0,0,1,200,0,0,0,0

APPTR,S35-Y,35,PMA
IF,PMA,24.547472,39.705278, ,0.0,0.0,2,6200,0,0,0,0,1,0
CF,D159I,24.406867,39.752228,0,PMA,159.0,8.8,159.0,8.8,2,5100,0,0,0,0,0,0
FC,D159I,24.406867,39.752228,0,PMA,0.0,0.0,204.0,3.4,0,0,0,1,190,0,0,1
CF,FS35Y,24.387356,39.758731,1,PMA,159.0,10.0,339.0,3.0,2,5100,0,0,0,0,0,0

FINAL,S35-Y,35,D,3
IF,FS35Y,24.387356,39.758731,PMA,159.0,10.0,2,5100,0,0,0,0,2,0
CF,EP35Y,24.537219,39.708711,0,PMA,159.0,0.6,339.0,9.4,1,2113,0,0,0,0,0,1
CF,PMA,24.547472,39.705278,0,PMA,0.0,0.0,339.0,0.7,2,2540,0,0,0,0,3,0
CA,0,339.0,2,4500,0,0,0,0,0,0
DF,PMA,24.547472,39.705278,2, ,0.0,0.0,1,6200,0,0,0,0,0,1
HM,PMA,24.547472,39.705278,1, ,0.0,0.0,159.0,04.3,0,0,0,1,230,0,0,0,0

APPTR,S36-Y,36,PMA
IF,PMA,24.547472,39.705278, ,0.0,0.0,2,6200,0,0,0,0,1,0
TF,D185K,24.374178,39.675264,0, ,0.0,0.0,0.0,0.0,2,4600,0,0,0,0,0,0
FC,D185K,24.374178,39.675264,0,PMA,0.0,0.0,140.0,4.4,0,0,0,0,0,0,0,1
CF,FS36Y,24.406878,39.680911,2,PMA,185.0,8.5,5.0,7.0,2,4600,0,0,0,0,0,0

FINAL,S36-Y,36,D,2
IF,FS36Y,24.406878,39.680911,PMA,185.0,8.5,2,4600,0,0,0,0,2,0
CF,RW36,24.536031,39.701947,0,PMA,190.9,0.7,5.0,7.8,1,2113,0,0,0,0,3,0
CF,PMA,24.547472,39.705278,0,PMA,0.0,0.0,5.0,0.7,0,0,0,0,0,0,0,1
FA,PMA,24.547472,39.705278,0,PMA,0.0,0.0,5.0,2,4500,0,0,0,0,0,0
DF,PMA,24.547472,39.705278,2, ,0.0,0.0,1,6200,0,0,0,0,0,0
HM,PMA,24.547472,39.705278,1, ,0.0,0.0,185.0,04.3,0,0,0,1,230,0,0,0,0

