APPTR,D05,05,EGSER
IF,EGSER,19.368250,50.078944, ,0.0,0.0,0,0,0,0,0,0,1,0
AF,CF05,18.972556,49.932028,1,UME,231.2,15.0,344.0,2,2500,0,0,0,0,1,0

APPTR,D05,05,LONIV
IF,LONIV,19.042500,49.893000, ,0.0,0.0,0,0,0,0,0,0,1,0
AF,CF05,18.972556,49.932028,1,UME,232.2,15.0,250.0,2,2500,0,0,0,0,1,0

FINAL,D05,05,D,3
IF,CF05,18.972556,49.932028,UME,231.2,15.0,2,2500,0,0,0,0,0,0
CF,FF05,19.049528,50.039778,0,UME,231.3,7.3,52.0,7.7,2,2500,0,0,0,0,2,0
CF,RW05,19.103742,50.115992,0,UME,231.3,1.9,52.0,5.4,1,830,0,0,0,0,3,0
CF,UME,19.123028,50.143250,0,UME,0.0,0.0,52.0,1.9,2,1180,0,0,0,0,0,1
VI,1, ,0.0,220.0,0,0,0,0,0,0,0,0
CF,LONIV,19.042500,49.893000,0,UME,249.3,15.0,250.0,10.0,1,3500,0,1,230,0,0,0
HM,LONIV,19.042500,49.893000,1, ,0.0,0.0,70.0,04,0,0,0,1,230,0,0,0,0

APPTR,D23,23,EGSER
IF,EGSER,19.368250,50.078944, ,0.0,0.0,0,0,0,0,0,0,1,0
AF,CD23,19.273139,50.354944,2,UME,51.2,15.0,344.0,2,2500,0,0,0,0,1,1

APPTR,D23,23,LONIV
IF,LONIV,19.042500,49.893000, ,0.0,0.0,0,0,0,0,0,0,1,0
AF,CD23,19.273139,50.354944,2,UME,51.2,15.0,250.0,2,2500,0,0,0,0,1,0

FINAL,D23,23,D,3
IF,CD23,19.273139,50.354944,UME,51.2,15.0,2,2500,0,0,0,0,0,0
CF,FD23,19.174500,50.215750,0,UME,51.2,5.1,232.0,9.9,2,2500,0,0,0,0,2,0
CF,UME,19.123028,50.143250,0,UME,0.0,0.0,232.0,5.1,1,912,0,0,0,0,3,0
CA,0,232.0,2,1180,0,0,0,0,0,0
VI,2, ,0.0,20.0,0,0,0,0,0,0,0,0
CF,EGSER,19.368250,50.078944,0,UME,344.0,15.1,344.0,10.0,1,3500,0,1,230,0,0,0
HM,EGSER,19.368250,50.078944,1, ,0.0,0.0,164.0,04,0,0,0,1,230,0,0,0,0

APPTR,I05,05,EGSER
IF,EGSER,19.368250,50.078944, ,0.0,0.0,0,0,0,0,0,0,1,0
AF,D240O,19.002250,49.911944,1,UME,239.3,15.0,344.0,0,0,0,0,0,0,0,0
VI,0,IUME,0.0,82.0,2,2500,0,0,0,0,0,0

APPTR,I05,05,LONIV
IF,LONIV,19.042500,49.893000, ,0.0,0.0,0,0,0,0,0,0,1,0
AF,D240O,19.002250,49.911944,1,UME,239.3,15.0,250.0,0,0,0,0,0,0,0,0
VI,0,IUME,0.0,82.0,2,2500,0,0,0,0,0,0

FINAL,I05,05,I,3
IF,CF05,18.972556,49.932028,IUME,231.2,14.9,2,2500,0,0,0,0,0,0
CF,FF05,19.049528,50.039778,0,IUME,231.3,7.2,52.0,7.6,1,2500,0,0,0,0,2,0
CF,RW05,19.103742,50.115992,0,IUME,231.3,1.8,52.0,5.4,1,830,0,0,0,0,3,0
CA,0,52.0,2,1500,0,0,0,0,0,0
VI,1, ,0.0,220.0,0,0,0,0,0,0,0,0
CF,LONIV,19.042500,49.893000,0,UME,249.3,15.0,250.0,10.0,1,3500,0,1,230,0,0,0
HM,LONIV,19.042500,49.893000,1, ,0.0,0.0,70.0,04.3,0,0,0,1,230,0,0,0,0

APPTR,R05,05,GEXIX
IF,GEXIX,19.080056,49.904361, ,0.0,0.0,2,3500,0,0,0,0,1,0
TF,OM401,18.998917,49.968028,0, ,0.0,0.0,0.0,0.0,2,2500,0,0,0,0,1,0

FINAL,R05,05,R,3
IF,OM401,18.998917,49.968028, ,0.0,0.0,2,2500,0,0,0,0,0,0
TF,OM402,19.049583,50.039500,0, ,0.0,0.0,52.0,5.0,1,2500,0,0,0,0,2,0
TF,RW05,19.103742,50.115992,0, ,0.0,0.0,52.0,5.4,1,830,0,0,0,0,3,1
CA,0,52.0,2,2000,0,0,0,0,0,0
DF,GEXIX,19.080056,49.904361,1, ,0.0,0.0,2,3500,0,0,0,0,0,0
HM,GEXIX,19.080056,49.904361,2, ,0.0,0.0,142.0,04.3,2,3500,0,1,230,0,0,0,0

APPTR,R23,23,LUDIR
IF,LUDIR,19.306194,50.224028, ,0.0,0.0,2,3500,0,0,0,0,1,0
TF,OM500,19.224944,50.287639,0, ,0.0,0.0,0.0,0.0,2,2500,0,0,0,0,0,0

FINAL,R23,23,R,3
IF,OM500,19.224944,50.287639, ,0.0,0.0,2,2500,0,0,0,0,0,0
TF,OM501,19.174333,50.215889,0, ,0.0,0.0,232.0,5.0,1,2500,0,0,0,0,2,0
TF,RW23,19.119925,50.138875,0, ,0.0,0.0,232.0,5.4,1,813,0,0,0,0,3,1
CA,0,232.0,2,2000,0,0,0,0,0,0
DF,LUDIR,19.306194,50.224028,2, ,0.0,0.0,2,3500,0,0,0,0,0,0
HM,LUDIR,19.306194,50.224028,1, ,0.0,0.0,142.0,04.3,2,3500,0,1,230,0,0,0,0

