APPTR,D01,01,KAVUR
IF,KAVUR,24.712778,45.676667, ,0.0,0.0,0,0,0,0,0,0,0,0
TF,D258Y,24.814817,46.307997,0, ,0.0,0.0,0.0,0.0,0,0,0,0,0,0,1,0
AF,D245Y,24.722919,46.337814,1,KIA,245.1,25.0,258.0,2,7500,0,0,0,0,0,0
AF,D202Y,24.504167,46.573556,1,KIA,202.0,25.0,245.0,2,7000,0,0,0,0,0,0
AF,KEBAR,24.470500,46.709889,1,KIA,184.2,25.0,202.0,2,5000,0,0,0,0,0,0
CF,PARAL,24.623750,46.718639,0,RIY,181.0,5.7,1.0,9.2,2,3700,0,0,0,0,0,0

APPTR,D01,01,KIA
IF,KIA,24.886056,46.759389, ,0.0,0.0,0,0,0,0,0,0,0,0
CF,DAPON,24.560944,46.471778,0,KIA,217.0,25.0,217.0,25.0,2,7000,0,0,0,0,0,0
AF,D202Y,24.504167,46.573556,1,KIA,202.0,25.0,217.0,2,7000,0,0,0,0,0,0
AF,KEBAR,24.470500,46.709889,1,KIA,184.2,25.0,202.0,2,5000,0,0,0,0,0,0
CF,PARAL,24.623750,46.718639,0,RIY,181.0,5.7,1.0,9.2,2,3700,0,0,0,0,0,0

APPTR,D01,01,MUNTO
IF,MUNTO,23.895833,46.583056, ,0.0,0.0,0,0,0,0,0,0,0,0
TF,KUSTA,24.391028,46.670889,0, ,0.0,0.0,0.0,0.0,0,0,0,0,0,0,1,0
VI,0, ,0.0,50.0,0,0,0,0,0,0,0,0
CF,KEBAR,24.470500,46.709889,0,KIA,184.2,25.0,1.0,3.0,2,5000,0,0,0,0,0,0
CF,PARAL,24.623750,46.718639,0,RIY,181.0,5.7,1.0,9.2,2,3700,0,0,0,0,0,0

FINAL,D01,01,D,3
IF,PARAL,24.623750,46.718639,RIY,181.0,5.7,2,3700,0,0,0,0,2,0
CF,40VOR,24.652403,46.720283,0,RIY,181.0,4.0,1.0,1.7,2,3160,0,0,0,0,0,0
CF,MA01,24.696150,46.722797,0,RIY,181.1,1.4,1.0,2.6,1,2314,0,0,0,0,3,0
FA,MA01,24.696150,46.722797,0,RIY,0.0,0.0,6.0,2,2490,0,0,0,0,0,0
CF,D006D,24.777300,46.735497,0,RIY,8.2,3.5,6.0,3.8,1,3500,0,0,0,0,0,1
CF,DAPON,24.560944,46.471778,1,KIA,217.0,25.0,217.0,21.0,1,5000,0,0,0,0,0,0
HM,DAPON,24.560944,46.471778,1, ,0.0,0.0,37.0,04.3,0,0,0,0,0,0,0,0,0

APPTR,D15,15,GERUM
PI,GERUM,24.797333,46.666472,2,RIY,279.0,10.0,324,5.0,2,5000,0,0,0,0,1,0
CF,GERUM,24.797333,46.666472,0,RIY,323.9,5.6,144.0,8.0,2,3600,0,0,0,0,0,0

APPTR,D15,15,MUNTO
IF,MUNTO,23.895833,46.583056, ,0.0,0.0,0,0,0,0,0,0,0,0
TF,KUSTA,24.391028,46.670889,0, ,0.0,0.0,0.0,0.0,0,0,0,0,0,0,1,0
FC,KUSTA,24.391028,46.670889,0,RIY,0.0,0.0,6.0,2.9,2,5000,0,0,0,0,0,0
CI,0, ,0.0,6.0,0,0,0,0,0,0,0,0
AF,D324O,24.927361,46.570347,2,RIY,324.0,15.0,186.0,2,5000,0,0,0,0,0,0
CF,GERUM,24.797333,46.666472,0,RIY,323.9,5.6,144.0,9.4,2,3600,0,0,0,0,0,0

APPTR,D15,15,RIY
IF,RIY,24.719528,46.724139, ,0.0,0.0,0,0,0,0,0,0,0,0
CF,GERUM,24.797333,46.666472,0,RIY,323.9,5.6,324.0,5.6,2,6000,0,0,0,0,1,0
PI,GERUM,24.797333,46.666472,2,RIY,279.0,10.0,324,5.0,2,5000,0,0,0,0,0,0
CF,GERUM,24.797333,46.666472,0,RIY,323.9,5.6,144.0,8.0,2,3600,0,0,0,0,0,0

APPTR,D15,15,TEVOG
IF,TEVOG,24.103333,46.073333, ,0.0,0.0,0,0,0,0,0,0,0,0
TF,DAPON,24.560944,46.471778,0, ,0.0,0.0,0.0,0.0,0,0,0,0,0,0,1,1
CI,0, ,0.0,37.0,2,5000,0,0,0,0,0,0
AF,D324O,24.927361,46.570347,2,RIY,324.0,15.0,235.0,2,5000,0,0,0,0,0,0
CF,GERUM,24.797333,46.666472,0,RIY,323.9,5.6,144.0,9.4,2,3600,0,0,0,0,0,0

FINAL,D15,15,D,3
IF,GERUM,24.797333,46.666472,RIY,323.9,5.6,2,3600,0,0,0,0,2,0
CF,36VOR,24.769375,46.687203,0,RIY,323.9,3.6,144.0,2.0,2,2960,0,0,0,0,0,0
CF,MD15,24.743086,46.706736,0,RIY,324.0,1.7,144.0,1.9,1,2349,0,0,0,0,3,0
FA,MD15,24.743086,46.706736,0,RIY,0.0,0.0,144.0,2,3500,0,0,0,0,0,0
CI,0, ,0.0,150.0,0,0,0,0,0,0,0,0
CF,D180Y,24.468331,46.742656,0,KIA,180.1,25.0,180.0,15.0,1,5000,0,0,0,0,0,0
AF,DAPON,24.560944,46.471778,2,KIA,217.0,25.0,180.0,0,0,0,0,0,0,0,0
HM,DAPON,24.560944,46.471778,1, ,0.0,0.0,37.0,04.3,0,0,0,0,0,0,0,0,0

APPTR,D19,19,KIA
HF,KIA,24.886056,46.759389,1, ,0.0,0.0,188.0,04.3,2,5000,0,0,0,0,1,0,0

FINAL,D19,19,D,3
IF,KIA,24.886056,46.759389,KIA,0.0,0.0,2,5000,0,0,0,0,2,0
CF,50VOR,24.803747,46.743306,0,KIA,188.1,5.0,188.0,5.0,2,3300,0,0,0,0,0,0
CF,MA19,24.751186,46.733044,0,KIA,188.1,8.2,188.0,3.2,1,2322,0,0,0,0,3,0
CF,D188Y,24.474506,46.679297,0,KIA,188.1,25.0,188.0,16.8,2,5000,0,0,0,0,0,0
AF,DAPON,24.560944,46.471778,2,KIA,217.0,25.0,188.0,1,5000,0,0,0,0,0,0
HM,DAPON,24.560944,46.471778,1, ,0.0,0.0,37.0,04.3,0,0,0,0,0,0,0,0,0

APPTR,D33,33,KAVUR
IF,KAVUR,24.712778,45.676667, ,0.0,0.0,0,0,0,0,0,0,0,0
TF,D258Y,24.814817,46.307997,0, ,0.0,0.0,0.0,0.0,0,0,0,0,0,0,0,0
CF,RIY,24.719528,46.724139,0,RIY,0.0,0.0,102.0,23.4,2,7000,0,0,0,0,0,0
CF,BOSUR,24.635389,46.766806,0,RIY,153.1,5.6,153.0,5.5,2,6000,0,0,0,0,1,0
PI,BOSUR,24.635389,46.766806,1,RIY,198.0,10.0,153,5.0,2,5000,0,0,0,0,0,0
CF,BOSUR,24.635389,46.766806,0,RIY,153.1,5.6,333.0,8.0,2,3600,0,0,0,0,0,0

APPTR,D33,33,KIA
IF,KIA,24.886056,46.759389, ,0.0,0.0,0,0,0,0,0,0,0,0
CF,RIY,24.719528,46.724139,0,RIY,0.0,0.0,189.0,10.1,2,7000,0,0,0,0,0,0
CF,BOSUR,24.635389,46.766806,0,RIY,153.1,5.6,153.0,5.5,2,6000,0,0,0,0,1,0
PI,BOSUR,24.635389,46.766806,1,RIY,198.0,10.0,153,5.0,2,5000,0,0,0,0,0,0
CF,BOSUR,24.635389,46.766806,0,RIY,153.1,5.6,333.0,8.0,2,3600,0,0,0,0,0,0

APPTR,D33,33,MUNTO
IF,MUNTO,23.895833,46.583056, ,0.0,0.0,0,0,0,0,0,0,0,0
TF,KUSTA,24.391028,46.670889,0, ,0.0,0.0,0.0,0.0,0,0,0,0,0,0,1,0
FC,KUSTA,24.391028,46.670889,0,RIY,0.0,0.0,6.0,5.0,2,7000,0,0,0,0,0,0
CI,0, ,0.0,6.0,2,7000,0,0,0,0,0,0
AF,D153L,24.537656,46.816833,1,RIY,153.0,12.0,186.0,2,5000,0,0,0,0,0,0
CF,BOSUR,24.635389,46.766806,0,RIY,153.1,5.6,333.0,6.5,2,3600,0,0,0,0,0,0

APPTR,D33,33,RIY
IF,RIY,24.719528,46.724139, ,0.0,0.0,0,0,0,0,0,0,0,0
CF,BOSUR,24.635389,46.766806,0,RIY,153.1,5.6,153.0,5.5,2,6000,0,0,0,0,1,0
PI,BOSUR,24.635389,46.766806,1,RIY,198.0,10.0,153,5.0,2,5000,0,0,0,0,0,0
CF,BOSUR,24.635389,46.766806,0,RIY,153.1,5.6,333.0,8.0,2,3600,0,0,0,0,0,0

APPTR,D33,33,TEVOG
IF,TEVOG,24.103333,46.073333, ,0.0,0.0,0,0,0,0,0,0,0,0
TF,DAPON,24.560944,46.471778,0, ,0.0,0.0,0.0,0.0,0,0,0,0,0,0,1,1
CI,0, ,0.0,53.0,2,7000,0,0,0,0,0,0
AF,D180L,24.519008,46.716486,1,RIY,180.0,12.0,233.0,2,7000,0,0,0,0,0,0
AF,D153L,24.537656,46.816833,1,RIY,153.0,12.0,180.0,2,5000,0,0,0,0,0,0
CF,BOSUR,24.635389,46.766806,0,RIY,153.1,5.6,333.0,6.5,2,3600,0,0,0,0,0,0

APPTR,D33,33,VELOS
IF,VELOS,25.357222,45.786667, ,0.0,0.0,0,0,0,0,0,0,0,0
TF,D296Y,25.082367,46.354536,0, ,0.0,0.0,0.0,0.0,0,0,0,0,0,0,0,0
CF,RIY,24.719528,46.724139,0,RIY,0.0,0.0,135.0,29.6,2,7000,0,0,0,0,0,0
CF,BOSUR,24.635389,46.766806,0,RIY,153.1,5.6,153.0,5.5,2,6000,0,0,0,0,1,0
PI,BOSUR,24.635389,46.766806,1,RIY,198.0,10.0,153,5.0,2,5000,0,0,0,0,0,0
CF,BOSUR,24.635389,46.766806,0,RIY,153.1,5.6,333.0,8.0,2,3600,0,0,0,0,0,0

FINAL,D33,33,D,3
IF,BOSUR,24.635389,46.766806,RIY,153.1,5.6,2,3600,0,0,0,0,2,0
CF,30VOR,24.673711,46.747378,0,RIY,153.2,3.0,333.0,2.5,2,2800,0,0,0,0,0,0
CF,MD33,24.695278,46.736514,0,RIY,153.1,1.6,333.0,1.4,1,2340,0,0,0,0,3,0
FD,MD33,24.695278,46.736514,0,RIY,153.0,3.0,333.0,3.0,2,2490,0,0,0,0,0,0
CF,DAPON,24.560944,46.471778,1,KIA,216.9,25.0,217.0,19.0,1,5000,0,0,0,0,0,0
HM,DAPON,24.560944,46.471778,1, ,0.0,0.0,37.0,04.3,0,0,0,0,0,0,0,0,0

APPTR,I01,01,KAVUR
IF,KAVUR,24.712778,45.676667, ,0.0,0.0,0,0,0,0,0,0,0,0
TF,D258Y,24.814817,46.307997,0, ,0.0,0.0,0.0,0.0,0,0,0,0,0,0,1,0
AF,D245Y,24.722919,46.337814,1,KIA,245.1,25.0,258.0,2,7500,0,0,0,0,0,0
AF,D202Y,24.504167,46.573556,1,KIA,202.0,25.0,245.0,2,7000,0,0,0,0,0,0
AF,ITORO,24.473222,46.687694,1,KIA,187.0,25.0,202.0,2,5000,0,0,0,0,0,0
CF,CI01,24.559911,46.701381,0,IRIY,186.2,11.2,6.0,5.2,2,5000,0,0,0,0,0,0

APPTR,I01,01,KIA
IF,KIA,24.886056,46.759389, ,0.0,0.0,0,0,0,0,0,0,0,0
CF,DAPON,24.560944,46.471778,0,KIA,217.0,25.0,217.0,25.0,2,7000,0,0,0,0,0,0
AF,D202Y,24.504167,46.573556,1,KIA,202.0,25.0,217.0,2,7000,0,0,0,0,0,0
AF,ITORO,24.473222,46.687694,1,KIA,187.0,25.0,202.0,2,5000,0,0,0,0,0,0
CF,CI01,24.559911,46.701381,0,IRIY,186.2,11.2,6.0,5.2,2,5000,0,0,0,0,0,0

APPTR,I01,01,MUNTO
IF,MUNTO,23.895833,46.583056, ,0.0,0.0,0,0,0,0,0,0,0,0
TF,KUSTA,24.391028,46.670889,0, ,0.0,0.0,0.0,0.0,0,0,0,0,0,0,1,0
CF,ITORO,24.473222,46.687694,0,KIA,187.0,25.0,7.0,5.0,2,5000,0,0,0,0,0,0
CF,CI01,24.559911,46.701381,0,IRIY,186.2,11.2,6.0,5.2,2,5000,0,0,0,0,0,0

FINAL,I01,01,I,3
IF,CI01,24.559911,46.701381,IRIY,186.2,11.2,2,5000,0,0,0,0,0,0
CF,MELGA,24.621278,46.711083,0,IRIY,186.2,7.4,6.0,3.7,1,3725,0,0,0,0,2,0
CF,RW01,24.709081,46.724997,0,IRIY,186.2,2.1,6.0,5.3,1,2062,0,0,0,0,3,0
FA,RW01,24.709081,46.724997,0,RIY,0.0,0.0,6.0,2,3500,0,0,0,0,0,0
CF,DAPON,24.560944,46.471778,1,KIA,217.0,25.0,217.0,20.0,1,5000,0,0,0,0,0,0
HM,DAPON,24.560944,46.471778,1, ,0.0,0.0,37.0,04.3,0,0,0,0,0,0,0,0,0

APPTR,I33,33,KAVUR
IF,KAVUR,24.712778,45.676667, ,0.0,0.0,0,0,0,0,0,0,0,0
TF,D258Y,24.814817,46.307997,0, ,0.0,0.0,0.0,0.0,0,0,0,0,0,0,0,0
CF,RIY,24.719528,46.724139,0,RIY,0.0,0.0,102.0,23.4,2,7000,0,0,0,0,0,0
CF,NADSU,24.637861,46.772278,0,RIY,149.7,5.6,149.0,5.5,2,6000,0,0,0,0,1,0
PI,NADSU,24.637861,46.772278,1,RIY,193.0,10.0,148,5.0,2,5000,0,0,0,0,0,0

APPTR,I33,33,KIA
IF,KIA,24.886056,46.759389, ,0.0,0.0,0,0,0,0,0,0,0,0
CF,RIY,24.719528,46.724139,0,RIY,0.0,0.0,189.0,10.1,2,7000,0,0,0,0,0,0
CF,NADSU,24.637861,46.772278,0,RIY,149.7,5.6,149.0,5.5,2,6000,0,0,0,0,1,0
PI,NADSU,24.637861,46.772278,1,RIY,193.0,10.0,148,5.0,2,5000,0,0,0,0,0,0

APPTR,I33,33,MUNTO
IF,MUNTO,23.895833,46.583056, ,0.0,0.0,0,0,0,0,0,0,0,0
TF,KUSTA,24.391028,46.670889,0, ,0.0,0.0,0.0,0.0,0,0,0,0,0,0,1,1
CI,0, ,0.0,6.0,2,7000,0,0,0,0,0,0
AF,D180L,24.519008,46.716486,1,RIY,180.0,12.0,187.0,2,7000,0,0,0,0,0,0
AF,D159L,24.529800,46.795544,1,RIY,159.0,12.0,180.0,2,5000,0,0,0,0,0,0
VI,0,IRAB,0.0,358.0,0,0,0,0,0,0,0,0

APPTR,I33,33,RIY
IF,RIY,24.719528,46.724139, ,0.0,0.0,0,0,0,0,0,0,0,0
CF,NADSU,24.637861,46.772278,0,RIY,149.7,5.6,149.0,5.5,2,6000,0,0,0,0,1,0
PI,NADSU,24.637861,46.772278,1,RIY,193.0,10.0,148,5.0,2,5000,0,0,0,0,0,0

APPTR,I33,33,TEVOG
IF,TEVOG,24.103333,46.073333, ,0.0,0.0,0,0,0,0,0,0,0,0
TF,DAPON,24.560944,46.471778,0, ,0.0,0.0,0.0,0.0,0,0,0,0,0,0,1,1
CI,0, ,0.0,53.0,2,7000,0,0,0,0,0,0
AF,D180L,24.519008,46.716486,1,RIY,180.0,12.0,235.0,2,7000,0,0,0,0,0,0
AF,D159L,24.529800,46.795544,1,RIY,159.0,12.0,180.0,2,5000,0,0,0,0,0,0
VI,0,IRAB,0.0,358.0,0,0,0,0,0,0,0,0

APPTR,I33,33,VELOS
IF,VELOS,25.357222,45.786667, ,0.0,0.0,0,0,0,0,0,0,0,0
TF,D296Y,25.082367,46.354536,0, ,0.0,0.0,0.0,0.0,0,0,0,0,0,0,0,0
CF,RIY,24.719528,46.724139,0,RIY,0.0,0.0,135.0,29.6,2,7000,0,0,0,0,0,0
CF,NADSU,24.637861,46.772278,0,RIY,149.7,5.6,149.0,5.5,2,6000,0,0,0,0,1,0
PI,NADSU,24.637861,46.772278,1,RIY,193.0,10.0,148,5.0,2,5000,0,0,0,0,0,0

FINAL,I33,33,I,3
IF,CI33,24.544750,46.830308,IRAB,148.3,13.0,2,5000,0,0,0,0,0,0
CF,NADSU,24.637861,46.772278,0,IRAB,148.3,6.6,328.0,6.4,1,3622,0,0,0,0,2,0
CF,RW33,24.707692,46.728703,0,IRAB,148.2,1.8,328.0,4.8,1,2069,0,0,0,0,3,0
FD,RW33,24.707692,46.728703,0,RIY,158.7,3.0,328.0,3.0,2,2490,0,0,0,0,0,0
CF,DAPON,24.560944,46.471778,1,RIY,233.5,16.7,217.0,16.0,1,5000,0,0,0,0,0,0
HM,DAPON,24.560944,46.471778,1, ,0.0,0.0,37.0,04.3,0,0,0,0,0,0,0,0,0

APPTR,T01,01,KAVUR
IF,KAVUR,24.712778,45.676667, ,0.0,0.0,0,0,0,0,0,0,0,0
TF,D258Y,24.814817,46.307997,0, ,0.0,0.0,0.0,0.0,0,0,0,0,0,0,1,0
AF,D245Y,24.722919,46.337814,1,KIA,245.1,25.0,258.0,2,7500,0,0,0,0,0,0
AF,D202Y,24.504167,46.573556,1,KIA,202.0,25.0,245.0,2,7000,0,0,0,0,0,0
AF,KEBAR,24.470500,46.709889,1,KIA,184.2,25.0,202.0,2,5000,0,0,0,0,0,0
CF,PARAL,24.623750,46.718639,0,RIY,181.0,5.7,1.0,9.2,2,3700,0,0,0,0,0,0

APPTR,T01,01,KIA
IF,KIA,24.886056,46.759389, ,0.0,0.0,0,0,0,0,0,0,0,0
CF,DAPON,24.560944,46.471778,0,KIA,217.0,25.0,217.0,25.0,2,7000,0,0,0,0,0,0
AF,D202Y,24.504167,46.573556,1,KIA,202.0,25.0,217.0,2,7000,0,0,0,0,0,0
AF,KEBAR,24.470500,46.709889,1,KIA,184.2,25.0,202.0,2,5000,0,0,0,0,0,0
CF,PARAL,24.623750,46.718639,0,RIY,181.0,5.7,1.0,9.2,2,3700,0,0,0,0,0,0

APPTR,T01,01,MUNTO
IF,MUNTO,23.895833,46.583056, ,0.0,0.0,0,0,0,0,0,0,0,0
TF,KUSTA,24.391028,46.670889,0, ,0.0,0.0,0.0,0.0,0,0,0,0,0,0,1,0
VI,0, ,0.0,50.0,0,0,0,0,0,0,0,0
CF,KEBAR,24.470500,46.709889,0,KIA,184.2,25.0,1.0,3.0,2,5000,0,0,0,0,0,0
CF,PARAL,24.623750,46.718639,0,RIY,181.0,5.7,1.0,9.2,2,3700,0,0,0,0,0,0

FINAL,T01,01,D,3
IF,PARAL,24.623750,46.718639,RIY,181.0,5.7,2,3700,0,0,0,0,2,0
CF,40VOR,24.652403,46.720283,0,RIY,181.0,4.0,1.0,1.7,2,3160,0,0,0,0,0,0
CF,MA01,24.696150,46.722797,0,RIY,181.1,1.4,1.0,2.6,1,2314,0,0,0,0,3,0
FA,MA01,24.696150,46.722797,0,RIY,0.0,0.0,6.0,2,2490,0,0,0,0,0,0
CF,D006D,24.777300,46.735497,0,RIY,8.2,3.5,6.0,3.8,2,3500,0,0,0,0,0,1
CF,DAPON,24.560944,46.471778,1,RIY,233.6,16.7,217.0,20.0,1,5000,0,0,0,0,0,0
HM,DAPON,24.560944,46.471778,1, ,0.0,0.0,37.0,04.3,0,0,0,0,0,0,0,0,0

APPTR,T19,19,KIA
HF,KIA,24.886056,46.759389,1, ,0.0,0.0,188.0,04.3,2,5000,0,0,0,0,1,0,0

FINAL,T19,19,D,3
IF,KIA,24.886056,46.759389,KIA,0.0,0.0,2,5000,0,0,0,0,2,0
CF,50VOR,24.803747,46.743306,0,KIA,188.1,5.0,188.0,5.0,2,3300,0,0,0,0,0,0
CF,MA19,24.751186,46.733044,0,KIA,188.1,8.2,188.0,3.2,1,2322,0,0,0,0,3,0
CF,D188Y,24.474506,46.679297,0,KIA,188.1,25.0,188.0,16.8,2,5000,0,0,0,0,0,0
AF,DAPON,24.560944,46.471778,2,KIA,217.0,25.0,188.0,1,5000,0,0,0,0,0,0
HM,DAPON,24.560944,46.471778,1, ,0.0,0.0,37.0,04.3,0,0,0,0,0,0,0,0,0

