SID,KIS1G,29,2
CA,0,289.0,2,450,0,0,0,0,0,0
VI,2, ,0.0,146.0,0,0,0,0,0,0,0,0
CF,KIS,26.525167,53.962417,0,LVA,115.6,36.8,116.0,32.0,0,0,0,0,0,0,0,0

SID,KIS1H,11,2
CA,0,109.0,2,450,0,0,0,0,0,0
CF,KIS,26.525167,53.962417,0,LVA,115.6,36.8,116.0,36.0,0,0,0,0,0,0,0,0

SID,LAM2A,29,2
CA,0,289.0,2,480,0,0,0,0,0,0
FA,LVA,26.812056,53.355861,0,LVA,0.0,0.0,266.0,2,2000,0,0,0,0,0,0
DF,LVA,26.812056,53.355861,1, ,0.0,0.0,2,4000,0,0,0,0,0,0
TF,LAM,27.372833,53.183972,0, ,0.0,0.0,0.0,0.0,0,0,0,0,0,0,0,0

SID,LAM2B,11,2
CA,0,109.0,2,480,0,0,0,0,0,0
FA,LVA,26.812056,53.355861,0,LVA,0.0,0.0,106.0,2,2000,0,0,0,0,0,0
DF,LVA,26.812056,53.355861,2, ,0.0,0.0,2,4000,0,0,0,0,0,0
TF,LAM,27.372833,53.183972,0, ,0.0,0.0,0.0,0.0,0,0,0,0,0,0,0,0

STAR,KIS1V,29,2
IF,KIS,26.525167,53.962417, ,0.0,0.0,0,0,0,0,0,0,0,0
TF,D063O,26.917872,53.609425,0, ,0.0,0.0,0.0,0.0,0,0,0,0,0,0,0,0

STAR,LAM1P,29,2
IF,LAM,27.372833,53.183972, ,0.0,0.0,0,0,0,0,0,0,0,0
TF,D343O,27.053939,53.282000,0, ,0.0,0.0,0.0,0.0,0,0,0,0,0,0,0,0
AF,D063O,26.917872,53.609425,2,LVA,63.0,15.0,343.0,0,0,0,0,0,0,0,0

APPTR,D29,29,D063O
IF,D063O,26.917872,53.609425,LVA,63.0,15.0,2,6000,0,0,0,0,1,0
CI,0, ,0.0,243.0,0,0,0,0,0,0,0,0
AF,CD29,26.727142,53.558306,2,LVA,113.0,12.0,63.0,2,2500,0,0,0,0,1,0

FINAL,D29,29,D,3
IF,CD29,26.727142,53.558306,LVA,113.0,12.0,2,2500,0,0,0,0,0,0
CF,FD29,26.776708,53.440250,0,LVA,113.0,5.0,293.0,7.0,2,1500,0,0,0,0,2,0
CF,MD29,26.804989,53.372742,0,LVA,113.0,0.0,293.0,4.0,1,217,0,0,0,0,3,0
CF,LVA,26.812056,53.355861,0,LVA,0.0,0.0,293.0,1.0,2,450,0,0,0,0,0,0
FA,LVA,26.812056,53.355861,0,LVA,0.0,0.0,289.0,2,2200,0,0,0,0,0,0
CF,LVA,26.812056,53.355861,1,LVA,0.0,0.0,63.0,4.0,0,0,0,0,0,0,0,0
CF,D063O,26.917872,53.609425,0,LVA,63.0,15.0,63.0,15.0,1,6000,0,0,0,0,0,0
HM,D063O,26.917872,53.609425,2, ,0.0,0.0,243.0,04.3,0,0,0,1,220,0,0,0,0

APPTR,N29,29,LVA1
IF,LVA,26.800028,53.386306, ,0.0,0.0,2,3000,0,1,185,0,1,0
FC,LVA,26.800028,53.386306,0,LVA,0.0,0.0,135.0,6.2,1,1400,0,0,0,0,0,1
CF,FN29,26.781689,53.436853,1,LVA,110.7,4.7,290.0,4.0,1,1400,0,0,0,0,0,0

APPTR,N29,29,LVA2
IF,LVA,26.800028,53.386306, ,0.0,0.0,2,3000,0,0,0,0,1,0
FC,LVA,26.800028,53.386306,0,LVA,0.0,0.0,125.0,7.5,1,1400,0,0,0,0,0,1
CF,FN29,26.781689,53.436853,1,LVA,110.7,4.7,290.0,5.0,1,1400,0,0,0,0,0,0

FINAL,N29,29,N,2
IF,FN29,26.781689,53.436853,LVA,0.0,0.0,1,1400,0,0,0,0,2,0
CF,LVA,26.800028,53.386306,0,LVA,0.0,0.0,290.0,2.9,1,468,0,0,0,0,3,0
FA,LVA,26.800028,53.386306,0,LVA,0.0,0.0,290.0,2,1500,0,0,0,0,0,0
DF,LVA,26.800028,53.386306,1, ,0.0,0.0,1,3000,0,0,0,0,0,0
HM,LVA,26.800028,53.386306,1, ,0.0,0.0,135.0,04.3,0,0,0,1,210,0,0,0,0

