SID,ALTE1A,32,2
CA,0,318.0,2,4810,0,0,0,0,0,0
FA,ILM,33.578417,46.415389,0,ILM,0.0,0.0,320.0,2,7700,0,0,0,0,0,0
DF,ILM,33.578417,46.415389,1, ,0.0,0.0,2,11000,0,0,0,0,0,0
TF,ALTET,33.535833,47.013056,0, ,0.0,0.0,0.0,0.0,0,0,0,0,0,0,0,0

SID,ALTE1B,14,2
CA,0,138.0,2,4810,0,0,0,0,0,0
FA,ILM,33.578417,46.415389,0,ILM,0.0,0.0,155.0,2,8000,0,0,0,0,0,0
DF,ILM,33.578417,46.415389,2, ,0.0,0.0,2,11000,0,0,0,0,0,0
TF,ALTET,33.535833,47.013056,0, ,0.0,0.0,0.0,0.0,0,0,0,0,0,0,0,0

SID,MOKA1H,32,2
CA,0,318.0,2,4810,0,0,0,0,0,0
FA,ILM,33.578417,46.415389,0,ILM,0.0,0.0,320.0,2,9000,0,0,0,0,0,0
VI,2, ,0.0,66.0,0,0,0,0,0,0,0,0
CF,MOKAB,34.020278,46.850833,0,ILM,35.3,34.3,36.0,13.0,0,0,0,0,0,0,0,0

SID,MOKA1K,32,2
CA,0,318.0,2,4810,0,0,0,0,0,0
FA,ILM,33.578417,46.415389,0,ILM,0.0,0.0,320.0,2,7700,0,0,0,0,0,0
DF,ILM,33.578417,46.415389,1, ,0.0,0.0,2,11000,0,0,0,0,0,0
TF,MOKAB,34.020278,46.850833,0, ,0.0,0.0,0.0,0.0,0,0,0,0,0,0,0,0

SID,MOKA2J,14,2
CA,0,138.0,2,4810,0,0,0,0,0,0
FA,ILM,33.578417,46.415389,0,ILM,0.0,0.0,155.0,2,8000,0,0,0,0,0,0
DF,ILM,33.578417,46.415389,2, ,0.0,0.0,2,11000,0,0,0,0,0,0
TF,MOKAB,34.020278,46.850833,0, ,0.0,0.0,0.0,0.0,0,0,0,0,0,0,0,0

STAR,ALTE1A,ALL,2
IF,ALTET,33.535833,47.013056, ,0.0,0.0,0,0,0,0,0,0,0,0
TF,D091R,33.551703,46.772989,0, ,0.0,0.0,0.0,0.0,0,0,0,0,0,0,0,0

STAR,ALTE1B,ALL,2
IF,ALTET,33.535833,47.013056, ,0.0,0.0,0,0,0,0,0,0,0,0
TF,ILM,33.578417,46.415389,0, ,0.0,0.0,0.0,0.0,0,0,0,0,0,0,0,0

STAR,MOKA1F,ALL,2
IF,MOKAB,34.020278,46.850833, ,0.0,0.0,0,0,0,0,0,0,0,0
TF,D035J,33.707517,46.541994,0, ,0.0,0.0,0.0,0.0,0,0,0,0,0,0,0,0
TF,ILM,33.578417,46.415389,0, ,0.0,0.0,0.0,0.0,0,0,0,0,0,0,0,0

STAR,MOKA1G,ALL,2
IF,MOKAB,34.020278,46.850833, ,0.0,0.0,0,0,0,0,0,0,0,0
TF,D035R,33.810703,46.643553,0, ,0.0,0.0,0.0,0.0,0,0,0,0,0,0,0,0
AF,D091R,33.551703,46.772989,2,ILM,91.0,18.0,35.0,0,0,0,0,0,0,0,0

APPTR,I32-1,32,ILM
IF,ILM,33.578417,46.415389, ,0.0,0.0,2,11000,0,0,0,0,0,0
CF,CI32,33.366447,46.609431,0,ILM,138.5,16.0,139.0,16.0,1,9800,0,0,0,0,0,0
FC,CI32,33.366447,46.609431,0,ILM,0.0,0.0,184.0,4.3,0,0,0,0,0,0,0,1
CF,CI32,33.366447,46.609431,1,IILM,138.0,17.6,318.0,5.0,1,9800,0,0,0,0,1,0

FINAL,I32-1,32,I,3
IF,CI32,33.366447,46.609431,IILM,138.0,17.6,2,9800,0,0,0,0,0,0
CF,FI32,33.435381,46.545503,0,IILM,138.0,12.4,318.0,5.2,1,8500,0,0,0,0,2,0
CF,RW32,33.574186,46.416375,0,IILM,138.0,1.8,318.0,10.5,1,4468,0,0,0,0,3,0
CA,0,318.0,2,4810,0,0,0,0,0,0
FA,ILM,33.578417,46.415389,0,ILM,0.0,0.0,320.0,2,8000,0,1,185,0,0,0
DF,ILM,33.578417,46.415389,1, ,0.0,0.0,1,11000,0,0,0,0,0,0
HM,ILM,33.578417,46.415389,2, ,0.0,0.0,139.0,04.3,0,0,0,1,230,0,0,0,0

APPTR,I32-2,32,D091R
IF,D091R,33.551703,46.772989, ,0.0,0.0,0,0,0,0,0,0,1,0
CI,0, ,0.0,271.0,0,0,0,0,0,0,0,0
AF,D130P,33.392614,46.644497,2,ILM,130.0,16.0,91.0,2,10000,0,0,0,0,0,0
VI,0,IILM,0.0,288.0,0,0,0,0,0,0,0,0

FINAL,I32-2,32,I,3
IF,CI32,33.366447,46.609431,IILM,138.0,17.6,2,9800,0,0,0,0,0,0
CF,FI32,33.435381,46.545503,0,IILM,138.0,12.4,318.0,5.2,1,8500,0,0,0,0,2,0
CF,RW32,33.574186,46.416375,0,IILM,138.0,1.8,318.0,10.5,1,4468,0,0,0,0,3,0
CA,0,318.0,2,4810,0,0,0,0,0,0
FA,ILM,33.578417,46.415389,0,ILM,0.0,0.0,320.0,2,8000,0,1,185,0,0,0
DF,ILM,33.578417,46.415389,1, ,0.0,0.0,1,11000,0,0,0,0,0,0
HM,ILM,33.578417,46.415389,2, ,0.0,0.0,139.0,04.3,0,0,0,1,230,0,0,0,0

