SID,NOTS1A,29,2
CA,0,289.0,2,4200,0,0,0,0,0,0
FA,KRD,33.434194,48.291861,0,KRD,0.0,0.0,280.0,2,6000,0,0,0,0,0,0
DF,KRD,33.434194,48.291861,1, ,0.0,0.0,2,8000,0,0,0,0,0,1
TF,NOTSA,33.295833,49.054167,0, ,0.0,0.0,0.0,0.0,2,16000,0,0,0,0,0,0

SID,NOTS1B,11,2
CA,0,109.0,2,4200,0,1,250,0,0,0
CF,D117I,33.356697,48.445364,0,KRD,117.0,9.0,117.0,9.0,2,6500,0,0,0,0,0,0
VI,0, ,0.0,68.0,0,0,0,0,0,0,0,0
CF,NOTSA,33.295833,49.054167,0,KRD,98.0,39.2,98.0,25.0,2,16000,0,0,0,0,0,0

STAR,NOTS1N,29,2
IF,NOTSA,33.295833,49.054167, ,0.0,0.0,0,0,0,0,0,0,0,0
TF,D276T,33.349061,48.676794,0, ,0.0,0.0,0.0,0.0,0,0,0,0,0,0,0,0

STAR,NOTS1P,11,2
IF,NOTSA,33.295833,49.054167, ,0.0,0.0,0,0,0,0,0,0,0,0
TF,KRD,33.434194,48.291861,0, ,0.0,0.0,0.0,0.0,0,0,0,0,0,0,0,0
TF,D285T,33.542347,47.914778,0, ,0.0,0.0,0.0,0.0,0,0,0,0,0,0,0,0

STAR,NOTS1Q,ALL,2
IF,NOTSA,33.295833,49.054167, ,0.0,0.0,0,0,0,0,0,0,0,0
TF,KRD,33.434194,48.291861,0, ,0.0,0.0,0.0,0.0,0,0,0,0,0,0,0,0

APPTR,D11,11,D285T
IF,D285T,33.542347,47.914778, ,0.0,0.0,2,10500,0,1,185,0,1,0
CF,CD11,33.499222,48.065722,0,KRD,285.0,12.0,105.0,8.0,2,6900,0,0,0,0,1,0

FINAL,D11,11,D,3
IF,CD11,33.499222,48.065722,KRD,285.0,12.0,2,6900,0,0,0,0,0,0
CF,FD11,33.472178,48.159986,0,KRD,285.0,7.0,105.0,5.0,2,5800,0,0,0,0,2,0
CF,MD11,33.445061,48.254194,0,KRD,285.0,2.0,105.0,5.0,1,4022,0,0,0,0,3,0
CF,KRD,33.434194,48.291861,0,KRD,0.0,0.0,105.0,2.0,0,0,0,0,0,0,0,1
FD,KRD,33.434194,48.291861,0,KRD,0.0,8.0,117.0,8.0,1,7100,0,0,0,0,0,0
DF,KRD,33.434194,48.291861,1, ,0.0,0.0,2,8500,0,0,0,0,0,0
CF,D285T,33.542347,47.914778,0,KRD,285.0,20.0,285.0,20.0,1,10500,0,0,0,0,0,0
HM,D285T,33.542347,47.914778,2, ,0.0,0.0,105.0,04.3,0,0,0,1,200,0,0,0,0

APPTR,I29-1,29,D276T
IF,D276T,33.349061,48.676794, ,0.0,0.0,2,10800,0,0,0,0,1,0
CF,D276O,33.363769,48.578456,0,KRD,102.3,15.0,276.0,5.0,2,8600,0,0,0,0,0,0
CF,D276K,33.375550,48.499292,0,KRD,104.6,11.0,276.0,4.0,2,7700,0,0,0,0,0,0
CF,D276I,33.382903,48.449706,0,KRD,107.1,8.5,276.0,2.5,2,6900,0,0,0,0,0,0
CF,KRD,33.385167,48.434417,0,KRD,108.3,7.7,276.0,0.8,2,6600,0,0,0,0,0,0
CI,0,IKRD,0.0,276.0,0,0,0,0,0,0,0,0

FINAL,I29-1,29,I,3
IF,CI29,33.381739,48.433211,IKRD,109.0,9.4,2,6600,0,0,0,0,0,0
CF,FI29,33.406603,48.363617,0,IKRD,109.0,5.6,289.0,3.8,1,5207,0,0,0,0,2,0
CF,RW29,33.430439,48.296736,0,IKRD,109.0,1.9,289.0,3.7,1,3855,0,0,0,0,3,0
CF,KRD,33.434194,48.291861,0,KRD,0.0,0.0,289.0,0.3,0,0,0,0,0,0,0,1
FA,KRD,33.434194,48.291861,0,KRD,0.0,0.0,274.0,2,6000,0,0,0,0,0,0
DF,KRD,33.434194,48.291861,1, ,0.0,0.0,0,0,0,0,0,0,0,0
CF,KRD,33.385167,48.434417,0,KRD,108.3,7.7,109.0,7.7,0,0,0,0,0,0,0,0
CF,D276T,33.349061,48.676794,0,KRD,100.7,20.0,96.0,12.4,1,10800,0,0,0,0,0,0
HM,D276T,33.349061,48.676794,2, ,0.0,0.0,276.0,04.3,0,0,0,1,200,0,0,0,0

APPTR,S11-M,11,KRD
IF,KRD,33.434194,48.291861, ,0.0,0.0,2,11500,0,0,0,0,1,0
FD,KRD,33.434194,48.291861,0,KRD,0.0,15.0,266.0,15.0,2,9200,0,0,0,0,0,0
CF,CD105,33.515417,48.009136,2,KRD,285.0,15.0,105.0,1.0,2,9200,0,0,0,0,1,0

FINAL,S11-M,11,D,3
IF,CD105,33.515417,48.009136,KRD,285.0,15.0,2,9200,0,0,0,0,0,0
CF,FD105,33.472178,48.159986,0,KRD,285.0,7.0,105.0,8.0,2,7600,0,0,0,0,2,0
CF,MD105,33.445061,48.254194,0,KRD,285.0,2.0,105.0,5.0,1,7600,0,0,0,0,3,0
CF,KRD,33.434194,48.291861,0,KRD,0.0,0.0,105.0,2.0,0,0,0,0,0,0,0,0
FD,KRD,33.434194,48.291861,0,KRD,0.0,8.0,117.0,8.0,1,9500,0,0,0,0,0,0
DF,KRD,33.434194,48.291861,1, ,0.0,0.0,1,11500,0,0,0,0,0,0
HM,KRD,33.434194,48.291861,2, ,0.0,0.0,265.0,04.3,0,0,0,1,220,0,0,0,0

APPTR,S29-M,29,KRD
IF,KRD,33.434194,48.291861, ,0.0,0.0,2,11500,0,0,0,0,1,0
FD,KRD,33.434194,48.291861,0,KRD,0.0,15.0,266.0,15.0,2,9200,0,0,0,0,0,0
CF,CD105,33.515417,48.009136,2,KRD,285.0,15.0,105.0,1.0,2,9200,0,0,0,0,1,0

FINAL,S29-M,29,D,3
IF,CD105,33.515417,48.009136,KRD,285.0,15.0,2,9200,0,0,0,0,0,0
CF,FD105,33.472178,48.159986,0,KRD,285.0,7.0,105.0,8.0,2,7600,0,0,0,0,2,0
CF,MD105,33.445061,48.254194,0,KRD,285.0,2.0,105.0,5.0,1,7600,0,0,0,0,3,0
CF,KRD,33.434194,48.291861,0,KRD,0.0,0.0,105.0,2.0,0,0,0,0,0,0,0,0
FD,KRD,33.434194,48.291861,0,KRD,0.0,8.0,117.0,8.0,1,9500,0,0,0,0,0,0
DF,KRD,33.434194,48.291861,1, ,0.0,0.0,1,11500,0,0,0,0,0,0
HM,KRD,33.434194,48.291861,2, ,0.0,0.0,265.0,04.3,0,0,0,1,220,0,0,0,0

