SID,BOMI1E,14,2
CA,0,145.0,2,11500,0,1,250,0,0,0
DF,SKD,32.279833,50.854917,1, ,0.0,0.0,0,0,0,0,0,0,0,0
TF,BOMID,32.984444,50.674722,0, ,0.0,0.0,0.0,0.0,0,0,0,0,0,0,0,0

SID,BOMI1F,32,2
CA,0,323.0,2,9500,0,0,0,0,0,0
CI,0, ,0.0,14.0,0,0,0,0,0,0,0,0
CF,BOMID,32.984444,50.674722,0,SKD,343.8,43.2,344.0,33.0,0,0,0,0,0,0,0,0

SID,BOMI1G,14,2
CA,0,145.0,2,11500,0,1,250,0,0,0
DF,SKD,32.305528,50.838611,1, ,0.0,0.0,0,0,0,0,0,0,0,0
TF,BOMID,32.984444,50.674722,0, ,0.0,0.0,0.0,0.0,0,0,0,0,0,0,0,0

SID,BOMI1H,32,2
CA,0,323.0,2,9500,0,0,0,0,0,0
VI,0, ,0.0,15.0,0,0,0,0,0,0,0,0
CF,BOMID,32.984444,50.674722,0,SKD,343.8,43.2,345.0,35.0,0,0,0,0,0,0,0,0

SID,IMKE1A,14,2
CA,0,145.0,2,11500,0,1,250,0,0,0
DF,SKD,32.279833,50.854917,1, ,0.0,0.0,0,0,0,0,0,0,0,0
TF,IMKEN,31.735278,49.603056,0, ,0.0,0.0,0.0,0.0,0,0,0,0,0,0,0,0

SID,IMKE1B,32,2
CA,0,323.0,2,8500,0,0,0,0,0,0
DF,SKD,32.279833,50.854917,2, ,0.0,0.0,2,11000,0,0,0,0,0,0
TF,IMKEN,31.735278,49.603056,2, ,0.0,0.0,0.0,0.0,0,0,0,0,0,0,0,0

SID,IMKE1C,14,2
CA,0,145.0,2,11500,0,1,250,0,0,0
DF,SKD,32.305528,50.838611,1, ,0.0,0.0,0,0,0,0,0,0,0,0
TF,IMKEN,31.735278,49.603056,0, ,0.0,0.0,0.0,0.0,0,0,0,0,0,0,0,0

SID,IMKE1D,32,2
CA,0,323.0,2,8500,0,0,0,0,0,0
DF,SKD,32.305528,50.838611,2, ,0.0,0.0,2,11000,0,0,0,0,0,0
TF,IMKEN,31.735278,49.603056,0, ,0.0,0.0,0.0,0.0,0,0,0,0,0,0,0,0

SID,ISN1A,14,2
CA,0,145.0,2,11500,0,1,250,0,0,0
DF,SKD,32.279833,50.854917,1, ,0.0,0.0,0,0,0,0,0,0,0,0
TF,ISN,32.746972,51.828000,2, ,0.0,0.0,0.0,0.0,0,0,0,0,0,0,0,0

SID,ISN1B,32,2
CA,0,323.0,2,8500,0,0,0,0,0,0
DF,SKD,32.279833,50.854917,2, ,0.0,0.0,2,11000,0,0,0,0,0,0
TF,ISN,32.746972,51.828000,1, ,0.0,0.0,0.0,0.0,0,0,0,0,0,0,0,0

SID,ISN1C,14,2
CA,0,145.0,2,11500,0,1,250,0,0,0
DF,SKD,32.305528,50.838611,1, ,0.0,0.0,0,0,0,0,0,0,0,0
TF,ISN,32.746972,51.828000,2, ,0.0,0.0,0.0,0.0,0,0,0,0,0,0,0,0

SID,ISN1D,32,2
CA,0,323.0,2,8500,0,0,0,0,0,0
DF,SKD,32.305528,50.838611,2, ,0.0,0.0,2,11000,0,0,0,0,0,0
TF,ISN,32.746972,51.828000,1, ,0.0,0.0,0.0,0.0,0,0,0,0,0,0,0,0

SID,LOXA1A,14,2
CA,0,145.0,2,11500,0,0,0,0,0,0
CI,0, ,0.0,91.0,0,0,0,0,0,0,0,0
CF,LOXAK,31.748333,51.728889,0,SKD,121.3,54.8,121.0,45.0,0,0,0,0,0,0,0,0

SID,LOXA1B,32,2
CA,0,323.0,2,8500,0,0,0,0,0,0
DF,SKD,32.279833,50.854917,2, ,0.0,0.0,2,11000,0,0,0,0,0,0
TF,LOXAK,31.748333,51.728889,0, ,0.0,0.0,0.0,0.0,0,0,0,0,0,0,0,0

SID,LOXA1C,14,2
CA,0,145.0,2,11500,0,0,0,0,0,0
CI,0, ,0.0,92.0,0,0,0,0,0,0,0,0
CF,LOXAK,31.748333,51.728889,0,SKD,121.3,54.8,122.0,44.0,0,0,0,0,0,0,0,0

SID,LOXA1D,32,2
CA,0,323.0,2,8500,0,0,0,0,0,0
DF,SKD,32.305528,50.838611,2, ,0.0,0.0,2,11000,0,0,0,0,0,0
TF,LOXAK,31.748333,51.728889,0, ,0.0,0.0,0.0,0.0,0,0,0,0,0,0,0,0

STAR,BOMI1N,14,2
IF,BOMID,32.984444,50.674722, ,0.0,0.0,0,0,0,0,0,0,0,0
TF,SK30A,32.769542,50.729989,0, ,0.0,0.0,0.0,0.0,0,0,0,0,0,0,0,0
TF,D345Q,32.557353,50.784289,0, ,0.0,0.0,0.0,0.0,0,0,0,0,0,0,0,0
AF,D324Q,32.520481,50.677342,1,SKD,324.0,17.0,344.0,0,0,0,0,0,0,0,0

STAR,BOMI1P,14,2
IF,BOMID,32.984444,50.674722, ,0.0,0.0,0,0,0,0,0,0,0,0
TF,SKD,32.305528,50.838611,0, ,0.0,0.0,0.0,0.0,0,0,0,0,0,0,0,0

STAR,IMKE1N,14,2
IF,IMKEN,31.735278,49.603056, ,0.0,0.0,0,0,0,0,0,0,0,0
TF,SK40A,31.977594,50.154772,0, ,0.0,0.0,0.0,0.0,0,0,0,0,0,0,0,0
TF,D240T,32.129200,50.504267,0, ,0.0,0.0,0.0,0.0,0,0,0,0,0,0,0,0
TF,SKD,32.279833,50.854917,0, ,0.0,0.0,0.0,0.0,0,0,0,0,0,0,0,0
TF,D324Q,32.520481,50.677342,0, ,0.0,0.0,0.0,0.0,0,0,0,0,0,0,0,0

STAR,IMKE1P,14,2
IF,IMKEN,31.735278,49.603056, ,0.0,0.0,0,0,0,0,0,0,0,0
TF,SK40A,31.977594,50.154772,0, ,0.0,0.0,0.0,0.0,0,0,0,0,0,0,0,0
TF,D240T,32.129200,50.504267,0, ,0.0,0.0,0.0,0.0,0,0,0,0,0,0,0,0
TF,SKD,32.279833,50.854917,0, ,0.0,0.0,0.0,0.0,0,0,0,0,0,0,0,0

STAR,ISN1N,14,2
IF,ISN,32.746972,51.828000, ,0.0,0.0,0,0,0,0,0,0,0,0
TF,D324Q,32.520481,50.677342,0, ,0.0,0.0,0.0,0.0,0,0,0,0,0,0,0,0

STAR,ISN1P,14,2
IF,ISN,32.746972,51.828000, ,0.0,0.0,0,0,0,0,0,0,0,0
TF,SKD,32.279833,50.854917,0, ,0.0,0.0,0.0,0.0,0,0,0,0,0,0,0,0

STAR,ISN1Q,14,2
IF,ISN,32.746972,51.828000, ,0.0,0.0,0,0,0,0,0,0,0,0
TF,SKD,32.305528,50.838611,0, ,0.0,0.0,0.0,0.0,0,0,0,0,0,0,0,0

STAR,LOXA1N,14,2
IF,LOXAK,31.748333,51.728889, ,0.0,0.0,0,0,0,0,0,0,0,0
TF,SKD40,31.892306,51.494119,0, ,0.0,0.0,0.0,0.0,0,0,0,0,0,0,0,0
TF,SKD,32.279833,50.854917,0, ,0.0,0.0,0.0,0.0,0,0,0,0,0,0,0,0
TF,D324Q,32.520481,50.677342,0, ,0.0,0.0,0.0,0.0,0,0,0,0,0,0,0,0

STAR,LOXA1P,14,2
IF,LOXAK,31.748333,51.728889, ,0.0,0.0,0,0,0,0,0,0,0,0
TF,SKD40,31.892306,51.494119,0, ,0.0,0.0,0.0,0.0,0,0,0,0,0,0,0,0
TF,SKD,32.279833,50.854917,0, ,0.0,0.0,0.0,0.0,0,0,0,0,0,0,0,0

STAR,PEKA1N,14,2
IF,PEKAM,33.484444,51.021667, ,0.0,0.0,0,0,0,0,0,0,0,0
TF,SKD50,33.110217,50.958617,0, ,0.0,0.0,0.0,0.0,0,0,0,0,0,0,0,0
TF,SKD30,32.778086,50.916906,0, ,0.0,0.0,0.0,0.0,0,0,0,0,0,0,0,0
TF,D003Q,32.562186,50.889958,0, ,0.0,0.0,0.0,0.0,0,0,0,0,0,0,0,0
AF,D324Q,32.520481,50.677342,1,SKD,324.0,17.0,3.0,0,0,0,0,0,0,0,0

STAR,PEKA1P,14,2
IF,PEKAM,33.484444,51.021667, ,0.0,0.0,0,0,0,0,0,0,0,0
TF,SKD50,33.110217,50.958617,0, ,0.0,0.0,0.0,0.0,0,0,0,0,0,0,0,0
TF,SKD30,32.778086,50.916906,0, ,0.0,0.0,0.0,0.0,0,0,0,0,0,0,0,0
TF,SKD,32.279833,50.854917,0, ,0.0,0.0,0.0,0.0,0,0,0,0,0,0,0,0

APPTR,D14,14,D324Q
IF,D324Q,32.520481,50.677342, ,0.0,0.0,2,12300,0,0,0,0,1,0
CF,CD14,32.449728,50.729667,0,SKD,324.0,12.0,144.0,5.0,2,10000,0,0,0,0,1,0

FINAL,D14,14,D,3
IF,CD14,32.449728,50.729667,SKD,324.0,12.0,2,10000,0,0,0,0,0,0
CF,FD14,32.378953,50.781911,0,SKD,324.0,7.0,144.0,5.0,2,8600,0,0,0,0,2,0
CF,MD14,32.322319,50.823647,0,SKD,324.0,3.0,144.0,4.0,1,7148,0,0,0,0,3,0
CF,SKD,32.279833,50.854917,0,SKD,0.0,0.0,144.0,3.0,0,0,0,0,0,0,0,1
VI,1, ,0.0,294.0,0,0,0,1,185,0,0,0
CF,D324Q,32.520481,50.677342,0,SKD,324.0,17.0,324.0,11.0,1,12300,0,0,0,0,0,0
HM,D324Q,32.520481,50.677342,1, ,0.0,0.0,144.0,04.3,0,0,0,1,210,0,0,0,0

APPTR,Q14-B,14,SKD
IF,SKD,32.305528,50.838611, ,0.0,0.0,2,12300,0,0,0,0,1,0
FC,SKD,32.305528,50.838611,0,SKD,0.0,0.0,289.0,4.6,1,10200,0,1,185,0,0,1
CF,FN142,32.369206,50.787992,2,SKD,323.6,6.3,142.0,1.0,1,10200,0,0,0,0,0,0

FINAL,Q14-B,14,N,2
IF,FN142,32.369206,50.787992,SKD,0.0,0.0,1,10200,0,0,0,0,2,0
CF,SKD,32.305528,50.838611,0,SKD,0.0,0.0,142.0,4.6,1,9500,0,0,0,0,3,0
CA,0,145.0,2,10500,0,0,0,0,0,0
DF,SKD,32.305528,50.838611,1, ,0.0,0.0,1,12300,0,0,0,0,0,0
HM,SKD,32.305528,50.838611,2, ,0.0,0.0,289.0,04.3,0,0,0,1,230,0,0,0,0

APPTR,Q32-B,32,SKD
IF,SKD,32.305528,50.838611, ,0.0,0.0,2,12300,0,0,0,0,1,0
FC,SKD,32.305528,50.838611,0,SKD,0.0,0.0,289.0,4.6,1,10200,0,1,185,0,0,1
CF,FN142,32.369206,50.787992,2,SKD,323.6,6.3,142.0,1.0,1,10200,0,0,0,0,0,0

FINAL,Q32-B,32,N,2
IF,FN142,32.369206,50.787992,SKD,0.0,0.0,1,10200,0,0,0,0,2,0
CF,SKD,32.305528,50.838611,0,SKD,0.0,0.0,142.0,4.6,1,9500,0,0,0,0,3,0
CA,0,145.0,2,10500,0,0,0,0,0,0
DF,SKD,32.305528,50.838611,1, ,0.0,0.0,1,12300,0,0,0,0,0,0
HM,SKD,32.305528,50.838611,2, ,0.0,0.0,289.0,04.3,0,0,0,1,230,0,0,0,0

APPTR,S14-M,14,SKD
FD,SKD,32.279833,50.854917,0,SKD,0.0,15.0,124.0,15.0,2,12300,0,0,0,0,1,0
CF,CD324,32.067281,51.010822,2,SKD,144.0,15.0,324.0,1.0,2,12300,0,0,0,0,1,0

FINAL,S14-M,14,D,3
IF,CD324,32.067281,51.010822,SKD,144.0,15.0,2,12300,0,0,0,0,0,0
CF,FD324,32.145239,50.953739,0,SKD,144.0,9.5,324.0,5.5,2,11000,0,0,0,0,2,0
CF,SKD,32.279833,50.854917,0,SKD,0.0,0.0,324.0,9.5,1,9300,0,0,0,0,3,0
CA,0,324.0,2,11500,0,0,0,0,0,0
DF,SKD,32.279833,50.854917,2, ,0.0,0.0,1,12300,0,0,0,0,0,0
HM,SKD,32.279833,50.854917,1, ,0.0,0.0,124.0,04.3,0,0,0,1,185,0,0,0,0

APPTR,S32-M,32,SKD
FD,SKD,32.279833,50.854917,0,SKD,0.0,15.0,124.0,15.0,2,12300,0,0,0,0,1,0
CF,CD324,32.067281,51.010822,2,SKD,144.0,15.0,324.0,1.0,2,12300,0,0,0,0,1,0

FINAL,S32-M,32,D,3
IF,CD324,32.067281,51.010822,SKD,144.0,15.0,2,12300,0,0,0,0,0,0
CF,FD324,32.145239,50.953739,0,SKD,144.0,9.5,324.0,5.5,2,11000,0,0,0,0,2,0
CF,SKD,32.279833,50.854917,0,SKD,0.0,0.0,324.0,9.5,1,9300,0,0,0,0,3,0
CA,0,324.0,2,11500,0,0,0,0,0,0
DF,SKD,32.279833,50.854917,2, ,0.0,0.0,1,12300,0,0,0,0,0,0
HM,SKD,32.279833,50.854917,1, ,0.0,0.0,124.0,04.3,0,0,0,1,185,0,0,0,0

