SID,DEKB1A,26,2
CI,0, ,0.0,255.0,0,0,0,0,0,0,0,0
FA,ARK,34.137194,49.853833,0,ARK,0.0,0.0,260.0,2,8000,0,0,0,0,0,0
DF,ARK,34.137194,49.853833,2, ,0.0,0.0,2,10500,0,0,0,0,0,0
TF,DEKBA,34.362500,50.142222,0, ,0.0,0.0,0.0,0.0,2,17000,0,0,0,0,0,0

SID,DEKB1B,08,2
CI,0, ,0.0,75.0,0,0,0,0,0,0,0,0
FA,ARK,34.137194,49.853833,0,ARK,0.0,0.0,70.0,2,9000,0,0,0,0,0,0
DF,ARK,34.137194,49.853833,1, ,0.0,0.0,2,12500,0,0,0,0,0,0
VI,2, ,0.0,73.0,0,0,0,0,0,0,0,0
CF,DEKBA,34.362500,50.142222,0,ARK,43.2,19.7,43.0,15.0,2,17000,0,0,0,0,0,0

SID,DEKB1C,26,2
CI,0, ,0.0,255.0,0,0,0,0,0,0,0,0
FA,ARK,34.134472,49.848667,0,ARK,0.0,0.0,260.0,2,8000,0,0,0,0,0,0
CF,ARK,34.134472,49.848667,2,ARK,234.4,0.3,96.0,5.0,2,10500,0,0,0,0,0,0
TF,DEKBA,34.362500,50.142222,0, ,0.0,0.0,0.0,0.0,2,17000,0,0,0,0,0,0

SID,DEKB1D,08,2
CI,0, ,0.0,75.0,0,0,0,0,0,0,0,0
FA,ARK,34.134472,49.848667,0,ARK,0.0,0.0,74.0,2,9000,0,0,0,0,0,0
CF,ARK,34.134472,49.848667,1,ARK,234.4,0.3,236.0,7.0,2,12500,0,0,0,0,0,0
VI,2, ,0.0,73.0,0,0,0,0,0,0,0,0
CF,DEKBA,34.362500,50.142222,0,ARK,43.2,19.7,43.0,15.0,2,17000,0,0,0,0,0,0

STAR,DEKB1N,ALL,2
IF,DEKBA,34.362500,50.142222, ,0.0,0.0,0,0,0,0,0,0,0,0
TF,ARK,34.137194,49.853833,0, ,0.0,0.0,0.0,0.0,0,0,0,0,0,0,0,0

STAR,DEKB1P,26,2
IF,DEKBA,34.362500,50.142222, ,0.0,0.0,0,0,0,0,0,0,0,0
TF,D070P,34.210436,50.162919,0, ,0.0,0.0,0.0,0.0,0,0,0,0,0,0,0,0

STAR,DEKB1Q,ALL,2
IF,DEKBA,34.362500,50.142222, ,0.0,0.0,0,0,0,0,0,0,0,0
TF,D340N,34.361283,49.773781,0, ,0.0,0.0,0.0,0.0,0,0,0,0,0,0,0,0

STAR,DEKB1T,ALL,2
IF,DEKBA,34.362500,50.142222, ,0.0,0.0,0,0,0,0,0,0,0,0
TF,ARK,34.134472,49.848667,0, ,0.0,0.0,0.0,0.0,0,0,0,0,0,0,0,0

APPTR,D26,26,D070P
IF,D070P,34.210436,50.162919, ,0.0,0.0,2,10500,0,0,0,0,1,0
CF,CD26,34.187633,50.066272,0,ARK,70.0,11.0,250.0,5.0,2,8300,0,0,0,0,1,0

FINAL,D26,26,D,3
IF,CD26,34.187633,50.066272,ARK,70.0,11.0,2,8300,0,0,0,0,0,0
CF,FD26,34.164750,49.969678,0,ARK,70.0,6.0,250.0,5.0,2,7200,0,0,0,0,2,0
CF,MD26,34.141794,49.873133,0,ARK,70.0,0.0,250.0,5.0,1,5600,0,0,0,0,3,0
CF,ARK,34.137194,49.853833,0,ARK,0.0,0.0,250.0,1.0,2,5860,0,0,0,0,0,0
FA,ARK,34.137194,49.853833,0,ARK,0.0,0.0,290.0,2,6800,0,0,0,0,0,0
DF,D070P,34.210436,50.162919,2, ,0.0,0.0,1,10500,0,0,0,0,0,0
HM,D070P,34.210436,50.162919,2, ,0.0,0.0,250.0,04.3,0,0,0,1,230,0,0,0,0

APPTR,Q08-B,08,ARK
IF,ARK,34.134472,49.848667, ,0.0,0.0,2,11500,0,0,0,0,0,0
TF,FN233,34.214403,49.996992,0, ,0.0,0.0,0.0,0.0,2,7700,0,0,0,0,0,0
FC,FN233,34.214403,49.996992,0,ARK,0.0,0.0,98.0,4.3,0,0,0,0,0,0,0,1
CF,FN233,34.214403,49.996992,1,ARK,53.0,8.5,233.0,5.0,2,7700,0,0,0,0,0,0

FINAL,Q08-B,08,N,2
IF,FN233,34.214403,49.996992,ARK,0.0,0.0,2,7700,0,0,0,0,2,0
CF,ARK,34.134472,49.848667,0,ARK,0.0,0.0,233.0,8.8,1,6960,0,0,0,0,3,0
FA,ARK,34.134472,49.848667,2,ARK,0.0,0.0,330.0,2,9000,0,0,0,0,0,0
DF,ARK,34.134472,49.848667,2, ,0.0,0.0,1,11500,0,0,0,0,0,0
HM,ARK,34.134472,49.848667,1, ,0.0,0.0,65.0,04.3,0,0,0,1,230,0,0,0,0

APPTR,Q26-B,26,ARK
IF,ARK,34.134472,49.848667, ,0.0,0.0,2,11500,0,0,0,0,0,0
TF,FN233,34.214403,49.996992,0, ,0.0,0.0,0.0,0.0,2,7700,0,0,0,0,0,0
FC,FN233,34.214403,49.996992,0,ARK,0.0,0.0,98.0,4.3,0,0,0,0,0,0,0,1
CF,FN233,34.214403,49.996992,1,ARK,53.0,8.5,233.0,5.0,2,7700,0,0,0,0,0,0

FINAL,Q26-B,26,N,2
IF,FN233,34.214403,49.996992,ARK,0.0,0.0,2,7700,0,0,0,0,2,0
CF,ARK,34.134472,49.848667,0,ARK,0.0,0.0,233.0,8.8,1,6960,0,0,0,0,3,0
FA,ARK,34.134472,49.848667,2,ARK,0.0,0.0,330.0,2,9000,0,0,0,0,0,0
DF,ARK,34.134472,49.848667,2, ,0.0,0.0,1,11500,0,0,0,0,0,0
HM,ARK,34.134472,49.848667,1, ,0.0,0.0,65.0,04.3,0,0,0,1,230,0,0,0,0

