SID,DAXI1G,29L,2
CA,0,284.0,2,3710,0,0,0,0,0,0
DF,IKA,35.409667,51.178472,1, ,0.0,0.0,0,0,0,0,0,0,0,0
TF,RUS,35.445472,50.905361,1, ,0.0,0.0,0.0,0.0,0,0,0,0,0,0,0,0
TF,DAXIL,34.859722,49.581667,0, ,0.0,0.0,0.0,0.0,0,0,0,0,0,0,0,0

SID,DAXI1G,29R,2
CA,0,284.0,2,3710,0,0,0,0,0,0
DF,IKA,35.409667,51.178472,1, ,0.0,0.0,0,0,0,0,0,0,0,0
TF,RUS,35.445472,50.905361,1, ,0.0,0.0,0.0,0.0,0,0,0,0,0,0,0,0
TF,DAXIL,34.859722,49.581667,0, ,0.0,0.0,0.0,0.0,0,0,0,0,0,0,0,0

SID,DAXI1L,11L,2
CF,IKA,35.409667,51.178472,0,IKA,0.0,0.0,104.0,1.0,2,3710,0,0,0,0,0,1
DF,IKA,35.409667,51.178472,2, ,0.0,0.0,0,0,0,0,0,0,0,0
TF,RUS,35.445472,50.905361,1, ,0.0,0.0,0.0,0.0,0,0,0,0,0,0,0,0
TF,DAXIL,34.859722,49.581667,0, ,0.0,0.0,0.0,0.0,0,0,0,0,0,0,0,0

SID,DAXI1L,11R,2
CF,IKA,35.409667,51.178472,0,IKA,0.0,0.0,104.0,1.0,2,3710,0,0,0,0,0,1
DF,IKA,35.409667,51.178472,2, ,0.0,0.0,0,0,0,0,0,0,0,0
TF,RUS,35.445472,50.905361,1, ,0.0,0.0,0.0,0.0,0,0,0,0,0,0,0,0
TF,DAXIL,34.859722,49.581667,0, ,0.0,0.0,0.0,0.0,0,0,0,0,0,0,0,0

SID,DHN1L,11L,2
CA,0,104.0,2,3710,0,0,0,0,0,0
CF,KAZ,35.516694,51.366861,0,IKA,50.2,11.2,52.0,12.0,0,0,0,0,0,0,0,0
TF,DHN,35.253972,52.720278,0, ,0.0,0.0,0.0,0.0,0,0,0,0,0,0,0,0

SID,DHN1L,11R,2
CA,0,104.0,2,3710,0,0,0,0,0,0
CF,KAZ,35.516694,51.366861,0,IKA,50.2,11.2,52.0,12.0,0,0,0,0,0,0,0,0
TF,DHN,35.253972,52.720278,0, ,0.0,0.0,0.0,0.0,0,0,0,0,0,0,0,0

SID,DHN1M,11L,2
CF,IKA,35.409667,51.178472,0,IKA,0.0,0.0,104.0,2.0,2,3710,0,0,0,0,0,0
TF,DHN,35.253972,52.720278,0, ,0.0,0.0,0.0,0.0,0,0,0,0,0,0,0,0

SID,DHN1M,11R,2
CF,IKA,35.409667,51.178472,0,IKA,0.0,0.0,104.0,2.0,2,3710,0,0,0,0,0,0
TF,DHN,35.253972,52.720278,0, ,0.0,0.0,0.0,0.0,0,0,0,0,0,0,0,0

SID,DHN2J,29L,2
CA,0,284.0,2,3710,0,0,0,0,0,0
VI,1, ,0.0,63.0,0,0,0,0,0,0,0,0
IF,IKA,35.409667,51.178472, ,0.0,0.0,0,0,0,0,0,0,0,0
TF,DHN,35.253972,52.720278,0, ,0.0,0.0,0.0,0.0,0,0,0,0,0,0,0,0

SID,DHN2J,29R,2
CA,0,284.0,2,3710,0,0,0,0,0,0
VI,1, ,0.0,63.0,0,0,0,0,0,0,0,0
IF,IKA,35.409667,51.178472, ,0.0,0.0,0,0,0,0,0,0,0,0
TF,DHN,35.253972,52.720278,0, ,0.0,0.0,0.0,0.0,0,0,0,0,0,0,0,0

SID,EGVE3G,29L,2
CA,0,284.0,2,3710,0,0,0,0,0,0
DF,IKA,35.409667,51.178472,1, ,0.0,0.0,0,0,0,0,0,0,0,0
TF,RUS,35.445472,50.905361,1, ,0.0,0.0,0.0,0.0,0,0,0,0,0,0,0,0
TF,EGVEL,34.716111,50.501389,0, ,0.0,0.0,0.0,0.0,0,0,0,0,0,0,0,0

SID,EGVE3G,29R,2
CA,0,284.0,2,3710,0,0,0,0,0,0
DF,IKA,35.409667,51.178472,1, ,0.0,0.0,0,0,0,0,0,0,0,0
TF,RUS,35.445472,50.905361,1, ,0.0,0.0,0.0,0.0,0,0,0,0,0,0,0,0
TF,EGVEL,34.716111,50.501389,0, ,0.0,0.0,0.0,0.0,0,0,0,0,0,0,0,0

SID,EGVE3L,11L,2
CF,IKA,35.409667,51.178472,0,IKA,0.0,0.0,104.0,1.0,2,3710,0,0,0,0,0,1
DF,IKA,35.409667,51.178472,2, ,0.0,0.0,0,0,0,0,0,0,0,0
TF,RUS,35.445472,50.905361,1, ,0.0,0.0,0.0,0.0,0,0,0,0,0,0,0,0
TF,EGVEL,34.716111,50.501389,0, ,0.0,0.0,0.0,0.0,0,0,0,0,0,0,0,0

SID,EGVE3L,11R,2
CF,IKA,35.409667,51.178472,0,IKA,0.0,0.0,104.0,1.0,2,3710,0,0,0,0,0,1
DF,IKA,35.409667,51.178472,2, ,0.0,0.0,0,0,0,0,0,0,0,0
TF,RUS,35.445472,50.905361,1, ,0.0,0.0,0.0,0.0,0,0,0,0,0,0,0,0
TF,EGVEL,34.716111,50.501389,0, ,0.0,0.0,0.0,0.0,0,0,0,0,0,0,0,0

SID,IKA1A,29L,2
VA,0,284.0,2,7000,0,0,0,0,0,0
VM,0,0,0,284.0,0,0,0,0,0,0,0,0

SID,IKA1A,29R,2
VA,0,284.0,2,7000,0,0,0,0,0,0
VM,0,0,0,284.0,0,0,0,0,0,0,0,0

SID,IKA1B,11L,2
VA,0,104.0,2,6000,0,0,0,0,0,0
VM,0,0,0,104.0,0,0,0,0,0,0,0,0

SID,IKA1B,11R,2
VA,0,104.0,2,6000,0,0,0,0,0,0
VM,0,0,0,104.0,0,0,0,0,0,0,0,0

SID,KAZ1D,11L,2
CA,0,104.0,2,3710,0,0,0,0,0,0
CF,KAZ,35.516694,51.366861,0,IKA,50.2,11.2,52.0,12.0,0,0,0,0,0,0,0,0

SID,KAZ1D,11R,2
CA,0,104.0,2,3710,0,0,0,0,0,0
CF,KAZ,35.516694,51.366861,0,IKA,50.2,11.2,52.0,12.0,0,0,0,0,0,0,0,0

SID,KAZ2C,29L,2
CA,0,284.0,2,3710,0,0,0,0,0,0
CF,KAZ,35.516694,51.366861,2,IKA,50.2,11.2,75.0,12.0,0,0,0,0,0,0,0,0

SID,KAZ2C,29R,2
CA,0,284.0,2,3710,0,0,0,0,0,0
CF,KAZ,35.516694,51.366861,2,IKA,50.2,11.2,75.0,12.0,0,0,0,0,0,0,0,0

SID,NABA1G,29L,2
CA,0,284.0,2,3710,0,0,0,0,0,0
FD,IKA,35.409667,51.178472,0,IKA,0.0,33.0,285.0,33.0,0,0,0,0,0,0,0,0
VI,0, ,0.0,357.0,0,0,0,0,0,0,0,0
CF,NABAX,36.165278,50.804444,0,IKA,333.1,48.8,27.0,29.0,0,0,0,0,0,0,0,0

SID,NABA1G,29R,2
CA,0,284.0,2,3710,0,0,0,0,0,0
FD,IKA,35.409667,51.178472,0,IKA,0.0,33.0,285.0,33.0,0,0,0,0,0,0,0,0
VI,0, ,0.0,357.0,0,0,0,0,0,0,0,0
CF,NABAX,36.165278,50.804444,0,IKA,333.1,48.8,27.0,29.0,0,0,0,0,0,0,0,0

SID,NABA1L,11L,2
CA,0,104.0,2,3710,0,0,0,0,0,0
VI,2, ,0.0,315.0,0,0,0,0,0,0,0,0
FD,IKA,35.409667,51.178472,0,IKA,0.0,33.0,285.0,33.0,0,0,0,0,0,0,0,0
VI,0, ,0.0,357.0,0,0,0,0,0,0,0,0
CF,NABAX,36.165278,50.804444,0,IKA,333.1,48.8,27.0,29.0,0,0,0,0,0,0,0,0

SID,NABA1L,11R,2
CA,0,104.0,2,3710,0,0,0,0,0,0
VI,2, ,0.0,315.0,0,0,0,0,0,0,0,0
FD,IKA,35.409667,51.178472,0,IKA,0.0,33.0,285.0,33.0,0,0,0,0,0,0,0,0
VI,0, ,0.0,357.0,0,0,0,0,0,0,0,0
CF,NABAX,36.165278,50.804444,0,IKA,333.1,48.8,27.0,29.0,0,0,0,0,0,0,0,0

SID,OBRI2G,29L,2
CA,0,284.0,2,3710,0,0,0,0,0,0
VI,1, ,0.0,107.0,0,0,0,0,0,0,0,0
FD,IKA,35.409667,51.178472,0,IKA,0.0,15.0,137.0,15.0,0,0,0,0,0,0,0,0
VI,0, ,0.0,94.0,0,0,0,0,0,0,0,0
CF,OBRIX,34.761111,52.144444,0,IKA,124.0,61.4,124.0,43.0,0,0,0,0,0,0,0,0

SID,OBRI2G,29R,2
CA,0,284.0,2,3710,0,0,0,0,0,0
VI,1, ,0.0,107.0,0,0,0,0,0,0,0,0
FD,IKA,35.409667,51.178472,0,IKA,0.0,15.0,137.0,15.0,0,0,0,0,0,0,0,0
VI,0, ,0.0,94.0,0,0,0,0,0,0,0,0
CF,OBRIX,34.761111,52.144444,0,IKA,124.0,61.4,124.0,43.0,0,0,0,0,0,0,0,0

SID,OBRI2L,11L,2
CF,IKA,35.409667,51.178472,0,IKA,0.0,0.0,104.0,1.0,2,3710,0,0,0,0,0,0
TF,OBRIX,34.761111,52.144444,0, ,0.0,0.0,0.0,0.0,0,0,0,0,0,0,0,0

SID,OBRI2L,11R,2
CF,IKA,35.409667,51.178472,0,IKA,0.0,0.0,104.0,1.0,2,3710,0,0,0,0,0,0
TF,OBRIX,34.761111,52.144444,0, ,0.0,0.0,0.0,0.0,0,0,0,0,0,0,0,0

SID,PARO2H,29L,2
CA,0,284.0,2,3710,0,0,0,0,0,0
VI,0, ,0.0,335.0,0,0,0,0,0,0,0,0
IF,IKA,35.409667,51.178472, ,0.0,0.0,0,0,0,0,0,0,0,0
TF,PAROT,36.191111,49.978056,0, ,0.0,0.0,0.0,0.0,0,0,0,0,0,0,0,0

SID,PARO2H,29R,2
CA,0,284.0,2,3710,0,0,0,0,0,0
VI,0, ,0.0,335.0,0,0,0,0,0,0,0,0
IF,IKA,35.409667,51.178472, ,0.0,0.0,0,0,0,0,0,0,0,0
TF,PAROT,36.191111,49.978056,0, ,0.0,0.0,0.0,0.0,0,0,0,0,0,0,0,0

SID,PARO2L,11L,2
CA,0,104.0,2,3710,0,0,0,0,0,0
VI,2, ,0.0,335.0,0,0,0,0,0,0,0,0
CF,PAROT,36.191111,49.978056,0,IKA,304.0,75.0,305.0,68.0,0,0,0,0,0,0,0,0

SID,PARO2L,11R,2
CA,0,104.0,2,3710,0,0,0,0,0,0
VI,2, ,0.0,335.0,0,0,0,0,0,0,0,0
CF,PAROT,36.191111,49.978056,0,IKA,304.0,75.0,305.0,68.0,0,0,0,0,0,0,0,0

SID,PARO3G,29L,2
CA,0,284.0,2,3710,0,0,0,0,0,0
FD,IKA,35.409667,51.178472,0,IKA,0.0,17.0,285.0,17.0,0,0,0,0,0,0,0,0
CF,PAROT,36.191111,49.978056,0,IKA,304.0,75.0,311.0,58.0,0,0,0,0,0,0,0,0

SID,PARO3G,29R,2
CA,0,284.0,2,3710,0,0,0,0,0,0
FD,IKA,35.409667,51.178472,0,IKA,0.0,17.0,285.0,17.0,0,0,0,0,0,0,0,0
CF,PAROT,36.191111,49.978056,0,IKA,304.0,75.0,311.0,58.0,0,0,0,0,0,0,0,0

SID,PAVE1G,29L,2
CA,0,284.0,2,3710,0,0,0,0,0,0
FD,IKA,35.409667,51.178472,0,IKA,0.0,19.0,285.0,19.0,0,0,0,0,0,0,0,0
CF,PAVET,35.444167,49.883611,0,IKA,267.2,63.5,261.0,47.0,0,0,0,0,0,0,0,0

SID,PAVE1G,29R,2
CA,0,284.0,2,3710,0,0,0,0,0,0
FD,IKA,35.409667,51.178472,0,IKA,0.0,19.0,285.0,19.0,0,0,0,0,0,0,0,0
CF,PAVET,35.444167,49.883611,0,IKA,267.2,63.5,261.0,47.0,0,0,0,0,0,0,0,0

SID,PAVE1L,11L,2
CA,0,104.0,2,3710,0,0,0,0,0,0
CF,PAVET,35.444167,49.883611,2,IKA,267.2,63.5,268.0,62.0,0,0,0,0,0,0,0,0

SID,PAVE1L,11R,2
CA,0,104.0,2,3710,0,0,0,0,0,0
CF,PAVET,35.444167,49.883611,2,IKA,267.2,63.5,268.0,62.0,0,0,0,0,0,0,0,0

SID,PAXI2G,29L,2
CA,0,284.0,2,3710,0,0,0,0,0,0
VI,0, ,0.0,334.0,0,0,0,0,0,0,0,0
FD,IKA,35.409667,51.178472,0,IKA,0.0,25.5,304.0,25.5,0,0,0,0,0,0,0,0
CF,PAXID,36.284167,50.339167,0,IKA,317.2,66.5,328.0,42.0,0,0,0,0,0,0,0,0

SID,PAXI2G,29R,2
CA,0,284.0,2,3710,0,0,0,0,0,0
VI,0, ,0.0,334.0,0,0,0,0,0,0,0,0
FD,IKA,35.409667,51.178472,0,IKA,0.0,25.5,304.0,25.5,0,0,0,0,0,0,0,0
CF,PAXID,36.284167,50.339167,0,IKA,317.2,66.5,328.0,42.0,0,0,0,0,0,0,0,0

SID,PAXI2L,11L,2
CA,0,104.0,2,3710,0,0,0,0,0,0
VI,2, ,0.0,334.0,0,0,0,0,0,0,0,0
FD,IKA,35.409667,51.178472,0,IKA,0.0,25.5,304.0,25.5,0,0,0,0,0,0,0,0
CF,PAXID,36.284167,50.339167,0,IKA,317.2,66.5,328.0,41.0,0,0,0,0,0,0,0,0

SID,PAXI2L,11R,2
CA,0,104.0,2,3710,0,0,0,0,0,0
VI,2, ,0.0,334.0,0,0,0,0,0,0,0,0
FD,IKA,35.409667,51.178472,0,IKA,0.0,25.5,304.0,25.5,0,0,0,0,0,0,0,0
CF,PAXID,36.284167,50.339167,0,IKA,317.2,66.5,328.0,41.0,0,0,0,0,0,0,0,0

SID,RUS3C,29L,2
CA,0,284.0,2,3710,0,0,0,0,0,0
DF,IKA,35.409667,51.178472,1, ,0.0,0.0,0,0,0,0,0,0,0,0
TF,RUS,35.445472,50.905361,1, ,0.0,0.0,0.0,0.0,0,0,0,0,0,0,0,0

SID,RUS3C,29R,2
CA,0,284.0,2,3710,0,0,0,0,0,0
DF,IKA,35.409667,51.178472,1, ,0.0,0.0,0,0,0,0,0,0,0,0
TF,RUS,35.445472,50.905361,1, ,0.0,0.0,0.0,0.0,0,0,0,0,0,0,0,0

SID,RUS3D,11L,2
CF,IKA,35.409667,51.178472,0,IKA,0.0,0.0,104.0,1.0,2,3710,0,0,0,0,0,1
DF,IKA,35.409667,51.178472,2, ,0.0,0.0,0,0,0,0,0,0,0,0
TF,RUS,35.445472,50.905361,1, ,0.0,0.0,0.0,0.0,0,0,0,0,0,0,0,0

SID,RUS3D,11R,2
CF,IKA,35.409667,51.178472,0,IKA,0.0,0.0,104.0,1.0,2,3710,0,0,0,0,0,1
DF,IKA,35.409667,51.178472,2, ,0.0,0.0,0,0,0,0,0,0,0,0
TF,RUS,35.445472,50.905361,1, ,0.0,0.0,0.0,0.0,0,0,0,0,0,0,0,0

SID,SAV1G,29L,2
CA,0,284.0,2,3710,0,0,0,0,0,0
VI,0, ,0.0,206.0,0,0,0,0,0,0,0,0
CF,SAV,35.018556,50.371361,0,IKA,234.7,46.1,236.0,40.0,0,0,0,0,0,0,0,0

SID,SAV1G,29R,2
CA,0,284.0,2,3710,0,0,0,0,0,0
VI,0, ,0.0,206.0,0,0,0,0,0,0,0,0
CF,SAV,35.018556,50.371361,0,IKA,234.7,46.1,236.0,40.0,0,0,0,0,0,0,0,0

SID,SAV1H,29L,2
CA,0,284.0,2,3710,0,0,0,0,0,0
FD,IKA,35.409667,51.178472,0,IKA,0.0,18.0,285.0,18.0,0,0,0,0,0,0,0,0
CF,SAV,35.018556,50.371361,0,IKA,234.7,46.1,209.0,37.0,0,0,0,0,0,0,0,0

SID,SAV1H,29R,2
CA,0,284.0,2,3710,0,0,0,0,0,0
FD,IKA,35.409667,51.178472,0,IKA,0.0,18.0,285.0,18.0,0,0,0,0,0,0,0,0
CF,SAV,35.018556,50.371361,0,IKA,234.7,46.1,209.0,37.0,0,0,0,0,0,0,0,0

SID,SAV1L,11L,2
CA,0,104.0,2,3710,0,0,0,0,0,0
CF,SAV,35.018556,50.371361,2,IKA,234.7,46.1,236.0,46.0,0,0,0,0,0,0,0,0

SID,SAV1L,11R,2
CA,0,104.0,2,3710,0,0,0,0,0,0
CF,SAV,35.018556,50.371361,2,IKA,234.7,46.1,236.0,46.0,0,0,0,0,0,0,0,0

SID,VR2C,29L,2
CA,0,284.0,2,3710,0,0,0,0,0,0
VI,2, ,0.0,125.0,0,0,0,0,0,0,0,0
CF,VR,35.342667,51.637167,0,IKA,95.0,22.9,95.0,17.0,0,0,0,0,0,0,0,0

SID,VR2C,29R,2
CA,0,284.0,2,3710,0,0,0,0,0,0
VI,2, ,0.0,125.0,0,0,0,0,0,0,0,0
CF,VR,35.342667,51.637167,0,IKA,95.0,22.9,95.0,17.0,0,0,0,0,0,0,0,0

SID,VR2D,11L,2
CA,0,104.0,2,3710,0,0,0,0,0,0
CF,VR,35.342667,51.637167,0,IKA,95.0,22.9,95.0,23.0,0,0,0,0,0,0,0,0

SID,VR2D,11R,2
CA,0,104.0,2,3710,0,0,0,0,0,0
CF,VR,35.342667,51.637167,0,IKA,95.0,22.9,95.0,23.0,0,0,0,0,0,0,0,0

STAR,BOXA1Q,ALL,2
IF,BOXAM,34.630278,51.863056, ,0.0,0.0,0,0,0,0,0,0,0,0
TF,D140O,35.204428,51.353456,0, ,0.0,0.0,0.0,0.0,0,0,0,0,0,0,0,0

STAR,BOXA1R,ALL,2
IF,BOXAM,34.630278,51.863056, ,0.0,0.0,0,0,0,0,0,0,0,0
TF,TRN40,35.088336,51.618889,0, ,0.0,0.0,0.0,0.0,0,0,0,0,0,0,0,0
TF,RUS,35.445472,50.905361,0, ,0.0,0.0,0.0,0.0,0,0,0,0,0,0,0,0

STAR,BOXA1V,ALL,2
IF,BOXAM,34.630278,51.863056, ,0.0,0.0,0,0,0,0,0,0,0,0
TF,VR,35.342667,51.637167,0, ,0.0,0.0,0.0,0.0,0,0,0,0,0,0,0,0

STAR,BOXA1X,ALL,5
IF,BOXAM,34.630278,51.863056, ,0.0,0.0,0,0,0,0,0,0,0,0
TF,OXAVA,35.284147,51.403683,0, ,0.0,0.0,0.0,0.0,0,0,0,0,0,0,0,0

STAR,BOXA1Z,ALL,2
IF,BOXAM,34.630278,51.863056, ,0.0,0.0,0,0,0,0,0,0,0,0
TF,TRN40,35.088336,51.618889,0, ,0.0,0.0,0.0,0.0,0,0,0,0,0,0,0,0
TF,KAZ,35.516694,51.366861,0, ,0.0,0.0,0.0,0.0,0,0,0,0,0,0,0,0

STAR,MIVA1R,ALL,2
IF,MIVAK,35.987500,49.890000, ,0.0,0.0,0,0,0,0,0,0,0,0
TF,RUS,35.445472,50.905361,0, ,0.0,0.0,0.0,0.0,0,0,0,0,0,0,0,0

STAR,MIVA1X,ALL,5
IF,MIVAK,35.987500,49.890000, ,0.0,0.0,0,0,0,0,0,0,0,0
TF,IE405,35.284125,51.076978,0, ,0.0,0.0,0.0,0.0,0,0,0,0,0,0,0,0
TF,OXAVA,35.284147,51.403683,0, ,0.0,0.0,0.0,0.0,0,0,0,0,0,0,0,0

STAR,MUXO1V,ALL,2
IF,MUXOR,35.491667,52.696389, ,0.0,0.0,0,0,0,0,0,0,0,0
CR,0,TRN,115.0,256.0,0,0,0,0,0,0,0,0
CF,VR,35.342667,51.637167,0,TRN,135.7,27.4,256.0,15.2,0,0,0,0,0,0,0,0

STAR,NAGM1R,ALL,2
IF,NAGMO,36.037222,51.348611, ,0.0,0.0,0,0,0,0,0,0,0,0
TF,TRN,35.696972,51.283778,0, ,0.0,0.0,0.0,0.0,0,0,0,0,0,0,0,0
TF,RUS,35.445472,50.905361,0, ,0.0,0.0,0.0,0.0,0,0,0,0,0,0,0,0

STAR,NAGM1V,ALL,2
IF,NAGMO,36.037222,51.348611, ,0.0,0.0,0,0,0,0,0,0,0,0
TF,TRN,35.696972,51.283778,0, ,0.0,0.0,0.0,0.0,0,0,0,0,0,0,0,0
TF,VR,35.342667,51.637167,0, ,0.0,0.0,0.0,0.0,0,0,0,0,0,0,0,0

STAR,PAVE1R,ALL,2
IF,PAVET,35.444167,49.883611, ,0.0,0.0,0,0,0,0,0,0,0,0
TF,RUS,35.445472,50.905361,0, ,0.0,0.0,0.0,0.0,0,0,0,0,0,0,0,0

STAR,PAXI1R,ALL,2
IF,PAXID,36.284167,50.339167, ,0.0,0.0,0,0,0,0,0,0,0,0
TF,TRN28,35.736503,50.710450,0, ,0.0,0.0,0.0,0.0,0,0,0,0,0,0,0,0
TF,RUS,35.445472,50.905361,0, ,0.0,0.0,0.0,0.0,0,0,0,0,0,0,0,0

STAR,PAXI1X,ALL,5
IF,PAXID,36.284167,50.339167, ,0.0,0.0,0,0,0,0,0,0,0,0
TF,IE410,36.142783,50.444697,0, ,0.0,0.0,0.0,0.0,0,0,0,0,0,0,0,0
TF,IE405,35.284125,51.076978,0, ,0.0,0.0,0.0,0.0,0,0,0,0,0,0,0,0
TF,OXAVA,35.284147,51.403683,0, ,0.0,0.0,0.0,0.0,0,0,0,0,0,0,0,0

STAR,RADA2Q,ALL,2
IF,RADAL,34.906389,52.339722, ,0.0,0.0,0,0,0,0,0,0,0,0
TF,D140O,35.204428,51.353456,0, ,0.0,0.0,0.0,0.0,0,0,0,0,0,0,0,0

STAR,RADA2R,ALL,2
IF,RADAL,34.906389,52.339722, ,0.0,0.0,0,0,0,0,0,0,0,0
TF,RUS,35.445472,50.905361,0, ,0.0,0.0,0.0,0.0,0,0,0,0,0,0,0,0

STAR,RADA2V,ALL,2
IF,RADAL,34.906389,52.339722, ,0.0,0.0,0,0,0,0,0,0,0,0
TF,VR,35.342667,51.637167,0, ,0.0,0.0,0.0,0.0,0,0,0,0,0,0,0,0

STAR,RADA2X,ALL,5
IF,RADAL,34.906389,52.339722, ,0.0,0.0,0,0,0,0,0,0,0,0
TF,OXAVA,35.284147,51.403683,0, ,0.0,0.0,0.0,0.0,0,0,0,0,0,0,0,0

STAR,SAV1R,ALL,2
IF,SAV,35.018556,50.371361, ,0.0,0.0,0,0,0,0,0,0,0,0
TF,RUS,35.445472,50.905361,0, ,0.0,0.0,0.0,0.0,0,0,0,0,0,0,0,0

STAR,SAV1X,ALL,5
IF,SAV,35.018556,50.371361, ,0.0,0.0,0,0,0,0,0,0,0,0
TF,IE405,35.284125,51.076978,0, ,0.0,0.0,0.0,0.0,0,0,0,0,0,0,0,0
TF,OXAVA,35.284147,51.403683,0, ,0.0,0.0,0.0,0.0,0,0,0,0,0,0,0,0

STAR,VR1R,ALL,2
IF,VR,35.342667,51.637167, ,0.0,0.0,0,0,0,0,0,0,0,0
TF,RUS,35.445472,50.905361,0, ,0.0,0.0,0.0,0.0,0,0,0,0,0,0,0,0

STAR,VR1Z,ALL,2
IF,VR,35.342667,51.637167, ,0.0,0.0,0,0,0,0,0,0,0,0
TF,KAZ,35.516694,51.366861,0, ,0.0,0.0,0.0,0.0,0,0,0,0,0,0,0,0

APPTR,D11L,11L,RUS
IF,RUS,35.445472,50.905361, ,0.0,0.0,0,0,0,0,0,0,1,0
CF,CD11L,35.483628,50.929161,0,IKA,285.0,13.0,25.0,2.6,2,6100,0,0,0,0,1,0

FINAL,D11L,11L,D,3
IF,CD11L,35.483628,50.929161,IKA,285.0,13.0,2,6100,0,0,0,0,0,0
CF,FD11L,35.455242,51.025103,0,IKA,285.0,8.0,105.0,5.0,2,5100,0,0,0,0,2,0
CF,RW11L,35.425339,51.122197,0,IKA,283.8,2.9,105.0,5.1,1,3356,0,0,0,0,3,0
CF,IKA,35.409667,51.178472,0,IKA,0.0,0.0,105.0,2.9,0,0,0,0,0,0,0,1
DF,RUS,35.445472,50.905361,2, ,0.0,0.0,1,7000,0,0,0,0,0,0
HM,RUS,35.445472,50.905361,2, ,0.0,0.0,95.0,04.3,0,0,0,1,220,0,0,0,0

APPTR,D11R,11R,RUS
IF,RUS,35.445472,50.905361, ,0.0,0.0,0,0,0,0,0,0,1,0
CF,CD11R,35.480056,50.927628,0,IKA,284.0,13.0,25.0,2.3,2,6100,0,0,0,0,1,0

FINAL,D11R,11R,D,3
IF,CD11R,35.480056,50.927628,IKA,284.0,13.0,2,6100,0,0,0,0,0,0
CF,FD11R,35.453044,51.024156,0,IKA,284.0,8.0,104.0,5.0,2,5100,0,0,0,0,2,0
CF,RW11R,35.423686,51.121511,0,IKA,281.8,2.9,104.0,5.1,1,3355,0,0,0,0,3,0
CF,IKA,35.409667,51.178472,0,IKA,0.0,0.0,104.0,2.9,0,0,0,0,0,0,0,1
DF,RUS,35.445472,50.905361,2, ,0.0,0.0,1,7000,0,0,0,0,0,0
HM,RUS,35.445472,50.905361,2, ,0.0,0.0,95.0,04.3,0,0,0,1,220,0,0,0,0

APPTR,D29R,29R,D140O
IF,D140O,35.204428,51.353456, ,0.0,0.0,0,0,0,1,220,0,0,0
CI,0, ,0.0,320.0,0,0,0,0,0,0,0,0
AF,CD29R,35.352422,51.369936,1,IKA,105.0,10.0,140.0,2,6000,0,0,0,0,0,0

APPTR,D29R,29R,VR
IF,VR,35.342667,51.637167, ,0.0,0.0,0,0,0,1,220,0,1,0
CF,CD29R,35.352422,51.369936,0,IKA,105.0,10.0,270.0,13.1,2,6000,0,0,0,0,1,0

FINAL,D29R,29R,D,3
IF,CD29R,35.352422,51.369936,IKA,105.0,10.0,2,6000,0,0,0,0,0,0
CF,FD29R,35.381081,51.274239,0,IKA,105.0,5.0,285.0,5.0,2,5100,0,0,0,0,2,0
CF,MD29R,35.406811,51.188050,0,IKA,105.0,0.5,285.0,4.5,1,3680,0,0,0,0,3,0
CF,IKA,35.409667,51.178472,0,IKA,0.0,0.0,285.0,0.5,0,0,0,0,0,0,0,1
CI,1, ,0.0,110.0,0,0,0,0,0,0,0,0
CF,D140J,35.272869,51.295225,0,IKA,140.0,10.0,140.0,4.0,0,0,0,0,0,0,0,1
CF,D140O,35.204428,51.353456,0,IKA,140.0,15.0,140.0,5.0,1,8000,0,0,0,0,0,0
HM,D140O,35.204428,51.353456,2, ,0.0,0.0,320.0,04.3,0,0,0,1,220,0,0,0,0

APPTR,I29R,29R,D140O
IF,D140O,35.204428,51.353456, ,0.0,0.0,0,0,0,1,220,0,0,0
CF,D140K,35.259183,51.306878,0,IKA,140.0,11.0,320.0,4.0,2,6000,0,0,0,0,0,0
AF,D116K,35.314942,51.370497,1,IKA,116.0,11.0,140.0,2,6000,0,0,0,0,0,0
VI,1,IIKA,0.0,314.0,0,0,0,0,0,0,0,0

APPTR,I29R,29R,RUS
IF,RUS,35.445472,50.905361, ,0.0,0.0,0,0,0,0,0,0,1,0
CR,0,IKA,200.0,115.0,2,8000,0,0,0,0,0,0
CF,D140K,35.259183,51.306878,0,IKA,140.0,11.0,115.0,9.7,2,6000,0,0,0,0,0,0
AF,D116K,35.314942,51.370497,1,IKA,116.0,11.0,140.0,2,6000,0,0,0,0,0,0
VI,1,IIKA,0.0,314.0,0,0,0,0,0,0,0,0

APPTR,I29R,29R,VR
IF,VR,35.342667,51.637167, ,0.0,0.0,0,0,0,1,220,0,1,0
FC,VR,35.342667,51.637167,0,IKA,0.0,0.0,268.0,8.1,0,0,0,0,0,0,0,0
CF,CF29R,35.350233,51.390625,0,IIKA,103.8,14.1,268.0,4.0,2,6000,0,0,0,0,0,0

FINAL,I29R,29R,I,3
IF,CF29R,35.350233,51.390625,IIKA,103.8,14.1,2,6000,0,0,0,0,0,0
CF,FF29R,35.380583,51.282469,0,IIKA,103.8,8.5,284.0,5.6,1,5230,0,0,0,0,2,0
CF,RW29R,35.413147,51.165953,0,IIKA,103.8,2.4,284.0,6.0,1,3313,0,0,0,0,3,0
FA,RW29R,35.413147,51.165953,0,IKA,0.0,0.0,284.0,2,4600,0,0,0,0,0,0
CI,1, ,0.0,110.0,0,0,0,0,0,0,0,0
CF,D140O,35.204428,51.353456,0,IKA,140.0,15.0,140.0,8.0,1,8000,0,0,0,0,0,0
HM,D140O,35.204428,51.353456,2, ,0.0,0.0,320.0,04.3,0,0,0,1,220,0,0,0,0

APPTR,R29R,29R,ITKOB
IF,ITKOB,35.351842,51.460442, ,0.0,0.0,2,7000,0,0,0,0,1,0
TF,IE402,35.359150,51.358914,0, ,0.0,0.0,0.0,0.0,2,5500,0,0,0,0,1,0

APPTR,R29R,29R,OXAVA
IF,OXAVA,35.284147,51.403683, ,0.0,0.0,2,7000,0,0,0,0,1,0
TF,IE402,35.359150,51.358914,0, ,0.0,0.0,0.0,0.0,2,5500,0,0,0,0,1,0

FINAL,R29R,29R,R,3
IF,IE402,35.359150,51.358914, ,0.0,0.0,2,5500,0,0,0,0,0,0
TF,IE403,35.386186,51.262467,0, ,0.0,0.0,285.0,5.0,1,5100,0,0,0,0,2,0
TF,RW29R,35.413147,51.165953,0, ,0.0,0.0,285.0,5.0,1,3306,0,0,0,0,3,1
TF,IE404,35.425339,51.122197,0, ,0.0,0.0,0.0,0.0,2,3710,0,0,0,0,0,1
DF,IE405,35.284125,51.076978,1, ,0.0,0.0,0,0,0,0,0,0,0,0
TF,OXAVA,35.284147,51.403683,0, ,0.0,0.0,0.0,0.0,0,0,0,0,0,0,0,0
HM,OXAVA,35.284147,51.403683,2, ,0.0,0.0,330.0,04.3,2,7000,0,1,230,0,0,0,0

