SID,DAXI1A,29L,2
CA,0,285.0,2,4370,0,0,0,0,0,0
CF,RUS,35.445472,50.905361,0,TRN,226.0,23.9,227.0,24.0,0,0,0,0,0,0,0,0
TF,DAXIL,34.859722,49.581667,0, ,0.0,0.0,0.0,0.0,0,0,0,0,0,0,0,0

SID,DAXI1A,29R,2
CA,0,285.0,2,4370,0,0,0,0,0,0
CF,RUS,35.445472,50.905361,0,TRN,226.0,23.9,227.0,24.0,0,0,0,0,0,0,0,0
TF,DAXIL,34.859722,49.581667,0, ,0.0,0.0,0.0,0.0,0,0,0,0,0,0,0,0

SID,DAXI1B,11L,2
CA,0,105.0,2,4370,0,0,0,0,0,0
VI,2, ,0.0,203.0,0,0,0,0,0,0,0,0
CF,RUS,35.445472,50.905361,0,TRN,226.0,23.9,248.0,20.0,0,0,0,0,0,0,0,0
TF,DAXIL,34.859722,49.581667,0, ,0.0,0.0,0.0,0.0,0,0,0,0,0,0,0,0

SID,DAXI1B,11R,2
CA,0,105.0,2,4370,0,0,0,0,0,0
VI,2, ,0.0,203.0,0,0,0,0,0,0,0,0
CF,RUS,35.445472,50.905361,0,TRN,226.0,23.9,248.0,20.0,0,0,0,0,0,0,0,0
TF,DAXIL,34.859722,49.581667,0, ,0.0,0.0,0.0,0.0,0,0,0,0,0,0,0,0

SID,DHN2C,29L,2
CA,0,285.0,2,4370,0,1,240,0,0,0
FD,TRN,35.696972,51.283778,0,TRN,0.0,12.0,245.0,12.0,1,8000,0,0,0,0,0,0
CF,TRN,35.696972,51.283778,2,TRN,0.0,0.0,90.0,12.0,2,13000,0,0,0,0,0,0
TF,DHN,35.253972,52.720278,0, ,0.0,0.0,0.0,0.0,0,0,0,0,0,0,0,0

SID,DHN2C,29R,2
CA,0,285.0,2,4370,0,1,240,0,0,0
FD,TRN,35.696972,51.283778,0,TRN,0.0,12.0,245.0,12.0,1,8000,0,0,0,0,0,0
CF,TRN,35.696972,51.283778,2,TRN,0.0,0.0,90.0,12.0,2,13000,0,0,0,0,0,0
TF,DHN,35.253972,52.720278,0, ,0.0,0.0,0.0,0.0,0,0,0,0,0,0,0,0

SID,DHN3A,29L,2
CA,0,285.0,2,4370,0,0,0,0,0,0
DF,D107O,35.610014,51.571453,1, ,0.0,0.0,0,0,0,0,0,0,0,0
TF,DHN,35.253972,52.720278,0, ,0.0,0.0,0.0,0.0,0,0,0,0,0,0,0,0

SID,DHN3A,29R,2
CA,0,285.0,2,4370,0,0,0,0,0,0
DF,D107O,35.610014,51.571453,1, ,0.0,0.0,0,0,0,0,0,0,0,0
TF,DHN,35.253972,52.720278,0, ,0.0,0.0,0.0,0.0,0,0,0,0,0,0,0,0

SID,DHN3B,11L,2
CA,0,105.0,2,4370,0,0,0,0,0,0
VI,0, ,0.0,160.0,0,0,0,0,0,0,0,0
FA,TRN,35.696972,51.283778,0,TRN,0.0,0.0,130.0,2,8000,0,0,0,0,0,0
VI,0, ,0.0,77.0,0,0,0,0,0,0,0,0
CF,DHN,35.253972,52.720278,0,TRN,105.2,75.2,107.0,55.0,0,0,0,0,0,0,0,0

SID,DHN3B,11R,2
CA,0,105.0,2,4370,0,0,0,0,0,0
VI,0, ,0.0,160.0,0,0,0,0,0,0,0,0
FA,TRN,35.696972,51.283778,0,TRN,0.0,0.0,130.0,2,8000,0,0,0,0,0,0
VI,0, ,0.0,77.0,0,0,0,0,0,0,0,0
CF,DHN,35.253972,52.720278,0,TRN,105.2,75.2,107.0,55.0,0,0,0,0,0,0,0,0

SID,EGVE2A,29L,2
CA,0,285.0,2,4370,0,0,0,0,0,0
CF,RUS,35.445472,50.905361,0,TRN,226.0,23.9,227.0,24.0,0,0,0,0,0,0,0,0
TF,EGVEL,34.716111,50.501389,0, ,0.0,0.0,0.0,0.0,0,0,0,0,0,0,0,0

SID,EGVE2A,29R,2
CA,0,285.0,2,4370,0,0,0,0,0,0
CF,RUS,35.445472,50.905361,0,TRN,226.0,23.9,227.0,24.0,0,0,0,0,0,0,0,0
TF,EGVEL,34.716111,50.501389,0, ,0.0,0.0,0.0,0.0,0,0,0,0,0,0,0,0

SID,EGVE2B,11L,2
CA,0,105.0,2,4370,0,0,0,0,0,0
VI,2, ,0.0,203.0,0,0,0,0,0,0,0,0
CF,RUS,35.445472,50.905361,0,TRN,226.0,23.9,248.0,20.0,0,0,0,0,0,0,0,0
TF,EGVEL,34.716111,50.501389,0, ,0.0,0.0,0.0,0.0,0,0,0,0,0,0,0,0

SID,EGVE2B,11R,2
CA,0,105.0,2,4370,0,0,0,0,0,0
VI,2, ,0.0,203.0,0,0,0,0,0,0,0,0
CF,RUS,35.445472,50.905361,0,TRN,226.0,23.9,248.0,20.0,0,0,0,0,0,0,0,0
TF,EGVEL,34.716111,50.501389,0, ,0.0,0.0,0.0,0.0,0,0,0,0,0,0,0,0

SID,MEHR1A,29L,1
DF,DE29L,35.694667,51.291619,0, ,0.0,0.0,0,0,0,0,0,0,0,1
VM,0,0,0,260.0,1,7000,0,0,0,0,0,0

SID,MEHR1A,29R,1
DF,DE29R,35.696639,51.292181,0, ,0.0,0.0,0,0,0,0,0,0,0,1
VM,0,0,0,260.0,1,7000,0,0,0,0,0,0

SID,MEHR1B,11L,1
DF,DE11L,35.684539,51.333728,0, ,0.0,0.0,0,0,0,0,0,0,0,1
VM,0,0,0,120.0,1,7000,0,0,0,0,0,0

SID,MEHR1B,11R,1
DF,DE11R,35.682408,51.333661,0, ,0.0,0.0,0,0,0,0,0,0,0,1
VM,0,0,0,120.0,1,7000,0,0,0,0,0,0

SID,NAGM1A,29L,2
CA,0,285.0,2,4370,0,0,0,0,0,0
CF,D245L,35.628242,51.053231,0,TRN,245.0,12.0,245.0,12.0,1,8000,0,1,240,0,0,1
CF,TRN,35.696972,51.283778,2,TRN,0.0,0.0,90.0,12.0,2,13000,0,0,0,0,0,0
TF,NAGMO,36.037222,51.348611,0, ,0.0,0.0,0.0,0.0,0,0,0,0,0,0,0,0

SID,NAGM1A,29R,2
CA,0,285.0,2,4370,0,0,0,0,0,0
CF,D245L,35.628242,51.053231,0,TRN,245.0,12.0,245.0,12.0,1,8000,0,1,240,0,0,1
CF,TRN,35.696972,51.283778,2,TRN,0.0,0.0,90.0,12.0,2,13000,0,0,0,0,0,0
TF,NAGMO,36.037222,51.348611,0, ,0.0,0.0,0.0,0.0,0,0,0,0,0,0,0,0

SID,NAGM1B,11L,2
CA,0,105.0,2,4370,0,0,0,0,0,0
VI,0, ,0.0,165.0,0,0,0,0,0,0,0,0
CF,D135L,35.543425,51.441311,0,TRN,135.0,12.0,135.0,8.0,1,8000,0,1,240,0,0,1
CF,TRN,35.696972,51.283778,1,TRN,0.0,0.0,290.0,12.0,2,13000,0,0,0,0,0,0
TF,NAGMO,36.037222,51.348611,0, ,0.0,0.0,0.0,0.0,0,0,0,0,0,0,0,0

SID,NAGM1B,11R,2
CA,0,105.0,2,4370,0,0,0,0,0,0
VI,0, ,0.0,165.0,0,0,0,0,0,0,0,0
CF,D135L,35.543425,51.441311,0,TRN,135.0,12.0,135.0,8.0,1,8000,0,1,240,0,0,1
CF,TRN,35.696972,51.283778,1,TRN,0.0,0.0,290.0,12.0,2,13000,0,0,0,0,0,0
TF,NAGMO,36.037222,51.348611,0, ,0.0,0.0,0.0,0.0,0,0,0,0,0,0,0,0

SID,OBRI2A,29L,2
CA,0,285.0,2,4370,0,0,0,0,0,0
VI,1, ,0.0,108.0,0,0,0,0,0,0,0,0
CF,OBRIX,34.761111,52.144444,0,TRN,137.7,70.2,138.0,65.0,0,0,0,0,0,0,0,0

SID,OBRI2A,29R,2
CA,0,285.0,2,4370,0,0,0,0,0,0
VI,1, ,0.0,108.0,0,0,0,0,0,0,0,0
CF,OBRIX,34.761111,52.144444,0,TRN,137.7,70.2,138.0,65.0,0,0,0,0,0,0,0,0

SID,OBRI2B,11L,2
CA,0,105.0,2,4370,0,0,0,0,0,0
VI,0, ,0.0,168.0,0,0,0,0,0,0,0,0
CF,OBRIX,34.761111,52.144444,0,TRN,137.7,70.2,138.0,66.0,0,0,0,0,0,0,0,0

SID,OBRI2B,11R,2
CA,0,105.0,2,4370,0,0,0,0,0,0
VI,0, ,0.0,168.0,0,0,0,0,0,0,0,0
CF,OBRIX,34.761111,52.144444,0,TRN,137.7,70.2,138.0,66.0,0,0,0,0,0,0,0,0

SID,OBRI2C,29L,2
CA,0,285.0,2,4370,0,0,0,0,0,0
FD,TRN,35.696972,51.283778,0,TRN,0.0,12.0,245.0,12.0,1,8000,0,1,240,0,0,0
CF,TRN,35.696972,51.283778,2,TRN,0.0,0.0,90.0,12.0,2,13000,0,0,0,0,0,0
TF,OBRIX,34.761111,52.144444,0, ,0.0,0.0,0.0,0.0,0,0,0,0,0,0,0,0

SID,OBRI2C,29R,2
CA,0,285.0,2,4370,0,0,0,0,0,0
FD,TRN,35.696972,51.283778,0,TRN,0.0,12.0,245.0,12.0,1,8000,0,1,240,0,0,0
CF,TRN,35.696972,51.283778,2,TRN,0.0,0.0,90.0,12.0,2,13000,0,0,0,0,0,0
TF,OBRIX,34.761111,52.144444,0, ,0.0,0.0,0.0,0.0,0,0,0,0,0,0,0,0

SID,PARO3A,29L,2
CA,0,285.0,2,4370,0,0,0,0,0,0
CF,D270L,35.714181,51.039106,0,TRN,270.0,12.0,270.0,12.0,2,9000,0,0,0,0,0,0
VI,0, ,0.0,322.0,0,0,0,0,0,0,0,0
CF,PAROT,36.191111,49.978056,0,TRN,290.3,70.2,292.0,55.0,0,0,0,0,0,0,0,0

SID,PARO3A,29R,2
CA,0,285.0,2,4370,0,0,0,0,0,0
CF,D270L,35.714181,51.039106,0,TRN,270.0,12.0,270.0,12.0,2,9000,0,0,0,0,0,0
VI,0, ,0.0,322.0,0,0,0,0,0,0,0,0
CF,PAROT,36.191111,49.978056,0,TRN,290.3,70.2,292.0,55.0,0,0,0,0,0,0,0,0

SID,PARO3B,11L,2
CA,0,105.0,2,4370,0,0,0,0,0,0
VI,2, ,0.0,300.0,0,0,0,0,0,0,0,0
CF,D270L,35.714181,51.039106,0,TRN,270.0,12.0,270.0,7.0,2,9000,0,0,0,0,0,0
VI,0, ,0.0,322.0,0,0,0,0,0,0,0,0
CF,PAROT,36.191111,49.978056,0,TRN,290.3,70.2,292.0,55.0,0,0,0,0,0,0,0,0

SID,PARO3B,11R,2
CA,0,105.0,2,4370,0,0,0,0,0,0
VI,2, ,0.0,300.0,0,0,0,0,0,0,0,0
CF,D270L,35.714181,51.039106,0,TRN,270.0,12.0,270.0,7.0,2,9000,0,0,0,0,0,0
VI,0, ,0.0,322.0,0,0,0,0,0,0,0,0
CF,PAROT,36.191111,49.978056,0,TRN,290.3,70.2,292.0,55.0,0,0,0,0,0,0,0,0

SID,PARO4C,11L,2
CA,0,105.0,2,4370,0,0,0,0,0,0
VI,0, ,0.0,165.0,0,0,0,0,0,0,0,0
FD,TRN,35.696972,51.283778,0,TRN,0.0,12.0,135.0,12.0,1,8000,0,1,240,0,0,0
CF,TRN,35.696972,51.283778,1,TRN,0.0,0.0,290.0,12.0,2,13000,0,0,0,0,0,0
TF,PAROT,36.191111,49.978056,0, ,0.0,0.0,0.0,0.0,0,0,0,0,0,0,0,0

SID,PARO4C,11R,2
CA,0,105.0,2,4370,0,0,0,0,0,0
VI,0, ,0.0,165.0,0,0,0,0,0,0,0,0
FD,TRN,35.696972,51.283778,0,TRN,0.0,12.0,135.0,12.0,1,8000,0,1,240,0,0,0
CF,TRN,35.696972,51.283778,1,TRN,0.0,0.0,290.0,12.0,2,13000,0,0,0,0,0,0
TF,PAROT,36.191111,49.978056,0, ,0.0,0.0,0.0,0.0,0,0,0,0,0,0,0,0

SID,PAVE2A,29L,2
CA,0,285.0,2,4370,0,0,0,0,0,0
VI,0, ,0.0,224.0,0,0,0,0,0,0,0,0
CF,PAVET,35.444167,49.883611,0,TRN,253.0,70.2,254.0,69.0,0,0,0,0,0,0,0,0

SID,PAVE2A,29R,2
CA,0,285.0,2,4370,0,0,0,0,0,0
VI,0, ,0.0,224.0,0,0,0,0,0,0,0,0
CF,PAVET,35.444167,49.883611,0,TRN,253.0,70.2,254.0,69.0,0,0,0,0,0,0,0,0

SID,PAVE2B,11L,2
CA,0,105.0,2,4370,0,0,0,0,0,0
VI,2, ,0.0,284.0,0,0,0,0,0,0,0,0
CF,PAVET,35.444167,49.883611,0,TRN,253.0,70.2,254.0,67.0,0,0,0,0,0,0,0,0

SID,PAVE2B,11R,2
CA,0,105.0,2,4370,0,0,0,0,0,0
VI,2, ,0.0,284.0,0,0,0,0,0,0,0,0
CF,PAVET,35.444167,49.883611,0,TRN,253.0,70.2,254.0,67.0,0,0,0,0,0,0,0,0

SID,PAVE3C,11L,2
CA,0,105.0,2,4370,0,0,0,0,0,0
VI,0, ,0.0,165.0,0,0,0,0,0,0,0,0
FD,TRN,35.696972,51.283778,0,TRN,0.0,12.0,135.0,12.0,1,8000,0,1,240,0,0,0
CF,TRN,35.696972,51.283778,1,TRN,0.0,0.0,290.0,12.0,2,13000,0,0,0,0,0,0
TF,PAVET,35.444167,49.883611,0, ,0.0,0.0,0.0,0.0,0,0,0,0,0,0,0,0

SID,PAVE3C,11R,2
CA,0,105.0,2,4370,0,0,0,0,0,0
VI,0, ,0.0,165.0,0,0,0,0,0,0,0,0
FD,TRN,35.696972,51.283778,0,TRN,0.0,12.0,135.0,12.0,1,8000,0,1,240,0,0,0
CF,TRN,35.696972,51.283778,1,TRN,0.0,0.0,290.0,12.0,2,13000,0,0,0,0,0,0
TF,PAVET,35.444167,49.883611,0, ,0.0,0.0,0.0,0.0,0,0,0,0,0,0,0,0

SID,PAXI3A,29L,2
CA,0,285.0,2,4370,0,0,0,0,0,0
CF,D270Y,35.732261,50.773931,0,TRN,270.0,25.0,270.0,25.0,0,0,0,0,0,0,0,0
VI,0, ,0.0,298.0,0,0,0,0,0,0,0,0
CF,PAXID,36.284167,50.339167,0,TRN,302.7,57.9,328.0,35.0,0,0,0,0,0,0,0,0

SID,PAXI3A,29R,2
CA,0,285.0,2,4370,0,0,0,0,0,0
CF,D270Y,35.732261,50.773931,0,TRN,270.0,25.0,270.0,25.0,0,0,0,0,0,0,0,0
VI,0, ,0.0,298.0,0,0,0,0,0,0,0,0
CF,PAXID,36.284167,50.339167,0,TRN,302.7,57.9,328.0,35.0,0,0,0,0,0,0,0,0

SID,PAXI3B,11L,2
CA,0,105.0,2,4370,0,0,0,0,0,0
VI,2, ,0.0,300.0,0,0,0,0,0,0,0,0
CF,D270Y,35.732261,50.773931,0,TRN,270.0,25.0,270.0,20.0,0,0,0,0,0,0,0,0
VI,0, ,0.0,298.0,0,0,0,0,0,0,0,0
CF,PAXID,36.284167,50.339167,0,TRN,302.7,57.9,328.0,35.0,0,0,0,0,0,0,0,0

SID,PAXI3B,11R,2
CA,0,105.0,2,4370,0,0,0,0,0,0
VI,2, ,0.0,300.0,0,0,0,0,0,0,0,0
CF,D270Y,35.732261,50.773931,0,TRN,270.0,25.0,270.0,20.0,0,0,0,0,0,0,0,0
VI,0, ,0.0,298.0,0,0,0,0,0,0,0,0
CF,PAXID,36.284167,50.339167,0,TRN,302.7,57.9,328.0,35.0,0,0,0,0,0,0,0,0

SID,RUS2A,29L,2
CA,0,285.0,2,4370,0,0,0,0,0,0
CF,RUS,35.445472,50.905361,0,TRN,226.0,23.9,227.0,24.0,0,0,0,0,0,0,0,0

SID,RUS2A,29R,2
CA,0,285.0,2,4370,0,0,0,0,0,0
CF,RUS,35.445472,50.905361,0,TRN,226.0,23.9,227.0,24.0,0,0,0,0,0,0,0,0

SID,RUS2B,11L,2
CA,0,105.0,2,4370,0,0,0,0,0,0
VI,2, ,0.0,203.0,0,0,0,0,0,0,0,0
CF,RUS,35.445472,50.905361,0,TRN,226.0,23.9,248.0,20.0,0,0,0,0,0,0,0,0

SID,RUS2B,11R,2
CA,0,105.0,2,4370,0,0,0,0,0,0
VI,2, ,0.0,203.0,0,0,0,0,0,0,0,0
CF,RUS,35.445472,50.905361,0,TRN,226.0,23.9,248.0,20.0,0,0,0,0,0,0,0,0

SID,SAV2A,29L,2
CA,0,285.0,2,4370,0,0,0,0,0,0
VI,1, ,0.0,194.0,0,0,0,0,0,0,0,0
CF,SAV,35.018556,50.371361,0,TRN,223.0,60.5,224.0,59.0,0,0,0,0,0,0,0,0

SID,SAV2A,29R,2
CA,0,285.0,2,4370,0,0,0,0,0,0
VI,1, ,0.0,194.0,0,0,0,0,0,0,0,0
CF,SAV,35.018556,50.371361,0,TRN,223.0,60.5,224.0,59.0,0,0,0,0,0,0,0,0

SID,SAV2B,11L,2
CA,0,105.0,2,4370,0,0,0,0,0,0
VI,2, ,0.0,269.0,0,0,0,0,0,0,0,0
CF,SAV,35.018556,50.371361,0,TRN,223.0,60.5,224.0,57.0,0,0,0,0,0,0,0,0

SID,SAV2B,11R,2
CA,0,105.0,2,4370,0,0,0,0,0,0
VI,2, ,0.0,269.0,0,0,0,0,0,0,0,0
CF,SAV,35.018556,50.371361,0,TRN,223.0,60.5,224.0,57.0,0,0,0,0,0,0,0,0

SID,SAV3C,11L,2
CA,0,105.0,2,4370,0,0,0,0,0,0
VI,0, ,0.0,165.0,0,0,0,0,0,0,0,0
FD,TRN,35.696972,51.283778,0,TRN,0.0,12.0,135.0,12.0,1,8000,0,1,240,0,0,0
CF,TRN,35.696972,51.283778,1,TRN,0.0,0.0,290.0,12.0,2,13000,0,0,0,0,0,0
TF,SAV,35.018556,50.371361,0, ,0.0,0.0,0.0,0.0,0,0,0,0,0,0,0,0

SID,SAV3C,11R,2
CA,0,105.0,2,4370,0,0,0,0,0,0
VI,0, ,0.0,165.0,0,0,0,0,0,0,0,0
FD,TRN,35.696972,51.283778,0,TRN,0.0,12.0,135.0,12.0,1,8000,0,1,240,0,0,0
CF,TRN,35.696972,51.283778,1,TRN,0.0,0.0,290.0,12.0,2,13000,0,0,0,0,0,0
TF,SAV,35.018556,50.371361,0, ,0.0,0.0,0.0,0.0,0,0,0,0,0,0,0,0

SID,VR1A,29L,2
CA,0,285.0,2,4370,0,0,0,0,0,0
VI,1, ,0.0,107.0,0,0,0,0,0,0,0,0
CF,VR,35.342667,51.637167,0,TRN,135.7,27.4,137.0,21.0,0,0,0,0,0,0,0,0

SID,VR1A,29R,2
CA,0,285.0,2,4370,0,0,0,0,0,0
VI,1, ,0.0,107.0,0,0,0,0,0,0,0,0
CF,VR,35.342667,51.637167,0,TRN,135.7,27.4,137.0,21.0,0,0,0,0,0,0,0,0

SID,VR1B,11L,2
CA,0,105.0,2,4370,0,0,0,0,0,0
VI,0, ,0.0,167.0,0,0,0,0,0,0,0,0
CF,VR,35.342667,51.637167,0,TRN,135.7,27.4,137.0,25.0,0,0,0,0,0,0,0,0

SID,VR1B,11R,2
CA,0,105.0,2,4370,0,0,0,0,0,0
VI,0, ,0.0,167.0,0,0,0,0,0,0,0,0
CF,VR,35.342667,51.637167,0,TRN,135.7,27.4,137.0,25.0,0,0,0,0,0,0,0,0

STAR,BOXA1N,ALL,2
IF,BOXAM,34.630278,51.863056, ,0.0,0.0,0,0,0,0,0,0,0,0
TF,VR,35.342667,51.637167,0, ,0.0,0.0,0.0,0.0,0,0,0,0,0,0,0,0
TF,RUS,35.445472,50.905361,0, ,0.0,0.0,0.0,0.0,0,0,0,0,0,0,0,0

STAR,BOXA1P,ALL,2
IF,BOXAM,34.630278,51.863056, ,0.0,0.0,0,0,0,0,0,0,0,0
TF,PARIR,35.555303,51.767558,0, ,0.0,0.0,0.0,0.0,0,0,0,0,0,0,0,0

STAR,BOXA1R,ALL,2
IF,BOXAM,34.630278,51.863056, ,0.0,0.0,0,0,0,0,0,0,0,0
TF,TRN40,35.088336,51.618889,0, ,0.0,0.0,0.0,0.0,0,0,0,0,0,0,0,0
TF,RUS,35.445472,50.905361,0, ,0.0,0.0,0.0,0.0,0,0,0,0,0,0,0,0

STAR,BOXA1V,ALL,2
IF,BOXAM,34.630278,51.863056, ,0.0,0.0,0,0,0,0,0,0,0,0
TF,VR,35.342667,51.637167,0, ,0.0,0.0,0.0,0.0,0,0,0,0,0,0,0,0

STAR,BOXA1Z,ALL,2
IF,BOXAM,34.630278,51.863056, ,0.0,0.0,0,0,0,0,0,0,0,0
TF,TRN40,35.088336,51.618889,0, ,0.0,0.0,0.0,0.0,0,0,0,0,0,0,0,0
TF,KAZ,35.516694,51.366861,0, ,0.0,0.0,0.0,0.0,0,0,0,0,0,0,0,0

STAR,MIVA1N,ALL,2
IF,MIVAK,35.987500,49.890000, ,0.0,0.0,0,0,0,0,0,0,0,0
TF,RUS,35.445472,50.905361,0, ,0.0,0.0,0.0,0.0,0,0,0,0,0,0,0,0
TF,KAZ,35.516694,51.366861,0, ,0.0,0.0,0.0,0.0,0,0,0,0,0,0,0,0

STAR,MIVA1R,ALL,2
IF,MIVAK,35.987500,49.890000, ,0.0,0.0,0,0,0,0,0,0,0,0
TF,RUS,35.445472,50.905361,0, ,0.0,0.0,0.0,0.0,0,0,0,0,0,0,0,0

STAR,MIVA1Z,ALL,2
IF,MIVAK,35.987500,49.890000, ,0.0,0.0,0,0,0,0,0,0,0,0
TF,TRN29,35.738500,50.680336,0, ,0.0,0.0,0.0,0.0,0,0,0,0,0,0,0,0
TF,D190I,35.558589,51.238403,0, ,0.0,0.0,0.0,0.0,0,0,0,0,0,0,0,0
TF,KAZ,35.516694,51.366861,0, ,0.0,0.0,0.0,0.0,0,0,0,0,0,0,0,0

STAR,MUXO1N,ALL,2
IF,MUXOR,35.491667,52.696389, ,0.0,0.0,0,0,0,0,0,0,0,0
TF,TRN37,35.385961,51.937828,0, ,0.0,0.0,0.0,0.0,0,0,0,0,0,0,0,0
TF,VR,35.342667,51.637167,0, ,0.0,0.0,0.0,0.0,0,0,0,0,0,0,0,0
TF,RUS,35.445472,50.905361,0, ,0.0,0.0,0.0,0.0,0,0,0,0,0,0,0,0

STAR,MUXO1V,ALL,2
IF,MUXOR,35.491667,52.696389, ,0.0,0.0,0,0,0,0,0,0,0,0
TF,TRN37,35.385961,51.937828,0, ,0.0,0.0,0.0,0.0,0,0,0,0,0,0,0,0
TF,VR,35.342667,51.637167,0, ,0.0,0.0,0.0,0.0,0,0,0,0,0,0,0,0

STAR,MUXO2P,ALL,2
IF,MUXOR,35.491667,52.696389, ,0.0,0.0,0,0,0,0,0,0,0,0
TF,PARIR,35.555303,51.767558,0, ,0.0,0.0,0.0,0.0,0,0,0,0,0,0,0,0

STAR,MUXO2Z,ALL,2
IF,MUXOR,35.491667,52.696389, ,0.0,0.0,0,0,0,0,0,0,0,0
TF,D120S,35.513308,51.603844,0, ,0.0,0.0,0.0,0.0,0,0,0,0,0,0,0,0
TF,KAZ,35.516694,51.366861,0, ,0.0,0.0,0.0,0.0,0,0,0,0,0,0,0,0

STAR,NAGM1R,ALL,2
IF,NAGMO,36.037222,51.348611, ,0.0,0.0,0,0,0,0,0,0,0,0
TF,TRN,35.696972,51.283778,0, ,0.0,0.0,0.0,0.0,0,0,0,0,0,0,0,0
TF,RUS,35.445472,50.905361,0, ,0.0,0.0,0.0,0.0,0,0,0,0,0,0,0,0

STAR,NAGM1V,ALL,2
IF,NAGMO,36.037222,51.348611, ,0.0,0.0,0,0,0,0,0,0,0,0
TF,TRN,35.696972,51.283778,0, ,0.0,0.0,0.0,0.0,0,0,0,0,0,0,0,0
TF,VR,35.342667,51.637167,0, ,0.0,0.0,0.0,0.0,0,0,0,0,0,0,0,0

STAR,PAVE1R,ALL,2
IF,PAVET,35.444167,49.883611, ,0.0,0.0,0,0,0,0,0,0,0,0
TF,RUS,35.445472,50.905361,0, ,0.0,0.0,0.0,0.0,0,0,0,0,0,0,0,0

STAR,PAVE1Z,ALL,2
IF,PAVET,35.444167,49.883611, ,0.0,0.0,0,0,0,0,0,0,0,0
TF,KAZ,35.516694,51.366861,0, ,0.0,0.0,0.0,0.0,0,0,0,0,0,0,0,0

STAR,PAXI1N,ALL,2
IF,PAXID,36.284167,50.339167, ,0.0,0.0,0,0,0,0,0,0,0,0
TF,TRN28,35.736503,50.710450,0, ,0.0,0.0,0.0,0.0,0,0,0,0,0,0,0,0
TF,RUS,35.445472,50.905361,0, ,0.0,0.0,0.0,0.0,0,0,0,0,0,0,0,0
TF,KAZ,35.516694,51.366861,0, ,0.0,0.0,0.0,0.0,0,0,0,0,0,0,0,0

STAR,PAXI1R,ALL,2
IF,PAXID,36.284167,50.339167, ,0.0,0.0,0,0,0,0,0,0,0,0
TF,TRN28,35.736503,50.710450,0, ,0.0,0.0,0.0,0.0,0,0,0,0,0,0,0,0
TF,RUS,35.445472,50.905361,0, ,0.0,0.0,0.0,0.0,0,0,0,0,0,0,0,0

STAR,PAXI1Z,ALL,2
IF,PAXID,36.284167,50.339167, ,0.0,0.0,0,0,0,0,0,0,0,0
TF,TRN28,35.736503,50.710450,0, ,0.0,0.0,0.0,0.0,0,0,0,0,0,0,0,0
TF,D190I,35.558589,51.238403,0, ,0.0,0.0,0.0,0.0,0,0,0,0,0,0,0,0
TF,KAZ,35.516694,51.366861,0, ,0.0,0.0,0.0,0.0,0,0,0,0,0,0,0,0

STAR,RADA1N,ALL,2
IF,RADAL,34.906389,52.339722, ,0.0,0.0,0,0,0,0,0,0,0,0
TF,VR,35.342667,51.637167,0, ,0.0,0.0,0.0,0.0,0,0,0,0,0,0,0,0
TF,RUS,35.445472,50.905361,0, ,0.0,0.0,0.0,0.0,0,0,0,0,0,0,0,0

STAR,RADA2P,ALL,2
IF,RADAL,34.906389,52.339722, ,0.0,0.0,0,0,0,0,0,0,0,0
TF,PARIR,35.555303,51.767558,0, ,0.0,0.0,0.0,0.0,0,0,0,0,0,0,0,0

STAR,RADA2R,ALL,2
IF,RADAL,34.906389,52.339722, ,0.0,0.0,0,0,0,0,0,0,0,0
TF,RUS,35.445472,50.905361,0, ,0.0,0.0,0.0,0.0,0,0,0,0,0,0,0,0

STAR,RADA2V,ALL,2
IF,RADAL,34.906389,52.339722, ,0.0,0.0,0,0,0,0,0,0,0,0
TF,VR,35.342667,51.637167,0, ,0.0,0.0,0.0,0.0,0,0,0,0,0,0,0,0

STAR,RUS1V,ALL,2
IF,RUS,35.445472,50.905361, ,0.0,0.0,0,0,0,0,0,0,0,0
TF,VR,35.342667,51.637167,0, ,0.0,0.0,0.0,0.0,0,0,0,0,0,0,0,0

STAR,RUS1Z,ALL,2
IF,RUS,35.445472,50.905361, ,0.0,0.0,0,0,0,0,0,0,0,0
TF,KAZ,35.516694,51.366861,0, ,0.0,0.0,0.0,0.0,0,0,0,0,0,0,0,0

STAR,SAV1N,ALL,2
IF,SAV,35.018556,50.371361, ,0.0,0.0,0,0,0,0,0,0,0,0
TF,RUS,35.445472,50.905361,0, ,0.0,0.0,0.0,0.0,0,0,0,0,0,0,0,0
TF,KAZ,35.516694,51.366861,0, ,0.0,0.0,0.0,0.0,0,0,0,0,0,0,0,0

STAR,SAV1R,ALL,2
IF,SAV,35.018556,50.371361, ,0.0,0.0,0,0,0,0,0,0,0,0
TF,RUS,35.445472,50.905361,0, ,0.0,0.0,0.0,0.0,0,0,0,0,0,0,0,0

STAR,SAV1Z,ALL,2
IF,SAV,35.018556,50.371361, ,0.0,0.0,0,0,0,0,0,0,0,0
TF,D204Y,35.331650,51.036958,0, ,0.0,0.0,0.0,0.0,0,0,0,0,0,0,0,0
TF,KAZ,35.516694,51.366861,0, ,0.0,0.0,0.0,0.0,0,0,0,0,0,0,0,0

STAR,VR1R,ALL,2
IF,VR,35.342667,51.637167, ,0.0,0.0,0,0,0,0,0,0,0,0
TF,RUS,35.445472,50.905361,0, ,0.0,0.0,0.0,0.0,0,0,0,0,0,0,0,0

STAR,VR1Z,ALL,2
IF,VR,35.342667,51.637167, ,0.0,0.0,0,0,0,0,0,0,0,0
TF,KAZ,35.516694,51.366861,0, ,0.0,0.0,0.0,0.0,0,0,0,0,0,0,0,0

APPTR,D29L,29L,PARIR
IF,PARIR,35.555303,51.767558, ,0.0,0.0,0,0,0,0,0,0,1,0
CF,D106T,35.576728,51.665275,0,TRN,106.0,20.0,286.0,5.2,0,0,0,0,0,0,0,0
CF,CD29L,35.606903,51.570008,0,TRN,106.0,15.0,286.0,5.0,2,8000,0,0,0,0,1,0

APPTR,D29L,29L,VR
IF,VR,35.342667,51.637167, ,0.0,0.0,0,0,0,1,185,0,1,0
TF,D106T,35.576728,51.665275,0, ,0.0,0.0,0.0,0.0,2,9000,0,0,0,0,0,0
TF,CD29L,35.606903,51.570008,0, ,0.0,0.0,0.0,0.0,2,8000,0,0,0,0,1,0

FINAL,D29L,29L,D,3
IF,CD29L,35.606903,51.570008,TRN,106.0,15.0,2,8000,0,0,0,0,0,0
CF,FD29L,35.637000,51.474669,0,TRN,106.0,10.0,286.0,5.0,2,6600,0,0,0,0,2,0
CF,RW29L,35.682408,51.333661,0,TRN,104.7,2.6,286.0,7.4,1,3855,0,0,0,0,3,0
CF,TRN,35.696972,51.283778,0,TRN,0.0,0.0,286.0,2.6,2,4370,0,0,0,0,0,1
DF,KAZ,35.516694,51.366861,1, ,0.0,0.0,1,7000,0,0,0,0,0,0
HM,KAZ,35.516694,51.366861,2, ,0.0,0.0,96.0,04.3,0,0,0,1,220,0,0,0,0

APPTR,I29L,29L,KAZ
IF,KAZ,35.516694,51.366861, ,0.0,0.0,0,0,0,1,185,0,1,0
CF,D137O,35.499519,51.472283,0,TRN,137.0,15.0,96.0,5.3,0,0,0,0,0,0,0,0
AF,D116O,35.567728,51.546453,1,TRN,116.0,15.0,137.0,2,8000,0,0,0,0,0,0
VI,1,ITHL,0.0,315.0,0,0,0,0,0,0,0,0

APPTR,I29L,29L,PARIR
IF,PARIR,35.555303,51.767558, ,0.0,0.0,0,0,0,0,0,0,1,0
CF,CI29L,35.612383,51.572531,0,ITHL,104.7,14.9,285.0,10.1,2,8000,0,0,0,0,1,0

APPTR,I29L,29L,VR
IF,VR,35.342667,51.637167, ,0.0,0.0,0,0,0,1,220,0,1,0
CR,0,TRN,116.0,344.0,2,8000,0,0,0,0,0,0
VI,0,ITHL,0.0,330.0,0,0,0,0,0,0,0,0

FINAL,I29L,29L,I,3
IF,CI29L,35.612383,51.572531,ITHL,104.7,14.9,2,8000,0,0,0,0,0,0
CF,FI29L,35.640942,51.475389,0,ITHL,104.7,9.9,285.0,5.1,1,6500,0,0,0,0,2,0
CF,RW29L,35.682408,51.333661,0,ITHL,104.7,2.5,285.0,7.4,1,3855,0,0,0,0,3,0
CF,TRN,35.696972,51.283778,0,TRN,0.0,0.0,285.0,2.6,2,4370,0,0,0,0,0,1
DF,KAZ,35.516694,51.366861,1, ,0.0,0.0,1,7000,0,0,0,0,0,0
HM,KAZ,35.516694,51.366861,2, ,0.0,0.0,96.0,04.3,0,0,0,1,220,0,0,0,0

