SID,ORDA1A,30,2
CA,0,301.0,2,3640,0,0,0,0,0,0
CI,0, ,0.0,15.0,0,0,0,0,0,0,0,0
FD,BAM,29.077472,58.458333,0,BAM,0.0,17.2,345.0,17.2,2,7400,0,0,0,0,0,0
CI,0, ,0.0,303.0,0,0,0,0,0,0,0,0
CF,ORDAD,30.102222,57.915000,0,BAM,333.3,67.6,333.0,46.0,0,0,0,0,0,0,0,0

SID,ORDA1B,30,2
CA,0,301.0,2,3640,0,0,0,0,0,0
CF,ORDAD,30.102222,57.915000,0,BAM,333.3,67.6,333.0,65.0,0,0,0,0,0,0,0,0

SID,ORDA1C,12,2
CA,0,121.0,2,3640,0,0,0,0,0,0
FD,BAM,29.077472,58.458333,0,BAM,0.0,7.0,120.0,7.0,2,4500,0,0,0,0,0,0
CI,1, ,0.0,303.0,0,0,0,0,0,0,0,0
CF,ORDAD,30.102222,57.915000,0,BAM,333.3,67.6,333.0,61.0,0,0,0,0,0,0,0,0

SID,ORDA1D,30,2
CA,0,301.0,2,3640,0,0,0,0,0,0
CI,0, ,0.0,15.0,0,0,0,0,0,0,0,0
FA,BAM,29.077944,58.454417,0,KER,0.0,0.0,345.0,2,7400,0,0,0,0,0,0
CI,0, ,0.0,304.0,0,0,0,0,0,0,0,0
CF,ORDAD,30.102222,57.915000,0,KER,100.0,51.7,334.0,54.0,0,0,0,0,0,0,0,0

SID,ORDA1E,30,2
CA,0,301.0,2,3640,0,0,0,0,0,0
CF,ORDAD,30.102222,57.915000,0,KER,100.0,51.7,334.0,65.0,0,0,0,0,0,0,0,0

SID,ORDA1F,12,2
CA,0,121.0,2,3640,0,0,0,0,0,0
FA,BAM,29.077944,58.454417,0,KER,0.0,0.0,120.0,2,4500,0,0,0,0,0,0
CI,1, ,0.0,304.0,0,0,0,0,0,0,0,0
CF,ORDAD,30.102222,57.915000,0,KER,100.0,51.7,334.0,60.0,0,0,0,0,0,0,0,0

STAR,ORDA1N,ALL,2
IF,ORDAD,30.102222,57.915000, ,0.0,0.0,0,0,0,0,0,0,0,0
TF,D333K,29.244333,58.369642,0, ,0.0,0.0,0.0,0.0,0,0,0,0,0,0,0,0
TF,BAM,29.077472,58.458333,0, ,0.0,0.0,0.0,0.0,0,0,0,0,0,0,0,0

STAR,ORDA1T,ALL,2
IF,ORDAD,30.102222,57.915000, ,0.0,0.0,0,0,0,0,0,0,0,0
TF,BAM,29.077944,58.454417,0, ,0.0,0.0,0.0,0.0,0,0,0,0,0,0,0,0

APPTR,D30,30,BAM
IF,BAM,29.077472,58.458333, ,0.0,0.0,2,7000,0,1,220,0,0,0
FD,BAM,29.077472,58.458333,0,BAM,0.0,9.0,141.0,9.0,2,4600,0,0,0,0,0,0
CF,CD30,29.004481,58.607953,1,BAM,117.0,9.0,297.0,1.0,2,4600,0,0,0,0,1,0

FINAL,D30,30,D,3
IF,CD30,29.004481,58.607953,BAM,117.0,9.0,2,4600,0,0,0,0,0,0
CF,FD30,29.045050,58.524856,0,BAM,117.0,4.0,297.0,5.0,2,4300,0,0,0,0,2,0
CF,RW30,29.075942,58.464689,0,BAM,103.3,0.4,297.0,3.7,1,3181,0,0,0,0,3,0
CF,BAM,29.077472,58.458333,0,BAM,0.0,0.0,297.0,0.4,2,3640,0,0,0,0,0,0
FA,BAM,29.077472,58.458333,0,BAM,0.0,0.0,310.0,2,5500,0,0,0,0,0,0
DF,BAM,29.077472,58.458333,1, ,0.0,0.0,1,7000,0,0,0,0,0,0
HM,BAM,29.077472,58.458333,2, ,0.0,0.0,141.0,04.3,0,0,0,1,230,0,0,0,0

APPTR,N30,30,BAM
IF,BAM,29.077944,58.454417, ,0.0,0.0,2,7000,0,1,220,0,0,0
FC,BAM,29.077944,58.454417,0,BAM,0.0,0.0,134.0,7.3,0,0,0,0,0,0,0,1
CF,FN30,29.045278,58.541914,1,BAM,111.7,4.8,291.0,2.0,1,4600,0,0,0,0,0,0

FINAL,N30,30,N,2
IF,FN30,29.045278,58.541914,BAM,0.0,0.0,1,4600,0,0,0,0,2,0
CF,RW30,29.075942,58.464689,0,BAM,0.0,0.0,291.0,4.5,1,3181,0,0,0,0,3,0
CF,BAM,29.077944,58.454417,0,BAM,275.8,0.2,291.0,0.6,2,3640,0,0,0,0,0,0
FA,BAM,29.077944,58.454417,0,BAM,0.0,0.0,310.0,2,5500,0,0,0,0,0,0
DF,BAM,29.077944,58.454417,1, ,0.0,0.0,1,7000,0,0,0,0,0,0
HM,BAM,29.077944,58.454417,2, ,0.0,0.0,134.0,04.3,0,0,0,1,230,0,0,0,0

