SID,DANB1D,35L,2
CA,0,351.0,2,4930,0,0,0,0,0,0
FA,ZDN,29.486750,60.901583,0,ZDN,0.0,0.0,350.0,2,6000,0,0,0,0,0,0
DF,ZDN,29.486750,60.901583,1, ,0.0,0.0,2,8000,0,0,0,0,0,0
TF,DANIB,29.118333,61.288056,0, ,0.0,0.0,0.0,0.0,0,0,0,0,0,0,0,0

SID,DANB1E,17R,2
CA,0,171.0,2,4930,0,0,0,0,0,0
FA,ZDN,29.486750,60.901583,0,ZDN,0.0,0.0,170.0,2,6400,0,0,0,0,0,0
DF,ZDN,29.486750,60.901583,1, ,0.0,0.0,2,8000,0,0,0,0,0,1
VI,1, ,0.0,106.0,0,0,0,0,0,0,0,0
CF,DANIB,29.118333,61.288056,0,ZDN,135.3,30.0,136.0,25.0,0,0,0,0,0,0,0,0

SID,DANB1H,17R,2
CA,0,171.0,2,4930,0,0,0,0,0,0
FA,ZD,29.471056,60.896111,0,ZDN,0.0,0.0,170.0,2,6400,0,0,0,0,0,0
DF,ZD,29.471056,60.896111,1, ,0.0,0.0,2,8000,0,0,0,0,0,1
VI,1, ,0.0,104.0,0,0,0,0,0,0,0,0
CF,DANIB,29.118333,61.288056,0,ZDN,135.3,30.0,134.0,25.0,0,0,0,0,0,0,0,0

SID,DANB1J,35L,2
CA,0,351.0,2,4930,0,0,0,0,0,0
FA,ZD,29.471056,60.896111,0,ZDN,0.0,0.0,350.0,2,6000,0,0,0,0,0,0
DF,ZD,29.471056,60.896111,1, ,0.0,0.0,2,8000,0,0,0,0,0,0
TF,DANIB,29.118333,61.288056,0, ,0.0,0.0,0.0,0.0,0,0,0,0,0,0,0,0

SID,DANO1D,35L,2
CA,0,351.0,2,4930,0,0,0,0,0,0
FA,ZDN,29.486750,60.901583,0,ZDN,0.0,0.0,350.0,2,5500,0,0,0,0,0,0
VI,1, ,0.0,150.0,0,0,0,0,0,0,0,0
FA,ZDN,29.486750,60.901583,0,ZDN,0.0,0.0,180.0,2,8000,0,0,0,0,0,0
VI,2, ,0.0,285.0,0,0,0,1,210,0,0,0
CF,DANOV,29.245556,60.399167,0,ZDN,239.7,30.0,240.0,20.0,2,15000,0,0,0,0,0,0

SID,DANO1E,17R,2
CA,0,171.0,2,4930,0,0,0,0,0,0
FA,ZDN,29.486750,60.901583,0,ZDN,0.0,0.0,180.0,2,8000,0,0,0,0,0,0
VI,2, ,0.0,285.0,0,0,0,0,0,0,0,0
CF,DANOV,29.245556,60.399167,0,ZDN,239.7,30.0,240.0,23.0,2,15000,0,0,0,0,0,0

SID,DANO1H,17R,2
CA,0,171.0,2,4930,0,0,0,0,0,0
FA,ZD,29.471056,60.896111,0,ZAL,0.0,0.0,170.0,2,6400,0,0,0,0,0,0
DF,ZD,29.471056,60.896111,1, ,0.0,0.0,2,8000,0,0,0,0,0,0
TF,DANOV,29.245556,60.399167,0, ,0.0,0.0,0.0,0.0,0,0,0,0,0,0,0,0

SID,DANO1J,35L,2
CA,0,351.0,2,4930,0,0,0,0,0,0
FA,ZD,29.471056,60.896111,0,ZAL,0.0,0.0,350.0,2,6000,0,0,0,0,0,0
DF,ZD,29.471056,60.896111,1, ,0.0,0.0,2,8000,0,0,0,0,0,0
TF,DANOV,29.245556,60.399167,2, ,0.0,0.0,0.0,0.0,0,0,0,0,0,0,0,0

SID,DANU1D,35L,2
CA,0,351.0,2,4930,0,0,0,0,0,0
FA,ZDN,29.486750,60.901583,0,ZDN,0.0,0.0,350.0,2,5500,0,0,0,0,0,0
FA,ZDN,29.486750,60.901583,0,ZDN,0.0,0.0,334.0,2,8500,0,0,0,0,0,0
VI,1, ,0.0,237.0,0,0,0,0,0,0,0,0
CF,DANUS,29.607778,60.341667,0,ZDN,282.0,30.2,282.0,21.0,2,17000,0,0,0,0,0,0

SID,DANU1E,17R,2
CA,0,171.0,2,4930,0,0,0,0,0,0
VI,2, ,0.0,19.0,0,0,0,1,210,0,0,0
FA,ZDN,29.486750,60.901583,0,ZDN,0.0,0.0,334.0,2,8500,0,0,0,0,0,0
VI,1, ,0.0,237.0,0,0,0,0,0,0,0,0
CF,DANUS,29.607778,60.341667,0,ZDN,282.0,30.2,282.0,16.0,2,17000,0,0,0,0,0,0

SID,DANU1H,17R,2
CA,0,171.0,2,4930,0,0,0,0,0,0
FA,ZD,29.471056,60.896111,0,ZAL,0.0,0.0,170.0,2,6400,0,0,0,0,0,0
DF,ZD,29.471056,60.896111,1, ,0.0,0.0,2,8000,0,0,0,0,0,0
TF,DANUS,29.607778,60.341667,0, ,0.0,0.0,0.0,0.0,0,0,0,0,0,0,0,0

SID,DANU1J,35L,2
CA,0,351.0,2,4930,0,0,0,0,0,0
FA,ZD,29.471056,60.896111,0,ZAL,0.0,0.0,350.0,2,5500,0,0,0,0,0,0
FA,ZD,29.471056,60.896111,0,ZAL,0.0,0.0,334.0,2,8500,0,0,0,0,0,0
VI,1, ,0.0,239.0,0,0,0,0,0,0,0,0
CF,DANUS,29.607778,60.341667,0,ZAL,213.3,108.7,284.0,21.0,0,0,0,0,0,0,0,0

SID,DANX1D,35L,2
CA,0,351.0,2,4930,0,0,0,0,0,0
FA,ZDN,29.486750,60.901583,0,ZDN,0.0,0.0,350.0,2,5500,0,0,0,0,0,0
VI,1, ,0.0,153.0,0,0,0,1,210,0,0,0
CF,DANIX,28.987500,60.861111,0,ZDN,182.5,29.9,183.0,24.0,2,13000,0,0,0,0,0,0

SID,DANX1E,17R,2
CA,0,171.0,2,4930,0,0,0,0,0,0
CF,DANIX,28.987500,60.861111,0,ZDN,182.5,29.9,183.0,28.0,2,13000,0,0,0,0,0,0

SID,DANX1H,17R,2
CA,0,171.0,2,4930,0,0,0,0,0,0
CF,DANIX,28.987500,60.861111,0,ZAL,193.9,131.1,182.0,28.0,0,0,0,0,0,0,0,0

SID,DANX1J,35L,2
CA,0,351.0,2,4930,0,0,0,0,0,0
FA,ZD,29.471056,60.896111,0,ZAL,0.0,0.0,350.0,2,6000,0,0,0,0,0,0
DF,ZD,29.471056,60.896111,1, ,0.0,0.0,2,8000,0,0,0,0,0,0
TF,DANIX,28.987500,60.861111,0, ,0.0,0.0,0.0,0.0,0,0,0,0,0,0,0,0

SID,DAPA1D,35L,2
CA,0,351.0,2,4930,0,0,0,0,0,0
FA,ZDN,29.486750,60.901583,0,ZDN,0.0,0.0,350.0,2,5500,0,0,0,0,0,0
FA,ZDN,29.486750,60.901583,0,ZDN,0.0,0.0,334.0,2,8500,0,0,0,0,0,0
VI,0, ,0.0,274.0,0,0,0,0,0,0,0,0
CF,DAPAP,29.775000,60.431667,0,ZDN,303.5,30.0,304.0,18.0,0,0,0,0,0,0,0,0

SID,DAPA1E,17R,2
CA,0,171.0,2,4930,0,0,0,0,0,0
VI,2, ,0.0,19.0,0,0,0,1,210,0,0,0
FA,ZDN,29.486750,60.901583,0,ZDN,0.0,0.0,334.0,2,8500,0,0,0,0,0,0
VI,0, ,0.0,274.0,0,0,0,0,0,0,0,0
CF,DAPAP,29.775000,60.431667,0,ZDN,303.5,30.0,304.0,14.0,0,0,0,0,0,0,0,0

SID,DAPA1H,17R,2
CA,0,171.0,2,4930,0,0,0,0,0,0
FA,ZD,29.471056,60.896111,0,ZAL,0.0,0.0,170.0,2,6400,0,0,0,0,0,0
DF,ZD,29.471056,60.896111,1, ,0.0,0.0,2,8000,0,0,0,0,0,0
TF,DAPAP,29.775000,60.431667,0, ,0.0,0.0,0.0,0.0,0,0,0,0,0,0,0,0

SID,DAPA1J,35L,2
CA,0,351.0,2,4930,0,0,0,0,0,0
FA,ZD,29.471056,60.896111,0,ZAL,0.0,0.0,350.0,2,5500,0,0,0,0,0,0
FA,ZD,29.471056,60.896111,0,ZAL,0.0,0.0,334.0,2,8500,0,0,0,0,0,0
VI,0, ,0.0,275.0,0,0,0,0,0,0,0,0
CF,DAPAP,29.775000,60.431667,0,ZAL,214.4,97.8,305.0,22.0,0,0,0,0,0,0,0,0

SID,DERB1D,35L,2
CA,0,351.0,2,4930,0,0,0,0,0,0
FA,ZDN,29.486750,60.901583,0,ZDN,0.0,0.0,350.0,2,5500,0,0,0,0,0,0
DF,ZDN,29.486750,60.901583,1, ,0.0,0.0,0,0,0,0,0,0,0,0
TF,DERBO,29.428333,61.283611,0, ,0.0,0.0,0.0,0.0,2,12000,0,0,0,0,0,0

SID,DERB1E,17R,2
CA,0,171.0,2,4930,0,0,0,0,0,0
FA,ZDN,29.486750,60.901583,0,ZDN,0.0,0.0,120.0,2,8000,0,0,0,0,0,0
VI,0, ,0.0,68.0,0,0,0,0,0,0,0,0
CF,DERBO,29.428333,61.283611,0,ZDN,98.1,20.0,98.0,10.0,2,12000,0,0,0,0,0,0

SID,DERB1H,17R,2
CA,0,171.0,2,4930,0,0,0,0,0,0
FA,ZD,29.471056,60.896111,0,ZAL,0.0,0.0,170.0,2,6400,0,0,0,0,0,0
DF,ZD,29.471056,60.896111,1, ,0.0,0.0,2,8000,0,0,0,0,0,0
TF,DERBO,29.428333,61.283611,2, ,0.0,0.0,0.0,0.0,0,0,0,0,0,0,0,0

SID,DERB1J,35L,2
CA,0,351.0,2,4930,0,0,0,0,0,0
FA,ZD,29.471056,60.896111,0,ZAL,0.0,0.0,350.0,2,6000,0,0,0,0,0,0
DF,ZD,29.471056,60.896111,1, ,0.0,0.0,2,8000,0,0,0,0,0,0
TF,DERBO,29.428333,61.283611,0, ,0.0,0.0,0.0,0.0,0,0,0,0,0,0,0,0

SID,LUDA1D,35L,2
CA,0,351.0,2,4930,0,0,0,0,0,0
FA,ZDN,29.486750,60.901583,0,ZDN,0.0,0.0,350.0,2,5500,0,0,0,0,0,0
CF,LUDAX,29.949444,60.683611,0,ZDN,336.0,29.9,336.0,28.0,2,13000,0,0,0,0,0,0

SID,LUDA1E,17R,2
CA,0,171.0,2,4930,0,0,0,0,0,0
VI,2, ,0.0,21.0,0,0,0,1,210,0,0,0
CF,LUDAX,29.949444,60.683611,0,ZDN,336.0,29.9,336.0,28.0,2,13000,0,0,0,0,0,0

SID,LUDA1H,17R,2
CA,0,171.0,2,4930,0,0,0,0,0,0
FA,ZD,29.471056,60.896111,0,ZAL,0.0,0.0,170.0,2,6400,0,0,0,0,0,0
DF,ZD,29.471056,60.896111,1, ,0.0,0.0,2,8000,0,0,0,0,0,0
TF,LUDAX,29.949444,60.683611,0, ,0.0,0.0,0.0,0.0,0,0,0,0,0,0,0,0

SID,LUDA1J,35L,2
CA,0,351.0,2,4930,0,0,0,0,0,0
FA,ZD,29.471056,60.896111,0,ZAL,0.0,0.0,350.0,2,5500,0,0,0,0,0,0
CF,LUDAX,29.949444,60.683611,0,ZAL,211.2,81.8,337.0,28.0,2,13000,0,0,0,0,0,0

SID,PIRA1E,17R,2
CA,0,171.0,2,4930,0,0,0,0,0,0
VI,0, ,0.0,255.0,0,0,0,0,0,0,0,0
FA,ZDN,29.486750,60.901583,0,ZDN,0.0,0.0,210.0,2,7000,0,0,0,0,0,0
DF,ZDN,29.486750,60.901583,1, ,0.0,0.0,2,9500,0,0,0,0,0,1
TF,PIRAN,29.568611,61.135833,0, ,0.0,0.0,0.0,0.0,0,0,0,0,0,0,0,0

SID,PIRA1H,17R,2
CA,0,171.0,2,4930,0,0,0,0,0,0
FA,ZD,29.471056,60.896111,0,ZAL,0.0,0.0,170.0,2,6400,0,0,0,0,0,0
DF,ZD,29.471056,60.896111,1, ,0.0,0.0,2,8000,0,0,0,0,0,0
TF,PIRAN,29.568611,61.135833,2, ,0.0,0.0,0.0,0.0,2,13000,0,0,0,0,0,0

SID,PIRA1J,35L,2
CA,0,351.0,2,4930,0,0,0,0,0,0
FA,ZD,29.471056,60.896111,0,ZAL,0.0,0.0,350.0,2,6000,0,0,0,0,0,0
DF,ZD,29.471056,60.896111,1, ,0.0,0.0,2,8000,0,0,0,0,0,0
TF,PIRAN,29.568611,61.135833,0, ,0.0,0.0,0.0,0.0,2,13000,0,0,0,0,0,0

STAR,DANB1N,35L,2
IF,DANIB,29.118333,61.288056, ,0.0,0.0,0,0,0,0,0,0,0,0
TF,ZDN,29.486750,60.901583,0, ,0.0,0.0,0.0,0.0,0,0,0,0,0,0,0,0

STAR,DANB1P,35L,2
IF,DANIB,29.118333,61.288056, ,0.0,0.0,0,0,0,0,0,0,0,0
TF,D150U,29.178697,61.088175,0, ,0.0,0.0,0.0,0.0,0,0,0,0,0,0,0,0
TF,D168P,29.223461,60.954506,0, ,0.0,0.0,0.0,0.0,0,0,0,0,0,0,0,0

STAR,DANB1Q,35L,2
IF,DANIB,29.118333,61.288056, ,0.0,0.0,0,0,0,0,0,0,0,0
TF,ZD,29.471056,60.896111,0, ,0.0,0.0,0.0,0.0,0,0,0,0,0,0,0,0

STAR,DANO1N,35L,2
IF,DANOV,29.245556,60.399167, ,0.0,0.0,0,0,0,0,0,0,0,0
TF,ZDN,29.486750,60.901583,0, ,0.0,0.0,0.0,0.0,0,0,0,0,0,0,0,0

STAR,DANO1P,35L,2
IF,DANOV,29.245556,60.399167, ,0.0,0.0,0,0,0,0,0,0,0,0
TF,D239P,29.358506,60.633675,0, ,0.0,0.0,0.0,0.0,0,0,0,0,0,0,0,0
AF,D200P,29.238828,60.787425,1,ZDN,200.0,16.0,239.0,0,0,0,0,0,0,0,0
AF,D168P,29.223461,60.954506,1,ZDN,168.0,16.0,200.0,0,0,0,0,0,0,0,0

STAR,DANO1Q,35L,2
IF,DANOV,29.245556,60.399167, ,0.0,0.0,0,0,0,0,0,0,0,0
TF,ZD,29.471056,60.896111,0, ,0.0,0.0,0.0,0.0,0,0,0,0,0,0,0,0

STAR,DANU1N,35L,2
IF,DANUS,29.607778,60.341667, ,0.0,0.0,0,0,0,0,0,0,0,0
TF,ZDN,29.486750,60.901583,0, ,0.0,0.0,0.0,0.0,0,0,0,0,0,0,0,0

STAR,DANU1P,35L,2
IF,DANUS,29.607778,60.341667, ,0.0,0.0,0,0,0,0,0,0,0,0
TF,D282P,29.551208,60.604969,0, ,0.0,0.0,0.0,0.0,0,0,0,0,0,0,0,0
AF,D200P,29.238828,60.787425,1,ZDN,200.0,16.0,282.0,0,0,0,0,0,0,0,0
AF,D168P,29.223461,60.954506,1,ZDN,168.0,16.0,200.0,0,0,0,0,0,0,0,0

STAR,DANU1Q,35L,2
IF,DANUS,29.607778,60.341667, ,0.0,0.0,0,0,0,0,0,0,0,0
TF,ZD,29.471056,60.896111,0, ,0.0,0.0,0.0,0.0,0,0,0,0,0,0,0,0

STAR,DANX1N,35L,2
IF,DANIX,28.987500,60.861111, ,0.0,0.0,0,0,0,0,0,0,0,0
TF,ZDN,29.486750,60.901583,0, ,0.0,0.0,0.0,0.0,0,0,0,0,0,0,0,0

STAR,DANX1P,35L,2
IF,DANIX,28.987500,60.861111, ,0.0,0.0,0,0,0,0,0,0,0,0
TF,D168P,29.223461,60.954506,0, ,0.0,0.0,0.0,0.0,0,0,0,0,0,0,0,0

STAR,DANX1Q,35L,2
IF,DANIX,28.987500,60.861111, ,0.0,0.0,0,0,0,0,0,0,0,0
TF,ZD,29.471056,60.896111,0, ,0.0,0.0,0.0,0.0,0,0,0,0,0,0,0,0

STAR,DAPA1N,35L,2
IF,DAPAP,29.775000,60.431667, ,0.0,0.0,0,0,0,0,0,0,0,0
TF,ZDN,29.486750,60.901583,0, ,0.0,0.0,0.0,0.0,0,0,0,0,0,0,0,0

STAR,DAPA1P,35L,2
IF,DAPAP,29.775000,60.431667, ,0.0,0.0,0,0,0,0,0,0,0,0
TF,ZDN,29.486750,60.901583,0, ,0.0,0.0,0.0,0.0,0,0,0,0,0,0,0,0
TF,D168P,29.223461,60.954506,0, ,0.0,0.0,0.0,0.0,0,0,0,0,0,0,0,0

STAR,DAPA1Q,35L,2
IF,DAPAP,29.775000,60.431667, ,0.0,0.0,0,0,0,0,0,0,0,0
TF,D303P,29.640564,60.651511,0, ,0.0,0.0,0.0,0.0,0,0,0,0,0,0,0,0
AF,D200P,29.238828,60.787425,1,ZDN,200.0,16.0,303.0,0,0,0,0,0,0,0,0
AF,D168P,29.223461,60.954506,1,ZDN,168.0,16.0,200.0,0,0,0,0,0,0,0,0

STAR,DAPA1R,35L,2
IF,DAPAP,29.775000,60.431667, ,0.0,0.0,0,0,0,0,0,0,0,0
TF,ZD,29.471056,60.896111,0, ,0.0,0.0,0.0,0.0,0,0,0,0,0,0,0,0

STAR,DERB1N,35L,2
IF,DERBO,29.428333,61.283611, ,0.0,0.0,0,0,0,0,0,0,0,0
TF,ZDN,29.486750,60.901583,0, ,0.0,0.0,0.0,0.0,0,0,0,0,0,0,0,0

STAR,DERB1P,35L,2
IF,DERBO,29.428333,61.283611, ,0.0,0.0,0,0,0,0,0,0,0,0
TF,D098P,29.440825,61.202553,0, ,0.0,0.0,0.0,0.0,0,0,0,0,0,0,0,0
AF,D168P,29.223461,60.954506,2,ZDN,168.0,16.0,98.0,0,0,0,0,0,0,0,0

STAR,DERB1Q,35L,2
IF,DERBO,29.428333,61.283611, ,0.0,0.0,0,0,0,0,0,0,0,0
TF,ZD,29.471056,60.896111,0, ,0.0,0.0,0.0,0.0,0,0,0,0,0,0,0,0

STAR,LUDA1N,35L,2
IF,LUDAX,29.949444,60.683611, ,0.0,0.0,0,0,0,0,0,0,0,0
TF,D336O,29.718578,60.792656,0, ,0.0,0.0,0.0,0.0,0,0,0,0,0,0,0,0
TF,ZDN,29.486750,60.901583,0, ,0.0,0.0,0.0,0.0,0,0,0,0,0,0,0,0

STAR,LUDA1P,35L,2
IF,LUDAX,29.949444,60.683611, ,0.0,0.0,0,0,0,0,0,0,0,0
TF,D336O,29.718578,60.792656,0, ,0.0,0.0,0.0,0.0,0,0,0,0,0,0,0,0
TF,ZDN,29.486750,60.901583,0, ,0.0,0.0,0.0,0.0,0,0,0,0,0,0,0,0
TF,D168P,29.223461,60.954506,0, ,0.0,0.0,0.0,0.0,0,0,0,0,0,0,0,0

STAR,LUDA1Q,35L,2
IF,LUDAX,29.949444,60.683611, ,0.0,0.0,0,0,0,0,0,0,0,0
TF,ZD,29.471056,60.896111,0, ,0.0,0.0,0.0,0.0,0,0,0,0,0,0,0,0

STAR,PIRA1N,35L,2
IF,PIRAN,29.568611,61.135833, ,0.0,0.0,0,0,0,0,0,0,0,0
TF,ZDN,29.486750,60.901583,0, ,0.0,0.0,0.0,0.0,0,0,0,0,0,0,0,0

STAR,PIRA1P,35L,2
IF,PIRAN,29.568611,61.135833, ,0.0,0.0,0,0,0,0,0,0,0,0
TF,ZDN,29.486750,60.901583,0, ,0.0,0.0,0.0,0.0,0,0,0,0,0,0,0,0
TF,D168P,29.223461,60.954506,0, ,0.0,0.0,0.0,0.0,0,0,0,0,0,0,0,0

STAR,PIRA1Q,35L,2
IF,PIRAN,29.568611,61.135833, ,0.0,0.0,0,0,0,0,0,0,0,0
TF,ZD,29.471056,60.896111,0, ,0.0,0.0,0.0,0.0,0,0,0,0,0,0,0,0

APPTR,D35L,35L,D168P
IF,D168P,29.223461,60.954506, ,0.0,0.0,2,9500,0,0,0,0,1,0
CF,D168L,29.289286,60.941300,0,ZDN,168.0,12.0,348.0,4.0,2,7900,0,0,0,0,0,0
CF,CD35L,29.305742,60.937994,0,ZDN,168.0,11.0,348.0,1.0,2,7400,0,0,0,0,1,0

FINAL,D35L,35L,D,3
IF,CD35L,29.305742,60.937994,ZDN,168.0,11.0,2,7400,0,0,0,0,0,0
CF,FD35L,29.388019,60.921461,0,ZDN,168.0,6.0,348.0,5.0,2,6100,0,0,0,0,2,0
CF,MD35L,29.445611,60.909869,0,ZDN,168.0,2.5,348.0,3.5,1,4862,0,0,0,0,3,0
CF,ZDN,29.486750,60.901583,0,ZDN,0.0,0.0,348.0,2.5,2,4930,0,0,0,0,0,0
FA,ZDN,29.486750,60.901583,0,ZDN,0.0,0.0,330.0,2,6500,0,0,0,0,0,0
CF,ZDN,29.486750,60.901583,2,ZDN,0.0,0.0,220.0,4.0,0,0,0,0,0,0,0,1
CF,D168P,29.223461,60.954506,0,ZDN,168.0,16.0,168.0,16.0,1,9500,0,0,0,0,0,0
HM,D168P,29.223461,60.954506,1, ,0.0,0.0,348.0,04.3,0,0,0,1,230,0,0,0,0

APPTR,I35L1,35L,D170P
IF,D170P,29.222006,60.944025, ,0.0,0.0,2,9500,0,0,0,0,1,0
CF,CI35L,29.287919,60.931853,0,IZDN,170.8,12.7,350.0,4.0,2,7900,0,0,0,0,0,0

FINAL,I35L1,35L,I,3
IF,CI35L,29.287919,60.931853,IZDN,170.8,12.7,2,7900,0,0,0,0,0,0
CF,FI35L,29.378769,60.918850,0,IZDN,170.8,7.2,351.0,5.5,1,6220,0,0,0,0,2,0
CF,RW35L,29.458872,60.907369,0,IZDN,170.8,2.3,351.0,4.8,1,4578,0,0,0,0,3,0
CA,0,351.0,2,4930,0,0,0,0,0,0
FA,ZDN,29.486750,60.901583,0,ZDN,0.0,0.0,350.0,2,6500,0,0,0,0,0,0
DF,ZDN,29.486750,60.901583,2, ,0.0,0.0,0,0,0,0,0,0,0,0
CF,D170P,29.222006,60.944025,0,ZDN,170.0,16.0,170.0,16.0,1,9500,0,0,0,0,0,0
HM,D170P,29.222006,60.944025,1, ,0.0,0.0,350.0,04.3,0,0,0,1,230,0,0,0,0

APPTR,I35L2,35L,D168P
IF,D168P,29.223461,60.954506, ,0.0,0.0,2,9500,0,0,0,0,1,0
CF,CI35L,29.287919,60.931853,0,IZDN,170.8,12.7,348.0,4.0,2,7900,0,0,0,0,0,0

FINAL,I35L2,35L,I,3
IF,CI35L,29.287919,60.931853,IZDN,170.8,12.7,2,7900,0,0,0,0,0,0
CF,FI35L,29.378769,60.918850,0,IZDN,170.8,7.2,351.0,5.5,1,6220,0,0,0,0,2,0
CF,RW35L,29.458872,60.907369,0,IZDN,170.8,2.3,351.0,4.8,1,4578,0,0,0,0,3,0
CA,0,350.0,2,6500,0,0,0,0,0,0
DF,ZD,29.471056,60.896111,2, ,0.0,0.0,0,0,0,0,0,0,0,0
CF,D168P,29.223461,60.954506,0,ZDN,168.0,16.0,168.0,15.1,1,9500,0,0,0,0,0,0
HM,D168P,29.223461,60.954506,1, ,0.0,0.0,350.0,04.3,0,0,0,1,230,0,0,0,0

