SID,ARABA,01,2
CA,0,14.0,2,580,0,0,0,0,0,0
CF,AQC,29.902281,35.118997,0,AQB,13.6,20.0,14.0,17.0,2,7000,0,0,0,0,0,0
VI,0, ,0.0,56.0,0,0,0,0,0,0,0,0
IF,QATIM,29.933333,35.266667, ,0.0,0.0,0,0,0,0,0,0,0,0
TF,QTR,31.248447,36.059531,0, ,0.0,0.0,0.0,0.0,0,0,0,0,0,0,0,0

SID,LONO1J,01,5
DF,AQC01,29.902281,35.118997,0, ,0.0,0.0,2,6100,0,0,0,0,0,1
TF,LONOL,30.133500,35.583361,0, ,0.0,0.0,0.0,0.0,2,15000,0,0,0,0,0,0

SID,LONO1P,19,5
DF,GENUN,29.429064,34.954244,0, ,0.0,0.0,2,3700,0,0,0,0,0,1
DF,QATIM,29.933333,35.266667,1, ,0.0,0.0,2,12400,0,0,0,0,0,0
TF,LONOL,30.133500,35.583361,0, ,0.0,0.0,0.0,0.0,2,15000,0,0,0,0,0,0

SID,LOXU1J,01,5
DF,AQC01,29.902281,35.118997,0, ,0.0,0.0,2,6100,0,0,0,0,0,1
TF,LOXUS,30.216917,35.433528,0, ,0.0,0.0,0.0,0.0,2,15000,0,0,0,0,0,0

SID,LOXU1P,19,5
DF,GENUN,29.429064,34.954244,0, ,0.0,0.0,2,3700,0,0,0,0,0,1
DF,QATIM,29.933333,35.266667,1, ,0.0,0.0,2,12400,0,0,0,0,0,0
TF,LOXUS,30.216917,35.433528,0, ,0.0,0.0,0.0,0.0,2,15000,0,0,0,0,0,0

SID,METS1J,01,5
DF,AQC01,29.902281,35.118997,0, ,0.0,0.0,2,6100,0,0,0,0,0,1
DF,BAKIR,29.681389,35.118889,2, ,0.0,0.0,2,8000,0,1,230,0,0,0
TF,METSA,29.451944,34.984167,0, ,0.0,0.0,0.0,0.0,2,12000,0,0,0,0,0,0

SID,METS1P,19,5
DF,GENUN,29.429064,34.954244,0, ,0.0,0.0,2,3700,0,0,0,0,0,1
DF,IVATA,29.422200,35.232414,1, ,0.0,0.0,2,8000,0,0,0,0,0,0
TF,METSA,29.451944,34.984167,0, ,0.0,0.0,0.0,0.0,2,12000,0,0,0,0,0,0

SID,METSA,19,2
CA,0,194.0,2,5000,0,0,0,0,0,0
CF,D194G,29.471206,34.968347,0,AQB,194.1,7.0,194.0,3.0,0,0,0,1,210,0,0,1
DF,D090C,29.581339,35.070853,1, ,0.0,0.0,2,7000,0,0,0,0,0,0
TF,BAKIR,29.681389,35.118889,0, ,0.0,0.0,0.0,0.0,0,0,0,0,0,0,0,0
HA,BAKIR,29.681389,35.118889,1, ,0.0,0.0,222.0,04.3,2,8000,0,0,0,0,0,0,0
TF,METSA,29.451944,34.984167,0, ,0.0,0.0,0.0,0.0,2,12000,0,0,0,0,0,0

SID,PETRA,19,2
CA,0,194.0,2,5000,0,1,210,0,0,0
DF,D090C,29.581339,35.070853,1, ,0.0,0.0,2,7000,0,0,0,0,0,0
TF,BAKIR,29.681389,35.118889,0, ,0.0,0.0,0.0,0.0,0,0,0,0,0,0,0,0
TF,QATIM,29.933333,35.266667,0, ,0.0,0.0,0.0,0.0,0,0,0,0,0,0,0,0
TF,QTR,31.248447,36.059531,0, ,0.0,0.0,0.0,0.0,0,0,0,0,0,0,0,0

SID,RAHMA,01,2
CA,0,14.0,2,580,0,0,0,0,0,0
CF,AQC,29.902281,35.118997,0,AQB,13.6,20.0,14.0,17.0,2,7000,0,0,0,0,0,1
DF,BAKIR,29.681389,35.118889,2, ,0.0,0.0,0,0,0,0,0,0,0,0
TF,METSA,29.451944,34.984167,0, ,0.0,0.0,0.0,0.0,2,12000,0,0,0,0,0,0

SID,TAMI1J,01,5
DF,AQC01,29.902281,35.118997,0, ,0.0,0.0,2,6100,0,0,0,0,0,1
DF,BAKIR,29.681389,35.118889,2, ,0.0,0.0,2,8000,0,1,230,0,0,0
TF,ELETA,29.533556,35.483361,0, ,0.0,0.0,0.0,0.0,2,25000,0,0,0,0,0,0
TF,TAMIM,29.611111,35.811111,0, ,0.0,0.0,0.0,0.0,2,25000,0,0,0,0,0,0

SID,TAMI1P,19,5
DF,GENUN,29.429064,34.954244,0, ,0.0,0.0,2,3700,0,0,0,0,0,1
DF,IVATA,29.422200,35.232414,1, ,0.0,0.0,2,8000,0,0,0,0,0,0
TF,ELETA,29.533556,35.483361,0, ,0.0,0.0,0.0,0.0,2,25000,0,0,0,0,0,0
TF,TAMIM,29.611111,35.811111,0, ,0.0,0.0,0.0,0.0,2,25000,0,0,0,0,0,0

STAR,LONO1H,01,5
IF,LONOL,30.133500,35.583361, ,0.0,0.0,2,25000,0,0,0,0,0,0
TF,QATIM,29.933333,35.266667,0, ,0.0,0.0,0.0,0.0,2,16000,0,1,250,0,0,0
TF,LOXAL,29.394786,35.081961,0, ,0.0,0.0,0.0,0.0,2,6500,0,0,0,0,0,0

STAR,LONO1Q,19,5
IF,LONOL,30.133500,35.583361, ,0.0,0.0,2,25000,0,0,0,0,0,0
TF,QATIM,29.933333,35.266667,0, ,0.0,0.0,0.0,0.0,2,8000,0,0,0,0,0,0

STAR,LOXU1H,01,5
IF,LOXUS,30.216917,35.433528, ,0.0,0.0,2,16000,0,0,0,0,0,0
TF,QATIM,29.933333,35.266667,0, ,0.0,0.0,0.0,0.0,2,16000,0,1,250,0,0,0
TF,LOXAL,29.394786,35.081961,0, ,0.0,0.0,0.0,0.0,2,6500,0,0,0,0,0,0

STAR,LOXU1Q,19,5
IF,LOXUS,30.216917,35.433528, ,0.0,0.0,2,16000,0,0,0,0,0,0
TF,QATIM,29.933333,35.266667,0, ,0.0,0.0,0.0,0.0,2,8000,0,0,0,0,0,0

STAR,METS1H,01,5
IF,METSA,29.451944,34.984167, ,0.0,0.0,2,13000,0,0,0,0,0,0
TF,BAKIR,29.681389,35.118889,0, ,0.0,0.0,0.0,0.0,2,8000,0,0,0,0,0,1
DF,LOXAL,29.394786,35.081961,2, ,0.0,0.0,2,6500,0,0,0,0,0,0

STAR,METS1Q,19,5
IF,METSA,29.451944,34.984167, ,0.0,0.0,2,13000,0,0,0,0,0,0
TF,QATIM,29.933333,35.266667,0, ,0.0,0.0,0.0,0.0,2,8000,0,0,0,0,0,0

STAR,TAMI1H,01,5
IF,TAMIM,29.611111,35.811111, ,0.0,0.0,2,25000,0,0,0,0,0,0
TF,ELETA,29.533556,35.483361,0, ,0.0,0.0,0.0,0.0,2,25000,0,0,0,0,0,0
TF,LOXAL,29.394786,35.081961,0, ,0.0,0.0,0.0,0.0,2,6500,0,0,0,0,0,0

STAR,TAMI1Q,19,5
IF,TAMIM,29.611111,35.811111, ,0.0,0.0,2,25000,0,0,0,0,0,0
TF,ELETA,29.533556,35.483361,0, ,0.0,0.0,0.0,0.0,2,25000,0,1,250,0,0,0
TF,QATIM,29.933333,35.266667,0, ,0.0,0.0,0.0,0.0,2,8000,0,0,0,0,0,0

APPTR,I01,01,BAKIR
IF,BAKIR,29.681389,35.118889, ,0.0,0.0,2,8000,0,1,180,0,0,0
TF,AQB,29.582928,35.008028,0, ,0.0,0.0,0.0,0.0,2,6300,0,0,0,0,0,0
FD,AQB,29.582928,35.008028,0,AQB,0.0,5.0,194.0,5.0,2,5000,0,0,0,0,0,0
CF,D194H,29.455122,34.963433,0,AQB,193.8,8.0,194.0,3.0,2,4000,0,0,0,0,0,0
FC,D194H,29.455122,34.963433,0,AQB,0.0,0.0,149.0,3.5,2,4000,0,0,0,0,0,1
CF,CI01,29.403342,34.945394,2,IAQA,193.0,14.0,13.0,2.0,2,3200,0,0,0,0,0,0

FINAL,I01,01,I,3
IF,CI01,29.403342,34.945394,IAQA,193.0,14.0,1,3200,0,1,180,0,0,0
CF,FI01,29.539183,34.992756,0,IAQA,193.0,5.5,13.0,8.5,1,1200,0,0,0,0,2,0
CF,RW01,29.598056,35.013325,0,IAQA,193.0,1.8,13.0,3.7,1,221,0,0,0,0,3,0
CA,0,13.0,2,6300,0,0,0,0,0,0
DF,BAKIR,29.681389,35.118889,2, ,0.0,0.0,1,8000,0,1,180,0,0,0
HM,BAKIR,29.681389,35.118889,1, ,0.0,0.0,222.0,04.3,0,0,0,1,180,0,0,0,0

APPTR,I19,19,AQC
IF,AQC,29.902281,35.118997, ,0.0,0.0,2,7000,0,1,185,0,1,0
HF,AQC,29.902281,35.118997,1, ,0.0,0.0,193.0,04.3,2,6000,0,0,0,0,0,0,0

FINAL,I19,19,I,3
IF,AQC,29.902281,35.118997,IKHA,12.8,19.2,2,5200,0,0,0,0,0,0
CF,MUVON,29.781667,35.077778,0,IKHA,13.0,11.7,193.0,7.5,1,3400,0,0,0,0,2,0
CF,RW19,29.623961,35.022386,0,IKHA,13.0,1.8,193.0,9.9,1,168,0,0,0,0,3,0
CF,AQB,29.582928,35.008028,0,AQB,0.0,0.0,193.0,2.6,2,580,0,0,0,0,0,0
CF,KIVAR,29.391944,34.941389,0,AQB,193.8,12.0,193.0,12.0,2,2650,0,0,0,0,0,1
VI,1, ,0.0,328.0,0,0,0,0,0,0,0,0
CF,AQB,29.582928,35.008028,0,AQB,0.0,0.0,13.0,10.0,0,0,0,0,0,0,0,1
DF,AQC,29.902281,35.118997,0, ,0.0,0.0,1,7000,0,1,185,0,0,0

APPTR,R01,01,LOXAL
IF,LOXAL,29.394786,35.081961, ,0.0,0.0,2,6500,0,1,180,0,1,0
TF,KEDET,29.409492,35.027236,0, ,0.0,0.0,0.0,0.0,2,5210,0,0,0,0,0,0
TF,GENUN,29.429064,34.954244,0, ,0.0,0.0,0.0,0.0,2,3500,0,0,0,0,1,0

FINAL,R01,01,R,4
IF,GENUN,29.429064,34.954244, ,0.0,0.0,2,3500,0,1,180,0,0,0
TF,AQ010,29.503933,34.980408,0, ,0.0,0.0,13.0,4.7,2,2100,0,0,0,0,2,0
TF,AQ011,29.543881,34.994372,0, ,0.0,0.0,13.0,2.5,2,1310,0,0,0,0,0,0
TF,RW01,29.598056,35.013325,0, ,0.0,0.0,13.0,3.4,1,224,0,0,0,0,3,1
TF,DAVOS,29.735256,35.039553,0, ,0.0,0.0,0.0,0.0,2,1600,0,0,0,0,0,0
TF,IMSEK,30.094281,35.172236,0, ,0.0,0.0,0.0,0.0,2,5100,0,0,0,0,0,1
DF,BAKIR,29.681389,35.118889,2, ,0.0,0.0,2,8000,0,1,180,0,0,1
HM,BAKIR,29.681389,35.118889,1, ,0.0,0.0,196.0,04,0,0,0,1,180,0,0,0,0

APPTR,R19,19,QATIM
IF,QATIM,29.933333,35.266667, ,0.0,0.0,2,8000,0,1,180,0,1,0
TF,GERAV,29.894183,35.178631,0, ,0.0,0.0,0.0,0.0,2,6350,0,0,0,0,0,0
TF,NALBO,29.855081,35.090569,0, ,0.0,0.0,0.0,0.0,2,4700,0,0,0,0,1,0

FINAL,R19,19,R,6
IF,NALBO,29.855081,35.090569, ,0.0,0.0,2,4700,0,1,180,0,0,0
TF,AQ192,29.815108,35.076722,0, ,0.0,0.0,193.0,2.5,2,3900,0,0,0,0,0,0
TF,AQ190,29.738722,35.050294,0, ,0.0,0.0,193.0,4.8,2,2400,0,0,0,0,2,0
TF,AQ194,29.707919,35.042797,0, ,0.0,0.0,188.0,1.9,2,1800,0,0,0,0,0,0
TF,AQ195,29.665836,35.032556,0, ,0.0,0.0,188.0,2.6,2,980,0,0,0,0,0,0
TF,AQ196,29.644250,35.027311,0, ,0.0,0.0,188.0,1.3,1,559,0,0,0,0,3,1
TF,GENUN,29.429064,34.954244,0, ,0.0,0.0,0.0,0.0,2,4100,0,0,0,0,0,0
TF,LOXAL,29.394786,35.081961,0, ,0.0,0.0,0.0,0.0,2,5100,0,0,0,0,0,0
TF,QATIM,29.933333,35.266667,0, ,0.0,0.0,0.0,0.0,2,8000,0,1,180,0,0,1
HM,QATIM,29.933333,35.266667,2, ,0.0,0.0,239.0,04,0,0,0,1,180,0,0,0,0

