SID,ALFA13,13L,2
VA,0,126.0,2,3000,0,0,0,0,0,0
VM,0,0,0,126.0,0,0,0,0,0,0,0,0

SID,ALFA13,13R,2
VA,0,126.0,2,3000,0,0,0,0,0,0
VM,0,0,0,126.0,0,0,0,0,0,0,0,0

SID,ALFA31,31L,2
VA,0,306.0,2,3000,0,0,0,0,0,0
VM,0,0,0,306.0,0,0,0,0,0,0,0,0

SID,ALFA31,31R,2
VA,0,306.0,2,3000,0,0,0,0,0,0
VM,0,0,0,306.0,0,0,0,0,0,0,0,0

SID,ATUD3F,13L,5
CA,0,126.0,2,500,0,0,0,0,0,0
CF,AA836,24.402083,54.911528,0,ADV,92.4,13.1,97.0,13.0,2,4000,0,1,230,0,0,0
TF,PATAM,24.496556,54.925472,1, ,0.0,0.0,0.0,0.0,4,7000,5000,0,0,0,0,0
TF,UKPAP,24.617167,54.876889,0, ,0.0,0.0,0.0,0.0,3,8000,0,1,230,0,0,0
TF,LONUP,24.602444,54.767861,0, ,0.0,0.0,0.0,0.0,2,9000,0,1,250,0,0,0
TF,AA832,24.401944,54.646083,0, ,0.0,0.0,0.0,0.0,0,0,0,0,0,0,0,0
TF,ATUDO,24.285556,54.575556,0, ,0.0,0.0,0.0,0.0,2,12000,0,0,0,0,0,0

SID,ATUD3G,13R,5
CF,ITKOV,24.288417,54.854528,0,ADV,126.1,12.6,126.0,14.0,2,4000,0,0,0,0,0,0
TF,AA839,24.257361,54.898083,0, ,0.0,0.0,0.0,0.0,2,5000,0,1,230,0,0,0
TF,PEGEB,24.322611,54.955083,0, ,0.0,0.0,0.0,0.0,0,0,0,1,230,0,0,0
TF,AA842,24.405444,54.838889,0, ,0.0,0.0,0.0,0.0,3,7000,0,0,0,0,0,0
TF,AA832,24.401944,54.646083,0, ,0.0,0.0,0.0,0.0,0,0,0,0,0,0,0,0
TF,ATUDO,24.285556,54.575556,0, ,0.0,0.0,0.0,0.0,2,12000,0,0,0,0,0,0

SID,ATUD3K,31L,5
CF,AA820,24.524222,54.522583,0,ADV,305.4,10.4,306.0,9.0,0,0,0,0,0,0,0,0
TF,OBTOL,24.606083,54.406778,0, ,0.0,0.0,0.0,0.0,2,5000,0,0,0,0,0,0
TF,OBMUK,24.734194,54.491778,0, ,0.0,0.0,0.0,0.0,2,7500,0,0,0,0,0,0
TF,AA824,24.768278,54.576611,2, ,0.0,0.0,0.0,0.0,3,9000,0,1,230,0,0,0
TF,MURSU,24.805639,54.669889,0, ,0.0,0.0,0.0,0.0,0,0,0,0,0,0,0,0
TF,ITLIV,24.751472,54.822694,0, ,0.0,0.0,0.0,0.0,2,11000,0,1,250,0,0,0
TF,LONUP,24.602444,54.767861,0, ,0.0,0.0,0.0,0.0,2,12000,0,0,0,0,0,0
TF,ATUDO,24.285556,54.575556,0, ,0.0,0.0,0.0,0.0,0,0,0,0,0,0,0,0

SID,ATUD3P,31R,5
CA,0,306.0,2,570,0,0,0,0,0,0
CF,TADBU,24.619806,54.569083,0,ADV,332.6,13.3,338.0,9.0,2,3500,0,0,0,0,0,0
TF,MURSU,24.805639,54.669889,0, ,0.0,0.0,0.0,0.0,3,9000,0,0,0,0,0,0
TF,ITLIV,24.751472,54.822694,0, ,0.0,0.0,0.0,0.0,2,9000,0,1,230,0,0,0
TF,LONUP,24.602444,54.767861,0, ,0.0,0.0,0.0,0.0,2,10000,0,0,0,0,0,0
TF,ATUDO,24.285556,54.575556,0, ,0.0,0.0,0.0,0.0,2,12000,0,0,0,0,0,0

SID,BOSE1F,13L,5
CA,0,126.0,2,500,0,0,0,0,0,0
CF,ULALA,24.409000,54.855528,0,ADV,91.4,10.0,97.0,10.0,0,0,0,1,230,0,0,0
TF,AA834,24.366667,54.912028,0, ,0.0,0.0,0.0,0.0,4,7000,4500,0,0,0,0,0
TF,ITKOV,24.288417,54.854528,0, ,0.0,0.0,0.0,0.0,2,6000,0,0,0,0,0,0
TF,VEGIR,24.196750,54.776778,0, ,0.0,0.0,0.0,0.0,0,0,0,1,230,0,0,0
TF,RUKOS,24.390194,54.505222,0, ,0.0,0.0,0.0,0.0,3,7000,0,0,0,0,0,0
TF,EGSUP,24.365278,54.360917,0, ,0.0,0.0,0.0,0.0,2,9000,0,0,0,0,0,0
TF,MUSUL,24.679944,54.250833,0, ,0.0,0.0,0.0,0.0,2,13000,0,0,0,0,0,0
TF,BOSEV,24.837028,54.080222,0, ,0.0,0.0,0.0,0.0,2,15000,0,0,0,0,0,0

SID,BOSE1G,13R,5
CF,ITKOV,24.288417,54.854528,0,ADV,126.1,12.6,126.0,14.0,2,4000,0,0,0,0,0,0
TF,VEGIR,24.196750,54.776778,0, ,0.0,0.0,0.0,0.0,0,0,0,1,230,0,0,0
TF,RUKOS,24.390194,54.505222,0, ,0.0,0.0,0.0,0.0,3,7000,0,0,0,0,0,0
TF,EGSUP,24.365278,54.360917,0, ,0.0,0.0,0.0,0.0,2,9000,0,0,0,0,0,0
TF,MUSUL,24.679944,54.250833,0, ,0.0,0.0,0.0,0.0,2,13000,0,0,0,0,0,0
TF,BOSEV,24.837028,54.080222,0, ,0.0,0.0,0.0,0.0,2,15000,0,0,0,0,0,0

SID,BOSE1K,31L,5
CF,AA820,24.524222,54.522583,0,ADV,305.4,10.4,306.0,8.0,0,0,0,0,0,0,0,0
TF,OBTOL,24.606083,54.406778,0, ,0.0,0.0,0.0,0.0,2,5000,0,0,0,0,0,0
TF,PUXUT,24.636972,54.363194,0, ,0.0,0.0,0.0,0.0,3,9000,0,1,250,0,0,0
TF,BOSEV,24.837028,54.080222,0, ,0.0,0.0,0.0,0.0,2,10000,0,0,0,0,0,0

SID,BOSE1P,31R,5
CA,0,306.0,2,570,0,0,0,0,0,0
CF,TADBU,24.619806,54.569083,0,ADV,332.6,13.3,338.0,9.0,2,3500,0,1,230,0,0,0
TF,LOSID,24.670722,54.496611,0, ,0.0,0.0,0.0,0.0,2,5000,0,0,0,0,0,0
TF,BOSEV,24.837028,54.080222,0, ,0.0,0.0,0.0,0.0,2,10000,0,0,0,0,0,0

SID,DAXI1F,13L,5
CA,0,126.0,2,500,0,0,0,0,0,0
CF,AA836,24.402083,54.911528,0,ADV,92.4,13.1,97.0,13.0,2,4000,0,1,230,0,0,0
TF,PATAM,24.496556,54.925472,1, ,0.0,0.0,0.0,0.0,4,7000,5000,0,0,0,0,0
TF,UKPAP,24.617167,54.876889,0, ,0.0,0.0,0.0,0.0,3,8000,0,0,0,0,0,0
TF,ITLIV,24.751472,54.822694,0, ,0.0,0.0,0.0,0.0,2,9500,0,0,0,0,0,0
TF,MURSU,24.805639,54.669889,0, ,0.0,0.0,0.0,0.0,2,12000,0,0,0,0,0,0
TF,DAXIB,24.912917,54.150306,0, ,0.0,0.0,0.0,0.0,2,15000,0,0,0,0,0,0

SID,DAXI1G,13R,5
CF,ITKOV,24.288417,54.854528,0,ADV,126.1,12.6,126.0,14.0,2,4000,0,0,0,0,0,0
TF,AA839,24.257361,54.898083,0, ,0.0,0.0,0.0,0.0,2,5000,0,1,230,0,0,0
TF,PEGEB,24.322611,54.955083,0, ,0.0,0.0,0.0,0.0,0,0,0,1,230,0,0,0
TF,PATAM,24.496556,54.925472,0, ,0.0,0.0,0.0,0.0,4,7000,5000,0,0,0,0,0
TF,UKPAP,24.617167,54.876889,0, ,0.0,0.0,0.0,0.0,3,8000,0,0,0,0,0,0
TF,ITLIV,24.751472,54.822694,0, ,0.0,0.0,0.0,0.0,2,9500,0,0,0,0,0,0
TF,MURSU,24.805639,54.669889,0, ,0.0,0.0,0.0,0.0,2,12000,0,0,0,0,0,0
TF,DAXIB,24.912917,54.150306,0, ,0.0,0.0,0.0,0.0,2,15000,0,0,0,0,0,0

SID,DAXI1K,31L,5
CF,AA820,24.524222,54.522583,0,ADV,305.4,10.4,306.0,8.0,0,0,0,0,0,0,0,0
TF,OBTOL,24.606083,54.406778,0, ,0.0,0.0,0.0,0.0,2,5000,0,0,0,0,0,0
TF,PUXUT,24.636972,54.363194,0, ,0.0,0.0,0.0,0.0,3,9000,0,1,250,0,0,0
TF,DAXIB,24.912917,54.150306,0, ,0.0,0.0,0.0,0.0,2,10000,0,0,0,0,0,0

SID,DAXI1P,31R,5
CA,0,306.0,2,570,0,0,0,0,0,0
CF,TADBU,24.619806,54.569083,0,ADV,332.6,13.3,338.0,9.0,2,3500,0,1,230,0,0,0
TF,LOSID,24.670722,54.496611,0, ,0.0,0.0,0.0,0.0,2,5000,0,0,0,0,0,0
TF,DAXIB,24.912917,54.150306,0, ,0.0,0.0,0.0,0.0,2,10000,0,0,0,0,0,0

SID,KANI1N,31R,5
CA,0,306.0,2,570,0,0,0,0,0,0
CF,TADBU,24.619806,54.569083,0,ADV,332.6,13.3,338.0,9.0,2,3500,0,0,0,0,0,0
TF,MURSU,24.805639,54.669889,0, ,0.0,0.0,0.0,0.0,3,9000,0,0,0,0,0,0
TF,ITLIV,24.751472,54.822694,0, ,0.0,0.0,0.0,0.0,2,9000,0,1,230,0,0,0
TF,LONUP,24.602444,54.767861,0, ,0.0,0.0,0.0,0.0,2,10000,0,0,0,0,0,0
TF,AA827,24.554389,54.818694,0, ,0.0,0.0,0.0,0.0,2,11000,0,0,0,0,0,0
TF,IMTUP,24.322861,55.062583,0, ,0.0,0.0,0.0,0.0,2,15000,0,0,0,0,0,0
TF,KANIP,24.177778,55.345000,0, ,0.0,0.0,0.0,0.0,0,0,0,0,0,0,0,0

SID,KANI1U,31L,5
CF,AA820,24.524222,54.522583,0,ADV,305.4,10.4,306.0,8.0,0,0,0,0,0,0,0,0
TF,OBTOL,24.606083,54.406778,0, ,0.0,0.0,0.0,0.0,2,5000,0,0,0,0,0,0
TF,OBMUK,24.734194,54.491778,0, ,0.0,0.0,0.0,0.0,2,7500,0,0,0,0,0,0
TF,AA824,24.768278,54.576611,0, ,0.0,0.0,0.0,0.0,3,9000,0,1,230,0,0,0
TF,MURSU,24.805639,54.669889,0, ,0.0,0.0,0.0,0.0,0,0,0,0,0,0,0,0
TF,ITLIV,24.751472,54.822694,0, ,0.0,0.0,0.0,0.0,2,11000,0,1,250,0,0,0
TF,LONUP,24.602444,54.767861,0, ,0.0,0.0,0.0,0.0,2,12000,0,0,0,0,0,0
TF,IMTUP,24.322861,55.062583,0, ,0.0,0.0,0.0,0.0,2,15000,0,0,0,0,0,0
TF,KANIP,24.177778,55.345000,0, ,0.0,0.0,0.0,0.0,0,0,0,0,0,0,0,0

SID,KANI3F,13L,5
CA,0,126.0,2,500,0,0,0,0,0,0
CF,ULALA,24.409000,54.855528,0,ADV,91.4,10.0,97.0,10.0,0,0,0,0,0,0,0,0
TF,AA834,24.366667,54.912028,0, ,0.0,0.0,0.0,0.0,4,7000,4500,1,230,0,0,0
TF,KANIP,24.177778,55.345000,0, ,0.0,0.0,0.0,0.0,2,11000,0,0,0,0,0,0

SID,KANI3G,13R,5
CF,ITKOV,24.288417,54.854528,0,ADV,126.1,12.6,126.0,14.0,2,4000,0,0,0,0,0,0
TF,AA839,24.257361,54.898083,0, ,0.0,0.0,0.0,0.0,2,5000,0,1,230,0,0,0
TF,ITREN,24.206333,54.969472,0, ,0.0,0.0,0.0,0.0,3,7000,0,1,230,0,0,0
TF,KANIP,24.177778,55.345000,0, ,0.0,0.0,0.0,0.0,2,11000,0,0,0,0,0,0

SID,KANI3K,31L,5
CF,AA820,24.524222,54.522583,0,ADV,305.4,10.4,306.0,9.0,0,0,0,1,220,0,0,0
TF,AA441,24.615278,54.603611,2, ,0.0,0.0,0.0,0.0,2,4400,0,1,220,0,0,0
TF,AA442,24.500556,54.765278,0, ,0.0,0.0,0.0,0.0,0,0,0,0,0,0,0,0
TF,EMATI,24.391944,54.918056,0, ,0.0,0.0,0.0,0.0,0,0,0,0,0,0,0,0
TF,IMTUP,24.322861,55.062583,0, ,0.0,0.0,0.0,0.0,2,15000,0,0,0,0,0,0
TF,KANIP,24.177778,55.345000,0, ,0.0,0.0,0.0,0.0,0,0,0,0,0,0,0,0

SID,KANI3P,31R,5
CF,AA432,24.536667,54.537222,0,ADV,311.4,10.3,306.0,6.8,2,2200,0,1,220,0,0,0
TF,AA441,24.615278,54.603611,0, ,0.0,0.0,0.0,0.0,2,4000,0,1,220,0,0,0
TF,AA442,24.500556,54.765278,0, ,0.0,0.0,0.0,0.0,0,0,0,0,0,0,0,0
TF,EMATI,24.391944,54.918056,0, ,0.0,0.0,0.0,0.0,0,0,0,0,0,0,0,0
TF,IMTUP,24.322861,55.062583,0, ,0.0,0.0,0.0,0.0,2,15000,0,0,0,0,0,0
TF,KANIP,24.177778,55.345000,0, ,0.0,0.0,0.0,0.0,0,0,0,0,0,0,0,0

SID,LORI1F,13L,5
CA,0,126.0,2,500,0,0,0,0,0,0
CF,AA836,24.402083,54.911528,0,ADV,92.4,13.1,97.0,13.0,2,4000,0,1,230,0,0,0
TF,PATAM,24.496556,54.925472,1, ,0.0,0.0,0.0,0.0,4,7000,5000,0,0,0,0,0
TF,UKPAP,24.617167,54.876889,0, ,0.0,0.0,0.0,0.0,3,8000,0,0,0,0,0,0
TF,ITLIV,24.751472,54.822694,0, ,0.0,0.0,0.0,0.0,0,0,0,0,0,0,0,0
TF,MURSU,24.805639,54.669889,0, ,0.0,0.0,0.0,0.0,0,0,0,0,0,0,0,0
TF,LORID,24.931250,54.651139,0, ,0.0,0.0,0.0,0.0,0,0,0,0,0,0,0,0

SID,LORI1G,13R,5
CF,ITKOV,24.288417,54.854528,0,ADV,126.1,12.6,126.0,14.0,2,4000,0,0,0,0,0,0
TF,AA839,24.257361,54.898083,0, ,0.0,0.0,0.0,0.0,2,5000,0,1,230,0,0,0
TF,PEGEB,24.322611,54.955083,0, ,0.0,0.0,0.0,0.0,0,0,0,1,230,0,0,0
TF,PATAM,24.496556,54.925472,0, ,0.0,0.0,0.0,0.0,4,7000,5000,0,0,0,0,0
TF,UKPAP,24.617167,54.876889,0, ,0.0,0.0,0.0,0.0,3,8000,0,0,0,0,0,0
TF,ITLIV,24.751472,54.822694,0, ,0.0,0.0,0.0,0.0,0,0,0,0,0,0,0,0
TF,MURSU,24.805639,54.669889,0, ,0.0,0.0,0.0,0.0,0,0,0,0,0,0,0,0
TF,LORID,24.931250,54.651139,0, ,0.0,0.0,0.0,0.0,0,0,0,0,0,0,0,0

SID,LORI1K,31L,5
CF,AA820,24.524222,54.522583,0,ADV,305.4,10.4,306.0,8.0,0,0,0,0,0,0,0,0
TF,OBTOL,24.606083,54.406778,0, ,0.0,0.0,0.0,0.0,2,5000,0,0,0,0,0,0
TF,OBMUK,24.734194,54.491778,0, ,0.0,0.0,0.0,0.0,2,7500,0,0,0,0,0,0
TF,AA824,24.768278,54.576611,0, ,0.0,0.0,0.0,0.0,3,9000,0,1,230,0,0,0
TF,MURSU,24.805639,54.669889,0, ,0.0,0.0,0.0,0.0,0,0,0,0,0,0,0,0
TF,LORID,24.931250,54.651139,0, ,0.0,0.0,0.0,0.0,0,0,0,0,0,0,0,0

SID,LORI1P,31R,5
CA,0,306.0,2,570,0,0,0,0,0,0
CF,TADBU,24.619806,54.569083,0,ADV,332.6,13.3,338.0,9.0,2,3500,0,1,230,0,0,0
TF,MURSU,24.805639,54.669889,0, ,0.0,0.0,0.0,0.0,3,9000,0,0,0,0,0,0
TF,LORID,24.931250,54.651139,0, ,0.0,0.0,0.0,0.0,0,0,0,0,0,0,0,0

SID,MEKR1F,13L,5
CA,0,126.0,2,500,0,0,0,0,0,0
CF,ULALA,24.409000,54.855528,0,ADV,91.4,10.0,97.0,10.0,0,0,0,1,230,0,0,0
TF,AA834,24.366667,54.912028,0, ,0.0,0.0,0.0,0.0,4,7000,4500,0,0,0,0,0
TF,ITKOV,24.288417,54.854528,0, ,0.0,0.0,0.0,0.0,2,6000,0,0,0,0,0,0
TF,VEGIR,24.196750,54.776778,0, ,0.0,0.0,0.0,0.0,0,0,0,1,230,0,0,0
TF,RUKOS,24.390194,54.505222,0, ,0.0,0.0,0.0,0.0,3,7000,0,0,0,0,0,0
TF,EGSUP,24.365278,54.360917,0, ,0.0,0.0,0.0,0.0,2,9000,0,0,0,0,0,0
TF,LAGVU,24.484917,54.089667,0, ,0.0,0.0,0.0,0.0,2,11000,0,0,0,0,0,0
TF,MEKRI,24.523000,53.916667,0, ,0.0,0.0,0.0,0.0,0,0,0,0,0,0,0,0

SID,MEKR1G,13R,5
CF,ITKOV,24.288417,54.854528,0,ADV,126.1,12.6,126.0,14.0,2,4000,0,0,0,0,0,0
TF,VEGIR,24.196750,54.776778,0, ,0.0,0.0,0.0,0.0,0,0,0,1,230,0,0,0
TF,RUKOS,24.390194,54.505222,0, ,0.0,0.0,0.0,0.0,3,7000,0,0,0,0,0,0
TF,EGSUP,24.365278,54.360917,0, ,0.0,0.0,0.0,0.0,2,9000,0,0,0,0,0,0
TF,LAGVU,24.484917,54.089667,0, ,0.0,0.0,0.0,0.0,2,11000,0,0,0,0,0,0
TF,MEKRI,24.523000,53.916667,0, ,0.0,0.0,0.0,0.0,0,0,0,0,0,0,0,0

SID,MEKR1K,31L,5
CF,AA820,24.524222,54.522583,0,ADV,305.4,10.4,306.0,8.0,0,0,0,0,0,0,0,0
TF,MEPDO,24.526389,54.449528,0, ,0.0,0.0,0.0,0.0,2,4000,0,1,250,0,0,0
TF,AA822,24.529056,54.358250,0, ,0.0,0.0,0.0,0.0,3,7000,0,0,0,0,0,0
TF,ORPEP,24.533722,54.192944,0, ,0.0,0.0,0.0,0.0,0,0,0,0,0,0,0,0
TF,AA823,24.528417,54.054806,0, ,0.0,0.0,0.0,0.0,3,10000,0,0,0,0,0,0
TF,MEKRI,24.523000,53.916667,0, ,0.0,0.0,0.0,0.0,2,11000,0,0,0,0,0,0

SID,MEKR1P,31R,5
CA,0,306.0,2,570,0,0,0,0,0,0
CF,TADBU,24.619806,54.569083,0,ADV,332.6,13.3,338.0,9.0,2,3500,0,1,230,0,0,0
TF,LOSID,24.670722,54.496611,0, ,0.0,0.0,0.0,0.0,2,5000,0,0,0,0,0,0
TF,PUXUT,24.636972,54.363194,0, ,0.0,0.0,0.0,0.0,3,9000,0,0,0,0,0,0
TF,AA826,24.570944,54.103778,0, ,0.0,0.0,0.0,0.0,3,10000,0,0,0,0,0,0
TF,MEKRI,24.523000,53.916667,0, ,0.0,0.0,0.0,0.0,2,11000,0,0,0,0,0,0

SID,ORNE1F,13L,5
CA,0,126.0,2,500,0,0,0,0,0,0
CF,ULALA,24.409000,54.855528,0,ADV,91.4,10.0,97.0,10.0,0,0,0,0,0,0,0,0
TF,AA834,24.366667,54.912028,0, ,0.0,0.0,0.0,0.0,4,7000,4500,1,230,0,0,0
TF,ORNEL,24.053250,55.328361,0, ,0.0,0.0,0.0,0.0,2,11000,0,0,0,0,0,0

SID,ORNE1G,13R,5
CF,ITKOV,24.288417,54.854528,0,ADV,126.1,12.6,126.0,14.0,2,4000,0,0,0,0,0,0
TF,AA839,24.257361,54.898083,0, ,0.0,0.0,0.0,0.0,2,5000,0,1,230,0,0,0
TF,ITREN,24.206333,54.969472,0, ,0.0,0.0,0.0,0.0,3,7000,0,1,230,0,0,0
TF,ORNEL,24.053250,55.328361,0, ,0.0,0.0,0.0,0.0,2,11000,0,0,0,0,0,0

SID,ORNE1K,31L,5
CF,AA820,24.524222,54.522583,0,ADV,305.4,10.4,306.0,8.0,0,0,0,0,0,0,0,0
TF,OBTOL,24.606083,54.406778,0, ,0.0,0.0,0.0,0.0,2,5000,0,0,0,0,0,0
TF,OBMUK,24.734194,54.491778,0, ,0.0,0.0,0.0,0.0,2,7500,0,0,0,0,0,0
TF,AA824,24.768278,54.576611,0, ,0.0,0.0,0.0,0.0,3,9000,0,1,230,0,0,0
TF,MURSU,24.805639,54.669889,0, ,0.0,0.0,0.0,0.0,0,0,0,0,0,0,0,0
TF,ITLIV,24.751472,54.822694,0, ,0.0,0.0,0.0,0.0,2,11000,0,1,250,0,0,0
TF,LONUP,24.602444,54.767861,0, ,0.0,0.0,0.0,0.0,2,12000,0,0,0,0,0,0
TF,IMTUP,24.322861,55.062583,0, ,0.0,0.0,0.0,0.0,2,15000,0,0,0,0,0,0
TF,AA817,24.132028,55.250889,0, ,0.0,0.0,0.0,0.0,0,0,0,0,0,0,0,0
TF,ORNEL,24.053250,55.328361,0, ,0.0,0.0,0.0,0.0,0,0,0,0,0,0,0,0

SID,ORNE1P,31R,5
CA,0,306.0,2,570,0,0,0,0,0,0
CF,TADBU,24.619806,54.569083,0,ADV,332.6,13.3,338.0,9.0,2,3500,0,0,0,0,0,0
TF,MURSU,24.805639,54.669889,0, ,0.0,0.0,0.0,0.0,3,9000,0,0,0,0,0,0
TF,ITLIV,24.751472,54.822694,0, ,0.0,0.0,0.0,0.0,2,9000,0,1,230,0,0,0
TF,LONUP,24.602444,54.767861,0, ,0.0,0.0,0.0,0.0,2,10000,0,0,0,0,0,0
TF,AA827,24.554389,54.818694,0, ,0.0,0.0,0.0,0.0,2,11000,0,0,0,0,0,0
TF,IMTUP,24.322861,55.062583,0, ,0.0,0.0,0.0,0.0,2,15000,0,0,0,0,0,0
TF,AA817,24.132028,55.250889,0, ,0.0,0.0,0.0,0.0,0,0,0,0,0,0,0,0
TF,ORNEL,24.053250,55.328361,0, ,0.0,0.0,0.0,0.0,0,0,0,0,0,0,0,0

SID,TULO1F,13L,5
CA,0,126.0,2,500,0,0,0,0,0,0
CF,AA836,24.402083,54.911528,0,ADV,92.4,13.1,97.0,13.0,2,4000,0,1,230,0,0,0
TF,PATAM,24.496556,54.925472,1, ,0.0,0.0,0.0,0.0,4,7000,5000,0,0,0,0,0
TF,UKPAP,24.617167,54.876889,0, ,0.0,0.0,0.0,0.0,3,8000,0,0,0,0,0,0
TF,ITLIV,24.751472,54.822694,0, ,0.0,0.0,0.0,0.0,2,9500,0,0,0,0,0,0
TF,TULON,24.919833,54.794194,0, ,0.0,0.0,0.0,0.0,2,12000,0,0,0,0,0,0

SID,TULO1G,13R,5
CF,ITKOV,24.288417,54.854528,0,ADV,126.1,12.6,126.0,14.0,2,4000,0,0,0,0,0,0
TF,AA839,24.257361,54.898083,0, ,0.0,0.0,0.0,0.0,2,5000,0,1,230,0,0,0
TF,PEGEB,24.322611,54.955083,0, ,0.0,0.0,0.0,0.0,0,0,0,1,230,0,0,0
TF,PATAM,24.496556,54.925472,0, ,0.0,0.0,0.0,0.0,4,7000,5000,0,0,0,0,0
TF,UKPAP,24.617167,54.876889,0, ,0.0,0.0,0.0,0.0,3,8000,0,0,0,0,0,0
TF,ITLIV,24.751472,54.822694,0, ,0.0,0.0,0.0,0.0,2,9500,0,0,0,0,0,0
TF,TULON,24.919833,54.794194,0, ,0.0,0.0,0.0,0.0,2,12000,0,0,0,0,0,0

SID,TULO1K,31L,5
CF,AA820,24.524222,54.522583,0,ADV,305.4,10.4,306.0,8.0,0,0,0,0,0,0,0,0
TF,OBTOL,24.606083,54.406778,0, ,0.0,0.0,0.0,0.0,2,5000,0,0,0,0,0,0
TF,OBMUK,24.734194,54.491778,0, ,0.0,0.0,0.0,0.0,2,7500,0,0,0,0,0,0
TF,AA824,24.768278,54.576611,0, ,0.0,0.0,0.0,0.0,3,9000,0,1,230,0,0,0
TF,MURSU,24.805639,54.669889,0, ,0.0,0.0,0.0,0.0,0,0,0,0,0,0,0,0
TF,TULON,24.919833,54.794194,0, ,0.0,0.0,0.0,0.0,2,12000,0,0,0,0,0,0

SID,TULO1P,31R,5
CA,0,306.0,2,570,0,0,0,0,0,0
CF,TADBU,24.619806,54.569083,0,ADV,332.6,13.3,338.0,9.0,2,3500,0,1,230,0,0,0
TF,MURSU,24.805639,54.669889,0, ,0.0,0.0,0.0,0.0,3,9000,0,0,0,0,0,0
TF,TULON,24.919833,54.794194,0, ,0.0,0.0,0.0,0.0,2,12000,0,0,0,0,0,0

STAR,ATUD1A,13L,5
IF,ATUDO,24.285556,54.575556, ,0.0,0.0,2,12000,0,1,250,0,0,0
TF,TUMEX,24.511389,54.692222,0, ,0.0,0.0,0.0,0.0,4,8000,7000,0,0,0,0,0
TF,IVEPO,24.579611,54.596028,0, ,0.0,0.0,0.0,0.0,0,0,0,0,0,0,0,0
TF,SODEL,24.652833,54.492500,0, ,0.0,0.0,0.0,0.0,0,0,0,1,230,0,0,0
TF,OVOLA,24.703944,54.420139,0, ,0.0,0.0,0.0,0.0,0,0,0,0,0,0,0,0
TF,RIGIP,24.767111,54.330500,0, ,0.0,0.0,0.0,0.0,3,5000,0,1,210,0,0,0
TF,AA568,24.714389,54.286000,0, ,0.0,0.0,0.0,0.0,1,4000,0,0,0,0,0,0
TF,ORDAK,24.673556,54.343917,0, ,0.0,0.0,0.0,0.0,1,4000,0,0,0,0,0,0

STAR,ATUD1A,13R,5
IF,ATUDO,24.285556,54.575556, ,0.0,0.0,2,12000,0,1,250,0,0,0
TF,TUMEX,24.511389,54.692222,0, ,0.0,0.0,0.0,0.0,4,8000,7000,0,0,0,0,0
TF,IVEPO,24.579611,54.596028,0, ,0.0,0.0,0.0,0.0,0,0,0,0,0,0,0,0
TF,SODEL,24.652833,54.492500,0, ,0.0,0.0,0.0,0.0,0,0,0,1,230,0,0,0
TF,OVOLA,24.703944,54.420139,0, ,0.0,0.0,0.0,0.0,0,0,0,0,0,0,0,0
TF,RIGIP,24.767111,54.330500,0, ,0.0,0.0,0.0,0.0,3,5000,0,1,210,0,0,0
TF,AA568,24.714389,54.286000,0, ,0.0,0.0,0.0,0.0,1,4000,0,0,0,0,0,0
TF,ORDAK,24.673556,54.343917,0, ,0.0,0.0,0.0,0.0,1,4000,0,0,0,0,0,0

STAR,ATUD1C,31L,5
IF,ATUDO,24.285556,54.575556, ,0.0,0.0,2,12000,0,1,250,0,0,0
TF,ITUGO,24.516111,54.715361,0, ,0.0,0.0,0.0,0.0,3,9000,0,0,0,0,0,0
TF,TONKI,24.445861,54.814222,0, ,0.0,0.0,0.0,0.0,3,8000,0,1,230,0,0,0
TF,LOXIX,24.354528,54.942417,0, ,0.0,0.0,0.0,0.0,0,0,0,0,0,0,0,0
TF,AA524,24.303139,55.014361,0, ,0.0,0.0,0.0,0.0,0,0,0,0,0,0,0,0
TF,GISVU,24.251722,55.086278,0, ,0.0,0.0,0.0,0.0,3,5000,0,1,210,0,0,0
TF,AA526,24.185833,55.030194,0, ,0.0,0.0,0.0,0.0,1,4000,0,0,0,0,0,0
TF,PEGUM,24.220611,54.981583,0, ,0.0,0.0,0.0,0.0,1,4000,0,0,0,0,0,0

STAR,ATUD1C,31R,5
IF,ATUDO,24.285556,54.575556, ,0.0,0.0,2,12000,0,1,250,0,0,0
TF,ITUGO,24.516111,54.715361,0, ,0.0,0.0,0.0,0.0,3,9000,0,0,0,0,0,0
TF,TONKI,24.445861,54.814222,0, ,0.0,0.0,0.0,0.0,3,8000,0,1,230,0,0,0
TF,LOXIX,24.354528,54.942417,0, ,0.0,0.0,0.0,0.0,0,0,0,0,0,0,0,0
TF,AA524,24.303139,55.014361,0, ,0.0,0.0,0.0,0.0,0,0,0,0,0,0,0,0
TF,GISVU,24.251722,55.086278,0, ,0.0,0.0,0.0,0.0,3,5000,0,1,210,0,0,0
TF,AA526,24.185833,55.030194,0, ,0.0,0.0,0.0,0.0,1,4000,0,0,0,0,0,0
TF,PEGUM,24.220611,54.981583,0, ,0.0,0.0,0.0,0.0,1,4000,0,0,0,0,0,0

STAR,ATUD4B,13L,5
IF,ATUDO,24.285556,54.575556, ,0.0,0.0,2,12000,0,1,250,0,0,0
TF,TUMEX,24.511389,54.692222,0, ,0.0,0.0,0.0,0.0,4,8000,7000,0,0,0,0,0
TF,IVEPO,24.579611,54.596028,0, ,0.0,0.0,0.0,0.0,0,0,0,0,0,0,0,0
TF,SODEL,24.652833,54.492500,0, ,0.0,0.0,0.0,0.0,0,0,0,1,230,0,0,0
FM,SODEL,24.652833,54.492500,0,ADV,0.0,0.0,306.0,0,0,0,0,0,0,0,0

STAR,ATUD4B,13R,5
IF,ATUDO,24.285556,54.575556, ,0.0,0.0,2,12000,0,1,250,0,0,0
TF,TUMEX,24.511389,54.692222,0, ,0.0,0.0,0.0,0.0,4,8000,7000,0,0,0,0,0
TF,IVEPO,24.579611,54.596028,0, ,0.0,0.0,0.0,0.0,0,0,0,0,0,0,0,0
TF,SODEL,24.652833,54.492500,0, ,0.0,0.0,0.0,0.0,0,0,0,1,230,0,0,0
FM,SODEL,24.652833,54.492500,0,ADV,0.0,0.0,306.0,0,0,0,0,0,0,0,0

STAR,ATUD4D,31L,5
IF,ATUDO,24.285556,54.575556, ,0.0,0.0,2,12000,0,1,250,0,0,0
TF,ITUGO,24.516111,54.715361,0, ,0.0,0.0,0.0,0.0,3,9000,0,0,0,0,0,0
TF,TONKI,24.445861,54.814222,0, ,0.0,0.0,0.0,0.0,3,8000,0,1,230,0,0,0
TF,LOXIX,24.354528,54.942417,0, ,0.0,0.0,0.0,0.0,0,0,0,0,0,0,0,0
FM,LOXIX,24.354528,54.942417,0,ADV,0.0,0.0,126.0,0,0,0,0,0,0,0,0

STAR,ATUD4D,31R,5
IF,ATUDO,24.285556,54.575556, ,0.0,0.0,2,12000,0,1,250,0,0,0
TF,ITUGO,24.516111,54.715361,0, ,0.0,0.0,0.0,0.0,3,9000,0,0,0,0,0,0
TF,TONKI,24.445861,54.814222,0, ,0.0,0.0,0.0,0.0,3,8000,0,1,230,0,0,0
TF,LOXIX,24.354528,54.942417,0, ,0.0,0.0,0.0,0.0,0,0,0,0,0,0,0,0
FM,LOXIX,24.354528,54.942417,0,ADV,0.0,0.0,126.0,0,0,0,0,0,0,0,0

STAR,ELOV1A,13L,5
IF,ELOVU,24.955917,54.338194, ,0.0,0.0,1,11000,0,1,250,0,0,0
TF,MUTOP,24.774250,54.595889,0, ,0.0,0.0,0.0,0.0,0,0,0,0,0,0,0,0
TF,RIBUV,24.718806,54.548639,0, ,0.0,0.0,0.0,0.0,0,0,0,1,230,0,0,0
TF,SODEL,24.652833,54.492500,0, ,0.0,0.0,0.0,0.0,0,0,0,0,0,0,0,0
TF,OVOLA,24.703944,54.420139,0, ,0.0,0.0,0.0,0.0,0,0,0,0,0,0,0,0
TF,RIGIP,24.767111,54.330500,0, ,0.0,0.0,0.0,0.0,3,5000,0,1,210,0,0,0
TF,AA568,24.714389,54.286000,0, ,0.0,0.0,0.0,0.0,1,4000,0,0,0,0,0,0
TF,ORDAK,24.673556,54.343917,0, ,0.0,0.0,0.0,0.0,1,4000,0,0,0,0,0,0

STAR,ELOV1A,13R,5
IF,ELOVU,24.955917,54.338194, ,0.0,0.0,1,11000,0,1,250,0,0,0
TF,MUTOP,24.774250,54.595889,0, ,0.0,0.0,0.0,0.0,0,0,0,0,0,0,0,0
TF,RIBUV,24.718806,54.548639,0, ,0.0,0.0,0.0,0.0,0,0,0,1,230,0,0,0
TF,SODEL,24.652833,54.492500,0, ,0.0,0.0,0.0,0.0,0,0,0,0,0,0,0,0
TF,OVOLA,24.703944,54.420139,0, ,0.0,0.0,0.0,0.0,0,0,0,0,0,0,0,0
TF,RIGIP,24.767111,54.330500,0, ,0.0,0.0,0.0,0.0,3,5000,0,1,210,0,0,0
TF,AA568,24.714389,54.286000,0, ,0.0,0.0,0.0,0.0,1,4000,0,0,0,0,0,0
TF,ORDAK,24.673556,54.343917,0, ,0.0,0.0,0.0,0.0,1,4000,0,0,0,0,0,0

STAR,ELOV1B,13L,5
IF,ELOVU,24.955917,54.338194, ,0.0,0.0,1,11000,0,1,250,0,0,0
TF,MUTOP,24.774250,54.595889,0, ,0.0,0.0,0.0,0.0,0,0,0,0,0,0,0,0
TF,RIBUV,24.718806,54.548639,0, ,0.0,0.0,0.0,0.0,0,0,0,1,230,0,0,0
TF,SODEL,24.652833,54.492500,0, ,0.0,0.0,0.0,0.0,0,0,0,0,0,0,0,0
FM,SODEL,24.652833,54.492500,0,ADV,0.0,0.0,306.0,0,0,0,0,0,0,0,0

STAR,ELOV1B,13R,5
IF,ELOVU,24.955917,54.338194, ,0.0,0.0,1,11000,0,1,250,0,0,0
TF,MUTOP,24.774250,54.595889,0, ,0.0,0.0,0.0,0.0,0,0,0,0,0,0,0,0
TF,RIBUV,24.718806,54.548639,0, ,0.0,0.0,0.0,0.0,0,0,0,1,230,0,0,0
TF,SODEL,24.652833,54.492500,0, ,0.0,0.0,0.0,0.0,0,0,0,0,0,0,0,0
FM,SODEL,24.652833,54.492500,0,ADV,0.0,0.0,306.0,0,0,0,0,0,0,0,0

STAR,ELOV1C,31L,5
IF,ELOVU,24.955917,54.338194, ,0.0,0.0,3,15000,0,1,250,0,0,0
TF,MUVUM,24.634083,54.629167,0, ,0.0,0.0,0.0,0.0,2,10000,0,0,0,0,0,0
TF,ITUGO,24.516111,54.715361,0, ,0.0,0.0,0.0,0.0,3,9000,0,0,0,0,0,0
TF,TONKI,24.445861,54.814222,0, ,0.0,0.0,0.0,0.0,3,8000,0,1,230,0,0,0
TF,LOXIX,24.354528,54.942417,0, ,0.0,0.0,0.0,0.0,0,0,0,0,0,0,0,0
TF,AA524,24.303139,55.014361,0, ,0.0,0.0,0.0,0.0,0,0,0,0,0,0,0,0
TF,GISVU,24.251722,55.086278,0, ,0.0,0.0,0.0,0.0,3,5000,0,1,210,0,0,0
TF,AA526,24.185833,55.030194,0, ,0.0,0.0,0.0,0.0,1,4000,0,0,0,0,0,0
TF,PEGUM,24.220611,54.981583,0, ,0.0,0.0,0.0,0.0,1,4000,0,0,0,0,0,0

STAR,ELOV1C,31R,5
IF,ELOVU,24.955917,54.338194, ,0.0,0.0,3,15000,0,1,250,0,0,0
TF,MUVUM,24.634083,54.629167,0, ,0.0,0.0,0.0,0.0,2,10000,0,0,0,0,0,0
TF,ITUGO,24.516111,54.715361,0, ,0.0,0.0,0.0,0.0,3,9000,0,0,0,0,0,0
TF,TONKI,24.445861,54.814222,0, ,0.0,0.0,0.0,0.0,3,8000,0,1,230,0,0,0
TF,LOXIX,24.354528,54.942417,0, ,0.0,0.0,0.0,0.0,0,0,0,0,0,0,0,0
TF,AA524,24.303139,55.014361,0, ,0.0,0.0,0.0,0.0,0,0,0,0,0,0,0,0
TF,GISVU,24.251722,55.086278,0, ,0.0,0.0,0.0,0.0,3,5000,0,1,210,0,0,0
TF,AA526,24.185833,55.030194,0, ,0.0,0.0,0.0,0.0,1,4000,0,0,0,0,0,0
TF,PEGUM,24.220611,54.981583,0, ,0.0,0.0,0.0,0.0,1,4000,0,0,0,0,0,0

STAR,ELOV1D,31L,5
IF,ELOVU,24.955917,54.338194, ,0.0,0.0,3,15000,0,1,250,0,0,0
TF,MUVUM,24.634083,54.629167,0, ,0.0,0.0,0.0,0.0,2,10000,0,0,0,0,0,0
TF,ITUGO,24.516111,54.715361,0, ,0.0,0.0,0.0,0.0,3,9000,0,0,0,0,0,0
TF,TONKI,24.445861,54.814222,0, ,0.0,0.0,0.0,0.0,3,8000,0,1,230,0,0,0
TF,LOXIX,24.354528,54.942417,0, ,0.0,0.0,0.0,0.0,0,0,0,0,0,0,0,0
FM,LOXIX,24.354528,54.942417,0,ADV,0.0,0.0,126.0,0,0,0,0,0,0,0,0

STAR,ELOV1D,31R,5
IF,ELOVU,24.955917,54.338194, ,0.0,0.0,3,15000,0,1,250,0,0,0
TF,MUVUM,24.634083,54.629167,0, ,0.0,0.0,0.0,0.0,2,10000,0,0,0,0,0,0
TF,ITUGO,24.516111,54.715361,0, ,0.0,0.0,0.0,0.0,3,9000,0,0,0,0,0,0
TF,TONKI,24.445861,54.814222,0, ,0.0,0.0,0.0,0.0,3,8000,0,1,230,0,0,0
TF,LOXIX,24.354528,54.942417,0, ,0.0,0.0,0.0,0.0,0,0,0,0,0,0,0,0
FM,LOXIX,24.354528,54.942417,0,ADV,0.0,0.0,126.0,0,0,0,0,0,0,0,0

STAR,EMER1A,13L,5
IF,EMERU,24.808056,55.050833, ,0.0,0.0,3,16000,0,1,250,0,0,0
TF,MUNPA,24.618528,54.926833,0, ,0.0,0.0,0.0,0.0,2,10000,0,0,0,0,0,0
TF,RIDIB,24.541333,54.877472,0, ,0.0,0.0,0.0,0.0,2,9000,0,0,0,0,0,0
TF,SISUG,24.469167,54.831361,0, ,0.0,0.0,0.0,0.0,1,8000,0,0,0,0,0,0
TF,TUMEX,24.511389,54.692222,0, ,0.0,0.0,0.0,0.0,4,8000,7000,0,0,0,0,0
TF,IVEPO,24.579611,54.596028,0, ,0.0,0.0,0.0,0.0,0,0,0,0,0,0,0,0
TF,SODEL,24.652833,54.492500,0, ,0.0,0.0,0.0,0.0,0,0,0,1,230,0,0,0
TF,OVOLA,24.703944,54.420139,0, ,0.0,0.0,0.0,0.0,0,0,0,0,0,0,0,0
TF,RIGIP,24.767111,54.330500,0, ,0.0,0.0,0.0,0.0,3,5000,0,1,210,0,0,0
TF,AA568,24.714389,54.286000,0, ,0.0,0.0,0.0,0.0,1,4000,0,0,0,0,0,0
TF,ORDAK,24.673556,54.343917,0, ,0.0,0.0,0.0,0.0,1,4000,0,0,0,0,0,0

STAR,EMER1A,13R,5
IF,EMERU,24.808056,55.050833, ,0.0,0.0,3,16000,0,1,250,0,0,0
TF,MUNPA,24.618528,54.926833,0, ,0.0,0.0,0.0,0.0,2,10000,0,0,0,0,0,0
TF,RIDIB,24.541333,54.877472,0, ,0.0,0.0,0.0,0.0,2,9000,0,0,0,0,0,0
TF,SISUG,24.469167,54.831361,0, ,0.0,0.0,0.0,0.0,1,8000,0,0,0,0,0,0
TF,TUMEX,24.511389,54.692222,0, ,0.0,0.0,0.0,0.0,4,8000,7000,0,0,0,0,0
TF,IVEPO,24.579611,54.596028,0, ,0.0,0.0,0.0,0.0,0,0,0,0,0,0,0,0
TF,SODEL,24.652833,54.492500,0, ,0.0,0.0,0.0,0.0,0,0,0,1,230,0,0,0
TF,OVOLA,24.703944,54.420139,0, ,0.0,0.0,0.0,0.0,0,0,0,0,0,0,0,0
TF,RIGIP,24.767111,54.330500,0, ,0.0,0.0,0.0,0.0,3,5000,0,1,210,0,0,0
TF,AA568,24.714389,54.286000,0, ,0.0,0.0,0.0,0.0,1,4000,0,0,0,0,0,0
TF,ORDAK,24.673556,54.343917,0, ,0.0,0.0,0.0,0.0,1,4000,0,0,0,0,0,0

STAR,EMER1B,13L,5
IF,EMERU,24.808056,55.050833, ,0.0,0.0,3,16000,0,1,250,0,0,0
TF,MUNPA,24.618528,54.926833,0, ,0.0,0.0,0.0,0.0,2,10000,0,0,0,0,0,0
TF,RIDIB,24.541333,54.877472,0, ,0.0,0.0,0.0,0.0,2,9000,0,0,0,0,0,0
TF,SISUG,24.469167,54.831361,0, ,0.0,0.0,0.0,0.0,1,8000,0,0,0,0,0,0
TF,TUMEX,24.511389,54.692222,0, ,0.0,0.0,0.0,0.0,4,8000,7000,0,0,0,0,0
TF,IVEPO,24.579611,54.596028,0, ,0.0,0.0,0.0,0.0,0,0,0,0,0,0,0,0
TF,SODEL,24.652833,54.492500,0, ,0.0,0.0,0.0,0.0,0,0,0,1,230,0,0,0
FM,SODEL,24.652833,54.492500,0,ADV,0.0,0.0,306.0,0,0,0,0,0,0,0,0

STAR,EMER1B,13R,5
IF,EMERU,24.808056,55.050833, ,0.0,0.0,3,16000,0,1,250,0,0,0
TF,MUNPA,24.618528,54.926833,0, ,0.0,0.0,0.0,0.0,2,10000,0,0,0,0,0,0
TF,RIDIB,24.541333,54.877472,0, ,0.0,0.0,0.0,0.0,2,9000,0,0,0,0,0,0
TF,SISUG,24.469167,54.831361,0, ,0.0,0.0,0.0,0.0,1,8000,0,0,0,0,0,0
TF,TUMEX,24.511389,54.692222,0, ,0.0,0.0,0.0,0.0,4,8000,7000,0,0,0,0,0
TF,IVEPO,24.579611,54.596028,0, ,0.0,0.0,0.0,0.0,0,0,0,0,0,0,0,0
TF,SODEL,24.652833,54.492500,0, ,0.0,0.0,0.0,0.0,0,0,0,1,230,0,0,0
FM,SODEL,24.652833,54.492500,0,ADV,0.0,0.0,306.0,0,0,0,0,0,0,0,0

STAR,EMER1C,31L,5
IF,EMERU,24.808056,55.050833, ,0.0,0.0,3,16000,0,1,250,0,0,0
TF,AA529,24.583889,54.904222,0, ,0.0,0.0,0.0,0.0,3,10000,0,0,0,0,0,0
TF,TONKI,24.445861,54.814222,0, ,0.0,0.0,0.0,0.0,3,8000,0,1,230,0,0,0
TF,LOXIX,24.354528,54.942417,0, ,0.0,0.0,0.0,0.0,0,0,0,0,0,0,0,0
TF,AA524,24.303139,55.014361,0, ,0.0,0.0,0.0,0.0,0,0,0,0,0,0,0,0
TF,GISVU,24.251722,55.086278,0, ,0.0,0.0,0.0,0.0,3,5000,0,1,210,0,0,0
TF,AA526,24.185833,55.030194,0, ,0.0,0.0,0.0,0.0,1,4000,0,0,0,0,0,0
TF,PEGUM,24.220611,54.981583,0, ,0.0,0.0,0.0,0.0,1,4000,0,0,0,0,0,0

STAR,EMER1C,31R,5
IF,EMERU,24.808056,55.050833, ,0.0,0.0,3,16000,0,1,250,0,0,0
TF,AA529,24.583889,54.904222,0, ,0.0,0.0,0.0,0.0,3,10000,0,0,0,0,0,0
TF,TONKI,24.445861,54.814222,0, ,0.0,0.0,0.0,0.0,3,8000,0,1,230,0,0,0
TF,LOXIX,24.354528,54.942417,0, ,0.0,0.0,0.0,0.0,0,0,0,0,0,0,0,0
TF,AA524,24.303139,55.014361,0, ,0.0,0.0,0.0,0.0,0,0,0,0,0,0,0,0
TF,GISVU,24.251722,55.086278,0, ,0.0,0.0,0.0,0.0,3,5000,0,1,210,0,0,0
TF,AA526,24.185833,55.030194,0, ,0.0,0.0,0.0,0.0,1,4000,0,0,0,0,0,0
TF,PEGUM,24.220611,54.981583,0, ,0.0,0.0,0.0,0.0,1,4000,0,0,0,0,0,0

STAR,EMER1D,31L,5
IF,EMERU,24.808056,55.050833, ,0.0,0.0,3,16000,0,1,250,0,0,0
TF,AA529,24.583889,54.904222,0, ,0.0,0.0,0.0,0.0,3,10000,0,0,0,0,0,0
TF,TONKI,24.445861,54.814222,0, ,0.0,0.0,0.0,0.0,3,8000,0,1,230,0,0,0
TF,LOXIX,24.354528,54.942417,0, ,0.0,0.0,0.0,0.0,0,0,0,0,0,0,0,0
FM,LOXIX,24.354528,54.942417,0,ADV,0.0,0.0,126.0,0,0,0,0,0,0,0,0

STAR,EMER1D,31R,5
IF,EMERU,24.808056,55.050833, ,0.0,0.0,3,16000,0,1,250,0,0,0
TF,AA529,24.583889,54.904222,0, ,0.0,0.0,0.0,0.0,3,10000,0,0,0,0,0,0
TF,TONKI,24.445861,54.814222,0, ,0.0,0.0,0.0,0.0,3,8000,0,1,230,0,0,0
TF,LOXIX,24.354528,54.942417,0, ,0.0,0.0,0.0,0.0,0,0,0,0,0,0,0,0
FM,LOXIX,24.354528,54.942417,0,ADV,0.0,0.0,126.0,0,0,0,0,0,0,0,0

STAR,GIDO1A,13L,5
IF,GIDOB,24.745917,53.997944, ,0.0,0.0,3,12000,0,1,250,0,0,0
TF,TOMDO,24.833250,54.386444,0, ,0.0,0.0,0.0,0.0,4,10000,8000,0,0,0,0,0
TF,RIBUV,24.718806,54.548639,0, ,0.0,0.0,0.0,0.0,0,0,0,1,230,0,0,0
TF,SODEL,24.652833,54.492500,0, ,0.0,0.0,0.0,0.0,0,0,0,0,0,0,0,0
TF,OVOLA,24.703944,54.420139,0, ,0.0,0.0,0.0,0.0,0,0,0,0,0,0,0,0
TF,RIGIP,24.767111,54.330500,0, ,0.0,0.0,0.0,0.0,3,5000,0,1,210,0,0,0
TF,AA568,24.714389,54.286000,0, ,0.0,0.0,0.0,0.0,1,4000,0,0,0,0,0,0
TF,ORDAK,24.673556,54.343917,0, ,0.0,0.0,0.0,0.0,1,4000,0,0,0,0,0,0

STAR,GIDO1A,13R,5
IF,GIDOB,24.745917,53.997944, ,0.0,0.0,3,12000,0,1,250,0,0,0
TF,TOMDO,24.833250,54.386444,0, ,0.0,0.0,0.0,0.0,4,10000,8000,0,0,0,0,0
TF,RIBUV,24.718806,54.548639,0, ,0.0,0.0,0.0,0.0,0,0,0,1,230,0,0,0
TF,SODEL,24.652833,54.492500,0, ,0.0,0.0,0.0,0.0,0,0,0,0,0,0,0,0
TF,OVOLA,24.703944,54.420139,0, ,0.0,0.0,0.0,0.0,0,0,0,0,0,0,0,0
TF,RIGIP,24.767111,54.330500,0, ,0.0,0.0,0.0,0.0,3,5000,0,1,210,0,0,0
TF,AA568,24.714389,54.286000,0, ,0.0,0.0,0.0,0.0,1,4000,0,0,0,0,0,0
TF,ORDAK,24.673556,54.343917,0, ,0.0,0.0,0.0,0.0,1,4000,0,0,0,0,0,0

STAR,GIDO1B,13L,5
IF,GIDOB,24.745917,53.997944, ,0.0,0.0,3,12000,0,1,250,0,0,0
TF,TOMDO,24.833250,54.386444,0, ,0.0,0.0,0.0,0.0,4,10000,8000,0,0,0,0,0
TF,RIBUV,24.718806,54.548639,0, ,0.0,0.0,0.0,0.0,0,0,0,1,230,0,0,0
TF,SODEL,24.652833,54.492500,0, ,0.0,0.0,0.0,0.0,0,0,0,0,0,0,0,0
FM,SODEL,24.652833,54.492500,0,ADV,0.0,0.0,306.0,0,0,0,0,0,0,0,0

STAR,GIDO1B,13R,5
IF,GIDOB,24.745917,53.997944, ,0.0,0.0,3,12000,0,1,250,0,0,0
TF,TOMDO,24.833250,54.386444,0, ,0.0,0.0,0.0,0.0,4,10000,8000,0,0,0,0,0
TF,RIBUV,24.718806,54.548639,0, ,0.0,0.0,0.0,0.0,0,0,0,1,230,0,0,0
TF,SODEL,24.652833,54.492500,0, ,0.0,0.0,0.0,0.0,0,0,0,0,0,0,0,0
FM,SODEL,24.652833,54.492500,0,ADV,0.0,0.0,306.0,0,0,0,0,0,0,0,0

STAR,GIDO1C,31L,5
IF,GIDOB,24.745917,53.997944, ,0.0,0.0,3,15000,0,1,250,0,0,0
TF,ORGAD,24.593556,54.332194,0, ,0.0,0.0,0.0,0.0,0,0,0,0,0,0,0,0
TF,VEDEX,24.567222,54.461667,0, ,0.0,0.0,0.0,0.0,2,11000,0,0,0,0,0,0
TF,ITUGO,24.516111,54.715361,0, ,0.0,0.0,0.0,0.0,3,9000,0,0,0,0,0,0
TF,TONKI,24.445861,54.814222,0, ,0.0,0.0,0.0,0.0,3,8000,0,1,230,0,0,0
TF,LOXIX,24.354528,54.942417,0, ,0.0,0.0,0.0,0.0,0,0,0,0,0,0,0,0
TF,AA524,24.303139,55.014361,0, ,0.0,0.0,0.0,0.0,0,0,0,0,0,0,0,0
TF,GISVU,24.251722,55.086278,0, ,0.0,0.0,0.0,0.0,3,5000,0,1,210,0,0,0
TF,AA526,24.185833,55.030194,0, ,0.0,0.0,0.0,0.0,1,4000,0,0,0,0,0,0
TF,PEGUM,24.220611,54.981583,0, ,0.0,0.0,0.0,0.0,1,4000,0,0,0,0,0,0

STAR,GIDO1C,31R,5
IF,GIDOB,24.745917,53.997944, ,0.0,0.0,3,15000,0,1,250,0,0,0
TF,ORGAD,24.593556,54.332194,0, ,0.0,0.0,0.0,0.0,0,0,0,0,0,0,0,0
TF,VEDEX,24.567222,54.461667,0, ,0.0,0.0,0.0,0.0,2,11000,0,0,0,0,0,0
TF,ITUGO,24.516111,54.715361,0, ,0.0,0.0,0.0,0.0,3,9000,0,0,0,0,0,0
TF,TONKI,24.445861,54.814222,0, ,0.0,0.0,0.0,0.0,3,8000,0,1,230,0,0,0
TF,LOXIX,24.354528,54.942417,0, ,0.0,0.0,0.0,0.0,0,0,0,0,0,0,0,0
TF,AA524,24.303139,55.014361,0, ,0.0,0.0,0.0,0.0,0,0,0,0,0,0,0,0
TF,GISVU,24.251722,55.086278,0, ,0.0,0.0,0.0,0.0,3,5000,0,1,210,0,0,0
TF,AA526,24.185833,55.030194,0, ,0.0,0.0,0.0,0.0,1,4000,0,0,0,0,0,0
TF,PEGUM,24.220611,54.981583,0, ,0.0,0.0,0.0,0.0,1,4000,0,0,0,0,0,0

STAR,GIDO1D,31L,5
IF,GIDOB,24.745917,53.997944, ,0.0,0.0,3,15000,0,1,250,0,0,0
TF,ORGAD,24.593556,54.332194,0, ,0.0,0.0,0.0,0.0,0,0,0,0,0,0,0,0
TF,VEDEX,24.567222,54.461667,0, ,0.0,0.0,0.0,0.0,2,11000,0,0,0,0,0,0
TF,ITUGO,24.516111,54.715361,0, ,0.0,0.0,0.0,0.0,3,9000,0,0,0,0,0,0
TF,TONKI,24.445861,54.814222,0, ,0.0,0.0,0.0,0.0,3,8000,0,1,230,0,0,0
TF,LOXIX,24.354528,54.942417,0, ,0.0,0.0,0.0,0.0,0,0,0,0,0,0,0,0
FM,LOXIX,24.354528,54.942417,0,ADV,0.0,0.0,126.0,0,0,0,0,0,0,0,0

STAR,GIDO1D,31R,5
IF,GIDOB,24.745917,53.997944, ,0.0,0.0,3,15000,0,1,250,0,0,0
TF,ORGAD,24.593556,54.332194,0, ,0.0,0.0,0.0,0.0,0,0,0,0,0,0,0,0
TF,VEDEX,24.567222,54.461667,0, ,0.0,0.0,0.0,0.0,2,11000,0,0,0,0,0,0
TF,ITUGO,24.516111,54.715361,0, ,0.0,0.0,0.0,0.0,3,9000,0,0,0,0,0,0
TF,TONKI,24.445861,54.814222,0, ,0.0,0.0,0.0,0.0,3,8000,0,1,230,0,0,0
TF,LOXIX,24.354528,54.942417,0, ,0.0,0.0,0.0,0.0,0,0,0,0,0,0,0,0
FM,LOXIX,24.354528,54.942417,0,ADV,0.0,0.0,126.0,0,0,0,0,0,0,0,0

STAR,GIDO1J,31L,5
IF,GIDOB,24.745917,53.997944, ,0.0,0.0,3,15000,0,1,250,0,0,0
TF,ORGAD,24.593556,54.332194,0, ,0.0,0.0,0.0,0.0,2,11000,0,0,0,0,0,0
TF,ORMED,24.419583,54.522611,0, ,0.0,0.0,0.0,0.0,2,8000,0,1,230,0,0,0
TF,TAPTO,24.208333,54.818306,0, ,0.0,0.0,0.0,0.0,0,0,0,0,0,0,0,0
TF,AA519,24.157000,54.890222,0, ,0.0,0.0,0.0,0.0,0,0,0,0,0,0,0,0
TF,BOSIG,24.105639,54.962083,0, ,0.0,0.0,0.0,0.0,0,0,0,1,210,0,0,0
TF,AA520,24.171556,55.018083,0, ,0.0,0.0,0.0,0.0,2,6000,0,0,0,0,0,0
TF,ITREN,24.206333,54.969472,0, ,0.0,0.0,0.0,0.0,2,5000,0,0,0,0,0,0

STAR,GIDO1J,31R,5
IF,GIDOB,24.745917,53.997944, ,0.0,0.0,3,15000,0,1,250,0,0,0
TF,ORGAD,24.593556,54.332194,0, ,0.0,0.0,0.0,0.0,2,11000,0,0,0,0,0,0
TF,ORMED,24.419583,54.522611,0, ,0.0,0.0,0.0,0.0,2,8000,0,1,230,0,0,0
TF,TAPTO,24.208333,54.818306,0, ,0.0,0.0,0.0,0.0,0,0,0,0,0,0,0,0
TF,AA519,24.157000,54.890222,0, ,0.0,0.0,0.0,0.0,0,0,0,0,0,0,0,0
TF,BOSIG,24.105639,54.962083,0, ,0.0,0.0,0.0,0.0,0,0,0,1,210,0,0,0
TF,AA520,24.171556,55.018083,0, ,0.0,0.0,0.0,0.0,2,6000,0,0,0,0,0,0
TF,ITREN,24.206333,54.969472,0, ,0.0,0.0,0.0,0.0,2,5000,0,0,0,0,0,0

STAR,GIDO1M,31L,5
IF,GIDOB,24.745917,53.997944, ,0.0,0.0,3,15000,0,1,250,0,0,0
TF,ORGAD,24.593556,54.332194,0, ,0.0,0.0,0.0,0.0,2,11000,0,0,0,0,0,0
TF,ORMED,24.419583,54.522611,0, ,0.0,0.0,0.0,0.0,2,8000,0,1,230,0,0,0
TF,TAPTO,24.208333,54.818306,0, ,0.0,0.0,0.0,0.0,0,0,0,0,0,0,0,0
FM,TAPTO,24.208333,54.818306,0,ADV,0.0,0.0,126.0,0,0,0,0,0,0,0,0

STAR,GIDO1M,31R,5
IF,GIDOB,24.745917,53.997944, ,0.0,0.0,3,15000,0,1,250,0,0,0
TF,ORGAD,24.593556,54.332194,0, ,0.0,0.0,0.0,0.0,2,11000,0,0,0,0,0,0
TF,ORMED,24.419583,54.522611,0, ,0.0,0.0,0.0,0.0,2,8000,0,1,230,0,0,0
TF,TAPTO,24.208333,54.818306,0, ,0.0,0.0,0.0,0.0,0,0,0,0,0,0,0,0
FM,TAPTO,24.208333,54.818306,0,ADV,0.0,0.0,126.0,0,0,0,0,0,0,0,0

STAR,NOBT1H,13L,5
IF,NOBTO,23.923611,55.311111, ,0.0,0.0,3,15000,0,1,250,0,0,0
TF,REXIG,24.003472,55.141806,0, ,0.0,0.0,0.0,0.0,0,0,0,0,0,0,0,0
TF,PUVUT,24.120278,54.972500,0, ,0.0,0.0,0.0,0.0,2,10000,0,0,0,0,0,0
TF,SISUG,24.469167,54.831361,0, ,0.0,0.0,0.0,0.0,1,8000,0,0,0,0,0,0
TF,TUMEX,24.511389,54.692222,0, ,0.0,0.0,0.0,0.0,4,8000,7000,0,0,0,0,0
TF,IVEPO,24.579611,54.596028,0, ,0.0,0.0,0.0,0.0,0,0,0,0,0,0,0,0
TF,SODEL,24.652833,54.492500,0, ,0.0,0.0,0.0,0.0,0,0,0,1,230,0,0,0
TF,OVOLA,24.703944,54.420139,0, ,0.0,0.0,0.0,0.0,0,0,0,0,0,0,0,0
TF,RIGIP,24.767111,54.330500,0, ,0.0,0.0,0.0,0.0,3,5000,0,1,210,0,0,0
TF,AA568,24.714389,54.286000,0, ,0.0,0.0,0.0,0.0,1,4000,0,0,0,0,0,0
TF,ORDAK,24.673556,54.343917,0, ,0.0,0.0,0.0,0.0,1,4000,0,0,0,0,0,0

STAR,NOBT1H,13R,5
IF,NOBTO,23.923611,55.311111, ,0.0,0.0,3,15000,0,1,250,0,0,0
TF,REXIG,24.003472,55.141806,0, ,0.0,0.0,0.0,0.0,0,0,0,0,0,0,0,0
TF,PUVUT,24.120278,54.972500,0, ,0.0,0.0,0.0,0.0,2,10000,0,0,0,0,0,0
TF,SISUG,24.469167,54.831361,0, ,0.0,0.0,0.0,0.0,1,8000,0,0,0,0,0,0
TF,TUMEX,24.511389,54.692222,0, ,0.0,0.0,0.0,0.0,4,8000,7000,0,0,0,0,0
TF,IVEPO,24.579611,54.596028,0, ,0.0,0.0,0.0,0.0,0,0,0,0,0,0,0,0
TF,SODEL,24.652833,54.492500,0, ,0.0,0.0,0.0,0.0,0,0,0,1,230,0,0,0
TF,OVOLA,24.703944,54.420139,0, ,0.0,0.0,0.0,0.0,0,0,0,0,0,0,0,0
TF,RIGIP,24.767111,54.330500,0, ,0.0,0.0,0.0,0.0,3,5000,0,1,210,0,0,0
TF,AA568,24.714389,54.286000,0, ,0.0,0.0,0.0,0.0,1,4000,0,0,0,0,0,0
TF,ORDAK,24.673556,54.343917,0, ,0.0,0.0,0.0,0.0,1,4000,0,0,0,0,0,0

STAR,NOBT1J,31L,5
IF,NOBTO,23.923611,55.311111, ,0.0,0.0,4,13000,10000,1,250,0,0,0
TF,REXIG,24.003472,55.141806,0, ,0.0,0.0,0.0,0.0,0,0,0,1,230,0,0,0
TF,KITOX,24.361528,55.184306,0, ,0.0,0.0,0.0,0.0,3,12000,0,0,0,0,0,0
TF,GEXOD,24.393611,55.079167,0, ,0.0,0.0,0.0,0.0,0,0,0,1,230,0,0,0
TF,LORUP,24.417667,55.000667,0, ,0.0,0.0,0.0,0.0,3,9000,0,0,0,0,0,0
TF,LOXIX,24.354528,54.942417,0, ,0.0,0.0,0.0,0.0,0,0,0,0,0,0,0,0
TF,AA524,24.303139,55.014361,0, ,0.0,0.0,0.0,0.0,0,0,0,0,0,0,0,0
TF,GISVU,24.251722,55.086278,0, ,0.0,0.0,0.0,0.0,3,5000,0,1,210,0,0,0
TF,AA526,24.185833,55.030194,0, ,0.0,0.0,0.0,0.0,1,4000,0,0,0,0,0,0
TF,PEGUM,24.220611,54.981583,0, ,0.0,0.0,0.0,0.0,1,4000,0,0,0,0,0,0

STAR,NOBT1J,31R,5
IF,NOBTO,23.923611,55.311111, ,0.0,0.0,4,13000,10000,1,250,0,0,0
TF,REXIG,24.003472,55.141806,0, ,0.0,0.0,0.0,0.0,0,0,0,1,230,0,0,0
TF,KITOX,24.361528,55.184306,0, ,0.0,0.0,0.0,0.0,3,12000,0,0,0,0,0,0
TF,GEXOD,24.393611,55.079167,0, ,0.0,0.0,0.0,0.0,0,0,0,1,230,0,0,0
TF,LORUP,24.417667,55.000667,0, ,0.0,0.0,0.0,0.0,3,9000,0,0,0,0,0,0
TF,LOXIX,24.354528,54.942417,0, ,0.0,0.0,0.0,0.0,0,0,0,0,0,0,0,0
TF,AA524,24.303139,55.014361,0, ,0.0,0.0,0.0,0.0,0,0,0,0,0,0,0,0
TF,GISVU,24.251722,55.086278,0, ,0.0,0.0,0.0,0.0,3,5000,0,1,210,0,0,0
TF,AA526,24.185833,55.030194,0, ,0.0,0.0,0.0,0.0,1,4000,0,0,0,0,0,0
TF,PEGUM,24.220611,54.981583,0, ,0.0,0.0,0.0,0.0,1,4000,0,0,0,0,0,0

STAR,NOBT4A,13L,5
IF,NOBTO,23.923611,55.311111, ,0.0,0.0,3,15000,0,1,250,0,0,0
TF,REXIG,24.003472,55.141806,0, ,0.0,0.0,0.0,0.0,0,0,0,0,0,0,0,0
TF,PUVUT,24.120278,54.972500,0, ,0.0,0.0,0.0,0.0,2,10000,0,0,0,0,0,0
TF,OBVIK,24.434278,54.531694,0, ,0.0,0.0,0.0,0.0,2,8000,0,0,0,0,0,0
TF,SIVOV,24.533972,54.391528,0, ,0.0,0.0,0.0,0.0,0,0,0,1,230,0,0,0
TF,DEGVO,24.585250,54.319417,0, ,0.0,0.0,0.0,0.0,0,0,0,0,0,0,0,0
TF,PAXIK,24.648306,54.230194,0, ,0.0,0.0,0.0,0.0,0,0,0,1,210,0,0,0
TF,AA583,24.700278,54.274028,2, ,0.0,0.0,0.0,0.0,2,6000,0,0,0,0,0,0
TF,IMSIG,24.659333,54.331861,0, ,0.0,0.0,0.0,0.0,2,5000,0,0,0,0,0,0

STAR,NOBT4A,13R,5
IF,NOBTO,23.923611,55.311111, ,0.0,0.0,3,15000,0,1,250,0,0,0
TF,REXIG,24.003472,55.141806,0, ,0.0,0.0,0.0,0.0,0,0,0,0,0,0,0,0
TF,PUVUT,24.120278,54.972500,0, ,0.0,0.0,0.0,0.0,2,10000,0,0,0,0,0,0
TF,OBVIK,24.434278,54.531694,0, ,0.0,0.0,0.0,0.0,2,8000,0,0,0,0,0,0
TF,SIVOV,24.533972,54.391528,0, ,0.0,0.0,0.0,0.0,0,0,0,1,230,0,0,0
TF,DEGVO,24.585250,54.319417,0, ,0.0,0.0,0.0,0.0,0,0,0,0,0,0,0,0
TF,PAXIK,24.648306,54.230194,0, ,0.0,0.0,0.0,0.0,0,0,0,1,210,0,0,0
TF,AA583,24.700278,54.274028,2, ,0.0,0.0,0.0,0.0,2,6000,0,0,0,0,0,0
TF,IMSIG,24.659333,54.331861,0, ,0.0,0.0,0.0,0.0,2,5000,0,0,0,0,0,0

STAR,NOBT4B,13L,5
IF,NOBTO,23.923611,55.311111, ,0.0,0.0,3,15000,0,1,250,0,0,0
TF,REXIG,24.003472,55.141806,0, ,0.0,0.0,0.0,0.0,0,0,0,0,0,0,0,0
TF,PUVUT,24.120278,54.972500,0, ,0.0,0.0,0.0,0.0,2,10000,0,0,0,0,0,0
TF,OBVIK,24.434278,54.531694,0, ,0.0,0.0,0.0,0.0,2,8000,0,0,0,0,0,0
TF,SIVOV,24.533972,54.391528,0, ,0.0,0.0,0.0,0.0,0,0,0,1,230,0,0,0
FM,SIVOV,24.533972,54.391528,0,ADV,0.0,0.0,306.0,0,0,0,0,0,0,0,0

STAR,NOBT4B,13R,5
IF,NOBTO,23.923611,55.311111, ,0.0,0.0,3,15000,0,1,250,0,0,0
TF,REXIG,24.003472,55.141806,0, ,0.0,0.0,0.0,0.0,0,0,0,0,0,0,0,0
TF,PUVUT,24.120278,54.972500,0, ,0.0,0.0,0.0,0.0,2,10000,0,0,0,0,0,0
TF,OBVIK,24.434278,54.531694,0, ,0.0,0.0,0.0,0.0,2,8000,0,0,0,0,0,0
TF,SIVOV,24.533972,54.391528,0, ,0.0,0.0,0.0,0.0,0,0,0,1,230,0,0,0
FM,SIVOV,24.533972,54.391528,0,ADV,0.0,0.0,306.0,0,0,0,0,0,0,0,0

STAR,NOBT4C,31L,5
IF,NOBTO,23.923611,55.311111, ,0.0,0.0,4,13000,10000,1,250,0,0,0
TF,REXIG,24.003472,55.141806,0, ,0.0,0.0,0.0,0.0,0,0,0,1,230,0,0,0
TF,MERPU,24.054250,55.033889,0, ,0.0,0.0,0.0,0.0,0,0,0,0,0,0,0,0
TF,BOSIG,24.105639,54.962083,0, ,0.0,0.0,0.0,0.0,0,0,0,1,210,0,0,0
TF,AA520,24.171556,55.018083,0, ,0.0,0.0,0.0,0.0,2,6000,0,0,0,0,0,0
TF,ITREN,24.206333,54.969472,0, ,0.0,0.0,0.0,0.0,2,5000,0,0,0,0,0,0

STAR,NOBT4C,31R,5
IF,NOBTO,23.923611,55.311111, ,0.0,0.0,4,13000,10000,1,250,0,0,0
TF,REXIG,24.003472,55.141806,0, ,0.0,0.0,0.0,0.0,0,0,0,1,230,0,0,0
TF,MERPU,24.054250,55.033889,0, ,0.0,0.0,0.0,0.0,0,0,0,0,0,0,0,0
TF,BOSIG,24.105639,54.962083,0, ,0.0,0.0,0.0,0.0,0,0,0,1,210,0,0,0
TF,AA520,24.171556,55.018083,0, ,0.0,0.0,0.0,0.0,2,6000,0,0,0,0,0,0
TF,ITREN,24.206333,54.969472,0, ,0.0,0.0,0.0,0.0,2,5000,0,0,0,0,0,0

STAR,NOBT4D,31L,5
IF,NOBTO,23.923611,55.311111, ,0.0,0.0,4,13000,10000,1,250,0,0,0
TF,REXIG,24.003472,55.141806,0, ,0.0,0.0,0.0,0.0,0,0,0,1,230,0,0,0
TF,MERPU,24.054250,55.033889,0, ,0.0,0.0,0.0,0.0,0,0,0,0,0,0,0,0
FM,MERPU,24.054250,55.033889,0,ADV,0.0,0.0,337.0,0,0,0,0,0,0,0,0

STAR,NOBT4D,31R,5
IF,NOBTO,23.923611,55.311111, ,0.0,0.0,4,13000,10000,1,250,0,0,0
TF,REXIG,24.003472,55.141806,0, ,0.0,0.0,0.0,0.0,0,0,0,1,230,0,0,0
TF,MERPU,24.054250,55.033889,0, ,0.0,0.0,0.0,0.0,0,0,0,0,0,0,0,0
FM,MERPU,24.054250,55.033889,0,ADV,0.0,0.0,337.0,0,0,0,0,0,0,0,0

STAR,ROVO1H,13L,5
IF,ROVOS,24.306944,55.361944, ,0.0,0.0,3,15000,0,1,250,0,0,0
TF,PUVUT,24.120278,54.972500,0, ,0.0,0.0,0.0,0.0,2,10000,0,0,0,0,0,0
TF,OBVIK,24.434278,54.531694,0, ,0.0,0.0,0.0,0.0,2,8000,0,0,0,0,0,0
TF,SIVOV,24.533972,54.391528,0, ,0.0,0.0,0.0,0.0,0,0,0,1,230,0,0,0
TF,DEGVO,24.585250,54.319417,0, ,0.0,0.0,0.0,0.0,0,0,0,0,0,0,0,0
TF,PAXIK,24.648306,54.230194,0, ,0.0,0.0,0.0,0.0,0,0,0,1,210,0,0,0
TF,AA583,24.700278,54.274028,0, ,0.0,0.0,0.0,0.0,2,6000,0,0,0,0,0,0
TF,IMSIG,24.659333,54.331861,0, ,0.0,0.0,0.0,0.0,2,5000,0,0,0,0,0,0

STAR,ROVO1H,13R,5
IF,ROVOS,24.306944,55.361944, ,0.0,0.0,3,15000,0,1,250,0,0,0
TF,PUVUT,24.120278,54.972500,0, ,0.0,0.0,0.0,0.0,2,10000,0,0,0,0,0,0
TF,OBVIK,24.434278,54.531694,0, ,0.0,0.0,0.0,0.0,2,8000,0,0,0,0,0,0
TF,SIVOV,24.533972,54.391528,0, ,0.0,0.0,0.0,0.0,0,0,0,1,230,0,0,0
TF,DEGVO,24.585250,54.319417,0, ,0.0,0.0,0.0,0.0,0,0,0,0,0,0,0,0
TF,PAXIK,24.648306,54.230194,0, ,0.0,0.0,0.0,0.0,0,0,0,1,210,0,0,0
TF,AA583,24.700278,54.274028,0, ,0.0,0.0,0.0,0.0,2,6000,0,0,0,0,0,0
TF,IMSIG,24.659333,54.331861,0, ,0.0,0.0,0.0,0.0,2,5000,0,0,0,0,0,0

STAR,ROVO1J,31L,5
IF,ROVOS,24.306944,55.361944, ,0.0,0.0,4,13000,10000,1,250,0,0,0
TF,MERPU,24.054250,55.033889,0, ,0.0,0.0,0.0,0.0,0,0,0,0,0,0,0,0
TF,BOSIG,24.105639,54.962083,0, ,0.0,0.0,0.0,0.0,0,0,0,1,210,0,0,0
TF,AA520,24.171556,55.018083,0, ,0.0,0.0,0.0,0.0,2,6000,0,0,0,0,0,0
TF,ITREN,24.206333,54.969472,0, ,0.0,0.0,0.0,0.0,2,5000,0,0,0,0,0,0

STAR,ROVO1J,31R,5
IF,ROVOS,24.306944,55.361944, ,0.0,0.0,4,13000,10000,1,250,0,0,0
TF,MERPU,24.054250,55.033889,0, ,0.0,0.0,0.0,0.0,0,0,0,0,0,0,0,0
TF,BOSIG,24.105639,54.962083,0, ,0.0,0.0,0.0,0.0,0,0,0,1,210,0,0,0
TF,AA520,24.171556,55.018083,0, ,0.0,0.0,0.0,0.0,2,6000,0,0,0,0,0,0
TF,ITREN,24.206333,54.969472,0, ,0.0,0.0,0.0,0.0,2,5000,0,0,0,0,0,0

STAR,ROVO4A,13L,5
IF,ROVOS,24.306944,55.361944, ,0.0,0.0,3,15000,0,1,250,0,0,0
TF,KITOX,24.361528,55.184306,0, ,0.0,0.0,0.0,0.0,0,0,0,0,0,0,0,0
TF,GEXOD,24.393611,55.079167,0, ,0.0,0.0,0.0,0.0,0,0,0,0,0,0,0,0
TF,LORUP,24.417667,55.000667,0, ,0.0,0.0,0.0,0.0,0,0,0,0,0,0,0,0
TF,SISUG,24.469167,54.831361,0, ,0.0,0.0,0.0,0.0,1,8000,0,0,0,0,0,0
TF,TUMEX,24.511389,54.692222,0, ,0.0,0.0,0.0,0.0,4,8000,7000,0,0,0,0,0
TF,IVEPO,24.579611,54.596028,0, ,0.0,0.0,0.0,0.0,0,0,0,0,0,0,0,0
TF,SODEL,24.652833,54.492500,0, ,0.0,0.0,0.0,0.0,0,0,0,1,230,0,0,0
TF,OVOLA,24.703944,54.420139,0, ,0.0,0.0,0.0,0.0,0,0,0,0,0,0,0,0
TF,RIGIP,24.767111,54.330500,1, ,0.0,0.0,0.0,0.0,3,5000,0,1,210,0,0,0
TF,AA568,24.714389,54.286000,1, ,0.0,0.0,0.0,0.0,1,4000,0,0,0,0,0,0
TF,ORDAK,24.673556,54.343917,0, ,0.0,0.0,0.0,0.0,1,4000,0,0,0,0,0,0

STAR,ROVO4A,13R,5
IF,ROVOS,24.306944,55.361944, ,0.0,0.0,3,15000,0,1,250,0,0,0
TF,KITOX,24.361528,55.184306,0, ,0.0,0.0,0.0,0.0,0,0,0,0,0,0,0,0
TF,GEXOD,24.393611,55.079167,0, ,0.0,0.0,0.0,0.0,0,0,0,0,0,0,0,0
TF,LORUP,24.417667,55.000667,0, ,0.0,0.0,0.0,0.0,0,0,0,0,0,0,0,0
TF,SISUG,24.469167,54.831361,0, ,0.0,0.0,0.0,0.0,1,8000,0,0,0,0,0,0
TF,TUMEX,24.511389,54.692222,0, ,0.0,0.0,0.0,0.0,4,8000,7000,0,0,0,0,0
TF,IVEPO,24.579611,54.596028,0, ,0.0,0.0,0.0,0.0,0,0,0,0,0,0,0,0
TF,SODEL,24.652833,54.492500,0, ,0.0,0.0,0.0,0.0,0,0,0,1,230,0,0,0
TF,OVOLA,24.703944,54.420139,0, ,0.0,0.0,0.0,0.0,0,0,0,0,0,0,0,0
TF,RIGIP,24.767111,54.330500,1, ,0.0,0.0,0.0,0.0,3,5000,0,1,210,0,0,0
TF,AA568,24.714389,54.286000,1, ,0.0,0.0,0.0,0.0,1,4000,0,0,0,0,0,0
TF,ORDAK,24.673556,54.343917,0, ,0.0,0.0,0.0,0.0,1,4000,0,0,0,0,0,0

STAR,ROVO4B,13L,5
IF,ROVOS,24.306944,55.361944, ,0.0,0.0,3,15000,0,1,250,0,0,0
TF,KITOX,24.361528,55.184306,0, ,0.0,0.0,0.0,0.0,0,0,0,0,0,0,0,0
TF,GEXOD,24.393611,55.079167,0, ,0.0,0.0,0.0,0.0,0,0,0,0,0,0,0,0
TF,LORUP,24.417667,55.000667,0, ,0.0,0.0,0.0,0.0,0,0,0,0,0,0,0,0
TF,SISUG,24.469167,54.831361,0, ,0.0,0.0,0.0,0.0,1,8000,0,0,0,0,0,0
TF,TUMEX,24.511389,54.692222,0, ,0.0,0.0,0.0,0.0,4,8000,7000,0,0,0,0,0
TF,IVEPO,24.579611,54.596028,0, ,0.0,0.0,0.0,0.0,0,0,0,0,0,0,0,0
TF,SODEL,24.652833,54.492500,0, ,0.0,0.0,0.0,0.0,0,0,0,1,230,0,0,0
FM,SODEL,24.652833,54.492500,0,ADV,0.0,0.0,306.0,0,0,0,0,0,0,0,0

STAR,ROVO4B,13R,5
IF,ROVOS,24.306944,55.361944, ,0.0,0.0,3,15000,0,1,250,0,0,0
TF,KITOX,24.361528,55.184306,0, ,0.0,0.0,0.0,0.0,0,0,0,0,0,0,0,0
TF,GEXOD,24.393611,55.079167,0, ,0.0,0.0,0.0,0.0,0,0,0,0,0,0,0,0
TF,LORUP,24.417667,55.000667,0, ,0.0,0.0,0.0,0.0,0,0,0,0,0,0,0,0
TF,SISUG,24.469167,54.831361,0, ,0.0,0.0,0.0,0.0,1,8000,0,0,0,0,0,0
TF,TUMEX,24.511389,54.692222,0, ,0.0,0.0,0.0,0.0,4,8000,7000,0,0,0,0,0
TF,IVEPO,24.579611,54.596028,0, ,0.0,0.0,0.0,0.0,0,0,0,0,0,0,0,0
TF,SODEL,24.652833,54.492500,0, ,0.0,0.0,0.0,0.0,0,0,0,1,230,0,0,0
FM,SODEL,24.652833,54.492500,0,ADV,0.0,0.0,306.0,0,0,0,0,0,0,0,0

STAR,ROVO4C,31L,5
IF,ROVOS,24.306944,55.361944, ,0.0,0.0,4,13000,10000,1,250,0,0,0
TF,KITOX,24.361528,55.184306,0, ,0.0,0.0,0.0,0.0,3,12000,0,0,0,0,0,0
TF,GEXOD,24.393611,55.079167,0, ,0.0,0.0,0.0,0.0,0,0,0,1,230,0,0,0
TF,LORUP,24.417667,55.000667,0, ,0.0,0.0,0.0,0.0,3,9000,0,0,0,0,0,0
TF,LOXIX,24.354528,54.942417,0, ,0.0,0.0,0.0,0.0,0,0,0,0,0,0,0,0
TF,AA524,24.303139,55.014361,0, ,0.0,0.0,0.0,0.0,0,0,0,0,0,0,0,0
TF,GISVU,24.251722,55.086278,0, ,0.0,0.0,0.0,0.0,3,5000,0,1,210,0,0,0
TF,AA526,24.185833,55.030194,0, ,0.0,0.0,0.0,0.0,1,4000,0,0,0,0,0,0
TF,PEGUM,24.220611,54.981583,0, ,0.0,0.0,0.0,0.0,1,4000,0,0,0,0,0,0

STAR,ROVO4C,31R,5
IF,ROVOS,24.306944,55.361944, ,0.0,0.0,4,13000,10000,1,250,0,0,0
TF,KITOX,24.361528,55.184306,0, ,0.0,0.0,0.0,0.0,3,12000,0,0,0,0,0,0
TF,GEXOD,24.393611,55.079167,0, ,0.0,0.0,0.0,0.0,0,0,0,1,230,0,0,0
TF,LORUP,24.417667,55.000667,0, ,0.0,0.0,0.0,0.0,3,9000,0,0,0,0,0,0
TF,LOXIX,24.354528,54.942417,0, ,0.0,0.0,0.0,0.0,0,0,0,0,0,0,0,0
TF,AA524,24.303139,55.014361,0, ,0.0,0.0,0.0,0.0,0,0,0,0,0,0,0,0
TF,GISVU,24.251722,55.086278,0, ,0.0,0.0,0.0,0.0,3,5000,0,1,210,0,0,0
TF,AA526,24.185833,55.030194,0, ,0.0,0.0,0.0,0.0,1,4000,0,0,0,0,0,0
TF,PEGUM,24.220611,54.981583,0, ,0.0,0.0,0.0,0.0,1,4000,0,0,0,0,0,0

STAR,ROVO4D,31L,5
IF,ROVOS,24.306944,55.361944, ,0.0,0.0,4,13000,10000,1,250,0,0,0
TF,KITOX,24.361528,55.184306,0, ,0.0,0.0,0.0,0.0,3,12000,0,0,0,0,0,0
TF,GEXOD,24.393611,55.079167,0, ,0.0,0.0,0.0,0.0,0,0,0,1,230,0,0,0
TF,LORUP,24.417667,55.000667,0, ,0.0,0.0,0.0,0.0,3,9000,0,0,0,0,0,0
TF,LOXIX,24.354528,54.942417,0, ,0.0,0.0,0.0,0.0,0,0,0,0,0,0,0,0
FM,LOXIX,24.354528,54.942417,0,ADV,0.0,0.0,126.0,0,0,0,0,0,0,0,0

STAR,ROVO4D,31R,5
IF,ROVOS,24.306944,55.361944, ,0.0,0.0,4,13000,10000,1,250,0,0,0
TF,KITOX,24.361528,55.184306,0, ,0.0,0.0,0.0,0.0,3,12000,0,0,0,0,0,0
TF,GEXOD,24.393611,55.079167,0, ,0.0,0.0,0.0,0.0,0,0,0,1,230,0,0,0
TF,LORUP,24.417667,55.000667,0, ,0.0,0.0,0.0,0.0,3,9000,0,0,0,0,0,0
TF,LOXIX,24.354528,54.942417,0, ,0.0,0.0,0.0,0.0,0,0,0,0,0,0,0,0
FM,LOXIX,24.354528,54.942417,0,ADV,0.0,0.0,126.0,0,0,0,0,0,0,0,0

STAR,UKIL1A,13L,5
IF,UKILI,24.637639,53.943444, ,0.0,0.0,3,12000,0,1,250,0,0,0
TF,PEKAX,24.582111,54.174444,0, ,0.0,0.0,0.0,0.0,3,8000,0,0,0,0,0,0
TF,OTUTU,24.467944,54.335556,0, ,0.0,0.0,0.0,0.0,0,0,0,1,230,0,0,0
TF,SIVOV,24.533972,54.391528,0, ,0.0,0.0,0.0,0.0,0,0,0,1,230,0,0,0
TF,DEGVO,24.585250,54.319417,0, ,0.0,0.0,0.0,0.0,0,0,0,0,0,0,0,0
TF,PAXIK,24.648306,54.230194,0, ,0.0,0.0,0.0,0.0,0,0,0,1,210,0,0,0
TF,AA583,24.700278,54.274028,0, ,0.0,0.0,0.0,0.0,2,6000,0,0,0,0,0,0
TF,IMSIG,24.659333,54.331861,0, ,0.0,0.0,0.0,0.0,2,5000,0,0,0,0,0,0

STAR,UKIL1A,13R,5
IF,UKILI,24.637639,53.943444, ,0.0,0.0,3,12000,0,1,250,0,0,0
TF,PEKAX,24.582111,54.174444,0, ,0.0,0.0,0.0,0.0,3,8000,0,0,0,0,0,0
TF,OTUTU,24.467944,54.335556,0, ,0.0,0.0,0.0,0.0,0,0,0,1,230,0,0,0
TF,SIVOV,24.533972,54.391528,0, ,0.0,0.0,0.0,0.0,0,0,0,1,230,0,0,0
TF,DEGVO,24.585250,54.319417,0, ,0.0,0.0,0.0,0.0,0,0,0,0,0,0,0,0
TF,PAXIK,24.648306,54.230194,0, ,0.0,0.0,0.0,0.0,0,0,0,1,210,0,0,0
TF,AA583,24.700278,54.274028,0, ,0.0,0.0,0.0,0.0,2,6000,0,0,0,0,0,0
TF,IMSIG,24.659333,54.331861,0, ,0.0,0.0,0.0,0.0,2,5000,0,0,0,0,0,0

STAR,UKIL1B,13L,5
IF,UKILI,24.637639,53.943444, ,0.0,0.0,3,12000,0,1,250,0,0,0
TF,PEKAX,24.582111,54.174444,0, ,0.0,0.0,0.0,0.0,3,8000,0,0,0,0,0,0
TF,OTUTU,24.467944,54.335556,0, ,0.0,0.0,0.0,0.0,0,0,0,1,230,0,0,0
TF,SIVOV,24.533972,54.391528,0, ,0.0,0.0,0.0,0.0,0,0,0,0,0,0,0,0
FM,SIVOV,24.533972,54.391528,0,ADV,0.0,0.0,306.0,0,0,0,0,0,0,0,0

STAR,UKIL1B,13R,5
IF,UKILI,24.637639,53.943444, ,0.0,0.0,3,12000,0,1,250,0,0,0
TF,PEKAX,24.582111,54.174444,0, ,0.0,0.0,0.0,0.0,3,8000,0,0,0,0,0,0
TF,OTUTU,24.467944,54.335556,0, ,0.0,0.0,0.0,0.0,0,0,0,1,230,0,0,0
TF,SIVOV,24.533972,54.391528,0, ,0.0,0.0,0.0,0.0,0,0,0,0,0,0,0,0
FM,SIVOV,24.533972,54.391528,0,ADV,0.0,0.0,306.0,0,0,0,0,0,0,0,0

STAR,UKIL1C,31L,5
IF,UKILI,24.637639,53.943444, ,0.0,0.0,3,15000,0,1,250,0,0,0
TF,ORPEP,24.533722,54.192944,0, ,0.0,0.0,0.0,0.0,2,13000,0,0,0,0,0,0
TF,AA530,24.478472,54.352917,0, ,0.0,0.0,0.0,0.0,2,11000,0,0,0,0,0,0
TF,ORMED,24.419583,54.522611,0, ,0.0,0.0,0.0,0.0,2,8000,0,1,230,0,0,0
TF,TAPTO,24.208333,54.818306,0, ,0.0,0.0,0.0,0.0,0,0,0,0,0,0,0,0
TF,AA519,24.157000,54.890222,0, ,0.0,0.0,0.0,0.0,0,0,0,0,0,0,0,0
TF,BOSIG,24.105639,54.962083,0, ,0.0,0.0,0.0,0.0,0,0,0,1,210,0,0,0
TF,AA520,24.171556,55.018083,0, ,0.0,0.0,0.0,0.0,2,6000,0,0,0,0,0,0
TF,ITREN,24.206333,54.969472,0, ,0.0,0.0,0.0,0.0,2,5000,0,0,0,0,0,0

STAR,UKIL1C,31R,5
IF,UKILI,24.637639,53.943444, ,0.0,0.0,3,15000,0,1,250,0,0,0
TF,ORPEP,24.533722,54.192944,0, ,0.0,0.0,0.0,0.0,2,13000,0,0,0,0,0,0
TF,AA530,24.478472,54.352917,0, ,0.0,0.0,0.0,0.0,2,11000,0,0,0,0,0,0
TF,ORMED,24.419583,54.522611,0, ,0.0,0.0,0.0,0.0,2,8000,0,1,230,0,0,0
TF,TAPTO,24.208333,54.818306,0, ,0.0,0.0,0.0,0.0,0,0,0,0,0,0,0,0
TF,AA519,24.157000,54.890222,0, ,0.0,0.0,0.0,0.0,0,0,0,0,0,0,0,0
TF,BOSIG,24.105639,54.962083,0, ,0.0,0.0,0.0,0.0,0,0,0,1,210,0,0,0
TF,AA520,24.171556,55.018083,0, ,0.0,0.0,0.0,0.0,2,6000,0,0,0,0,0,0
TF,ITREN,24.206333,54.969472,0, ,0.0,0.0,0.0,0.0,2,5000,0,0,0,0,0,0

STAR,UKIL1D,31L,5
IF,UKILI,24.637639,53.943444, ,0.0,0.0,3,15000,0,1,250,0,0,0
TF,ORPEP,24.533722,54.192944,0, ,0.0,0.0,0.0,0.0,2,13000,0,0,0,0,0,0
TF,AA530,24.478472,54.352917,0, ,0.0,0.0,0.0,0.0,2,11000,0,0,0,0,0,0
TF,ORMED,24.419583,54.522611,0, ,0.0,0.0,0.0,0.0,2,8000,0,1,230,0,0,0
TF,TAPTO,24.208333,54.818306,0, ,0.0,0.0,0.0,0.0,0,0,0,0,0,0,0,0
FM,TAPTO,24.208333,54.818306,0,ADV,0.0,0.0,126.0,0,0,0,0,0,0,0,0

STAR,UKIL1D,31R,5
IF,UKILI,24.637639,53.943444, ,0.0,0.0,3,15000,0,1,250,0,0,0
TF,ORPEP,24.533722,54.192944,0, ,0.0,0.0,0.0,0.0,2,13000,0,0,0,0,0,0
TF,AA530,24.478472,54.352917,0, ,0.0,0.0,0.0,0.0,2,11000,0,0,0,0,0,0
TF,ORMED,24.419583,54.522611,0, ,0.0,0.0,0.0,0.0,2,8000,0,1,230,0,0,0
TF,TAPTO,24.208333,54.818306,0, ,0.0,0.0,0.0,0.0,0,0,0,0,0,0,0,0
FM,TAPTO,24.208333,54.818306,0,ADV,0.0,0.0,126.0,0,0,0,0,0,0,0,0

STAR,UKIL1J,31L,5
IF,UKILI,24.637639,53.943444, ,0.0,0.0,3,15000,0,1,250,0,0,0
TF,ORGAD,24.593556,54.332194,0, ,0.0,0.0,0.0,0.0,0,0,0,0,0,0,0,0
TF,VEDEX,24.567222,54.461667,0, ,0.0,0.0,0.0,0.0,2,11000,0,0,0,0,0,0
TF,ITUGO,24.516111,54.715361,0, ,0.0,0.0,0.0,0.0,3,9000,0,0,0,0,0,0
TF,TONKI,24.445861,54.814222,0, ,0.0,0.0,0.0,0.0,3,8000,0,1,230,0,0,0
TF,LOXIX,24.354528,54.942417,0, ,0.0,0.0,0.0,0.0,0,0,0,0,0,0,0,0
TF,AA524,24.303139,55.014361,0, ,0.0,0.0,0.0,0.0,0,0,0,0,0,0,0,0
TF,GISVU,24.251722,55.086278,0, ,0.0,0.0,0.0,0.0,3,5000,0,1,210,0,0,0
TF,AA526,24.185833,55.030194,0, ,0.0,0.0,0.0,0.0,1,4000,0,0,0,0,0,0
TF,PEGUM,24.220611,54.981583,0, ,0.0,0.0,0.0,0.0,1,4000,0,0,0,0,0,0

STAR,UKIL1J,31R,5
IF,UKILI,24.637639,53.943444, ,0.0,0.0,3,15000,0,1,250,0,0,0
TF,ORGAD,24.593556,54.332194,0, ,0.0,0.0,0.0,0.0,0,0,0,0,0,0,0,0
TF,VEDEX,24.567222,54.461667,0, ,0.0,0.0,0.0,0.0,2,11000,0,0,0,0,0,0
TF,ITUGO,24.516111,54.715361,0, ,0.0,0.0,0.0,0.0,3,9000,0,0,0,0,0,0
TF,TONKI,24.445861,54.814222,0, ,0.0,0.0,0.0,0.0,3,8000,0,1,230,0,0,0
TF,LOXIX,24.354528,54.942417,0, ,0.0,0.0,0.0,0.0,0,0,0,0,0,0,0,0
TF,AA524,24.303139,55.014361,0, ,0.0,0.0,0.0,0.0,0,0,0,0,0,0,0,0
TF,GISVU,24.251722,55.086278,0, ,0.0,0.0,0.0,0.0,3,5000,0,1,210,0,0,0
TF,AA526,24.185833,55.030194,0, ,0.0,0.0,0.0,0.0,1,4000,0,0,0,0,0,0
TF,PEGUM,24.220611,54.981583,0, ,0.0,0.0,0.0,0.0,1,4000,0,0,0,0,0,0

APPTR,D13R,13R,ADV1
IF,ADV,24.418964,54.673244, ,0.0,0.0,2,4000,0,0,0,0,1,0
FD,ADV,24.418964,54.673244,0,ADV,0.0,13.0,319.0,13.0,2,2000,0,0,0,0,0,0
CF,RALDA,24.551972,54.485500,1,ADV,305.8,13.0,126.0,1.0,2,2000,0,1,200,0,1,0

APPTR,D13R,13R,ADV2
IF,ADV,24.418964,54.673244, ,0.0,0.0,2,4000,0,0,0,0,1,0
FD,ADV,24.418964,54.673244,0,ADV,0.0,13.0,313.0,13.0,2,2000,0,0,0,0,0,0
CF,RALDA,24.551972,54.485500,1,ADV,305.8,13.0,126.0,1.0,2,2000,0,0,0,0,1,0

FINAL,D13R,13R,D,3
IF,RALDA,24.551972,54.485500,ADV,305.8,13.0,2,2000,0,0,0,0,0,0
CF,LOVIM,24.495750,54.564972,0,ADV,305.8,7.5,126.0,5.5,2,1700,0,0,0,0,2,0
CF,MD13R,24.456011,54.621425,0,ADV,306.0,3.6,126.0,3.9,1,460,0,0,0,0,3,0
CF,ADV,24.418964,54.673244,0,ADV,0.0,0.0,126.0,3.6,0,0,0,0,0,0,0,0
FD,ADV,24.418964,54.673244,0,ADV,0.0,8.0,126.0,8.0,0,0,0,0,0,0,0,0
DF,ADV,24.418964,54.673244,1, ,0.0,0.0,1,4000,0,0,0,0,0,0
HM,ADV,24.418964,54.673244,1, ,0.0,0.0,319.0,04.3,0,0,0,0,0,0,0,0,0

APPTR,D31L,31L,ADV1
IF,ADV,24.418964,54.673244, ,0.0,0.0,2,4000,0,0,0,0,1,0
FD,ADV,24.418964,54.673244,0,ADV,0.0,10.0,98.0,10.0,2,2000,0,0,0,0,0,0
CF,BOMOS,24.316472,54.817417,2,ADV,125.8,10.0,306.0,1.0,2,2000,0,0,0,0,1,0

APPTR,D31L,31L,ADV2
IF,ADV,24.418964,54.673244, ,0.0,0.0,2,4000,0,0,0,0,1,0
FD,ADV,24.418964,54.673244,0,ADV,0.0,10.0,116.0,10.0,2,2000,0,0,0,0,0,0
CF,BOMOS,24.316472,54.817417,2,ADV,125.8,10.0,306.0,1.0,2,2000,0,0,0,0,1,0

FINAL,D31L,31L,D,4
IF,BOMOS,24.316472,54.817417,ADV,125.8,10.0,2,2000,0,0,0,0,0,0
CF,RADSO,24.367722,54.745361,0,ADV,125.8,5.0,306.0,5.0,2,1840,0,0,0,0,2,0
CF,30VOR,24.388219,54.716525,0,ADV,125.8,3.0,306.0,2.0,2,1210,0,0,0,0,0,0
CF,ADV,24.418964,54.673244,0,ADV,0.0,0.0,306.0,3.0,1,253,0,0,0,0,3,0
CA,0,306.0,2,490,0,0,0,0,0,0
FD,ADV,24.418964,54.673244,0,ADV,0.0,10.0,306.0,10.0,0,0,0,0,0,0,0,0
DF,ADV,24.418964,54.673244,2, ,0.0,0.0,1,4000,0,0,0,0,0,0
HM,ADV,24.418964,54.673244,1, ,0.0,0.0,98.0,04.3,0,0,0,0,0,0,0,0,0

APPTR,I13L,13L,IMSIG
IF,IMSIG,24.659333,54.331861, ,0.0,0.0,2,5000,0,1,210,0,1,0
TF,AA409,24.591639,54.459528,0,IAS,0.0,0.0,0.0,0.0,1,2000,0,0,0,0,1,0

APPTR,I13L,13L,ORDAK
IF,ORDAK,24.673556,54.343917, ,0.0,0.0,1,4000,0,1,210,0,1,0
TF,AA408,24.632722,54.401833,0, ,0.0,0.0,0.0,0.0,1,3000,0,0,0,0,0,0
TF,AA409,24.591639,54.459528,0,IAS,0.0,0.0,0.0,0.0,1,2000,0,0,0,0,1,0

FINAL,I13L,13L,I,3
IF,AA409,24.591639,54.459528,IAS,305.8,14.8,1,2000,0,0,0,0,0,0
CF,RESIG,24.525611,54.552889,0,IAS,305.8,8.4,126.0,6.5,1,2000,0,0,0,0,2,0
CF,RW13L,24.465081,54.638253,0,IAS,305.8,2.4,126.0,5.9,1,118,0,0,0,0,3,0
CF,AA415,24.431444,54.685667,0,ADV,40.3,0.0,126.0,3.3,0,0,0,1,210,0,0,1
CF,DASNU,24.414972,54.894250,0,ADV,89.1,12.1,93.0,11.5,0,0,0,1,210,0,0,0
TF,ALSOV,24.315278,55.043250,0, ,0.0,0.0,0.0,0.0,2,4000,0,1,210,0,0,0
HM,ALSOV,24.315278,55.043250,1, ,0.0,0.0,124.0,04.3,2,4000,0,1,210,0,0,0,0

APPTR,I13R,13R,IMSIG
IF,IMSIG,24.659333,54.331861, ,0.0,0.0,2,5000,0,1,210,0,1,0
TF,AA428,24.618361,54.389639,0, ,0.0,0.0,0.0,0.0,2,4000,0,0,0,0,0,0
TF,AA429,24.577389,54.447417,0,IAE,0.0,0.0,0.0,0.0,1,3000,0,0,0,0,1,0

APPTR,I13R,13R,ORDAK
IF,ORDAK,24.673556,54.343917, ,0.0,0.0,1,4000,0,1,210,0,1,0
TF,AA429,24.577389,54.447417,0,IAE,0.0,0.0,0.0,0.0,1,3000,0,0,0,0,1,0

FINAL,I13R,13R,I,3
IF,AA429,24.577389,54.447417,IAE,305.8,15.4,1,3000,0,0,0,0,0,0
CF,SOKOV,24.536556,54.505250,0,IAE,305.8,11.5,126.0,4.0,1,3000,0,0,0,0,2,0
CF,RW13R,24.444411,54.635186,0,IAE,305.8,2.5,126.0,9.0,1,135,0,0,0,0,3,0
CF,ITKOV,24.288417,54.854528,0,ADV,126.1,12.6,126.0,15.2,2,4000,0,1,210,0,0,0
HM,ITKOV,24.288417,54.854528,2, ,0.0,0.0,126.0,04.3,2,4000,0,1,210,0,0,0,0

APPTR,I31L,31L,ITREN
IF,ITREN,24.206333,54.969472, ,0.0,0.0,2,5000,0,1,210,0,1,0
TF,AA430,24.248139,54.910944,0, ,0.0,0.0,0.0,0.0,2,4000,0,0,0,0,0,0
TF,AA433,24.288528,54.854389,0,IAW,0.0,0.0,0.0,0.0,1,3000,0,0,0,0,1,0

APPTR,I31L,31L,PEGUM
IF,PEGUM,24.220611,54.981583, ,0.0,0.0,1,4000,0,1,210,0,1,0
TF,AA433,24.288528,54.854389,0,IAW,0.0,0.0,0.0,0.0,1,3000,0,0,0,0,1,0

FINAL,I31L,31L,I,3
IF,AA433,24.288528,54.854389,IAW,125.8,15.4,1,3000,0,0,0,0,0,0
CF,EMOSU,24.329556,54.796778,0,IAW,125.8,11.4,306.0,4.0,1,3000,0,0,0,0,2,0
CF,RW31L,24.421700,54.667183,0,IAW,125.8,2.4,306.0,9.0,1,138,0,0,0,0,3,0
CF,VEDEX,24.567222,54.461667,0,ADV,305.5,14.6,306.0,14.2,1,4000,0,1,210,0,0,0
TF,VUTOK,24.551278,54.273917,0, ,0.0,0.0,0.0,0.0,2,4000,0,1,210,0,0,0
HM,VUTOK,24.551278,54.273917,2, ,0.0,0.0,263.0,04.3,2,4000,0,1,210,0,0,0,0

APPTR,I31R,31R,ITREN
IF,ITREN,24.206333,54.969472, ,0.0,0.0,2,5000,0,1,210,0,1,0
TF,AA421,24.303639,54.865750,0,IAN,0.0,0.0,0.0,0.0,1,2000,0,0,0,0,1,0

APPTR,I31R,31R,PEGUM
IF,PEGUM,24.220611,54.981583, ,0.0,0.0,1,4000,0,1,210,0,1,0
TF,AA420,24.262333,54.923139,0, ,0.0,0.0,0.0,0.0,1,3000,0,0,0,0,0,0
TF,AA421,24.303639,54.865750,0,IAN,0.0,0.0,0.0,0.0,1,2000,0,0,0,0,1,0

FINAL,I31R,31R,I,3
IF,AA421,24.303639,54.865750,IAN,125.7,15.9,1,2000,0,0,0,0,0,0
CF,LOSOV,24.382139,54.755028,0,IAN,125.8,8.3,306.0,7.7,1,2000,0,0,0,0,2,0
CF,RW31R,24.442400,54.670211,0,IAN,125.8,2.4,306.0,5.9,1,128,0,0,0,0,3,0
CF,AA416,24.470194,54.631028,0,ADV,321.0,3.8,306.0,2.7,0,0,0,1,210,0,0,1
CF,TADBU,24.619806,54.569083,0,ADV,332.6,13.3,338.0,9.6,0,0,0,1,210,0,0,0
TF,LUBUS,24.736778,54.441750,0, ,0.0,0.0,0.0,0.0,2,4000,0,1,210,0,0,0
HM,LUBUS,24.736778,54.441750,2, ,0.0,0.0,313.0,04.3,2,4000,0,1,210,0,0,0,0

