SID,ASNE1E,16,5
DF,DARTO,25.501278,55.972472,0, ,0.0,0.0,2,1900,0,1,210,0,0,1
CF,RK332,25.641917,56.025833,1,RAV,51.4,5.4,338.0,7.0,0,0,0,0,0,0,0,0
TF,DARIV,25.820167,55.972306,0, ,0.0,0.0,0.0,0.0,0,0,0,0,0,0,0,0
TF,ASNEK,25.941861,55.817972,0, ,0.0,0.0,0.0,0.0,1,6000,0,0,0,0,0,0

SID,ASNE1N,34,5
DF,NOMDI,25.715917,55.908000,0, ,0.0,0.0,2,1700,0,0,0,0,0,1
TF,EGMAP,25.798167,55.883194,0, ,0.0,0.0,0.0,0.0,0,0,0,0,0,0,0,0
TF,ASNEK,25.941861,55.817972,0, ,0.0,0.0,0.0,0.0,1,6000,0,0,0,0,0,0

SID,ASNE1W,16,5
DF,RK331,25.548611,55.958278,0, ,0.0,0.0,2,1000,0,1,210,0,0,1
DF,ASKUM,25.599444,55.847444,2, ,0.0,0.0,0,0,0,0,0,0,0,0
TF,BOTUT,25.776139,55.794111,0, ,0.0,0.0,0.0,0.0,0,0,0,0,0,0,0,0
TF,ASNEK,25.941861,55.817972,0, ,0.0,0.0,0.0,0.0,1,6000,0,0,0,0,0,0

SID,EMOP2E,34,5
DF,RK462,25.758806,55.895056,0, ,0.0,0.0,2,2500,0,1,210,0,0,1
CF,RK332,25.641917,56.025833,2,RAV,51.4,5.4,166.0,9.0,0,0,0,0,0,0,0,0
TF,RK333,25.522694,56.061556,0, ,0.0,0.0,0.0,0.0,0,0,0,0,0,0,0,0
TF,EMOPI,25.438889,56.150000,0, ,0.0,0.0,0.0,0.0,2,6000,0,0,0,0,0,0

SID,EMOP2S,16,5
DF,DARTO,25.501278,55.972472,0, ,0.0,0.0,2,1900,0,1,210,0,0,1
CF,EMOPI,25.438889,56.150000,0,RAV,126.9,14.2,101.0,10.0,2,6000,0,0,0,0,0,0

SID,EMOP2W,34,5
DF,RK461,25.678139,55.919361,0, ,0.0,0.0,2,900,0,1,210,0,0,1
DF,ASKUM,25.599444,55.847444,1, ,0.0,0.0,0,0,0,0,0,0,0,0
TF,EMOPI,25.438889,56.150000,0, ,0.0,0.0,0.0,0.0,2,6000,0,0,0,0,0,0

SID,PUVA1N,34,5
DF,RK461,25.678139,55.919361,0, ,0.0,0.0,2,900,0,1,210,0,0,1
DF,PUVAL,25.599444,55.716111,1, ,0.0,0.0,3,4000,0,0,0,0,0,0

SID,PUVA1S,16,5
DF,RK331,25.548611,55.958278,0, ,0.0,0.0,2,1000,0,1,210,0,0,1
DF,PUVAL,25.599444,55.716111,2, ,0.0,0.0,3,4000,0,0,0,0,0,0

STAR,ALSI1N,16,5
IF,ALSIL,25.486417,55.777611, ,0.0,0.0,2,5000,0,0,0,0,0,0
TF,ASKUM,25.599444,55.847444,0, ,0.0,0.0,0.0,0.0,0,0,0,0,0,0,0,0
TF,BOTUT,25.776139,55.794111,0, ,0.0,0.0,0.0,0.0,2,3000,0,1,210,0,0,0
TF,EGMAP,25.798167,55.883194,0, ,0.0,0.0,0.0,0.0,2,2000,0,0,0,0,0,0

STAR,ALSI1S,34,5
IF,ALSIL,25.486417,55.777611, ,0.0,0.0,2,5000,0,0,0,0,0,0
TF,EGLOP,25.389000,55.910722,0, ,0.0,0.0,0.0,0.0,2,3000,0,1,210,0,0,0
TF,BOSEG,25.410972,55.999528,0, ,0.0,0.0,0.0,0.0,2,2600,0,0,0,0,0,0

STAR,EGPE1E,34,5
IF,EGPEP,25.963000,55.972917, ,0.0,0.0,3,7000,0,0,0,0,0,0
TF,DARIV,25.820167,55.972306,0, ,0.0,0.0,0.0,0.0,0,0,0,0,0,0,0,0
TF,RK332,25.641917,56.025833,0, ,0.0,0.0,0.0,0.0,0,0,0,0,0,0,0,0
TF,RK333,25.522694,56.061556,0, ,0.0,0.0,0.0,0.0,0,0,0,0,0,0,0,0
TF,GEVAM,25.432889,56.088389,0, ,0.0,0.0,0.0,0.0,2,3500,0,1,200,0,0,0
TF,BOSEG,25.410972,55.999528,0, ,0.0,0.0,0.0,0.0,2,2600,0,0,0,0,0,0

STAR,EGPE2N,16,5
IF,EGPEP,25.963000,55.972917, ,0.0,0.0,3,7000,0,0,0,0,0,0
TF,EGMAP,25.798167,55.883194,0, ,0.0,0.0,0.0,0.0,2,2000,0,1,210,0,0,0

STAR,EGPE2W,34,5
IF,EGPEP,25.963000,55.972917, ,0.0,0.0,3,7000,0,0,0,0,0,0
TF,ASKUM,25.599444,55.847444,0, ,0.0,0.0,0.0,0.0,0,0,0,0,0,0,0,0
TF,ITIKO,25.510389,55.874250,0, ,0.0,0.0,0.0,0.0,0,0,0,0,0,0,0,0
TF,EGLOP,25.389000,55.910722,0, ,0.0,0.0,0.0,0.0,2,3000,0,1,210,0,0,0
TF,BOSEG,25.410972,55.999528,0, ,0.0,0.0,0.0,0.0,2,2600,0,0,0,0,0,0

STAR,LAGL1S,34,5
IF,LAGLI,25.390278,56.240833, ,0.0,0.0,2,6000,0,0,0,0,0,0
TF,EMOPI,25.438889,56.150000,0, ,0.0,0.0,0.0,0.0,2,3700,0,0,0,0,0,0
TF,GEVAM,25.432889,56.088389,0, ,0.0,0.0,0.0,0.0,2,3500,0,1,200,0,0,0
TF,BOSEG,25.410972,55.999528,0, ,0.0,0.0,0.0,0.0,2,2600,0,0,0,0,0,0

STAR,LAGL2E,16,5
IF,LAGLI,25.390278,56.240833, ,0.0,0.0,2,7000,0,0,0,0,0,0
TF,EMOPI,25.438889,56.150000,0, ,0.0,0.0,0.0,0.0,2,3700,0,0,0,0,0,0
TF,RK333,25.522694,56.061556,0, ,0.0,0.0,0.0,0.0,0,0,0,0,0,0,0,0
TF,RK332,25.641917,56.025833,0, ,0.0,0.0,0.0,0.0,0,0,0,0,0,0,0,0
TF,DARIV,25.820167,55.972306,0, ,0.0,0.0,0.0,0.0,2,3000,0,1,210,0,0,0
TF,EGMAP,25.798167,55.883194,0, ,0.0,0.0,0.0,0.0,2,2000,0,0,0,0,0,0

STAR,LAGL2W,16,5
IF,LAGLI,25.390278,56.240833, ,0.0,0.0,2,7000,0,0,0,0,0,0
TF,EMOPI,25.438889,56.150000,0, ,0.0,0.0,0.0,0.0,2,3700,0,0,0,0,0,0
TF,ASKUM,25.599444,55.847444,0, ,0.0,0.0,0.0,0.0,0,0,0,0,0,0,0,0
TF,BOTUT,25.776139,55.794111,0, ,0.0,0.0,0.0,0.0,2,3000,0,1,210,0,0,0
TF,EGMAP,25.798167,55.883194,0, ,0.0,0.0,0.0,0.0,2,2000,0,0,0,0,0,0

STAR,NADN2E,16,5
IF,NADNI,25.320889,55.949694, ,0.0,0.0,1,6000,0,0,0,0,0,0
TF,BOSEG,25.410972,55.999528,0, ,0.0,0.0,0.0,0.0,0,0,0,0,0,0,0,0
TF,RK333,25.522694,56.061556,0, ,0.0,0.0,0.0,0.0,0,0,0,0,0,0,0,0
TF,RK332,25.641917,56.025833,0, ,0.0,0.0,0.0,0.0,0,0,0,0,0,0,0,0
TF,DARIV,25.820167,55.972306,0, ,0.0,0.0,0.0,0.0,2,3000,0,1,210,0,0,0
TF,EGMAP,25.798167,55.883194,0, ,0.0,0.0,0.0,0.0,2,2000,0,0,0,0,0,0

STAR,NADN2S,34,5
IF,NADNI,25.320889,55.949694, ,0.0,0.0,4,6000,4000,1,210,0,0,0
TF,BOSEG,25.410972,55.999528,0, ,0.0,0.0,0.0,0.0,2,2600,0,0,0,0,0,0

STAR,NADN2W,16,5
IF,NADNI,25.320889,55.949694, ,0.0,0.0,1,6000,0,0,0,0,0,0
TF,ITIKO,25.510389,55.874250,0, ,0.0,0.0,0.0,0.0,0,0,0,0,0,0,0,0
TF,ASKUM,25.599444,55.847444,0, ,0.0,0.0,0.0,0.0,0,0,0,0,0,0,0,0
TF,BOTUT,25.776139,55.794111,0, ,0.0,0.0,0.0,0.0,2,3000,0,1,210,0,0,0
TF,EGMAP,25.798167,55.883194,0, ,0.0,0.0,0.0,0.0,2,2000,0,0,0,0,0,0

APPTR,D16-Y,16,GENUK
IF,GENUK,25.467861,55.747000, ,0.0,0.0,0,0,0,0,0,0,1,0
AF,D300M,25.703478,55.742889,2,RAV,300.0,13.0,235.0,2,2100,0,0,0,0,0,0
AF,EGMAP,25.798167,55.883194,2,RAV,342.8,13.0,300.0,2,2000,0,0,0,0,1,0

APPTR,D16-Y,16,KANUD
IF,KANUD,25.865306,55.916000, ,0.0,0.0,0,0,0,0,0,0,1,0
CI,0, ,0.0,173.0,0,0,0,0,0,0,0,0
CF,EGMAP,25.798167,55.883194,0,RAV,342.8,13.0,208.0,4.0,2,2000,0,0,0,0,1,0

APPTR,D16-Y,16,RAV
IF,RAV,25.588453,55.946319, ,0.0,0.0,2,3000,0,0,0,0,0,0
FD,RAV,25.588453,55.946319,0,RAV,0.0,13.0,350.0,13.0,2,2000,0,0,0,0,0,0
CF,EGMAP,25.798167,55.883194,1,RAV,342.8,13.0,163.0,1.0,2,2000,0,0,0,0,1,0

FINAL,D16-Y,16,D,4
IF,EGMAP,25.798167,55.883194,RAV,342.8,13.0,2,2000,0,0,0,0,0,0
CF,NOMDI,25.715917,55.908000,0,RAV,342.8,7.9,163.0,5.1,2,1800,0,0,0,0,2,0
CF,46VOR,25.662650,55.924022,0,RAV,342.8,4.6,163.0,3.3,2,750,0,0,0,0,0,0
CF,RW16,25.629747,55.933911,0,RAV,342.8,2.6,163.0,2.0,1,114,0,0,0,0,3,0
CF,DARTO,25.501278,55.972472,0,RAV,162.8,5.4,163.0,8.0,0,0,0,0,0,0,0,1
DF,RAV,25.588453,55.946319,2, ,0.0,0.0,1,3000,0,0,0,0,0,0
HM,RAV,25.588453,55.946319,1, ,0.0,0.0,360.0,04.3,0,0,0,0,0,0,0,0,0

APPTR,D16-Z,16,GENUK
IF,GENUK,25.467861,55.747000, ,0.0,0.0,0,0,0,0,0,0,1,0
AF,D300M,25.703478,55.742889,2,RAV,300.0,13.0,235.0,2,2100,0,0,0,0,0,0
AF,EGMAP,25.798167,55.883194,2,RAV,342.8,13.0,300.0,2,2000,0,0,0,0,1,0

APPTR,D16-Z,16,KANUD
IF,KANUD,25.865306,55.916000, ,0.0,0.0,0,0,0,0,0,0,1,0
CI,0, ,0.0,173.0,0,0,0,0,0,0,0,0
CF,EGMAP,25.798167,55.883194,0,RAV,342.8,13.0,208.0,4.0,2,2000,0,0,0,0,1,0

APPTR,D16-Z,16,RAV
IF,RAV,25.588453,55.946319, ,0.0,0.0,2,4000,0,1,230,0,0,0
FD,RAV,25.588453,55.946319,0,RAV,0.0,13.0,1.0,13.0,2,2000,0,0,0,0,0,0
CF,EGMAP,25.798167,55.883194,1,RAV,342.8,13.0,163.0,1.0,2,2000,0,0,0,0,1,0

FINAL,D16-Z,16,D,4
IF,EGMAP,25.798167,55.883194,RAV,342.8,13.0,2,2000,0,0,0,0,0,0
CF,NOMDI,25.715917,55.908000,0,RAV,342.8,7.9,163.0,5.1,2,1800,0,0,0,0,2,0
CF,46VOR,25.662650,55.924022,0,RAV,342.8,4.6,163.0,3.3,2,750,0,0,0,0,0,0
CF,RW16,25.629747,55.933911,0,RAV,342.8,2.6,163.0,2.0,1,114,0,0,0,0,3,0
CF,DARTO,25.501278,55.972472,0,RAV,162.8,5.4,163.0,8.0,0,0,0,0,0,0,0,1
DF,RAV,25.588453,55.946319,2, ,0.0,0.0,1,4000,0,1,230,0,0,0
HM,RAV,25.588453,55.946319,1, ,0.0,0.0,360.0,04.3,0,0,0,1,230,0,0,0,0

APPTR,D34-Y,34,ALSIL
IF,ALSIL,25.486417,55.777611, ,0.0,0.0,0,0,0,0,0,0,1,0
AF,BOSEG,25.410972,55.999528,1,RAV,162.8,11.0,235.0,2,2500,0,0,0,0,1,0

APPTR,D34-Y,34,NADNI
IF,NADNI,25.320889,55.949694, ,0.0,0.0,0,0,0,0,0,0,1,0
CF,BOSEG,25.410972,55.999528,0,RAV,162.8,11.0,28.0,6.0,2,2500,0,0,0,0,1,0

APPTR,D34-Y,34,RAV
IF,RAV,25.588453,55.946319, ,0.0,0.0,2,3000,0,0,0,0,0,0
FD,RAV,25.588453,55.946319,0,RAV,0.0,11.0,172.0,11.0,2,2500,0,0,0,0,0,0
CF,BOSEG,25.410972,55.999528,1,RAV,162.8,11.0,343.0,1.0,2,2500,0,0,0,0,1,0

FINAL,D34-Y,34,D,4
IF,BOSEG,25.410972,55.999528,RAV,162.8,11.0,2,2500,0,0,0,0,0,0
CF,DARTO,25.501278,55.972472,0,RAV,162.8,5.4,343.0,5.6,2,2000,0,0,0,0,2,0
CF,16VOR,25.562642,55.954064,0,RAV,162.8,1.6,343.0,3.8,2,780,0,0,0,0,0,0
CF,RAV,25.588453,55.946319,0,RAV,0.0,0.0,343.0,1.6,1,323,0,0,0,0,3,0
CF,EGMAP,25.798167,55.883194,0,RAV,342.8,13.0,343.0,13.0,1,3000,0,0,0,0,0,0
HM,EGMAP,25.798167,55.883194,2, ,0.0,0.0,163.0,05,0,0,0,0,0,0,0,0,0

APPTR,D34-Z,34,ALSIL
IF,ALSIL,25.486417,55.777611, ,0.0,0.0,0,0,0,0,0,0,1,0
AF,BOSEG,25.410972,55.999528,1,RAV,162.8,11.0,235.0,2,2500,0,0,0,0,1,0

APPTR,D34-Z,34,NADNI
IF,NADNI,25.320889,55.949694, ,0.0,0.0,0,0,0,0,0,0,1,0
CF,BOSEG,25.410972,55.999528,0,RAV,162.8,11.0,28.0,6.0,2,2500,0,0,0,0,1,0

APPTR,D34-Z,34,RAV
IF,RAV,25.588453,55.946319, ,0.0,0.0,2,4000,0,1,230,0,0,0
FD,RAV,25.588453,55.946319,0,RAV,0.0,11.0,184.0,11.0,2,2500,0,0,0,0,0,0
CF,BOSEG,25.410972,55.999528,1,RAV,162.8,11.0,343.0,1.0,2,2500,0,0,0,0,1,0

FINAL,D34-Z,34,D,4
IF,BOSEG,25.410972,55.999528,RAV,162.8,11.0,2,2500,0,0,0,0,0,0
CF,DARTO,25.501278,55.972472,0,RAV,162.8,5.4,343.0,5.6,2,2000,0,0,0,0,2,0
CF,16VOR,25.562642,55.954064,0,RAV,162.8,1.6,343.0,3.8,2,780,0,0,0,0,0,0
CF,RAV,25.588453,55.946319,0,RAV,0.0,0.0,343.0,1.6,1,323,0,0,0,0,3,0
CF,EGMAP,25.798167,55.883194,0,RAV,342.8,13.0,343.0,13.0,1,3000,0,0,0,0,0,0
HM,EGMAP,25.798167,55.883194,2, ,0.0,0.0,163.0,05,0,0,0,1,210,0,0,0,0

APPTR,I34-Y,34,ALSIL
IF,ALSIL,25.486417,55.777611, ,0.0,0.0,0,0,0,0,0,0,1,0
AF,D174K,25.405000,55.960442,1,RAV,174.0,11.0,235.0,2,2500,0,0,0,0,0,0
VI,0,IRK,0.0,13.0,0,0,0,0,0,0,0,0

APPTR,I34-Y,34,NADNI
IF,NADNI,25.320889,55.949694, ,0.0,0.0,0,0,0,0,0,0,1,0
CF,BOSEG,25.410972,55.999528,0,IRK,162.8,13.7,28.0,6.0,2,2500,0,0,0,0,1,0

APPTR,I34-Y,34,RAV
IF,RAV,25.588453,55.946319, ,0.0,0.0,2,3000,0,0,0,0,0,0
FD,RAV,25.588453,55.946319,0,RAV,0.0,11.0,172.0,11.0,2,2500,0,0,0,0,0,0
CF,BOSEG,25.410972,55.999528,1,IRK,162.8,13.7,343.0,1.0,2,2500,0,0,0,0,1,0

FINAL,I34-Y,34,I,3
IF,BOSEG,25.410972,55.999528,IRK,162.8,13.7,2,2500,0,0,0,0,0,0
CF,DARTO,25.501278,55.972472,0,IRK,162.8,8.1,343.0,5.6,1,2000,0,0,0,0,2,0
CF,RW34,25.597000,55.943753,0,IRK,162.8,2.2,343.0,5.9,1,154,0,0,0,0,3,0
CF,EGMAP,25.798167,55.883194,0,RAV,342.8,13.0,343.0,12.5,1,3000,0,0,0,0,0,0
HM,EGMAP,25.798167,55.883194,2, ,0.0,0.0,163.0,05,0,0,0,0,0,0,0,0,0

APPTR,I34-Z,34,ALSIL
IF,ALSIL,25.486417,55.777611, ,0.0,0.0,0,0,0,0,0,0,1,0
AF,D174K,25.405000,55.960442,1,RAV,174.0,11.0,235.0,2,2500,0,0,0,0,0,0
VI,0,IRK,0.0,13.0,0,0,0,0,0,0,0,0

APPTR,I34-Z,34,NADNI
IF,NADNI,25.320889,55.949694, ,0.0,0.0,0,0,0,0,0,0,1,0
CF,BOSEG,25.410972,55.999528,0,IRK,162.8,13.7,28.0,6.0,2,2500,0,0,0,0,1,0

APPTR,I34-Z,34,RAV
IF,RAV,25.588453,55.946319, ,0.0,0.0,2,4000,0,1,230,0,0,0
FD,RAV,25.588453,55.946319,0,RAV,0.0,11.0,184.0,11.0,2,2500,0,0,0,0,0,0
CF,BOSEG,25.410972,55.999528,1,IRK,162.8,13.7,343.0,1.0,2,2500,0,0,0,0,1,0

FINAL,I34-Z,34,I,3
IF,BOSEG,25.410972,55.999528,IRK,162.8,13.7,2,2500,0,0,0,0,0,0
CF,DARTO,25.501278,55.972472,0,IRK,162.8,8.1,343.0,5.6,1,2000,0,0,0,0,2,0
CF,RW34,25.597000,55.943753,0,IRK,162.8,2.2,343.0,5.9,1,154,0,0,0,0,3,0
CF,EGMAP,25.798167,55.883194,0,RAV,342.8,13.0,343.0,12.5,1,3000,0,0,0,0,0,0
HM,EGMAP,25.798167,55.883194,2, ,0.0,0.0,163.0,05,0,0,0,1,210,0,0,0,0

APPTR,R16,16,BOTUT
IF,BOTUT,25.776139,55.794111, ,0.0,0.0,2,3000,0,1,210,0,1,0
TF,EGMAP,25.798167,55.883194,0, ,0.0,0.0,0.0,0.0,2,2000,0,0,0,0,0,0

APPTR,R16,16,DARIV
IF,DARIV,25.820167,55.972306, ,0.0,0.0,2,3000,0,1,210,0,1,0
TF,EGMAP,25.798167,55.883194,0, ,0.0,0.0,0.0,0.0,2,2000,0,0,0,0,0,0

FINAL,R16,16,R,4
IF,EGMAP,25.798167,55.883194, ,0.0,0.0,2,2000,0,0,0,0,0,0
TF,RK671,25.732167,55.903083,0, ,0.0,0.0,163.0,4.1,1,2000,0,1,210,0,2,0
TF,RK162,25.670083,55.921778,0, ,0.0,0.0,163.0,3.9,2,860,0,0,0,0,0,0
TF,RW16,25.629747,55.933911,0, ,0.0,0.0,163.0,2.5,1,114,0,0,0,0,3,1
DF,RK661,25.496194,55.974000,0, ,0.0,0.0,0,0,0,0,0,0,0,1
DF,ASKUM,25.599444,55.847444,2, ,0.0,0.0,1,3000,0,0,0,0,0,1
HM,ASKUM,25.599444,55.847444,2, ,0.0,0.0,343.0,04.3,1,3000,0,1,210,0,0,0,0

APPTR,R34,34,EGLOP
IF,EGLOP,25.389000,55.910722, ,0.0,0.0,2,3000,0,1,210,0,1,0
TF,BOSEG,25.410972,55.999528,0, ,0.0,0.0,0.0,0.0,2,2600,0,1,200,0,1,0

APPTR,R34,34,GEVAM
IF,GEVAM,25.432889,56.088389, ,0.0,0.0,2,3500,0,1,200,0,1,0
TF,BOSEG,25.410972,55.999528,0, ,0.0,0.0,0.0,0.0,2,2600,0,1,200,0,1,0

FINAL,R34,34,R,4
IF,BOSEG,25.410972,55.999528, ,0.0,0.0,2,2600,0,1,200,0,0,0
TF,RK661,25.496194,55.974000,0, ,0.0,0.0,343.0,5.3,1,2000,0,0,0,0,2,0
TF,RK342,25.564722,55.953444,0, ,0.0,0.0,343.0,4.3,2,740,0,0,0,0,0,0
TF,RW34,25.597000,55.943753,0, ,0.0,0.0,343.0,2.0,1,144,0,0,0,0,3,1
DF,EGMAP,25.798167,55.883194,0, ,0.0,0.0,0,0,0,0,0,0,0,1
HM,EGMAP,25.798167,55.883194,2, ,0.0,0.0,163.0,04.3,1,3000,0,1,210,0,0,0,0

