APPTR,N08,08,BW1
IF,BW,29.349853,71.709578, ,0.0,0.0,2,3000,0,0,0,0,0,0
FC,BW,29.349853,71.709578,0,BW,0.0,0.0,275.0,7.0,2,2000,0,0,0,0,0,1
CF,FN08,29.319703,71.615158,1,BW,249.0,5.3,69.0,2.0,2,2000,0,0,0,0,0,0

APPTR,N08,08,BW2
IF,BW,29.349853,71.709578, ,0.0,0.0,2,3000,0,0,0,0,0,0
FC,BW,29.349853,71.709578,0,BW,0.0,0.0,261.0,7.0,2,2000,0,0,0,0,0,1
CF,FN08,29.319703,71.615158,1,BW,249.0,5.3,69.0,2.0,2,2000,0,0,0,0,0,0

FINAL,N08,08,N,2
IF,FN08,29.319703,71.615158,BW,0.0,0.0,2,2000,0,0,0,0,2,0
CF,RW08,29.345753,71.703769,0,BW,0.0,0.0,69.0,4.9,1,442,0,0,0,0,3,1
TF,BW,29.349853,71.709578,0, ,0.0,0.0,0.0,0.0,2,800,0,0,0,0,0,0
CA,0,69.0,2,1500,0,0,0,0,0,0
DF,BW,29.349853,71.709578,1, ,0.0,0.0,1,2000,0,0,0,0,0,0
HM,BW,29.349853,71.709578,2, ,0.0,0.0,275.0,04.3,0,0,0,0,0,0,0,0,0

APPTR,N26,26,BW1
IF,BW,29.349853,71.709578, ,0.0,0.0,2,3000,0,0,0,0,0,0
FC,BW,29.349853,71.709578,0,BW,0.0,0.0,108.0,7.0,2,2000,0,0,0,0,0,1
CF,FN26,29.362203,71.824869,1,BW,82.0,6.1,262.0,2.0,2,2000,0,0,0,0,0,0

APPTR,N26,26,BW2
IF,BW,29.349853,71.709578, ,0.0,0.0,2,3000,0,0,0,0,0,0
FC,BW,29.349853,71.709578,0,BW,0.0,0.0,94.0,7.0,2,2000,0,0,0,0,0,1
CF,FN26,29.362203,71.824869,1,BW,82.0,6.1,262.0,2.0,2,2000,0,0,0,0,0,0

FINAL,N26,26,N,2
IF,FN26,29.362203,71.824869,BW,0.0,0.0,2,2000,0,0,0,0,2,0
CF,RW26,29.350653,71.732314,0,BW,0.0,0.0,262.0,4.9,1,441,0,0,0,0,3,1
TF,BW,29.349853,71.709578,0, ,0.0,0.0,0.0,0.0,2,800,0,0,0,0,0,0
CA,0,262.0,2,1500,0,0,0,0,0,0
DF,BW,29.349853,71.709578,1, ,0.0,0.0,1,2000,0,0,0,0,0,0
HM,BW,29.349853,71.709578,2, ,0.0,0.0,108.0,04.3,0,0,0,0,0,0,0,0,0

APPTR,R08,08,BUVIL
IF,BUVIL,29.380833,71.527778, ,0.0,0.0,2,3000,0,1,210,0,1,0
TF,BW401,29.318028,71.542972,0, ,0.0,0.0,0.0,0.0,2,2000,0,1,190,0,1,0

APPTR,R08,08,MURLI
IF,MURLI,29.295278,71.423056, ,0.0,0.0,1,3000,0,1,210,0,1,0
TF,BW401,29.318028,71.542972,0, ,0.0,0.0,0.0,0.0,2,2000,0,1,190,0,1,0

APPTR,R08,08,SALIK
IF,SALIK,29.253056,71.557222, ,0.0,0.0,2,3000,0,1,210,0,1,0
TF,BW401,29.318028,71.542972,0, ,0.0,0.0,0.0,0.0,2,2000,0,1,190,0,1,0

FINAL,R08,08,R,3
IF,BW401,29.318028,71.542972, ,0.0,0.0,2,2000,0,1,190,0,0,0
TF,BW402,29.329972,71.612167,0, ,0.0,0.0,78.0,3.7,1,2000,0,0,0,0,2,0
TF,RW08,29.345753,71.703769,0, ,0.0,0.0,78.0,4.9,1,442,0,0,0,0,3,1
CA,0,78.0,2,1500,0,0,0,0,0,0
DF,SALIK,29.253056,71.557222,2, ,0.0,0.0,1,2000,0,1,210,0,0,1

APPTR,R26,26,BUMBU
IF,BUMBU,29.294444,71.801389, ,0.0,0.0,2,3000,0,1,210,0,1,0
TF,BW361,29.313000,71.907528,0, ,0.0,0.0,0.0,0.0,2,3000,0,0,0,0,0,0
TF,BW362,29.378111,71.893000,0, ,0.0,0.0,0.0,0.0,2,2000,0,1,190,0,1,0

APPTR,R26,26,MASKI
IF,MASKI,29.443333,71.878611, ,0.0,0.0,2,3000,0,1,210,0,1,0
TF,BW362,29.378111,71.893000,0, ,0.0,0.0,0.0,0.0,2,2000,0,1,190,0,1,0

FINAL,R26,26,R,3
IF,BW362,29.378111,71.893000, ,0.0,0.0,2,2000,0,1,190,0,0,0
TF,BW363,29.366306,71.823722,0, ,0.0,0.0,258.0,3.7,1,2000,0,0,0,0,2,0
TF,RW26,29.350653,71.732314,0, ,0.0,0.0,258.0,4.9,1,446,0,0,0,0,3,1
CA,0,258.0,2,1500,0,0,0,0,0,0
DF,BUMBU,29.294444,71.801389,1, ,0.0,0.0,1,2000,0,1,210,0,0,1

