APPTR,N14,14,SK1
IF,SK,27.722294,68.796117, ,0.0,0.0,2,3000,0,0,0,0,1,0
FC,SK,27.722294,68.796117,0,SK,0.0,0.0,340.0,7.0,2,1800,0,0,0,0,0,1
CF,FN14,27.790458,68.719442,1,SK,314.0,5.8,134.0,2.0,2,1800,0,0,0,0,0,0

APPTR,N14,14,SK2
IF,SK,27.722294,68.796117, ,0.0,0.0,2,3000,0,0,0,0,1,0
FC,SK,27.722294,68.796117,0,SK,0.0,0.0,340.0,9.0,2,1800,0,0,0,0,0,1
CF,FN14,27.790458,68.719442,1,SK,314.0,5.8,134.0,4.0,2,1800,0,0,0,0,0,0

FINAL,N14,14,N,2
IF,FN14,27.790458,68.719442,SK,0.0,0.0,2,1800,0,0,0,0,2,0
CF,RW14,27.731531,68.783022,0,SK,0.0,0.0,134.0,4.9,1,246,0,0,0,0,3,0
CF,SK,27.722294,68.796117,0,SK,0.0,0.0,134.0,1.0,0,0,0,0,0,0,0,0
CA,0,134.0,2,1500,0,0,0,0,0,0
DF,SK,27.722294,68.796117,2, ,0.0,0.0,1,2000,0,0,0,0,0,0

APPTR,N32,32,SK1
IF,SK,27.722294,68.796117, ,0.0,0.0,2,3000,0,1,210,0,1,0
FC,SK,27.722294,68.796117,0,SK,0.0,0.0,170.0,7.0,2,1800,0,0,0,0,0,1
CF,FN32,27.644911,68.852539,1,SK,146.0,5.5,326.0,2.0,2,1800,0,0,0,0,0,0

APPTR,N32,32,SK2
IF,SK,27.722294,68.796117, ,0.0,0.0,2,3000,0,1,210,0,1,0
FC,SK,27.722294,68.796117,0,SK,0.0,0.0,170.0,9.0,2,1800,0,0,0,0,0,1
CF,FN32,27.644911,68.852539,1,SK,146.0,5.5,326.0,4.0,2,1800,0,0,0,0,0,0

FINAL,N32,32,N,2
IF,FN32,27.644911,68.852539,SK,0.0,0.0,2,1800,0,0,0,0,2,0
CF,RW32,27.712503,68.800633,0,SK,0.0,0.0,326.0,4.9,1,242,0,0,0,0,3,0
CF,SK,27.722294,68.796117,0,SK,0.0,0.0,326.0,0.6,0,0,0,0,0,0,0,0
CA,0,326.0,2,1500,0,0,0,0,0,0
DF,SK,27.722294,68.796117,1, ,0.0,0.0,1,2000,0,0,0,0,0,0

APPTR,R14,14,SABUG
IF,SABUG,27.889028,68.734472, ,0.0,0.0,2,3000,0,1,220,0,1,0
TF,SK361,27.846083,68.676833,0, ,0.0,0.0,0.0,0.0,2,1800,0,1,200,0,1,0

APPTR,R14,14,SOTRU
IF,SOTRU,27.804000,68.618417, ,0.0,0.0,2,3000,0,1,220,0,1,0
TF,SK361,27.846083,68.676833,0, ,0.0,0.0,0.0,0.0,2,1800,0,1,200,0,1,0

FINAL,R14,14,R,3
IF,SK361,27.846083,68.676833, ,0.0,0.0,2,1800,0,1,200,0,0,0
TF,SK362,27.794500,68.724694,0, ,0.0,0.0,139.0,4.0,1,1800,0,0,0,0,2,0
TF,RW14,27.731531,68.783022,0, ,0.0,0.0,139.0,4.9,1,246,0,0,0,0,3,1
CA,0,139.0,2,1200,0,0,0,0,0,0
DF,SOTRU,27.804000,68.618417,2, ,0.0,0.0,1,2000,0,1,220,0,0,0

APPTR,R32,32,AKENU
IF,AKENU,27.639778,68.965056, ,0.0,0.0,2,3000,0,1,220,0,1,0
TF,SK371,27.597694,68.906722,0, ,0.0,0.0,0.0,0.0,2,1800,0,1,200,0,1,0

APPTR,R32,32,LUTUB
IF,LUTUB,27.554722,68.849250, ,0.0,0.0,2,3000,0,1,220,0,1,0
TF,SK371,27.597694,68.906722,0, ,0.0,0.0,0.0,0.0,2,1800,0,1,200,0,1,0

FINAL,R32,32,R,3
IF,SK371,27.597694,68.906722, ,0.0,0.0,2,1800,0,1,200,0,0,0
TF,SK372,27.649333,68.859028,0, ,0.0,0.0,320.0,4.0,1,1800,0,0,0,0,2,0
TF,RW32,27.712503,68.800633,0, ,0.0,0.0,320.0,4.9,1,242,0,0,0,0,3,1
CA,0,320.0,2,1200,0,0,0,0,0,0
DF,AKENU,27.639778,68.965056,2, ,0.0,0.0,1,2000,0,1,220,0,0,0

