APPTR,D01L,01L,BET
IF,BET,60.784836,-161.824331, ,0.0,0.0,0,0,0,0,0,0,0,0
TF,ANEYA,60.706447,-161.918444,0, ,0.0,0.0,0.0,0.0,2,2500,0,0,0,0,0,0
PI,ANEYA,60.706447,-161.918444,2,BET,151.0,10.0,196,5.0,2,1600,0,0,0,0,1,0

APPTR,D01L,01L,NAVIC
IF,NAVIC,60.666581,-162.152283, ,0.0,0.0,0,0,0,0,0,0,1,0
AF,DURAY,60.612783,-162.030183,1,BET,196.5,12.0,220.0,2,2000,0,0,0,0,1,0

APPTR,D01L,01L,ROLLR
IF,ROLLR,60.856356,-162.205617, ,0.0,0.0,0,0,0,0,0,0,1,0
AF,NAVIC,60.666581,-162.152283,1,BET,219.8,12.0,277.0,2,2000,0,0,0,0,0,0
AF,DURAY,60.612783,-162.030183,1,BET,196.5,12.0,220.0,2,2000,0,0,0,0,1,0

APPTR,D01L,01L,ULOVE
IF,ULOVE,60.601908,-161.662186, ,0.0,0.0,0,0,0,0,0,0,1,0
AF,DURAY,60.612783,-162.030183,2,BET,196.5,12.0,142.0,2,2000,0,0,0,0,1,0

APPTR,D01L,01L,WEEKE
IF,WEEKE,60.814225,-161.420628, ,0.0,0.0,0,0,0,0,0,0,1,0
AF,ULOVE,60.601908,-161.662186,2,BET,142.4,12.0,67.0,2,2000,0,0,0,0,0,0
AF,DURAY,60.612783,-162.030183,2,BET,196.5,12.0,142.0,2,2000,0,0,0,0,1,0

FINAL,D01L,01L,D,3
IF,DURAY,60.612783,-162.030183,BET,196.5,12.0,2,2000,0,0,0,0,0,0
CF,ANEYA,60.706447,-161.918444,0,BET,196.5,5.5,16.0,6.5,2,1600,0,0,0,0,2,0
CF,VIRUC,60.760875,-161.853169,0,BET,196.5,1.7,16.0,3.8,1,399,0,0,0,0,3,0
CA,0,16.0,2,800,0,0,0,0,0,0
CF,ROLLR,60.856356,-162.205617,1,BET,277.2,12.0,277.0,12.0,2,2000,0,0,0,0,0,0
HM,ROLLR,60.856356,-162.205617,2, ,0.0,0.0,97.0,04.3,0,0,0,0,0,0,0,0,0

APPTR,I19RY,19R,CATUB
HF,CATUB,60.969008,-161.667314,2, ,0.0,0.0,193.0,04,2,1800,0,0,0,0,1,0,0

APPTR,I19RY,19R,RATNE
FC,RATNE,60.902078,-161.354644,0,BET,0.0,0.0,283.0,6.0,2,1800,0,0,0,0,1,0
CF,CATUB,60.969008,-161.667314,0,IBET,12.5,13.2,283.0,4.0,2,1800,0,0,0,0,1,0

APPTR,I19RY,19R,TOORR
FC,TOORR,61.034450,-161.977703,0,BET,0.0,0.0,102.0,5.9,2,1800,0,0,0,0,1,0
CF,CATUB,60.969008,-161.667314,0,IBET,12.5,13.2,102.0,4.0,2,1800,0,0,0,0,1,0

FINAL,I19RY,19R,I,3
IF,CATUB,60.969008,-161.667314,IBET,12.5,13.2,2,1800,0,0,0,0,0,0
CF,KAYSE,60.866722,-161.758983,0,IBET,12.5,6.4,192.0,6.7,1,1800,0,0,0,0,2,0
CF,RW19R,60.787828,-161.829247,0,IBET,12.5,1.3,192.0,5.2,1,154,0,0,0,0,3,0
CA,0,192.0,2,1700,0,0,0,0,0,0
DF,ROLLR,60.856356,-162.205617,2, ,0.0,0.0,2,2000,0,0,0,0,0,0
HM,ROLLR,60.856356,-162.205617,2, ,0.0,0.0,100.0,04,0,0,0,0,0,0,0,0,0

APPTR,I19RZ,19R,BET
IF,BET,60.784836,-161.824331, ,0.0,0.0,0,0,0,0,0,0,0,0
TF,KAYSE,60.866722,-161.758983,0, ,0.0,0.0,0.0,0.0,2,1800,0,0,0,0,0,0
PI,KAYSE,60.866722,-161.758983,2,BET,327.0,10.0,012,5.0,2,1800,0,0,0,0,1,0

APPTR,I19RZ,19R,OSE
IF,OSE,60.791308,-161.872758, ,0.0,0.0,0,0,0,0,0,0,0,0
TF,KAYSE,60.866722,-161.758983,0, ,0.0,0.0,0.0,0.0,2,2000,0,0,0,0,0,0
PI,KAYSE,60.866722,-161.758983,2,BET,327.0,10.0,012,5.0,2,1800,0,0,0,0,1,0

APPTR,I19RZ,19R,ROLLR
IF,ROLLR,60.856356,-162.205617, ,0.0,0.0,0,0,0,0,0,0,1,0
AF,D358L,60.979897,-161.738997,2,BET,358.0,12.0,277.0,2,1800,0,0,0,0,0,0
VI,0,IBET,0.0,162.0,0,0,0,0,0,0,0,0

APPTR,I19RZ,19R,WEEKE
IF,WEEKE,60.814225,-161.420628, ,0.0,0.0,0,0,0,0,0,0,1,0
AF,D019L,60.951922,-161.600972,1,BET,19.0,12.0,67.0,2,1800,0,0,0,0,0,0
VI,0,IBET,0.0,222.0,0,0,0,0,0,0,0,0

FINAL,I19RZ,19R,I,3
IF,CATUB,60.969008,-161.667314,IBET,12.5,13.2,2,1800,0,0,0,0,0,0
CF,KAYSE,60.866722,-161.758983,0,IBET,12.5,6.4,192.0,6.7,1,1800,0,0,0,0,2,0
CF,RW19R,60.787828,-161.829247,0,IBET,12.5,1.3,192.0,5.2,1,154,0,0,0,0,3,0
CA,0,192.0,2,700,0,0,0,0,0,0
CF,ROLLR,60.856356,-162.205617,2,BET,277.2,12.0,277.0,12.0,2,2000,0,0,0,0,0,0
HM,ROLLR,60.856356,-162.205617,2, ,0.0,0.0,97.0,04.3,0,0,0,0,0,0,0,0,0

APPTR,R01L,01L,CITAY
IF,CITAY,60.563539,-161.806233, ,0.0,0.0,0,0,0,0,0,0,1,0
TF,ROMAC,60.603164,-161.992264,0, ,0.0,0.0,0.0,0.0,2,2000,0,0,0,0,1,0

APPTR,R01L,01L,LIJHA
IF,LIJHA,60.642528,-162.178750, ,0.0,0.0,0,0,0,0,0,0,1,0
TF,ROMAC,60.603164,-161.992264,0, ,0.0,0.0,0.0,0.0,2,2000,0,0,0,0,1,0

APPTR,R01L,01L,ROMAC
HF,ROMAC,60.603164,-161.992264,2, ,0.0,0.0,12.0,04,2,2000,0,0,0,0,1,0,0

FINAL,R01L,01L,R,3
IF,ROMAC,60.603164,-161.992264, ,0.0,0.0,2,2000,0,0,0,0,0,0
TF,NAPAC,60.694872,-161.911561,0, ,0.0,0.0,12.0,6.0,2,1800,0,0,0,0,2,0
TF,RW01L,60.771769,-161.843503,0, ,0.0,0.0,12.0,5.0,1,174,0,0,0,0,3,1
CA,0,12.0,2,377,0,0,0,0,0,0
DF,KUSKM,60.865617,-161.759967,0, ,0.0,0.0,0,0,0,0,0,0,0,0
TF,ROLLR,60.856356,-162.205617,1, ,0.0,0.0,0.0,0.0,2,2000,0,0,0,0,0,1
HM,ROLLR,60.856356,-162.205617,2, ,0.0,0.0,100.0,04,0,0,0,0,0,0,0,0,0

APPTR,R01R,01R,NIPSE
IF,NIPSE,60.549539,-161.740783, ,0.0,0.0,0,0,0,0,0,0,1,0
TF,PUYIC,60.602453,-161.988697,0, ,0.0,0.0,0.0,0.0,2,2000,0,0,0,0,1,0

APPTR,R01R,01R,NIRVE
IF,NIRVE,60.654906,-162.237422, ,0.0,0.0,0,0,0,0,0,0,1,0
TF,PUYIC,60.602453,-161.988697,0, ,0.0,0.0,0.0,0.0,2,2000,0,0,0,0,1,0

APPTR,R01R,01R,PUYIC
HF,PUYIC,60.602453,-161.988697,2, ,0.0,0.0,12.0,04,2,2000,0,0,0,0,1,0,0

FINAL,R01R,01R,R,4
IF,PUYIC,60.602453,-161.988697, ,0.0,0.0,2,2000,0,0,0,0,0,0
TF,BOZEL,60.694125,-161.908728,0, ,0.0,0.0,12.0,6.0,2,1800,0,0,0,0,2,0
TF,DISVE,60.732886,-161.873717,0, ,0.0,0.0,12.0,2.6,2,960,0,0,0,0,0,0
TF,RW01R,60.771006,-161.839917,0, ,0.0,0.0,12.0,2.5,1,177,0,0,0,0,3,1
CA,0,12.0,2,600,0,0,0,0,0,0
DF,ROLLR,60.856356,-162.205617,1, ,0.0,0.0,2,2000,0,0,0,0,0,1
HM,ROLLR,60.856356,-162.205617,2, ,0.0,0.0,100.0,04,0,0,0,0,0,0,0,0,0

FINAL,R12-A,12,R,3
IF,ROLLR,60.856356,-162.205617, ,0.0,0.0,2,2000,0,0,0,0,1,0
TF,AYWAF,60.814467,-162.005031,0, ,0.0,0.0,102.0,6.4,2,1800,0,0,0,0,2,0
TF,RW12,60.781317,-161.847681,0, ,0.0,0.0,102.0,5.0,1,680,0,0,0,0,3,1
CA,0,102.0,2,680,0,0,0,0,0,0
DF,ROLLR,60.856356,-162.205617,2, ,0.0,0.0,2,2000,0,0,0,0,0,1
HM,ROLLR,60.856356,-162.205617,2, ,0.0,0.0,100.0,04,0,0,0,0,0,0,0,0,0

APPTR,R19L,19L,INEME
IF,INEME,61.021272,-161.914758, ,0.0,0.0,0,0,0,0,0,0,1,0
TF,SUYOC,60.968239,-161.663697,0, ,0.0,0.0,0.0,0.0,2,1900,0,0,0,0,1,0

APPTR,R19L,19L,LAEVO
IF,LAEVO,60.914739,-161.413475, ,0.0,0.0,0,0,0,0,0,0,1,0
TF,SUYOC,60.968239,-161.663697,0, ,0.0,0.0,0.0,0.0,2,1900,0,0,0,0,1,0

APPTR,R19L,19L,SUYOC
HF,SUYOC,60.968239,-161.663697,2, ,0.0,0.0,193.0,04,2,1900,0,0,0,0,1,0,0

FINAL,R19L,19L,R,3
IF,SUYOC,60.968239,-161.663697, ,0.0,0.0,2,1900,0,0,0,0,0,0
TF,FAPLO,60.859214,-161.761400,0, ,0.0,0.0,193.0,7.2,2,1800,0,0,0,0,2,0
TF,RW19L,60.781042,-161.831006,0, ,0.0,0.0,193.0,5.1,1,167,0,0,0,0,3,1
CA,0,193.0,2,600,0,0,0,0,0,0
DF,ROLLR,60.856356,-162.205617,2, ,0.0,0.0,2,2000,0,0,0,0,0,1
HM,ROLLR,60.856356,-162.205617,2, ,0.0,0.0,100.0,04,0,0,0,0,0,0,0,0,0

APPTR,R19R,19R,CATUB
HF,CATUB,60.969008,-161.667314,2, ,0.0,0.0,193.0,04,2,1800,0,0,0,0,1,0,0

APPTR,R19R,19R,RATNE
IF,RATNE,60.902078,-161.354644, ,0.0,0.0,0,0,0,0,0,0,1,0
TF,CATUB,60.969008,-161.667314,0, ,0.0,0.0,0.0,0.0,2,1800,0,0,0,0,1,0

APPTR,R19R,19R,TOORR
IF,TOORR,61.034450,-161.977703, ,0.0,0.0,0,0,0,0,0,0,1,0
TF,CATUB,60.969008,-161.667314,0, ,0.0,0.0,0.0,0.0,2,1800,0,0,0,0,1,0

FINAL,R19R,19R,R,3
IF,CATUB,60.969008,-161.667314, ,0.0,0.0,2,1800,0,0,0,0,0,0
TF,KAYSE,60.866722,-161.758983,0, ,0.0,0.0,193.0,6.7,2,1800,0,0,0,0,2,0
TF,RW19R,60.787828,-161.829247,0, ,0.0,0.0,193.0,5.2,1,154,0,0,0,0,3,1
CA,0,193.0,2,1700,0,0,0,0,0,0
DF,ROLLR,60.856356,-162.205617,2, ,0.0,0.0,2,2000,0,0,0,0,0,1
HM,ROLLR,60.856356,-162.205617,2, ,0.0,0.0,100.0,04,0,0,0,0,0,0,0,0,0

