APPTR,D26,26,CINEK
IF,CINEK,57.937047,-152.269614, ,0.0,0.0,0,0,0,0,0,0,1,0
AF,WITMI,57.932550,-152.239978,2,ODK,4.6,10.0,359.0,2,1600,0,0,0,0,0,0
AF,WABAK,57.914328,-152.169725,2,ODK,19.0,10.0,5.0,2,1600,0,0,0,0,0,0
AF,RIXAE,57.828833,-152.045444,2,ODK,57.0,10.0,19.0,2,1600,0,0,0,0,1,0

APPTR,D26,26,JIMON
IF,JIMON,57.941219,-152.350750, ,0.0,0.0,0,0,0,0,0,0,1,0
AF,CINEK,57.937047,-152.269614,2,ODK,359.0,10.0,344.0,2,2700,0,0,0,0,0,0
AF,WITMI,57.932550,-152.239978,2,ODK,4.6,10.0,359.0,2,1600,0,0,0,0,0,0
AF,WABAK,57.914328,-152.169725,2,ODK,19.0,10.0,5.0,2,1600,0,0,0,0,0,0
AF,RIXAE,57.828833,-152.045444,2,ODK,57.0,10.0,19.0,2,1600,0,0,0,0,1,0

APPTR,D26,26,JUTGO
IF,JUTGO,57.726072,-152.042533, ,0.0,0.0,0,0,0,0,0,0,1,0
AF,RIXAE,57.828833,-152.045444,1,ODK,57.0,10.0,93.0,2,1600,0,0,0,0,1,0

APPTR,D26,26,KODNE
IF,KODNE,58.404686,-151.935197, ,0.0,0.0,0,0,0,0,0,0,0,0
TF,WITMI,57.932550,-152.239978,0, ,0.0,0.0,0.0,0.0,2,4200,0,0,0,0,1,0
AF,WABAK,57.914328,-152.169725,2,ODK,19.0,10.0,5.0,2,1600,0,0,0,0,0,0
AF,RIXAE,57.828833,-152.045444,2,ODK,57.0,10.0,19.0,2,1600,0,0,0,0,1,0

APPTR,D26,26,OSBOE
IF,OSBOE,57.802103,-152.453542, ,0.0,0.0,0,0,0,0,0,0,0,0
TF,ODK,57.775036,-152.339839,0, ,0.0,0.0,0.0,0.0,2,5000,0,0,0,0,0,0
PI,ODK,57.775036,-152.339839,2,ODK,12.0,10.0,057,5.0,2,3600,0,0,0,0,1,0

APPTR,D26,26,WABAK
IF,WABAK,57.914328,-152.169725, ,0.0,0.0,0,0,0,0,0,0,1,0
AF,RIXAE,57.828833,-152.045444,2,ODK,57.0,10.0,19.0,2,1600,0,0,0,0,1,0

FINAL,D26,26,D,3
IF,RIXAE,57.828833,-152.045444,ODK,57.0,10.0,2,1600,0,0,0,0,0,0
CF,ODK,57.775036,-152.339839,0,ODK,0.0,0.0,237.0,10.0,2,1600,0,0,0,0,2,0
CF,TESUE,57.758211,-152.430969,0,ODK,237.0,3.1,237.0,3.1,1,606,0,0,0,0,3,0
CA,0,237.0,2,606,0,0,0,0,0,0
VA,1,79.0,2,3700,0,0,0,0,0,0
DF,ODK,57.775036,-152.339839,1, ,0.0,0.0,0,0,0,0,0,0,0,0
HM,ODK,57.775036,-152.339839,2, ,0.0,0.0,237.0,04.3,0,0,0,0,0,0,0,0,0

APPTR,L26-Y,26,CINEK
IF,CINEK,57.937047,-152.269614, ,0.0,0.0,0,0,0,0,0,0,1,0
AF,WITMI,57.932550,-152.239978,2,ODK,4.6,10.0,359.0,2,1600,0,0,0,0,0,0
AF,WABAK,57.914328,-152.169725,2,ODK,19.0,10.0,5.0,2,1600,0,0,0,0,0,0
AF,D075J,57.777556,-152.028617,2,ODK,75.0,10.0,19.0,2,1600,0,0,0,0,0,0
CF,CHINI,57.742233,-152.034769,0,IADQ,78.0,15.6,171.0,2.1,2,1600,0,0,0,0,1,0

APPTR,L26-Y,26,HINBU
IF,HINBU,57.701314,-151.894222, ,0.0,0.0,0,0,0,0,0,0,1,0
TF,CFCDC,57.740531,-151.961364,0, ,0.0,0.0,0.0,0.0,2,1600,0,0,0,0,0,0
CF,CHINI,57.742233,-152.034769,0,IADQ,78.0,15.6,258.0,2.4,2,1600,0,0,0,0,1,0

APPTR,L26-Y,26,JIMON
IF,JIMON,57.941219,-152.350750, ,0.0,0.0,0,0,0,0,0,0,1,0
AF,CINEK,57.937047,-152.269614,2,ODK,359.0,10.0,344.0,2,2700,0,0,0,0,0,0
AF,WITMI,57.932550,-152.239978,2,ODK,4.6,10.0,359.0,2,1600,0,0,0,0,0,0
AF,WABAK,57.914328,-152.169725,2,ODK,19.0,10.0,5.0,2,1600,0,0,0,0,0,0
AF,D075J,57.777556,-152.028617,2,ODK,75.0,10.0,19.0,2,1600,0,0,0,0,0,0
CF,CHINI,57.742233,-152.034769,0,IADQ,78.0,15.6,171.0,2.1,2,1600,0,0,0,0,1,0

APPTR,L26-Y,26,KODNE
IF,KODNE,58.404686,-151.935197, ,0.0,0.0,0,0,0,0,0,0,0,0
TF,WITMI,57.932550,-152.239978,0, ,0.0,0.0,0.0,0.0,2,4200,0,0,0,0,1,0
AF,WABAK,57.914328,-152.169725,2,ODK,19.0,10.0,5.0,2,1600,0,0,0,0,0,0
AF,D075J,57.777556,-152.028617,2,ODK,75.0,10.0,19.0,2,1600,0,0,0,0,0,0
CF,CHINI,57.742233,-152.034769,0,IADQ,78.0,15.6,171.0,2.1,2,1600,0,0,0,0,1,0

APPTR,L26-Y,26,OSBOE
IF,OSBOE,57.802103,-152.453542, ,0.0,0.0,0,0,0,0,0,0,0,0
TF,ODK,57.775036,-152.339839,0, ,0.0,0.0,0.0,0.0,2,5000,0,0,0,0,0,0
TF,JOSRA,57.747147,-152.262514,0, ,0.0,0.0,0.0,0.0,2,3900,0,0,0,0,0,0
HF,JOSRA,57.747147,-152.262514,1, ,0.0,0.0,258.0,04.3,2,1600,0,0,0,0,1,0,0

APPTR,L26-Y,26,RWO
IF,RWO,57.774817,-152.324586, ,0.0,0.0,0,0,0,0,0,0,0,0
TF,JOSRA,57.747147,-152.262514,0, ,0.0,0.0,0.0,0.0,2,3900,0,0,0,0,0,0
HF,JOSRA,57.747147,-152.262514,1, ,0.0,0.0,258.0,04.3,2,1600,0,0,0,0,1,0,0

APPTR,L26-Y,26,WABAK
IF,WABAK,57.914328,-152.169725, ,0.0,0.0,0,0,0,0,0,0,1,0
AF,D075J,57.777556,-152.028617,2,ODK,75.0,10.0,19.0,2,1600,0,0,0,0,0,0
CF,CHINI,57.742233,-152.034769,0,IADQ,78.0,15.6,171.0,2.1,2,1600,0,0,0,0,1,0

FINAL,L26-Y,26,D,3
IF,CHINI,57.742233,-152.034769,IADQ,78.0,15.6,2,1600,0,0,0,0,0,0
CF,JOSRA,57.747147,-152.262514,0,IADQ,78.0,8.3,258.0,7.3,2,1600,0,0,0,0,2,0
CF,REREE,57.750167,-152.412961,0,IADQ,78.0,3.5,258.0,4.8,1,547,0,0,0,0,3,0
CA,0,258.0,2,547,0,0,0,0,0,0
VA,1,79.0,2,3700,0,0,0,0,0,0
DF,ODK,57.775036,-152.339839,1, ,0.0,0.0,0,0,0,0,0,0,0,0
HM,ODK,57.775036,-152.339839,2, ,0.0,0.0,237.0,04.3,0,0,0,0,0,0,0,0,0

APPTR,L26-Z,26,CINEK
IF,CINEK,57.937047,-152.269614, ,0.0,0.0,0,0,0,0,0,0,1,0
AF,WITMI,57.932550,-152.239978,2,ODK,4.6,10.0,359.0,2,1600,0,0,0,0,0,0
AF,WABAK,57.914328,-152.169725,2,ODK,19.0,10.0,5.0,2,1600,0,0,0,0,0,0
AF,D075J,57.777556,-152.028617,2,ODK,75.0,10.0,19.0,2,1600,0,0,0,0,0,0
CF,CHINI,57.742233,-152.034769,0,IADQ,78.0,15.6,171.0,3.0,2,1600,0,0,0,0,1,0

APPTR,L26-Z,26,HINBU
IF,HINBU,57.701314,-151.894222, ,0.0,0.0,0,0,0,0,0,0,1,0
TF,CFCDC,57.740531,-151.961364,0, ,0.0,0.0,0.0,0.0,2,1600,0,0,0,0,0,0
CF,CHINI,57.742233,-152.034769,0,IADQ,78.0,15.6,258.0,2.4,2,1600,0,0,0,0,1,0

APPTR,L26-Z,26,JIMON
IF,JIMON,57.941219,-152.350750, ,0.0,0.0,0,0,0,0,0,0,1,0
AF,CINEK,57.937047,-152.269614,2,ODK,359.0,10.0,344.0,2,2700,0,0,0,0,0,0
AF,WITMI,57.932550,-152.239978,2,ODK,4.6,10.0,359.0,2,1600,0,0,0,0,0,0
AF,WABAK,57.914328,-152.169725,2,ODK,19.0,10.0,5.0,2,1600,0,0,0,0,0,0
AF,D075J,57.777556,-152.028617,2,ODK,75.0,10.0,19.0,2,1600,0,0,0,0,0,0
CF,CHINI,57.742233,-152.034769,0,IADQ,78.0,15.6,171.0,3.0,2,1600,0,0,0,0,1,0

APPTR,L26-Z,26,KODNE
IF,KODNE,58.404686,-151.935197, ,0.0,0.0,0,0,0,0,0,0,0,0
TF,WITMI,57.932550,-152.239978,0, ,0.0,0.0,0.0,0.0,2,4200,0,0,0,0,1,0
AF,WABAK,57.914328,-152.169725,2,ODK,19.0,10.0,5.0,2,1600,0,0,0,0,0,0
AF,D075J,57.777556,-152.028617,2,ODK,75.0,10.0,19.0,2,1600,0,0,0,0,0,0
CF,CHINI,57.742233,-152.034769,0,IADQ,78.0,15.6,171.0,3.0,2,1600,0,0,0,0,1,0

APPTR,L26-Z,26,OSBOE
IF,OSBOE,57.802103,-152.453542, ,0.0,0.0,0,0,0,0,0,0,0,0
TF,ODK,57.775036,-152.339839,0, ,0.0,0.0,0.0,0.0,2,5000,0,0,0,0,0,0
TF,JOSRA,57.747147,-152.262514,0, ,0.0,0.0,0.0,0.0,2,3900,0,0,0,0,0,0
HF,JOSRA,57.747147,-152.262514,1, ,0.0,0.0,258.0,04.3,2,1600,0,0,0,0,1,0,0

APPTR,L26-Z,26,RWO
IF,RWO,57.774817,-152.324586, ,0.0,0.0,0,0,0,0,0,0,0,0
TF,JOSRA,57.747147,-152.262514,0, ,0.0,0.0,0.0,0.0,2,3900,0,0,0,0,0,0
HF,JOSRA,57.747147,-152.262514,1, ,0.0,0.0,258.0,04.3,2,1600,0,0,0,0,1,0,0

APPTR,L26-Z,26,WABAK
IF,WABAK,57.914328,-152.169725, ,0.0,0.0,0,0,0,0,0,0,1,0
AF,D075J,57.777556,-152.028617,2,ODK,75.0,10.0,19.0,2,1600,0,0,0,0,0,0
CF,CHINI,57.742233,-152.034769,0,IADQ,78.0,15.6,171.0,3.0,2,1600,0,0,0,0,1,0

FINAL,L26-Z,26,D,4
IF,CHINI,57.742233,-152.034769,IADQ,78.0,15.6,2,1600,0,0,0,0,1,0
CF,JOSRA,57.747147,-152.262514,0,IADQ,78.0,8.3,258.0,7.3,2,1600,0,0,0,0,2,0
CF,WAPHI,57.749783,-152.393378,0,IADQ,78.0,4.1,258.0,4.2,2,680,0,0,0,0,0,0
CF,KUKLE,57.750692,-152.440003,0,IADQ,78.0,2.6,258.0,1.5,1,358,0,0,0,0,3,0
VI,1, ,0.0,59.0,0,0,0,0,0,0,0,0
CF,CHINI,57.742233,-152.034769,0,ODK,87.3,10.0,78.0,1.9,2,3000,0,0,0,0,0,0
HM,CHINI,57.742233,-152.034769,2, ,0.0,0.0,258.0,04.3,0,0,0,0,0,0,0,0,0

APPTR,R26,26,BAILY
IF,BAILY,57.909386,-152.910269, ,0.0,0.0,0,0,0,0,0,0,0,0
TF,CINEK,57.937047,-152.269614,0, ,0.0,0.0,0.0,0.0,2,4500,0,0,0,0,0,0
TF,JUVLA,57.836089,-152.035997,0, ,0.0,0.0,0.0,0.0,2,2600,0,0,0,0,1,0
TF,ZATAD,57.743839,-152.107161,0, ,0.0,0.0,0.0,0.0,2,2600,0,0,0,0,1,0

APPTR,R26,26,HINBU
IF,HINBU,57.701314,-151.894222, ,0.0,0.0,0,0,0,0,0,0,1,0
TF,ZATAD,57.743839,-152.107161,0, ,0.0,0.0,0.0,0.0,2,2600,0,0,0,0,1,0

APPTR,R26,26,ZATAD
HF,ZATAD,57.743839,-152.107161,2, ,0.0,0.0,258.0,04,2,2600,0,0,0,0,1,0,0

FINAL,R26,26,R,3
IF,ZATAD,57.743839,-152.107161, ,0.0,0.0,2,2600,0,0,0,0,0,0
TF,KIHYO,57.747783,-152.292683,0, ,0.0,0.0,258.0,6.0,2,2000,0,0,0,0,2,0
TF,ELEVE,57.750094,-152.408919,0, ,0.0,0.0,258.0,3.7,1,809,0,0,0,0,3,1
CA,0,258.0,2,809,0,0,0,0,0,0
DF,ZATAD,57.743839,-152.107161,1, ,0.0,0.0,2,3700,0,0,0,0,0,1
HM,ZATAD,57.743839,-152.107161,2, ,0.0,0.0,258.0,04,0,0,0,0,0,0,0,0,0

APPTR,S26,26,CINEK
IF,CINEK,57.937047,-152.269614, ,0.0,0.0,0,0,0,0,0,0,1,0
AF,WITMI,57.932550,-152.239978,2,ODK,4.6,10.0,359.0,2,1600,0,0,0,0,0,0
AF,WABAK,57.914328,-152.169725,2,ODK,19.0,10.0,5.0,2,1600,0,0,0,0,0,0
AF,RIXAE,57.828833,-152.045444,2,ODK,57.0,10.0,19.0,2,1600,0,0,0,0,1,0

APPTR,S26,26,JIMON
IF,JIMON,57.941219,-152.350750, ,0.0,0.0,0,0,0,0,0,0,1,0
AF,CINEK,57.937047,-152.269614,2,ODK,359.0,10.0,344.0,2,2700,0,0,0,0,0,0
AF,WITMI,57.932550,-152.239978,2,ODK,4.6,10.0,359.0,2,1600,0,0,0,0,0,0
AF,WABAK,57.914328,-152.169725,2,ODK,19.0,10.0,5.0,2,1600,0,0,0,0,0,0
AF,RIXAE,57.828833,-152.045444,2,ODK,57.0,10.0,19.0,2,1600,0,0,0,0,1,0

APPTR,S26,26,JUTGO
IF,JUTGO,57.726072,-152.042533, ,0.0,0.0,0,0,0,0,0,0,1,0
AF,RIXAE,57.828833,-152.045444,1,ODK,57.0,10.0,93.0,2,1600,0,0,0,0,1,0

APPTR,S26,26,KODNE
IF,KODNE,58.404686,-151.935197, ,0.0,0.0,0,0,0,0,0,0,0,0
TF,WITMI,57.932550,-152.239978,0, ,0.0,0.0,0.0,0.0,2,4200,0,0,0,0,1,0
AF,WABAK,57.914328,-152.169725,2,ODK,19.0,10.0,5.0,2,1600,0,0,0,0,0,0
AF,RIXAE,57.828833,-152.045444,2,ODK,57.0,10.0,19.0,2,1600,0,0,0,0,1,0

APPTR,S26,26,OSBOE
IF,OSBOE,57.802103,-152.453542, ,0.0,0.0,0,0,0,0,0,0,0,0
TF,ODK,57.775036,-152.339839,0, ,0.0,0.0,0.0,0.0,2,5000,0,0,0,0,0,0
PI,ODK,57.775036,-152.339839,2,ODK,12.0,10.0,057,5.0,2,3600,0,0,0,0,1,0

APPTR,S26,26,WABAK
IF,WABAK,57.914328,-152.169725, ,0.0,0.0,0,0,0,0,0,0,1,0
AF,RIXAE,57.828833,-152.045444,2,ODK,57.0,10.0,19.0,2,1600,0,0,0,0,1,0

FINAL,S26,26,D,3
IF,RIXAE,57.828833,-152.045444,ODK,57.0,10.0,2,1600,0,0,0,0,0,0
CF,ODK,57.775036,-152.339839,0,ODK,0.0,0.0,237.0,10.0,2,1600,0,0,0,0,2,0
CF,TESUE,57.758211,-152.430969,0,ODK,237.0,3.1,237.0,3.1,1,604,0,0,0,0,3,0
CA,0,237.0,2,604,0,0,0,0,0,0
VA,1,79.0,2,3700,0,0,0,0,0,0
DF,ODK,57.775036,-152.339839,1, ,0.0,0.0,0,0,0,0,0,0,0,0
HM,ODK,57.775036,-152.339839,2, ,0.0,0.0,237.0,04.3,0,0,0,0,0,0,0,0,0

