APPTR,R09,09,BIJGO
HF,BIJGO,59.773075,-157.585947,1, ,0.0,0.0,93.0,04,2,2900,0,0,0,0,1,0,0

APPTR,R09,09,EBGUY
IF,EBGUY,59.612933,-157.674192, ,0.0,0.0,0,0,0,0,0,0,1,0
TF,BIJGO,59.773075,-157.585947,0, ,0.0,0.0,0.0,0.0,2,2900,0,0,0,0,1,0

APPTR,R09,09,FEXIG
IF,FEXIG,59.933150,-157.496856, ,0.0,0.0,0,0,0,0,0,0,1,0
TF,BIJGO,59.773075,-157.585947,0, ,0.0,0.0,0.0,0.0,2,2900,0,0,0,0,1,0

FINAL,R09,09,R,3
IF,BIJGO,59.773075,-157.585947, ,0.0,0.0,2,2900,0,0,0,0,0,0
TF,AGGOV,59.750622,-157.427306,0, ,0.0,0.0,93.0,5.0,2,1900,0,0,0,0,2,0
TF,RW09,59.727992,-157.268856,0, ,0.0,0.0,93.0,5.0,1,277,0,0,0,0,3,1
CA,0,93.0,2,674,0,0,0,0,0,0
DF,IHNIT,59.679653,-156.935472,0, ,0.0,0.0,2,3400,0,0,0,0,0,1
HM,IHNIT,59.679653,-156.935472,2, ,0.0,0.0,273.0,04,0,0,0,0,0,0,0,0,0

APPTR,R27,27,IHNIT
HF,IHNIT,59.679653,-156.935472,2, ,0.0,0.0,273.0,04,2,3400,0,0,0,0,1,0,0

APPTR,R27,27,NIYYI
IF,NIYYI,59.519936,-157.026444, ,0.0,0.0,0,0,0,0,0,0,1,0
TF,IHNIT,59.679653,-156.935472,0, ,0.0,0.0,0.0,0.0,2,3400,0,0,0,0,1,0

APPTR,R27,27,OCEKI
IF,OCEKI,59.839303,-156.843631, ,0.0,0.0,0,0,0,0,0,0,1,0
TF,IHNIT,59.679653,-156.935472,0, ,0.0,0.0,0.0,0.0,2,3400,0,0,0,0,1,0

FINAL,R27,27,R,3
IF,IHNIT,59.679653,-156.935472, ,0.0,0.0,2,3400,0,0,0,0,0,0
TF,AVILN,59.702672,-157.093461,0, ,0.0,0.0,273.0,5.0,2,1900,0,0,0,0,2,0
TF,RW27,59.725519,-157.251658,0, ,0.0,0.0,273.0,5.0,1,312,0,0,0,0,3,1
CA,0,273.0,2,674,0,0,0,0,0,0
DF,BIJGO,59.773075,-157.585947,0, ,0.0,0.0,2,2900,0,0,0,0,0,1
HM,BIJGO,59.773075,-157.585947,1, ,0.0,0.0,93.0,04,0,0,0,0,0,0,0,0,0

