SID,GRAAY2,09,5
VA,0,89.0,2,114,0,1,220,0,0,0
DF,GRAAY,68.964097,-165.586322,0, ,0.0,0.0,0,0,0,0,0,0,0,0
TF,JAPKI,68.504067,-164.256122,0, ,0.0,0.0,0.0,0.0,0,0,0,0,0,0,0,0

APPTR,Q09-A,09,GRAAY
HF,GRAAY,68.964097,-165.586322,2, ,0.0,0.0,230.0,04.3,2,3200,0,1,310,0,1,0,0

FINAL,Q09-A,09,N,3
IF,GRAAY,68.964097,-165.586322,LUR,0.0,0.0,2,3200,0,0,0,0,0,0
CF,TUNND,68.917856,-165.831661,0,LUR,0.0,0.0,230.0,6.0,2,1800,0,0,0,0,2,0
CF,BIRDI,68.886833,-165.994647,0,LUR,0.0,2.0,230.0,4.0,1,1320,0,0,0,0,3,0
CF,GRAAY,68.964097,-165.586322,2,LUR,50.0,12.0,50.0,10.0,2,3200,0,0,0,0,0,0
HM,GRAAY,68.964097,-165.586322,2, ,0.0,0.0,230.0,04.3,3,8000,0,1,310,0,0,0,0

APPTR,Q27-A,27,GRAAY
HF,GRAAY,68.964097,-165.586322,2, ,0.0,0.0,230.0,04.3,2,3200,0,1,310,0,1,0,0

FINAL,Q27-A,27,N,3
IF,GRAAY,68.964097,-165.586322,LUR,0.0,0.0,2,3200,0,0,0,0,0,0
CF,TUNND,68.917856,-165.831661,0,LUR,0.0,0.0,230.0,6.0,2,1800,0,0,0,0,2,0
CF,BIRDI,68.886833,-165.994647,0,LUR,0.0,2.0,230.0,4.0,1,1320,0,0,0,0,3,0
CF,GRAAY,68.964097,-165.586322,2,LUR,50.0,12.0,50.0,10.0,2,3200,0,0,0,0,0,0
HM,GRAAY,68.964097,-165.586322,2, ,0.0,0.0,230.0,04.3,3,8000,0,1,310,0,0,0,0

APPTR,R27,27,HULAS
IF,HULAS,68.771467,-165.451169, ,0.0,0.0,2,3200,0,0,0,0,1,0
TF,RUTDO,68.887403,-165.473594,0, ,0.0,0.0,0.0,0.0,2,3200,0,0,0,0,1,0

APPTR,R27,27,TAKME
IF,TAKME,69.003378,-165.494508, ,0.0,0.0,2,3200,0,0,0,0,1,0
TF,RUTDO,68.887403,-165.473594,0, ,0.0,0.0,0.0,0.0,2,3200,0,0,0,0,1,0

FINAL,R27,27,R,3
IF,RUTDO,68.887403,-165.473594, ,0.0,0.0,2,3200,0,0,0,0,0,0
TF,SOLEE,68.879586,-165.795178,0, ,0.0,0.0,254.0,7.0,2,2000,0,0,0,0,2,0
TF,DUKPE,68.873625,-166.024989,0, ,0.0,0.0,254.0,5.0,1,486,0,0,0,0,3,1
CA,0,254.0,2,1220,0,0,0,0,0,0
DF,TAKME,69.003378,-165.494508,2, ,0.0,0.0,1,3200,0,0,0,0,0,0
HM,TAKME,69.003378,-165.494508,2, ,0.0,0.0,164.0,02,0,0,0,1,310,0,0,0,0

