APPTR,R02,02,DUKGE
HF,DUKGE,63.306633,-162.265139,2, ,0.0,0.0,3.0,04,2,2200,0,0,0,0,1,0,0

APPTR,R02,02,JIKOV
IF,JIKOV,63.278442,-162.091503, ,0.0,0.0,2,2500,0,0,0,0,1,0
TF,DUKGE,63.306633,-162.265139,0, ,0.0,0.0,0.0,0.0,2,2200,0,0,0,0,1,0

APPTR,R02,02,KUBNE
IF,KUBNE,63.334614,-162.439114, ,0.0,0.0,2,2200,0,0,0,0,1,0
TF,DUKGE,63.306633,-162.265139,0, ,0.0,0.0,0.0,0.0,2,2200,0,0,0,0,1,0

FINAL,R02,02,R,3
IF,DUKGE,63.306633,-162.265139, ,0.0,0.0,2,2200,0,0,0,0,0,0
TF,OVEWU,63.400983,-162.189533,0, ,0.0,0.0,3.0,6.0,2,1900,0,0,0,0,2,0
TF,IBHAX,63.478569,-162.126978,0, ,0.0,0.0,3.0,5.0,1,302,0,0,0,0,3,1
CA,0,3.0,2,493,0,0,0,0,0,0
DF,DUKGE,63.306633,-162.265139,2, ,0.0,0.0,2,2200,0,0,0,0,0,1
HM,DUKGE,63.306633,-162.265139,2, ,0.0,0.0,3.0,04,0,0,0,0,0,0,0,0,0

APPTR,R20,20,CEVMU
IF,CEVMU,63.610711,-161.711486, ,0.0,0.0,2,1900,0,0,0,0,1,0
TF,HUDNO,63.656264,-161.868142,0, ,0.0,0.0,0.0,0.0,2,1900,0,0,0,0,1,0

APPTR,R20,20,HUDNO
HF,HUDNO,63.656264,-161.868142,2, ,0.0,0.0,196.0,04,2,1900,0,0,0,0,1,0,0

APPTR,R20,20,ORDAE
IF,ORDAE,63.701644,-162.025300, ,0.0,0.0,2,1900,0,0,0,0,1,0
TF,HUDNO,63.656264,-161.868142,0, ,0.0,0.0,0.0,0.0,2,1900,0,0,0,0,1,0

FINAL,R20,20,R,3
IF,HUDNO,63.656264,-161.868142, ,0.0,0.0,2,1900,0,0,0,0,0,0
TF,VUYUV,63.571733,-161.991761,0, ,0.0,0.0,196.0,6.1,2,1900,0,0,0,0,2,0
TF,RW20,63.494642,-162.103731,0, ,0.0,0.0,196.0,5.5,1,111,0,0,0,0,3,1
DF,JOXIX,63.388122,-162.257244,0, ,0.0,0.0,0,0,0,0,0,0,0,0
TF,POYIT,63.566767,-162.471425,2, ,0.0,0.0,0.0,0.0,0,0,0,0,0,0,0,0
TF,HUDNO,63.656264,-161.868142,0, ,0.0,0.0,0.0,0.0,2,1900,0,0,0,0,0,1
HM,HUDNO,63.656264,-161.868142,2, ,0.0,0.0,196.0,04,0,0,0,0,0,0,0,0,0

