APPTR,D09,09,FIWWI
IF,FIWWI,67.171719,-163.310222, ,0.0,0.0,0,0,0,0,0,0,0,0
TF,HUPUG,67.023453,-162.907417,0, ,0.0,0.0,0.0,0.0,2,3900,0,0,0,0,1,0
AF,VAGUY,66.915136,-163.041783,1,OTZ,263.7,12.0,299.0,2,1600,0,0,0,0,1,0

APPTR,D09,09,HHM
IF,HHM,66.901264,-162.564383, ,0.0,0.0,0,0,0,0,0,0,0,0
TF,KEPTE,66.897136,-162.731761,0, ,0.0,0.0,0.0,0.0,2,2500,0,0,0,0,0,0
PI,KEPTE,66.897136,-162.731761,2,OTZ,219.0,10.0,264,5.0,2,1500,0,0,0,0,1,0

APPTR,D09,09,NECSI
IF,NECSI,66.706758,-162.762372, ,0.0,0.0,0,0,0,0,0,0,1,0
AF,VAGUY,66.915136,-163.041783,2,OTZ,263.7,12.0,191.0,2,1600,0,0,0,0,1,0

APPTR,D09,09,OMPAE
IF,OMPAE,67.078347,-162.670167, ,0.0,0.0,0,0,0,0,0,0,1,0
AF,HUPUG,67.023453,-162.907417,1,OTZ,298.9,12.0,330.0,2,2000,0,0,0,0,0,0
AF,VAGUY,66.915136,-163.041783,1,OTZ,263.7,12.0,299.0,2,1600,0,0,0,0,1,0

APPTR,D09,09,OTZ
IF,OTZ,66.885683,-162.539936, ,0.0,0.0,0,0,0,0,0,0,0,0
TF,KEPTE,66.897136,-162.731761,0, ,0.0,0.0,0.0,0.0,2,2500,0,0,0,0,0,0
PI,KEPTE,66.897136,-162.731761,2,OTZ,219.0,10.0,264,5.0,2,1500,0,0,0,0,1,0

FINAL,D09,09,D,3
IF,VAGUY,66.915136,-163.041783,OTZ,263.7,12.0,2,1600,0,0,0,0,0,0
CF,KEPTE,66.897136,-162.731761,0,OTZ,263.7,4.6,84.0,7.4,2,1000,0,0,0,0,2,0
CF,WUXIP,66.889764,-162.607811,0,OTZ,263.7,1.6,84.0,3.0,1,55,0,0,0,0,3,0
CA,0,84.0,2,1500,0,0,0,0,0,0
DF,OTZ,66.885683,-162.539936,2, ,0.0,0.0,2,2000,0,0,0,0,0,0
HM,OTZ,66.885683,-162.539936,2, ,0.0,0.0,295.0,04.3,0,0,0,0,0,0,0,0,0

APPTR,D27,27,JUMAS
IF,JUMAS,66.758186,-162.151228, ,0.0,0.0,0,0,0,0,0,0,1,0
AF,ZOTOR,66.878578,-162.033219,1,OTZ,76.8,12.0,115.0,2,1600,0,0,0,0,1,0

APPTR,D27,27,MUNUE
IF,MUNUE,66.916181,-162.038486, ,0.0,0.0,0,0,0,0,0,0,1,0
AF,ZOTOR,66.878578,-162.033219,2,OTZ,76.8,12.0,66.0,2,1600,0,0,0,0,1,0

APPTR,D27,27,OTZ
IF,OTZ,66.885683,-162.539936, ,0.0,0.0,0,0,0,0,0,0,0,0
TF,LOTIC,66.883778,-162.392114,0, ,0.0,0.0,0.0,0.0,2,2500,0,0,0,0,0,0
PI,LOTIC,66.883778,-162.392114,2,OTZ,32.0,10.0,077,5.0,2,1600,0,0,0,0,1,0

FINAL,D27,27,D,4
IF,ZOTOR,66.878578,-162.033219,OTZ,77.2,12.0,2,1600,0,0,0,0,0,0
CF,LOTIC,66.883778,-162.392114,0,OTZ,76.8,3.5,257.0,8.5,2,1600,0,0,0,0,2,0
CF,INIYU,66.884778,-162.468133,0,OTZ,76.8,1.7,257.0,1.8,2,920,0,0,0,0,0,0
CF,OTZ,66.885683,-162.539936,0,OTZ,0.0,0.0,257.0,1.7,1,307,0,0,0,0,3,0
CA,0,257.0,2,1600,0,0,0,0,0,0
DF,OTZ,66.885683,-162.539936,1, ,0.0,0.0,2,2000,0,0,0,0,0,0
HM,OTZ,66.885683,-162.539936,2, ,0.0,0.0,295.0,04.3,0,0,0,0,0,0,0,0,0

APPTR,I09,09,FIWWI
IF,FIWWI,67.171719,-163.310222, ,0.0,0.0,0,0,0,0,0,0,0,0
TF,HUPUG,67.023453,-162.907417,0, ,0.0,0.0,0.0,0.0,2,3900,0,0,0,0,1,0
AF,D275L,66.953133,-163.017800,1,OTZ,275.0,12.0,299.0,2,1600,0,0,0,0,0,0
VI,0,IOTZ,0.0,119.0,0,0,0,0,0,0,0,0

APPTR,I09,09,HHM
IF,HHM,66.901264,-162.564383, ,0.0,0.0,0,0,0,0,0,0,0,0
TF,TUBDE,66.918450,-163.040625,0, ,0.0,0.0,0.0,0.0,2,2500,0,0,0,0,0,0
HF,TUBDE,66.918450,-163.040625,2, ,0.0,0.0,89.0,04.3,2,1600,0,0,0,0,1,0,0

APPTR,I09,09,NECSI
IF,NECSI,66.706758,-162.762372, ,0.0,0.0,0,0,0,0,0,0,1,0
AF,D255L,66.884883,-163.047050,2,OTZ,255.0,12.0,191.0,2,1600,0,0,0,0,0,0
VI,0,IOTZ,0.0,59.0,0,0,0,0,0,0,0,0

APPTR,I09,09,OMPAE
IF,OMPAE,67.078347,-162.670167, ,0.0,0.0,0,0,0,0,0,0,1,0
AF,HUPUG,67.023453,-162.907417,1,OTZ,298.9,12.0,330.0,2,2000,0,0,0,0,0,0
AF,D275L,66.953133,-163.017800,1,OTZ,275.0,12.0,299.0,2,1600,0,0,0,0,0,0
VI,0,IOTZ,0.0,119.0,0,0,0,0,0,0,0,0

APPTR,I09,09,OTZ
IF,OTZ,66.885683,-162.539936, ,0.0,0.0,0,0,0,0,0,0,0,0
TF,TUBDE,66.918450,-163.040625,0, ,0.0,0.0,0.0,0.0,2,2500,0,0,0,0,0,0
HF,TUBDE,66.918450,-163.040625,2, ,0.0,0.0,89.0,04.3,2,1600,0,0,0,0,1,0,0

FINAL,I09,09,I,3
IF,TUBDE,66.918450,-163.040625,IOTZ,268.9,11.3,2,1600,0,0,0,0,0,0
CF,KAYEC,66.901547,-162.784419,0,IOTZ,268.9,5.2,89.0,6.1,1,1400,0,0,0,0,2,0
CF,RW09,66.889325,-162.607986,0,IOTZ,268.0,0.9,89.0,4.2,1,51,0,0,0,0,3,0
CA,0,89.0,2,1700,0,0,0,0,0,0
DF,OTZ,66.885683,-162.539936,2, ,0.0,0.0,2,2500,0,0,0,0,0,0
HM,OTZ,66.885683,-162.539936,2, ,0.0,0.0,295.0,04.3,0,0,0,0,0,0,0,0,0

APPTR,R09,09,GIGRE
IF,GIGRE,67.006336,-163.153492, ,0.0,0.0,0,0,0,0,0,0,1,0
TF,KOTEC,66.927681,-163.085553,0, ,0.0,0.0,0.0,0.0,2,1900,0,0,0,0,1,0

APPTR,R09,09,HERDU
IF,HERDU,66.782978,-163.159081, ,0.0,0.0,0,0,0,0,0,0,1,0
TF,KOTEC,66.927681,-163.085553,0, ,0.0,0.0,0.0,0.0,2,1900,0,0,0,0,1,0

APPTR,R09,09,KOTEC
HF,KOTEC,66.927681,-163.085553,2, ,0.0,0.0,90.0,04,2,1900,0,0,0,0,1,0,0

FINAL,R09,09,R,3
IF,KOTEC,66.927681,-163.085553, ,0.0,0.0,2,1900,0,0,0,0,0,0
TF,ZIKBO,66.904592,-162.795786,0, ,0.0,0.0,90.0,7.0,2,1500,0,0,0,0,2,0
TF,RW09,66.889325,-162.607986,0, ,0.0,0.0,91.0,4.5,1,55,0,0,0,0,3,1
CA,0,91.0,2,500,0,0,0,0,0,0
DF,HERDU,66.782978,-163.159081,2, ,0.0,0.0,2,2000,0,0,0,0,0,1
HM,HERDU,66.782978,-163.159081,2, ,0.0,0.0,56.0,04,0,0,0,0,0,0,0,0,0

APPTR,R27,27,LIYRE
IF,LIYRE,66.715614,-162.155564, ,0.0,0.0,0,0,0,0,0,0,1,0
TF,NEMDE,66.845453,-162.084239,0, ,0.0,0.0,0.0,0.0,2,2000,0,0,0,0,1,0

APPTR,R27,27,NEMDE
HF,NEMDE,66.845453,-162.084239,2, ,0.0,0.0,271.0,04,2,2000,0,0,0,0,1,0,0

APPTR,R27,27,ZIPYU
IF,ZIPYU,66.975258,-162.012156, ,0.0,0.0,0,0,0,0,0,0,1,0
TF,NEMDE,66.845453,-162.084239,0, ,0.0,0.0,0.0,0.0,2,2000,0,0,0,0,1,0

FINAL,R27,27,R,4
IF,NEMDE,66.845453,-162.084239, ,0.0,0.0,2,2000,0,0,0,0,0,0
TF,ACUDU,66.870994,-162.386406,0, ,0.0,0.0,271.0,7.3,2,1600,0,0,0,0,2,0
TF,JUTIX,66.878825,-162.480561,0, ,0.0,0.0,271.0,2.3,2,800,0,0,0,0,0,0
TF,RW27,66.886028,-162.567817,0, ,0.0,0.0,271.0,2.1,1,62,0,0,0,0,3,1
CA,0,271.0,2,415,0,0,0,0,0,0
DF,NEMDE,66.845453,-162.084239,1, ,0.0,0.0,2,2000,0,0,0,0,0,1
HM,NEMDE,66.845453,-162.084239,2, ,0.0,0.0,271.0,04,0,0,0,0,0,0,0,0,0

