APPTR,R17,17,ZEREL
HF,ZEREL,61.044597,-162.485250,2, ,0.0,0.0,174.0,04,2,2500,0,0,0,0,1,0,0

FINAL,R17,17,R,3
IF,ZEREL,61.044597,-162.485250, ,0.0,0.0,2,2500,0,0,0,0,0,0
TF,OJURA,60.962083,-162.504119,0, ,0.0,0.0,174.0,5.0,2,1700,0,0,0,0,2,0
TF,RW17,60.877422,-162.523375,0, ,0.0,0.0,174.0,5.1,1,68,0,0,0,0,3,1
CA,0,174.0,2,448,0,0,0,0,0,0
DF,UNAWO,60.697778,-162.563908,0, ,0.0,0.0,2,2600,0,0,0,0,0,1
HM,UNAWO,60.697778,-162.563908,2, ,0.0,0.0,354.0,04,0,0,0,0,0,0,0,0,0

APPTR,R35,35,UNAWO
HF,UNAWO,60.697778,-162.563908,2, ,0.0,0.0,354.0,04,2,2600,0,0,0,0,1,0,0

FINAL,R35,35,R,3
IF,UNAWO,60.697778,-162.563908, ,0.0,0.0,2,2600,0,0,0,0,0,0
TF,XIRNY,60.780433,-162.545314,0, ,0.0,0.0,354.0,5.0,2,1800,0,0,0,0,2,0
TF,RW35,60.869264,-162.525225,0, ,0.0,0.0,354.0,5.4,1,88,0,0,0,0,3,1
CA,0,354.0,2,448,0,0,0,0,0,0
DF,ZEREL,61.044597,-162.485250,0, ,0.0,0.0,2,2500,0,0,0,0,0,1
HM,ZEREL,61.044597,-162.485250,2, ,0.0,0.0,174.0,04,0,0,0,0,0,0,0,0,0

