SID,LUP1,05,1
CA,0,50.0,2,430,0,0,0,0,0,0
VI,1, ,0.0,271.0,0,0,0,0,0,0,0,0
CF,MKK,21.138111,-157.167417,0,MKK,0.0,0.0,215.0,13.0,1,4000,0,0,0,0,0,0

SID,LUP1,23,1
CA,0,230.0,2,430,0,0,0,0,0,0
VI,0, ,0.0,282.0,0,0,0,0,0,0,0,0
CF,MKK,21.138111,-157.167417,1,MKK,0.0,0.0,190.0,8.0,1,4000,0,0,0,0,0,0

APPTR,R23-A,23,CIXUK
IF,CIXUK,21.270031,-156.589594, ,0.0,0.0,2,5000,0,0,0,0,1,0
TF,WEPGU,21.350206,-156.680653,0, ,0.0,0.0,0.0,0.0,2,5000,0,0,0,0,1,0

APPTR,R23-A,23,WEPGU
HF,WEPGU,21.350206,-156.680653,2, ,0.0,0.0,232.0,05,2,5000,0,0,0,0,1,0,0

APPTR,R23-A,23,ZEGNU
IF,ZEGNU,21.466467,-156.695464, ,0.0,0.0,2,5000,0,0,0,0,1,0
TF,WEPGU,21.350206,-156.680653,0, ,0.0,0.0,0.0,0.0,2,5000,0,0,0,0,1,0

FINAL,R23-A,23,R,3
IF,WEPGU,21.350206,-156.680653, ,0.0,0.0,2,5000,0,0,0,0,0,0
TF,YUNUB,21.258964,-156.873075,0, ,0.0,0.0,232.0,12.1,2,2000,0,0,0,0,2,0
TF,RW23,21.212819,-156.970117,0, ,0.0,0.0,232.0,6.1,1,58,0,0,0,0,3,1
CA,0,232.0,2,424,0,0,0,0,0,0
DF,WEPGU,21.350206,-156.680653,2, ,0.0,0.0,2,5000,0,0,0,0,0,1
HM,WEPGU,21.350206,-156.680653,2, ,0.0,0.0,232.0,05,0,0,0,0,0,0,0,0,0

