APPTR,D04,04,JASON
HF,JASON,19.908542,-155.870278,1, ,0.0,0.0,54.0,04.3,2,4300,0,0,0,0,1,0,0

APPTR,D04,04,MYNAH
IF,MYNAH,19.811889,-156.085856, ,0.0,0.0,0,0,0,0,0,0,1,0
TF,JASON,19.908542,-155.870278,0, ,0.0,0.0,0.0,0.0,2,4300,0,0,0,0,1,0

FINAL,D04,04,D,3
IF,JASON,19.908542,-155.870278,MUE,233.8,12.5,2,4300,0,0,0,0,0,0
CF,EHIKU,19.960642,-155.753714,0,MUE,233.8,5.2,54.0,7.3,2,4300,0,0,0,0,2,0
CF,NOHEA,19.996314,-155.673767,0,MUE,233.8,0.2,54.0,5.0,1,2720,0,0,0,0,3,0
CA,0,54.0,2,3180,0,0,0,0,0,0
CF,TIGAH,20.080542,-155.453756,0,MUE,57.0,13.2,57.0,13.0,2,5000,0,0,0,0,0,0
HM,TIGAH,20.080542,-155.453756,2, ,0.0,0.0,237.0,04.3,0,0,0,0,0,0,0,0,0

APPTR,D04-A,04,TIGAH
HF,TIGAH,20.080542,-155.453756,2, ,0.0,0.0,237.0,04.3,2,5000,0,0,0,0,1,0,0

APPTR,D04-A,04,VELLA
IF,VELLA,20.120653,-155.348328, ,0.0,0.0,0,0,0,0,0,0,1,0
TF,TIGAH,20.080542,-155.453756,0, ,0.0,0.0,0.0,0.0,2,5000,0,0,0,0,0,0

FINAL,D04-A,04,D,3
IF,TIGAH,20.080542,-155.453756,MUE,57.0,13.2,2,5000,0,0,0,0,0,0
CF,KUPAU,20.029922,-155.586508,0,MUE,57.0,5.1,237.0,8.1,2,4400,0,0,0,0,2,0
CF,ALEWA,20.006214,-155.648533,0,MUE,57.0,1.3,237.0,3.8,1,3880,0,0,0,0,3,0
CA,0,237.0,2,3880,0,0,0,0,0,0
CF,JASON,19.908542,-155.870278,0,MUE,233.8,12.5,234.0,13.0,2,5000,0,0,0,0,0,0
HM,JASON,19.908542,-155.870278,1, ,0.0,0.0,54.0,04.3,0,0,0,0,0,0,0,0,0

APPTR,D22-A,22,TIGAH
HF,TIGAH,20.080542,-155.453756,2, ,0.0,0.0,237.0,04.3,2,5000,0,0,0,0,1,0,0

APPTR,D22-A,22,VELLA
IF,VELLA,20.120653,-155.348328, ,0.0,0.0,0,0,0,0,0,0,1,0
TF,TIGAH,20.080542,-155.453756,0, ,0.0,0.0,0.0,0.0,2,5000,0,0,0,0,0,0

FINAL,D22-A,22,D,3
IF,TIGAH,20.080542,-155.453756,MUE,57.0,13.2,2,5000,0,0,0,0,0,0
CF,KUPAU,20.029922,-155.586508,0,MUE,57.0,5.1,237.0,8.1,2,4400,0,0,0,0,2,0
CF,ALEWA,20.006214,-155.648533,0,MUE,57.0,1.3,237.0,3.8,1,3880,0,0,0,0,3,0
CA,0,237.0,2,3880,0,0,0,0,0,0
CF,JASON,19.908542,-155.870278,0,MUE,233.8,12.5,234.0,13.0,2,5000,0,0,0,0,0,0
HM,JASON,19.908542,-155.870278,1, ,0.0,0.0,54.0,04.3,0,0,0,0,0,0,0,0,0

APPTR,R04,04,MYNAH
IF,MYNAH,19.811889,-156.085856, ,0.0,0.0,0,0,0,0,0,0,1,0
TF,CORGA,19.911383,-155.871647,0, ,0.0,0.0,0.0,0.0,2,4300,0,0,0,0,1,0

APPTR,R04,04,TAMMI
IF,TAMMI,20.092656,-156.033475, ,0.0,0.0,0,0,0,0,0,0,1,0
TF,CORGA,19.911383,-155.871647,0, ,0.0,0.0,0.0,0.0,2,4300,0,0,0,0,1,0

FINAL,R04,04,R,3
IF,CORGA,19.911383,-155.871647, ,0.0,0.0,2,4300,0,0,0,0,0,0
TF,KONEA,19.961028,-155.754058,0, ,0.0,0.0,55.0,7.3,2,4300,0,0,0,0,2,0
TF,KUKUI,19.991836,-155.680953,0, ,0.0,0.0,55.0,4.5,1,2864,0,0,0,0,3,1
CA,0,55.0,2,3071,0,0,0,0,0,0
DF,LICEP,20.015511,-155.624706,0, ,0.0,0.0,0,0,0,0,0,0,0,0
TF,TIGAH,20.080542,-155.453756,0, ,0.0,0.0,0.0,0.0,2,5000,0,0,0,0,0,1
HM,TIGAH,20.080542,-155.453756,2, ,0.0,0.0,237.0,05,0,0,0,0,0,0,0,0,0

APPTR,R22,22,VELLA
IF,VELLA,20.120653,-155.348328, ,0.0,0.0,0,0,0,0,0,0,1,0
TF,POKAI,20.081011,-155.484867,0, ,0.0,0.0,0.0,0.0,2,5000,0,0,0,0,1,0

FINAL,R22,22,R,3
IF,POKAI,20.081011,-155.484867, ,0.0,0.0,2,5000,0,0,0,0,0,0
TF,KIAWE,20.040922,-155.582247,0, ,0.0,0.0,235.0,6.0,2,4300,0,0,0,0,2,0
TF,LUANA,20.010817,-155.655258,0, ,0.0,0.0,235.0,4.5,1,2873,0,0,0,0,3,1
CA,0,235.0,2,3071,0,0,0,0,0,0
DF,JASON,19.908542,-155.870278,0, ,0.0,0.0,2,5000,0,0,0,0,0,1
HM,JASON,19.908542,-155.870278,1, ,0.0,0.0,54.0,05,0,0,0,0,0,0,0,0,0

