FINAL,N06,06,N,2
IF,FN06,28.169678,-177.461500,MDY,0.0,0.0,2,1200,0,0,0,0,2,0
CF,MDY,28.203611,-177.379444,0,MDY,0.0,0.0,55.0,4.8,1,560,0,0,0,0,3,0
CA,0,55.0,2,2000,0,0,0,0,0,0
DF,MDY,28.203611,-177.379444,1, ,0.0,0.0,0,0,0,0,0,0,0,0
HM,MDY,28.203611,-177.379444,2, ,0.0,0.0,55.0,04.3,0,0,0,0,0,0,0,0,0

FINAL,N24,24,N,2
IF,FN24,28.225608,-177.298108,MDY,0.0,0.0,2,1200,0,0,0,0,2,0
CF,MDY,28.203611,-177.379444,0,MDY,0.0,0.0,243.0,4.5,1,560,0,0,0,0,3,0
CA,0,243.0,2,2000,0,0,0,0,0,0
DF,MDY,28.203611,-177.379444,1, ,0.0,0.0,0,0,0,0,0,0,0,0
HM,MDY,28.203611,-177.379444,2, ,0.0,0.0,243.0,04.3,0,0,0,0,0,0,0,0,0

APPTR,R06,06,IDOCA
IF,IDOCA,29.916667,180.000000, ,0.0,0.0,0,0,0,0,0,0,0,0
TF,ADLEC,28.460022,-178.002597,0, ,0.0,0.0,0.0,0.0,2,2000,0,0,0,0,1,0
TF,OWODY,28.135644,-177.570722,0, ,0.0,0.0,0.0,0.0,2,1700,0,0,0,0,0,0

APPTR,R06,06,OWODY
HF,OWODY,28.135644,-177.570722,2, ,0.0,0.0,59.0,04,2,1700,0,0,0,0,1,0,0

APPTR,R06,06,UJIXO
IF,UJIXO,28.166667,-175.000000, ,0.0,0.0,0,0,0,0,0,0,0,0
TF,IMAXE,28.026764,-177.522492,0, ,0.0,0.0,0.0,0.0,2,2000,0,0,0,0,1,0
TF,OWODY,28.135644,-177.570722,0, ,0.0,0.0,0.0,0.0,2,1700,0,0,0,0,0,0

FINAL,R06,06,R,3
IF,OWODY,28.135644,-177.570722, ,0.0,0.0,2,1700,0,0,0,0,0,0
TF,EKUZY,28.166192,-177.482972,0, ,0.0,0.0,59.0,5.0,2,1700,0,0,0,0,2,0
TF,RW06,28.197575,-177.392583,0, ,0.0,0.0,59.0,5.1,1,73,0,0,0,0,3,1
CA,0,59.0,2,420,0,0,0,0,0,0
DF,ESOVY,28.267028,-177.191808,0, ,0.0,0.0,2,1700,0,0,0,0,0,1
HM,ESOVY,28.267028,-177.191808,2, ,0.0,0.0,239.0,04,0,0,0,0,0,0,0,0,0

APPTR,R24,24,ESOVY
HF,ESOVY,28.267028,-177.191808,2, ,0.0,0.0,239.0,04,2,1700,0,0,0,0,1,0,0

APPTR,R24,24,IDOCA
IF,IDOCA,29.916667,180.000000, ,0.0,0.0,0,0,0,0,0,0,0,0
TF,UVIHU,28.344878,-177.226100,0, ,0.0,0.0,0.0,0.0,2,2000,0,0,0,0,1,0
TF,ESOVY,28.267028,-177.191808,0, ,0.0,0.0,0.0,0.0,2,1700,0,0,0,0,0,0

APPTR,R24,24,UJIXO
IF,UJIXO,28.166667,-175.000000, ,0.0,0.0,0,0,0,0,0,0,0,0
TF,OKEZO,28.244514,-176.626183,0, ,0.0,0.0,0.0,0.0,2,2000,0,0,0,0,1,0
TF,ESOVY,28.267028,-177.191808,0, ,0.0,0.0,0.0,0.0,2,1700,0,0,0,0,0,0

FINAL,R24,24,R,3
IF,ESOVY,28.267028,-177.191808, ,0.0,0.0,2,1700,0,0,0,0,0,0
TF,AVIKY,28.236667,-177.279722,0, ,0.0,0.0,239.0,5.0,2,1700,0,0,0,0,2,0
TF,RW24,28.205392,-177.370033,0, ,0.0,0.0,239.0,5.1,1,67,0,0,0,0,3,1
CA,0,239.0,2,420,0,0,0,0,0,0
DF,OWODY,28.135644,-177.570722,0, ,0.0,0.0,2,1700,0,0,0,0,0,1
HM,OWODY,28.135644,-177.570722,2, ,0.0,0.0,59.0,04,0,0,0,0,0,0,0,0,0

