FINAL,N09,09,N,2
IF,FF09,7.365125,134.446189,ROR,0.0,0.0,2,1900,0,0,0,0,2,0
CF,ROR,7.368761,134.550358,0,ROR,0.0,0.0,87.0,6.2,1,980,0,0,0,0,3,0
CA,0,87.0,2,980,0,0,0,0,0,0
CA,0,90.0,2,1900,0,0,0,0,0,0
DF,ROR,7.368761,134.550358,2, ,0.0,0.0,0,0,0,0,0,0,0,0
HM,ROR,7.368761,134.550358,2, ,0.0,0.0,87.0,04.3,0,0,0,0,0,0,0,0,0

APPTR,R09,09,EFUYE
IF,EFUYE,7.621700,134.965622, ,0.0,0.0,0,0,0,0,0,0,0,0
TF,LUBEY,7.455414,134.351758,0, ,0.0,0.0,0.0,0.0,2,2000,0,0,0,0,1,0
TF,JAKEF,7.371703,134.349869,0, ,0.0,0.0,0.0,0.0,2,1900,0,0,0,0,1,0

APPTR,R09,09,JAKEF
HF,JAKEF,7.371703,134.349869,2, ,0.0,0.0,90.0,04,2,1900,0,0,0,0,1,0,0

APPTR,R09,09,WEXGY
IF,WEXGY,7.569725,134.070661, ,0.0,0.0,0,0,0,0,0,0,0,0
TF,KUYEB,7.420219,134.281508,0, ,0.0,0.0,0.0,0.0,2,2000,0,0,0,0,1,0
TF,JAKEF,7.371703,134.349869,0, ,0.0,0.0,0.0,0.0,2,1900,0,0,0,0,1,0

FINAL,R09,09,R,3
IF,JAKEF,7.371703,134.349869, ,0.0,0.0,2,1900,0,0,0,0,0,0
TF,FAVGA,7.369414,134.451497,0, ,0.0,0.0,90.0,6.1,2,1800,0,0,0,0,2,0
TF,RW09,7.367531,134.534328,0, ,0.0,0.0,90.0,4.9,1,228,0,0,0,0,3,0
CA,0,90.0,2,576,0,0,0,0,0,0
DF,ITAZU,7.362794,134.738681,0, ,0.0,0.0,2,1900,0,0,0,0,0,0
HM,ITAZU,7.362794,134.738681,1, ,0.0,0.0,270.0,04,0,0,0,0,0,0,0,0,0

APPTR,R27,27,EFUYE
IF,EFUYE,7.621700,134.965622, ,0.0,0.0,0,0,0,0,0,0,0,0
TF,UVOVY,7.425819,134.793900,0, ,0.0,0.0,0.0,0.0,2,2000,0,0,0,0,1,0
TF,ITAZU,7.362794,134.738681,0, ,0.0,0.0,0.0,0.0,2,1900,0,0,0,0,1,0

APPTR,R27,27,ITAZU
HF,ITAZU,7.362794,134.738681,1, ,0.0,0.0,270.0,04,2,1900,0,0,0,0,1,0,0

APPTR,R27,27,WEXGY
IF,WEXGY,7.569725,134.070661, ,0.0,0.0,0,0,0,0,0,0,0,0
TF,EBFIT,7.446500,134.740642,0, ,0.0,0.0,0.0,0.0,2,2000,0,0,0,0,1,0
TF,ITAZU,7.362794,134.738681,0, ,0.0,0.0,0.0,0.0,2,1900,0,0,0,0,1,0

FINAL,R27,27,R,3
IF,ITAZU,7.362794,134.738681, ,0.0,0.0,2,1900,0,0,0,0,0,0
TF,OHUDA,7.365153,134.637392,0, ,0.0,0.0,270.0,6.0,2,1800,0,0,0,0,2,0
TF,RW27,7.367075,134.554200,0, ,0.0,0.0,270.0,5.0,1,220,0,0,0,0,3,0
CA,0,270.0,2,576,0,0,0,0,0,0
DF,JAKEF,7.371703,134.349869,0, ,0.0,0.0,2,1900,0,0,0,0,0,0
HM,JAKEF,7.371703,134.349869,2, ,0.0,0.0,90.0,04,0,0,0,0,0,0,0,0,0

