SID,CHD2,07,1
CA,0,70.0,2,1000,0,0,0,0,0,0
VI,1, ,0.0,305.0,0,0,0,0,0,0,0,0
CF,CHD,25.606258,140.848669,0,IJT,335.7,55.3,335.0,48.0,0,0,0,0,0,0,0,0

SID,CHD2,25,1
CA,0,250.0,2,1000,0,0,0,0,0,0
VI,2, ,0.0,5.0,0,0,0,0,0,0,0,0
CF,CHD,25.606258,140.848669,0,IJT,335.7,55.3,335.0,51.0,0,0,0,0,0,0,0,0

SID,CHD2,CHD,3
IF,CHD,25.606258,140.848669, ,0.0,0.0,0,0,0,0,0,0,0,0
TF,NCH,25.975664,140.634789,0, ,0.0,0.0,0.0,0.0,0,0,0,0,0,0,0,0

SID,IWO2,07,1
CA,0,70.0,2,1000,0,0,0,0,0,0
VM,0,0,0,70.0,0,0,0,0,0,0,0,0

SID,IWO2,25,1
CA,0,250.0,2,1000,0,0,0,0,0,0
VM,0,0,0,250.0,0,0,0,0,0,0,0,0

STAR,CHD,ALL,2
IF,NCH,25.975664,140.634789, ,0.0,0.0,0,0,0,0,0,0,0,0
TF,CHD,25.606258,140.848669,0, ,0.0,0.0,0.0,0.0,0,0,0,0,0,0,0,0
TF,IJT15,25.007608,141.189792,0, ,0.0,0.0,0.0,0.0,0,0,0,0,0,0,0,0

STAR,CHD,07,3
IF,IJT15,25.007608,141.189792, ,0.0,0.0,0,0,0,0,0,0,0,0
AF,KANGO,24.648019,141.085897,1,IJT,240.0,15.0,335.0,0,0,0,0,0,0,0,0

STAR,CHD,25,3
IF,IJT15,25.007608,141.189792, ,0.0,0.0,0,0,0,0,0,0,0,0
AF,SAUNA,24.861344,141.578633,2,IJT,75.2,15.1,335.0,0,0,0,0,0,0,0,0

APPTR,N07-A,07,OX
IF,OX,24.772500,141.307500, ,0.0,0.0,2,3000,0,0,0,0,0,0
FC,OX,24.772500,141.307500,0,OX,0.0,0.0,260.0,7.0,0,0,0,0,0,0,0,1
CF,FF100,24.782411,141.230086,2,OX,280.0,4.3,100.0,2.7,2,2000,0,0,0,0,0,0

FINAL,N07-A,07,N,2
IF,FF100,24.782411,141.230086,OX,0.0,0.0,2,2000,0,0,0,0,2,0
CF,OX,24.772500,141.307500,0,OX,0.0,0.0,100.0,4.3,1,940,0,0,0,0,3,0
CA,0,100.0,2,940,0,0,0,0,0,0
FC,OX,24.772500,141.307500,0,OX,0.0,0.0,150.0,5.0,2,3000,0,0,0,0,0,1
DF,OX,24.772500,141.307500,1, ,0.0,0.0,0,0,0,0,0,0,0,0
HM,OX,24.772500,141.307500,1, ,0.0,0.0,270.0,04.3,0,0,0,0,0,0,0,0,0

APPTR,N07-B,07,OX
IF,OX,24.772500,141.307500, ,0.0,0.0,2,14000,0,0,0,0,0,0
FC,OX,24.772500,141.307500,0,OX,0.0,0.0,260.0,23.0,0,0,0,0,0,0,0,1
CF,FN100,24.797006,141.115508,2,OX,280.0,10.6,100.0,12.4,2,4000,0,0,0,0,0,0

FINAL,N07-B,07,N,2
IF,FN100,24.797006,141.115508,OX,0.0,0.0,2,4000,0,0,0,0,2,0
CF,OX,24.772500,141.307500,0,OX,0.0,0.0,100.0,10.6,1,1060,0,0,0,0,3,0
CA,0,100.0,2,1060,0,0,0,0,0,0
FC,OX,24.772500,141.307500,0,OX,0.0,0.0,150.0,4.0,2,3000,0,0,0,0,0,1
DF,OX,24.772500,141.307500,1, ,0.0,0.0,0,0,0,0,0,0,0,0
HM,OX,24.772500,141.307500,1, ,0.0,0.0,270.0,04.3,0,0,0,0,0,0,0,0,0

APPTR,N25-A,25,OX
IF,OX,24.772500,141.307500, ,0.0,0.0,2,3000,0,0,0,0,0,0
FC,OX,24.772500,141.307500,0,OX,0.0,0.0,260.0,7.0,0,0,0,0,0,0,0,1
CF,FF100,24.782411,141.230086,2,OX,280.0,4.3,100.0,2.7,2,2000,0,0,0,0,0,0

FINAL,N25-A,25,N,2
IF,FF100,24.782411,141.230086,OX,0.0,0.0,2,2000,0,0,0,0,2,0
CF,OX,24.772500,141.307500,0,OX,0.0,0.0,100.0,4.3,1,940,0,0,0,0,3,0
CA,0,100.0,2,940,0,0,0,0,0,0
FC,OX,24.772500,141.307500,0,OX,0.0,0.0,150.0,5.0,2,3000,0,0,0,0,0,1
DF,OX,24.772500,141.307500,1, ,0.0,0.0,0,0,0,0,0,0,0,0
HM,OX,24.772500,141.307500,1, ,0.0,0.0,270.0,04.3,0,0,0,0,0,0,0,0,0

APPTR,N25-B,25,OX
IF,OX,24.772500,141.307500, ,0.0,0.0,2,14000,0,0,0,0,0,0
FC,OX,24.772500,141.307500,0,OX,0.0,0.0,260.0,23.0,0,0,0,0,0,0,0,1
CF,FN100,24.797006,141.115508,2,OX,280.0,10.6,100.0,12.4,2,4000,0,0,0,0,0,0

FINAL,N25-B,25,N,2
IF,FN100,24.797006,141.115508,OX,0.0,0.0,2,4000,0,0,0,0,2,0
CF,OX,24.772500,141.307500,0,OX,0.0,0.0,100.0,10.6,1,1060,0,0,0,0,3,0
CA,0,100.0,2,1060,0,0,0,0,0,0
FC,OX,24.772500,141.307500,0,OX,0.0,0.0,150.0,4.0,2,3000,0,0,0,0,0,1
DF,OX,24.772500,141.307500,1, ,0.0,0.0,0,0,0,0,0,0,0,0
HM,OX,24.772500,141.307500,1, ,0.0,0.0,270.0,04.3,0,0,0,0,0,0,0,0,0

APPTR,T07-X,07,ONSEN
IF,ONSEN,24.817736,141.477808, ,0.0,0.0,2,14000,0,0,0,0,1,0
TF,IJT,24.784722,141.315833,0, ,0.0,0.0,0.0,0.0,0,0,0,0,0,0,0,0
TF,D260F,24.762117,141.208783,0, ,0.0,0.0,0.0,0.0,2,14000,0,0,0,0,0,0
TF,D260V,24.701464,140.923508,0, ,0.0,0.0,0.0,0.0,2,7000,0,0,0,0,0,1
CF,D240V,24.584003,140.978464,1,IJT,240.0,22.0,60.0,1.0,2,4000,0,0,0,0,0,0
TF,CT07,24.648647,141.085194,0, ,0.0,0.0,0.0,0.0,2,3000,0,0,0,0,1,0

FINAL,T07-X,07,D,3
IF,CT07,24.648647,141.085194,IJT,240.2,15.0,2,3000,0,0,0,0,0,0
CF,FF07,24.730039,141.223725,0,IJT,240.0,6.0,60.0,9.0,2,1500,0,0,0,0,2,0
CF,MA07,24.771056,141.292797,0,IJT,240.0,1.5,60.0,4.5,1,759,0,0,0,0,3,0
CA,0,60.0,2,890,0,0,0,0,0,0
CF,D150O,24.574311,141.465200,2,IJT,150.0,15.0,150.0,15.0,1,3000,0,0,0,0,0,0
HM,D150O,24.574311,141.465200,1, ,0.0,0.0,330.0,05,0,0,0,0,0,0,0,0,0

APPTR,T07-Y,07,KAMAR
IF,KAMAR,24.430256,140.717319, ,0.0,0.0,2,14000,0,0,0,0,1,0
TF,CT07,24.648647,141.085194,0, ,0.0,0.0,0.0,0.0,2,3000,0,0,0,0,1,0

FINAL,T07-Y,07,D,3
IF,CT07,24.648647,141.085194,IJT,240.2,15.0,2,3000,0,0,0,0,0,0
CF,FF07,24.730039,141.223725,0,IJT,240.0,6.0,60.0,9.0,2,1500,0,0,0,0,2,0
CF,MA07,24.771056,141.292797,0,IJT,240.0,1.5,60.0,4.5,1,759,0,0,0,0,3,0
CA,0,60.0,2,890,0,0,0,0,0,0
CF,D150O,24.574311,141.465200,2,IJT,150.0,15.0,150.0,15.0,1,3000,0,0,0,0,0,1
HM,D150O,24.574311,141.465200,1, ,0.0,0.0,330.0,05,0,0,0,0,0,0,0,0,0

FINAL,T07-Z,07,D,3
IF,KANGO,24.648019,141.085897,IJT,240.0,15.0,2,3000,0,0,0,0,1,0
CF,FF07,24.730039,141.223725,0,IJT,240.0,6.0,60.0,9.0,2,1500,0,0,0,0,2,0
CF,MA07,24.771056,141.292797,0,IJT,240.0,1.5,60.0,4.5,1,759,0,0,0,0,3,0
CA,0,60.0,2,890,0,0,0,0,0,0
CF,D150O,24.574311,141.465200,2,IJT,150.0,15.0,150.0,15.0,1,3000,0,0,0,0,0,1
HM,D150O,24.574311,141.465200,1, ,0.0,0.0,330.0,05,0,0,0,0,0,0,0,0,0

APPTR,T25-X,25,SURIB
IF,SURIB,24.798564,141.150056, ,0.0,0.0,2,14000,0,0,0,0,1,0
TF,IJT,24.784722,141.315833,0, ,0.0,0.0,0.0,0.0,0,0,0,0,0,0,0,0
TF,D095F,24.781181,141.425647,0, ,0.0,0.0,0.0,0.0,2,14000,0,0,0,0,0,0
TF,D095V,24.771342,141.718456,0, ,0.0,0.0,0.0,0.0,2,7000,0,0,0,0,0,1
CF,D075V,24.897894,141.699372,1,IJT,75.0,22.0,255.0,1.0,2,4000,0,0,0,0,0,0
TF,CF25,24.863186,141.576833,0, ,0.0,0.0,0.0,0.0,2,3000,0,0,0,0,1,0

FINAL,T25-X,25,D,3
IF,CF25,24.863186,141.576833,IJT,74.7,15.0,2,3000,0,0,0,0,0,0
CF,FF25,24.820394,141.437947,0,IJT,75.2,7.0,255.0,8.0,2,1500,0,0,0,0,2,0
CF,MA25,24.794414,141.348969,0,IJT,75.2,1.9,255.0,5.1,1,706,0,0,0,0,3,0
CA,0,255.0,2,890,0,0,0,0,0,0
CF,D150O,24.574311,141.465200,1,IJT,150.0,15.0,150.0,15.0,1,3000,0,0,0,0,0,0
HM,D150O,24.574311,141.465200,1, ,0.0,0.0,330.0,05,0,0,0,0,0,0,0,0,0

APPTR,T25-Y,25,HIGAS
IF,HIGAS,24.988564,141.997767, ,0.0,0.0,2,14000,0,0,0,0,1,0
TF,CF25,24.863186,141.576833,0, ,0.0,0.0,0.0,0.0,2,3000,0,0,0,0,1,0

FINAL,T25-Y,25,D,3
IF,CF25,24.863186,141.576833,IJT,74.7,15.0,2,3000,0,0,0,0,0,0
CF,FF25,24.820394,141.437947,0,IJT,75.2,7.0,255.0,8.0,2,1500,0,0,0,0,2,0
CF,MA25,24.794414,141.348969,0,IJT,75.2,1.9,255.0,5.1,1,706,0,0,0,0,3,0
CA,0,255.0,2,890,0,0,0,0,0,0
CF,D150O,24.574311,141.465200,1,IJT,150.0,15.0,150.0,15.0,1,3000,0,0,0,0,0,0
HM,D150O,24.574311,141.465200,1, ,0.0,0.0,330.0,05,0,0,0,0,0,0,0,0,0

FINAL,T25-Z,25,D,3
IF,SAUNA,24.861344,141.578633,IJT,75.2,15.1,2,3000,0,0,0,0,0,0
CF,FF25,24.820394,141.437947,0,IJT,75.2,7.0,255.0,8.0,2,1500,0,0,0,0,2,0
CF,MA25,24.794414,141.348969,0,IJT,75.2,1.9,255.0,5.1,1,706,0,0,0,0,3,0
CA,0,255.0,2,890,0,0,0,0,0,0
CF,D150O,24.574311,141.465200,1,IJT,150.0,15.0,150.0,15.0,1,3000,0,0,0,0,0,0
HM,D150O,24.574311,141.465200,1, ,0.0,0.0,330.0,05,0,0,0,0,0,0,0,0,0

