SID,CHE3,18L,1
VA,0,182.0,2,589,0,0,0,0,0,0
DF,CHE,42.699903,141.686167,0, ,0.0,0.0,0,0,0,0,0,0,0,0

SID,CHE3,18R,1
VA,0,182.0,2,589,0,0,0,0,0,0
DF,CHE,42.699903,141.686167,0, ,0.0,0.0,0,0,0,0,0,0,0,0

SID,CHE3,36L,1
VA,0,2.0,2,500,0,0,0,0,0,0
DF,CHE04,42.764564,141.708083,2, ,0.0,0.0,2,3000,0,0,0,0,0,0
TF,CHE,42.699903,141.686167,0, ,0.0,0.0,0.0,0.0,0,0,0,0,0,0,0,0

SID,CHE3,36R,1
VA,0,2.0,2,500,0,0,0,0,0,0
DF,CHE04,42.764564,141.708083,2, ,0.0,0.0,2,3000,0,0,0,0,0,0
TF,CHE,42.699903,141.686167,0, ,0.0,0.0,0.0,0.0,0,0,0,0,0,0,0,0

SID,HWE4,18L,1
CA,0,182.0,2,590,0,0,0,0,0,0
DF,CHE,42.699903,141.686167,0, ,0.0,0.0,0,0,0,0,0,0,0,0

SID,HWE4,18R,1
CA,0,182.0,2,590,0,0,0,0,0,0
DF,CHE,42.699903,141.686167,0, ,0.0,0.0,0,0,0,0,0,0,0,0

SID,HWE4,36L,1
CA,0,2.0,2,500,0,0,0,0,0,0
VD, ,0,0,2,CHE,0.0,0.0,210.0,4.0,2,3000,0,0,0,0,0,0
DF,CHE,42.699903,141.686167,0, ,0.0,0.0,0,0,0,0,0,0,0,0

SID,HWE4,36R,1
CA,0,2.0,2,500,0,0,0,0,0,0
VD, ,0,0,2,CHE,0.0,0.0,210.0,4.0,2,3000,0,0,0,0,0,0
DF,CHE,42.699903,141.686167,0, ,0.0,0.0,0,0,0,0,0,0,0,0

SID,HWE4,ALL,2
IF,CHE,42.699903,141.686167, ,0.0,0.0,0,0,0,0,0,0,0,0
TF,HWE,41.774031,140.832217,0, ,0.0,0.0,0.0,0.0,0,0,0,0,0,0,0,0

SID,KURIS4,18L,1
CA,0,182.0,2,500,0,0,0,0,0,0
VI,1, ,0.0,341.0,0,0,0,0,0,0,0,0
CF,KURIS,43.155228,141.706006,0,CHE,10.8,27.3,11.0,18.0,0,0,0,0,0,0,0,0

SID,KURIS4,18R,1
CA,0,182.0,2,500,0,0,0,0,0,0
VI,1, ,0.0,341.0,0,0,0,0,0,0,0,0
CF,KURIS,43.155228,141.706006,0,CHE,10.8,27.3,11.0,18.0,0,0,0,0,0,0,0,0

SID,KURIS4,36L,1
CA,0,2.0,2,590,0,0,0,0,0,0
VI,0, ,0.0,41.0,0,0,0,0,0,0,0,0
CF,KURIS,43.155228,141.706006,0,CHE,10.8,27.3,11.0,20.0,0,0,0,0,0,0,0,0

SID,KURIS4,36R,1
CA,0,2.0,2,590,0,0,0,0,0,0
VI,0, ,0.0,41.0,0,0,0,0,0,0,0,0
CF,KURIS,43.155228,141.706006,0,CHE,10.8,27.3,11.0,20.0,0,0,0,0,0,0,0,0

SID,MKE5,18L,1
VI,0, ,0.0,182.0,2,500,0,0,0,0,0,0
CF,D321J,42.666439,141.787747,0,MKE,321.0,10.0,141.0,7.0,2,3000,0,0,0,0,0,0
TF,MKE,42.555006,141.955631,0, ,0.0,0.0,0.0,0.0,3,11000,0,0,0,0,0,0

SID,MKE5,18R,1
VI,0, ,0.0,182.0,2,500,0,0,0,0,0,0
CF,D321J,42.666439,141.787747,0,MKE,321.0,10.0,141.0,7.0,2,3000,0,0,0,0,0,0
TF,MKE,42.555006,141.955631,0, ,0.0,0.0,0.0,0.0,3,11000,0,0,0,0,0,0

SID,MKE5,36L,1
VA,0,2.0,2,500,0,0,0,0,0,0
CF,D336L,42.722697,141.807850,2,MKE,336.0,12.0,156.0,7.0,2,3000,0,0,0,0,0,0
TF,MKE,42.555006,141.955631,0, ,0.0,0.0,0.0,0.0,3,11000,0,0,0,0,0,0

SID,MKE5,36R,1
VA,0,2.0,2,500,0,0,0,0,0,0
CF,D336L,42.722697,141.807850,2,MKE,336.0,12.0,156.0,7.0,2,3000,0,0,0,0,0,0
TF,MKE,42.555006,141.955631,0, ,0.0,0.0,0.0,0.0,3,11000,0,0,0,0,0,0

SID,MKE5,ALL,2
IF,MKE,42.555006,141.955631, ,0.0,0.0,3,11000,0,0,0,0,0,0
TF,TOBBY,41.918692,141.759964,0, ,0.0,0.0,0.0,0.0,0,0,0,0,0,0,0,0

SID,TEKKO9,18L,1
CA,0,182.0,2,590,0,0,0,0,0,0
DF,CHE,42.699903,141.686167,0, ,0.0,0.0,0,0,0,0,0,0,0,0

SID,TEKKO9,18R,1
CA,0,182.0,2,590,0,0,0,0,0,0
DF,CHE,42.699903,141.686167,0, ,0.0,0.0,0,0,0,0,0,0,0,0

SID,TEKKO9,36L,1
CA,0,2.0,2,500,0,0,0,0,0,0
VD, ,0,0,2,CHE,0.0,0.0,210.0,4.0,2,3000,0,0,0,0,0,0
DF,CHE,42.699903,141.686167,0, ,0.0,0.0,0,0,0,0,0,0,0,0

SID,TEKKO9,36R,1
CA,0,2.0,2,500,0,0,0,0,0,0
VD, ,0,0,2,CHE,0.0,0.0,210.0,4.0,2,3000,0,0,0,0,0,0
DF,CHE,42.699903,141.686167,0, ,0.0,0.0,0,0,0,0,0,0,0,0

SID,TEKKO9,ALL,2
IF,CHE,42.699903,141.686167, ,0.0,0.0,0,0,0,0,0,0,0,0
TF,TEKKO,42.501967,141.075278,0, ,0.0,0.0,0.0,0.0,0,0,0,0,0,0,0,0

SID,TO1BOK,18L,1
CA,0,182.0,2,500,0,0,0,0,0,0
VI,0, ,0.0,130.0,0,0,0,0,0,0,0,0
CF,D088L,42.736592,141.952881,0,CHE,88.3,12.0,88.0,7.0,3,5000,0,0,0,0,0,0
TF,D088V,42.766686,142.175383,0, ,0.0,0.0,0.0,0.0,4,11000,9000,0,0,0,0,0
TF,BOKSO,42.805206,142.465181,0, ,0.0,0.0,0.0,0.0,0,0,0,0,0,0,0,0

SID,TO1BOK,18R,1
CA,0,182.0,2,500,0,0,0,0,0,0
VI,0, ,0.0,130.0,0,0,0,0,0,0,0,0
CF,D088L,42.736592,141.952881,0,CHE,88.3,12.0,88.0,7.0,3,5000,0,0,0,0,0,0
TF,D088V,42.766686,142.175383,0, ,0.0,0.0,0.0,0.0,4,11000,9000,0,0,0,0,0
TF,BOKSO,42.805206,142.465181,0, ,0.0,0.0,0.0,0.0,0,0,0,0,0,0,0,0

SID,TO1BOK,36L,1
CA,0,2.0,2,500,0,0,0,0,0,0
VI,2, ,0.0,130.0,0,0,0,0,0,0,0,0
CF,D088L,42.736592,141.952881,0,CHE,88.3,12.0,88.0,1.0,3,5000,0,0,0,0,0,0
TF,D088V,42.766686,142.175383,0, ,0.0,0.0,0.0,0.0,4,11000,9000,0,0,0,0,0
TF,BOKSO,42.805206,142.465181,0, ,0.0,0.0,0.0,0.0,0,0,0,0,0,0,0,0

SID,TO1BOK,36R,1
CA,0,2.0,2,500,0,0,0,0,0,0
VI,2, ,0.0,130.0,0,0,0,0,0,0,0,0
CF,D088L,42.736592,141.952881,0,CHE,88.3,12.0,88.0,1.0,3,5000,0,0,0,0,0,0
TF,D088V,42.766686,142.175383,0, ,0.0,0.0,0.0,0.0,4,11000,9000,0,0,0,0,0
TF,BOKSO,42.805206,142.465181,0, ,0.0,0.0,0.0,0.0,0,0,0,0,0,0,0,0

SID,TO1RAK,18L,1
CA,0,182.0,2,500,0,0,0,0,0,0
VI,0, ,0.0,130.0,0,0,0,0,0,0,0,0
CF,D097L,42.707417,141.957228,0,CHE,96.8,12.0,97.0,6.0,3,5000,0,0,0,0,0,0
TF,D097V,42.713189,142.183158,0, ,0.0,0.0,0.0,0.0,4,11000,9000,0,0,0,0,0
TF,RAKNO,42.720036,142.477161,0, ,0.0,0.0,0.0,0.0,0,0,0,0,0,0,0,0

SID,TO1RAK,18R,1
CA,0,182.0,2,500,0,0,0,0,0,0
VI,0, ,0.0,130.0,0,0,0,0,0,0,0,0
CF,D097L,42.707417,141.957228,0,CHE,96.8,12.0,97.0,6.0,3,5000,0,0,0,0,0,0
TF,D097V,42.713189,142.183158,0, ,0.0,0.0,0.0,0.0,4,11000,9000,0,0,0,0,0
TF,RAKNO,42.720036,142.477161,0, ,0.0,0.0,0.0,0.0,0,0,0,0,0,0,0,0

SID,TO1RAK,36L,1
CA,0,2.0,2,500,0,0,0,0,0,0
VI,2, ,0.0,130.0,0,0,0,0,0,0,0,0
CF,D097L,42.707417,141.957228,0,CHE,96.8,12.0,97.0,1.0,3,5000,0,0,0,0,0,0
TF,D097V,42.713189,142.183158,0, ,0.0,0.0,0.0,0.0,4,11000,9000,0,0,0,0,0
TF,RAKNO,42.720036,142.477161,0, ,0.0,0.0,0.0,0.0,0,0,0,0,0,0,0,0

SID,TO1RAK,36R,1
CA,0,2.0,2,500,0,0,0,0,0,0
VI,2, ,0.0,130.0,0,0,0,0,0,0,0,0
CF,D097L,42.707417,141.957228,0,CHE,96.8,12.0,97.0,1.0,3,5000,0,0,0,0,0,0
TF,D097V,42.713189,142.183158,0, ,0.0,0.0,0.0,0.0,4,11000,9000,0,0,0,0,0
TF,RAKNO,42.720036,142.477161,0, ,0.0,0.0,0.0,0.0,0,0,0,0,0,0,0,0

SID,TOBBY7,18L,1
CA,0,182.0,2,590,0,0,0,0,0,0
DF,CHE,42.699903,141.686167,0, ,0.0,0.0,0,0,0,0,0,0,0,0
TF,CHE27,42.250853,141.728808,0, ,0.0,0.0,0.0,0.0,3,11000,0,0,0,0,0,0
TF,TOBBY,41.918692,141.759964,0, ,0.0,0.0,0.0,0.0,0,0,0,0,0,0,0,0

SID,TOBBY7,18R,1
CA,0,182.0,2,590,0,0,0,0,0,0
DF,CHE,42.699903,141.686167,0, ,0.0,0.0,0,0,0,0,0,0,0,0
TF,CHE27,42.250853,141.728808,0, ,0.0,0.0,0.0,0.0,3,11000,0,0,0,0,0,0
TF,TOBBY,41.918692,141.759964,0, ,0.0,0.0,0.0,0.0,0,0,0,0,0,0,0,0

SID,TOBBY7,36L,1
CA,0,2.0,2,500,0,0,0,0,0,0
VD, ,0,0,2,CHE,0.0,0.0,220.0,4.0,2,3000,0,0,0,0,0,0
DF,CHE,42.699903,141.686167,0, ,0.0,0.0,0,0,0,0,0,0,0,0
TF,D185F,42.600117,141.695694,0, ,0.0,0.0,0.0,0.0,2,6000,0,0,0,0,0,0
TF,D185K,42.516961,141.703611,0, ,0.0,0.0,0.0,0.0,2,7000,0,0,0,0,0,0
TF,TOBBY,41.918692,141.759964,0, ,0.0,0.0,0.0,0.0,0,0,0,0,0,0,0,0

SID,TOBBY7,36R,1
CA,0,2.0,2,500,0,0,0,0,0,0
VD, ,0,0,2,CHE,0.0,0.0,220.0,4.0,2,3000,0,0,0,0,0,0
DF,CHE,42.699903,141.686167,0, ,0.0,0.0,0,0,0,0,0,0,0,0
TF,D185F,42.600117,141.695694,0, ,0.0,0.0,0.0,0.0,2,6000,0,0,0,0,0,0
TF,D185K,42.516961,141.703611,0, ,0.0,0.0,0.0,0.0,2,7000,0,0,0,0,0,0
TF,TOBBY,41.918692,141.759964,0, ,0.0,0.0,0.0,0.0,0,0,0,0,0,0,0,0

SID,ZYT2R,18L,1
VA,0,182.0,2,500,0,0,0,0,0,0
CF,D090O,42.798728,142.009744,1,CHE,76.4,15.5,90.0,15.0,3,11000,0,0,0,0,0,1
CF,D060E,42.815703,141.762686,1,CHE,34.9,7.7,240.0,10.0,0,0,0,0,0,0,0,0
TF,ZYT,42.764444,141.673611,0, ,0.0,0.0,0.0,0.0,0,0,0,0,0,0,0,0

SID,ZYT2R,18R,1
VA,0,182.0,2,500,0,0,0,0,0,0
CF,D090O,42.798728,142.009744,1,CHE,76.4,15.5,90.0,15.0,3,11000,0,0,0,0,0,1
CF,D060E,42.815703,141.762686,1,CHE,34.9,7.7,240.0,10.0,0,0,0,0,0,0,0,0
TF,ZYT,42.764444,141.673611,0, ,0.0,0.0,0.0,0.0,0,0,0,0,0,0,0,0

SID,ZYT2R,36L,1
VA,0,2.0,2,589,0,0,0,0,0,0
CF,D360O,43.012042,141.626039,0,CHE,0.9,18.9,360.0,13.0,2,10000,0,0,0,0,0,1
CF,D030E,42.841697,141.715897,2,CHE,17.8,8.6,210.0,10.0,0,0,0,0,0,0,0,0
TF,ZYT,42.764444,141.673611,0, ,0.0,0.0,0.0,0.0,0,0,0,0,0,0,0,0

SID,ZYT2R,36R,1
VA,0,2.0,2,589,0,0,0,0,0,0
CF,D360O,43.012042,141.626039,0,CHE,0.9,18.9,360.0,13.0,2,10000,0,0,0,0,0,1
CF,D030E,42.841697,141.715897,2,CHE,17.8,8.6,210.0,10.0,0,0,0,0,0,0,0,0
TF,ZYT,42.764444,141.673611,0, ,0.0,0.0,0.0,0.0,0,0,0,0,0,0,0,0

STAR,KOMAIE,36L,2
IF,MKE,42.555006,141.955631, ,0.0,0.0,0,0,0,0,0,0,0,0
TF,MKE08,42.423264,141.983792,0, ,0.0,0.0,0.0,0.0,0,0,0,0,0,0,0,1
VR,0,MKE,221.0,270.0,0,0,0,0,0,0,0,0
VI,0, ,0.0,270.0,0,0,0,0,0,0,0,0
CF,KOMAI,42.427789,141.740150,2,CHE,180.6,16.5,1.0,2.0,0,0,0,0,0,0,0,0

STAR,KOMAIE,36R,2
IF,MKE,42.555006,141.955631, ,0.0,0.0,0,0,0,0,0,0,0,0
TF,MKE08,42.423264,141.983792,0, ,0.0,0.0,0.0,0.0,0,0,0,0,0,0,0,1
VR,0,MKE,221.0,270.0,0,0,0,0,0,0,0,0
VI,0, ,0.0,270.0,0,0,0,0,0,0,0,0
CF,KOMAI,42.427789,141.740150,2,CHE,180.6,16.5,1.0,2.0,0,0,0,0,0,0,0,0

STAR,KOMAIW,36L,2
IF,NAVER,42.128942,141.524697, ,0.0,0.0,0,0,0,0,0,0,0,0
TF,D201V,42.338825,141.583706,0, ,0.0,0.0,0.0,0.0,0,0,0,0,0,0,0,0
TF,KOMAI,42.427789,141.740150,0, ,0.0,0.0,0.0,0.0,0,0,0,0,0,0,0,0

STAR,KOMAIW,36R,2
IF,NAVER,42.128942,141.524697, ,0.0,0.0,0,0,0,0,0,0,0,0
TF,D201V,42.338825,141.583706,0, ,0.0,0.0,0.0,0.0,0,0,0,0,0,0,0,0
TF,KOMAI,42.427789,141.740150,0, ,0.0,0.0,0.0,0.0,0,0,0,0,0,0,0,0

STAR,WAKSAA,18L,5
IF,NAVER,42.128942,141.524697, ,0.0,0.0,0,0,0,0,0,0,0,0
TF,FUJIM,42.406278,141.804342,0, ,0.0,0.0,0.0,0.0,2,13000,0,0,0,0,0,0
TF,MKE,42.555006,141.955631,0, ,0.0,0.0,0.0,0.0,0,0,0,0,0,0,0,0
TF,C9R52,42.769056,141.909028,0, ,0.0,0.0,0.0,0.0,2,12000,0,0,0,0,0,0
TF,C9R53,42.897611,141.880889,0, ,0.0,0.0,0.0,0.0,0,0,0,0,0,0,0,0
TF,C9R54,42.966639,141.865750,0, ,0.0,0.0,0.0,0.0,3,7000,0,0,0,0,0,0
TF,C9R55,43.109639,141.834250,0, ,0.0,0.0,0.0,0.0,2,5000,0,0,0,0,0,0
TF,WAKSA,42.991947,141.636931,0, ,0.0,0.0,0.0,0.0,2,3000,0,0,0,0,0,0

STAR,WAKSAB,18L,5
IF,CHE,42.699903,141.686167, ,0.0,0.0,0,0,0,0,0,0,0,0
TF,C9R53,42.897611,141.880889,0, ,0.0,0.0,0.0,0.0,0,0,0,0,0,0,0,0
TF,C9R54,42.966639,141.865750,0, ,0.0,0.0,0.0,0.0,3,7000,0,0,0,0,0,0
TF,C9R55,43.109639,141.834250,0, ,0.0,0.0,0.0,0.0,2,5000,0,0,0,0,0,0
TF,WAKSA,42.991947,141.636931,0, ,0.0,0.0,0.0,0.0,2,3000,0,0,0,0,0,0

APPTR,D18L1,18L,CHE
IF,CHE,42.699903,141.686167, ,0.0,0.0,4,14000,7000,0,0,0,0,0
FD,CHE,42.699903,141.686167,0,CHE,0.0,22.0,22.0,22.0,1,4000,0,0,0,0,0,0
VI,1, ,0.0,227.0,2,3000,0,0,0,0,0,0
CF,FD18L,42.898464,141.653006,0,CHE,2.0,12.0,182.0,7.0,2,1200,0,0,0,0,0,0

FINAL,D18L1,18L,D,2
IF,FD18L,42.898464,141.653006,CHE,2.0,12.0,2,1200,0,0,0,0,2,0
CF,RW18L,42.802139,141.667139,0,CHE,1.2,6.2,182.0,5.8,1,120,0,0,0,0,3,0
CA,0,182.0,2,4000,0,0,0,0,0,0
VM,0,0,0,182.0,1,4000,0,0,0,0,0,0

FINAL,D18L2,18L,D,3
IF,WAKSA,42.991947,141.636931,CHE,1.9,17.7,2,3000,0,0,0,0,0,0
CF,FD18L,42.898464,141.653006,0,CHE,2.0,12.0,182.0,5.7,2,1200,0,0,0,0,2,0
CF,RW18L,42.802139,141.667139,0,CHE,1.2,6.2,182.0,5.8,1,120,0,0,0,0,3,0
CI,0, ,0.0,182.0,2,590,0,0,0,0,0,0
CF,MKE,42.555006,141.955631,0,MKE,0.0,0.0,140.0,16.0,2,5000,0,0,0,0,0,0
HM,MKE,42.555006,141.955631,1, ,0.0,0.0,280.0,04.3,0,0,0,0,0,0,0,0,0

FINAL,I36R,36R,I,3
IF,CI36R,42.582111,141.700858,ICB,182.0,14.0,1,1500,0,0,0,0,0,0
CF,FI36R,42.694756,141.683522,0,ICB,182.1,7.2,2.0,6.8,1,1500,0,0,0,0,2,0
CF,RW36R,42.775333,141.671639,0,ICB,181.6,2.3,2.0,4.9,1,133,0,0,0,0,3,0
CA,0,2.0,2,500,0,0,0,0,0,0
VI,2, ,0.0,120.0,0,0,0,0,0,0,0,0
CF,D090R,42.810681,142.076172,0,MKE,28.1,16.2,90.0,10.0,1,4000,0,0,0,0,0,0
HM,D090R,42.810681,142.076172,2, ,0.0,0.0,90.0,05,0,0,0,0,0,0,0,0,0

APPTR,S36R1,36R,CHE
IF,CHE,42.699903,141.686167, ,0.0,0.0,4,14000,7000,0,0,0,0,0
FC,CHE,42.699903,141.686167,0,CHE,0.0,0.0,161.0,22.0,1,6000,0,0,0,0,0,1
VI,2, ,0.0,316.0,2,5000,0,0,0,0,0,0
CF,CHE,42.699903,141.686167,0,CHE,0.0,0.0,1.0,19.0,2,1200,0,0,0,0,0,0

FINAL,S36R1,36R,D,2
IF,CHE,42.699903,141.686167,CHE,0.0,0.0,2,1200,0,0,0,0,2,0
CF,RW36R,42.775333,141.671639,0,CHE,0.9,4.6,1.0,4.6,1,133,0,0,0,0,3,0
CA,0,1.0,2,590,0,0,0,0,0,0
CA,2,135.0,2,4000,0,0,0,0,0,0
VM,0,0,0,135.0,1,4000,0,0,0,0,0,0

FINAL,S36R2,36R,D,3
IF,KOMAI,42.427789,141.740150,CHE,180.6,16.5,2,3000,0,0,0,0,1,0
CF,CHE,42.699903,141.686167,0,CHE,0.0,0.0,1.0,16.0,2,1200,0,0,0,0,2,0
CF,RW36R,42.775333,141.671639,0,CHE,0.9,4.6,1.0,4.6,1,133,0,0,0,0,3,0
CA,0,1.0,2,590,0,0,0,0,0,0
CF,MKE,42.555006,141.955631,2,MKE,0.0,0.0,155.0,18.0,2,5000,0,0,0,0,0,0
HM,MKE,42.555006,141.955631,1, ,0.0,0.0,280.0,04.3,0,0,0,0,0,0,0,0,0

APPTR,T18L3,18L,JOMMY
IF,JOMMY,42.816114,142.122103, ,0.0,0.0,2,14000,0,0,0,0,1,0
TF,D090P,42.805611,142.031414,0, ,0.0,0.0,0.0,0.0,0,0,0,0,0,0,0,0
AF,D035P,43.004078,141.832925,1,ZYT,35.0,16.0,90.0,4,6000,4000,0,0,0,0,0
AF,D002P,43.029186,141.629300,1,ZYT,2.0,16.0,35.0,1,3000,0,0,0,0,0,0
TF,FF18L,42.913364,141.648733,0, ,0.0,0.0,0.0,0.0,1,1500,0,0,0,0,0,0

FINAL,T18L3,18L,D,2
IF,FF18L,42.913364,141.648733,ZYT,2.0,9.0,1,1500,0,0,0,0,2,0
CF,RW18L,42.802139,141.667139,0,ZYT,1.8,2.3,182.0,6.7,1,120,0,0,0,0,3,0
CA,0,182.0,2,590,0,0,0,0,0,0
CF,D090R,42.810681,142.076172,1,ZYT,90.0,18.0,90.0,18.0,2,4000,0,0,0,0,0,0
HM,D090R,42.810681,142.076172,2, ,0.0,0.0,90.0,05,0,0,0,0,0,0,0,0,0

APPTR,T18L4,18L,ABIRA
IF,ABIRA,42.797978,141.964289, ,0.0,0.0,1,6000,0,0,0,0,1,0
AF,D002M,42.979550,141.637639,1,ZYT,2.0,13.0,90.0,1,2000,0,0,0,0,0,0
TF,FF18L,42.913364,141.648733,0, ,0.0,0.0,0.0,0.0,1,1500,0,0,0,0,0,0

FINAL,T18L4,18L,D,2
IF,FF18L,42.913364,141.648733,ZYT,2.0,9.0,1,1500,0,0,0,0,2,0
CF,RW18L,42.802139,141.667139,0,ZYT,1.8,2.3,182.0,6.7,1,120,0,0,0,0,3,0
CA,0,182.0,2,590,0,0,0,0,0,0
CF,D090R,42.810681,142.076172,1,ZYT,90.0,18.0,90.0,18.0,2,4000,0,0,0,0,0,0
HM,D090R,42.810681,142.076172,2, ,0.0,0.0,90.0,05,0,0,0,0,0,0,0,0,0

APPTR,T36R1,36R,JOMMY
IF,JOMMY,42.816114,142.122103, ,0.0,0.0,2,14000,0,0,0,0,1,0
TF,D090P,42.805611,142.031414,0, ,0.0,0.0,0.0,0.0,0,0,0,0,0,0,0,0
AF,D157P,42.538067,141.864758,2,ZYT,157.0,16.0,90.0,1,5000,0,0,0,0,0,0
AF,D182P,42.499672,141.717542,2,ZYT,182.0,16.0,157.0,1,3000,0,0,0,0,0,0
TF,FT36R,42.665156,141.690128,0, ,0.0,0.0,0.0,0.0,1,1500,0,0,0,0,0,0

FINAL,T36R1,36R,D,2
IF,FT36R,42.665156,141.690128,ZYT,182.0,6.0,1,1500,0,0,0,0,2,0
CF,ZYT,42.764444,141.673611,0,ZYT,0.0,0.0,2.0,6.0,1,344,0,0,0,0,3,0
CA,0,2.0,2,590,0,0,0,0,0,0
CF,D090R,42.810681,142.076172,0,ZYT,90.0,18.0,90.0,18.0,2,4000,0,0,0,0,0,0
HM,D090R,42.810681,142.076172,2, ,0.0,0.0,90.0,05,0,0,0,0,0,0,0,0,0

APPTR,T36R5,36R,ABIRA
IF,ABIRA,42.797978,141.964289, ,0.0,0.0,1,6000,0,0,0,0,1,0
AF,D182M,42.549317,141.709333,2,ZYT,182.0,13.0,90.0,1,2000,0,0,0,0,0,0
TF,FT36R,42.665156,141.690128,0, ,0.0,0.0,0.0,0.0,1,1500,0,0,0,0,0,0

FINAL,T36R5,36R,D,2
IF,FT36R,42.665156,141.690128,ZYT,182.0,6.0,1,1500,0,0,0,0,2,0
CF,ZYT,42.764444,141.673611,0,ZYT,0.0,0.0,2.0,6.0,1,344,0,0,0,0,3,0
CA,0,2.0,2,590,0,0,0,0,0,0
CF,D090R,42.810681,142.076172,0,ZYT,90.0,18.0,90.0,18.0,2,4000,0,0,0,0,0,0
HM,D090R,42.810681,142.076172,2, ,0.0,0.0,90.0,05,0,0,0,0,0,0,0,0,0

