SID,LUBEK1,14,4
VA,0,141.0,2,1400,0,0,0,0,0,0
DF,LUBEK,44.019103,142.973006,2, ,0.0,0.0,2,8000,0,0,0,0,0,0

SID,LUBEK1,32,4
VA,0,321.0,2,500,0,0,0,0,0,0
DF,EB210,44.330861,143.530306,2, ,0.0,0.0,0,0,0,0,0,0,0,0
TF,EB211,44.219917,143.498167,0, ,0.0,0.0,0.0,0.0,0,0,0,0,0,0,0,0
TF,LUBEK,44.019103,142.973006,0, ,0.0,0.0,0.0,0.0,2,8000,0,0,0,0,0,0

SID,MVE5R,14,1
CA,0,141.0,2,600,0,0,0,0,0,0
VA,1,50.0,2,2500,0,0,0,0,0,0
DF,MVE,44.305267,143.395092,1, ,0.0,0.0,2,4000,0,0,0,0,0,0

SID,MVE5R,32,1
CA,0,321.0,2,500,0,0,0,0,0,0
VA,0,50.0,2,2500,0,0,0,0,0,0
DF,MVE,44.305267,143.395092,2, ,0.0,0.0,2,4000,0,0,0,0,0,0

SID,MVE5R,LUBEK,3
IF,MVE,44.305267,143.395092, ,0.0,0.0,2,4000,0,0,0,0,0,0
TF,LUBEK,44.019103,142.973006,0, ,0.0,0.0,0.0,0.0,2,8000,0,0,0,0,0,0

APPTR,I32,32,MVE
IF,MVE,44.305267,143.395092, ,0.0,0.0,2,4000,0,0,0,0,0,0
FD,MVE,44.305267,143.395092,0,MVE,0.0,12.0,125.0,12.0,0,0,0,1,200,0,0,0
CF,CF32,44.173944,143.604933,2,IMV,140.9,12.3,321.0,1.0,2,2500,0,0,0,0,0,0

FINAL,I32,32,I,3
IF,CF32,44.173944,143.604933,IMV,140.9,12.3,2,2500,0,0,0,0,0,0
CF,KOMKE,44.216456,143.539325,0,IMV,140.9,8.5,321.0,3.8,1,2500,0,0,0,0,2,0
CF,RW32,44.297900,143.413350,0,IMV,140.9,1.2,321.0,7.3,1,126,0,0,0,0,3,0
CA,0,321.0,2,560,0,0,0,0,0,0
FA,MVE,44.305267,143.395092,2,MVE,0.0,0.0,30.0,2,2500,0,0,0,0,0,0
DF,MVE,44.305267,143.395092,2, ,0.0,0.0,1,4000,0,0,0,0,0,0
HM,MVE,44.305267,143.395092,2, ,0.0,0.0,125.0,04.3,2,4000,0,1,230,0,0,0,0

APPTR,R14,14,LUBEK
IF,LUBEK,44.019103,142.973006, ,0.0,0.0,2,8000,0,0,0,0,1,0
TF,EB450,44.249778,143.158856,0, ,0.0,0.0,0.0,0.0,2,4200,0,0,0,0,1,0

FINAL,R14,14,R,7
IF,EB450,44.249778,143.158856, ,0.0,0.0,2,4200,0,0,0,0,0,0
TF,EB451,44.333456,143.226708,0, ,0.0,0.0,39.0,5.8,1,3300,0,0,0,0,2,0
TF,EB452,44.354414,143.243739,0, ,0.0,0.0,39.0,1.5,1,2836,0,1,165,0,0,0
RF,EB453,44.354106,143.336256,2,EBRF1,159.3,2.3,1,1303,0,0,0,0,0,0
TF,EB454,44.345419,143.343164,0, ,0.0,0.0,160.0,0.6,1,1112,0,0,0,0,0,0
RF,EB455,44.337083,143.352542,1,EBRF2,140.9,2.0,1,906,0,0,0,0,0,0
TF,RW14,44.309925,143.394703,0, ,0.0,0.0,141.0,2.4,1,130,0,0,0,0,3,1
TF,EB456,44.232847,143.514017,0, ,0.0,0.0,0.0,0.0,0,0,0,0,0,0,0,0
TF,EB457,44.126308,143.402628,0, ,0.0,0.0,0.0,0.0,0,0,0,0,0,0,0,0
TF,LUBEK,44.019103,142.973006,0, ,0.0,0.0,0.0,0.0,1,8000,0,0,0,0,0,0
HM,LUBEK,44.019103,142.973006,2, ,0.0,0.0,56.0,06,2,8000,0,1,230,0,0,0,0

APPTR,R32,32,LUBEK
IF,LUBEK,44.019103,142.973006, ,0.0,0.0,2,8000,0,0,0,0,1,0
TF,EB250,44.149350,143.295869,0, ,0.0,0.0,0.0,0.0,2,4200,0,0,0,0,1,0

FINAL,R32,32,R,6
IF,EB250,44.149350,143.295869, ,0.0,0.0,2,4200,0,0,0,0,0,0
TF,EB251,44.177714,143.366681,0, ,0.0,0.0,70.0,3.5,2,3100,0,0,0,0,0,0
TF,EB252,44.198772,143.419367,0, ,0.0,0.0,70.0,2.6,1,2700,0,0,0,0,2,0
TF,EB253,44.209389,143.445967,0, ,0.0,0.0,70.0,1.3,1,2282,0,1,165,0,0,0
RF,EB254,44.270608,143.455628,1,EBRF3,321.0,2.3,1,906,0,0,0,0,0,0
TF,RW32,44.297900,143.413350,0, ,0.0,0.0,321.0,2.4,1,126,0,0,0,0,3,1
TF,EB255,44.371864,143.298458,0, ,0.0,0.0,0.0,0.0,0,0,0,0,0,0,0,0
TF,EB256,44.294297,143.183333,0, ,0.0,0.0,0.0,0.0,0,0,0,0,0,0,0,0
TF,LUBEK,44.019103,142.973006,0, ,0.0,0.0,0.0,0.0,1,8000,0,0,0,0,0,0
HM,LUBEK,44.019103,142.973006,2, ,0.0,0.0,56.0,06,2,8000,0,1,230,0,0,0,0

APPTR,V14-A,14,MVE
IF,MVE,44.305267,143.395092, ,0.0,0.0,2,4000,0,0,0,0,0,0
FD,MVE,44.305267,143.395092,0,MVE,0.0,11.0,8.0,11.0,0,0,0,1,200,0,0,0
CF,CF14,44.479600,143.315958,1,MVE,351.0,11.0,172.0,1.0,2,1700,0,0,0,0,0,0

FINAL,V14-A,14,D,3
IF,CF14,44.479600,143.315958,MVE,351.0,11.0,2,1700,0,0,0,0,0,0
CF,GOMAF,44.400361,143.351989,0,MVE,351.0,6.0,172.0,5.0,2,1200,0,0,0,0,2,0
CF,MA14,44.321117,143.387917,0,MVE,351.0,0.0,172.0,5.0,1,1150,0,0,0,0,3,0
CA,0,172.0,2,1150,0,0,0,0,0,0
FA,MVE,44.305267,143.395092,1,MVE,0.0,0.0,80.0,2,2500,0,0,0,0,0,0
DF,MVE,44.305267,143.395092,1, ,0.0,0.0,1,4000,0,0,0,0,0,0
HM,MVE,44.305267,143.395092,2, ,0.0,0.0,8.0,04.3,2,4000,0,1,230,0,0,0,0

APPTR,V32-A,32,MVE
IF,MVE,44.305267,143.395092, ,0.0,0.0,2,4000,0,0,0,0,0,0
FD,MVE,44.305267,143.395092,0,MVE,0.0,11.0,8.0,11.0,0,0,0,1,200,0,0,0
CF,CF14,44.479600,143.315958,1,MVE,351.0,11.0,172.0,1.0,2,1700,0,0,0,0,0,0

FINAL,V32-A,32,D,3
IF,CF14,44.479600,143.315958,MVE,351.0,11.0,2,1700,0,0,0,0,0,0
CF,GOMAF,44.400361,143.351989,0,MVE,351.0,6.0,172.0,5.0,2,1200,0,0,0,0,2,0
CF,MA14,44.321117,143.387917,0,MVE,351.0,0.0,172.0,5.0,1,1150,0,0,0,0,3,0
CA,0,172.0,2,1150,0,0,0,0,0,0
FA,MVE,44.305267,143.395092,1,MVE,0.0,0.0,80.0,2,2500,0,0,0,0,0,0
DF,MVE,44.305267,143.395092,1, ,0.0,0.0,1,4000,0,0,0,0,0,0
HM,MVE,44.305267,143.395092,2, ,0.0,0.0,8.0,04.3,2,4000,0,1,230,0,0,0,0

