SID,FREDY1,13,4
VA,0,129.0,2,1200,0,0,0,0,0,0
DF,FREDY,30.900464,131.262072,1, ,0.0,0.0,2,7000,0,0,0,0,0,0
TF,QUEEN,31.226283,131.560158,0, ,0.0,0.0,0.0,0.0,0,0,0,0,0,0,0,0

SID,FREDY1,31,4
VA,0,309.0,2,1300,0,0,0,0,0,0
DF,FREDY,30.900464,131.262072,2, ,0.0,0.0,2,7000,0,0,0,0,0,0
TF,QUEEN,31.226283,131.560158,0, ,0.0,0.0,0.0,0.0,0,0,0,0,0,0,0,0

SID,FREDY1,JACKY,6
IF,QUEEN,31.226283,131.560158, ,0.0,0.0,0,0,0,0,0,0,0,0
TF,JACKY,31.554661,131.863114,0, ,0.0,0.0,0.0,0.0,0,0,0,0,0,0,0,0

SID,KAGYA1,13,4
VA,0,129.0,2,1200,0,0,0,0,0,0
DF,KAGYA,30.793103,130.920944,1, ,0.0,0.0,0,0,0,0,0,0,0,0
TF,FG801,30.924944,130.872056,0, ,0.0,0.0,0.0,0.0,2,6000,0,0,0,0,0,0
TF,KINKO,31.332836,130.720008,0, ,0.0,0.0,0.0,0.0,0,0,0,0,0,0,0,0

SID,KAGYA1,31,4
VA,0,309.0,2,1300,0,0,0,0,0,0
DF,KAGYA,30.793103,130.920944,2, ,0.0,0.0,0,0,0,0,0,0,0,0
TF,FG801,30.924944,130.872056,0, ,0.0,0.0,0.0,0.0,2,6000,0,0,0,0,0,0
TF,KINKO,31.332836,130.720008,0, ,0.0,0.0,0.0,0.0,0,0,0,0,0,0,0,0

SID,KINKO1,13,1
VA,0,129.0,2,1268,0,0,0,0,0,0
VD, ,0,0,0,TGE,0.0,0.0,129.0,1.5,0,0,0,0,0,0,0,0
VI,1, ,0.0,318.0,0,0,0,0,0,0,0,0
CF,D348S,30.904503,130.879708,0,TGE,348.3,19.0,348.0,11.0,2,6000,0,0,0,0,0,0

SID,KINKO1,31,1
VA,0,309.0,2,1268,0,0,0,0,0,0
VD, ,0,0,0,TGE,0.0,0.0,309.0,1.7,0,0,0,0,0,0,0,0
VI,0, ,0.0,18.0,0,0,0,0,0,0,0,0
CF,D348S,30.904503,130.879708,0,TGE,348.3,19.0,348.0,14.0,2,6000,0,0,0,0,0,0

SID,KINKO1,ALL,2
IF,D348S,30.904503,130.879708, ,0.0,0.0,2,6000,0,0,0,0,0,0
TF,KINKO,31.332836,130.720008,0, ,0.0,0.0,0.0,0.0,0,0,0,0,0,0,0,0

SID,QUEEN1,13,1
VA,0,129.0,2,1270,0,0,0,0,0,0
VD, ,0,0,0,TGE,0.0,0.0,129.0,1.5,0,0,0,0,0,0,0,0
VI,1, ,0.0,10.0,0,0,0,0,0,0,0,0
CF,TGE27,30.957156,131.313769,0,TGE,44.0,27.0,44.0,20.0,2,7000,0,0,0,0,0,0

SID,QUEEN1,31,1
VA,0,309.0,2,1270,0,0,0,0,0,0
VD, ,0,0,0,TGE,0.0,0.0,309.0,1.7,0,0,0,0,0,0,0,0
VI,2, ,0.0,74.0,0,0,0,0,0,0,0,0
CF,TGE27,30.957156,131.313769,0,TGE,44.0,27.0,44.0,19.0,2,7000,0,0,0,0,0,0

SID,QUEEN1,ALL,2
IF,TGE27,30.957156,131.313769, ,0.0,0.0,2,7000,0,0,0,0,0,0
TF,QUEEN,31.226283,131.560158,0, ,0.0,0.0,0.0,0.0,0,0,0,0,0,0,0,0

SID,QUEEN1,JACKY,3
IF,QUEEN,31.226283,131.560158, ,0.0,0.0,0,0,0,0,0,0,0,0
TF,JACKY,31.554661,131.863114,0, ,0.0,0.0,0.0,0.0,0,0,0,0,0,0,0,0

SID,TANE1R,13,1
VA,0,129.0,2,1268,0,0,0,0,0,0
VD, ,0,0,0,TGE,0.0,0.0,129.0,1.5,0,0,0,0,0,0,0,0
VI,1, ,0.0,303.0,0,0,0,0,0,0,0,0
FD,TGE,30.602156,130.991533,0,TGE,0.0,7.0,348.0,7.0,0,0,0,0,0,0,0,0
DF,TGE,30.602156,130.991533,1, ,0.0,0.0,0,0,0,0,0,0,0,0

SID,TANE1R,31,1
VA,0,309.0,2,1268,0,0,0,0,0,0
VD, ,0,0,0,TGE,0.0,0.0,309.0,1.7,0,0,0,0,0,0,0,0
VI,0, ,0.0,33.0,0,0,0,0,0,0,0,0
FD,TGE,30.602156,130.991533,0,TGE,0.0,7.0,348.0,7.0,0,0,0,0,0,0,0,0
DF,TGE,30.602156,130.991533,1, ,0.0,0.0,0,0,0,0,0,0,0,0

STAR,KAGYA,ALL,2
IF,TEPPO,30.760117,131.134306, ,0.0,0.0,0,0,0,0,0,0,0,0
AF,KAGYA,30.793103,130.920944,1,TGE,348.3,12.0,44.0,2,6000,0,0,0,0,0,0

APPTR,D13,13,TGE
IF,TGE,30.602156,130.991533, ,0.0,0.0,2,3000,0,0,0,0,0,0
FD,TGE,30.602156,130.991533,0,TGE,0.0,7.0,294.0,7.0,0,0,0,0,0,0,0,0
CF,FD13,30.649961,130.920733,2,TGE,314.0,4.7,134.0,2.4,2,2100,0,0,0,0,0,0

FINAL,D13,13,D,2
IF,FD13,30.649961,130.920733,TGE,314.0,4.7,2,2100,0,0,0,0,2,0
CF,RW13,30.610000,130.982778,0,TGE,322.0,0.7,134.0,4.0,1,828,0,0,0,0,3,0
CF,TGE,30.602156,130.991533,0,TGE,0.0,0.0,134.0,0.7,2,1268,0,0,0,0,0,0
FA,TGE,30.602156,130.991533,0,TGE,0.0,0.0,134.0,2,3000,0,0,0,0,0,0
DF,TGE,30.602156,130.991533,1, ,0.0,0.0,0,0,0,0,0,0,0,0
HM,TGE,30.602156,130.991533,2, ,0.0,0.0,294.0,04.3,0,0,0,0,0,0,0,0,0

APPTR,D31,31,TGE
IF,TGE,30.602156,130.991533, ,0.0,0.0,2,3000,0,0,0,0,0,0
FD,TGE,30.602156,130.991533,0,TGE,0.0,7.0,140.0,7.0,0,0,0,0,0,0,0,0
CF,FD31,30.571825,131.070194,1,TGE,120.0,4.5,300.0,2.5,2,2000,0,0,0,0,0,0

FINAL,D31,31,D,2
IF,FD31,30.571825,131.070194,TGE,120.0,4.5,2,2000,0,0,0,0,2,0
CF,RW31,30.600278,131.000278,0,TGE,109.9,0.5,300.0,4.0,1,812,0,0,0,0,3,0
CF,TGE,30.602156,130.991533,0,TGE,0.0,0.0,300.0,0.5,2,1268,0,0,0,0,0,0
FA,TGE,30.602156,130.991533,0,TGE,0.0,0.0,300.0,2,3000,0,0,0,0,0,0
DF,TGE,30.602156,130.991533,2, ,0.0,0.0,0,0,0,0,0,0,0,0
HM,TGE,30.602156,130.991533,2, ,0.0,0.0,145.0,04.3,0,0,0,0,0,0,0,0,0

APPTR,I31,31,TGE
IF,TGE,30.602156,130.991533, ,0.0,0.0,2,3000,0,0,0,0,0,0
FD,TGE,30.602156,130.991533,0,TGE,0.0,7.0,148.0,7.0,0,0,0,0,0,0,0,0
CF,CF31,30.539647,131.107828,1,ITN,129.0,7.9,309.0,1.0,2,2300,0,0,0,0,0,0

FINAL,I31,31,I,3
IF,CF31,30.539647,131.107828,ITN,129.0,7.9,2,2300,0,0,0,0,0,0
CF,FF31,30.557872,131.075472,0,ITN,129.0,5.9,309.0,2.0,1,2300,0,0,0,0,2,0
CF,RW31,30.600278,131.000278,0,ITN,128.7,1.2,309.0,4.6,1,812,0,0,0,0,3,0
CA,0,309.0,2,1268,0,0,0,0,0,0
FA,TGE,30.602156,130.991533,0,TGE,0.0,0.0,309.0,2,3000,0,0,0,0,0,0
DF,TGE,30.602156,130.991533,2, ,0.0,0.0,0,0,0,0,0,0,0,0
HM,TGE,30.602156,130.991533,2, ,0.0,0.0,145.0,04.3,0,0,0,0,0,0,0,0,0

APPTR,R13,13,KAGYA
IF,KAGYA,30.793103,130.920944, ,0.0,0.0,2,6000,0,0,0,0,1,0
TF,OKINA,30.687664,130.842703,0, ,0.0,0.0,0.0,0.0,2,2000,0,0,0,0,1,0

FINAL,R13,13,R,3
IF,OKINA,30.687664,130.842703, ,0.0,0.0,2,2000,0,0,0,0,0,0
TF,FR13,30.643219,130.922925,0, ,0.0,0.0,129.0,4.9,2,2000,0,0,0,0,2,0
TF,RW13,30.610000,130.982778,0, ,0.0,0.0,129.0,3.7,1,828,0,0,0,0,3,1
CA,0,129.0,2,1270,0,0,0,0,0,0
DF,KAGYA,30.793103,130.920944,1, ,0.0,0.0,2,6000,0,0,0,0,0,1
HM,KAGYA,30.793103,130.920944,1, ,0.0,0.0,168.0,06,2,6000,0,1,230,0,0,0,0

