SID,CASTL1,18,1
CA,0,176.0,2,500,0,0,0,0,0,0
CF,D181G,34.741783,136.817967,0,CBE,181.0,7.0,181.0,7.0,0,0,0,0,0,0,0,0
CI,0, ,0.0,181.0,0,0,0,0,0,0,0,0
AF,D233I,34.753561,136.672217,2,CBE,233.0,9.0,181.0,0,0,0,0,0,0,0,1
CF,CBE,34.858006,136.803169,0,CBE,0.0,0.0,70.0,9.0,2,7000,0,0,0,0,0,0

SID,CASTL1,36,1
CA,0,356.0,2,500,0,0,0,0,0,0
VI,1, ,0.0,260.0,0,0,0,0,0,0,0,0
CF,D255I,34.801603,136.634281,0,CBE,255.0,9.0,214.0,4.0,0,0,0,0,0,0,0,0
AF,D215I,34.725311,136.717733,1,CBE,215.0,9.0,255.0,0,0,0,0,0,0,0,1
CF,CBE,34.858006,136.803169,0,CBE,0.0,0.0,18.0,9.0,2,7000,0,0,0,0,0,0

SID,CASTL1,ALL,2
IF,CBE,34.858006,136.803169, ,0.0,0.0,2,7000,0,0,0,0,0,0
TF,CME,35.269336,136.917192,0, ,0.0,0.0,0.0,0.0,0,0,0,0,0,0,0,0

SID,CASTL1,GOHEI,3
IF,CME,35.269336,136.917192, ,0.0,0.0,0,0,0,0,0,0,0,0
TF,SOBAR,35.855964,137.194319,0, ,0.0,0.0,0.0,0.0,2,20000,0,0,0,0,0,0
TF,GOHEI,36.197658,137.357900,0, ,0.0,0.0,0.0,0.0,0,0,0,0,0,0,0,0

SID,CASTL1,KROBE,3
IF,CME,35.269336,136.917192, ,0.0,0.0,0,0,0,0,0,0,0,0
TF,STRAW,36.116742,137.428853,0, ,0.0,0.0,0.0,0.0,2,20000,0,0,0,0,0,0
TF,KROBE,36.553639,137.697769,0, ,0.0,0.0,0.0,0.0,0,0,0,0,0,0,0,0

SID,CHITA1,18,4
VA,0,176.0,2,500,0,0,0,0,0,0
DF,FAROL,34.724903,136.812125,0, ,0.0,0.0,0,0,0,0,0,0,0,0
TF,COSTA,34.677050,136.916497,0, ,0.0,0.0,0.0,0.0,0,0,0,0,0,0,0,0
TF,LAURA,34.623956,137.370794,0, ,0.0,0.0,0.0,0.0,2,15000,0,0,0,0,0,0

SID,CHITA1,36,4
VA,0,356.0,2,500,0,0,0,0,0,0
DF,GG36A,34.832375,136.710897,1, ,0.0,0.0,0,0,0,0,0,0,0,0
TF,DELFI,34.763600,136.727492,0, ,0.0,0.0,0.0,0.0,0,0,0,0,0,0,0,0
TF,COSTA,34.677050,136.916497,0, ,0.0,0.0,0.0,0.0,0,0,0,0,0,0,0,0
TF,LAURA,34.623956,137.370794,0, ,0.0,0.0,0.0,0.0,2,15000,0,0,0,0,0,0

SID,CHITA1,HAMNA,6
IF,LAURA,34.623956,137.370794, ,0.0,0.0,2,15000,0,0,0,0,0,0
TF,ENSYU,34.543294,138.034028,0, ,0.0,0.0,0.0,0.0,0,0,0,0,0,0,0,0

SID,ESPAN1,18,1
CA,0,176.0,2,500,0,0,0,0,0,0
CF,FTAMI,34.567753,136.708619,0,CBE,202.1,18.0,202.0,16.3,2,7000,0,0,0,0,0,0
TF,ESPAN,34.187269,136.585781,0, ,0.0,0.0,0.0,0.0,2,12000,0,0,0,0,0,0

SID,ESPAN1,36,1
CA,0,356.0,2,500,0,0,0,0,0,0
VI,1, ,0.0,260.0,0,0,0,0,0,0,0,0
CF,D255I,34.801603,136.634281,0,CBE,255.0,9.0,214.0,5.0,0,0,0,0,0,0,0,0
AF,D202I,34.712864,136.756075,1,CBE,202.0,9.0,255.0,0,0,0,0,0,0,0,0
TF,FTAMI,34.567753,136.708619,0, ,0.0,0.0,0.0,0.0,2,7000,0,0,0,0,0,0
TF,ESPAN,34.187269,136.585781,0, ,0.0,0.0,0.0,0.0,2,12000,0,0,0,0,0,0

SID,ESPAN1,KEC,3
IF,ESPAN,34.187269,136.585781, ,0.0,0.0,2,12000,0,0,0,0,0,0
TF,KEC,33.447742,135.794494,0, ,0.0,0.0,0.0,0.0,0,0,0,0,0,0,0,0

SID,FORES1,18,1
CA,0,176.0,2,500,0,0,0,0,0,0
CF,D181G,34.741783,136.817967,0,CBE,181.0,7.0,181.0,7.0,0,0,0,0,0,0,0,1
CI,0, ,0.0,181.0,0,0,0,0,0,0,0,0
AF,D233I,34.753561,136.672217,2,CBE,233.0,9.0,181.0,0,0,0,0,0,0,0,1
CF,CBE,34.858006,136.803169,0,CBE,0.0,0.0,70.0,9.0,2,7000,0,0,0,0,0,0

SID,FORES1,36,1
CA,0,356.0,2,500,0,0,0,0,0,0
VI,1, ,0.0,260.0,0,0,0,0,0,0,0,0
CF,D255I,34.801603,136.634281,0,CBE,255.0,9.0,214.0,4.0,0,0,0,0,0,0,0,0
AF,D215I,34.725311,136.717733,1,CBE,215.0,9.0,255.0,0,0,0,0,0,0,0,1
CF,CBE,34.858006,136.803169,0,CBE,0.0,0.0,18.0,9.0,2,7000,0,0,0,0,0,0

SID,FORES1,ALL,2
IF,CBE,34.858006,136.803169, ,0.0,0.0,2,7000,0,0,0,0,0,0
TF,MORIZ,35.056753,137.223192,0, ,0.0,0.0,0.0,0.0,0,0,0,0,0,0,0,0

SID,FORES1,CHAUS,3
IF,MORIZ,35.056753,137.223192, ,0.0,0.0,0,0,0,0,0,0,0,0
TF,TSUGU,35.294631,137.730786,0, ,0.0,0.0,0.0,0.0,0,0,0,0,0,0,0,0
TF,CHAUS,35.442569,138.041475,0, ,0.0,0.0,0.0,0.0,2,15000,0,0,0,0,0,0

SID,HIKNE1,18,1
CA,0,176.0,2,500,0,0,0,0,0,0
VI,2, ,0.0,359.0,0,0,0,0,0,0,0,0
CF,HIKNE,35.237625,136.176956,0,CBE,313.6,38.3,314.0,35.0,2,7000,0,0,0,0,0,0

SID,HIKNE1,36,1
CA,0,356.0,2,500,0,0,0,0,0,0
CF,D350F,34.953786,136.767600,0,CBE,350.0,6.0,350.0,6.0,0,0,0,0,0,0,0,0
VI,0, ,0.0,270.0,0,0,0,0,0,0,0,0
CF,HIKNE,35.237625,136.176956,0,CBE,313.6,38.3,314.0,28.0,2,7000,0,0,0,0,0,0

SID,HIKNE1,CUE,3
IF,HIKNE,35.237625,136.176956, ,0.0,0.0,2,7000,0,0,0,0,0,0
TF,CUE,35.017047,135.826003,0, ,0.0,0.0,0.0,0.0,0,0,0,0,0,0,0,0

SID,HIKNE1,YME,3
IF,HIKNE,35.237625,136.176956, ,0.0,0.0,2,7000,0,0,0,0,0,0
TF,KOSEI,35.290361,135.955064,0, ,0.0,0.0,0.0,0.0,0,0,0,0,0,0,0,0
TF,YME,35.480692,135.137022,0, ,0.0,0.0,0.0,0.0,0,0,0,0,0,0,0,0

SID,IKARO1,18,1
CA,0,176.0,2,500,0,0,0,0,0,0
CF,D181G,34.741783,136.817967,0,CBE,181.0,7.0,181.0,7.0,0,0,0,0,0,0,0,0
CI,0, ,0.0,181.0,0,0,0,0,0,0,0,0
AF,D233I,34.753561,136.672217,2,CBE,233.0,9.0,181.0,0,0,0,0,0,0,0,1
CF,CBE,34.858006,136.803169,0,CBE,0.0,0.0,70.0,9.0,2,7000,0,0,0,0,0,0
TF,HIKNE,35.237625,136.176956,1, ,0.0,0.0,0.0,0.0,0,0,0,0,0,0,0,0

SID,IKARO1,36,1
CA,0,356.0,2,500,0,0,0,0,0,0
VI,1, ,0.0,260.0,0,0,0,0,0,0,0,0
CF,D255I,34.801603,136.634281,0,CBE,255.0,9.0,214.0,5.0,0,0,0,0,0,0,0,0
AF,D215I,34.725311,136.717733,1,CBE,215.0,9.0,255.0,0,0,0,0,0,0,0,1
CF,CBE,34.858006,136.803169,0,CBE,0.0,0.0,18.0,9.0,2,7000,0,0,0,0,0,0
TF,HIKNE,35.237625,136.176956,0, ,0.0,0.0,0.0,0.0,0,0,0,0,0,0,0,0

SID,IKARO1,CUE,3
IF,HIKNE,35.237625,136.176956, ,0.0,0.0,2,7000,0,0,0,0,0,0
TF,CUE,35.017047,135.826003,0, ,0.0,0.0,0.0,0.0,0,0,0,0,0,0,0,0

SID,IKARO1,YME,3
IF,HIKNE,35.237625,136.176956, ,0.0,0.0,2,7000,0,0,0,0,0,0
TF,KOSEI,35.290361,135.955064,0, ,0.0,0.0,0.0,0.0,0,0,0,0,0,0,0,0
TF,YME,35.480692,135.137022,0, ,0.0,0.0,0.0,0.0,0,0,0,0,0,0,0,0

SID,ISE1,18,4
VA,0,176.0,2,500,0,0,0,0,0,0
DF,FTAMI,34.567753,136.708619,0, ,0.0,0.0,2,7000,0,0,0,0,0,0
TF,ESPAN,34.187269,136.585781,0, ,0.0,0.0,0.0,0.0,0,0,0,0,0,0,0,0

SID,ISE1,36,4
VA,0,356.0,2,500,0,0,0,0,0,0
DF,GG36A,34.832375,136.710897,1, ,0.0,0.0,0,0,0,0,0,0,0,0
TF,DELFI,34.763600,136.727492,0, ,0.0,0.0,0.0,0.0,0,0,0,0,0,0,0,0
TF,MEOTO,34.575122,136.680908,0, ,0.0,0.0,0.0,0.0,2,7000,0,0,0,0,0,0
TF,ESPAN,34.187269,136.585781,0, ,0.0,0.0,0.0,0.0,0,0,0,0,0,0,0,0

SID,ISE1,KOZA,6
IF,ESPAN,34.187269,136.585781, ,0.0,0.0,0,0,0,0,0,0,0,0
TF,KEC,33.447742,135.794494,0, ,0.0,0.0,0.0,0.0,0,0,0,0,0,0,0,0

SID,MEIJY1,18,4
VA,0,176.0,2,500,0,0,0,0,0,0
DF,GG18A,34.852711,136.705986,2, ,0.0,0.0,0,0,0,0,0,0,0,0
TF,DEGNA,34.947656,136.683022,0, ,0.0,0.0,0.0,0.0,0,0,0,0,0,0,0,0
TF,KCC,35.265267,136.914925,0, ,0.0,0.0,0.0,0.0,0,0,0,0,0,0,0,0

SID,MEIJY1,36,4
VA,0,356.0,2,500,0,0,0,0,0,0
DF,PONTE,35.065933,136.726183,0, ,0.0,0.0,0,0,0,0,0,0,0,0
TF,KCC,35.265267,136.914925,0, ,0.0,0.0,0.0,0.0,0,0,0,0,0,0,0,0

SID,MEIJY1,MOCHI,6
IF,KCC,35.265267,136.914925, ,0.0,0.0,0,0,0,0,0,0,0,0
TF,GOHEI,36.197658,137.357900,0, ,0.0,0.0,0.0,0.0,0,0,0,0,0,0,0,0

SID,MEIJY1,UOZU,6
IF,KCC,35.265267,136.914925, ,0.0,0.0,0,0,0,0,0,0,0,0
TF,KROBE,36.553639,137.697769,0, ,0.0,0.0,0.0,0.0,0,0,0,0,0,0,0,0

SID,MODEL1,18,1
CA,0,176.0,2,500,0,0,0,0,0,0
CF,D181N,34.632200,136.831881,0,CBE,181.0,13.6,181.0,13.0,2,3500,0,0,0,0,0,1
CI,0, ,0.0,181.0,0,0,0,0,0,0,0,0
AF,D147P,34.653208,137.010944,1,CBE,147.0,16.0,181.0,2,7000,0,0,0,0,0,0
AF,D114P,34.780169,137.113003,1,CBE,113.9,16.0,147.0,0,0,0,0,0,0,0,0
TF,MODEL,34.696897,137.440422,2, ,0.0,0.0,0.0,0.0,2,15000,0,0,0,0,0,0

SID,MODEL1,36,1
CA,0,356.0,2,500,0,0,0,0,0,0
VI,1, ,0.0,260.0,0,0,0,0,0,0,0,0
CF,D255I,34.801603,136.634281,0,CBE,255.0,9.0,214.0,4.0,0,0,0,0,0,0,0,0
AF,D174I,34.711600,136.844097,1,CBE,174.0,9.0,255.0,2,7000,0,0,0,0,0,0
AF,D114I,34.814319,136.977522,1,CBE,113.9,9.0,174.0,0,0,0,0,0,0,0,0
TF,MODEL,34.696897,137.440422,2, ,0.0,0.0,0.0,0.0,2,15000,0,0,0,0,0,0

SID,MODEL1,ENSYU,3
IF,MODEL,34.696897,137.440422, ,0.0,0.0,2,15000,0,0,0,0,0,0
TF,ENSYU,34.543294,138.034028,0, ,0.0,0.0,0.0,0.0,0,0,0,0,0,0,0,0

SID,MORIZ1,18,1
CA,0,176.0,2,500,0,0,0,0,0,0
CF,D181N,34.632200,136.831881,0,CBE,181.0,13.6,181.0,13.0,2,3500,0,0,0,0,0,1
CI,0, ,0.0,181.0,0,0,0,0,0,0,0,0
AF,D147P,34.653208,137.010944,1,CBE,147.0,16.0,181.0,2,6000,0,0,0,0,0,0
CF,D181T,34.932481,136.960181,0,CBE,67.0,8.9,1.0,17.0,0,0,0,0,0,0,0,0
TF,ANJYO,34.999672,137.102456,0, ,0.0,0.0,0.0,0.0,0,0,0,0,0,0,0,0
TF,MORIZ,35.056753,137.223192,0, ,0.0,0.0,0.0,0.0,0,0,0,0,0,0,0,0

SID,MORIZ1,36,1
CA,0,356.0,2,500,0,0,0,0,0,0
CF,D350L,35.049558,136.731947,0,CBE,350.0,12.0,350.0,12.0,0,0,0,0,0,0,0,0
CI,0, ,0.0,350.0,0,0,0,0,0,0,0,0
AF,D067N,34.974519,137.049131,2,CBE,67.0,14.0,350.0,0,0,0,0,0,0,0,0
TF,ANJYO,34.999672,137.102456,1, ,0.0,0.0,0.0,0.0,0,0,0,0,0,0,0,0
TF,MORIZ,35.056753,137.223192,0, ,0.0,0.0,0.0,0.0,0,0,0,0,0,0,0,0

SID,MORIZ1,CHAUS,3
IF,MORIZ,35.056753,137.223192, ,0.0,0.0,0,0,0,0,0,0,0,0
TF,TSUGU,35.294631,137.730786,0, ,0.0,0.0,0.0,0.0,0,0,0,0,0,0,0,0
TF,CHAUS,35.442569,138.041475,0, ,0.0,0.0,0.0,0.0,2,15000,0,0,0,0,0,0

SID,NAGOY4,18,1
CA,0,176.0,2,500,0,0,0,0,0,0
CF,D181N,34.632200,136.831881,0,CBE,181.0,13.6,181.0,13.0,2,3500,0,0,0,0,0,1
CI,0, ,0.0,181.0,0,0,0,0,0,0,0,0
AF,D147P,34.653208,137.010944,1,CBE,147.0,16.0,181.0,2,6000,0,0,0,0,0,0
TF,CME,35.269336,136.917192,0, ,0.0,0.0,0.0,0.0,0,0,0,0,0,0,0,0

SID,NAGOY4,36,1
CA,0,356.0,2,500,0,0,0,0,0,0
CF,D350L,35.049558,136.731947,0,CBE,350.0,12.0,350.0,11.0,0,0,0,0,0,0,0,1
CF,CME,35.269336,136.917192,0,CME,0.0,0.0,45.0,16.0,0,0,0,0,0,0,0,0

SID,NAGOY4,GOHEI,3
IF,CME,35.269336,136.917192, ,0.0,0.0,0,0,0,0,0,0,0,0
TF,SOBAR,35.855964,137.194319,0, ,0.0,0.0,0.0,0.0,2,20000,0,0,0,0,0,0
TF,GOHEI,36.197658,137.357900,0, ,0.0,0.0,0.0,0.0,0,0,0,0,0,0,0,0

SID,NAGOY4,KROBE,3
IF,CME,35.269336,136.917192, ,0.0,0.0,0,0,0,0,0,0,0,0
TF,STRAW,36.116742,137.428853,0, ,0.0,0.0,0.0,0.0,2,20000,0,0,0,0,0,0
TF,KROBE,36.553639,137.697769,0, ,0.0,0.0,0.0,0.0,0,0,0,0,0,0,0,0

SID,OUMI1,18,4
VA,0,176.0,2,500,0,0,0,0,0,0
DF,TITAN,34.903231,136.671197,2, ,0.0,0.0,0,0,0,0,0,0,0,0
TF,HIKNE,35.237625,136.176956,0, ,0.0,0.0,0.0,0.0,0,0,0,0,0,0,0,0

SID,OUMI1,36,4
VA,0,356.0,2,500,0,0,0,0,0,0
DF,VENTO,34.985494,136.756011,0, ,0.0,0.0,0,0,0,0,0,0,0,0
TF,JUNOH,34.967586,136.623533,0, ,0.0,0.0,0.0,0.0,0,0,0,0,0,0,0,0
TF,HIKNE,35.237625,136.176956,0, ,0.0,0.0,0.0,0.0,0,0,0,0,0,0,0,0

SID,OUMI1,PIONE,6
IF,HIKNE,35.237625,136.176956, ,0.0,0.0,0,0,0,0,0,0,0,0
TF,WAKIT,35.032736,134.925553,0, ,0.0,0.0,0.0,0.0,0,0,0,0,0,0,0,0
TF,PIONE,34.671378,134.015131,0, ,0.0,0.0,0.0,0.0,0,0,0,0,0,0,0,0

SID,OUMI1,TANGO,6
IF,HIKNE,35.237625,136.176956, ,0.0,0.0,0,0,0,0,0,0,0,0
TF,YME,35.480692,135.137022,0, ,0.0,0.0,0.0,0.0,0,0,0,0,0,0,0,0

SID,TOYOT1,18,4
VA,0,176.0,2,500,0,0,0,0,0,0
DF,GG18A,34.852711,136.705986,2, ,0.0,0.0,0,0,0,0,0,0,0,0
TF,DEGNA,34.947656,136.683022,0, ,0.0,0.0,0.0,0.0,0,0,0,0,0,0,0,0
TF,MORIZ,35.056753,137.223192,0, ,0.0,0.0,0.0,0.0,0,0,0,0,0,0,0,0

SID,TOYOT1,36,4
VA,0,356.0,2,500,0,0,0,0,0,0
DF,PONTE,35.065933,136.726183,0, ,0.0,0.0,0,0,0,0,0,0,0,0
TF,ARESU,35.113383,136.771000,0, ,0.0,0.0,0.0,0.0,0,0,0,0,0,0,0,0
TF,MORIZ,35.056753,137.223192,0, ,0.0,0.0,0.0,0.0,0,0,0,0,0,0,0,0

SID,TOYOT1,IIDA,6
IF,MORIZ,35.056753,137.223192, ,0.0,0.0,0,0,0,0,0,0,0,0
TF,TSUGU,35.294631,137.730786,0, ,0.0,0.0,0.0,0.0,0,0,0,0,0,0,0,0
TF,CHAUS,35.442569,138.041475,0, ,0.0,0.0,0.0,0.0,2,15000,0,0,0,0,0,0

STAR,CARDSM,18,5
IF,CARDS,34.418750,136.400850, ,0.0,0.0,0,0,0,0,0,0,0,0
TF,ATENA,34.841281,136.701039,0, ,0.0,0.0,0.0,0.0,2,5000,0,0,0,0,0,0
TF,SOLON,34.943989,136.676197,0, ,0.0,0.0,0.0,0.0,2,3500,0,0,0,0,0,0
TF,MINEL,34.998958,136.680547,0, ,0.0,0.0,0.0,0.0,0,0,0,0,0,0,0,0
TF,MALUS,35.013286,136.768111,0, ,0.0,0.0,0.0,0.0,2,1800,0,0,0,0,0,0

STAR,CARDSN,18,5
IF,CARDS,34.418750,136.400850, ,0.0,0.0,0,0,0,0,0,0,0,0
TF,GG18Z,34.784631,136.534242,0, ,0.0,0.0,0.0,0.0,2,5000,0,0,0,0,0,0
TF,LICOR,35.112894,136.655039,0, ,0.0,0.0,0.0,0.0,0,0,0,0,0,0,0,0
TF,QUEST,35.126903,136.740675,0, ,0.0,0.0,0.0,0.0,2,3500,0,0,0,0,0,0

STAR,CARDSS,36,5
IF,CARDS,34.418750,136.400850, ,0.0,0.0,0,0,0,0,0,0,0,0
TF,GG36Z,34.499358,136.621067,0, ,0.0,0.0,0.0,0.0,2,5000,0,0,0,0,0,0
TF,PROBE,34.589722,136.869778,0, ,0.0,0.0,0.0,0.0,2,3500,0,0,0,0,0,0

STAR,CHESSM,18,5
IF,CHESS,35.342447,136.484872, ,0.0,0.0,0,0,0,0,0,0,0,0
TF,KUMOZ,34.778044,136.598761,0, ,0.0,0.0,0.0,0.0,2,6000,0,0,0,0,0,0
TF,ISUZU,34.796658,136.711814,0, ,0.0,0.0,0.0,0.0,0,0,0,0,0,0,0,0
TF,SOLON,34.943989,136.676197,0, ,0.0,0.0,0.0,0.0,2,3500,0,0,0,0,0,0
TF,MINEL,34.998958,136.680547,0, ,0.0,0.0,0.0,0.0,0,0,0,0,0,0,0,0
TF,MALUS,35.013286,136.768111,0, ,0.0,0.0,0.0,0.0,2,1800,0,0,0,0,0,0

STAR,CHESSN,18,5
IF,CHESS,35.342447,136.484872, ,0.0,0.0,0,0,0,0,0,0,0,0
TF,GG18Y,35.215308,136.635994,0, ,0.0,0.0,0.0,0.0,2,5000,0,0,0,0,0,0
TF,QUEST,35.126903,136.740675,0, ,0.0,0.0,0.0,0.0,2,3500,0,0,0,0,0,0

STAR,CHESSS,36,5
IF,CHESS,35.342447,136.484872, ,0.0,0.0,0,0,0,0,0,0,0,0
TF,PASSO,34.958567,136.524033,0, ,0.0,0.0,0.0,0.0,0,0,0,0,0,0,0,0
TF,SANGU,34.721792,136.548039,0, ,0.0,0.0,0.0,0.0,2,6000,0,0,0,0,0,0
TF,DUGON,34.576794,136.790561,0, ,0.0,0.0,0.0,0.0,2,4000,0,0,0,0,0,0
TF,PROBE,34.589722,136.869778,0, ,0.0,0.0,0.0,0.0,2,3500,0,0,0,0,0,0

STAR,DARTSM,18,5
IF,DARTS,35.072614,137.441536, ,0.0,0.0,0,0,0,0,0,0,0,0
TF,CBE,34.858006,136.803169,0, ,0.0,0.0,0.0,0.0,2,5000,0,0,0,0,0,0
TF,ATENA,34.841281,136.701039,0, ,0.0,0.0,0.0,0.0,0,0,0,0,0,0,0,0
TF,SOLON,34.943989,136.676197,0, ,0.0,0.0,0.0,0.0,2,3500,0,0,0,0,0,0
TF,MINEL,34.998958,136.680547,0, ,0.0,0.0,0.0,0.0,0,0,0,0,0,0,0,0
TF,MALUS,35.013286,136.768111,0, ,0.0,0.0,0.0,0.0,2,1800,0,0,0,0,0,0

STAR,DARTSN,18,5
IF,DARTS,35.072614,137.441536, ,0.0,0.0,0,0,0,0,0,0,0,0
TF,MEIJI,35.222494,137.114425,0, ,0.0,0.0,0.0,0.0,2,6000,0,0,0,0,0,0
TF,PIASS,35.171733,136.915275,0, ,0.0,0.0,0.0,0.0,0,0,0,0,0,0,0,0
TF,QUEST,35.126903,136.740675,0, ,0.0,0.0,0.0,0.0,2,3500,0,0,0,0,0,0

STAR,DARTSS,36,5
IF,DARTS,35.072614,137.441536, ,0.0,0.0,0,0,0,0,0,0,0,0
TF,LAGNA,34.842678,137.160933,0, ,0.0,0.0,0.0,0.0,2,6000,0,0,0,0,0,0
TF,IRAGO,34.686683,137.081083,0, ,0.0,0.0,0.0,0.0,0,0,0,0,0,0,0,0
TF,POLPO,34.602617,136.949011,0, ,0.0,0.0,0.0,0.0,0,0,0,0,0,0,0,0
TF,PROBE,34.589722,136.869778,0, ,0.0,0.0,0.0,0.0,2,3500,0,0,0,0,0,0

STAR,NOARCI,BIWWA,1
IF,BIWWA,35.115997,136.256003, ,0.0,0.0,0,0,0,0,0,0,0,0
TF,D307U,35.032550,136.433933,0, ,0.0,0.0,0.0,0.0,0,0,0,0,0,0,0,0
AF,D327U,35.126247,136.528894,2,CBE,327.0,21.0,307.0,2,6000,0,0,0,0,0,0
AF,D356U,35.202467,136.723975,2,CBE,356.3,21.0,327.0,0,0,0,0,0,0,0,0

STAR,NOARCI,CARDS,1
IF,CARDS,34.418750,136.400850, ,0.0,0.0,0,0,0,0,0,0,0,0
TF,D224U,34.577747,136.548075,0, ,0.0,0.0,0.0,0.0,0,0,0,0,0,0,0,0
AF,D327U,35.126247,136.528894,2,CBE,327.0,21.0,224.0,2,6000,0,0,0,0,0,0
AF,D356U,35.202467,136.723975,2,CBE,356.3,21.0,327.0,0,0,0,0,0,0,0,0

STAR,NOARCI,CHESS,1
IF,CHESS,35.342447,136.484872, ,0.0,0.0,0,0,0,0,0,0,0,0
TF,D339U,35.167372,136.602747,0, ,0.0,0.0,0.0,0.0,0,0,0,0,0,0,0,0
AF,D356U,35.202467,136.723975,2,CBE,356.3,21.0,339.0,0,0,0,0,0,0,0,0

STAR,NOARCI,SLIDE,1
IF,SLIDE,35.292936,137.393389, ,0.0,0.0,0,0,0,0,0,0,0,0
TF,D055U,35.092169,137.120133,0, ,0.0,0.0,0.0,0.0,0,0,0,0,0,0,0,0
AF,D356U,35.202467,136.723975,1,CBE,356.3,21.0,55.0,0,0,0,0,0,0,0,0

STAR,NOARCI,SWING,1
IF,SWING,35.389428,137.258186, ,0.0,0.0,0,0,0,0,0,0,0,0
TF,D042U,35.144928,137.047967,0, ,0.0,0.0,0.0,0.0,0,0,0,0,0,0,0,0
AF,D356U,35.202467,136.723975,1,CBE,356.3,21.0,42.0,0,0,0,0,0,0,0,0

STAR,NOARCI,TRIKE,1
IF,TRIKE,34.797564,137.284847, ,0.0,0.0,0,0,0,0,0,0,0,0
TF,D105U,34.805369,137.223519,0, ,0.0,0.0,0.0,0.0,0,0,0,0,0,0,0,0
AF,D356U,35.202467,136.723975,1,CBE,356.3,21.0,105.0,0,0,0,0,0,0,0,0

STAR,NOARCI,18,2
IF,D356U,35.202467,136.723975, ,0.0,0.0,0,0,0,0,0,0,0,0
TF,ICY16,35.136569,136.739639,0, ,0.0,0.0,0.0,0.0,2,4100,0,0,0,0,0,0
TF,QUEST,35.126903,136.740675,0, ,0.0,0.0,0.0,0.0,2,3500,0,0,0,0,0,0

STAR,NOARCV,BIWWA,1
IF,BIWWA,35.115997,136.256003, ,0.0,0.0,0,0,0,0,0,0,0,0
TF,D307U,35.032550,136.433933,0, ,0.0,0.0,0.0,0.0,0,0,0,0,0,0,0,0
AF,D327U,35.126247,136.528894,2,CBE,327.0,21.0,307.0,2,6000,0,0,0,0,0,0
AF,D357U,35.203222,136.729003,2,CBE,357.0,21.0,327.0,0,0,0,0,0,0,0,0

STAR,NOARCV,CARDS,1
IF,CARDS,34.418750,136.400850, ,0.0,0.0,0,0,0,0,0,0,0,0
TF,D224U,34.577747,136.548075,0, ,0.0,0.0,0.0,0.0,0,0,0,0,0,0,0,0
AF,D327U,35.126247,136.528894,2,CBE,327.0,21.0,224.0,2,6000,0,0,0,0,0,0
AF,D357U,35.203222,136.729003,2,CBE,357.0,21.0,327.0,0,0,0,0,0,0,0,0

STAR,NOARCV,CHESS,1
IF,CHESS,35.342447,136.484872, ,0.0,0.0,0,0,0,0,0,0,0,0
TF,D339U,35.167372,136.602747,0, ,0.0,0.0,0.0,0.0,0,0,0,0,0,0,0,0
AF,D357U,35.203222,136.729003,2,CBE,357.0,21.0,339.0,0,0,0,0,0,0,0,0

STAR,NOARCV,SLIDE,1
IF,SLIDE,35.292936,137.393389, ,0.0,0.0,0,0,0,0,0,0,0,0
TF,D055U,35.092169,137.120133,0, ,0.0,0.0,0.0,0.0,0,0,0,0,0,0,0,0
AF,D357U,35.203222,136.729003,1,CBE,357.0,21.0,55.0,0,0,0,0,0,0,0,0

STAR,NOARCV,SWING,1
IF,SWING,35.389428,137.258186, ,0.0,0.0,0,0,0,0,0,0,0,0
TF,D042U,35.144928,137.047967,0, ,0.0,0.0,0.0,0.0,0,0,0,0,0,0,0,0
AF,D357U,35.203222,136.729003,1,CBE,357.0,21.0,42.0,0,0,0,0,0,0,0,0

STAR,NOARCV,TRIKE,1
IF,TRIKE,34.797564,137.284847, ,0.0,0.0,0,0,0,0,0,0,0,0
TF,D105U,34.805369,137.223519,0, ,0.0,0.0,0.0,0.0,0,0,0,0,0,0,0,0
AF,D357U,35.203222,136.729003,1,CBE,357.0,21.0,105.0,0,0,0,0,0,0,0,0

STAR,NOARCV,18,2
IF,D357U,35.203222,136.729003, ,0.0,0.0,0,0,0,0,0,0,0,0
TF,CBE17,35.137472,136.743178,0, ,0.0,0.0,0.0,0.0,2,4100,0,0,0,0,0,0
TF,POKER,35.038608,136.764731,0, ,0.0,0.0,0.0,0.0,2,3500,0,0,0,0,0,0

STAR,SLIDEM,18,5
IF,SLIDE,35.292936,137.393389, ,0.0,0.0,0,0,0,0,0,0,0,0
TF,CBE,34.858006,136.803169,0, ,0.0,0.0,0.0,0.0,2,6000,0,0,0,0,0,0
TF,ATENA,34.841281,136.701039,0, ,0.0,0.0,0.0,0.0,0,0,0,0,0,0,0,0
TF,SOLON,34.943989,136.676197,0, ,0.0,0.0,0.0,0.0,2,3500,0,0,0,0,0,0
TF,MINEL,34.998958,136.680547,0, ,0.0,0.0,0.0,0.0,0,0,0,0,0,0,0,0
TF,MALUS,35.013286,136.768111,0, ,0.0,0.0,0.0,0.0,2,1800,0,0,0,0,0,0

STAR,SLIDEN,18,5
IF,SLIDE,35.292936,137.393389, ,0.0,0.0,0,0,0,0,0,0,0,0
TF,MEIJI,35.222494,137.114425,0, ,0.0,0.0,0.0,0.0,2,6000,0,0,0,0,0,0
TF,PIASS,35.171733,136.915275,0, ,0.0,0.0,0.0,0.0,0,0,0,0,0,0,0,0
TF,QUEST,35.126903,136.740675,0, ,0.0,0.0,0.0,0.0,2,3500,0,0,0,0,0,0

STAR,SLIDES,36,5
IF,SLIDE,35.292936,137.393389, ,0.0,0.0,0,0,0,0,0,0,0,0
TF,LAGNA,34.842678,137.160933,0, ,0.0,0.0,0.0,0.0,2,6000,0,0,0,0,0,0
TF,IRAGO,34.686683,137.081083,0, ,0.0,0.0,0.0,0.0,0,0,0,0,0,0,0,0
TF,POLPO,34.602617,136.949011,0, ,0.0,0.0,0.0,0.0,0,0,0,0,0,0,0,0
TF,PROBE,34.589722,136.869778,0, ,0.0,0.0,0.0,0.0,2,3500,0,0,0,0,0,0

STAR,SOARCI,BIWWA,1
IF,BIWWA,35.115997,136.256003, ,0.0,0.0,0,0,0,0,0,0,0,0
TF,D307U,35.032550,136.433933,0, ,0.0,0.0,0.0,0.0,0,0,0,0,0,0,0,0
AF,D208U,34.530608,136.651353,1,CBE,208.0,21.0,307.0,2,6000,0,0,0,0,0,0
AF,D195U,34.510814,136.744225,1,CBE,195.0,21.0,208.0,2,5000,0,0,0,0,0,0
AF,D176U,34.514206,136.886117,1,CBE,175.7,21.0,195.0,0,0,0,0,0,0,0,0

STAR,SOARCI,CARDS,1
IF,CARDS,34.418750,136.400850, ,0.0,0.0,0,0,0,0,0,0,0,0
TF,D224U,34.577747,136.548075,0, ,0.0,0.0,0.0,0.0,0,0,0,0,0,0,0,0
AF,D208U,34.530608,136.651353,1,CBE,208.0,21.0,224.0,2,6000,0,0,0,0,0,0
AF,D195U,34.510814,136.744225,1,CBE,195.0,21.0,208.0,2,5000,0,0,0,0,0,0
AF,D176U,34.514206,136.886117,1,CBE,175.7,21.0,195.0,0,0,0,0,0,0,0,0

STAR,SOARCI,CHESS,1
IF,CHESS,35.342447,136.484872, ,0.0,0.0,0,0,0,0,0,0,0,0
TF,D339U,35.167372,136.602747,0, ,0.0,0.0,0.0,0.0,0,0,0,0,0,0,0,0
AF,D208U,34.530608,136.651353,1,CBE,208.0,21.0,339.0,2,6000,0,0,0,0,0,0
AF,D195U,34.510814,136.744225,1,CBE,195.0,21.0,208.0,2,5000,0,0,0,0,0,0
AF,D176U,34.514206,136.886117,1,CBE,175.7,21.0,195.0,0,0,0,0,0,0,0,0

STAR,SOARCI,SLIDE,1
IF,SLIDE,35.292936,137.393389, ,0.0,0.0,0,0,0,0,0,0,0,0
TF,D055U,35.092169,137.120133,0, ,0.0,0.0,0.0,0.0,0,0,0,0,0,0,0,0
AF,D124U,34.698256,137.181389,2,CBE,124.0,21.0,55.0,2,5000,0,0,0,0,0,0
AF,D176U,34.514206,136.886117,2,CBE,175.7,21.0,124.0,0,0,0,0,0,0,0,0

STAR,SOARCI,SWING,1
IF,SWING,35.389428,137.258186, ,0.0,0.0,0,0,0,0,0,0,0,0
TF,D042U,35.144928,137.047967,0, ,0.0,0.0,0.0,0.0,0,0,0,0,0,0,0,0
AF,D124U,34.698256,137.181389,2,CBE,124.0,21.0,42.0,2,5000,0,0,0,0,0,0
AF,D176U,34.514206,136.886117,2,CBE,175.7,21.0,124.0,0,0,0,0,0,0,0,0

STAR,SOARCI,TRIKE,1
IF,TRIKE,34.797564,137.284847, ,0.0,0.0,0,0,0,0,0,0,0,0
TF,D105U,34.805369,137.223519,0, ,0.0,0.0,0.0,0.0,0,0,0,0,0,0,0,0
AF,D124U,34.698256,137.181389,2,CBE,124.0,21.0,105.0,2,5000,0,0,0,0,0,0
AF,D176U,34.514206,136.886117,2,CBE,175.7,21.0,124.0,0,0,0,0,0,0,0,0

STAR,SOARCI,36,2
IF,D176U,34.514206,136.886117, ,0.0,0.0,0,0,0,0,0,0,0,0
TF,PROBE,34.589722,136.869778,0, ,0.0,0.0,0.0,0.0,2,3500,0,0,0,0,0,0

STAR,SOARCV,BIWWA,1
IF,BIWWA,35.115997,136.256003, ,0.0,0.0,0,0,0,0,0,0,0,0
TF,D307U,35.032550,136.433933,0, ,0.0,0.0,0.0,0.0,0,0,0,0,0,0,0,0
AF,D208U,34.530608,136.651353,1,CBE,208.0,21.0,307.0,2,6000,0,0,0,0,0,0
AF,D195U,34.510814,136.744225,1,CBE,195.0,21.0,208.0,2,5000,0,0,0,0,0,0
AF,D174U,34.516364,136.898447,1,CBE,174.0,21.0,195.0,0,0,0,0,0,0,0,0

STAR,SOARCV,CARDS,1
IF,CARDS,34.418750,136.400850, ,0.0,0.0,0,0,0,0,0,0,0,0
TF,D224U,34.577747,136.548075,0, ,0.0,0.0,0.0,0.0,0,0,0,0,0,0,0,0
AF,D208U,34.530608,136.651353,1,CBE,208.0,21.0,224.0,2,6000,0,0,0,0,0,0
AF,D195U,34.510814,136.744225,1,CBE,195.0,21.0,208.0,2,5000,0,0,0,0,0,0
AF,D174U,34.516364,136.898447,1,CBE,174.0,21.0,195.0,0,0,0,0,0,0,0,0

STAR,SOARCV,CHESS,1
IF,CHESS,35.342447,136.484872, ,0.0,0.0,0,0,0,0,0,0,0,0
TF,D339U,35.167372,136.602747,0, ,0.0,0.0,0.0,0.0,0,0,0,0,0,0,0,0
AF,D208U,34.530608,136.651353,1,CBE,208.0,21.0,339.0,2,6000,0,0,0,0,0,0
AF,D195U,34.510814,136.744225,1,CBE,195.0,21.0,208.0,2,5000,0,0,0,0,0,0
AF,D174U,34.516364,136.898447,1,CBE,174.0,21.0,195.0,0,0,0,0,0,0,0,0

STAR,SOARCV,SLIDE,1
IF,SLIDE,35.292936,137.393389, ,0.0,0.0,0,0,0,0,0,0,0,0
TF,D055U,35.092169,137.120133,0, ,0.0,0.0,0.0,0.0,0,0,0,0,0,0,0,0
AF,D124U,34.698256,137.181389,2,CBE,124.0,21.0,55.0,2,5000,0,0,0,0,0,0
AF,D174U,34.516364,136.898447,2,CBE,174.0,21.0,124.0,0,0,0,0,0,0,0,0

STAR,SOARCV,SWING,1
IF,SWING,35.389428,137.258186, ,0.0,0.0,0,0,0,0,0,0,0,0
TF,D042U,35.144928,137.047967,0, ,0.0,0.0,0.0,0.0,0,0,0,0,0,0,0,0
AF,D124U,34.698256,137.181389,2,CBE,124.0,21.0,42.0,2,5000,0,0,0,0,0,0
AF,D174U,34.516364,136.898447,2,CBE,174.0,21.0,124.0,0,0,0,0,0,0,0,0

STAR,SOARCV,TRIKE,1
IF,TRIKE,34.797564,137.284847, ,0.0,0.0,0,0,0,0,0,0,0,0
TF,D105U,34.805369,137.223519,0, ,0.0,0.0,0.0,0.0,0,0,0,0,0,0,0,0
AF,D124U,34.698256,137.181389,2,CBE,124.0,21.0,105.0,2,5000,0,0,0,0,0,0
AF,D174U,34.516364,136.898447,2,CBE,174.0,21.0,124.0,0,0,0,0,0,0,0,0

STAR,SOARCV,36,2
IF,D174U,34.516364,136.898447, ,0.0,0.0,0,0,0,0,0,0,0,0
TF,PIXIE,34.679008,136.851431,0, ,0.0,0.0,0.0,0.0,2,3500,0,0,0,0,0,0

STAR,SWINGM,18,5
IF,SWING,35.389428,137.258186, ,0.0,0.0,0,0,0,0,0,0,0,0
TF,CBE,34.858006,136.803169,0, ,0.0,0.0,0.0,0.0,2,5000,0,0,0,0,0,0
TF,ATENA,34.841281,136.701039,0, ,0.0,0.0,0.0,0.0,0,0,0,0,0,0,0,0
TF,SOLON,34.943989,136.676197,0, ,0.0,0.0,0.0,0.0,2,3500,0,0,0,0,0,0
TF,MINEL,34.998958,136.680547,0, ,0.0,0.0,0.0,0.0,0,0,0,0,0,0,0,0
TF,MALUS,35.013286,136.768111,0, ,0.0,0.0,0.0,0.0,2,1800,0,0,0,0,0,0

STAR,SWINGN,18,5
IF,SWING,35.389428,137.258186, ,0.0,0.0,0,0,0,0,0,0,0,0
TF,MEIJI,35.222494,137.114425,0, ,0.0,0.0,0.0,0.0,2,6000,0,0,0,0,0,0
TF,PIASS,35.171733,136.915275,0, ,0.0,0.0,0.0,0.0,0,0,0,0,0,0,0,0
TF,QUEST,35.126903,136.740675,0, ,0.0,0.0,0.0,0.0,2,3500,0,0,0,0,0,0

STAR,SWINGS,36,5
IF,SWING,35.389428,137.258186, ,0.0,0.0,0,0,0,0,0,0,0,0
TF,LAGNA,34.842678,137.160933,0, ,0.0,0.0,0.0,0.0,2,6000,0,0,0,0,0,0
TF,IRAGO,34.686683,137.081083,0, ,0.0,0.0,0.0,0.0,0,0,0,0,0,0,0,0
TF,POLPO,34.602617,136.949011,0, ,0.0,0.0,0.0,0.0,0,0,0,0,0,0,0,0
TF,PROBE,34.589722,136.869778,0, ,0.0,0.0,0.0,0.0,2,3500,0,0,0,0,0,0

FINAL,D18,18,D,3
IF,POKER,35.038608,136.764731,CBE,357.1,11.0,2,3500,0,0,0,0,2,0
CF,35VOR,34.915558,136.790936,0,CBE,357.1,3.5,177.0,7.5,2,840,0,0,0,0,0,0
CF,MA18,34.894181,136.795483,0,CBE,357.1,2.2,177.0,1.3,1,497,0,0,0,0,3,0
CA,0,177.0,2,520,0,0,0,0,0,0
CF,D330K,35.004586,136.668858,2,CBE,330.0,11.0,330.0,11.0,1,3500,0,0,0,0,0,0
TF,D330O,35.057853,136.619897,0, ,0.0,0.0,0.0,0.0,0,0,0,0,0,0,0,0
AF,D357O,35.104597,136.750258,2,CBE,357.0,15.0,330.0,0,0,0,0,0,0,0,0
CF,POKER,35.038608,136.764731,0,CBE,357.1,11.0,177.0,4.0,0,0,0,0,0,0,0,0
HM,POKER,35.038608,136.764731,2, ,0.0,0.0,177.0,05,0,0,0,0,0,0,0,0,0

FINAL,D36,36,D,3
IF,PIXIE,34.679008,136.851431,CBE,174.4,11.0,2,3500,0,0,0,0,2,0
CF,35VO2,34.800972,136.818569,0,CBE,174.4,3.5,354.0,7.5,2,840,0,0,0,0,0,0
CF,MA36,34.825414,136.811972,0,CBE,174.4,2.0,354.0,1.5,1,430,0,0,0,0,3,0
CA,0,354.0,2,520,0,0,0,0,0,0
CF,D210K,34.688933,136.716300,1,CBE,210.0,11.0,210.0,11.0,1,3500,0,0,0,0,0,0
TF,D210O,34.627436,136.684797,0, ,0.0,0.0,0.0,0.0,0,0,0,0,0,0,0,0
AF,D174O,34.613986,136.871306,1,CBE,174.0,15.0,210.0,0,0,0,0,0,0,0,0
CF,PIXIE,34.679008,136.851431,0,CBE,174.4,11.0,354.0,4.0,0,0,0,0,0,0,0,0
HM,PIXIE,34.679008,136.851431,2, ,0.0,0.0,354.0,05,0,0,0,0,0,0,0,0,0

FINAL,I18-X,18,I,3
IF,MALUS,35.013286,136.768111,ICY,355.8,10.6,2,1800,0,0,0,0,0,0
CF,RALPH,34.931422,136.787836,0,ICY,355.8,5.6,176.0,5.0,1,1200,0,0,0,0,2,0
CF,RW18,34.873892,136.801675,0,ICY,355.8,2.1,176.0,3.5,1,69,0,0,0,0,3,0
VA,0,176.0,2,500,0,0,0,0,0,0
FA,CBE,34.858006,136.803169,0,CBE,0.0,0.0,210.0,2,3000,0,0,0,0,0,0
DF,CBE,34.858006,136.803169,2, ,0.0,0.0,0,0,0,0,0,0,0,0
HM,CBE,34.858006,136.803169,1, ,0.0,0.0,360.0,04.3,0,0,0,1,230,0,0,0,0

APPTR,I18-Y,18,CBE
IF,CBE,34.858006,136.803169, ,0.0,0.0,2,3000,0,0,0,0,0,0
FD,CBE,34.858006,136.803169,0,CBE,0.0,8.0,330.0,8.0,0,0,0,1,210,0,0,0
CF,CF18,34.976992,136.776853,2,ICY,355.8,8.4,176.0,1.0,2,1500,0,0,0,0,0,0

FINAL,I18-Y,18,I,3
IF,CF18,34.976992,136.776853,ICY,355.8,8.4,2,1500,0,0,0,0,0,0
CF,FENDI,34.944236,136.784747,0,ICY,355.8,6.4,176.0,2.0,1,1500,0,0,0,0,2,0
CF,RW18,34.873892,136.801675,0,ICY,355.8,2.1,176.0,4.3,1,69,0,0,0,0,3,0
CA,0,176.0,2,520,0,0,0,0,0,0
FA,CBE,34.858006,136.803169,0,CBE,0.0,0.0,210.0,2,3000,0,0,0,0,0,0
DF,CBE,34.858006,136.803169,2, ,0.0,0.0,0,0,0,0,0,0,0,0
HM,CBE,34.858006,136.803169,1, ,0.0,0.0,360.0,04.3,0,0,0,1,230,0,0,0,0

FINAL,I18-Z,18,I,3
IF,QUEST,35.126903,136.740675,ICY,355.8,17.5,2,3500,0,0,0,0,0,0
CF,ORVIL,35.045169,136.761125,0,ICY,356.0,12.5,176.0,5.1,1,3500,0,0,0,0,2,0
CF,RW18,34.873892,136.801675,0,ICY,355.8,2.1,176.0,10.5,1,69,0,0,0,0,3,0
VA,0,176.0,2,500,0,0,0,0,0,0
VI,2, ,0.0,15.0,0,0,0,0,0,0,0,0
CF,D330K,35.004586,136.668858,0,CBE,330.0,11.0,330.0,6.0,1,3500,0,0,0,0,0,0
TF,D330P,35.076489,136.602747,0, ,0.0,0.0,0.0,0.0,0,0,0,0,0,0,0,0
AF,QUEST,35.126903,136.740675,2,CBE,356.2,16.4,330.0,0,0,0,0,0,0,0,0
HM,QUEST,35.126903,136.740675,1, ,0.0,0.0,176.0,05.3,0,0,0,1,230,0,0,0,0

APPTR,I36-Y,36,CBE
IF,CBE,34.858006,136.803169, ,0.0,0.0,2,3000,0,0,0,0,0,0
TF,D210K,34.688933,136.716300,0, ,0.0,0.0,0.0,0.0,0,0,0,0,0,0,0,0
AF,D186K,34.674394,136.807047,1,CBE,186.0,11.0,210.0,0,0,0,0,0,0,0,0
VI,0,ICX,0.0,26.0,2,1500,0,0,0,0,0,0

FINAL,I36-Y,36,I,3
IF,YUUNO,34.678228,136.848617,ICX,175.8,12.1,2,1500,0,0,0,0,0,0
CF,PRADA,34.770394,136.826531,0,ICX,175.8,6.5,356.0,5.6,1,1500,0,0,0,0,2,0
CF,RW36,34.842942,136.809114,0,ICX,175.8,2.1,356.0,4.4,1,67,0,0,0,0,3,0
CA,0,356.0,2,520,0,0,0,0,0,0
VI,1, ,0.0,165.0,0,0,0,0,0,0,0,0
FA,CBE,34.858006,136.803169,0,CBE,0.0,0.0,210.0,2,3000,0,0,0,0,0,0
DF,CBE,34.858006,136.803169,2, ,0.0,0.0,0,0,0,0,0,0,0,0
HM,CBE,34.858006,136.803169,2, ,0.0,0.0,180.0,04.3,0,0,0,1,230,0,0,0,0

FINAL,I36-Z,36,I,3
IF,PROBE,34.589722,136.869778,ICX,175.8,17.5,2,3500,0,0,0,0,0,0
CF,WILBA,34.671792,136.849567,0,ICX,175.9,12.5,356.0,5.1,1,3500,0,0,0,0,2,0
CF,RW36,34.842942,136.809114,0,ICX,175.8,2.1,356.0,10.4,1,67,0,0,0,0,3,0
VA,0,356.0,2,500,0,0,0,0,0,0
VI,1, ,0.0,165.0,0,0,0,0,0,0,0,0
CF,D210K,34.688933,136.716300,0,CBE,210.0,11.0,210.0,6.0,1,3500,0,0,0,0,0,0
TF,D210P,34.605911,136.673783,0, ,0.0,0.0,0.0,0.0,0,0,0,0,0,0,0,0
AF,PROBE,34.589722,136.869778,1,CBE,175.4,16.4,210.0,0,0,0,0,0,0,0,0
HM,PROBE,34.589722,136.869778,2, ,0.0,0.0,356.0,05.3,0,0,0,1,230,0,0,0,0

