SID,GINJO2,06,4
VA,0,63.0,2,500,0,0,0,0,0,0
DF,HAKUI,36.764517,136.648117,0, ,0.0,0.0,0,0,0,0,0,0,0,0
TF,GINJO,37.150561,136.702914,0, ,0.0,0.0,0.0,0.0,0,0,0,0,0,0,0,0
TF,NTE,37.289961,136.962911,0, ,0.0,0.0,0.0,0.0,0,0,0,0,0,0,0,0

SID,GINJO2,24,4
VA,0,243.0,2,500,0,0,0,0,0,0
DF,HAKUI,36.764517,136.648117,2, ,0.0,0.0,0,0,0,0,0,0,0,0
TF,GINJO,37.150561,136.702914,0, ,0.0,0.0,0.0,0.0,0,0,0,0,0,0,0,0
TF,NTE,37.289961,136.962911,0, ,0.0,0.0,0.0,0.0,0,0,0,0,0,0,0,0

SID,GINJO2,KINZA,6
IF,NTE,37.289961,136.962911, ,0.0,0.0,0,0,0,0,0,0,0,0
TF,GOLDO,38.065792,138.409858,0, ,0.0,0.0,0.0,0.0,0,0,0,0,0,0,0,0

SID,KAGA3,06,1
CA,0,63.0,2,530,0,0,0,0,0,0
CF,D330H,36.501639,136.302433,1,KMC,330.0,8.0,330.0,8.0,3,7000,0,0,0,0,0,0

SID,KAGA3,24,1
CA,0,243.0,2,530,0,0,0,0,0,0
CF,D330H,36.501639,136.302433,0,KMC,330.0,8.0,330.0,8.0,3,7000,0,0,0,0,0,0

SID,KAGA3,ALL,2
IF,D330H,36.501639,136.302433, ,0.0,0.0,3,7000,0,0,0,0,0,0
TF,KMC30,36.790397,136.021011,0, ,0.0,0.0,0.0,0.0,0,0,0,0,0,0,0,0
AF,KM275,36.368664,135.785983,1,KMC,275.0,30.0,330.0,0,0,0,0,0,0,0,0
AF,KM261,36.248611,135.813094,1,KMC,261.0,30.0,275.0,0,0,0,0,0,0,0,0
TF,SAKYU,35.916842,134.517917,0, ,0.0,0.0,0.0,0.0,0,0,0,0,0,0,0,0

SID,KMC2R,06,1
CA,0,63.0,2,530,0,0,0,0,0,0
CF,D350H,36.523439,136.353133,0,KMC,350.0,8.0,350.0,8.0,3,7000,0,0,0,0,0,0

SID,KMC2R,24,1
CA,0,243.0,2,530,0,0,0,0,0,0
CF,D350H,36.523439,136.353133,2,KMC,350.0,8.0,350.0,8.0,3,7000,0,0,0,0,0,0

SID,KMC2R,ALL,2
IF,D350H,36.523439,136.353133, ,0.0,0.0,3,7000,0,0,0,0,0,0
TF,KMC27,36.824900,136.231050,0, ,0.0,0.0,0.0,0.0,0,0,0,0,0,0,0,0
VI,1, ,0.0,195.0,0,0,0,0,0,0,0,0
CF,D330J,36.527917,136.276936,0,KMC,330.0,10.0,150.0,13.0,0,0,0,0,0,0,0,0
TF,KMC,36.396469,136.404253,0, ,0.0,0.0,0.0,0.0,0,0,0,0,0,0,0,0

SID,MANAH2,06,4
VA,0,63.0,2,500,0,0,0,0,0,0
DF,KAETU,36.402167,136.246569,1, ,0.0,0.0,0,0,0,0,0,0,0,0
TF,MANAH,35.907764,136.539756,0, ,0.0,0.0,0.0,0.0,0,0,0,0,0,0,0,0

SID,MANAH2,24,4
VA,0,243.0,2,500,0,0,0,0,0,0
DF,AWAZU,36.329619,136.293619,0, ,0.0,0.0,0,0,0,0,0,0,0,1
TF,MANAH,35.907764,136.539756,0, ,0.0,0.0,0.0,0.0,0,0,0,0,0,0,0,0

SID,MANAH2,KOMAK,6
IF,MANAH,35.907764,136.539756, ,0.0,0.0,0,0,0,0,0,0,0,0
TF,KCC,35.265267,136.914925,0, ,0.0,0.0,0.0,0.0,0,0,0,0,0,0,0,0

SID,NTE1,06,1
CA,0,63.0,2,530,0,0,0,0,0,0
VI,0, ,0.0,345.0,0,0,0,0,0,0,0,0
CF,D015J,36.562119,136.429464,0,KMC,15.0,10.0,15.0,7.0,3,7000,0,0,0,0,0,0

SID,NTE1,24,1
CA,0,243.0,2,530,0,0,0,0,0,0
VI,2, ,0.0,45.0,0,0,0,0,0,0,0,0
CF,D015J,36.562119,136.429464,0,KMC,15.0,10.0,15.0,3.0,3,7000,0,0,0,0,0,0

SID,NTE1,ALL,2
IF,D015J,36.562119,136.429464, ,0.0,0.0,3,7000,0,0,0,0,0,0
TF,KMC39,37.040319,136.502869,0, ,0.0,0.0,0.0,0.0,0,0,0,0,0,0,0,0
TF,D244O,37.149700,136.703661,0, ,0.0,0.0,0.0,0.0,0,0,0,0,0,0,0,0
TF,NTE,37.289961,136.962911,0, ,0.0,0.0,0.0,0.0,0,0,0,0,0,0,0,0

SID,SONBU2,06,4
VA,0,63.0,2,500,0,0,0,0,0,0
DF,SONBU,36.192294,135.584125,1, ,0.0,0.0,0,0,0,0,0,0,0,0

SID,SONBU2,24,4
VA,0,243.0,2,500,0,0,0,0,0,0
DF,SONBU,36.192294,135.584125,0, ,0.0,0.0,0,0,0,0,0,0,0,0

SID,YME3,06,1
CA,0,63.0,2,530,0,0,0,0,0,0
CF,D285J,36.416633,136.199292,1,KMC,285.0,10.0,285.0,10.0,3,7000,0,0,0,0,0,0

SID,YME3,24,1
CA,0,243.0,2,530,0,0,0,0,0,0
CF,D285J,36.416633,136.199292,0,KMC,285.0,10.0,285.0,10.0,3,7000,0,0,0,0,0,0

SID,YME3,ALL,2
IF,D285J,36.416633,136.199292, ,0.0,0.0,3,7000,0,0,0,0,0,0
TF,D285X,36.444158,135.913342,0, ,0.0,0.0,0.0,0.0,0,0,0,0,0,0,0,0
TF,YME48,36.151433,135.675028,0, ,0.0,0.0,0.0,0.0,0,0,0,0,0,0,0,0
TF,YME,35.480692,135.137022,0, ,0.0,0.0,0.0,0.0,0,0,0,0,0,0,0,0

STAR,HIMMYE,24,5
IF,HIMMY,36.821097,136.901914, ,0.0,0.0,0,0,0,0,0,0,0,0
TF,GINRE,36.644825,136.939233,0, ,0.0,0.0,0.0,0.0,2,7000,0,0,0,0,0,0
TF,KINKA,36.536317,136.714047,0, ,0.0,0.0,0.0,0.0,2,5000,0,0,0,0,0,0

STAR,HIMMYW,06,5
IF,HIMMY,36.821097,136.901914, ,0.0,0.0,0,0,0,0,0,0,0,0
TF,BURRI,36.528811,136.278364,0, ,0.0,0.0,0.0,0.0,2,8000,0,0,0,0,0,0
TF,MEGIS,36.348450,136.112519,0, ,0.0,0.0,0.0,0.0,2,4000,0,0,0,0,0,0
TF,KANOH,36.275281,136.120522,0, ,0.0,0.0,0.0,0.0,0,0,0,0,0,0,0,0
TF,DAIJO,36.281575,136.208842,0, ,0.0,0.0,0.0,0.0,2,2000,0,0,0,0,0,0

STAR,IMIZUE,24,5
IF,IMIZU,36.739553,136.990431, ,0.0,0.0,0,0,0,0,0,0,0,0
TF,GINRE,36.644825,136.939233,0, ,0.0,0.0,0.0,0.0,2,7000,0,0,0,0,0,0
TF,KINKA,36.536317,136.714047,0, ,0.0,0.0,0.0,0.0,2,5000,0,0,0,0,0,0

STAR,IMIZUW,06,5
IF,IMIZU,36.739553,136.990431, ,0.0,0.0,0,0,0,0,0,0,0,0
TF,JYOZO,36.778408,136.810103,0, ,0.0,0.0,0.0,0.0,0,0,0,0,0,0,0,0
TF,BURRI,36.528811,136.278364,0, ,0.0,0.0,0.0,0.0,2,8000,0,0,0,0,0,0
TF,MEGIS,36.348450,136.112519,0, ,0.0,0.0,0.0,0.0,2,4000,0,0,0,0,0,0
TF,KANOH,36.275281,136.120522,0, ,0.0,0.0,0.0,0.0,0,0,0,0,0,0,0,0
TF,DAIJO,36.281575,136.208842,0, ,0.0,0.0,0.0,0.0,2,2000,0,0,0,0,0,0

STAR,KMCE,24,5
IF,KMC,36.396469,136.404253, ,0.0,0.0,0,0,0,0,0,0,0,0
TF,YAMJI,36.554669,136.378475,0, ,0.0,0.0,0.0,0.0,0,0,0,0,0,0,0,0
TF,ZEBRA,36.577453,136.467011,0, ,0.0,0.0,0.0,0.0,2,4000,0,0,0,0,0,0
TF,HIMRO,36.598050,136.567303,0, ,0.0,0.0,0.0,0.0,2,2600,0,0,0,0,0,0

STAR,KMCW,06,5
IF,KMC,36.396469,136.404253, ,0.0,0.0,0,0,0,0,0,0,0,0
TF,SAWRA,36.459764,136.214756,0, ,0.0,0.0,0.0,0.0,0,0,0,0,0,0,0,0
TF,MEGIS,36.348450,136.112519,0, ,0.0,0.0,0.0,0.0,2,4000,0,0,0,0,0,0
TF,KANOH,36.275281,136.120522,0, ,0.0,0.0,0.0,0.0,0,0,0,0,0,0,0,0
TF,DAIJO,36.281575,136.208842,0, ,0.0,0.0,0.0,0.0,2,2000,0,0,0,0,0,0

STAR,SONBUE,24,5
IF,SONBU,36.192294,135.584125, ,0.0,0.0,0,0,0,0,0,0,0,0
TF,BURRI,36.528811,136.278364,0, ,0.0,0.0,0.0,0.0,2,8000,0,0,0,0,0,0
TF,ZEBRA,36.577453,136.467011,0, ,0.0,0.0,0.0,0.0,2,4000,0,0,0,0,0,0
TF,HIMRO,36.598050,136.567303,0, ,0.0,0.0,0.0,0.0,2,2600,0,0,0,0,0,0

STAR,SONBUW,06,5
IF,SONBU,36.192294,135.584125, ,0.0,0.0,0,0,0,0,0,0,0,0
TF,KRAGE,36.106331,135.901189,0, ,0.0,0.0,0.0,0.0,2,5000,0,0,0,0,0,0
TF,KOAJI,36.202433,136.069553,0, ,0.0,0.0,0.0,0.0,2,3500,0,0,0,0,0,0
TF,DAIJO,36.281575,136.208842,0, ,0.0,0.0,0.0,0.0,2,2000,0,0,0,0,0,0

STAR,YARIIE,24,5
IF,YARII,36.270439,137.214583, ,0.0,0.0,0,0,0,0,0,0,0,0
TF,HIDAH,36.509942,137.038786,0, ,0.0,0.0,0.0,0.0,2,11000,0,0,0,0,0,0
TF,GINRE,36.644825,136.939233,0, ,0.0,0.0,0.0,0.0,2,7000,0,0,0,0,0,0
TF,KINKA,36.536317,136.714047,0, ,0.0,0.0,0.0,0.0,2,5000,0,0,0,0,0,0

STAR,YARIIW,06,5
IF,YARII,36.270439,137.214583, ,0.0,0.0,0,0,0,0,0,0,0,0
TF,HESEN,36.191936,136.566728,0, ,0.0,0.0,0.0,0.0,2,11000,0,0,0,0,0,0
TF,EIHEI,36.168081,136.375683,0, ,0.0,0.0,0.0,0.0,2,6000,0,0,0,0,0,0
TF,DAIAN,36.153533,136.260417,0, ,0.0,0.0,0.0,0.0,2,5000,0,0,0,0,0,0
TF,SAIKO,36.216506,136.171408,0, ,0.0,0.0,0.0,0.0,2,3500,0,0,0,0,0,0
TF,DAIJO,36.281575,136.208842,0, ,0.0,0.0,0.0,0.0,2,2000,0,0,0,0,0,0

APPTR,D06,06,KMC
IF,KMC,36.396469,136.404253, ,0.0,0.0,2,4000,0,0,0,0,0,0
FD,KMC,36.396469,136.404253,0,KMC,0.0,11.0,251.0,11.0,0,0,0,1,200,0,0,0
CF,CS06,36.270969,136.238636,1,KMC,234.9,11.0,54.0,1.0,2,2000,0,0,0,0,0,0

FINAL,D06,06,D,4
IF,CS06,36.270969,136.238636,KMC,234.9,11.0,2,2000,0,0,0,0,0,0
CF,HERAI,36.339442,136.328892,0,KMC,234.9,5.0,54.0,6.0,2,1455,0,0,0,0,2,0
CF,24VOR,36.369106,136.368072,0,KMC,234.9,2.4,54.0,2.6,2,627,0,0,0,0,0,0
CF,RW06,36.386850,136.395244,0,KMC,225.1,0.7,54.0,1.7,1,92,0,0,0,0,3,0
CA,0,54.0,2,500,0,0,0,0,0,0
FD,KMC,36.396469,136.404253,0,KMC,0.0,7.0,34.0,7.0,0,0,0,0,0,0,0,0
DF,KMC,36.396469,136.404253,1, ,0.0,0.0,1,4000,0,0,0,0,0,0
HM,KMC,36.396469,136.404253,2, ,0.0,0.0,232.0,04.3,2,4000,0,1,230,0,0,0,0

APPTR,I06-Y,06,KMC
IF,KMC,36.396469,136.404253, ,0.0,0.0,2,4000,0,0,0,0,0,0
FD,KMC,36.396469,136.404253,0,KMC,0.0,11.0,258.0,11.0,0,0,0,1,200,0,0,0
CF,CF06,36.288392,136.220806,1,IKM,243.1,12.0,63.0,1.0,2,2000,0,0,0,0,0,0

FINAL,I06-Y,06,I,3
IF,CF06,36.288392,136.220806,IKM,243.1,12.0,2,2000,0,0,0,0,0,0
CF,AMAGO,36.330592,136.295394,0,IKM,243.1,7.6,63.0,4.4,1,2000,0,0,0,0,2,0
CF,RW06,36.386850,136.395244,0,IKM,243.0,1.7,63.0,5.9,1,92,0,0,0,0,3,0
VA,0,63.0,2,500,0,0,0,0,0,0
FD,KMC,36.396469,136.404253,0,KMC,0.0,7.0,34.0,7.0,0,0,0,0,0,0,0,0
DF,KMC,36.396469,136.404253,1, ,0.0,0.0,1,4000,0,0,0,0,0,0
HM,KMC,36.396469,136.404253,2, ,0.0,0.0,232.0,04.3,2,4000,0,1,230,0,0,0,0

FINAL,I06-Z,06,I,3
IF,DAIJO,36.281575,136.208842,IKM,243.1,12.7,2,2000,0,0,0,0,0,0
CF,AMAGO,36.330592,136.295394,0,IKM,243.1,7.6,63.0,5.1,1,2000,0,0,0,0,2,0
CF,RW06,36.386850,136.395244,0,IKM,243.0,1.7,63.0,5.9,1,92,0,0,0,0,3,0
VA,0,63.0,2,500,0,0,0,0,0,0
FD,KMC,36.396469,136.404253,0,KMC,0.0,7.0,34.0,7.0,0,0,0,0,0,0,0,0
DF,KMC,36.396469,136.404253,1, ,0.0,0.0,1,4000,0,0,0,0,0,0
HM,KMC,36.396469,136.404253,2, ,0.0,0.0,232.0,04.3,2,4000,0,1,230,0,0,0,0

APPTR,R24,24,HIMRO
IF,HIMRO,36.598050,136.567303, ,0.0,0.0,2,2600,0,0,0,0,1,0
TF,GOSIK,36.501017,136.597844,0, ,0.0,0.0,0.0,0.0,2,2600,0,0,0,0,1,0

APPTR,R24,24,KINKA
IF,KINKA,36.536317,136.714047, ,0.0,0.0,2,5000,0,0,0,0,1,0
TF,GOSIK,36.501017,136.597844,0, ,0.0,0.0,0.0,0.0,2,2600,0,0,0,0,1,0

FINAL,R24,24,R,5
IF,GOSIK,36.501017,136.597844, ,0.0,0.0,2,2600,0,0,0,0,0,0
TF,NK451,36.480292,136.560986,0, ,0.0,0.0,243.0,2.2,2,2100,0,0,0,0,0,0
TF,NEJYO,36.449744,136.506736,0, ,0.0,0.0,243.0,3.2,2,1700,0,0,0,0,2,0
TF,NK452,36.429478,136.470694,0, ,0.0,0.0,243.0,2.1,2,1023,0,0,0,0,0,0
TF,RW24,36.400853,136.419856,0, ,0.0,0.0,243.0,3.0,1,68,0,0,0,0,3,1
CA,0,243.0,2,530,0,0,0,0,0,0
DF,GOZEN,36.418033,136.199047,0, ,0.0,0.0,1,3000,0,0,0,0,0,0
HM,GOZEN,36.418033,136.199047,2, ,0.0,0.0,105.0,06,2,3000,0,1,230,0,0,0,0

