SID,CHOKA1,10,1
CA,0,105.0,2,900,0,0,0,0,0,0
CF,D105K,39.594942,140.418058,0,UWE,105.0,10.8,105.0,9.0,0,0,0,0,0,0,0,0
AF,D182K,39.438042,140.212242,2,UWE,181.8,10.8,105.0,0,0,0,0,0,0,0,0
TF,CHOKA,39.285975,140.233628,0, ,0.0,0.0,0.0,0.0,0,0,0,0,0,0,0,0

SID,CHOKA1,28,1
CA,0,285.0,2,900,0,0,0,0,0,0
CF,D285K,39.638850,139.955664,0,UWE,285.0,10.8,285.0,12.0,0,0,0,0,0,0,0,0
AF,D182K,39.438042,140.212242,1,UWE,181.8,10.8,285.0,0,0,0,0,0,0,0,0
TF,CHOKA,39.285975,140.233628,0, ,0.0,0.0,0.0,0.0,0,0,0,0,0,0,0,0

SID,GTC1,10,4
VA,0,105.0,2,900,0,0,0,0,0,0
DF,SK011,39.602250,140.367333,0, ,0.0,0.0,0,0,0,0,0,0,0,0
TF,SK012,39.527667,140.356028,0, ,0.0,0.0,0.0,0.0,0,0,0,0,0,0,0,0
TF,TARAA,39.194772,139.778358,0, ,0.0,0.0,0.0,0.0,0,0,0,0,0,0,0,0
TF,GTC,37.958294,139.114886,0, ,0.0,0.0,0.0,0.0,0,0,0,0,0,0,0,0

SID,GTC1,28,4
VA,0,285.0,2,900,0,0,0,0,0,0
DF,TARAA,39.194772,139.778358,0, ,0.0,0.0,0,0,0,0,0,0,0,0
TF,GTC,37.958294,139.114886,0, ,0.0,0.0,0.0,0.0,0,0,0,0,0,0,0,0

SID,MAGGY1,10,1
CA,0,105.0,2,900,0,0,0,0,0,0
CF,D105K,39.594942,140.418058,0,UWE,105.0,10.8,105.0,9.0,0,0,0,0,0,0,0,0
AF,D028K,39.786942,140.264792,1,UWE,27.5,10.8,105.0,0,0,0,0,0,0,0,0
TF,MAGGY,39.915725,140.324111,0, ,0.0,0.0,0.0,0.0,0,0,0,0,0,0,0,0

SID,MAGGY1,28,1
CA,0,285.0,2,900,0,0,0,0,0,0
CF,D285K,39.638850,139.955664,0,UWE,285.0,10.8,285.0,12.0,0,0,0,0,0,0,0,0
AF,D028K,39.786942,140.264792,2,UWE,27.5,10.8,285.0,0,0,0,0,0,0,0,0
TF,MAGGY,39.915725,140.324111,0, ,0.0,0.0,0.0,0.0,0,0,0,0,0,0,0,0

SID,MUTSU1,10,4
VA,0,105.0,2,900,0,0,0,0,0,0
DF,SK002,39.806139,140.182361,1, ,0.0,0.0,0,0,0,0,0,0,0,0
TF,MRE,40.738792,140.705333,0, ,0.0,0.0,0.0,0.0,0,0,0,0,0,0,0,0

SID,MUTSU1,28,4
VA,0,285.0,2,900,0,0,0,0,0,0
DF,SK002,39.806139,140.182361,0, ,0.0,0.0,0,0,0,0,0,0,0,0
TF,MRE,40.738792,140.705333,0, ,0.0,0.0,0.0,0.0,0,0,0,0,0,0,0,0

SID,USYU1,10,4
VA,0,105.0,2,900,0,0,0,0,0,0
DF,MUSHA,39.086381,140.347825,0, ,0.0,0.0,0,0,0,0,0,0,0,0
TF,YTE,38.388622,140.357953,0, ,0.0,0.0,0.0,0.0,0,0,0,0,0,0,0,0

SID,USYU1,28,4
VA,0,285.0,2,900,0,0,0,0,0,0
DF,SK801,39.332500,140.214028,1, ,0.0,0.0,0,0,0,0,0,0,0,0
TF,MUSHA,39.086381,140.347825,0, ,0.0,0.0,0.0,0.0,0,0,0,0,0,0,0,0
TF,YTE,38.388622,140.357953,0, ,0.0,0.0,0.0,0.0,0,0,0,0,0,0,0,0

SID,UWE6R,10,1
CA,0,105.0,2,900,0,0,0,0,0,0
VI,1, ,0.0,260.0,0,0,0,0,0,0,0,0
CF,D305E,39.654950,140.090797,0,UWE,305.0,5.0,305.0,1.0,3,5000,0,0,0,0,0,0

SID,UWE6R,28,1
CA,0,285.0,2,900,0,0,0,0,0,0
CF,D305E,39.654950,140.090797,0,UWE,305.0,5.0,305.0,6.0,3,5000,0,0,0,0,0,0

SID,UWE6R,ALL,2
IF,D305E,39.654950,140.090797, ,0.0,0.0,3,5000,0,0,0,0,0,0
TF,D305S,39.760433,139.821050,0, ,0.0,0.0,0.0,0.0,0,0,0,0,0,0,0,1
VI,2, ,0.0,118.0,0,0,0,0,0,0,0,0
CF,D328F,39.693764,140.103661,0,UWE,328.0,6.0,148.0,7.0,0,0,0,0,0,0,0,0
TF,UWE,39.617128,140.186936,0, ,0.0,0.0,0.0,0.0,0,0,0,0,0,0,0,0

SID,YAYOI3,10,1
CA,0,105.0,2,900,0,0,0,0,0,0
CF,D105K,39.594942,140.418058,0,UWE,105.0,10.8,105.0,9.0,0,0,0,0,0,0,0,0
AF,D215K,39.456403,140.081828,2,UWE,214.9,10.8,105.0,0,0,0,0,0,0,0,0
TF,YAYOI,39.319467,139.992711,0, ,0.0,0.0,0.0,0.0,0,0,0,0,0,0,0,0

SID,YAYOI3,28,1
CA,0,285.0,2,900,0,0,0,0,0,0
CF,D285K,39.638850,139.955664,0,UWE,285.0,10.8,285.0,12.0,0,0,0,0,0,0,0,0
AF,D215K,39.456403,140.081828,1,UWE,214.9,10.8,285.0,0,0,0,0,0,0,0,0
TF,YAYOI,39.319467,139.992711,0, ,0.0,0.0,0.0,0.0,0,0,0,0,0,0,0,0

STAR,CHOKAE,28,5
IF,CHOKA,39.285975,140.233628, ,0.0,0.0,2,7000,0,0,0,0,0,0
TF,BIJIN,39.514608,140.407097,0, ,0.0,0.0,0.0,0.0,2,4200,0,0,0,0,0,0

STAR,CHOKAW,10,5
IF,CHOKA,39.285975,140.233628, ,0.0,0.0,2,7000,0,0,0,0,0,0
TF,BRIKO,39.553936,139.966997,0, ,0.0,0.0,0.0,0.0,2,3500,0,0,0,0,0,0

STAR,HONJO,ALL,2
IF,YAYOI,39.319467,139.992711, ,0.0,0.0,0,0,0,0,0,0,0,0
TF,HONJO,39.455531,140.081264,0, ,0.0,0.0,0.0,0.0,2,4000,0,0,0,0,0,0

STAR,KOANI,ALL,2
IF,MAGGY,39.915725,140.324111, ,0.0,0.0,0,0,0,0,0,0,0,0
TF,KOANI,39.787867,140.265219,0, ,0.0,0.0,0.0,0.0,2,5000,0,0,0,0,0,0

STAR,MAGGYE,28,5
IF,MAGGY,39.915725,140.324111, ,0.0,0.0,2,7000,0,0,0,0,0,0
TF,GAKKO,39.727483,140.403278,0, ,0.0,0.0,0.0,0.0,2,5000,0,0,0,0,0,0

STAR,MAGGYW,10,5
IF,MAGGY,39.915725,140.324111, ,0.0,0.0,2,7000,0,0,0,0,0,0
TF,POLTA,39.719736,139.991239,0, ,0.0,0.0,0.0,0.0,2,3500,0,0,0,0,0,0

STAR,OMAGA,ALL,2
IF,CHOKA,39.285975,140.233628, ,0.0,0.0,0,0,0,0,0,0,0,0
TF,OMAGA,39.437069,140.212383,0, ,0.0,0.0,0.0,0.0,2,4000,0,0,0,0,0,0

STAR,YAYOIE,28,5
IF,YAYOI,39.319467,139.992711, ,0.0,0.0,2,9000,0,0,0,0,0,0
TF,BIJIN,39.514608,140.407097,0, ,0.0,0.0,0.0,0.0,2,4200,0,0,0,0,0,0

STAR,YAYOIW,10,5
IF,YAYOI,39.319467,139.992711, ,0.0,0.0,2,9000,0,0,0,0,0,0
TF,BRIKO,39.553936,139.966997,0, ,0.0,0.0,0.0,0.0,2,3500,0,0,0,0,0,0

APPTR,D10-Y,10,UWE
IF,UWE,39.617128,140.186936, ,0.0,0.0,2,4000,0,0,0,0,0,0
FD,UWE,39.617128,140.186936,0,UWE,0.0,11.0,263.0,11.0,0,0,0,1,200,0,0,0
CF,YAESU,39.619381,140.079100,2,UWE,279.6,5.0,100.0,6.0,2,2185,0,0,0,0,0,0

FINAL,D10-Y,10,D,3
IF,YAESU,39.619381,140.079100,UWE,279.6,5.0,2,2185,0,0,0,0,2,0
CF,30VOR,39.618489,140.122253,0,UWE,279.6,3.0,100.0,2.0,2,1548,0,0,0,0,0,0
CF,UWE,39.617128,140.186936,0,UWE,0.0,0.0,100.0,3.0,1,594,0,0,0,0,3,0
FD,UWE,39.617128,140.186936,0,UWE,0.0,8.6,100.0,8.6,0,0,0,0,0,0,0,0
DF,UWE,39.617128,140.186936,2, ,0.0,0.0,1,4000,0,0,0,0,0,0
HM,UWE,39.617128,140.186936,1, ,0.0,0.0,290.0,04.3,0,0,0,1,230,0,0,0,0

APPTR,D10-Z,10,HONJO
IF,HONJO,39.455531,140.081264, ,0.0,0.0,2,4000,0,0,0,0,0,0
AF,D227K,39.477028,140.040639,2,UWE,227.0,10.8,215.0,2,3100,0,0,0,0,0,0
AF,TENJU,39.621892,139.952814,2,UWE,279.6,10.8,227.0,2,3000,0,0,0,0,1,0

APPTR,D10-Z,10,KOANI
IF,KOANI,39.787867,140.265219, ,0.0,0.0,2,5000,0,0,0,0,0,0
AF,D359K,39.795053,140.150403,1,UWE,359.0,10.8,28.0,2,5000,0,0,0,0,0,0
AF,TENJU,39.621892,139.952814,1,UWE,279.6,10.8,359.0,2,3000,0,0,0,0,1,0

APPTR,D10-Z,10,OMAGA
IF,OMAGA,39.437069,140.212383, ,0.0,0.0,2,4000,0,0,0,0,0,0
AF,HONJO,39.455531,140.081264,2,UWE,214.9,10.8,182.0,2,4000,0,0,0,0,0,0
AF,D227K,39.477028,140.040639,2,UWE,227.0,10.8,215.0,2,3100,0,0,0,0,0,0
AF,TENJU,39.621892,139.952814,2,UWE,279.6,10.8,227.0,2,3000,0,0,0,0,1,0

FINAL,D10-Z,10,D,4
IF,TENJU,39.621892,139.952814,UWE,279.6,10.8,2,3000,0,0,0,0,0,0
CF,YAESU,39.619381,140.079100,0,UWE,279.6,5.0,100.0,5.8,2,2185,0,0,0,0,2,0
CF,30VOR,39.618489,140.122253,0,UWE,279.6,3.0,100.0,2.0,2,1548,0,0,0,0,0,0
CF,UWE,39.617128,140.186936,0,UWE,0.0,0.0,100.0,3.0,1,594,0,0,0,0,3,0
FD,UWE,39.617128,140.186936,0,UWE,0.0,8.6,100.0,8.6,0,0,0,0,0,0,0,0
DF,UWE,39.617128,140.186936,2, ,0.0,0.0,1,4000,0,0,0,0,0,0
HM,UWE,39.617128,140.186936,1, ,0.0,0.0,290.0,04.3,0,0,0,1,230,0,0,0,0

APPTR,D28,28,UWE
IF,UWE,39.617128,140.186936, ,0.0,0.0,2,4000,0,0,0,0,0,0
FD,UWE,39.617128,140.186936,0,UWE,0.0,13.0,118.0,13.0,0,0,0,1,200,0,0,0
CF,CS28,39.593817,140.465647,1,UWE,104.1,13.0,284.0,1.0,2,3000,0,0,0,0,0,0

FINAL,D28,28,D,4
IF,CS28,39.593817,140.465647,UWE,104.1,13.0,2,3000,0,0,0,0,0,0
CF,MANAG,39.599250,140.401419,0,UWE,104.1,10.0,284.0,3.0,2,2864,0,0,0,0,2,0
CF,61VOR,39.606272,140.317739,0,UWE,104.1,6.1,284.0,3.9,2,1636,0,0,0,0,0,0
CF,RW28,39.614350,140.233125,0,UWE,102.4,2.2,284.0,4.0,1,368,0,0,0,0,3,0
CF,UWE,39.617128,140.186936,0,UWE,0.0,0.0,284.0,2.1,0,0,0,0,0,0,0,0
FD,UWE,39.617128,140.186936,0,UWE,0.0,6.3,284.0,6.3,0,0,0,0,0,0,0,0
DF,UWE,39.617128,140.186936,2, ,0.0,0.0,1,4000,0,0,0,0,0,0
HM,UWE,39.617128,140.186936,2, ,0.0,0.0,121.0,04.3,0,0,0,1,230,0,0,0,0

APPTR,I28-X,28,HONJO
IF,HONJO,39.455531,140.081264, ,0.0,0.0,2,4000,0,0,0,0,0,0
AF,OMAGA,39.437069,140.212383,1,UWE,181.8,10.8,215.0,2,4000,0,0,0,0,0,0
AF,D173K,39.443094,140.247072,1,UWE,173.0,10.8,182.0,2,3100,0,0,0,0,0,0
AF,KENDI,39.597467,140.419722,1,UWE,104.2,10.8,173.0,2,2600,0,0,0,0,1,0
TF,D105G,39.600794,140.383244,0, ,0.0,0.0,0.0,0.0,2,2100,0,0,0,0,0,0
CF,CF28,39.602933,140.359686,0,IUW,104.6,7.4,285.0,1.1,2,1700,0,0,0,0,0,0

APPTR,I28-X,28,KOANI
IF,KOANI,39.787867,140.265219, ,0.0,0.0,2,5000,0,0,0,0,0,0
AF,D051K,39.748772,140.346097,2,UWE,51.0,10.8,28.0,2,5000,0,0,0,0,0,0
AF,D083K,39.663536,140.412083,2,UWE,83.0,10.8,51.0,2,3900,0,0,0,0,0,0
AF,D093K,39.632597,140.419033,2,UWE,93.0,10.8,83.0,2,3200,0,0,0,0,0,0
AF,KENDI,39.597467,140.419722,2,UWE,104.2,10.8,93.0,2,2600,0,0,0,0,1,0
TF,D105G,39.600794,140.383244,0, ,0.0,0.0,0.0,0.0,2,2100,0,0,0,0,0,0
CF,CF28,39.602933,140.359686,0,IUW,104.6,7.4,285.0,1.1,2,1700,0,0,0,0,0,0

APPTR,I28-X,28,OMAGA
IF,OMAGA,39.437069,140.212383, ,0.0,0.0,2,4000,0,0,0,0,0,0
AF,D173K,39.443094,140.247072,1,UWE,173.0,10.8,182.0,2,3100,0,0,0,0,0,0
AF,KENDI,39.597467,140.419722,1,UWE,104.2,10.8,173.0,2,2600,0,0,0,0,1,0
TF,D105G,39.600794,140.383244,0, ,0.0,0.0,0.0,0.0,2,2100,0,0,0,0,0,0
CF,CF28,39.602933,140.359686,0,IUW,104.6,7.4,285.0,1.1,2,1700,0,0,0,0,0,0

FINAL,I28-X,28,I,3
IF,CF28,39.602933,140.359686,IUW,104.6,7.4,2,1700,0,0,0,0,0,0
CF,KYOWA,39.607561,140.308581,0,IUW,104.6,5.0,285.0,2.4,1,1500,0,0,0,0,2,0
CF,RW28,39.614350,140.233125,0,IUW,104.6,1.5,285.0,3.5,1,368,0,0,0,0,3,0
VA,0,285.0,2,800,0,0,0,0,0,0
CF,UWE,39.617128,140.186936,0,UWE,0.0,0.0,286.0,1.6,0,0,0,0,0,0,0,0
FD,UWE,39.617128,140.186936,0,UWE,0.0,4.8,286.0,4.8,0,0,0,0,0,0,0,0
DF,UWE,39.617128,140.186936,2, ,0.0,0.0,1,4000,0,0,0,0,0,0
HM,UWE,39.617128,140.186936,2, ,0.0,0.0,121.0,04.3,0,0,0,1,230,0,0,0,0

APPTR,I28-Y,28,UWE
IF,UWE,39.617128,140.186936, ,0.0,0.0,2,4000,0,0,0,0,0,0
FD,UWE,39.617128,140.186936,0,UWE,0.0,11.0,121.0,11.0,0,0,0,1,200,0,0,0
CF,CI28,39.597189,140.422756,1,IUW,104.6,10.3,285.0,1.0,2,2900,0,0,0,0,0,0

FINAL,I28-Y,28,I,3
IF,CI28,39.597189,140.422756,IUW,104.6,10.3,2,2900,0,0,0,0,0,0
CF,KAKNO,39.603403,140.354508,0,IUW,104.6,7.1,285.0,3.2,1,2200,0,0,0,0,2,0
CF,RW28,39.614350,140.233125,0,IUW,104.6,1.5,285.0,5.7,1,368,0,0,0,0,3,0
VA,0,285.0,2,800,0,0,0,0,0,0
CF,UWE,39.617128,140.186936,0,UWE,0.0,0.0,286.0,1.6,0,0,0,0,0,0,0,0
FD,UWE,39.617128,140.186936,0,UWE,0.0,4.8,286.0,4.8,0,0,0,0,0,0,0,0
DF,UWE,39.617128,140.186936,2, ,0.0,0.0,1,4000,0,0,0,0,0,0
HM,UWE,39.617128,140.186936,2, ,0.0,0.0,121.0,04.3,0,0,0,1,230,0,0,0,0

APPTR,I28-Z,28,BIJIN
IF,BIJIN,39.514608,140.407097, ,0.0,0.0,2,4200,0,1,210,0,1,0
TF,KENDI,39.597467,140.419722,0, ,0.0,0.0,0.0,0.0,2,2600,0,0,0,0,1,0
TF,D105G,39.600794,140.383244,0, ,0.0,0.0,0.0,0.0,2,2100,0,0,0,0,0,0
CF,CF28,39.602933,140.359686,0,IUW,104.6,7.4,285.0,1.1,2,1700,0,0,0,0,0,0

APPTR,I28-Z,28,GAKKO
IF,GAKKO,39.727483,140.403278, ,0.0,0.0,2,5000,0,1,210,0,1,0
TF,NYUTO,39.663981,140.429881,0, ,0.0,0.0,0.0,0.0,2,3500,0,0,0,0,0,0
TF,25NM,39.638881,140.426044,0, ,0.0,0.0,0.0,0.0,2,3300,0,0,0,0,0,0
TF,KENDI,39.597467,140.419722,0, ,0.0,0.0,0.0,0.0,2,2600,0,0,0,0,1,0
TF,D105G,39.600794,140.383244,0, ,0.0,0.0,0.0,0.0,2,2100,0,0,0,0,0,0
CF,CF28,39.602933,140.359686,0,IUW,104.6,7.4,285.0,1.1,2,1700,0,0,0,0,0,0

FINAL,I28-Z,28,I,3
IF,CF28,39.602933,140.359686,IUW,104.6,7.4,2,1700,0,0,0,0,0,0
CF,KYOWA,39.607561,140.308581,0,IUW,104.6,5.0,285.0,2.4,1,1500,0,0,0,0,2,0
CF,RW28,39.614350,140.233125,0,IUW,104.6,1.5,285.0,3.5,1,368,0,0,0,0,3,0
VA,0,285.0,2,800,0,0,0,0,0,0
CF,UWE,39.617128,140.186936,0,UWE,0.0,0.0,286.0,1.6,0,0,0,0,0,0,0,0
FD,UWE,39.617128,140.186936,0,UWE,0.0,4.8,286.0,4.8,0,0,0,0,0,0,0,0
DF,UWE,39.617128,140.186936,2, ,0.0,0.0,1,4000,0,0,0,0,0,0
HM,UWE,39.617128,140.186936,2, ,0.0,0.0,121.0,04.3,0,0,0,1,230,0,0,0,0

APPTR,R10-Y,10,CHOKA
IF,CHOKA,39.285975,140.233628, ,0.0,0.0,2,8000,0,0,0,0,1,0
TF,NOZOM,39.492175,140.131917,0, ,0.0,0.0,0.0,0.0,2,3200,0,0,0,0,1,0

FINAL,R10-Y,10,R,5
IF,NOZOM,39.492175,140.131917, ,0.0,0.0,2,3200,0,0,0,0,0,0
TF,RINAH,39.537497,140.109472,0, ,0.0,0.0,348.0,2.9,1,3200,0,0,0,0,2,0
TF,SK050,39.558114,140.099250,0, ,0.0,0.0,348.0,1.3,1,2778,0,0,0,0,0,0
RF,SK051,39.620708,140.161964,2,SKRF1,104.5,2.8,1,965,0,0,0,0,0,0
TF,RW10,39.616939,140.204206,0, ,0.0,0.0,105.0,2.0,1,339,0,0,0,0,3,1
FA,RW10,39.616939,140.204206,0,UWE,0.0,0.0,105.0,2,700,0,0,0,0,0,0
DF,CHOKA,39.285975,140.233628,2, ,0.0,0.0,1,8000,0,0,0,0,0,0
HM,CHOKA,39.285975,140.233628,2, ,0.0,0.0,2.0,06,2,8000,0,1,230,0,0,0,0

APPTR,R10-Z,10,BRIKO
IF,BRIKO,39.553936,139.966997, ,0.0,0.0,0,0,0,0,0,0,1,0
TF,KILLY,39.636836,139.979106,0, ,0.0,0.0,0.0,0.0,2,2000,0,0,0,0,1,0

APPTR,R10-Z,10,POLTA
IF,POLTA,39.719736,139.991239, ,0.0,0.0,0,0,0,0,0,0,1,0
TF,KILLY,39.636836,139.979106,0, ,0.0,0.0,0.0,0.0,2,2000,0,0,0,0,1,0

FINAL,R10-Z,10,R,4
IF,KILLY,39.636836,139.979106, ,0.0,0.0,2,2000,0,0,0,0,0,0
TF,TAMPO,39.626883,140.092347,0, ,0.0,0.0,105.0,5.3,2,2000,0,0,0,0,2,0
TF,35THR,39.623617,140.129208,0, ,0.0,0.0,105.0,1.7,2,1452,0,0,0,0,0,0
TF,RW10,39.616939,140.204206,0, ,0.0,0.0,105.0,3.5,1,339,0,0,0,0,3,1
DF,SK055,39.611172,140.268497,0, ,0.0,0.0,0,0,0,0,0,0,0,1
DF,BRIKO,39.553936,139.966997,2, ,0.0,0.0,1,3000,0,0,0,0,0,0
HM,BRIKO,39.553936,139.966997,2, ,0.0,0.0,78.0,06.1,0,0,0,1,230,0,0,0,0

APPTR,R28,28,CHOKA
IF,CHOKA,39.285975,140.233628, ,0.0,0.0,2,8000,0,0,0,0,1,0
TF,GIBAR,39.484853,140.299242,0, ,0.0,0.0,0.0,0.0,2,3000,0,0,0,0,1,0

FINAL,R28,28,R,5
IF,GIBAR,39.484853,140.299242, ,0.0,0.0,2,3000,0,0,0,0,0,0
TF,AYANE,39.524944,140.312514,0, ,0.0,0.0,23.0,2.5,1,3000,0,0,0,0,2,0
TF,SK850,39.553575,140.322003,0, ,0.0,0.0,23.0,1.8,1,2436,0,0,0,0,0,0
RF,SK851,39.610942,140.271078,1,SKRF2,284.5,2.8,1,932,0,0,0,0,0,0
TF,RW28,39.614350,140.233125,0, ,0.0,0.0,285.0,1.8,1,368,0,0,0,0,3,1
FA,RW28,39.614350,140.233125,0,UWE,0.0,0.0,285.0,2,800,0,0,0,0,0,0
DF,CHOKA,39.285975,140.233628,1, ,0.0,0.0,1,8000,0,0,0,0,0,0
HM,CHOKA,39.285975,140.233628,2, ,0.0,0.0,2.0,06,2,8000,0,1,230,0,0,0,0

