SID,GWAN1D,04L,1
VA,0,37.0,2,550,0,0,0,0,0,0
VM,0,0,0,37.0,0,0,0,0,0,0,0,0

SID,GWAN1D,04R,1
VA,0,37.0,2,550,0,0,0,0,0,0
VM,0,0,0,37.0,0,0,0,0,0,0,0,0

SID,GWAN1D,22L,1
VA,0,217.0,2,550,0,0,0,0,0,0
VM,0,0,0,217.0,0,0,0,0,0,0,0,0

SID,GWAN1D,22R,1
VA,0,217.0,2,550,0,0,0,0,0,0
VM,0,0,0,217.0,0,0,0,0,0,0,0,0

APPTR,D04L,04L,KOTTY
IF,KOTTY,35.061611,126.560167, ,0.0,0.0,2,4000,0,0,0,0,1,0
AF,CF04L,34.948300,126.661042,1,KWA,223.0,13.0,260.0,2,3000,0,0,0,0,0,0

FINAL,D04L,04L,D,3
IF,CF04L,34.948300,126.661042,KWA,223.0,13.0,2,3000,0,0,0,0,0,0
CF,FF04L,35.030417,126.730736,0,KWA,223.0,7.0,43.0,6.0,2,2000,0,0,0,0,2,0
CF,MA04L,35.102917,126.792414,0,KWA,223.0,1.7,43.0,5.3,1,365,0,0,0,0,3,0
CF,KWA,35.126167,126.812222,0,KWA,0.0,0.0,43.0,1.7,0,0,0,0,0,0,0,0
VD, ,0,0,0,KWA,0.0,0.0,43.0,1.5,0,0,0,0,0,0,0,0
CF,JADOO,35.410444,127.238556,0,KWA,58.8,27.0,58.0,25.5,2,7000,0,0,0,0,0,0
HM,JADOO,35.410444,127.238556,1, ,0.0,0.0,238.0,05,3,9000,0,1,230,0,0,0,0

APPTR,D04R,04R,KOTTY
IF,KOTTY,35.061611,126.560167, ,0.0,0.0,2,4000,0,0,0,0,1,0
AF,CF04R,34.942042,126.672558,1,KWA,220.0,13.0,260.0,2,3000,0,0,0,0,0,0

FINAL,D04R,04R,D,3
IF,CF04R,34.942042,126.672558,KWA,220.0,13.0,2,3000,0,0,0,0,0,0
CF,FF04R,35.027044,126.736942,0,KWA,220.0,7.0,40.0,6.0,2,2000,0,0,0,0,2,0
CF,MA04R,35.102097,126.793922,0,KWA,220.0,1.7,40.0,5.3,1,365,0,0,0,0,3,0
CF,KWA,35.126167,126.812222,0,KWA,0.0,0.0,40.0,1.7,0,0,0,0,0,0,0,0
VD, ,0,0,0,KWA,0.0,0.0,40.0,1.5,0,0,0,0,0,0,0,0
CF,JADOO,35.410444,127.238556,0,KWA,58.8,27.0,58.0,25.5,2,7000,0,0,0,0,0,0
HM,JADOO,35.410444,127.238556,1, ,0.0,0.0,238.0,05,3,9000,0,1,230,0,0,0,0

APPTR,D22L,22L,JADOO
IF,JADOO,35.410444,127.238556, ,0.0,0.0,2,7000,0,0,0,0,1,0
TF,D058Q,35.305361,127.080333,0, ,0.0,0.0,0.0,0.0,2,5000,0,0,0,0,0,0
AF,D033Q,35.383272,126.958664,1,KWA,33.0,17.0,58.0,2,4300,0,0,0,0,0,0
CF,D033K,35.292550,126.906872,0,KWA,33.0,11.0,213.0,6.0,2,3300,0,0,0,0,0,0
TF,CF22L,35.262303,126.889633,0, ,0.0,0.0,0.0,0.0,2,2900,0,0,0,0,0,0

FINAL,D22L,22L,D,4
IF,CF22L,35.262303,126.889633,KWA,33.0,9.0,2,2900,0,0,0,0,0,0
CF,FF22L,35.232056,126.872408,0,KWA,33.0,7.0,213.0,2.0,2,2300,0,0,0,0,2,0
CF,40VOR,35.186678,126.846594,0,KWA,33.0,4.0,213.0,3.0,2,1240,0,0,0,0,0,0
CF,MA22L,35.148858,126.825106,0,KWA,33.0,1.5,213.0,2.5,1,382,0,0,0,0,3,0
CA,0,213.0,2,550,0,0,0,0,0,0
VA,0,210.0,2,4000,0,0,0,0,0,0
DF,KOTTY,35.061611,126.560167,2, ,0.0,0.0,2,4000,0,0,0,0,0,0
HM,KOTTY,35.061611,126.560167,1, ,0.0,0.0,80.0,05,3,7000,0,1,230,0,0,0,0

APPTR,D22R,22R,JADOO
IF,JADOO,35.410444,127.238556, ,0.0,0.0,2,7000,0,0,0,0,1,0
TF,D058Q,35.305361,127.080333,0, ,0.0,0.0,0.0,0.0,2,5000,0,0,0,0,0,0
AF,D030Q,35.389214,126.942036,1,KWA,30.0,17.0,58.0,2,4300,0,0,0,0,0,0
CF,D030K,35.296392,126.896122,0,KWA,30.0,11.0,210.0,6.0,2,3300,0,0,0,0,0,0
TF,CF22R,35.265444,126.880842,0, ,0.0,0.0,0.0,0.0,2,2900,0,0,0,0,0,0

FINAL,D22R,22R,D,4
IF,CF22R,35.265444,126.880842,KWA,30.0,9.0,2,2900,0,0,0,0,0,0
CF,FF22R,35.234497,126.865572,0,KWA,30.0,7.0,210.0,2.0,2,2300,0,0,0,0,2,0
CF,40VO2,35.188072,126.842689,0,KWA,30.0,4.0,210.0,3.0,2,1240,0,0,0,0,0,0
CF,MA22R,35.149381,126.823642,0,KWA,30.0,1.5,210.0,2.5,1,377,0,0,0,0,3,0
VA,0,210.0,2,4000,0,0,0,0,0,0
DF,KOTTY,35.061611,126.560167,2, ,0.0,0.0,2,4000,0,0,0,0,0,0
HM,KOTTY,35.061611,126.560167,1, ,0.0,0.0,80.0,05,3,7000,0,1,230,0,0,0,0

APPTR,I04R,04R,KOTTY
IF,KOTTY,35.061611,126.560167, ,0.0,0.0,2,4000,0,0,0,0,1,0
AF,D227M,34.957397,126.646331,1,KWA,227.0,13.0,260.0,2,3000,0,0,0,0,0,0
VI,0,IMDG,0.0,67.0,0,0,0,0,0,0,0,0

FINAL,I04R,04R,I,3
IF,CI04R,34.939139,126.678994,IMDG,218.0,13.8,2,3000,0,0,0,0,0,0
CF,FI04R,35.027386,126.740742,0,IMDG,218.0,7.7,37.0,6.1,1,2000,0,0,0,0,2,0
CF,RW04R,35.114753,126.802075,0,IMDG,217.9,1.7,37.0,6.0,1,91,0,0,0,0,3,0
VD, ,0,0,0,KWA,0.0,0.0,37.0,1.5,0,0,0,0,0,0,0,0
CF,JADOO,35.410444,127.238556,0,KWA,58.8,27.0,58.0,25.5,2,7000,0,0,0,0,0,0
HM,JADOO,35.410444,127.238556,1, ,0.0,0.0,238.0,05,3,9000,0,1,230,0,0,0,0

APPTR,L04R,04R,KOTTY
IF,KOTTY,35.061611,126.560167, ,0.0,0.0,2,4000,0,0,0,0,1,0
AF,D227M,34.957397,126.646331,1,KWA,227.0,13.0,260.0,2,3000,0,0,0,0,0,0
VI,0,IMDG,0.0,67.0,0,0,0,0,0,0,0,0

FINAL,L04R,04R,D,3
IF,CI04R,34.939139,126.678994,IMDG,218.0,13.8,2,3000,0,0,0,0,0,0
CF,FI04R,35.027386,126.740742,0,IMDG,218.0,7.7,37.0,6.1,2,2000,0,0,0,0,2,0
CF,MI04R,35.108422,126.797581,0,IMDG,218.0,2.1,37.0,5.6,1,232,0,0,0,0,3,0
VD, ,0,0,0,KWA,0.0,0.0,37.0,1.5,0,0,0,0,0,0,0,0
CF,JADOO,35.410444,127.238556,0,KWA,58.8,27.0,58.0,25.5,2,7000,0,0,0,0,0,0
HM,JADOO,35.410444,127.238556,1, ,0.0,0.0,238.0,05,3,9000,0,1,230,0,0,0,0

APPTR,L22L,22L,JADOO
IF,JADOO,35.410444,127.238556, ,0.0,0.0,2,7000,0,0,0,0,1,0
TF,D058Q,35.305361,127.080333,0, ,0.0,0.0,0.0,0.0,0,0,0,0,0,0,0,0
AF,DORIM,35.372722,126.983417,1,KWA,37.6,17.0,58.0,2,5000,0,0,0,0,0,0
CF,CL22L,35.314750,126.942556,0,IMDH,37.9,14.0,217.0,4.0,2,4100,0,0,0,0,1,0

FINAL,L22L,22L,D,6
IF,CL22L,35.314750,126.942556,IMDH,37.9,14.0,2,4100,0,0,0,0,0,0
CF,LOC12,35.285861,126.922194,0,IMDH,37.9,12.0,217.0,2.0,2,3500,0,0,0,0,0,0
CF,LOC10,35.256944,126.901861,0,IMDH,37.9,10.0,217.0,2.0,2,2900,0,0,0,0,0,0
CF,FL22L,35.223611,126.878333,0,IMDH,37.9,7.7,217.0,2.3,2,2200,0,0,0,0,2,0
CF,45LOC,35.177389,126.846000,0,IMDH,37.9,4.5,217.0,3.2,2,1100,0,0,0,0,0,0
CF,ML22L,35.148472,126.825694,0,IMDH,37.9,2.5,217.0,2.0,1,384,0,0,0,0,3,0
VA,0,217.0,2,1000,0,0,0,0,0,0
VA,0,210.0,2,4000,0,0,0,0,0,0
DF,KOTTY,35.061611,126.560167,2, ,0.0,0.0,1,4000,0,0,0,0,0,0
HM,KOTTY,35.061611,126.560167,1, ,0.0,0.0,80.0,05,2,4000,0,1,230,0,0,0,0

