SID,CJU2L,25,2
CA,0,245.0,2,620,0,0,0,0,0,0
FD,YDM,33.511472,126.487583,0,YDM,0.0,6.0,244.0,6.0,0,0,0,0,0,0,0,0
VR,2,YDM,297.0,85.0,4,9000,7000,0,0,0,0,0
VI,0, ,0.0,100.0,0,0,0,0,0,0,0,0
CF,YDM,33.511472,126.487583,0,YDM,0.0,0.0,145.0,4.0,1,9000,0,0,0,0,0,0
TF,CJU,33.384611,126.624111,0, ,0.0,0.0,0.0,0.0,1,9000,0,0,0,0,0,0

SID,CJU4K,07,2
CA,0,65.0,2,620,0,0,0,0,0,0
FD,YDM,33.511472,126.487583,0,YDM,0.0,13.5,67.0,13.5,0,0,0,0,0,0,0,0
DF,CJU11,33.461403,126.820942,2, ,0.0,0.0,1,9000,0,0,0,0,0,0
TF,CJU,33.384611,126.624111,0, ,0.0,0.0,0.0,0.0,1,9000,0,0,0,0,0,0

SID,IPDA4K,07,2
CA,0,65.0,2,620,0,0,0,0,0,0
FD,YDM,33.511472,126.487583,0,YDM,0.0,6.5,67.0,6.5,0,0,0,0,0,0,0,0
CF,CJU30,33.883597,126.677158,0,CJU,12.1,30.0,12.0,20.0,1,7000,0,0,0,0,0,0
TF,IPDAS,34.254361,126.717056,0, ,0.0,0.0,0.0,0.0,1,7000,0,0,0,0,0,0

SID,KAMI1W,25,5
CF,LAXER,33.457778,126.386667,0,YDM,244.6,6.0,245.0,4.7,0,0,0,1,250,0,0,1
DF,PC832,33.679444,126.231083,2, ,0.0,0.0,4,10000,8000,1,250,0,0,0
TF,PC833,33.835778,126.512444,0, ,0.0,0.0,0.0,0.0,2,13000,0,0,0,0,0,0
TF,OLLEH,33.961722,126.740694,0, ,0.0,0.0,0.0,0.0,2,17000,0,0,0,0,0,0
TF,KAMIT,34.253917,126.771583,0, ,0.0,0.0,0.0,0.0,0,0,0,0,0,0,0,0

SID,KAMI2E,07,5
DF,DER07,33.514878,126.497642,0, ,0.0,0.0,0,0,0,0,0,0,0,1
CA,0,65.0,2,1000,0,0,0,0,0,0
DF,PC811,33.703361,126.713556,0, ,0.0,0.0,0,0,0,0,0,0,0,0
TF,OLLEH,33.961722,126.740694,0, ,0.0,0.0,0.0,0.0,3,10000,0,0,0,0,0,0
TF,KAMIT,34.253917,126.771583,0, ,0.0,0.0,0.0,0.0,2,14000,0,0,0,0,0,0

SID,KAMI2N,31,5
CF,PC861,33.562167,126.409472,0,YDM,314.8,5.0,312.0,4.7,0,0,0,0,0,0,0,0
TF,PC871,33.651472,126.408889,0, ,0.0,0.0,0.0,0.0,3,5000,0,0,0,0,0,0
TF,PC872,33.721361,126.521861,0, ,0.0,0.0,0.0,0.0,3,8000,0,0,0,0,0,0
TF,TOREN,33.810222,126.666028,0, ,0.0,0.0,0.0,0.0,2,11000,0,0,0,0,0,0
TF,OLLEH,33.961722,126.740694,0, ,0.0,0.0,0.0,0.0,3,12000,0,0,0,0,0,0
TF,KAMIT,34.253917,126.771583,0, ,0.0,0.0,0.0,0.0,3,16000,0,0,0,0,0,0

SID,MAKE2E,07,5
CF,CASPI,33.640889,126.743722,0,YDM,65.8,15.0,65.0,14.3,4,9000,6000,0,0,0,0,0
TF,ATINA,33.722278,127.073111,0, ,0.0,0.0,0.0,0.0,0,0,0,0,0,0,0,0
TF,MAKET,33.914556,127.331389,0, ,0.0,0.0,0.0,0.0,0,0,0,0,0,0,0,0

SID,MAKE2N,31,5
CF,PC861,33.562167,126.409472,0,YDM,314.8,5.0,312.0,4.7,0,0,0,0,0,0,0,0
TF,PC871,33.651472,126.408889,0, ,0.0,0.0,0.0,0.0,3,5000,0,0,0,0,0,0
TF,PC872,33.721361,126.521861,0, ,0.0,0.0,0.0,0.0,3,8000,0,0,0,0,0,0
TF,TOREN,33.810222,126.666028,0, ,0.0,0.0,0.0,0.0,2,11000,0,0,0,0,0,0
TF,PC873,33.810528,127.191444,0, ,0.0,0.0,0.0,0.0,0,0,0,0,0,0,0,0
TF,MAKET,33.914556,127.331389,0, ,0.0,0.0,0.0,0.0,0,0,0,0,0,0,0,0

SID,MAKE2W,25,5
CF,PC841,33.428528,126.329944,0,YDM,244.9,9.3,245.0,8.0,0,0,0,1,250,0,0,0
TF,PC842,33.293972,126.354806,0, ,0.0,0.0,0.0,0.0,0,0,0,1,250,0,0,0
TF,PC843,33.268083,126.495861,0, ,0.0,0.0,0.0,0.0,0,0,0,1,250,0,0,0
TF,CJU,33.384611,126.624111,0, ,0.0,0.0,0.0,0.0,2,12000,0,0,0,0,0,0
TF,PC844,33.574500,126.875944,0, ,0.0,0.0,0.0,0.0,2,17000,0,0,0,0,0,0
TF,ATINA,33.722278,127.073111,0, ,0.0,0.0,0.0,0.0,0,0,0,0,0,0,0,0
TF,MAKET,33.914556,127.331389,0, ,0.0,0.0,0.0,0.0,0,0,0,0,0,0,0,0

SID,MAKE4K,07,2
CA,0,65.0,2,620,0,0,0,0,0,0
CF,MAKET,33.914556,127.331389,0,YDM,67.0,48.7,67.0,49.0,3,11000,0,0,0,0,0,0

SID,PALS1E,07,5
CF,CASPI,33.640889,126.743722,0,YDM,65.8,15.0,65.0,14.3,0,0,0,1,250,0,0,0
TF,PC813,33.498750,126.847222,0, ,0.0,0.0,0.0,0.0,1,9000,0,1,250,0,0,0
TF,CJU,33.384611,126.624111,0, ,0.0,0.0,0.0,0.0,1,9000,0,0,0,0,0,0
TF,PC815,33.490722,126.342583,0, ,0.0,0.0,0.0,0.0,2,15000,0,0,0,0,0,0
TF,NATLI,33.681083,125.831444,0, ,0.0,0.0,0.0,0.0,0,0,0,0,0,0,0,0
TF,PALSA,34.025333,124.414611,0, ,0.0,0.0,0.0,0.0,0,0,0,0,0,0,0,0

SID,PALS1W,25,5
CF,LAXER,33.457778,126.386667,0,YDM,244.6,6.0,245.0,4.7,0,0,0,0,0,0,0,1
TF,PC846,33.568361,126.112861,0, ,0.0,0.0,0.0,0.0,3,10000,0,0,0,0,0,0
TF,NATLI,33.681083,125.831444,0, ,0.0,0.0,0.0,0.0,0,0,0,0,0,0,0,0
TF,PALSA,34.025333,124.414611,0, ,0.0,0.0,0.0,0.0,0,0,0,0,0,0,0,0

SID,PANS2E,07,5
CF,CASPI,33.640889,126.743722,0,YDM,65.8,15.0,65.0,14.3,0,0,0,1,250,0,0,0
TF,PC813,33.498750,126.847222,0, ,0.0,0.0,0.0,0.0,1,9000,0,1,250,0,0,0
TF,CJU,33.384611,126.624111,0, ,0.0,0.0,0.0,0.0,1,9000,0,0,0,0,0,0
TF,PC814,33.260111,126.487083,0, ,0.0,0.0,0.0,0.0,3,10000,0,0,0,0,0,0
TF,PANSI,33.004000,126.206972,0, ,0.0,0.0,0.0,0.0,0,0,0,0,0,0,0,0

SID,PANS2W,25,5
CF,PC841,33.428528,126.329944,0,YDM,244.9,9.3,245.0,8.0,0,0,0,0,0,0,0,0
TF,PANSI,33.004000,126.206972,0, ,0.0,0.0,0.0,0.0,0,0,0,0,0,0,0,0

SID,RADA1N,31,2
VA,0,312.0,2,2200,0,0,0,0,0,0
VM,0,0,0,312.0,0,0,0,0,0,0,0,0

SID,RADA2E,07,2
VA,0,65.0,2,2200,0,0,0,0,0,0
VM,0,0,0,65.0,0,0,0,0,0,0,0,0

SID,RADA2W,25,2
VA,0,245.0,2,1500,0,0,0,0,0,0
VA,0,320.0,2,3000,0,0,0,0,0,0
VM,0,0,0,320.0,0,0,0,0,0,0,0,0

SID,TAMN2E,07,5
CF,CASPI,33.640889,126.743722,0,YDM,65.8,15.0,65.0,14.3,4,9000,6000,0,0,0,0,0
TF,TAMNA,33.470972,127.331389,0, ,0.0,0.0,0.0,0.0,0,0,0,0,0,0,0,0

SID,TAMN2K,07,2
CA,0,65.0,2,620,0,0,0,0,0,0
FD,YDM,33.511472,126.487583,0,YDM,0.0,13.5,67.0,13.5,0,0,0,0,0,0,0,0
VI,2, ,0.0,168.0,2,9000,0,0,0,0,0,0
CF,TAMNA,33.470972,127.331389,0,YDM,100.1,42.4,100.0,26.0,3,11000,0,0,0,0,0,0

SID,TAMN2W,25,5
CF,PC841,33.428528,126.329944,0,YDM,244.9,9.3,245.0,8.0,0,0,0,1,250,0,0,0
TF,PC842,33.293972,126.354806,0, ,0.0,0.0,0.0,0.0,0,0,0,1,250,0,0,0
TF,PC843,33.268083,126.495861,0, ,0.0,0.0,0.0,0.0,0,0,0,1,250,0,0,0
TF,CJU,33.384611,126.624111,0, ,0.0,0.0,0.0,0.0,2,12000,0,0,0,0,0,0
TF,PC845,33.417556,126.890000,0, ,0.0,0.0,0.0,0.0,2,17000,0,0,0,0,0,0
TF,TAMNA,33.470972,127.331389,0, ,0.0,0.0,0.0,0.0,0,0,0,0,0,0,0,0

STAR,DOTO2P,07,5
IF,DOTOL,34.254278,126.610167, ,0.0,0.0,0,0,0,0,0,0,0,0
TF,CHUJA,33.996472,126.583389,0, ,0.0,0.0,0.0,0.0,0,0,0,0,0,0,0,0
TF,PC726,33.908944,126.498444,0, ,0.0,0.0,0.0,0.0,3,9000,0,0,0,0,0,0
TF,KEROM,33.792750,126.386056,0, ,0.0,0.0,0.0,0.0,1,7000,0,0,0,0,0,0
TF,CHANY,33.727750,126.323333,0, ,0.0,0.0,0.0,0.0,0,0,0,1,220,0,0,0
TF,PC621,33.740944,126.224694,0, ,0.0,0.0,0.0,0.0,0,0,0,1,220,0,0,0
TF,PC622,33.729556,126.125722,0, ,0.0,0.0,0.0,0.0,0,0,0,1,220,0,0,0
TF,PC623,33.694500,126.035056,0, ,0.0,0.0,0.0,0.0,0,0,0,1,220,0,0,0
TF,PC624,33.638861,125.960611,0, ,0.0,0.0,0.0,0.0,0,0,0,1,220,0,0,0
TF,PC625,33.567528,125.908833,0, ,0.0,0.0,0.0,0.0,0,0,0,1,220,0,0,0
TF,PC626,33.486639,125.884139,0, ,0.0,0.0,0.0,0.0,0,0,0,1,220,0,0,0
TF,PC627,33.403250,125.888639,0, ,0.0,0.0,0.0,0.0,0,0,0,1,220,0,0,0
TF,PC628,33.324556,125.921806,0, ,0.0,0.0,0.0,0.0,0,0,0,1,220,0,0,0
TF,MEDON,33.257333,125.980750,0, ,0.0,0.0,0.0,0.0,1,7000,0,1,220,0,0,0
TF,YUMIN,33.457139,126.220972,1, ,0.0,0.0,0.0,0.0,2,4000,0,1,210,0,0,0

STAR,DOTO2T,25,5
IF,DOTOL,34.254278,126.610167, ,0.0,0.0,3,14000,0,1,250,0,0,0
TF,PC731,34.038056,126.587694,0, ,0.0,0.0,0.0,0.0,0,0,0,0,0,0,0,0
TF,PC732,33.957222,126.715361,0, ,0.0,0.0,0.0,0.0,3,9000,0,0,0,0,0,0
TF,DANBI,33.896528,126.810972,0, ,0.0,0.0,0.0,0.0,1,7000,0,1,220,0,0,0
TF,PC631,33.868972,126.905472,0, ,0.0,0.0,0.0,0.0,0,0,0,1,220,0,0,0
TF,SELIN,33.817000,126.983750,0, ,0.0,0.0,0.0,0.0,0,0,0,1,220,0,0,0
TF,PC632,33.746417,127.037139,0, ,0.0,0.0,0.0,0.0,0,0,0,1,220,0,0,0
TF,PC633,33.665083,127.059722,0, ,0.0,0.0,0.0,0.0,0,0,0,1,220,0,0,0
TF,WOODO,33.582083,127.049056,0, ,0.0,0.0,0.0,0.0,1,7000,0,1,220,0,0,0
TF,HANUL,33.649611,126.760778,2, ,0.0,0.0,0.0,0.0,2,4000,0,1,210,0,0,0

STAR,MAKE2P,07,5
IF,MAKET,33.914556,127.331389, ,0.0,0.0,0,0,0,0,0,0,0,0
TF,PC721,33.914806,126.786028,0, ,0.0,0.0,0.0,0.0,0,0,0,0,0,0,0,0
TF,PC722,33.867472,126.630250,0, ,0.0,0.0,0.0,0.0,2,13000,0,0,0,0,0,0
TF,KEROM,33.792750,126.386056,0, ,0.0,0.0,0.0,0.0,2,10000,0,0,0,0,0,0
TF,CHANY,33.727750,126.323333,0, ,0.0,0.0,0.0,0.0,1,9000,0,1,220,0,0,0
TF,PC621,33.740944,126.224694,0, ,0.0,0.0,0.0,0.0,0,0,0,1,220,0,0,0
TF,PC622,33.729556,126.125722,0, ,0.0,0.0,0.0,0.0,0,0,0,1,220,0,0,0
TF,PC623,33.694500,126.035056,0, ,0.0,0.0,0.0,0.0,0,0,0,1,220,0,0,0
TF,PC624,33.638861,125.960611,0, ,0.0,0.0,0.0,0.0,0,0,0,1,220,0,0,0
TF,PC625,33.567528,125.908833,0, ,0.0,0.0,0.0,0.0,0,0,0,1,220,0,0,0
TF,PC626,33.486639,125.884139,0, ,0.0,0.0,0.0,0.0,0,0,0,1,220,0,0,0
TF,PC627,33.403250,125.888639,0, ,0.0,0.0,0.0,0.0,0,0,0,1,220,0,0,0
TF,PC628,33.324556,125.921806,0, ,0.0,0.0,0.0,0.0,0,0,0,1,220,0,0,0
TF,MEDON,33.257333,125.980750,0, ,0.0,0.0,0.0,0.0,1,9000,0,1,220,0,0,0
TF,YUMIN,33.457139,126.220972,1, ,0.0,0.0,0.0,0.0,2,4000,0,1,210,0,0,0

STAR,MAKE2T,25,5
IF,MAKET,33.914556,127.331389, ,0.0,0.0,3,15000,0,1,250,0,0,0
TF,JAREE,33.915556,127.071028,0, ,0.0,0.0,0.0,0.0,3,12000,0,0,0,0,0,0
TF,SELIN,33.817000,126.983750,0, ,0.0,0.0,0.0,0.0,1,9000,0,1,220,0,0,0
TF,PC632,33.746417,127.037139,0, ,0.0,0.0,0.0,0.0,0,0,0,1,220,0,0,0
TF,PC633,33.665083,127.059722,0, ,0.0,0.0,0.0,0.0,0,0,0,1,220,0,0,0
TF,WOODO,33.582083,127.049056,0, ,0.0,0.0,0.0,0.0,1,9000,0,1,220,0,0,0
TF,HANUL,33.649611,126.760778,2, ,0.0,0.0,0.0,0.0,2,4000,0,1,210,0,0,0

STAR,SOSD2P,07,5
IF,SOSDO,33.003333,126.459722, ,0.0,0.0,2,15000,0,0,0,0,0,0
TF,CJU,33.384611,126.624111,0, ,0.0,0.0,0.0,0.0,2,12000,0,0,0,0,0,0
TF,PC723,33.595639,126.494972,0, ,0.0,0.0,0.0,0.0,2,11000,0,0,0,0,0,0
TF,PC724,33.714444,126.421972,0, ,0.0,0.0,0.0,0.0,2,10000,0,0,0,0,0,0
TF,CHANY,33.727750,126.323333,0, ,0.0,0.0,0.0,0.0,1,9000,0,1,220,0,0,0
TF,PC621,33.740944,126.224694,0, ,0.0,0.0,0.0,0.0,0,0,0,1,220,0,0,0
TF,PC622,33.729556,126.125722,0, ,0.0,0.0,0.0,0.0,0,0,0,1,220,0,0,0
TF,PC623,33.694500,126.035056,0, ,0.0,0.0,0.0,0.0,0,0,0,1,220,0,0,0
TF,PC624,33.638861,125.960611,0, ,0.0,0.0,0.0,0.0,0,0,0,1,220,0,0,0
TF,PC625,33.567528,125.908833,0, ,0.0,0.0,0.0,0.0,0,0,0,1,220,0,0,0
TF,PC626,33.486639,125.884139,0, ,0.0,0.0,0.0,0.0,0,0,0,1,220,0,0,0
TF,PC627,33.403250,125.888639,0, ,0.0,0.0,0.0,0.0,0,0,0,1,220,0,0,0
TF,PC628,33.324556,125.921806,0, ,0.0,0.0,0.0,0.0,0,0,0,1,220,0,0,0
TF,MEDON,33.257333,125.980750,0, ,0.0,0.0,0.0,0.0,1,9000,0,1,220,0,0,0
TF,YUMIN,33.457139,126.220972,1, ,0.0,0.0,0.0,0.0,2,4000,0,1,210,0,0,0

STAR,SOSD2T,25,5
IF,SOSDO,33.003333,126.459722, ,0.0,0.0,2,15000,0,0,0,0,0,0
TF,CJU,33.384611,126.624111,0, ,0.0,0.0,0.0,0.0,1,11000,0,0,0,0,0,0
TF,PC735,33.556528,126.658556,0, ,0.0,0.0,0.0,0.0,1,11000,0,0,0,0,0,0
TF,PC736,33.721194,126.691639,0, ,0.0,0.0,0.0,0.0,3,9000,0,0,0,0,0,0
TF,PC737,33.836472,126.714861,0, ,0.0,0.0,0.0,0.0,1,7000,0,0,0,0,0,0
TF,DANBI,33.896528,126.810972,0, ,0.0,0.0,0.0,0.0,0,0,0,1,220,0,0,0
TF,PC631,33.868972,126.905472,0, ,0.0,0.0,0.0,0.0,0,0,0,1,220,0,0,0
TF,SELIN,33.817000,126.983750,0, ,0.0,0.0,0.0,0.0,0,0,0,1,220,0,0,0
TF,PC632,33.746417,127.037139,0, ,0.0,0.0,0.0,0.0,0,0,0,1,220,0,0,0
TF,PC633,33.665083,127.059722,0, ,0.0,0.0,0.0,0.0,0,0,0,1,220,0,0,0
TF,WOODO,33.582083,127.049056,0, ,0.0,0.0,0.0,0.0,1,7000,0,1,220,0,0,0
TF,HANUL,33.649611,126.760778,2, ,0.0,0.0,0.0,0.0,2,4000,0,1,210,0,0,0

STAR,TAMN2P,07,5
IF,TAMNA,33.470972,127.331389, ,0.0,0.0,0,0,0,0,0,0,0,0
TF,CJU,33.384611,126.624111,0, ,0.0,0.0,0.0,0.0,2,12000,0,0,0,0,0,0
TF,PC723,33.595639,126.494972,0, ,0.0,0.0,0.0,0.0,2,11000,0,0,0,0,0,0
TF,PC724,33.714444,126.421972,0, ,0.0,0.0,0.0,0.0,2,10000,0,0,0,0,0,0
TF,CHANY,33.727750,126.323333,0, ,0.0,0.0,0.0,0.0,1,9000,0,1,220,0,0,0
TF,PC621,33.740944,126.224694,0, ,0.0,0.0,0.0,0.0,0,0,0,1,220,0,0,0
TF,PC622,33.729556,126.125722,0, ,0.0,0.0,0.0,0.0,0,0,0,1,220,0,0,0
TF,PC623,33.694500,126.035056,0, ,0.0,0.0,0.0,0.0,0,0,0,1,220,0,0,0
TF,PC624,33.638861,125.960611,0, ,0.0,0.0,0.0,0.0,0,0,0,1,220,0,0,0
TF,PC625,33.567528,125.908833,0, ,0.0,0.0,0.0,0.0,0,0,0,1,220,0,0,0
TF,PC626,33.486639,125.884139,0, ,0.0,0.0,0.0,0.0,0,0,0,1,220,0,0,0
TF,PC627,33.403250,125.888639,0, ,0.0,0.0,0.0,0.0,0,0,0,1,220,0,0,0
TF,PC628,33.324556,125.921806,0, ,0.0,0.0,0.0,0.0,0,0,0,1,220,0,0,0
TF,MEDON,33.257333,125.980750,0, ,0.0,0.0,0.0,0.0,1,9000,0,1,220,0,0,0
TF,YUMIN,33.457139,126.220972,1, ,0.0,0.0,0.0,0.0,2,4000,0,1,210,0,0,0

STAR,TAMN2T,25,5
IF,TAMNA,33.470972,127.331389, ,0.0,0.0,0,0,0,0,0,0,0,0
TF,PC738,33.413944,126.860444,0, ,0.0,0.0,0.0,0.0,1,11000,0,0,0,0,0,0
TF,PC735,33.556528,126.658556,0, ,0.0,0.0,0.0,0.0,1,11000,0,0,0,0,0,0
TF,PC736,33.721194,126.691639,0, ,0.0,0.0,0.0,0.0,3,9000,0,0,0,0,0,0
TF,PC737,33.836472,126.714861,0, ,0.0,0.0,0.0,0.0,1,7000,0,0,0,0,0,0
TF,DANBI,33.896528,126.810972,0, ,0.0,0.0,0.0,0.0,0,0,0,1,220,0,0,0
TF,PC631,33.868972,126.905472,0, ,0.0,0.0,0.0,0.0,0,0,0,1,220,0,0,0
TF,SELIN,33.817000,126.983750,0, ,0.0,0.0,0.0,0.0,0,0,0,1,220,0,0,0
TF,PC632,33.746417,127.037139,0, ,0.0,0.0,0.0,0.0,0,0,0,1,220,0,0,0
TF,PC633,33.665083,127.059722,0, ,0.0,0.0,0.0,0.0,0,0,0,1,220,0,0,0
TF,WOODO,33.582083,127.049056,0, ,0.0,0.0,0.0,0.0,1,7000,0,1,220,0,0,0
TF,HANUL,33.649611,126.760778,2, ,0.0,0.0,0.0,0.0,2,4000,0,1,210,0,0,0

STAR,TOLI1P,07,5
IF,TOLIS,33.841667,124.414611, ,0.0,0.0,0,0,0,0,0,0,0,0
TF,ELDIN,33.496556,125.831417,0, ,0.0,0.0,0.0,0.0,0,0,0,0,0,0,0,0
TF,PC725,33.323667,126.482472,0, ,0.0,0.0,0.0,0.0,0,0,0,0,0,0,0,0
TF,CJU,33.384611,126.624111,0, ,0.0,0.0,0.0,0.0,2,11000,0,0,0,0,0,0
TF,PC723,33.595639,126.494972,0, ,0.0,0.0,0.0,0.0,2,11000,0,0,0,0,0,0
TF,PC724,33.714444,126.421972,0, ,0.0,0.0,0.0,0.0,2,10000,0,0,0,0,0,0
TF,CHANY,33.727750,126.323333,0, ,0.0,0.0,0.0,0.0,1,9000,0,1,220,0,0,0
TF,PC621,33.740944,126.224694,0, ,0.0,0.0,0.0,0.0,0,0,0,1,220,0,0,0
TF,PC622,33.729556,126.125722,0, ,0.0,0.0,0.0,0.0,0,0,0,1,220,0,0,0
TF,PC623,33.694500,126.035056,0, ,0.0,0.0,0.0,0.0,0,0,0,1,220,0,0,0
TF,PC624,33.638861,125.960611,0, ,0.0,0.0,0.0,0.0,0,0,0,1,220,0,0,0
TF,PC625,33.567528,125.908833,0, ,0.0,0.0,0.0,0.0,0,0,0,1,220,0,0,0
TF,PC626,33.486639,125.884139,0, ,0.0,0.0,0.0,0.0,0,0,0,1,220,0,0,0
TF,PC627,33.403250,125.888639,0, ,0.0,0.0,0.0,0.0,0,0,0,1,220,0,0,0
TF,PC628,33.324556,125.921806,0, ,0.0,0.0,0.0,0.0,0,0,0,1,220,0,0,0
TF,MEDON,33.257333,125.980750,0, ,0.0,0.0,0.0,0.0,1,9000,0,1,220,0,0,0
TF,YUMIN,33.457139,126.220972,1, ,0.0,0.0,0.0,0.0,2,4000,0,1,210,0,0,0

STAR,TOLI1T,25,5
IF,TOLIS,33.841667,124.414611, ,0.0,0.0,0,0,0,0,0,0,0,0
TF,ELDIN,33.496556,125.831417,0, ,0.0,0.0,0.0,0.0,0,0,0,0,0,0,0,0
TF,PC741,33.538778,126.395167,0, ,0.0,0.0,0.0,0.0,0,0,0,0,0,0,0,0
TF,PC735,33.556528,126.658556,0, ,0.0,0.0,0.0,0.0,2,11000,0,0,0,0,0,0
TF,PC736,33.721194,126.691639,0, ,0.0,0.0,0.0,0.0,3,9000,0,0,0,0,0,0
TF,PC737,33.836472,126.714861,0, ,0.0,0.0,0.0,0.0,1,7000,0,0,0,0,0,0
TF,DANBI,33.896528,126.810972,0, ,0.0,0.0,0.0,0.0,0,0,0,1,220,0,0,0
TF,PC631,33.868972,126.905472,0, ,0.0,0.0,0.0,0.0,0,0,0,1,220,0,0,0
TF,SELIN,33.817000,126.983750,0, ,0.0,0.0,0.0,0.0,0,0,0,1,220,0,0,0
TF,PC632,33.746417,127.037139,0, ,0.0,0.0,0.0,0.0,0,0,0,1,220,0,0,0
TF,PC633,33.665083,127.059722,0, ,0.0,0.0,0.0,0.0,0,0,0,1,220,0,0,0
TF,WOODO,33.582083,127.049056,0, ,0.0,0.0,0.0,0.0,1,7000,0,1,220,0,0,0
TF,HANUL,33.649611,126.760778,2, ,0.0,0.0,0.0,0.0,2,4000,0,1,210,0,0,0

STAR,TOSA2P,07,5
IF,TOSAN,33.003333,126.771861, ,0.0,0.0,2,15000,0,0,0,0,0,0
TF,CJU,33.384611,126.624111,0, ,0.0,0.0,0.0,0.0,2,12000,0,0,0,0,0,0
TF,PC723,33.595639,126.494972,0, ,0.0,0.0,0.0,0.0,2,11000,0,0,0,0,0,0
TF,PC724,33.714444,126.421972,0, ,0.0,0.0,0.0,0.0,2,10000,0,0,0,0,0,0
TF,CHANY,33.727750,126.323333,0, ,0.0,0.0,0.0,0.0,1,9000,0,1,220,0,0,0
TF,PC621,33.740944,126.224694,0, ,0.0,0.0,0.0,0.0,0,0,0,1,220,0,0,0
TF,PC622,33.729556,126.125722,0, ,0.0,0.0,0.0,0.0,0,0,0,1,220,0,0,0
TF,PC623,33.694500,126.035056,0, ,0.0,0.0,0.0,0.0,0,0,0,1,220,0,0,0
TF,PC624,33.638861,125.960611,0, ,0.0,0.0,0.0,0.0,0,0,0,1,220,0,0,0
TF,PC625,33.567528,125.908833,0, ,0.0,0.0,0.0,0.0,0,0,0,1,220,0,0,0
TF,PC626,33.486639,125.884139,0, ,0.0,0.0,0.0,0.0,0,0,0,1,220,0,0,0
TF,PC627,33.403250,125.888639,0, ,0.0,0.0,0.0,0.0,0,0,0,1,220,0,0,0
TF,PC628,33.324556,125.921806,0, ,0.0,0.0,0.0,0.0,0,0,0,1,220,0,0,0
TF,MEDON,33.257333,125.980750,0, ,0.0,0.0,0.0,0.0,1,9000,0,1,220,0,0,0
TF,YUMIN,33.457139,126.220972,1, ,0.0,0.0,0.0,0.0,2,4000,0,1,210,0,0,0

STAR,TOSA2T,25,5
IF,TOSAN,33.003333,126.771861, ,0.0,0.0,2,15000,0,0,0,0,0,0
TF,PC742,33.304611,126.655222,0, ,0.0,0.0,0.0,0.0,1,11000,0,0,0,0,0,0
TF,CJU,33.384611,126.624111,0, ,0.0,0.0,0.0,0.0,0,0,0,0,0,0,0,0
TF,PC735,33.556528,126.658556,0, ,0.0,0.0,0.0,0.0,1,11000,0,0,0,0,0,0
TF,PC736,33.721194,126.691639,0, ,0.0,0.0,0.0,0.0,3,9000,0,0,0,0,0,0
TF,PC737,33.836472,126.714861,0, ,0.0,0.0,0.0,0.0,1,7000,0,0,0,0,0,0
TF,DANBI,33.896528,126.810972,0, ,0.0,0.0,0.0,0.0,0,0,0,1,220,0,0,0
TF,PC631,33.868972,126.905472,0, ,0.0,0.0,0.0,0.0,0,0,0,1,220,0,0,0
TF,SELIN,33.817000,126.983750,0, ,0.0,0.0,0.0,0.0,0,0,0,1,220,0,0,0
TF,PC632,33.746417,127.037139,0, ,0.0,0.0,0.0,0.0,0,0,0,1,220,0,0,0
TF,PC633,33.665083,127.059722,0, ,0.0,0.0,0.0,0.0,0,0,0,1,220,0,0,0
TF,WOODO,33.582083,127.049056,0, ,0.0,0.0,0.0,0.0,1,7000,0,1,220,0,0,0
TF,HANUL,33.649611,126.760778,2, ,0.0,0.0,0.0,0.0,2,4000,0,1,210,0,0,0

APPTR,D07,07,ANBIN
IF,ANBIN,33.522639,126.248694, ,0.0,0.0,2,4000,0,0,0,0,1,0
AF,CS07,33.402917,126.286694,1,YDM,244.3,12.0,280.0,2,2900,0,0,0,0,1,0

FINAL,D07,07,D,5
IF,CS07,33.402917,126.286694,YDM,244.3,12.0,2,2900,0,0,0,0,0,0
CF,84VOR,33.435528,126.346917,0,YDM,244.3,8.4,64.0,3.6,2,2200,0,0,0,0,0,0
CF,FS07,33.454528,126.382056,0,YDM,244.3,6.3,64.0,2.1,2,1800,0,0,0,0,2,0
CF,45DME,33.470806,126.412194,0,YDM,244.3,4.5,64.0,1.8,2,1200,0,0,0,0,0,0
CF,MS07,33.489806,126.447389,0,YDM,244.3,2.4,64.0,2.1,1,534,0,0,0,0,3,0
CF,YDM,33.511472,126.487583,0,YDM,0.0,0.0,64.0,2.4,0,0,0,0,0,0,0,0
FD,YDM,33.511472,126.487583,0,YDM,0.0,4.0,64.0,4.0,0,0,0,0,0,0,0,0
VI,0, ,0.0,125.0,0,0,0,0,0,0,0,0
CF,PAION,33.521667,126.926111,0,YDM,95.3,22.0,95.0,15.0,1,8000,0,0,0,0,0,0
HM,PAION,33.521667,126.926111,2, ,0.0,0.0,275.0,04.3,3,9000,0,1,230,0,0,0,0

APPTR,D25,25,DELIS
IF,DELIS,33.721167,126.685556, ,0.0,0.0,2,4000,0,0,0,0,1,0
AF,D066P,33.647772,126.762103,2,YDM,66.3,16.0,45.0,2,4000,0,0,0,0,0,0
TF,CS25,33.603556,126.672806,0, ,0.0,0.0,0.0,0.0,2,2900,0,0,0,0,1,0

APPTR,D25,25,PAION
IF,PAION,33.521667,126.926111, ,0.0,0.0,2,8000,0,0,0,0,1,0
AF,D066V,33.698728,126.865272,1,YDM,66.3,22.0,95.0,0,0,0,0,0,0,0,0
TF,D066P,33.647772,126.762103,0, ,0.0,0.0,0.0,0.0,2,4000,0,0,0,0,0,0
TF,CS25,33.603556,126.672806,0, ,0.0,0.0,0.0,0.0,2,2900,0,0,0,0,1,0

FINAL,D25,25,D,3
IF,CS25,33.603556,126.672806,YDM,66.3,10.8,2,2900,0,0,0,0,0,0
CF,FS25,33.560111,126.585306,0,YDM,66.3,5.7,246.0,5.1,2,1800,0,0,0,0,2,0
CF,MS25,33.524222,126.513167,0,YDM,66.2,1.5,246.0,4.2,1,442,0,0,0,0,3,0
CF,YDM,33.511472,126.487583,0,YDM,0.0,0.0,246.0,1.5,0,0,0,0,0,0,0,0
FD,YDM,33.511472,126.487583,0,YDM,0.0,15.0,246.0,15.0,0,0,0,0,0,0,0,0
DF,GIEUN,33.353083,126.114500,0, ,0.0,0.0,1,6000,0,0,0,0,0,0
HM,GIEUN,33.353083,126.114500,1, ,0.0,0.0,70.0,04.3,0,0,0,1,210,0,0,0,0

APPTR,I07-Y,07,ANBIN
IF,ANBIN,33.522639,126.248694, ,0.0,0.0,2,4000,0,0,0,0,1,0
AF,D245L,33.405269,126.284883,1,YDM,245.1,12.0,280.0,0,0,0,0,0,0,0,0
CF,CF07,33.409722,126.293556,0,ICJU,245.5,12.2,65.0,0.5,2,2900,0,0,0,0,1,0

FINAL,I07-Y,07,I,3
IF,CF07,33.409722,126.293556,ICJU,245.5,12.2,2,2900,0,0,0,0,0,0
CF,FF07,33.454889,126.381056,0,ICJU,245.5,7.0,65.0,5.2,1,1800,0,0,0,0,2,0
CF,RW07,33.499881,126.468472,0,ICJU,245.5,1.9,65.0,5.1,1,137,0,0,0,0,3,0
CD, ,0,0,0,YDM,0,0.0,65.0,4.0,0,0,0,0,0,0,0,0
VI,0, ,0.0,125.0,0,0,0,1,230,0,0,0
CF,PAION,33.521667,126.926111,0,YDM,95.3,22.0,95.0,15.0,1,8000,0,0,0,0,0,0
HM,PAION,33.521667,126.926111,2, ,0.0,0.0,275.0,04.3,3,9000,0,1,230,0,0,0,0

APPTR,I07-Z,07,YUMIN
IF,YUMIN,33.457139,126.220972, ,0.0,0.0,2,4000,0,0,0,0,1,0
CF,KONDE,33.417500,126.308611,0,ICJU,245.5,11.3,125.0,5.0,2,2900,0,0,0,0,1,0

FINAL,I07-Z,07,I,3
IF,KONDE,33.417500,126.308611,ICJU,245.5,11.3,2,2900,0,0,0,0,0,0
CF,FF07,33.454889,126.381056,0,ICJU,245.5,7.0,65.0,4.3,1,1800,0,0,0,0,2,0
CF,RW07,33.499881,126.468472,0,ICJU,245.5,1.9,65.0,5.1,1,137,0,0,0,0,3,0
CD, ,0,0,0,YDM,0,0.0,65.0,4.0,0,0,0,0,0,0,0,0
VI,0, ,0.0,125.0,0,0,0,0,0,0,0,0
CF,PAION,33.521667,126.926111,0,YDM,95.3,22.0,95.0,15.0,1,8000,0,0,0,0,0,0
HM,PAION,33.521667,126.926111,2, ,0.0,0.0,275.0,04.3,3,9000,0,1,230,0,0,0,0

APPTR,I25-Y,25,DELIS
IF,DELIS,33.721167,126.685556, ,0.0,0.0,2,4000,0,0,0,0,1,0
AF,D065P,33.649669,126.760864,2,YDM,65.8,16.0,45.0,2,4000,0,0,0,0,0,0
CF,CF25,33.605056,126.673583,0,ICHE,65.5,12.2,245.0,5.1,2,2900,0,0,0,0,1,0

APPTR,I25-Y,25,PAION
IF,PAION,33.521667,126.926111, ,0.0,0.0,2,8000,0,0,0,0,1,0
AF,D065V,33.701803,126.863189,1,YDM,65.7,22.0,95.0,0,0,0,0,0,0,0,0
TF,D065P,33.649669,126.760864,0, ,0.0,0.0,0.0,0.0,2,4000,0,0,0,0,0,0
CF,CF25,33.605056,126.673583,0,ICHE,65.5,12.2,245.0,5.1,2,2900,0,0,0,0,1,0

FINAL,I25-Y,25,I,3
IF,CF25,33.605056,126.673583,ICHE,65.5,12.2,2,2900,0,0,0,0,0,0
CF,FF25,33.560111,126.585750,0,ICHE,65.5,7.1,245.0,5.2,1,1800,0,0,0,0,2,0
CF,RW25,33.514878,126.497642,0,ICHE,65.5,1.9,245.0,5.2,1,126,0,0,0,0,3,0
CD, ,0,0,0,YDM,0,0.0,245.0,7.0,0,0,0,0,0,0,0,0
FD,YDM,33.511472,126.487583,0,YDM,0.0,15.0,245.0,15.0,0,0,0,0,0,0,0,0
DF,GIEUN,33.353083,126.114500,0, ,0.0,0.0,1,6000,0,1,210,0,0,0
HM,GIEUN,33.353083,126.114500,1, ,0.0,0.0,70.0,04.3,0,0,0,1,210,0,0,0,0

APPTR,I25-Z,25,HANUL
IF,HANUL,33.649611,126.760778, ,0.0,0.0,2,4000,0,0,0,0,1,0
CF,ESIBO,33.606083,126.675611,0,ICHE,65.5,12.3,245.0,5.0,2,2900,0,0,0,0,1,0

FINAL,I25-Z,25,I,3
IF,ESIBO,33.606083,126.675611,ICHE,65.5,12.3,2,2900,0,0,0,0,0,0
CF,FF25,33.560111,126.585750,0,ICHE,65.5,7.1,245.0,5.3,1,1800,0,0,0,0,2,0
CF,RW25,33.514878,126.497642,0,ICHE,65.5,1.9,245.0,5.2,1,126,0,0,0,0,3,0
CD, ,0,0,0,YDM,0,0.0,245.0,7.0,0,0,0,0,0,0,0,0
FD,YDM,33.511472,126.487583,0,YDM,0.0,15.0,245.0,15.0,0,0,0,0,0,0,0,0
DF,GIEUN,33.353083,126.114500,0, ,0.0,0.0,1,6000,0,1,210,0,0,0
HM,GIEUN,33.353083,126.114500,1, ,0.0,0.0,70.0,04.3,0,0,0,1,210,0,0,0,0

APPTR,R07,07,YUMIN
IF,YUMIN,33.457139,126.220972, ,0.0,0.0,2,4000,0,0,0,0,1,0
TF,KONDE,33.417500,126.308611,0, ,0.0,0.0,0.0,0.0,2,2900,0,0,0,0,1,0

FINAL,R07,07,R,4
IF,KONDE,33.417500,126.308611, ,0.0,0.0,2,2900,0,0,0,0,0,0
TF,TEWOO,33.454250,126.379861,0, ,0.0,0.0,65.0,4.2,2,1800,0,0,0,0,2,0
TF,PC401,33.473472,126.417167,0, ,0.0,0.0,65.0,2.2,2,1000,0,0,0,0,0,0
TF,RW070,33.499889,126.468472,0, ,0.0,0.0,65.0,3.0,1,137,0,0,0,0,3,1
TF,PC404,33.545083,126.556500,0, ,0.0,0.0,0.0,0.0,2,8000,0,0,0,0,0,0
TF,PAION,33.521667,126.926111,0, ,0.0,0.0,0.0,0.0,2,8000,0,0,0,0,0,1
HM,PAION,33.521667,126.926111,2, ,0.0,0.0,275.0,04.3,3,9000,0,1,230,0,0,0,0

APPTR,R25,25,HANUL
IF,HANUL,33.649611,126.760778, ,0.0,0.0,2,4000,0,0,0,0,1,0
TF,ESIBO,33.606083,126.675611,0, ,0.0,0.0,0.0,0.0,2,2900,0,0,0,0,1,0

FINAL,R25,25,R,3
IF,ESIBO,33.606083,126.675611, ,0.0,0.0,2,2900,0,0,0,0,0,0
TF,SARHA,33.560722,126.586972,0, ,0.0,0.0,245.0,5.2,2,1800,0,0,0,0,2,0
TF,RW250,33.514889,126.497639,0, ,0.0,0.0,245.0,5.3,1,126,0,0,0,0,3,1
TF,PC403,33.379000,126.234167,0, ,0.0,0.0,0.0,0.0,2,6000,0,0,0,0,0,0
TF,GIEUN,33.353083,126.114500,0, ,0.0,0.0,0.0,0.0,2,6000,0,0,0,0,0,0
HM,GIEUN,33.353083,126.114500,1, ,0.0,0.0,70.0,04.3,3,11000,0,1,210,0,0,0,0

