SID,CJU1N,01,5
CF,PD801,33.438694,126.711278,0,CJU,60.5,5.5,7.0,2.1,0,0,0,1,210,0,0,1
DF,PD802,33.416417,126.838194,2, ,0.0,0.0,0,0,0,1,210,0,0,0
TF,PD803,33.340194,126.881667,0, ,0.0,0.0,0.0,0.0,1,7000,0,1,210,0,0,0
TF,PD804,33.276806,126.783472,0, ,0.0,0.0,0.0,0.0,0,0,0,1,210,0,0,0
TF,CJU,33.384611,126.624111,0, ,0.0,0.0,0.0,0.0,1,9000,0,0,0,0,0,0

SID,CJU1S,19,5
CF,PD811,33.243389,126.712389,0,CJU,159.3,9.6,187.0,8.4,0,0,0,1,210,0,0,0
TF,PD812,33.201389,126.604833,0, ,0.0,0.0,0.0,0.0,0,0,0,1,210,0,0,0
TF,PD813,33.251222,126.520222,0, ,0.0,0.0,0.0,0.0,0,0,0,1,210,0,0,0
TF,PD814,33.337722,126.529250,0, ,0.0,0.0,0.0,0.0,0,0,0,1,210,0,0,0
TF,CJU,33.384611,126.624111,0, ,0.0,0.0,0.0,0.0,1,9000,0,0,0,0,0,0

SID,CJU5A,01,2
VD, ,0,0,0,JDG,0.0,0.0,7.0,3.0,0,0,0,0,0,0,0,0
VI,2, ,0.0,241.0,0,0,0,1,210,0,0,0
CF,D091E,33.392886,126.723147,0,CJU,91.3,5.0,271.0,1.0,4,7000,5000,0,0,0,0,0
TF,CJU,33.384611,126.624111,0, ,0.0,0.0,0.0,0.0,1,9000,0,0,0,0,0,0

SID,CJU5B,19,2
CD, ,0,0,0,JDG,0,0.0,187.0,7.0,0,0,0,0,0,0,0,0
CF,CJU,33.384611,126.624111,2,CJU,0.0,0.0,19.0,7.0,1,9000,0,1,210,0,0,0

SID,GONE1A,01,2
CD, ,0,0,0,JDG,0,0.0,7.0,3.0,0,0,0,0,0,0,0,0
VI,2, ,0.0,130.0,0,0,0,1,210,0,0,0
CF,GONEE,33.443333,126.861667,0,JDG,74.4,8.0,74.0,2.0,1,6000,0,0,0,0,0,0

SID,GUDU1A,19,2
CD, ,0,0,0,JDG,0,0.0,187.0,3.0,0,0,0,0,0,0,0,0
VI,1, ,0.0,15.0,0,0,0,1,210,0,0,0
CF,D085H,33.419511,126.870372,0,JDG,85.2,8.0,85.0,4.0,1,6000,0,0,0,0,0,0
TF,GUDUL,33.429722,126.928889,0, ,0.0,0.0,0.0,0.0,1,6000,0,0,0,0,0,0

SID,OREU1N,01,2
VD, ,0,0,0,JDG,0.0,0.0,7.0,3.0,0,0,0,0,0,0,0,0
DF,JDG,33.392167,126.714472,2, ,0.0,0.0,0,0,0,1,210,0,0,0
TF,OREUM,33.208306,126.542556,0, ,0.0,0.0,0.0,0.0,1,5000,0,0,0,0,0,0

SID,OREU1S,19,2
VD, ,0,0,0,JDG,0.0,0.0,187.0,3.0,0,0,0,0,0,0,0,0
VI,0, ,0.0,265.0,0,0,0,1,210,0,0,0
CF,OREUM,33.208306,126.542556,0,JDG,225.2,14.0,225.0,7.0,1,5000,0,0,0,0,0,0

STAR,BARA1T,01,5
IF,BARAM,33.491000,126.764972, ,0.0,0.0,1,10000,0,0,0,0,0,0
TF,PD701,33.381917,126.870139,0, ,0.0,0.0,0.0,0.0,1,10000,0,0,0,0,0,0
TF,PD702,33.325389,126.980444,0, ,0.0,0.0,0.0,0.0,2,8000,0,0,0,0,0,0
TF,YUCHE,33.232028,126.917306,0, ,0.0,0.0,0.0,0.0,2,6000,0,0,0,0,0,0

STAR,BRM1A,01,2
IF,BARAM,33.491000,126.764972, ,0.0,0.0,0,0,0,0,0,0,0,0
TF,JDG,33.392167,126.714472,0, ,0.0,0.0,0.0,0.0,1,10000,0,0,0,0,0,0
TF,YUCHE,33.232028,126.917306,0, ,0.0,0.0,0.0,0.0,2,6000,0,0,0,0,0,0

STAR,CJU1T,01,5
IF,CJU,33.384611,126.624111, ,0.0,0.0,1,10000,0,0,0,0,0,0
TF,PD701,33.381917,126.870139,0, ,0.0,0.0,0.0,0.0,1,10000,0,0,0,0,0,0
TF,PD702,33.325389,126.980444,0, ,0.0,0.0,0.0,0.0,2,8000,0,0,0,0,0,0
TF,YUCHE,33.232028,126.917306,0, ,0.0,0.0,0.0,0.0,2,6000,0,0,0,0,0,0

STAR,GEB1A,01,2
IF,GAEBI,33.457222,126.631944, ,0.0,0.0,0,0,0,0,0,0,0,0
TF,JDG,33.392167,126.714472,0, ,0.0,0.0,0.0,0.0,1,10000,0,0,0,0,0,0
TF,YUCHE,33.232028,126.917306,0, ,0.0,0.0,0.0,0.0,2,6000,0,0,0,0,0,0

APPTR,D01,01,OREUM
IF,OREUM,33.208306,126.542556, ,0.0,0.0,2,5000,0,0,0,0,1,0
AF,GAPHA,33.159028,126.694194,1,JDG,191.2,14.0,225.0,2,3800,0,0,0,0,1,0

APPTR,D01,01,YUCHE
IF,YUCHE,33.232028,126.917306, ,0.0,0.0,2,6000,0,0,0,0,1,0
AF,GAPHA,33.159028,126.694194,2,JDG,191.2,14.0,140.0,2,3800,0,0,0,0,1,0

FINAL,D01,01,D,3
IF,GAPHA,33.159028,126.694194,JDG,191.2,14.0,2,3800,0,0,0,0,0,0
CF,FS01,33.308917,126.707222,0,JDG,191.2,5.0,11.0,9.0,2,2700,0,0,0,0,2,0
CF,MS01,33.350556,126.710833,0,JDG,191.2,2.5,11.0,2.5,1,1832,0,0,0,0,3,0
CF,D011B,33.417167,126.716639,0,JDG,11.2,1.5,11.0,4.0,0,0,0,0,0,0,0,0
VI,2, ,0.0,180.0,0,0,0,1,210,0,0,0
CF,YUCHE,33.232028,126.917306,0,JDG,140.2,14.0,140.0,7.5,2,6000,0,0,0,0,0,0
HM,YUCHE,33.232028,126.917306,2, ,0.0,0.0,320.0,04.3,3,7000,0,1,210,0,0,0,0

APPTR,I01,01,OREUM
IF,OREUM,33.208306,126.542556, ,0.0,0.0,2,5000,0,0,0,0,1,0
AF,D196N,33.161258,126.670989,1,JDG,196.0,14.0,225.0,2,3800,0,0,0,0,0,0
VI,0,IJDG,0.0,37.0,0,0,0,0,0,0,0,0

APPTR,I01,01,YUCHE
IF,YUCHE,33.232028,126.917306, ,0.0,0.0,2,6000,0,0,0,0,1,0
AF,D178N,33.161258,126.757953,2,JDG,178.0,14.0,140.0,2,3800,0,0,0,0,0,0
VI,0,IJDG,0.0,337.0,0,0,0,0,0,0,0,0

FINAL,I01,01,I,3
IF,MOSAL,33.158417,126.712861,IJDG,186.7,14.9,2,3800,0,0,0,0,0,0
CF,FF01,33.302778,126.712028,0,IJDG,186.7,6.2,7.0,8.6,1,2700,0,0,0,0,2,0
CF,RW01,33.382878,126.711586,0,IJDG,186.7,1.4,7.0,4.8,1,1152,0,0,0,0,3,0
CF,D002B,33.425472,126.711333,0,JDG,2.5,2.0,7.0,2.6,0,0,0,0,0,0,0,1
VI,2, ,0.0,180.0,0,0,0,1,210,0,0,0
CF,YUCHE,33.232028,126.917306,0,JDG,140.2,14.0,140.0,8.5,2,6000,0,0,0,0,0,0
HM,YUCHE,33.232028,126.917306,2, ,0.0,0.0,320.0,04.3,3,7000,0,1,210,0,0,0,0

APPTR,L01,01,OREUM
IF,OREUM,33.208306,126.542556, ,0.0,0.0,2,5000,0,0,0,0,1,0
AF,D196N,33.161258,126.670989,1,JDG,196.0,14.0,225.0,2,3800,0,0,0,0,0,0
VI,0,IJDG,0.0,37.0,0,0,0,0,0,0,0,0

APPTR,L01,01,YUCHE
IF,YUCHE,33.232028,126.917306, ,0.0,0.0,2,6000,0,0,0,0,1,0
AF,D178N,33.161258,126.757953,2,JDG,178.0,14.0,140.0,2,3800,0,0,0,0,0,0
VI,0,IJDG,0.0,337.0,0,0,0,0,0,0,0,0

FINAL,L01,01,D,3
IF,MOSAL,33.158417,126.712861,IJDG,186.7,14.9,2,3800,0,0,0,0,0,0
CF,FF01,33.302778,126.712028,0,IJDG,186.7,6.2,7.0,8.6,2,2700,0,0,0,0,2,0
CF,MA01,33.362139,126.711694,0,IJDG,186.7,2.7,7.0,3.6,1,1553,0,0,0,0,3,0
CF,D002B,33.425472,126.711333,0,JDG,2.5,2.0,7.0,3.8,0,0,0,0,0,0,0,1
VI,2, ,0.0,180.0,0,0,0,1,210,0,0,0
CF,YUCHE,33.232028,126.917306,0,JDG,140.2,14.0,140.0,8.5,2,6000,0,0,0,0,0,0
HM,YUCHE,33.232028,126.917306,2, ,0.0,0.0,320.0,04.3,3,7000,0,1,210,0,0,0,0

APPTR,R01,01,YUCHE
IF,YUCHE,33.232028,126.917306, ,0.0,0.0,2,6000,0,0,0,0,1,0
TF,PD501,33.231389,126.712444,0, ,0.0,0.0,0.0,0.0,2,3800,0,0,0,0,1,0

APPTR,R01,01,ZERAN
IF,ZERAN,33.180306,126.514306, ,0.0,0.0,2,6000,0,0,0,0,1,0
TF,PD501,33.231389,126.712444,0, ,0.0,0.0,0.0,0.0,2,3800,0,0,0,0,1,0

FINAL,R01,01,R,3
IF,PD501,33.231389,126.712444, ,0.0,0.0,2,3800,0,0,0,0,0,0
TF,PD502,33.301694,126.712056,0, ,0.0,0.0,7.0,4.2,2,2700,0,0,0,0,2,0
TF,RW01,33.382878,126.711586,0, ,0.0,0.0,7.0,4.9,1,1152,0,0,0,0,3,1
TF,PD515,33.425472,126.711333,0, ,0.0,0.0,0.0,0.0,0,0,0,1,210,0,0,1
DF,PD516,33.382000,126.843750,2, ,0.0,0.0,0,0,0,1,210,0,0,0
TF,YUCHE,33.232028,126.917306,0, ,0.0,0.0,0.0,0.0,2,6000,0,1,210,0,0,1
HM,YUCHE,33.232028,126.917306,2, ,0.0,0.0,320.0,04.3,3,7000,0,1,210,0,0,0,0

