SID,BSG3C,05,2
CA,0,50.0,2,591,0,0,0,0,0,0
VI,2, ,0.0,203.0,0,0,0,0,0,0,0,0
CF,D173O,11.434411,122.415317,0,KLO,173.8,15.0,173.0,9.0,2,7000,0,0,0,0,0,0
TF,BUSOG,11.192919,122.446317,0, ,0.0,0.0,0.0,0.0,2,8000,0,0,0,0,0,0

SID,BSG3D,23,2
CA,0,230.0,2,1000,0,0,0,0,0,0
CF,D173O,11.434411,122.415317,0,KLO,173.8,15.0,173.0,15.0,2,7000,0,0,0,0,0,0
TF,BUSOG,11.192919,122.446317,0, ,0.0,0.0,0.0,0.0,2,8000,0,0,0,0,0,0

SID,CT3A,05,2
CA,0,50.0,2,591,0,0,0,0,0,0
CF,NALIG,11.767317,122.236089,1,KLO,301.0,10.0,301.0,10.0,2,7000,0,0,0,0,0,0
TF,CT,11.925008,121.958286,0, ,0.0,0.0,0.0,0.0,0,0,0,0,0,0,0,0

SID,CT3B,23,2
CA,0,230.0,2,1000,0,0,0,0,0,0
DF,KLO,11.683553,122.383281,1, ,0.0,0.0,0,0,0,0,0,0,0,0
TF,NALIG,11.767317,122.236089,0, ,0.0,0.0,0.0,0.0,2,7000,0,0,0,0,0,0
TF,CT,11.925008,121.958286,0, ,0.0,0.0,0.0,0.0,0,0,0,0,0,0,0,0

SID,GLA3G,05,2
CA,0,50.0,2,591,0,0,0,0,0,0
VI,2, ,0.0,176.0,0,0,0,0,0,0,0,0
CF,D146O,11.477225,122.528489,0,KLO,146.2,15.0,146.0,9.0,2,5000,0,0,0,0,0,0
TF,GALIA,11.300586,122.652597,0, ,0.0,0.0,0.0,0.0,0,0,0,0,0,0,0,0

SID,GLA3H,23,2
CA,0,230.0,2,1000,0,0,0,0,0,0
CF,D146O,11.477225,122.528489,0,KLO,146.2,15.0,146.0,15.0,2,5000,0,0,0,0,0,0
TF,GALIA,11.300586,122.652597,0, ,0.0,0.0,0.0,0.0,0,0,0,0,0,0,0,0

SID,MIN3C,05,2
CA,0,50.0,2,591,0,0,0,0,0,0
CF,MINOR,12.368331,122.234500,0,KLO,348.9,41.8,348.0,42.0,2,8000,0,0,0,0,0,0

SID,MIN3D,23,2
CA,0,230.0,2,1000,0,0,0,0,0,0
VI,1, ,0.0,18.0,0,0,0,0,0,0,0,0
CF,MINOR,12.368331,122.234500,0,KLO,348.9,41.8,348.0,46.0,2,8000,0,0,0,0,0,0

SID,ROX3A,05,2
CA,0,50.0,2,591,0,0,0,0,0,0
CF,MUCAN,11.633550,122.598242,0,KLO,104.3,13.0,104.0,13.0,0,0,0,0,0,0,0,0
TF,ROX,11.596925,122.755119,0, ,0.0,0.0,0.0,0.0,0,0,0,0,0,0,0,0

SID,ROX3B,23,2
CA,0,230.0,2,1000,0,0,0,0,0,0
VI,1, ,0.0,74.0,0,0,0,0,0,0,0,0
CF,MUCAN,11.633550,122.598242,0,KLO,104.3,13.0,104.0,5.0,0,0,0,0,0,0,0,0
TF,ROX,11.596925,122.755119,0, ,0.0,0.0,0.0,0.0,0,0,0,0,0,0,0,0

SID,TAP3A,05,2
CA,0,50.0,2,591,0,0,0,0,0,0
CF,CABAL,12.083150,122.056700,1,KLO,322.2,30.6,322.0,31.0,2,7000,0,0,0,0,0,0
TF,TAPER,12.365744,121.827531,0, ,0.0,0.0,0.0,0.0,2,9000,0,0,0,0,0,0

SID,TAP3B,23,2
CA,0,230.0,2,1000,0,0,0,0,0,0
DF,KLO,11.683553,122.383281,1, ,0.0,0.0,0,0,0,0,0,0,0,0
TF,CABAL,12.083150,122.056700,0, ,0.0,0.0,0.0,0.0,2,7000,0,0,0,0,0,0
TF,TAPER,12.365744,121.827531,0, ,0.0,0.0,0.0,0.0,2,9000,0,0,0,0,0,0

STAR,ATRI1A,05,5
IF,ATRIA,11.364192,122.979897, ,0.0,0.0,2,9000,0,1,250,0,0,0
TF,VK600,11.390775,122.420922,0, ,0.0,0.0,0.0,0.0,2,5500,0,0,0,0,0,0

STAR,BUSO1A,05,5
IF,BUSOG,11.192919,122.446317, ,0.0,0.0,2,9000,0,1,250,0,0,0
TF,VK600,11.390775,122.420922,0, ,0.0,0.0,0.0,0.0,2,5500,0,0,0,0,0,0

STAR,GALI1A,05,5
IF,GALIA,11.300586,122.652597, ,0.0,0.0,2,9000,0,1,250,0,0,0
TF,VK600,11.390775,122.420922,0, ,0.0,0.0,0.0,0.0,2,5500,0,0,0,0,0,0

STAR,TAPE1A,05,5
IF,TAPER,12.365744,121.827531, ,0.0,0.0,2,14000,0,1,250,0,0,0
TF,CABAL,12.083150,122.056700,0, ,0.0,0.0,0.0,0.0,2,14000,0,0,0,0,0,0
TF,BARRY,11.895975,122.431381,0, ,0.0,0.0,0.0,0.0,2,9500,0,0,0,0,0,0
TF,VK500,11.836950,122.530442,0, ,0.0,0.0,0.0,0.0,2,8000,0,0,0,0,0,0

APPTR,D23,23,BCD
IF,BCD,10.775283,123.020536, ,0.0,0.0,0,0,0,0,0,0,0,0
TF,GALIA,11.300586,122.652597,0, ,0.0,0.0,0.0,0.0,0,0,0,0,0,0,0,0
TF,D146M,11.504739,122.509139,0, ,0.0,0.0,0.0,0.0,0,0,0,0,0,0,0,0
AF,MUCAN,11.633550,122.598242,1,KLO,104.3,13.0,146.0,2,5000,0,0,0,0,0,0
AF,D044M,11.842689,122.533967,1,KLO,44.0,13.0,104.0,2,4000,0,0,0,0,0,0
CF,BUYAN,11.827044,122.526086,0,KLO,45.4,12.0,224.0,1.0,2,3900,0,0,0,0,1,0

APPTR,D23,23,BUYAN
HF,BUYAN,11.827044,122.526086,2, ,0.0,0.0,224.0,04.3,2,3900,0,0,0,0,1,0,0

APPTR,D23,23,CT
IF,CT,11.925008,121.958286, ,0.0,0.0,0,0,0,0,0,0,0,0
TF,D301M,11.792361,122.191992,0, ,0.0,0.0,0.0,0.0,0,0,0,0,0,0,0,0
AF,D322M,11.853144,122.244831,2,KLO,322.2,13.0,301.0,2,6000,0,0,0,0,0,0
AF,D044M,11.842689,122.533967,2,KLO,44.0,13.0,322.0,2,4000,0,0,0,0,0,0
CF,BUYAN,11.827044,122.526086,0,KLO,45.4,12.0,224.0,1.0,2,3900,0,0,0,0,1,0

APPTR,D23,23,IOO
IF,IOO,10.835394,122.492094, ,0.0,0.0,0,0,0,0,0,0,0,0
TF,BUSOG,11.192919,122.446317,0, ,0.0,0.0,0.0,0.0,0,0,0,0,0,0,0,0
TF,D173M,11.467631,122.411047,0, ,0.0,0.0,0.0,0.0,0,0,0,0,0,0,0,0
AF,D146M,11.504739,122.509139,1,KLO,146.2,13.0,173.0,2,7000,0,0,0,0,0,0
AF,MUCAN,11.633550,122.598242,1,KLO,104.3,13.0,146.0,2,5000,0,0,0,0,0,0
AF,D044M,11.842689,122.533967,1,KLO,44.0,13.0,104.0,2,4000,0,0,0,0,0,0
CF,BUYAN,11.827044,122.526086,0,KLO,45.4,12.0,224.0,1.0,2,3900,0,0,0,0,1,0

APPTR,D23,23,KLO
IF,KLO,11.683553,122.383281, ,0.0,0.0,2,7000,0,0,0,0,1,0
FD,KLO,11.683553,122.383281,0,KLO,0.0,13.0,68.0,13.0,2,3900,0,0,0,0,0,0
CF,BUYAN,11.827044,122.526086,1,KLO,45.4,12.0,224.0,2.0,2,3900,0,0,0,0,1,0

APPTR,D23,23,MINOR
IF,MINOR,12.368331,122.234500, ,0.0,0.0,0,0,0,0,0,0,0,0
TF,D348M,11.896392,122.337117,0, ,0.0,0.0,0.0,0.0,0,0,0,0,0,0,0,0
AF,D044M,11.842689,122.533967,2,KLO,44.0,13.0,348.0,2,4000,0,0,0,0,0,0
CF,BUYAN,11.827044,122.526086,0,KLO,45.4,12.0,224.0,1.0,2,3900,0,0,0,0,1,0

APPTR,D23,23,ROX
IF,ROX,11.596925,122.755119, ,0.0,0.0,0,0,0,0,0,0,0,0
TF,MUCAN,11.633550,122.598242,0, ,0.0,0.0,0.0,0.0,0,0,0,0,0,0,0,0
AF,D044M,11.842689,122.533967,1,KLO,44.0,13.0,104.0,2,4000,0,0,0,0,0,0
CF,BUYAN,11.827044,122.526086,0,KLO,45.4,12.0,224.0,1.0,2,3900,0,0,0,0,1,0

APPTR,D23,23,TAPER
IF,TAPER,12.365744,121.827531, ,0.0,0.0,0,0,0,0,0,0,0,0
TF,CABAL,12.083150,122.056700,0, ,0.0,0.0,0.0,0.0,0,0,0,0,0,0,0,0
TF,D322M,11.853144,122.244831,0, ,0.0,0.0,0.0,0.0,0,0,0,0,0,0,0,0
AF,D044M,11.842689,122.533967,2,KLO,44.0,13.0,322.0,2,4000,0,0,0,0,0,0
CF,BUYAN,11.827044,122.526086,0,KLO,45.4,12.0,224.0,1.0,2,3900,0,0,0,0,1,0

FINAL,D23,23,D,3
IF,BUYAN,11.827044,122.526086,KLO,45.4,12.0,2,3900,0,0,0,0,0,0
CF,FD23,11.757008,122.452806,0,KLO,44.0,6.0,224.0,6.0,2,2000,0,0,0,0,2,0
CF,RW23,11.686869,122.384028,0,KLO,13.6,0.2,224.0,5.8,1,68,0,0,0,0,3,0
CF,KLO,11.683553,122.383281,0,KLO,0.0,0.0,224.0,0.2,2,530,0,0,0,0,0,1
DF,BUYAN,11.827044,122.526086,1, ,0.0,0.0,1,3900,0,0,0,0,0,0
HM,BUYAN,11.827044,122.526086,2, ,0.0,0.0,224.0,04.3,0,0,0,0,0,0,0,0,0

APPTR,R05-X,05,VK500
IF,VK500,11.836950,122.530442, ,0.0,0.0,2,8000,0,0,0,0,1,0
TF,VK501,11.692703,122.441428,0, ,0.0,0.0,0.0,0.0,2,5000,0,0,0,0,0,0
TF,VK612,11.646856,122.419397,0, ,0.0,0.0,0.0,0.0,0,0,0,0,0,0,0,0
TF,VK613,11.511733,122.354519,0, ,0.0,0.0,0.0,0.0,4,3400,2800,1,185,0,0,0
TF,VK615,11.492914,122.271814,0, ,0.0,0.0,0.0,0.0,2,2800,0,1,185,0,0,0
TF,VK616,11.556875,122.253158,0, ,0.0,0.0,0.0,0.0,2,2800,0,1,165,0,1,0

APPTR,R05-X,05,VK600
IF,VK600,11.390775,122.420922, ,0.0,0.0,2,5500,0,0,0,0,1,0
TF,VK504,11.442092,122.288828,0, ,0.0,0.0,0.0,0.0,4,3400,2800,1,210,0,0,0
TF,VK615,11.492914,122.271814,0, ,0.0,0.0,0.0,0.0,2,2800,0,1,185,0,0,0
TF,VK616,11.556875,122.253158,0, ,0.0,0.0,0.0,0.0,2,2800,0,1,165,0,1,0

FINAL,R05-X,05,R,3
IF,VK616,11.556875,122.253158, ,0.0,0.0,2,2800,0,1,165,0,0,0
TF,VK618,11.598586,122.281539,0, ,0.0,0.0,35.0,3.0,1,2400,0,0,0,0,2,0
TF,RW05,11.672000,122.366758,0, ,0.0,0.0,50.0,6.7,1,82,0,0,0,0,3,1
CA,0,50.0,2,800,0,0,0,0,0,0
DF,VK500,11.836950,122.530442,0, ,0.0,0.0,2,4000,0,0,0,0,0,0
HM,VK500,11.836950,122.530442,2, ,0.0,0.0,212.0,04.3,2,4000,0,1,230,0,0,0,0

APPTR,R05-Y,05,VK600
IF,VK600,11.390775,122.420922, ,0.0,0.0,2,5500,0,0,0,0,1,0
TF,VK504,11.442092,122.288828,0, ,0.0,0.0,0.0,0.0,4,3400,2600,1,210,0,0,0
TF,VK506,11.524544,122.269614,0, ,0.0,0.0,0.0,0.0,2,2600,0,0,0,0,1,0

FINAL,R05-Y,05,R,4
IF,VK506,11.524544,122.269614, ,0.0,0.0,2,2600,0,0,0,0,0,0
TF,VK507,11.574658,122.273033,0, ,0.0,0.0,5.0,3.0,2,2100,0,0,0,0,0,0
RF,VK508,11.603936,122.287747,2,ARCVK,49.3,2.6,1,2100,0,0,0,0,2,0
TF,RW05,11.672000,122.366758,0, ,0.0,0.0,50.0,6.2,1,82,0,0,0,0,3,1
CA,0,50.0,2,800,0,0,0,0,0,0
DF,VK500,11.836950,122.530442,0, ,0.0,0.0,2,4000,0,0,0,0,0,0
HM,VK500,11.836950,122.530442,2, ,0.0,0.0,212.0,04.3,2,4000,0,1,210,0,0,0,0

APPTR,R05-Z,05,VK500
IF,VK500,11.836950,122.530442, ,0.0,0.0,2,8000,0,0,0,0,1,0
TF,VK501,11.692703,122.441428,0, ,0.0,0.0,0.0,0.0,2,5000,0,0,0,0,0,0
TF,VK502,11.649781,122.414961,0, ,0.0,0.0,0.0,0.0,0,0,0,0,0,0,0,0
TF,VK503,11.549622,122.353242,0, ,0.0,0.0,0.0,0.0,2,2100,0,1,210,0,1,0

FINAL,R05-Z,05,R,4
IF,VK503,11.549622,122.353242, ,0.0,0.0,2,2100,0,1,210,0,0,0
RF,VK507,11.574658,122.273033,2,ARCVK,26.9,2.6,2,2100,0,0,0,0,0,0
RF,VK508,11.603936,122.287747,2,ARCVK,49.3,2.6,1,2100,0,0,0,0,2,0
TF,RW05,11.672000,122.366758,0, ,0.0,0.0,50.0,6.2,1,82,0,0,0,0,3,1
CA,0,50.0,2,800,0,0,0,0,0,0
DF,VK500,11.836950,122.530442,0, ,0.0,0.0,2,4000,0,0,0,0,0,0
HM,VK500,11.836950,122.530442,2, ,0.0,0.0,212.0,04.3,2,4000,0,1,210,0,0,0,0

