SID,PWL3,25,5
CA,0,253.0,2,510,0,0,0,0,0,0
CF,WH321,-54.919722,-68.341944,1,PWL,258.1,25.0,78.0,1.0,2,1700,0,0,0,0,0,0
TF,WH322,-54.924167,-68.053333,0, ,0.0,0.0,0.0,0.0,2,5000,0,0,0,0,0,0
TF,WH323,-54.925833,-67.908889,0, ,0.0,0.0,0.0,0.0,2,7500,0,0,0,0,0,0
TF,WH324,-54.926667,-67.764444,0, ,0.0,0.0,0.0,0.0,2,8000,0,0,0,0,0,0

SID,PWL3,DABLI,6
IF,WH324,-54.926667,-67.764444, ,0.0,0.0,2,8000,0,0,0,0,0,0
TF,WH325,-54.761667,-67.726944,0, ,0.0,0.0,0.0,0.0,2,11000,0,0,0,0,0,0
TF,DABLI,-54.500000,-67.667778,0, ,0.0,0.0,0.0,0.0,0,0,0,0,0,0,0,0

SID,PWL3,USU,6
IF,WH324,-54.926667,-67.764444, ,0.0,0.0,2,8000,0,0,0,0,0,0
CF,WH326,-54.871944,-68.041389,0,PWL,270.2,15.0,270.0,10.0,2,11000,0,0,0,0,0,0
TF,USU,-54.837944,-68.284194,0, ,0.0,0.0,0.0,0.0,0,0,0,0,0,0,0,0

SID,USU2A,07,2
CA,0,73.0,2,510,0,0,0,0,0,0
CF,D093N,-54.905428,-67.897639,0,PWL,266.5,9.7,93.0,13.0,2,4500,0,0,0,0,0,1

SID,USU2A,DARIN,3
IF,D093N,-54.905428,-67.897639, ,0.0,0.0,2,4500,0,0,0,0,0,0
DF,USU,-54.837944,-68.284194,2, ,0.0,0.0,2,8000,0,0,0,0,0,0
TF,DARIN,-54.963056,-68.736667,0, ,0.0,0.0,0.0,0.0,0,0,0,0,0,0,0,0

SID,USU2A,GRA,3
IF,D093N,-54.905428,-67.897639, ,0.0,0.0,2,4500,0,0,0,0,0,0
VI,0, ,0.0,17.0,2,8000,0,0,0,0,0,0
CF,GRA,-53.775250,-67.745694,0,PWL,343.3,69.5,347.0,62.0,0,0,0,0,0,0,0,0

SID,USU2A,KEXOP,3
IF,D093N,-54.905428,-67.897639, ,0.0,0.0,2,4500,0,0,0,0,0,0
DF,USU,-54.837944,-68.284194,2, ,0.0,0.0,2,8000,0,0,0,0,0,0
TF,KEXOP,-54.500000,-68.109722,0, ,0.0,0.0,0.0,0.0,0,0,0,0,0,0,0,0

SID,USU2A,LITOK,3
IF,D093N,-54.905428,-67.897639, ,0.0,0.0,2,4500,0,0,0,0,0,0
DF,USU,-54.837944,-68.284194,2, ,0.0,0.0,2,8000,0,0,0,0,0,0
TF,LITOK,-54.668056,-68.610556,0, ,0.0,0.0,0.0,0.0,0,0,0,0,0,0,0,0

SID,USU2A,UGIRA,3
IF,D093N,-54.905428,-67.897639, ,0.0,0.0,2,4500,0,0,0,0,0,0
DF,USU,-54.837944,-68.284194,2, ,0.0,0.0,2,8000,0,0,0,0,0,0
TF,UGIRA,-54.500000,-68.317778,0, ,0.0,0.0,0.0,0.0,0,0,0,0,0,0,0,0

SID,USU2B,25,2
CF,DER25,-54.844156,-68.317472,0,PWL,269.7,24.7,253.0,1.5,0,0,0,0,0,0,0,1
CA,0,245.0,2,510,0,0,0,0,0,0
VI,1, ,0.0,70.0,0,0,0,0,0,0,0,0
CF,D093N,-54.905428,-67.897639,0,PWL,266.5,9.7,93.0,4.0,2,4500,0,0,0,0,0,1

SID,USU2B,DARIN,3
IF,D093N,-54.905428,-67.897639, ,0.0,0.0,2,4500,0,0,0,0,0,0
DF,USU,-54.837944,-68.284194,2, ,0.0,0.0,2,8000,0,0,0,0,0,0
TF,DARIN,-54.963056,-68.736667,0, ,0.0,0.0,0.0,0.0,0,0,0,0,0,0,0,0

SID,USU2B,GRA,3
IF,D093N,-54.905428,-67.897639, ,0.0,0.0,2,4500,0,0,0,0,0,0
VI,0, ,0.0,17.0,2,8000,0,0,0,0,0,0
CF,GRA,-53.775250,-67.745694,0,PWL,344.3,69.5,347.0,62.0,0,0,0,0,0,0,0,0

SID,USU2B,KEXOP,3
IF,D093N,-54.905428,-67.897639, ,0.0,0.0,2,4500,0,0,0,0,0,0
DF,USU,-54.837944,-68.284194,2, ,0.0,0.0,2,8000,0,0,0,0,0,0
TF,KEXOP,-54.500000,-68.109722,0, ,0.0,0.0,0.0,0.0,0,0,0,0,0,0,0,0

SID,USU2B,LITOK,3
IF,D093N,-54.905428,-67.897639, ,0.0,0.0,2,4500,0,0,0,0,0,0
DF,USU,-54.837944,-68.284194,2, ,0.0,0.0,2,8000,0,0,0,0,0,0
TF,LITOK,-54.668056,-68.610556,0, ,0.0,0.0,0.0,0.0,0,0,0,0,0,0,0,0

SID,USU2B,UGIRA,3
IF,D093N,-54.905428,-67.897639, ,0.0,0.0,2,4500,0,0,0,0,0,0
DF,USU,-54.837944,-68.284194,2, ,0.0,0.0,2,8000,0,0,0,0,0,0
TF,UGIRA,-54.500000,-68.317778,0, ,0.0,0.0,0.0,0.0,0,0,0,0,0,0,0,0

STAR,DABLI2,25,5
IF,DABLI,-54.500000,-67.667778, ,0.0,0.0,2,14000,0,0,0,0,0,0
TF,EDPAN,-54.663611,-67.649722,0, ,0.0,0.0,0.0,0.0,2,10000,0,0,0,0,0,0
TF,WH213,-54.730000,-67.642222,0, ,0.0,0.0,0.0,0.0,2,8000,0,0,0,0,0,0
TF,WH214,-54.796389,-67.635000,0, ,0.0,0.0,0.0,0.0,1,6500,0,0,0,0,0,0
TF,AMVUK,-54.817778,-67.675556,0, ,0.0,0.0,0.0,0.0,1,6500,0,0,0,0,0,0

APPTR,I25-1,25,USU
IF,USU,-54.837944,-68.284194, ,0.0,0.0,0,0,0,0,0,0,1,0
FD,USU,-54.837944,-68.284194,0,USU,0.0,16.0,85.0,16.0,2,5100,0,0,0,0,0,0
CF,CI25,-54.826631,-67.901092,1,US,72.0,14.6,252.0,3.0,2,5100,0,0,0,0,0,0

FINAL,I25-1,25,I,3
IF,CI25,-54.826631,-67.901092,US,72.0,14.6,2,5100,0,0,0,0,0,0
CF,FI25,-54.834311,-68.079275,0,US,72.0,8.4,252.0,6.2,1,2700,0,0,0,0,2,0
CF,RW25,-54.842575,-68.276472,0,US,72.2,1.5,252.0,6.9,1,127,0,0,0,0,3,0
VA,0,252.0,2,650,0,0,0,0,0,0
VI,1, ,0.0,70.0,0,0,0,1,180,0,0,0
FA,USU,-54.837944,-68.284194,0,PWL,0.0,0.0,90.0,2,6000,0,0,0,0,0,0
DF,USU,-54.837944,-68.284194,2, ,0.0,0.0,2,8000,0,0,0,0,0,0

APPTR,I25-2,25,USU
IF,USU,-54.837944,-68.284194, ,0.0,0.0,0,0,0,0,0,0,1,0
FD,USU,-54.837944,-68.284194,0,USU,0.0,16.0,85.0,16.0,2,5100,0,0,0,0,0,0
CF,CI25,-54.826631,-67.901092,1,US,72.0,14.6,252.0,3.0,2,5100,0,0,0,0,0,0

FINAL,I25-2,25,I,3
IF,CI25,-54.826631,-67.901092,US,72.0,14.6,2,5100,0,0,0,0,0,0
CF,FI25,-54.834311,-68.079275,0,US,72.0,8.4,252.0,6.2,1,2700,0,0,0,0,2,0
CF,RW25,-54.842575,-68.276472,0,US,72.2,1.5,252.0,6.9,1,127,0,0,0,0,3,0
VA,0,252.0,2,650,0,0,0,0,0,0
VI,1, ,0.0,70.0,0,0,0,1,180,0,0,0
FA,USU,-54.837944,-68.284194,0,PWL,0.0,0.0,90.0,2,6000,0,0,0,0,0,0
DF,USU,-54.837944,-68.284194,2, ,0.0,0.0,2,8000,0,0,0,0,0,0

APPTR,I25-3,25,AMVUK
IF,AMVUK,-54.817778,-67.675556, ,0.0,0.0,2,6500,0,0,0,0,1,0
CF,CI252,-54.821450,-67.763067,0,US,72.2,19.4,252.0,3.0,2,5700,0,0,0,0,1,0

FINAL,I25-3,25,I,3
IF,CI252,-54.821450,-67.763067,US,72.2,19.4,2,5700,0,0,0,0,0,0
CF,FI252,-54.825150,-67.849269,0,US,72.2,16.4,252.0,3.0,1,5700,0,0,0,0,2,0
CF,RW25,-54.842575,-68.276472,0,US,72.2,1.5,252.0,14.9,1,127,0,0,0,0,3,0
VA,0,252.0,2,650,0,0,0,0,0,0
VI,1, ,0.0,70.0,0,0,0,1,180,0,0,0
FM,USU,-54.837944,-68.284194,0,PWL,0.0,0.0,90.0,2,8000,0,0,0,0,0,0

APPTR,R07-R,07,USU
IF,USU,-54.837944,-68.284194, ,0.0,0.0,0,0,0,0,0,0,1,0
FD,USU,-54.837944,-68.284194,0,USU,0.0,12.0,110.0,12.0,2,4000,0,0,0,0,0,0
CF,D093L,-54.896744,-67.947842,1,PWL,267.8,11.5,273.0,1.0,2,4000,0,0,0,0,0,0
TF,FF273,-54.877539,-68.058389,0, ,0.0,0.0,0.0,0.0,2,2700,0,0,0,0,0,0

FINAL,R07-R,07,R,2
IF,FF273,-54.877539,-68.058389,USU,93.0,8.2,2,2700,0,0,0,0,2,0
CF,MA273,-54.860167,-68.157817,0,USU,93.0,4.6,273.0,3.6,1,1580,0,0,0,0,3,0
VI,1, ,0.0,70.0,0,0,0,0,0,0,0,0
FA,USU,-54.837944,-68.284194,0,PWL,0.0,0.0,90.0,2,6000,0,0,0,0,0,0
DF,USU,-54.837944,-68.284194,2, ,0.0,0.0,2,8000,0,0,0,0,0,0

APPTR,R25-R,25,USU
IF,USU,-54.837944,-68.284194, ,0.0,0.0,0,0,0,0,0,0,1,0
FD,USU,-54.837944,-68.284194,0,USU,0.0,12.0,110.0,12.0,2,4000,0,0,0,0,0,0
CF,D093L,-54.896744,-67.947842,1,PWL,267.8,11.5,273.0,1.0,2,4000,0,0,0,0,0,0
TF,FF273,-54.877539,-68.058389,0, ,0.0,0.0,0.0,0.0,2,2700,0,0,0,0,0,0

FINAL,R25-R,25,R,2
IF,FF273,-54.877539,-68.058389,USU,93.0,8.2,2,2700,0,0,0,0,2,0
CF,MA273,-54.860167,-68.157817,0,USU,93.0,4.6,273.0,3.6,1,1580,0,0,0,0,3,0
VI,1, ,0.0,70.0,0,0,0,0,0,0,0,0
FA,USU,-54.837944,-68.284194,0,PWL,0.0,0.0,90.0,2,6000,0,0,0,0,0,0
DF,USU,-54.837944,-68.284194,2, ,0.0,0.0,2,8000,0,0,0,0,0,0

APPTR,V25,25,USU
IF,USU,-54.837944,-68.284194, ,0.0,0.0,0,0,0,0,0,0,1,0
FD,USU,-54.837944,-68.284194,0,USU,0.0,12.0,110.0,12.0,2,4000,0,0,0,0,0,0
CF,D093L,-54.896744,-67.947842,1,PWL,267.8,11.5,273.0,1.0,2,4000,0,0,0,0,0,0
TF,FF25,-54.877539,-68.058389,0, ,0.0,0.0,0.0,0.0,2,2750,0,0,0,0,0,0

FINAL,V25,25,D,3
IF,FF25,-54.877539,-68.058389,USU,93.0,8.2,2,2750,0,0,0,0,2,0
CF,40DME,-54.858228,-68.168864,0,USU,93.0,4.2,273.0,4.0,2,1500,0,0,0,0,0,0
CF,MA25,-54.852411,-68.202017,0,USU,93.0,3.0,273.0,1.2,1,1072,0,0,0,0,3,0
VI,1, ,0.0,70.0,0,0,0,0,0,0,0,0
FA,USU,-54.837944,-68.284194,0,PWL,0.0,0.0,90.0,2,6000,0,0,0,0,0,0
DF,USU,-54.837944,-68.284194,2, ,0.0,0.0,2,8000,0,0,0,0,0,0

