SID,CATI,08,1
VA,0,78.0,2,1200,0,0,0,0,0,0
VI,2, ,0.0,208.0,0,0,0,0,0,0,0,0
IF,ARG,-8.353667,-49.299167, ,0.0,0.0,0,0,0,0,0,0,0,0
TF,CATI,-8.776833,-49.139667,0, ,0.0,0.0,0.0,0.0,0,0,0,0,0,0,0,0

SID,CATI,26,1
VA,0,258.0,2,1200,0,0,0,0,0,0
VI,1, ,0.0,148.0,0,0,0,0,0,0,0,0
IF,ARG,-8.353667,-49.299167, ,0.0,0.0,0,0,0,0,0,0,0,0
TF,CATI,-8.776833,-49.139667,0, ,0.0,0.0,0.0,0.0,0,0,0,0,0,0,0,0

SID,CATI,ALL,2
IF,CATI,-8.776833,-49.139667, ,0.0,0.0,0,0,0,0,0,0,0,0
TF,DENOB,-9.836000,-48.579500,0, ,0.0,0.0,0.0,0.0,0,0,0,0,0,0,0,0

SID,FANO,08,1
VA,0,78.0,2,1060,0,0,0,0,0,0
VI,1, ,0.0,332.0,0,0,0,0,0,0,0,0
IF,ARG,-8.353667,-49.299167, ,0.0,0.0,0,0,0,0,0,0,0,0
TF,FANO,-7.922333,-49.435667,0, ,0.0,0.0,0.0,0.0,0,0,0,0,0,0,0,0

SID,FANO,26,1
VA,0,258.0,2,1060,0,0,0,0,0,0
VI,2, ,0.0,32.0,0,0,0,0,0,0,0,0
IF,ARG,-8.353667,-49.299167, ,0.0,0.0,0,0,0,0,0,0,0,0
TF,FANO,-7.922333,-49.435667,0, ,0.0,0.0,0.0,0.0,0,0,0,0,0,0,0,0

SID,FANO,ALL,2
IF,FANO,-7.922333,-49.435667, ,0.0,0.0,0,0,0,0,0,0,0,0
TF,CJS,-6.119644,-50.001994,0, ,0.0,0.0,0.0,0.0,0,0,0,0,0,0,0,0

SID,GUDE,08,1
VA,0,78.0,2,1060,0,0,0,0,0,0
VI,0, ,0.0,352.0,0,0,0,0,0,0,0,0
IF,ARG,-8.353667,-49.299167, ,0.0,0.0,0,0,0,0,0,0,0,0
TF,GUDE,-7.902167,-49.274333,0, ,0.0,0.0,0.0,0.0,0,0,0,0,0,0,0,0

SID,GUDE,26,1
VA,0,258.0,2,1060,0,0,0,0,0,0
VI,2, ,0.0,52.0,0,0,0,0,0,0,0,0
IF,ARG,-8.353667,-49.299167, ,0.0,0.0,0,0,0,0,0,0,0,0
TF,GUDE,-7.902167,-49.274333,0, ,0.0,0.0,0.0,0.0,0,0,0,0,0,0,0,0

SID,GUDE,ALL,2
IF,GUDE,-7.902167,-49.274333, ,0.0,0.0,0,0,0,0,0,0,0,0
TF,MRB,-5.368158,-49.135231,0, ,0.0,0.0,0.0,0.0,0,0,0,0,0,0,0,0

FINAL,N08,08,N,3
IF,FF08,-8.380189,-49.376775,ARG,0.0,0.0,2,2100,0,0,0,0,2,0
CF,EP08,-8.356281,-49.307025,0,ARG,0.0,0.0,90.0,4.4,1,703,0,0,0,0,0,1
CF,ARG,-8.353667,-49.299167,0,ARG,0.0,0.0,90.0,0.5,2,1053,0,0,0,0,3,0
CA,0,90.0,2,3000,0,0,0,0,0,0

FINAL,N26,26,N,3
IF,FF26,-8.295372,-49.244708,ARG,0.0,0.0,2,2000,0,0,0,0,2,0
CF,EP26,-8.346183,-49.292272,0,ARG,0.0,0.0,242.0,4.2,1,679,0,0,0,0,0,1
CF,ARG,-8.353667,-49.299167,0,ARG,0.0,0.0,242.0,0.6,2,1053,0,0,0,0,3,0
CA,0,242.0,2,3000,0,0,0,0,0,0

