SID,BUVE1A,17,4
DF,AE022,-22.214000,-49.042333,0, ,0.0,0.0,0,0,0,0,0,0,0,1
TF,AE002,-22.454833,-49.291833,0, ,0.0,0.0,0.0,0.0,0,0,0,0,0,0,0,0
TF,BUVER,-21.824500,-49.900000,0, ,0.0,0.0,0.0,0.0,0,0,0,0,0,0,0,0

SID,BUVE1A,35,4
DF,AE016,-22.107500,-49.098333,0, ,0.0,0.0,0,0,0,0,0,0,0,1
TF,BUVER,-21.824500,-49.900000,0, ,0.0,0.0,0.0,0.0,0,0,0,0,0,0,0,0

SID,BUVE1B,17,1
CA,0,173.0,2,2370,0,0,0,0,0,0
DF,ARE,-22.168833,-49.069667,1, ,0.0,0.0,0,0,0,0,0,0,0,0
TF,BUVER,-21.824500,-49.900000,2, ,0.0,0.0,0.0,0.0,0,0,0,0,0,0,0,0

SID,BUVE1B,35,1
CA,0,353.0,2,2370,0,0,0,0,0,0
VI,0, ,0.0,283.0,0,0,0,0,0,0,0,0
CF,BUVER,-21.824500,-49.900000,0,PRR,91.5,87.6,313.0,47.0,0,0,0,0,0,0,0,0

SID,ENACT1,35,5
DF,AE016,-22.107500,-49.098333,0, ,0.0,0.0,0,0,0,0,0,0,0,1
TF,ENACT,-21.935000,-49.040667,0, ,0.0,0.0,0.0,0.0,0,0,0,0,0,0,0,0

SID,FOSSE1,17,2
DF,AE022,-22.214000,-49.042333,0, ,0.0,0.0,0,0,0,0,0,0,0,1
TF,PERAU,-21.989500,-48.900167,1, ,0.0,0.0,0.0,0.0,0,0,0,0,0,0,0,0
TF,FOSSE,-21.702000,-48.719667,0, ,0.0,0.0,0.0,0.0,0,0,0,0,0,0,0,0

SID,FRAU1A,17,4
DF,AE022,-22.214000,-49.042333,0, ,0.0,0.0,0,0,0,0,0,0,0,1
TF,FRAUD,-22.083000,-48.658667,0, ,0.0,0.0,0.0,0.0,0,0,0,0,0,0,0,0

SID,FRAU1A,35,4
DF,AE016,-22.107500,-49.098333,0, ,0.0,0.0,0,0,0,0,0,0,0,1
TF,AE017,-22.089667,-48.775833,2, ,0.0,0.0,0.0,0.0,0,0,0,0,0,0,0,0
TF,FRAUD,-22.083000,-48.658667,0, ,0.0,0.0,0.0,0.0,0,0,0,0,0,0,0,0

SID,FRAU1B,17,1
CA,0,173.0,2,2370,0,0,0,0,0,0
VI,1, ,0.0,67.0,0,0,0,0,0,0,0,0
CF,FRAUD,-22.083000,-48.658667,0,PIR,285.2,73.5,97.0,19.0,0,0,0,0,0,0,0,0

SID,FRAU1B,35,1
CA,0,353.0,2,2370,0,0,0,0,0,0
VI,2, ,0.0,127.0,0,0,0,0,0,0,0,0
CF,FRAUD,-22.083000,-48.658667,0,PIR,285.2,73.5,97.0,17.0,0,0,0,0,0,0,0,0

SID,FRAUD1,17,4
DF,AE022,-22.214000,-49.042333,0, ,0.0,0.0,0,0,0,0,0,0,0,1
TF,FRAUD,-22.083000,-48.658667,0, ,0.0,0.0,0.0,0.0,0,0,0,0,0,0,0,0

SID,FRAUD1,35,4
DF,AE016,-22.107500,-49.098333,0, ,0.0,0.0,0,0,0,0,0,0,0,1
TF,AE017,-22.089667,-48.775833,2, ,0.0,0.0,0.0,0.0,0,0,0,0,0,0,0,0
TF,FRAUD,-22.083000,-48.658667,0, ,0.0,0.0,0.0,0.0,0,0,0,0,0,0,0,0

SID,HARDY1,17,2
DF,AE022,-22.214000,-49.042333,0, ,0.0,0.0,0,0,0,0,0,0,0,1
TF,PERAU,-21.989500,-48.900167,1, ,0.0,0.0,0.0,0.0,0,0,0,0,0,0,0,0
TF,HARDY,-21.655667,-48.979167,0, ,0.0,0.0,0.0,0.0,0,0,0,0,0,0,0,0

SID,MATKA1,17,2
DF,AE022,-22.214000,-49.042333,0, ,0.0,0.0,0,0,0,0,0,0,0,1
TF,PERAU,-21.989500,-48.900167,1, ,0.0,0.0,0.0,0.0,0,0,0,0,0,0,0,0
TF,MATKA,-21.268833,-49.315667,0, ,0.0,0.0,0.0,0.0,0,0,0,0,0,0,0,0

SID,MOMVA1,17,4
DF,AE022,-22.214000,-49.042333,0, ,0.0,0.0,0,0,0,0,0,0,0,1
TF,MOMVA,-22.480000,-48.642000,0, ,0.0,0.0,0.0,0.0,0,0,0,0,0,0,0,0

SID,MOMVA1,35,4
DF,AE016,-22.107500,-49.098333,0, ,0.0,0.0,0,0,0,0,0,0,0,1
TF,AE017,-22.089667,-48.775833,2, ,0.0,0.0,0.0,0.0,0,0,0,0,0,0,0,0
TF,MOMVA,-22.480000,-48.642000,0, ,0.0,0.0,0.0,0.0,0,0,0,0,0,0,0,0

SID,ORDE1A,17,5
DF,AE022,-22.214000,-49.042333,0, ,0.0,0.0,0,0,0,0,0,0,0,1
TF,AE002,-22.454833,-49.291833,0, ,0.0,0.0,0.0,0.0,0,0,0,0,0,0,0,0
TF,ORDEA,-22.962833,-49.119167,0, ,0.0,0.0,0.0,0.0,0,0,0,0,0,0,0,0

SID,ORIG1A,17,4
DF,AE022,-22.214000,-49.042333,0, ,0.0,0.0,0,0,0,0,0,0,0,1
TF,AE002,-22.454833,-49.291833,0, ,0.0,0.0,0.0,0.0,0,0,0,0,0,0,0,0
TF,ORIGO,-22.030667,-50.009000,0, ,0.0,0.0,0.0,0.0,0,0,0,0,0,0,0,0

SID,ORIG1A,35,4
DF,AE016,-22.107500,-49.098333,0, ,0.0,0.0,0,0,0,0,0,0,0,1
TF,ORIGO,-22.030667,-50.009000,0, ,0.0,0.0,0.0,0.0,0,0,0,0,0,0,0,0

SID,ORIG1B,17,1
CA,0,173.0,2,2370,0,0,0,0,0,0
DF,ARE,-22.168833,-49.069667,1, ,0.0,0.0,0,0,0,0,0,0,0,0
TF,ORIGO,-22.030667,-50.009000,2, ,0.0,0.0,0.0,0.0,0,0,0,0,0,0,0,0

SID,ORIG1B,35,1
CA,0,353.0,2,2370,0,0,0,0,0,0
VI,0, ,0.0,268.0,0,0,0,0,0,0,0,0
CF,ORIGO,-22.030667,-50.009000,0,LON,55.3,99.4,298.0,49.0,0,0,0,0,0,0,0,0

SID,ORIGO1,17,4
DF,AE022,-22.214000,-49.042333,0, ,0.0,0.0,0,0,0,0,0,0,0,1
TF,AE002,-22.454833,-49.291833,0, ,0.0,0.0,0.0,0.0,0,0,0,0,0,0,0,0
TF,ORIGO,-22.030667,-50.009000,0, ,0.0,0.0,0.0,0.0,0,0,0,0,0,0,0,0

SID,ORIGO1,35,4
DF,AE016,-22.107500,-49.098333,0, ,0.0,0.0,0,0,0,0,0,0,0,1
TF,ORIGO,-22.030667,-50.009000,0, ,0.0,0.0,0.0,0.0,0,0,0,0,0,0,0,0

SID,PERAU1,35,5
DF,AE016,-22.107500,-49.098333,0, ,0.0,0.0,0,0,0,0,0,0,0,1
TF,PERAU,-21.989500,-48.900167,0, ,0.0,0.0,0.0,0.0,0,0,0,0,0,0,0,0

SID,PORTE1,17,4
DF,AE022,-22.214000,-49.042333,0, ,0.0,0.0,0,0,0,0,0,0,0,1
TF,PORTE,-22.449167,-48.579167,0, ,0.0,0.0,0.0,0.0,0,0,0,0,0,0,0,0

SID,PORTE1,35,4
DF,AE016,-22.107500,-49.098333,0, ,0.0,0.0,0,0,0,0,0,0,0,1
TF,AE017,-22.089667,-48.775833,2, ,0.0,0.0,0.0,0.0,0,0,0,0,0,0,0,0
TF,PORTE,-22.449167,-48.579167,0, ,0.0,0.0,0.0,0.0,0,0,0,0,0,0,0,0

SID,RENA1A,17,4
DF,AE022,-22.214000,-49.042333,0, ,0.0,0.0,0,0,0,0,0,0,0,1
TF,AE002,-22.454833,-49.291833,0, ,0.0,0.0,0.0,0.0,0,0,0,0,0,0,0,0
TF,RENAN,-22.261167,-50.058000,0, ,0.0,0.0,0.0,0.0,0,0,0,0,0,0,0,0

SID,RENA1A,35,4
DF,AE016,-22.107500,-49.098333,0, ,0.0,0.0,0,0,0,0,0,0,0,1
TF,RENAN,-22.261167,-50.058000,0, ,0.0,0.0,0.0,0.0,0,0,0,0,0,0,0,0

SID,RENA1B,17,1
CA,0,173.0,2,2370,0,0,0,0,0,0
DF,ARE,-22.168833,-49.069667,1, ,0.0,0.0,0,0,0,0,0,0,0,0
TF,RENAN,-22.261167,-50.058000,0, ,0.0,0.0,0.0,0.0,0,0,0,0,0,0,0,0

SID,RENA1B,35,1
CA,0,353.0,2,2370,0,0,0,0,0,0
VI,1, ,0.0,253.0,0,0,0,0,0,0,0,0
CF,RENAN,-22.261167,-50.058000,0,LON,59.4,87.0,283.0,50.0,0,0,0,0,0,0,0,0

SID,SERA1A,17,4
DF,AE022,-22.214000,-49.042333,0, ,0.0,0.0,0,0,0,0,0,0,0,1
TF,AE002,-22.454833,-49.291833,0, ,0.0,0.0,0.0,0.0,0,0,0,0,0,0,0,0
TF,SERRA,-22.620500,-49.698333,0, ,0.0,0.0,0.0,0.0,0,0,0,0,0,0,0,0

SID,SERA1A,35,4
DF,AE016,-22.107500,-49.098333,0, ,0.0,0.0,0,0,0,0,0,0,0,1
TF,SERRA,-22.620500,-49.698333,0, ,0.0,0.0,0.0,0.0,0,0,0,0,0,0,0,0

SID,SERA1B,17,1
CA,0,173.0,2,2370,0,0,0,0,0,0
DF,ARE,-22.168833,-49.069667,1, ,0.0,0.0,0,0,0,0,0,0,0,0
TF,SERRA,-22.620500,-49.698333,0, ,0.0,0.0,0.0,0.0,0,0,0,0,0,0,0,0

SID,SERA1B,35,1
CA,0,353.0,2,2370,0,0,0,0,0,0
VI,1, ,0.0,222.0,0,0,0,0,0,0,0,0
CF,SERRA,-22.620500,-49.698333,0,LON,78.5,89.3,252.0,36.0,0,0,0,0,0,0,0,0

SID,SERRA1,17,4
DF,AE022,-22.214000,-49.042333,0, ,0.0,0.0,0,0,0,0,0,0,0,1
TF,AE002,-22.454833,-49.291833,0, ,0.0,0.0,0.0,0.0,0,0,0,0,0,0,0,0
TF,SERRA,-22.620500,-49.698333,0, ,0.0,0.0,0.0,0.0,0,0,0,0,0,0,0,0

SID,SERRA1,35,4
DF,AE016,-22.107500,-49.098333,0, ,0.0,0.0,0,0,0,0,0,0,0,1
TF,SERRA,-22.620500,-49.698333,1, ,0.0,0.0,0.0,0.0,0,0,0,0,0,0,0,0

SID,SIGA1A,35,5
DF,AE016,-22.107500,-49.098333,0, ,0.0,0.0,0,0,0,0,0,0,0,1
TF,SIGAK,-21.875167,-49.194833,0, ,0.0,0.0,0.0,0.0,0,0,0,0,0,0,0,0

SID,SIGA1B,35,2
CA,0,353.0,2,2370,0,0,0,0,0,0
CF,SIGAK,-21.875167,-49.194833,0,PIR,293.3,103.4,358.0,18.0,0,0,0,0,0,0,0,0

SID,SIGAK1,17,2
CA,0,173.0,2,2370,0,0,0,0,0,0
CI,1, ,0.0,328.0,0,0,0,0,0,0,0,0
CF,SIGAK,-21.875167,-49.194833,0,SCB,332.1,140.3,358.0,11.0,0,0,0,0,0,0,0,0

FINAL,N17,17,N,2
IF,FF17,-22.090225,-49.100442,ARE,0.0,0.0,2,3200,0,0,0,0,2,0
CF,RW17,-22.152667,-49.074667,0,ARE,0.0,0.0,179.0,4.0,1,1977,0,0,0,0,3,0
TF,ARE,-22.168833,-49.069667,0, ,0.0,0.0,0.0,0.0,0,0,0,0,0,0,0,1
CA,0,179.0,2,3000,0,0,0,0,0,0
DF,ARE,-22.168833,-49.069667,1, ,0.0,0.0,2,4000,0,0,0,0,0,0

FINAL,N35,35,N,3
IF,FF35,-22.223247,-49.024100,ARE,0.0,0.0,2,3200,0,0,0,0,2,0
CF,EP35,-22.170536,-49.068339,0,ARE,0.0,0.0,341.0,4.0,1,2011,0,0,0,0,0,1
CF,ARE,-22.168833,-49.069667,0,ARE,0.0,0.0,341.0,0.1,2,2370,0,0,0,0,3,1
CA,0,349.0,2,3000,0,0,0,0,0,0
DF,ARE,-22.168833,-49.069667,2, ,0.0,0.0,2,4000,0,0,0,0,0,0
HM,ARE,-22.168833,-49.069667,1, ,0.0,0.0,131.0,04.3,0,0,0,0,0,0,0,0,0

APPTR,R17,17,AE001
IF,AE001,-21.912333,-49.200833, ,0.0,0.0,2,5000,0,0,0,0,1,0
TF,AE004,-22.002333,-49.153667,0, ,0.0,0.0,0.0,0.0,2,5000,0,0,0,0,1,0

APPTR,R17,17,AE003
IF,AE003,-22.013000,-49.260667, ,0.0,0.0,2,5000,0,0,0,0,1,0
TF,AE004,-22.002333,-49.153667,0, ,0.0,0.0,0.0,0.0,2,5000,0,0,0,0,1,0

APPTR,R17,17,AE014
IF,AE014,-21.930000,-49.079000, ,0.0,0.0,2,5000,0,0,0,0,1,0
TF,AE004,-22.002333,-49.153667,0, ,0.0,0.0,0.0,0.0,2,5000,0,0,0,0,1,0

FINAL,R17,17,R,3
IF,AE004,-22.002333,-49.153667, ,0.0,0.0,2,5000,0,0,0,0,0,0
TF,AE006,-22.077500,-49.114167,0, ,0.0,0.0,173.0,5.0,2,3570,0,0,0,0,2,0
TF,RW17,-22.152667,-49.074667,0, ,0.0,0.0,173.0,5.0,1,1977,0,0,0,0,3,1
VA,0,173.0,2,3000,0,0,0,0,0,0
DF,AE024,-22.344667,-48.861000,0, ,0.0,0.0,2,5000,0,0,0,0,0,1
HM,AE024,-22.344667,-48.861000,2, ,0.0,0.0,323.0,04.3,0,0,0,0,0,0,0,0,0

APPTR,R35,35,AE024
IF,AE024,-22.344667,-48.861000, ,0.0,0.0,2,5000,0,0,0,0,1,0
TF,AE023,-22.289833,-48.951333,0, ,0.0,0.0,0.0,0.0,2,5000,0,0,0,0,1,0

APPTR,R35,35,AE026
IF,AE026,-22.229667,-48.865000, ,0.0,0.0,2,5000,0,0,0,0,1,0
TF,AE023,-22.289833,-48.951333,0, ,0.0,0.0,0.0,0.0,2,5000,0,0,0,0,1,0

FINAL,R35,35,R,3
IF,AE023,-22.289833,-48.951333, ,0.0,0.0,2,5000,0,0,0,0,0,0
TF,AE012,-22.244000,-49.026500,0, ,0.0,0.0,323.0,5.0,2,3600,0,0,0,0,2,0
TF,RW35,-22.168833,-49.066000,0, ,0.0,0.0,353.0,5.0,1,2011,0,0,0,0,3,1
CA,0,353.0,2,5000,0,0,0,0,0,0
DF,AE003,-22.013000,-49.260667,0, ,0.0,0.0,2,5000,0,0,0,0,0,1
HM,AE003,-22.013000,-49.260667,2, ,0.0,0.0,103.0,04.3,0,0,0,0,0,0,0,0,0

