SID,EGUS1A,31,5
CF,IVSAM,-19.786072,-44.130128,0,BHZ,314.5,7.8,313.0,10.2,2,6000,0,0,0,0,0,0
TF,BH019,-20.018500,-44.131167,1, ,0.0,0.0,0.0,0.0,2,9000,0,0,0,0,0,0
TF,BH023,-20.177167,-43.686500,0, ,0.0,0.0,0.0,0.0,1,11000,0,0,0,0,0,0
TF,EGUSO,-20.119667,-43.499000,0, ,0.0,0.0,0.0,0.0,0,0,0,0,0,0,0,0

SID,EGUS1A,KOKSU,6
IF,EGUSO,-20.119667,-43.499000, ,0.0,0.0,0,0,0,0,0,0,0,0
TF,WH002,-19.985167,-43.465833,0, ,0.0,0.0,0.0,0.0,1,11000,0,0,0,0,0,0
TF,BH024,-19.670000,-43.388000,0, ,0.0,0.0,0.0,0.0,1,11000,0,0,0,0,0,0
TF,KOKSU,-19.377333,-43.316167,0, ,0.0,0.0,0.0,0.0,0,0,0,0,0,0,0,0

SID,EGUS1A,OPLUT,6
IF,EGUSO,-20.119667,-43.499000, ,0.0,0.0,0,0,0,0,0,0,0,0
TF,WH002,-19.985167,-43.465833,0, ,0.0,0.0,0.0,0.0,1,11000,0,0,0,0,0,0
TF,BH024,-19.670000,-43.388000,0, ,0.0,0.0,0.0,0.0,1,11000,0,0,0,0,0,0
TF,KOKSU,-19.377333,-43.316167,0, ,0.0,0.0,0.0,0.0,0,0,0,0,0,0,0,0
TF,OPLUT,-18.860667,-42.903500,0, ,0.0,0.0,0.0,0.0,0,0,0,0,0,0,0,0

SID,EGUS1A,SALVI,6
IF,EGUSO,-20.119667,-43.499000, ,0.0,0.0,0,0,0,0,0,0,0,0
TF,WH002,-19.985167,-43.465833,0, ,0.0,0.0,0.0,0.0,1,11000,0,0,0,0,0,0
TF,BH024,-19.670000,-43.388000,0, ,0.0,0.0,0.0,0.0,1,11000,0,0,0,0,0,0
TF,KOKSU,-19.377333,-43.316167,0, ,0.0,0.0,0.0,0.0,0,0,0,0,0,0,0,0
TF,SALVI,-18.907167,-43.336667,0, ,0.0,0.0,0.0,0.0,3,19000,0,0,0,0,0,0

SID,EGUS1A,YPT,6
IF,EGUSO,-20.119667,-43.499000, ,0.0,0.0,0,0,0,0,0,0,0,0
TF,BH026,-20.093728,-43.414314,0, ,0.0,0.0,0.0,0.0,1,11000,0,0,0,0,0,0
TF,EVPAD,-19.957833,-42.978667,0, ,0.0,0.0,0.0,0.0,0,0,0,0,0,0,0,0
TF,YPT,-19.463000,-42.479500,0, ,0.0,0.0,0.0,0.0,0,0,0,0,0,0,0,0

SID,EVPA1A,31,2
CA,0,313.0,2,2990,0,0,0,0,0,0
CF,BHZ,-19.835769,-44.003561,0,BHZ,0.0,0.0,307.0,2.5,0,0,0,0,0,0,0,1
TF,ESBET,-19.818242,-44.097269,0, ,0.0,0.0,0.0,0.0,0,0,0,0,0,0,0,0
TF,UKDEM,-20.017989,-44.134286,0, ,0.0,0.0,0.0,0.0,2,9000,0,0,0,0,0,0
TF,TEGOM,-20.266592,-44.180878,0, ,0.0,0.0,0.0,0.0,1,11000,0,0,0,0,0,0
AF,EGBUL,-19.910067,-43.385867,1,CNF,142.4,43.0,213.0,1,11000,0,0,0,0,0,0
TF,EVPAD,-19.957833,-42.978667,0, ,0.0,0.0,0.0,0.0,0,0,0,0,0,0,0,0

SID,GEDA1A,13,5
CA,0,133.0,2,5000,0,0,0,0,0,0
CF,KUBEX,-19.931933,-43.723272,0,BHZ,132.0,16.9,133.0,10.0,3,7000,0,0,0,0,0,0
TF,KIMUS,-19.851278,-43.625967,0, ,0.0,0.0,0.0,0.0,3,7000,0,0,0,0,0,0
TF,UBKIS,-19.699625,-43.531503,0, ,0.0,0.0,0.0,0.0,3,11000,0,0,0,0,0,0
TF,BH008,-19.634208,-43.592278,0, ,0.0,0.0,0.0,0.0,2,11000,0,0,0,0,0,0
TF,BH009,-19.379708,-43.828050,0, ,0.0,0.0,0.0,0.0,2,14000,0,0,0,0,0,0
TF,BH011,-19.278625,-43.921397,0, ,0.0,0.0,0.0,0.0,2,15000,0,0,0,0,0,0
TF,GEDAR,-19.189939,-44.003164,0, ,0.0,0.0,0.0,0.0,0,0,0,0,0,0,0,0

SID,GEDA1A,GEDOK,6
IF,GEDAR,-19.189939,-44.003164, ,0.0,0.0,0,0,0,0,0,0,0,0
TF,GEDOK,-18.989500,-44.195500,0, ,0.0,0.0,0.0,0.0,0,0,0,0,0,0,0,0

SID,GEDA1A,OBGAR,6
IF,GEDAR,-19.189939,-44.003164, ,0.0,0.0,0,0,0,0,0,0,0,0
TF,PENTE,-18.964667,-44.000167,0, ,0.0,0.0,0.0,0.0,0,0,0,0,0,0,0,0
TF,OBGAR,-18.513667,-43.547833,0, ,0.0,0.0,0.0,0.0,0,0,0,0,0,0,0,0

SID,GEDA1A,OPLEX,6
IF,GEDAR,-19.189939,-44.003164, ,0.0,0.0,0,0,0,0,0,0,0,0
TF,OPLEX,-18.956000,-44.055833,0, ,0.0,0.0,0.0,0.0,0,0,0,0,0,0,0,0

SID,GEDA1A,PENTE,6
IF,GEDAR,-19.189939,-44.003164, ,0.0,0.0,0,0,0,0,0,0,0,0
TF,PENTE,-18.964667,-44.000167,0, ,0.0,0.0,0.0,0.0,0,0,0,0,0,0,0,0

SID,GEDA1A,SIDOL,6
IF,GEDAR,-19.189939,-44.003164, ,0.0,0.0,0,0,0,0,0,0,0,0
TF,SIDOL,-19.068500,-44.343167,0, ,0.0,0.0,0.0,0.0,0,0,0,0,0,0,0,0

SID,GEDA1B,13,5
CA,0,133.0,2,5000,0,0,0,0,0,0
CF,KUBEX,-19.931933,-43.723272,0,BHZ,132.0,16.9,133.0,10.0,3,7000,0,0,0,0,0,0
TF,KIMUS,-19.851278,-43.625967,0, ,0.0,0.0,0.0,0.0,3,7000,0,0,0,0,0,0
TF,UBKIS,-19.699625,-43.531503,0, ,0.0,0.0,0.0,0.0,3,7000,0,0,0,0,0,0
TF,BH082,-19.551333,-43.669167,0, ,0.0,0.0,0.0,0.0,2,11000,0,0,0,0,0,0
TF,BH009,-19.379708,-43.828050,0, ,0.0,0.0,0.0,0.0,2,14000,0,0,0,0,0,0
TF,BH011,-19.278625,-43.921397,0, ,0.0,0.0,0.0,0.0,2,15000,0,0,0,0,0,0
TF,GEDAR,-19.189939,-44.003164,0, ,0.0,0.0,0.0,0.0,0,0,0,0,0,0,0,0

SID,GEDA1B,GEDOK,6
IF,GEDAR,-19.189939,-44.003164, ,0.0,0.0,0,0,0,0,0,0,0,0
TF,GEDOK,-18.989500,-44.195500,0, ,0.0,0.0,0.0,0.0,0,0,0,0,0,0,0,0

SID,GEDA1B,OBGAR,6
IF,GEDAR,-19.189939,-44.003164, ,0.0,0.0,0,0,0,0,0,0,0,0
TF,PENTE,-18.964667,-44.000167,0, ,0.0,0.0,0.0,0.0,0,0,0,0,0,0,0,0
TF,OBGAR,-18.513667,-43.547833,0, ,0.0,0.0,0.0,0.0,0,0,0,0,0,0,0,0

SID,GEDA1B,OPLEX,6
IF,GEDAR,-19.189939,-44.003164, ,0.0,0.0,0,0,0,0,0,0,0,0
TF,OPLEX,-18.956000,-44.055833,0, ,0.0,0.0,0.0,0.0,0,0,0,0,0,0,0,0

SID,GEDA1B,PENTE,6
IF,GEDAR,-19.189939,-44.003164, ,0.0,0.0,0,0,0,0,0,0,0,0
TF,PENTE,-18.964667,-44.000167,0, ,0.0,0.0,0.0,0.0,0,0,0,0,0,0,0,0

SID,GEDA1B,SIDOL,6
IF,GEDAR,-19.189939,-44.003164, ,0.0,0.0,0,0,0,0,0,0,0,0
TF,SIDOL,-19.068500,-44.343167,0, ,0.0,0.0,0.0,0.0,0,0,0,0,0,0,0,0

SID,GEPN1A,13,5
CF,IRAXO,-19.890500,-43.839167,0,BHZ,131.4,9.9,134.0,6.0,3,7000,0,0,0,0,0,0
CF,GEPNA,-20.062647,-43.908103,0,BHZ,180.3,14.6,223.0,11.0,1,9000,0,0,0,0,0,1

SID,GEPN1A,DEJAN,6
IF,GEPNA,-20.062647,-43.908103, ,0.0,0.0,1,9000,0,0,0,0,0,0
TF,BH002,-20.210333,-43.959500,0, ,0.0,0.0,0.0,0.0,0,0,0,0,0,0,0,0
TF,NITLU,-20.509167,-44.064000,0, ,0.0,0.0,0.0,0.0,2,15000,0,0,0,0,0,0
TF,DEJAN,-20.769667,-44.087500,0, ,0.0,0.0,0.0,0.0,0,0,0,0,0,0,0,0

SID,GEPN1A,POSTA,6
IF,GEPNA,-20.062647,-43.908103, ,0.0,0.0,1,9000,0,0,0,0,0,0
CF,BH003,-20.050500,-44.102833,0,BHZ,225.6,14.0,312.0,11.0,2,12000,0,0,0,0,0,0
TF,BH004,-20.011333,-44.219667,0, ,0.0,0.0,0.0,0.0,2,15000,0,0,0,0,0,0
TF,BH006,-19.931939,-44.454528,0, ,0.0,0.0,0.0,0.0,3,16000,0,0,0,0,0,0
TF,MOTMA,-19.857333,-44.674333,0, ,0.0,0.0,0.0,0.0,0,0,0,0,0,0,0,0
TF,POSTA,-19.582333,-45.331667,0, ,0.0,0.0,0.0,0.0,0,0,0,0,0,0,0,0

SID,GEPN1A,PUDVA,6
IF,GEPNA,-20.062647,-43.908103, ,0.0,0.0,1,9000,0,0,0,0,0,0
CF,BH003,-20.050500,-44.102833,0,BHZ,225.6,14.0,312.0,11.0,2,12000,0,0,0,0,0,0
TF,BH004,-20.011333,-44.219667,0, ,0.0,0.0,0.0,0.0,2,15000,0,0,0,0,0,0
TF,BH006,-19.931939,-44.454528,0, ,0.0,0.0,0.0,0.0,3,16000,0,0,0,0,0,0
TF,PUDVA,-20.489650,-44.770867,0, ,0.0,0.0,0.0,0.0,0,0,0,0,0,0,0,0

SID,GEPN1A,XOMOD,6
IF,GEPNA,-20.062647,-43.908103, ,0.0,0.0,1,9000,0,0,0,0,0,0
CF,BH003,-20.050500,-44.102833,0,BHZ,225.6,14.0,312.0,11.0,2,12000,0,0,0,0,0,0
TF,BH004,-20.011333,-44.219667,0, ,0.0,0.0,0.0,0.0,2,15000,0,0,0,0,0,0
TF,BH006,-19.931939,-44.454528,0, ,0.0,0.0,0.0,0.0,3,16000,0,0,0,0,0,0
TF,XOMOD,-20.211603,-44.943783,0, ,0.0,0.0,0.0,0.0,0,0,0,0,0,0,0,0

SID,ILRO1A,13,5
CF,IRAXO,-19.890500,-43.839167,0,BHZ,131.4,9.9,134.0,6.0,0,0,0,0,0,0,0,0
TF,KUBEX,-19.931933,-43.723272,0, ,0.0,0.0,0.0,0.0,3,7000,0,0,0,0,0,0
TF,ILROT,-20.125667,-43.800778,0, ,0.0,0.0,0.0,0.0,1,8000,0,0,0,0,0,0

SID,ILRO1A,DEJAN,6
IF,ILROT,-20.125667,-43.800778, ,0.0,0.0,1,8000,0,0,0,0,0,0
TF,MOSGU,-20.520333,-43.976236,0, ,0.0,0.0,0.0,0.0,0,0,0,0,0,0,0,0
TF,DEJAN,-20.769667,-44.087500,0, ,0.0,0.0,0.0,0.0,0,0,0,0,0,0,0,0

SID,ILRO1A,ISNOG,6
IF,ILROT,-20.125667,-43.800778, ,0.0,0.0,1,8000,0,0,0,0,0,0
TF,BH002,-20.210333,-43.959500,0, ,0.0,0.0,0.0,0.0,1,8000,0,0,0,0,0,0
TF,ISNOG,-20.411608,-44.338233,0, ,0.0,0.0,0.0,0.0,3,12000,0,0,0,0,0,0

SID,ILRO1A,KOVED,6
IF,ILROT,-20.125667,-43.800778, ,0.0,0.0,1,8000,0,0,0,0,0,0
TF,BH002,-20.210333,-43.959500,0, ,0.0,0.0,0.0,0.0,1,8000,0,0,0,0,0,0
TF,NIMGU,-20.040833,-44.364833,0, ,0.0,0.0,0.0,0.0,1,8000,0,0,0,0,0,0
TF,KOVED,-20.096608,-44.608997,0, ,0.0,0.0,0.0,0.0,0,0,0,0,0,0,0,0

SID,ILRO1A,MOTMA,6
IF,ILROT,-20.125667,-43.800778, ,0.0,0.0,1,8000,0,0,0,0,0,0
TF,BH002,-20.210333,-43.959500,0, ,0.0,0.0,0.0,0.0,1,8000,0,0,0,0,0,0
TF,NIMGU,-20.040833,-44.364833,0, ,0.0,0.0,0.0,0.0,1,8000,0,0,0,0,0,0
TF,MOTMA,-19.857333,-44.674333,0, ,0.0,0.0,0.0,0.0,0,0,0,0,0,0,0,0

SID,IVSA1A,31,5
CF,IVSAM,-19.786072,-44.130128,0,BHZ,314.5,7.8,313.0,10.2,2,6000,0,0,0,0,0,0

SID,IVSA1A,DEJAN,6
IF,IVSAM,-19.786072,-44.130128, ,0.0,0.0,2,6000,0,0,0,0,0,0
TF,BH019,-20.018500,-44.131167,0, ,0.0,0.0,0.0,0.0,2,9000,0,0,0,0,0,0
TF,BH018,-20.194736,-44.107047,0, ,0.0,0.0,0.0,0.0,2,11000,0,0,0,0,0,0
TF,NITLU,-20.509167,-44.064000,0, ,0.0,0.0,0.0,0.0,2,15000,0,0,0,0,0,0
TF,DEJAN,-20.769667,-44.087500,0, ,0.0,0.0,0.0,0.0,0,0,0,0,0,0,0,0

SID,IVSA1A,MOTMA,6
IF,IVSAM,-19.786072,-44.130128, ,0.0,0.0,2,6000,0,0,0,0,0,0
TF,BH021,-19.770367,-44.173742,0, ,0.0,0.0,0.0,0.0,0,0,0,0,0,0,0,0
TF,BH006,-19.931939,-44.454528,0, ,0.0,0.0,0.0,0.0,1,7000,0,0,0,0,0,0
TF,MOTMA,-19.857333,-44.674333,0, ,0.0,0.0,0.0,0.0,3,16000,0,0,0,0,0,0

SID,IVSA1A,POSTA,6
IF,IVSAM,-19.786072,-44.130128, ,0.0,0.0,2,6000,0,0,0,0,0,0
TF,BH021,-19.770367,-44.173742,0, ,0.0,0.0,0.0,0.0,0,0,0,0,0,0,0,0
TF,BH006,-19.931939,-44.454528,0, ,0.0,0.0,0.0,0.0,1,7000,0,0,0,0,0,0
TF,MOTMA,-19.857333,-44.674333,0, ,0.0,0.0,0.0,0.0,3,16000,0,0,0,0,0,0
TF,POSTA,-19.582333,-45.331667,0, ,0.0,0.0,0.0,0.0,0,0,0,0,0,0,0,0

SID,IVSA1A,PUDVA,6
IF,IVSAM,-19.786072,-44.130128, ,0.0,0.0,2,6000,0,0,0,0,0,0
TF,BH021,-19.770367,-44.173742,0, ,0.0,0.0,0.0,0.0,0,0,0,0,0,0,0,0
TF,BH006,-19.931939,-44.454528,0, ,0.0,0.0,0.0,0.0,1,7000,0,0,0,0,0,0
TF,PUDVA,-20.489650,-44.770867,0, ,0.0,0.0,0.0,0.0,0,0,0,0,0,0,0,0

SID,IVSA1A,XOMOD,6
IF,IVSAM,-19.786072,-44.130128, ,0.0,0.0,2,6000,0,0,0,0,0,0
TF,BH021,-19.770367,-44.173742,0, ,0.0,0.0,0.0,0.0,0,0,0,0,0,0,0,0
TF,BH006,-19.931939,-44.454528,0, ,0.0,0.0,0.0,0.0,1,7000,0,0,0,0,0,0
TF,XOMOD,-20.211603,-44.943783,0, ,0.0,0.0,0.0,0.0,0,0,0,0,0,0,0,0

SID,KUBE1A,13,5
CA,0,134.0,2,5000,0,0,0,0,0,0
CF,KUBEX,-19.931933,-43.723272,0,BHZ,132.0,16.9,134.0,9.0,3,7000,0,0,0,0,0,0

SID,KUBE1A,EVPAD,6
IF,KUBEX,-19.931933,-43.723272, ,0.0,0.0,3,7000,0,0,0,0,0,0
TF,OPSAB,-19.989964,-43.560444,0, ,0.0,0.0,0.0,0.0,0,0,0,0,0,0,0,0
TF,WH002,-19.985167,-43.465833,0, ,0.0,0.0,0.0,0.0,3,9000,0,0,0,0,0,0
TF,EVPAD,-19.957833,-42.978667,0, ,0.0,0.0,0.0,0.0,0,0,0,0,0,0,0,0

SID,KUBE1A,YPT,6
IF,KUBEX,-19.931933,-43.723272, ,0.0,0.0,3,7000,0,0,0,0,0,0
TF,OPSAB,-19.989964,-43.560444,0, ,0.0,0.0,0.0,0.0,0,0,0,0,0,0,0,0
TF,WH002,-19.985167,-43.465833,0, ,0.0,0.0,0.0,0.0,3,9000,0,0,0,0,0,0
TF,EVPAD,-19.957833,-42.978667,0, ,0.0,0.0,0.0,0.0,0,0,0,0,0,0,0,0
TF,YPT,-19.463000,-42.479500,0, ,0.0,0.0,0.0,0.0,0,0,0,0,0,0,0,0

SID,SUKD1A,31,2
CA,0,313.0,2,2990,0,0,0,0,0,0
CF,BHZ,-19.835769,-44.003561,0,BHZ,0.0,0.0,307.0,2.5,0,0,0,0,0,0,0,1
TF,ESBET,-19.818242,-44.097269,0, ,0.0,0.0,0.0,0.0,0,0,0,0,0,0,0,0
TF,SUKDA,-19.751419,-44.451972,0, ,0.0,0.0,0.0,0.0,1,7000,0,0,0,0,0,0

SID,SUKD1A,ANLES,3
IF,SUKDA,-19.751419,-44.451972, ,0.0,0.0,1,7000,0,0,0,0,0,0
AF,LOBUG,-19.327897,-43.667864,2,CNF,80.5,25.6,266.0,3,8000,0,0,0,0,0,0
TF,ANLES,-19.189333,-43.440000,0, ,0.0,0.0,0.0,0.0,0,0,0,0,0,0,0,0

SID,SUKD1A,GEDOK,3
IF,SUKDA,-19.751419,-44.451972, ,0.0,0.0,1,7000,0,0,0,0,0,0
AF,BIVBI,-19.142269,-44.156119,2,CNF,9.2,25.6,266.0,3,8000,0,0,0,0,0,0
TF,GEDOK,-18.989500,-44.195500,0, ,0.0,0.0,0.0,0.0,0,0,0,0,0,0,0,0

SID,SUKD1A,KOKSU,3
IF,SUKDA,-19.751419,-44.451972, ,0.0,0.0,1,7000,0,0,0,0,0,0
AF,LOBUG,-19.327897,-43.667864,2,CNF,80.5,25.6,266.0,3,8000,0,0,0,0,0,0
AF,GATOX,-19.450667,-43.611333,2,CNF,98.5,25.6,80.0,3,8000,0,0,0,0,0,0
TF,KOKSU,-19.377333,-43.316167,0, ,0.0,0.0,0.0,0.0,0,0,0,0,0,0,0,0

SID,SUKD1A,MOTMA,3
IF,SUKDA,-19.751419,-44.451972, ,0.0,0.0,1,7000,0,0,0,0,0,0
TF,MOTMA,-19.857333,-44.674333,0, ,0.0,0.0,0.0,0.0,0,0,0,0,0,0,0,0

SID,SUKD1A,OPLEX,3
IF,SUKDA,-19.751419,-44.451972, ,0.0,0.0,1,7000,0,0,0,0,0,0
AF,KAMOD,-19.129942,-44.053725,2,CNF,22.3,25.6,266.0,3,8000,0,0,0,0,0,0
TF,OPLEX,-18.956000,-44.055833,0, ,0.0,0.0,0.0,0.0,0,0,0,0,0,0,0,0

SID,SUKD1A,PENTE,3
IF,SUKDA,-19.751419,-44.451972, ,0.0,0.0,1,7000,0,0,0,0,0,0
AF,ITAVI,-19.131192,-44.013694,2,CNF,27.4,25.6,266.0,3,8000,0,0,0,0,0,0
TF,PENTE,-18.964667,-44.000167,0, ,0.0,0.0,0.0,0.0,0,0,0,0,0,0,0,0

SID,SUKD1A,SELDO,3
IF,SUKDA,-19.751419,-44.451972, ,0.0,0.0,1,7000,0,0,0,0,0,0
AF,KILEB,-19.651508,-44.489600,2,CNF,280.3,25.6,266.0,3,8000,0,0,0,0,0,0
TF,SELDO,-19.690333,-44.674833,0, ,0.0,0.0,0.0,0.0,0,0,0,0,0,0,0,0

SID,SUKD1A,SIDOL,3
IF,SUKDA,-19.751419,-44.451972, ,0.0,0.0,1,7000,0,0,0,0,0,0
AF,SUBRI,-19.186358,-44.272442,2,CNF,353.2,25.6,266.0,3,8000,0,0,0,0,0,0
TF,SIDOL,-19.068500,-44.343167,0, ,0.0,0.0,0.0,0.0,0,0,0,0,0,0,0,0

SID,TIPL1A,31,5
CA,0,313.0,2,6000,0,0,0,0,0,0
CF,PUMAT,-19.745647,-44.242294,0,BHZ,313.7,14.5,313.0,12.0,0,0,0,0,0,0,0,0
TF,BH013,-19.639450,-44.303364,0, ,0.0,0.0,0.0,0.0,3,7000,0,0,0,0,0,0
TF,BH014,-19.545458,-44.357336,0, ,0.0,0.0,0.0,0.0,3,8000,0,0,0,0,0,0
TF,WH009,-19.321222,-44.350669,0, ,0.0,0.0,0.0,0.0,0,0,0,0,0,0,0,0
TF,TIPLI,-19.233508,-44.348064,0, ,0.0,0.0,0.0,0.0,3,9000,0,0,0,0,0,0

SID,TIPL1A,OBGAR,6
IF,TIPLI,-19.233508,-44.348064, ,0.0,0.0,3,9000,0,0,0,0,0,0
TF,PENTE,-18.964667,-44.000167,0, ,0.0,0.0,0.0,0.0,0,0,0,0,0,0,0,0
TF,OBGAR,-18.513667,-43.547833,0, ,0.0,0.0,0.0,0.0,0,0,0,0,0,0,0,0

SID,TIPL1A,PENTE,6
IF,TIPLI,-19.233508,-44.348064, ,0.0,0.0,3,9000,0,0,0,0,0,0
TF,PENTE,-18.964667,-44.000167,0, ,0.0,0.0,0.0,0.0,0,0,0,0,0,0,0,0

SID,TIPL1A,RORIP,6
IF,TIPLI,-19.233508,-44.348064, ,0.0,0.0,3,9000,0,0,0,0,0,0
TF,SIDOL,-19.068500,-44.343167,0, ,0.0,0.0,0.0,0.0,0,0,0,0,0,0,0,0
TF,RORIP,-18.054667,-44.433833,0, ,0.0,0.0,0.0,0.0,0,0,0,0,0,0,0,0

SID,TIPL1A,SIDOL,6
IF,TIPLI,-19.233508,-44.348064, ,0.0,0.0,3,9000,0,0,0,0,0,0
TF,SIDOL,-19.068500,-44.343167,0, ,0.0,0.0,0.0,0.0,0,0,0,0,0,0,0,0

SID,TIPL1A,SIGIR,6
IF,TIPLI,-19.233508,-44.348064, ,0.0,0.0,3,9000,0,0,0,0,0,0
TF,SIGIR,-18.246500,-44.064333,0, ,0.0,0.0,0.0,0.0,0,0,0,0,0,0,0,0

SID,TONA1A,13,2
CF,TONAM,-19.947336,-43.686381,0,BHZ,132.5,19.1,133.0,15.3,3,7000,0,0,0,0,0,0

SID,TONA1A,ANLES,3
IF,TONAM,-19.947336,-43.686381, ,0.0,0.0,3,7000,0,0,0,0,0,0
AF,DIKUR,-19.724297,-43.529944,1,CNF,131.8,31.0,162.0,3,7000,0,0,0,0,0,0
AF,KOVUL,-19.279211,-43.587703,1,CNF,80.5,31.0,131.0,0,0,0,0,0,0,0,0
TF,ANLES,-19.189333,-43.440000,0, ,0.0,0.0,0.0,0.0,0,0,0,0,0,0,0,0

SID,TONA1A,EVPAD,3
IF,TONAM,-19.947336,-43.686381, ,0.0,0.0,3,7000,0,0,0,0,0,0
TF,UGETU,-20.068353,-43.339992,0, ,0.0,0.0,0.0,0.0,3,9000,0,0,0,0,0,0
AF,ASBIT,-19.920003,-43.301828,1,BHZ,119.4,40.0,133.0,0,0,0,0,0,0,0,0
TF,EVPAD,-19.957833,-42.978667,0, ,0.0,0.0,0.0,0.0,0,0,0,0,0,0,0,0

SID,TONA1A,GEDOK,3
IF,TONAM,-19.947336,-43.686381, ,0.0,0.0,3,7000,0,0,0,0,0,0
AF,DIKUR,-19.724297,-43.529944,1,CNF,131.8,31.0,162.0,3,7000,0,0,0,0,0,0
AF,ATIPU,-19.041111,-44.006375,1,CNF,27.4,31.0,131.0,3,8000,0,0,0,0,0,0
AF,ORESU,-19.054522,-44.178747,1,CNF,9.2,31.0,27.0,0,0,0,0,0,0,0,0
TF,GEDOK,-18.989500,-44.195500,0, ,0.0,0.0,0.0,0.0,0,0,0,0,0,0,0,0

SID,TONA1A,KOKSU,3
IF,TONAM,-19.947336,-43.686381, ,0.0,0.0,3,7000,0,0,0,0,0,0
AF,DIKUR,-19.724297,-43.529944,1,CNF,131.8,31.0,162.0,3,7000,0,0,0,0,0,0
AF,MUDAR,-19.427814,-43.519186,1,CNF,98.5,31.0,131.0,0,0,0,0,0,0,0,0
TF,KOKSU,-19.377333,-43.316167,0, ,0.0,0.0,0.0,0.0,0,0,0,0,0,0,0,0

SID,TONA1A,OPLEX,3
IF,TONAM,-19.947336,-43.686381, ,0.0,0.0,3,7000,0,0,0,0,0,0
AF,DIKUR,-19.724297,-43.529944,1,CNF,131.8,31.0,162.0,3,7000,0,0,0,0,0,0
AF,ATIPU,-19.041111,-44.006375,1,CNF,27.4,31.0,131.0,3,8000,0,0,0,0,0,0
AF,BOKUB,-19.039600,-44.054819,1,CNF,22.3,31.0,27.0,0,0,0,0,0,0,0,0
TF,OPLEX,-18.956000,-44.055833,0, ,0.0,0.0,0.0,0.0,0,0,0,0,0,0,0,0

SID,TONA1A,PENTE,3
IF,TONAM,-19.947336,-43.686381, ,0.0,0.0,3,7000,0,0,0,0,0,0
AF,DIKUR,-19.724297,-43.529944,1,CNF,131.8,31.0,162.0,3,7000,0,0,0,0,0,0
AF,ATIPU,-19.041111,-44.006375,1,CNF,27.4,31.0,131.0,3,8000,0,0,0,0,0,0
TF,PENTE,-18.964667,-44.000167,0, ,0.0,0.0,0.0,0.0,0,0,0,0,0,0,0,0

SID,TONA1A,SIDOL,3
IF,TONAM,-19.947336,-43.686381, ,0.0,0.0,3,7000,0,0,0,0,0,0
AF,DIKUR,-19.724297,-43.529944,1,CNF,131.8,31.0,162.0,3,7000,0,0,0,0,0,0
AF,ATIPU,-19.041111,-44.006375,1,CNF,27.4,31.0,131.0,3,8000,0,0,0,0,0,0
AF,LOBAN,-19.107883,-44.319547,1,CNF,353.2,31.0,27.0,0,0,0,0,0,0,0,0
TF,SIDOL,-19.068500,-44.343167,0, ,0.0,0.0,0.0,0.0,0,0,0,0,0,0,0,0

SID,TONA1A,YPT,3
IF,TONAM,-19.947336,-43.686381, ,0.0,0.0,3,7000,0,0,0,0,0,0
TF,UGETU,-20.068353,-43.339992,0, ,0.0,0.0,0.0,0.0,3,9000,0,0,0,0,0,0
AF,ASBIT,-19.920003,-43.301828,1,BHZ,119.4,40.0,133.0,0,0,0,0,0,0,0,0
TF,EVPAD,-19.957833,-42.978667,0, ,0.0,0.0,0.0,0.0,0,0,0,0,0,0,0,0
TF,YPT,-19.463000,-42.479500,0, ,0.0,0.0,0.0,0.0,0,0,0,0,0,0,0,0

SID,UBKI1A,13,5
CA,0,133.0,2,5000,0,0,0,0,0,0
CF,KUBEX,-19.931933,-43.723272,0,BHZ,132.0,16.9,133.0,9.0,3,7000,0,0,0,0,0,0
TF,KIMUS,-19.851278,-43.625967,0, ,0.0,0.0,0.0,0.0,3,7000,0,0,0,0,0,0
TF,UBKIS,-19.699625,-43.531503,0, ,0.0,0.0,0.0,0.0,3,11000,0,0,0,0,0,0

SID,UBKI1A,ANLES,6
IF,UBKIS,-19.699625,-43.531503, ,0.0,0.0,3,11000,0,0,0,0,0,0
TF,ANLES,-19.189333,-43.440000,0, ,0.0,0.0,0.0,0.0,2,15000,0,0,0,0,0,0

SID,UBKI1A,KOKSU,6
IF,UBKIS,-19.699625,-43.531503, ,0.0,0.0,3,11000,0,0,0,0,0,0
TF,KOKSU,-19.377333,-43.316167,0, ,0.0,0.0,0.0,0.0,2,15000,0,0,0,0,0,0

SID,UBKI1A,SALVI,6
IF,UBKIS,-19.699625,-43.531503, ,0.0,0.0,3,11000,0,0,0,0,0,0
TF,ANLES,-19.189333,-43.440000,0, ,0.0,0.0,0.0,0.0,2,15000,0,0,0,0,0,0
TF,SALVI,-18.907167,-43.336667,0, ,0.0,0.0,0.0,0.0,3,19000,0,0,0,0,0,0

STAR,ASKA1A,MILOL,4
IF,MILOL,-17.900667,-44.067167, ,0.0,0.0,0,0,0,0,0,0,0,0
TF,ASKAP,-18.538667,-43.702500,0, ,0.0,0.0,0.0,0.0,0,0,0,0,0,0,0,0

STAR,ASKA1A,NITMI,4
IF,NITMI,-17.154000,-43.854833, ,0.0,0.0,0,0,0,0,0,0,0,0
TF,ASKAP,-18.538667,-43.702500,0, ,0.0,0.0,0.0,0.0,0,0,0,0,0,0,0,0

STAR,ASKA1A,13,5
IF,ASKAP,-18.538667,-43.702500, ,0.0,0.0,0,0,0,0,0,0,0,0
TF,ILSIP,-18.934000,-43.658500,0, ,0.0,0.0,0.0,0.0,4,23000,21000,0,0,0,0,0
TF,WH004,-19.158925,-43.914692,0, ,0.0,0.0,0.0,0.0,3,14000,0,0,0,0,0,0
TF,BH042,-19.281667,-44.055000,0, ,0.0,0.0,0.0,0.0,3,12000,0,0,0,0,0,0
TF,BH043,-19.453167,-44.251333,0, ,0.0,0.0,0.0,0.0,2,10000,0,0,0,0,0,0
TF,BH014,-19.545458,-44.357336,0, ,0.0,0.0,0.0,0.0,1,9000,0,0,0,0,0,0
TF,BH013,-19.639450,-44.303364,0, ,0.0,0.0,0.0,0.0,1,7000,0,0,0,0,0,0
TF,PUMAT,-19.745647,-44.242294,0, ,0.0,0.0,0.0,0.0,1,7000,0,1,210,0,0,0

STAR,ESKI1A,FUR,4
IF,FUR,-20.704000,-46.337833, ,0.0,0.0,0,0,0,0,0,0,0,0
TF,POSTA,-19.582333,-45.331667,0, ,0.0,0.0,0.0,0.0,2,15000,0,0,0,0,0,0
TF,ESKIP,-19.468203,-44.769156,0, ,0.0,0.0,0.0,0.0,2,15000,0,0,0,0,0,0

STAR,ESKI1A,GEVMI,4
IF,GEVMI,-16.853000,-44.738000, ,0.0,0.0,0,0,0,0,0,0,0,0
TF,MEBLU,-18.688333,-45.299833,0, ,0.0,0.0,0.0,0.0,0,0,0,0,0,0,0,0
TF,ESKIP,-19.468203,-44.769156,0, ,0.0,0.0,0.0,0.0,2,15000,0,0,0,0,0,0

STAR,ESKI1A,LISBO,4
IF,LISBO,-17.667000,-45.170000, ,0.0,0.0,0,0,0,0,0,0,0,0
TF,MEBLU,-18.688333,-45.299833,0, ,0.0,0.0,0.0,0.0,0,0,0,0,0,0,0,0
TF,ESKIP,-19.468203,-44.769156,0, ,0.0,0.0,0.0,0.0,2,15000,0,0,0,0,0,0

STAR,ESKI1A,MEBLU,4
IF,MEBLU,-18.688333,-45.299833, ,0.0,0.0,0,0,0,0,0,0,0,0
TF,ESKIP,-19.468203,-44.769156,0, ,0.0,0.0,0.0,0.0,2,15000,0,0,0,0,0,0

STAR,ESKI1A,POSTA,4
IF,POSTA,-19.582333,-45.331667, ,0.0,0.0,2,15000,0,0,0,0,0,0
TF,ESKIP,-19.468203,-44.769156,0, ,0.0,0.0,0.0,0.0,2,15000,0,0,0,0,0,0

STAR,ESKI1A,13,6
IF,ESKIP,-19.468203,-44.769156, ,0.0,0.0,2,15000,0,0,0,0,0,0
TF,BH014,-19.545458,-44.357336,0, ,0.0,0.0,0.0,0.0,1,9000,0,0,0,0,0,0
TF,BH013,-19.639450,-44.303364,0, ,0.0,0.0,0.0,0.0,1,7000,0,0,0,0,0,0
TF,PUMAT,-19.745647,-44.242294,0, ,0.0,0.0,0.0,0.0,1,7000,0,1,210,0,0,0

STAR,ESKI1A,31,6
IF,ESKIP,-19.468203,-44.769156, ,0.0,0.0,2,15000,0,0,0,0,0,0
TF,BH014,-19.545458,-44.357336,0, ,0.0,0.0,0.0,0.0,0,0,0,0,0,0,0,0
TF,ISLEG,-19.649700,-44.362022,0, ,0.0,0.0,0.0,0.0,1,10000,0,0,0,0,0,0
TF,BH044,-19.807317,-44.369117,0, ,0.0,0.0,0.0,0.0,1,8000,0,0,0,0,0,0
TF,BH028,-20.089458,-44.252981,0, ,0.0,0.0,0.0,0.0,1,8000,0,0,0,0,0,0
TF,BH041,-20.193989,-43.961008,0, ,0.0,0.0,0.0,0.0,1,8000,0,0,0,0,0,0
TF,OGRET,-20.062167,-43.780667,0, ,0.0,0.0,0.0,0.0,1,8000,0,1,210,0,0,0

STAR,ESKI2B,FUR,4
IF,FUR,-20.704000,-46.337833, ,0.0,0.0,0,0,0,0,0,0,0,0
TF,POSTA,-19.582333,-45.331667,0, ,0.0,0.0,0.0,0.0,0,0,0,0,0,0,0,0
TF,ESKIP,-19.468203,-44.769156,0, ,0.0,0.0,0.0,0.0,2,15000,0,0,0,0,0,0

STAR,ESKI2B,POSTA,4
IF,POSTA,-19.582333,-45.331667, ,0.0,0.0,0,0,0,0,0,0,0,0
TF,ESKIP,-19.468203,-44.769156,0, ,0.0,0.0,0.0,0.0,2,15000,0,0,0,0,0,0

STAR,ESKI2B,13,5
IF,ESKIP,-19.468203,-44.769156, ,0.0,0.0,2,15000,0,0,0,0,0,0
TF,BH014,-19.545458,-44.357336,0, ,0.0,0.0,0.0,0.0,1,9000,0,0,0,0,0,0
TF,BH013,-19.639450,-44.303364,0, ,0.0,0.0,0.0,0.0,1,7000,0,0,0,0,0,0
TF,PUMAT,-19.745647,-44.242294,0, ,0.0,0.0,0.0,0.0,1,7000,0,1,210,0,0,0

STAR,ILSI1A,MILOL,4
IF,MILOL,-17.900667,-44.067167, ,0.0,0.0,0,0,0,0,0,0,0,0
TF,ASKAP,-18.538667,-43.702500,0, ,0.0,0.0,0.0,0.0,0,0,0,0,0,0,0,0
TF,ILSIP,-18.934000,-43.658500,0, ,0.0,0.0,0.0,0.0,4,23000,21000,0,0,0,0,0

STAR,ILSI1A,NITMI,4
IF,NITMI,-17.154000,-43.854833, ,0.0,0.0,0,0,0,0,0,0,0,0
TF,ASKAP,-18.538667,-43.702500,0, ,0.0,0.0,0.0,0.0,0,0,0,0,0,0,0,0
TF,ILSIP,-18.934000,-43.658500,0, ,0.0,0.0,0.0,0.0,4,23000,21000,0,0,0,0,0

STAR,ILSI1A,OPLUT,4
IF,OPLUT,-18.860667,-42.903500, ,0.0,0.0,0,0,0,0,0,0,0,0
TF,SALVI,-18.907167,-43.336667,0, ,0.0,0.0,0.0,0.0,3,26000,0,0,0,0,0,0
TF,EPDIM,-18.919667,-43.483167,0, ,0.0,0.0,0.0,0.0,0,0,0,0,0,0,0,0
TF,ILSIP,-18.934000,-43.658500,0, ,0.0,0.0,0.0,0.0,4,23000,21000,0,0,0,0,0

STAR,ILSI1A,OPVUK,4
IF,OPVUK,-18.417000,-43.073833, ,0.0,0.0,0,0,0,0,0,0,0,0
TF,ILSIP,-18.934000,-43.658500,0, ,0.0,0.0,0.0,0.0,4,23000,21000,0,0,0,0,0

STAR,ILSI1A,POSMU,4
IF,POSMU,-18.758000,-42.448167, ,0.0,0.0,0,0,0,0,0,0,0,0
TF,OPLUT,-18.860667,-42.903500,0, ,0.0,0.0,0.0,0.0,0,0,0,0,0,0,0,0
TF,SALVI,-18.907167,-43.336667,0, ,0.0,0.0,0.0,0.0,3,26000,0,0,0,0,0,0
TF,EPDIM,-18.919667,-43.483167,0, ,0.0,0.0,0.0,0.0,0,0,0,0,0,0,0,0
TF,ILSIP,-18.934000,-43.658500,0, ,0.0,0.0,0.0,0.0,4,23000,21000,0,0,0,0,0

STAR,ILSI1A,SALVI,4
IF,SALVI,-18.907167,-43.336667, ,0.0,0.0,3,26000,0,0,0,0,0,0
TF,EPDIM,-18.919667,-43.483167,0, ,0.0,0.0,0.0,0.0,0,0,0,0,0,0,0,0
TF,ILSIP,-18.934000,-43.658500,0, ,0.0,0.0,0.0,0.0,4,23000,21000,0,0,0,0,0

STAR,ILSI1A,13,6
IF,ILSIP,-18.934000,-43.658500, ,0.0,0.0,4,23000,21000,0,0,0,0,0
TF,WH004,-19.158925,-43.914692,0, ,0.0,0.0,0.0,0.0,3,14000,0,0,0,0,0,0
TF,BH042,-19.281667,-44.055000,0, ,0.0,0.0,0.0,0.0,3,12000,0,0,0,0,0,0
TF,BH043,-19.453167,-44.251333,0, ,0.0,0.0,0.0,0.0,2,10000,0,0,0,0,0,0
TF,BH014,-19.545458,-44.357336,0, ,0.0,0.0,0.0,0.0,1,9000,0,0,0,0,0,0
TF,BH013,-19.639450,-44.303364,0, ,0.0,0.0,0.0,0.0,1,7000,0,0,0,0,0,0
TF,PUMAT,-19.745647,-44.242294,0, ,0.0,0.0,0.0,0.0,1,7000,0,1,210,0,0,0

STAR,ILSI1A,31,6
IF,ILSIP,-18.934000,-43.658500, ,0.0,0.0,4,23000,21000,0,0,0,0,0
TF,WH004,-19.158925,-43.914692,0, ,0.0,0.0,0.0,0.0,3,14000,0,0,0,0,0,0
TF,BH042,-19.281667,-44.055000,0, ,0.0,0.0,0.0,0.0,3,12000,0,0,0,0,0,0
TF,BH043,-19.453167,-44.251333,0, ,0.0,0.0,0.0,0.0,2,10000,0,0,0,0,0,0
TF,BH014,-19.545458,-44.357336,0, ,0.0,0.0,0.0,0.0,0,0,0,0,0,0,0,0
TF,ISLEG,-19.649700,-44.362022,0, ,0.0,0.0,0.0,0.0,1,10000,0,0,0,0,0,0
TF,BH044,-19.807317,-44.369117,0, ,0.0,0.0,0.0,0.0,1,8000,0,0,0,0,0,0
TF,BH028,-20.089458,-44.252981,0, ,0.0,0.0,0.0,0.0,1,8000,0,0,0,0,0,0
TF,BH041,-20.193989,-43.961008,0, ,0.0,0.0,0.0,0.0,1,8000,0,0,0,0,0,0
TF,OGRET,-20.062167,-43.780667,0, ,0.0,0.0,0.0,0.0,1,8000,0,1,210,0,0,0

STAR,OBLE1A,DAKDA,4
IF,DAKDA,-21.281167,-43.093667, ,0.0,0.0,0,0,0,0,0,0,0,0
TF,BH083,-20.859086,-43.289967,0, ,0.0,0.0,0.0,0.0,0,0,0,0,0,0,0,0
TF,BH034,-20.496631,-43.457575,0, ,0.0,0.0,0.0,0.0,2,15000,0,0,0,0,0,0
TF,BH036,-20.232219,-43.579214,0, ,0.0,0.0,0.0,0.0,0,0,0,0,0,0,0,0
TF,OBLEB,-20.062333,-43.657167,0, ,0.0,0.0,0.0,0.0,1,10000,0,0,0,0,0,0

STAR,OBLE1A,MANDU,4
IF,MANDU,-19.080000,-42.499333, ,0.0,0.0,0,0,0,0,0,0,0,0
TF,BH081,-19.289378,-42.722961,0, ,0.0,0.0,0.0,0.0,0,0,0,0,0,0,0,0
TF,NIPDA,-19.656333,-43.117000,0, ,0.0,0.0,0.0,0.0,2,15000,0,0,0,0,0,0
TF,BH032,-19.820000,-43.334333,0, ,0.0,0.0,0.0,0.0,0,0,0,0,0,0,0,0
TF,BH033,-19.936333,-43.488833,0, ,0.0,0.0,0.0,0.0,1,10000,0,0,0,0,0,0
TF,OBLEB,-20.062333,-43.657167,0, ,0.0,0.0,0.0,0.0,1,10000,0,0,0,0,0,0

STAR,OBLE1A,NIPDA,4
IF,NIPDA,-19.656333,-43.117000, ,0.0,0.0,2,15000,0,0,0,0,0,0
TF,BH032,-19.820000,-43.334333,0, ,0.0,0.0,0.0,0.0,0,0,0,0,0,0,0,0
TF,BH033,-19.936333,-43.488833,0, ,0.0,0.0,0.0,0.0,1,10000,0,0,0,0,0,0
TF,OBLEB,-20.062333,-43.657167,0, ,0.0,0.0,0.0,0.0,1,10000,0,0,0,0,0,0

STAR,OBLE1A,POSMU,4
IF,POSMU,-18.758000,-42.448167, ,0.0,0.0,0,0,0,0,0,0,0,0
TF,BH081,-19.289378,-42.722961,0, ,0.0,0.0,0.0,0.0,0,0,0,0,0,0,0,0
TF,NIPDA,-19.656333,-43.117000,0, ,0.0,0.0,0.0,0.0,2,15000,0,0,0,0,0,0
TF,BH032,-19.820000,-43.334333,0, ,0.0,0.0,0.0,0.0,0,0,0,0,0,0,0,0
TF,BH033,-19.936333,-43.488833,0, ,0.0,0.0,0.0,0.0,1,10000,0,0,0,0,0,0
TF,OBLEB,-20.062333,-43.657167,0, ,0.0,0.0,0.0,0.0,1,10000,0,0,0,0,0,0

STAR,OBLE1A,13,6
IF,OBLEB,-20.062333,-43.657167, ,0.0,0.0,1,10000,0,0,0,0,0,0
TF,BH038,-19.954297,-43.959289,0, ,0.0,0.0,0.0,0.0,1,10000,0,0,0,0,0,0
TF,ERVIM,-19.881208,-44.164278,0, ,0.0,0.0,0.0,0.0,4,8000,7000,1,210,0,0,0
FM,ERVIM,-19.881208,-44.164278,0,BHZ,0.0,0.0,310.0,0,0,0,0,0,0,0,0

STAR,OBLE1A,31,6
IF,OBLEB,-20.062333,-43.657167, ,0.0,0.0,1,10000,0,0,0,0,0,0
TF,OGRET,-20.062167,-43.780667,0, ,0.0,0.0,0.0,0.0,2,8000,0,1,210,0,0,0

STAR,UGSI1A,OPKES,4
IF,OPKES,-20.688833,-44.643167, ,0.0,0.0,0,0,0,0,0,0,0,0
TF,UGSIT,-20.533567,-44.428267,0, ,0.0,0.0,0.0,0.0,0,0,0,0,0,0,0,0

STAR,UGSI1A,UTPIN,4
IF,UTPIN,-21.196667,-44.676000, ,0.0,0.0,0,0,0,0,0,0,0,0
TF,UGSIT,-20.533567,-44.428267,0, ,0.0,0.0,0.0,0.0,0,0,0,0,0,0,0,0

STAR,UGSI1A,13,6
IF,UGSIT,-20.533567,-44.428267, ,0.0,0.0,0,0,0,0,0,0,0,0
TF,BISOL,-20.275919,-44.332608,0, ,0.0,0.0,0.0,0.0,2,13000,0,0,0,0,0,0
TF,BH028,-20.089458,-44.252981,0, ,0.0,0.0,0.0,0.0,3,11000,0,0,0,0,0,0
TF,BH004,-20.011333,-44.219667,0, ,0.0,0.0,0.0,0.0,2,9000,0,0,0,0,0,0
TF,ERVIM,-19.881208,-44.164278,0, ,0.0,0.0,0.0,0.0,4,8000,7000,1,210,0,0,0
FM,ERVIM,-19.881208,-44.164278,1,BHZ,0.0,0.0,310.0,0,0,0,0,0,0,0,0

STAR,UGSI1A,31,6
IF,UGSIT,-20.533567,-44.428267, ,0.0,0.0,0,0,0,0,0,0,0,0
TF,BH039,-20.350025,-44.175258,0, ,0.0,0.0,0.0,0.0,3,10000,0,0,0,0,0,0
TF,BH041,-20.193989,-43.961008,0, ,0.0,0.0,0.0,0.0,1,8000,0,0,0,0,0,0
TF,OGRET,-20.062167,-43.780667,0, ,0.0,0.0,0.0,0.0,1,8000,0,1,210,0,0,0

APPTR,L13,13,ERVIM
IF,ERVIM,-19.881208,-44.164278, ,0.0,0.0,2,7000,0,0,0,0,1,0
CF,IVSAM,-19.786072,-44.130128,0,IPM,312.8,11.7,41.0,6.0,2,5700,0,0,0,0,1,0

APPTR,L13,13,PUMAT
IF,PUMAT,-19.745647,-44.242294, ,0.0,0.0,2,7000,0,0,0,0,1,0
CF,IVSAM,-19.786072,-44.130128,0,IPM,312.8,11.7,133.0,6.8,2,5700,0,0,0,0,1,0

FINAL,L13,13,D,4
IF,IVSAM,-19.786072,-44.130128,IPM,312.8,11.7,2,5700,0,0,0,0,0,0
CF,POPRI,-19.817083,-44.043914,0,IPM,312.8,6.5,133.0,5.2,2,4500,0,0,0,0,2,0
CF,30THR,-19.829311,-44.009875,0,IPM,312.8,4.4,133.0,2.1,2,3500,0,0,0,0,0,0
CF,RW13,-19.847039,-43.960494,0,IPM,312.8,1.4,133.0,3.0,1,2631,0,0,0,0,3,1
CF,OPSAB,-19.989964,-43.560444,0,BHZ,132.3,26.7,133.0,24.0,2,8000,0,0,0,0,0,0
HM,OPSAB,-19.989964,-43.560444,1, ,0.0,0.0,133.0,04.3,2,8000,0,0,0,0,0,0,0

APPTR,Q13-A,13,OGRET
IF,OGRET,-20.062167,-43.780667, ,0.0,0.0,2,8000,0,0,0,0,1,0
TF,ASDEN,-19.984667,-43.845333,0, ,0.0,0.0,0.0,0.0,2,5900,0,0,0,0,1,0

FINAL,Q13-A,13,N,4
IF,ASDEN,-19.984667,-43.845333,BHZ,0.0,0.0,2,5900,0,0,0,0,0,0
CF,PUPIN,-19.934758,-43.886908,0,BHZ,0.0,0.0,344.0,3.8,2,5200,0,0,0,0,2,0
CF,BHZ1,-19.914617,-43.903606,0,BHZ,0.0,0.0,344.0,1.5,2,3700,0,0,0,0,0,0
CF,ENPOX,-19.869081,-43.941675,0,BHZ,0.0,4.0,344.0,3.5,1,3570,0,0,0,0,3,1
DF,BHZ,-19.835769,-44.003561,0, ,0.0,0.0,0,0,0,0,0,0,0,0
CF,PUMAT,-19.745647,-44.242294,0,BHZ,313.7,14.5,314.0,14.5,2,6000,0,0,0,0,0,0
HM,PUMAT,-19.745647,-44.242294,1, ,0.0,0.0,134.0,04.3,2,6000,0,0,0,0,0,0,0

APPTR,Q31-A,31,OGRET
IF,OGRET,-20.062167,-43.780667, ,0.0,0.0,2,8000,0,0,0,0,1,0
TF,ASDEN,-19.984667,-43.845333,0, ,0.0,0.0,0.0,0.0,2,5900,0,0,0,0,1,0

FINAL,Q31-A,31,N,4
IF,ASDEN,-19.984667,-43.845333,BHZ,0.0,0.0,2,5900,0,0,0,0,0,0
CF,PUPIN,-19.934758,-43.886908,0,BHZ,0.0,0.0,344.0,3.8,2,5200,0,0,0,0,2,0
CF,BHZ1,-19.914617,-43.903606,0,BHZ,0.0,0.0,344.0,1.5,2,3700,0,0,0,0,0,0
CF,ENPOX,-19.869081,-43.941675,0,BHZ,0.0,4.0,344.0,3.5,1,3570,0,0,0,0,3,1
DF,BHZ,-19.835769,-44.003561,0, ,0.0,0.0,0,0,0,0,0,0,0,0
CF,PUMAT,-19.745647,-44.242294,0,BHZ,313.7,14.5,314.0,14.5,2,6000,0,0,0,0,0,0
HM,PUMAT,-19.745647,-44.242294,1, ,0.0,0.0,134.0,04.3,2,6000,0,0,0,0,0,0,0

APPTR,R13-A,13,OGRET
IF,OGRET,-20.062167,-43.780667, ,0.0,0.0,2,8000,0,0,0,0,1,0
TF,ASDEN,-19.984667,-43.845333,0, ,0.0,0.0,0.0,0.0,2,5900,0,0,0,0,1,0

FINAL,R13-A,13,R,3
IF,ASDEN,-19.984667,-43.845333, ,0.0,0.0,2,5900,0,0,0,0,0,0
TF,PUPIN,-19.934758,-43.886908,0, ,0.0,0.0,344.0,3.8,2,5200,0,0,0,0,2,0
TF,ENPOX,-19.869081,-43.941675,0, ,0.0,0.0,344.0,5.0,1,3570,0,0,0,0,3,1
CF,PUMAT,-19.745647,-44.242294,0,BHZ,313.7,14.5,316.0,18.5,2,6000,0,0,0,0,0,1
HM,PUMAT,-19.745647,-44.242294,1, ,0.0,0.0,137.0,04.3,2,6000,0,0,0,0,0,0,0

APPTR,R31-A,31,OGRET
IF,OGRET,-20.062167,-43.780667, ,0.0,0.0,2,8000,0,0,0,0,1,0
TF,ASDEN,-19.984667,-43.845333,0, ,0.0,0.0,0.0,0.0,2,5900,0,0,0,0,1,0

FINAL,R31-A,31,R,3
IF,ASDEN,-19.984667,-43.845333, ,0.0,0.0,2,5900,0,0,0,0,0,0
TF,PUPIN,-19.934758,-43.886908,0, ,0.0,0.0,344.0,3.8,2,5200,0,0,0,0,2,0
TF,ENPOX,-19.869081,-43.941675,0, ,0.0,0.0,344.0,5.0,1,3570,0,0,0,0,3,1
CF,PUMAT,-19.745647,-44.242294,0,BHZ,313.7,14.5,316.0,18.5,2,6000,0,0,0,0,0,1
HM,PUMAT,-19.745647,-44.242294,1, ,0.0,0.0,137.0,04.3,2,6000,0,0,0,0,0,0,0

