SID,AMVO1A,06,5
CF,ILPUX,-20.397483,-54.604503,0,BGC,305.3,474.2,60.0,5.5,0,0,0,0,0,0,0,1
TF,AMVOL,-20.745667,-54.337500,2, ,0.0,0.0,0.0,0.0,0,0,0,0,0,0,0,0

SID,AMVO1A,ALGAN,6
IF,AMVOL,-20.745667,-54.337500, ,0.0,0.0,0,0,0,0,0,0,0,0
TF,ALGAN,-20.934500,-54.902333,0, ,0.0,0.0,0.0,0.0,0,0,0,0,0,0,0,0

SID,AMVO1A,RETER,6
IF,AMVOL,-20.745667,-54.337500, ,0.0,0.0,0,0,0,0,0,0,0,0
TF,RETER,-21.076000,-54.969500,0, ,0.0,0.0,0.0,0.0,0,0,0,0,0,0,0,0

SID,AMVO1B,24,5
CF,OPVAG,-20.515833,-54.718167,0,BGC,304.2,477.8,240.0,3.0,0,0,0,0,0,0,0,1
TF,AMVOL,-20.745667,-54.337500,1, ,0.0,0.0,0.0,0.0,0,0,0,0,0,0,0,0

SID,AMVO1B,ANSEN,6
IF,AMVOL,-20.745667,-54.337500, ,0.0,0.0,0,0,0,0,0,0,0,0
TF,ANSEN,-20.458667,-53.961500,0, ,0.0,0.0,0.0,0.0,0,0,0,0,0,0,0,0

SID,AMVO1B,BRAKE,6
IF,AMVOL,-20.745667,-54.337500, ,0.0,0.0,0,0,0,0,0,0,0,0
TF,BRAKE,-20.624167,-53.979500,0, ,0.0,0.0,0.0,0.0,0,0,0,0,0,0,0,0

SID,AMVO1B,CREMA,6
IF,AMVOL,-20.745667,-54.337500, ,0.0,0.0,0,0,0,0,0,0,0,0
TF,CREMA,-20.079167,-54.094000,0, ,0.0,0.0,0.0,0.0,0,0,0,0,0,0,0,0

SID,AMVO1B,ENROD,6
IF,AMVOL,-20.745667,-54.337500, ,0.0,0.0,0,0,0,0,0,0,0,0
TF,ENROD,-20.755833,-54.029333,0, ,0.0,0.0,0.0,0.0,0,0,0,0,0,0,0,0

SID,AMVO1B,IRLAM,6
IF,AMVOL,-20.745667,-54.337500, ,0.0,0.0,0,0,0,0,0,0,0,0
TF,IRLAM,-20.801000,-54.053333,0, ,0.0,0.0,0.0,0.0,0,0,0,0,0,0,0,0

SID,AMVO1B,KISAB,6
IF,AMVOL,-20.745667,-54.337500, ,0.0,0.0,0,0,0,0,0,0,0,0
TF,KISAB,-20.911333,-54.137167,0, ,0.0,0.0,0.0,0.0,0,0,0,0,0,0,0,0

SID,GIKV1A,24,2
CA,0,239.0,2,2240,0,0,0,0,0,0
CF,GIKVA,-20.556431,-54.786042,0,GRD,248.5,7.0,249.0,7.5,0,0,0,0,0,0,0,0

SID,GIKV1A,ATNAS,3
IF,GIKVA,-20.556431,-54.786042, ,0.0,0.0,0,0,0,0,0,0,0,0
AF,GRD02,-20.427717,-54.798017,2,GRD,315.4,7.0,249.0,0,0,0,1,260,0,0,0
TF,ATNAS,-20.167833,-55.304000,0, ,0.0,0.0,0.0,0.0,0,0,0,0,0,0,0,0

SID,GIKV1A,CREMA,3
IF,GIKVA,-20.556431,-54.786042, ,0.0,0.0,0,0,0,0,0,0,0,0
AF,CG025,-20.415206,-54.587875,2,GRD,71.3,7.0,249.0,0,0,0,1,260,0,0,0
TF,CREMA,-20.079167,-54.094000,0, ,0.0,0.0,0.0,0.0,0,0,0,0,0,0,0,0

SID,GIKV1A,INASU,3
IF,GIKVA,-20.556431,-54.786042, ,0.0,0.0,0,0,0,0,0,0,0,0
AF,GRD01,-20.370125,-54.719811,2,GRD,2.5,7.0,249.0,0,0,0,1,260,0,0,0
TF,INASU,-19.826167,-54.868000,0, ,0.0,0.0,0.0,0.0,0,0,0,0,0,0,0,0

SID,GIKV1A,VAGOR,3
IF,GIKVA,-20.556431,-54.786042, ,0.0,0.0,0,0,0,0,0,0,0,0
AF,GRD03,-20.456356,-54.809653,2,GRD,300.4,7.0,249.0,0,0,0,1,260,0,0,0
TF,VAGOR,-20.330436,-55.364678,0, ,0.0,0.0,0.0,0.0,0,0,0,0,0,0,0,0

SID,GIKV1B,24,2
CA,0,239.0,2,2240,0,0,0,0,0,0
CF,GIKVA,-20.556431,-54.786042,0,GRD,248.5,7.0,249.0,7.5,0,0,0,0,0,0,0,0

SID,GIKV1B,ALGAN,3
IF,GIKVA,-20.556431,-54.786042, ,0.0,0.0,0,0,0,0,0,0,0,0
VI,0, ,0.0,178.0,0,0,0,1,270,0,0,0
CF,ALGAN,-20.934500,-54.902333,0,GRD,221.0,29.5,221.0,20.0,0,0,0,0,0,0,0,0

SID,GIKV1B,ANSEN,3
IF,GIKVA,-20.556431,-54.786042, ,0.0,0.0,0,0,0,0,0,0,0,0
AF,GRD04,-20.479478,-54.564592,1,GRD,105.1,7.0,249.0,0,0,0,1,270,0,0,0
TF,ANSEN,-20.458667,-53.961500,0, ,0.0,0.0,0.0,0.0,0,0,0,0,0,0,0,0

SID,GIKV1B,BRAKE,3
IF,GIKVA,-20.556431,-54.786042, ,0.0,0.0,0,0,0,0,0,0,0,0
AF,GRD05,-20.507844,-54.567219,1,GRD,119.0,7.0,249.0,0,0,0,1,270,0,0,0
TF,BRAKE,-20.624167,-53.979500,0, ,0.0,0.0,0.0,0.0,0,0,0,0,0,0,0,0

SID,GIKV1B,ENROD,3
IF,GIKVA,-20.556431,-54.786042, ,0.0,0.0,0,0,0,0,0,0,0,0
AF,GRD06,-20.530736,-54.575053,1,GRD,130.8,7.0,249.0,0,0,0,1,270,0,0,0
TF,ENROD,-20.755833,-54.029333,0, ,0.0,0.0,0.0,0.0,0,0,0,0,0,0,0,0

SID,GIKV1B,GAVEB,3
IF,GIKVA,-20.556431,-54.786042, ,0.0,0.0,0,0,0,0,0,0,0,0
AF,GRD09,-20.600417,-54.681603,1,GRD,193.7,7.0,249.0,0,0,0,1,270,0,0,0
TF,GAVEB,-21.137667,-54.649333,0, ,0.0,0.0,0.0,0.0,0,0,0,0,0,0,0,0

SID,GIKV1B,IRLAM,3
IF,GIKVA,-20.556431,-54.786042, ,0.0,0.0,0,0,0,0,0,0,0,0
AF,GRD07,-20.538578,-54.579094,1,GRD,135.1,7.0,249.0,0,0,0,1,270,0,0,0
TF,IRLAM,-20.801000,-54.053333,0, ,0.0,0.0,0.0,0.0,0,0,0,0,0,0,0,0

SID,GIKV1B,KISAB,3
IF,GIKVA,-20.556431,-54.786042, ,0.0,0.0,0,0,0,0,0,0,0,0
AF,GRD08,-20.558117,-54.592981,1,GRD,146.6,7.0,249.0,0,0,0,1,270,0,0,0
TF,KISAB,-20.911333,-54.137167,0, ,0.0,0.0,0.0,0.0,0,0,0,0,0,0,0,0

SID,GIKV1B,RETER,3
IF,GIKVA,-20.556431,-54.786042, ,0.0,0.0,0,0,0,0,0,0,0,0
VI,0, ,0.0,178.0,0,0,0,1,270,0,0,0
CF,ALGAN,-20.934500,-54.902333,0,GRD,221.0,29.5,221.0,20.0,0,0,0,0,0,0,0,0
TF,RETER,-21.076000,-54.969500,0, ,0.0,0.0,0.0,0.0,0,0,0,0,0,0,0,0

SID,ILPU1A,06,2
CF,ILPUX,-20.397483,-54.604503,0,GRD,59.7,7.0,60.0,5.5,0,0,0,0,0,0,0,0

SID,ILPU1A,ATNAS,3
IF,ILPUX,-20.397483,-54.604503, ,0.0,0.0,0,0,0,0,0,0,0,0
AF,GRD02,-20.427717,-54.798017,1,GRD,315.4,7.0,60.0,0,0,0,1,280,0,0,0
TF,ATNAS,-20.167833,-55.304000,0, ,0.0,0.0,0.0,0.0,0,0,0,0,0,0,0,0

SID,ILPU1A,CREMA,3
IF,ILPUX,-20.397483,-54.604503, ,0.0,0.0,0,0,0,0,0,0,0,0
VI,0, ,0.0,102.0,0,0,0,1,280,0,0,0
CF,CREMA,-20.079167,-54.094000,0,GRD,71.3,41.4,72.0,32.3,0,0,0,0,0,0,0,0

SID,ILPU1A,INASU,3
IF,ILPUX,-20.397483,-54.604503, ,0.0,0.0,0,0,0,0,0,0,0,0
AF,GRD01,-20.370125,-54.719811,1,GRD,2.5,7.0,60.0,0,0,0,1,280,0,0,0
TF,INASU,-19.826167,-54.868000,0, ,0.0,0.0,0.0,0.0,0,0,0,0,0,0,0,0

SID,ILPU1A,VAGOR,3
IF,ILPUX,-20.397483,-54.604503, ,0.0,0.0,0,0,0,0,0,0,0,0
AF,GRD03,-20.456356,-54.809653,1,GRD,300.4,7.0,60.0,0,0,0,1,280,0,0,0
TF,VAGOR,-20.330436,-55.364678,0, ,0.0,0.0,0.0,0.0,0,0,0,0,0,0,0,0

SID,ILPU1B,06,2
CF,ILPUX,-20.397483,-54.604503,0,GRD,59.7,7.0,60.0,5.5,0,0,0,0,0,0,0,0

SID,ILPU1B,ALGAN,3
IF,ILPUX,-20.397483,-54.604503, ,0.0,0.0,0,0,0,0,0,0,0,0
AF,GRD10,-20.590508,-54.739300,2,GRD,221.0,7.0,60.0,0,0,0,1,270,0,0,0
TF,ALGAN,-20.934500,-54.902333,0, ,0.0,0.0,0.0,0.0,0,0,0,0,0,0,0,0

SID,ILPU1B,ANSEN,3
IF,ILPUX,-20.397483,-54.604503, ,0.0,0.0,0,0,0,0,0,0,0,0
AF,GRD04,-20.479478,-54.564592,2,GRD,105.1,7.0,60.0,0,0,0,1,270,0,0,0
TF,ANSEN,-20.458667,-53.961500,0, ,0.0,0.0,0.0,0.0,0,0,0,0,0,0,0,0

SID,ILPU1B,BRAKE,3
IF,ILPUX,-20.397483,-54.604503, ,0.0,0.0,0,0,0,0,0,0,0,0
AF,GRD05,-20.507844,-54.567219,2,GRD,119.0,7.0,60.0,0,0,0,1,270,0,0,0
TF,BRAKE,-20.624167,-53.979500,0, ,0.0,0.0,0.0,0.0,0,0,0,0,0,0,0,0

SID,ILPU1B,ENROD,3
IF,ILPUX,-20.397483,-54.604503, ,0.0,0.0,0,0,0,0,0,0,0,0
AF,GRD06,-20.530736,-54.575053,2,GRD,130.8,7.0,60.0,0,0,0,1,270,0,0,0
TF,ENROD,-20.755833,-54.029333,0, ,0.0,0.0,0.0,0.0,0,0,0,0,0,0,0,0

SID,ILPU1B,GAVEB,3
IF,ILPUX,-20.397483,-54.604503, ,0.0,0.0,0,0,0,0,0,0,0,0
AF,GRD09,-20.600417,-54.681603,2,GRD,193.7,7.0,60.0,0,0,0,1,270,0,0,0
TF,GAVEB,-21.137667,-54.649333,0, ,0.0,0.0,0.0,0.0,0,0,0,0,0,0,0,0

SID,ILPU1B,IRLAM,3
IF,ILPUX,-20.397483,-54.604503, ,0.0,0.0,0,0,0,0,0,0,0,0
AF,GRD07,-20.538578,-54.579094,2,GRD,135.1,7.0,60.0,0,0,0,1,270,0,0,0
TF,IRLAM,-20.801000,-54.053333,0, ,0.0,0.0,0.0,0.0,0,0,0,0,0,0,0,0

SID,ILPU1B,KISAB,3
IF,ILPUX,-20.397483,-54.604503, ,0.0,0.0,0,0,0,0,0,0,0,0
AF,GRD08,-20.558117,-54.592981,2,GRD,146.6,7.0,60.0,0,0,0,1,270,0,0,0
TF,KISAB,-20.911333,-54.137167,0, ,0.0,0.0,0.0,0.0,0,0,0,0,0,0,0,0

SID,ILPU1B,RETER,3
IF,ILPUX,-20.397483,-54.604503, ,0.0,0.0,0,0,0,0,0,0,0,0
AF,GRD10,-20.590508,-54.739300,2,GRD,221.0,7.0,60.0,0,0,0,1,270,0,0,0
TF,ALGAN,-20.934500,-54.902333,0, ,0.0,0.0,0.0,0.0,0,0,0,0,0,0,0,0
TF,RETER,-21.076000,-54.969500,0, ,0.0,0.0,0.0,0.0,0,0,0,0,0,0,0,0

SID,ILPU1C,06,5
CF,ILPUX,-20.397483,-54.604503,0,BGC,305.3,474.2,60.0,5.5,0,0,0,0,0,0,0,1

SID,ILPU1C,ATNAS,6
IF,ILPUX,-20.397483,-54.604503, ,0.0,0.0,0,0,0,0,0,0,0,0
TF,ATNAS,-20.167833,-55.304000,0, ,0.0,0.0,0.0,0.0,0,0,0,0,0,0,0,0

SID,ILPU1C,DAKBU,6
IF,ILPUX,-20.397483,-54.604503, ,0.0,0.0,0,0,0,0,0,0,0,0
TF,ATNAS,-20.167833,-55.304000,0, ,0.0,0.0,0.0,0.0,0,0,0,0,0,0,0,0
TF,DAKBU,-19.927833,-57.489500,0, ,0.0,0.0,0.0,0.0,0,0,0,0,0,0,0,0

SID,ILPU1C,INASU,6
IF,ILPUX,-20.397483,-54.604503, ,0.0,0.0,0,0,0,0,0,0,0,0
TF,INASU,-19.826167,-54.868000,0, ,0.0,0.0,0.0,0.0,0,0,0,0,0,0,0,0

SID,ILPU1D,06,5
CF,ILPUX,-20.397483,-54.604503,0,BGC,305.3,474.2,60.0,5.5,0,0,0,0,0,0,0,1

SID,ILPU1D,ANSEN,6
IF,ILPUX,-20.397483,-54.604503, ,0.0,0.0,0,0,0,0,0,0,0,0
TF,ANSEN,-20.458667,-53.961500,0, ,0.0,0.0,0.0,0.0,0,0,0,0,0,0,0,0

SID,ILPU1D,BRAKE,6
IF,ILPUX,-20.397483,-54.604503, ,0.0,0.0,0,0,0,0,0,0,0,0
TF,BRAKE,-20.624167,-53.979500,0, ,0.0,0.0,0.0,0.0,0,0,0,0,0,0,0,0

SID,ILPU1D,CREMA,6
IF,ILPUX,-20.397483,-54.604503, ,0.0,0.0,0,0,0,0,0,0,0,0
TF,CREMA,-20.079167,-54.094000,0, ,0.0,0.0,0.0,0.0,0,0,0,0,0,0,0,0

SID,ILPU1D,ENROD,6
IF,ILPUX,-20.397483,-54.604503, ,0.0,0.0,0,0,0,0,0,0,0,0
TF,ENROD,-20.755833,-54.029333,0, ,0.0,0.0,0.0,0.0,0,0,0,0,0,0,0,0

SID,ILPU1D,IRLAM,6
IF,ILPUX,-20.397483,-54.604503, ,0.0,0.0,0,0,0,0,0,0,0,0
TF,IRLAM,-20.801000,-54.053333,0, ,0.0,0.0,0.0,0.0,0,0,0,0,0,0,0,0

SID,ILPU1D,KISAB,6
IF,ILPUX,-20.397483,-54.604503, ,0.0,0.0,0,0,0,0,0,0,0,0
TF,KISAB,-20.911333,-54.137167,0, ,0.0,0.0,0.0,0.0,0,0,0,0,0,0,0,0

SID,OPVA1A,24,5
CF,OPVAG,-20.515833,-54.718167,0,BGC,304.2,477.8,240.0,3.0,0,0,0,0,0,0,0,1

SID,OPVA1A,ALGAN,6
IF,OPVAG,-20.515833,-54.718167, ,0.0,0.0,0,0,0,0,0,0,0,0
TF,ALGAN,-20.934500,-54.902333,0, ,0.0,0.0,0.0,0.0,0,0,0,0,0,0,0,0

SID,OPVA1A,ATNAS,6
IF,OPVAG,-20.515833,-54.718167, ,0.0,0.0,0,0,0,0,0,0,0,0
TF,ATNAS,-20.167833,-55.304000,0, ,0.0,0.0,0.0,0.0,0,0,0,0,0,0,0,0

SID,OPVA1A,DAKBU,6
IF,OPVAG,-20.515833,-54.718167, ,0.0,0.0,0,0,0,0,0,0,0,0
TF,BUTGU,-20.380828,-55.374994,0, ,0.0,0.0,0.0,0.0,0,0,0,0,0,0,0,0
TF,DAKBU,-19.927833,-57.489500,0, ,0.0,0.0,0.0,0.0,0,0,0,0,0,0,0,0

SID,OPVA1A,ETEXU,6
IF,OPVAG,-20.515833,-54.718167, ,0.0,0.0,0,0,0,0,0,0,0,0
TF,ETEXU,-20.011833,-54.965833,0, ,0.0,0.0,0.0,0.0,0,0,0,0,0,0,0,0

SID,OPVA1A,INASU,6
IF,OPVAG,-20.515833,-54.718167, ,0.0,0.0,0,0,0,0,0,0,0,0
TF,ETEXU,-20.011833,-54.965833,0, ,0.0,0.0,0.0,0.0,0,0,0,0,0,0,0,0
TF,INASU,-19.826167,-54.868000,0, ,0.0,0.0,0.0,0.0,0,0,0,0,0,0,0,0

SID,OPVA1A,RETER,6
IF,OPVAG,-20.515833,-54.718167, ,0.0,0.0,0,0,0,0,0,0,0,0
TF,ALGAN,-20.934500,-54.902333,0, ,0.0,0.0,0.0,0.0,0,0,0,0,0,0,0,0
TF,RETER,-21.076000,-54.969500,0, ,0.0,0.0,0.0,0.0,0,0,0,0,0,0,0,0

STAR,AGEN1A,06,5
IF,AGENT,-20.016500,-55.619833, ,0.0,0.0,2,15000,0,0,0,0,0,0
TF,CG007,-20.342833,-55.003000,0, ,0.0,0.0,0.0,0.0,2,9000,0,1,210,0,0,0
TF,CG363,-20.564333,-54.900500,0, ,0.0,0.0,0.0,0.0,2,5000,0,0,0,0,0,0

STAR,AGENT1,24,5
IF,AGENT,-20.016500,-55.619833, ,0.0,0.0,0,0,0,0,0,0,0,0
TF,CG002,-20.211500,-54.803667,0, ,0.0,0.0,0.0,0.0,2,9000,0,1,250,0,0,0
TF,CG374,-20.248667,-54.595833,0, ,0.0,0.0,0.0,0.0,2,5000,0,1,210,0,0,0

STAR,DUNC1A,06,5
IF,DUNCE,-21.454167,-53.475833, ,0.0,0.0,0,0,0,0,0,0,0,0
TF,CG001,-21.160833,-53.832833,0, ,0.0,0.0,0.0,0.0,2,15000,0,0,0,0,0,0
TF,CG003,-20.825667,-54.490000,0, ,0.0,0.0,0.0,0.0,2,9000,0,0,0,0,0,0
TF,CG366,-20.691333,-54.752167,0, ,0.0,0.0,0.0,0.0,2,5000,0,0,0,0,0,0

STAR,DUNC1B,24,5
IF,DUNCE,-21.454167,-53.475833, ,0.0,0.0,2,15000,0,0,0,0,0,0
TF,CLOSE,-20.966000,-53.743833,0, ,0.0,0.0,0.0,0.0,0,0,0,0,0,0,0,0
TF,CG008,-20.734500,-54.019667,0, ,0.0,0.0,0.0,0.0,2,13000,0,0,0,0,0,0
TF,CG011,-20.534000,-54.258667,0, ,0.0,0.0,0.0,0.0,2,8000,0,0,0,0,0,0
TF,CG372,-20.375500,-54.447833,0, ,0.0,0.0,0.0,0.0,2,5000,0,0,0,0,0,0

STAR,KOXA1A,06,5
IF,KOXAL,-19.335500,-55.020000, ,0.0,0.0,2,15000,0,0,0,0,0,0
TF,CG007,-20.342833,-55.003000,0, ,0.0,0.0,0.0,0.0,2,9000,0,1,210,0,0,0
TF,CG363,-20.564333,-54.900500,0, ,0.0,0.0,0.0,0.0,2,5000,0,0,0,0,0,0

STAR,KOXAL1,24,5
IF,KOXAL,-19.335500,-55.020000, ,0.0,0.0,0,0,0,0,0,0,0,0
TF,CG002,-20.211500,-54.803667,0, ,0.0,0.0,0.0,0.0,2,9000,0,1,250,0,0,0
TF,CG374,-20.248667,-54.595833,0, ,0.0,0.0,0.0,0.0,2,5000,0,1,210,0,0,0

STAR,LIVE1A,24,5
IF,LIVER,-19.207833,-52.824500, ,0.0,0.0,0,0,0,0,0,0,0,0
TF,CG013,-20.117833,-54.228167,0, ,0.0,0.0,0.0,0.0,2,9000,0,1,250,0,0,0
TF,CG373,-20.275500,-54.486667,0, ,0.0,0.0,0.0,0.0,2,5000,0,1,210,0,0,0

STAR,LIVE1B,24,5
IF,LIVER,-19.207833,-52.824500, ,0.0,0.0,0,0,0,0,0,0,0,0
TF,CG012,-20.182000,-54.184167,0, ,0.0,0.0,0.0,0.0,2,9000,0,1,250,0,0,0
TF,CG372,-20.375500,-54.447833,0, ,0.0,0.0,0.0,0.0,2,5000,0,0,0,0,0,0

STAR,RETE1A,06,5
IF,RETER,-21.076000,-54.969500, ,0.0,0.0,2,15000,0,0,0,0,0,0
TF,CG004,-20.870000,-54.915167,0, ,0.0,0.0,0.0,0.0,2,7000,0,0,0,0,0,0
TF,CG364,-20.664333,-54.861667,0, ,0.0,0.0,0.0,0.0,2,5000,0,0,0,0,0,0

STAR,RETE1B,24,5
IF,RETER,-21.076000,-54.969500, ,0.0,0.0,2,15000,0,0,0,0,0,0
TF,CG016,-20.651500,-54.603000,0, ,0.0,0.0,0.0,0.0,2,8000,0,0,0,0,0,0
TF,CG372,-20.375500,-54.447833,0, ,0.0,0.0,0.0,0.0,2,5000,0,0,0,0,0,0

STAR,VURO1A,06,5
IF,VUROB,-19.727333,-53.578167, ,0.0,0.0,2,15000,0,0,0,0,0,0
TF,CG006,-20.520000,-54.526167,0, ,0.0,0.0,0.0,0.0,2,9000,0,1,210,0,0,0
TF,CG366,-20.691333,-54.752167,0, ,0.0,0.0,0.0,0.0,2,5000,0,0,0,0,0,0

APPTR,D24-Z,24,ATNAS
IF,ATNAS,-20.167833,-55.304000, ,0.0,0.0,0,0,0,0,0,0,0,0
TF,D314M,-20.379833,-54.891583,0, ,0.0,0.0,0.0,0.0,0,0,0,0,0,0,0,0
VI,0, ,0.0,134.0,0,0,0,0,0,0,0,0
AF,D002K,-20.305325,-54.737517,2,GRD,1.5,11.0,314.0,2,5000,0,0,0,0,0,0
AF,D060K,-20.350578,-54.553811,2,GRD,59.8,11.0,2.0,2,4000,0,0,0,0,0,0
CF,ISOMO,-20.380833,-54.584500,0,GRD,59.8,8.5,240.0,2.5,2,4000,0,0,0,0,0,0

APPTR,D24-Z,24,CREMA
IF,CREMA,-20.079167,-54.094000, ,0.0,0.0,0,0,0,0,0,0,0,0
TF,D071M,-20.356603,-54.501447,0, ,0.0,0.0,0.0,0.0,0,0,0,0,0,0,0,0
VI,0, ,0.0,251.0,0,0,0,0,0,0,0,0
AF,D060K,-20.350578,-54.553811,1,GRD,59.8,11.0,71.0,2,4000,0,0,0,0,0,0
CF,ISOMO,-20.380833,-54.584500,0,GRD,59.8,8.5,240.0,2.5,2,4000,0,0,0,0,0,0

APPTR,D24-Z,24,DARAL
IF,DARAL,-20.701833,-54.004333, ,0.0,0.0,0,0,0,0,0,0,0,0
TF,D125M,-20.553578,-54.470256,0, ,0.0,0.0,0.0,0.0,0,0,0,0,0,0,0,0
VI,0, ,0.0,305.0,0,0,0,0,0,0,0,0
AF,D112K,-20.499972,-54.494278,1,GRD,111.2,11.0,125.0,2,5000,0,0,0,0,0,0
AF,D060K,-20.350578,-54.553811,1,GRD,59.8,11.0,112.0,2,4000,0,0,0,0,0,0
CF,ISOMO,-20.380833,-54.584500,0,GRD,59.8,8.5,240.0,2.5,2,4000,0,0,0,0,0,0

APPTR,D24-Z,24,INASU
IF,INASU,-19.826167,-54.868000, ,0.0,0.0,0,0,0,0,0,0,0,0
TF,D002M,-20.272928,-54.746367,0, ,0.0,0.0,0.0,0.0,0,0,0,0,0,0,0,0
VI,0, ,0.0,182.0,0,0,0,0,0,0,0,0
AF,D060K,-20.350578,-54.553811,2,GRD,59.8,11.0,2.0,2,4000,0,0,0,0,0,0
CF,ISOMO,-20.380833,-54.584500,0,GRD,59.8,8.5,240.0,2.5,2,4000,0,0,0,0,0,0

APPTR,D24-Z,24,ISOMO
HF,ISOMO,-20.380833,-54.584500,1, ,0.0,0.0,240.0,04.5,2,4000,0,0,0,0,0,0,0

APPTR,D24-Z,24,ITALO
IF,ITALO,-23.065667,-54.587167, ,0.0,0.0,0,0,0,0,0,0,0,0
TF,D193M,-20.700836,-54.680369,0, ,0.0,0.0,0.0,0.0,0,0,0,0,0,0,0,0
VI,0, ,0.0,13.0,0,0,0,0,0,0,0,0
AF,D112K,-20.499972,-54.494278,1,GRD,111.2,11.0,193.0,2,5000,0,0,0,0,0,0
AF,D060K,-20.350578,-54.553811,1,GRD,59.8,11.0,112.0,2,4000,0,0,0,0,0,0
CF,ISOMO,-20.380833,-54.584500,0,GRD,59.8,8.5,240.0,2.5,2,4000,0,0,0,0,0,0

APPTR,D24-Z,24,RETER
IF,RETER,-21.076000,-54.969500, ,0.0,0.0,0,0,0,0,0,0,0,0
TF,D220M,-20.682206,-54.782653,0, ,0.0,0.0,0.0,0.0,0,0,0,0,0,0,0,0
VI,0, ,0.0,40.0,0,0,0,0,0,0,0,0
AF,D112K,-20.499972,-54.494278,1,GRD,111.2,11.0,220.0,2,5000,0,0,0,0,0,0
AF,D060K,-20.350578,-54.553811,1,GRD,59.8,11.0,112.0,2,4000,0,0,0,0,0,0
CF,ISOMO,-20.380833,-54.584500,0,GRD,59.8,8.5,240.0,2.5,2,4000,0,0,0,0,0,0

APPTR,D24-Z,24,SIOGA
IF,SIOGA,-20.543667,-53.964667, ,0.0,0.0,0,0,0,0,0,0,0,0
TF,D112M,-20.502942,-54.458908,0, ,0.0,0.0,0.0,0.0,0,0,0,0,0,0,0,0
VI,0, ,0.0,292.0,0,0,0,0,0,0,0,0
AF,D060K,-20.350578,-54.553811,1,GRD,59.8,11.0,112.0,2,4000,0,0,0,0,0,0
CF,ISOMO,-20.380833,-54.584500,0,GRD,59.8,8.5,240.0,2.5,2,4000,0,0,0,0,0,0

FINAL,D24-Z,24,D,4
IF,ISOMO,-20.380833,-54.584500,GRD,59.8,8.5,2,4000,0,0,0,0,0,0
CF,FF24,-20.400461,-54.603739,0,GRD,60.0,6.9,240.0,1.6,2,3480,0,0,0,0,2,0
CF,50VOR,-20.423333,-54.627147,0,GRD,60.0,5.0,240.0,1.9,2,2880,0,0,0,0,0,0
CF,RW24,-20.461283,-54.665564,0,GRD,60.5,1.9,240.0,3.1,1,1885,0,0,0,0,3,0
CF,GRD,-20.483514,-54.688783,0,GRD,0.0,0.0,240.0,1.9,0,0,0,0,0,0,0,0
CA,0,240.0,2,3000,0,0,0,0,0,0
DF,ISOMO,-20.380833,-54.584500,2, ,0.0,0.0,2,4000,0,0,0,0,0,0
HM,ISOMO,-20.380833,-54.584500,1, ,0.0,0.0,240.0,04.5,0,0,0,0,0,0,0,0,0

APPTR,I06-T,06,CG363
IF,CG363,-20.564333,-54.900500, ,0.0,0.0,2,5000,0,0,0,0,1,0
CF,CG362,-20.602500,-54.801833,0,ICG,239.2,11.5,128.0,6.0,2,3800,0,0,0,0,1,0

APPTR,I06-T,06,CG364
IF,CG364,-20.664333,-54.861667, ,0.0,0.0,2,5000,0,0,0,0,1,0
CF,CG362,-20.602500,-54.801833,0,ICG,239.2,11.5,59.0,5.0,2,3800,0,0,0,0,1,0

APPTR,I06-T,06,CG366
IF,CG366,-20.691333,-54.752167, ,0.0,0.0,2,5000,0,0,0,0,1,0
CF,CG362,-20.602500,-54.801833,0,ICG,239.2,11.5,348.0,6.0,2,3800,0,0,0,0,1,0

FINAL,I06-T,06,I,3
IF,CG362,-20.602500,-54.801833,ICG,239.2,11.5,2,3800,0,0,0,0,0,0
CF,CG376,-20.530667,-54.732500,0,ICG,239.2,5.7,59.0,5.8,1,3200,0,0,0,0,2,0
CF,RW06,-20.478667,-54.682325,0,ICG,239.0,1.6,59.0,4.2,1,1859,0,0,0,0,3,0
TF,CG373,-20.275500,-54.486667,0, ,0.0,0.0,0.0,0.0,2,4000,0,0,0,0,0,1
HM,CG373,-20.275500,-54.486667,2, ,0.0,0.0,239.0,04.3,0,0,0,0,0,0,0,0,0

APPTR,I06-W,06,ATNAS
IF,ATNAS,-20.167833,-55.304000, ,0.0,0.0,0,0,0,0,0,0,0,0
TF,D314K,-20.397036,-54.861108,0, ,0.0,0.0,0.0,0.0,0,0,0,0,0,0,0,0
AF,D239K,-20.618039,-54.822078,1,GRD,239.0,11.0,314.0,2,4000,0,0,0,0,0,0
CF,KOLRA,-20.596500,-54.795667,0,ICG,239.1,11.0,59.0,2.0,2,4000,0,0,0,0,0,0

APPTR,I06-W,06,CREMA
IF,CREMA,-20.079167,-54.094000, ,0.0,0.0,0,0,0,0,0,0,0,0
TF,D071K,-20.376142,-54.530247,0, ,0.0,0.0,0.0,0.0,0,0,0,0,0,0,0,0
AF,D193K,-20.667272,-54.678550,2,GRD,193.0,11.0,71.0,2,5000,0,0,0,0,0,0
AF,D239K,-20.618039,-54.822078,2,GRD,239.0,11.0,193.0,2,4000,0,0,0,0,0,0
CF,KOLRA,-20.596500,-54.795667,0,ICG,239.1,11.0,59.0,2.0,2,4000,0,0,0,0,0,0

APPTR,I06-W,06,DARAL
IF,DARAL,-20.701833,-54.004333, ,0.0,0.0,0,0,0,0,0,0,0,0
TF,D125K,-20.542817,-54.503889,0, ,0.0,0.0,0.0,0.0,0,0,0,0,0,0,0,0
AF,D193K,-20.667272,-54.678550,2,GRD,193.0,11.0,125.0,2,5000,0,0,0,0,0,0
AF,D239K,-20.618039,-54.822078,2,GRD,239.0,11.0,193.0,2,4000,0,0,0,0,0,0
CF,KOLRA,-20.596500,-54.795667,0,ICG,239.1,11.0,59.0,2.0,2,4000,0,0,0,0,0,0

APPTR,I06-W,06,INASU
IF,INASU,-19.826167,-54.868000, ,0.0,0.0,0,0,0,0,0,0,0,0
TF,D002K,-20.305325,-54.737517,0, ,0.0,0.0,0.0,0.0,0,0,0,0,0,0,0,0
AF,D314K,-20.397036,-54.861108,1,GRD,314.0,11.0,2.0,2,5000,0,0,0,0,0,0
AF,D239K,-20.618039,-54.822078,1,GRD,239.0,11.0,314.0,2,4000,0,0,0,0,0,0
CF,KOLRA,-20.596500,-54.795667,0,ICG,239.1,11.0,59.0,2.0,2,4000,0,0,0,0,0,0

APPTR,I06-W,06,ITALO
IF,ITALO,-23.065667,-54.587167, ,0.0,0.0,0,0,0,0,0,0,0,0
TF,D193K,-20.667272,-54.678550,0, ,0.0,0.0,0.0,0.0,0,0,0,0,0,0,0,0
AF,D239K,-20.618039,-54.822078,2,GRD,239.0,11.0,193.0,2,4000,0,0,0,0,0,0
CF,KOLRA,-20.596500,-54.795667,0,ICG,239.1,11.0,59.0,2.0,2,4000,0,0,0,0,0,0

APPTR,I06-W,06,KOLRA
HF,KOLRA,-20.596500,-54.795667,2, ,0.0,0.0,59.0,04.3,2,4000,0,0,0,0,0,0,0

APPTR,I06-W,06,RETER
IF,RETER,-21.076000,-54.969500, ,0.0,0.0,0,0,0,0,0,0,0,0
TF,D220K,-20.651639,-54.768194,0, ,0.0,0.0,0.0,0.0,0,0,0,0,0,0,0,0
AF,D239K,-20.618039,-54.822078,2,GRD,239.0,11.0,220.0,2,4000,0,0,0,0,0,0
CF,KOLRA,-20.596500,-54.795667,0,ICG,239.1,11.0,59.0,2.0,2,4000,0,0,0,0,0,0

APPTR,I06-W,06,SIOGA
IF,SIOGA,-20.543667,-53.964667, ,0.0,0.0,0,0,0,0,0,0,0,0
TF,D112K,-20.499972,-54.494278,0, ,0.0,0.0,0.0,0.0,0,0,0,0,0,0,0,0
AF,D193K,-20.667272,-54.678550,2,GRD,193.0,11.0,112.0,2,5000,0,0,0,0,0,0
AF,D239K,-20.618039,-54.822078,2,GRD,239.0,11.0,193.0,2,4000,0,0,0,0,0,0
CF,KOLRA,-20.596500,-54.795667,0,ICG,239.1,11.0,59.0,2.0,2,4000,0,0,0,0,0,0

FINAL,I06-W,06,I,3
IF,KOLRA,-20.596500,-54.795667,ICG,239.1,11.0,2,4000,0,0,0,0,0,0
CF,FI06,-20.531775,-54.733425,0,ICG,239.1,5.8,59.0,5.2,1,3200,0,0,0,0,2,0
CF,RW06,-20.478667,-54.682325,0,ICG,239.0,1.6,59.0,4.3,1,1859,0,0,0,0,3,0
CA,0,59.0,2,3500,0,0,0,0,0,0
DF,KOLRA,-20.596500,-54.795667,2, ,0.0,0.0,2,4000,0,0,0,0,0,0
HM,KOLRA,-20.596500,-54.795667,2, ,0.0,0.0,59.0,04.3,0,0,0,0,0,0,0,0,0

APPTR,R06,06,CG363
IF,CG363,-20.564333,-54.900500, ,0.0,0.0,2,5000,0,0,0,0,1,0
TF,CG362,-20.602500,-54.801833,0, ,0.0,0.0,0.0,0.0,2,4000,0,0,0,0,1,0

APPTR,R06,06,CG364
IF,CG364,-20.664333,-54.861667, ,0.0,0.0,2,5000,0,0,0,0,1,0
TF,CG362,-20.602500,-54.801833,0, ,0.0,0.0,0.0,0.0,2,4000,0,0,0,0,1,0

APPTR,R06,06,CG366
IF,CG366,-20.691333,-54.752167, ,0.0,0.0,2,5000,0,0,0,0,1,0
TF,CG362,-20.602500,-54.801833,0, ,0.0,0.0,0.0,0.0,2,4000,0,0,0,0,1,0

FINAL,R06,06,R,4
IF,CG362,-20.602500,-54.801833, ,0.0,0.0,2,4000,0,0,0,0,0,0
TF,CG361,-20.540500,-54.742000,0, ,0.0,0.0,59.0,5.0,2,3450,0,0,0,0,2,0
TF,20THR,-20.503422,-54.706214,0, ,0.0,0.0,59.0,3.0,2,2300,0,0,0,0,0,0
TF,RW06,-20.478667,-54.682325,0, ,0.0,0.0,59.0,2.0,1,1854,0,0,0,0,3,1
TF,CG373,-20.275500,-54.486667,0, ,0.0,0.0,0.0,0.0,2,4000,0,0,0,0,0,0
HM,CG373,-20.275500,-54.486667,2, ,0.0,0.0,59.0,04.3,0,0,0,0,0,0,0,0,0

APPTR,R24,24,CG372
IF,CG372,-20.375500,-54.447833, ,0.0,0.0,2,5000,0,0,0,0,1,0
TF,CG371,-20.337500,-54.546333,0, ,0.0,0.0,0.0,0.0,2,3800,0,0,0,0,1,0

APPTR,R24,24,CG373
IF,CG373,-20.275500,-54.486667, ,0.0,0.0,2,5000,0,0,0,0,1,0
TF,CG371,-20.337500,-54.546333,0, ,0.0,0.0,0.0,0.0,2,3800,0,0,0,0,1,0

APPTR,R24,24,CG374
IF,CG374,-20.248667,-54.595833, ,0.0,0.0,2,5000,0,0,0,0,1,0
TF,CG371,-20.337500,-54.546333,0, ,0.0,0.0,0.0,0.0,2,3800,0,0,0,0,1,0

FINAL,R24,24,R,4
IF,CG371,-20.337500,-54.546333, ,0.0,0.0,2,3800,0,0,0,0,0,0
TF,CG369,-20.399333,-54.605833,0, ,0.0,0.0,239.0,5.0,2,3480,0,0,0,0,2,0
TF,24THR,-20.431467,-54.636833,0, ,0.0,0.0,239.0,2.6,2,2620,0,0,0,0,0,0
TF,RW24,-20.461283,-54.665564,0, ,0.0,0.0,239.0,2.4,1,1885,0,0,0,0,3,1
TF,CG362,-20.602500,-54.801833,0, ,0.0,0.0,0.0,0.0,2,4000,0,0,0,0,0,1
HM,CG362,-20.602500,-54.801833,2, ,0.0,0.0,59.0,04.3,0,0,0,0,0,0,0,0,0

APPTR,S06,06,GRD
IF,GRD,-20.483514,-54.688783, ,0.0,0.0,2,4000,0,0,0,0,0,0
FC,GRD,-20.483514,-54.688783,0,GRD,0.0,0.0,257.0,7.0,0,0,0,0,0,0,0,1
CF,CS06,-20.575769,-54.765336,1,GRD,234.0,7.0,54.0,1.0,2,3500,0,0,0,0,0,0

FINAL,S06,06,D,3
IF,CS06,-20.575769,-54.765336,GRD,234.0,7.0,2,3500,0,0,0,0,0,0
CF,FS06,-20.542825,-54.737986,0,GRD,234.0,4.5,54.0,2.5,2,3450,0,0,0,0,2,0
CF,GRD,-20.483514,-54.688783,0,GRD,0.0,0.0,54.0,4.5,1,2023,0,0,0,0,3,0
CA,0,58.0,2,3500,0,0,0,0,0,0
DF,GRD,-20.483514,-54.688783,2, ,0.0,0.0,2,4000,0,0,0,0,0,0
HM,GRD,-20.483514,-54.688783,2, ,0.0,0.0,257.0,04.3,0,0,0,0,0,0,0,0,0

APPTR,S24-Y,24,GRD
FC,GRD,-20.483514,-54.688783,0,GRD,0.0,0.0,79.0,10.5,2,4000,0,0,0,0,0,1
CF,CF24,-20.357111,-54.559403,1,GRD,60.0,10.5,240.0,1.0,2,3500,0,0,0,0,0,0

FINAL,S24-Y,24,D,4
IF,CF24,-20.357111,-54.559403,GRD,60.0,10.5,2,3500,0,0,0,0,0,0
CF,FF24,-20.400461,-54.603739,0,GRD,60.0,6.9,240.0,3.6,2,3480,0,0,0,0,2,0
CF,50VOR,-20.423333,-54.627147,0,GRD,60.0,5.0,240.0,1.9,2,2880,0,0,0,0,0,0
CF,RW24,-20.461283,-54.665564,0,GRD,60.5,1.9,240.0,3.1,1,1885,0,0,0,0,3,0
CF,GRD,-20.483514,-54.688783,0,GRD,0.0,0.0,240.0,1.9,0,0,0,0,0,0,0,0
CA,0,240.0,2,3000,0,0,0,0,0,0
DF,GRD,-20.483514,-54.688783,2, ,0.0,0.0,2,4000,0,0,0,0,0,0
HM,GRD,-20.483514,-54.688783,2, ,0.0,0.0,79.0,04.3,0,0,0,0,0,0,0,0,0

