SID,AVON,09,1
VA,0,93.0,2,1500,0,0,0,0,0,0
DF,CRY,-28.722389,-49.409775,2, ,0.0,0.0,2,3000,0,0,0,0,0,0

SID,AVON,27,1
VA,0,273.0,2,500,0,0,0,0,0,0
DF,CRY,-28.722389,-49.409775,1, ,0.0,0.0,2,3000,0,0,0,0,0,0

SID,AVON,ALL,2
IF,CRY,-28.722389,-49.409775, ,0.0,0.0,2,3000,0,0,0,0,0,0
TF,AVON,-28.539500,-49.589167,0, ,0.0,0.0,0.0,0.0,2,7000,0,0,0,0,0,0
TF,LJS,-27.782414,-50.276508,0, ,0.0,0.0,0.0,0.0,0,0,0,0,0,0,0,0

SID,CTB1A,09,5
CA,0,92.0,2,500,0,0,0,0,0,0
CF,CM002,-28.703667,-49.325667,0,CRY,92.9,4.6,94.0,5.0,0,0,0,0,0,0,0,1
TF,CTB,-25.532031,-49.167664,0, ,0.0,0.0,0.0,0.0,0,0,0,0,0,0,0,0

SID,CTB1B,27,5
CA,0,274.0,2,600,0,1,180,0,0,0
CI,0, ,0.0,353.0,0,0,0,0,0,0,0,0
CF,CTB,-25.532031,-49.167664,0,CRY,20.9,191.3,23.0,187.0,0,0,0,0,0,0,0,0

SID,ELAT1A,09,5
CA,0,92.0,2,500,0,0,0,0,0,0
CF,CM002,-28.703667,-49.325667,0,CRY,92.9,4.6,94.0,5.0,0,0,0,0,0,0,0,1
DF,CM001,-28.748167,-49.524167,1, ,0.0,0.0,0,0,0,0,0,0,0,0
TF,ELATE,-29.626000,-50.527000,0, ,0.0,0.0,0.0,0.0,0,0,0,0,0,0,0,0

SID,ELAT1B,27,5
CA,0,274.0,2,600,0,1,180,0,0,0
CI,0, ,0.0,215.0,0,0,0,0,0,0,0,0
CF,ELATE,-29.626000,-50.527000,0,CRY,244.1,79.8,245.0,75.0,0,0,0,0,0,0,0,0

SID,FLN1A,09,5
CA,0,92.0,2,500,0,0,0,0,0,0
CF,CM002,-28.703667,-49.325667,0,CRY,92.9,4.6,94.0,5.0,0,0,0,0,0,0,0,1
TF,FLN,-27.669917,-48.540453,0, ,0.0,0.0,0.0,0.0,0,0,0,0,0,0,0,0

SID,FLN1B,27,5
CA,0,274.0,2,600,0,1,180,0,0,0
CI,2, ,0.0,85.0,0,0,0,0,0,0,0,0
CF,FLN,-27.669917,-48.540453,0,CRY,53.4,78.0,55.0,75.0,0,0,0,0,0,0,0,0

SID,JUIC1A,09,5
CA,0,92.0,2,500,0,0,0,0,0,0
CF,CM002,-28.703667,-49.325667,0,CRY,92.9,4.6,94.0,5.0,0,0,0,0,0,0,0,1
DF,CM001,-28.748167,-49.524167,1, ,0.0,0.0,0,0,0,0,0,0,0,0
TF,JUICE,-29.481167,-50.553333,0, ,0.0,0.0,0.0,0.0,0,0,0,0,0,0,0,0

SID,JUIC1B,27,5
CA,0,274.0,2,600,0,1,180,0,0,0
CI,0, ,0.0,221.0,0,0,0,0,0,0,0,0
CF,JUICE,-29.481167,-50.553333,0,CRY,249.7,75.3,251.0,70.0,0,0,0,0,0,0,0,0

SID,PAJA1A,09,5
CA,0,92.0,2,500,0,0,0,0,0,0
CF,CM002,-28.703667,-49.325667,0,CRY,92.9,4.6,94.0,5.0,0,0,0,0,0,0,0,1
TF,PAJAM,-28.105167,-48.963833,0, ,0.0,0.0,0.0,0.0,0,0,0,0,0,0,0,0

SID,PAJA1B,27,5
CA,0,274.0,2,600,0,1,180,0,0,0
CI,2, ,0.0,81.0,0,0,0,0,0,0,0,0
CF,PAJAM,-28.105167,-48.963833,0,CRY,49.7,43.8,51.0,39.0,0,0,0,0,0,0,0,0

SID,PONC1A,09,5
CA,0,92.0,2,500,0,0,0,0,0,0
CF,CM002,-28.703667,-49.325667,0,CRY,92.9,4.6,94.0,5.0,0,0,0,0,0,0,0,1
TF,PONCA,-26.912333,-48.745000,0, ,0.0,0.0,0.0,0.0,0,0,0,0,0,0,0,0

SID,PONC1B,27,5
CA,0,274.0,2,600,0,1,180,0,0,0
CI,2, ,0.0,7.0,0,0,0,0,0,0,0,0
CF,PONCA,-26.912333,-48.745000,0,CRY,35.2,113.9,37.0,115.0,0,0,0,0,0,0,0,0

SID,PONC1C,09,1
CA,0,95.0,2,1000,0,0,0,0,0,0
CF,PONCA,-26.912333,-48.745000,0,CRY,35.2,113.9,36.0,113.9,0,0,0,0,0,0,0,0

SID,PONC1C,27,1
CA,0,275.0,2,1000,0,0,0,0,0,0
DF,CRY,-28.722389,-49.409775,1, ,0.0,0.0,0,0,0,0,0,0,0,0
CF,PONCA,-26.912333,-48.745000,0,CRY,35.2,113.9,36.0,113.9,0,0,0,0,0,0,0,0

SID,TIBE,09,1
VA,0,93.0,2,1500,0,0,0,0,0,0
DF,CRY,-28.722389,-49.409775,2, ,0.0,0.0,0,0,0,0,0,0,0,0
TF,TIBE,-28.811047,-49.787450,0, ,0.0,0.0,0.0,0.0,0,0,0,0,0,0,0,0

SID,TIBE,27,1
VA,0,273.0,2,500,0,0,0,0,0,0
CF,TIBE,-28.811047,-49.787450,0,CRY,272.0,20.6,272.0,20.0,0,0,0,0,0,0,0,0

SID,TIBE,ALL,2
IF,TIBE,-28.811047,-49.787450, ,0.0,0.0,0,0,0,0,0,0,0,0
TF,JUICE,-29.481167,-50.553333,0, ,0.0,0.0,0.0,0.0,0,0,0,0,0,0,0,0

SID,TUVA,09,1
VA,0,93.0,2,1500,0,0,0,0,0,0
DF,CRY,-28.722389,-49.409775,2, ,0.0,0.0,0,0,0,0,0,0,0,0
TF,TUVA,-28.919744,-49.727397,0, ,0.0,0.0,0.0,0.0,0,0,0,0,0,0,0,0

SID,TUVA,27,1
VA,0,273.0,2,500,0,0,0,0,0,0
CF,TUVA,-28.919744,-49.727397,0,CRY,251.7,20.5,252.0,20.0,0,0,0,0,0,0,0,0

SID,TUVA,ALL,2
IF,TUVA,-28.919744,-49.727397, ,0.0,0.0,0,0,0,0,0,0,0,0
TF,JUICE,-29.481167,-50.553333,0, ,0.0,0.0,0.0,0.0,0,0,0,0,0,0,0,0

APPTR,D09-Z,09,CRY
IF,CRY,-28.722389,-49.409775, ,0.0,0.0,2,3000,0,0,0,0,1,0
FD,CRY,-28.722389,-49.409775,0,CRY,0.0,8.0,254.0,8.0,2,2300,0,0,0,0,0,0
CF,CRY08,-28.755756,-49.556650,2,CRY,273.5,8.0,94.0,1.0,2,2300,0,0,0,0,0,0

FINAL,D09-Z,09,D,3
IF,CRY08,-28.755756,-49.556650,CRY,273.5,8.0,2,2300,0,0,0,0,0,0
CF,CRY09,-28.747428,-49.519925,0,CRY,273.5,6.0,94.0,2.0,2,1670,0,0,0,0,2,0
CF,CRY10,-28.727500,-49.432222,0,CRY,273.5,1.2,94.0,4.8,1,153,0,0,0,0,3,0
CF,CRY,-28.722389,-49.409775,0,CRY,0.0,0.0,94.0,1.2,0,0,0,0,0,0,0,0
FA,CRY,-28.722389,-49.409775,0,CRY,0.0,0.0,94.0,2,1000,0,0,0,0,0,0
DF,CRY,-28.722389,-49.409775,2, ,0.0,0.0,2,3000,0,0,0,0,0,0
HM,CRY,-28.722389,-49.409775,1, ,0.0,0.0,254.0,04.3,2,3000,0,0,0,0,0,0,0

APPTR,D27-Z,27,D267I
IF,D267I,-28.776189,-49.569133, ,0.0,0.0,2,3000,0,0,0,0,0,0
TF,CRY04,-28.770297,-49.551644,0, ,0.0,0.0,0.0,0.0,0,0,0,0,0,0,0,0
AF,CRY03,-28.763689,-49.265258,1,CRY,126.0,8.0,267.0,2,3000,0,0,0,0,0,0
AF,ISOXA,-28.687725,-49.263083,1,CRY,93.0,8.0,126.0,2,2000,0,0,0,0,1,0

APPTR,D27-Z,27,D338I
IF,D338I,-28.607136,-49.519319, ,0.0,0.0,2,7000,0,0,0,0,0,0
TF,CRY01,-28.619883,-49.507450,0, ,0.0,0.0,0.0,0.0,0,0,0,0,0,0,0,0
AF,CRY02,-28.622742,-49.308364,2,CRY,59.9,8.0,338.0,2,4000,0,0,0,0,0,0
AF,ISOXA,-28.687725,-49.263083,2,CRY,93.0,8.0,60.0,2,2000,0,0,0,0,1,0

FINAL,D27-Z,27,D,4
IF,ISOXA,-28.687725,-49.263083,CRY,93.0,8.0,2,2000,0,0,0,0,0,0
CF,CRY05,-28.699044,-49.310906,0,CRY,93.0,5.4,273.0,2.6,2,2000,0,0,0,0,2,0
CF,CRY06,-28.713753,-49.373153,0,CRY,93.0,2.0,273.0,3.4,2,800,0,0,0,0,0,0
CF,CRY,-28.722389,-49.409775,0,CRY,0.0,0.0,273.0,2.0,1,270,0,0,0,0,3,0
CA,0,273.0,2,1200,0,0,0,0,0,0
DF,CRY,-28.722389,-49.409775,1, ,0.0,0.0,0,0,0,0,0,0,0,0
TF,ISOXA,-28.687725,-49.263083,0, ,0.0,0.0,0.0,0.0,2,3000,0,0,0,0,0,0
HM,ISOXA,-28.687725,-49.263083,2, ,0.0,0.0,273.0,04.3,0,0,0,0,0,0,0,0,0

APPTR,R09,09,CM021
IF,CM021,-28.849283,-49.591681, ,0.0,0.0,2,3000,0,0,0,0,1,0
TF,CM020,-28.768317,-49.615078,0, ,0.0,0.0,0.0,0.0,2,2500,0,0,0,0,1,0

FINAL,R09,09,R,3
IF,CM020,-28.768317,-49.615078, ,0.0,0.0,2,2500,0,0,0,0,0,0
TF,CM012,-28.747819,-49.523161,0, ,0.0,0.0,94.0,5.0,2,1700,0,0,0,0,2,0
TF,RW09,-28.727258,-49.431281,0, ,0.0,0.0,94.0,5.0,1,137,0,0,0,0,3,1
VA,0,94.0,2,600,0,0,0,0,0,0
DF,CM021,-28.849283,-49.591681,2, ,0.0,0.0,2,3000,0,1,180,0,0,1
HM,CM021,-28.849283,-49.591681,1, ,0.0,0.0,4.0,04.3,0,0,0,0,0,0,0,0,0

APPTR,R27,27,CM009
IF,CM009,-28.593128,-49.190144, ,0.0,0.0,2,3000,0,0,0,0,1,0
TF,CM005,-28.662550,-49.242839,0, ,0.0,0.0,0.0,0.0,2,2500,0,0,0,0,1,0

FINAL,R27,27,R,4
IF,CM005,-28.662550,-49.242839, ,0.0,0.0,2,2500,0,0,0,0,0,0
TF,CM002,-28.703667,-49.325667,0, ,0.0,0.0,259.0,5.0,2,1700,0,0,0,0,2,0
TF,CM023,-28.714231,-49.373214,0, ,0.0,0.0,274.0,2.6,2,650,0,0,0,0,0,0
TF,RW27,-28.724119,-49.417272,0, ,0.0,0.0,274.0,2.4,1,133,0,0,0,0,3,1
VA,0,274.0,2,600,0,0,0,0,0,0
DF,CM009,-28.593128,-49.190144,2, ,0.0,0.0,2,3000,0,0,0,0,0,1
HM,CM009,-28.593128,-49.190144,2, ,0.0,0.0,232.0,04.3,0,0,0,0,0,0,0,0,0

