SID,AGIL,10,1
CA,0,98.0,2,1040,0,0,0,0,0,0
VI,0, ,0.0,149.0,0,0,0,0,0,0,0,0
CF,AGIL,-7.805833,-72.366500,0,CZS,121.2,27.0,119.0,24.0,0,0,0,0,0,0,0,0

SID,AGIL,28,1
CA,0,278.0,2,1040,0,0,0,0,0,0
VI,1, ,0.0,89.0,0,0,0,0,0,0,0,0
CF,AGIL,-7.805833,-72.366500,0,CZS,121.2,27.0,119.0,21.0,0,0,0,0,0,0,0,0

SID,AGIL,BLOTA,3
IF,AGIL,-7.805833,-72.366500, ,0.0,0.0,0,0,0,0,0,0,0,0
TF,BLOTA,-8.148333,-71.616667,0, ,0.0,0.0,0.0,0.0,0,0,0,0,0,0,0,0

SID,AGIL,PANOL,3
IF,AGIL,-7.805833,-72.366500, ,0.0,0.0,0,0,0,0,0,0,0,0
TF,PANOL,-8.660500,-70.528333,0, ,0.0,0.0,0.0,0.0,0,0,0,0,0,0,0,0

SID,AGIL1A,10,5
CF,CZ016,-7.603167,-72.708333,0,CZS,91.8,3.9,98.0,4.0,0,0,0,0,0,0,0,1
TF,AGIL,-7.805833,-72.366500,0, ,0.0,0.0,0.0,0.0,0,0,0,0,0,0,0,0

SID,AGIL1B,28,5
CF,CZ017,-7.596833,-72.830667,0,CZS,284.9,3.5,278.0,4.0,0,0,0,0,0,0,0,1
DF,CZ019,-7.683667,-72.773833,1, ,0.0,0.0,0,0,0,0,0,0,0,1
TF,AGIL,-7.805833,-72.366500,0, ,0.0,0.0,0.0,0.0,0,0,0,0,0,0,0,0

SID,EDAL,10,1
CA,0,98.0,2,1040,0,0,0,0,0,0
CF,EDAL,-7.352942,-72.555017,0,CZS,45.7,20.0,42.0,20.0,0,0,0,0,0,0,0,0

SID,EDAL,28,1
CA,0,278.0,2,1040,0,0,0,0,0,0
VI,2, ,0.0,100.0,0,0,0,0,0,0,0,0
CF,EDAL,-7.352942,-72.555017,0,CZS,45.7,20.0,42.0,15.0,0,0,0,0,0,0,0,0

SID,EDAL,ERP,3
IF,EDAL,-7.352942,-72.555017, ,0.0,0.0,0,0,0,0,0,0,0,0
TF,PIVA,-7.467667,-72.342333,0, ,0.0,0.0,0.0,0.0,0,0,0,0,0,0,0,0
TF,ERP,-6.661167,-69.872500,0, ,0.0,0.0,0.0,0.0,0,0,0,0,0,0,0,0

SID,GITU,10,1
CA,0,98.0,2,1040,0,0,0,0,0,0
CF,GITU,-7.519250,-72.502014,0,CZS,77.1,17.0,75.0,17.0,0,0,0,0,0,0,0,0

SID,GITU,28,1
CA,0,278.0,2,1040,0,0,0,0,0,0
VI,2, ,0.0,100.0,0,0,0,0,0,0,0,0
CF,GITU,-7.519250,-72.502014,0,CZS,77.1,17.0,75.0,6.0,0,0,0,0,0,0,0,0

SID,GITU,ERP,3
IF,GITU,-7.519250,-72.502014, ,0.0,0.0,0,0,0,0,0,0,0,0
TF,PIVA,-7.467667,-72.342333,0, ,0.0,0.0,0.0,0.0,0,0,0,0,0,0,0,0
TF,ERP,-6.661167,-69.872500,0, ,0.0,0.0,0.0,0.0,0,0,0,0,0,0,0,0

SID,INGA,10,1
CA,0,98.0,2,1040,0,0,0,0,0,0
VI,2, ,0.0,246.0,0,0,0,0,0,0,0,0
CF,INGA,-7.882464,-72.965267,0,CZS,219.7,20.0,216.0,12.0,0,0,0,0,0,0,0,0

SID,INGA,28,1
CA,0,278.0,2,1040,0,0,0,0,0,0
CF,INGA,-7.882464,-72.965267,0,CZS,219.7,20.0,216.0,20.0,0,0,0,0,0,0,0,0

SID,INGA,KEBOM,3
IF,INGA,-7.882464,-72.965267, ,0.0,0.0,0,0,0,0,0,0,0,0
TF,NIVA,-7.800167,-73.184000,0, ,0.0,0.0,0.0,0.0,0,0,0,0,0,0,0,0
TF,KEBOM,-8.000000,-73.677778,0, ,0.0,0.0,0.0,0.0,0,0,0,0,0,0,0,0

SID,NIVA,10,1
CA,0,98.0,2,1040,0,0,0,0,0,0
VI,2, ,0.0,276.0,0,0,0,0,0,0,0,0
CF,NIVA,-7.800167,-73.184000,0,CZS,249.7,27.0,246.0,18.0,0,0,0,0,0,0,0,0

SID,NIVA,28,1
CA,0,278.0,2,1040,0,0,0,0,0,0
CF,NIVA,-7.800167,-73.184000,0,CZS,249.7,27.0,246.0,27.0,0,0,0,0,0,0,0,0

SID,NIVA,KEBOM,3
IF,NIVA,-7.800167,-73.184000, ,0.0,0.0,0,0,0,0,0,0,0,0
TF,KEBOM,-8.000000,-73.677778,0, ,0.0,0.0,0.0,0.0,0,0,0,0,0,0,0,0

SID,NIVA1A,10,5
CF,CZ016,-7.603167,-72.708333,0,CZS,91.8,3.9,98.0,4.0,0,0,0,0,0,0,0,1
DF,CZ019,-7.683667,-72.773833,2, ,0.0,0.0,0,0,0,0,0,0,0,1
TF,NIVA,-7.800167,-73.184000,0, ,0.0,0.0,0.0,0.0,0,0,0,0,0,0,0,0

SID,NIVA1B,28,5
CF,CZ017,-7.596833,-72.830667,0,CZS,284.9,3.5,278.0,4.0,0,0,0,0,0,0,0,1
TF,NIVA,-7.800167,-73.184000,0, ,0.0,0.0,0.0,0.0,0,0,0,0,0,0,0,0

SID,OPEL,10,1
CA,0,98.0,2,1040,0,0,0,0,0,0
VI,0, ,0.0,178.0,0,0,0,0,0,0,0,0
CF,OPEL,-7.883828,-72.584567,0,CZS,150.8,20.0,148.0,15.0,0,0,0,0,0,0,0,0

SID,OPEL,28,1
CA,0,278.0,2,1040,0,0,0,0,0,0
VI,1, ,0.0,118.0,0,0,0,0,0,0,0,0
CF,OPEL,-7.883828,-72.584567,0,CZS,150.8,20.0,148.0,15.0,0,0,0,0,0,0,0,0

SID,OPEL,BLOTA,3
IF,OPEL,-7.883828,-72.584567, ,0.0,0.0,0,0,0,0,0,0,0,0
TF,AGIL,-7.805833,-72.366500,0, ,0.0,0.0,0.0,0.0,0,0,0,0,0,0,0,0
TF,BLOTA,-8.148333,-71.616667,0, ,0.0,0.0,0.0,0.0,0,0,0,0,0,0,0,0

SID,OPEL,PANOL,3
IF,OPEL,-7.883828,-72.584567, ,0.0,0.0,0,0,0,0,0,0,0,0
TF,AGIL,-7.805833,-72.366500,0, ,0.0,0.0,0.0,0.0,0,0,0,0,0,0,0,0
TF,PANOL,-8.660500,-70.528333,0, ,0.0,0.0,0.0,0.0,0,0,0,0,0,0,0,0

SID,PIVA1A,10,5
CF,CZ016,-7.603167,-72.708333,0,CZS,91.8,3.9,98.0,4.0,0,0,0,0,0,0,0,1
TF,PIVA,-7.467667,-72.342333,0, ,0.0,0.0,0.0,0.0,0,0,0,0,0,0,0,0

SID,PIVA1B,28,5
CF,CZ017,-7.596833,-72.830667,0,CZS,284.9,3.5,278.0,4.0,0,0,0,0,0,0,0,1
DF,CZ018,-7.535000,-72.751333,2, ,0.0,0.0,0,0,0,0,0,0,0,1
TF,PIVA,-7.467667,-72.342333,0, ,0.0,0.0,0.0,0.0,0,0,0,0,0,0,0,0

APPTR,R10,10,CZ001
IF,CZ001,-7.585500,-73.048500, ,0.0,0.0,2,4000,0,0,0,0,1,0
TF,CZ004,-7.590833,-72.948000,0, ,0.0,0.0,0.0,0.0,2,2500,0,0,0,0,1,0

APPTR,R10,10,CZ002
IF,CZ002,-7.683333,-72.987333, ,0.0,0.0,2,4000,0,0,0,0,1,0
TF,CZ004,-7.590833,-72.948000,0, ,0.0,0.0,0.0,0.0,2,2500,0,0,0,0,1,0

APPTR,R10,10,CZ003
IF,CZ003,-7.494667,-72.977500, ,0.0,0.0,2,4000,0,0,0,0,1,0
TF,CZ004,-7.590833,-72.948000,0, ,0.0,0.0,0.0,0.0,2,2500,0,0,0,0,1,0

FINAL,R10,10,R,3
IF,CZ004,-7.590833,-72.948000, ,0.0,0.0,2,2500,0,0,0,0,0,0
TF,CZ006,-7.595167,-72.864167,0, ,0.0,0.0,98.0,5.0,2,2280,0,0,0,0,2,0
TF,RW10,-7.599456,-72.780400,0, ,0.0,0.0,98.0,5.0,1,684,0,0,0,0,3,1
TF,CZ011,-7.609167,-72.591000,0, ,0.0,0.0,0.0,0.0,2,4000,0,0,0,0,0,0
HM,CZ011,-7.609167,-72.591000,2, ,0.0,0.0,278.0,04.3,0,0,0,0,0,0,0,0,0

APPTR,R28,28,CZ007
IF,CZ007,-7.614333,-72.490500, ,0.0,0.0,2,4000,0,0,0,0,1,0
TF,CZ011,-7.609167,-72.591000,0, ,0.0,0.0,0.0,0.0,2,2500,0,0,0,0,1,0

APPTR,R28,28,CZ008
IF,CZ008,-7.516667,-72.551833, ,0.0,0.0,2,4000,0,0,0,0,1,0
TF,CZ011,-7.609167,-72.591000,0, ,0.0,0.0,0.0,0.0,2,2500,0,0,0,0,1,0

APPTR,R28,28,CZ009
IF,CZ009,-7.705333,-72.561500, ,0.0,0.0,2,4000,0,0,0,0,1,0
TF,CZ011,-7.609167,-72.591000,0, ,0.0,0.0,0.0,0.0,2,2500,0,0,0,0,1,0

FINAL,R28,28,R,3
IF,CZ011,-7.609167,-72.591000, ,0.0,0.0,2,2500,0,0,0,0,0,0
TF,CZ012,-7.604833,-72.674833,0, ,0.0,0.0,278.0,5.0,2,2280,0,0,0,0,2,0
TF,RW28,-7.600578,-72.758681,0, ,0.0,0.0,278.0,5.0,1,686,0,0,0,0,3,1
TF,CZ004,-7.590833,-72.948000,0, ,0.0,0.0,0.0,0.0,2,4000,0,0,0,0,0,0
HM,CZ004,-7.590833,-72.948000,2, ,0.0,0.0,98.0,04.3,0,0,0,0,0,0,0,0,0

APPTR,S10,10,CZS
IF,CZS,-7.606797,-72.773469, ,0.0,0.0,2,3000,0,0,0,0,0,0
FC,CZS,-7.606797,-72.773469,0,CZS,0.0,0.0,311.0,7.0,2,1800,0,0,0,0,0,1
CF,FS10,-7.588547,-72.846744,1,CZS,289.0,4.5,109.0,2.5,2,1800,0,0,0,0,0,0

FINAL,S10,10,D,2
IF,FS10,-7.588547,-72.846744,CZS,289.0,4.5,2,1800,0,0,0,0,2,0
CF,CZS,-7.606797,-72.773469,0,CZS,0.0,0.0,109.0,4.5,1,1150,0,0,0,0,3,0
CA,0,109.0,2,3000,0,0,0,0,0,0

APPTR,S28,28,CZS
IF,CZS,-7.606797,-72.773469, ,0.0,0.0,2,3000,0,0,0,0,0,0
FC,CZS,-7.606797,-72.773469,0,CZS,0.0,0.0,103.0,8.2,0,0,0,0,0,0,0,1
CF,FS28,-7.589117,-72.690242,1,CZS,83.0,5.1,263.0,3.1,2,2000,0,0,0,0,0,0

FINAL,S28,28,D,3
IF,FS28,-7.589117,-72.690242,CZS,83.0,5.1,2,2000,0,0,0,0,2,0
CF,EP28,-7.603489,-72.757983,0,CZS,83.0,0.9,263.0,4.1,1,686,0,0,0,0,0,1
CF,CZS,-7.606797,-72.773469,0,CZS,0.0,0.0,263.0,0.9,2,1040,0,0,0,0,3,0
CA,0,263.0,2,3000,0,0,0,0,0,0

