SID,ALAL,08,1
VA,0,78.0,2,900,0,0,0,0,0,0
CF,ALAL,-5.897833,-57.470333,0,JAC,53.7,27.0,56.0,27.0,0,0,0,0,0,0,0,0

SID,ALAL,26,1
VA,0,258.0,2,900,0,0,0,0,0,0
VI,2, ,0.0,86.0,0,0,0,0,0,0,0,0
CF,ALAL,-5.897833,-57.470333,0,JAC,53.7,27.0,56.0,20.0,0,0,0,0,0,0,0,0

SID,ALAL,ALL,2
IF,ALAL,-5.897833,-57.470333, ,0.0,0.0,0,0,0,0,0,0,0,0
TF,YUB,-4.240500,-56.004667,0, ,0.0,0.0,0.0,0.0,0,0,0,0,0,0,0,0

SID,CARI,08,1
VA,0,78.0,2,900,0,0,0,0,0,0
VI,1, ,0.0,308.0,0,0,0,0,0,0,0,0
CF,CARI,-5.872333,-58.039500,0,JAC,335.4,27.0,338.0,19.0,0,0,0,0,0,0,0,0

SID,CARI,26,1
VA,0,258.0,2,900,0,0,0,0,0,0
VI,2, ,0.0,8.0,0,0,0,0,0,0,0,0
CF,CARI,-5.872333,-58.039500,0,JAC,335.4,27.0,338.0,20.0,0,0,0,0,0,0,0,0

SID,CARI,ALL,2
IF,CARI,-5.872333,-58.039500, ,0.0,0.0,0,0,0,0,0,0,0,0
TF,VAKUS,-3.576500,-59.729667,0, ,0.0,0.0,0.0,0.0,0,0,0,0,0,0,0,0

SID,SETA,08,1
CA,0,78.0,2,900,0,0,0,0,0,0
CI,2, ,0.0,200.0,0,0,0,0,0,0,0,0
CF,SETA,-6.647333,-57.583333,0,JAC,167.5,27.0,170.0,21.0,0,0,0,0,0,0,0,0

SID,SETA,26,1
CA,0,258.0,2,900,0,0,0,0,0,0
CI,1, ,0.0,140.0,0,0,0,0,0,0,0,0
CF,SETA,-6.647333,-57.583333,0,JAC,167.5,27.0,170.0,20.0,0,0,0,0,0,0,0,0

SID,SETA,TELOS,3
IF,SETA,-6.647333,-57.583333, ,0.0,0.0,0,0,0,0,0,0,0,0
TF,TELOS,-9.258564,-56.384161,0, ,0.0,0.0,0.0,0.0,0,0,0,0,0,0,0,0

APPTR,D26,26,JAC
IF,JAC,-6.235744,-57.770525, ,0.0,0.0,2,3000,0,0,0,0,0,0
FD,JAC,-6.235744,-57.770525,0,JAC,0.0,8.8,80.0,8.8,2,1900,0,0,0,0,0,1
CF,FD26,-6.178261,-57.709169,1,JAC,62.0,5.0,242.0,3.8,2,1900,0,0,0,0,0,0

FINAL,D26,26,D,4
IF,FD26,-6.178261,-57.709169,JAC,62.0,5.0,2,1900,0,0,0,0,2,0
CF,20VOR,-6.212739,-57.746108,0,JAC,62.0,2.0,242.0,3.0,2,1120,0,0,0,0,0,0
CF,ED26,-6.233108,-57.767933,0,JAC,62.0,0.2,242.0,1.8,1,374,0,0,0,0,0,1
CF,JAC,-6.235744,-57.770525,0,JAC,0.0,0.0,242.0,0.2,2,724,0,0,0,0,3,0
CA,0,242.0,2,3000,0,0,0,0,0,0

APPTR,N08,08,JAC
IF,JAC,-6.238667,-57.773944, ,0.0,0.0,2,3000,0,0,0,0,0,0
FC,JAC,-6.238667,-57.773944,0,JAC,0.0,0.0,295.0,7.6,2,1900,0,0,0,0,0,1
CF,FN08,-6.258742,-57.860828,1,JAC,270.6,5.6,92.0,2.3,2,1900,0,0,0,0,0,0

FINAL,N08,08,N,3
IF,FN08,-6.258742,-57.860828,JAC,0.0,0.0,2,1900,0,0,0,0,2,0
CF,EN08,-6.240694,-57.782681,0,JAC,0.0,0.0,92.0,4.8,1,370,0,0,0,0,0,1
CF,JAC,-6.238667,-57.773944,0,JAC,0.0,0.0,92.0,0.5,2,724,0,0,0,0,3,0
CA,0,92.0,2,3000,0,0,0,0,0,0

APPTR,N26,26,JAC
IF,JAC,-6.238667,-57.773944, ,0.0,0.0,2,3000,0,0,0,0,0,0
FC,JAC,-6.238667,-57.773944,0,JAC,0.0,0.0,80.0,8.8,2,1900,0,0,0,0,0,1
CF,FN26,-6.178225,-57.709203,1,JAC,62.0,5.0,242.0,3.5,2,1900,0,0,0,0,0,0

FINAL,N26,26,N,3
IF,FN26,-6.178225,-57.709203,JAC,0.0,0.0,2,1900,0,0,0,0,2,0
CF,EP26,-6.233072,-57.767967,0,JAC,0.0,0.0,242.0,4.8,1,374,0,0,0,0,0,1
CF,JAC,-6.238667,-57.773944,0,JAC,0.0,0.0,242.0,0.5,2,724,0,0,0,0,3,0
CA,0,242.0,2,3000,0,0,0,0,0,0

APPTR,S08,08,JAC
IF,JAC,-6.235744,-57.770525, ,0.0,0.0,2,3000,0,0,0,0,0,0
FC,JAC,-6.235744,-57.770525,0,JAC,0.0,0.0,290.0,7.6,2,1900,0,0,0,0,0,1
CF,FS08,-6.264308,-57.858958,1,JAC,267.0,5.6,87.0,2.0,2,1900,0,0,0,0,0,0

FINAL,S08,08,D,3
IF,FS08,-6.264308,-57.858958,JAC,267.0,5.6,2,1900,0,0,0,0,2,0
CF,EP08,-6.239517,-57.782683,0,JAC,267.0,0.8,87.0,4.8,1,370,0,0,0,0,0,1
CF,JAC,-6.235744,-57.770525,0,JAC,0.0,0.0,87.0,0.8,2,724,0,0,0,0,3,0
CA,0,87.0,2,3000,0,0,0,0,0,0

