SID,ALDOS,14,1
CA,0,147.0,2,1186,0,0,0,0,0,0
CF,IGU,-25.734500,-54.485694,0,IGU,0.0,0.0,187.0,8.0,0,0,0,0,0,0,0,0

SID,ALDOS,32,1
CA,0,327.0,2,1186,0,0,0,0,0,0
VI,1, ,0.0,157.0,0,0,0,0,0,0,0,0
CF,IGU,-25.734500,-54.485694,0,FOZ,189.9,9.1,187.0,2.0,0,0,0,0,0,0,0,0

SID,ALDOS,ALL,2
IF,IGU,-25.734500,-54.485694, ,0.0,0.0,0,0,0,0,0,0,0,0
TF,ALDOS,-26.230556,-54.688889,0, ,0.0,0.0,0.0,0.0,0,0,0,0,0,0,0,0

SID,ALDOS1,14,4
CF,FI386,-25.711167,-54.339000,0,FOZ,146.7,11.8,146.0,11.0,0,0,0,1,210,0,0,1
TF,ALDOS,-26.230556,-54.688889,0, ,0.0,0.0,0.0,0.0,0,0,0,0,0,0,0,0

SID,ALDOS1,32,4
CF,FI001,-25.535000,-54.565500,0,FOZ,326.6,4.4,325.0,5.0,0,0,0,1,210,0,0,1
TF,FI006,-25.796333,-54.729833,1, ,0.0,0.0,0.0,0.0,0,0,0,0,0,0,0,0
TF,ALDOS,-26.230556,-54.688889,0, ,0.0,0.0,0.0,0.0,0,0,0,0,0,0,0,0

SID,ALGE1A,14,2
VA,0,147.0,2,2000,0,0,0,0,0,0
CF,FOZ,-25.583203,-54.503514,1,FOZ,0.0,0.0,270.0,4.0,0,0,0,0,0,0,0,0
TF,ALGEL,-25.870000,-55.170556,0, ,0.0,0.0,0.0,0.0,0,0,0,0,0,0,0,0

SID,ALGE1B,32,2
VA,0,327.0,2,2000,0,0,0,0,0,0
VI,1, ,0.0,180.0,0,0,0,0,0,0,0,0
CF,ALGEL,-25.870000,-55.170556,0,FOZ,260.5,40.0,260.0,36.0,0,0,0,0,0,0,0,0

SID,ALGEL1,14,4
CF,FI386,-25.711167,-54.339000,0,FOZ,146.7,11.8,146.0,11.0,0,0,0,1,210,0,0,1
TF,FI004,-25.855833,-54.633000,2, ,0.0,0.0,0.0,0.0,0,0,0,0,0,0,0,0
TF,ALGEL,-25.870000,-55.170556,0, ,0.0,0.0,0.0,0.0,0,0,0,0,0,0,0,0

SID,ALGEL1,32,4
CF,FI001,-25.535000,-54.565500,0,FOZ,326.6,4.4,325.0,5.0,0,0,0,1,210,0,0,1
TF,ALGEL,-25.870000,-55.170556,0, ,0.0,0.0,0.0,0.0,0,0,0,0,0,0,0,0

SID,ANBUK,14,1
CA,0,147.0,2,1186,0,0,0,0,0,0
FD,FOZ,-25.583203,-54.503514,0,FOZ,0.0,13.0,130.0,13.0,0,0,0,0,0,0,0,0
CF,ANBUK,-25.763167,-54.087667,0,FOZ,131.6,25.0,130.0,12.0,0,0,0,0,0,0,0,0

SID,ANBUK,32,1
CA,0,327.0,2,1186,0,0,0,0,0,0
VI,2, ,0.0,160.0,0,0,0,0,0,0,0,0
FD,FOZ,-25.583203,-54.503514,0,FOZ,0.0,13.0,130.0,13.0,0,0,0,0,0,0,0,0
CF,ANBUK,-25.763167,-54.087667,0,FOZ,131.6,25.0,130.0,12.0,0,0,0,0,0,0,0,0

SID,ANBUK,LADER,3
IF,ANBUK,-25.763167,-54.087667, ,0.0,0.0,0,0,0,0,0,0,0,0
TF,LADER,-26.142500,-54.098333,0, ,0.0,0.0,0.0,0.0,0,0,0,0,0,0,0,0
TF,GEBUN,-26.577778,-53.779444,0, ,0.0,0.0,0.0,0.0,0,0,0,0,0,0,0,0

SID,COST1A,14,2
CA,0,147.0,2,2000,0,0,0,0,0,0
CF,FOZ,-25.583203,-54.503514,1,FOZ,0.0,0.0,270.0,4.0,0,0,0,0,0,0,0,0
TF,COSTA,-25.511944,-55.236389,0, ,0.0,0.0,0.0,0.0,0,0,0,0,0,0,0,0

SID,COST1B,32,2
VA,0,327.0,2,2000,0,0,0,0,0,0
VI,0, ,0.0,240.0,0,0,0,0,0,0,0,0
CF,COSTA,-25.511944,-55.236389,0,FOZ,292.0,40.0,292.0,37.0,0,0,0,0,0,0,0,0

SID,COSTA1,14,4
CF,FI386,-25.711167,-54.339000,0,FOZ,146.7,11.8,146.0,11.0,0,0,0,1,210,0,0,1
TF,FI004,-25.855833,-54.633000,2, ,0.0,0.0,0.0,0.0,0,0,0,0,0,0,0,0
TF,COSTA,-25.511944,-55.236389,0, ,0.0,0.0,0.0,0.0,0,0,0,0,0,0,0,0

SID,COSTA1,32,4
CF,FI001,-25.535000,-54.565500,0,FOZ,326.6,4.4,325.0,5.0,0,0,0,1,210,0,0,1
TF,COSTA,-25.511944,-55.236389,0, ,0.0,0.0,0.0,0.0,0,0,0,0,0,0,0,0

SID,CRAN1A,32,5
CF,FI001,-25.535000,-54.565500,0,FOZ,326.6,4.4,325.0,5.0,0,0,0,1,210,0,0,1
TF,FI002,-25.301167,-54.356667,0, ,0.0,0.0,0.0,0.0,0,0,0,0,0,0,0,0
TF,CRANE,-25.430667,-53.815500,0, ,0.0,0.0,0.0,0.0,0,0,0,0,0,0,0,0

SID,DAGOL1,14,1
CA,0,147.0,2,1186,0,0,0,0,0,0
VI,2, ,0.0,289.0,0,0,0,0,0,0,0,0
CF,DAGOL,-25.749333,-54.888333,0,FOZ,260.5,23.1,259.0,15.0,0,0,0,0,0,0,0,0

SID,DAGOL1,32,1
CA,0,327.0,2,1186,0,0,0,0,0,0
CF,DAGOL,-25.749333,-54.888333,0,FOZ,260.5,23.1,259.0,23.0,0,0,0,0,0,0,0,0

SID,DAGOL1,ALL,2
IF,DAGOL,-25.749333,-54.888333, ,0.0,0.0,0,0,0,0,0,0,0,0
TF,UDENO,-26.124722,-54.937222,0, ,0.0,0.0,0.0,0.0,0,0,0,0,0,0,0,0

SID,DIDO1A,14,5
CF,FI003,-25.656667,-54.409000,0,FOZ,146.6,6.8,146.0,5.0,0,0,0,1,210,0,0,1
TF,KAMIL,-25.587333,-53.766167,0, ,0.0,0.0,0.0,0.0,0,0,0,0,0,0,0,0
TF,DIDOM,-25.298333,-53.185167,0, ,0.0,0.0,0.0,0.0,0,0,0,0,0,0,0,0

SID,GEBUN1,14,4
CF,FI386,-25.711167,-54.339000,0,FOZ,146.7,11.8,146.0,11.0,0,0,0,1,210,0,0,1
TF,LADER,-26.142500,-54.098333,0, ,0.0,0.0,0.0,0.0,0,0,0,0,0,0,0,0
TF,GEBUN,-26.577778,-53.779444,0, ,0.0,0.0,0.0,0.0,0,0,0,0,0,0,0,0

SID,GEBUN1,32,4
CF,FI001,-25.535000,-54.565500,0,FOZ,326.6,4.4,325.0,5.0,0,0,0,1,210,0,0,1
TF,FI006,-25.796333,-54.729833,1, ,0.0,0.0,0.0,0.0,0,0,0,0,0,0,0,0
TF,LADER,-26.142500,-54.098333,0, ,0.0,0.0,0.0,0.0,0,0,0,0,0,0,0,0
TF,GEBUN,-26.577778,-53.779444,0, ,0.0,0.0,0.0,0.0,0,0,0,0,0,0,0,0

SID,KAMI1A,14,4
CF,FI003,-25.656667,-54.409000,0,FOZ,146.6,6.8,146.0,5.0,0,0,0,1,210,0,0,1
TF,KAMIL,-25.587333,-53.766167,0, ,0.0,0.0,0.0,0.0,0,0,0,0,0,0,0,0

SID,KAMI1A,32,4
CF,FI001,-25.535000,-54.565500,0,FOZ,326.6,4.4,325.0,5.0,0,0,0,1,210,0,0,1
TF,FI002,-25.301167,-54.356667,0, ,0.0,0.0,0.0,0.0,0,0,0,0,0,0,0,0
TF,KAMIL,-25.587333,-53.766167,0, ,0.0,0.0,0.0,0.0,0,0,0,0,0,0,0,0

SID,KAMI1C,14,1
VA,0,147.0,2,2000,0,0,0,0,0,0
VI,0, ,0.0,60.0,0,0,0,0,0,0,0,0
CF,KAMIL,-25.587333,-53.766167,0,FOZ,106.5,40.0,107.0,35.0,0,0,0,0,0,0,0,1

SID,KAMI1D,32,2
VA,0,327.0,2,2000,0,1,220,0,0,0
DF,FOZ,-25.583203,-54.503514,2, ,0.0,0.0,0,0,0,1,220,0,0,1
TF,KAMIL,-25.587333,-53.766167,1, ,0.0,0.0,0.0,0.0,0,0,0,0,0,0,0,0

SID,LADER1,14,1
CA,0,147.0,2,1186,0,0,0,0,0,0
CF,LADER,-26.142500,-54.098333,0,FOZ,162.9,40.0,161.0,38.0,0,0,0,0,0,0,0,0

SID,LADER1,32,1
CA,0,327.0,2,1186,0,0,0,0,0,0
VI,1, ,0.0,131.0,0,0,0,0,0,0,0,0
CF,LADER,-26.142500,-54.098333,0,FOZ,162.9,40.0,161.0,33.0,0,0,0,0,0,0,0,0

SID,LADER1,ALL,2
IF,LADER,-26.142500,-54.098333, ,0.0,0.0,0,0,0,0,0,0,0,0
TF,GEBUN,-26.577778,-53.779444,0, ,0.0,0.0,0.0,0.0,0,0,0,0,0,0,0,0

SID,LOGA,14,1
CA,0,147.0,2,1186,0,0,0,0,0,0
VI,2, ,0.0,275.0,0,0,0,0,0,0,0,0
CF,LOGA,-25.854167,-54.720000,0,FOZ,231.9,20.0,230.0,15.0,0,0,0,0,0,0,0,0

SID,LOGA,32,1
CA,0,327.0,2,1186,0,0,0,0,0,0
VI,1, ,0.0,200.0,0,0,0,0,0,0,0,0
CF,LOGA,-25.854167,-54.720000,0,FOZ,231.9,20.0,230.0,16.0,0,0,0,0,0,0,0,0

SID,LOGA,ALDOS,3
IF,LOGA,-25.854167,-54.720000, ,0.0,0.0,0,0,0,0,0,0,0,0
TF,ALDOS,-26.230556,-54.688889,0, ,0.0,0.0,0.0,0.0,0,0,0,0,0,0,0,0

SID,LOGA,UDENO,3
IF,LOGA,-25.854167,-54.720000, ,0.0,0.0,0,0,0,0,0,0,0,0
TF,UDENO,-26.124722,-54.937222,0, ,0.0,0.0,0.0,0.0,0,0,0,0,0,0,0,0

SID,MATE1A,14,4
CF,FI003,-25.656667,-54.409000,0,FOZ,146.6,6.8,146.0,5.0,0,0,0,1,210,0,0,1
TF,MATEL,-25.224333,-53.882333,0, ,0.0,0.0,0.0,0.0,0,0,0,0,0,0,0,0

SID,MATE1A,32,4
CF,FI001,-25.535000,-54.565500,0,FOZ,326.6,4.4,325.0,5.0,0,0,0,1,210,0,0,1
TF,FI002,-25.301167,-54.356667,0, ,0.0,0.0,0.0,0.0,0,0,0,0,0,0,0,0
TF,MATEL,-25.224333,-53.882333,0, ,0.0,0.0,0.0,0.0,0,0,0,0,0,0,0,0

SID,MATE1C,14,1
VA,0,147.0,2,2000,0,0,0,0,0,0
VI,1, ,0.0,10.0,0,0,0,0,0,0,0,0
CF,MATEL,-25.224333,-53.882333,0,FOZ,73.7,40.0,74.0,35.0,0,0,0,0,0,0,0,1

SID,MATE1D,32,2
VA,0,327.0,2,2000,0,1,220,0,0,0
VI,2, ,0.0,140.0,0,0,0,1,220,0,0,0
CF,MATEL,-25.224333,-53.882333,0,FOZ,73.7,40.0,74.0,36.0,0,0,0,0,0,0,0,0

SID,NELU1C,14,2
VA,0,147.0,2,2000,0,0,0,0,0,0
VI,0, ,0.0,80.0,0,0,0,0,0,0,0,0
CF,NELUP,-25.834500,-53.819333,0,FOZ,128.2,40.0,129.0,36.0,0,0,0,0,0,0,0,1

SID,NELU1D,32,2
VA,0,327.0,2,2000,0,1,220,0,0,0
DF,FOZ,-25.583203,-54.503514,2, ,0.0,0.0,0,0,0,1,220,0,0,1
TF,NELUP,-25.834500,-53.819333,1, ,0.0,0.0,0.0,0.0,0,0,0,0,0,0,0,0

SID,TOL1A,14,5
CF,FI003,-25.656667,-54.409000,0,FOZ,146.6,6.8,146.0,5.0,0,0,0,1,210,0,0,1
TF,TOL,-24.685667,-53.699667,1, ,0.0,0.0,0.0,0.0,0,0,0,0,0,0,0,0

SID,TOL1C,14,2
VA,0,147.0,2,2000,0,0,0,0,0,0
VI,1, ,0.0,320.0,0,0,0,0,0,0,0,0
CF,POTMI,-25.143167,-54.238667,0,FOZ,44.7,30.0,45.0,27.0,0,0,0,0,0,0,0,0
TF,TOL,-24.685667,-53.699667,0, ,0.0,0.0,0.0,0.0,0,0,0,0,0,0,0,1

SID,TOL1D,32,2
VA,0,327.0,2,2000,0,1,220,0,0,0
VI,2, ,0.0,90.0,0,0,0,1,220,0,0,0
CF,POTMI,-25.143167,-54.238667,0,FOZ,44.7,30.0,45.0,25.0,0,0,0,0,0,0,0,0
TF,TOL,-24.685667,-53.699667,0, ,0.0,0.0,0.0,0.0,0,0,0,0,0,0,0,0

SID,UDENO1,14,4
CF,FI386,-25.711167,-54.339000,0,FOZ,146.7,11.8,146.0,11.0,0,0,0,1,210,0,0,1
TF,FI004,-25.855833,-54.633000,2, ,0.0,0.0,0.0,0.0,0,0,0,0,0,0,0,0
TF,UDENO,-26.124722,-54.937222,0, ,0.0,0.0,0.0,0.0,0,0,0,0,0,0,0,0

SID,UDENO1,32,4
CF,FI001,-25.535000,-54.565500,0,FOZ,326.6,4.4,325.0,5.0,0,0,0,1,210,0,0,1
TF,FI006,-25.796333,-54.729833,1, ,0.0,0.0,0.0,0.0,0,0,0,0,0,0,0,0
TF,UDENO,-26.124722,-54.937222,0, ,0.0,0.0,0.0,0.0,0,0,0,0,0,0,0,0

STAR,ANBA1A,DIDOM,4
IF,DIDOM,-25.298333,-53.185167, ,0.0,0.0,0,0,0,0,0,0,0,0
TF,ANBAV,-25.386667,-54.596500,0, ,0.0,0.0,0.0,0.0,2,4000,0,0,0,0,0,0

STAR,ANBA1A,ILMIS,4
IF,ILMIS,-24.680092,-53.057572, ,0.0,0.0,0,0,0,0,0,0,0,0
TF,ANBAV,-25.386667,-54.596500,0, ,0.0,0.0,0.0,0.0,2,4000,0,0,0,0,0,0

STAR,ANBA1A,MATEL,4
IF,MATEL,-25.224333,-53.882333, ,0.0,0.0,0,0,0,0,0,0,0,0
TF,ANBAV,-25.386667,-54.596500,0, ,0.0,0.0,0.0,0.0,2,4000,0,0,0,0,0,0

STAR,ANBA1A,NELUP,4
IF,NELUP,-25.834500,-53.819333, ,0.0,0.0,0,0,0,0,0,0,0,0
TF,ANBAV,-25.386667,-54.596500,0, ,0.0,0.0,0.0,0.0,2,4000,0,0,0,0,0,0

STAR,ANBA1A,VUGLA,4
IF,VUGLA,-25.590617,-53.048000, ,0.0,0.0,0,0,0,0,0,0,0,0
TF,ANBAV,-25.386667,-54.596500,0, ,0.0,0.0,0.0,0.0,2,4000,0,0,0,0,0,0

STAR,ANBA1A,14,5
IF,ANBAV,-25.386667,-54.596500, ,0.0,0.0,2,4000,0,0,0,0,0,0

STAR,DORG1A,DIDOM,4
IF,DIDOM,-25.298333,-53.185167, ,0.0,0.0,0,0,0,0,0,0,0,0
TF,CRANE,-25.430667,-53.815500,0, ,0.0,0.0,0.0,0.0,0,0,0,0,0,0,0,0
TF,KOVSO,-25.475833,-54.024333,0, ,0.0,0.0,0.0,0.0,2,6000,0,0,0,0,0,0

STAR,DORG1A,ILMIS,4
IF,ILMIS,-24.680092,-53.057572, ,0.0,0.0,0,0,0,0,0,0,0,0
TF,OBMIX,-25.336167,-53.819500,0, ,0.0,0.0,0.0,0.0,0,0,0,0,0,0,0,0
TF,KOVSO,-25.475833,-54.024333,0, ,0.0,0.0,0.0,0.0,2,6000,0,0,0,0,0,0

STAR,DORG1A,MATEL,4
IF,MATEL,-25.224333,-53.882333, ,0.0,0.0,0,0,0,0,0,0,0,0
TF,KOVSO,-25.475833,-54.024333,0, ,0.0,0.0,0.0,0.0,2,6000,0,0,0,0,0,0

STAR,DORG1A,32,5
IF,KOVSO,-25.475833,-54.024333, ,0.0,0.0,2,6000,0,0,0,0,0,0
TF,DORGU,-25.628397,-54.241111,0, ,0.0,0.0,0.0,0.0,2,4000,0,0,0,0,0,0

STAR,EDRE1A,NELUP,4
IF,NELUP,-25.834500,-53.819333, ,0.0,0.0,0,0,0,0,0,0,0,0
TF,EDREP,-25.736197,-54.225997,0, ,0.0,0.0,0.0,0.0,2,4000,0,0,0,0,0,0

STAR,EDRE1A,VUGLA,4
IF,VUGLA,-25.590617,-53.048000, ,0.0,0.0,0,0,0,0,0,0,0,0
TF,EDREP,-25.736197,-54.225997,0, ,0.0,0.0,0.0,0.0,2,4000,0,0,0,0,0,0

STAR,EDRE1A,32,5
IF,EDREP,-25.736197,-54.225997, ,0.0,0.0,2,4000,0,0,0,0,0,0

APPTR,D32,32,FOZ
IF,FOZ,-25.583203,-54.503514, ,0.0,0.0,2,3000,0,1,190,0,0,0
FC,FOZ,-25.583203,-54.503514,0,FOZ,0.0,0.0,131.0,11.1,0,0,0,0,0,0,0,1
CF,D145K,-25.700147,-54.344567,2,FOZ,145.1,11.1,325.0,1.0,2,2200,0,0,0,0,0,0
TF,DAKER,-25.646542,-54.417492,0, ,0.0,0.0,0.0,0.0,2,1430,0,0,0,0,0,0

FINAL,D32,32,D,2
IF,DAKER,-25.646542,-54.417492,FOZ,145.1,6.0,2,1430,0,0,0,0,2,0
CF,RW32,-25.602286,-54.479028,0,FOZ,146.7,1.8,325.0,4.3,1,836,0,0,0,0,3,0
CF,FOZ,-25.583203,-54.503514,0,FOZ,0.0,0.0,325.0,1.8,0,0,0,0,0,0,0,0
VA,0,323.0,2,3000,0,0,0,0,0,0

APPTR,I14-T,14,ANBAV
IF,ANBAV,-25.386667,-54.596500, ,0.0,0.0,2,4000,0,0,0,0,1,0
TF,OPLON,-25.480333,-54.635333,0,IFI,0.0,0.0,0.0,0.0,2,3500,0,0,0,0,1,0

FINAL,I14-T,14,I,3
IF,OPLON,-25.480333,-54.635333,IFI,326.7,11.2,2,3500,0,0,0,0,0,0
CF,ILMED,-25.531167,-54.570500,0,IFI,326.6,6.6,147.0,4.6,1,2490,0,0,0,0,2,0
CF,RW14,-25.589397,-54.495569,0,IFI,327.0,1.2,147.0,5.4,1,784,0,0,0,0,3,1
TF,FI386,-25.711167,-54.339000,0, ,0.0,0.0,0.0,0.0,2,3000,0,0,0,0,0,1
HM,FI386,-25.711167,-54.339000,2, ,0.0,0.0,327.0,04.3,2,3000,0,0,0,0,0,0,0

APPTR,I14-X,14,ANBAV
IF,ANBAV,-25.386667,-54.596500, ,0.0,0.0,2,4000,0,0,0,0,1,0
TF,OPLON,-25.480333,-54.635333,0,IFI,0.0,0.0,0.0,0.0,2,3500,0,0,0,0,1,0

FINAL,I14-X,14,I,3
IF,OPLON,-25.480333,-54.635333,IFI,326.7,11.2,2,3500,0,0,0,0,0,0
CF,ILMED,-25.531167,-54.570500,0,IFI,326.6,6.6,147.0,4.6,1,2490,0,0,0,0,2,0
CF,RW14,-25.589397,-54.495569,0,IFI,327.0,1.2,147.0,5.4,1,784,0,0,0,0,3,1
TF,FI386,-25.711167,-54.339000,0, ,0.0,0.0,0.0,0.0,2,3000,0,0,0,0,0,1
HM,FI386,-25.711167,-54.339000,2, ,0.0,0.0,327.0,04.3,2,3000,0,0,0,0,0,0,0

APPTR,I14-Y,14,ENVUX
IF,ENVUX,-25.723117,-54.402569, ,0.0,0.0,2,4000,0,0,0,0,1,0
AF,FOZ02,-25.474186,-54.643203,1,FOZ,326.7,10.0,163.0,0,0,0,0,0,0,0,0
CF,OPLON,-25.480333,-54.635333,0,IFI,326.7,11.2,147.0,0.6,2,3500,0,0,0,0,1,0

APPTR,I14-Y,14,ESUBU
IF,ESUBU,-25.584575,-54.319183, ,0.0,0.0,2,4000,0,0,0,0,1,0
AF,FOZ02,-25.474186,-54.643203,1,FOZ,326.7,10.0,107.0,0,0,0,0,0,0,0,0
CF,OPLON,-25.480333,-54.635333,0,IFI,326.7,11.2,147.0,0.6,2,3500,0,0,0,0,1,0

APPTR,I14-Y,14,EVSAK
IF,EVSAK,-25.543839,-54.324389, ,0.0,0.0,2,4000,0,0,0,0,1,0
AF,FOZ02,-25.474186,-54.643203,1,FOZ,326.7,10.0,93.0,0,0,0,0,0,0,0,0
CF,OPLON,-25.480333,-54.635333,0,IFI,326.7,11.2,147.0,0.6,2,3500,0,0,0,0,1,0

APPTR,I14-Y,14,GEMUB
IF,GEMUB,-25.493714,-54.347869, ,0.0,0.0,2,4000,0,0,0,0,1,0
AF,FOZ02,-25.474186,-54.643203,1,FOZ,326.7,10.0,74.0,0,0,0,0,0,0,0,0
CF,OPLON,-25.480333,-54.635333,0,IFI,326.7,11.2,147.0,0.6,2,3500,0,0,0,0,1,0

FINAL,I14-Y,14,I,3
IF,OPLON,-25.480333,-54.635333,IFI,326.7,11.2,2,3500,0,0,0,0,0,0
CF,ILMED,-25.531167,-54.570500,0,IFI,326.6,6.6,147.0,4.7,1,2490,0,0,0,0,2,0
CF,RW14,-25.589397,-54.495569,0,IFI,327.0,1.2,147.0,5.4,1,784,0,0,0,0,3,0
CA,0,147.0,2,2000,0,0,0,0,0,0
DF,FOZ,-25.583203,-54.503514,1, ,0.0,0.0,2,4000,0,0,0,0,0,0
HM,FOZ,-25.583203,-54.503514,1, ,0.0,0.0,147.0,04.3,0,0,0,0,0,0,0,0,0

APPTR,R14,14,ANBAV
IF,ANBAV,-25.386667,-54.596500, ,0.0,0.0,2,4000,0,0,0,0,1,0
TF,OPLON,-25.480333,-54.635333,0, ,0.0,0.0,0.0,0.0,2,3500,0,0,0,0,1,0

FINAL,R14,14,R,4
IF,OPLON,-25.480333,-54.635333, ,0.0,0.0,2,3500,0,0,0,0,0,0
TF,ILMED,-25.531167,-54.570500,0, ,0.0,0.0,147.0,4.6,2,2490,0,0,0,0,2,0
TF,FI010,-25.561769,-54.531133,0, ,0.0,0.0,147.0,2.8,2,1590,0,0,0,0,0,0
TF,RW14,-25.589397,-54.495569,0, ,0.0,0.0,147.0,2.5,1,782,0,0,0,0,3,1
TF,FI386,-25.711167,-54.339000,0, ,0.0,0.0,0.0,0.0,2,3000,0,0,0,0,0,1
HM,FI386,-25.711167,-54.339000,2, ,0.0,0.0,327.0,04.3,2,3000,0,0,0,0,0,0,0

APPTR,R32,32,DORGU
IF,DORGU,-25.628397,-54.241111, ,0.0,0.0,2,4000,0,0,0,0,1,0
TF,FI376,-25.692894,-54.325869,0, ,0.0,0.0,0.0,0.0,2,3500,0,0,0,0,1,0

APPTR,R32,32,EDREP
IF,EDREP,-25.736197,-54.225997, ,0.0,0.0,2,4000,0,0,0,0,1,0
TF,FI376,-25.692894,-54.325869,0, ,0.0,0.0,0.0,0.0,2,3500,0,0,0,0,1,0

FINAL,R32,32,R,3
IF,FI376,-25.692894,-54.325869, ,0.0,0.0,2,3500,0,0,0,0,0,0
TF,FI369,-25.656833,-54.409000,0, ,0.0,0.0,312.0,5.0,2,2430,0,0,0,0,2,0
TF,RW32,-25.602286,-54.479028,0, ,0.0,0.0,327.0,5.0,1,836,0,0,0,0,3,1
TF,OPLON,-25.480333,-54.635333,0, ,0.0,0.0,0.0,0.0,2,4000,0,0,0,0,0,1
HM,OPLON,-25.480333,-54.635333,1, ,0.0,0.0,147.0,04.3,2,4000,0,0,0,0,0,0,0

APPTR,S14-Z,14,FOZ
IF,FOZ,-25.583203,-54.503514, ,0.0,0.0,2,3000,0,1,190,0,0,0
FC,FOZ,-25.583203,-54.503514,0,FOZ,0.0,0.0,345.0,6.3,0,0,0,0,0,0,0,1
CF,FS14,-25.536803,-54.573875,1,FOZ,322.0,4.7,142.0,1.6,2,2500,0,0,0,0,0,0

FINAL,S14-Z,14,D,2
IF,FS14,-25.536803,-54.573875,FOZ,322.0,4.7,2,2500,0,0,0,0,2,0
CF,FOZ,-25.583203,-54.503514,0,FOZ,0.0,0.0,142.0,4.7,1,966,0,0,0,0,3,0
CA,0,142.0,2,1190,0,0,0,0,0,0
FM,FOZ,-25.583203,-54.503514,1,FOZ,0.0,0.0,50.0,2,4000,0,0,0,0,0,0

