SID,ESOR1A,02,5
CA,0,21.0,2,2500,0,1,180,0,0,0
DF,GW002,-22.888417,-45.071053,2, ,0.0,0.0,3,6000,0,0,0,0,0,0
TF,VUDPI,-23.063000,-44.819333,0, ,0.0,0.0,0.0,0.0,0,0,0,0,0,0,0,0
TF,ESORU,-23.030825,-44.676514,0, ,0.0,0.0,0.0,0.0,0,0,0,0,0,0,0,0

SID,GGT1B,02,2
CA,0,21.0,2,2500,0,1,180,0,0,0
DF,GGT,-22.787975,-45.215286,2, ,0.0,0.0,0,0,0,1,180,0,0,1

SID,GGT1B,ESORU,3
IF,GGT,-22.787975,-45.215286, ,0.0,0.0,0,0,0,1,180,0,0,0
TF,VUDPI,-23.063000,-44.819333,0, ,0.0,0.0,0.0,0.0,0,0,0,0,0,0,0,0
TF,ESORU,-23.030825,-44.676514,0, ,0.0,0.0,0.0,0.0,0,0,0,0,0,0,0,0

SID,GGT1B,IMDAB,3
IF,GGT,-22.787975,-45.215286, ,0.0,0.0,0,0,0,1,180,0,0,0
TF,VUDPI,-23.063000,-44.819333,0, ,0.0,0.0,0.0,0.0,0,0,0,0,0,0,0,0
TF,IMDAB,-23.197406,-44.624828,0, ,0.0,0.0,0.0,0.0,0,0,0,0,0,0,0,0

SID,GGT1B,SCP,3
IF,GGT,-22.787975,-45.215286, ,0.0,0.0,0,0,0,1,180,0,0,0
TF,GW001,-22.888031,-45.359953,0, ,0.0,0.0,0.0,0.0,3,6000,0,0,0,0,0,0
TF,SCP,-23.233167,-45.860000,0, ,0.0,0.0,0.0,0.0,0,0,0,0,0,0,0,0

SID,GGT1D,20,2
CA,0,201.0,2,2170,0,0,0,0,0,0
CA,0,186.0,2,3500,0,1,200,0,0,0
VI,0, ,0.0,115.0,0,0,0,0,0,0,0,0
CF,VUDPI,-23.063000,-44.819333,0,SCP,101.5,58.4,149.0,19.0,0,0,0,0,0,0,0,0

SID,GGT1D,ESORU,3
IF,VUDPI,-23.063000,-44.819333, ,0.0,0.0,0,0,0,0,0,0,0,0
TF,ESORU,-23.030825,-44.676514,0, ,0.0,0.0,0.0,0.0,0,0,0,0,0,0,0,0

SID,GGT1D,IMDAB,3
IF,VUDPI,-23.063000,-44.819333, ,0.0,0.0,0,0,0,0,0,0,0,0
TF,IMDAB,-23.197406,-44.624828,0, ,0.0,0.0,0.0,0.0,0,0,0,0,0,0,0,0

SID,IMDA1A,02,5
CA,0,21.0,2,2500,0,1,180,0,0,0
DF,GW002,-22.888417,-45.071053,2, ,0.0,0.0,3,6000,0,0,0,0,0,0
TF,VUDPI,-23.063000,-44.819333,0, ,0.0,0.0,0.0,0.0,0,0,0,0,0,0,0,0
TF,IMDAB,-23.197406,-44.624828,0, ,0.0,0.0,0.0,0.0,0,0,0,0,0,0,0,0

SID,SCP1A,20,5
CA,0,201.0,2,2170,0,0,0,0,0,0
CA,0,186.0,2,3500,0,1,200,0,0,0
DF,GGT,-22.787975,-45.215286,1, ,0.0,0.0,0,0,0,0,0,0,0,1
TF,GW001,-22.888031,-45.359953,0, ,0.0,0.0,0.0,0.0,3,6000,0,0,0,0,0,0
TF,SCP,-23.233167,-45.860000,0, ,0.0,0.0,0.0,0.0,0,0,0,0,0,0,0,0

SID,SCP1B,02,5
CA,0,21.0,2,2500,0,1,180,0,0,0
DF,GW001,-22.888031,-45.359953,1, ,0.0,0.0,3,6000,0,0,0,0,0,0
TF,SCP,-23.233167,-45.860000,0, ,0.0,0.0,0.0,0.0,0,0,0,0,0,0,0,0

SID,SCP1D,20,2
CA,0,201.0,2,2170,0,0,0,0,0,0
CA,0,186.0,2,3500,0,1,200,0,0,0
DF,GGT,-22.787975,-45.215286,1, ,0.0,0.0,0,0,0,0,0,0,0,1
CF,D255J,-22.888556,-45.359436,0,SCP,74.8,34.5,255.0,10.0,3,6000,0,0,0,0,0,0
TF,SCP,-23.233167,-45.860000,0, ,0.0,0.0,0.0,0.0,0,0,0,0,0,0,0,0

SID,VUDP1A,20,4
CA,0,201.0,2,2170,0,0,0,0,0,0
CA,0,186.0,2,3500,0,1,200,0,0,0
DF,GW002,-22.888417,-45.071053,0, ,0.0,0.0,3,6000,0,0,0,0,0,0
TF,VUDPI,-23.063000,-44.819333,0, ,0.0,0.0,0.0,0.0,0,0,0,0,0,0,0,0

SID,VUDP1A,ESORU,6
IF,VUDPI,-23.063000,-44.819333, ,0.0,0.0,0,0,0,0,0,0,0,0
TF,ESORU,-23.030825,-44.676514,0, ,0.0,0.0,0.0,0.0,0,0,0,0,0,0,0,0

SID,VUDP1A,IMDAB,6
IF,VUDPI,-23.063000,-44.819333, ,0.0,0.0,0,0,0,0,0,0,0,0
TF,IMDAB,-23.197406,-44.624828,0, ,0.0,0.0,0.0,0.0,0,0,0,0,0,0,0,0

APPTR,N02-A,02,GGT
IF,GGT,-22.787975,-45.215286,GGT,0.0,0.0,2,7000,0,1,170,0,1,0
FC,GGT,-22.787975,-45.215286,0,GGT,0.0,0.0,241.0,8.5,2,4600,0,1,170,0,0,1
CF,FF077,-22.869458,-45.340944,2,GGT,257.0,8.5,77.0,1.0,2,4600,0,1,170,0,0,0

FINAL,N02-A,02,N,2
IF,FF077,-22.869458,-45.340944,GGT,0.0,0.0,2,4600,0,1,170,0,2,0
CF,GGT,-22.787975,-45.215286,0,GGT,0.0,0.0,77.0,8.5,1,3100,0,1,170,0,3,1
CA,0,77.0,2,4000,0,1,170,0,0,0
DF,GGT,-22.787975,-45.215286,1, ,0.0,0.0,2,7000,0,1,170,0,0,1
HM,GGT,-22.787975,-45.215286,1, ,0.0,0.0,257.0,04.3,0,0,0,1,170,0,0,0,0

APPTR,N02-B,02,GGT
IF,GGT,-22.787975,-45.215286,GGT,0.0,0.0,2,7000,0,1,170,0,1,0
FC,GGT,-22.787975,-45.215286,0,GGT,0.0,0.0,241.0,8.5,2,4600,0,1,170,0,0,1
CF,FF077,-22.869458,-45.340944,2,GGT,257.0,8.5,77.0,1.0,2,4600,0,1,170,0,0,0

FINAL,N02-B,02,N,2
IF,FF077,-22.869458,-45.340944,GGT,0.0,0.0,2,4600,0,1,170,0,2,0
CF,GGT,-22.787975,-45.215286,0,GGT,0.0,0.0,77.0,8.5,1,3020,0,1,170,0,3,1
CA,0,77.0,2,4000,0,1,170,0,0,0
DF,GGT,-22.787975,-45.215286,1, ,0.0,0.0,2,7000,0,1,170,0,0,1
HM,GGT,-22.787975,-45.215286,1, ,0.0,0.0,257.0,04.3,0,0,0,1,170,0,0,0,0

APPTR,N20-A,20,GGT
IF,GGT,-22.787975,-45.215286,GGT,0.0,0.0,2,7000,0,1,170,0,1,0
FC,GGT,-22.787975,-45.215286,0,GGT,0.0,0.0,241.0,8.5,2,4600,0,1,170,0,0,1
CF,FF077,-22.869458,-45.340944,2,GGT,257.0,8.5,77.0,1.0,2,4600,0,1,170,0,0,0

FINAL,N20-A,20,N,2
IF,FF077,-22.869458,-45.340944,GGT,0.0,0.0,2,4600,0,1,170,0,2,0
CF,GGT,-22.787975,-45.215286,0,GGT,0.0,0.0,77.0,8.5,1,3100,0,1,170,0,3,1
CA,0,77.0,2,4000,0,1,170,0,0,0
DF,GGT,-22.787975,-45.215286,1, ,0.0,0.0,2,7000,0,1,170,0,0,1
HM,GGT,-22.787975,-45.215286,1, ,0.0,0.0,257.0,04.3,0,0,0,1,170,0,0,0,0

APPTR,N20-B,20,GGT
IF,GGT,-22.787975,-45.215286,GGT,0.0,0.0,2,7000,0,1,170,0,1,0
FC,GGT,-22.787975,-45.215286,0,GGT,0.0,0.0,241.0,8.5,2,4600,0,1,170,0,0,1
CF,FF077,-22.869458,-45.340944,2,GGT,257.0,8.5,77.0,1.0,2,4600,0,1,170,0,0,0

FINAL,N20-B,20,N,2
IF,FF077,-22.869458,-45.340944,GGT,0.0,0.0,2,4600,0,1,170,0,2,0
CF,GGT,-22.787975,-45.215286,0,GGT,0.0,0.0,77.0,8.5,1,3020,0,1,170,0,3,1
CA,0,77.0,2,4000,0,1,170,0,0,0
DF,GGT,-22.787975,-45.215286,1, ,0.0,0.0,2,7000,0,1,170,0,0,1
HM,GGT,-22.787975,-45.215286,1, ,0.0,0.0,257.0,04.3,0,0,0,1,170,0,0,0,0

APPTR,R20,20,GGT
IF,GGT,-22.787975,-45.215286, ,0.0,0.0,0,0,0,0,0,0,1,0
TF,GW006,-22.655500,-45.062800,0, ,0.0,0.0,0.0,0.0,2,5000,0,1,190,0,0,0
TF,GW004,-22.626194,-45.166189,0, ,0.0,0.0,0.0,0.0,2,4500,0,1,190,0,1,0

FINAL,R20,20,R,4
IF,GW004,-22.626194,-45.166189, ,0.0,0.0,2,4500,0,0,0,0,0,0
TF,GW009,-22.673914,-45.182883,0, ,0.0,0.0,220.0,3.0,2,3800,0,0,0,0,0,0
TF,GW003,-22.705725,-45.194019,0, ,0.0,0.0,220.0,2.0,1,3320,0,0,0,0,2,0
TF,GW013,-22.771806,-45.205247,0, ,0.0,0.0,211.0,4.0,1,2050,0,0,0,0,3,1
CA,0,211.0,2,2270,0,1,190,0,0,0
CA,0,255.0,2,3600,0,1,190,0,0,0
DF,GGT,-22.787975,-45.215286,2, ,0.0,0.0,2,7000,0,1,190,0,0,1
HM,GGT,-22.787975,-45.215286,2, ,0.0,0.0,70.0,04.3,2,7000,0,1,210,0,0,0,0

