SID,CAMA,17,1
VA,0,164.0,2,3900,0,0,0,0,0,0
VI,0, ,0.0,245.0,0,0,0,0,0,0,0,0
IF,LJS,-27.782414,-50.276508, ,0.0,0.0,0,0,0,0,0,0,0,0
TF,CAMA,-28.098000,-50.400833,0, ,0.0,0.0,0.0,0.0,0,0,0,0,0,0,0,0

SID,CAMA,35,1
VA,0,344.0,2,3500,0,0,0,0,0,0
VI,1, ,0.0,185.0,0,0,0,0,0,0,0,0
IF,LJS,-27.782414,-50.276508, ,0.0,0.0,0,0,0,0,0,0,0,0
TF,CAMA,-28.098000,-50.400833,0, ,0.0,0.0,0.0,0.0,0,0,0,0,0,0,0,0

SID,CAMA,LOMUT,3
IF,CAMA,-28.098000,-50.400833, ,0.0,0.0,0,0,0,0,0,0,0,0
TF,LOMUT,-28.830833,-50.692333,0, ,0.0,0.0,0.0,0.0,0,0,0,0,0,0,0,0

SID,FADA,17,1
VA,0,164.0,2,3900,0,0,0,0,0,0
VI,1, ,0.0,41.0,0,0,0,0,0,0,0,0
CF,FADA,-27.588622,-49.970644,0,CRY,353.2,74.1,71.0,12.0,0,0,0,0,0,0,0,0

SID,FADA,35,1
VA,0,344.0,2,3500,0,0,0,0,0,0
VI,2, ,0.0,101.0,0,0,0,0,0,0,0,0
CF,FADA,-27.588622,-49.970644,0,CRY,353.2,74.1,71.0,14.0,0,0,0,0,0,0,0,0

SID,FADA,CTB,3
IF,FADA,-27.588622,-49.970644, ,0.0,0.0,0,0,0,0,0,0,0,0
TF,CTB,-25.532031,-49.167664,0, ,0.0,0.0,0.0,0.0,0,0,0,0,0,0,0,0

SID,MACA,17,1
VA,0,164.0,2,3900,0,0,0,0,0,0
VI,2, ,0.0,332.0,0,0,0,0,0,0,0,0
CF,MACA,-27.686667,-50.636667,0,CRY,330.3,89.8,302.0,11.0,0,0,0,0,0,0,0,0

SID,MACA,35,1
VA,0,344.0,2,3500,0,0,0,0,0,0
VI,0, ,0.0,272.0,0,0,0,0,0,0,0,0
CF,MACA,-27.686667,-50.636667,0,CRY,330.3,89.8,302.0,17.0,0,0,0,0,0,0,0,0

SID,MACA,PFD,3
IF,MACA,-27.686667,-50.636667, ,0.0,0.0,0,0,0,0,0,0,0,0
TF,PFD,-28.240833,-52.329833,0, ,0.0,0.0,0.0,0.0,0,0,0,0,0,0,0,0

SID,MACA,XPC,3
IF,MACA,-27.686667,-50.636667, ,0.0,0.0,0,0,0,0,0,0,0,0
TF,XPC,-27.135692,-52.662967,0, ,0.0,0.0,0.0,0.0,0,0,0,0,0,0,0,0

SID,RIMA,17,1
VA,0,164.0,2,3900,0,0,0,0,0,0
VI,2, ,0.0,301.0,0,0,0,0,0,0,0,0
CF,RIMA,-27.866206,-50.640522,0,CRY,324.9,82.9,271.0,11.0,0,0,0,0,0,0,0,0

SID,RIMA,35,1
VA,0,344.0,2,3500,0,0,0,0,0,0
VI,1, ,0.0,241.0,0,0,0,0,0,0,0,0
CF,RIMA,-27.866206,-50.640522,0,CRY,324.9,82.9,271.0,14.0,0,0,0,0,0,0,0,0

SID,RIMA,PFD,3
IF,RIMA,-27.866206,-50.640522, ,0.0,0.0,0,0,0,0,0,0,0,0
TF,PFD,-28.240833,-52.329833,0, ,0.0,0.0,0.0,0.0,0,0,0,0,0,0,0,0

SID,RIMA,XPC,3
IF,RIMA,-27.866206,-50.640522, ,0.0,0.0,0,0,0,0,0,0,0,0
TF,XPC,-27.135692,-52.662967,0, ,0.0,0.0,0.0,0.0,0,0,0,0,0,0,0,0

SID,ROCA,17,1
VA,0,164.0,2,3900,0,0,0,0,0,0
VI,1, ,0.0,73.0,0,0,0,0,0,0,0,0
IF,LJS,-27.782414,-50.276508, ,0.0,0.0,0,0,0,0,0,0,0,0
TF,ROCA,-27.765167,-49.901333,0, ,0.0,0.0,0.0,0.0,0,0,0,0,0,0,0,0
TF,FLN,-27.669917,-48.540453,0, ,0.0,0.0,0.0,0.0,0,0,0,0,0,0,0,0

SID,ROCA,35,1
VA,0,344.0,2,3500,0,0,0,0,0,0
VI,2, ,0.0,133.0,0,0,0,0,0,0,0,0
IF,LJS,-27.782414,-50.276508, ,0.0,0.0,0,0,0,0,0,0,0,0
TF,ROCA,-27.765167,-49.901333,0, ,0.0,0.0,0.0,0.0,0,0,0,0,0,0,0,0
TF,FLN,-27.669917,-48.540453,0, ,0.0,0.0,0.0,0.0,0,0,0,0,0,0,0,0

FINAL,N17,17,N,2
IF,FF17,-27.695875,-50.364094,LJS,0.0,0.0,2,5100,0,0,0,0,2,0
CF,LJS,-27.782414,-50.276508,0,LJS,0.0,0.0,154.0,7.0,1,3950,0,0,0,0,3,0
CA,0,154.0,2,6000,0,0,0,0,0,0

FINAL,N35,35,N,3
IF,FF35,-27.887628,-50.226303,LJS,0.0,0.0,2,5200,0,0,0,0,2,0
CF,EP35,-27.786908,-50.274425,0,LJS,0.0,0.0,353.0,6.6,1,3115,0,0,0,0,0,1
CF,LJS,-27.782414,-50.276508,0,LJS,0.0,0.0,353.0,0.3,2,3465,0,0,0,0,3,0
CA,0,353.0,2,6000,0,0,0,0,0,0

APPTR,R17,17,ALAN
HF,ALAN,-27.635083,-50.386028,2, ,0.0,0.0,165.0,04.3,2,6000,0,0,0,0,1,0,0

FINAL,R17,17,R,3
IF,ALAN,-27.635083,-50.386028, ,0.0,0.0,2,6000,0,0,0,0,0,0
TF,BUGS,-27.705722,-50.335889,0, ,0.0,0.0,165.0,5.0,2,4600,0,0,0,0,2,0
TF,RW17,-27.776389,-50.285556,0, ,0.0,0.0,165.0,5.0,1,3071,0,0,0,0,3,1
DF,DIDI,-27.957444,-50.156639,0, ,0.0,0.0,2,7000,0,0,0,0,0,1
HM,DIDI,-27.957444,-50.156639,1, ,0.0,0.0,345.0,04.3,0,0,0,0,0,0,0,0,0

APPTR,R35,35,DIDI
HF,DIDI,-27.957444,-50.156639,1, ,0.0,0.0,345.0,04.3,2,7000,0,0,0,0,1,0,0

FINAL,R35,35,R,4
IF,DIDI,-27.957444,-50.156639, ,0.0,0.0,2,7000,0,0,0,0,0,0
TF,BURG,-27.858778,-50.227139,0, ,0.0,0.0,345.0,7.0,2,4700,0,0,0,0,2,0
TF,30THR,-27.830422,-50.247286,0, ,0.0,0.0,345.0,2.0,2,3960,0,0,0,0,0,0
TF,RW35,-27.788056,-50.277222,0, ,0.0,0.0,345.0,3.0,1,3115,0,0,0,0,3,1
DF,ALAN,-27.635083,-50.386028,0, ,0.0,0.0,2,6000,0,0,0,0,0,1
HM,ALAN,-27.635083,-50.386028,2, ,0.0,0.0,165.0,04.3,0,0,0,0,0,0,0,0,0

