SID,AKRA1A,13,5
CF,AKRAP,-23.354000,-51.069333,0,FLN,350.5,292.4,129.0,3.0,0,0,0,0,0,0,0,1

SID,AKRA1A,AKTIT,6
IF,AKRAP,-23.354000,-51.069333, ,0.0,0.0,0,0,0,0,0,0,0,0
TF,AKTIT,-23.032167,-50.469833,0, ,0.0,0.0,0.0,0.0,0,0,0,0,0,0,0,0

SID,AKRA1A,JAVAN,6
IF,AKRAP,-23.354000,-51.069333, ,0.0,0.0,0,0,0,0,0,0,0,0
TF,JAVAN,-23.861000,-50.658167,0, ,0.0,0.0,0.0,0.0,0,0,0,0,0,0,0,0

SID,AKRA1A,KOTEG,6
IF,AKRAP,-23.354000,-51.069333, ,0.0,0.0,0,0,0,0,0,0,0,0
DF,LO002,-23.165333,-50.995500,1, ,0.0,0.0,2,5000,0,1,240,0,0,0
TF,KOTEG,-22.690167,-51.286167,0, ,0.0,0.0,0.0,0.0,0,0,0,0,0,0,0,0

SID,AKRA1A,KUDRI,6
IF,AKRAP,-23.354000,-51.069333, ,0.0,0.0,0,0,0,0,0,0,0,0
DF,LO003,-23.542667,-51.143500,2, ,0.0,0.0,0,0,0,1,250,0,0,0
TF,KUDRI,-23.796167,-52.538000,0, ,0.0,0.0,0.0,0.0,0,0,0,0,0,0,0,0

SID,AKRA1A,PAMUS,6
IF,AKRAP,-23.354000,-51.069333, ,0.0,0.0,0,0,0,0,0,0,0,0
DF,LO002,-23.165333,-50.995500,1, ,0.0,0.0,2,5000,0,1,240,0,0,0
TF,PAMUS,-22.842547,-51.736789,0, ,0.0,0.0,0.0,0.0,0,0,0,0,0,0,0,0

SID,AKRA1A,SIGAR,6
IF,AKRAP,-23.354000,-51.069333, ,0.0,0.0,0,0,0,0,0,0,0,0
DF,LO003,-23.542667,-51.143500,2, ,0.0,0.0,0,0,0,1,250,0,0,0
TF,SIGAR,-24.051333,-52.122000,0, ,0.0,0.0,0.0,0.0,0,0,0,0,0,0,0,0

SID,AKRA1B,13,2
CF,AKRAP,-23.354000,-51.069333,0,LON,127.0,2.5,129.0,3.0,0,0,0,1,240,0,0,1

SID,AKRA1B,AKTIT,3
IF,AKRAP,-23.354000,-51.069333, ,0.0,0.0,0,0,0,1,240,0,0,0
CF,AKTIT,-23.032167,-50.469833,0,LON,79.8,40.0,82.0,36.0,0,0,0,0,0,0,0,0

SID,AKRA1B,JAVAN,3
IF,AKRAP,-23.354000,-51.069333, ,0.0,0.0,0,0,0,1,240,0,0,0
CF,JAVAN,-23.861000,-50.658167,0,LON,158.3,40.0,160.0,36.0,0,0,0,0,0,0,0,0

SID,AKRA1B,KOTEG,3
IF,AKRAP,-23.354000,-51.069333, ,0.0,0.0,0,0,0,1,240,0,0,0
VI,1, ,0.0,260.0,0,0,0,0,0,0,0,0
CF,KOTEG,-22.690167,-51.286167,2,LON,3.1,40.0,5.0,37.0,0,0,0,0,0,0,0,0

SID,AKRA1B,KUDRI,3
IF,AKRAP,-23.354000,-51.069333, ,0.0,0.0,0,0,0,1,240,0,0,0
VI,2, ,0.0,340.0,0,0,0,0,0,0,0,0
CF,KUDRI,-23.796167,-52.538000,0,LON,267.6,83.2,269.0,80.0,0,0,0,0,0,0,0,0

SID,AKRA1B,PAMUS,3
IF,AKRAP,-23.354000,-51.069333, ,0.0,0.0,0,0,0,1,240,0,0,0
VI,1, ,0.0,260.0,0,0,0,0,0,0,0,0
CF,PAMUS,-22.842547,-51.736789,0,LON,327.6,45.6,330.0,42.0,0,0,0,0,0,0,0,0

SID,AKRA1B,SIGAR,3
IF,AKRAP,-23.354000,-51.069333, ,0.0,0.0,0,0,0,1,240,0,0,0
VI,2, ,0.0,340.0,0,0,0,0,0,0,0,0
CF,SIGAR,-24.051333,-52.122000,0,LON,249.4,70.0,251.0,67.0,0,0,0,0,0,0,0,0

SID,AKTI1A,31,2
CA,0,309.0,2,3200,0,0,0,0,0,0
CF,LON,-23.339517,-51.112525,2,LON,0.0,0.0,180.0,3.5,0,0,0,0,0,0,0,0
TF,AKTIT,-23.032167,-50.469833,1, ,0.0,0.0,0.0,0.0,0,0,0,0,0,0,0,0

SID,EDPU1A,31,4
CF,EDPUD,-23.293786,-51.248653,0,FLN,349.1,300.2,309.0,6.6,0,0,0,0,0,0,0,0

SID,EDPU1A,AKTIT,6
IF,EDPUD,-23.293786,-51.248653, ,0.0,0.0,0,0,0,0,0,0,0,0
TF,ENVEK,-23.124500,-51.117000,0, ,0.0,0.0,0.0,0.0,0,0,0,1,240,0,0,0
TF,AKTIT,-23.032167,-50.469833,0, ,0.0,0.0,0.0,0.0,0,0,0,0,0,0,0,0

SID,EDPU1A,JAVAN,6
IF,EDPUD,-23.293786,-51.248653, ,0.0,0.0,0,0,0,0,0,0,0,0
TF,LO021,-23.502000,-51.264833,0, ,0.0,0.0,0.0,0.0,0,0,0,1,240,0,0,0
TF,JAVAN,-23.861000,-50.658167,0, ,0.0,0.0,0.0,0.0,0,0,0,0,0,0,0,0

SID,EDPU1A,KOTEG,6
IF,EDPUD,-23.293786,-51.248653, ,0.0,0.0,0,0,0,0,0,0,0,0
TF,KOTEG,-22.690167,-51.286167,0, ,0.0,0.0,0.0,0.0,0,0,0,0,0,0,0,0

SID,EDPU1A,KUDRI,6
IF,EDPUD,-23.293786,-51.248653, ,0.0,0.0,0,0,0,0,0,0,0,0
TF,KUDRI,-23.796167,-52.538000,0, ,0.0,0.0,0.0,0.0,0,0,0,0,0,0,0,0

SID,EDPU1A,PAMUS,6
IF,EDPUD,-23.293786,-51.248653, ,0.0,0.0,0,0,0,0,0,0,0,0
TF,PAMUS,-22.842547,-51.736789,0, ,0.0,0.0,0.0,0.0,0,0,0,0,0,0,0,0

SID,EDPU1A,SIGAR,6
IF,EDPUD,-23.293786,-51.248653, ,0.0,0.0,0,0,0,0,0,0,0,0
TF,SIGAR,-24.051333,-52.122000,0, ,0.0,0.0,0.0,0.0,0,0,0,0,0,0,0,0

SID,JAVA1A,31,2
CA,0,309.0,2,3200,0,0,0,0,0,0
CF,LON,-23.339517,-51.112525,1,LON,0.0,0.0,90.0,3.5,0,0,0,0,0,0,0,0
TF,JAVAN,-23.861000,-50.658167,0, ,0.0,0.0,0.0,0.0,0,0,0,0,0,0,0,0

SID,KOTE1A,31,2
CA,0,309.0,2,3200,0,0,0,0,0,0
VI,2, ,0.0,75.0,0,0,0,0,0,0,0,0
CF,KOTEG,-22.690167,-51.286167,0,LON,3.1,40.0,5.0,35.0,0,0,0,0,0,0,0,0

SID,KUDR1A,31,2
CA,0,309.0,2,3200,0,0,0,0,0,0
VI,0, ,0.0,220.0,0,0,0,0,0,0,0,0
CF,KUDRI,-23.796167,-52.538000,0,LON,267.6,83.2,269.0,77.0,0,0,0,0,0,0,0,0

SID,PAMU1A,31,2
CA,0,309.0,2,3200,0,0,0,0,0,0
CF,PAMUS,-22.842547,-51.736789,0,LON,327.6,45.6,330.0,43.0,0,0,0,0,0,0,0,0

SID,SIGA1A,31,2
CA,0,309.0,2,3200,0,0,0,0,0,0
VI,1, ,0.0,180.0,0,0,0,0,0,0,0,0
CF,SIGAR,-24.051333,-52.122000,0,LON,249.4,70.0,251.0,64.0,0,0,0,0,0,0,0,0

APPTR,D13-Z,13,D005L
IF,D005L,-23.144739,-51.164792, ,0.0,0.0,2,5000,0,0,0,0,0,0
TF,LON01,-23.177206,-51.156092,0, ,0.0,0.0,0.0,0.0,2,5000,0,0,0,0,1,0
AF,CEILA,-23.282300,-51.282658,1,LON,309.0,10.0,5.0,2,4100,0,0,0,0,0,0

APPTR,D13-Z,13,D082L
IF,D082L,-23.247581,-50.919417, ,0.0,0.0,2,5000,0,0,0,0,0,0
TF,LON09,-23.262922,-50.951586,0, ,0.0,0.0,0.0,0.0,2,5000,0,0,0,0,1,0
AF,LON01,-23.177206,-51.156092,1,LON,5.1,10.0,82.0,2,4500,0,0,0,0,0,0
AF,CEILA,-23.282300,-51.282658,1,LON,309.0,10.0,5.0,2,4100,0,0,0,0,0,0

APPTR,D13-Z,13,D105L
IF,D105L,-23.324392,-50.895833, ,0.0,0.0,2,5000,0,0,0,0,0,0
TF,LON08,-23.326933,-50.931947,0, ,0.0,0.0,0.0,0.0,2,5000,0,0,0,0,1,0
AF,LON01,-23.177206,-51.156092,1,LON,5.1,10.0,105.0,2,4500,0,0,0,0,0,0
AF,CEILA,-23.282300,-51.282658,1,LON,309.0,10.0,5.0,2,4100,0,0,0,0,0,0

APPTR,D13-Z,13,D113L
IF,D113L,-23.351711,-50.895594, ,0.0,0.0,2,5000,0,0,0,0,0,0
TF,LON07,-23.349700,-50.931756,0, ,0.0,0.0,0.0,0.0,2,5000,0,0,0,0,1,0
AF,LON01,-23.177206,-51.156092,1,LON,5.1,10.0,113.0,2,4500,0,0,0,0,0,0
AF,CEILA,-23.282300,-51.282658,1,LON,309.0,10.0,5.0,2,4100,0,0,0,0,0,0

APPTR,D13-Z,13,D160L
IF,D160L,-23.496128,-50.976572, ,0.0,0.0,2,5000,0,0,0,0,0,0
TF,LON06,-23.470033,-50.999256,0, ,0.0,0.0,0.0,0.0,2,5000,0,0,0,0,1,0
AF,CEILA,-23.282300,-51.282658,2,LON,309.0,10.0,160.0,2,4100,0,0,0,0,0,0

APPTR,D13-Z,13,D251L
IF,D251L,-23.461992,-51.284753, ,0.0,0.0,2,5000,0,0,0,0,0,0
TF,LON05,-23.441592,-51.256025,0, ,0.0,0.0,0.0,0.0,2,5000,0,0,0,0,1,0
AF,CEILA,-23.282300,-51.282658,2,LON,309.0,10.0,251.0,2,4100,0,0,0,0,0,0

APPTR,D13-Z,13,D270L
IF,D270L,-23.406194,-51.317550, ,0.0,0.0,2,5000,0,0,0,0,0,0
TF,LON04,-23.395100,-51.283364,0, ,0.0,0.0,0.0,0.0,2,5000,0,0,0,0,1,0
AF,CEILA,-23.282300,-51.282658,2,LON,309.0,10.0,270.0,2,4100,0,0,0,0,0,0

APPTR,D13-Z,13,D330L
IF,D330L,-23.208944,-51.277472, ,0.0,0.0,2,5000,0,0,0,0,0,0
TF,LON02,-23.230722,-51.250003,0, ,0.0,0.0,0.0,0.0,2,5000,0,0,0,0,1,0
AF,CEILA,-23.282300,-51.282658,1,LON,309.0,10.0,330.0,2,4100,0,0,0,0,0,0

FINAL,D13-Z,13,D,3
IF,CEILA,-23.282300,-51.282658,LON,309.0,10.0,2,4100,0,0,0,0,0,0
CF,EDPUD,-23.293786,-51.248653,0,LON,309.0,8.0,129.0,2.0,2,4020,0,0,0,0,2,0
CF,RW13,-23.331414,-51.136650,0,LON,308.9,1.4,129.0,6.6,1,1916,0,0,0,0,3,1
TF,LON,-23.339517,-51.112525,0, ,0.0,0.0,0.0,0.0,0,0,0,0,0,0,0,0
TF,ENVOB,-23.422333,-50.865000,0, ,0.0,0.0,0.0,0.0,2,5000,0,0,0,0,0,0
HM,ENVOB,-23.422333,-50.865000,1, ,0.0,0.0,309.0,04.3,2,5000,0,0,0,0,0,0,0

APPTR,D31-Y,31,D005L
IF,D005L,-23.144739,-51.164792, ,0.0,0.0,2,5000,0,0,0,0,0,0
TF,LON01,-23.177206,-51.156092,0, ,0.0,0.0,0.0,0.0,2,5000,0,0,0,0,1,0
AF,LON09,-23.262922,-50.951586,2,LON,81.8,10.0,5.0,2,4500,0,0,0,0,0,0
AF,AMANT,-23.396153,-50.942094,2,LON,128.8,10.0,82.0,2,4000,0,0,0,0,0,0

APPTR,D31-Y,31,D082L
IF,D082L,-23.247581,-50.919417, ,0.0,0.0,2,5000,0,0,0,0,0,0
TF,LON09,-23.262922,-50.951586,0, ,0.0,0.0,0.0,0.0,2,5000,0,0,0,0,1,0
AF,AMANT,-23.396153,-50.942094,2,LON,128.8,10.0,82.0,2,4000,0,0,0,0,0,0

APPTR,D31-Y,31,D105L
IF,D105L,-23.324392,-50.895833, ,0.0,0.0,2,5000,0,0,0,0,0,0
TF,LON08,-23.326933,-50.931947,0, ,0.0,0.0,0.0,0.0,2,5000,0,0,0,0,1,0
AF,AMANT,-23.396153,-50.942094,2,LON,128.8,10.0,105.0,2,4000,0,0,0,0,0,0

APPTR,D31-Y,31,D113L
IF,D113L,-23.351711,-50.895594, ,0.0,0.0,2,5000,0,0,0,0,0,0
TF,LON07,-23.349700,-50.931756,0, ,0.0,0.0,0.0,0.0,2,5000,0,0,0,0,1,0
AF,AMANT,-23.396153,-50.942094,2,LON,128.8,10.0,113.0,2,4000,0,0,0,0,0,0

APPTR,D31-Y,31,D160L
IF,D160L,-23.496128,-50.976572, ,0.0,0.0,2,5000,0,0,0,0,0,0
TF,LON06,-23.470033,-50.999256,0, ,0.0,0.0,0.0,0.0,2,5000,0,0,0,0,1,0
AF,AMANT,-23.396153,-50.942094,1,LON,128.8,10.0,160.0,2,4000,0,0,0,0,0,0

APPTR,D31-Y,31,D251L
IF,D251L,-23.461992,-51.284753, ,0.0,0.0,2,5000,0,0,0,0,0,0
TF,LON05,-23.441592,-51.256025,0, ,0.0,0.0,0.0,0.0,2,5000,0,0,0,0,1,0
AF,AMANT,-23.396153,-50.942094,1,LON,128.8,10.0,251.0,2,4000,0,0,0,0,0,0

APPTR,D31-Y,31,D270L
IF,D270L,-23.406194,-51.317550, ,0.0,0.0,2,5000,0,0,0,0,0,0
TF,LON04,-23.395100,-51.283364,0, ,0.0,0.0,0.0,0.0,2,5000,0,0,0,0,1,0
AF,AMANT,-23.396153,-50.942094,1,LON,128.8,10.0,270.0,2,4000,0,0,0,0,0,0

APPTR,D31-Y,31,D330L
IF,D330L,-23.208944,-51.277472, ,0.0,0.0,2,5000,0,0,0,0,0,0
TF,LON02,-23.230722,-51.250003,0, ,0.0,0.0,0.0,0.0,2,5000,0,0,0,0,1,0
AF,LON09,-23.262922,-50.951586,2,LON,81.8,10.0,330.0,2,4500,0,0,0,0,0,0
AF,AMANT,-23.396153,-50.942094,2,LON,128.8,10.0,82.0,2,4000,0,0,0,0,0,0

FINAL,D31-Y,31,D,4
IF,AMANT,-23.396153,-50.942094,LON,128.8,10.0,2,4000,0,0,0,0,0,0
CF,CHARA,-23.367858,-51.027328,0,LON,128.8,5.0,309.0,5.0,2,3610,0,0,0,0,2,0
CF,22THR,-23.348797,-51.084644,0,LON,128.8,1.6,309.0,3.4,2,2530,0,0,0,0,0,1
CF,LON,-23.339517,-51.112525,0,LON,0.0,0.0,309.0,1.6,1,2009,0,0,0,0,3,0
TF,CAMBU,-23.245500,-51.392000,0, ,0.0,0.0,0.0,0.0,2,5000,0,0,0,0,0,0
HM,CAMBU,-23.245500,-51.392000,2, ,0.0,0.0,129.0,04.3,2,5000,0,1,210,0,0,0,0

APPTR,R13-X,13,LO206
IF,LO206,-23.464436,-51.140025, ,0.0,0.0,2,5000,0,0,0,0,1,0
TF,LO207,-23.397439,-51.220967,0, ,0.0,0.0,0.0,0.0,2,4000,0,0,0,0,1,0

FINAL,R13-X,13,R,4
IF,LO207,-23.397439,-51.220967, ,0.0,0.0,2,4000,0,0,0,0,0,0
RF,LO208,-23.329314,-51.221350,2,LO205,96.0,2.8,2,3508,0,0,0,0,2,0
RF,LO204,-23.319994,-51.170675,2,LO205,127.4,2.8,2,2553,0,0,0,0,0,0
TF,LO107,-23.331419,-51.136639,0, ,0.0,0.0,129.0,2.0,1,1917,0,0,0,0,3,1
TF,LO108,-23.422283,-50.864914,0, ,0.0,0.0,0.0,0.0,2,5000,0,0,0,0,0,1
HM,LO108,-23.422283,-50.864914,2, ,0.0,0.0,309.0,04.3,2,5000,0,0,0,0,0,0,0

APPTR,R13-Y,13,LO201
IF,LO201,-23.252775,-51.037061, ,0.0,0.0,2,5000,0,0,0,0,1,0
TF,LO202,-23.231806,-51.143244,0, ,0.0,0.0,0.0,0.0,2,4000,0,0,0,0,1,0

FINAL,R13-Y,13,R,4
IF,LO202,-23.231806,-51.143244, ,0.0,0.0,2,4000,0,0,0,0,0,0
RF,LO203,-23.282786,-51.203019,1,LO200,158.7,2.8,2,3508,0,0,0,0,2,0
RF,LO204,-23.319994,-51.170675,1,LO200,127.4,2.8,2,2553,0,0,0,0,0,0
TF,LO107,-23.331419,-51.136639,0, ,0.0,0.0,129.0,2.0,1,1917,0,0,0,0,3,1
TF,LO108,-23.422283,-50.864914,0, ,0.0,0.0,0.0,0.0,2,5000,0,0,0,0,0,1
HM,LO108,-23.422283,-50.864914,2, ,0.0,0.0,309.0,04.3,2,5000,0,0,0,0,0,0,0

APPTR,R13-Z,13,LO134
IF,LO134,-23.173833,-51.307167, ,0.0,0.0,2,5000,0,0,0,0,1,0
TF,LO133,-23.274217,-51.306781,0, ,0.0,0.0,0.0,0.0,2,4000,0,0,0,0,1,0

APPTR,R13-Z,13,LO136
IF,LO136,-23.245483,-51.391764, ,0.0,0.0,2,5000,0,0,0,0,1,0
TF,LO133,-23.274217,-51.306781,0, ,0.0,0.0,0.0,0.0,2,4000,0,0,0,0,1,0

APPTR,R13-Z,13,LO137
IF,LO137,-23.351000,-51.376833, ,0.0,0.0,2,5000,0,0,0,0,1,0
TF,LO133,-23.274217,-51.306781,0, ,0.0,0.0,0.0,0.0,2,4000,0,0,0,0,1,0

FINAL,R13-Z,13,R,4
IF,LO133,-23.274217,-51.306781, ,0.0,0.0,2,4000,0,0,0,0,0,0
TF,LO132,-23.302839,-51.221733,0, ,0.0,0.0,129.0,5.0,2,3510,0,0,0,0,2,0
TF,LO138,-23.318850,-51.174081,0, ,0.0,0.0,129.0,2.8,2,2580,0,0,0,0,0,0
TF,RW13,-23.331414,-51.136650,0, ,0.0,0.0,129.0,2.2,1,1916,0,0,0,0,3,1
TF,LO314,-23.422542,-50.864139,0, ,0.0,0.0,0.0,0.0,2,5000,0,0,0,0,0,1
HM,LO314,-23.422542,-50.864139,2, ,0.0,0.0,309.0,04.3,2,5000,0,0,0,0,0,0,0

APPTR,R31-Y,31,LO221
IF,LO221,-23.391136,-50.841453, ,0.0,0.0,2,5000,0,0,0,0,1,0
TF,LO112,-23.393858,-50.950114,0, ,0.0,0.0,0.0,0.0,2,4000,0,0,0,0,1,0

APPTR,R31-Y,31,LO222
IF,LO222,-23.480850,-50.895931, ,0.0,0.0,2,5000,0,0,0,0,1,0
TF,LO112,-23.393858,-50.950114,0, ,0.0,0.0,0.0,0.0,2,4000,0,0,0,0,1,0

FINAL,R31-Y,31,R,3
IF,LO112,-23.393858,-50.950114, ,0.0,0.0,2,4000,0,0,0,0,0,0
TF,LO113,-23.365383,-51.035278,0, ,0.0,0.0,309.0,5.0,2,3450,0,0,0,0,2,0
TF,RW31,-23.336861,-51.120411,0, ,0.0,0.0,309.0,5.0,1,1859,0,0,0,0,3,1
TF,LO101,-23.245556,-51.391778,0, ,0.0,0.0,0.0,0.0,2,5000,0,0,0,0,0,1
HM,LO101,-23.245556,-51.391778,2, ,0.0,0.0,129.0,04.3,2,5000,0,0,0,0,0,0,0

APPTR,R31-Z,31,LO313
IF,LO313,-23.488231,-50.987178, ,0.0,0.0,2,5000,0,0,0,0,1,0
TF,LO312,-23.393894,-50.950139,0, ,0.0,0.0,0.0,0.0,2,4000,0,0,0,0,1,0

APPTR,R31-Z,31,LO314
IF,LO314,-23.422542,-50.864139, ,0.0,0.0,2,5000,0,0,0,0,1,0
TF,LO312,-23.393894,-50.950139,0, ,0.0,0.0,0.0,0.0,2,4000,0,0,0,0,1,0

APPTR,R31-Z,31,LO316
IF,LO316,-23.299550,-50.913150, ,0.0,0.0,2,5000,0,0,0,0,1,0
TF,LO312,-23.393894,-50.950139,0, ,0.0,0.0,0.0,0.0,2,4000,0,0,0,0,1,0

FINAL,R31-Z,31,R,4
IF,LO312,-23.393894,-50.950139, ,0.0,0.0,2,4000,0,0,0,0,0,0
TF,LO311,-23.365400,-51.035292,0, ,0.0,0.0,309.0,5.0,2,3460,0,0,0,0,2,0
TF,LO320,-23.348853,-51.084667,0, ,0.0,0.0,309.0,2.9,2,2530,0,0,0,0,0,0
TF,RW31,-23.336861,-51.120411,0, ,0.0,0.0,309.0,2.1,1,1862,0,0,0,0,3,1
TF,LO136,-23.245483,-51.391764,0, ,0.0,0.0,0.0,0.0,2,5000,0,0,0,0,0,1
HM,LO136,-23.245483,-51.391764,2, ,0.0,0.0,129.0,04.3,2,5000,0,0,0,0,0,0,0

