SID,EDIL,05,1
VA,0,47.0,2,1000,0,0,0,0,0,0
CF,EDIL,-4.849747,-37.653322,1,MSS,342.2,27.0,342.0,28.0,0,0,0,0,0,0,0,0

SID,EDIL,23,1
VA,0,227.0,2,1000,0,0,0,0,0,0
VI,2, ,0.0,12.0,0,0,0,0,0,0,0,0
CF,EDIL,-4.849747,-37.653322,0,MSS,342.2,27.0,342.0,20.0,0,0,0,0,0,0,0,0

SID,IATO,05,1
VA,0,47.0,2,1000,0,0,0,0,0,0
CF,IATO,-5.337889,-36.935911,2,MSS,130.1,27.0,131.0,27.0,0,0,0,0,0,0,0,0

SID,IATO,23,1
VA,0,227.0,2,1000,0,0,0,0,0,0
VI,1, ,0.0,101.0,0,0,0,0,0,0,0,0
CF,IATO,-5.337889,-36.935911,0,MSS,130.1,27.0,131.0,18.0,0,0,0,0,0,0,0,0

SID,MOLA,05,1
VA,0,47.0,2,1000,0,0,0,0,0,0
VI,2, ,0.0,197.0,0,0,0,0,0,0,0,0
CF,MOLA,-5.568167,-37.106783,0,MSS,167.2,27.0,167.0,19.0,0,0,0,0,0,0,0,0

SID,MOLA,23,1
VA,0,227.0,2,1000,0,0,0,0,0,0
VI,1, ,0.0,137.0,0,0,0,0,0,0,0,0
CF,MOLA,-5.568167,-37.106783,0,MSS,167.2,27.0,167.0,23.0,0,0,0,0,0,0,0,0

SID,NEMA,05,1
VA,0,47.0,2,1000,0,0,0,0,0,0
VI,2, ,0.0,230.0,0,0,0,0,0,0,0,0
CF,NEMA,-5.648942,-37.348319,0,MSS,200.0,27.0,200.0,19.0,0,0,0,0,0,0,0,0

SID,NEMA,23,1
VA,0,227.0,2,1000,0,0,0,0,0,0
CF,NEMA,-5.648942,-37.348319,0,MSS,200.0,27.0,200.0,27.0,0,0,0,0,0,0,0,0

SID,ORTO,05,1
VA,0,47.0,2,1000,0,0,0,0,0,0
CF,ORTO,-5.102333,-36.923500,2,MSS,99.9,27.0,100.0,27.0,0,0,0,0,0,0,0,0

SID,ORTO,23,1
VA,0,227.0,2,1000,0,0,0,0,0,0
VI,1, ,0.0,70.0,0,0,0,0,0,0,0,0
CF,ORTO,-5.102333,-36.923500,0,MSS,99.9,27.0,100.0,19.0,0,0,0,0,0,0,0,0

SID,PAPA,05,1
VA,0,47.0,2,1000,0,0,0,0,0,0
VI,1, ,0.0,280.0,0,0,0,0,0,0,0,0
CF,PAPA,-5.057644,-37.793583,0,MSS,310.0,27.0,310.0,21.0,0,0,0,0,0,0,0,0

SID,PAPA,23,1
VA,0,227.0,2,1000,0,0,0,0,0,0
VI,2, ,0.0,340.0,0,0,0,0,0,0,0,0
CF,PAPA,-5.057644,-37.793583,0,MSS,310.0,27.0,310.0,21.0,0,0,0,0,0,0,0,0

APPTR,N05,05,MSS
IF,MSS,-5.193500,-37.364500, ,0.0,0.0,2,3000,0,0,0,0,0,0
FC,MSS,-5.193500,-37.364500,0,MSS,0.0,0.0,238.0,8.2,0,0,0,0,0,0,0,1
CF,FN05,-5.274606,-37.389278,1,MSS,219.8,4.9,39.0,3.1,2,1400,0,0,0,0,0,0

FINAL,N05,05,N,2
IF,FN05,-5.274606,-37.389278,MSS,0.0,0.0,2,1400,0,0,0,0,2,0
CF,RW05,-5.210278,-37.367778,0,MSS,0.0,0.0,39.0,4.1,1,110,0,0,0,0,3,0
CF,MSS,-5.193500,-37.364500,0,MSS,22.0,0.2,39.0,1.0,0,0,0,0,0,0,0,1
CA,0,39.0,2,3000,0,0,0,0,0,0
DF,MSS,-5.193500,-37.364500,2, ,0.0,0.0,2,3000,0,0,0,0,0,0
HM,MSS,-5.193500,-37.364500,2, ,0.0,0.0,238.0,04.3,0,0,0,0,0,0,0,0,0

APPTR,S05,05,MSS
IF,MSS,-5.197300,-37.364447, ,0.0,0.0,2,3000,0,0,0,0,0,0
FC,MSS,-5.197300,-37.364447,0,MSS,0.0,0.0,242.0,7.6,0,0,0,0,0,0,0,1
CF,FF05,-5.274028,-37.390928,1,MSS,221.0,4.9,41.0,2.7,2,1400,0,0,0,0,0,0

FINAL,S05,05,D,2
IF,FF05,-5.274028,-37.390928,MSS,221.0,4.9,2,1400,0,0,0,0,2,0
CF,RW05,-5.210278,-37.367778,0,MSS,216.0,0.8,41.0,4.1,1,110,0,0,0,0,3,0
CF,MSS,-5.197300,-37.364447,0,MSS,0.0,0.0,41.0,0.8,0,0,0,0,0,0,0,1
CA,0,41.0,2,3000,0,0,0,0,0,0
DF,MSS,-5.197300,-37.364447,2, ,0.0,0.0,0,0,0,0,0,0,0,0
HM,MSS,-5.197300,-37.364447,2, ,0.0,0.0,242.0,04.3,0,0,0,0,0,0,0,0,0

