SID,ANDE,06,1
VA,0,65.0,2,550,0,0,0,0,0,0
VI,2, ,0.0,250.0,0,0,0,0,0,0,0,0
CF,ANDE,-32.084333,-52.537333,0,PTS,220.1,24.4,220.0,17.0,0,0,0,0,0,0,0,0

SID,ANDE,24,1
VA,0,245.0,2,550,0,0,0,0,0,0
CF,ANDE,-32.084333,-52.537333,0,PTS,220.1,24.4,220.0,24.0,0,0,0,0,0,0,0,0

SID,ANDE,ALL,2
IF,ANDE,-32.084333,-52.537333, ,0.0,0.0,0,0,0,0,0,0,0,0
TF,UGELO,-32.678333,-53.146667,0, ,0.0,0.0,0.0,0.0,0,0,0,0,0,0,0,0

SID,EGAB,06,1
VA,0,65.0,2,550,0,0,0,0,0,0
VI,1, ,0.0,264.0,0,0,0,0,0,0,0,0
CF,EGAB,-31.650667,-52.710333,0,PTS,295.7,20.0,294.0,13.0,0,0,0,0,0,0,0,0

SID,EGAB,24,1
VA,0,245.0,2,550,0,0,0,0,0,0
VI,2, ,0.0,324.0,0,0,0,0,0,0,0,0
CF,EGAB,-31.650667,-52.710333,0,PTS,295.7,20.0,294.0,16.0,0,0,0,0,0,0,0,0

SID,EGAB,ALL,2
IF,EGAB,-31.650667,-52.710333, ,0.0,0.0,0,0,0,0,0,0,0,0
TF,BGE,-31.390714,-54.109717,0, ,0.0,0.0,0.0,0.0,0,0,0,0,0,0,0,0

SID,ELOT,06,1
VA,0,65.0,2,550,0,0,0,0,0,0
CF,ELOT,-31.329833,-52.061500,0,PTS,44.4,27.0,44.0,27.0,0,0,0,0,0,0,0,0

SID,ELOT,24,1
VA,0,245.0,2,550,0,0,0,0,0,0
VI,2, ,0.0,73.0,0,0,0,0,0,0,0,0
CF,ELOT,-31.329833,-52.061500,0,PTS,44.4,27.0,44.0,19.0,0,0,0,0,0,0,0,0

SID,ELOT,ALL,2
IF,ELOT,-31.329833,-52.061500, ,0.0,0.0,0,0,0,0,0,0,0,0
TF,GENUS,-30.574667,-51.550333,0, ,0.0,0.0,0.0,0.0,0,0,0,0,0,0,0,0

SID,ELOT1A,06,4
CA,0,66.0,2,500,0,0,0,0,0,0
CF,ELOT,-31.329833,-52.061500,0,PTS,44.4,27.0,45.0,26.0,0,0,0,0,0,0,0,0

SID,ELOT1A,24,4
CA,0,246.0,2,500,0,0,0,0,0,0
CI,2, ,0.0,66.0,0,0,0,0,0,0,0,0
CF,ELOT,-31.329833,-52.061500,0,PTS,44.4,27.0,45.0,17.0,0,0,0,0,0,0,0,0

SID,GENUS,06,1
CA,0,65.0,2,460,0,0,0,0,0,0
CF,GENUS,-30.574667,-51.550333,0,PTS,44.5,79.3,45.0,79.3,0,0,0,0,0,0,0,0

SID,GENUS,24,1
CA,0,245.0,2,500,0,0,0,0,0,0
CF,GENUS,-30.574667,-51.550333,2,PTS,44.5,79.3,45.0,79.3,0,0,0,0,0,0,0,0

SID,PK131A,06,4
CA,0,66.0,2,500,0,0,0,0,0,0
CI,1, ,0.0,265.0,0,0,0,0,0,0,0,0
CF,PK013,-31.626833,-52.847333,0,PTS,295.6,27.2,295.0,20.0,0,0,0,0,0,0,0,0

SID,PK131A,24,4
CA,0,246.0,2,500,0,0,0,0,0,0
CF,PK013,-31.626833,-52.847333,0,PTS,295.6,27.2,295.0,26.0,0,0,0,0,0,0,0,0

SID,PK141A,06,4
CA,0,66.0,2,500,0,0,0,0,0,0
CI,2, ,0.0,246.0,0,0,0,0,0,0,0,0
CF,PK014,-32.081167,-52.636833,0,PTS,230.0,26.8,230.0,13.0,0,0,0,0,0,0,0,0

SID,PK141A,24,4
CA,0,246.0,2,500,0,0,0,0,0,0
CF,PK014,-32.081167,-52.636833,0,PTS,230.0,26.8,230.0,26.0,0,0,0,0,0,0,0,0

SID,UGELO,06,1
CA,0,65.0,2,460,0,0,0,0,0,0
CF,UGELO,-32.678333,-53.146667,2,PTS,229.8,71.0,230.0,71.0,0,0,0,0,0,0,0,0

SID,UGELO,24,1
CA,0,245.0,2,500,0,0,0,0,0,0
CF,UGELO,-32.678333,-53.146667,0,PTS,229.8,71.0,230.0,71.0,0,0,0,0,0,0,0,0

APPTR,D06-Y,06,PTS
IF,PTS,-31.718883,-52.327447, ,0.0,0.0,2,2000,0,1,190,0,0,0
FC,PTS,-31.718883,-52.327447,0,PTS,0.0,0.0,225.0,7.4,0,0,0,0,0,0,0,1
CF,CS06Y,-31.791742,-52.444453,2,PTS,248.0,7.4,68.0,1.0,2,1500,0,0,0,0,0,0

FINAL,D06-Y,06,D,3
IF,CS06Y,-31.791742,-52.444453,PTS,248.0,7.4,2,1500,0,0,0,0,0,0
CF,FS06Y,-31.763306,-52.398550,0,PTS,248.0,4.5,68.0,2.9,1,1390,0,0,0,0,2,0
CF,RW06,-31.722853,-52.336097,0,PTS,257.6,0.5,68.0,4.0,1,107,0,0,0,0,3,0
CF,PTS,-31.718883,-52.327447,0,PTS,0.0,0.0,68.0,0.5,0,0,0,0,0,0,0,1
FA,PTS,-31.718883,-52.327447,0,PTS,0.0,0.0,68.0,2,1000,0,0,0,0,0,0
DF,PTS,-31.718883,-52.327447,2, ,0.0,0.0,2,2000,0,0,0,0,0,0
HM,PTS,-31.718883,-52.327447,1, ,0.0,0.0,225.0,04.3,0,0,0,0,0,0,0,0,0

APPTR,D06-Z,06,GENUS
IF,GENUS,-30.574667,-51.550333, ,0.0,0.0,0,0,0,0,0,0,0,0
TF,D046I,-31.589569,-52.238286,0, ,0.0,0.0,0.0,0.0,0,0,0,0,0,0,0,0
CI,0, ,0.0,226.0,0,0,0,0,0,0,0,0
AF,D261G,-31.764833,-52.453528,1,PTS,261.0,7.0,46.0,0,0,0,0,0,0,0,0
AF,MUGEB,-31.788500,-52.437667,1,PTS,247.6,7.0,261.0,2,2000,0,0,0,0,1,0

APPTR,D06-Z,06,UGELO
IF,UGELO,-32.678333,-53.146667, ,0.0,0.0,0,0,0,0,0,0,0,0
TF,D230I,-31.841069,-52.430317,0, ,0.0,0.0,0.0,0.0,0,0,0,0,0,0,0,0
CI,0, ,0.0,50.0,0,0,0,0,0,0,0,0
AF,MUGEB,-31.788500,-52.437667,2,PTS,247.6,7.0,230.0,2,2000,0,0,0,0,1,0

APPTR,D06-Z,06,UGURA
IF,UGURA,-32.605000,-53.340000, ,0.0,0.0,0,0,0,0,0,0,0,0
TF,D238I,-31.827350,-52.449528,0, ,0.0,0.0,0.0,0.0,0,0,0,0,0,0,0,0
CI,0, ,0.0,58.0,0,0,0,0,0,0,0,0
AF,MUGEB,-31.788500,-52.437667,2,PTS,247.6,7.0,238.0,2,2000,0,0,0,0,1,0

FINAL,D06-Z,06,D,3
IF,MUGEB,-31.788500,-52.437667,PTS,247.6,7.0,2,2000,0,0,0,0,0,0
CF,FS06Z,-31.768658,-52.406081,0,PTS,247.6,5.0,68.0,2.0,1,1710,0,0,0,0,2,0
CF,RW06,-31.722853,-52.336097,0,PTS,257.6,0.5,68.0,4.5,1,107,0,0,0,0,3,0
CF,PTS,-31.718883,-52.327447,0,PTS,0.0,0.0,68.0,0.5,0,0,0,0,0,0,0,1
FA,PTS,-31.718883,-52.327447,0,PTS,0.0,0.0,68.0,2,1000,0,0,0,0,0,0
DF,MUGEB,-31.788500,-52.437667,2, ,0.0,0.0,2,2000,0,0,0,0,0,0
HM,MUGEB,-31.788500,-52.437667,2, ,0.0,0.0,68.0,04.3,0,0,0,0,0,0,0,0,0

APPTR,D24-Z,24,GENUS
IF,GENUS,-30.574667,-51.550333, ,0.0,0.0,0,0,0,0,0,0,0,0
TF,D046J,-31.577458,-52.223989,0, ,0.0,0.0,0.0,0.0,0,0,0,0,0,0,0,0
AF,D070J,-31.625644,-52.165544,2,PTS,70.0,10.0,46.0,2,2000,0,0,0,0,0,0
TF,MOVPO,-31.653717,-52.214061,0, ,0.0,0.0,0.0,0.0,2,2000,0,0,0,0,1,0

APPTR,D24-Z,24,UGELO
IF,UGELO,-32.678333,-53.146667, ,0.0,0.0,0,0,0,0,0,0,0,0
TF,D230J,-31.854219,-52.442400,0, ,0.0,0.0,0.0,0.0,0,0,0,0,0,0,0,0
AF,D070J,-31.625644,-52.165544,2,PTS,70.0,10.0,230.0,2,2000,0,0,0,0,0,0
TF,MOVPO,-31.653717,-52.214061,0, ,0.0,0.0,0.0,0.0,2,2000,0,0,0,0,1,0

APPTR,D24-Z,24,UGURA
IF,UGURA,-32.605000,-53.340000, ,0.0,0.0,0,0,0,0,0,0,0,0
TF,D238J,-31.839222,-52.463292,0, ,0.0,0.0,0.0,0.0,0,0,0,0,0,0,0,0
AF,D070J,-31.625644,-52.165544,2,PTS,70.0,10.0,238.0,2,2000,0,0,0,0,0,0
TF,MOVPO,-31.653717,-52.214061,0, ,0.0,0.0,0.0,0.0,2,2000,0,0,0,0,1,0

FINAL,D24-Z,24,D,4
IF,MOVPO,-31.653717,-52.214061,PTS,70.0,7.0,2,2000,0,0,0,0,0,0
CF,FS24,-31.663069,-52.230239,0,PTS,70.0,6.0,250.0,1.0,1,1710,0,0,0,0,2,0
CF,ES24,-31.713797,-52.318103,0,PTS,70.0,0.6,250.0,5.4,1,106,0,0,0,0,0,1
CF,PTS,-31.718883,-52.327447,0,PTS,0.0,0.0,250.0,0.6,2,460,0,0,0,0,3,1
FA,PTS,-31.718883,-52.327447,0,PTS,0.0,0.0,250.0,2,1000,0,0,0,0,0,0
DF,MOVPO,-31.653717,-52.214061,1, ,0.0,0.0,2,2000,0,0,0,0,0,0
HM,MOVPO,-31.653717,-52.214061,2, ,0.0,0.0,250.0,04.3,0,0,0,0,0,0,0,0,0

APPTR,R06,06,PK001
IF,PK001,-31.889667,-52.580500, ,0.0,0.0,2,3700,0,0,0,0,1,0
TF,PK004,-31.827167,-52.488833,0, ,0.0,0.0,0.0,0.0,2,2200,0,0,0,0,1,0

APPTR,R06,06,PK002
IF,PK002,-31.922167,-52.451000, ,0.0,0.0,2,3700,0,0,0,0,1,0
TF,PK004,-31.827167,-52.488833,0, ,0.0,0.0,0.0,0.0,2,2200,0,0,0,0,1,0

APPTR,R06,06,PK003
IF,PK003,-31.775167,-52.589000, ,0.0,0.0,2,3700,0,0,0,0,1,0
TF,PK004,-31.827167,-52.488833,0, ,0.0,0.0,0.0,0.0,2,2200,0,0,0,0,1,0

FINAL,R06,06,R,3
IF,PK004,-31.827167,-52.488833, ,0.0,0.0,2,2200,0,0,0,0,0,0
TF,PK006,-31.775000,-52.412333,0, ,0.0,0.0,66.0,5.0,2,1700,0,0,0,0,2,0
TF,RW06,-31.722853,-52.336097,0, ,0.0,0.0,66.0,5.0,1,107,0,0,0,0,3,1
TF,PK011,-31.607167,-52.167500,0, ,0.0,0.0,0.0,0.0,2,4000,0,0,0,0,0,0
HM,PK011,-31.607167,-52.167500,2, ,0.0,0.0,246.0,04.3,0,0,0,0,0,0,0,0,0

APPTR,R24,24,PK007
IF,PK007,-31.544333,-52.076167, ,0.0,0.0,2,3700,0,0,0,0,1,0
TF,PK011,-31.607167,-52.167500,0, ,0.0,0.0,0.0,0.0,2,2200,0,0,0,0,1,0

APPTR,R24,24,PK008
IF,PK008,-31.659167,-52.067333, ,0.0,0.0,2,3700,0,0,0,0,1,0
TF,PK011,-31.607167,-52.167500,0, ,0.0,0.0,0.0,0.0,2,2200,0,0,0,0,1,0

APPTR,R24,24,PK009
IF,PK009,-31.512167,-52.205000, ,0.0,0.0,2,3700,0,0,0,0,1,0
TF,PK011,-31.607167,-52.167500,0, ,0.0,0.0,0.0,0.0,2,2200,0,0,0,0,1,0

FINAL,R24,24,R,3
IF,PK011,-31.607167,-52.167500, ,0.0,0.0,2,2200,0,0,0,0,0,0
TF,PK012,-31.659500,-52.243500,0, ,0.0,0.0,246.0,5.0,2,1700,0,0,0,0,2,0
TF,RW24,-31.711678,-52.319778,0, ,0.0,0.0,246.0,5.0,1,106,0,0,0,0,3,1
TF,PK004,-31.827167,-52.488833,0, ,0.0,0.0,0.0,0.0,2,4000,0,0,0,0,0,0
HM,PK004,-31.827167,-52.488833,2, ,0.0,0.0,66.0,04.3,0,0,0,0,0,0,0,0,0

APPTR,S06,06,PTS
IF,PTS,-31.718883,-52.327447, ,0.0,0.0,2,2000,0,1,190,0,0,0
FC,PTS,-31.718883,-52.327447,0,PTS,0.0,0.0,228.0,7.4,0,0,0,0,0,0,0,1
CF,FF06,-31.766883,-52.404322,2,PTS,248.0,4.9,68.0,4.0,2,1500,0,0,0,0,0,0

FINAL,S06,06,D,2
IF,FF06,-31.766883,-52.404322,PTS,248.0,4.9,2,1500,0,0,0,0,2,0
CF,RW06,-31.722853,-52.336097,0,PTS,257.6,0.5,68.0,4.4,1,107,0,0,0,0,3,0
CF,PTS,-31.718883,-52.327447,0,PTS,0.0,0.0,68.0,0.5,0,0,0,0,0,0,0,1
CA,0,68.0,2,2000,0,0,0,0,0,0

APPTR,S24,24,PTS
IF,PTS,-31.718883,-52.327447, ,0.0,0.0,2,2000,0,0,0,0,0,0
FC,PTS,-31.718883,-52.327447,0,PTS,0.0,0.0,80.0,7.0,0,0,0,0,0,0,0,1
CF,FF24,-31.663961,-52.265086,1,PTS,58.0,4.6,238.0,4.0,2,1300,0,0,0,0,0,0

FINAL,S24,24,D,2
IF,FF24,-31.663961,-52.265086,PTS,58.0,4.6,2,1300,0,0,0,0,2,0
CF,RW24,-31.711678,-52.319778,0,PTS,55.0,0.6,238.0,4.0,1,106,0,0,0,0,3,0
CF,PTS,-31.718883,-52.327447,0,PTS,0.0,0.0,238.0,0.6,0,0,0,0,0,0,0,1
CA,0,238.0,2,2000,0,0,0,0,0,0

