SID,DOVK1A,35,2
VA,0,356.0,2,1100,0,0,0,0,0,0
CF,D356J,-27.112939,-70.793778,0,DAT,356.0,10.0,356.0,9.0,2,2800,0,0,0,0,0,1
VI,0, ,0.0,35.0,0,0,0,0,0,0,0,0
CF,DOVKA,-26.446389,-70.703611,0,DAT,5.6,50.0,5.0,36.0,2,14000,0,0,0,0,0,0

SID,DOVK1B,17,2
VA,0,176.0,2,1100,0,0,0,0,0,0
VI,2, ,0.0,35.0,0,0,0,0,0,0,0,0
CF,D005J,-27.112833,-70.762633,0,DAT,5.6,10.0,5.0,2.0,2,2800,0,0,0,0,0,0
TF,DOVKA,-26.446389,-70.703611,0, ,0.0,0.0,0.0,0.0,2,14000,0,0,0,0,0,0

SID,EKUB1A,35,2
VA,0,356.0,2,1100,0,0,0,0,0,0
VI,1, ,0.0,151.0,0,0,0,0,0,0,0,0
CF,EKUBO,-28.281944,-70.796944,0,DAT,182.0,60.0,181.0,56.0,0,0,0,0,0,0,0,0

SID,EKUB1B,17,2
VA,0,176.0,2,1100,0,0,0,0,0,0
VI,0, ,0.0,211.0,0,0,0,0,0,0,0,0
CF,EKUBO,-28.281944,-70.796944,0,DAT,182.0,60.0,181.0,59.0,0,0,0,0,0,0,0,0

SID,ILSO1A,35,5
CF,AT040,-27.184867,-70.786083,0,DAT,356.4,5.7,356.0,4.0,2,2000,0,0,0,0,0,0
TF,ILSOT,-26.668992,-70.741589,0, ,0.0,0.0,0.0,0.0,2,9000,0,0,0,0,0,0

SID,ILSO1B,17,5
CF,AT030,-27.321281,-70.773886,0,DAT,176.6,2.5,176.0,3.0,2,1600,0,0,0,0,0,1
DF,AT138,-27.162211,-70.680581,1, ,0.0,0.0,2,5000,0,0,0,0,0,0
TF,ILSOT,-26.668992,-70.741589,0, ,0.0,0.0,0.0,0.0,2,9000,0,0,0,0,0,0

SID,MORM2A,35,2
VA,0,356.0,2,3000,0,0,0,0,0,0
VI,2, ,0.0,201.0,0,0,0,0,0,0,0,0
CF,DAT13,-27.493469,-70.735569,0,DAT,171.1,13.0,171.0,10.0,2,8000,0,0,0,0,0,0
TF,MORMI,-28.500000,-70.536050,0, ,0.0,0.0,0.0,0.0,2,17000,0,0,0,0,0,0

SID,MORM2B,35,5
CF,AT040,-27.184867,-70.786083,0,DAT,356.4,5.7,356.0,4.0,2,2000,0,0,0,0,0,1
DF,AT142,-27.298267,-70.642856,2, ,0.0,0.0,2,5000,0,0,0,0,0,0
TF,AT442,-27.798108,-70.598719,0, ,0.0,0.0,0.0,0.0,2,11000,0,0,0,0,0,0
TF,MORMI,-28.500000,-70.536050,0, ,0.0,0.0,0.0,0.0,2,17000,0,0,0,0,0,0

SID,MORM2C,17,5
CF,AT030,-27.321281,-70.773886,0,DAT,176.6,2.5,176.0,3.0,2,1600,0,0,0,0,0,0
TF,AT250,-27.681994,-70.694081,0, ,0.0,0.0,0.0,0.0,2,8000,0,0,0,0,0,0
TF,AT487,-28.073106,-70.622744,0, ,0.0,0.0,0.0,0.0,2,15000,0,0,0,0,0,0
TF,MORMI,-28.500000,-70.536050,0, ,0.0,0.0,0.0,0.0,2,17000,0,0,0,0,0,0

SID,UPUK1A,35,2
VA,0,356.0,2,1100,0,0,0,0,0,0
VI,1, ,0.0,162.0,0,0,0,0,0,0,0,0
CF,UPUKU,-28.262222,-71.001389,0,DAT,192.4,60.0,192.0,54.0,0,0,0,0,0,0,0,0

SID,UPUK1B,17,2
VA,0,176.0,2,1100,0,0,0,0,0,0
VI,0, ,0.0,222.0,0,0,0,0,0,0,0,0
CF,UPUKU,-28.262222,-71.001389,0,DAT,192.4,60.0,192.0,60.0,0,0,0,0,0,0,0,0

STAR,DOVK1A,17,2
IF,DOVKA,-26.446389,-70.703611, ,0.0,0.0,2,14000,0,0,0,0,0,0
TF,DAT40,-26.612969,-70.718297,0, ,0.0,0.0,0.0,0.0,2,11000,0,0,0,0,0,0
TF,D006Z,-26.846244,-70.738939,0, ,0.0,0.0,0.0,0.0,2,7000,0,0,0,0,0,1
DF,D356U,-26.929394,-70.806322,0, ,0.0,0.0,2,5500,0,0,0,0,0,0
TF,ANNIX,-27.070556,-70.794722,0, ,0.0,0.0,0.0,0.0,2,3500,0,0,0,0,0,0

STAR,DOVK1B,35,2
IF,DOVKA,-26.446389,-70.703611, ,0.0,0.0,2,14000,0,0,0,0,0,0
TF,D006T,-26.946217,-70.747811,0, ,0.0,0.0,0.0,0.0,2,11000,0,0,0,0,0,0
TF,DAT,-27.279444,-70.777500,0, ,0.0,0.0,0.0,0.0,2,6000,0,0,0,0,0,0
TF,MASAL,-27.462894,-70.761231,0, ,0.0,0.0,0.0,0.0,2,3500,0,0,0,0,0,0

STAR,NENA1C,17,5
IF,NENAT,-26.067789,-70.308250, ,0.0,0.0,2,11000,0,0,0,0,0,0
TF,KESAD,-26.332233,-70.409725,0, ,0.0,0.0,0.0,0.0,2,11000,0,0,0,0,0,0
TF,SUPKI,-26.648497,-70.531539,0, ,0.0,0.0,0.0,0.0,2,11000,0,0,0,0,0,0
TF,NESKO,-26.869383,-70.617564,0, ,0.0,0.0,0.0,0.0,2,7500,0,0,0,0,0,0
TF,REPOR,-26.972939,-70.713436,0, ,0.0,0.0,0.0,0.0,2,5500,0,0,0,0,0,0
TF,DERIL,-27.062906,-70.796931,0, ,0.0,0.0,0.0,0.0,2,3500,0,0,0,0,0,0

STAR,NENA1D,35,5
IF,NENAT,-26.067789,-70.308250, ,0.0,0.0,2,11000,0,0,0,0,0,0
TF,KESAD,-26.332233,-70.409725,0, ,0.0,0.0,0.0,0.0,2,11000,0,0,0,0,0,0
TF,NESKO,-26.869383,-70.617564,0, ,0.0,0.0,0.0,0.0,2,11000,0,0,0,0,0,0
TF,AT255,-27.321594,-70.661081,0, ,0.0,0.0,0.0,0.0,2,7000,0,0,0,0,0,0
TF,VAPUD,-27.454878,-70.649172,0, ,0.0,0.0,0.0,0.0,2,5000,0,0,0,0,0,0
TF,MASAL,-27.462894,-70.761231,0, ,0.0,0.0,0.0,0.0,2,3500,0,0,0,0,0,0

STAR,NENA2A,35,2
IF,NENAT,-26.067789,-70.308250, ,0.0,0.0,0,0,0,0,0,0,0,0
TF,KESAD,-26.332233,-70.409725,0, ,0.0,0.0,0.0,0.0,2,17000,0,0,0,0,0,0
TF,DA40C,-26.647078,-70.535261,0, ,0.0,0.0,0.0,0.0,2,11000,0,0,0,0,0,0
TF,D020Y,-26.884269,-70.625783,0, ,0.0,0.0,0.0,0.0,2,8000,0,0,0,0,0,0
TF,D020O,-27.042361,-70.686342,0, ,0.0,0.0,0.0,0.0,2,7000,0,0,0,0,0,0
TF,DAT,-27.279444,-70.777500,0, ,0.0,0.0,0.0,0.0,2,6000,0,0,0,0,0,0
TF,MASAL,-27.462894,-70.761231,0, ,0.0,0.0,0.0,0.0,2,3500,0,0,0,0,0,0

STAR,NENA2B,17,2
IF,NENAT,-26.067789,-70.308250, ,0.0,0.0,0,0,0,0,0,0,0,0
TF,KESAD,-26.332233,-70.409725,0, ,0.0,0.0,0.0,0.0,2,17000,0,0,0,0,0,0
TF,DA40C,-26.647078,-70.535261,0, ,0.0,0.0,0.0,0.0,2,11000,0,0,0,0,0,0
TF,DAT28,-26.836836,-70.607650,0, ,0.0,0.0,0.0,0.0,0,0,0,0,0,0,0,0
CI,0, ,0.0,200.0,0,0,0,0,0,0,0,0
AF,D008Y,-26.864689,-70.720717,1,DAT,8.0,25.0,20.0,2,8000,0,0,0,0,0,0
AF,D001Y,-26.861586,-70.777500,1,DAT,0.0,25.0,8.0,2,5500,0,0,0,0,0,0
AF,D356Y,-26.863169,-70.818106,1,DAT,356.0,25.0,1.0,0,0,0,0,0,0,0,0
TF,D356U,-26.929394,-70.806322,0, ,0.0,0.0,0.0,0.0,2,5500,0,0,0,0,0,0
TF,ANNIX,-27.070556,-70.794722,0, ,0.0,0.0,0.0,0.0,2,3500,0,0,0,0,0,0

STAR,PUNA1A,17,2
IF,PUNAP,-28.271503,-70.910197, ,0.0,0.0,0,0,0,0,0,0,0,0
TF,D187T,-27.611875,-70.816722,0, ,0.0,0.0,0.0,0.0,2,10000,0,0,0,0,0,0
TF,D187J,-27.445661,-70.797081,0, ,0.0,0.0,0.0,0.0,2,8000,0,0,0,0,0,0
TF,DAT,-27.279444,-70.777500,0, ,0.0,0.0,0.0,0.0,2,6000,0,0,0,0,0,0
TF,ANNIX,-27.070556,-70.794722,0, ,0.0,0.0,0.0,0.0,2,3500,0,0,0,0,0,0

STAR,PUNA1B,35,2
IF,PUNAP,-28.271503,-70.910197, ,0.0,0.0,0,0,0,0,0,0,0,0
TF,DA40D,-27.944278,-70.856181,0, ,0.0,0.0,0.0,0.0,2,10000,0,0,0,0,0,0
TF,DA32A,-27.811319,-70.840369,0, ,0.0,0.0,0.0,0.0,2,8000,0,0,0,0,0,0
TF,D187Y,-27.694978,-70.826564,0, ,0.0,0.0,0.0,0.0,2,6500,0,0,0,0,0,0
TF,D176O,-27.529189,-70.752989,0, ,0.0,0.0,0.0,0.0,2,3500,0,0,0,0,0,0
TF,MASAL,-27.462894,-70.761231,0, ,0.0,0.0,0.0,0.0,0,0,0,0,0,0,0,0

STAR,PUNA1C,17,5
IF,PUNAP,-28.271503,-70.910197, ,0.0,0.0,2,10000,0,0,0,0,0,0
TF,MIKAP,-27.671942,-70.866517,0, ,0.0,0.0,0.0,0.0,2,10000,0,0,0,0,0,0
TF,VUGAD,-27.070828,-70.908594,0, ,0.0,0.0,0.0,0.0,2,5000,0,0,0,0,0,0
TF,DERIL,-27.062906,-70.796931,0, ,0.0,0.0,0.0,0.0,2,3500,0,0,0,0,0,0

STAR,PUNA1D,35,5
IF,PUNAP,-28.271503,-70.910197, ,0.0,0.0,2,10000,0,0,0,0,0,0
TF,AT392,-27.914156,-70.858736,0, ,0.0,0.0,0.0,0.0,2,10000,0,0,0,0,0,0
TF,AT252,-27.682058,-70.825494,0, ,0.0,0.0,0.0,0.0,2,6500,0,0,0,0,0,0
TF,MIDIT,-27.554397,-70.807272,0, ,0.0,0.0,0.0,0.0,2,5000,0,0,0,0,0,0
TF,MASAL,-27.462894,-70.761231,0, ,0.0,0.0,0.0,0.0,2,3500,0,0,0,0,0,0

STAR,UPUK1A,17,2
IF,UPUKU,-28.262222,-71.001389, ,0.0,0.0,0,0,0,0,0,0,0,0
TF,D192T,-27.607550,-70.849094,0, ,0.0,0.0,0.0,0.0,2,10000,0,0,0,0,0,0
TF,D192J,-27.443503,-70.813244,0, ,0.0,0.0,0.0,0.0,2,8000,0,0,0,0,0,0
TF,DAT,-27.279444,-70.777500,0, ,0.0,0.0,0.0,0.0,2,6000,0,0,0,0,0,0
TF,ANNIX,-27.070556,-70.794722,0, ,0.0,0.0,0.0,0.0,2,3500,0,0,0,0,0,0

STAR,UPUK2B,35,2
IF,UPUKU,-28.262222,-71.001389, ,0.0,0.0,0,0,0,0,0,0,0,0
TF,DA40B,-27.935606,-70.921117,0, ,0.0,0.0,0.0,0.0,2,10000,0,0,0,0,0,0
TF,DAT32,-27.804392,-70.892256,0, ,0.0,0.0,0.0,0.0,2,8000,0,0,0,0,0,0
TF,D192Y,-27.689569,-70.867058,0, ,0.0,0.0,0.0,0.0,2,6500,0,0,0,0,0,0
TF,D176O,-27.529189,-70.752989,0, ,0.0,0.0,0.0,0.0,2,3500,0,0,0,0,0,0
TF,MASAL,-27.462894,-70.761231,0, ,0.0,0.0,0.0,0.0,0,0,0,0,0,0,0,0

APPTR,D17,17,DERIL
HF,DERIL,-27.062906,-70.796931,2, ,0.0,0.0,176.0,04,2,3500,0,0,0,0,0,0,0
TF,FS17,-27.162822,-70.787972,0, ,0.0,0.0,0.0,0.0,2,2300,0,0,0,0,0,0

FINAL,D17,17,D,3
IF,FS17,-27.162822,-70.787972,DAT,356.4,7.0,2,2300,0,0,0,0,2,0
CF,45VOR,-27.204472,-70.784233,0,DAT,356.4,4.5,176.0,2.5,2,1520,0,0,0,0,0,0
CF,MS17,-27.237792,-70.781242,0,DAT,356.4,2.5,176.0,2.0,1,922,0,0,0,0,3,0
CF,MASAL,-27.462894,-70.761231,0,DAT,176.5,11.0,176.0,13.5,1,3500,0,0,0,0,0,0
HM,MASAL,-27.462894,-70.761231,1, ,0.0,0.0,356.0,04,0,0,0,0,0,0,0,0,0

APPTR,D35,35,MASAL
HF,MASAL,-27.462894,-70.761231,1, ,0.0,0.0,356.0,04,2,3500,0,0,0,0,0,0,0
TF,FS35,-27.362750,-70.770117,0, ,0.0,0.0,0.0,0.0,2,2400,0,0,0,0,0,0

FINAL,D35,35,D,2
IF,FS35,-27.362750,-70.770117,DAT,176.5,5.0,2,2400,0,0,0,0,2,0
CF,MS35,-27.287775,-70.776761,0,DAT,176.5,0.5,356.0,4.5,1,1023,0,0,0,0,3,0
CF,DERIL,-27.062906,-70.796931,0,DAT,356.4,13.0,356.0,13.5,1,3500,0,0,0,0,0,0
HM,DERIL,-27.062906,-70.796931,2, ,0.0,0.0,176.0,04,0,0,0,0,0,0,0,0,0

APPTR,I17,17,ANNIX
HF,ANNIX,-27.070556,-70.794722,2, ,0.0,0.0,176.0,04,2,3500,0,0,0,0,0,0,0

FINAL,I17,17,I,3
IF,ANNIX,-27.070556,-70.794722,IDAT,356.8,12.3,2,3500,0,0,0,0,0,0
CF,FF17,-27.165656,-70.787136,0,IDAT,356.7,6.5,176.0,5.7,1,2293,0,0,0,0,2,0
CF,RW17,-27.251508,-70.780128,0,IDAT,356.4,1.4,176.0,5.1,1,669,0,0,0,0,3,0
CA,0,176.0,2,1070,0,0,0,0,0,0
CF,MASAL,-27.462894,-70.761231,0,DAT,176.5,11.0,176.0,12.0,1,3500,0,0,0,0,0,0
HM,MASAL,-27.462894,-70.761231,1, ,0.0,0.0,356.0,04,0,0,0,0,0,0,0,0,0

APPTR,R17,17,DERIL
HF,DERIL,-27.062906,-70.796931,2, ,0.0,0.0,176.0,04,2,3500,0,0,0,0,1,0,0

APPTR,R17,17,REPOR
IF,REPOR,-26.972939,-70.713436, ,0.0,0.0,2,5500,0,0,0,0,1,0
TF,DERIL,-27.062906,-70.796931,0, ,0.0,0.0,0.0,0.0,2,3500,0,0,0,0,1,0

APPTR,R17,17,TORUD
IF,TORUD,-26.949097,-70.766631, ,0.0,0.0,2,5500,0,0,0,0,1,0
TF,DERIL,-27.062906,-70.796931,0, ,0.0,0.0,0.0,0.0,2,3500,0,0,0,0,1,0

APPTR,R17,17,VUGAD
IF,VUGAD,-27.070828,-70.908594, ,0.0,0.0,2,5000,0,0,0,0,1,0
TF,DERIL,-27.062906,-70.796931,0, ,0.0,0.0,0.0,0.0,2,3500,0,0,0,0,1,0

FINAL,R17,17,R,4
IF,DERIL,-27.062906,-70.796931, ,0.0,0.0,2,3500,0,0,0,0,0,0
TF,XOBOR,-27.166039,-70.787750,0, ,0.0,0.0,176.0,6.2,2,2300,0,0,0,0,2,0
TF,PUMBU,-27.207972,-70.784011,0, ,0.0,0.0,176.0,2.5,2,1500,0,0,0,0,0,0
TF,RW17,-27.251508,-70.780128,0, ,0.0,0.0,176.0,2.6,1,669,0,0,0,0,3,1
DF,MASAL,-27.462894,-70.761231,0, ,0.0,0.0,2,3500,0,0,0,0,0,1
HM,MASAL,-27.462894,-70.761231,1, ,0.0,0.0,356.0,04,0,0,0,0,0,0,0,0,0

APPTR,R35,35,MASAL
HF,MASAL,-27.462894,-70.761231,1, ,0.0,0.0,356.0,04,2,3500,0,0,0,0,1,0,0

APPTR,R35,35,MIDIT
IF,MIDIT,-27.554397,-70.807272, ,0.0,0.0,2,5000,0,0,0,0,1,0
TF,MASAL,-27.462894,-70.761231,0, ,0.0,0.0,0.0,0.0,2,3500,0,0,0,0,1,0

APPTR,R35,35,VAPUD
IF,VAPUD,-27.454878,-70.649172, ,0.0,0.0,2,5000,0,0,0,0,1,0
TF,MASAL,-27.462894,-70.761231,0, ,0.0,0.0,0.0,0.0,2,3500,0,0,0,0,1,0

FINAL,R35,35,R,3
IF,MASAL,-27.462894,-70.761231, ,0.0,0.0,2,3500,0,0,0,0,0,0
TF,SINUP,-27.359267,-70.770503,0, ,0.0,0.0,356.0,6.2,2,2400,0,0,0,0,2,0
TF,RW35,-27.271300,-70.778358,0, ,0.0,0.0,356.0,5.3,1,728,0,0,0,0,3,1
DF,DERIL,-27.062906,-70.796931,0, ,0.0,0.0,2,3500,0,0,0,0,0,1
HM,DERIL,-27.062906,-70.796931,2, ,0.0,0.0,176.0,04,0,0,0,0,0,0,0,0,0

