SID,DUMAS2,26,2
CA,0,258.0,2,490,0,0,0,0,0,0
FA,PWL,-54.929611,-67.621167,0,PWL,0.0,0.0,270.0,2,4000,0,0,0,0,0,0
VI,0, ,0.0,222.0,0,0,0,0,0,0,0,0
CF,DARIN,-54.963056,-68.736667,0,PWL,253.6,38.7,252.0,30.0,0,0,0,0,0,0,0,0

APPTR,V08-A,08,PWL
IF,PWL,-54.929611,-67.621167, ,0.0,0.0,2,6000,0,0,0,0,0,0
FC,PWL,-54.929611,-67.621167,0,PWL,0.0,0.0,52.0,7.0,0,0,0,0,0,0,0,1
CF,FF250,-54.913236,-67.420986,2,PWL,70.0,7.0,250.0,1.0,2,3200,0,0,0,0,0,0

FINAL,V08-A,08,D,2
IF,FF250,-54.913236,-67.420986,PWL,70.0,7.0,2,3200,0,0,0,0,2,0
CF,PWL,-54.929611,-67.621167,0,PWL,0.0,0.0,250.0,7.0,1,1140,0,0,0,0,3,0
FA,PWL,-54.929611,-67.621167,0,PWL,0.0,0.0,270.0,2,6000,0,0,0,0,0,0
DF,PWL,-54.929611,-67.621167,1, ,0.0,0.0,0,0,0,0,0,0,0,0
HM,PWL,-54.929611,-67.621167,1, ,0.0,0.0,52.0,04.3,0,0,0,0,0,0,0,0,0

APPTR,V26-A,26,PWL
IF,PWL,-54.929611,-67.621167, ,0.0,0.0,2,6000,0,0,0,0,0,0
FC,PWL,-54.929611,-67.621167,0,PWL,0.0,0.0,52.0,7.0,0,0,0,0,0,0,0,1
CF,FF250,-54.913236,-67.420986,2,PWL,70.0,7.0,250.0,1.0,2,3200,0,0,0,0,0,0

FINAL,V26-A,26,D,2
IF,FF250,-54.913236,-67.420986,PWL,70.0,7.0,2,3200,0,0,0,0,2,0
CF,PWL,-54.929611,-67.621167,0,PWL,0.0,0.0,250.0,7.0,1,1140,0,0,0,0,3,0
FA,PWL,-54.929611,-67.621167,0,PWL,0.0,0.0,270.0,2,6000,0,0,0,0,0,0
DF,PWL,-54.929611,-67.621167,1, ,0.0,0.0,0,0,0,0,0,0,0,0
HM,PWL,-54.929611,-67.621167,1, ,0.0,0.0,52.0,04.3,0,0,0,0,0,0,0,0,0

