SID,BCN1,15,2
DF,D153E,-0.674922,-80.366367,0, ,0.0,0.0,2,1200,0,0,0,0,0,1
CF,BCN05,-0.653503,-80.341722,1,MNV,50.9,25.5,310.0,1.0,2,2000,0,0,0,0,0,0
TF,BCN,-0.601944,-80.407278,0, ,0.0,0.0,0.0,0.0,2,3000,0,0,0,0,0,0

APPTR,N33,33,BCN
IF,BCN,-0.601944,-80.407278, ,0.0,0.0,2,3000,0,1,140,0,0,0
FC,BCN,-0.601944,-80.407278,0,MNV,0.0,0.0,170.0,5.0,2,2100,0,0,0,0,0,1
CF,FN33,-0.673728,-80.364431,1,MNV,51.0,23.7,331.0,1.0,2,2100,0,0,0,0,0,0

FINAL,N33,33,N,2
IF,FN33,-0.673728,-80.364431,BCN,0.0,0.0,2,2100,0,0,0,0,2,0
CF,MN33,-0.630656,-80.390139,0,BCN,0.0,0.0,331.0,3.0,1,1100,0,0,0,0,3,0
CF,BCN,-0.601944,-80.407278,0,MNV,39.6,25.1,331.0,2.0,0,0,0,0,0,0,0,0
CA,0,331.0,2,2100,0,0,0,0,0,0
DF,BCN,-0.601944,-80.407278,2, ,0.0,0.0,2,3000,0,0,0,0,0,0
HM,BCN,-0.601944,-80.407278,2, ,0.0,0.0,170.0,04.3,2,3000,0,0,0,0,0,0,0

