SID,ALGI1B,11,2
CA,0,107.0,2,830,0,0,0,0,0,0
CF,D106G,7.052919,-70.616311,0,AUC,106.0,7.0,106.0,7.0,0,0,0,0,0,0,0,0
AF,D273G,7.055461,-70.849528,2,AUC,273.3,7.0,106.0,0,0,0,0,0,0,0,0
TF,ALGIG,7.014444,-71.254444,0, ,0.0,0.0,0.0,0.0,0,0,0,0,0,0,0,0

SID,ALGI1C,11,2
CA,0,107.0,2,830,0,0,0,0,0,0
FD,AUC,7.067222,-70.732778,0,AUC,0.0,3.0,106.0,3.0,0,0,0,0,0,0,0,0
VI,2, ,0.0,303.0,0,0,0,0,0,0,0,0
CF,ALGIG,7.014444,-71.254444,0,AUC,273.3,31.3,273.0,26.0,0,0,0,0,0,0,0,0

SID,GARC1A,11,2
CA,0,107.0,2,830,0,0,0,0,0,0
FD,AUC,7.067222,-70.732778,0,AUC,0.0,3.0,106.0,3.0,0,0,0,0,0,0,0,0
CF,GARCI,6.860833,-69.970000,0,AUC,114.1,47.2,114.0,44.0,0,0,0,0,0,0,0,0

SID,GARC1B,11,2
VA,0,106.0,2,830,0,0,0,0,0,0
CF,D106G,7.052919,-70.616311,0,AUC,106.0,7.0,106.0,7.0,0,0,0,0,0,0,0,0
CF,GARCI,6.860833,-69.970000,0,AUC,113.1,47.2,114.0,40.0,0,0,0,0,0,0,0,0

SID,OSIL1A,11,2
CA,0,107.0,2,818,0,0,0,0,0,0
FD,AUC,7.067222,-70.732778,0,AUC,0.0,3.0,106.0,3.0,0,0,0,0,0,0,0,0
VI,2, ,0.0,262.0,0,0,0,0,0,0,0,0
CF,OSILU,6.035000,-71.710278,0,AUC,232.5,84.9,232.0,75.0,0,0,0,0,0,0,0,0

SID,OSIL1B,11,2
CA,0,107.0,2,830,0,0,0,0,0,0
CF,D106G,7.052919,-70.616311,0,AUC,106.0,7.0,106.0,7.0,0,0,0,0,0,0,0,0
AF,D232G,6.982175,-70.813531,2,AUC,232.5,7.0,106.0,0,0,0,0,0,0,0,0
TF,OSILU,6.035000,-71.710278,0, ,0.0,0.0,0.0,0.0,0,0,0,0,0,0,0,0

SID,TERIS1,11,5
DF,KOLTO,7.058889,-70.661111,0, ,0.0,0.0,2,1800,0,1,175,0,0,0
TF,ISPOL,6.975833,-70.672222,0, ,0.0,0.0,0.0,0.0,2,3500,0,1,175,0,0,0
TF,TERIS,6.828056,-70.958611,0, ,0.0,0.0,0.0,0.0,2,11000,0,0,0,0,0,0

SID,TERIS1,OSILU,6
IF,TERIS,6.828056,-70.958611, ,0.0,0.0,2,11000,0,0,0,0,0,0
TF,OSILU,6.035000,-71.710278,0, ,0.0,0.0,0.0,0.0,0,0,0,0,0,0,0,0

SID,TERIS1,SVA,6
IF,TERIS,6.828056,-70.958611, ,0.0,0.0,2,11000,0,0,0,0,0,0
TF,SVA,6.952500,-71.860556,0, ,0.0,0.0,0.0,0.0,0,0,0,0,0,0,0,0

SID,TERIS1,TME,6
IF,TERIS,6.828056,-70.958611, ,0.0,0.0,2,11000,0,0,0,0,0,0
TF,TME,6.453056,-71.753889,0, ,0.0,0.0,0.0,0.0,0,0,0,0,0,0,0,0

SID,TME1B,11,2
CA,0,107.0,2,830,0,0,0,0,0,0
CF,D106G,7.052919,-70.616311,0,AUC,106.0,7.0,106.0,7.0,0,0,0,0,0,0,0,0
AF,D248G,7.006878,-70.833372,2,AUC,248.0,7.0,106.0,0,0,0,0,0,0,0,0
TF,TME,6.453056,-71.753889,0, ,0.0,0.0,0.0,0.0,0,0,0,0,0,0,0,0

SID,TME1C,11,2
CA,0,107.0,2,830,0,0,0,0,0,0
FD,AUC,7.067222,-70.732778,0,AUC,0.0,3.0,106.0,3.0,0,0,0,0,0,0,0,0
VI,2, ,0.0,278.0,0,0,0,0,0,0,0,0
CF,TME,6.453056,-71.753889,0,AUC,248.0,71.1,248.0,63.0,0,0,0,0,0,0,0,0

STAR,OSIL1E,11,2
IF,OSILU,6.035000,-71.710278, ,0.0,0.0,0,0,0,0,0,0,0,0
TF,D232J,6.945725,-70.848131,0, ,0.0,0.0,0.0,0.0,0,0,0,0,0,0,0,0
AF,D248J,6.981008,-70.876478,2,AUC,248.0,10.0,232.0,2,5000,0,0,0,0,0,0
AF,D267J,7.032375,-70.896736,2,AUC,267.0,10.0,247.0,2,4000,0,0,0,0,0,0
AF,CS11,7.093389,-70.898356,2,AUC,288.0,10.0,267.0,2,3000,0,0,0,0,0,0
TF,FS11,7.080311,-70.815564,0, ,0.0,0.0,0.0,0.0,2,1800,0,0,0,0,0,0

STAR,OSIL1F,11,5
IF,OSILU,6.035000,-71.710278, ,0.0,0.0,2,5000,0,0,0,0,0,0
TF,NEPAV,6.976964,-70.936233,0, ,0.0,0.0,0.0,0.0,2,4000,0,0,0,0,0,0

STAR,SVA1F,11,5
IF,SVA,6.952500,-71.860556, ,0.0,0.0,2,3000,0,0,0,0,0,0
TF,USELA,7.093178,-70.920861,0, ,0.0,0.0,0.0,0.0,2,3000,0,0,0,0,0,0

STAR,TME1A,11,2
IF,TME,6.453056,-71.753889, ,0.0,0.0,0,0,0,0,0,0,0,0
TF,D248J,6.981008,-70.876478,0, ,0.0,0.0,0.0,0.0,2,5000,0,0,0,0,0,0
AF,D267J,7.032375,-70.896736,2,AUC,267.0,10.0,247.0,2,4000,0,0,0,0,0,0
AF,CS11,7.093389,-70.898356,2,AUC,288.0,10.0,267.0,2,3000,0,0,0,0,0,0
TF,FS11,7.080311,-70.815564,0, ,0.0,0.0,0.0,0.0,2,1800,0,0,0,0,0,0

STAR,TME1F,11,5
IF,TME,6.453056,-71.753889, ,0.0,0.0,2,5000,0,0,0,0,0,0
TF,NEPAV,6.976964,-70.936233,0, ,0.0,0.0,0.0,0.0,2,4000,0,0,0,0,0,0

APPTR,D11,11,AUC
IF,AUC,7.067222,-70.732778, ,0.0,0.0,2,3000,0,0,0,0,1,0
HF,AUC,7.067222,-70.732778,2, ,0.0,0.0,108.0,07,2,1800,0,0,0,0,0,0,0

FINAL,D11,11,D,2
IF,FS11,7.080311,-70.815564,AUC,288.0,5.0,2,1800,0,0,0,0,2,0
CF,MS11,7.072458,-70.765892,0,AUC,288.0,2.0,108.0,3.0,1,844,0,0,0,0,3,0
CF,AUC,7.067222,-70.732778,0,AUC,0.0,0.0,108.0,2.0,2,1200,0,0,0,0,0,1
HM,AUC,7.067222,-70.732778,2, ,0.0,0.0,108.0,04.3,2,3000,0,1,210,0,0,0,0

APPTR,R11,11,NEPAV
IF,NEPAV,6.976964,-70.936233, ,0.0,0.0,2,4000,0,0,0,0,1,0
TF,USELA,7.093178,-70.920861,0, ,0.0,0.0,0.0,0.0,2,3000,0,0,0,0,1,0

APPTR,R11,11,TESAM
IF,TESAM,7.192789,-70.907678, ,0.0,0.0,2,4500,0,0,0,0,1,0
TF,USELA,7.093178,-70.920861,0, ,0.0,0.0,0.0,0.0,2,3000,0,0,0,0,1,0

APPTR,R11,11,USELA
HF,USELA,7.093178,-70.920861,2, ,0.0,0.0,107.0,04.3,2,3000,0,1,220,0,1,0,0

FINAL,R11,11,R,3
IF,USELA,7.093178,-70.920861, ,0.0,0.0,2,3000,0,0,0,0,0,0
TF,ILPUN,7.082214,-70.837761,0, ,0.0,0.0,107.0,5.0,2,2200,0,0,0,0,2,0
TF,RW11,7.070153,-70.746356,0, ,0.0,0.0,107.0,5.5,1,470,0,0,0,0,3,1
CA,0,107.0,2,830,0,0,0,0,0,0
DF,MUKPI,6.934406,-70.765342,2, ,0.0,0.0,2,3000,0,1,220,0,0,1
HM,MUKPI,6.934406,-70.765342,2, ,0.0,0.0,25.0,04.3,2,3000,0,1,220,0,0,0,0

APPTR,R29,29,ASEXU
IF,ASEXU,6.941489,-70.539617, ,0.0,0.0,2,5000,0,1,220,0,1,0
TF,TIGSI,7.041103,-70.526444,0, ,0.0,0.0,0.0,0.0,2,3500,0,0,0,0,1,0

APPTR,R29,29,SIDIP
IF,SIDIP,7.030128,-70.443358, ,0.0,0.0,2,5000,0,1,220,0,1,0
TF,TIGSI,7.041103,-70.526444,0, ,0.0,0.0,0.0,0.0,2,3500,0,0,0,0,1,0

APPTR,R29,29,UPUNI
IF,UPUNI,7.140714,-70.513267, ,0.0,0.0,2,5000,0,1,220,0,1,0
TF,TIGSI,7.041103,-70.526444,0, ,0.0,0.0,0.0,0.0,2,3500,0,0,0,0,1,0

FINAL,R29,29,R,3
IF,TIGSI,7.041103,-70.526444, ,0.0,0.0,2,3500,0,0,0,0,0,0
TF,NILKO,7.054275,-70.626153,0, ,0.0,0.0,287.0,6.0,2,2400,0,0,0,0,2,0
TF,PUPAX,7.065692,-70.712569,0, ,0.0,0.0,287.0,5.2,1,754,0,1,185,0,3,1
CA,0,287.0,2,830,0,0,0,0,0,0
DF,MUKPI,6.934406,-70.765342,1, ,0.0,0.0,2,3000,0,1,220,0,0,1
HM,MUKPI,6.934406,-70.765342,2, ,0.0,0.0,25.0,04.3,2,3000,0,1,220,0,0,0,0

