SID,COCOS1,20,2
CA,0,204.0,2,1000,0,0,0,0,0,0
CF,COCOS,-8.876389,-75.349167,0,PUL,241.0,55.0,241.0,54.0,2,8000,0,0,0,0,0,0

STAR,MIKA1A,02,2
IF,MIKAR,-9.185972,-75.007333, ,0.0,0.0,2,8000,0,0,0,0,0,0
FD,MIKAR,-9.185972,-75.007333,0,PUL,212.1,40.0,53.0,40.0,0,0,0,0,0,0,0,0
CF,LOGOR,-8.625667,-74.665750,0,PUL,204.4,15.9,25.0,24.1,2,4000,0,0,0,0,0,0

STAR,MIKA1B,02,5
IF,MIKAR,-9.185972,-75.007333, ,0.0,0.0,2,8000,0,0,0,0,0,0
TF,CL401,-8.983806,-74.883972,0, ,0.0,0.0,0.0,0.0,2,8000,0,0,0,0,0,0
TF,LOGOR,-8.625667,-74.665750,0, ,0.0,0.0,0.0,0.0,2,4000,0,0,0,0,0,0

APPTR,D02-U,02,PUL
IF,PUL,-8.375961,-74.572319, ,0.0,0.0,2,3000,0,0,0,0,0,0
FD,PUL,-8.375961,-74.572319,0,PUL,0.0,6.0,223.0,6.0,2,1000,0,0,0,0,0,0
CF,FF02,-8.469758,-74.608483,1,PUL,205.0,6.0,25.0,1.0,2,1000,0,0,0,0,0,0

FINAL,D02-U,02,D,2
IF,FF02,-8.469758,-74.608483,PUL,205.0,6.0,2,1000,0,0,0,0,2,0
CF,RW02,-8.389836,-74.578653,0,PUL,208.4,0.9,25.0,5.1,1,566,0,0,0,0,3,0
CA,0,24.0,2,3000,0,0,0,0,0,0

APPTR,D02-V,02,PUL
IF,PUL,-8.375961,-74.572319, ,0.0,0.0,2,3000,0,0,0,0,0,0
FD,PUL,-8.375961,-74.572319,0,PUL,0.0,7.0,235.0,7.0,2,2160,0,0,0,0,0,0
CF,DAKUX,-8.468611,-74.607500,1,PUL,204.7,5.9,25.0,1.0,2,2160,0,0,0,0,0,0

FINAL,D02-V,02,D,2
IF,DAKUX,-8.468611,-74.607500,PUL,204.7,5.9,2,2160,0,0,0,0,2,0
CF,RW02,-8.389836,-74.578653,0,PUL,208.4,0.9,25.0,5.0,1,566,0,0,0,0,3,0
CA,0,24.0,2,3000,0,0,0,0,0,0

APPTR,D02-W,02,LOGOR
IF,LOGOR,-8.625667,-74.665750, ,0.0,0.0,0,0,0,0,0,0,1,0
TF,ESAMU,-8.547222,-74.636389,0, ,0.0,0.0,0.0,0.0,2,3200,0,0,0,0,1,0

FINAL,D02-W,02,D,3
IF,ESAMU,-8.547222,-74.636389,PUL,204.4,10.9,2,3200,0,0,0,0,0,0
CF,DAKUX,-8.468611,-74.607500,0,PUL,204.7,5.9,25.0,5.0,2,2160,0,0,0,0,2,0
CF,RW02,-8.389836,-74.578653,0,PUL,208.4,0.9,25.0,5.0,1,566,0,0,0,0,3,0
CA,0,24.0,2,3000,0,0,0,0,0,0

APPTR,D20-A,20,TIMBU
IF,TIMBU,-8.053056,-74.483056, ,0.0,0.0,0,0,0,0,0,0,1,0
TF,NEGIS,-8.208611,-74.512500,0, ,0.0,0.0,0.0,0.0,2,3200,0,0,0,0,1,0

FINAL,D20-A,20,D,3
IF,NEGIS,-8.208611,-74.512500,PUL,23.6,10.6,2,3200,0,0,0,0,0,0
CF,GAVOR,-8.287500,-74.541111,0,PUL,23.4,5.6,204.0,5.0,2,2160,0,0,0,0,2,0
CF,RW20,-8.366044,-74.569944,0,PUL,17.4,0.6,204.0,5.0,1,566,0,0,0,0,3,0
CA,0,204.0,2,3000,0,0,0,0,0,0

