APPTR,V19,19,BTE
IF,BTE,-9.147500,-78.521944, ,0.0,0.0,2,3000,0,0,0,0,1,0
FC,BTE,-9.147500,-78.521944,0,BTE,0.0,0.0,354.0,7.5,0,0,0,0,0,0,0,1
CF,FF19,-9.043667,-78.509117,2,BTE,6.0,6.3,186.0,1.2,2,2000,0,0,0,0,0,0

FINAL,V19,19,D,2
IF,FF19,-9.043667,-78.509117,BTE,6.0,6.3,2,2000,0,0,0,0,2,0
CF,RW19,-9.141694,-78.522417,0,BTE,354.4,0.4,186.0,5.9,1,119,0,0,0,0,3,0
CF,BTE,-9.147500,-78.521944,0,BTE,0.0,0.0,186.0,0.4,0,0,0,0,0,0,0,1
VA,0,186.0,2,2000,0,0,0,0,0,0
DF,BTE,-9.147500,-78.521944,1, ,0.0,0.0,0,0,0,0,0,0,0,0
HM,BTE,-9.147500,-78.521944,1, ,0.0,0.0,8.0,04.3,2,3000,0,0,0,0,0,0,0

