SID,LFA1A,35,5
CF,BUTRU,7.992419,-72.482333,0,LFA,229.3,19.5,353.0,9.9,2,4000,0,0,0,0,0,0
TF,KEVAK,8.116894,-72.374081,0, ,0.0,0.0,0.0,0.0,2,4300,0,0,0,0,0,1
TF,LFA,8.241833,-72.269944,0, ,0.0,0.0,0.0,0.0,2,4300,0,0,0,0,0,0

SID,LFA1C,35,2
VA,0,353.0,2,1720,0,0,0,0,0,0
CF,CUC,7.933611,-72.513889,0,CUC,0.0,0.0,328.0,6.7,2,3500,0,0,0,0,0,0
TF,LFA22,7.997019,-72.552353,0, ,0.0,0.0,0.0,0.0,1,5100,0,0,0,0,0,0
TF,LFA12,8.109969,-72.422128,0, ,0.0,0.0,0.0,0.0,1,8000,0,0,0,0,0,0
TF,LFA,8.241833,-72.269944,0, ,0.0,0.0,0.0,0.0,0,0,0,0,0,0,0,0

STAR,LFA1B,17,2
IF,LFA,8.241833,-72.269944, ,0.0,0.0,0,0,0,0,0,0,0,0
TF,D242L,8.120867,-72.430989,0, ,0.0,0.0,0.0,0.0,1,8000,0,0,0,0,0,0
TF,D242U,8.029172,-72.552936,0, ,0.0,0.0,0.0,0.0,1,5200,0,0,0,0,0,1
DF,D335E,8.003700,-72.559833,0, ,0.0,0.0,1,4900,0,0,0,0,0,0

APPTR,R17-Y,17,LFA
IF,LFA,8.241833,-72.269944, ,0.0,0.0,2,4700,0,0,0,0,0,0
TF,KEVAK,8.116894,-72.374081,0, ,0.0,0.0,0.0,0.0,2,4700,0,0,0,0,1,0
TF,BUTRU,7.992419,-72.482333,0, ,0.0,0.0,0.0,0.0,2,4300,0,0,0,0,1,0

FINAL,R17-Y,17,R,3
IF,BUTRU,7.992419,-72.482333, ,0.0,0.0,2,4300,0,0,0,0,0,0
TF,ANKAB,7.931028,-72.465133,0, ,0.0,0.0,173.0,3.8,2,3000,0,0,0,0,2,0
TF,RW17,7.848789,-72.442103,0, ,0.0,0.0,173.0,5.1,1,1299,0,0,0,0,3,1
CA,0,173.0,2,1720,0,0,0,0,0,0
DF,BUTRU,7.992419,-72.482333,2, ,0.0,0.0,0,0,0,0,0,0,0,0
TF,KEVAK,8.116894,-72.374081,0, ,0.0,0.0,0.0,0.0,1,5700,0,0,0,0,0,0
HM,KEVAK,8.116894,-72.374081,2, ,0.0,0.0,230.0,04,0,0,0,0,0,0,0,0,0

APPTR,R17-Z,17,LFA
IF,LFA,8.241833,-72.269944, ,0.0,0.0,2,4700,0,0,0,0,0,0
TF,KEVAK,8.116894,-72.374081,0, ,0.0,0.0,0.0,0.0,2,4700,0,0,0,0,1,0
TF,BUTRU,7.992419,-72.482333,0, ,0.0,0.0,0.0,0.0,2,4300,0,0,0,0,1,0

FINAL,R17-Z,17,R,3
IF,BUTRU,7.992419,-72.482333, ,0.0,0.0,2,4300,0,0,0,0,0,0
TF,ANKAB,7.931028,-72.465133,0, ,0.0,0.0,173.0,3.8,2,3000,0,0,0,0,2,0
TF,RW17,7.848789,-72.442103,0, ,0.0,0.0,173.0,5.1,1,1299,0,0,0,0,3,1
CA,0,173.0,2,1720,0,0,0,0,0,0
DF,BUTRU,7.992419,-72.482333,2, ,0.0,0.0,0,0,0,0,0,0,0,0
TF,KEVAK,8.116894,-72.374081,0, ,0.0,0.0,0.0,0.0,1,5700,0,0,0,0,0,0
HM,KEVAK,8.116894,-72.374081,2, ,0.0,0.0,230.0,04,0,0,0,0,0,0,0,0,0

