SID,KAROT1,09,5
CA,0,85.0,2,490,0,0,0,0,0,0
DF,KAROT,15.578758,-61.210433,0, ,0.0,0.0,0,0,0,0,0,0,0,0

SID,KAROT1,FOF,6
IF,KAROT,15.578758,-61.210433, ,0.0,0.0,0,0,0,0,0,0,0,0
TF,IGROP,15.453628,-61.069439,0, ,0.0,0.0,0.0,0.0,0,0,0,0,0,0,0,0
TF,FOF,14.590750,-61.022806,0, ,0.0,0.0,0.0,0.0,0,0,0,0,0,0,0,0

SID,KAROT1,MG,6
IF,KAROT,15.578758,-61.210433, ,0.0,0.0,0,0,0,0,0,0,0,0
TF,ADVUR,15.702375,-61.162931,0, ,0.0,0.0,0.0,0.0,0,0,0,0,0,0,0,0
TF,MG,15.869750,-61.270861,0, ,0.0,0.0,0.0,0.0,0,0,0,0,0,0,0,0

APPTR,Q27,27,NOSAM
HF,NOSAM,15.615317,-61.063186,2, ,0.0,0.0,269.0,04.3,2,2500,0,1,230,0,1,0,0

FINAL,Q27,27,N,3
IF,NOSAM,15.615317,-61.063186,DOM,0.0,0.0,2,2500,0,0,0,0,0,0
CF,BENOR,15.574919,-61.209147,0,DOM,0.0,0.0,269.0,8.8,2,1700,0,0,0,0,2,0
CF,MIVAS,15.559325,-61.265383,0,DOM,0.0,1.8,269.0,3.4,1,624,0,0,0,0,3,0
CA,0,269.0,2,624,0,0,0,0,0,0
DF,NOSAM,15.615317,-61.063186,2, ,0.0,0.0,2,2500,0,0,0,0,0,0
HM,NOSAM,15.615317,-61.063186,2, ,0.0,0.0,269.0,04.3,0,0,0,1,230,0,0,0,0

APPTR,R27,27,ADVUR
IF,ADVUR,15.702375,-61.162931, ,0.0,0.0,2,2000,0,0,0,0,1,0
TF,VOLAB,15.608072,-61.127458,0, ,0.0,0.0,0.0,0.0,2,1700,0,0,0,0,1,0

APPTR,R27,27,FOF
IF,FOF,14.590750,-61.022806, ,0.0,0.0,0,0,0,0,0,0,0,0
TF,NM30,14.952200,-61.042319,0, ,0.0,0.0,0.0,0.0,2,6000,0,0,0,0,0,0
TF,IGROP,15.453628,-61.069439,0, ,0.0,0.0,0.0,0.0,2,3000,0,0,0,0,1,0
TF,VOLAB,15.608072,-61.127458,0, ,0.0,0.0,0.0,0.0,2,1700,0,0,0,0,1,0

APPTR,R27,27,VOLAB
HF,VOLAB,15.608072,-61.127458,1, ,0.0,0.0,265.0,04,2,1700,0,1,230,0,1,0,0

FINAL,R27,27,R,3
IF,VOLAB,15.608072,-61.127458, ,0.0,0.0,2,1700,0,0,0,0,0,0
TF,KAROT,15.578758,-61.210433,0, ,0.0,0.0,265.0,5.1,2,1700,0,0,0,0,2,0
TF,MIVAS,15.559325,-61.265383,0, ,0.0,0.0,265.0,3.4,1,624,0,0,0,0,3,0
CA,0,265.0,2,624,0,0,0,0,0,0
DF,VOLAB,15.608072,-61.127458,2, ,0.0,0.0,2,1700,0,0,0,0,0,0
HM,VOLAB,15.608072,-61.127458,1, ,0.0,0.0,265.0,04,0,0,0,1,230,0,0,0,0

