APPTR,R18,18,DAUGG
HF,DAUGG,30.183569,-95.691092,2, ,0.0,0.0,175.0,04,2,2000,0,0,0,0,1,0,0

APPTR,R18,18,MGNOL
IF,MGNOL,30.181522,-95.787211, ,0.0,0.0,0,0,0,0,0,0,1,0
TF,DAUGG,30.183569,-95.691092,0, ,0.0,0.0,0.0,0.0,2,2000,0,0,0,0,1,0

FINAL,R18,18,R,4
IF,DAUGG,30.183569,-95.691092, ,0.0,0.0,2,2000,0,0,0,0,0,0
TF,KREEC,30.074308,-95.688061,0, ,0.0,0.0,175.0,6.5,2,1800,0,0,0,0,2,0
TF,WOTPU,30.025069,-95.686697,0, ,0.0,0.0,175.0,3.0,2,860,0,0,0,0,0,0
TF,RW18,29.989994,-95.685725,0, ,0.0,0.0,175.0,2.1,1,192,0,0,0,0,3,1
CA,0,175.0,2,800,0,0,0,0,0,0
DF,DAUGG,30.183569,-95.691092,2, ,0.0,0.0,2,2000,0,0,0,0,0,1
HM,DAUGG,30.183569,-95.691092,2, ,0.0,0.0,175.0,04,0,0,0,0,0,0,0,0,0

APPTR,R36,36,CIXEM
HF,CIXEM,29.796575,-95.679939,2, ,0.0,0.0,354.0,04,2,2000,0,0,0,0,1,0,0

APPTR,R36,36,ZIBUK
IF,ZIBUK,29.793428,-95.774219, ,0.0,0.0,0,0,0,0,0,0,1,0
TF,CIXEM,29.796575,-95.679939,0, ,0.0,0.0,0.0,0.0,2,2000,0,0,0,0,1,0

FINAL,R36,36,R,3
IF,CIXEM,29.796575,-95.679939, ,0.0,0.0,2,2000,0,0,0,0,0,0
TF,WEXUV,29.913717,-95.683611,0, ,0.0,0.0,354.0,7.0,2,1800,0,0,0,0,2,0
TF,RW36,29.983025,-95.685528,0, ,0.0,0.0,355.0,4.2,1,192,0,0,0,0,3,1
CA,0,355.0,2,640,0,0,0,0,0,0
DF,DAUGG,30.183569,-95.691092,0, ,0.0,0.0,2,2000,0,0,0,0,0,1
HM,DAUGG,30.183569,-95.691092,2, ,0.0,0.0,175.0,04,0,0,0,0,0,0,0,0,0

