SID,GOSI3E,27,5
CF,YZ455,40.147222,44.351944,0,ZVR,83.7,0.6,265.0,1.0,0,0,0,1,210,0,0,1
DF,GOSIS,39.947222,44.986111,1, ,0.0,0.0,2,13000,0,0,0,0,0,0

SID,GOSI4H,09,5
CF,YZ450,40.147500,44.438500,0,ZVR,84.6,4.6,85.0,1.0,0,0,0,1,210,0,0,1
DF,GOSIS,39.947222,44.986111,0, ,0.0,0.0,2,13000,0,0,0,0,0,0

SID,INDU3E,27,5
CF,YZ455,40.147222,44.351944,0,ZVR,83.7,0.6,265.0,1.0,0,0,0,1,210,0,0,1
DF,INDUR,40.115556,43.664722,0, ,0.0,0.0,2,14000,0,0,0,0,0,0

SID,INDU3H,09,5
CF,YZ450,40.147500,44.438500,0,ZVR,84.6,4.6,85.0,1.0,0,0,0,1,210,0,0,1
DF,INDUR,40.115556,43.664722,2, ,0.0,0.0,2,14000,0,0,0,0,0,0

SID,SEVA3E,27,5
CF,YZ455,40.147222,44.351944,0,ZVR,83.7,0.6,265.0,1.0,0,0,0,1,210,0,0,1
DF,YZ457,40.368056,44.656667,2, ,0.0,0.0,2,13000,0,0,0,0,0,0
TF,SEVAN,40.534167,44.954722,0, ,0.0,0.0,0.0,0.0,2,13000,0,0,0,0,0,0

SID,SEVA3H,09,5
CF,YZ450,40.147500,44.438500,0,ZVR,84.6,4.6,85.0,1.0,0,0,0,1,210,0,0,1
DF,YZ453,40.341667,44.691944,2, ,0.0,0.0,2,13000,0,0,0,0,0,0
TF,SEVAN,40.534167,44.954722,0, ,0.0,0.0,0.0,0.0,2,13000,0,0,0,0,0,0

SID,TIBL3E,27,5
CF,YZ455,40.147222,44.351944,0,ZVR,83.7,0.6,265.0,1.0,0,0,0,1,210,0,0,1
DF,YZ456,40.210278,44.218889,0, ,0.0,0.0,2,6300,0,1,210,0,0,0
TF,TIBLO,40.385556,43.891111,0, ,0.0,0.0,0.0,0.0,2,14000,0,0,0,0,0,0

SID,TIBL3H,09,5
CF,YZ450,40.147500,44.438500,0,ZVR,84.6,4.6,85.0,1.0,0,0,0,1,210,0,0,1
DF,TIBLO,40.385556,43.891111,2, ,0.0,0.0,2,14000,0,0,0,0,0,0

STAR,GOSI3A,09,5
IF,GOSIS,39.947222,44.986111, ,0.0,0.0,2,13000,0,1,250,0,0,0
TF,BANAG,40.064833,44.623611,0, ,0.0,0.0,0.0,0.0,2,10000,0,1,250,0,0,0
TF,EREVA,40.147194,44.366972,0, ,0.0,0.0,0.0,0.0,2,7000,0,1,230,0,0,0

STAR,GOSI3B,27,5
IF,GOSIS,39.947222,44.986111, ,0.0,0.0,2,13000,0,1,250,0,0,0
TF,DITAK,40.003111,44.785639,0, ,0.0,0.0,0.0,0.0,2,10000,0,1,210,0,0,0
TF,LUMIK,40.033222,44.676889,0, ,0.0,0.0,0.0,0.0,2,9200,0,1,210,0,0,0

STAR,INDU3A,09,5
IF,INDUR,40.115556,43.664722, ,0.0,0.0,2,14000,0,1,250,0,0,0
TF,OKUDA,40.146944,44.036389,0, ,0.0,0.0,0.0,0.0,2,7000,0,1,230,0,0,0

STAR,INDU3B,27,5
IF,INDUR,40.115556,43.664722, ,0.0,0.0,2,14000,0,1,250,0,0,0
TF,LUMIK,40.033222,44.676889,0, ,0.0,0.0,0.0,0.0,2,9200,0,1,210,0,0,0

STAR,SEVA3A,09,5
IF,SEVAN,40.534167,44.954722, ,0.0,0.0,2,13000,0,1,250,0,0,0
TF,MAXAK,40.351222,44.675389,0, ,0.0,0.0,0.0,0.0,2,13000,0,1,250,0,0,0
TF,EREVA,40.147194,44.366972,0, ,0.0,0.0,0.0,0.0,2,7000,0,1,230,0,0,0

STAR,SEVA3B,27,5
IF,SEVAN,40.534167,44.954722, ,0.0,0.0,2,13000,0,1,250,0,0,0
TF,MAXAK,40.351222,44.675389,0, ,0.0,0.0,0.0,0.0,2,13000,0,1,250,0,0,0
TF,LUMIK,40.033222,44.676889,0, ,0.0,0.0,0.0,0.0,2,9200,0,1,210,0,0,0

STAR,TIBL3A,09,5
IF,TIBLO,40.385556,43.891111, ,0.0,0.0,2,13000,0,1,250,0,0,0
TF,OKUDA,40.146944,44.036389,0, ,0.0,0.0,0.0,0.0,2,7000,0,1,230,0,0,0

STAR,TIBL3B,27,5
IF,TIBLO,40.385556,43.891111, ,0.0,0.0,2,13000,0,1,250,0,0,0
TF,LUMIK,40.033222,44.676889,0, ,0.0,0.0,0.0,0.0,2,9200,0,1,210,0,0,0

APPTR,D09,09,EREV1
IF,EREVA,40.147194,44.366972, ,0.0,0.0,2,7000,0,1,190,0,1,0
FD,EREVA,40.147194,44.366972,0,ZVR,84.4,8.1,249.0,8.1,2,5100,0,0,0,0,0,0
CF,FD09,40.146911,44.220714,2,ZVR,265.0,5.4,85.0,3.0,2,5100,0,0,0,0,0,0

APPTR,D09,09,EREV2
IF,EREVA,40.147194,44.366972, ,0.0,0.0,2,7000,0,1,135,0,1,0
FD,EREVA,40.147194,44.366972,0,ZVR,84.4,8.1,256.0,8.1,2,5100,0,0,0,0,0,0
CF,FD09,40.146911,44.220714,2,ZVR,265.0,5.4,85.0,3.0,2,5100,0,0,0,0,0,0

APPTR,D09,09,OKUDA
IF,OKUDA,40.146944,44.036389, ,0.0,0.0,2,7000,0,0,0,0,1,0
CF,D265I,40.146792,44.133778,0,ZVR,265.0,9.4,85.0,4.5,2,5100,0,0,0,0,1,0
CF,FD09,40.146911,44.220714,0,ZVR,265.0,5.4,85.0,4.0,2,5100,0,0,0,0,0,0

FINAL,D09,09,D,2
IF,FD09,40.146911,44.220714,ZVR,265.0,5.4,2,5100,0,0,0,0,2,0
CF,EREVA,40.147194,44.366972,0,ZVR,84.4,1.3,85.0,6.7,1,2945,0,0,0,0,3,0
CF,D085E,40.147222,44.453889,0,ZVR,84.8,5.3,85.0,4.0,2,3500,0,1,215,0,0,1
DF,EREVA,40.147194,44.366972,2, ,0.0,0.0,1,7000,0,0,0,0,0,0
HM,EREVA,40.147194,44.366972,1, ,0.0,0.0,85.0,04.3,2,7000,0,1,215,0,0,0,0

APPTR,I09,09,EREV1
IF,EREVA,40.147194,44.366972, ,0.0,0.0,2,7000,0,1,190,0,1,0
FD,EREVA,40.147194,44.366972,0,ZVR,84.4,8.1,249.0,8.1,2,5100,0,0,0,0,0,0
CF,CI09,40.145819,44.162111,2,IZR,264.6,12.1,85.0,1.0,2,5100,0,0,0,0,0,0

APPTR,I09,09,EREV2
IF,EREVA,40.147194,44.366972, ,0.0,0.0,2,7000,0,1,135,0,1,0
FD,EREVA,40.147194,44.366972,0,ZVR,84.4,8.1,256.0,8.1,2,5100,0,0,0,0,0,0
CF,CI09,40.145819,44.162111,2,IZR,264.6,12.1,85.0,1.0,2,5100,0,0,0,0,0,0

APPTR,I09,09,OKUDA
IF,OKUDA,40.146944,44.036389, ,0.0,0.0,2,7000,0,0,0,0,1,0
CF,D265I,40.146792,44.133778,0,ZVR,265.0,9.4,85.0,4.5,2,5100,0,0,0,0,1,0
CF,CI09,40.145819,44.162111,0,IZR,264.6,12.1,85.0,1.3,2,5100,0,0,0,0,0,0

FINAL,I09,09,I,3
IF,CI09,40.145819,44.162111,IZR,264.6,12.1,2,5100,0,0,0,0,0,0
CF,FI09,40.146217,44.219053,0,IZR,264.6,9.4,85.0,2.6,1,5100,0,0,0,0,2,0
CF,RW09,40.147153,44.373294,0,IZR,264.6,2.3,85.0,7.1,1,2852,0,0,0,0,3,0
CF,D085E,40.147222,44.453889,0,ZVR,84.8,5.3,85.0,3.7,2,3500,0,1,215,0,0,1
DF,EREVA,40.147194,44.366972,2, ,0.0,0.0,1,7000,0,0,0,0,0,0
HM,EREVA,40.147194,44.366972,1, ,0.0,0.0,85.0,04.3,2,7000,0,1,215,0,0,0,0

APPTR,R09,09,EREVA
IF,EREVA,40.147194,44.366972, ,0.0,0.0,2,7000,0,0,0,0,1,0
TF,YZ420,40.062833,44.220750,0, ,0.0,0.0,0.0,0.0,2,5100,0,1,230,0,0,0
TF,YZ421,40.062194,44.133917,0, ,0.0,0.0,0.0,0.0,2,5100,0,1,230,0,0,0
TF,YZ400,40.145611,44.132861,0, ,0.0,0.0,0.0,0.0,2,5100,0,1,230,0,1,0

APPTR,R09,09,OKUDA
IF,OKUDA,40.146944,44.036389, ,0.0,0.0,2,7000,0,0,0,0,1,0
TF,YZ400,40.145611,44.132861,0, ,0.0,0.0,0.0,0.0,2,5100,0,1,230,0,1,0

FINAL,R09,09,R,3
IF,YZ400,40.145611,44.132861, ,0.0,0.0,2,5100,0,1,230,0,0,0
TF,ARMAV,40.146222,44.219778,0, ,0.0,0.0,85.0,4.0,2,5100,0,1,180,0,2,0
TF,RW09,40.147153,44.373294,0, ,0.0,0.0,85.0,7.1,1,2850,0,1,145,0,3,1
TF,YZ450,40.147500,44.438500,0, ,0.0,0.0,0.0,0.0,2,3400,0,1,180,0,0,1
DF,EREVA,40.147194,44.366972,2, ,0.0,0.0,2,7000,0,1,180,0,0,0
HM,EREVA,40.147194,44.366972,1, ,0.0,0.0,85.0,04.3,2,7000,0,1,215,0,0,0,0

APPTR,R27-Y,27,LUMIK
IF,LUMIK,40.033222,44.676889, ,0.0,0.0,2,9200,0,0,0,0,1,0
TF,YZ007,40.080489,44.677608,0, ,0.0,0.0,0.0,0.0,2,8000,0,1,195,0,0,0
TF,YZ005,40.112364,44.631414,0, ,0.0,0.0,0.0,0.0,2,6800,0,1,185,0,0,0
TF,YZ001,40.134031,44.599978,0, ,0.0,0.0,0.0,0.0,2,5900,0,1,185,0,1,0

FINAL,R27-Y,27,R,3
IF,YZ001,40.134031,44.599978, ,0.0,0.0,2,5900,0,1,185,0,0,0
RF,AGUGO,40.147992,44.553692,1,YZ008,264.4,3.3,2,5200,0,1,185,0,2,0
TF,RW27,40.147389,44.418467,0, ,0.0,0.0,265.0,6.2,1,2888,0,1,185,0,3,1
TF,YZ505,40.146658,44.288061,0, ,0.0,0.0,0.0,0.0,2,3800,0,1,180,0,0,1
DF,LUMIK,40.033222,44.676889,1, ,0.0,0.0,2,9200,0,1,180,0,0,0
HM,LUMIK,40.033222,44.676889,1, ,0.0,0.0,85.0,04.3,2,9200,0,1,215,0,0,0,0

APPTR,R27-Z,27,LUMIK
IF,LUMIK,40.033222,44.676889, ,0.0,0.0,2,9200,0,0,0,0,1,0
TF,YZ521,40.033472,44.785389,0, ,0.0,0.0,0.0,0.0,2,8000,0,1,190,0,0,0
TF,YZ520,40.091861,44.784917,0, ,0.0,0.0,0.0,0.0,2,8000,0,1,190,0,1,0
TF,YZ515,40.148611,44.765889,0, ,0.0,0.0,0.0,0.0,2,8000,0,1,190,0,0,0

FINAL,R27-Z,27,R,3
IF,YZ515,40.148611,44.765889, ,0.0,0.0,2,8000,0,1,190,0,0,0
TF,BASRU,40.148500,44.711556,0, ,0.0,0.0,265.0,2.5,2,7900,0,1,190,0,2,0
TF,RW27,40.147389,44.418467,0, ,0.0,0.0,265.0,13.5,1,2888,0,1,150,0,3,1
TF,YZ505,40.146658,44.288061,0, ,0.0,0.0,0.0,0.0,2,4300,0,1,180,0,0,1
DF,LUMIK,40.033222,44.676889,1, ,0.0,0.0,2,9200,0,1,180,0,0,0
HM,LUMIK,40.033222,44.676889,1, ,0.0,0.0,85.0,04.3,2,9200,0,1,215,0,0,0,0

