SID,NEDE1A,31,2
FA,RW31,41.602297,41.611567,0,KTS,0.0,0.0,306.0,2,700,0,0,0,0,0,0
CI,0, ,0.0,23.0,0,0,0,0,0,0,0,0
CF,NEDEK,42.002222,41.592778,0,KTS,250.4,39.9,353.0,20.0,2,6000,0,0,0,0,0,0

SID,SARP1A,31,2
FA,RW31,41.602297,41.611567,0,KTS,0.0,0.0,306.0,2,3500,0,0,0,0,0,0
CF,D036D,41.651200,41.672081,2,KTS,223.5,47.1,126.0,9.0,0,0,0,0,0,0,0,1
DF,LU,41.601278,41.614139,2, ,0.0,0.0,2,9000,0,0,0,0,0,0
TF,SARPI,41.548889,41.449722,0, ,0.0,0.0,0.0,0.0,2,10000,0,0,0,0,0,0

SID,SARP2A,31,2
FA,RW31,41.602297,41.611567,0,KTS,0.0,0.0,306.0,2,1400,0,0,0,0,0,0
CF,D036D,41.651200,41.672081,2,KTS,223.5,47.1,126.0,4.0,0,0,0,0,0,0,0,1
DF,LU,41.601278,41.614139,2, ,0.0,0.0,2,9000,0,0,0,0,0,0
TF,SARPI,41.548889,41.449722,0, ,0.0,0.0,0.0,0.0,2,10000,0,0,0,0,0,0

SID,SARP3A,31,2
FA,RW31,41.602297,41.611567,0,KTS,0.0,0.0,306.0,2,700,0,0,0,0,0,0
CA,0,356.0,2,3400,0,0,0,0,0,0
CF,LU,41.601278,41.614139,2,KTS,223.0,51.0,173.0,8.0,2,9000,0,0,0,0,0,0
TF,SARPI,41.548889,41.449722,0, ,0.0,0.0,0.0,0.0,2,10000,0,0,0,0,0,0

SID,SARP4A,31,2
FA,RW31,41.602297,41.611567,0,KTS,0.0,0.0,306.0,2,700,0,0,0,0,0,0
CA,0,356.0,2,2200,0,0,0,0,0,0
CF,LU,41.601278,41.614139,2,KTS,223.0,51.0,201.0,5.0,2,9000,0,0,0,0,0,0
TF,SARPI,41.548889,41.449722,0, ,0.0,0.0,0.0,0.0,2,10000,0,0,0,0,0,0

SID,SOSE1A,31,2
CA,0,306.0,2,700,0,0,0,0,0,0
CF,SOSED,42.109722,41.004167,0,KTS,262.1,64.9,313.0,39.0,2,9000,0,0,0,0,0,0

STAR,NEDE1B,13,2
IF,NEDEK,42.002222,41.592778, ,0.0,0.0,2,7000,0,0,0,0,0,0
TF,LU,41.601278,41.614139,0, ,0.0,0.0,0.0,0.0,1,7000,0,0,0,0,0,0

STAR,NEDE2B,13,2
IF,NEDEK,42.002222,41.592778, ,0.0,0.0,2,7000,0,0,0,0,0,0
TF,AKAKI,41.757778,41.371389,0, ,0.0,0.0,0.0,0.0,1,3500,0,0,0,0,0,0

STAR,SARP1B,13,2
IF,SARPI,41.548889,41.449722, ,0.0,0.0,2,11000,0,0,0,0,0,0
TF,LU,41.601278,41.614139,0, ,0.0,0.0,0.0,0.0,1,7000,0,0,0,0,0,0

STAR,SOSE1B,13,2
IF,SOSED,42.109722,41.004167, ,0.0,0.0,2,10000,0,0,0,0,0,0
TF,LU,41.601278,41.614139,0, ,0.0,0.0,0.0,0.0,1,7000,0,0,0,0,0,0

STAR,SOSE2B,13,2
IF,SOSED,42.109722,41.004167, ,0.0,0.0,2,10000,0,0,0,0,0,0
TF,AKAKI,41.757778,41.371389,0, ,0.0,0.0,0.0,0.0,1,3500,0,0,0,0,0,0

FINAL,I13,13,I,3
IF,AKAKI,41.757778,41.371389,ILU,305.9,14.4,2,3500,0,0,0,0,1,0
CF,FI13,41.732222,41.411111,0,ILU,305.9,12.0,126.0,2.4,1,3500,0,0,0,0,2,0
CF,RW13,41.617033,41.588886,0,ILU,305.9,1.5,126.0,10.6,1,134,0,0,0,0,3,0
CA,0,126.0,2,510,0,0,0,0,0,0
VM,0,0,1,306.0,1,3500,0,0,0,0,0,0

