SID,BEDAP1,07,2
CA,0,68.0,2,2150,0,0,0,0,0,0
DF,OP,45.097667,42.048611,1, ,0.0,0.0,0,0,0,0,0,0,0,0
TF,BEDAP,44.879722,41.962222,0, ,0.0,0.0,0.0,0.0,4,16000,8000,0,0,0,0,0

SID,BEDAP3,25,2
CF,D248G,45.093333,42.023333,0,MNW,312.6,67.6,248.0,4.0,2,2420,0,0,0,0,0,1
CF,BEDAP,44.879722,41.962222,2,MNW,302.8,60.6,190.0,16.0,4,16000,8000,0,0,0,0,0

SID,BUKO1A,07,2
CA,0,68.0,2,2150,0,0,0,0,0,0
CF,BUKOD,44.842222,42.255556,2,MNW,309.8,49.8,168.0,15.0,4,15000,7000,0,0,0,0,0

SID,BUKO1B,07,2
CA,0,68.0,2,2150,0,0,0,0,0,0
DF,OP,45.097667,42.048611,1, ,0.0,0.0,0,0,0,0,0,0,0,1
CF,BUKOD,44.842222,42.255556,0,MNW,309.8,49.8,141.0,17.0,4,15000,7000,0,0,0,0,0

SID,BUKO3A,25,2
CA,0,248.0,2,1930,0,0,0,0,0,0
CF,BUKOD,44.842222,42.255556,1,MNW,309.8,49.8,136.0,16.0,4,15000,7000,0,0,0,0,0

SID,BUKO3B,25,2
CF,D248G,45.093333,42.023333,0,MNW,312.6,67.6,248.0,4.0,2,2420,0,0,0,0,0,0
VI,2, ,0.0,121.0,0,0,0,0,0,0,0,0
CF,BUKOD,44.842222,42.255556,0,MNW,309.8,49.8,151.0,18.0,4,15000,7000,0,0,0,0,0

SID,BUKO3V,25,2
CF,D248G,45.093333,42.023333,0,MNW,312.6,67.6,248.0,4.0,2,2420,0,0,0,0,0,1
DF,KT,45.121583,42.180528,2, ,0.0,0.0,0,0,0,0,0,0,0,0
TF,BUKOD,44.842222,42.255556,0, ,0.0,0.0,0.0,0.0,4,15000,7000,0,0,0,0,0

SID,DIPO3A,25,2
CA,0,248.0,2,1930,0,0,0,0,0,0
CF,DIPOR,45.044444,42.752500,1,MNW,338.2,50.0,84.0,29.0,4,15000,7000,0,0,0,0,0

SID,DIPO3B,25,2
CF,D248G,45.093333,42.023333,0,MNW,312.6,67.6,248.0,4.0,2,2420,0,0,0,0,0,1
DF,KT,45.121583,42.180528,2, ,0.0,0.0,0,0,0,0,0,0,0,0
TF,DIPOR,45.044444,42.752500,0, ,0.0,0.0,0.0,0.0,4,15000,7000,0,0,0,0,0

SID,DIPOR1,07,2
CA,0,68.0,2,2150,0,0,0,0,0,0
CF,DIPOR,45.044444,42.752500,0,MNW,338.2,50.0,95.0,24.0,4,15000,7000,0,0,0,0,0

SID,GIRT1A,07,2
CA,0,68.0,2,2150,0,0,0,0,0,0
CF,GIRTI,44.905278,42.585000,0,MNW,326.5,44.7,121.0,21.0,4,16000,6000,0,0,0,0,0

SID,GIRT1B,07,2
CA,0,68.0,2,2150,0,0,0,0,0,0
DF,OP,45.097667,42.048611,1, ,0.0,0.0,0,0,0,0,0,0,0,1
CF,GIRTI,44.905278,42.585000,0,MNW,326.5,44.7,107.0,25.0,4,16000,6000,0,0,0,0,0

SID,GIRT3A,25,2
CA,0,248.0,2,1930,0,0,0,0,0,0
CF,GIRTI,44.905278,42.585000,1,MNW,326.5,44.7,104.0,24.0,4,15000,7000,0,0,0,0,0

SID,GIRT3B,25,2
CF,D248G,45.093333,42.023333,0,MNW,312.6,67.6,248.0,4.0,2,2420,0,0,0,0,0,0
VI,2, ,0.0,88.0,0,0,0,0,0,0,0,0
CF,GIRTI,44.905278,42.585000,0,MNW,326.5,44.7,118.0,27.0,4,15000,7000,0,0,0,0,0

SID,GIRT3V,25,2
CF,D248G,45.093333,42.023333,0,MNW,312.6,67.6,248.0,4.0,2,2420,0,0,0,0,0,1
DF,KT,45.121583,42.180528,2, ,0.0,0.0,0,0,0,0,0,0,0,0
TF,GIRTI,44.905278,42.585000,0, ,0.0,0.0,0.0,0.0,4,15000,7000,0,0,0,0,0

SID,LEGNA1,07,2
CA,0,68.0,2,2150,0,0,0,0,0,0
CF,LEGNA,45.321389,41.505000,1,MNW,308.0,92.7,278.0,29.0,1,16000,0,0,0,0,0,0

SID,LEGNA3,25,2
CF,D248G,45.093333,42.023333,0,MNW,312.6,67.6,248.0,4.0,2,2420,0,0,0,0,0,1
CF,LEGNA,45.321389,41.505000,0,MNW,308.0,92.7,297.0,24.0,1,16000,0,0,0,0,0,0

SID,NETMI1,07,2
CA,0,68.0,2,2150,0,0,0,0,0,0
CF,NETMI,45.254722,41.480000,1,MNW,305.7,90.8,270.0,29.0,4,16000,6000,0,0,0,0,0

SID,NETMI3,25,2
CF,D248G,45.093333,42.023333,0,MNW,312.6,67.6,248.0,4.0,2,2420,0,0,0,0,0,1
CF,NETMI,45.254722,41.480000,0,MNW,305.7,90.8,288.0,23.0,4,16000,6000,0,0,0,0,0

SID,PARAT1,07,2
CA,0,68.0,2,2150,0,0,0,0,0,0
CF,PARAT,45.533056,41.715000,1,MNW,317.1,96.4,307.0,30.0,4,16000,6000,0,0,0,0,0

SID,PARAT3,25,2
CF,D248G,45.093333,42.023333,0,MNW,312.6,67.6,248.0,4.0,2,2420,0,0,0,0,0,1
CF,PARAT,45.533056,41.715000,0,MNW,317.1,96.4,330.0,29.0,4,16000,6000,0,0,0,0,0

SID,PETU1A,07,2
CA,0,68.0,2,2150,0,0,0,0,0,0
CF,PETUM,45.399722,42.615000,0,MNW,338.1,72.1,40.0,26.0,4,15000,9000,0,0,0,0,0

SID,PETU1B,07,2
CA,0,68.0,2,2150,0,0,0,0,0,0
CF,BALOT,45.095833,42.505556,0,MNW,328.6,56.5,92.0,13.0,2,6000,0,0,0,0,0,1
CF,PETUM,45.399722,42.615000,0,MNW,338.1,72.1,4.0,18.0,4,15000,9000,0,0,0,0,0

SID,PETU3A,25,2
CF,D248G,45.093333,42.023333,0,MNW,312.6,67.6,248.0,4.0,2,2420,0,0,0,0,0,1
CF,PETUM,45.399722,42.615000,2,MNW,338.1,72.1,52.0,31.0,4,15000,9000,0,0,0,0,0

SID,PETU3B,25,2
CA,0,248.0,2,1930,0,0,0,0,0,0
CF,BALOT,45.095833,42.505556,1,MNW,328.6,56.5,75.0,18.0,2,6000,0,0,0,0,0,1
CF,PETUM,45.399722,42.615000,0,MNW,338.1,72.1,4.0,18.0,4,15000,9000,0,0,0,0,0

SID,REMEK1,07,2
CA,0,68.0,2,2150,0,0,0,0,0,0
VI,0, ,0.0,48.0,0,0,0,0,0,0,0,0
CF,REMEK,45.491944,42.323611,0,MNW,330.7,81.3,3.0,22.0,4,15000,7000,0,0,0,0,0

SID,REMEK3,25,2
CF,D248G,45.093333,42.023333,0,MNW,312.6,67.6,248.0,4.0,2,2420,0,0,0,0,0,1
CF,REMEK,45.491944,42.323611,2,MNW,330.7,81.3,24.0,27.0,4,15000,7000,0,0,0,0,0

SID,RUGI1A,07,2
CA,0,68.0,2,2150,0,0,0,0,0,0
CF,RUGIK,44.820278,42.423333,0,MNW,315.4,44.1,143.0,20.0,4,16000,6000,0,0,0,0,0

SID,RUGI1B,07,2
CA,0,68.0,2,2150,0,0,0,0,0,0
DF,OP,45.097667,42.048611,1, ,0.0,0.0,0,0,0,0,0,0,0,1
CF,RUGIK,44.820278,42.423333,0,MNW,315.4,44.1,127.0,22.0,4,16000,6000,0,0,0,0,0

SID,RUGI3A,25,2
CA,0,248.0,2,1930,0,0,0,0,0,0
CF,RUGIK,44.820278,42.423333,1,MNW,315.4,44.1,123.0,21.0,4,15000,7000,0,0,0,0,0

SID,RUGI3B,25,2
CF,D248G,45.093333,42.023333,0,KTS,347.6,176.2,248.0,4.0,2,2420,0,0,0,0,0,1
VI,2, ,0.0,106.0,0,0,0,0,0,0,0,0
CF,RUGIK,44.820278,42.423333,0,KTS,353.1,158.7,136.0,25.0,4,15000,7000,0,0,0,0,0

SID,RUGI3V,25,2
CF,D248G,45.093333,42.023333,0,KTS,347.6,176.2,248.0,4.0,2,2420,0,0,0,0,0,1
DF,KT,45.121583,42.180528,2, ,0.0,0.0,0,0,0,0,0,0,0,0
TF,RUGIK,44.820278,42.423333,0, ,0.0,0.0,0.0,0.0,4,15000,7000,0,0,0,0,0

STAR,BEDA2C,07,2
IF,BEDAP,44.879722,41.962222, ,0.0,0.0,4,16000,8000,0,0,0,0,0
TF,OP,45.097667,42.048611,0, ,0.0,0.0,0.0,0.0,4,16000,6000,0,0,0,0,0

STAR,BEDA2D,07,2
IF,BEDAP,44.879722,41.962222, ,0.0,0.0,4,16000,8000,0,0,0,0,0
TF,OP,45.097667,42.048611,0, ,0.0,0.0,0.0,0.0,1,4440,0,0,0,0,0,1
CI,0, ,0.0,338.0,0,0,0,0,0,0,0,0
CF,D102H,45.141667,41.878333,0,MNW,310.5,73.9,248.0,8.0,1,3460,0,0,0,0,0,1
CF,D075E,45.086667,41.928333,1,KTS,346.3,176.3,113.0,3.0,1,3460,0,0,0,0,0,1
CF,CI07X,45.081814,41.966517,0,KTS,346.8,175.8,68.0,1.0,1,3130,0,0,0,0,0,0

STAR,BEDA4A,25,2
IF,BEDAP,44.879722,41.962222, ,0.0,0.0,4,16000,8000,0,0,0,0,0
TF,D100F,45.090833,42.315278,0, ,0.0,0.0,0.0,0.0,1,2750,0,0,0,0,0,1
CF,CI25,45.138072,42.277256,1,MNW,321.6,63.3,248.0,1.0,1,2750,0,0,0,0,0,0

STAR,BEDA4B,25,2
IF,BEDAP,44.879722,41.962222, ,0.0,0.0,4,16000,8000,0,0,0,0,0
TF,KT,45.121583,42.180528,0, ,0.0,0.0,0.0,0.0,0,0,0,0,0,0,0,1
CI,0, ,0.0,338.0,0,0,0,0,0,0,0,0
CF,D206G,45.211667,42.266667,0,KTS,351.1,182.4,68.0,6.0,1,3410,0,0,0,0,0,1
CF,D232F,45.173333,42.308333,0,KTS,351.6,180.0,158.0,2.0,1,2750,0,0,0,0,0,1
CF,CI25,45.138072,42.277256,0,KTS,350.7,177.6,248.0,2.0,1,2750,0,0,0,0,0,0

STAR,BEDA4C,25,2
IF,BEDAP,44.879722,41.962222, ,0.0,0.0,4,16000,8000,0,0,0,0,0
TF,KT,45.121583,42.180528,0, ,0.0,0.0,0.0,0.0,4,16000,6000,0,0,0,0,0

STAR,BEDA4D,25,2
IF,BEDAP,44.879722,41.962222, ,0.0,0.0,4,16000,8000,0,0,0,0,0
TF,KT,45.121583,42.180528,0, ,0.0,0.0,0.0,0.0,1,4440,0,0,0,0,0,1
TF,D023E,45.200000,42.244444,0, ,0.0,0.0,0.0,0.0,1,3410,0,0,0,0,0,1
CF,D232F,45.173333,42.308333,2,MNW,323.6,64.5,158.0,2.0,1,2750,0,0,0,0,0,1
CF,CI25,45.138072,42.277256,0,MNW,321.6,63.3,248.0,1.0,1,2750,0,0,0,0,0,0

STAR,BEDAP2,07,2
IF,BEDAP,44.879722,41.962222, ,0.0,0.0,4,16000,8000,0,0,0,0,0
TF,OP,45.097667,42.048611,0, ,0.0,0.0,0.0,0.0,0,0,0,0,0,0,0,0
TF,D282G,45.141667,41.893333,0, ,0.0,0.0,0.0,0.0,1,3460,0,0,0,0,0,1
CF,D075E,45.086667,41.928333,1,KTS,346.3,176.3,113.0,3.0,1,3460,0,0,0,0,0,1
CF,CI07X,45.081814,41.966517,0,KTS,346.8,175.8,68.0,1.0,1,3130,0,0,0,0,0,0

STAR,BEDAP6,07,2
IF,NINOR,44.833056,41.931944, ,0.0,0.0,4,16000,8000,0,0,0,0,0
TF,BEDAP,44.879722,41.962222,0, ,0.0,0.0,0.0,0.0,4,16000,7000,0,0,0,0,0
TF,D219J,44.987500,41.883889,0, ,0.0,0.0,0.0,0.0,1,4440,0,0,0,0,0,1
CF,D054I,45.027778,41.866667,0,MNW,306.3,69.4,338.0,2.0,1,4440,0,0,0,0,0,1
CF,CI07Y,45.068886,41.892106,0,MNW,308.4,70.4,68.0,1.0,1,4120,0,0,0,0,0,0

STAR,DIPO2A,07,2
IF,DIPOR,45.044444,42.752500, ,0.0,0.0,4,15000,7000,0,0,0,0,0
TF,D006D,45.163889,42.072222,0, ,0.0,0.0,0.0,0.0,1,6000,0,0,0,0,0,1
CF,D102H,45.141667,41.878333,0,KTS,345.8,179.9,248.0,7.0,1,3460,0,0,0,0,0,1
CF,D075E,45.086667,41.928333,1,KTS,346.3,176.3,113.0,2.0,1,3460,0,0,0,0,0,1
CF,CI07X,45.081814,41.966517,0,KTS,346.8,175.8,68.0,1.0,1,3130,0,0,0,0,0,0

STAR,DIPO2B,07,2
IF,DIPOR,45.044444,42.752500, ,0.0,0.0,4,15000,7000,0,0,0,0,0
TF,OP,45.097667,42.048611,0, ,0.0,0.0,0.0,0.0,0,0,0,0,0,0,0,0
TF,D282G,45.141667,41.893333,0, ,0.0,0.0,0.0,0.0,1,3460,0,0,0,0,0,1
CF,D075E,45.086667,41.928333,1,KTS,346.3,176.3,113.0,3.0,1,3460,0,0,0,0,0,1
CF,CI07X,45.081814,41.966517,0,KTS,346.8,175.8,68.0,1.0,1,3130,0,0,0,0,0,0

STAR,DIPO2C,07,2
IF,DIPOR,45.044444,42.752500, ,0.0,0.0,4,16000,6000,0,0,0,0,0
TF,OP,45.097667,42.048611,0, ,0.0,0.0,0.0,0.0,4,16000,6000,0,0,0,0,0

STAR,DIPO2D,07,2
IF,DIPOR,45.044444,42.752500, ,0.0,0.0,4,16000,6000,0,0,0,0,0
TF,OP,45.097667,42.048611,0, ,0.0,0.0,0.0,0.0,1,4440,0,0,0,0,0,0
TF,D282G,45.141667,41.893333,0, ,0.0,0.0,0.0,0.0,1,3460,0,0,0,0,0,1
CF,D075E,45.086667,41.928333,1,KTS,346.3,176.3,113.0,3.0,1,3460,0,0,0,0,0,1
CF,CI07X,45.081814,41.966517,0,KTS,346.8,175.8,68.0,1.0,1,3130,0,0,0,0,0,0

STAR,DIPO4A,25,2
IF,DIPOR,45.044444,42.752500, ,0.0,0.0,4,15000,7000,0,0,0,0,0
TF,D071E,45.137500,42.295278,0, ,0.0,0.0,0.0,0.0,1,2750,0,0,0,0,0,1
CF,CI25,45.138072,42.277256,0,KTS,350.7,177.6,248.0,1.0,1,2750,0,0,0,0,0,0

STAR,DIPO4B,25,2
IF,DIPOR,45.044444,42.752500, ,0.0,0.0,4,15000,7000,0,0,0,0,0
TF,KT,45.121583,42.180528,0, ,0.0,0.0,0.0,0.0,0,0,0,0,0,0,0,1
CI,0, ,0.0,338.0,0,0,0,0,0,0,0,0
CF,D206G,45.211667,42.266667,0,KTS,351.1,182.4,68.0,7.0,1,3410,0,0,0,0,0,1
CF,D232F,45.173333,42.308333,0,KTS,351.6,180.0,158.0,2.0,1,2750,0,0,0,0,0,1
CF,CI25,45.138072,42.277256,0,KTS,350.7,177.6,248.0,2.0,1,2750,0,0,0,0,0,0

STAR,DIPO4C,25,2
IF,DIPOR,45.044444,42.752500, ,0.0,0.0,4,16000,6000,0,0,0,0,0
TF,KT,45.121583,42.180528,0, ,0.0,0.0,0.0,0.0,4,16000,6000,0,0,0,0,0

STAR,DIPO4D,25,2
IF,DIPOR,45.044444,42.752500, ,0.0,0.0,4,16000,6000,0,0,0,0,0
TF,KT,45.121583,42.180528,0, ,0.0,0.0,0.0,0.0,1,4440,0,0,0,0,0,1
CI,0, ,0.0,338.0,0,0,0,0,0,0,0,0
CF,D206G,45.211667,42.266667,0,MNW,323.3,67.3,68.0,7.0,1,3410,0,0,0,0,0,1
CF,D232F,45.173333,42.308333,0,MNW,323.6,64.5,158.0,2.0,1,2750,0,0,0,0,0,1
CF,CI25,45.138072,42.277256,0,MNW,321.6,63.3,248.0,1.0,1,2750,0,0,0,0,0,0

STAR,DIPOR6,07,2
IF,DIPOR,45.044444,42.752500, ,0.0,0.0,4,15000,7000,0,0,0,0,0
TF,D212I,44.978889,41.909444,0, ,0.0,0.0,0.0,0.0,1,4440,0,0,0,0,0,1
CF,D054I,45.027778,41.866667,0,KTS,345.3,173.2,338.0,3.0,1,4440,0,0,0,0,0,1
CF,CI07Y,45.068886,41.892106,0,KTS,345.7,175.5,68.0,1.0,1,4120,0,0,0,0,0,0

STAR,GIRT2A,07,2
IF,GIRTI,44.905278,42.585000, ,0.0,0.0,4,16000,6000,0,0,0,0,0
TF,D024D,45.155556,42.100000,0, ,0.0,0.0,0.0,0.0,1,6000,0,0,0,0,0,1
CF,D102H,45.141667,41.878333,0,KTS,345.8,179.9,248.0,8.0,1,3460,0,0,0,0,0,1
CF,D075E,45.086667,41.928333,1,KTS,346.3,176.3,113.0,2.0,1,3460,0,0,0,0,0,1
CF,CI07X,45.081814,41.966517,0,KTS,346.8,175.8,68.0,1.0,1,3130,0,0,0,0,0,0

STAR,GIRT2B,07,2
IF,GIRTI,44.905278,42.585000, ,0.0,0.0,4,16000,6000,0,0,0,0,0
TF,OP,45.097667,42.048611,0, ,0.0,0.0,0.0,0.0,0,0,0,0,0,0,0,0
TF,D282G,45.141667,41.893333,0, ,0.0,0.0,0.0,0.0,1,3460,0,0,0,0,0,1
CF,D075E,45.086667,41.928333,1,KTS,346.3,176.3,113.0,3.0,1,3460,0,0,0,0,0,1
CF,CI07X,45.081814,41.966517,0,KTS,346.8,175.8,68.0,1.0,1,3130,0,0,0,0,0,0

STAR,GIRT2C,07,2
IF,GIRTI,44.905278,42.585000, ,0.0,0.0,4,16000,6000,0,0,0,0,0
TF,OP,45.097667,42.048611,0, ,0.0,0.0,0.0,0.0,4,16000,6000,0,0,0,0,0

STAR,GIRT2D,07,2
IF,GIRTI,44.905278,42.585000, ,0.0,0.0,4,16000,6000,0,0,0,0,0
TF,OP,45.097667,42.048611,0, ,0.0,0.0,0.0,0.0,1,4440,0,0,0,0,0,0
TF,D282G,45.141667,41.893333,0, ,0.0,0.0,0.0,0.0,1,3460,0,0,0,0,0,1
CF,D075E,45.086667,41.928333,1,KTS,346.3,176.3,113.0,3.0,1,3460,0,0,0,0,0,1
CF,CI07X,45.081814,41.966517,0,KTS,346.8,175.8,68.0,1.0,1,3130,0,0,0,0,0,0

STAR,GIRT4A,25,2
IF,GIRTI,44.905278,42.585000, ,0.0,0.0,4,16000,6000,0,0,0,0,0
TF,D078F,45.127778,42.316667,0, ,0.0,0.0,0.0,0.0,1,2750,0,0,0,0,0,1
CF,CI25,45.138072,42.277256,0,KTS,350.7,177.6,248.0,1.0,1,2750,0,0,0,0,0,0

STAR,GIRT4B,25,2
IF,GIRTI,44.905278,42.585000, ,0.0,0.0,4,16000,6000,0,0,0,0,0
TF,KT,45.121583,42.180528,0, ,0.0,0.0,0.0,0.0,0,0,0,0,0,0,0,1
CI,0, ,0.0,338.0,0,0,0,0,0,0,0,0
CF,D206G,45.211667,42.266667,0,KTS,351.1,182.4,68.0,6.0,1,3410,0,0,0,0,0,1
CF,D232F,45.173333,42.308333,0,KTS,351.6,180.0,158.0,2.0,1,2750,0,0,0,0,0,1
CF,CI25,45.138072,42.277256,0,KTS,350.7,177.6,248.0,2.0,1,2750,0,0,0,0,0,0

STAR,GIRT4C,25,2
IF,GIRTI,44.905278,42.585000, ,0.0,0.0,4,16000,6000,0,0,0,0,0
TF,KT,45.121583,42.180528,0, ,0.0,0.0,0.0,0.0,4,16000,6000,0,0,0,0,0

STAR,GIRT4D,25,2
IF,GIRTI,44.905278,42.585000, ,0.0,0.0,4,16000,6000,0,0,0,0,0
TF,KT,45.121583,42.180528,0, ,0.0,0.0,0.0,0.0,1,4440,0,0,0,0,0,1
CI,0, ,0.0,338.0,0,0,0,0,0,0,0,0
CF,D206G,45.211667,42.266667,0,MNW,323.3,67.3,68.0,6.0,1,3410,0,0,0,0,0,1
CF,D232F,45.173333,42.308333,0,MNW,323.6,64.5,158.0,2.0,1,2750,0,0,0,0,0,1
CF,CI25,45.138072,42.277256,0,MNW,321.6,63.3,248.0,1.0,1,2750,0,0,0,0,0,0

STAR,GIRTI6,07,2
IF,GIRTI,44.905278,42.585000, ,0.0,0.0,4,16000,6000,0,0,0,0,0
TF,D214I,44.980000,41.901389,0, ,0.0,0.0,0.0,0.0,1,4440,0,0,0,0,0,1
CF,D054I,45.027778,41.866667,0,KTS,345.3,173.2,338.0,3.0,1,4440,0,0,0,0,0,1
CF,CI07Y,45.068886,41.892106,0,KTS,345.7,175.5,68.0,1.0,1,4120,0,0,0,0,0,0

STAR,LEGN2C,07,2
IF,LEGNA,45.321389,41.505000, ,0.0,0.0,4,15000,7000,0,0,0,0,0
TF,OP,45.097667,42.048611,0, ,0.0,0.0,0.0,0.0,4,16000,6000,0,0,0,0,0

STAR,LEGN4C,25,2
IF,LEGNA,45.321389,41.505000, ,0.0,0.0,4,15000,7000,0,0,0,0,0
TF,KT,45.121583,42.180528,0, ,0.0,0.0,0.0,0.0,4,16000,6000,0,0,0,0,0

STAR,LEGNA2,07,2
IF,LEGNA,45.321389,41.505000, ,0.0,0.0,1,16000,0,0,0,0,0,0
TF,D075E,45.086667,41.928333,0, ,0.0,0.0,0.0,0.0,1,3460,0,0,0,0,0,1
CF,CI07X,45.081814,41.966517,0,KTS,346.8,175.8,68.0,1.0,1,3130,0,0,0,0,0,0

STAR,LEGNA4,25,2
IF,LEGNA,45.321389,41.505000, ,0.0,0.0,1,16000,0,0,0,0,0,0
TF,D027G,45.211667,42.270000,0, ,0.0,0.0,0.0,0.0,1,3410,0,0,0,0,0,1
CF,D232F,45.173333,42.308333,0,KTS,351.6,180.0,158.0,2.0,1,2750,0,0,0,0,0,1
CF,CI25,45.138072,42.277256,0,KTS,350.7,177.6,248.0,2.0,1,2750,0,0,0,0,0,0

STAR,NETM2C,07,2
IF,NETMI,45.254722,41.480000, ,0.0,0.0,4,15000,7000,0,0,0,0,0
TF,OP,45.097667,42.048611,0, ,0.0,0.0,0.0,0.0,4,16000,6000,0,0,0,0,0

STAR,NETM2D,07,2
IF,NETMI,45.254722,41.480000, ,0.0,0.0,4,15000,7000,0,0,0,0,0
TF,OP,45.097667,42.048611,0, ,0.0,0.0,0.0,0.0,1,4440,0,0,0,0,0,1
CI,1, ,0.0,338.0,0,0,0,0,0,0,0,0
CF,D102H,45.141667,41.878333,0,MNW,310.5,73.9,248.0,11.0,1,3460,0,0,0,0,0,1
CF,D075E,45.086667,41.928333,1,MNW,309.9,70.0,113.0,3.0,1,3460,0,0,0,0,0,1
CF,CI07X,45.081814,41.966517,0,MNW,310.7,68.7,68.0,1.0,1,3130,0,0,0,0,0,0

STAR,NETM4C,25,2
IF,NETMI,45.254722,41.480000, ,0.0,0.0,4,15000,7000,0,0,0,0,0
TF,KT,45.121583,42.180528,0, ,0.0,0.0,0.0,0.0,4,16000,6000,0,0,0,0,0

STAR,NETM4D,25,2
IF,NETMI,45.254722,41.480000, ,0.0,0.0,4,15000,7000,0,0,0,0,0
TF,KT,45.121583,42.180528,0, ,0.0,0.0,0.0,0.0,1,4440,0,0,0,0,0,0
TF,D114E,45.074167,42.287500,0, ,0.0,0.0,0.0,0.0,1,3410,0,0,0,0,0,1
CF,D264F,45.118333,42.327500,1,MNW,322.7,61.2,338.0,2.0,1,2750,0,0,0,0,0,1
CF,CI25,45.138072,42.277256,0,MNW,321.6,63.3,248.0,1.0,1,2750,0,0,0,0,0,0

STAR,NETMI2,07,2
IF,NETMI,45.254722,41.480000, ,0.0,0.0,4,11000,6000,0,0,0,0,0
TF,D075E,45.086667,41.928333,0, ,0.0,0.0,0.0,0.0,1,3460,0,0,0,0,0,1
CF,CI07X,45.081814,41.966517,0,KTS,346.8,175.8,68.0,1.0,1,3130,0,0,0,0,0,0

STAR,NETMI4,25,2
IF,NETMI,45.254722,41.480000, ,0.0,0.0,4,11000,6000,0,0,0,0,0
TF,D027G,45.211667,42.270000,0, ,0.0,0.0,0.0,0.0,1,3410,0,0,0,0,0,1
CF,D232F,45.173333,42.308333,0,KTS,351.6,180.0,158.0,2.0,1,2750,0,0,0,0,0,1
CF,CI25,45.138072,42.277256,0,KTS,350.7,177.6,248.0,2.0,1,2750,0,0,0,0,0,0

STAR,NINOR6,07,2
IF,NINOR,44.833056,41.931944, ,0.0,0.0,4,16000,8000,0,0,0,0,0
TF,D054I,45.027778,41.866667,0, ,0.0,0.0,0.0,0.0,1,4440,0,0,0,0,0,1
CF,CI07Y,45.068886,41.892106,0,KTS,345.7,175.5,68.0,1.0,1,4120,0,0,0,0,0,0

STAR,PARA2C,07,2
IF,PARAT,45.533056,41.715000, ,0.0,0.0,4,15000,7000,0,0,0,0,0
TF,OP,45.097667,42.048611,0, ,0.0,0.0,0.0,0.0,4,16000,6000,0,0,0,0,0

STAR,PARA2D,07,2
IF,PARAT,45.533056,41.715000, ,0.0,0.0,4,15000,7000,0,0,0,0,0
TF,OP,45.097667,42.048611,0, ,0.0,0.0,0.0,0.0,1,4440,0,0,0,0,0,1
CI,1, ,0.0,338.0,0,0,0,0,0,0,0,0
CF,D102H,45.141667,41.878333,0,MNW,310.5,73.9,248.0,12.0,1,3460,0,0,0,0,0,1
CF,D075E,45.086667,41.928333,1,MNW,309.9,70.0,113.0,3.0,1,3460,0,0,0,0,0,1
CF,CI07X,45.081814,41.966517,0,MNW,310.7,68.7,68.0,1.0,1,3130,0,0,0,0,0,0

STAR,PARA4C,25,2
IF,PARAT,45.533056,41.715000, ,0.0,0.0,4,15000,7000,0,0,0,0,0
TF,KT,45.121583,42.180528,0, ,0.0,0.0,0.0,0.0,4,16000,6000,0,0,0,0,0

STAR,PARA4D,25,2
IF,PARAT,45.533056,41.715000, ,0.0,0.0,4,15000,7000,0,0,0,0,0
TF,KT,45.121583,42.180528,0, ,0.0,0.0,0.0,0.0,1,4440,0,0,0,0,0,0
TF,D114E,45.074167,42.287500,0, ,0.0,0.0,0.0,0.0,1,3410,0,0,0,0,0,1
CF,D264F,45.118333,42.327500,1,MNW,322.7,61.2,338.0,2.0,1,2750,0,0,0,0,0,1
CF,CI25,45.138072,42.277256,0,MNW,321.6,63.3,248.0,1.0,1,2750,0,0,0,0,0,0

STAR,PARAT2,07,2
IF,PARAT,45.533056,41.715000, ,0.0,0.0,4,15000,6000,0,0,0,0,0
TF,D272H,45.121667,41.860000,0, ,0.0,0.0,0.0,0.0,1,3460,0,0,0,0,0,1
CF,D075E,45.086667,41.928333,0,KTS,346.3,176.3,113.0,3.0,1,3460,0,0,0,0,0,1
CF,CI07X,45.081814,41.966517,0,KTS,346.8,175.8,68.0,1.0,1,3130,0,0,0,0,0,0

STAR,PARAT4,25,2
IF,PARAT,45.533056,41.715000, ,0.0,0.0,4,11000,6000,0,0,0,0,0
TF,D033G,45.208333,42.288333,0, ,0.0,0.0,0.0,0.0,1,3410,0,0,0,0,0,1
CF,D232F,45.173333,42.308333,0,KTS,351.6,180.0,158.0,2.0,1,2750,0,0,0,0,0,1
CF,CI25,45.138072,42.277256,0,KTS,350.7,177.6,248.0,2.0,1,2750,0,0,0,0,0,0

STAR,PETU2C,07,2
IF,PETUM,45.399722,42.615000, ,0.0,0.0,4,16000,6000,0,0,0,0,0
TF,OP,45.097667,42.048611,0, ,0.0,0.0,0.0,0.0,4,16000,6000,0,0,0,0,0

STAR,PETU2D,07,2
IF,PETUM,45.399722,42.615000, ,0.0,0.0,4,16000,6000,0,0,0,0,0
TF,OP,45.097667,42.048611,0, ,0.0,0.0,0.0,0.0,1,4440,0,0,0,0,0,1
CF,D282G,45.141667,41.893333,0,MNW,310.9,73.5,295.0,6.0,1,3460,0,0,0,0,0,1
CF,D075E,45.086667,41.928333,1,KTS,346.3,176.3,113.0,3.0,1,3460,0,0,0,0,0,1
CF,CI07X,45.081814,41.966517,0,KTS,346.8,175.8,68.0,1.0,1,3130,0,0,0,0,0,0

STAR,PETU4A,25,2
IF,PETUM,45.399722,42.615000, ,0.0,0.0,4,16000,6000,0,0,0,0,0
TF,D064E,45.148333,42.300000,0, ,0.0,0.0,0.0,0.0,1,2750,0,0,0,0,0,1
CF,CI25,45.138072,42.277256,0,MNW,321.6,63.3,248.0,1.0,1,2750,0,0,0,0,0,0

STAR,PETU4B,25,2
IF,PETUM,45.399722,42.615000, ,0.0,0.0,4,16000,6000,0,0,0,0,0
TF,BALOT,45.095833,42.505556,0, ,0.0,0.0,0.0,0.0,1,3410,0,0,0,0,0,1
CF,D072E,45.136944,42.307222,2,MNW,322.6,62.6,290.0,7.0,1,2750,0,0,0,0,0,1
CF,CI25,45.138072,42.277256,0,MNW,320.4,63.7,248.0,1.0,1,2750,0,0,0,0,0,0

STAR,PETU4C,25,2
IF,PETUM,45.399722,42.615000, ,0.0,0.0,4,16000,6000,0,0,0,0,0
TF,KT,45.121583,42.180528,0, ,0.0,0.0,0.0,0.0,4,16000,6000,0,0,0,0,0

STAR,PETU4D,25,2
IF,PETUM,45.399722,42.615000, ,0.0,0.0,4,16000,6000,0,0,0,0,0
TF,KT,45.121583,42.180528,0, ,0.0,0.0,0.0,0.0,1,4440,0,0,0,0,0,1
CI,0, ,0.0,158.0,0,0,0,0,0,0,0,0
CF,D290F,45.071667,42.316111,0,MNW,320.9,59.1,68.0,7.0,1,3410,0,0,0,0,0,1
CF,D264F,45.118333,42.327500,0,MNW,322.7,61.2,338.0,2.0,1,2750,0,0,0,0,0,1
CF,CI25,45.138072,42.277256,0,MNW,321.6,63.3,248.0,1.0,1,2750,0,0,0,0,0,0

STAR,PETUM2,07,2
IF,PETUM,45.399722,42.615000, ,0.0,0.0,4,16000,6000,0,0,0,0,0
TF,D281H,45.140000,41.873333,0, ,0.0,0.0,0.0,0.0,1,3460,0,0,0,0,0,1
CF,D075E,45.086667,41.928333,1,KTS,346.3,176.3,113.0,3.0,1,3460,0,0,0,0,0,1
CF,CI07X,45.081814,41.966517,0,KTS,346.8,175.8,68.0,1.0,1,3130,0,0,0,0,0,0

STAR,PETUM6,07,2
IF,PETUM,45.399722,42.615000, ,0.0,0.0,4,16000,6000,0,0,0,0,0
TF,BALOT,45.095833,42.505556,0, ,0.0,0.0,0.0,0.0,2,6000,0,0,0,0,0,0
TF,D030I,44.979444,41.917500,0, ,0.0,0.0,0.0,0.0,1,4440,0,0,0,0,0,1
CF,D054I,45.027778,41.866667,2,KTS,345.3,173.2,338.0,3.0,1,4440,0,0,0,0,0,1
CF,CI07Y,45.068886,41.892106,0,KTS,345.7,175.5,68.0,1.0,1,4120,0,0,0,0,0,0

STAR,REME2C,07,2
IF,REMEK,45.491944,42.323611, ,0.0,0.0,4,16000,6000,0,0,0,0,0
TF,OP,45.097667,42.048611,0, ,0.0,0.0,0.0,0.0,4,16000,6000,0,0,0,0,0

STAR,REME2D,07,2
IF,REMEK,45.491944,42.323611, ,0.0,0.0,4,16000,6000,0,0,0,0,0
TF,OP,45.097667,42.048611,0, ,0.0,0.0,0.0,0.0,1,4440,0,0,0,0,0,1
CI,1, ,0.0,338.0,0,0,0,0,0,0,0,0
CF,D102H,45.141667,41.878333,0,MNW,310.5,73.9,248.0,11.0,1,3460,0,0,0,0,0,1
CF,D075E,45.086667,41.928333,1,MNW,309.9,70.0,113.0,3.0,1,3460,0,0,0,0,0,1
CF,CI07X,45.081814,41.966517,0,MNW,310.7,68.7,68.0,1.0,1,3130,0,0,0,0,0,0

STAR,REME4C,25,2
IF,REMEK,45.491944,42.323611, ,0.0,0.0,4,16000,6000,0,0,0,0,0
TF,KT,45.121583,42.180528,0, ,0.0,0.0,0.0,0.0,4,16000,6000,0,0,0,0,0

STAR,REME4D,25,2
IF,REMEK,45.491944,42.323611, ,0.0,0.0,4,16000,6000,0,0,0,0,0
TF,KT,45.121583,42.180528,0, ,0.0,0.0,0.0,0.0,1,4440,0,0,0,0,0,1
CI,0, ,0.0,158.0,0,0,0,0,0,0,0,0
CF,D290F,45.071667,42.316111,0,MNW,320.9,59.1,68.0,6.0,1,3410,0,0,0,0,0,1
CF,D264F,45.118333,42.327500,0,MNW,322.7,61.2,338.0,2.0,1,2750,0,0,0,0,0,1
CF,CI25,45.138072,42.277256,0,MNW,321.6,63.3,248.0,1.0,1,2750,0,0,0,0,0,0

STAR,REMEK2,07,2
IF,REMEK,45.491944,42.323611, ,0.0,0.0,4,15000,7000,0,0,0,0,0
TF,D279H,45.137222,41.866944,0, ,0.0,0.0,0.0,0.0,1,3460,0,0,0,0,0,1
CF,D075E,45.086667,41.928333,1,KTS,346.3,176.3,113.0,2.0,1,3460,0,0,0,0,0,1
CF,CI07X,45.081814,41.966517,0,KTS,346.8,175.8,68.0,1.0,1,3130,0,0,0,0,0,0

STAR,REMEK4,25,2
IF,REMEK,45.491944,42.323611, ,0.0,0.0,4,15000,7000,0,0,0,0,0
TF,D055F,45.166667,42.309722,0, ,0.0,0.0,0.0,0.0,1,2750,0,0,0,0,0,1
CF,CI25,45.138072,42.277256,0,KTS,350.7,177.6,248.0,1.0,1,2750,0,0,0,0,0,0

STAR,RUGI2A,07,2
IF,RUGIK,44.820278,42.423333, ,0.0,0.0,4,16000,6000,0,0,0,0,0
TF,D027D,45.158333,42.108333,0, ,0.0,0.0,0.0,0.0,1,6000,0,0,0,0,0,1
CF,D102H,45.141667,41.878333,0,KTS,345.8,179.9,248.0,9.0,1,3460,0,0,0,0,0,1
CF,D075E,45.086667,41.928333,1,KTS,346.3,176.3,113.0,3.0,1,3460,0,0,0,0,0,1
CF,CI07X,45.081814,41.966517,0,KTS,346.8,175.8,68.0,1.0,1,3130,0,0,0,0,0,0

STAR,RUGI2B,07,2
IF,RUGIK,44.820278,42.423333, ,0.0,0.0,4,16000,6000,0,0,0,0,0
TF,OP,45.097667,42.048611,0, ,0.0,0.0,0.0,0.0,0,0,0,0,0,0,0,1
CF,D282G,45.141667,41.893333,0,MNW,310.9,73.5,282.0,6.0,1,3460,0,0,0,0,0,1
CF,D075E,45.086667,41.928333,1,MNW,309.9,70.0,113.0,3.0,1,3460,0,0,0,0,0,1
CF,CI07X,45.081814,41.966517,0,MNW,310.7,68.7,68.0,1.0,1,3130,0,0,0,0,0,0

STAR,RUGI2C,07,2
IF,RUGIK,44.820278,42.423333, ,0.0,0.0,4,15000,7000,0,0,0,0,0
TF,OP,45.097667,42.048611,0, ,0.0,0.0,0.0,0.0,4,16000,6000,0,0,0,0,0

STAR,RUGI2D,07,2
IF,RUGIK,44.820278,42.423333, ,0.0,0.0,4,15000,7000,0,0,0,0,0
TF,OP,45.097667,42.048611,0, ,0.0,0.0,0.0,0.0,1,4440,0,0,0,0,0,0
TF,D282G,45.141667,41.893333,0, ,0.0,0.0,0.0,0.0,1,3460,0,0,0,0,0,1
CF,D075E,45.086667,41.928333,1,KTS,346.3,176.3,113.0,3.0,1,3460,0,0,0,0,0,1
CF,CI07X,45.081814,41.966517,0,KTS,346.8,175.8,68.0,1.0,1,3130,0,0,0,0,0,0

STAR,RUGI4A,25,2
IF,RUGIK,44.820278,42.423333, ,0.0,0.0,4,14000,6000,0,0,0,0,0
TF,D264F,45.118333,42.327500,0, ,0.0,0.0,0.0,0.0,1,2750,0,0,0,0,0,1
CF,CI25,45.138072,42.277256,1,KTS,350.7,177.6,248.0,1.0,1,2750,0,0,0,0,0,0

STAR,RUGI4B,25,2
IF,RUGIK,44.820278,42.423333, ,0.0,0.0,4,14000,6000,0,0,0,0,0
TF,KT,45.121583,42.180528,0, ,0.0,0.0,0.0,0.0,0,0,0,0,0,0,0,1
CI,0, ,0.0,338.0,0,0,0,0,0,0,0,0
CF,D206G,45.211667,42.266667,0,KTS,351.1,182.4,68.0,6.0,1,3410,0,0,0,0,0,1
CF,D232F,45.173333,42.308333,0,KTS,351.6,180.0,158.0,2.0,1,2750,0,0,0,0,0,1
CF,CI25,45.138072,42.277256,0,KTS,350.7,177.6,248.0,2.0,1,2750,0,0,0,0,0,0

STAR,RUGI4C,25,2
IF,RUGIK,44.820278,42.423333, ,0.0,0.0,4,16000,6000,0,0,0,0,0
TF,KT,45.121583,42.180528,0, ,0.0,0.0,0.0,0.0,4,16000,6000,0,0,0,0,0

STAR,RUGI4D,25,2
IF,RUGIK,44.820278,42.423333, ,0.0,0.0,4,16000,6000,0,0,0,0,0
TF,KT,45.121583,42.180528,0, ,0.0,0.0,0.0,0.0,1,4440,0,0,0,0,0,1
TF,D023E,45.200000,42.244444,0, ,0.0,0.0,0.0,0.0,1,3410,0,0,0,0,0,1
CF,D232F,45.173333,42.308333,2,MNW,323.6,64.5,158.0,2.0,1,2750,0,0,0,0,0,1
CF,CI25,45.138072,42.277256,0,MNW,321.6,63.3,248.0,1.0,1,2750,0,0,0,0,0,0

STAR,RUGI6A,07,2
IF,RUGIK,44.820278,42.423333, ,0.0,0.0,4,16000,6000,0,0,0,0,0
TF,D216J,44.982500,41.892500,0, ,0.0,0.0,0.0,0.0,1,4440,0,0,0,0,0,1
CF,D054I,45.027778,41.866667,0,KTS,345.3,173.2,338.0,2.0,1,4440,0,0,0,0,0,1
CF,CI07Y,45.068886,41.892106,0,KTS,345.7,175.5,68.0,1.0,1,4120,0,0,0,0,0,0

STAR,RUGI6B,07,2
IF,RUGIK,44.820278,42.423333, ,0.0,0.0,4,16000,6000,0,0,0,0,0
TF,D127H,45.005556,42.178333,0, ,0.0,0.0,0.0,0.0,1,4440,0,0,0,0,0,1
CF,D030I,44.979444,41.917500,0,MNW,305.8,65.9,246.0,10.0,1,4440,0,0,0,0,0,1
CF,D054I,45.027778,41.866667,2,MNW,306.3,69.4,338.0,2.0,1,4440,0,0,0,0,0,1
CF,CI07Y,45.068886,41.892106,0,MNW,308.4,70.4,68.0,1.0,1,4120,0,0,0,0,0,0

FINAL,I07-X,07,I,3
IF,CI07X,45.081814,41.966517,IOP,247.3,7.8,1,3130,0,0,0,0,0,0
CF,FI07X,45.086069,41.989261,0,IOP,247.3,6.8,68.0,1.0,1,3130,0,0,0,0,2,0
CF,RW07,45.106111,42.096667,0,IOP,247.3,2.0,68.0,4.7,1,1540,0,0,0,0,3,0
CA,0,68.0,2,2150,0,0,0,0,0,0
VM,0,0,1,248.0,1,3460,0,0,0,0,0,0

FINAL,I07-Y,07,I,3
IF,CI07Y,45.068886,41.892106,IOP,247.6,11.0,1,4120,0,0,0,0,0,0
CF,FI07Y,45.074722,41.923889,0,IOP,247.6,9.6,68.0,1.4,1,4120,0,0,0,0,2,0
CF,RW07,45.106111,42.096667,0,IOP,247.3,2.0,68.0,7.6,1,1540,0,0,0,0,3,0
CA,0,68.0,2,2480,0,0,0,0,0,0
VM,0,0,2,158.0,0,0,0,0,0,0,0,0

FINAL,I25-X,25,I,3
IF,CI25,45.138072,42.277256,IKT,68.0,8.4,1,2750,0,0,0,0,0,0
CF,FF25,45.130000,42.231667,0,IKT,68.0,6.4,248.0,2.0,1,2750,0,0,0,0,2,0
CF,RW25,45.111944,42.128611,0,IKT,68.0,1.9,248.0,4.5,1,1491,0,0,0,0,3,0
CA,0,248.0,2,2090,0,0,0,0,0,0
VM,0,0,2,68.0,1,3410,0,0,0,0,0,0

FINAL,I25-Y,25,I,3
IF,CI25,45.138072,42.277256,IKT,68.0,8.4,1,2750,0,0,0,0,0,0
CF,FF25,45.130000,42.231667,0,IKT,68.0,6.4,248.0,2.0,1,2750,0,0,0,0,2,0
CF,RW25,45.111944,42.128611,0,IKT,68.0,1.9,248.0,4.5,1,1491,0,0,0,0,3,0
CA,0,248.0,2,2090,0,0,0,0,0,0
VM,0,0,1,68.0,1,3410,0,0,0,0,0,0

FINAL,N07,07,N,3
IF,FN07,45.088333,41.990000,OP,0.0,0.0,1,3130,0,0,0,0,2,0
CF,OP,45.097667,42.048611,0,OP,0.0,0.0,68.0,2.6,2,2250,0,0,0,0,0,0
CF,O,45.104167,42.084500,0,OP,0.0,0.0,68.0,1.6,1,1719,0,0,0,0,3,0
CA,0,68.0,2,2150,0,0,0,0,0,0
VM,0,0,1,248.0,1,3460,0,0,0,0,0,0

FINAL,N25,25,N,3
IF,FF25,45.130000,42.231667,KT,0.0,0.0,1,2750,0,0,0,0,2,0
CF,KT,45.121583,42.180528,0,KT,0.0,0.0,248.0,2.2,2,2130,0,0,0,0,0,0
CF,K,45.114806,42.143361,0,KT,0.0,0.0,248.0,1.6,1,1676,0,0,0,0,3,0
CA,0,248.0,2,2090,0,0,0,0,0,0
VM,0,0,2,68.0,1,3410,0,0,0,0,0,0

