SID,DEMUP1,36,2
CA,0,355.0,2,860,0,0,0,0,0,0
CI,0, ,0.0,290.0,0,0,0,0,0,0,0,0
CF,DEMUP,60.430278,64.522778,0,HMN,240.1,140.4,321.0,16.0,2,6000,0,0,0,0,0,0

SID,DEMUP3,18,2
CA,0,175.0,2,860,0,0,0,0,0,0
CF,WI,60.152028,64.846528,1,HMN,232.2,137.3,320.0,6.0,0,0,0,0,0,0,0,0
TF,DEMUP,60.430278,64.522778,0, ,0.0,0.0,0.0,0.0,2,6000,0,0,0,0,0,0

SID,LARUS1,36,2
CA,0,355.0,2,860,0,0,0,0,0,0
CF,PM,60.063444,64.806972,2,HMN,230.4,140.6,210.0,6.0,0,0,0,0,0,0,0,0
TF,LARUS,59.748333,64.822222,0, ,0.0,0.0,0.0,0.0,2,6000,0,0,0,0,0,0

SID,LARUS3,18,2
CA,0,175.0,2,860,0,0,0,0,0,0
CF,LARUS,59.748333,64.822222,0,HMN,223.8,149.6,165.0,20.0,2,6000,0,0,0,0,0,0

SID,MILGA1,36,2
CA,0,355.0,2,860,0,0,0,0,0,0
CF,PM,60.063444,64.806972,2,HMN,230.4,140.6,210.0,6.0,0,0,0,0,0,0,0,0
TF,MILGA,59.838611,64.018333,0, ,0.0,0.0,0.0,0.0,2,6000,0,0,0,0,0,0

SID,MILGA3,18,2
CA,0,175.0,2,860,0,0,0,0,0,0
CI,0, ,0.0,245.0,0,0,0,0,0,0,0,0
CF,MILGA,59.838611,64.018333,0,HMN,229.9,168.0,216.0,21.0,2,6000,0,0,0,0,0,0

SID,NALOG1,36,2
CA,0,355.0,2,860,0,0,0,0,0,0
CF,PM,60.063444,64.806972,2,HMN,230.4,140.6,210.0,6.0,0,0,0,0,0,0,0,0
TF,NALOG,60.013611,63.958333,0, ,0.0,0.0,0.0,0.0,2,6000,0,0,0,0,0,0

SID,NALOG3,18,2
CA,0,175.0,2,860,0,0,0,0,0,0
CI,2, ,0.0,275.0,0,0,0,0,0,0,0,0
CF,NALOG,60.013611,63.958333,0,HMN,233.5,165.0,236.0,20.0,2,6000,0,0,0,0,0,0

SID,NARNI1,36,2
CA,0,355.0,2,860,0,0,0,0,0,0
CI,0, ,0.0,85.0,0,0,0,0,0,0,0,0
CF,NARNI,60.265556,65.472778,0,HMN,231.4,117.4,41.0,15.0,2,6000,0,0,0,0,0,0

SID,NARNI3,18,2
CA,0,175.0,2,860,0,0,0,0,0,0
CI,1, ,0.0,355.0,0,0,0,0,0,0,0,0
CF,NARNI,60.265556,65.472778,0,HMN,231.4,117.4,53.0,17.0,2,6000,0,0,0,0,0,0

SID,SADER1,36,2
CA,0,355.0,2,860,0,0,0,0,0,0
CI,1, ,0.0,200.0,0,0,0,0,0,0,0,0
CF,SADER,60.130278,63.916667,0,HMN,235.9,163.5,261.0,22.0,2,6000,0,0,0,0,0,0

SID,SADER3,18,2
CA,0,175.0,2,860,0,0,0,0,0,0
CI,2, ,0.0,295.0,0,0,0,0,0,0,0,0
CF,SADER,60.130278,63.916667,0,HMN,235.9,163.5,250.0,20.0,2,6000,0,0,0,0,0,0

STAR,DEMUP5,36,2
IF,DEMUP,60.430278,64.522778, ,0.0,0.0,2,6000,0,0,0,0,0,0
TF,PM,60.063444,64.806972,0, ,0.0,0.0,0.0,0.0,1,2960,0,0,0,0,0,0

STAR,DEMUP6,18,2
IF,DEMUP,60.430278,64.522778, ,0.0,0.0,2,6000,0,0,0,0,0,0
TF,WI,60.152028,64.846528,0, ,0.0,0.0,0.0,0.0,1,2960,0,0,0,0,0,0

STAR,KALIR5,36,2
IF,KALIR,60.193333,65.525000, ,0.0,0.0,2,6000,0,0,0,0,0,0
TF,PM,60.063444,64.806972,0, ,0.0,0.0,0.0,0.0,1,2960,0,0,0,0,0,0

STAR,KALIR6,18,2
IF,KALIR,60.193333,65.525000, ,0.0,0.0,2,6000,0,0,0,0,0,0
TF,WI,60.152028,64.846528,0, ,0.0,0.0,0.0,0.0,1,2960,0,0,0,0,0,0

STAR,MILGA5,36,2
IF,MILGA,59.838611,64.018333, ,0.0,0.0,2,6000,0,0,0,0,0,0
TF,PM,60.063444,64.806972,0, ,0.0,0.0,0.0,0.0,1,2960,0,0,0,0,0,0

STAR,MILGA6,18,2
IF,MILGA,59.838611,64.018333, ,0.0,0.0,2,6000,0,0,0,0,0,0
TF,WI,60.152028,64.846528,0, ,0.0,0.0,0.0,0.0,1,2960,0,0,0,0,0,0

STAR,NALOG5,36,2
IF,NALOG,60.013611,63.958333, ,0.0,0.0,2,6000,0,0,0,0,0,0
TF,PM,60.063444,64.806972,0, ,0.0,0.0,0.0,0.0,1,2960,0,0,0,0,0,0

STAR,NALOG6,18,2
IF,NALOG,60.013611,63.958333, ,0.0,0.0,2,6000,0,0,0,0,0,0
TF,WI,60.152028,64.846528,0, ,0.0,0.0,0.0,0.0,1,2960,0,0,0,0,0,0

STAR,NARNI5,36,2
IF,NARNI,60.265556,65.472778, ,0.0,0.0,2,6000,0,0,0,0,0,0
TF,PM,60.063444,64.806972,0, ,0.0,0.0,0.0,0.0,1,2960,0,0,0,0,0,0

STAR,NARNI6,18,2
IF,NARNI,60.265556,65.472778, ,0.0,0.0,2,6000,0,0,0,0,0,0
TF,WI,60.152028,64.846528,0, ,0.0,0.0,0.0,0.0,1,2960,0,0,0,0,0,0

STAR,NODRA5,36,2
IF,NODRA,60.462222,64.842500, ,0.0,0.0,2,6000,0,0,0,0,0,0
TF,PM,60.063444,64.806972,0, ,0.0,0.0,0.0,0.0,1,2960,0,0,0,0,0,0

STAR,NODRA6,18,2
IF,NODRA,60.462222,64.842500, ,0.0,0.0,2,6000,0,0,0,0,0,0
TF,WI,60.152028,64.846528,0, ,0.0,0.0,0.0,0.0,1,2960,0,0,0,0,0,0

STAR,PEKIL5,36,2
IF,PEKIL,59.905556,65.419167, ,0.0,0.0,2,6000,0,0,0,0,0,0
TF,PM,60.063444,64.806972,0, ,0.0,0.0,0.0,0.0,1,2960,0,0,0,0,0,0

STAR,PEKIL6,18,2
IF,PEKIL,59.905556,65.419167, ,0.0,0.0,2,6000,0,0,0,0,0,0
TF,WI,60.152028,64.846528,0, ,0.0,0.0,0.0,0.0,1,2960,0,0,0,0,0,0

STAR,SADER5,36,2
IF,SADER,60.130278,63.916667, ,0.0,0.0,2,6000,0,0,0,0,0,0
TF,PM,60.063444,64.806972,0, ,0.0,0.0,0.0,0.0,1,2960,0,0,0,0,0,0

STAR,SADER6,18,2
IF,SADER,60.130278,63.916667, ,0.0,0.0,2,6000,0,0,0,0,0,0
TF,WI,60.152028,64.846528,0, ,0.0,0.0,0.0,0.0,1,2960,0,0,0,0,0,0

APPTR,N18,18,WI
IF,WI,60.152028,64.846528, ,0.0,0.0,1,2960,0,0,0,0,1,0
CF,D028H,60.240556,65.025000,0,WI,28.0,7.6,28.0,7.6,1,1840,0,0,0,0,0,1
CF,D008H,60.275000,64.965278,1,WI,8.6,8.2,265.0,3.0,1,1840,0,0,0,0,0,1
CF,FN18,60.210278,64.870833,0,WI,354.7,3.6,175.0,5.0,1,1840,0,0,0,0,0,0

FINAL,N18,18,N,3
IF,FN18,60.210278,64.870833,WI,0.0,0.0,2,1840,0,0,0,0,2,0
CF,WI,60.152028,64.846528,0,WI,0.0,0.0,175.0,3.6,2,860,0,0,0,0,0,0
CF,MN18,60.134356,64.838989,0,WI,0.0,0.0,175.0,1.1,1,543,0,0,0,0,3,0
CA,0,175.0,2,860,0,0,0,0,0,0
VM,0,0,1,355.0,1,1840,0,0,0,0,0,0

APPTR,N36,36,PM
IF,PM,60.063444,64.806972, ,0.0,0.0,1,2960,0,0,0,0,1,0
CF,D143H,59.945833,64.893056,0,PM,142.8,7.5,143.0,7.6,1,1840,0,0,0,0,0,1
CF,D161I,59.911667,64.815278,2,PM,161.4,9.1,265.0,3.0,1,1840,0,0,0,0,0,0
CF,FN36,60.004969,64.782181,0,PM,175.0,3.6,355.0,6.0,1,1840,0,0,0,0,0,0

FINAL,N36,36,N,3
IF,FN36,60.004969,64.782181,PM,0.0,0.0,1,1840,0,0,0,0,2,0
CF,PM,60.063444,64.806972,0,PM,0.0,0.0,355.0,3.6,2,830,0,0,0,0,0,0
CF,MN36,60.078889,64.813542,0,PM,0.0,0.0,355.0,1.0,1,556,0,0,0,0,3,0
CA,0,355.0,2,860,0,0,0,0,0,0
VM,0,0,2,175.0,1,1840,0,0,0,0,0,0

