SID,BET01A,01,2
CA,0,7.0,2,1100,0,0,0,0,0,0
CF,BETIL,63.590833,74.847778,0,NJC,329.8,165.6,312.0,26.0,0,0,0,0,0,0,0,0
TF,ROLNI,63.805556,74.620278,0, ,0.0,0.0,0.0,0.0,0,0,0,0,0,0,0,0

SID,BET19A,19,2
CA,0,187.0,2,1090,0,0,0,0,0,0
CF,BETIL,63.590833,74.847778,2,NJC,329.8,165.6,332.0,27.0,0,0,0,0,0,0,0,0
TF,ROLNI,63.805556,74.620278,0, ,0.0,0.0,0.0,0.0,0,0,0,0,0,0,0,0

SID,BOG01A,01,2
CA,0,7.0,2,1100,0,0,0,0,0,0
CF,BOGRI,62.857500,75.945833,2,NJC,337.9,116.1,129.0,26.0,0,0,0,0,0,0,0,0
TF,URAMI,62.158889,77.328889,0, ,0.0,0.0,0.0,0.0,0,0,0,0,0,0,0,0

SID,BOG19A,19,2
CA,0,187.0,2,1090,0,0,0,0,0,0
VI,0, ,0.0,150.0,0,0,0,0,0,0,0,0
CF,BOGRI,62.857500,75.945833,0,NJC,337.9,116.1,105.0,22.0,0,0,0,0,0,0,0,0
TF,URAMI,62.158889,77.328889,0, ,0.0,0.0,0.0,0.0,0,0,0,0,0,0,0,0

SID,DIN01A,01,2
CA,0,7.0,2,1100,0,0,0,0,0,0
CF,DINOL,62.824722,74.678056,1,NJC,321.6,124.1,189.0,27.0,0,0,0,0,0,0,0,0
TF,KANAL,62.150556,73.615278,0, ,0.0,0.0,0.0,0.0,0,0,0,0,0,0,0,0

SID,DIN19A,19,2
CA,0,187.0,2,1090,0,0,0,0,0,0
CF,DINOL,62.824722,74.678056,0,NJC,321.6,124.1,200.0,25.0,0,0,0,0,0,0,0,0
TF,KANAL,62.150556,73.615278,0, ,0.0,0.0,0.0,0.0,0,0,0,0,0,0,0,0

SID,GAMI1A,01,2
CA,0,7.0,2,1090,0,0,0,0,0,0
CF,D110S,62.943333,75.775000,2,NJC,335.0,121.9,127.0,19.0,0,0,0,0,0,0,0,0
TF,GAMIN,62.711667,76.235000,0, ,0.0,0.0,0.0,0.0,0,0,0,0,0,0,0,0
TF,URAMI,62.158889,77.328889,0, ,0.0,0.0,0.0,0.0,0,0,0,0,0,0,0,0

SID,GAMI3A,19,2
CA,0,187.0,2,1090,0,0,0,0,0,0
CF,D110S,62.943333,75.775000,0,NJC,335.0,121.9,110.0,19.0,0,0,0,0,0,0,0,0
TF,GAMIN,62.711667,76.235000,0, ,0.0,0.0,0.0,0.0,0,0,0,0,0,0,0,0
TF,URAMI,62.158889,77.328889,0, ,0.0,0.0,0.0,0.0,0,0,0,0,0,0,0,0

SID,GATM1A,01,2
CA,0,7.0,2,1090,0,0,0,0,0,0
CF,D050V,63.278333,75.975000,0,NJC,338.6,141.2,60.0,19.0,0,0,0,0,0,0,0,0
TF,GATMI,63.390000,76.810000,0, ,0.0,0.0,0.0,0.0,0,0,0,0,0,0,0,0
TF,NOLBI,63.447222,77.257222,0, ,0.0,0.0,0.0,0.0,0,0,0,0,0,0,0,0

SID,GATM3A,19,2
CA,0,187.0,2,2070,0,0,0,0,0,0
CF,D050V,63.278333,75.975000,1,NJC,338.6,141.2,42.0,20.0,0,0,0,0,0,0,0,0
TF,GATMI,63.390000,76.810000,0, ,0.0,0.0,0.0,0.0,0,0,0,0,0,0,0,0
TF,NOLBI,63.447222,77.257222,0, ,0.0,0.0,0.0,0.0,0,0,0,0,0,0,0,0

SID,LUK01A,01,2
CA,0,7.0,2,1100,0,0,0,0,0,0
CF,LUKIS,63.313889,76.221389,0,NJC,342.3,142.8,61.0,26.0,0,0,0,0,0,0,0,0
TF,NOLBI,63.447222,77.257222,0, ,0.0,0.0,0.0,0.0,0,0,0,0,0,0,0,0

SID,LUK19A,19,2
CA,0,187.0,2,2070,0,0,0,0,0,0
CF,LUKIS,63.313889,76.221389,1,NJC,342.3,142.8,38.0,28.0,0,0,0,0,0,0,0,0
TF,NOLBI,63.447222,77.257222,0, ,0.0,0.0,0.0,0.0,0,0,0,0,0,0,0,0

SID,OLU01A,01,2
CA,0,7.0,2,1100,0,0,0,0,0,0
CF,OLUKA,63.567222,75.788056,0,NJC,337.4,159.0,15.0,26.0,0,0,0,0,0,0,0,0
TF,RULIK,63.850556,76.181944,0, ,0.0,0.0,0.0,0.0,0,0,0,0,0,0,0,0

SID,OLU19A,19,2
CA,0,187.0,2,1090,0,0,0,0,0,0
CF,OLUKA,63.567222,75.788056,2,NJC,337.4,159.0,25.0,30.0,0,0,0,0,0,0,0,0
TF,RULIK,63.850556,76.181944,0, ,0.0,0.0,0.0,0.0,0,0,0,0,0,0,0,0

SID,PAMI1A,01,2
CA,0,7.0,2,1090,0,0,0,0,0,0
CF,D201P,62.931667,74.855000,1,NJC,323.8,128.1,191.0,20.0,0,0,0,0,0,0,0,0
TF,PAMIR,62.535556,74.215556,0, ,0.0,0.0,0.0,0.0,0,0,0,0,0,0,0,0
TF,KANAL,62.150556,73.615278,0, ,0.0,0.0,0.0,0.0,0,0,0,0,0,0,0,0

SID,PAMI3A,19,2
CA,0,187.0,2,1090,0,0,0,0,0,0
CF,D201P,62.931667,74.855000,0,NJC,323.8,128.1,200.0,17.0,0,0,0,0,0,0,0,0
TF,PAMIR,62.535556,74.215556,0, ,0.0,0.0,0.0,0.0,0,0,0,0,0,0,0,0
TF,KANAL,62.150556,73.615278,0, ,0.0,0.0,0.0,0.0,0,0,0,0,0,0,0,0

SID,ROLN1A,01,2
CA,0,7.0,2,1090,0,0,0,0,0,0
CF,D324U,63.478333,74.975000,0,NJC,329.3,158.2,313.0,18.0,0,0,0,0,0,0,0,0
TF,ROLNI,63.805556,74.620278,0, ,0.0,0.0,0.0,0.0,0,0,0,0,0,0,0,0

SID,ROLN3A,19,2
CA,0,187.0,2,1090,0,0,0,0,0,0
CF,D324U,63.478333,74.975000,2,NJC,329.3,158.2,326.0,19.0,0,0,0,0,0,0,0,0
TF,ROLNI,63.805556,74.620278,0, ,0.0,0.0,0.0,0.0,0,0,0,0,0,0,0,0

SID,RULI1A,01,2
CA,0,7.0,2,1090,0,0,0,0,0,0
CF,D013U,63.441667,75.630000,0,NJC,335.5,152.2,14.0,17.0,0,0,0,0,0,0,0,0
TF,RULIK,63.850556,76.181944,0, ,0.0,0.0,0.0,0.0,0,0,0,0,0,0,0,0

SID,RULI3A,19,2
CA,0,187.0,2,1090,0,0,0,0,0,0
CF,D013U,63.441667,75.630000,2,NJC,335.5,152.2,18.0,20.0,0,0,0,0,0,0,0,0
TF,RULIK,63.850556,76.181944,0, ,0.0,0.0,0.0,0.0,0,0,0,0,0,0,0,0

STAR,ATL01,01,2
IF,ATLON,62.994444,74.371944, ,0.0,0.0,0,0,0,0,0,0,0,0
TF,D205G,63.051667,75.040000,0, ,0.0,0.0,0.0,0.0,1,2080,0,0,0,0,0,1
CF,D192E,63.065000,75.128333,0,NJC,329.1,133.1,52.0,2.0,1,1750,0,0,0,0,0,1
CF,CF01,63.076569,75.157242,0,NJC,329.5,133.6,7.0,1.0,1,1750,0,0,0,0,0,0

STAR,ATL01B,01,2
IF,ATLON,62.994444,74.371944, ,0.0,0.0,0,0,0,0,0,0,0,0
TF,ZE,63.141667,75.225556,0, ,0.0,0.0,0.0,0.0,0,0,0,0,0,0,0,1
CF,D219G,63.076667,75.001667,1,NJC,327.7,134.9,187.0,8.0,1,2080,0,0,0,0,0,1
CF,D192E,63.065000,75.128333,1,NJC,329.1,133.1,52.0,2.0,1,1750,0,0,0,0,0,1
CF,CF01,63.076569,75.157242,0,NJC,329.5,133.6,7.0,1.0,1,1750,0,0,0,0,0,0

STAR,ATL19,19,2
IF,ATLON,62.994444,74.371944, ,0.0,0.0,0,0,0,0,0,0,0,0
TF,D337G,63.350000,75.293333,0, ,0.0,0.0,0.0,0.0,1,2070,0,0,0,0,0,1
CF,D002E,63.308333,75.380000,2,NJC,333.3,145.5,142.0,2.0,1,1740,0,0,0,0,0,1
CF,FN19,63.263333,75.351667,0,NJC,332.8,143.1,187.0,2.0,1,1740,0,0,0,0,0,0

STAR,ATL19B,19,2
IF,ATLON,62.994444,74.371944, ,0.0,0.0,0,0,0,0,0,0,0,0
TF,UC,63.228056,75.314444,0, ,0.0,0.0,0.0,0.0,0,0,0,0,0,0,0,1
CI,2, ,0.0,277.0,0,0,0,0,0,0,0,0
CF,D336G,63.345000,75.286667,0,NJC,332.6,148.3,7.0,11.0,1,2070,0,0,0,0,0,1
CF,D002E,63.308333,75.380000,2,NJC,333.3,145.5,142.0,2.0,1,1740,0,0,0,0,0,1
CF,FN19,63.263333,75.351667,0,NJC,332.8,143.1,187.0,2.0,1,1740,0,0,0,0,0,0

STAR,BET01,01,2
IF,ROLNI,63.805556,74.620278, ,0.0,0.0,0,0,0,0,0,0,0,0
TF,BETIL,63.590833,74.847778,0, ,0.0,0.0,0.0,0.0,0,0,0,0,0,0,0,0
TF,D217H,63.070000,75.000000,0, ,0.0,0.0,0.0,0.0,1,2080,0,0,0,0,0,1
CF,D192E,63.065000,75.128333,1,NJC,329.1,133.1,52.0,2.0,1,1750,0,0,0,0,0,1
CF,CF01,63.076569,75.157242,0,NJC,329.5,133.6,7.0,1.0,1,1750,0,0,0,0,0,0

STAR,BET01B,01,2
IF,ROLNI,63.805556,74.620278, ,0.0,0.0,0,0,0,0,0,0,0,0
TF,BETIL,63.590833,74.847778,0, ,0.0,0.0,0.0,0.0,0,0,0,0,0,0,0,0
TF,ZE,63.141667,75.225556,0, ,0.0,0.0,0.0,0.0,0,0,0,0,0,0,0,0
CI,1, ,0.0,277.0,0,0,0,0,0,0,0,0
CF,D219G,63.076667,75.001667,0,NJC,327.7,134.9,187.0,10.0,1,2080,0,0,0,0,0,1
CF,D192E,63.065000,75.128333,1,NJC,329.1,133.1,52.0,2.0,1,1750,0,0,0,0,0,1
CF,CF01,63.076569,75.157242,0,NJC,329.5,133.6,7.0,1.0,1,1750,0,0,0,0,0,0

STAR,BET19,19,2
IF,ROLNI,63.805556,74.620278, ,0.0,0.0,0,0,0,0,0,0,0,0
TF,BETIL,63.590833,74.847778,0, ,0.0,0.0,0.0,0.0,0,0,0,0,0,0,0,0
TF,D347G,63.350000,75.338333,0, ,0.0,0.0,0.0,0.0,1,2070,0,0,0,0,0,1
CF,D002E,63.308333,75.380000,0,NJC,333.3,145.5,142.0,2.0,1,1740,0,0,0,0,0,1
CF,FN19,63.263333,75.351667,0,NJC,332.8,143.1,187.0,2.0,1,1740,0,0,0,0,0,0

STAR,BET19B,19,2
IF,ROLNI,63.805556,74.620278, ,0.0,0.0,0,0,0,0,0,0,0,0
TF,BETIL,63.590833,74.847778,0, ,0.0,0.0,0.0,0.0,0,0,0,0,0,0,0,0
TF,UC,63.228056,75.314444,0, ,0.0,0.0,0.0,0.0,0,0,0,0,0,0,0,0
CI,2, ,0.0,277.0,0,0,0,0,0,0,0,0
CF,D336G,63.345000,75.286667,0,NJC,332.6,148.3,7.0,10.0,1,2070,0,0,0,0,0,1
CF,D002E,63.308333,75.380000,2,NJC,333.3,145.5,142.0,2.0,1,1740,0,0,0,0,0,1
CF,FN19,63.263333,75.351667,0,NJC,332.8,143.1,187.0,2.0,1,1740,0,0,0,0,0,0

STAR,BOG01,01,2
IF,URAMI,62.158889,77.328889, ,0.0,0.0,0,0,0,0,0,0,0,0
TF,BOGRI,62.857500,75.945833,0, ,0.0,0.0,0.0,0.0,0,0,0,0,0,0,0,0
TF,D166H,63.016667,75.208333,0, ,0.0,0.0,0.0,0.0,1,2410,0,0,0,0,0,1
CF,D180E,63.058333,75.166667,0,NJC,329.4,132.4,322.0,2.0,1,1750,0,0,0,0,0,1
CF,CF01,63.076569,75.157242,0,NJC,329.5,133.6,7.0,1.0,1,1750,0,0,0,0,0,0

STAR,BOG01B,01,2
IF,URAMI,62.158889,77.328889, ,0.0,0.0,0,0,0,0,0,0,0,0
TF,BOGRI,62.857500,75.945833,0, ,0.0,0.0,0.0,0.0,0,0,0,0,0,0,0,0
TF,ZE,63.141667,75.225556,0, ,0.0,0.0,0.0,0.0,0,0,0,0,0,0,0,0
CI,0, ,0.0,277.0,0,0,0,0,0,0,0,0
CF,D219G,63.076667,75.001667,0,NJC,327.7,134.9,187.0,7.0,1,2080,0,0,0,0,0,1
CF,D192E,63.065000,75.128333,1,NJC,329.1,133.1,52.0,2.0,1,1750,0,0,0,0,0,1
CF,CF01,63.076569,75.157242,0,NJC,329.5,133.6,7.0,1.0,1,1750,0,0,0,0,0,0

STAR,BOG19,19,2
IF,URAMI,62.158889,77.328889, ,0.0,0.0,0,0,0,0,0,0,0,0
TF,BOGRI,62.857500,75.945833,0, ,0.0,0.0,0.0,0.0,0,0,0,0,0,0,0,0
TF,D036F,63.290000,75.505000,0, ,0.0,0.0,0.0,0.0,1,2400,0,0,0,0,0,1
CF,D015E,63.298333,75.415000,1,NJC,333.6,144.7,223.0,1.0,1,1740,0,0,0,0,0,1
CF,FN19,63.263333,75.351667,0,NJC,332.8,143.1,187.0,2.0,1,1740,0,0,0,0,0,0

STAR,BOG19B,19,2
IF,URAMI,62.158889,77.328889, ,0.0,0.0,0,0,0,0,0,0,0,0
TF,BOGRI,62.857500,75.945833,0, ,0.0,0.0,0.0,0.0,0,0,0,0,0,0,0,0
TF,UC,63.228056,75.314444,0, ,0.0,0.0,0.0,0.0,0,0,0,0,0,0,0,0
TF,D333F,63.333333,75.278333,0, ,0.0,0.0,0.0,0.0,1,2070,0,0,0,0,0,1
CF,D002E,63.308333,75.380000,2,NJC,333.3,145.5,142.0,3.0,1,1740,0,0,0,0,0,1
CF,FN19,63.263333,75.351667,0,NJC,332.8,143.1,187.0,2.0,1,1740,0,0,0,0,0,0

STAR,ING01,01,2
IF,LITMA,62.555556,74.873611, ,0.0,0.0,0,0,0,0,0,0,0,0
TF,INGIR,62.752778,74.995833,0, ,0.0,0.0,0.0,0.0,0,0,0,0,0,0,0,0
TF,CF01,63.076569,75.157242,0, ,0.0,0.0,0.0,0.0,1,1750,0,0,0,0,0,0

STAR,ING01B,01,2
IF,LITMA,62.555556,74.873611, ,0.0,0.0,0,0,0,0,0,0,0,0
TF,INGIR,62.752778,74.995833,0, ,0.0,0.0,0.0,0.0,0,0,0,0,0,0,0,0
TF,ZE,63.141667,75.225556,0, ,0.0,0.0,0.0,0.0,0,0,0,0,0,0,0,1
CF,D219G,63.076667,75.001667,1,NJC,327.7,134.9,187.0,6.0,1,2080,0,0,0,0,0,1
CF,D192E,63.065000,75.128333,1,NJC,329.1,133.1,52.0,2.0,1,1750,0,0,0,0,0,1
CF,CF01,63.076569,75.157242,0,NJC,329.5,133.6,7.0,1.0,1,1750,0,0,0,0,0,0

STAR,ING19,19,2
IF,LITMA,62.555556,74.873611, ,0.0,0.0,0,0,0,0,0,0,0,0
TF,INGIR,62.752778,74.995833,0, ,0.0,0.0,0.0,0.0,0,0,0,0,0,0,0,0
TF,D276D,63.253333,75.188333,0, ,0.0,0.0,0.0,0.0,1,2070,0,0,0,0,0,0
TF,D336G,63.345000,75.286667,0, ,0.0,0.0,0.0,0.0,1,2070,0,0,0,0,0,1
CF,D002E,63.308333,75.380000,2,NJC,333.3,145.5,142.0,2.0,1,1740,0,0,0,0,0,1
CF,FN19,63.263333,75.351667,0,NJC,332.8,143.1,187.0,2.0,1,1740,0,0,0,0,0,0

STAR,ING19B,19,2
IF,LITMA,62.555556,74.873611, ,0.0,0.0,0,0,0,0,0,0,0,0
TF,INGIR,62.752778,74.995833,0, ,0.0,0.0,0.0,0.0,0,0,0,0,0,0,0,0
TF,UC,63.228056,75.314444,0, ,0.0,0.0,0.0,0.0,0,0,0,0,0,0,0,0
TF,D333F,63.333333,75.278333,0, ,0.0,0.0,0.0,0.0,1,2070,0,0,0,0,0,1
CF,D002E,63.308333,75.380000,2,NJC,333.3,145.5,142.0,2.0,1,1740,0,0,0,0,0,1
CF,FN19,63.263333,75.351667,0,NJC,332.8,143.1,187.0,2.0,1,1740,0,0,0,0,0,0

STAR,LUK01,01,2
IF,NOLBI,63.447222,77.257222, ,0.0,0.0,0,0,0,0,0,0,0,0
TF,LUKIS,63.313889,76.221389,0, ,0.0,0.0,0.0,0.0,0,0,0,0,0,0,0,0
TF,D159G,63.018333,75.241667,0, ,0.0,0.0,0.0,0.0,1,2410,0,0,0,0,0,1
CF,D180E,63.058333,75.166667,2,NJC,329.4,132.4,322.0,2.0,1,1750,0,0,0,0,0,1
CF,CF01,63.076569,75.157242,0,NJC,329.5,133.6,7.0,1.0,1,1750,0,0,0,0,0,0

STAR,LUK01B,01,2
IF,NOLBI,63.447222,77.257222, ,0.0,0.0,0,0,0,0,0,0,0,0
TF,LUKIS,63.313889,76.221389,0, ,0.0,0.0,0.0,0.0,0,0,0,0,0,0,0,0
TF,ZE,63.141667,75.225556,0, ,0.0,0.0,0.0,0.0,0,0,0,0,0,0,0,0
TF,D220F,63.085000,75.023333,0, ,0.0,0.0,0.0,0.0,1,2080,0,0,0,0,0,1
CF,D192E,63.065000,75.128333,1,NJC,329.1,133.1,52.0,2.0,1,1750,0,0,0,0,0,1
CF,CF01,63.076569,75.157242,0,NJC,329.5,133.6,7.0,1.0,1,1750,0,0,0,0,0,0

STAR,LUK19,19,2
IF,NOLBI,63.447222,77.257222, ,0.0,0.0,0,0,0,0,0,0,0,0
TF,LUKIS,63.313889,76.221389,0, ,0.0,0.0,0.0,0.0,0,0,0,0,0,0,0,0
TF,D020F,63.308333,75.455000,0, ,0.0,0.0,0.0,0.0,1,2400,0,0,0,0,0,1
TF,D015E,63.298333,75.415000,0, ,0.0,0.0,0.0,0.0,1,1740,0,0,0,0,0,1
CF,FN19,63.263333,75.351667,0,NJC,332.8,143.1,187.0,2.0,1,1740,0,0,0,0,0,0

STAR,LUK19B,19,2
IF,NOLBI,63.447222,77.257222, ,0.0,0.0,0,0,0,0,0,0,0,0
TF,LUKIS,63.313889,76.221389,0, ,0.0,0.0,0.0,0.0,0,0,0,0,0,0,0,0
TF,UC,63.228056,75.314444,0, ,0.0,0.0,0.0,0.0,0,0,0,0,0,0,0,1
CF,D336G,63.345000,75.286667,2,NJC,332.6,148.3,7.0,4.0,1,2070,0,0,0,0,0,1
CF,D002E,63.308333,75.380000,2,NJC,333.3,145.5,142.0,2.0,1,1740,0,0,0,0,0,1
CF,FN19,63.263333,75.351667,0,NJC,332.8,143.1,187.0,2.0,1,1740,0,0,0,0,0,0

STAR,OLU01,01,2
IF,RULIK,63.850556,76.181944, ,0.0,0.0,0,0,0,0,0,0,0,0
TF,OLUKA,63.567222,75.788056,0, ,0.0,0.0,0.0,0.0,0,0,0,0,0,0,0,0
TF,D284D,63.175000,75.110000,0, ,0.0,0.0,0.0,0.0,1,2080,0,0,0,0,0,0
TF,D219G,63.076667,75.001667,0, ,0.0,0.0,0.0,0.0,1,2080,0,0,0,0,0,1
CF,D192E,63.065000,75.128333,1,NJC,329.1,133.1,52.0,2.0,1,1750,0,0,0,0,0,1
CF,CF01,63.076569,75.157242,0,NJC,329.5,133.6,7.0,1.0,1,1750,0,0,0,0,0,0

STAR,OLU01B,01,2
IF,RULIK,63.850556,76.181944, ,0.0,0.0,0,0,0,0,0,0,0,0
TF,OLUKA,63.567222,75.788056,0, ,0.0,0.0,0.0,0.0,0,0,0,0,0,0,0,0
TF,ZE,63.141667,75.225556,0, ,0.0,0.0,0.0,0.0,0,0,0,0,0,0,0,0
TF,D220F,63.085000,75.023333,0, ,0.0,0.0,0.0,0.0,1,2080,0,0,0,0,0,1
CF,D192E,63.065000,75.128333,1,NJC,329.1,133.1,52.0,2.0,1,1750,0,0,0,0,0,1
CF,CF01,63.076569,75.157242,0,NJC,329.5,133.6,7.0,1.0,1,1750,0,0,0,0,0,0

STAR,OLU19,19,2
IF,RULIK,63.850556,76.181944, ,0.0,0.0,0,0,0,0,0,0,0,0
TF,OLUKA,63.567222,75.788056,0, ,0.0,0.0,0.0,0.0,0,0,0,0,0,0,0,0
TF,D008E,63.298333,75.391667,0, ,0.0,0.0,0.0,0.0,1,1740,0,0,0,0,0,0
CF,FN19,63.263333,75.351667,0,NJC,332.8,143.1,187.0,2.0,1,1740,0,0,0,0,0,0

STAR,OLU19B,19,2
IF,RULIK,63.850556,76.181944, ,0.0,0.0,0,0,0,0,0,0,0,0
TF,OLUKA,63.567222,75.788056,0, ,0.0,0.0,0.0,0.0,0,0,0,0,0,0,0,0
TF,UC,63.228056,75.314444,0, ,0.0,0.0,0.0,0.0,0,0,0,0,0,0,0,1
CF,D336G,63.345000,75.286667,2,NJC,332.6,148.3,7.0,6.0,1,2070,0,0,0,0,0,1
CF,D002E,63.308333,75.380000,2,NJC,333.3,145.5,142.0,2.0,1,1740,0,0,0,0,0,1
CF,FN19,63.263333,75.351667,0,NJC,332.8,143.1,187.0,2.0,1,1740,0,0,0,0,0,0

FINAL,I01,01,I,3
IF,CF01,63.076569,75.157242,IZE,187.3,8.0,1,1750,0,0,0,0,0,0
CF,FF01,63.106667,75.188333,0,IZE,187.3,6.0,7.0,2.0,1,1750,0,0,0,0,2,0
CF,RW01,63.173611,75.258611,0,IZE,186.7,1.6,7.0,4.5,1,483,0,0,0,0,3,0
CA,0,7.0,2,1090,0,0,0,0,0,0
VM,0,0,1,187.0,1,2080,0,0,0,0,0,0

FINAL,N01,01,N,4
IF,CF01,63.076569,75.157242,ZE,0.0,0.0,1,1750,0,0,0,0,0,0
CF,FF01,63.106667,75.188333,0,ZE,0.0,0.0,7.0,2.0,1,1750,0,0,0,0,2,0
CF,ZE,63.141667,75.225556,0,ZE,0.0,0.0,7.0,2.4,1,1090,0,0,0,0,0,0
CF,MN01,63.157325,75.241706,0,ZE,0.0,0.0,7.0,1.0,1,790,0,0,0,0,3,0
CA,0,7.0,2,1090,0,0,0,0,0,0
VM,0,0,1,187.0,1,2080,0,0,0,0,0,0

FINAL,N19,19,N,3
IF,FN19,63.263333,75.351667,UC,0.0,0.0,1,1740,0,0,0,0,2,0
CF,UC,63.228056,75.314444,0,UC,0.0,0.0,187.0,2.3,2,1120,0,0,0,0,0,0
CF,MN19,63.212519,75.298661,0,UC,0.0,0.0,187.0,1.1,1,832,0,0,0,0,3,0
CA,0,187.0,2,1090,0,0,0,0,0,0
VM,0,0,2,7.0,1,2070,0,0,0,0,0,0

