SID,EVKA1B,27,2
CF,LAPUP,39.716614,66.774250,0,SKD,269.9,9.2,271.0,8.9,2,4000,0,0,0,0,0,1
TF,EVKAK,40.063333,66.130000,0, ,0.0,0.0,0.0,0.0,2,9000,0,0,0,0,0,0

SID,KULI1A,09,2
CF,ABNOM,39.694211,67.065581,0,SKD,92.5,4.3,91.0,3.1,2,3200,0,0,0,0,0,1
CF,DOSEG,39.770733,66.891906,1,SKD,312.1,5.5,271.0,9.0,2,6000,0,0,0,0,0,1
TF,IMVOT,39.887019,66.751775,0, ,0.0,0.0,0.0,0.0,0,0,0,0,0,0,0,0
TF,KULIL,40.125000,66.465000,0, ,0.0,0.0,0.0,0.0,2,9000,0,0,0,0,0,0

SID,LOND1B,27,2
CF,LAPUP,39.716614,66.774250,0,SKD,269.9,9.2,271.0,8.9,2,4000,0,0,0,0,0,1
TF,MOVAT,39.890172,66.956847,2, ,0.0,0.0,0.0,0.0,2,7000,0,0,0,0,0,0
TF,ELBAG,39.951269,67.018442,0, ,0.0,0.0,0.0,0.0,2,9000,0,0,0,0,0,0
TF,LONDO,40.246667,67.541667,0, ,0.0,0.0,0.0,0.0,0,0,0,0,0,0,0,0

SID,OGNO1A,09,2
CF,ABNOM,39.694211,67.065581,0,SKD,92.5,4.3,91.0,3.1,2,3200,0,0,0,0,0,1
CF,DOSEG,39.770733,66.891906,1,SKD,312.1,5.5,271.0,9.0,2,6000,0,0,0,0,0,0
TF,DIGIX,39.726261,66.649736,0, ,0.0,0.0,0.0,0.0,0,0,0,0,0,0,0,0
TF,OGNOB,39.743333,66.405000,0, ,0.0,0.0,0.0,0.0,2,9000,0,0,0,0,0,0

SID,OGNO1B,27,2
CF,LAPUP,39.716614,66.774250,0,SKD,269.9,9.2,271.0,8.9,2,4000,0,0,0,0,0,0
TF,OGNOB,39.743333,66.405000,0, ,0.0,0.0,0.0,0.0,2,8000,0,0,0,0,0,0

SID,TITA1A,09,2
CF,ABNOM,39.694211,67.065581,0,SKD,92.5,4.3,91.0,3.0,2,3200,0,0,0,0,0,0
TF,ODLEV,39.676094,67.294397,0, ,0.0,0.0,0.0,0.0,2,6000,0,0,0,0,0,0
TF,TITAR,40.130000,67.771667,0, ,0.0,0.0,0.0,0.0,2,9000,0,0,0,0,0,0

SID,USET1A,09,2
CF,ABNOM,39.694211,67.065581,0,SKD,92.5,4.3,91.0,3.0,2,3200,0,0,0,0,0,1
CF,DOSEG,39.770733,66.891906,1,SKD,312.1,5.5,271.0,9.0,2,6000,0,0,0,0,0,0
TF,XEDLO,39.618647,66.719992,0, ,0.0,0.0,0.0,0.0,0,0,0,0,0,0,0,0
TF,KOKEX,39.556328,67.117528,0, ,0.0,0.0,0.0,0.0,2,11000,0,0,0,0,0,0
TF,NUDVU,39.504572,67.168400,0, ,0.0,0.0,0.0,0.0,0,0,0,0,0,0,0,0
TF,USETU,39.428333,67.243333,0, ,0.0,0.0,0.0,0.0,2,16000,0,0,0,0,0,0

SID,USET1B,27,2
CF,LAPUP,39.716614,66.774250,0,SKD,269.9,9.2,271.0,8.9,2,4000,0,0,0,0,0,0
TF,XEDLO,39.618647,66.719992,0, ,0.0,0.0,0.0,0.0,2,5000,0,0,0,0,0,0
TF,KOKEX,39.556328,67.117528,0, ,0.0,0.0,0.0,0.0,2,10000,0,0,0,0,0,0
TF,NUDVU,39.504572,67.168400,0, ,0.0,0.0,0.0,0.0,0,0,0,0,0,0,0,0
TF,USETU,39.428333,67.243333,0, ,0.0,0.0,0.0,0.0,2,16000,0,0,0,0,0,0

STAR,EVKA1X,ALL,2
IF,EVKAK,40.063333,66.130000, ,0.0,0.0,0,0,0,0,0,0,0,0
TF,EKNUM,39.824867,66.688797,0, ,0.0,0.0,0.0,0.0,0,0,0,0,0,0,0,0
TF,SKD,39.703739,66.972636,0, ,0.0,0.0,0.0,0.0,2,8000,0,0,0,0,0,0

STAR,EVKA1Z,09,2
IF,EVKAK,40.063333,66.130000, ,0.0,0.0,2,9000,0,0,0,0,0,0
TF,SUVIK,39.805553,66.676350,0, ,0.0,0.0,0.0,0.0,0,0,0,0,0,0,0,0
TF,GOSEV,39.783803,66.722453,0, ,0.0,0.0,0.0,0.0,2,5000,0,0,0,0,0,0

STAR,KULI1W,27,2
IF,KULIL,40.125000,66.465000, ,0.0,0.0,0,0,0,0,0,0,0,0
TF,ERGOK,39.937208,66.857319,0, ,0.0,0.0,0.0,0.0,2,9000,0,0,0,0,0,0
TF,UROGU,39.741908,67.263286,0, ,0.0,0.0,0.0,0.0,2,5000,0,0,0,0,0,0

STAR,KULI1X,ALL,2
IF,KULIL,40.125000,66.465000, ,0.0,0.0,0,0,0,0,0,0,0,0
TF,IMVOT,39.887019,66.751775,0, ,0.0,0.0,0.0,0.0,2,9000,0,0,0,0,0,0
TF,SKD,39.703739,66.972636,0, ,0.0,0.0,0.0,0.0,2,8000,0,0,0,0,0,0

STAR,LOND1X,ALL,2
IF,LONDO,40.246667,67.541667, ,0.0,0.0,0,0,0,0,0,0,0,0
TF,AMLAX,39.899142,67.175247,0, ,0.0,0.0,0.0,0.0,2,9000,0,0,0,0,0,0
TF,SKD,39.703739,66.972636,0, ,0.0,0.0,0.0,0.0,2,8000,0,0,0,0,0,0

STAR,LOND1Z,09,2
IF,LONDO,40.246667,67.541667, ,0.0,0.0,0,0,0,0,0,0,0,0
TF,ELBAG,39.951269,67.018442,0, ,0.0,0.0,0.0,0.0,2,9000,0,0,0,0,0,0
TF,GOSEV,39.783803,66.722453,0, ,0.0,0.0,0.0,0.0,2,5000,0,0,0,0,0,0

STAR,OGNO1W,27,2
IF,OGNOB,39.743333,66.405000, ,0.0,0.0,0,0,0,0,0,0,0,0
TF,DIGIX,39.726261,66.649736,0, ,0.0,0.0,0.0,0.0,2,9000,0,0,0,0,0,0
TF,ABLIP,39.751089,67.145283,0, ,0.0,0.0,0.0,0.0,0,0,0,0,0,0,0,0
TF,UROGU,39.741908,67.263286,0, ,0.0,0.0,0.0,0.0,2,5000,0,0,0,0,0,0

STAR,OGNO1X,ALL,2
IF,OGNOB,39.743333,66.405000, ,0.0,0.0,0,0,0,0,0,0,0,0
TF,DIGIX,39.726261,66.649736,0, ,0.0,0.0,0.0,0.0,0,0,0,0,0,0,0,0
TF,SKD,39.703739,66.972636,0, ,0.0,0.0,0.0,0.0,2,8000,0,0,0,0,0,0

STAR,OGNO1Z,09,2
IF,OGNOB,39.743333,66.405000, ,0.0,0.0,2,8000,0,0,0,0,0,0
TF,DIGIX,39.726261,66.649736,0, ,0.0,0.0,0.0,0.0,2,5000,0,0,0,0,0,0

STAR,TITA1W,27,2
IF,TITAR,40.130000,67.771667, ,0.0,0.0,2,9000,0,0,0,0,0,0
TF,ODLEV,39.676094,67.294397,0, ,0.0,0.0,0.0,0.0,2,6000,0,0,0,0,0,0

STAR,TITA1X,ALL,2
IF,TITAR,40.130000,67.771667, ,0.0,0.0,0,0,0,0,0,0,0,0
TF,NIKVA,39.845889,67.239083,0, ,0.0,0.0,0.0,0.0,2,9000,0,0,0,0,0,0
TF,SKD,39.703739,66.972636,0, ,0.0,0.0,0.0,0.0,2,8000,0,0,0,0,0,0

STAR,TITA1Z,09,2
IF,TITAR,40.130000,67.771667, ,0.0,0.0,0,0,0,0,0,0,0,0
TF,NIKVA,39.845889,67.239083,0, ,0.0,0.0,0.0,0.0,2,9000,0,0,0,0,0,0
TF,NIMEV,39.756783,67.072067,0, ,0.0,0.0,0.0,0.0,0,0,0,0,0,0,0,0
TF,GOSEV,39.783803,66.722453,0, ,0.0,0.0,0.0,0.0,2,5000,0,0,0,0,0,0

STAR,USET1W,27,2
IF,USETU,39.428333,67.243333, ,0.0,0.0,0,0,0,0,0,0,0,0
TF,NUDVU,39.504572,67.168400,0, ,0.0,0.0,0.0,0.0,2,9000,0,0,0,0,0,0
TF,KOKEX,39.556328,67.117528,0, ,0.0,0.0,0.0,0.0,2,6000,0,0,0,0,0,0

STAR,USET1X,ALL,2
IF,USETU,39.428333,67.243333, ,0.0,0.0,0,0,0,0,0,0,0,0
TF,NUDVU,39.504572,67.168400,0, ,0.0,0.0,0.0,0.0,2,12000,0,0,0,0,0,0
TF,SKD,39.703739,66.972636,0, ,0.0,0.0,0.0,0.0,2,8000,0,0,0,0,0,0

STAR,USET1Z,09,2
IF,USETU,39.428333,67.243333, ,0.0,0.0,0,0,0,0,0,0,0,0
TF,NUDVU,39.504572,67.168400,0, ,0.0,0.0,0.0,0.0,0,0,0,0,0,0,0,0
TF,KOKEX,39.556328,67.117528,0, ,0.0,0.0,0.0,0.0,2,9000,0,0,0,0,0,0
TF,XEDLO,39.618647,66.719992,0, ,0.0,0.0,0.0,0.0,2,6000,0,0,0,0,0,0

APPTR,D09,09,DIGIX
IF,DIGIX,39.726261,66.649736, ,0.0,0.0,2,5000,0,0,0,0,1,0
CF,TEGPU,39.708175,66.769197,0,SKD,266.7,9.4,97.0,5.6,2,4000,0,0,0,0,1,0

APPTR,D09,09,GOSEV
IF,GOSEV,39.783803,66.722453, ,0.0,0.0,2,5000,0,0,0,0,1,0
CF,TEGPU,39.708175,66.769197,0,SKD,266.7,9.4,150.0,5.0,2,4000,0,0,0,0,1,0

APPTR,D09,09,XEDLO
IF,XEDLO,39.618647,66.719992, ,0.0,0.0,2,6000,0,0,0,0,1,0
CF,TEGPU,39.708175,66.769197,0,SKD,266.7,9.4,18.0,5.8,2,4000,0,0,0,0,1,0

FINAL,D09,09,D,4
IF,TEGPU,39.708175,66.769197,SKD,266.7,9.4,2,4000,0,0,0,0,0,0
CF,FD09,39.706594,66.842453,0,SKD,266.7,6.0,87.0,3.4,1,4000,0,0,0,0,2,0
CF,30VOR,39.705467,66.907889,0,SKD,267.0,3.0,87.0,3.0,2,3100,0,0,0,0,0,0
CF,MD09,39.704836,66.931628,0,SKD,267.0,1.9,87.0,1.1,1,2742,0,0,0,0,3,0
CF,ABNOM,39.694211,67.065581,0,SKD,92.5,4.3,91.0,6.2,2,3200,0,0,0,0,0,1
CF,GOSEV,39.783803,66.722453,1,SKD,287.6,12.5,271.0,17.0,1,4000,0,0,0,0,0,0

APPTR,D27,27,KOKEX
IF,KOKEX,39.556328,67.117528, ,0.0,0.0,2,6000,0,0,0,0,1,0
CF,GAVGU,39.602000,67.199000,0,SKD,115.1,12.1,49.0,4.7,2,5000,0,0,0,0,0,0
CF,BEVUL,39.678839,67.188983,0,SKD,93.4,10.1,350.0,4.6,2,4000,0,0,0,0,1,0

APPTR,D27,27,ODLEV
IF,ODLEV,39.676094,67.294397, ,0.0,0.0,2,6000,0,0,0,0,1,0
CF,BEVUL,39.678839,67.188983,0,SKD,93.4,10.1,267.0,4.9,2,4000,0,0,0,0,1,0

APPTR,D27,27,SKD
IF,SKD,39.703739,66.972636, ,0.0,0.0,0,0,0,0,0,0,1,0
CF,ABLIP,39.751089,67.145283,0,SKD,65.4,8.5,66.0,8.5,0,0,0,0,0,0,0,0
CF,UROGU,39.741908,67.263286,0,SKD,75.3,13.7,91.0,5.5,2,5000,0,0,0,0,0,0
CF,BEVUL,39.678839,67.188983,2,SKD,93.4,10.1,218.0,5.1,2,4000,0,0,0,0,1,0

APPTR,D27,27,UROGU
IF,UROGU,39.741908,67.263286, ,0.0,0.0,2,5000,0,0,0,0,1,0
CF,BEVUL,39.678839,67.188983,0,SKD,93.4,10.1,218.0,5.1,2,4000,0,0,0,0,1,0

FINAL,D27,27,D,4
IF,BEVUL,39.678839,67.188983,SKD,93.4,10.1,2,4000,0,0,0,0,0,0
CF,FD27,39.686881,67.118922,0,SKD,93.4,6.9,274.0,3.3,1,4000,0,0,0,0,2,0
CF,40VOR,39.693917,67.058067,0,SKD,93.4,4.0,274.0,2.9,2,3100,0,0,0,0,0,0
CF,MD27,39.696417,67.032350,0,SKD,94.0,2.8,274.0,1.2,1,2772,0,0,0,0,3,0
CA,0,271.0,2,4000,0,0,0,0,0,0
CF,ABLIP,39.751089,67.145283,2,SKD,65.4,8.5,91.0,10.0,1,4000,0,0,0,0,0,0

APPTR,I09,09,DIGIX
IF,DIGIX,39.726261,66.649736, ,0.0,0.0,2,5000,0,0,0,0,1,0
CF,LAPUP,39.716614,66.774250,0,IMZ,270.8,10.9,91.0,5.8,2,4000,0,0,0,0,1,0

APPTR,I09,09,GOSEV
IF,GOSEV,39.783803,66.722453, ,0.0,0.0,2,5000,0,0,0,0,1,0
CF,LAPUP,39.716614,66.774250,0,IMZ,270.8,10.9,144.0,4.7,2,4000,0,0,0,0,1,0

APPTR,I09,09,XEDLO
IF,XEDLO,39.618647,66.719992, ,0.0,0.0,2,6000,0,0,0,0,1,0
CF,LAPUP,39.716614,66.774250,0,IMZ,270.8,10.9,18.0,6.4,2,4000,0,0,0,0,1,0

FINAL,I09,09,I,3
IF,LAPUP,39.716614,66.774250,IMZ,270.8,10.9,2,4000,0,0,0,0,0,0
CF,FF09,39.711103,66.846792,0,IMZ,270.8,7.5,91.0,3.4,1,4000,0,0,0,0,2,0
CF,RW09,39.701961,66.965844,0,IMZ,270.8,1.9,91.0,5.5,1,2235,0,0,0,0,3,0
CF,ABNOM,39.694211,67.065581,0,SKD,92.5,4.3,91.0,4.6,2,3200,0,0,0,0,0,1
CF,GOSEV,39.783803,66.722453,1,SKD,287.6,12.5,271.0,17.2,1,4000,0,0,0,0,0,0

APPTR,I27,27,KOKEX
IF,KOKEX,39.556328,67.117528, ,0.0,0.0,2,6000,0,0,0,0,1,0
CF,GAVGU,39.602000,67.199000,0,SKD,115.1,12.1,49.0,4.7,2,5000,0,0,0,0,0,0
CF,IRLUT,39.684553,67.188317,0,ISD,90.7,10.6,350.0,5.0,2,4000,0,0,0,0,1,0

APPTR,I27,27,ODLEV
IF,ODLEV,39.676094,67.294397, ,0.0,0.0,2,6000,0,0,0,0,1,0
CF,IRLUT,39.684553,67.188317,0,ISD,90.7,10.6,271.0,4.9,2,4000,0,0,0,0,1,0

APPTR,I27,27,SKD
IF,SKD,39.703739,66.972636, ,0.0,0.0,0,0,0,0,0,0,1,0
CF,ABLIP,39.751089,67.145283,0,SKD,65.4,8.5,66.0,8.5,0,0,0,0,0,0,0,0
CF,UROGU,39.741908,67.263286,2,SKD,75.3,13.7,91.0,5.5,2,5000,0,0,0,0,0,0
CF,IRLUT,39.684553,67.188317,2,ISD,90.7,10.6,221.0,4.9,2,4000,0,0,0,0,1,0

APPTR,I27,27,UROGU
IF,UROGU,39.741908,67.263286, ,0.0,0.0,2,5000,0,0,0,0,1,0
CF,IRLUT,39.684553,67.188317,0,ISD,90.7,10.6,221.0,4.9,2,4000,0,0,0,0,1,0

FINAL,I27,27,I,3
IF,IRLUT,39.684553,67.188317,ISD,90.7,10.6,2,4000,0,0,0,0,0,0
CF,FI27,39.690319,67.115294,0,ISD,90.7,7.2,271.0,3.4,1,4000,0,0,0,0,2,0
CF,RW27,39.699397,66.999075,0,ISD,90.7,1.8,271.0,5.4,1,2278,0,0,0,0,3,0
CA,0,271.0,2,4000,0,0,0,0,0,0
CF,ABLIP,39.751089,67.145283,2,SKD,65.4,8.5,91.0,11.0,1,4000,0,0,0,0,0,0

APPTR,N09,09,DIGIX
IF,DIGIX,39.726261,66.649736, ,0.0,0.0,2,5000,0,0,0,0,1,0
CF,LAPUP,39.716614,66.774250,0,SKD,269.9,9.2,91.0,5.8,2,4000,0,0,0,0,1,0

APPTR,N09,09,GOSEV
IF,GOSEV,39.783803,66.722453, ,0.0,0.0,2,5000,0,0,0,0,1,0
CF,LAPUP,39.716614,66.774250,0,SKD,269.9,9.2,144.0,4.7,2,4000,0,0,0,0,1,0

APPTR,N09,09,XEDLO
IF,XEDLO,39.618647,66.719992, ,0.0,0.0,2,6000,0,0,0,0,1,0
CF,LAPUP,39.716614,66.774250,0,SKD,269.9,9.2,18.0,6.4,2,4000,0,0,0,0,1,0

FINAL,N09,09,N,4
IF,LAPUP,39.716614,66.774250,MZ,0.0,0.0,2,4000,0,0,0,0,0,0
CF,FF09,39.711103,66.846792,0,MZ,0.0,0.0,91.0,3.4,1,4000,0,0,0,0,2,0
CF,MZ,39.705519,66.919867,0,MZ,0.0,0.0,91.0,3.4,2,2920,0,0,0,0,0,0
CF,M,39.702808,66.954928,0,MZ,0.0,0.0,91.0,1.6,1,2398,0,0,0,0,3,0
CF,ABNOM,39.694211,67.065581,0,SKD,92.5,4.3,91.0,5.2,2,3200,0,0,0,0,0,1
CF,GOSEV,39.783803,66.722453,1,SKD,287.6,12.5,271.0,17.2,1,4000,0,0,0,0,0,0

