SID,IDOKA1,12,2
CA,0,122.0,2,2490,0,0,0,0,0,0
CF,IDOKA,51.353333,39.851667,0,IWV,130.9,36.6,133.0,32.0,3,19000,0,0,0,0,0,0

SID,IDOKA3,30,2
CA,0,302.0,2,1180,0,0,0,0,0,0
CF,IDOKA,51.353333,39.851667,1,IWV,130.9,36.6,124.0,37.0,3,19000,0,0,0,0,0,0

SID,PT1A,12,2
CA,0,122.0,2,2490,0,0,0,0,0,0
CF,NIKLE,51.683333,39.748333,0,IWV,103.7,21.3,100.0,17.0,3,11000,0,0,0,0,0,0
TF,PT,51.718333,40.189444,0, ,0.0,0.0,0.0,0.0,3,19000,0,0,0,0,0,0

SID,PT1B,12,2
CA,0,122.0,2,1180,0,0,0,0,0,0
CF,PT,51.718333,40.189444,0,IWV,90.4,36.5,88.0,34.0,3,19000,0,0,0,0,0,0

SID,PT3A,30,2
CA,0,302.0,2,1180,0,0,0,0,0,0
CF,D065E,51.845000,39.355000,2,IWV,64.9,5.1,122.0,3.0,0,0,0,0,0,0,0,0
TF,VKHAA,51.850000,39.915000,0, ,0.0,0.0,0.0,0.0,3,13000,0,0,0,0,0,0
TF,PT,51.718333,40.189444,0, ,0.0,0.0,0.0,0.0,3,19000,0,0,0,0,0,0

SID,PT3B,30,2
CA,0,302.0,2,1180,0,0,0,0,0,0
CF,D065E,51.845000,39.355000,2,IWV,64.9,5.1,122.0,3.0,0,0,0,0,0,0,0,0
TF,PT,51.718333,40.189444,0, ,0.0,0.0,0.0,0.0,3,19000,0,0,0,0,0,0

SID,SOMUM1,12,2
CA,0,122.0,2,2490,0,0,0,0,0,0
CF,SOMUM,50.866389,37.681667,2,IWV,216.9,81.6,222.0,80.0,0,0,0,0,0,0,0,0

SID,SOMUM3,30,2
CA,0,302.0,2,1180,0,0,0,0,0,0
CF,SOMUM,50.866389,37.681667,0,IWV,216.9,81.6,215.0,80.0,0,0,0,0,0,0,0,0

SID,TE1A,12,2
CA,0,122.0,2,1180,0,0,0,0,0,0
CF,D020D,51.901667,39.226667,1,IWV,352.2,4.8,296.0,6.0,0,0,0,0,0,0,0,0
TF,KAMNA,52.108333,38.748333,0, ,0.0,0.0,0.0,0.0,3,10000,0,0,0,0,0,0
TF,TE,52.152500,38.268056,0, ,0.0,0.0,0.0,0.0,3,20000,0,0,0,0,0,0

SID,TE1B,12,2
CA,0,122.0,2,1180,0,0,0,0,0,0
CF,D020D,51.901667,39.226667,1,IWV,352.2,4.8,296.0,6.0,0,0,0,0,0,0,0,0
TF,TE,52.152500,38.268056,0, ,0.0,0.0,0.0,0.0,3,20000,0,0,0,0,0,0

SID,TE3A,30,2
CA,0,302.0,2,1180,0,0,0,0,0,0
CF,D315H,51.883333,39.170000,0,IWV,323.5,4.2,335.0,3.0,1,1830,0,0,0,0,0,0
TF,KAMNA,52.108333,38.748333,0, ,0.0,0.0,0.0,0.0,3,10000,0,0,0,0,0,0
TF,TE,52.152500,38.268056,0, ,0.0,0.0,0.0,0.0,3,20000,0,0,0,0,0,0

SID,TE3B,30,2
CA,0,302.0,2,1180,0,0,0,0,0,0
CF,D315H,51.883333,39.170000,0,IWV,323.5,4.2,335.0,3.0,1,1830,0,0,0,0,0,0
TF,TE,52.152500,38.268056,0, ,0.0,0.0,0.0,0.0,3,20000,0,0,0,0,0,0

SID,TS1A,12,2
CA,0,122.0,2,1180,0,0,0,0,0,0
CF,D020D,51.901667,39.226667,1,IWV,352.2,4.8,296.0,6.0,0,0,0,0,0,0,0,0
TF,KAMNA,52.108333,38.748333,0, ,0.0,0.0,0.0,0.0,3,10000,0,0,0,0,0,0
TF,TS,52.389167,38.931111,0, ,0.0,0.0,0.0,0.0,3,20000,0,0,0,0,0,0

SID,TS1B,12,2
CA,0,122.0,2,1180,0,0,0,0,0,0
CF,TS,52.389167,38.931111,1,IWV,333.5,35.8,325.0,36.0,3,20000,0,0,0,0,0,0

SID,TS3A,30,2
CA,0,302.0,2,1180,0,0,0,0,0,0
CF,D315H,51.883333,39.170000,0,IWV,323.5,4.2,335.0,3.0,1,1830,0,0,0,0,0,0
TF,KAMNA,52.108333,38.748333,0, ,0.0,0.0,0.0,0.0,3,10000,0,0,0,0,0,0
TF,TS,52.389167,38.931111,0, ,0.0,0.0,0.0,0.0,3,20000,0,0,0,0,0,0

SID,TS3B,30,2
CA,0,302.0,2,1180,0,0,0,0,0,0
CF,D315H,51.883333,39.170000,0,IWV,323.5,4.2,335.0,3.0,1,1830,0,0,0,0,0,0
TF,TS,52.389167,38.931111,0, ,0.0,0.0,0.0,0.0,3,20000,0,0,0,0,0,0

STAR,IDOKA2,12,2
IF,IDOKA,51.353333,39.851667, ,0.0,0.0,3,20000,0,0,0,0,0,0
TF,WR,51.843889,39.175694,0, ,0.0,0.0,0.0,0.0,1,5000,0,0,0,0,0,1
CF,D349E,51.933333,39.170000,0,IWV,334.9,7.0,350.0,5.0,1,2160,0,0,0,0,0,1
TF,D334H,51.946667,39.160000,0, ,0.0,0.0,0.0,0.0,1,2160,0,0,0,0,0,1
CF,D311H,51.923333,39.086667,1,IWV,311.6,7.9,212.0,2.0,1,1830,0,0,0,0,0,1
CF,CN12,51.892011,39.086156,0,IWV,300.4,6.2,122.0,1.0,1,1830,0,0,0,0,0,0

STAR,IDOKA4,30,2
IF,IDOKA,51.353333,39.851667, ,0.0,0.0,3,20000,0,0,0,0,0,0
TF,D124H,51.730000,39.381667,0, ,0.0,0.0,0.0,0.0,1,1800,0,0,0,0,0,0
CF,CF30,51.743239,39.363272,0,IWV,122.4,7.0,302.0,1.0,1,1800,0,0,0,0,0,0

STAR,PT2A,12,2
IF,PT,51.718333,40.189444, ,0.0,0.0,3,20000,0,0,0,0,0,0
TF,D061E,51.848992,39.346631,0, ,0.0,0.0,0.0,0.0,1,2160,0,0,0,0,0,0
CF,D334H,51.946667,39.160000,0,IWV,333.5,7.9,302.0,8.0,1,2160,0,0,0,0,0,1
CF,D311H,51.923333,39.086667,0,IWV,311.6,7.9,212.0,2.0,1,1830,0,0,0,0,0,1
CF,CN12,51.892011,39.086156,0,IWV,300.4,6.2,122.0,1.0,1,1830,0,0,0,0,0,0

STAR,PT2B,12,2
IF,PT,51.718333,40.189444, ,0.0,0.0,3,20000,0,0,0,0,0,0
TF,WR,51.843889,39.175694,0, ,0.0,0.0,0.0,0.0,1,5000,0,0,0,0,0,1
CF,D349E,51.933333,39.170000,0,IWV,334.9,7.0,350.0,5.0,1,2160,0,0,0,0,0,1
TF,D334H,51.946667,39.160000,0, ,0.0,0.0,0.0,0.0,1,2160,0,0,0,0,0,1
CF,D311H,51.923333,39.086667,1,IWV,311.6,7.9,212.0,2.0,1,1830,0,0,0,0,0,1
CF,CN12,51.892011,39.086156,0,IWV,300.4,6.2,122.0,1.0,1,1830,0,0,0,0,0,0

STAR,PT4,30,2
IF,PT,51.718333,40.189444, ,0.0,0.0,3,20000,0,0,0,0,0,0
TF,D121H,51.736667,39.385000,0, ,0.0,0.0,0.0,0.0,1,1800,0,0,0,0,0,0
CF,CF30,51.743239,39.363272,0,IWV,122.4,7.0,302.0,1.0,1,1800,0,0,0,0,0,0

STAR,SOMUM2,12,2
IF,SOMUM,50.866389,37.681667, ,0.0,0.0,0,0,0,0,0,0,0,0
TF,D285H,51.875000,39.026667,0, ,0.0,0.0,0.0,0.0,1,1830,0,0,0,0,0,1
CF,CN12,51.892011,39.086156,2,IWV,300.4,6.2,122.0,1.0,1,1830,0,0,0,0,0,0

STAR,SOMUM4,30,2
IF,SOMUM,50.866389,37.681667, ,0.0,0.0,0,0,0,0,0,0,0,0
TF,D135I,51.705000,39.361667,0, ,0.0,0.0,0.0,0.0,1,1800,0,0,0,0,0,1
CF,CF30,51.743239,39.363272,1,IWV,122.4,7.0,302.0,1.0,1,1800,0,0,0,0,0,0

STAR,TE2A,12,2
IF,TE,52.152500,38.268056, ,0.0,0.0,3,19000,0,0,0,0,0,0
TF,D301E,51.893333,39.081667,0, ,0.0,0.0,0.0,0.0,0,0,0,0,0,0,0,0
CF,CN12,51.892011,39.086156,0,IWV,300.4,6.2,122.0,1.0,1,1830,0,0,0,0,0,0

STAR,TE2B,12,2
IF,TE,52.152500,38.268056, ,0.0,0.0,3,19000,0,0,0,0,0,0
TF,WR,51.843889,39.175694,0, ,0.0,0.0,0.0,0.0,1,5000,0,0,0,0,0,1
CF,D334H,51.946667,39.160000,1,IWV,333.9,7.9,302.0,4.0,1,2160,0,0,0,0,0,1
CF,D311H,51.923333,39.086667,0,IWV,311.6,7.9,212.0,2.0,1,1830,0,0,0,0,0,1
CF,CN12,51.892011,39.086156,0,IWV,300.4,6.2,122.0,1.0,1,1830,0,0,0,0,0,0

STAR,TE4A,30,2
IF,TE,52.152500,38.268056, ,0.0,0.0,3,19000,0,0,0,0,0,0
TF,D065E,51.845000,39.355000,0, ,0.0,0.0,0.0,0.0,1,2130,0,0,0,0,0,0
TF,D090H,51.800000,39.440000,0, ,0.0,0.0,0.0,0.0,1,2130,0,0,0,0,0,1
CF,D115H,51.746667,39.405000,0,IWV,112.8,8.7,212.0,2.0,1,1800,0,0,0,0,0,1
CF,CF30,51.743239,39.363272,0,IWV,122.4,7.0,302.0,1.0,1,1800,0,0,0,0,0,0

STAR,TE4B,30,2
IF,TE,52.152500,38.268056, ,0.0,0.0,3,19000,0,0,0,0,0,0
TF,A,51.803306,39.251500,0, ,0.0,0.0,0.0,0.0,1,5000,0,0,0,0,0,0
TF,D088G,51.805833,39.416667,0, ,0.0,0.0,0.0,0.0,1,2130,0,0,0,0,0,0
TF,D090H,51.800000,39.440000,0, ,0.0,0.0,0.0,0.0,1,2130,0,0,0,0,0,1
CF,D115H,51.746667,39.405000,2,IWV,112.8,8.7,212.0,2.0,1,1800,0,0,0,0,0,1
CF,CF30,51.743239,39.363272,0,IWV,122.4,7.0,302.0,1.0,1,1800,0,0,0,0,0,0

STAR,TS2A,12,2
IF,TS,52.389167,38.931111, ,0.0,0.0,3,19000,0,0,0,0,0,0
TF,D304H,51.906667,39.076667,0, ,0.0,0.0,0.0,0.0,1,1830,0,0,0,0,0,1
CF,CN12,51.892011,39.086156,0,IWV,300.4,6.2,122.0,1.0,1,1830,0,0,0,0,0,0

STAR,TS2B,12,2
IF,TS,52.389167,38.931111, ,0.0,0.0,3,19000,0,0,0,0,0,0
TF,WR,51.843889,39.175694,0, ,0.0,0.0,0.0,0.0,1,5000,0,0,0,0,0,1
CF,D334H,51.946667,39.160000,1,IWV,333.9,7.9,302.0,6.0,1,2160,0,0,0,0,0,1
CF,D311H,51.923333,39.086667,0,IWV,311.6,7.9,212.0,2.0,1,1830,0,0,0,0,0,1
CF,CN12,51.892011,39.086156,0,IWV,300.4,6.2,122.0,1.0,1,1830,0,0,0,0,0,0

STAR,TS4A,30,2
IF,TS,52.389167,38.931111, ,0.0,0.0,3,19000,0,0,0,0,0,0
TF,D065E,51.845000,39.355000,0, ,0.0,0.0,0.0,0.0,1,2130,0,0,0,0,0,1
TF,D090H,51.800000,39.440000,0, ,0.0,0.0,0.0,0.0,1,2130,0,0,0,0,0,1
CF,D115H,51.746667,39.405000,0,IWV,112.8,8.7,212.0,2.0,1,1800,0,0,0,0,0,1
CF,CF30,51.743239,39.363272,0,IWV,122.4,7.0,302.0,1.0,1,1800,0,0,0,0,0,0

STAR,TS4B,30,2
IF,TS,52.389167,38.931111, ,0.0,0.0,3,19000,0,0,0,0,0,0
TF,A,51.803306,39.251500,0, ,0.0,0.0,0.0,0.0,1,5000,0,0,0,0,0,0
TF,D088G,51.805833,39.416667,0, ,0.0,0.0,0.0,0.0,1,2130,0,0,0,0,0,0
TF,D090H,51.800000,39.440000,0, ,0.0,0.0,0.0,0.0,1,2130,0,0,0,0,0,1
CF,D115H,51.746667,39.405000,2,IWV,112.8,8.7,212.0,2.0,1,1800,0,0,0,0,0,1
CF,CF30,51.743239,39.363272,0,IWV,122.4,7.0,302.0,1.0,1,1800,0,0,0,0,0,0

FINAL,I30,30,I,3
IF,CF30,51.743239,39.363272,IAP,121.8,7.4,1,1800,0,0,0,0,0,0
CF,FI30,51.765050,39.322744,0,IAP,121.8,5.4,302.0,2.0,1,1800,0,0,0,0,2,0
CF,RW30,51.808239,39.242300,0,IAP,121.8,1.5,302.0,4.0,1,538,0,0,0,0,3,0
CA,0,302.0,2,1150,0,0,0,0,0,0
CF,D090H,51.800000,39.440000,2,IWV,90.0,8.2,122.0,8.0,1,2130,0,0,0,0,0,0

FINAL,N12,12,N,4
IF,CN12,51.892011,39.086156,WR,0.0,0.0,1,1830,0,0,0,0,0,0
CF,FN12,51.870000,39.126667,0,WR,0.0,0.0,122.0,2.0,1,1830,0,0,0,0,2,0
CF,WR,51.843889,39.175694,0,WR,0.0,0.0,122.0,2.4,2,1140,0,0,0,0,0,0
CF,W,51.827639,39.206056,0,WR,0.0,0.0,122.0,1.5,1,725,0,0,0,0,3,0
CA,0,122.0,2,1170,0,0,0,0,0,0
CF,D334H,51.946667,39.160000,1,IWV,333.5,7.9,302.0,8.0,1,2160,0,0,0,0,0,0

FINAL,N30,30,N,4
IF,CF30,51.743239,39.363272,AP,0.0,0.0,1,1800,0,0,0,0,0,0
CF,FN30,51.765000,39.322778,0,AP,0.0,0.0,302.0,2.0,1,1800,0,0,0,0,2,0
CF,AP,51.776917,39.301389,0,AP,0.0,0.0,302.0,1.1,2,1470,0,0,0,0,0,0
CF,A,51.803306,39.251500,0,AP,0.0,0.0,302.0,2.4,1,682,0,0,0,0,3,0
CA,0,302.0,2,1150,0,0,0,0,0,0
CF,D090H,51.800000,39.440000,2,IWV,90.0,8.2,122.0,8.0,1,2130,0,0,0,0,0,0

