SID,ALBA1B,09,5
VA,0,90.0,2,520,0,0,0,0,0,0
DF,MB397,19.089656,72.938161,0, ,0.0,0.0,2,1000,0,0,0,0,0,1

SID,ALBA1B,AAU,6
IF,MB397,19.089656,72.938161, ,0.0,0.0,2,1000,0,0,0,0,0,0
TF,ALBAP,19.366058,73.026681,0, ,0.0,0.0,0.0,0.0,1,7000,0,0,0,0,0,0
TF,SEKVI,19.592778,73.684167,0, ,0.0,0.0,0.0,0.0,0,0,0,0,0,0,0,0
TF,KAKPO,19.760000,74.015833,0, ,0.0,0.0,0.0,0.0,0,0,0,0,0,0,0,0
TF,MB366,20.004150,74.698708,0, ,0.0,0.0,0.0,0.0,0,0,0,0,0,0,0,0
TF,AAU,19.861083,75.405250,0, ,0.0,0.0,0.0,0.0,0,0,0,0,0,0,0,0

SID,ALBA1B,BETKU,6
IF,MB397,19.089656,72.938161, ,0.0,0.0,2,1000,0,0,0,0,0,0
TF,ALBAP,19.366058,73.026681,0, ,0.0,0.0,0.0,0.0,3,7000,0,0,0,0,0,0
TF,XOPAL,19.462444,72.889775,0, ,0.0,0.0,0.0,0.0,3,9000,0,0,0,0,0,0
TF,MB381,20.013594,72.458847,0, ,0.0,0.0,0.0,0.0,0,0,0,0,0,0,0,0
TF,BETKU,20.477500,72.016389,0, ,0.0,0.0,0.0,0.0,0,0,0,0,0,0,0,0

SID,ALBA1B,DOTIP,6
IF,MB397,19.089656,72.938161, ,0.0,0.0,2,1000,0,0,0,0,0,0
TF,ALBAP,19.366058,73.026681,0, ,0.0,0.0,0.0,0.0,3,7000,0,0,0,0,0,0
TF,XOPAL,19.462444,72.889775,0, ,0.0,0.0,0.0,0.0,3,9000,0,0,0,0,0,0
TF,MB361,20.083489,72.859903,0, ,0.0,0.0,0.0,0.0,0,0,0,0,0,0,0,0
TF,DOTIP,20.758056,72.946389,0, ,0.0,0.0,0.0,0.0,0,0,0,0,0,0,0,0

SID,ALBA1B,EXOLU,6
IF,MB397,19.089656,72.938161, ,0.0,0.0,2,1000,0,0,0,0,0,0
TF,ALBAP,19.366058,73.026681,0, ,0.0,0.0,0.0,0.0,3,7000,0,0,0,0,0,0
TF,XOPAL,19.462444,72.889775,0, ,0.0,0.0,0.0,0.0,3,9000,0,0,0,0,0,0
TF,MB381,20.013594,72.458847,0, ,0.0,0.0,0.0,0.0,0,0,0,0,0,0,0,0
TF,EXOLU,20.213889,71.569444,0, ,0.0,0.0,0.0,0.0,0,0,0,0,0,0,0,0

SID,ALBA1B,KAKPO,6
IF,MB397,19.089656,72.938161, ,0.0,0.0,2,1000,0,0,0,0,0,0
TF,ALBAP,19.366058,73.026681,0, ,0.0,0.0,0.0,0.0,1,7000,0,0,0,0,0,0
TF,SEKVI,19.592778,73.684167,0, ,0.0,0.0,0.0,0.0,0,0,0,0,0,0,0,0
TF,KAKPO,19.760000,74.015833,0, ,0.0,0.0,0.0,0.0,0,0,0,0,0,0,0,0

SID,ALBA1B,POSIN,6
IF,MB397,19.089656,72.938161, ,0.0,0.0,2,1000,0,0,0,0,0,0
TF,ALBAP,19.366058,73.026681,0, ,0.0,0.0,0.0,0.0,1,7000,0,0,0,0,0,0
TF,SEKVI,19.592778,73.684167,0, ,0.0,0.0,0.0,0.0,0,0,0,0,0,0,0,0
TF,KAKPO,19.760000,74.015833,0, ,0.0,0.0,0.0,0.0,0,0,0,0,0,0,0,0
TF,MB366,20.004150,74.698708,0, ,0.0,0.0,0.0,0.0,0,0,0,0,0,0,0,0
TF,POSIN,20.278608,75.457650,0, ,0.0,0.0,0.0,0.0,0,0,0,0,0,0,0,0

SID,ANOL1A,27,5
VA,0,270.0,2,530,0,0,0,0,0,0
DF,MB364,19.087050,72.751211,0, ,0.0,0.0,2,2600,0,0,0,0,0,1

SID,ANOL1A,AAU,6
IF,MB364,19.087050,72.751211, ,0.0,0.0,2,2600,0,0,0,0,0,0
TF,ANOLI,19.301078,72.739314,0, ,0.0,0.0,0.0,0.0,3,7000,0,0,0,0,0,1
TF,XOPAL,19.462444,72.889775,0, ,0.0,0.0,0.0,0.0,0,0,0,0,0,0,0,0
TF,MB373,19.498625,73.066267,0, ,0.0,0.0,0.0,0.0,0,0,0,0,0,0,0,0
TF,MB365,19.561028,73.361864,0, ,0.0,0.0,0.0,0.0,1,10000,0,0,0,0,0,0
TF,SEKVI,19.592778,73.684167,0, ,0.0,0.0,0.0,0.0,0,0,0,0,0,0,0,0
TF,KAKPO,19.760000,74.015833,0, ,0.0,0.0,0.0,0.0,0,0,0,0,0,0,0,0
TF,MB366,20.004150,74.698708,0, ,0.0,0.0,0.0,0.0,0,0,0,0,0,0,0,0
TF,AAU,19.861083,75.405250,0, ,0.0,0.0,0.0,0.0,0,0,0,0,0,0,0,0

SID,ANOL1A,BETKU,6
IF,MB364,19.087050,72.751211, ,0.0,0.0,2,2600,0,0,0,0,0,0
TF,ANOLI,19.301078,72.739314,0, ,0.0,0.0,0.0,0.0,3,7000,0,0,0,0,0,0
TF,MB399,19.493667,72.665600,0, ,0.0,0.0,0.0,0.0,1,10000,0,0,0,0,0,0
TF,MB381,20.013594,72.458847,0, ,0.0,0.0,0.0,0.0,0,0,0,0,0,0,0,0
TF,BETKU,20.477500,72.016389,0, ,0.0,0.0,0.0,0.0,0,0,0,0,0,0,0,0

SID,ANOL1A,DOTIP,6
IF,MB364,19.087050,72.751211, ,0.0,0.0,2,2600,0,0,0,0,0,0
TF,ANOLI,19.301078,72.739314,0, ,0.0,0.0,0.0,0.0,3,7000,0,0,0,0,0,0
TF,MB361,20.083489,72.859903,0, ,0.0,0.0,0.0,0.0,0,0,0,0,0,0,0,0
TF,DOTIP,20.758056,72.946389,0, ,0.0,0.0,0.0,0.0,0,0,0,0,0,0,0,0

SID,ANOL1A,EXOLU,6
IF,MB364,19.087050,72.751211, ,0.0,0.0,2,2600,0,0,0,0,0,0
TF,ANOLI,19.301078,72.739314,0, ,0.0,0.0,0.0,0.0,3,7000,0,0,0,0,0,0
TF,MB399,19.493667,72.665600,0, ,0.0,0.0,0.0,0.0,1,10000,0,0,0,0,0,0
TF,MB381,20.013594,72.458847,0, ,0.0,0.0,0.0,0.0,0,0,0,0,0,0,0,0
TF,EXOLU,20.213889,71.569444,0, ,0.0,0.0,0.0,0.0,0,0,0,0,0,0,0,0

SID,ANOL1A,KAKPO,6
IF,MB364,19.087050,72.751211, ,0.0,0.0,2,2600,0,0,0,0,0,0
TF,ANOLI,19.301078,72.739314,0, ,0.0,0.0,0.0,0.0,3,7000,0,0,0,0,0,0
TF,XOPAL,19.462444,72.889775,0, ,0.0,0.0,0.0,0.0,0,0,0,0,0,0,0,0
TF,MB373,19.498625,73.066267,0, ,0.0,0.0,0.0,0.0,0,0,0,0,0,0,0,0
TF,MB365,19.561028,73.361864,0, ,0.0,0.0,0.0,0.0,1,10000,0,0,0,0,0,0
TF,SEKVI,19.592778,73.684167,0, ,0.0,0.0,0.0,0.0,0,0,0,0,0,0,0,0
TF,KAKPO,19.760000,74.015833,0, ,0.0,0.0,0.0,0.0,0,0,0,0,0,0,0,0

SID,ANOL1A,POSIN,6
IF,MB364,19.087050,72.751211, ,0.0,0.0,2,2600,0,0,0,0,0,0
TF,ANOLI,19.301078,72.739314,0, ,0.0,0.0,0.0,0.0,3,7000,0,0,0,0,0,1
TF,XOPAL,19.462444,72.889775,0, ,0.0,0.0,0.0,0.0,0,0,0,0,0,0,0,0
TF,MB373,19.498625,73.066267,0, ,0.0,0.0,0.0,0.0,0,0,0,0,0,0,0,0
TF,MB365,19.561028,73.361864,0, ,0.0,0.0,0.0,0.0,1,10000,0,0,0,0,0,0
TF,SEKVI,19.592778,73.684167,0, ,0.0,0.0,0.0,0.0,0,0,0,0,0,0,0,0
TF,KAKPO,19.760000,74.015833,0, ,0.0,0.0,0.0,0.0,0,0,0,0,0,0,0,0
TF,MB366,20.004150,74.698708,0, ,0.0,0.0,0.0,0.0,0,0,0,0,0,0,0,0
TF,POSIN,20.278608,75.457650,0, ,0.0,0.0,0.0,0.0,0,0,0,0,0,0,0,0

SID,ANOL1D,32,5
VA,0,316.0,2,530,0,0,0,0,0,0
DF,MB380,19.154397,72.796697,0, ,0.0,0.0,2,2600,0,0,0,0,0,0
TF,ANOLI,19.301078,72.739314,0, ,0.0,0.0,0.0,0.0,0,0,0,0,0,0,0,0

SID,ANOL1D,BETKU,6
IF,ANOLI,19.301078,72.739314, ,0.0,0.0,1,7000,0,0,0,0,0,0
TF,MB399,19.493667,72.665600,0, ,0.0,0.0,0.0,0.0,1,10000,0,0,0,0,0,0
TF,MB381,20.013594,72.458847,0, ,0.0,0.0,0.0,0.0,0,0,0,0,0,0,0,0
TF,BETKU,20.477500,72.016389,0, ,0.0,0.0,0.0,0.0,0,0,0,0,0,0,0,0

SID,ANOL1D,DOTIP,6
IF,ANOLI,19.301078,72.739314, ,0.0,0.0,0,0,0,0,0,0,0,0
TF,MB361,20.083489,72.859903,0, ,0.0,0.0,0.0,0.0,0,0,0,0,0,0,0,0
TF,DOTIP,20.758056,72.946389,0, ,0.0,0.0,0.0,0.0,0,0,0,0,0,0,0,0

SID,ANOL1D,EXOLU,6
IF,ANOLI,19.301078,72.739314, ,0.0,0.0,1,7000,0,0,0,0,0,0
TF,MB399,19.493667,72.665600,0, ,0.0,0.0,0.0,0.0,1,10000,0,0,0,0,0,0
TF,MB381,20.013594,72.458847,0, ,0.0,0.0,0.0,0.0,0,0,0,0,0,0,0,0
TF,EXOLU,20.213889,71.569444,0, ,0.0,0.0,0.0,0.0,0,0,0,0,0,0,0,0

SID,BBB1C,14,5
VA,0,135.0,2,540,0,0,0,0,0,0
DF,MB371,18.984122,72.981006,0, ,0.0,0.0,2,4000,0,0,0,0,0,1
DF,BBB,19.086319,72.874767,2, ,0.0,0.0,1,8000,0,0,0,0,0,0
TF,XOPAL,19.462444,72.889775,0, ,0.0,0.0,0.0,0.0,1,8000,0,0,0,0,0,0

SID,BBB1C,AAU,6
IF,XOPAL,19.462444,72.889775, ,0.0,0.0,1,8000,0,0,0,0,0,0
TF,MB365,19.561028,73.361864,0, ,0.0,0.0,0.0,0.0,3,10000,0,0,0,0,0,0
TF,SEKVI,19.592778,73.684167,0, ,0.0,0.0,0.0,0.0,0,0,0,0,0,0,0,0
TF,KAKPO,19.760000,74.015833,0, ,0.0,0.0,0.0,0.0,0,0,0,0,0,0,0,0
TF,MB366,20.004150,74.698708,0, ,0.0,0.0,0.0,0.0,0,0,0,0,0,0,0,0
TF,AAU,19.861083,75.405250,0, ,0.0,0.0,0.0,0.0,0,0,0,0,0,0,0,0

SID,BBB1C,BETKU,6
IF,XOPAL,19.462444,72.889775, ,0.0,0.0,1,8000,0,0,0,0,0,0
TF,MB381,20.013594,72.458847,0, ,0.0,0.0,0.0,0.0,3,18000,0,0,0,0,0,0
TF,BETKU,20.477500,72.016389,0, ,0.0,0.0,0.0,0.0,0,0,0,0,0,0,0,0

SID,BBB1C,DOTIP,6
IF,XOPAL,19.462444,72.889775, ,0.0,0.0,1,8000,0,0,0,0,0,0
TF,MB361,20.083489,72.859903,0, ,0.0,0.0,0.0,0.0,0,0,0,0,0,0,0,0
TF,DOTIP,20.758056,72.946389,0, ,0.0,0.0,0.0,0.0,0,0,0,0,0,0,0,0

SID,BBB1C,EXOLU,6
IF,XOPAL,19.462444,72.889775, ,0.0,0.0,1,8000,0,0,0,0,0,0
TF,MB381,20.013594,72.458847,0, ,0.0,0.0,0.0,0.0,3,18000,0,0,0,0,0,0
TF,EXOLU,20.213889,71.569444,0, ,0.0,0.0,0.0,0.0,0,0,0,0,0,0,0,0

SID,BBB1C,KAKPO,6
IF,XOPAL,19.462444,72.889775, ,0.0,0.0,1,8000,0,0,0,0,0,0
TF,MB365,19.561028,73.361864,0, ,0.0,0.0,0.0,0.0,3,10000,0,0,0,0,0,0
TF,SEKVI,19.592778,73.684167,0, ,0.0,0.0,0.0,0.0,0,0,0,0,0,0,0,0
TF,KAKPO,19.760000,74.015833,0, ,0.0,0.0,0.0,0.0,0,0,0,0,0,0,0,0

SID,BBB1C,POSIN,6
IF,XOPAL,19.462444,72.889775, ,0.0,0.0,1,8000,0,0,0,0,0,0
TF,MB365,19.561028,73.361864,0, ,0.0,0.0,0.0,0.0,3,10000,0,0,0,0,0,0
TF,SEKVI,19.592778,73.684167,0, ,0.0,0.0,0.0,0.0,0,0,0,0,0,0,0,0
TF,KAKPO,19.760000,74.015833,0, ,0.0,0.0,0.0,0.0,0,0,0,0,0,0,0,0
TF,MB366,20.004150,74.698708,0, ,0.0,0.0,0.0,0.0,0,0,0,0,0,0,0,0
TF,POSIN,20.278608,75.457650,0, ,0.0,0.0,0.0,0.0,0,0,0,0,0,0,0,0

SID,DOGA1B,09,5
VA,0,90.0,2,520,0,0,0,0,0,0
DF,MB397,19.089656,72.938161,0, ,0.0,0.0,2,1000,0,0,0,0,0,1
TF,DOGAP,18.809167,73.416667,0, ,0.0,0.0,0.0,0.0,0,0,0,0,0,0,0,0
TF,PUN,18.580000,73.914167,0, ,0.0,0.0,0.0,0.0,2,25000,0,0,0,0,0,0

SID,DOGA1C,14,5
VA,0,135.0,2,540,0,0,0,0,0,0
DF,MB053,19.020611,72.942508,0, ,0.0,0.0,1,2100,0,0,0,0,0,0
TF,DOGAP,18.809167,73.416667,0, ,0.0,0.0,0.0,0.0,0,0,0,0,0,0,0,0
TF,PUN,18.580000,73.914167,0, ,0.0,0.0,0.0,0.0,0,0,0,0,0,0,0,0

SID,ONAG1B,09,5
VA,0,90.0,2,520,0,0,0,0,0,0
DF,MB397,19.089656,72.938161,0, ,0.0,0.0,2,1000,0,0,0,0,0,1
TF,ONAGI,18.887042,72.989058,0, ,0.0,0.0,0.0,0.0,3,7000,0,0,0,0,0,0

SID,ONAG1B,BBM,6
IF,ONAGI,18.887042,72.989058, ,0.0,0.0,3,7000,0,0,0,0,0,0
TF,MB390,18.679178,72.989439,0, ,0.0,0.0,0.0,0.0,1,7000,0,0,0,0,0,0
TF,MB362,18.086656,72.982139,0, ,0.0,0.0,0.0,0.0,0,0,0,0,0,0,0,0
TF,BBM,15.856167,74.616944,0, ,0.0,0.0,0.0,0.0,0,0,0,0,0,0,0,0

SID,ONAG1B,BISET,6
IF,ONAGI,18.887042,72.989058, ,0.0,0.0,3,7000,0,0,0,0,0,0
TF,VEVAK,18.777167,72.742861,0, ,0.0,0.0,0.0,0.0,1,7000,0,0,0,0,0,0
TF,MB377,18.773889,72.420311,0, ,0.0,0.0,0.0,0.0,2,13000,0,0,0,0,0,0
TF,ARIRA,18.750067,71.104139,0, ,0.0,0.0,0.0,0.0,0,0,0,0,0,0,0,0
TF,BISET,18.389167,69.301944,0, ,0.0,0.0,0.0,0.0,0,0,0,0,0,0,0,0

SID,ONAG1B,BIXOR,6
IF,ONAGI,18.887042,72.989058, ,0.0,0.0,3,7000,0,0,0,0,0,0
TF,MB390,18.679178,72.989439,0, ,0.0,0.0,0.0,0.0,1,7000,0,0,0,0,0,0
TF,MB362,18.086656,72.982139,0, ,0.0,0.0,0.0,0.0,0,0,0,0,0,0,0,0
TF,BIXOR,17.401028,73.815944,0, ,0.0,0.0,0.0,0.0,0,0,0,0,0,0,0,0
TF,AGELA,16.606667,75.465833,0, ,0.0,0.0,0.0,0.0,0,0,0,0,0,0,0,0

SID,ONAG1B,DARMI,6
IF,ONAGI,18.887042,72.989058, ,0.0,0.0,3,7000,0,0,0,0,0,0
TF,VEVAK,18.777167,72.742861,0, ,0.0,0.0,0.0,0.0,1,7000,0,0,0,0,0,0
TF,MB377,18.773889,72.420311,0, ,0.0,0.0,0.0,0.0,2,13000,0,0,0,0,0,0
TF,ARIRA,18.750067,71.104139,0, ,0.0,0.0,0.0,0.0,0,0,0,0,0,0,0,0
TF,DARMI,17.795000,70.577500,0, ,0.0,0.0,0.0,0.0,0,0,0,0,0,0,0,0

SID,ONAG1B,EPKOS,6
IF,ONAGI,18.887042,72.989058, ,0.0,0.0,3,7000,0,0,0,0,0,0
TF,MB390,18.679178,72.989439,0, ,0.0,0.0,0.0,0.0,1,7000,0,0,0,0,0,0
TF,MB362,18.086656,72.982139,0, ,0.0,0.0,0.0,0.0,0,0,0,0,0,0,0,0
TF,EPKOS,16.885556,74.120278,0, ,0.0,0.0,0.0,0.0,0,0,0,0,0,0,0,0

SID,ONAG1B,ERVIS,6
IF,ONAGI,18.887042,72.989058, ,0.0,0.0,3,7000,0,0,0,0,0,0
TF,MB389,18.670389,72.877231,0, ,0.0,0.0,0.0,0.0,1,7000,0,0,0,0,0,0
TF,ERVIS,17.091111,72.053889,0, ,0.0,0.0,0.0,0.0,0,0,0,0,0,0,0,0

SID,ONAG1B,GUNDI,6
IF,ONAGI,18.887042,72.989058, ,0.0,0.0,3,7000,0,0,0,0,0,0
TF,ONAPA,18.465819,72.617156,0, ,0.0,0.0,0.0,0.0,0,0,0,0,0,0,0,0
TF,GUNDI,17.360278,71.493333,0, ,0.0,0.0,0.0,0.0,0,0,0,0,0,0,0,0

SID,ONAG1B,IGMAR,6
IF,ONAGI,18.887042,72.989058, ,0.0,0.0,3,7000,0,0,0,0,0,0
TF,MB390,18.679178,72.989439,0, ,0.0,0.0,0.0,0.0,1,7000,0,0,0,0,0,0
TF,MB362,18.086656,72.982139,0, ,0.0,0.0,0.0,0.0,0,0,0,0,0,0,0,0
TF,BIXOR,17.401028,73.815944,0, ,0.0,0.0,0.0,0.0,0,0,0,0,0,0,0,0
TF,IGMAR,15.721667,75.998889,0, ,0.0,0.0,0.0,0.0,0,0,0,0,0,0,0,0

SID,ONAG1B,MABTA,6
IF,ONAGI,18.887042,72.989058, ,0.0,0.0,3,7000,0,0,0,0,0,0
TF,MB390,18.679178,72.989439,0, ,0.0,0.0,0.0,0.0,1,7000,0,0,0,0,0,0
TF,MB362,18.086656,72.982139,0, ,0.0,0.0,0.0,0.0,0,0,0,0,0,0,0,0
TF,BEKUT,17.722500,73.218056,0, ,0.0,0.0,0.0,0.0,0,0,0,0,0,0,0,0
TF,MABTA,17.141389,73.362778,0, ,0.0,0.0,0.0,0.0,0,0,0,0,0,0,0,0

SID,ONAG1B,SAKUN,6
IF,ONAGI,18.887042,72.989058, ,0.0,0.0,3,7000,0,0,0,0,0,0
TF,VEVAK,18.777167,72.742861,0, ,0.0,0.0,0.0,0.0,1,7000,0,0,0,0,0,0
TF,MB377,18.773889,72.420311,0, ,0.0,0.0,0.0,0.0,2,13000,0,0,0,0,0,0
TF,SAKUN,19.607500,71.196944,0, ,0.0,0.0,0.0,0.0,0,0,0,0,0,0,0,0

SID,RAXE1A,27,5
VA,0,270.0,2,530,0,0,0,0,0,0
DF,MB364,19.087050,72.751211,0, ,0.0,0.0,2,2600,0,0,0,0,0,0
TF,RAXET,19.156675,72.097561,0, ,0.0,0.0,0.0,0.0,0,0,0,0,0,0,0,0

SID,RAXE1A,BISET,6
IF,RAXET,19.156675,72.097561, ,0.0,0.0,0,0,0,0,0,0,0,0
TF,BISET,18.389167,69.301944,0, ,0.0,0.0,0.0,0.0,0,0,0,0,0,0,0,0

SID,RAXE1A,DARMI,6
IF,RAXET,19.156675,72.097561, ,0.0,0.0,0,0,0,0,0,0,0,0
TF,MB370,18.891564,71.831803,0, ,0.0,0.0,0.0,0.0,0,0,0,0,0,0,0,0
TF,DARMI,17.795000,70.577500,0, ,0.0,0.0,0.0,0.0,0,0,0,0,0,0,0,0

SID,RAXE1A,SAKUN,6
IF,RAXET,19.156675,72.097561, ,0.0,0.0,0,0,0,0,0,0,0,0
TF,SAKUN,19.607500,71.196944,0, ,0.0,0.0,0.0,0.0,0,0,0,0,0,0,0,0

SID,RAXE1C,14,5
VA,0,135.0,2,540,0,0,0,0,0,0
DF,MB053,19.020611,72.942508,0, ,0.0,0.0,2,2100,0,0,0,0,0,0
TF,ONAGI,18.887042,72.989058,0, ,0.0,0.0,0.0,0.0,0,0,0,0,0,0,0,0

SID,RAXE1C,BISET,6
IF,ONAGI,18.887042,72.989058, ,0.0,0.0,0,0,0,0,0,0,0,0
TF,VEVAK,18.777167,72.742861,0, ,0.0,0.0,0.0,0.0,3,7000,0,0,0,0,0,0
TF,LAPOM,18.916850,72.571142,0, ,0.0,0.0,0.0,0.0,0,0,0,0,0,0,0,0
TF,MB388,19.012103,72.386264,0, ,0.0,0.0,0.0,0.0,1,8000,0,0,0,0,0,0
TF,RAXET,19.156675,72.097561,0, ,0.0,0.0,0.0,0.0,0,0,0,0,0,0,0,0
TF,BISET,18.389167,69.301944,0, ,0.0,0.0,0.0,0.0,0,0,0,0,0,0,0,0

SID,RAXE1C,DARMI,6
IF,ONAGI,18.887042,72.989058, ,0.0,0.0,0,0,0,0,0,0,0,0
TF,VEVAK,18.777167,72.742861,0, ,0.0,0.0,0.0,0.0,3,7000,0,0,0,0,0,0
TF,LAPOM,18.916850,72.571142,0, ,0.0,0.0,0.0,0.0,0,0,0,0,0,0,0,0
TF,MB388,19.012103,72.386264,0, ,0.0,0.0,0.0,0.0,1,8000,0,0,0,0,0,0
TF,RAXET,19.156675,72.097561,0, ,0.0,0.0,0.0,0.0,0,0,0,0,0,0,0,0
TF,DARMI,17.795000,70.577500,0, ,0.0,0.0,0.0,0.0,0,0,0,0,0,0,0,0

SID,RAXE1C,SAKUN,6
IF,ONAGI,18.887042,72.989058, ,0.0,0.0,0,0,0,0,0,0,0,0
TF,VEVAK,18.777167,72.742861,0, ,0.0,0.0,0.0,0.0,3,7000,0,0,0,0,0,0
TF,LAPOM,18.916850,72.571142,0, ,0.0,0.0,0.0,0.0,0,0,0,0,0,0,0,0
TF,MB388,19.012103,72.386264,0, ,0.0,0.0,0.0,0.0,1,8000,0,0,0,0,0,0
TF,RAXET,19.156675,72.097561,0, ,0.0,0.0,0.0,0.0,3,10000,0,0,0,0,0,0
TF,SAKUN,19.607500,71.196944,0, ,0.0,0.0,0.0,0.0,0,0,0,0,0,0,0,0

SID,RAXE1D,32,5
VA,0,316.0,2,530,0,0,0,0,0,0
DF,MB380,19.154397,72.796697,0, ,0.0,0.0,2,2600,0,0,0,0,0,1
TF,RAXET,19.156675,72.097561,0, ,0.0,0.0,0.0,0.0,1,7000,0,0,0,0,0,0

SID,RAXE1D,BISET,6
IF,RAXET,19.156675,72.097561, ,0.0,0.0,1,7000,0,0,0,0,0,0
TF,BISET,18.389167,69.301944,0, ,0.0,0.0,0.0,0.0,0,0,0,0,0,0,0,0

SID,RAXE1D,DARMI,6
IF,RAXET,19.156675,72.097561, ,0.0,0.0,1,7000,0,0,0,0,0,0
TF,MB370,18.891564,71.831803,0, ,0.0,0.0,0.0,0.0,0,0,0,0,0,0,0,0
TF,DARMI,17.795000,70.577500,0, ,0.0,0.0,0.0,0.0,0,0,0,0,0,0,0,0

SID,RAXE1D,SAKUN,6
IF,RAXET,19.156675,72.097561, ,0.0,0.0,1,7000,0,0,0,0,0,0
TF,SAKUN,19.607500,71.196944,0, ,0.0,0.0,0.0,0.0,0,0,0,0,0,0,0,0

SID,REVK1C,14,5
VA,0,135.0,2,540,0,0,0,0,0,0
DF,MB053,19.020611,72.942508,0, ,0.0,0.0,2,2100,0,0,0,0,0,1
TF,SABKA,18.782242,72.957075,0, ,0.0,0.0,0.0,0.0,0,0,0,0,0,0,0,0

SID,REVK1C,BBM,6
IF,SABKA,18.782242,72.957075, ,0.0,0.0,0,0,0,0,0,0,0,0
TF,REVKA,18.675192,72.960931,0, ,0.0,0.0,0.0,0.0,1,7000,0,0,0,0,0,0
TF,MB362,18.086656,72.982139,0, ,0.0,0.0,0.0,0.0,0,0,0,0,0,0,0,0
TF,BBM,15.856167,74.616944,0, ,0.0,0.0,0.0,0.0,0,0,0,0,0,0,0,0

SID,REVK1C,BIXOR,6
IF,SABKA,18.782242,72.957075, ,0.0,0.0,0,0,0,0,0,0,0,0
TF,REVKA,18.675192,72.960931,0, ,0.0,0.0,0.0,0.0,1,7000,0,0,0,0,0,0
TF,MB362,18.086656,72.982139,0, ,0.0,0.0,0.0,0.0,0,0,0,0,0,0,0,0
TF,BIXOR,17.401028,73.815944,0, ,0.0,0.0,0.0,0.0,0,0,0,0,0,0,0,0
TF,AGELA,16.606667,75.465833,0, ,0.0,0.0,0.0,0.0,0,0,0,0,0,0,0,0

SID,REVK1C,EPKOS,6
IF,SABKA,18.782242,72.957075, ,0.0,0.0,0,0,0,0,0,0,0,0
TF,REVKA,18.675192,72.960931,0, ,0.0,0.0,0.0,0.0,1,7000,0,0,0,0,0,0
TF,MB362,18.086656,72.982139,0, ,0.0,0.0,0.0,0.0,0,0,0,0,0,0,0,0
TF,EPKOS,16.885556,74.120278,0, ,0.0,0.0,0.0,0.0,0,0,0,0,0,0,0,0

SID,REVK1C,ERVIS,6
IF,SABKA,18.782242,72.957075, ,0.0,0.0,0,0,0,0,0,0,0,0
TF,REVKA,18.675192,72.960931,0, ,0.0,0.0,0.0,0.0,1,7000,0,0,0,0,0,0
TF,OSATA,18.419836,72.856356,0, ,0.0,0.0,0.0,0.0,0,0,0,0,0,0,0,0
TF,ERVIS,17.091111,72.053889,0, ,0.0,0.0,0.0,0.0,0,0,0,0,0,0,0,0

SID,REVK1C,GUNDI,6
IF,SABKA,18.782242,72.957075, ,0.0,0.0,0,0,0,0,0,0,0,0
TF,REVKA,18.675192,72.960931,0, ,0.0,0.0,0.0,0.0,1,7000,0,0,0,0,0,0
TF,OSATA,18.419836,72.856356,0, ,0.0,0.0,0.0,0.0,0,0,0,0,0,0,0,0
TF,GUNDI,17.360278,71.493333,0, ,0.0,0.0,0.0,0.0,0,0,0,0,0,0,0,0

SID,REVK1C,IGMAR,6
IF,SABKA,18.782242,72.957075, ,0.0,0.0,0,0,0,0,0,0,0,0
TF,REVKA,18.675192,72.960931,0, ,0.0,0.0,0.0,0.0,1,7000,0,0,0,0,0,0
TF,MB362,18.086656,72.982139,0, ,0.0,0.0,0.0,0.0,0,0,0,0,0,0,0,0
TF,BIXOR,17.401028,73.815944,0, ,0.0,0.0,0.0,0.0,0,0,0,0,0,0,0,0
TF,IGMAR,15.721667,75.998889,0, ,0.0,0.0,0.0,0.0,0,0,0,0,0,0,0,0

SID,REVK1C,MABTA,6
IF,SABKA,18.782242,72.957075, ,0.0,0.0,0,0,0,0,0,0,0,0
TF,REVKA,18.675192,72.960931,0, ,0.0,0.0,0.0,0.0,1,7000,0,0,0,0,0,0
TF,MB362,18.086656,72.982139,0, ,0.0,0.0,0.0,0.0,0,0,0,0,0,0,0,0
TF,BEKUT,17.722500,73.218056,0, ,0.0,0.0,0.0,0.0,0,0,0,0,0,0,0,0
TF,MABTA,17.141389,73.362778,0, ,0.0,0.0,0.0,0.0,0,0,0,0,0,0,0,0

SID,SABK1C,14,5
VA,0,135.0,2,540,0,0,0,0,0,0
DF,MB053,19.020611,72.942508,0, ,0.0,0.0,2,2100,0,0,0,0,0,1

SID,SABK1C,BBM,6
IF,MB053,19.020611,72.942508, ,0.0,0.0,2,2100,0,0,0,0,0,0
TF,SABKA,18.782242,72.957075,0, ,0.0,0.0,0.0,0.0,2,8000,0,0,0,0,0,0
TF,MB362,18.086656,72.982139,0, ,0.0,0.0,0.0,0.0,0,0,0,0,0,0,0,0
TF,BBM,15.856167,74.616944,0, ,0.0,0.0,0.0,0.0,0,0,0,0,0,0,0,0

SID,SABK1C,BIXOR,6
IF,MB053,19.020611,72.942508, ,0.0,0.0,2,2100,0,0,0,0,0,0
TF,SABKA,18.782242,72.957075,0, ,0.0,0.0,0.0,0.0,0,0,0,0,0,0,0,0
TF,MB362,18.086656,72.982139,0, ,0.0,0.0,0.0,0.0,0,0,0,0,0,0,0,0
TF,BIXOR,17.401028,73.815944,0, ,0.0,0.0,0.0,0.0,0,0,0,0,0,0,0,0
TF,AGELA,16.606667,75.465833,0, ,0.0,0.0,0.0,0.0,0,0,0,0,0,0,0,0

SID,SABK1C,EPKOS,6
IF,MB053,19.020611,72.942508, ,0.0,0.0,2,2100,0,0,0,0,0,0
TF,SABKA,18.782242,72.957075,0, ,0.0,0.0,0.0,0.0,0,0,0,0,0,0,0,0
TF,MB362,18.086656,72.982139,0, ,0.0,0.0,0.0,0.0,0,0,0,0,0,0,0,0
TF,EPKOS,16.885556,74.120278,0, ,0.0,0.0,0.0,0.0,0,0,0,0,0,0,0,0

SID,SABK1C,IGMAR,6
IF,MB053,19.020611,72.942508, ,0.0,0.0,2,2100,0,0,0,0,0,0
TF,SABKA,18.782242,72.957075,0, ,0.0,0.0,0.0,0.0,0,0,0,0,0,0,0,0
TF,MB362,18.086656,72.982139,0, ,0.0,0.0,0.0,0.0,0,0,0,0,0,0,0,0
TF,BIXOR,17.401028,73.815944,0, ,0.0,0.0,0.0,0.0,0,0,0,0,0,0,0,0
TF,IGMAR,15.721667,75.998889,0, ,0.0,0.0,0.0,0.0,0,0,0,0,0,0,0,0

SID,SABK1C,MABTA,6
IF,MB053,19.020611,72.942508, ,0.0,0.0,2,2100,0,0,0,0,0,0
TF,SABKA,18.782242,72.957075,0, ,0.0,0.0,0.0,0.0,2,8000,0,0,0,0,0,0
TF,MB362,18.086656,72.982139,0, ,0.0,0.0,0.0,0.0,0,0,0,0,0,0,0,0
TF,BEKUT,17.722500,73.218056,0, ,0.0,0.0,0.0,0.0,0,0,0,0,0,0,0,0
TF,MABTA,17.141389,73.362778,0, ,0.0,0.0,0.0,0.0,0,0,0,0,0,0,0,0

SID,SABK1C,PUN,6
IF,MB053,19.020611,72.942508, ,0.0,0.0,2,2100,0,0,0,0,0,0
TF,SABKA,18.782242,72.957075,0, ,0.0,0.0,0.0,0.0,1,8000,0,0,0,0,0,0
TF,DOGAP,18.809167,73.416667,0, ,0.0,0.0,0.0,0.0,0,0,0,0,0,0,0,0
TF,PUN,18.580000,73.914167,0, ,0.0,0.0,0.0,0.0,2,25000,0,0,0,0,0,0

SID,VEVA1A,27,5
VA,0,270.0,2,530,0,0,0,0,0,0
DF,MB364,19.087050,72.751211,0, ,0.0,0.0,2,2600,0,0,0,0,0,1
TF,VEVAK,18.777167,72.742861,0, ,0.0,0.0,0.0,0.0,3,7000,0,0,0,0,0,0

SID,VEVA1A,BBM,6
IF,VEVAK,18.777167,72.742861, ,0.0,0.0,3,7000,0,0,0,0,0,0
TF,MB362,18.086656,72.982139,0, ,0.0,0.0,0.0,0.0,0,0,0,0,0,0,0,0
TF,BBM,15.856167,74.616944,0, ,0.0,0.0,0.0,0.0,0,0,0,0,0,0,0,0

SID,VEVA1A,BIXOR,6
IF,VEVAK,18.777167,72.742861, ,0.0,0.0,3,7000,0,0,0,0,0,0
TF,MB362,18.086656,72.982139,0, ,0.0,0.0,0.0,0.0,0,0,0,0,0,0,0,0
TF,BIXOR,17.401028,73.815944,0, ,0.0,0.0,0.0,0.0,0,0,0,0,0,0,0,0
TF,AGELA,16.606667,75.465833,0, ,0.0,0.0,0.0,0.0,0,0,0,0,0,0,0,0

SID,VEVA1A,EPKOS,6
IF,VEVAK,18.777167,72.742861, ,0.0,0.0,3,7000,0,0,0,0,0,0
TF,MB362,18.086656,72.982139,0, ,0.0,0.0,0.0,0.0,0,0,0,0,0,0,0,0
TF,EPKOS,16.885556,74.120278,0, ,0.0,0.0,0.0,0.0,0,0,0,0,0,0,0,0

SID,VEVA1A,ERVIS,6
IF,VEVAK,18.777167,72.742861, ,0.0,0.0,3,7000,0,0,0,0,0,0
TF,ONAPA,18.465819,72.617156,0, ,0.0,0.0,0.0,0.0,0,0,0,0,0,0,0,0
TF,ERVIS,17.091111,72.053889,0, ,0.0,0.0,0.0,0.0,0,0,0,0,0,0,0,0

SID,VEVA1A,GUNDI,6
IF,VEVAK,18.777167,72.742861, ,0.0,0.0,3,7000,0,0,0,0,0,0
TF,ONAPA,18.465819,72.617156,0, ,0.0,0.0,0.0,0.0,0,0,0,0,0,0,0,0
TF,GUNDI,17.360278,71.493333,0, ,0.0,0.0,0.0,0.0,0,0,0,0,0,0,0,0

SID,VEVA1A,IGMAR,6
IF,VEVAK,18.777167,72.742861, ,0.0,0.0,3,7000,0,0,0,0,0,0
TF,MB362,18.086656,72.982139,0, ,0.0,0.0,0.0,0.0,0,0,0,0,0,0,0,0
TF,BIXOR,17.401028,73.815944,0, ,0.0,0.0,0.0,0.0,0,0,0,0,0,0,0,0
TF,IGMAR,15.721667,75.998889,0, ,0.0,0.0,0.0,0.0,0,0,0,0,0,0,0,0

SID,VEVA1A,MABTA,6
IF,VEVAK,18.777167,72.742861, ,0.0,0.0,3,7000,0,0,0,0,0,0
TF,MB362,18.086656,72.982139,0, ,0.0,0.0,0.0,0.0,0,0,0,0,0,0,0,0
TF,BEKUT,17.722500,73.218056,0, ,0.0,0.0,0.0,0.0,0,0,0,0,0,0,0,0
TF,MABTA,17.141389,73.362778,0, ,0.0,0.0,0.0,0.0,0,0,0,0,0,0,0,0

SID,VEVA1A,PUN,6
IF,VEVAK,18.777167,72.742861, ,0.0,0.0,3,7000,0,0,0,0,0,0
TF,SABKA,18.782242,72.957075,0, ,0.0,0.0,0.0,0.0,1,9000,0,0,0,0,0,0
TF,DOGAP,18.809167,73.416667,0, ,0.0,0.0,0.0,0.0,0,0,0,0,0,0,0,0
TF,PUN,18.580000,73.914167,0, ,0.0,0.0,0.0,0.0,2,25000,0,0,0,0,0,0

SID,VEVA1D,32,5
VA,0,316.0,2,530,0,0,0,0,0,0
DF,MB380,19.154397,72.796697,0, ,0.0,0.0,2,2600,0,0,0,0,0,1
TF,VEVAK,18.777167,72.742861,1, ,0.0,0.0,0.0,0.0,1,7000,0,0,0,0,0,0

SID,VEVA1D,BBM,6
IF,VEVAK,18.777167,72.742861, ,0.0,0.0,1,7000,0,0,0,0,0,0
TF,OSATA,18.419836,72.856356,0, ,0.0,0.0,0.0,0.0,0,0,0,0,0,0,0,0
TF,MB362,18.086656,72.982139,0, ,0.0,0.0,0.0,0.0,0,0,0,0,0,0,0,0
TF,BBM,15.856167,74.616944,0, ,0.0,0.0,0.0,0.0,0,0,0,0,0,0,0,0

SID,VEVA1D,BIXOR,6
IF,VEVAK,18.777167,72.742861, ,0.0,0.0,1,7000,0,0,0,0,0,0
TF,OSATA,18.419836,72.856356,0, ,0.0,0.0,0.0,0.0,0,0,0,0,0,0,0,0
TF,MB362,18.086656,72.982139,0, ,0.0,0.0,0.0,0.0,0,0,0,0,0,0,0,0
TF,BIXOR,17.401028,73.815944,0, ,0.0,0.0,0.0,0.0,0,0,0,0,0,0,0,0
TF,AGELA,16.606667,75.465833,0, ,0.0,0.0,0.0,0.0,0,0,0,0,0,0,0,0

SID,VEVA1D,EPKOS,6
IF,VEVAK,18.777167,72.742861, ,0.0,0.0,1,7000,0,0,0,0,0,0
TF,MB362,18.086656,72.982139,0, ,0.0,0.0,0.0,0.0,0,0,0,0,0,0,0,0
TF,EPKOS,16.885556,74.120278,0, ,0.0,0.0,0.0,0.0,0,0,0,0,0,0,0,0

SID,VEVA1D,ERVIS,6
IF,VEVAK,18.777167,72.742861, ,0.0,0.0,1,7000,0,0,0,0,0,0
TF,ONAPA,18.465819,72.617156,0, ,0.0,0.0,0.0,0.0,0,0,0,0,0,0,0,0
TF,ERVIS,17.091111,72.053889,0, ,0.0,0.0,0.0,0.0,0,0,0,0,0,0,0,0

SID,VEVA1D,GUNDI,6
IF,VEVAK,18.777167,72.742861, ,0.0,0.0,1,7000,0,0,0,0,0,0
TF,ONAPA,18.465819,72.617156,0, ,0.0,0.0,0.0,0.0,0,0,0,0,0,0,0,0
TF,GUNDI,17.360278,71.493333,0, ,0.0,0.0,0.0,0.0,0,0,0,0,0,0,0,0

SID,VEVA1D,IGMAR,6
IF,VEVAK,18.777167,72.742861, ,0.0,0.0,1,7000,0,0,0,0,0,0
TF,OSATA,18.419836,72.856356,0, ,0.0,0.0,0.0,0.0,0,0,0,0,0,0,0,0
TF,MB362,18.086656,72.982139,0, ,0.0,0.0,0.0,0.0,0,0,0,0,0,0,0,0
TF,BIXOR,17.401028,73.815944,0, ,0.0,0.0,0.0,0.0,0,0,0,0,0,0,0,0
TF,IGMAR,15.721667,75.998889,0, ,0.0,0.0,0.0,0.0,0,0,0,0,0,0,0,0

SID,VEVA1D,MABTA,6
IF,VEVAK,18.777167,72.742861, ,0.0,0.0,1,7000,0,0,0,0,0,0
TF,OSATA,18.419836,72.856356,0, ,0.0,0.0,0.0,0.0,0,0,0,0,0,0,0,0
TF,MB362,18.086656,72.982139,0, ,0.0,0.0,0.0,0.0,0,0,0,0,0,0,0,0
TF,BEKUT,17.722500,73.218056,0, ,0.0,0.0,0.0,0.0,0,0,0,0,0,0,0,0
TF,MABTA,17.141389,73.362778,0, ,0.0,0.0,0.0,0.0,0,0,0,0,0,0,0,0

SID,VIDA1C,14,5
VA,0,135.0,2,540,0,0,0,0,0,0
DF,MB053,19.020611,72.942508,0, ,0.0,0.0,2,2100,0,0,0,0,0,1
TF,VIDAG,19.117964,73.087303,0, ,0.0,0.0,0.0,0.0,0,0,0,0,0,0,0,0

SID,VIDA1C,AAU,6
IF,VIDAG,19.117964,73.087303, ,0.0,0.0,0,0,0,0,0,0,0,0
TF,MB398,19.453361,73.462614,0, ,0.0,0.0,0.0,0.0,3,10000,0,0,0,0,0,0
TF,SEKVI,19.592778,73.684167,0, ,0.0,0.0,0.0,0.0,0,0,0,0,0,0,0,0
TF,KAKPO,19.760000,74.015833,0, ,0.0,0.0,0.0,0.0,0,0,0,0,0,0,0,0
TF,MB366,20.004150,74.698708,0, ,0.0,0.0,0.0,0.0,0,0,0,0,0,0,0,0
TF,AAU,19.861083,75.405250,0, ,0.0,0.0,0.0,0.0,0,0,0,0,0,0,0,0

SID,VIDA1C,BETKU,6
IF,VIDAG,19.117964,73.087303, ,0.0,0.0,0,0,0,0,0,0,0,0
TF,XOPAL,19.462444,72.889775,0, ,0.0,0.0,0.0,0.0,1,7000,0,0,0,0,0,0
TF,MB381,20.013594,72.458847,0, ,0.0,0.0,0.0,0.0,3,10000,0,0,0,0,0,0
TF,BETKU,20.477500,72.016389,0, ,0.0,0.0,0.0,0.0,0,0,0,0,0,0,0,0

SID,VIDA1C,DOTIP,6
IF,VIDAG,19.117964,73.087303, ,0.0,0.0,0,0,0,0,0,0,0,0
TF,XOPAL,19.462444,72.889775,0, ,0.0,0.0,0.0,0.0,1,7000,0,0,0,0,0,0
TF,MB361,20.083489,72.859903,0, ,0.0,0.0,0.0,0.0,3,10000,0,0,0,0,0,0
TF,DOTIP,20.758056,72.946389,0, ,0.0,0.0,0.0,0.0,0,0,0,0,0,0,0,0

SID,VIDA1C,EXOLU,6
IF,VIDAG,19.117964,73.087303, ,0.0,0.0,0,0,0,0,0,0,0,0
TF,XOPAL,19.462444,72.889775,0, ,0.0,0.0,0.0,0.0,1,7000,0,0,0,0,0,0
TF,MB381,20.013594,72.458847,0, ,0.0,0.0,0.0,0.0,3,10000,0,0,0,0,0,0
TF,EXOLU,20.213889,71.569444,0, ,0.0,0.0,0.0,0.0,0,0,0,0,0,0,0,0

SID,VIDA1C,KAKPO,6
IF,VIDAG,19.117964,73.087303, ,0.0,0.0,0,0,0,0,0,0,0,0
TF,MB398,19.453361,73.462614,0, ,0.0,0.0,0.0,0.0,3,10000,0,0,0,0,0,0
TF,SEKVI,19.592778,73.684167,0, ,0.0,0.0,0.0,0.0,0,0,0,0,0,0,0,0
TF,KAKPO,19.760000,74.015833,0, ,0.0,0.0,0.0,0.0,0,0,0,0,0,0,0,0

SID,VIDA1C,POSIN,6
IF,VIDAG,19.117964,73.087303, ,0.0,0.0,0,0,0,0,0,0,0,0
TF,MB398,19.453361,73.462614,0, ,0.0,0.0,0.0,0.0,3,10000,0,0,0,0,0,0
TF,SEKVI,19.592778,73.684167,0, ,0.0,0.0,0.0,0.0,0,0,0,0,0,0,0,0
TF,KAKPO,19.760000,74.015833,0, ,0.0,0.0,0.0,0.0,0,0,0,0,0,0,0,0
TF,MB366,20.004150,74.698708,0, ,0.0,0.0,0.0,0.0,0,0,0,0,0,0,0,0
TF,POSIN,20.278608,75.457650,0, ,0.0,0.0,0.0,0.0,0,0,0,0,0,0,0,0

SID,XOPA1D,32,5
VA,0,316.0,2,530,0,0,0,0,0,0
DF,MB380,19.154397,72.796697,0, ,0.0,0.0,2,2600,0,0,0,0,0,0
TF,ANOLI,19.301078,72.739314,0, ,0.0,0.0,0.0,0.0,0,0,0,0,0,0,0,0

SID,XOPA1D,AAU,6
IF,ANOLI,19.301078,72.739314, ,0.0,0.0,0,0,0,0,0,0,0,0
TF,XOPAL,19.462444,72.889775,0, ,0.0,0.0,0.0,0.0,0,0,0,0,0,0,0,0
TF,MB365,19.561028,73.361864,0, ,0.0,0.0,0.0,0.0,1,10000,0,0,0,0,0,0
TF,SEKVI,19.592778,73.684167,0, ,0.0,0.0,0.0,0.0,0,0,0,0,0,0,0,0
TF,KAKPO,19.760000,74.015833,0, ,0.0,0.0,0.0,0.0,0,0,0,0,0,0,0,0
TF,MB366,20.004150,74.698708,0, ,0.0,0.0,0.0,0.0,0,0,0,0,0,0,0,0
TF,AAU,19.861083,75.405250,0, ,0.0,0.0,0.0,0.0,0,0,0,0,0,0,0,0

SID,XOPA1D,KAKPO,6
IF,ANOLI,19.301078,72.739314, ,0.0,0.0,0,0,0,0,0,0,0,0
TF,XOPAL,19.462444,72.889775,0, ,0.0,0.0,0.0,0.0,0,0,0,0,0,0,0,0
TF,MB365,19.561028,73.361864,0, ,0.0,0.0,0.0,0.0,1,10000,0,0,0,0,0,0
TF,SEKVI,19.592778,73.684167,0, ,0.0,0.0,0.0,0.0,0,0,0,0,0,0,0,0
TF,KAKPO,19.760000,74.015833,0, ,0.0,0.0,0.0,0.0,0,0,0,0,0,0,0,0

SID,XOPA1D,POSIN,6
IF,ANOLI,19.301078,72.739314, ,0.0,0.0,0,0,0,0,0,0,0,0
TF,XOPAL,19.462444,72.889775,0, ,0.0,0.0,0.0,0.0,0,0,0,0,0,0,0,0
TF,MB365,19.561028,73.361864,0, ,0.0,0.0,0.0,0.0,1,10000,0,0,0,0,0,0
TF,SEKVI,19.592778,73.684167,0, ,0.0,0.0,0.0,0.0,0,0,0,0,0,0,0,0
TF,KAKPO,19.760000,74.015833,0, ,0.0,0.0,0.0,0.0,0,0,0,0,0,0,0,0
TF,MB366,20.004150,74.698708,0, ,0.0,0.0,0.0,0.0,0,0,0,0,0,0,0,0
TF,POSIN,20.278608,75.457650,0, ,0.0,0.0,0.0,0.0,0,0,0,0,0,0,0,0

SID,XOPA1D,PUN,6
IF,ANOLI,19.301078,72.739314, ,0.0,0.0,0,0,0,0,0,0,0,0
TF,XOPAL,19.462444,72.889775,0, ,0.0,0.0,0.0,0.0,0,0,0,0,0,0,0,0
TF,MB402,19.344589,73.029311,0, ,0.0,0.0,0.0,0.0,0,0,0,0,0,0,0,0
TF,MB382,19.259147,73.113181,0, ,0.0,0.0,0.0,0.0,1,10000,0,0,0,0,0,0
TF,MB383,19.173728,73.197031,0, ,0.0,0.0,0.0,0.0,1,12000,0,0,0,0,0,0
TF,DOGAP,18.809167,73.416667,0, ,0.0,0.0,0.0,0.0,0,0,0,0,0,0,0,0
TF,PUN,18.580000,73.914167,0, ,0.0,0.0,0.0,0.0,2,25000,0,0,0,0,0,0

STAR,EMRA1A,APUSU,4
IF,APUSU,18.001111,76.428889, ,0.0,0.0,0,0,0,0,0,0,0,0
TF,MELAX,19.498611,75.632500,0, ,0.0,0.0,0.0,0.0,0,0,0,0,0,0,0,0
TF,OPAKA,19.605833,74.549444,0, ,0.0,0.0,0.0,0.0,0,0,0,0,0,0,0,0
TF,EMRAK,19.420442,73.871094,0, ,0.0,0.0,0.0,0.0,2,12000,0,1,250,0,0,0

STAR,EMRA1A,OPAKA,4
IF,OPAKA,19.605833,74.549444, ,0.0,0.0,0,0,0,0,0,0,0,0
TF,EMRAK,19.420442,73.871094,0, ,0.0,0.0,0.0,0.0,2,12000,0,1,250,0,0,0

STAR,EMRA1A,27,5
IF,EMRAK,19.420442,73.871094, ,0.0,0.0,2,12000,0,1,250,0,0,0
TF,MB403,19.215275,73.473181,0, ,0.0,0.0,0.0,0.0,1,8000,0,1,210,0,0,1
VM,19.091556,72.865972,0,180.0,0,0,0,0,0,0,0,0

STAR,EMRA1B,APUSU,4
IF,APUSU,18.001111,76.428889, ,0.0,0.0,0,0,0,0,0,0,0,0
TF,MELAX,19.498611,75.632500,0, ,0.0,0.0,0.0,0.0,0,0,0,0,0,0,0,0
TF,OPAKA,19.605833,74.549444,0, ,0.0,0.0,0.0,0.0,0,0,0,0,0,0,0,0
TF,EMRAK,19.420442,73.871094,0, ,0.0,0.0,0.0,0.0,2,12000,0,1,250,0,0,0

STAR,EMRA1B,OPAKA,4
IF,OPAKA,19.605833,74.549444, ,0.0,0.0,0,0,0,0,0,0,0,0
TF,EMRAK,19.420442,73.871094,0, ,0.0,0.0,0.0,0.0,2,12000,0,1,250,0,0,0

STAR,EMRA1B,09,5
IF,EMRAK,19.420442,73.871094, ,0.0,0.0,2,12000,0,1,250,0,0,0
TF,MB391,19.212197,73.142919,0, ,0.0,0.0,0.0,0.0,1,11000,0,1,250,0,0,0
TF,MB375,19.215100,72.334744,0, ,0.0,0.0,0.0,0.0,0,0,0,0,0,0,0,1
VM,19.091556,72.865972,1,180.0,0,0,0,0,0,0,0,0

STAR,EMRA1C,APUSU,4
IF,APUSU,18.001111,76.428889, ,0.0,0.0,0,0,0,0,0,0,0,0
TF,MELAX,19.498611,75.632500,0, ,0.0,0.0,0.0,0.0,0,0,0,0,0,0,0,0
TF,OPAKA,19.605833,74.549444,0, ,0.0,0.0,0.0,0.0,0,0,0,0,0,0,0,0
TF,EMRAK,19.420442,73.871094,0, ,0.0,0.0,0.0,0.0,2,12000,0,1,250,0,0,0

STAR,EMRA1C,OPAKA,4
IF,OPAKA,19.605833,74.549444, ,0.0,0.0,0,0,0,0,0,0,0,0
TF,EMRAK,19.420442,73.871094,0, ,0.0,0.0,0.0,0.0,2,12000,0,1,250,0,0,0

STAR,EMRA1C,14,5
IF,EMRAK,19.420442,73.871094, ,0.0,0.0,2,12000,0,1,250,0,0,0
TF,MB403,19.215275,73.473181,0, ,0.0,0.0,0.0,0.0,1,10000,0,0,0,0,0,0
TF,MB368,19.208922,73.031950,0, ,0.0,0.0,0.0,0.0,1,10000,0,1,250,0,0,0
TF,MB386,19.307422,72.823681,0, ,0.0,0.0,0.0,0.0,0,0,0,0,0,0,0,0
TF,MB384,19.452608,72.668364,0, ,0.0,0.0,0.0,0.0,0,0,0,0,0,0,0,0
TF,MB387,19.544939,72.549839,0, ,0.0,0.0,0.0,0.0,0,0,0,0,0,0,0,1
VM,19.091556,72.865972,0,230.0,0,0,0,0,0,0,0,0

STAR,EMRA1D,APUSU,4
IF,APUSU,18.001111,76.428889, ,0.0,0.0,0,0,0,0,0,0,0,0
TF,MELAX,19.498611,75.632500,0, ,0.0,0.0,0.0,0.0,0,0,0,0,0,0,0,0
TF,OPAKA,19.605833,74.549444,0, ,0.0,0.0,0.0,0.0,0,0,0,0,0,0,0,0
TF,EMRAK,19.420442,73.871094,0, ,0.0,0.0,0.0,0.0,2,12000,0,1,250,0,0,0

STAR,EMRA1D,OPAKA,4
IF,OPAKA,19.605833,74.549444, ,0.0,0.0,0,0,0,0,0,0,0,0
TF,EMRAK,19.420442,73.871094,0, ,0.0,0.0,0.0,0.0,2,12000,0,1,250,0,0,0

STAR,EMRA1D,32,5
IF,EMRAK,19.420442,73.871094, ,0.0,0.0,2,12000,0,1,250,0,0,0
TF,MB403,19.215275,73.473181,0, ,0.0,0.0,0.0,0.0,1,7000,0,0,0,0,0,0
TF,MB363,18.973081,73.169092,0, ,0.0,0.0,0.0,0.0,0,0,0,0,0,0,0,1
VM,19.091556,72.865972,0,230.0,0,0,0,0,0,0,0,0

STAR,IGBA1A,27,5
IF,SG,21.167500,73.565833, ,0.0,0.0,0,0,0,0,0,0,0,0
TF,AKTIV,20.248056,73.258333,0, ,0.0,0.0,0.0,0.0,0,0,0,0,0,0,0,0
TF,IGBAN,20.046950,73.194617,0, ,0.0,0.0,0.0,0.0,2,12000,0,1,230,0,0,0
TF,MB392,19.518522,73.149958,0, ,0.0,0.0,0.0,0.0,1,11000,0,1,230,0,0,0
TF,MB391,19.212197,73.142919,0, ,0.0,0.0,0.0,0.0,1,11000,0,1,210,0,0,0
TF,MB403,19.215275,73.473181,0, ,0.0,0.0,0.0,0.0,1,8000,0,1,210,0,0,1
VM,19.091556,72.865972,0,180.0,0,0,0,0,0,0,0,0

STAR,IGBA1B,09,5
IF,SG,21.167500,73.565833, ,0.0,0.0,0,0,0,0,0,0,0,0
TF,AKTIV,20.248056,73.258333,0, ,0.0,0.0,0.0,0.0,0,0,0,0,0,0,0,0
TF,IGBAN,20.046950,73.194617,0, ,0.0,0.0,0.0,0.0,2,12000,0,1,230,0,0,0
TF,MB376,19.213908,72.807292,0, ,0.0,0.0,0.0,0.0,1,10000,0,1,210,0,0,0
TF,MB375,19.215100,72.334744,0, ,0.0,0.0,0.0,0.0,0,0,0,0,0,0,0,1
VM,19.091556,72.865972,1,180.0,0,0,0,0,0,0,0,0

STAR,IGBA1C,14,5
IF,SG,21.167500,73.565833, ,0.0,0.0,0,0,0,0,0,0,0,0
TF,AKTIV,20.248056,73.258333,0, ,0.0,0.0,0.0,0.0,0,0,0,0,0,0,0,0
TF,IGBAN,20.046950,73.194617,0, ,0.0,0.0,0.0,0.0,2,12000,0,1,250,0,0,0
TF,MB402,19.344589,73.029311,0, ,0.0,0.0,0.0,0.0,1,9000,0,1,210,0,0,0
TF,MB386,19.307422,72.823681,0, ,0.0,0.0,0.0,0.0,1,9000,0,1,210,0,0,0
TF,MB384,19.452608,72.668364,0, ,0.0,0.0,0.0,0.0,1,9000,0,1,210,0,0,0
TF,MB387,19.544939,72.549839,0, ,0.0,0.0,0.0,0.0,1,9000,0,1,210,0,0,1
VM,19.091556,72.865972,0,230.0,0,0,0,0,0,0,0,0

STAR,IGBA1D,32,5
IF,SG,21.167500,73.565833, ,0.0,0.0,0,0,0,0,0,0,0,0
TF,AKTIV,20.248056,73.258333,0, ,0.0,0.0,0.0,0.0,0,0,0,0,0,0,0,0
TF,IGBAN,20.046950,73.194617,0, ,0.0,0.0,0.0,0.0,2,12000,0,1,250,0,0,0
TF,MB402,19.344589,73.029311,0, ,0.0,0.0,0.0,0.0,0,0,0,0,0,0,0,0
TF,MB385,19.138506,72.990047,0, ,0.0,0.0,0.0,0.0,1,11000,0,0,0,0,0,0
TF,MB363,18.973081,73.169092,0, ,0.0,0.0,0.0,0.0,1,9000,0,1,210,0,0,1
VM,19.091556,72.865972,2,230.0,0,0,0,0,0,0,0,0

STAR,KETO1A,BISET,4
IF,BISET,18.389167,69.301944, ,0.0,0.0,0,0,0,0,0,0,0,0
TF,KETOR,18.427686,72.074039,0, ,0.0,0.0,0.0,0.0,2,12000,0,1,250,0,0,0

STAR,KETO1A,DARMI,4
IF,DARMI,17.795000,70.577500, ,0.0,0.0,0,0,0,0,0,0,0,0
TF,KETOR,18.427686,72.074039,0, ,0.0,0.0,0.0,0.0,2,12000,0,1,250,0,0,0

STAR,KETO1A,ERVIS,4
IF,ERVIS,17.091111,72.053889, ,0.0,0.0,0,0,0,0,0,0,0,0
TF,KETOR,18.427686,72.074039,0, ,0.0,0.0,0.0,0.0,2,12000,0,1,250,0,0,0

STAR,KETO1A,GUNDI,4
IF,GUNDI,17.360278,71.493333, ,0.0,0.0,0,0,0,0,0,0,0,0
TF,KETOR,18.427686,72.074039,0, ,0.0,0.0,0.0,0.0,2,12000,0,1,250,0,0,0

STAR,KETO1A,KABSO,4
IF,OKILA,16.592778,73.107778, ,0.0,0.0,0,0,0,0,0,0,0,0
TF,KABSO,17.087500,72.819444,0, ,0.0,0.0,0.0,0.0,0,0,0,0,0,0,0,0
TF,KETOR,18.427686,72.074039,0, ,0.0,0.0,0.0,0.0,2,12000,0,1,250,0,0,0

STAR,KETO1A,SUGID,4
IF,SUGID,19.550833,69.349722, ,0.0,0.0,0,0,0,0,0,0,0,0
TF,AROTA,19.134167,70.216389,0, ,0.0,0.0,0.0,0.0,0,0,0,0,0,0,0,0
TF,KETOR,18.427686,72.074039,0, ,0.0,0.0,0.0,0.0,2,12000,0,1,250,0,0,0

STAR,KETO1A,27,5
IF,KETOR,18.427686,72.074039, ,0.0,0.0,2,12000,0,0,0,0,0,0
TF,MB393,18.905972,72.614614,0, ,0.0,0.0,0.0,0.0,0,0,0,0,0,0,0,0
TF,MB394,18.927200,73.151897,0, ,0.0,0.0,0.0,0.0,1,10000,0,1,210,0,0,0
TF,MB395,18.936575,73.379472,0, ,0.0,0.0,0.0,0.0,0,0,0,0,0,0,0,1
VM,19.091556,72.865972,0,360.0,0,0,0,0,0,0,0,0

STAR,KETO1B,BISET,4
IF,BISET,18.389167,69.301944, ,0.0,0.0,0,0,0,0,0,0,0,0
TF,KETOR,18.427686,72.074039,0, ,0.0,0.0,0.0,0.0,2,12000,0,1,250,0,0,0

STAR,KETO1B,DARMI,4
IF,DARMI,17.795000,70.577500, ,0.0,0.0,0,0,0,0,0,0,0,0
TF,KETOR,18.427686,72.074039,0, ,0.0,0.0,0.0,0.0,2,12000,0,1,250,0,0,0

STAR,KETO1B,ERVIS,4
IF,ERVIS,17.091111,72.053889, ,0.0,0.0,0,0,0,0,0,0,0,0
TF,KETOR,18.427686,72.074039,0, ,0.0,0.0,0.0,0.0,2,12000,0,1,250,0,0,0

STAR,KETO1B,GUNDI,4
IF,GUNDI,17.360278,71.493333, ,0.0,0.0,0,0,0,0,0,0,0,0
TF,KETOR,18.427686,72.074039,0, ,0.0,0.0,0.0,0.0,2,12000,0,1,250,0,0,0

STAR,KETO1B,KABSO,4
IF,OKILA,16.592778,73.107778, ,0.0,0.0,0,0,0,0,0,0,0,0
TF,KABSO,17.087500,72.819444,0, ,0.0,0.0,0.0,0.0,0,0,0,0,0,0,0,0
TF,KETOR,18.427686,72.074039,0, ,0.0,0.0,0.0,0.0,2,12000,0,1,250,0,0,0

STAR,KETO1B,SUGID,4
IF,SUGID,19.550833,69.349722, ,0.0,0.0,0,0,0,0,0,0,0,0
TF,AROTA,19.134167,70.216389,0, ,0.0,0.0,0.0,0.0,0,0,0,0,0,0,0,0
TF,KETOR,18.427686,72.074039,0, ,0.0,0.0,0.0,0.0,2,12000,0,1,250,0,0,0

STAR,KETO1B,09,5
IF,KETOR,18.427686,72.074039, ,0.0,0.0,2,12000,0,0,0,0,0,0
TF,MB374,18.952228,72.414356,0, ,0.0,0.0,0.0,0.0,1,7000,0,1,210,0,0,1
VM,19.091556,72.865972,0,360.0,0,0,0,0,0,0,0,0

STAR,KETO1C,BISET,4
IF,BISET,18.389167,69.301944, ,0.0,0.0,0,0,0,0,0,0,0,0
TF,KETOR,18.427686,72.074039,0, ,0.0,0.0,0.0,0.0,2,12000,0,1,250,0,0,0

STAR,KETO1C,DARMI,4
IF,DARMI,17.795000,70.577500, ,0.0,0.0,0,0,0,0,0,0,0,0
TF,KETOR,18.427686,72.074039,0, ,0.0,0.0,0.0,0.0,2,12000,0,1,250,0,0,0

STAR,KETO1C,ERVIS,4
IF,ERVIS,17.091111,72.053889, ,0.0,0.0,0,0,0,0,0,0,0,0
TF,KETOR,18.427686,72.074039,0, ,0.0,0.0,0.0,0.0,2,12000,0,1,250,0,0,0

STAR,KETO1C,GUNDI,4
IF,GUNDI,17.360278,71.493333, ,0.0,0.0,0,0,0,0,0,0,0,0
TF,KETOR,18.427686,72.074039,0, ,0.0,0.0,0.0,0.0,2,12000,0,1,250,0,0,0

STAR,KETO1C,KABSO,4
IF,OKILA,16.592778,73.107778, ,0.0,0.0,0,0,0,0,0,0,0,0
TF,KABSO,17.087500,72.819444,0, ,0.0,0.0,0.0,0.0,0,0,0,0,0,0,0,0
TF,KETOR,18.427686,72.074039,0, ,0.0,0.0,0.0,0.0,2,12000,0,1,250,0,0,0

STAR,KETO1C,SUGID,4
IF,SUGID,19.550833,69.349722, ,0.0,0.0,0,0,0,0,0,0,0,0
TF,AROTA,19.134167,70.216389,0, ,0.0,0.0,0.0,0.0,0,0,0,0,0,0,0,0
TF,KETOR,18.427686,72.074039,0, ,0.0,0.0,0.0,0.0,2,12000,0,1,250,0,0,0

STAR,KETO1C,14,5
IF,KETOR,18.427686,72.074039, ,0.0,0.0,2,12000,0,0,0,0,0,0
TF,LAPOM,18.916850,72.571142,0, ,0.0,0.0,0.0,0.0,1,9000,0,1,210,0,0,0
TF,MB408,19.072958,72.707964,0, ,0.0,0.0,0.0,0.0,1,9000,0,1,210,0,0,0
TF,MB407,19.295664,72.466325,0, ,0.0,0.0,0.0,0.0,1,8000,0,1,210,0,0,1
VM,19.091556,72.865972,2,50.0,0,0,0,0,0,0,0,0

STAR,KETO1D,BISET,4
IF,BISET,18.389167,69.301944, ,0.0,0.0,0,0,0,0,0,0,0,0
TF,KETOR,18.427686,72.074039,0, ,0.0,0.0,0.0,0.0,2,12000,0,1,250,0,0,0

STAR,KETO1D,DARMI,4
IF,DARMI,17.795000,70.577500, ,0.0,0.0,0,0,0,0,0,0,0,0
TF,KETOR,18.427686,72.074039,0, ,0.0,0.0,0.0,0.0,2,12000,0,1,250,0,0,0

STAR,KETO1D,ERVIS,4
IF,ERVIS,17.091111,72.053889, ,0.0,0.0,0,0,0,0,0,0,0,0
TF,KETOR,18.427686,72.074039,0, ,0.0,0.0,0.0,0.0,2,12000,0,1,250,0,0,0

STAR,KETO1D,GUNDI,4
IF,GUNDI,17.360278,71.493333, ,0.0,0.0,0,0,0,0,0,0,0,0
TF,KETOR,18.427686,72.074039,0, ,0.0,0.0,0.0,0.0,2,12000,0,1,250,0,0,0

STAR,KETO1D,KABSO,4
IF,OKILA,16.592778,73.107778, ,0.0,0.0,0,0,0,0,0,0,0,0
TF,KABSO,17.087500,72.819444,0, ,0.0,0.0,0.0,0.0,0,0,0,0,0,0,0,0
TF,KETOR,18.427686,72.074039,0, ,0.0,0.0,0.0,0.0,2,12000,0,1,250,0,0,0

STAR,KETO1D,SUGID,4
IF,SUGID,19.550833,69.349722, ,0.0,0.0,0,0,0,0,0,0,0,0
TF,AROTA,19.134167,70.216389,0, ,0.0,0.0,0.0,0.0,0,0,0,0,0,0,0,0
TF,KETOR,18.427686,72.074039,0, ,0.0,0.0,0.0,0.0,2,12000,0,1,250,0,0,0

STAR,KETO1D,32,5
IF,KETOR,18.427686,72.074039, ,0.0,0.0,2,12000,0,1,250,0,0,0
TF,LAPOM,18.916850,72.571142,0, ,0.0,0.0,0.0,0.0,1,8000,0,1,210,0,0,0
TF,MB409,18.878883,72.917428,0, ,0.0,0.0,0.0,0.0,1,8000,0,1,210,0,0,0
TF,MB404,18.755428,73.051647,0, ,0.0,0.0,0.0,0.0,0,0,0,1,210,0,0,1
VM,19.091556,72.865972,0,50.0,0,0,0,0,0,0,0,0

STAR,MOLG1A,27,5
IF,AGELA,16.606667,75.465833, ,0.0,0.0,0,0,0,0,0,0,0,0
TF,MOLGO,18.160556,73.385000,0, ,0.0,0.0,0.0,0.0,2,12000,0,1,250,0,0,0
TF,MB372,18.665919,73.158719,0, ,0.0,0.0,0.0,0.0,1,7000,0,1,210,0,0,0
TF,MB394,18.927200,73.151897,0, ,0.0,0.0,0.0,0.0,0,0,0,0,0,0,0,0
TF,MB395,18.936575,73.379472,0, ,0.0,0.0,0.0,0.0,0,0,0,0,0,0,0,1
VM,19.091556,72.865972,0,360.0,0,0,0,0,0,0,0,0

STAR,MOLG1B,09,5
IF,AGELA,16.606667,75.465833, ,0.0,0.0,0,0,0,0,0,0,0,0
TF,MOLGO,18.160556,73.385000,0, ,0.0,0.0,0.0,0.0,2,12000,0,1,250,0,0,0
TF,MB372,18.665919,73.158719,0, ,0.0,0.0,0.0,0.0,0,0,0,0,0,0,0,0
TF,ONAGI,18.887042,72.989058,0, ,0.0,0.0,0.0,0.0,0,0,0,0,0,0,0,0
TF,MB396,18.914525,72.743686,0, ,0.0,0.0,0.0,0.0,1,10000,0,0,0,0,0,0
TF,MB374,18.952228,72.414356,0, ,0.0,0.0,0.0,0.0,1,9000,0,0,0,0,0,1
VM,19.091556,72.865972,0,360.0,0,0,0,0,0,0,0,0

STAR,MOLG1C,14,5
IF,AGELA,16.606667,75.465833, ,0.0,0.0,0,0,0,0,0,0,0,0
TF,MOLGO,18.160556,73.385000,0, ,0.0,0.0,0.0,0.0,2,12000,0,1,250,0,0,0
TF,MB372,18.665919,73.158719,0, ,0.0,0.0,0.0,0.0,1,10000,0,0,0,0,0,0
TF,MB408,19.072958,72.707964,0, ,0.0,0.0,0.0,0.0,0,0,0,0,0,0,0,0
TF,MB407,19.295664,72.466325,0, ,0.0,0.0,0.0,0.0,0,0,0,0,0,0,0,1
VM,19.091556,72.865972,2,50.0,0,0,0,0,0,0,0,0

STAR,MOLG1D,32,5
IF,AGELA,16.606667,75.465833, ,0.0,0.0,0,0,0,0,0,0,0,0
TF,MOLGO,18.160556,73.385000,0, ,0.0,0.0,0.0,0.0,2,12000,0,1,250,0,0,0
TF,MB372,18.665919,73.158719,0, ,0.0,0.0,0.0,0.0,1,10000,0,0,0,0,0,1
VM,19.091556,72.865972,0,50.0,0,0,0,0,0,0,0,0

STAR,POKO1A,BETKU,4
IF,BETKU,20.477500,72.016389, ,0.0,0.0,0,0,0,0,0,0,0,0
TF,POKON,19.771964,72.077078,0, ,0.0,0.0,0.0,0.0,2,12000,0,0,0,0,0,0

STAR,POKO1A,BOFIN,4
IF,BOFIN,20.712500,72.458889, ,0.0,0.0,0,0,0,0,0,0,0,0
TF,POKON,19.771964,72.077078,0, ,0.0,0.0,0.0,0.0,1,19000,0,0,0,0,0,0

STAR,POKO1A,EXOLU,4
IF,EXOLU,20.213889,71.569444, ,0.0,0.0,0,0,0,0,0,0,0,0
TF,POKON,19.771964,72.077078,0, ,0.0,0.0,0.0,0.0,2,12000,0,0,0,0,0,0

STAR,POKO1A,27,5
IF,POKON,19.771964,72.077078, ,0.0,0.0,2,12000,0,0,0,0,0,0
TF,MB379,19.215875,72.603767,0, ,0.0,0.0,0.0,0.0,0,0,0,0,0,0,0,0
TF,MB391,19.212197,73.142919,0, ,0.0,0.0,0.0,0.0,1,11000,0,1,250,0,0,0
TF,MB403,19.215275,73.473181,0, ,0.0,0.0,0.0,0.0,1,8000,0,1,210,0,0,1
VM,19.091556,72.865972,0,180.0,0,0,0,0,0,0,0,0

STAR,POKO1B,BETKU,4
IF,BETKU,20.477500,72.016389, ,0.0,0.0,0,0,0,0,0,0,0,0
TF,POKON,19.771964,72.077078,0, ,0.0,0.0,0.0,0.0,1,12000,0,1,250,0,0,0

STAR,POKO1B,BOFIN,4
IF,BOFIN,20.712500,72.458889, ,0.0,0.0,0,0,0,0,0,0,0,0
TF,POKON,19.771964,72.077078,0, ,0.0,0.0,0.0,0.0,1,19000,0,1,250,0,0,0

STAR,POKO1B,EXOLU,4
IF,EXOLU,20.213889,71.569444, ,0.0,0.0,0,0,0,0,0,0,0,0
TF,POKON,19.771964,72.077078,0, ,0.0,0.0,0.0,0.0,1,12000,0,1,250,0,0,0

STAR,POKO1B,09,5
IF,POKON,19.771964,72.077078, ,0.0,0.0,2,12000,0,1,250,0,0,0
TF,MB375,19.215100,72.334744,0, ,0.0,0.0,0.0,0.0,1,8000,0,1,210,0,0,1
VM,19.091556,72.865972,0,180.0,0,0,0,0,0,0,0,0

STAR,POKO1C,BETKU,4
IF,BETKU,20.477500,72.016389, ,0.0,0.0,0,0,0,0,0,0,0,0
TF,POKON,19.771964,72.077078,0, ,0.0,0.0,0.0,0.0,1,12000,0,1,250,0,0,0

STAR,POKO1C,BOFIN,4
IF,BOFIN,20.712500,72.458889, ,0.0,0.0,0,0,0,0,0,0,0,0
TF,POKON,19.771964,72.077078,0, ,0.0,0.0,0.0,0.0,1,12000,0,1,250,0,0,0

STAR,POKO1C,EXOLU,4
IF,EXOLU,20.213889,71.569444, ,0.0,0.0,0,0,0,0,0,0,0,0
TF,POKON,19.771964,72.077078,0, ,0.0,0.0,0.0,0.0,1,12000,0,1,250,0,0,0

STAR,POKO1C,14,5
IF,POKON,19.771964,72.077078, ,0.0,0.0,1,12000,0,0,0,0,0,0
TF,MB406,19.522522,72.374883,0, ,0.0,0.0,0.0,0.0,1,7000,0,1,210,0,0,1
VM,19.091556,72.865972,0,132.0,0,0,0,0,0,0,0,0

STAR,POKO1D,BETKU,4
IF,BETKU,20.477500,72.016389, ,0.0,0.0,0,0,0,0,0,0,0,0
TF,POKON,19.771964,72.077078,0, ,0.0,0.0,0.0,0.0,1,12000,0,1,250,0,0,0

STAR,POKO1D,BOFIN,4
IF,BOFIN,20.712500,72.458889, ,0.0,0.0,0,0,0,0,0,0,0,0
TF,POKON,19.771964,72.077078,0, ,0.0,0.0,0.0,0.0,1,12000,0,1,250,0,0,0

STAR,POKO1D,EXOLU,4
IF,EXOLU,20.213889,71.569444, ,0.0,0.0,0,0,0,0,0,0,0,0
TF,POKON,19.771964,72.077078,0, ,0.0,0.0,0.0,0.0,1,12000,0,1,250,0,0,0

STAR,POKO1D,32,5
IF,POKON,19.771964,72.077078, ,0.0,0.0,1,12000,0,1,250,0,0,0
TF,MB405,19.280919,72.478064,0, ,0.0,0.0,0.0,0.0,1,11000,0,1,250,0,0,0
TF,MB409,18.878883,72.917428,0, ,0.0,0.0,0.0,0.0,0,0,0,0,0,0,0,0
TF,MB404,18.755428,73.051647,0, ,0.0,0.0,0.0,0.0,0,0,0,0,0,0,0,1
VM,19.091556,72.865972,0,50.0,0,0,0,0,0,0,0,0

APPTR,D09,09,AKTIV
IF,AKTIV,20.248056,73.258333, ,0.0,0.0,0,0,0,0,0,0,0,0
TF,D018Q,19.357847,72.963894,0, ,0.0,0.0,0.0,0.0,0,0,0,0,0,0,1,0
CI,0, ,0.0,198.0,0,0,0,0,0,0,0,0
AF,D282O,19.131869,72.615136,1,BBB,282.0,15.0,18.0,2,3700,0,0,0,0,0,0
CF,FD09,19.093175,72.707731,0,BBB,274.0,9.5,94.0,5.5,2,2600,0,0,0,0,0,0

APPTR,D09,09,BBB
IF,BBB,19.086319,72.874767, ,0.0,0.0,2,3700,0,0,0,0,0,0
FD,BBB,19.086319,72.874767,0,BBB,0.0,10.0,294.0,10.0,2,2600,0,0,0,0,0,0
CF,FD09,19.093175,72.707731,1,BBB,274.0,9.5,94.0,1.0,2,2600,0,0,0,0,0,0

APPTR,D09,09,BETKU
IF,BETKU,20.477500,72.016389, ,0.0,0.0,0,0,0,0,0,0,0,0
TF,D331Q,19.332217,72.724306,0, ,0.0,0.0,0.0,0.0,0,0,0,0,0,0,1,0
CI,0, ,0.0,151.0,0,0,0,0,0,0,0,0
AF,D282O,19.131869,72.615136,1,BBB,282.0,15.0,331.0,2,3700,0,0,0,0,0,0
CF,FD09,19.093175,72.707731,0,BBB,274.0,9.5,94.0,5.5,2,2600,0,0,0,0,0,0

APPTR,D09,09,BISET
IF,BISET,18.389167,69.301944, ,0.0,0.0,0,0,0,0,0,0,0,0
TF,D260Q,19.031828,72.581181,0, ,0.0,0.0,0.0,0.0,0,0,0,0,0,0,1,0
CI,0, ,0.0,80.0,0,0,0,0,0,0,0,0
AF,D266O,19.062075,72.612042,2,BBB,266.0,15.0,260.0,2,3700,0,0,0,0,0,0
CF,FD09,19.093175,72.707731,0,BBB,274.0,9.5,94.0,5.5,2,2600,0,0,0,0,0,0

APPTR,D09,09,BOFIN
IF,BOFIN,20.712500,72.458889, ,0.0,0.0,0,0,0,0,0,0,0,0
TF,D348Q,19.362836,72.804664,0, ,0.0,0.0,0.0,0.0,0,0,0,0,0,0,1,0
CI,0, ,0.0,168.0,0,0,0,0,0,0,0,0
AF,D282O,19.131869,72.615136,1,BBB,282.0,15.0,348.0,2,3700,0,0,0,0,0,0
CF,FD09,19.093175,72.707731,0,BBB,274.0,9.5,94.0,5.5,2,2600,0,0,0,0,0,0

APPTR,D09,09,D045Q
IF,D045Q,19.292517,73.080958, ,0.0,0.0,0,0,0,0,0,0,1,0
CI,0, ,0.0,225.0,0,0,0,0,0,0,0,0
AF,D282O,19.131869,72.615136,1,BBB,282.0,15.0,45.0,2,3700,0,0,0,0,0,0
CF,FD09,19.093175,72.707731,0,BBB,274.0,9.5,94.0,5.5,2,2600,0,0,0,0,0,0

APPTR,D09,09,DARMI
IF,DARMI,17.795000,70.577500, ,0.0,0.0,0,0,0,0,0,0,0,0
TF,D241Q,18.943364,72.616233,0, ,0.0,0.0,0.0,0.0,0,0,0,0,0,0,1,0
CI,0, ,0.0,61.0,0,0,0,0,0,0,0,0
AF,D266O,19.062075,72.612042,2,BBB,266.0,15.0,241.0,2,3700,0,0,0,0,0,0
CF,FD09,19.093175,72.707731,0,BBB,274.0,9.5,94.0,5.5,2,2600,0,0,0,0,0,0

APPTR,D09,09,ERVIS
IF,ERVIS,17.091111,72.053889, ,0.0,0.0,0,0,0,0,0,0,0,0
TF,D203Q,18.821839,72.764772,0, ,0.0,0.0,0.0,0.0,0,0,0,0,0,0,1,0
CI,0, ,0.0,23.0,0,0,0,0,0,0,0,0
AF,D266O,19.062075,72.612042,2,BBB,266.0,15.0,203.0,2,3700,0,0,0,0,0,0
CF,FD09,19.093175,72.707731,0,BBB,274.0,9.5,94.0,5.5,2,2600,0,0,0,0,0,0

APPTR,D09,09,EXOLU
IF,EXOLU,20.213889,71.569444, ,0.0,0.0,0,0,0,0,0,0,0,0
TF,D314Q,19.278619,72.654203,0, ,0.0,0.0,0.0,0.0,0,0,0,0,0,0,1,0
CI,0, ,0.0,134.0,0,0,0,0,0,0,0,0
AF,D282O,19.131869,72.615136,1,BBB,282.0,15.0,314.0,2,3700,0,0,0,0,0,0
CF,FD09,19.093175,72.707731,0,BBB,274.0,9.5,94.0,5.5,2,2600,0,0,0,0,0,0

APPTR,D09,09,GUNDI
IF,GUNDI,17.360278,71.493333, ,0.0,0.0,0,0,0,0,0,0,0,0
TF,D219Q,18.860961,72.692356,0, ,0.0,0.0,0.0,0.0,0,0,0,0,0,0,1,0
CI,0, ,0.0,39.0,0,0,0,0,0,0,0,0
AF,D266O,19.062075,72.612042,2,BBB,266.0,15.0,219.0,2,3700,0,0,0,0,0,0
CF,FD09,19.093175,72.707731,0,BBB,274.0,9.5,94.0,5.5,2,2600,0,0,0,0,0,0

APPTR,D09,09,KABSO
IF,KABSO,17.087500,72.819444, ,0.0,0.0,0,0,0,0,0,0,0,0
TF,D183Q,18.801983,72.866817,0, ,0.0,0.0,0.0,0.0,0,0,0,0,0,0,1,0
CI,0, ,0.0,3.0,0,0,0,0,0,0,0,0
AF,D266O,19.062075,72.612042,2,BBB,266.0,15.0,183.0,2,3700,0,0,0,0,0,0
CF,FD09,19.093175,72.707731,0,BBB,274.0,9.5,94.0,5.5,2,2600,0,0,0,0,0,0

APPTR,D09,09,MANDI
IF,MANDI,19.504442,72.886311, ,0.0,0.0,2,8000,0,0,0,0,0,0
TF,D003Q,19.370644,72.882608,0, ,0.0,0.0,0.0,0.0,0,0,0,0,0,0,1,0
CI,0, ,0.0,183.0,0,0,0,0,0,0,0,0
AF,D282O,19.131869,72.615136,1,BBB,282.0,15.0,3.0,2,3700,0,0,0,0,0,0
CF,FD09,19.093175,72.707731,0,BBB,274.0,9.5,94.0,5.5,2,2600,0,0,0,0,0,0

APPTR,D09,09,PUN
IF,PUN,18.580000,73.914167, ,0.0,0.0,0,0,0,0,0,0,0,0
TF,D119Q,18.957325,73.141300,0, ,0.0,0.0,0.0,0.0,0,0,0,0,0,0,1,0
CI,0, ,0.0,299.0,0,0,0,0,0,0,0,0
AF,D266O,19.062075,72.612042,2,BBB,266.0,15.0,119.0,2,3700,0,0,0,0,0,0
CF,FD09,19.093175,72.707731,0,BBB,274.0,9.5,94.0,5.5,2,2600,0,0,0,0,0,0

APPTR,D09,09,SAMUD
IF,SAMUD,19.072422,72.347036, ,0.0,0.0,2,8000,0,0,0,0,0,0
CI,0, ,0.0,85.0,0,0,0,0,0,0,0,0
CF,D274O,19.097075,72.611022,0,BBB,274.0,15.0,94.0,3.0,2,3700,0,0,0,0,1,0
CF,FD09,19.093175,72.707731,0,BBB,274.0,9.5,94.0,5.5,2,2600,0,0,0,0,0,0

APPTR,D09,09,SHABA
IF,SHABA,18.687342,73.006750, ,0.0,0.0,2,8000,0,0,0,0,0,0
TF,D164Q,18.815028,72.964581,0, ,0.0,0.0,0.0,0.0,0,0,0,0,0,0,1,0
CI,0, ,0.0,344.0,0,0,0,0,0,0,0,0
AF,D266O,19.062075,72.612042,2,BBB,266.0,15.0,164.0,2,3700,0,0,0,0,0,0
CF,FD09,19.093175,72.707731,0,BBB,274.0,9.5,94.0,5.5,2,2600,0,0,0,0,0,0

FINAL,D09,09,D,3
IF,FD09,19.093175,72.707731,BBB,274.0,9.5,2,2600,0,0,0,0,2,0
CF,50VOR,19.089944,72.786856,0,BBB,274.0,5.0,94.0,4.5,2,1190,0,0,0,0,0,0
CF,RW09,19.088456,72.849247,0,BBB,276.5,1.5,94.0,3.5,1,70,0,0,0,0,3,0
CF,BBB,19.086319,72.874767,0,BBB,0.0,0.0,94.0,1.5,0,0,0,0,0,0,0,1
FA,BBB,19.086319,72.874767,0,BBB,0.0,0.0,94.0,2,2600,0,0,0,0,0,0
DF,BBB,19.086319,72.874767,1, ,0.0,0.0,1,3700,0,0,0,0,0,0
HM,BBB,19.086319,72.874767,2, ,0.0,0.0,294.0,04.3,0,0,0,0,0,0,0,0,0

APPTR,D14,14,AKTIV
IF,AKTIV,20.248056,73.258333, ,0.0,0.0,0,0,0,0,0,0,0,0
TF,D018Q,19.357847,72.963894,0, ,0.0,0.0,0.0,0.0,0,0,0,0,0,0,1,0
CI,0, ,0.0,198.0,0,0,0,0,0,0,0,0
AF,D319O,19.271261,72.696225,1,BBB,319.0,15.0,18.0,2,3700,0,0,0,0,0,0
CF,FD14,19.182056,72.752481,0,BBB,311.0,9.0,131.0,6.0,2,2600,0,0,0,0,0,0

APPTR,D14,14,BBB
IF,BBB,19.086319,72.874767, ,0.0,0.0,2,3700,0,0,0,0,0,0
FD,BBB,19.086319,72.874767,0,BBB,0.0,10.0,331.0,10.0,2,2600,0,0,0,0,0,0
CF,FD14,19.182056,72.752481,1,BBB,311.0,9.0,131.0,2.0,2,2600,0,0,0,0,0,0

APPTR,D14,14,BETKU
IF,BETKU,20.477500,72.016389, ,0.0,0.0,0,0,0,0,0,0,0,0
TF,D331Q,19.332217,72.724306,0, ,0.0,0.0,0.0,0.0,0,0,0,0,0,0,1,0
CI,0, ,0.0,151.0,0,0,0,0,0,0,0,0
AF,D319O,19.271261,72.696225,1,BBB,319.0,15.0,331.0,2,3700,0,0,0,0,0,0
CF,FD14,19.182056,72.752481,0,BBB,311.0,9.0,131.0,6.0,2,2600,0,0,0,0,0,0

APPTR,D14,14,BISET
IF,BISET,18.389167,69.301944, ,0.0,0.0,0,0,0,0,0,0,0,0
TF,D260Q,19.031828,72.581181,0, ,0.0,0.0,0.0,0.0,0,0,0,0,0,0,1,0
CI,0, ,0.0,80.0,0,0,0,0,0,0,0,0
AF,D303O,19.217308,72.649511,2,BBB,303.0,15.0,260.0,2,3700,0,0,0,0,0,0
CF,FD14,19.182056,72.752481,0,BBB,311.0,9.0,131.0,6.0,2,2600,0,0,0,0,0,0

APPTR,D14,14,BOFIN
IF,BOFIN,20.712500,72.458889, ,0.0,0.0,0,0,0,0,0,0,0,0
TF,D348Q,19.362836,72.804664,0, ,0.0,0.0,0.0,0.0,0,0,0,0,0,0,1,0
CI,0, ,0.0,168.0,0,0,0,0,0,0,0,0
AF,D319O,19.271261,72.696225,1,BBB,319.0,15.0,348.0,2,3700,0,0,0,0,0,0
CF,FD14,19.182056,72.752481,0,BBB,311.0,9.0,131.0,6.0,2,2600,0,0,0,0,0,0

APPTR,D14,14,D045Q
IF,D045Q,19.292517,73.080958, ,0.0,0.0,0,0,0,0,0,0,1,0
CI,0, ,0.0,225.0,0,0,0,0,0,0,0,0
AF,D319O,19.271261,72.696225,1,BBB,319.0,15.0,45.0,2,3700,0,0,0,0,0,0
CF,FD14,19.182056,72.752481,0,BBB,311.0,9.0,131.0,6.0,2,2600,0,0,0,0,0,0

APPTR,D14,14,DARMI
IF,DARMI,17.795000,70.577500, ,0.0,0.0,0,0,0,0,0,0,0,0
TF,D241Q,18.943364,72.616233,0, ,0.0,0.0,0.0,0.0,0,0,0,0,0,0,1,0
CI,0, ,0.0,61.0,0,0,0,0,0,0,0,0
AF,D303O,19.217308,72.649511,2,BBB,303.0,15.0,241.0,2,3700,0,0,0,0,0,0
CF,FD14,19.182056,72.752481,0,BBB,311.0,9.0,131.0,6.0,2,2600,0,0,0,0,0,0

APPTR,D14,14,ERVIS
IF,ERVIS,17.091111,72.053889, ,0.0,0.0,0,0,0,0,0,0,0,0
TF,D203Q,18.821839,72.764772,0, ,0.0,0.0,0.0,0.0,0,0,0,0,0,0,1,0
CI,0, ,0.0,23.0,0,0,0,0,0,0,0,0
AF,D303O,19.217308,72.649511,2,BBB,303.0,15.0,203.0,2,3700,0,0,0,0,0,0
CF,FD14,19.182056,72.752481,0,BBB,311.0,9.0,131.0,6.0,2,2600,0,0,0,0,0,0

APPTR,D14,14,EXOLU
IF,EXOLU,20.213889,71.569444, ,0.0,0.0,0,0,0,0,0,0,0,0
TF,D314T,19.312525,72.615228,0, ,0.0,0.0,0.0,0.0,0,0,0,0,0,0,1,0
TF,D311O,19.245836,72.670878,0, ,0.0,0.0,0.0,0.0,2,3700,0,0,0,0,1,0
CF,FD14,19.182056,72.752481,0,BBB,311.0,9.0,131.0,6.0,2,2600,0,0,0,0,0,0

APPTR,D14,14,GUNDI
IF,GUNDI,17.360278,71.493333, ,0.0,0.0,0,0,0,0,0,0,0,0
TF,D219Q,18.860961,72.692356,0, ,0.0,0.0,0.0,0.0,0,0,0,0,0,0,1,0
CI,0, ,0.0,39.0,0,0,0,0,0,0,0,0
AF,D303O,19.217308,72.649511,2,BBB,303.0,15.0,219.0,2,3700,0,0,0,0,0,0
CF,FD14,19.182056,72.752481,0,BBB,311.0,9.0,131.0,6.0,2,2600,0,0,0,0,0,0

APPTR,D14,14,KALAM
FD,KALAM,19.116206,73.401828,0,BBB,88.0,25.0,268.0,25.0,2,8000,0,0,0,0,0,0
CF,D088Q,19.103439,73.173411,0,BBB,88.0,17.0,268.0,8.0,2,3700,0,0,0,0,1,0
CI,0, ,0.0,268.0,0,0,0,0,0,0,0,0
AF,D319O,19.271261,72.696225,1,BBB,319.0,15.0,88.0,2,3700,0,0,0,0,0,0
CF,FD14,19.182056,72.752481,0,BBB,311.0,9.0,131.0,6.0,2,2600,0,0,0,0,0,0

APPTR,D14,14,MANDI
IF,MANDI,19.504442,72.886311, ,0.0,0.0,2,8000,0,0,0,0,0,0
TF,D003Q,19.370644,72.882608,0, ,0.0,0.0,0.0,0.0,2,3700,0,0,0,0,1,0
CI,0, ,0.0,183.0,0,0,0,0,0,0,0,0
AF,D319O,19.271261,72.696225,1,BBB,319.0,15.0,3.0,2,3700,0,0,0,0,0,0
CF,FD14,19.182056,72.752481,0,BBB,311.0,9.0,131.0,6.0,2,2600,0,0,0,0,0,0

APPTR,D14,14,OPAKA
IF,OPAKA,19.605833,74.549444, ,0.0,0.0,0,0,0,0,0,0,0,0
TF,D073Q,19.175758,73.158839,0, ,0.0,0.0,0.0,0.0,0,0,0,0,0,0,1,0
CI,0, ,0.0,253.0,0,0,0,0,0,0,0,0
AF,D319O,19.271261,72.696225,1,BBB,319.0,15.0,73.0,2,3700,0,0,0,0,0,0
CF,FD14,19.182056,72.752481,0,BBB,311.0,9.0,131.0,6.0,2,2600,0,0,0,0,0,0

APPTR,D14,14,SAMUD
FD,SAMUD,19.072422,72.347036,0,BBB,270.0,25.0,90.0,25.0,2,8000,0,0,0,0,0,0
CF,D270Q,19.078628,72.575708,0,BBB,270.0,17.0,90.0,8.0,2,3700,0,0,0,0,1,0
CI,0, ,0.0,90.0,0,0,0,0,0,0,0,0
AF,D303O,19.217308,72.649511,2,BBB,303.0,15.0,270.0,2,3700,0,0,0,0,0,0
CF,FD14,19.182056,72.752481,0,BBB,311.0,9.0,131.0,6.0,2,2600,0,0,0,0,0,0

FINAL,D14,14,D,3
IF,FD14,19.182056,72.752481,BBB,311.0,9.0,2,2600,0,0,0,0,2,0
CF,50VO2,19.139517,72.806847,0,BBB,311.0,5.0,131.0,4.0,2,1350,0,0,0,0,0,0
CF,RW14,19.096011,72.859919,0,BBB,306.0,0.0,131.0,4.0,1,89,0,0,0,0,3,0
CF,BBB,19.086319,72.874767,0,BBB,0.0,0.0,131.0,1.0,0,0,0,0,0,0,0,1
FA,BBB,19.086319,72.874767,0,BBB,0.0,0.0,131.0,2,2600,0,0,0,0,0,0
DF,BBB,19.086319,72.874767,1, ,0.0,0.0,1,3700,0,0,0,0,0,0
HM,BBB,19.086319,72.874767,2, ,0.0,0.0,331.0,04.3,0,0,0,0,0,0,0,0,0

APPTR,D27,27,AKTIV
IF,AKTIV,20.248056,73.258333, ,0.0,0.0,0,0,0,0,0,0,0,0
TF,D018P,19.341878,72.958644,0, ,0.0,0.0,0.0,0.0,0,0,0,0,0,0,1,0
CI,0, ,0.0,198.0,0,0,0,0,0,0,0,0
AF,D072N,19.164361,73.107119,2,BBB,72.0,14.0,18.0,2,3700,0,0,0,0,0,0
CF,FD27,19.110658,73.013214,0,BBB,81.0,8.0,261.0,6.0,2,2600,0,0,0,0,0,0

APPTR,D27,27,BBB1
IF,BBB,19.086319,72.874767, ,0.0,0.0,2,3700,0,0,0,0,0,0
FD,BBB,19.086319,72.874767,0,BBB,0.0,8.0,56.0,8.0,2,2600,0,0,0,0,0,0
CF,FD27,19.110658,73.013214,2,BBB,81.0,8.0,261.0,1.0,2,2600,0,0,0,0,0,0

APPTR,D27,27,BBB2
IF,BBB,19.086319,72.874767, ,0.0,0.0,2,3700,0,0,0,0,0,0
FD,BBB,19.086319,72.874767,0,BBB,0.0,8.0,69.0,8.0,2,2600,0,0,0,0,0,0
CF,FD27,19.110658,73.013214,2,BBB,81.0,8.0,261.0,1.0,2,2600,0,0,0,0,0,0

APPTR,D27,27,BETKU
IF,BETKU,20.477500,72.016389, ,0.0,0.0,0,0,0,0,0,0,0,0
TF,D331P,19.317756,72.733169,0, ,0.0,0.0,0.0,0.0,0,0,0,0,0,0,1,0
CI,0, ,0.0,151.0,0,0,0,0,0,0,0,0
AF,D072N,19.164361,73.107119,2,BBB,72.0,14.0,331.0,2,3700,0,0,0,0,0,0
CF,FD27,19.110658,73.013214,0,BBB,81.0,8.0,261.0,6.0,2,2600,0,0,0,0,0,0

APPTR,D27,27,BOFIN
IF,BOFIN,20.712500,72.458889, ,0.0,0.0,0,0,0,0,0,0,0,0
TF,D348P,19.346572,72.808792,0, ,0.0,0.0,0.0,0.0,0,0,0,0,0,0,1,0
CI,0, ,0.0,168.0,0,0,0,0,0,0,0,0
AF,D072N,19.164361,73.107119,2,BBB,72.0,14.0,348.0,2,3700,0,0,0,0,0,0
CF,FD27,19.110658,73.013214,0,BBB,81.0,8.0,261.0,6.0,2,2600,0,0,0,0,0,0

APPTR,D27,27,D045P
IF,D045P,19.280394,73.068814, ,0.0,0.0,0,0,0,0,0,0,1,0
CI,0, ,0.0,225.0,0,0,0,0,0,0,0,0
AF,D072N,19.164361,73.107119,2,BBB,72.0,14.0,45.0,2,3700,0,0,0,0,0,0
CF,FD27,19.110658,73.013214,0,BBB,81.0,8.0,261.0,6.0,2,2600,0,0,0,0,0,0

APPTR,D27,27,ERVIS
IF,ERVIS,17.091111,72.053889, ,0.0,0.0,0,0,0,0,0,0,0,0
TF,D203P,18.837397,72.771233,0, ,0.0,0.0,0.0,0.0,0,0,0,0,0,0,1,0
CI,0, ,0.0,23.0,0,0,0,0,0,0,0,0
AF,D090N,19.092283,73.121067,1,BBB,90.0,14.0,203.0,2,3700,0,0,0,0,0,0
CF,FD27,19.110658,73.013214,0,BBB,81.0,8.0,261.0,6.0,2,2600,0,0,0,0,0,0

APPTR,D27,27,EXOLU
IF,EXOLU,20.213889,71.569444, ,0.0,0.0,0,0,0,0,0,0,0,0
TF,D314P,19.267314,72.667192,0, ,0.0,0.0,0.0,0.0,0,0,0,0,0,0,1,0
CI,0, ,0.0,134.0,0,0,0,0,0,0,0,0
AF,D072N,19.164361,73.107119,2,BBB,72.0,14.0,314.0,2,3700,0,0,0,0,0,0
CF,FD27,19.110658,73.013214,0,BBB,81.0,8.0,261.0,6.0,2,2600,0,0,0,0,0,0

APPTR,D27,27,GUNDI
IF,GUNDI,17.360278,71.493333, ,0.0,0.0,0,0,0,0,0,0,0,0
TF,D219P,18.874222,72.703072,0, ,0.0,0.0,0.0,0.0,0,0,0,0,0,0,1,0
CI,0, ,0.0,39.0,0,0,0,0,0,0,0,0
AF,D090N,19.092283,73.121067,1,BBB,90.0,14.0,219.0,2,3700,0,0,0,0,0,0
CF,FD27,19.110658,73.013214,0,BBB,81.0,8.0,261.0,6.0,2,2600,0,0,0,0,0,0

APPTR,D27,27,KABSO
IF,KABSO,17.087500,72.819444, ,0.0,0.0,0,0,0,0,0,0,0,0
TF,D183P,18.818711,72.867283,0, ,0.0,0.0,0.0,0.0,0,0,0,0,0,0,1,0
CI,0, ,0.0,3.0,0,0,0,0,0,0,0,0
AF,D090N,19.092283,73.121067,1,BBB,90.0,14.0,183.0,2,3700,0,0,0,0,0,0
CF,FD27,19.110658,73.013214,0,BBB,81.0,8.0,261.0,6.0,2,2600,0,0,0,0,0,0

APPTR,D27,27,KALAM
IF,KALAM,19.116206,73.401828, ,0.0,0.0,2,8000,0,0,0,0,0,0
FC,KALAM,19.116206,73.401828,0,BBB,0.0,0.0,275.0,14.2,0,0,0,0,0,0,0,0
CF,D081N,19.128844,73.117081,0,BBB,81.0,14.0,261.0,2.2,2,3700,0,0,0,0,1,0
CF,FD27,19.110658,73.013214,0,BBB,81.0,8.0,261.0,6.0,2,2600,0,0,0,0,0,0

APPTR,D27,27,MANDI
IF,MANDI,19.504442,72.886311, ,0.0,0.0,2,8000,0,0,0,0,0,0
TF,D003P,19.353919,72.882147,0, ,0.0,0.0,0.0,0.0,0,0,0,0,0,0,1,0
CI,0, ,0.0,183.0,0,0,0,0,0,0,0,0
AF,D072N,19.164361,73.107119,2,BBB,72.0,14.0,3.0,2,3700,0,0,0,0,0,0
CF,FD27,19.110658,73.013214,0,BBB,81.0,8.0,261.0,6.0,2,2600,0,0,0,0,0,0

APPTR,D27,27,OPAKA
IF,OPAKA,19.605833,74.549444, ,0.0,0.0,0,0,0,0,0,0,0,0
TF,D073P,19.170508,73.142119,0, ,0.0,0.0,0.0,0.0,0,0,0,0,0,0,1,1
DF,D081N,19.128844,73.117081,1, ,0.0,0.0,2,3700,0,0,0,0,1,0
CF,FD27,19.110658,73.013214,0,BBB,81.0,8.0,261.0,6.0,2,2600,0,0,0,0,0,0

APPTR,D27,27,PUN
IF,PUN,18.580000,73.914167, ,0.0,0.0,0,0,0,0,0,0,0,0
TF,D119P,18.964925,73.125633,0, ,0.0,0.0,0.0,0.0,0,0,0,0,0,0,1,0
CI,0, ,0.0,299.0,0,0,0,0,0,0,0,0
AF,D090N,19.092283,73.121067,1,BBB,90.0,14.0,119.0,2,3700,0,0,0,0,0,0
CF,FD27,19.110658,73.013214,0,BBB,81.0,8.0,261.0,6.0,2,2600,0,0,0,0,0,0

APPTR,D27,27,SHABA
IF,SHABA,18.687342,73.006750, ,0.0,0.0,2,8000,0,0,0,0,0,0
TF,D164P,18.830986,72.959306,0, ,0.0,0.0,0.0,0.0,0,0,0,0,0,0,1,0
CI,0, ,0.0,344.0,0,0,0,0,0,0,0,0
AF,D090N,19.092283,73.121067,1,BBB,90.0,14.0,164.0,2,3700,0,0,0,0,0,0
CF,FD27,19.110658,73.013214,0,BBB,81.0,8.0,261.0,6.0,2,2600,0,0,0,0,0,0

FINAL,D27,27,D,3
IF,FD27,19.110658,73.013214,BBB,81.0,8.0,2,2600,0,0,0,0,2,0
CF,40VO2,19.098500,72.943986,0,BBB,81.0,4.0,261.0,4.0,2,1320,0,0,0,0,0,0
CF,RW27,19.088831,72.876078,0,BBB,27.9,0.2,261.0,3.9,1,76,0,0,0,0,3,0
CF,BBB,19.086319,72.874767,0,BBB,0.0,0.0,261.0,0.2,0,0,0,0,0,0,0,1
FA,BBB,19.086319,72.874767,0,BBB,0.0,0.0,261.0,2,2600,0,0,0,0,0,0
DF,BBB,19.086319,72.874767,1, ,0.0,0.0,1,3700,0,0,0,0,0,0
HM,BBB,19.086319,72.874767,1, ,0.0,0.0,56.0,04.3,0,0,0,0,0,0,0,0,0

APPTR,D32,32,AKTIV
IF,AKTIV,20.248056,73.258333, ,0.0,0.0,0,0,0,0,0,0,0,0
TF,D018P,19.341878,72.958644,0, ,0.0,0.0,0.0,0.0,0,0,0,0,0,0,1,0
CI,0, ,0.0,198.0,0,0,0,0,0,0,0,0
AF,D131N,18.937225,73.064706,2,BBB,131.0,14.0,18.0,2,3700,0,0,0,0,0,0
CF,CD32,18.984514,72.966144,0,BBB,141.0,8.0,321.0,6.0,2,2100,0,1,185,0,0,0

APPTR,D32,32,AVKOR
IF,AVKOR,18.034444,73.965833, ,0.0,0.0,0,0,0,0,0,0,0,0
TF,D137T,18.848981,73.122708,0, ,0.0,0.0,0.0,0.0,0,0,0,0,0,0,1,0
TF,D141N,18.908092,73.034589,0, ,0.0,0.0,0.0,0.0,2,3700,0,0,0,0,1,0
CF,CD32,18.984514,72.966144,0,BBB,141.0,8.0,321.0,6.0,2,2100,0,1,185,0,0,0

APPTR,D32,32,BBB1
IF,BBB,19.086319,72.874767, ,0.0,0.0,2,3700,0,1,185,0,0,0
FD,BBB,19.086319,72.874767,0,BBB,0.0,8.0,164.0,8.0,2,2100,0,0,0,0,0,0
CF,CD32,18.984514,72.966144,1,BBB,141.0,8.0,321.0,1.0,2,2100,0,0,0,0,0,0

APPTR,D32,32,BBB2
IF,BBB,19.086319,72.874767, ,0.0,0.0,2,3700,0,1,185,0,0,0
FD,BBB,19.086319,72.874767,0,BBB,0.0,8.0,154.0,8.0,2,2100,0,0,0,0,0,0
CF,CD32,18.984514,72.966144,1,BBB,141.0,8.0,321.0,1.0,2,2100,0,0,0,0,0,0

APPTR,D32,32,D045P
IF,D045P,19.280394,73.068814, ,0.0,0.0,0,0,0,0,0,0,1,0
CI,0, ,0.0,225.0,0,0,0,0,0,0,0,0
AF,D131N,18.937225,73.064706,2,BBB,131.0,14.0,45.0,2,3700,0,0,0,0,0,0
CF,CD32,18.984514,72.966144,0,BBB,141.0,8.0,321.0,6.0,2,2100,0,1,185,0,0,0

APPTR,D32,32,DARMI
IF,DARMI,17.795000,70.577500, ,0.0,0.0,0,0,0,0,0,0,0,0
TF,D241P,18.951783,72.631428,0, ,0.0,0.0,0.0,0.0,0,0,0,0,0,0,1,0
CI,0, ,0.0,61.0,0,0,0,0,0,0,0,0
AF,D151N,18.884447,72.999661,1,BBB,151.0,14.0,241.0,2,3700,0,0,0,0,0,0
CF,CD32,18.984514,72.966144,0,BBB,141.0,8.0,321.0,6.0,2,2100,0,1,185,0,0,0

APPTR,D32,32,ERVIS
IF,ERVIS,17.091111,72.053889, ,0.0,0.0,0,0,0,0,0,0,0,0
TF,D203P,18.837397,72.771233,0, ,0.0,0.0,0.0,0.0,0,0,0,0,0,0,1,0
CI,0, ,0.0,23.0,0,0,0,0,0,0,0,0
AF,D151N,18.884447,72.999661,1,BBB,151.0,14.0,203.0,2,3700,0,0,0,0,0,0
CF,CD32,18.984514,72.966144,0,BBB,141.0,8.0,321.0,6.0,2,2100,0,1,185,0,0,0

APPTR,D32,32,GUNDI
IF,GUNDI,17.360278,71.493333, ,0.0,0.0,0,0,0,0,0,0,0,0
TF,D219P,18.874222,72.703072,0, ,0.0,0.0,0.0,0.0,0,0,0,0,0,0,1,0
CI,0, ,0.0,39.0,0,0,0,0,0,0,0,0
AF,D151N,18.884447,72.999661,1,BBB,151.0,14.0,219.0,2,3700,0,0,0,0,0,0
CF,CD32,18.984514,72.966144,0,BBB,141.0,8.0,321.0,6.0,2,2100,0,1,185,0,0,0

APPTR,D32,32,KABSO
IF,KABSO,17.087500,72.819444, ,0.0,0.0,0,0,0,0,0,0,0,0
TF,D183P,18.818711,72.867283,0, ,0.0,0.0,0.0,0.0,0,0,0,0,0,0,1,0
CI,0, ,0.0,3.0,0,0,0,0,0,0,0,0
AF,D151N,18.884447,72.999661,1,BBB,151.0,14.0,183.0,2,3700,0,0,0,0,0,0
CF,CD32,18.984514,72.966144,0,BBB,141.0,8.0,321.0,6.0,2,2100,0,1,185,0,0,0

APPTR,D32,32,KALAM
FD,KALAM,19.116206,73.401828,0,BBB,88.0,25.0,268.0,25.0,2,8000,0,0,0,0,0,0
CF,D088P,19.102444,73.155842,0,BBB,88.0,16.0,268.0,9.0,2,3700,0,0,0,0,1,0
CI,0, ,0.0,268.0,0,0,0,0,0,0,0,0
AF,D131N,18.937225,73.064706,2,BBB,131.0,14.0,88.0,2,3700,0,0,0,0,0,0
CF,CD32,18.984514,72.966144,0,BBB,141.0,8.0,321.0,6.0,2,2100,0,1,185,0,0,0

APPTR,D32,32,OPAKA
IF,OPAKA,19.605833,74.549444, ,0.0,0.0,0,0,0,0,0,0,0,0
TF,D073P,19.170508,73.142119,0, ,0.0,0.0,0.0,0.0,0,0,0,0,0,0,1,0
CI,0, ,0.0,253.0,0,0,0,0,0,0,0,0
AF,D131N,18.937225,73.064706,2,BBB,131.0,14.0,73.0,2,3700,0,0,0,0,0,0
CF,CD32,18.984514,72.966144,0,BBB,141.0,8.0,321.0,6.0,2,2100,0,1,185,0,0,0

APPTR,D32,32,PUN
IF,PUN,18.580000,73.914167, ,0.0,0.0,0,0,0,0,0,0,0,0
TF,D119P,18.964925,73.125633,0, ,0.0,0.0,0.0,0.0,0,0,0,0,0,0,1,0
CI,0, ,0.0,299.0,0,0,0,0,0,0,0,0
AF,D131N,18.937225,73.064706,2,BBB,131.0,14.0,119.0,2,3700,0,0,0,0,0,0
CF,CD32,18.984514,72.966144,0,BBB,141.0,8.0,321.0,6.0,2,2100,0,1,185,0,0,0

APPTR,D32,32,SHABA
IF,SHABA,18.687342,73.006750, ,0.0,0.0,2,8000,0,0,0,0,0,0
TF,D164P,18.830986,72.959306,0, ,0.0,0.0,0.0,0.0,2,3700,0,0,0,0,1,0
CI,0, ,0.0,344.0,0,0,0,0,0,0,0,0
AF,D151N,18.884447,72.999661,1,BBB,151.0,14.0,164.0,2,3700,0,0,0,0,0,0
CF,CD32,18.984514,72.966144,0,BBB,141.0,8.0,321.0,6.0,2,2100,0,1,185,0,0,0

FINAL,D32,32,D,4
IF,CD32,18.984514,72.966144,BBB,141.0,8.0,2,2100,0,0,0,0,0,0
CF,FD32,19.008697,72.944450,0,BBB,141.0,6.1,321.0,1.9,2,2100,0,0,0,0,2,0
CF,34VOR,19.043056,72.913614,0,BBB,141.0,3.4,321.0,2.7,2,1180,0,0,0,0,0,0
CF,MD32,19.073594,72.886194,0,BBB,141.0,0.0,321.0,2.4,1,342,0,0,0,0,3,0
CA,0,321.0,2,2600,0,0,0,0,0,0
DF,BBB,19.086319,72.874767,2, ,0.0,0.0,1,3700,0,0,0,0,0,0
HM,BBB,19.086319,72.874767,1, ,0.0,0.0,164.0,04.3,0,0,0,0,0,0,0,0,0

APPTR,I09,09,AKTIV
IF,AKTIV,20.248056,73.258333, ,0.0,0.0,0,0,0,0,0,0,0,0
TF,D018Q,19.357847,72.963894,0, ,0.0,0.0,0.0,0.0,0,0,0,0,0,0,1,0
CI,0, ,0.0,198.0,0,0,0,0,0,0,0,0
AF,D280O,19.123228,72.613631,1,BBB,280.0,15.0,18.0,2,3700,0,0,0,0,0,0
CF,CI09,19.085008,72.674806,0,IBOM,270.4,11.7,91.0,3.5,2,2600,0,0,0,0,0,0

APPTR,I09,09,BBB
IF,BBB,19.086319,72.874767, ,0.0,0.0,2,3700,0,0,0,0,0,0
FC,BBB,19.086319,72.874767,0,BBB,0.0,0.0,273.0,3.2,0,0,0,0,0,0,0,0
CF,FI09,19.085725,72.709992,0,BBB,271.3,9.4,271.0,6.1,2,2600,0,0,0,0,0,0
FC,FI09,19.085725,72.709992,0,BBB,0.0,0.0,226.0,4.3,0,0,0,0,0,0,0,1
CF,CI09,19.085008,72.674806,2,IBOM,270.4,11.7,91.0,3.0,2,2600,0,0,0,0,0,0

APPTR,I09,09,BETKU
IF,BETKU,20.477500,72.016389, ,0.0,0.0,0,0,0,0,0,0,0,0
TF,D331Q,19.332217,72.724306,0, ,0.0,0.0,0.0,0.0,0,0,0,0,0,0,1,0
CI,0, ,0.0,151.0,0,0,0,0,0,0,0,0
AF,D280O,19.123228,72.613631,1,BBB,280.0,15.0,331.0,2,3700,0,0,0,0,0,0
CF,CI09,19.085008,72.674806,0,IBOM,270.4,11.7,91.0,3.5,2,2600,0,0,0,0,0,0

APPTR,I09,09,BISET
IF,BISET,18.389167,69.301944, ,0.0,0.0,0,0,0,0,0,0,0,0
TF,D260U,19.018939,72.512131,0, ,0.0,0.0,0.0,0.0,0,0,0,1,180,0,1,1
CI,0, ,0.0,46.0,2,3700,0,0,0,0,0,0
CF,D271O,19.083828,72.610758,0,BBB,271.0,15.0,91.0,3.0,2,3700,0,0,0,0,1,0
CF,CI09,19.085008,72.674806,0,IBOM,270.4,11.7,91.0,3.6,2,2600,0,0,0,0,0,0

APPTR,I09,09,BOFIN
IF,BOFIN,20.712500,72.458889, ,0.0,0.0,0,0,0,0,0,0,0,0
TF,D348Q,19.362836,72.804664,0, ,0.0,0.0,0.0,0.0,0,0,0,0,0,0,1,0
CI,0, ,0.0,168.0,0,0,0,0,0,0,0,0
AF,D280O,19.123228,72.613631,1,BBB,280.0,15.0,348.0,2,3700,0,0,0,0,0,0
CF,CI09,19.085008,72.674806,0,IBOM,270.4,11.7,91.0,3.5,2,2600,0,0,0,0,0,0

APPTR,I09,09,D045Q
IF,D045Q,19.292517,73.080958, ,0.0,0.0,0,0,0,0,0,0,1,0
CI,0, ,0.0,225.0,0,0,0,0,0,0,0,0
AF,D280O,19.123228,72.613631,1,BBB,280.0,15.0,45.0,2,3700,0,0,0,0,0,0
CF,CI09,19.085008,72.674806,0,IBOM,270.4,11.7,91.0,3.5,2,2600,0,0,0,0,0,0

APPTR,I09,09,DARMI
IF,DARMI,17.795000,70.577500, ,0.0,0.0,0,0,0,0,0,0,0,0
TF,D241Q,18.943364,72.616233,0, ,0.0,0.0,0.0,0.0,0,0,0,0,0,0,1,0
CI,0, ,0.0,61.0,0,0,0,0,0,0,0,0
AF,D263O,19.049036,72.613744,2,BBB,263.0,15.0,241.0,2,3700,0,0,0,0,0,0
CF,CI09,19.085008,72.674806,0,IBOM,270.4,11.7,91.0,3.5,2,2600,0,0,0,0,0,0

APPTR,I09,09,ERVIS
IF,ERVIS,17.091111,72.053889, ,0.0,0.0,0,0,0,0,0,0,0,0
TF,D203Q,18.821839,72.764772,0, ,0.0,0.0,0.0,0.0,0,0,0,0,0,0,1,0
CI,0, ,0.0,23.0,0,0,0,0,0,0,0,0
AF,D263O,19.049036,72.613744,2,BBB,263.0,15.0,203.0,2,3700,0,0,0,0,0,0
CF,CI09,19.085008,72.674806,0,IBOM,270.4,11.7,91.0,3.5,2,2600,0,0,0,0,0,0

APPTR,I09,09,EXOLU
IF,EXOLU,20.213889,71.569444, ,0.0,0.0,0,0,0,0,0,0,0,0
TF,D314Q,19.278619,72.654203,0, ,0.0,0.0,0.0,0.0,0,0,0,0,0,0,1,0
CI,0, ,0.0,134.0,0,0,0,0,0,0,0,0
AF,D280O,19.123228,72.613631,1,BBB,280.0,15.0,314.0,2,3700,0,0,0,0,0,0
CF,CI09,19.085008,72.674806,0,IBOM,270.4,11.7,91.0,3.5,2,2600,0,0,0,0,0,0

APPTR,I09,09,GUNDI
IF,GUNDI,17.360278,71.493333, ,0.0,0.0,0,0,0,0,0,0,0,0
TF,D219Q,18.860961,72.692356,0, ,0.0,0.0,0.0,0.0,0,0,0,0,0,0,1,0
CI,0, ,0.0,39.0,0,0,0,0,0,0,0,0
AF,D263O,19.049036,72.613744,2,BBB,263.0,15.0,219.0,2,3700,0,0,0,0,0,0
CF,CI09,19.085008,72.674806,0,IBOM,270.4,11.7,91.0,3.5,2,2600,0,0,0,0,0,0

APPTR,I09,09,KABSO
IF,KABSO,17.087500,72.819444, ,0.0,0.0,0,0,0,0,0,0,0,0
TF,D183Q,18.801983,72.866817,0, ,0.0,0.0,0.0,0.0,0,0,0,0,0,0,1,0
CI,0, ,0.0,3.0,0,0,0,0,0,0,0,0
AF,D263O,19.049036,72.613744,2,BBB,263.0,15.0,183.0,2,3700,0,0,0,0,0,0
CF,CI09,19.085008,72.674806,0,IBOM,270.4,11.7,91.0,3.5,2,2600,0,0,0,0,0,0

APPTR,I09,09,MANDI
IF,MANDI,19.504442,72.886311, ,0.0,0.0,2,8000,0,0,0,0,0,0
TF,D003Q,19.370644,72.882608,0, ,0.0,0.0,0.0,0.0,2,3700,0,0,0,0,1,0
CI,0, ,0.0,183.0,0,0,0,0,0,0,0,0
AF,D280O,19.123228,72.613631,1,BBB,280.0,15.0,3.0,2,3700,0,0,0,0,0,0
CF,CI09,19.085008,72.674806,0,IBOM,270.4,11.7,91.0,3.5,2,2600,0,0,0,0,0,0

APPTR,I09,09,SAMUD
FD,SAMUD,19.072422,72.347036,0,BBB,270.0,25.0,88.0,25.0,2,8000,0,0,0,0,0,0
CI,0, ,0.0,88.0,2,3700,0,0,0,0,0,0
CF,D271O,19.083828,72.610758,0,BBB,271.0,15.0,91.0,8.0,2,3700,0,0,0,0,1,0
CF,CI09,19.085008,72.674806,0,IBOM,270.4,11.7,91.0,3.6,2,2600,0,0,0,0,0,0

APPTR,I09,09,SHABA
IF,SHABA,18.687342,73.006750, ,0.0,0.0,2,8000,0,0,0,0,0,0
TF,D164Q,18.815028,72.964581,0, ,0.0,0.0,0.0,0.0,2,3700,0,0,0,0,1,0
CI,0, ,0.0,344.0,0,0,0,0,0,0,0,0
AF,D263O,19.049036,72.613744,2,BBB,263.0,15.0,164.0,2,3700,0,0,0,0,0,0
CF,CI09,19.085008,72.674806,0,IBOM,270.4,11.7,91.0,3.5,2,2600,0,0,0,0,0,0

FINAL,I09,09,I,3
IF,CI09,19.085008,72.674806,IBOM,270.4,11.7,2,2600,0,0,0,0,0,0
CF,FI09,19.085725,72.709992,0,IBOM,270.4,9.7,91.0,2.0,1,2600,0,0,0,0,2,0
CF,RW09,19.088456,72.849247,0,IBOM,270.4,1.8,91.0,7.9,1,70,0,0,0,0,3,0
CF,D091A,19.088747,72.870256,0,BBB,301.0,0.3,91.0,1.2,0,0,0,0,0,0,0,0
CF,BBB,19.086319,72.874767,0,BBB,0.0,0.0,120.0,0.3,0,0,0,0,0,0,0,0
FA,BBB,19.086319,72.874767,0,BBB,0.0,0.0,110.0,2,2600,0,0,0,0,0,0
DF,BBB,19.086319,72.874767,2, ,0.0,0.0,1,3700,0,0,0,0,0,0
HM,BBB,19.086319,72.874767,2, ,0.0,0.0,273.0,04.3,0,0,0,0,0,0,0,0,0

APPTR,I14,14,AKTIV
IF,AKTIV,20.248056,73.258333, ,0.0,0.0,0,0,0,0,0,0,0,0
TF,D018Q,19.357847,72.963894,0, ,0.0,0.0,0.0,0.0,0,0,0,0,0,0,1,0
CI,0, ,0.0,198.0,0,0,0,0,0,0,0,0
AF,D325O,19.287989,72.717556,1,BBB,325.0,15.0,18.0,2,3700,0,0,0,0,0,0
CF,CI14,19.210753,72.733569,0,IBBY,315.2,11.3,136.0,4.0,2,2600,0,0,0,0,0,0

APPTR,I14,14,BBB
IF,BBB,19.086319,72.874767, ,0.0,0.0,2,3700,0,0,0,0,0,0
CI,0, ,0.0,313.0,0,0,0,0,0,0,0,0
CF,D316I,19.188956,72.760281,0,BBB,314.9,8.9,316.0,7.0,2,2600,0,0,0,0,0,0
FC,D316I,19.188956,72.760281,0,BBB,0.0,0.0,1.0,4.3,0,0,0,0,0,0,0,1
CF,CI14,19.210753,72.733569,1,IBBY,315.2,11.3,136.0,3.0,2,2600,0,0,0,0,0,0

APPTR,I14,14,BETKU
IF,BETKU,20.477500,72.016389, ,0.0,0.0,0,0,0,0,0,0,0,0
TF,D331Q,19.332217,72.724306,0, ,0.0,0.0,0.0,0.0,0,0,0,0,0,0,1,0
CI,0, ,0.0,151.0,0,0,0,0,0,0,0,0
AF,D325O,19.287989,72.717556,1,BBB,325.0,15.0,331.0,2,3700,0,0,0,0,0,0
CF,CI14,19.210753,72.733569,0,IBBY,315.2,11.3,136.0,4.0,2,2600,0,0,0,0,0,0

APPTR,I14,14,BISET
IF,BISET,18.389167,69.301944, ,0.0,0.0,0,0,0,0,0,0,0,0
TF,D260Q,19.031828,72.581181,0, ,0.0,0.0,0.0,0.0,0,0,0,0,0,0,1,0
CI,0, ,0.0,80.0,0,0,0,0,0,0,0,0
AF,D308O,19.235475,72.662375,2,BBB,308.0,15.0,260.0,2,3700,0,0,0,0,0,0
CF,CI14,19.210753,72.733569,0,IBBY,315.2,11.3,136.0,4.0,2,2600,0,0,0,0,0,0

APPTR,I14,14,BOFIN
IF,BOFIN,20.712500,72.458889, ,0.0,0.0,0,0,0,0,0,0,0,0
TF,D348Q,19.362836,72.804664,0, ,0.0,0.0,0.0,0.0,0,0,0,0,0,0,1,0
CI,0, ,0.0,168.0,0,0,0,0,0,0,0,0
AF,D325O,19.287989,72.717556,1,BBB,325.0,15.0,348.0,2,3700,0,0,0,0,0,0
CF,CI14,19.210753,72.733569,0,IBBY,315.2,11.3,136.0,4.0,2,2600,0,0,0,0,0,0

APPTR,I14,14,D045Q
IF,D045Q,19.292517,73.080958, ,0.0,0.0,0,0,0,0,0,0,1,0
CI,0, ,0.0,225.0,0,0,0,0,0,0,0,0
AF,D325O,19.287989,72.717556,1,BBB,325.0,15.0,45.0,2,3700,0,0,0,0,0,0
CF,CI14,19.210753,72.733569,0,IBBY,315.2,11.3,136.0,4.0,2,2600,0,0,0,0,0,0

APPTR,I14,14,DARMI
IF,DARMI,17.795000,70.577500, ,0.0,0.0,0,0,0,0,0,0,0,0
TF,D241Q,18.943364,72.616233,0, ,0.0,0.0,0.0,0.0,0,0,0,0,0,0,1,0
CI,0, ,0.0,61.0,0,0,0,0,0,0,0,0
AF,D308O,19.235475,72.662375,2,BBB,308.0,15.0,241.0,2,3700,0,0,0,0,0,0
CF,CI14,19.210753,72.733569,0,IBBY,315.2,11.3,136.0,4.0,2,2600,0,0,0,0,0,0

APPTR,I14,14,ERVIS
IF,ERVIS,17.091111,72.053889, ,0.0,0.0,0,0,0,0,0,0,0,0
TF,D203Q,18.821839,72.764772,0, ,0.0,0.0,0.0,0.0,0,0,0,0,0,0,1,0
CI,0, ,0.0,23.0,0,0,0,0,0,0,0,0
AF,D308O,19.235475,72.662375,2,BBB,308.0,15.0,203.0,2,3700,0,0,0,0,0,0
CF,CI14,19.210753,72.733569,0,IBBY,315.2,11.3,136.0,4.0,2,2600,0,0,0,0,0,0

APPTR,I14,14,EXOLU
IF,EXOLU,20.213889,71.569444, ,0.0,0.0,0,0,0,0,0,0,0,0
TF,D314T,19.312525,72.615228,0, ,0.0,0.0,0.0,0.0,0,0,0,0,0,0,1,0
TF,D316O,19.260533,72.683200,0, ,0.0,0.0,0.0,0.0,2,3700,0,0,0,0,1,0
CF,CI14,19.210753,72.733569,0,IBBY,315.2,11.3,136.0,4.1,2,2600,0,0,0,0,0,0

APPTR,I14,14,GUNDI
IF,GUNDI,17.360278,71.493333, ,0.0,0.0,0,0,0,0,0,0,0,0
TF,D219Q,18.860961,72.692356,0, ,0.0,0.0,0.0,0.0,0,0,0,0,0,0,1,0
CI,0, ,0.0,39.0,0,0,0,0,0,0,0,0
AF,D308O,19.235475,72.662375,2,BBB,308.0,15.0,219.0,2,3700,0,0,0,0,0,0
CF,CI14,19.210753,72.733569,0,IBBY,315.2,11.3,136.0,4.0,2,2600,0,0,0,0,0,0

APPTR,I14,14,KABSO
IF,KABSO,17.087500,72.819444, ,0.0,0.0,0,0,0,0,0,0,0,0
TF,D183Q,18.801983,72.866817,0, ,0.0,0.0,0.0,0.0,0,0,0,0,0,0,1,0
CI,0, ,0.0,3.0,0,0,0,0,0,0,0,0
AF,D308O,19.235475,72.662375,2,BBB,308.0,15.0,183.0,2,3700,0,0,0,0,0,0
CF,CI14,19.210753,72.733569,0,IBBY,315.2,11.3,136.0,4.0,2,2600,0,0,0,0,0,0

APPTR,I14,14,MANDI
IF,MANDI,19.504442,72.886311, ,0.0,0.0,2,8000,0,0,0,0,0,0
TF,D003Q,19.370644,72.882608,0, ,0.0,0.0,0.0,0.0,2,3700,0,0,0,0,1,0
CI,0, ,0.0,183.0,0,0,0,0,0,0,0,0
AF,D325O,19.287989,72.717556,1,BBB,325.0,15.0,3.0,2,3700,0,0,0,0,0,0
CF,CI14,19.210753,72.733569,0,IBBY,315.2,11.3,136.0,4.0,2,2600,0,0,0,0,0,0

APPTR,I14,14,SAMUD
FD,SAMUD,19.072422,72.347036,0,BBB,270.0,25.0,88.0,25.0,2,8000,0,0,0,0,0,0
CI,0, ,0.0,88.0,2,3700,0,0,0,0,0,0
AF,D308O,19.235475,72.662375,2,BBB,308.0,15.0,270.0,2,3700,0,0,0,0,0,0
CF,CI14,19.210753,72.733569,0,IBBY,315.2,11.3,136.0,4.0,2,2600,0,0,0,0,0,0

APPTR,I14,14,SHABA
IF,SHABA,18.687342,73.006750, ,0.0,0.0,2,8000,0,0,0,0,0,0
TF,D164Q,18.815028,72.964581,0, ,0.0,0.0,0.0,0.0,2,3700,0,0,0,0,1,0
CI,0, ,0.0,344.0,0,0,0,0,0,0,0,0
AF,D308O,19.235475,72.662375,2,BBB,308.0,15.0,164.0,2,3700,0,0,0,0,0,0
CF,CI14,19.210753,72.733569,0,IBBY,315.2,11.3,136.0,4.0,2,2600,0,0,0,0,0,0

FINAL,I14,14,I,3
IF,CI14,19.210753,72.733569,IBBY,315.2,11.3,2,2600,0,0,0,0,0,0
CF,FI14,19.187639,72.759042,0,IBBY,315.2,9.3,136.0,2.0,1,2600,0,0,0,0,2,0
CF,RW14,19.096011,72.859919,0,IBBY,315.2,1.4,136.0,7.9,1,89,0,0,0,0,3,0
FA,RW14,19.096011,72.859919,0,BBB,0.0,0.0,136.0,2,2600,0,0,0,0,0,0
DF,BBB,19.086319,72.874767,1, ,0.0,0.0,1,3700,0,0,0,0,0,0
HM,BBB,19.086319,72.874767,2, ,0.0,0.0,313.0,04.3,0,0,0,0,0,0,0,0,0

APPTR,I27-Y,27,AKTIV
IF,AKTIV,20.248056,73.258333, ,0.0,0.0,0,0,0,0,0,0,0,0
TF,D018Q,19.357847,72.963894,0, ,0.0,0.0,0.0,0.0,0,0,0,0,0,0,1,0
CI,0, ,0.0,198.0,0,0,0,0,0,0,0,0
AF,D082O,19.127556,73.135186,2,BBB,82.0,15.0,18.0,2,3700,0,0,0,0,0,0
CF,CI27,19.090472,73.068897,0,ISCZ,91.0,12.7,271.0,4.0,2,2900,0,0,0,0,0,0

APPTR,I27-Y,27,AVKOR
IF,AVKOR,18.034444,73.965833, ,0.0,0.0,0,0,0,0,0,0,0,0
TF,D137Q,18.884603,73.085561,0, ,0.0,0.0,0.0,0.0,0,0,0,0,0,0,1,0
CI,0, ,0.0,317.0,0,0,0,0,0,0,0,0
AF,D098O,19.057719,73.137000,1,BBB,98.0,15.0,137.0,2,3700,0,0,0,0,0,0
CF,CI27,19.090472,73.068897,0,ISCZ,91.0,12.7,271.0,4.0,2,2900,0,0,0,0,0,0

APPTR,I27-Y,27,BETKU
IF,BETKU,20.477500,72.016389, ,0.0,0.0,0,0,0,0,0,0,0,0
TF,D331Q,19.332217,72.724306,0, ,0.0,0.0,0.0,0.0,0,0,0,0,0,0,1,0
CI,0, ,0.0,151.0,0,0,0,0,0,0,0,0
AF,D082O,19.127556,73.135186,2,BBB,82.0,15.0,331.0,2,3700,0,0,0,0,0,0
CF,CI27,19.090472,73.068897,0,ISCZ,91.0,12.7,271.0,4.0,2,2900,0,0,0,0,0,0

APPTR,I27-Y,27,BOFIN
IF,BOFIN,20.712500,72.458889, ,0.0,0.0,0,0,0,0,0,0,0,0
TF,D348Q,19.362836,72.804664,0, ,0.0,0.0,0.0,0.0,0,0,0,0,0,0,1,0
CI,0, ,0.0,168.0,0,0,0,0,0,0,0,0
AF,D082O,19.127556,73.135186,2,BBB,82.0,15.0,348.0,2,3700,0,0,0,0,0,0
CF,CI27,19.090472,73.068897,0,ISCZ,91.0,12.7,271.0,4.0,2,2900,0,0,0,0,0,0

APPTR,I27-Y,27,D045Q
IF,D045Q,19.292517,73.080958, ,0.0,0.0,0,0,0,0,0,0,1,0
CI,0, ,0.0,225.0,0,0,0,0,0,0,0,0
AF,D082O,19.127556,73.135186,2,BBB,82.0,15.0,45.0,2,3700,0,0,0,0,0,0
CF,CI27,19.090472,73.068897,0,ISCZ,91.0,12.7,271.0,4.0,2,2900,0,0,0,0,0,0

APPTR,I27-Y,27,ERVIS
IF,ERVIS,17.091111,72.053889, ,0.0,0.0,0,0,0,0,0,0,0,0
TF,D203Q,18.821839,72.764772,0, ,0.0,0.0,0.0,0.0,0,0,0,0,0,0,1,0
CI,0, ,0.0,23.0,0,0,0,0,0,0,0,0
AF,D098O,19.057719,73.137000,1,BBB,98.0,15.0,203.0,2,3700,0,0,0,0,0,0
CF,CI27,19.090472,73.068897,0,ISCZ,91.0,12.7,271.0,4.0,2,2900,0,0,0,0,0,0

APPTR,I27-Y,27,EXOLU
IF,EXOLU,20.213889,71.569444, ,0.0,0.0,0,0,0,0,0,0,0,0
TF,D314Q,19.278619,72.654203,0, ,0.0,0.0,0.0,0.0,0,0,0,0,0,0,1,0
CI,0, ,0.0,134.0,0,0,0,0,0,0,0,0
AF,D082O,19.127556,73.135186,2,BBB,82.0,15.0,314.0,2,3700,0,0,0,0,0,0
CF,CI27,19.090472,73.068897,0,ISCZ,91.0,12.7,271.0,4.0,2,2900,0,0,0,0,0,0

APPTR,I27-Y,27,GUNDI
IF,GUNDI,17.360278,71.493333, ,0.0,0.0,0,0,0,0,0,0,0,0
TF,D219Q,18.860961,72.692356,0, ,0.0,0.0,0.0,0.0,0,0,0,0,0,0,1,0
CI,0, ,0.0,39.0,0,0,0,0,0,0,0,0
AF,D098O,19.057719,73.137000,1,BBB,98.0,15.0,219.0,2,3700,0,0,0,0,0,0
CF,CI27,19.090472,73.068897,0,ISCZ,91.0,12.7,271.0,4.0,2,2900,0,0,0,0,0,0

APPTR,I27-Y,27,KABSO
IF,KABSO,17.087500,72.819444, ,0.0,0.0,0,0,0,0,0,0,0,0
TF,D183Q,18.801983,72.866817,0, ,0.0,0.0,0.0,0.0,0,0,0,0,0,0,1,0
CI,0, ,0.0,3.0,0,0,0,0,0,0,0,0
AF,D098O,19.057719,73.137000,1,BBB,98.0,15.0,183.0,2,3700,0,0,0,0,0,0
CF,CI27,19.090472,73.068897,0,ISCZ,91.0,12.7,271.0,4.0,2,2900,0,0,0,0,0,0

APPTR,I27-Y,27,KALAM
FD,KALAM,19.116206,73.401828,0,BBB,88.0,25.0,265.0,25.0,2,8000,0,0,0,0,0,0
CI,0, ,0.0,265.0,2,3700,0,0,0,0,0,0
CF,D091Q,19.090375,73.137606,0,BBB,90.5,14.9,271.0,5.0,2,3700,0,0,0,0,1,0
CF,CI27,19.090472,73.068897,0,ISCZ,91.0,12.7,271.0,3.9,2,2900,0,0,0,0,0,0

APPTR,I27-Y,27,MANDI
IF,MANDI,19.504442,72.886311, ,0.0,0.0,2,8000,0,0,0,0,0,0
TF,D003Q,19.370644,72.882608,0, ,0.0,0.0,0.0,0.0,2,3700,0,0,0,0,1,0
CI,0, ,0.0,183.0,0,0,0,0,0,0,0,0
AF,D082O,19.127556,73.135186,2,BBB,82.0,15.0,3.0,2,3700,0,0,0,0,0,0
CF,CI27,19.090472,73.068897,0,ISCZ,91.0,12.7,271.0,4.0,2,2900,0,0,0,0,0,0

APPTR,I27-Y,27,MOLGO
IF,MOLGO,18.160556,73.385000, ,0.0,0.0,0,0,0,0,0,0,0,0
TF,D154Q,18.834628,73.014086,0, ,0.0,0.0,0.0,0.0,0,0,0,0,0,0,1,0
CI,0, ,0.0,334.0,0,0,0,0,0,0,0,0
AF,D098O,19.057719,73.137000,1,BBB,98.0,15.0,154.0,2,3700,0,0,0,0,0,0
CF,CI27,19.090472,73.068897,0,ISCZ,91.0,12.7,271.0,4.0,2,2900,0,0,0,0,0,0

APPTR,I27-Y,27,OPAKA
IF,OPAKA,19.605833,74.549444, ,0.0,0.0,0,0,0,0,0,0,0,0
TF,D073Q,19.175758,73.158839,0, ,0.0,0.0,0.0,0.0,0,0,0,0,0,0,1,0
CI,0, ,0.0,253.0,0,0,0,0,0,0,0,0
AF,D082O,19.127556,73.135186,2,BBB,82.0,15.0,73.0,2,3700,0,0,0,0,0,0
CF,CI27,19.090472,73.068897,0,ISCZ,91.0,12.7,271.0,4.0,2,2900,0,0,0,0,0,0

APPTR,I27-Y,27,PUN
IF,PUN,18.580000,73.914167, ,0.0,0.0,0,0,0,0,0,0,0,0
TF,D119Q,18.957325,73.141300,0, ,0.0,0.0,0.0,0.0,0,0,0,0,0,0,1,0
CI,0, ,0.0,299.0,0,0,0,0,0,0,0,0
AF,D098O,19.057719,73.137000,1,BBB,98.0,15.0,119.0,2,3700,0,0,0,0,0,0
CF,CI27,19.090472,73.068897,0,ISCZ,91.0,12.7,271.0,4.0,2,2900,0,0,0,0,0,0

APPTR,I27-Y,27,SHABA
IF,SHABA,18.687342,73.006750, ,0.0,0.0,2,8000,0,0,0,0,0,0
TF,D164Q,18.815028,72.964581,0, ,0.0,0.0,0.0,0.0,2,3700,0,0,0,0,1,0
CI,0, ,0.0,344.0,0,0,0,0,0,0,0,0
AF,D098O,19.057719,73.137000,1,BBB,98.0,15.0,164.0,2,3700,0,0,0,0,0,0
CF,CI27,19.090472,73.068897,0,ISCZ,91.0,12.7,271.0,4.0,2,2900,0,0,0,0,0,0

FINAL,I27-Y,27,I,3
IF,CI27,19.090472,73.068897,ISCZ,91.0,12.7,2,2900,0,0,0,0,0,0
CF,FI27,19.090183,73.032997,0,ISCZ,91.0,10.7,271.0,2.0,1,2900,0,0,0,0,2,0
CF,RW27,19.088831,72.876078,0,ISCZ,91.0,1.8,271.0,8.9,1,76,0,0,0,0,3,0
FA,RW27,19.088831,72.876078,0,BBB,0.0,0.0,271.0,2,600,0,0,0,0,0,0
VA,0,230.0,2,2600,0,0,0,0,0,0
DF,BBB,19.086319,72.874767,1, ,0.0,0.0,1,3700,0,0,0,0,0,0
HM,BBB,19.086319,72.874767,1, ,0.0,0.0,78.0,04.3,0,0,0,0,0,0,0,0,0

APPTR,I27-Z,27,BBB1
IF,BBB,19.086319,72.874767, ,0.0,0.0,2,3700,0,1,185,0,1,0
FD,BBB,19.086319,72.874767,0,BBB,0.0,12.0,78.0,12.0,2,2900,0,0,0,0,0,0
CF,CI27,19.090472,73.068897,2,ISCZ,91.0,12.7,271.0,2.0,2,2900,0,0,0,0,0,0

APPTR,I27-Z,27,BBB2
IF,BBB,19.086319,72.874767, ,0.0,0.0,2,3700,0,1,185,0,1,0
FD,BBB,19.086319,72.874767,0,BBB,0.0,11.0,82.0,11.0,2,2900,0,0,0,0,0,0
CF,CI27,19.090472,73.068897,2,ISCZ,91.0,12.7,271.0,1.0,2,2900,0,0,0,0,0,0

FINAL,I27-Z,27,I,3
IF,CI27,19.090472,73.068897,ISCZ,91.0,12.7,1,2900,0,0,0,0,0,0
CF,FI27,19.090183,73.032997,0,ISCZ,91.0,10.7,271.0,2.0,1,2900,0,0,0,0,2,0
CF,RW27,19.088831,72.876078,0,ISCZ,90.9,1.8,271.0,9.0,1,76,0,0,0,0,3,0
FA,RW27,19.088831,72.876078,0,BBB,0.0,0.0,271.0,2,600,0,0,0,0,0,0
VA,0,230.0,2,2600,0,0,0,0,0,0
DF,BBB,19.086319,72.874767,1, ,0.0,0.0,1,3700,0,0,0,0,0,0
HM,BBB,19.086319,72.874767,1, ,0.0,0.0,78.0,04.3,0,0,0,0,0,0,0,0,0

