APPTR,D06,06,DABKI
IF,DABKI,23.240556,78.688333, ,0.0,0.0,0,0,0,0,0,0,0,0
TF,D273S,23.196411,79.716078,0, ,0.0,0.0,0.0,0.0,0,0,0,0,0,0,1,0
CI,0, ,0.0,93.0,0,0,0,0,0,0,0,0
AF,D248Q,23.073408,79.774442,1,JJB,248.0,17.0,273.0,2,3700,0,0,0,0,0,0
CF,CD06,23.074633,79.853825,0,JJB,241.0,13.0,61.0,4.0,2,3700,0,0,0,0,1,0

APPTR,D06,06,DOSAT
IF,DOSAT,21.692500,81.306667, ,0.0,0.0,0,0,0,0,0,0,0,0
TF,D142O,22.982875,80.226783,0, ,0.0,0.0,0.0,0.0,0,0,0,0,0,0,1,0
CI,0, ,0.0,322.0,0,0,0,0,0,0,0,0
AF,CD06,23.074633,79.853825,2,JJB,241.0,13.0,142.0,2,3700,0,0,0,0,1,0

APPTR,D06,06,KKJ
IF,KKJ,24.802986,79.913008, ,0.0,0.0,0,0,0,0,0,0,0,0
TF,D356S,23.496822,80.031069,0, ,0.0,0.0,0.0,0.0,0,0,0,0,0,0,1,0
CI,0, ,0.0,176.0,0,0,0,0,0,0,0,0
AF,D248Q,23.073408,79.774442,1,JJB,248.0,17.0,356.0,2,3700,0,0,0,0,0,0
CF,CD06,23.074633,79.853825,0,JJB,241.0,13.0,61.0,4.0,2,3700,0,0,0,0,1,0

APPTR,D06,06,SABAP
IF,SABAP,22.551389,79.832222, ,0.0,0.0,0,0,0,0,0,0,0,0
TF,D199O,22.942958,79.971150,0, ,0.0,0.0,0.0,0.0,2,3700,0,0,0,0,1,0
CI,0, ,0.0,19.0,0,0,0,0,0,0,0,0
AF,CD06,23.074633,79.853825,2,JJB,241.0,13.0,199.0,2,3700,0,0,0,0,1,0

FINAL,D06,06,D,3
IF,CD06,23.074633,79.853825,JJB,241.0,13.0,2,3700,0,0,0,0,0,0
CF,FD06,23.132303,79.966022,0,JJB,241.0,5.9,61.0,7.1,2,3200,0,0,0,0,2,0
CF,MD06,23.168003,80.035603,0,JJB,241.0,1.5,61.0,4.4,1,1795,0,0,0,0,3,0
CF,JJB,23.180167,80.059333,0,JJB,0.0,0.0,61.0,1.5,2,2030,0,0,0,0,0,0
VI,2, ,0.0,229.0,0,0,0,0,0,0,0,0
CF,D199O,22.942958,79.971150,0,JJB,199.0,15.0,199.0,9.0,1,3700,0,0,0,0,0,0
HM,D199O,22.942958,79.971150,2, ,0.0,0.0,19.0,04.3,0,0,0,0,0,0,0,0,0

APPTR,D24,24,D096O
IF,D096O,23.153714,80.329122, ,0.0,0.0,2,4000,0,0,0,0,0,0
CI,0, ,0.0,276.0,0,0,0,0,0,0,0,0
AF,CD24,23.304742,80.252136,1,JJB,55.0,13.0,96.0,2,3700,0,0,0,0,1,0

APPTR,D24,24,DABKI
IF,DABKI,23.240556,78.688333, ,0.0,0.0,0,0,0,0,0,0,0,0
TF,D273O,23.193053,79.788347,0, ,0.0,0.0,0.0,0.0,0,0,0,0,0,0,1,0
CI,0, ,0.0,93.0,0,0,0,0,0,0,0,0
AF,CD24,23.304742,80.252136,2,JJB,55.0,13.0,273.0,2,3700,0,0,0,0,1,0

APPTR,D24,24,DOSAT
IF,DOSAT,21.692500,81.306667, ,0.0,0.0,0,0,0,0,0,0,0,0
TF,D142O,22.982875,80.226783,0, ,0.0,0.0,0.0,0.0,0,0,0,0,0,0,1,0
CI,0, ,0.0,322.0,0,0,0,0,0,0,0,0
AF,CD24,23.304742,80.252136,1,JJB,55.0,13.0,142.0,2,3700,0,0,0,0,1,0

APPTR,D24,24,IBUDA
IF,IBUDA,23.067222,82.164722, ,0.0,0.0,0,0,0,0,0,0,0,0
TF,D093O,23.166803,80.330261,0, ,0.0,0.0,0.0,0.0,0,0,0,0,0,0,1,0
CI,0, ,0.0,273.0,0,0,0,0,0,0,0,0
AF,CD24,23.304742,80.252136,1,JJB,55.0,13.0,93.0,2,3700,0,0,0,0,1,0

APPTR,D24,24,KKJ
IF,KKJ,24.802986,79.913008, ,0.0,0.0,0,0,0,0,0,0,0,0
TF,D356O,23.430158,80.037031,0, ,0.0,0.0,0.0,0.0,0,0,0,0,0,0,1,0
CI,0, ,0.0,176.0,0,0,0,0,0,0,0,0
AF,CD24,23.304742,80.252136,2,JJB,55.0,13.0,356.0,2,3700,0,0,0,0,1,0

APPTR,D24,24,SABAP
IF,SABAP,22.551389,79.832222, ,0.0,0.0,0,0,0,0,0,0,0,0
TF,D199O,22.942958,79.971150,0, ,0.0,0.0,0.0,0.0,0,0,0,0,0,0,1,0
CI,0, ,0.0,19.0,0,0,0,0,0,0,0,0
AF,CD24,23.304742,80.252136,1,JJB,55.0,13.0,199.0,2,3700,0,0,0,0,1,0

FINAL,D24,24,D,3
IF,CD24,23.304742,80.252136,JJB,55.0,13.0,2,3700,0,0,0,0,0,0
CF,FD24,23.228108,80.133444,0,JJB,55.0,5.0,235.0,8.0,2,3200,0,0,0,0,2,0
CF,MD24,23.189756,80.074150,0,JJB,55.0,0.0,235.0,4.0,1,1953,0,0,0,0,3,0
CA,0,235.0,2,2030,0,0,0,0,0,0
VI,1, ,0.0,66.0,0,0,0,0,0,0,0,0
CF,D096O,23.153714,80.329122,0,JJB,96.0,15.0,96.0,9.0,1,4000,0,0,0,0,0,0
HM,D096O,23.153714,80.329122,1, ,0.0,0.0,276.0,04.3,0,0,0,0,0,0,0,0,0

