APPTR,N27,27,OZR
IF,OZR,20.107533,73.909883, ,0.0,0.0,2,6000,0,0,0,0,0,0
FC,OZR,20.107533,73.909883,0,OJR,0.0,0.0,95.0,10.5,2,4000,0,0,0,0,0,1
CF,FN27,20.129019,74.039194,1,OJR,87.3,6.2,260.0,3.0,2,4000,0,0,0,0,0,0

FINAL,N27,27,N,2
IF,FN27,20.129019,74.039194,OZR,0.0,0.0,2,4000,0,0,0,0,2,0
CF,OZR,20.107533,73.909883,0,OZR,0.0,0.0,260.0,7.4,1,2600,0,0,0,0,3,0
CA,0,260.0,2,4000,0,0,0,0,0,0
DF,OZR,20.107533,73.909883,1, ,0.0,0.0,1,6000,0,0,0,0,0,0
HM,OZR,20.107533,73.909883,2, ,0.0,0.0,95.0,04.3,0,0,0,0,0,0,0,0,0

