SID,AKATA1,05,4
VA,0,46.0,2,800,0,0,0,0,0,0
DF,PP332,11.649428,104.951300,0, ,0.0,0.0,2,1800,0,0,0,0,0,0
TF,PP334,11.591133,105.124661,0, ,0.0,0.0,0.0,0.0,2,4000,0,0,0,0,0,0
TF,PP335,11.382111,105.069381,0, ,0.0,0.0,0.0,0.0,2,7000,0,0,0,0,0,0
TF,PP337,11.300375,104.739186,0, ,0.0,0.0,0.0,0.0,2,10000,0,0,0,0,0,0
TF,AKATA,11.227950,104.448000,0, ,0.0,0.0,0.0,0.0,2,13000,0,0,0,0,0,0
TF,KOS,10.589667,103.642167,0, ,0.0,0.0,0.0,0.0,0,0,0,0,0,0,0,0

SID,AKATA1,23,4
VA,0,226.0,2,500,0,0,0,0,0,0
DF,AKATA,11.227950,104.448000,0, ,0.0,0.0,1,6000,0,0,0,0,0,0
TF,KOS,10.589667,103.642167,0, ,0.0,0.0,0.0,0.0,0,0,0,0,0,0,0,0

SID,BAVET1,05,4
VA,0,46.0,2,800,0,0,0,0,0,0
DF,PP332,11.649428,104.951300,0, ,0.0,0.0,2,1800,0,0,0,0,0,0
TF,PP334,11.591133,105.124661,0, ,0.0,0.0,0.0,0.0,2,4000,0,0,0,0,0,0
TF,PP338,11.429733,105.255556,0, ,0.0,0.0,0.0,0.0,2,7000,0,0,0,0,0,0
TF,DALIP,11.355156,105.315972,0, ,0.0,0.0,0.0,0.0,2,8000,0,0,0,0,0,0
TF,BAVET,11.260203,105.552128,0, ,0.0,0.0,0.0,0.0,2,8000,0,0,0,0,0,0
TF,POPET,11.100000,105.950000,0, ,0.0,0.0,0.0,0.0,0,0,0,0,0,0,0,0

SID,BAVET1,23,4
VA,0,226.0,2,500,0,0,0,0,0,0
DF,PP458,11.337617,104.809167,0, ,0.0,0.0,2,2500,0,0,0,0,0,0
TF,PP459,11.232311,105.122197,0, ,0.0,0.0,0.0,0.0,1,5000,0,0,0,0,0,0
TF,BAVET,11.260203,105.552128,0, ,0.0,0.0,0.0,0.0,2,8000,0,0,0,0,0,0
TF,POPET,11.100000,105.950000,0, ,0.0,0.0,0.0,0.0,0,0,0,0,0,0,0,0

SID,BENTI1,05,4
VA,0,46.0,2,800,0,0,0,0,0,0
DF,PP332,11.649428,104.951300,0, ,0.0,0.0,2,1800,0,0,0,0,0,0
TF,PP334,11.591133,105.124661,0, ,0.0,0.0,0.0,0.0,2,4000,0,0,0,0,0,0
TF,PP335,11.382111,105.069381,0, ,0.0,0.0,0.0,0.0,2,7000,0,0,0,0,0,0
TF,PP336,11.228092,104.764247,0, ,0.0,0.0,0.0,0.0,2,10000,0,0,0,0,0,0
TF,BENTI,11.125656,104.561833,0, ,0.0,0.0,0.0,0.0,2,13000,0,0,0,0,0,0
TF,OSOTA,10.551944,104.263611,0, ,0.0,0.0,0.0,0.0,0,0,0,0,0,0,0,0

SID,BENTI1,23,4
VA,0,226.0,2,500,0,0,0,0,0,0
DF,BENTI,11.125656,104.561833,0, ,0.0,0.0,1,6000,0,0,0,0,0,0
TF,OSOTA,10.551944,104.263611,0, ,0.0,0.0,0.0,0.0,0,0,0,0,0,0,0,0

SID,CONDA1,05,4
VA,0,46.0,2,800,0,0,0,0,0,0
DF,PP332,11.649428,104.951300,0, ,0.0,0.0,2,1800,0,0,0,0,0,0
TF,PP334,11.591133,105.124661,0, ,0.0,0.0,0.0,0.0,2,4000,0,0,0,0,0,0
TF,PP335,11.382111,105.069381,0, ,0.0,0.0,0.0,0.0,2,7000,0,0,0,0,0,0
TF,CONDA,11.048272,104.760522,0, ,0.0,0.0,0.0,0.0,2,10000,0,0,0,0,0,0
TF,KISAN,10.538889,104.675000,0, ,0.0,0.0,0.0,0.0,0,0,0,0,0,0,0,0

SID,CONDA1,23,4
VA,0,226.0,2,500,0,0,0,0,0,0
DF,PP458,11.337617,104.809167,0, ,0.0,0.0,2,2500,0,0,0,0,0,0
TF,CONDA,11.048272,104.760522,0, ,0.0,0.0,0.0,0.0,1,6000,0,0,0,0,0,0
TF,KISAN,10.538889,104.675000,0, ,0.0,0.0,0.0,0.0,0,0,0,0,0,0,0,0

SID,DORAT1,05,4
VA,0,46.0,2,800,0,0,0,0,0,0
DF,PP344,11.764422,104.576278,1, ,0.0,0.0,1,5000,0,0,0,0,0,0
TF,PP345,11.778847,104.393311,0, ,0.0,0.0,0.0,0.0,1,6000,0,0,0,0,0,0
TF,DORAT,11.792950,104.212947,0, ,0.0,0.0,0.0,0.0,2,8000,0,0,0,0,0,0
TF,BISOR,12.351806,102.779806,0, ,0.0,0.0,0.0,0.0,0,0,0,0,0,0,0,0

SID,DORAT1,23,4
VA,0,226.0,2,500,0,0,0,0,0,0
DF,BOREY,11.730836,104.370792,0, ,0.0,0.0,2,6500,0,0,0,0,0,0
TF,DORAT,11.792950,104.212947,0, ,0.0,0.0,0.0,0.0,2,8000,0,0,0,0,0,0
TF,BISOR,12.351806,102.779806,0, ,0.0,0.0,0.0,0.0,0,0,0,0,0,0,0,0

SID,MADAM1,05,4
VA,0,46.0,2,800,0,0,0,0,0,0
DF,MADAM,11.985161,104.599931,0, ,0.0,0.0,1,5000,0,0,0,0,0,0
TF,KAKAB,12.132175,104.518422,0, ,0.0,0.0,0.0,0.0,2,7000,0,0,0,0,0,0
TF,SRE,13.408017,103.806322,0, ,0.0,0.0,0.0,0.0,0,0,0,0,0,0,0,0

SID,MADAM1,23,4
VA,0,226.0,2,500,0,0,0,0,0,0
DF,PP456,11.510692,104.600617,0, ,0.0,0.0,2,3200,0,0,0,0,0,0
TF,PP457,11.780533,104.600231,0, ,0.0,0.0,0.0,0.0,2,7000,0,0,0,0,0,0
TF,MADAM,11.985161,104.599931,0, ,0.0,0.0,0.0,0.0,2,8000,0,0,0,0,0,0
TF,SRE,13.408017,103.806322,0, ,0.0,0.0,0.0,0.0,0,0,0,0,0,0,0,0

SID,NANXY1,05,4
VA,0,46.0,2,800,0,0,0,0,0,0
DF,PP339,11.736764,105.423200,0, ,0.0,0.0,2,8000,0,0,0,0,0,0
TF,NANXY,12.022056,105.435281,0, ,0.0,0.0,0.0,0.0,2,9000,0,0,0,0,0,0
TF,GONLY,13.666667,107.500000,0, ,0.0,0.0,0.0,0.0,0,0,0,0,0,0,0,0

SID,NANXY1,23,4
VA,0,226.0,2,500,0,0,0,0,0,0
DF,PP452,11.724978,104.743931,2, ,0.0,0.0,2,4000,0,0,0,0,0,0
TF,PP455,11.768506,104.902181,0, ,0.0,0.0,0.0,0.0,2,5000,0,0,0,0,0,0
TF,BATDA,11.862831,105.237936,0, ,0.0,0.0,0.0,0.0,2,7000,0,0,0,0,0,0
TF,NANXY,12.022056,105.435281,0, ,0.0,0.0,0.0,0.0,2,9000,0,0,0,0,0,0
TF,GONLY,13.666667,107.500000,0, ,0.0,0.0,0.0,0.0,0,0,0,0,0,0,0,0

SID,SEYHA1,05,4
VA,0,46.0,2,800,0,0,0,0,0,0
DF,PP342,11.911692,105.047722,0, ,0.0,0.0,3,5000,0,0,0,0,0,0
TF,PP343,12.066156,105.121383,0, ,0.0,0.0,0.0,0.0,2,8000,0,0,0,0,0,0
TF,SEYHA,12.274208,105.033267,0, ,0.0,0.0,0.0,0.0,2,9000,0,0,0,0,0,0
TF,VIBUN,13.796667,105.431667,0, ,0.0,0.0,0.0,0.0,0,0,0,0,0,0,0,0

SID,SEYHA1,23,4
VA,0,226.0,2,500,0,0,0,0,0,0
DF,PP452,11.724978,104.743931,2, ,0.0,0.0,2,4000,0,0,0,0,0,0
TF,PP453,11.792661,104.793919,0, ,0.0,0.0,0.0,0.0,2,5000,0,0,0,0,0,0
TF,PP454,11.914519,104.883992,0, ,0.0,0.0,0.0,0.0,2,7000,0,0,0,0,0,0
TF,EATDA,12.030808,104.970042,0, ,0.0,0.0,0.0,0.0,2,8000,0,0,0,0,0,0
TF,SEYHA,12.274208,105.033267,0, ,0.0,0.0,0.0,0.0,2,9000,0,0,0,0,0,0
TF,VIBUN,13.796667,105.431667,0, ,0.0,0.0,0.0,0.0,0,0,0,0,0,0,0,0

STAR,AKAT1B,05,5
IF,KOS,10.589667,103.642167, ,0.0,0.0,0,0,0,0,0,0,0,0
TF,AKATA,11.227950,104.448000,0, ,0.0,0.0,0.0,0.0,1,7000,0,0,0,0,0,0
TF,BOSET,11.361000,104.651214,0, ,0.0,0.0,0.0,0.0,1,4000,0,0,0,0,0,0

STAR,BASA1A,23,5
IF,KOS,10.589667,103.642167, ,0.0,0.0,0,0,0,0,0,0,0,0
TF,BASAK,11.122503,104.316217,0, ,0.0,0.0,0.0,0.0,2,9000,0,0,0,0,0,0
TF,JEATA,11.175406,104.497817,0, ,0.0,0.0,0.0,0.0,2,8000,0,0,0,0,0,0
TF,PP112,11.283939,104.871756,0, ,0.0,0.0,0.0,0.0,2,7000,0,0,0,0,0,0
TF,PP111,11.345328,105.084103,0, ,0.0,0.0,0.0,0.0,2,6000,0,0,0,0,0,0
TF,TAMEN,11.609944,105.031922,0, ,0.0,0.0,0.0,0.0,1,2000,0,0,0,0,0,0
TF,KOSDA,11.669958,104.972672,0, ,0.0,0.0,0.0,0.0,1,2000,0,0,0,0,0,0

STAR,BAVE1A,23,5
IF,POPET,11.100000,105.950000, ,0.0,0.0,0,0,0,0,0,0,0,0
TF,BAVET,11.260203,105.552128,0, ,0.0,0.0,0.0,0.0,1,5000,0,0,0,0,0,0
TF,VUTHA,11.366475,105.320492,0, ,0.0,0.0,0.0,0.0,1,5000,0,0,0,0,0,0
TF,TAMEN,11.609944,105.031922,0, ,0.0,0.0,0.0,0.0,1,2000,0,0,0,0,0,0
TF,KOSDA,11.669958,104.972672,0, ,0.0,0.0,0.0,0.0,1,2000,0,0,0,0,0,0

STAR,BENT1B,05,5
IF,OSOTA,10.551944,104.263611, ,0.0,0.0,0,0,0,0,0,0,0,0
TF,BENTI,11.125656,104.561833,0, ,0.0,0.0,0.0,0.0,1,7000,0,0,0,0,0,0
TF,BOSET,11.361000,104.651214,0, ,0.0,0.0,0.0,0.0,1,4000,0,0,0,0,0,0

STAR,COND1B,05,5
IF,KISAN,10.538889,104.675000, ,0.0,0.0,0,0,0,0,0,0,0,0
TF,CONDA,11.048272,104.760522,0, ,0.0,0.0,0.0,0.0,1,7000,0,0,0,0,0,0
TF,BOSET,11.361000,104.651214,0, ,0.0,0.0,0.0,0.0,1,4000,0,0,0,0,0,0

STAR,DALI1B,05,5
IF,POPET,11.100000,105.950000, ,0.0,0.0,0,0,0,0,0,0,0,0
TF,DALIP,11.355156,105.315972,0, ,0.0,0.0,0.0,0.0,1,5000,0,0,0,0,0,0
TF,BATEE,11.301086,104.710456,0, ,0.0,0.0,0.0,0.0,1,4000,0,0,0,0,0,0
TF,BOSET,11.361000,104.651214,0, ,0.0,0.0,0.0,0.0,1,4000,0,0,0,0,0,0

STAR,DAMA1A,23,5
IF,SATON,12.950000,104.560000, ,0.0,0.0,0,0,0,0,0,0,0,0
TF,DAMAT,12.036817,104.744731,0, ,0.0,0.0,0.0,0.0,1,6000,0,0,0,0,0,0
TF,PP116,11.933392,104.809067,0, ,0.0,0.0,0.0,0.0,1,4000,0,0,0,0,0,0
TF,PP115,11.862375,104.853208,0, ,0.0,0.0,0.0,0.0,1,3000,0,0,0,0,0,0
TF,KOSDA,11.669958,104.972672,0, ,0.0,0.0,0.0,0.0,1,2000,0,0,0,0,0,0

STAR,DAMA1B,05,5
IF,SATON,12.950000,104.560000, ,0.0,0.0,0,0,0,0,0,0,0,0
TF,DAMAT,12.036817,104.744731,0, ,0.0,0.0,0.0,0.0,2,7000,0,0,0,0,0,0
TF,PP224,11.735756,104.669958,0, ,0.0,0.0,0.0,0.0,2,7000,0,0,0,0,0,0
TF,PP223,11.573375,104.629694,0, ,0.0,0.0,0.0,0.0,1,6000,0,0,0,0,0,0
TF,PISEY,11.420936,104.591936,0, ,0.0,0.0,0.0,0.0,1,4000,0,0,0,0,0,0
TF,BOSET,11.361000,104.651214,0, ,0.0,0.0,0.0,0.0,1,4000,0,0,0,0,0,0

STAR,DETM1A,23,5
IF,GONLY,13.666667,107.500000, ,0.0,0.0,0,0,0,0,0,0,0,0
TF,DETMA,11.968997,105.369475,0, ,0.0,0.0,0.0,0.0,2,6000,0,0,0,0,0,0
TF,BATDA,11.862831,105.237936,0, ,0.0,0.0,0.0,0.0,1,5000,0,0,0,0,0,0
TF,KOSDA,11.669958,104.972672,0, ,0.0,0.0,0.0,0.0,1,2000,0,0,0,0,0,0

STAR,EATD1A,23,5
IF,VIBUN,13.796667,105.431667, ,0.0,0.0,0,0,0,0,0,0,0,0
TF,EATDA,12.030808,104.970042,0, ,0.0,0.0,0.0,0.0,1,6000,0,0,0,0,0,0
TF,PP114,11.880239,104.971036,0, ,0.0,0.0,0.0,0.0,1,4000,0,0,0,0,0,0
TF,KOSDA,11.669958,104.972672,0, ,0.0,0.0,0.0,0.0,1,2000,0,0,0,0,0,0

STAR,KELE1B,05,5
IF,BOKAK,12.960000,102.496389, ,0.0,0.0,0,0,0,0,0,0,0,0
TF,KELEN,11.808294,104.410403,0, ,0.0,0.0,0.0,0.0,2,9000,0,0,0,0,0,0
TF,PP227,11.686678,104.467461,0, ,0.0,0.0,0.0,0.0,2,8000,0,0,0,0,0,0
TF,PISEY,11.420936,104.591936,0, ,0.0,0.0,0.0,0.0,1,4000,0,0,0,0,0,0
TF,BOSET,11.361000,104.651214,0, ,0.0,0.0,0.0,0.0,1,4000,0,0,0,0,0,0

STAR,NANX1B,05,5
IF,GONLY,13.666667,107.500000, ,0.0,0.0,0,0,0,0,0,0,0,0
TF,NANXY,12.022056,105.435281,0, ,0.0,0.0,0.0,0.0,3,7000,0,0,0,0,0,0
TF,PP226,11.895806,105.207917,0, ,0.0,0.0,0.0,0.0,2,6000,0,0,0,0,0,0
TF,PP223,11.573375,104.629694,0, ,0.0,0.0,0.0,0.0,1,6000,0,0,0,0,0,0
TF,PISEY,11.420936,104.591936,0, ,0.0,0.0,0.0,0.0,1,4000,0,0,0,0,0,0
TF,BOSET,11.361000,104.651214,0, ,0.0,0.0,0.0,0.0,1,4000,0,0,0,0,0,0

STAR,NARE1A,23,5
IF,KISAN,10.538889,104.675000, ,0.0,0.0,0,0,0,0,0,0,0,0
TF,NARET,10.883039,104.732781,0, ,0.0,0.0,0.0,0.0,1,9000,0,0,0,0,0,0
TF,VANDY,11.041564,104.853097,0, ,0.0,0.0,0.0,0.0,1,8000,0,0,0,0,0,0
TF,PP111,11.345328,105.084103,0, ,0.0,0.0,0.0,0.0,2,6000,0,0,0,0,0,0
TF,TAMEN,11.609944,105.031922,0, ,0.0,0.0,0.0,0.0,1,2000,0,0,0,0,0,0
TF,KOSDA,11.669958,104.972672,0, ,0.0,0.0,0.0,0.0,1,2000,0,0,0,0,0,0

STAR,OUDO1A,23,5
IF,OSOTA,10.551944,104.263611, ,0.0,0.0,0,0,0,0,0,0,0,0
TF,OUDOM,10.986167,104.467978,0, ,0.0,0.0,0.0,0.0,1,9000,0,0,0,0,0,0
TF,YALIN,11.084881,104.636956,0, ,0.0,0.0,0.0,0.0,2,8000,0,0,0,0,0,0
TF,PP113,11.229256,104.884586,0, ,0.0,0.0,0.0,0.0,2,7000,0,0,0,0,0,0
TF,PP111,11.345328,105.084103,0, ,0.0,0.0,0.0,0.0,2,6000,0,0,0,0,0,0
TF,TAMEN,11.609944,105.031922,0, ,0.0,0.0,0.0,0.0,1,2000,0,0,0,0,0,0
TF,KOSDA,11.669958,104.972672,0, ,0.0,0.0,0.0,0.0,1,2000,0,0,0,0,0,0

STAR,SEYH1B,05,5
IF,VIBUN,13.796667,105.431667, ,0.0,0.0,0,0,0,0,0,0,0,0
TF,SEYHA,12.274208,105.033267,0, ,0.0,0.0,0.0,0.0,3,7000,0,0,0,0,0,0
TF,PP225,12.043361,104.900069,0, ,0.0,0.0,0.0,0.0,2,6000,0,0,0,0,0,0
TF,PP223,11.573375,104.629694,0, ,0.0,0.0,0.0,0.0,1,6000,0,0,0,0,0,0
TF,PISEY,11.420936,104.591936,0, ,0.0,0.0,0.0,0.0,1,4000,0,0,0,0,0,0
TF,BOSET,11.361000,104.651214,0, ,0.0,0.0,0.0,0.0,1,4000,0,0,0,0,0,0

STAR,SOBE1A,23,5
IF,BOKAK,12.960000,102.496389, ,0.0,0.0,0,0,0,0,0,0,0,0
TF,SOBEN,12.175944,103.804133,0, ,0.0,0.0,0.0,0.0,2,8000,0,0,0,0,0,0
TF,PP119,11.965611,104.329125,0, ,0.0,0.0,0.0,0.0,1,8000,0,0,0,0,0,0
TF,PP118,11.902269,104.486569,0, ,0.0,0.0,0.0,0.0,1,6000,0,0,0,0,0,0
TF,PP117,11.811511,104.711650,0, ,0.0,0.0,0.0,0.0,1,3000,0,0,0,0,0,0
TF,KOSTO,11.729944,104.913428,0, ,0.0,0.0,0.0,0.0,1,2000,0,0,0,0,0,0
TF,KOSDA,11.669958,104.972672,0, ,0.0,0.0,0.0,0.0,1,2000,0,0,0,0,0,0

APPTR,D05,05,DARET
IF,DARET,11.242678,104.849244, ,0.0,0.0,2,4000,0,0,0,0,1,0
AF,D228R,11.338403,104.620525,2,PNH,228.0,18.0,180.0,2,3500,0,0,0,0,0,0
TF,TITPO,11.361239,104.645369,0, ,0.0,0.0,0.0,0.0,2,3500,0,0,0,0,1,0

APPTR,D05,05,THIDA
IF,THIDA,11.538578,104.538361, ,0.0,0.0,2,4000,0,0,0,0,1,0
AF,D228R,11.338403,104.620525,1,PNH,228.0,18.0,270.0,2,3500,0,0,0,0,0,0
TF,TITPO,11.361239,104.645369,0, ,0.0,0.0,0.0,0.0,2,3500,0,0,0,0,1,0

APPTR,D05,05,TITPO
HF,TITPO,11.361239,104.645369,2, ,0.0,0.0,48.0,04.3,2,3500,0,0,0,0,0,0,0

FINAL,D05,05,D,3
IF,TITPO,11.361239,104.645369,PNH,228.0,16.0,2,3500,0,0,0,0,0,0
CF,RIKDI,11.475481,104.769431,0,PNH,228.0,6.0,48.0,10.0,2,1800,0,0,0,0,2,0
CF,RW05,11.537072,104.834278,0,PNH,235.0,0.7,48.0,5.3,1,90,0,0,0,0,3,0
CF,PNH,11.543972,104.843917,0,PNH,0.0,0.0,48.0,0.7,0,0,0,0,0,0,0,0
CF,IKAKA,11.672281,104.969514,0,PNH,45.0,10.7,44.0,10.7,2,2000,0,0,0,0,0,0
HM,IKAKA,11.672281,104.969514,2, ,0.0,0.0,224.0,04.3,0,0,0,0,0,0,0,0,0

APPTR,D23,23,ARIBA
IF,ARIBA,11.744875,104.840358, ,0.0,0.0,0,0,0,0,0,0,1,0
AF,D044L,11.688492,104.985481,2,PNH,45.0,12.0,360.0,2,2000,0,0,0,0,0,0
TF,IKAKA,11.672281,104.969514,0, ,0.0,0.0,0.0,0.0,2,2000,0,0,0,0,1,0

APPTR,D23,23,IKAKA
HF,IKAKA,11.672281,104.969514,2, ,0.0,0.0,224.0,04.3,2,2000,0,0,0,0,0,0,0

APPTR,D23,23,OMLET
IF,OMLET,11.512472,105.045122, ,0.0,0.0,0,0,0,0,0,0,1,0
AF,D044L,11.688492,104.985481,1,PNH,45.0,12.0,100.0,2,2000,0,0,0,0,0,0
TF,IKAKA,11.672281,104.969514,0, ,0.0,0.0,0.0,0.0,2,2000,0,0,0,0,1,0

FINAL,D23,23,D,3
IF,IKAKA,11.672281,104.969514,PNH,45.0,10.7,2,2000,0,0,0,0,0,0
CF,TANAK,11.611989,104.910514,0,PNH,45.0,5.7,224.0,5.0,2,1650,0,0,0,0,2,0
CF,RW23,11.555050,104.852986,0,PNH,39.9,0.9,224.0,4.8,1,90,0,0,0,0,3,0
CA,0,224.0,2,540,0,0,0,0,0,0
FA,PNH,11.543972,104.843917,0,PNH,0.0,0.0,228.0,2,1800,0,0,0,0,0,0
DF,IKAKA,11.672281,104.969514,2, ,0.0,0.0,1,2000,0,0,0,0,0,0
HM,IKAKA,11.672281,104.969514,2, ,0.0,0.0,224.0,04.3,0,0,0,0,0,0,0,0,0

APPTR,I23,23,ARIBA
IF,ARIBA,11.744875,104.840358, ,0.0,0.0,0,0,0,0,0,0,1,0
AF,D046L,11.685344,104.988711,2,PNH,46.3,12.0,360.0,2,2000,0,0,0,0,0,0
CF,KOSDA,11.669958,104.972672,0,PNP,46.2,11.5,226.0,1.3,2,2000,0,0,0,0,1,0

APPTR,I23,23,KOSDA
HF,KOSDA,11.669958,104.972672,2, ,0.0,0.0,226.0,04.3,2,2000,0,0,0,0,0,0,0

APPTR,I23,23,OMLET
IF,OMLET,11.512472,105.045122, ,0.0,0.0,0,0,0,0,0,0,1,0
AF,D046L,11.685344,104.988711,1,PNH,46.3,12.0,100.0,2,2000,0,0,0,0,0,0
CF,KOSDA,11.669958,104.972672,0,PNP,46.2,11.5,226.0,1.3,2,2000,0,0,0,0,1,0

FINAL,I23,23,I,3
IF,KOSDA,11.669958,104.972672,PNP,46.2,11.5,2,2000,0,0,0,0,0,0
CF,ROMJA,11.613847,104.914208,0,PNP,46.2,6.7,226.0,4.8,1,1700,0,0,0,0,2,0
CF,RW23,11.555050,104.852986,0,PNP,46.3,1.7,226.0,5.0,1,90,0,0,0,0,3,0
CA,0,226.0,2,540,0,0,0,0,0,0
FA,PNH,11.543972,104.843917,0,PNH,0.0,0.0,228.0,2,1700,0,0,0,0,0,0
DF,KOSDA,11.669958,104.972672,2, ,0.0,0.0,1,2000,0,0,0,0,0,0
HM,KOSDA,11.669958,104.972672,2, ,0.0,0.0,226.0,04.3,0,0,0,0,0,0,0,0,0

APPTR,R05,05,BATEE
IF,BATEE,11.301086,104.710456, ,0.0,0.0,2,4000,0,0,0,0,1,0
TF,BOSET,11.361000,104.651214,0, ,0.0,0.0,0.0,0.0,2,4000,0,0,0,0,1,0

APPTR,R05,05,PISEY
IF,PISEY,11.420936,104.591936, ,0.0,0.0,2,4000,0,0,0,0,1,0
TF,BOSET,11.361000,104.651214,0, ,0.0,0.0,0.0,0.0,2,4000,0,0,0,0,1,0

FINAL,R05,05,R,3
IF,BOSET,11.361000,104.651214, ,0.0,0.0,2,4000,0,0,0,0,0,0
TF,FF05,11.477939,104.772758,0, ,0.0,0.0,46.0,10.0,2,1700,0,0,0,0,2,0
TF,RW05,11.537072,104.834278,0, ,0.0,0.0,46.0,5.0,1,90,0,0,0,0,3,1
CA,0,46.0,2,1000,0,0,0,0,0,0
DF,BOSET,11.361000,104.651214,1, ,0.0,0.0,1,4000,0,0,0,0,0,0
HM,BOSET,11.361000,104.651214,2, ,0.0,0.0,46.0,04.3,0,0,0,0,0,0,0,0,0

APPTR,R23,23,KOSTO
IF,KOSTO,11.729944,104.913428, ,0.0,0.0,2,2000,0,0,0,0,1,0
TF,KOSDA,11.669958,104.972672,0, ,0.0,0.0,0.0,0.0,2,2000,0,0,0,0,1,0

APPTR,R23,23,TAMEN
IF,TAMEN,11.609944,105.031922, ,0.0,0.0,2,2000,0,0,0,0,1,0
TF,KOSDA,11.669958,104.972672,0, ,0.0,0.0,0.0,0.0,2,2000,0,0,0,0,1,0

FINAL,R23,23,R,3
IF,KOSDA,11.669958,104.972672, ,0.0,0.0,2,2000,0,0,0,0,0,0
TF,FR23,11.610617,104.910847,0, ,0.0,0.0,226.0,5.0,2,1600,0,0,0,0,2,0
TF,RW23,11.555050,104.852986,0, ,0.0,0.0,226.0,4.8,1,90,0,0,0,0,3,1
CA,0,226.0,2,1000,0,0,0,0,0,0
DF,KOSDA,11.669958,104.972672,2, ,0.0,0.0,1,2000,0,0,0,0,0,0
HM,KOSDA,11.669958,104.972672,2, ,0.0,0.0,226.0,04.3,0,0,0,0,0,0,0,0,0

