APPTR,D14-Z,14,BBS1
IF,BBS,20.243667,85.813250, ,0.0,0.0,2,2500,0,0,0,0,0,0
FD,BBS,20.243667,85.813250,0,BBS,0.0,7.0,356.0,7.0,2,1700,0,0,0,0,0,0
CF,CD14Z,20.345067,85.751169,1,BBS,331.0,7.0,151.0,1.0,2,1700,0,0,0,0,0,0

APPTR,D14-Z,14,BBS2
IF,BBS,20.243667,85.813250, ,0.0,0.0,2,2500,0,0,0,0,0,0
FD,BBS,20.243667,85.813250,0,BBS,0.0,7.0,344.0,7.0,2,1700,0,0,0,0,0,0
CF,CD14Z,20.345067,85.751169,1,BBS,331.0,7.0,151.0,1.0,2,1700,0,0,0,0,0,0

APPTR,D14-Z,14,ENTAP
IF,ENTAP,22.076389,83.469444, ,0.0,0.0,0,0,0,0,0,0,0,0
TF,D311R,20.437983,85.569369,0, ,0.0,0.0,0.0,0.0,0,0,0,1,180,0,1,1
CF,D331K,20.403003,85.715661,0,BBS,331.0,11.0,106.0,8.5,2,2400,0,0,0,0,1,0
CF,CD14Z,20.345067,85.751169,0,BBS,331.0,7.0,151.0,4.0,2,1700,0,0,0,0,0,0

APPTR,D14-Z,14,GUTID
IF,GUTID,21.078056,84.931111, ,0.0,0.0,0,0,0,0,0,0,0,0
TF,D316R,20.457542,85.588506,0, ,0.0,0.0,0.0,0.0,0,0,0,1,180,0,1,1
CI,0, ,0.0,106.0,2,3200,0,0,0,0,0,0
CF,D331K,20.403003,85.715661,0,BBS,331.0,11.0,151.0,3.0,2,2400,0,0,0,0,1,0
CF,CD14Z,20.345067,85.751169,0,BBS,331.0,7.0,151.0,4.0,2,1700,0,0,0,0,0,0

APPTR,D14-Z,14,ISMON
IF,ISMON,19.117778,85.264444, ,0.0,0.0,0,0,0,0,0,0,0,0
TF,D206M,20.046339,85.716439,0, ,0.0,0.0,0.0,0.0,0,0,0,0,0,0,1,0
CI,0, ,0.0,26.0,0,0,0,0,0,0,0,0
AF,D278K,20.265983,85.619697,2,BBS,278.0,11.0,206.0,2,3200,0,0,0,0,0,0
AF,D320K,20.382497,85.685219,2,BBS,320.0,11.0,278.0,2,2400,0,0,0,0,0,0
CF,CD14Z,20.345067,85.751169,0,BBS,331.0,7.0,151.0,4.0,2,1700,0,0,0,0,0,0

APPTR,D14-Z,14,MEPOL
IF,MEPOL,19.662500,84.672778, ,0.0,0.0,0,0,0,0,0,0,0,0
TF,D243M,20.141028,85.610164,0, ,0.0,0.0,0.0,0.0,0,0,0,0,0,0,1,0
CI,0, ,0.0,63.0,0,0,0,0,0,0,0,0
AF,D278K,20.265983,85.619697,2,BBS,278.0,11.0,243.0,2,3200,0,0,0,0,0,0
AF,D320K,20.382497,85.685219,2,BBS,320.0,11.0,278.0,2,2400,0,0,0,0,0,0
CF,CD14Z,20.345067,85.751169,0,BBS,331.0,7.0,151.0,4.0,2,1700,0,0,0,0,0,0

APPTR,D14-Z,14,OPASA
IF,OPASA,20.584167,82.956389, ,0.0,0.0,0,0,0,0,0,0,0,0
TF,D278M,20.272664,85.584858,0, ,0.0,0.0,0.0,0.0,0,0,0,0,0,0,1,0
CI,0, ,0.0,98.0,0,0,0,0,0,0,0,0
AF,D320K,20.382497,85.685219,2,BBS,320.0,11.0,278.0,2,2400,0,0,0,0,0,0
CF,CD14Z,20.345067,85.751169,0,BBS,331.0,7.0,151.0,4.0,2,1700,0,0,0,0,0,0

APPTR,D14-Z,14,VIBAL
IF,VIBAL,21.054444,83.783333, ,0.0,0.0,0,0,0,0,0,0,0,0
TF,D294M,20.329728,85.601575,0, ,0.0,0.0,0.0,0.0,0,0,0,0,0,0,1,0
CI,0, ,0.0,114.0,0,0,0,0,0,0,0,0
AF,D320K,20.382497,85.685219,2,BBS,320.0,11.0,294.0,2,2400,0,0,0,0,0,0
CF,CD14Z,20.345067,85.751169,0,BBS,331.0,7.0,151.0,4.0,2,1700,0,0,0,0,0,0

FINAL,D14-Z,14,D,3
IF,CD14Z,20.345067,85.751169,BBS,331.0,7.0,2,1700,0,0,0,0,0,0
CF,FD14Z,20.330583,85.760044,0,BBS,331.0,6.0,151.0,1.0,2,1700,0,0,0,0,2,0
CF,RW14,20.260778,85.804667,0,BBS,335.7,1.1,151.0,4.9,1,154,0,0,0,0,3,0
CF,BBS,20.243667,85.813250,0,BBS,0.0,0.0,151.0,1.1,0,0,0,0,0,0,0,1
FA,BBS,20.243667,85.813250,0,BBS,0.0,0.0,151.0,2,1600,0,0,0,0,0,0
DF,BBS,20.243667,85.813250,2, ,0.0,0.0,1,2500,0,0,0,0,0,0
HM,BBS,20.243667,85.813250,2, ,0.0,0.0,356.0,04.3,0,0,0,0,0,0,0,0,0

APPTR,D32-Z,32,BBS1
IF,BBS,20.243667,85.813250, ,0.0,0.0,2,2500,0,0,0,0,0,0
FD,BBS,20.243667,85.813250,0,BBS,0.0,7.0,111.0,7.0,2,1600,0,0,0,0,0,0
CF,CD32Z,20.162297,85.902456,2,BBS,135.0,7.0,315.0,1.0,2,1600,0,0,0,0,0,0

APPTR,D32-Z,32,BBS2
IF,BBS,20.243667,85.813250, ,0.0,0.0,2,2500,0,0,0,0,0,0
FD,BBS,20.243667,85.813250,0,BBS,0.0,7.0,123.0,7.0,2,1600,0,0,0,0,0,0
CF,CD32Z,20.162297,85.902456,2,BBS,135.0,7.0,315.0,1.0,2,1600,0,0,0,0,0,0

APPTR,D32-Z,32,ISMON
IF,ISMON,19.117778,85.264444, ,0.0,0.0,0,0,0,0,0,0,0,0
TF,D206M,20.046339,85.716439,0, ,0.0,0.0,0.0,0.0,0,0,0,0,0,0,1,0
CI,0, ,0.0,26.0,0,0,0,0,0,0,0,0
AF,D146K,20.092889,85.924975,1,BBS,146.0,11.0,206.0,2,2400,0,0,0,0,0,0
CF,CD32Z,20.162297,85.902456,0,BBS,135.0,7.0,315.0,4.0,2,1600,0,0,0,0,0,0

APPTR,D32-Z,32,MEPOL
IF,MEPOL,19.662500,84.672778, ,0.0,0.0,0,0,0,0,0,0,0,0
TF,D243M,20.141028,85.610164,0, ,0.0,0.0,0.0,0.0,0,0,0,0,0,0,1,0
CI,0, ,0.0,63.0,0,0,0,0,0,0,0,0
AF,D206K,20.076867,85.730936,1,BBS,206.0,11.0,243.0,2,3200,0,0,0,0,0,0
AF,D146K,20.092889,85.924975,1,BBS,146.0,11.0,206.0,2,2400,0,0,0,0,0,0
CF,CD32Z,20.162297,85.902456,0,BBS,135.0,7.0,315.0,4.0,2,1600,0,0,0,0,0,0

APPTR,D32-Z,32,OPASA
IF,OPASA,20.584167,82.956389, ,0.0,0.0,0,0,0,0,0,0,0,0
TF,D278M,20.272664,85.584858,0, ,0.0,0.0,0.0,0.0,0,0,0,0,0,0,1,0
CI,0, ,0.0,98.0,0,0,0,0,0,0,0,0
AF,D206K,20.076867,85.730936,1,BBS,206.0,11.0,278.0,2,3200,0,0,0,0,0,0
AF,D146K,20.092889,85.924975,1,BBS,146.0,11.0,206.0,2,2400,0,0,0,0,0,0
CF,CD32Z,20.162297,85.902456,0,BBS,135.0,7.0,315.0,4.0,2,1600,0,0,0,0,0,0

APPTR,D32-Z,32,SURUP
IF,SURUP,20.470833,86.483333, ,0.0,0.0,0,0,0,0,0,0,0,0
TF,D071M,20.317444,86.030061,0, ,0.0,0.0,0.0,0.0,0,0,0,0,0,0,1,0
CI,0, ,0.0,251.0,0,0,0,0,0,0,0,0
AF,D124K,20.143364,85.976667,2,BBS,124.0,11.0,71.0,2,2400,0,0,0,0,0,0
CF,CD32Z,20.162297,85.902456,0,BBS,135.0,7.0,315.0,4.0,2,1600,0,0,0,0,0,0

APPTR,D32-Z,32,VIBAL
IF,VIBAL,21.054444,83.783333, ,0.0,0.0,0,0,0,0,0,0,0,0
TF,D294M,20.329728,85.601575,0, ,0.0,0.0,0.0,0.0,0,0,0,0,0,0,1,0
CI,0, ,0.0,114.0,0,0,0,0,0,0,0,0
AF,D206K,20.076867,85.730936,1,BBS,206.0,11.0,294.0,2,3200,0,0,0,0,0,0
AF,D146K,20.092889,85.924975,1,BBS,146.0,11.0,206.0,2,2400,0,0,0,0,0,0
CF,CD32Z,20.162297,85.902456,0,BBS,135.0,7.0,315.0,4.0,2,1600,0,0,0,0,0,0

FINAL,D32-Z,32,D,4
IF,CD32Z,20.162297,85.902456,BBS,135.0,7.0,2,1600,0,0,0,0,0,0
CF,FD32Z,20.186711,85.875703,0,BBS,135.0,4.9,315.0,2.1,2,1600,0,0,0,0,2,0
CF,EP32,20.238933,85.818439,0,BBS,135.0,0.4,315.0,4.5,1,172,0,0,0,0,0,1
CF,BBS,20.243667,85.813250,0,BBS,0.0,0.0,315.0,0.4,2,540,0,0,0,0,3,1
FA,BBS,20.243667,85.813250,0,BBS,0.0,0.0,315.0,2,2000,0,0,0,0,0,0
DF,BBS,20.243667,85.813250,1, ,0.0,0.0,1,2500,0,0,0,0,0,0
HM,BBS,20.243667,85.813250,2, ,0.0,0.0,111.0,04.3,0,0,0,0,0,0,0,0,0

APPTR,I14,14,BBS
IF,BBS,20.243667,85.813250, ,0.0,0.0,2,2500,0,0,0,0,0,0
CI,0, ,0.0,328.0,0,0,0,0,0,0,0,0
CF,CI14,20.352281,85.731847,0,BBS,325.8,8.0,324.0,6.0,2,1800,0,0,0,0,0,0
FC,CI14,20.352281,85.731847,0,BBS,0.0,0.0,9.0,4.3,2,1800,0,0,0,0,0,1
CF,CI14,20.352281,85.731847,1,IBHR,324.1,8.5,144.0,5.0,2,1800,0,0,0,0,0,0

APPTR,I14,14,ENTAP
IF,ENTAP,22.076389,83.469444, ,0.0,0.0,0,0,0,0,0,0,0,0
TF,D311V,20.481119,85.515089,0, ,0.0,0.0,0.0,0.0,0,0,0,1,180,0,1,1
CI,0, ,0.0,99.0,2,3200,0,0,0,0,0,0
CF,D324L,20.405781,85.689222,0,BBS,325.2,12.0,144.0,6.0,2,2400,0,0,0,0,1,0
CF,CI14,20.352281,85.731847,0,IBHR,324.1,8.5,144.0,4.0,2,1800,0,0,0,0,0,0

APPTR,I14,14,GUTID
IF,GUTID,21.078056,84.931111, ,0.0,0.0,0,0,0,0,0,0,0,0
TF,D316V,20.505031,85.538478,0, ,0.0,0.0,0.0,0.0,0,0,0,1,180,0,1,1
CI,0, ,0.0,99.0,2,3200,0,0,0,0,0,0
CF,D324L,20.405781,85.689222,0,BBS,325.2,12.0,144.0,8.0,2,2400,0,0,0,0,1,0
CF,CI14,20.352281,85.731847,0,IBHR,324.1,8.5,144.0,4.0,2,1800,0,0,0,0,0,0

APPTR,I14,14,ISMON
IF,ISMON,19.117778,85.264444, ,0.0,0.0,0,0,0,0,0,0,0,0
TF,D206N,20.031156,85.709003,0, ,0.0,0.0,0.0,0.0,0,0,0,0,0,0,1,0
CI,0, ,0.0,26.0,0,0,0,0,0,0,0,0
AF,D278L,20.268003,85.602100,2,BBS,278.0,12.0,206.0,2,3200,0,0,0,0,0,0
AF,D313L,20.377919,85.655044,2,BBS,313.0,12.0,278.0,2,2400,0,0,0,0,0,0
CF,CI14,20.352281,85.731847,0,IBHR,324.1,8.5,144.0,4.0,2,1800,0,0,0,0,0,0

APPTR,I14,14,MEPOL
IF,MEPOL,19.662500,84.672778, ,0.0,0.0,0,0,0,0,0,0,0,0
TF,D243N,20.133122,85.594553,0, ,0.0,0.0,0.0,0.0,0,0,0,0,0,0,1,0
CI,0, ,0.0,63.0,0,0,0,0,0,0,0,0
AF,D278L,20.268003,85.602100,2,BBS,278.0,12.0,243.0,2,3200,0,0,0,0,0,0
AF,D313L,20.377919,85.655044,2,BBS,313.0,12.0,278.0,2,2400,0,0,0,0,0,0
CF,CI14,20.352281,85.731847,0,IBHR,324.1,8.5,144.0,4.0,2,1800,0,0,0,0,0,0

APPTR,I14,14,OPASA
IF,OPASA,20.584167,82.956389, ,0.0,0.0,0,0,0,0,0,0,0,0
TF,D278N,20.274883,85.567286,0, ,0.0,0.0,0.0,0.0,0,0,0,0,0,0,1,0
CI,0, ,0.0,98.0,0,0,0,0,0,0,0,0
AF,D313L,20.377919,85.655044,2,BBS,313.0,12.0,278.0,2,2400,0,0,0,0,0,0
CF,CI14,20.352281,85.731847,0,IBHR,324.1,8.5,144.0,4.0,2,1800,0,0,0,0,0,0

APPTR,I14,14,VIBAL
IF,VIBAL,21.054444,83.783333, ,0.0,0.0,0,0,0,0,0,0,0,0
TF,D294N,20.336339,85.585281,0, ,0.0,0.0,0.0,0.0,0,0,0,0,0,0,1,0
CI,0, ,0.0,114.0,0,0,0,0,0,0,0,0
AF,D313L,20.377919,85.655044,2,BBS,313.0,12.0,294.0,2,2400,0,0,0,0,0,0
CF,CI14,20.352281,85.731847,0,IBHR,324.1,8.5,144.0,4.0,2,1800,0,0,0,0,0,0

FINAL,I14,14,I,3
IF,CI14,20.352281,85.731847,IBHR,324.1,8.5,2,1800,0,0,0,0,0,0
CF,FI14,20.329542,85.749953,0,IBHR,324.1,6.8,144.0,1.7,1,1800,0,0,0,0,2,0
CF,RW14,20.260778,85.804667,0,IBHR,324.1,1.6,144.0,5.1,1,154,0,0,0,0,3,0
FA,RW14,20.260778,85.804667,0,BBS,0.0,0.0,144.0,2,2500,0,0,0,0,0,0
DF,BBS,20.243667,85.813250,1, ,0.0,0.0,1,2500,0,0,0,0,0,0
HM,BBS,20.243667,85.813250,2, ,0.0,0.0,328.0,04.3,0,0,0,0,0,0,0,0,0

