APPTR,D09,09,BUBNU
IF,BUBNU,26.440278,75.071944, ,0.0,0.0,0,0,0,0,0,0,0,0
TF,D240P,26.695719,75.578144,0, ,0.0,0.0,0.0,0.0,0,0,0,0,0,0,1,0
CI,0, ,0.0,60.0,0,0,0,0,0,0,0,0
AF,D264N,26.801200,75.579044,2,JJP,264.0,14.0,240.0,2,3700,0,0,0,0,1,0
CF,FD09,26.811314,75.684619,0,JJP,264.0,8.3,84.0,5.7,2,3300,0,0,0,0,0,0

APPTR,D09,09,EPDAD
IF,EPDAD,24.641667,75.791944, ,0.0,0.0,0,0,0,0,0,0,0,0
TF,D181P,26.558506,75.832608,0, ,0.0,0.0,0.0,0.0,0,0,0,0,0,0,1,0
CI,0, ,0.0,1.0,0,0,0,0,0,0,0,0
AF,D264N,26.801200,75.579044,2,JJP,264.0,14.0,181.0,2,3700,0,0,0,0,1,0
CF,FD09,26.811314,75.684619,0,JJP,264.0,8.3,84.0,5.7,2,3300,0,0,0,0,0,0

APPTR,D09,09,IKABA
IF,IKABA,27.523056,76.313889, ,0.0,0.0,0,0,0,0,0,0,0,0
TF,D031P,27.054383,75.993453,0, ,0.0,0.0,0.0,0.0,0,0,0,0,0,0,1,0
CI,0, ,0.0,211.0,0,0,0,0,0,0,0,0
AF,D264N,26.801200,75.579044,1,JJP,264.0,14.0,31.0,2,3700,0,0,0,0,1,0
CF,FD09,26.811314,75.684619,0,JJP,264.0,8.3,84.0,5.7,2,3300,0,0,0,0,0,0

APPTR,D09,09,JJP1
IF,JJP,26.825900,75.838389, ,0.0,0.0,2,3700,0,0,0,0,1,0
FD,JJP,26.825900,75.838389,0,JJP,0.0,11.0,245.0,11.0,2,3300,0,0,0,0,0,0
CF,FD09,26.811314,75.684619,2,JJP,264.0,8.3,84.0,3.0,2,3300,0,0,0,0,0,0

APPTR,D09,09,JJP2
IF,JJP,26.825900,75.838389, ,0.0,0.0,2,3700,0,0,0,0,1,0
FD,JJP,26.825900,75.838389,0,JJP,0.0,10.0,254.0,10.0,2,3300,0,0,0,0,0,0
CF,FD09,26.811314,75.684619,2,JJP,264.0,8.3,84.0,2.0,2,3300,0,0,0,0,0,0

APPTR,D09,09,UKBAB
IF,UKBAB,26.196389,74.912778, ,0.0,0.0,0,0,0,0,0,0,0,0
TF,D232P,26.665197,75.600281,0, ,0.0,0.0,0.0,0.0,0,0,0,0,0,0,1,0
CI,0, ,0.0,52.0,0,0,0,0,0,0,0,0
AF,D264N,26.801200,75.579044,2,JJP,264.0,14.0,232.0,2,3700,0,0,0,0,1,0
CF,FD09,26.811314,75.684619,0,JJP,264.0,8.3,84.0,5.7,2,3300,0,0,0,0,0,0

FINAL,D09,09,D,2
IF,FD09,26.811314,75.684619,JJP,264.0,8.3,2,3300,0,0,0,0,2,0
CF,RW09,26.823022,75.799283,0,JJP,265.3,2.1,84.0,6.2,1,1313,0,0,0,0,3,0
CF,JJP,26.825900,75.838389,0,JJP,0.0,0.0,84.0,2.1,0,0,0,0,0,0,0,0
FA,JJP,26.825900,75.838389,0,JJP,0.0,0.0,84.0,2,3300,0,0,0,0,0,0
DF,JJP,26.825900,75.838389,1, ,0.0,0.0,1,3700,0,0,0,0,0,0
HM,JJP,26.825900,75.838389,1, ,0.0,0.0,245.0,04.3,0,0,0,0,0,0,0,0,0

APPTR,D27,27,BUBNU
IF,BUBNU,26.440278,75.071944, ,0.0,0.0,0,0,0,0,0,0,0,0
TF,D240N,26.712017,75.610642,0, ,0.0,0.0,0.0,0.0,0,0,0,0,0,0,1,0
CI,0, ,0.0,60.0,0,0,0,0,0,0,0,0
AF,D083L,26.850169,76.060336,1,JJP,83.0,12.0,240.0,2,3700,0,0,0,0,1,0
CF,FD27,26.838078,75.949350,0,JJP,83.0,6.0,263.0,6.0,2,3300,0,0,0,0,0,0

APPTR,D27,27,EPDAD
IF,EPDAD,24.641667,75.791944, ,0.0,0.0,0,0,0,0,0,0,0,0
TF,D181N,26.591931,75.833317,0, ,0.0,0.0,0.0,0.0,0,0,0,0,0,0,1,0
CI,0, ,0.0,1.0,0,0,0,0,0,0,0,0
AF,D083L,26.850169,76.060336,1,JJP,83.0,12.0,181.0,2,3700,0,0,0,0,1,0
CF,FD27,26.838078,75.949350,0,JJP,83.0,6.0,263.0,6.0,2,3300,0,0,0,0,0,0

APPTR,D27,27,IKABA
IF,IKABA,27.523056,76.313889, ,0.0,0.0,0,0,0,0,0,0,0,0
TF,D031N,27.025831,75.974042,0, ,0.0,0.0,0.0,0.0,0,0,0,0,0,0,1,0
CI,0, ,0.0,211.0,0,0,0,0,0,0,0,0
AF,D083L,26.850169,76.060336,2,JJP,83.0,12.0,31.0,2,3700,0,0,0,0,1,0
CF,FD27,26.838078,75.949350,0,JJP,83.0,6.0,263.0,6.0,2,3300,0,0,0,0,0,0

APPTR,D27,27,JJP1
IF,JJP,26.825900,75.838389, ,0.0,0.0,2,3700,0,0,0,0,1,0
FD,JJP,26.825900,75.838389,0,JJP,0.0,8.0,109.0,8.0,2,3300,0,0,0,0,0,0
CF,FD27,26.838078,75.949350,1,JJP,83.0,6.0,263.0,2.0,2,3300,0,0,0,0,0,0

APPTR,D27,27,JJP2
IF,JJP,26.825900,75.838389, ,0.0,0.0,2,3700,0,0,0,0,1,0
FD,JJP,26.825900,75.838389,0,JJP,0.0,7.0,97.0,7.0,2,3300,0,0,0,0,0,0
CF,FD27,26.838078,75.949350,1,JJP,83.0,6.0,263.0,1.0,2,3300,0,0,0,0,0,0

APPTR,D27,27,POSIG
IF,POSIG,27.216944,77.581944, ,0.0,0.0,0,0,0,0,0,0,0,0
TF,D075T,26.908881,76.199469,0, ,0.0,0.0,0.0,0.0,0,0,0,0,0,0,1,0
TF,D083L,26.850169,76.060336,0, ,0.0,0.0,0.0,0.0,2,3700,0,0,0,0,1,0
CF,FD27,26.838078,75.949350,0,JJP,83.0,6.0,263.0,6.0,2,3300,0,0,0,0,0,0

APPTR,D27,27,UKBAB
IF,UKBAB,26.196389,74.912778, ,0.0,0.0,0,0,0,0,0,0,0,0
TF,D232N,26.685306,75.630008,0, ,0.0,0.0,0.0,0.0,0,0,0,0,0,0,1,0
CI,0, ,0.0,52.0,0,0,0,0,0,0,0,0
AF,D083L,26.850169,76.060336,1,JJP,83.0,12.0,232.0,2,3700,0,0,0,0,1,0
CF,FD27,26.838078,75.949350,0,JJP,83.0,6.0,263.0,6.0,2,3300,0,0,0,0,0,0

FINAL,D27,27,D,2
IF,FD27,26.838078,75.949350,JJP,83.0,6.0,2,3300,0,0,0,0,2,0
CF,MD27,26.827933,75.856881,0,JJP,83.0,0.0,263.0,5.0,1,1705,0,0,0,0,3,0
CF,JJP,26.825900,75.838389,0,JJP,0.0,0.0,263.0,1.0,0,0,0,0,0,0,0,0
FA,JJP,26.825900,75.838389,0,JJP,0.0,0.0,263.0,2,3300,0,0,0,0,0,0
DF,JJP,26.825900,75.838389,1, ,0.0,0.0,1,3700,0,0,0,0,0,0
HM,JJP,26.825900,75.838389,2, ,0.0,0.0,109.0,04.3,0,0,0,0,0,0,0,0,0

FINAL,I27-Y,27,I,3
IF,CF27Y,26.840650,75.987683,IJIP,84.0,10.4,2,3300,0,0,0,0,0,0
CF,FF27,26.837203,75.950617,0,IJIP,84.0,8.4,264.0,2.0,1,3300,0,0,0,0,2,0
CF,RW27,26.826225,75.833372,0,IJIP,84.0,2.0,264.0,6.3,1,1300,0,0,0,0,3,0
FA,RW27,26.826225,75.833372,0,JJP,0.0,0.0,264.0,2,3300,0,0,0,0,0,0
DF,JI,26.831333,75.897500,1, ,0.0,0.0,1,3700,0,0,0,0,0,0
HM,JI,26.831333,75.897500,1, ,0.0,0.0,264.0,04.3,0,0,0,0,0,0,0,0,0

APPTR,I27-Z,27,BUBNU
IF,BUBNU,26.440278,75.071944, ,0.0,0.0,0,0,0,0,0,0,0,0
TF,D240N,26.712017,75.610642,0, ,0.0,0.0,0.0,0.0,0,0,0,0,0,0,1,0
CI,0, ,0.0,60.0,0,0,0,0,0,0,0,0
AF,D094L,26.811731,76.061383,1,JJP,94.0,12.0,240.0,2,3700,0,0,0,0,0,0
CI,0,IJIP,0.0,294.0,2,3300,0,0,0,0,0,0

APPTR,I27-Z,27,EPDAD
IF,EPDAD,24.641667,75.791944, ,0.0,0.0,0,0,0,0,0,0,0,0
TF,D181N,26.591931,75.833317,0, ,0.0,0.0,0.0,0.0,0,0,0,0,0,0,1,0
CI,0, ,0.0,1.0,0,0,0,0,0,0,0,0
AF,D094L,26.811731,76.061383,1,JJP,94.0,12.0,181.0,2,3700,0,0,0,0,0,0
CI,0,IJIP,0.0,294.0,2,3300,0,0,0,0,0,0

APPTR,I27-Z,27,IKABA
IF,IKABA,27.523056,76.313889, ,0.0,0.0,0,0,0,0,0,0,0,0
TF,D031N,27.025831,75.974042,0, ,0.0,0.0,0.0,0.0,0,0,0,0,0,0,1,0
CI,0, ,0.0,211.0,0,0,0,0,0,0,0,0
AF,D074L,26.881022,76.053397,2,JJP,74.0,12.0,31.0,2,3700,0,0,0,0,0,0
CI,0,IJIP,0.0,234.0,2,3300,0,0,0,0,0,0

APPTR,I27-Z,27,JJP1
IF,JJP,26.825900,75.838389, ,0.0,0.0,2,3700,0,0,0,0,1,0
FD,JJP,26.825900,75.838389,0,JJP,0.0,9.0,107.0,9.0,2,3300,0,0,0,0,0,0
CI,1,IJIP,0.0,294.0,2,3300,0,0,0,0,0,0

APPTR,I27-Z,27,JJP2
IF,JJP,26.825900,75.838389, ,0.0,0.0,2,3700,0,0,0,0,1,0
FD,JJP,26.825900,75.838389,0,JJP,0.0,9.0,95.0,9.0,2,3300,0,0,0,0,0,0
CI,1,IJIP,0.0,294.0,2,3300,0,0,0,0,0,0

APPTR,I27-Z,27,POSIG
IF,POSIG,27.216944,77.581944, ,0.0,0.0,0,0,0,0,0,0,0,0
TF,D075T,26.908881,76.199469,0, ,0.0,0.0,0.0,0.0,0,0,0,0,0,0,1,0
FC,D075T,26.908881,76.199469,0,JJP,0.0,0.0,243.0,4.3,2,3700,0,0,0,0,0,0
CF,CF27Z,26.847419,76.060711,0,IJIP,84.0,14.3,243.0,4.0,2,3700,0,0,0,0,1,0

APPTR,I27-Z,27,UKBAB
IF,UKBAB,26.196389,74.912778, ,0.0,0.0,0,0,0,0,0,0,0,0
TF,D232N,26.685306,75.630008,0, ,0.0,0.0,0.0,0.0,0,0,0,0,0,0,1,0
CI,0, ,0.0,52.0,0,0,0,0,0,0,0,0
AF,D094L,26.811731,76.061383,1,JJP,94.0,12.0,232.0,2,3700,0,0,0,0,0,0
CI,0,IJIP,0.0,294.0,2,3300,0,0,0,0,0,0

FINAL,I27-Z,27,I,3
IF,CF27Z,26.847419,76.060711,IJIP,84.0,14.3,2,3700,0,0,0,0,0,0
CF,FF27,26.837203,75.950617,0,IJIP,84.0,8.4,264.0,5.9,1,3300,0,0,0,0,2,0
CF,RW27,26.826225,75.833372,0,IJIP,84.0,2.0,264.0,6.3,1,1300,0,0,0,0,3,0
FA,RW27,26.826225,75.833372,0,JJP,0.0,0.0,264.0,2,3300,0,0,0,0,0,0
DF,JJP,26.825900,75.838389,1, ,0.0,0.0,1,3700,0,0,0,0,0,0
HM,JJP,26.825900,75.838389,2, ,0.0,0.0,107.0,04.3,0,0,0,0,0,0,0,0,0

