SID,DEL2A,33,2
CF,PAK,15.196750,105.738056,0,PAK,0.0,0.0,328.0,4.0,0,0,0,0,0,0,0,0
FA,PAK,15.196750,105.738056,0,PAK,0.0,0.0,328.0,2,2500,0,0,0,0,0,0
DF,D001F,15.297081,105.739542,2, ,0.0,0.0,2,3500,0,0,0,0,0,0
TF,DELTA,16.000000,105.750000,0, ,0.0,0.0,0.0,0.0,0,0,0,0,0,0,0,0

SID,DEL2B,15,2
VA,0,148.0,2,850,0,0,0,0,0,0
CF,PAK,15.196750,105.738056,2,PAK,0.0,0.0,350.0,7.0,2,1900,0,0,0,0,0,0
TF,DELTA,16.000000,105.750000,0, ,0.0,0.0,0.0,0.0,0,0,0,0,0,0,0,0

SID,DOK1A,33,5
VA,0,328.0,2,1000,0,0,0,0,0,0
DF,DOKPI,14.868361,105.670667,1, ,0.0,0.0,2,7000,0,0,0,0,0,0
TF,LEKOB,14.130000,105.520000,0, ,0.0,0.0,0.0,0.0,0,0,0,0,0,0,0,0

SID,DOK1B,15,5
VA,0,148.0,2,800,0,0,0,0,0,0
DF,SAGSI,14.951667,105.725694,0, ,0.0,0.0,0,0,0,0,0,0,0,0
TF,DOKPI,14.868361,105.670667,0, ,0.0,0.0,0.0,0.0,2,7000,0,0,0,0,0,0
TF,LEKOB,14.130000,105.520000,0, ,0.0,0.0,0.0,0.0,0,0,0,0,0,0,0,0

SID,LAP1A,33,5
VA,0,328.0,2,1000,0,0,0,0,0,0
DF,LAPET,15.209500,105.514278,0, ,0.0,0.0,2,7000,0,0,0,0,0,0
TF,UBL,15.245197,104.865917,0, ,0.0,0.0,0.0,0.0,0,0,0,0,0,0,0,0

SID,LAP1B,15,5
VA,0,148.0,2,800,0,0,0,0,0,0
DF,MADON,15.141667,105.590583,2, ,0.0,0.0,0,0,0,0,0,0,0,0
TF,LAPET,15.209500,105.514278,0, ,0.0,0.0,0.0,0.0,2,7000,0,0,0,0,0,0
TF,UBL,15.245197,104.865917,0, ,0.0,0.0,0.0,0.0,0,0,0,0,0,0,0,0

SID,LEK2A,33,2
CF,PAK,15.196750,105.738056,0,PAK,0.0,0.0,328.0,4.0,0,0,0,0,0,0,0,0
FA,PAK,15.196750,105.738056,0,PAK,0.0,0.0,328.0,2,2500,0,0,0,0,0,0
DF,PAK,15.196750,105.738056,2, ,0.0,0.0,2,4000,0,0,0,0,0,0
TF,LEKOB,14.130000,105.520000,0, ,0.0,0.0,0.0,0.0,0,0,0,0,0,0,0,0

SID,LEK2B,15,2
VA,0,148.0,2,850,0,0,0,0,0,0
VI,2, ,0.0,270.0,0,0,0,0,0,0,0,0
CF,LEKOB,14.130000,105.520000,0,PAK,192.3,65.0,192.0,58.0,0,0,0,0,0,0,0,0

SID,SAM1A,33,5
VA,0,328.0,2,1000,0,0,0,0,0,0
DF,LANAD,15.262167,105.739028,0, ,0.0,0.0,0,0,0,0,0,0,0,0
TF,SAMSI,15.615194,105.744250,0, ,0.0,0.0,0.0,0.0,0,0,0,0,0,0,0,0

SID,SAM1B,15,5
VA,0,148.0,2,800,0,0,0,0,0,0
DF,PASMA,15.106889,105.660528,2, ,0.0,0.0,0,0,0,0,0,0,0,0
TF,LANAD,15.262167,105.739028,0, ,0.0,0.0,0.0,0.0,0,0,0,0,0,0,0,0
TF,SAMSI,15.615194,105.744250,0, ,0.0,0.0,0.0,0.0,0,0,0,0,0,0,0,0

SID,SEK2A,33,2
CF,PAK,15.196750,105.738056,0,PAK,0.0,0.0,328.0,4.0,0,0,0,0,0,0,0,0
FA,PAK,15.196750,105.738056,0,PAK,0.0,0.0,328.0,2,2500,0,0,0,0,0,0
DF,D118C,15.173197,105.783764,2, ,0.0,0.0,2,5000,0,0,0,0,0,0
TF,SEKON,14.867778,106.376111,0, ,0.0,0.0,0.0,0.0,0,0,0,0,0,0,0,0
TF,BOMPA,14.333333,107.400000,0, ,0.0,0.0,0.0,0.0,0,0,0,0,0,0,0,0

SID,SEK2B,15,2
VA,0,148.0,2,850,0,0,0,0,0,0
DF,D118J,15.119411,105.890928,0, ,0.0,0.0,0,0,0,0,0,0,0,0
TF,SEKON,14.867778,106.376111,0, ,0.0,0.0,0.0,0.0,0,0,0,0,0,0,0,0
TF,BOMPA,14.333333,107.400000,0, ,0.0,0.0,0.0,0.0,0,0,0,0,0,0,0,0

SID,UBO2A,33,2
VA,0,328.0,2,1200,0,0,0,0,0,0
VI,0, ,0.0,304.0,0,0,0,0,0,0,0,0
CF,UBL,15.245197,104.865917,0,UBL,0.0,0.0,274.0,48.0,0,0,0,0,0,0,0,0

SID,UBO2B,15,2
VA,0,148.0,2,850,0,0,0,0,0,0
VI,2, ,0.0,290.0,0,0,0,0,0,0,0,0
CF,D274F,15.202589,105.634817,0,PAK,274.4,6.0,320.0,10.0,0,0,0,0,0,0,0,0
TF,UBL,15.245197,104.865917,0, ,0.0,0.0,0.0,0.0,0,0,0,0,0,0,0,0

STAR,DOK1C,15,5
IF,LEKOB,14.130000,105.520000, ,0.0,0.0,0,0,0,0,0,0,0,0
TF,DOKPI,14.868361,105.670667,0, ,0.0,0.0,0.0,0.0,2,7000,0,0,0,0,0,0
TF,DONPA,15.148647,105.604617,0, ,0.0,0.0,0.0,0.0,0,0,0,0,0,0,0,0
TF,KALTI,15.246528,105.581500,0, ,0.0,0.0,0.0,0.0,0,0,0,0,0,0,0,0
TF,VIMAN,15.296056,105.671500,0, ,0.0,0.0,0.0,0.0,1,3500,0,0,0,0,0,0

STAR,LAP1C,15,5
IF,UBL,15.245197,104.865917, ,0.0,0.0,0,0,0,0,0,0,0,0
TF,LAPET,15.209500,105.514278,0, ,0.0,0.0,0.0,0.0,2,6000,0,0,0,0,0,0
TF,KALTI,15.246528,105.581500,0, ,0.0,0.0,0.0,0.0,0,0,0,0,0,0,0,0
TF,VIMAN,15.296056,105.671500,0, ,0.0,0.0,0.0,0.0,1,3500,0,0,0,0,0,0

STAR,SAM1C,15,5
IF,SAMSI,15.615194,105.744250, ,0.0,0.0,0,0,0,0,0,0,0,0
TF,VIMAN,15.296056,105.671500,0, ,0.0,0.0,0.0,0.0,1,3500,0,0,0,0,0,0

APPTR,D15,15,DELTA
IF,DELTA,16.000000,105.750000, ,0.0,0.0,0,0,0,0,0,0,0,0
TF,SEDON,15.414333,105.738056,0, ,0.0,0.0,0.0,0.0,2,5000,0,0,0,0,1,0
CI,0, ,0.0,181.0,0,0,0,0,0,0,0,0
AF,D328K,15.351133,105.634719,1,PAK,328.0,11.0,1.0,2,4500,0,0,0,0,0,0
TF,FF15,15.229033,105.716461,0, ,0.0,0.0,0.0,0.0,2,2300,0,0,0,0,0,0

APPTR,D15,15,PAKS1
IF,PAK,15.196750,105.738056, ,0.0,0.0,2,7000,0,0,0,0,1,0
FD,PAK,15.196750,105.738056,0,PAK,0.0,9.0,358.0,9.0,2,5000,0,0,0,0,0,0
CF,FF15,15.229033,105.716461,1,PAK,328.0,2.3,148.0,6.7,2,2300,0,0,0,0,0,0

APPTR,D15,15,PAKS2
IF,PAK,15.196750,105.738056, ,0.0,0.0,2,7000,0,0,0,0,1,0
FD,PAK,15.196750,105.738056,0,PAK,0.0,9.0,339.0,9.0,2,5000,0,0,0,0,0,0
CF,FF15,15.229033,105.716461,1,PAK,328.0,2.3,148.0,6.7,2,2300,0,0,0,0,0,0

FINAL,D15,15,D,2
IF,FF15,15.229033,105.716461,PAK,328.0,2.3,2,2300,0,0,0,0,2,0
CF,MA15,15.170078,105.755889,0,PAK,148.0,1.9,148.0,4.2,1,990,0,0,0,0,3,1
DF,PAK,15.196750,105.738056,2, ,0.0,0.0,2,1500,0,0,0,0,0,0
FA,PAK,15.196750,105.738056,0,PAK,0.0,0.0,45.0,2,3500,0,0,0,0,0,0
DF,PAK,15.196750,105.738056,1, ,0.0,0.0,0,0,0,0,0,0,0,0
HM,PAK,15.196750,105.738056,1, ,0.0,0.0,358.0,04.3,2,7000,0,0,0,0,0,0,0

APPTR,I15,15,DELTA
IF,DELTA,16.000000,105.750000, ,0.0,0.0,0,0,0,0,0,0,0,0
TF,SEDON,15.414333,105.738056,0, ,0.0,0.0,0.0,0.0,2,5000,0,0,0,0,1,0
CI,0, ,0.0,181.0,0,0,0,0,0,0,0,0
AF,D328L,15.365128,105.625197,1,PAK,328.0,12.0,1.0,0,0,0,0,0,0,0,0
CF,D328J,15.337050,105.644039,0,PAK,328.0,10.0,148.0,2.0,2,4000,0,0,0,0,0,0
CF,CF15,15.294431,105.672628,0,IPKS,328.0,12.1,148.0,3.0,2,3500,0,0,0,0,1,0

APPTR,I15,15,LEKOB
IF,LEKOB,14.130000,105.520000, ,0.0,0.0,0,0,0,0,0,0,0,0
TF,PAK,15.196750,105.738056,0, ,0.0,0.0,0.0,0.0,2,7000,0,0,0,0,1,0
TF,D358I,15.347178,105.729931,0, ,0.0,0.0,0.0,0.0,2,5000,0,0,0,0,0,1
CF,CF15,15.294431,105.672628,1,IPKS,328.0,12.1,148.0,2.0,2,3500,0,0,0,0,1,0

APPTR,I15,15,SEKON
IF,SEKON,14.867778,106.376111, ,0.0,0.0,0,0,0,0,0,0,0,0
TF,PAK,15.196750,105.738056,0, ,0.0,0.0,0.0,0.0,2,7000,0,0,0,0,1,0
TF,D358I,15.347178,105.729931,0, ,0.0,0.0,0.0,0.0,2,5000,0,0,0,0,0,1
CF,CF15,15.294431,105.672628,1,IPKS,328.0,12.1,148.0,2.0,2,3500,0,0,0,0,1,0

APPTR,I15,15,UBL
IF,UBL,15.245197,104.865917, ,0.0,0.0,0,0,0,0,0,0,0,0
TF,D274J,15.205442,105.565925,0, ,0.0,0.0,0.0,0.0,2,5000,0,0,0,0,1,0
CI,0, ,0.0,94.0,0,0,0,0,0,0,0,0
AF,D328I,15.323025,105.653447,2,PAK,328.0,9.0,274.0,0,0,0,0,0,0,0,0
CF,CF15,15.294431,105.672628,0,IPKS,328.0,12.1,148.0,2.0,2,3500,0,0,0,0,1,0

FINAL,I15,15,I,3
IF,CF15,15.294431,105.672628,IPKS,328.0,12.1,2,3500,0,0,0,0,0,0
CF,FI15,15.224278,105.719650,0,IPKS,328.0,7.1,148.0,5.0,1,2300,0,0,0,0,2,0
CF,RW15,15.143850,105.773519,0,IPKS,328.0,1.4,148.0,5.7,1,397,0,0,0,0,3,0
CA,0,148.0,2,850,0,0,0,0,0,0
VI,2, ,0.0,319.0,0,0,0,0,0,0,0,0
CF,D274J,15.205442,105.565925,0,PAK,274.0,10.0,274.0,4.0,0,0,0,0,0,0,0,0
HM,D274J,15.205442,105.565925,2, ,0.0,0.0,94.0,04.3,2,5000,0,0,0,0,0,0,0

APPTR,N15,15,PS1
IF,PS,15.130611,105.783889, ,0.0,0.0,2,7000,0,0,0,0,1,0
FC,PS,15.130611,105.783889,0,PAK,0.0,0.0,350.0,8.8,2,3500,0,0,0,0,0,1
CF,FN15,15.251247,105.696867,1,PAK,324.7,4.0,146.0,1.0,2,3500,0,0,0,0,0,0

APPTR,N15,15,PS2
IF,PS,15.130611,105.783889, ,0.0,0.0,2,7000,0,0,0,0,1,0
FC,PS,15.130611,105.783889,0,PAK,0.0,0.0,338.0,9.0,2,3500,0,0,0,0,0,1
CF,FN15,15.251247,105.696867,1,PAK,324.7,4.0,146.0,1.2,2,3500,0,0,0,0,0,0

FINAL,N15,15,N,2
IF,FN15,15.251247,105.696867,PS,0.0,0.0,2,3500,0,0,0,0,2,0
CF,MN15,15.164883,105.759175,0,PS,0.0,0.0,146.0,6.3,1,1000,0,0,0,0,3,0
VA,2,310.0,2,2500,0,0,0,0,0,0
DF,PS,15.130611,105.783889,2, ,0.0,0.0,0,0,0,0,0,0,0,0
HM,PS,15.130611,105.783889,1, ,0.0,0.0,350.0,04.3,2,7000,0,0,0,0,0,0,0

FINAL,R15,15,R,3
IF,VIMAN,15.296056,105.671500, ,0.0,0.0,1,3500,0,0,0,0,0,0
TF,VATPU,15.225917,105.718528,0, ,0.0,0.0,148.0,5.0,1,2300,0,0,0,0,2,0
TF,RW15,15.143850,105.773519,0, ,0.0,0.0,148.0,5.9,1,397,0,0,0,0,3,1
CA,0,148.0,2,850,0,0,0,0,0,0
DF,DONPA,15.148647,105.604617,2, ,0.0,0.0,2,4000,0,0,0,0,0,0
HM,DONPA,15.148647,105.604617,1, ,0.0,0.0,347.0,04.3,0,0,0,0,0,0,0,0,0

