APPTR,D01-X,01,SMR
IF,SMR,27.164167,84.982222,SMR,0.0,0.0,2,2500,0,0,0,0,0,0
FD,SMR,27.164167,84.982222,0,SMR,0.0,5.0,210.0,5.0,2,1900,0,0,0,0,0,0
CF,FD01,27.081864,84.966008,1,SMR,190.0,5.0,10.0,1.0,2,1900,0,0,0,0,0,0

FINAL,D01-X,01,D,5
IF,FD01,27.081864,84.966008,SMR,190.0,5.0,2,1900,0,0,0,0,2,0
CF,40VOR,27.098325,84.969250,0,SMR,190.0,4.0,10.0,1.0,2,1600,0,0,0,0,0,0
CF,30VOR,27.114783,84.972492,0,SMR,190.0,3.0,10.0,1.0,2,1300,0,0,0,0,0,0
CF,20VOR,27.131244,84.975733,0,SMR,190.0,2.0,10.0,1.0,2,1000,0,0,0,0,0,0
CF,MD01,27.139475,84.977356,0,SMR,190.0,1.5,10.0,0.5,1,900,0,0,0,0,3,0
CF,SMR,27.164167,84.982222,0,SMR,0.0,0.0,10.0,1.5,0,0,0,0,0,0,0,0
CF,AMLEK,27.262925,85.001708,0,SMR,10.0,6.0,10.0,6.0,2,4000,0,0,0,0,0,0
HM,AMLEK,27.262925,85.001708,2, ,0.0,0.0,190.0,04.3,3,8000,0,1,175,0,0,0,0

APPTR,D01-Z,01,DUDHA
HF,DUDHA,27.065403,84.962769,2, ,0.0,0.0,10.0,04.3,2,2500,0,1,175,0,0,0,0
CF,FD01,27.081864,84.966008,0,SMR,190.0,5.0,10.0,1.0,2,1900,0,0,0,0,0,0

FINAL,D01-Z,01,D,5
IF,FD01,27.081864,84.966008,SMR,190.0,5.0,2,1900,0,0,0,0,2,0
CF,40VOR,27.098325,84.969250,0,SMR,190.0,4.0,10.0,1.0,2,1600,0,0,0,0,0,0
CF,30VOR,27.114783,84.972492,0,SMR,190.0,3.0,10.0,1.0,2,1300,0,0,0,0,0,0
CF,20VOR,27.131244,84.975733,0,SMR,190.0,2.0,10.0,1.0,2,1000,0,0,0,0,0,0
CF,MD01,27.139475,84.977356,0,SMR,190.0,1.5,10.0,0.5,1,900,0,0,0,0,3,0
CF,SMR,27.164167,84.982222,0,SMR,0.0,0.0,10.0,1.5,0,0,0,0,0,0,0,0
CF,AMLEK,27.262925,85.001708,0,SMR,10.0,6.0,10.0,6.0,2,4000,0,0,0,0,0,0
HM,AMLEK,27.262925,85.001708,2, ,0.0,0.0,190.0,04.3,3,8000,0,1,175,0,0,0,0

APPTR,D19,19,SMR
IF,SMR,27.164167,84.982222, ,0.0,0.0,0,0,0,0,0,0,0,0
TF,AMLEK,27.262925,85.001708,0, ,0.0,0.0,0.0,0.0,3,8000,0,0,0,0,0,0
HF,AMLEK,27.262925,85.001708,2, ,0.0,0.0,190.0,04.3,2,4000,0,1,175,0,0,0,0

FINAL,D19,19,D,6
IF,AMLEK,27.262925,85.001708,SMR,10.0,6.0,2,2400,0,0,0,0,2,0
CF,50VOR,27.246464,84.998458,0,SMR,10.0,5.0,190.0,1.0,2,2100,0,0,0,0,0,0
CF,40VO2,27.230006,84.995208,0,SMR,10.0,4.0,190.0,1.0,2,1900,0,0,0,0,0,0
CF,30VO2,27.213544,84.991958,0,SMR,10.0,3.0,190.0,1.0,2,1500,0,0,0,0,0,0
CF,20VO2,27.197086,84.988711,0,SMR,10.0,2.0,190.0,1.0,2,1200,0,0,0,0,0,0
CF,MD19,27.180625,84.985467,0,SMR,10.0,0.0,190.0,1.0,1,900,0,0,0,0,3,0
CF,SMR,27.164167,84.982222,0,SMR,0.0,0.0,190.0,1.0,0,0,0,0,0,0,0,0
CF,DUDHA,27.065403,84.962769,0,SMR,190.0,6.0,190.0,6.0,2,2500,0,0,0,0,0,0
HM,DUDHA,27.065403,84.962769,2, ,0.0,0.0,10.0,04.3,3,4000,0,1,175,0,0,0,0

APPTR,S01-Y,01,SMR
IF,SMR,27.164167,84.982222,SMR,0.0,0.0,2,2500,0,0,0,0,0,0
FC,SMR,27.164167,84.982222,0,SMR,0.0,0.0,210.0,7.5,2,2200,0,0,0,0,0,1
CF,FS01Y,27.059969,84.961700,1,SMR,190.0,6.3,10.0,1.0,2,2200,0,0,0,0,0,0

FINAL,S01-Y,01,D,2
IF,FS01Y,27.059969,84.961700,SMR,190.0,6.3,2,2200,0,0,0,0,2,0
CF,RW01,27.154722,84.978611,0,SMR,198.9,0.6,10.0,5.7,1,453,0,0,0,0,3,0
CF,SMR,27.164167,84.982222,0,SMR,0.0,0.0,10.0,0.6,0,0,0,0,0,0,0,0
FA,SMR,27.164167,84.982222,0,SMR,0.0,0.0,10.0,2,2000,0,0,0,0,0,0
DF,SMR,27.164167,84.982222,2, ,0.0,0.0,1,2000,0,0,0,0,0,0
HM,SMR,27.164167,84.982222,2, ,0.0,0.0,210.0,04.3,3,8000,0,1,175,0,0,0,0

