SID,ITAR1A,09,2
DF,D092C,26.481311,87.295853,0, ,0.0,0.0,0,0,0,0,0,0,0,0
VI,1, ,0.0,320.0,0,0,0,0,0,0,0,0
CF,ITARI,26.682667,87.268833,0,BRT,5.0,12.0,5.0,6.0,2,7100,0,1,180,0,0,0

SID,ITAR1B,09,2
DF,D092C,26.481311,87.295853,0, ,0.0,0.0,0,0,0,0,0,0,0,1
DF,BRT,26.482778,87.249444,2, ,0.0,0.0,0,0,0,0,0,0,0,0
TF,ITARI,26.682667,87.268833,0, ,0.0,0.0,0.0,0.0,2,7100,0,1,180,0,0,0

SID,ITAR1C,27,2
DF,D272A,26.483358,87.230881,0, ,0.0,0.0,0,0,0,0,0,0,0,0
VI,2, ,0.0,35.0,0,0,0,0,0,0,0,0
CF,ITARI,26.682667,87.268833,0,BRT,5.0,12.0,5.0,6.0,2,7100,0,1,180,0,0,0

SID,ITAR1D,27,2
DF,D272A,26.483358,87.230881,0, ,0.0,0.0,0,0,0,0,0,0,0,1
DF,BRT,26.482778,87.249444,1, ,0.0,0.0,0,0,0,0,0,0,0,0
TF,ITARI,26.682667,87.268833,0, ,0.0,0.0,0.0,0.0,2,7100,0,1,180,0,0,0

SID,LAUK1A,27,2
DF,D272A,26.483358,87.230881,0, ,0.0,0.0,0,0,0,0,0,0,0,1
CF,LAUKI,26.659369,87.051411,0,BRT,315.0,15.0,315.0,13.0,2,4000,0,1,180,0,0,0

SID,LAUK1B,27,2
DF,D272A,26.483358,87.230881,0, ,0.0,0.0,0,0,0,0,0,0,0,1
DF,BRT,26.482778,87.249444,1, ,0.0,0.0,0,0,0,0,0,0,0,0
TF,LAUKI,26.659369,87.051411,0, ,0.0,0.0,0.0,0.0,2,4000,0,1,180,0,0,0

SID,LAUK1C,09,2
DF,D092C,26.481311,87.295853,0, ,0.0,0.0,0,0,0,0,0,0,0,0
VI,1, ,0.0,285.0,0,0,0,0,0,0,0,0
CF,LAUKI,26.659369,87.051411,0,BRT,315.0,15.0,315.0,8.0,2,4000,0,1,180,0,0,0

SID,LAUK1D,09,2
DF,D092C,26.481311,87.295853,0, ,0.0,0.0,0,0,0,0,0,0,0,1
CF,BRT,26.482778,87.249444,2,BRT,0.0,0.0,315.0,3.0,0,0,0,0,0,0,0,0
TF,LAUKI,26.659369,87.051411,0, ,0.0,0.0,0.0,0.0,2,4000,0,1,180,0,0,0

SID,RANG1A,27,2
DF,D272A,26.483358,87.230881,0, ,0.0,0.0,0,0,0,0,0,0,0,0
VI,1, ,0.0,55.0,0,0,0,0,0,0,0,0
CF,RANGA,26.500956,87.471456,0,BRT,85.0,12.0,85.0,8.0,2,3000,0,1,180,0,0,0

SID,RANG1B,09,2
CA,0,92.0,2,640,0,0,0,0,0,0
CF,RANGA,26.500956,87.471456,0,BRT,85.0,12.0,85.0,10.0,2,3000,0,0,0,0,0,0

STAR,CHURE,09,2
IF,CHURE,26.863333,86.651944, ,0.0,0.0,2,10500,0,0,0,0,0,0
TF,HIMAL,26.769833,86.791833,0, ,0.0,0.0,0.0,0.0,2,8500,0,0,0,0,0,0
TF,LAURE,26.674333,86.944667,0, ,0.0,0.0,0.0,0.0,2,5000,0,0,0,0,0,0
TF,LAUKI,26.659369,87.051411,0, ,0.0,0.0,0.0,0.0,2,4000,0,0,0,0,0,0

STAR,CHURE1,09,5
IF,CHURE,26.863333,86.651944, ,0.0,0.0,2,10500,0,0,0,0,0,0
TF,HIMAL,26.769833,86.791833,0, ,0.0,0.0,0.0,0.0,2,8500,0,0,0,0,0,0
TF,LAUKI,26.659369,87.051411,0, ,0.0,0.0,0.0,0.0,2,4000,0,1,160,0,0,0

APPTR,D09-Y,09,BRT
IF,BRT,26.482778,87.249444, ,0.0,0.0,2,2500,0,0,0,0,0,0
FD,BRT,26.482778,87.249444,0,BRT,0.0,3.0,308.0,3.0,2,1600,0,0,0,0,0,0
CF,FD09,26.484517,87.193750,1,BRT,272.0,3.0,92.0,1.0,2,1600,0,0,0,0,0,0

APPTR,D09-Y,09,ITARI
IF,ITARI,26.682667,87.268833, ,0.0,0.0,2,7100,0,0,0,0,0,0
CF,BRT,26.482778,87.249444,0,BRT,0.0,0.0,185.0,12.0,2,2500,0,0,0,0,0,0
HF,BRT,26.482778,87.249444,2, ,0.0,0.0,308.0,04.3,2,2500,0,1,160,0,0,0,0
FD,BRT,26.482778,87.249444,0,BRT,0.0,3.0,308.0,3.0,2,1600,0,0,0,0,0,0
CF,FD09,26.484517,87.193750,1,BRT,272.0,3.0,92.0,1.0,2,1600,0,0,0,0,0,0

APPTR,D09-Y,09,LAUKI
IF,LAUKI,26.659369,87.051411, ,0.0,0.0,2,4000,0,0,0,0,0,0
FC,LAUKI,26.659369,87.051411,0,BRT,0.0,0.0,135.0,3.0,2,3000,0,0,0,0,0,0
CF,BRT,26.482778,87.249444,0,BRT,0.0,0.0,135.0,12.0,2,2500,0,0,0,0,0,0
HF,BRT,26.482778,87.249444,2, ,0.0,0.0,308.0,04.3,2,2500,0,1,160,0,0,0,0
FD,BRT,26.482778,87.249444,0,BRT,0.0,3.0,308.0,3.0,2,1600,0,0,0,0,0,0
CF,FD09,26.484517,87.193750,1,BRT,272.0,3.0,92.0,1.0,2,1600,0,0,0,0,0,0

APPTR,D09-Y,09,RANGA
IF,RANGA,26.500956,87.471456, ,0.0,0.0,2,3000,0,0,0,0,0,0
CF,BRT,26.482778,87.249444,0,BRT,0.0,0.0,265.0,12.0,2,2500,0,0,0,0,0,0
FD,BRT,26.482778,87.249444,0,BRT,0.0,3.0,308.0,3.0,2,1600,0,0,0,0,0,0
CF,FD09,26.484517,87.193750,1,BRT,272.0,3.0,92.0,1.0,2,1600,0,0,0,0,0,0

FINAL,D09-Y,09,D,2
IF,FD09,26.484517,87.193750,BRT,272.0,3.0,2,1600,0,0,0,0,2,0
CF,BRT,26.482778,87.249444,0,BRT,0.0,0.0,92.0,3.0,1,436,0,0,0,0,3,0
CA,0,92.0,2,1000,0,0,0,0,0,0
DF,BRT,26.482778,87.249444,2, ,0.0,0.0,2,2500,0,0,0,0,0,0
HM,BRT,26.482778,87.249444,2, ,0.0,0.0,308.0,04.3,0,0,0,1,160,0,0,0,0

APPTR,D09-Z,09,LAUKI
IF,LAUKI,26.659369,87.051411, ,0.0,0.0,2,4000,0,0,0,0,1,0
FC,LAUKI,26.659369,87.051411,0,BRT,0.0,0.0,135.0,5.0,0,0,0,0,0,0,0,0
CF,CD09Z,26.486800,87.119492,0,BRT,272.0,7.0,179.0,6.8,2,1500,0,0,0,0,1,0

FINAL,D09-Z,09,D,3
IF,CD09Z,26.486800,87.119492,BRT,272.0,7.0,2,1500,0,0,0,0,0,0
CF,FD09,26.484517,87.193750,0,BRT,272.0,3.0,92.0,4.0,2,1400,0,0,0,0,2,0
CF,BRT,26.482778,87.249444,0,BRT,0.0,0.0,92.0,3.0,1,417,0,0,0,0,3,0
CA,0,92.0,2,640,0,0,0,0,0,0
CF,RANGA,26.500956,87.471456,0,BRT,84.8,12.0,85.0,11.0,2,3000,0,0,0,0,0,0

APPTR,D27,27,RANGA
IF,RANGA,26.500956,87.471456, ,0.0,0.0,2,3000,0,0,0,0,0,0
CF,CD27,26.477428,87.416508,0,BRT,92.0,9.0,246.0,3.3,2,2400,0,0,0,0,1,0

FINAL,D27,27,D,3
IF,CD27,26.477428,87.416508,BRT,92.0,9.0,2,2400,0,0,0,0,0,0
CF,FD27,26.479831,87.342258,0,BRT,92.0,5.0,272.0,4.0,2,1500,0,0,0,0,2,0
CF,RW27,26.481961,87.271206,0,BRT,92.4,1.2,272.0,3.8,1,296,0,0,0,0,3,0
CF,BRT,26.482778,87.249444,0,BRT,0.0,0.0,272.0,1.2,0,0,0,0,0,0,0,0
VI,0, ,0.0,345.0,0,0,0,0,0,0,0,0
CF,LAUKI,26.659369,87.051411,0,BRT,314.8,15.0,315.0,13.0,2,4000,0,0,0,0,0,0

FINAL,N09,09,N,3
IF,FN09,26.485525,87.174278,VTN,0.0,0.0,2,1700,0,0,0,0,2,0
CF,EN09,26.485553,87.256178,0,VTN,0.0,0.0,90.0,4.4,1,296,0,0,0,0,0,1
CF,VTN,26.485556,87.266389,0,VTN,0.0,0.0,90.0,0.6,2,640,0,0,0,0,3,1
FA,VTN,26.485556,87.266389,0,BRT,0.0,0.0,90.0,2,1500,0,0,0,0,0,0
DF,VTN,26.485556,87.266389,1, ,0.0,0.0,2,3000,0,0,0,0,0,0
HM,VTN,26.485556,87.266389,1, ,0.0,0.0,90.0,04.3,0,0,0,1,150,0,0,0,0

APPTR,N27,27,VTN
IF,VTN,26.485556,87.266389, ,0.0,0.0,2,3000,0,0,0,0,0,0
FC,VTN,26.485556,87.266389,0,BRT,0.0,0.0,70.0,5.0,2,2000,0,0,0,0,0,1
CF,FN27,26.485528,87.353106,2,BRT,88.3,5.6,270.0,1.0,2,1700,0,0,0,0,0,0

FINAL,N27,27,N,3
IF,FN27,26.485528,87.353106,VTN,0.0,0.0,2,1700,0,0,0,0,2,0
CF,EN27,26.485553,87.271206,0,VTN,0.0,0.0,270.0,4.4,1,296,0,0,0,0,0,1
CF,VTN,26.485556,87.266389,0,VTN,0.0,0.0,270.0,0.3,2,640,0,0,0,0,3,1
FA,VTN,26.485556,87.266389,0,BRT,0.0,0.0,270.0,2,1500,0,0,0,0,0,0
CF,VTN,26.485556,87.266389,1,BRT,79.7,0.9,70.0,4.0,2,3000,0,0,0,0,0,0
HM,VTN,26.485556,87.266389,1, ,0.0,0.0,70.0,04.3,0,0,0,1,150,0,0,0,0

APPTR,R09,09,LAUKI
IF,LAUKI,26.659369,87.051411, ,0.0,0.0,2,4000,0,0,0,0,1,0
TF,INAWA,26.624056,87.091028,0, ,0.0,0.0,0.0,0.0,0,0,0,0,0,0,0,0
TF,VT102,26.486142,87.138058,0, ,0.0,0.0,0.0,0.0,2,1500,0,1,180,0,1,0

FINAL,R09,09,R,3
IF,VT102,26.486142,87.138058, ,0.0,0.0,2,1500,0,1,180,0,0,0
TF,VT104,26.484503,87.193756,0, ,0.0,0.0,92.0,3.0,1,1400,0,0,0,0,2,0
TF,VT106,26.482864,87.249450,0, ,0.0,0.0,92.0,3.0,1,417,0,0,0,0,3,1
TF,RANGA,26.500956,87.471456,0, ,0.0,0.0,0.0,0.0,2,3000,0,0,0,0,0,0
HM,RANGA,26.500956,87.471456,2, ,0.0,0.0,265.0,04.3,2,3000,0,1,160,0,0,0,0

