APPTR,D18,18,BUT
IF,BUT,12.666694,101.000475, ,0.0,0.0,2,6000,0,0,0,0,1,0
FD,BUT,12.666694,101.000475,0,BUT,0.0,11.8,346.0,11.8,0,0,0,0,0,0,0,0
CF,VITYA,12.861942,101.025067,2,BUT,8.0,11.8,188.0,1.0,2,2500,0,0,0,0,1,0

APPTR,D18,18,IFONE
IF,IFONE,12.669789,101.307344, ,0.0,0.0,2,4000,0,0,0,0,1,0
CI,0, ,0.0,270.0,0,0,0,0,0,0,0,0
AF,D008N,12.899294,101.029589,1,BUT,8.0,14.0,90.0,0,0,0,0,0,0,0,0
CF,VITYA,12.861942,101.025067,0,BUT,8.0,11.8,188.0,2.2,2,2500,0,0,0,0,1,0

APPTR,D18,18,PIWAT
IF,PIWAT,12.921272,100.915694, ,0.0,0.0,2,4000,0,0,0,0,1,0
CI,0, ,0.0,162.0,0,0,0,0,0,0,0,0
AF,D008N,12.899294,101.029589,2,BUT,8.0,14.0,342.0,0,0,0,0,0,0,0,0
CF,VITYA,12.861942,101.025067,0,BUT,8.0,11.8,188.0,2.2,2,2500,0,0,0,0,0,0

FINAL,D18,18,D,4
IF,VITYA,12.861942,101.025067,BUT,8.0,11.8,2,2500,0,0,0,0,0,0
CF,UTP18,12.778706,101.014581,0,BUT,8.0,6.7,188.0,5.0,2,1700,0,0,0,0,2,0
CF,UTSDF,12.747139,101.010603,0,BUT,8.0,4.8,188.0,1.9,2,1100,0,0,0,0,0,0
CF,RW18,12.695628,101.006294,0,BUT,12.2,1.8,188.0,3.1,1,109,0,0,0,0,3,0
CF,BUT,12.666694,101.000475,0,BUT,0.0,0.0,188.0,1.8,0,0,0,0,0,0,0,0
CF,SAMIT,12.605603,100.998861,0,BUT,182.5,3.7,182.0,3.7,0,0,0,0,0,0,0,1
CA,0,182.0,2,1500,0,0,0,0,0,0
VI,1, ,0.0,60.0,0,0,0,1,200,0,0,0
CF,IFONE,12.669789,101.307344,0,BUT,90.4,18.0,90.0,5.7,2,4000,0,0,0,0,0,0
HM,IFONE,12.669789,101.307344,1, ,0.0,0.0,270.0,04.3,2,4000,0,1,230,0,0,0,0

APPTR,D36,36,BUT
IF,BUT,12.666694,101.000475, ,0.0,0.0,2,5000,0,0,0,0,1,0
FD,BUT,12.666694,101.000475,0,BUT,0.0,8.4,148.0,8.4,0,0,0,0,0,0,0,0
CF,PAWIN,12.526978,101.003256,2,BUT,179.9,8.4,359.0,1.0,2,2000,0,0,0,0,1,0

APPTR,D36,36,COBAR
IF,COBAR,12.814914,101.213647, ,0.0,0.0,2,4000,0,0,0,0,1,0
CI,0, ,0.0,235.0,0,0,0,0,0,0,0,0
AF,KUNTA,12.542525,101.138956,2,BUT,133.4,11.0,55.0,2,4000,0,0,0,0,0,0
AF,D169K,12.486539,101.039439,2,BUT,169.0,11.0,133.0,0,0,0,0,0,0,0,0
CF,PAWIN,12.526978,101.003256,0,BUT,179.9,8.4,359.0,2.6,2,2000,0,0,0,0,1,0

APPTR,D36,36,NAVAA
IF,NAVAA,12.414581,101.072297, ,0.0,0.0,2,4000,0,0,0,0,1,0
TF,BU036,12.479067,101.053939,0, ,0.0,0.0,0.0,0.0,0,0,0,0,0,0,0,0
TF,PAWIN,12.526978,101.003256,0, ,0.0,0.0,0.0,0.0,2,2000,0,0,0,0,1,0

FINAL,D36,36,D,4
IF,PAWIN,12.526978,101.003256,BUT,179.9,8.4,2,2000,0,0,0,0,0,0
CF,UTP36,12.610539,101.001592,0,BUT,179.9,3.4,359.0,5.0,2,1100,0,0,0,0,2,0
CF,ES36,12.664100,101.000525,0,BUT,179.9,0.2,359.0,3.2,1,74,0,0,0,0,0,1
CF,BUT,12.666694,101.000475,0,BUT,0.0,0.0,359.0,0.2,2,560,0,0,0,0,3,1
FD,BUT,12.666694,101.000475,0,BUT,0.0,15.3,359.0,15.3,2,2500,0,0,0,0,0,0
AF,COBAR,12.814914,101.213647,2,BUT,55.7,15.3,359.0,1,4000,0,0,0,0,0,0
HM,COBAR,12.814914,101.213647,1, ,0.0,0.0,235.0,04.3,2,4000,0,1,230,0,0,0,0

APPTR,I18,18,BUT
IF,BUT,12.666694,101.000475, ,0.0,0.0,2,6000,0,0,0,0,1,0
FD,BUT,12.666694,101.000475,0,BUT,0.0,11.8,344.0,11.8,0,0,0,0,0,0,0,0
CF,NAVIG,12.862486,101.020081,2,IBUT,5.6,12.1,185.0,1.0,2,2500,0,0,0,0,1,0

APPTR,I18,18,IFONE
IF,IFONE,12.669789,101.307344, ,0.0,0.0,2,4000,0,0,0,0,1,0
VI,0, ,0.0,270.0,0,0,0,0,0,0,0,0
AF,D007N,12.899983,101.023178,1,BUT,6.5,14.0,90.0,0,0,0,0,0,0,0,0
CF,NAVIG,12.862486,101.020081,0,IBUT,5.6,12.1,185.0,2.2,2,2500,0,0,0,0,1,0

APPTR,I18,18,PIWAT
IF,PIWAT,12.921272,100.915694, ,0.0,0.0,2,4000,0,0,0,0,1,0
VI,0, ,0.0,162.0,0,0,0,0,0,0,0,0
AF,D007N,12.899983,101.023178,2,BUT,6.5,14.0,342.0,0,0,0,0,0,0,0,0
CF,NAVIG,12.862486,101.020081,0,IBUT,5.6,12.1,185.0,2.2,2,2500,0,0,0,0,1,0

FINAL,I18,18,I,3
IF,NAVIG,12.862486,101.020081,IBUT,5.6,12.1,2,2500,0,0,0,0,0,0
CF,UTPNF,12.779058,101.013186,0,IBUT,5.6,7.1,185.0,5.0,1,1700,0,0,0,0,2,0
CF,RW18,12.695628,101.006294,0,IBUT,5.6,2.1,185.0,5.0,1,109,0,0,0,0,3,0
CF,BUT,12.666694,101.000475,0,BUT,0.0,0.0,185.0,1.8,0,0,0,0,0,0,0,0
CF,SAMIT,12.605603,100.998861,0,BUT,182.5,3.7,182.0,3.7,0,0,0,0,0,0,0,0
CA,0,182.0,2,1500,0,0,0,0,0,0
VI,1, ,0.0,45.0,0,0,0,1,200,0,0,0
CF,IFONE,12.669789,101.307344,0,BUT,90.4,18.0,90.0,7.0,2,4000,0,0,0,0,0,0
HM,IFONE,12.669789,101.307344,1, ,0.0,0.0,270.0,04.3,2,4000,0,1,230,0,0,0,0

APPTR,N36,36,UP
IF,UP,12.661950,100.994989, ,0.0,0.0,2,2500,0,0,0,0,0,0
HF,UP,12.661950,100.994989,2, ,0.0,0.0,350.0,04.3,2,2200,0,0,0,0,0,0,0

FINAL,N36,36,N,2
IF,FN36,12.552647,101.015167,UP,0.0,0.0,2,2200,0,0,0,0,2,0
CF,MN36,12.628414,101.001150,0,UP,0.0,0.0,350.0,4.6,1,750,0,0,0,0,3,0
CF,UP,12.661950,100.994989,0,RYN,260.1,40.7,350.0,2.0,0,0,0,0,0,0,0,0
FA,UP,12.661950,100.994989,0,RYN,0.0,0.0,350.0,2,1200,0,0,0,0,0,0
DF,UP,12.661950,100.994989,2, ,0.0,0.0,1,2500,0,0,0,0,0,0
HM,UP,12.661950,100.994989,2, ,0.0,0.0,350.0,04.3,2,2500,0,0,0,0,0,0,0

APPTR,R18,18,PINYA
IF,PINYA,12.890894,101.100172, ,0.0,0.0,1,4000,0,1,230,0,1,0
TF,NAVIG,12.862486,101.020081,0, ,0.0,0.0,0.0,0.0,1,2500,0,1,210,0,1,0

APPTR,R18,18,SILAA
IF,SILAA,12.903186,100.945700, ,0.0,0.0,1,4000,0,1,230,0,1,0
TF,NAVIG,12.862486,101.020081,0, ,0.0,0.0,0.0,0.0,1,2500,0,1,210,0,1,0

FINAL,R18,18,R,3
IF,NAVIG,12.862486,101.020081, ,0.0,0.0,1,2500,0,1,210,0,0,0
TF,UTPNF,12.779058,101.013186,0, ,0.0,0.0,185.0,5.0,1,1700,0,0,0,0,2,0
TF,UTPNM,12.695628,101.006294,0, ,0.0,0.0,185.0,5.0,1,109,0,0,0,0,3,1
CF,SAMIT,12.605603,100.998861,0,BUT,182.0,3.7,185.0,5.4,0,0,0,1,200,0,0,1
FA,SAMIT,12.605603,100.998861,0,BUT,0.0,0.0,185.0,2,1500,0,1,200,0,0,0
DF,SNOVY,12.570078,101.111636,1, ,0.0,0.0,0,0,0,1,200,0,0,0
TF,IFONE,12.669789,101.307344,0, ,0.0,0.0,0.0,0.0,2,4000,0,0,0,0,0,0
HM,IFONE,12.669789,101.307344,2, ,0.0,0.0,318.0,04.3,2,4000,0,1,230,0,0,0,0

APPTR,R36,36,HAMOO
IF,HAMOO,12.527142,100.854658, ,0.0,0.0,1,3000,0,1,230,0,1,0
TF,ZEHOC,12.527178,100.992392,0, ,0.0,0.0,0.0,0.0,1,2000,0,1,210,0,1,0

APPTR,R36,36,MONJA
IF,MONJA,12.450247,101.105683, ,0.0,0.0,1,3000,0,1,230,0,1,0
TF,ZEHOC,12.527178,100.992392,0, ,0.0,0.0,0.0,0.0,1,2000,0,1,210,0,1,0

FINAL,R36,36,R,3
IF,ZEHOC,12.527178,100.992392, ,0.0,0.0,1,2000,0,1,210,0,0,0
TF,UTPSF,12.610611,100.999275,0, ,0.0,0.0,5.0,5.0,1,1100,0,0,0,0,2,0
TF,UTPSM,12.664006,101.003683,0, ,0.0,0.0,5.0,3.2,1,74,0,0,0,0,3,1
CA,0,5.0,2,2500,0,0,0,0,0,0
DF,COBAR,12.814914,101.213647,2, ,0.0,0.0,2,4000,0,0,0,0,0,0
HM,COBAR,12.814914,101.213647,1, ,0.0,0.0,178.0,04.3,2,4000,0,1,230,0,0,0,0

