APPTR,D02,02,ADPIP
IF,ADPIP,18.662889,101.098519, ,0.0,0.0,2,8600,0,0,0,0,1,0
VI,0, ,0.0,297.0,0,0,0,0,0,0,0,0
AF,CN102,18.573608,100.949981,2,NAN,146.9,17.0,117.0,2,5500,0,0,0,0,0,0
AF,D201Q,18.542506,100.678533,2,NAN,201.4,17.0,147.0,0,0,0,0,0,0,0,0
CF,ASUBI,18.580486,100.693336,0,NAN,201.4,14.6,21.0,2.4,2,5000,0,0,0,0,0,0

APPTR,D02,02,DUGEL
IF,DUGEL,18.481478,100.682761, ,0.0,0.0,2,7000,0,0,0,0,1,0
TF,ASUBI,18.580486,100.693336,0, ,0.0,0.0,0.0,0.0,2,5000,0,0,0,0,0,0

APPTR,D02,02,ESMOP
IF,ESMOP,18.802197,100.431283, ,0.0,0.0,2,7600,0,0,0,0,1,0
VI,0, ,0.0,90.0,0,0,0,0,0,0,0,0
AF,CN103,18.666703,100.524142,1,NAN,241.0,17.0,270.0,2,5800,0,0,0,0,0,0
AF,D201Q,18.542506,100.678533,1,NAN,201.4,17.0,241.0,0,0,0,0,0,0,0,0
CF,ASUBI,18.580486,100.693336,0,NAN,201.4,14.6,21.0,2.4,2,5000,0,0,0,0,0,0

APPTR,D02,02,NAN
IF,NAN,18.809100,100.782586, ,0.0,0.0,2,8600,0,0,0,0,1,0
TF,CN103,18.666703,100.524142,0, ,0.0,0.0,0.0,0.0,2,5800,0,0,0,0,0,0
AF,D201Q,18.542506,100.678533,1,NAN,201.4,17.0,241.0,0,0,0,0,0,0,0,0
CF,ASUBI,18.580486,100.693336,0,NAN,201.4,14.6,21.0,2.4,2,5000,0,0,0,0,0,0

APPTR,D02,02,NOLUK
IF,NOLUK,19.077311,100.572306, ,0.0,0.0,2,7600,0,0,0,0,1,0
CI,0, ,0.0,144.0,0,0,0,0,0,0,0,0
AF,CN103,18.666703,100.524142,1,NAN,241.0,17.0,324.0,2,5800,0,0,0,0,0,0
AF,D201Q,18.542506,100.678533,1,NAN,201.4,17.0,241.0,0,0,0,0,0,0,0,0
CF,ASUBI,18.580486,100.693336,0,NAN,201.4,14.6,21.0,2.4,2,5000,0,0,0,0,0,0

APPTR,D02,02,OGENO
IF,OGENO,18.557561,100.552108, ,0.0,0.0,2,7000,0,0,0,0,1,0
VI,0, ,0.0,42.0,0,0,0,0,0,0,0,0
AF,D201Q,18.542506,100.678533,1,NAN,201.4,17.0,222.0,0,0,0,0,0,0,0,0
CF,ASUBI,18.580486,100.693336,0,NAN,201.4,14.6,21.0,2.4,2,5000,0,0,0,0,0,0

FINAL,D02,02,D,4
IF,ASUBI,18.580486,100.693336,NAN,201.4,14.6,2,5000,0,0,0,0,0,0
CF,FF02,18.658775,100.723872,0,NAN,201.4,9.6,21.0,5.0,2,4000,0,0,0,0,2,0
CF,CN101,18.752869,100.760611,0,NAN,201.4,3.6,21.0,6.1,2,1800,0,0,0,0,0,0
CF,RW02,18.799511,100.780086,0,NAN,194.9,0.6,21.0,2.9,1,737,0,0,0,0,3,0
CA,0,21.0,2,1600,0,0,0,0,0,0
DF,ASUBI,18.580486,100.693336,2, ,0.0,0.0,1,5000,0,1,210,0,0,0
HM,ASUBI,18.580486,100.693336,1, ,0.0,0.0,21.0,04.3,2,5000,0,1,230,0,0,0,0

APPTR,D20,20,ESMOP
IF,ESMOP,18.802197,100.431283, ,0.0,0.0,2,7600,0,0,0,0,1,0
VI,0, ,0.0,90.0,0,0,0,0,0,0,0,0
AF,CN301,19.089781,100.734214,2,NAN,351.7,17.0,270.0,2,5600,0,0,0,0,0,0
AF,DOKLO,19.074733,100.889447,2,NAN,21.9,17.0,352.0,2,5500,0,0,0,0,1,0

APPTR,D20,20,NAN
IF,NAN,18.809100,100.782586, ,0.0,0.0,2,8600,0,0,0,0,1,0
TF,CN301,19.089781,100.734214,0, ,0.0,0.0,0.0,0.0,2,5600,0,0,0,0,0,0
AF,DOKLO,19.074733,100.889447,2,NAN,21.9,17.0,352.0,2,5500,0,0,0,0,1,0

APPTR,D20,20,NOLUK
IF,NOLUK,19.077311,100.572306, ,0.0,0.0,2,7600,0,0,0,0,1,0
VI,0, ,0.0,144.0,0,0,0,0,0,0,0,0
AF,CN301,19.089781,100.734214,2,NAN,351.7,17.0,324.0,2,5600,0,0,0,0,0,0
AF,DOKLO,19.074733,100.889447,2,NAN,21.9,17.0,352.0,2,5500,0,0,0,0,1,0

FINAL,D20,20,D,4
IF,DOKLO,19.074733,100.889447,NAN,21.9,17.0,2,5500,0,0,0,0,0,0
CF,FF20,18.972978,100.848469,0,NAN,21.9,10.5,202.0,6.5,2,3900,0,0,0,0,2,0
CF,CN302,18.894847,100.817042,0,NAN,21.9,5.5,202.0,5.0,2,2300,0,0,0,0,0,0
CF,RW20,18.816317,100.786753,0,NAN,29.8,0.5,202.0,5.0,1,732,0,0,0,0,3,0
CA,0,202.0,2,3000,0,0,0,0,0,0
DF,NAN,18.809100,100.782586,1, ,0.0,0.0,1,8600,0,0,0,0,0,0
HM,NAN,18.809100,100.782586,1, ,0.0,0.0,352.0,04.3,2,8600,0,1,230,0,0,0,0

APPTR,I02-Y,02,ADPIP
IF,ADPIP,18.662889,101.098519, ,0.0,0.0,2,8600,0,0,0,0,1,0
TF,D117Q,18.684853,101.051164,0, ,0.0,0.0,0.0,0.0,0,0,0,0,0,0,0,0
AF,CN102,18.573608,100.949981,2,NAN,146.9,17.0,117.0,2,5500,0,0,0,0,0,0
AF,D201Q,18.542506,100.678533,2,NAN,201.4,17.0,147.0,0,0,0,0,0,0,0,0
CF,ASUBI,18.580486,100.693336,0,INAN,201.7,15.2,22.0,2.4,2,5000,0,0,0,0,1,0

APPTR,I02-Y,02,DUGEL
IF,DUGEL,18.481478,100.682761, ,0.0,0.0,2,7000,0,0,0,0,1,0
CF,ASUBI,18.580486,100.693336,0,INAN,201.7,15.2,7.0,6.0,2,5000,0,0,0,0,1,0

APPTR,I02-Y,02,ESMOP
IF,ESMOP,18.802197,100.431283, ,0.0,0.0,2,7600,0,0,0,0,1,0
TF,D270Q,18.803272,100.483972,0, ,0.0,0.0,0.0,0.0,0,0,0,0,0,0,0,0
AF,CN103,18.666703,100.524142,1,NAN,241.0,17.0,270.0,2,5800,0,0,0,0,0,0
AF,D201Q,18.542506,100.678533,1,NAN,201.4,17.0,241.0,0,0,0,0,0,0,0,0
CF,ASUBI,18.580486,100.693336,0,INAN,201.7,15.2,22.0,2.4,2,5000,0,0,0,0,1,0

APPTR,I02-Y,02,NAN
IF,NAN,18.809100,100.782586, ,0.0,0.0,2,8600,0,0,0,0,1,0
TF,CN103,18.666703,100.524142,0, ,0.0,0.0,0.0,0.0,2,5800,0,0,0,0,0,0
AF,D201Q,18.542506,100.678533,1,NAN,201.4,17.0,241.0,0,0,0,0,0,0,0,0
CF,ASUBI,18.580486,100.693336,0,INAN,201.7,15.2,22.0,2.4,2,5000,0,0,0,0,1,0

APPTR,I02-Y,02,NOLUK
IF,NOLUK,19.077311,100.572306, ,0.0,0.0,2,7600,0,0,0,0,1,0
TF,D324Q,19.037094,100.603889,0, ,0.0,0.0,0.0,0.0,0,0,0,0,0,0,0,0
AF,CN103,18.666703,100.524142,1,NAN,241.0,17.0,324.0,2,5800,0,0,0,0,0,0
AF,D201Q,18.542506,100.678533,1,NAN,201.4,17.0,241.0,0,0,0,0,0,0,0,0
CF,ASUBI,18.580486,100.693336,0,INAN,201.7,15.2,22.0,2.4,2,5000,0,0,0,0,1,0

APPTR,I02-Y,02,OGENO
IF,OGENO,18.557561,100.552108, ,0.0,0.0,2,7000,0,0,0,0,1,0
TF,D222Q,18.594867,100.586231,0, ,0.0,0.0,0.0,0.0,0,0,0,0,0,0,0,0
AF,D201Q,18.542506,100.678533,1,NAN,201.4,17.0,222.0,0,0,0,0,0,0,0,0
CF,ASUBI,18.580486,100.693336,0,INAN,201.7,15.2,22.0,2.4,2,5000,0,0,0,0,1,0

FINAL,I02-Y,02,I,3
IF,ASUBI,18.580486,100.693336,INAN,201.7,15.2,2,5000,0,0,0,0,0,0
CF,CN001,18.658761,100.724311,0,INAN,201.7,10.2,22.0,5.0,1,4000,0,0,0,0,2,0
CF,RW02,18.799511,100.780086,0,INAN,201.7,1.2,22.0,9.0,1,737,0,0,0,0,3,0
CA,0,22.0,2,1900,0,0,0,0,0,0
CF,ASUBI,18.580486,100.693336,2,NAN,201.4,14.6,201.0,17.0,1,5000,0,1,210,0,0,0
HM,ASUBI,18.580486,100.693336,1, ,0.0,0.0,22.0,04.3,2,5000,0,1,230,0,0,0,0

APPTR,I02-Z,02,DUGEL
IF,DUGEL,18.481478,100.682761, ,0.0,0.0,2,7000,0,0,0,0,1,0
TF,ASUBI,18.580486,100.693336,0,INAN,0.0,0.0,0.0,0.0,2,5000,0,1,210,0,1,0

APPTR,I02-Z,02,INVAR
IF,INVAR,18.967236,100.658711, ,0.0,0.0,2,7600,0,0,0,0,1,0
TF,EKIVI,18.639514,100.528989,0, ,0.0,0.0,0.0,0.0,2,7000,0,0,0,0,0,0
TF,ASUBI,18.580486,100.693336,0,INAN,0.0,0.0,0.0,0.0,2,5000,0,1,210,0,1,0

APPTR,I02-Z,02,MIBOB
IF,MIBOB,18.802256,100.434242, ,0.0,0.0,2,7600,0,0,0,0,1,0
TF,EKIVI,18.639514,100.528989,0, ,0.0,0.0,0.0,0.0,2,7000,0,0,0,0,0,0
TF,ASUBI,18.580486,100.693336,0,INAN,0.0,0.0,0.0,0.0,2,5000,0,1,210,0,1,0

APPTR,I02-Z,02,OGENO
IF,OGENO,18.557561,100.552108, ,0.0,0.0,2,7000,0,0,0,0,1,0
TF,ASUBI,18.580486,100.693336,0,INAN,0.0,0.0,0.0,0.0,2,5000,0,1,210,0,1,0

FINAL,I02-Z,02,I,3
IF,ASUBI,18.580486,100.693336,INAN,201.7,15.2,2,5000,0,1,210,0,0,0
CF,CN001,18.658761,100.724311,0,INAN,201.7,10.2,22.0,5.0,1,4000,0,0,0,0,2,0
CF,RW02,18.799511,100.780086,0,INAN,201.7,1.2,22.0,9.0,1,737,0,0,0,0,3,0
CA,0,22.0,2,1900,0,0,0,0,0,0
DF,ASUBI,18.580486,100.693336,2, ,0.0,0.0,1,5000,0,1,210,0,0,0
HM,ASUBI,18.580486,100.693336,1, ,0.0,0.0,22.0,04.3,2,5000,0,1,230,0,0,0,0

APPTR,N02,02,NN
IF,NN,18.807222,100.786642, ,0.0,0.0,2,6200,0,0,0,0,1,0
FC,NN,18.807222,100.786642,0,NAN,0.0,0.0,185.0,10.5,2,3500,0,0,0,0,0,1
CF,FN02,18.668050,100.715431,2,NAN,203.9,9.3,26.0,1.3,2,3500,0,0,0,0,0,0

FINAL,N02,02,N,2
IF,FN02,18.668050,100.715431,NN,0.0,0.0,2,3500,0,0,0,0,2,0
CF,RW02,18.799511,100.780086,0,NN,0.0,0.0,26.0,8.7,1,737,0,0,0,0,3,0
CF,NN,18.807222,100.786642,0,NAN,115.4,0.3,26.0,0.6,0,0,0,0,0,0,0,1
FA,NN,18.807222,100.786642,0,NAN,0.0,0.0,26.0,2,3500,0,0,0,0,0,0
DF,NN,18.807222,100.786642,2, ,0.0,0.0,1,6200,0,1,230,0,0,0
HM,NN,18.807222,100.786642,1, ,0.0,0.0,206.0,04.3,2,6200,0,1,230,0,0,0,0

APPTR,R02,02,DUGEL
IF,DUGEL,18.481478,100.682761, ,0.0,0.0,2,7000,0,0,0,0,1,0
TF,ASUBI,18.580486,100.693336,0, ,0.0,0.0,0.0,0.0,2,5000,0,1,210,0,0,0

APPTR,R02,02,INVAR
IF,INVAR,18.967236,100.658711, ,0.0,0.0,2,7600,0,0,0,0,1,0
TF,EKIVI,18.639514,100.528989,0, ,0.0,0.0,0.0,0.0,2,7000,0,0,0,0,0,0
TF,ASUBI,18.580486,100.693336,0, ,0.0,0.0,0.0,0.0,2,5000,0,1,210,0,0,0

APPTR,R02,02,MIBOB
IF,MIBOB,18.802256,100.434242, ,0.0,0.0,2,7600,0,0,0,0,1,0
TF,EKIVI,18.639514,100.528989,0, ,0.0,0.0,0.0,0.0,2,7000,0,0,0,0,0,0
TF,ASUBI,18.580486,100.693336,0, ,0.0,0.0,0.0,0.0,2,5000,0,1,210,0,0,0

APPTR,R02,02,OGENO
IF,OGENO,18.557561,100.552108, ,0.0,0.0,2,7000,0,0,0,0,1,0
TF,ASUBI,18.580486,100.693336,0, ,0.0,0.0,0.0,0.0,2,5000,0,1,210,0,0,0

FINAL,R02,02,R,4
IF,ASUBI,18.580486,100.693336, ,0.0,0.0,2,5000,0,1,210,0,0,0
TF,CN001,18.658761,100.724311,0, ,0.0,0.0,22.0,5.0,1,4000,0,0,0,0,2,0
TF,CN002,18.754122,100.762081,0, ,0.0,0.0,22.0,6.1,1,1800,0,0,0,0,0,0
TF,CN003,18.799511,100.780086,0, ,0.0,0.0,22.0,2.9,1,729,0,0,0,0,3,1
CA,0,22.0,2,1600,0,0,0,0,0,0
DF,ASUBI,18.580486,100.693336,2, ,0.0,0.0,1,5000,0,1,210,0,0,0
HM,ASUBI,18.580486,100.693336,1, ,0.0,0.0,22.0,04.3,2,5000,0,1,230,0,0,0,0

APPTR,R20,20,ANUGU
IF,ANUGU,19.211322,100.466911, ,0.0,0.0,2,9000,0,0,0,0,1,0
TF,GORDU,19.067233,100.660744,0, ,0.0,0.0,0.0,0.0,2,7600,0,0,0,0,0,0
TF,CN203,19.031983,100.759589,0, ,0.0,0.0,0.0,0.0,2,5600,0,0,0,0,0,0
TF,RUTGI,18.996294,100.858239,0, ,0.0,0.0,0.0,0.0,2,3800,0,1,210,0,1,0

APPTR,R20,20,DUGEL
IF,DUGEL,18.481478,100.682761, ,0.0,0.0,2,10000,0,0,0,0,1,0
TF,CN202,18.720572,100.974078,0, ,0.0,0.0,0.0,0.0,2,9000,0,0,0,0,0,0
TF,UPSOT,18.925147,101.055567,0, ,0.0,0.0,0.0,0.0,2,7500,0,0,0,0,0,0
TF,RUTGI,18.996294,100.858239,0, ,0.0,0.0,0.0,0.0,2,3800,0,1,210,0,1,0

APPTR,R20,20,UKLOM
IF,UKLOM,18.501389,100.500767, ,0.0,0.0,2,10000,0,0,0,0,1,0
TF,CN201,18.804739,100.556817,0, ,0.0,0.0,0.0,0.0,2,10000,0,0,0,0,0,0
TF,GORDU,19.067233,100.660744,0, ,0.0,0.0,0.0,0.0,2,7600,0,0,0,0,0,0
TF,CN203,19.031983,100.759589,0, ,0.0,0.0,0.0,0.0,2,5600,0,0,0,0,0,0
TF,RUTGI,18.996294,100.858239,0, ,0.0,0.0,0.0,0.0,2,3800,0,1,210,0,1,0

FINAL,R20,20,R,4
IF,RUTGI,18.996294,100.858239, ,0.0,0.0,2,3800,0,1,210,0,0,0
TF,CN204,18.918047,100.827139,0, ,0.0,0.0,202.0,5.0,1,2800,0,0,0,0,2,0
TF,CN205,18.894572,100.817814,0, ,0.0,0.0,202.0,1.5,1,2330,0,0,0,0,0,0
TF,CN206,18.816317,100.786753,0, ,0.0,0.0,202.0,5.0,1,732,0,0,0,0,3,1
CA,0,202.0,2,3300,0,0,0,0,0,0
DF,GORDU,19.067233,100.660744,2, ,0.0,0.0,1,7600,0,0,0,0,0,0
HM,GORDU,19.067233,100.660744,2, ,0.0,0.0,112.0,04.3,2,7600,0,1,230,0,0,0,0

