SID,CMA1A,03,2
VD, ,0,0,0,CTR,0.0,0.0,30.0,7.0,2,2500,0,0,0,0,0,0
VR,2,CTR,60.0,209.0,2,2900,0,0,0,0,0,0
VI,0, ,0.0,240.0,3,11000,0,0,0,0,0,0
IF,CTR,19.948861,99.883142, ,0.0,0.0,0,0,0,0,0,0,0,0
TF,CMA,18.766119,98.961264,0, ,0.0,0.0,0.0,0.0,0,0,0,0,0,0,0,0

SID,CMA1B,21,2
VI,0, ,0.0,210.0,2,1780,0,0,0,0,0,0
IF,CTR,19.948861,99.883142, ,0.0,0.0,0,0,0,0,0,0,0,0
TF,CMA,18.766119,98.961264,0, ,0.0,0.0,0.0,0.0,0,0,0,0,0,0,0,0

SID,NAN1A,03,2
VD, ,0,0,0,CTR,0.0,0.0,30.0,6.0,2,2500,0,0,0,0,0,0
VR,2,CTR,60.0,190.0,2,2900,0,0,0,0,0,0
VI,0, ,0.0,190.0,3,11000,0,0,0,0,0,0
IF,CTR,19.948861,99.883142, ,0.0,0.0,0,0,0,0,0,0,0,0
TF,NAN,18.809100,100.782586,0, ,0.0,0.0,0.0,0.0,0,0,0,0,0,0,0,0

SID,NAN1B,21,2
VA,0,210.0,2,3100,0,0,0,0,0,0
VI,0, ,0.0,130.0,3,11000,0,0,0,0,0,0
IF,CTR,19.948861,99.883142, ,0.0,0.0,0,0,0,0,0,0,0,0
TF,NAN,18.809100,100.782586,0, ,0.0,0.0,0.0,0.0,0,0,0,0,0,0,0,0

SID,PAE1A,03,2
VD, ,0,0,0,CTR,0.0,0.0,30.0,6.0,2,2500,0,0,0,0,0,0
VR,2,CTR,60.0,200.0,2,2900,0,0,0,0,0,0
VI,0, ,0.0,200.0,3,11000,0,0,0,0,0,0
IF,CTR,19.948861,99.883142, ,0.0,0.0,0,0,0,0,0,0,0,0
TF,PR,18.129483,100.161364,0, ,0.0,0.0,0.0,0.0,0,0,0,0,0,0,0,0

SID,PAE1B,21,2
VA,0,210.0,2,3100,0,0,0,0,0,0
VI,0, ,0.0,150.0,3,11000,0,0,0,0,0,0
IF,CTR,19.948861,99.883142, ,0.0,0.0,0,0,0,0,0,0,0,0
TF,PR,18.129483,100.161364,0, ,0.0,0.0,0.0,0.0,0,0,0,0,0,0,0,0

STAR,PERS1A,03,5
IF,PAE,18.134106,100.166208, ,0.0,0.0,0,0,0,0,0,0,0,0
TF,PERSY,19.452281,99.961092,0, ,0.0,0.0,0.0,0.0,2,7000,0,0,0,0,0,0
TF,TANON,19.671567,99.718747,0, ,0.0,0.0,0.0,0.0,2,6000,0,0,0,0,0,0

APPTR,D03,03,CTR
IF,CTR,19.948861,99.883142, ,0.0,0.0,0,0,0,0,0,0,0,0
TF,KANOK,19.750233,99.914372,0, ,0.0,0.0,0.0,0.0,2,4500,0,0,0,0,1,0
CI,0, ,0.0,172.0,0,0,0,0,0,0,0,0
AF,NADAL,19.746339,99.758653,2,CTR,210.5,14.0,172.0,0,0,0,0,0,0,1,0

APPTR,D03,03,GOFFY
IF,GOFFY,19.734889,100.053233, ,0.0,0.0,2,6000,0,0,0,0,1,0
CI,0, ,0.0,324.0,0,0,0,0,0,0,0,0
AF,NADAL,19.746339,99.758653,2,CTR,210.5,14.0,144.0,2,4500,0,0,0,0,1,0

APPTR,D03,03,PERSY
IF,PERSY,19.452281,99.961092, ,0.0,0.0,2,7000,0,0,0,0,0,0
TF,CHABU,19.684022,99.924767,0, ,0.0,0.0,0.0,0.0,2,4500,0,0,0,0,1,0
CI,0, ,0.0,352.0,0,0,0,0,0,0,0,0
AF,NADAL,19.746339,99.758653,2,CTR,210.5,14.0,172.0,2,4500,0,0,0,0,1,0

APPTR,D03,03,SAMIA
IF,SAMIA,19.652989,99.650708, ,0.0,0.0,2,7000,0,0,0,0,0,0
TF,CAREN,19.669078,99.708442,0, ,0.0,0.0,0.0,0.0,2,6000,0,0,0,0,1,0
TF,NADAL,19.746339,99.758653,0, ,0.0,0.0,0.0,0.0,2,4500,0,0,0,0,1,0

APPTR,D03,03,TIGER
IF,TIGER,20.092731,100.078761, ,0.0,0.0,2,9000,0,0,0,0,1,0
AF,NADAL,19.746339,99.758653,2,CTR,210.5,14.0,53.0,2,4500,0,0,0,0,1,0

FINAL,D03,03,D,4
IF,NADAL,19.746339,99.758653,CTR,210.5,14.0,2,4500,0,0,0,0,0,0
CF,CAMMY,19.789744,99.785300,0,CTR,210.5,11.0,31.0,3.0,2,4000,0,0,0,0,0,0
CF,FS03,19.854411,99.825036,0,CTR,210.5,6.5,31.0,4.5,2,3200,0,0,0,0,2,0
CF,MS03,19.917042,99.863558,0,CTR,210.5,2.2,31.0,4.3,1,1834,0,0,0,0,3,0
CA,0,31.0,2,2600,0,0,0,0,0,0
VI,2, ,0.0,217.0,0,0,0,1,230,0,0,0
CF,CHABU,19.684022,99.924767,0,CTR,171.8,16.0,172.0,11.0,1,4500,0,0,0,0,0,0
HM,CHABU,19.684022,99.924767,1, ,0.0,0.0,352.0,04.3,0,0,0,1,230,0,0,0,0

APPTR,D21,21,PANIT
IF,PANIT,19.766133,99.911428, ,0.0,0.0,2,6000,0,0,0,0,1,0
AF,PAPER,19.801769,100.000128,1,CTR,143.3,11.0,172.0,2,5000,0,0,0,0,0,0
AF,PUKKY,20.059683,100.038283,1,CTR,53.2,11.0,144.0,2,4500,0,0,0,0,0,0
AF,WAWEE,20.109625,99.976917,1,CTR,29.2,11.0,53.0,2,4000,0,0,0,0,1,0

APPTR,D21,21,PAPER
IF,PAPER,19.801769,100.000128, ,0.0,0.0,2,5000,0,0,0,0,1,0
AF,PUKKY,20.059683,100.038283,1,CTR,53.2,11.0,144.0,2,4500,0,0,0,0,0,0
AF,WAWEE,20.109625,99.976917,1,CTR,29.0,11.0,53.0,2,4000,0,0,0,0,1,0

APPTR,D21,21,PHUFA
IF,PHUFA,19.800650,99.767169, ,0.0,0.0,2,8000,0,0,0,0,1,0
AF,PANIT,19.766133,99.911428,1,CTR,172.0,11.0,217.0,2,6000,0,0,0,0,0,0
AF,PAPER,19.801769,100.000128,1,CTR,143.3,11.0,172.0,2,5000,0,0,0,0,0,0
AF,PUKKY,20.059683,100.038283,1,CTR,53.2,11.0,144.0,2,4500,0,0,0,0,0,0
AF,WAWEE,20.109625,99.976917,1,CTR,29.2,11.0,53.0,2,4000,0,0,0,0,1,0

FINAL,D21,21,D,3
IF,WAWEE,20.109625,99.976917,CTR,29.2,11.0,2,4000,0,0,0,0,0,0
CF,FS21,20.036272,99.934369,0,CTR,29.3,6.0,209.0,5.0,2,2900,0,0,0,0,2,0
CF,RW21,19.964194,99.889881,0,CTR,22.9,0.0,209.0,5.0,1,1325,0,0,0,0,3,0
CA,0,209.0,2,4000,0,0,0,0,0,0
VI,1, ,0.0,99.0,0,0,0,1,210,0,0,0
CF,PAPER,19.801769,100.000128,0,CTR,143.3,11.0,144.0,3.0,1,5000,0,0,0,0,0,0
HM,PAPER,19.801769,100.000128,2, ,0.0,0.0,324.0,04.3,0,0,0,0,0,0,0,0,0

APPTR,I03,03,CTR
IF,CTR,19.948861,99.883142, ,0.0,0.0,0,0,0,0,0,0,0,0
TF,KANOK,19.750233,99.914372,0, ,0.0,0.0,0.0,0.0,2,4500,0,0,0,0,1,0
CI,0, ,0.0,172.0,0,0,0,0,0,0,0,0
AF,TALAY,19.744794,99.761503,2,CTR,209.7,14.0,172.0,2,4500,0,0,0,0,1,0
CF,YONOK,19.788717,99.787172,0,ICTR,210.0,12.2,30.0,3.0,2,4000,0,0,0,0,0,0

APPTR,I03,03,GOFFY
IF,GOFFY,19.734889,100.053233, ,0.0,0.0,2,6000,0,0,0,0,1,0
CI,0, ,0.0,324.0,0,0,0,0,0,0,0,0
AF,TALAY,19.744794,99.761503,2,CTR,209.7,14.0,144.0,2,4500,0,0,0,0,1,0
CF,YONOK,19.788717,99.787172,0,ICTR,210.0,12.2,30.0,3.0,2,4000,0,0,0,0,0,0

APPTR,I03,03,PERSY
IF,PERSY,19.452281,99.961092, ,0.0,0.0,2,7000,0,0,0,0,0,0
TF,CHABU,19.684022,99.924767,0, ,0.0,0.0,0.0,0.0,2,4500,0,0,0,0,1,0
CI,0, ,0.0,352.0,0,0,0,0,0,0,0,0
AF,TALAY,19.744794,99.761503,2,CTR,209.7,14.0,172.0,2,4500,0,0,0,0,1,0
CF,YONOK,19.788717,99.787172,0,ICTR,210.0,12.2,30.0,3.0,2,4000,0,0,0,0,0,0

APPTR,I03,03,SAMIA
IF,SAMIA,19.652989,99.650708, ,0.0,0.0,2,7000,0,0,0,0,0,0
TF,TANON,19.671567,99.718747,0, ,0.0,0.0,0.0,0.0,2,6000,0,0,0,0,1,0
TF,TALAY,19.744794,99.761503,0, ,0.0,0.0,0.0,0.0,2,4500,0,0,0,0,1,0
CF,YONOK,19.788717,99.787172,0,ICTR,210.0,12.2,30.0,3.0,2,4000,0,0,0,0,0,0

APPTR,I03,03,TIGER
IF,TIGER,20.092731,100.078761, ,0.0,0.0,2,9000,0,0,0,0,1,0
AF,TALAY,19.744794,99.761503,2,CTR,209.7,14.0,53.0,2,4500,0,0,0,0,1,0
CF,YONOK,19.788717,99.787172,0,ICTR,210.0,12.2,30.0,3.0,2,4000,0,0,0,0,0,0

FINAL,I03,03,I,3
IF,YONOK,19.788717,99.787172,ICTR,210.0,12.2,2,4000,0,0,0,0,0,0
CF,FF03,19.867292,99.833136,0,ICTR,210.0,6.8,30.0,5.4,1,2900,0,0,0,0,2,0
CF,RW03,19.940486,99.875975,0,ICTR,210.0,1.8,30.0,5.0,1,1334,0,0,0,0,3,0
CA,0,30.0,2,2900,0,0,0,0,0,0
VI,2, ,0.0,202.0,0,0,0,1,230,0,0,0
CF,CHABU,19.684022,99.924767,0,CTR,171.8,16.0,172.0,9.0,1,4500,0,0,0,0,0,0
HM,CHABU,19.684022,99.924767,1, ,0.0,0.0,352.0,04.3,0,0,0,0,0,0,0,0,0

APPTR,Q03,03,MANEE
IF,MANEE,19.621189,99.623639, ,0.0,0.0,2,6000,0,0,0,0,1,0
TF,CQ03,19.768481,99.788881,0, ,0.0,0.0,0.0,0.0,2,4500,0,0,0,0,1,0

APPTR,Q03,03,TANAR
IF,TANAR,19.545556,99.944481, ,0.0,0.0,2,6000,0,0,0,0,1,0
TF,CQ03,19.768481,99.788881,0, ,0.0,0.0,0.0,0.0,2,4500,0,0,0,0,1,0

FINAL,Q03,03,N,4
IF,CQ03,19.768481,99.788881,CT,0.0,0.0,2,4500,0,0,0,0,0,0
CF,FQ03,19.844350,99.826217,0,CT,0.0,0.0,25.0,5.0,2,3400,0,0,0,0,2,0
CF,45DME,19.882317,99.844917,0,CT,0.0,0.0,25.0,2.5,2,2590,0,0,0,0,0,0
CF,MQ03,19.923511,99.865217,0,CTR,0.0,1.8,25.0,2.7,1,1725,0,0,0,0,3,0
CF,CT,19.959750,99.883083,0,CTR,0.0,0.7,25.0,2.4,2,1780,0,0,0,0,0,0
CA,0,40.0,2,2500,0,0,0,0,0,0
DF,CT,19.959750,99.883083,2, ,0.0,0.0,0,0,0,0,0,0,0,0
CF,FQ03,19.844350,99.826217,0,CTR,207.6,7.0,205.0,7.0,2,4500,0,0,0,0,0,0
HM,FQ03,19.844350,99.826217,2, ,0.0,0.0,25.0,05,0,0,0,0,0,0,0,0,0

APPTR,R03,03,ARSHA
IF,ARSHA,19.547544,100.201694, ,0.0,0.0,2,9000,0,0,0,0,1,0
TF,PAYUT,19.695561,99.905239,0, ,0.0,0.0,0.0,0.0,2,4500,0,0,0,0,0,0
TF,PUSIT,19.764800,99.773194,0, ,0.0,0.0,0.0,0.0,2,4300,0,1,210,0,1,0

APPTR,R03,03,PERSY
IF,PERSY,19.452281,99.961092, ,0.0,0.0,2,7000,0,0,0,0,1,0
TF,PUSIT,19.764800,99.773194,0, ,0.0,0.0,0.0,0.0,2,4300,0,1,210,0,1,0

APPTR,R03,03,SAMIA
IF,SAMIA,19.652989,99.650708, ,0.0,0.0,2,7000,0,0,0,0,1,0
TF,PUSIT,19.764800,99.773194,0, ,0.0,0.0,0.0,0.0,2,4300,0,1,210,0,1,0

APPTR,R03,03,SUNYA
IF,SUNYA,20.103000,100.092747, ,0.0,0.0,2,9000,0,0,0,0,1,0
TF,BOMBY,19.990861,100.078433,0, ,0.0,0.0,0.0,0.0,2,8000,0,0,0,0,0,0
TF,PAYUT,19.695561,99.905239,0, ,0.0,0.0,0.0,0.0,2,4500,0,0,0,0,0,0
TF,PUSIT,19.764800,99.773194,0, ,0.0,0.0,0.0,0.0,2,4300,0,1,210,0,1,0

FINAL,R03,03,R,3
IF,PUSIT,19.764800,99.773194, ,0.0,0.0,2,4300,0,1,210,0,0,0
TF,CEISF,19.840939,99.817714,0, ,0.0,0.0,30.0,5.2,2,3500,0,0,0,0,2,0
TF,RW03,19.940486,99.875975,0, ,0.0,0.0,30.0,6.8,1,1330,0,0,0,0,3,1
CA,0,30.0,2,2600,0,0,0,0,0,0
DF,PAYUT,19.695561,99.905239,2, ,0.0,0.0,1,4500,0,1,230,0,0,0
HM,PAYUT,19.695561,99.905239,2, ,0.0,0.0,300.0,04.3,0,0,0,1,230,0,0,0,0

APPTR,R21,21,KOKAE
IF,KOKAE,19.452281,99.961092, ,0.0,0.0,2,9000,0,0,0,0,1,0
TF,PAPER,19.801769,100.000128,0, ,0.0,0.0,0.0,0.0,2,5000,0,0,0,0,0,0
TF,BIRDY,20.071603,100.049989,0, ,0.0,0.0,0.0,0.0,2,5000,0,1,230,0,0,0
TF,BOGIE,20.110533,99.975769,0, ,0.0,0.0,0.0,0.0,2,3500,0,1,210,0,1,0

APPTR,R21,21,PAPER
IF,PAPER,19.801769,100.000128, ,0.0,0.0,2,5000,0,0,0,0,1,0
TF,BIRDY,20.071603,100.049989,0, ,0.0,0.0,0.0,0.0,2,5000,0,1,230,0,0,0
TF,BOGIE,20.110533,99.975769,0, ,0.0,0.0,0.0,0.0,2,3500,0,1,210,0,1,0

APPTR,R21,21,SULEE
IF,SULEE,19.545894,99.566853, ,0.0,0.0,2,9000,0,0,0,0,1,0
TF,MOMAY,19.590242,99.641717,0, ,0.0,0.0,0.0,0.0,2,9000,0,0,0,0,0,0
TF,PAPER,19.801769,100.000128,0, ,0.0,0.0,0.0,0.0,2,5000,0,0,0,0,0,0
TF,BIRDY,20.071603,100.049989,0, ,0.0,0.0,0.0,0.0,2,5000,0,1,230,0,0,0
TF,BOGIE,20.110533,99.975769,0, ,0.0,0.0,0.0,0.0,2,3500,0,1,210,0,1,0

FINAL,R21,21,R,3
IF,BOGIE,20.110533,99.975769, ,0.0,0.0,2,3500,0,1,210,0,0,0
TF,CEINF,20.037369,99.932811,0, ,0.0,0.0,210.0,5.0,2,2900,0,0,0,0,2,0
TF,RW21,19.964194,99.889881,0, ,0.0,0.0,210.0,5.0,1,1325,0,0,0,0,3,1
CA,0,210.0,2,4000,0,0,0,0,0,0
DF,PAPER,19.801769,100.000128,1, ,0.0,0.0,1,5000,0,1,210,0,0,0
HM,PAPER,19.801769,100.000128,2, ,0.0,0.0,324.0,04.3,0,0,0,1,230,0,0,0,0

