APPTR,D05,05,FOSSA
IF,FOSSA,17.047633,103.830811, ,0.0,0.0,2,6000,0,0,0,0,1,0
TF,PUNNA,17.047158,103.964800,0, ,0.0,0.0,0.0,0.0,2,3200,0,0,0,0,1,0

APPTR,D05,05,NAKEE
IF,NAKEE,17.251656,103.843314, ,0.0,0.0,2,4000,0,0,0,0,1,0
VI,0, ,0.0,99.0,0,0,0,0,0,0,0,0
AF,D226O,17.036553,103.952253,1,SKN,226.0,15.0,279.0,0,0,0,0,0,0,0,0
TF,PUNNA,17.047158,103.964800,0, ,0.0,0.0,0.0,0.0,2,3200,0,0,0,0,1,0

APPTR,D05,05,SKN
IF,SKN,17.214136,104.136761, ,0.0,0.0,2,4000,0,0,0,0,1,0
FD,SKN,17.214136,104.136761,0,SKN,0.0,14.0,247.0,14.0,0,0,0,0,0,0,0,0
CF,PUNNA,17.047158,103.964800,1,SKN,225.7,14.0,46.0,1.0,2,3200,0,0,0,0,1,0

FINAL,D05,05,D,3
IF,PUNNA,17.047158,103.964800,SKN,225.7,14.0,2,3200,0,0,0,0,0,0
CF,FF05,17.111919,104.031381,0,SKN,225.8,8.6,46.0,5.4,2,2600,0,0,0,0,2,0
CF,RW05,17.186822,104.109969,0,SKN,224.3,2.2,46.0,6.4,1,579,0,0,0,0,3,0
CF,SKN,17.214136,104.136761,0,SKN,0.0,0.0,46.0,2.2,0,0,0,0,0,0,0,1
CA,0,46.0,2,1500,0,0,0,0,0,0
CF,PUNNA,17.047158,103.964800,2,SKN,225.7,14.0,226.0,16.0,2,3200,0,0,0,0,0,0
HM,PUNNA,17.047158,103.964800,2, ,0.0,0.0,46.0,04.3,2,3200,0,1,230,0,0,0,0

APPTR,D23,23,NAKEE
IF,NAKEE,17.251656,103.843314, ,0.0,0.0,2,4000,0,0,0,0,1,0
VI,0, ,0.0,99.0,0,0,0,0,0,0,0,0
AF,BEERA,17.403622,103.965381,2,SKN,320.0,15.0,279.0,2,3000,0,0,0,0,0,0
AF,D046O,17.391542,104.321619,2,SKN,46.0,15.0,320.0,0,0,0,0,0,0,0,0
TF,TARAE,17.367097,104.297778,0, ,0.0,0.0,0.0,0.0,2,2500,0,1,220,0,1,0

APPTR,D23,23,PAYO1
IF,PAYON,17.073528,103.879539, ,0.0,0.0,2,4000,0,0,0,0,1,0
TF,SKN,17.214136,104.136761,0, ,0.0,0.0,0.0,0.0,2,4000,0,1,220,0,0,0
FD,SKN,17.214136,104.136761,0,SKN,0.0,13.0,32.0,13.0,0,0,0,0,0,0,0,0
CF,TARAE,17.367097,104.297778,2,SKN,46.3,13.0,226.0,1.0,2,2500,0,0,0,0,1,0

APPTR,D23,23,PAYO2
IF,PAYON,17.073528,103.879539, ,0.0,0.0,2,4000,0,0,0,0,1,0
VI,0, ,0.0,61.0,0,0,0,0,0,0,0,0
AF,BEERA,17.403622,103.965381,2,SKN,320.0,15.0,241.0,2,3000,0,0,0,0,0,0
AF,D046O,17.391542,104.321619,2,SKN,46.0,15.0,320.0,0,0,0,0,0,0,0,0
TF,TARAE,17.367097,104.297778,0, ,0.0,0.0,0.0,0.0,2,2500,0,1,220,0,1,0

APPTR,D23,23,VANON
IF,VANON,17.310814,104.414625, ,0.0,0.0,2,4000,0,0,0,0,1,0
VI,0, ,0.0,251.0,0,0,0,0,0,0,0,0
AF,D046O,17.391542,104.321619,1,SKN,46.0,15.0,71.0,0,0,0,0,0,0,0,0
TF,TARAE,17.367097,104.297778,0, ,0.0,0.0,0.0,0.0,2,2500,0,1,220,0,1,0

FINAL,D23,23,D,3
IF,TARAE,17.367097,104.297778,SKN,46.3,13.0,2,2500,0,1,220,0,0,0
CF,FS23,17.256669,104.182731,0,SKN,47.1,3.7,226.0,9.3,2,2000,0,0,0,0,2,0
CF,SKN,17.214136,104.136761,0,SKN,0.0,0.0,226.0,3.7,1,844,0,0,0,0,3,0
CA,0,226.0,2,1030,0,0,0,0,0,0
CF,TARAE,17.367097,104.297778,1,SKN,46.3,13.0,46.0,13.0,2,2500,0,1,200,0,0,0
HM,TARAE,17.367097,104.297778,2, ,0.0,0.0,226.0,04.3,2,2500,0,1,230,0,0,0,0

APPTR,I23,23,NAKEE
IF,NAKEE,17.251656,103.843314, ,0.0,0.0,2,4000,0,0,0,0,1,0
VI,0, ,0.0,99.0,0,0,0,0,0,0,0,0
AF,BEERA,17.403622,103.965381,2,SKN,320.0,15.0,279.0,2,3000,0,0,0,0,0,0
AF,D046O,17.391542,104.321619,2,SKN,46.0,15.0,320.0,0,0,0,0,0,0,0,0
CF,TARAE,17.367097,104.297778,0,ISKN,46.0,15.4,226.0,2.0,2,2500,0,1,220,0,1,0

APPTR,I23,23,PAYO1
IF,PAYON,17.073528,103.879539, ,0.0,0.0,2,4000,0,0,0,0,1,0
TF,SKN,17.214136,104.136761,0, ,0.0,0.0,0.0,0.0,2,4000,0,1,220,0,0,0
FD,SKN,17.214136,104.136761,0,SKN,0.0,13.0,32.0,13.0,0,0,0,0,0,0,0,0
CF,TARAE,17.367097,104.297778,2,ISKN,46.0,15.4,226.0,1.0,2,2500,0,1,220,0,1,0

APPTR,I23,23,PAYO2
IF,PAYON,17.073528,103.879539, ,0.0,0.0,2,4000,0,0,0,0,1,0
VI,0, ,0.0,61.0,0,0,0,0,0,0,0,0
AF,BEERA,17.403622,103.965381,2,SKN,320.0,15.0,241.0,2,3000,0,0,0,0,0,0
AF,D046O,17.391542,104.321619,2,SKN,46.0,15.0,320.0,0,0,0,0,0,0,0,0
CF,TARAE,17.367097,104.297778,0,ISKN,46.0,15.4,226.0,2.0,2,2500,0,1,220,0,1,0

APPTR,I23,23,VANON
IF,VANON,17.310814,104.414625, ,0.0,0.0,2,4000,0,0,0,0,1,0
VI,0, ,0.0,251.0,0,0,0,0,0,0,0,0
AF,D046O,17.391542,104.321619,1,SKN,46.0,15.0,71.0,0,0,0,0,0,0,0,0
CF,TARAE,17.367097,104.297778,0,ISKN,46.0,15.4,226.0,2.0,2,2500,0,1,220,0,1,0

FINAL,I23,23,I,3
IF,TARAE,17.367097,104.297778,ISKN,46.0,15.4,2,2500,0,1,220,0,0,0
CF,FF23,17.256669,104.182731,0,ISKN,46.0,6.0,226.0,9.3,1,2000,0,0,0,0,2,0
CF,RW23,17.203458,104.127283,0,ISKN,46.0,1.5,226.0,4.5,1,576,0,0,0,0,3,0
CA,0,226.0,2,1030,0,0,0,0,0,0
CF,TARAE,17.367097,104.297778,1,SKN,46.3,13.0,46.0,14.0,2,2500,0,1,200,0,0,0
HM,TARAE,17.367097,104.297778,2, ,0.0,0.0,226.0,04.3,2,2500,0,1,230,0,0,0,0

APPTR,L23,23,NAKEE
IF,NAKEE,17.251656,103.843314, ,0.0,0.0,2,4000,0,0,0,0,1,0
VI,0, ,0.0,99.0,0,0,0,0,0,0,0,0
AF,BEERA,17.403622,103.965381,2,SKN,320.0,15.0,279.0,2,3000,0,0,0,0,0,0
AF,D046O,17.391542,104.321619,2,SKN,46.0,15.0,320.0,0,0,0,0,0,0,0,0
CF,TARAE,17.367097,104.297778,0,ISKN,46.0,15.4,226.0,2.0,2,2500,0,1,220,0,1,0

APPTR,L23,23,PAYO1
IF,PAYON,17.073528,103.879539, ,0.0,0.0,2,4000,0,0,0,0,1,0
TF,SKN,17.214136,104.136761,0, ,0.0,0.0,0.0,0.0,2,4000,0,1,220,0,0,0
FD,SKN,17.214136,104.136761,0,SKN,0.0,13.0,32.0,13.0,0,0,0,0,0,0,0,0
CF,TARAE,17.367097,104.297778,2,ISKN,46.0,15.4,226.0,1.0,2,2500,0,1,220,0,1,0

APPTR,L23,23,PAYO2
IF,PAYON,17.073528,103.879539, ,0.0,0.0,2,4000,0,0,0,0,1,0
VI,0, ,0.0,61.0,0,0,0,0,0,0,0,0
AF,BEERA,17.403622,103.965381,2,SKN,320.0,15.0,241.0,2,3000,0,0,0,0,0,0
AF,D046O,17.391542,104.321619,2,SKN,46.0,15.0,320.0,0,0,0,0,0,0,0,0
CF,TARAE,17.367097,104.297778,0,ISKN,46.0,15.4,226.0,2.0,2,2500,0,1,220,0,1,0

APPTR,L23,23,VANON
IF,VANON,17.310814,104.414625, ,0.0,0.0,2,4000,0,0,0,0,1,0
VI,0, ,0.0,251.0,0,0,0,0,0,0,0,0
AF,D046O,17.391542,104.321619,1,SKN,46.0,15.0,71.0,0,0,0,0,0,0,0,0
CF,TARAE,17.367097,104.297778,0,ISKN,46.0,15.4,226.0,2.0,2,2500,0,1,220,0,1,0

FINAL,L23,23,D,3
IF,TARAE,17.367097,104.297778,ISKN,46.0,15.4,2,2500,0,1,220,0,0,0
CF,FF23,17.256669,104.182731,0,ISKN,46.0,6.0,226.0,9.3,2,2000,0,0,0,0,2,0
CF,MA23,17.212689,104.136897,0,ISKN,46.0,2.3,226.0,3.7,1,825,0,0,0,0,3,0
CA,0,226.0,2,1030,0,0,0,0,0,0
CF,TARAE,17.367097,104.297778,1,SKN,46.3,13.0,46.0,13.0,2,2500,0,1,200,0,0,0
HM,TARAE,17.367097,104.297778,2, ,0.0,0.0,226.0,04.3,2,2500,0,1,230,0,0,0,0

APPTR,R05,05,MASIO
IF,MASIO,16.966964,103.685253, ,0.0,0.0,1,7000,0,0,0,0,1,0
TF,PUNNA,17.047158,103.964800,0, ,0.0,0.0,0.0,0.0,1,3200,0,0,0,0,0,0

APPTR,R05,05,PATAN
IF,PATAN,17.279803,103.620864, ,0.0,0.0,1,7000,0,0,0,0,1,0
TF,PUNNA,17.047158,103.964800,0, ,0.0,0.0,0.0,0.0,1,3200,0,0,0,0,0,0

APPTR,R05,05,VANON
IF,VANON,17.310814,104.414625, ,0.0,0.0,2,4000,0,0,0,0,1,0
TF,DUPER,17.094453,104.260069,0, ,0.0,0.0,0.0,0.0,2,4000,0,0,0,0,0,0
TF,FURNO,16.928864,104.087808,0, ,0.0,0.0,0.0,0.0,1,4000,0,0,0,0,0,0
TF,PUNNA,17.047158,103.964800,0, ,0.0,0.0,0.0,0.0,1,3200,0,0,0,0,0,0

FINAL,R05,05,R,4
IF,PUNNA,17.047158,103.964800, ,0.0,0.0,1,3200,0,0,0,0,0,0
TF,UI053,17.113453,104.033667,0, ,0.0,0.0,46.0,5.6,1,2500,0,0,0,0,0,0
TF,UI052,17.130050,104.050892,0, ,0.0,0.0,46.0,1.4,1,2100,0,0,0,0,2,0
TF,UI051,17.186822,104.109969,0, ,0.0,0.0,46.0,4.8,1,579,0,0,0,0,3,1
CA,0,46.0,2,1500,0,0,0,0,0,0
DF,PUNNA,17.047158,103.964800,2, ,0.0,0.0,1,3200,0,0,0,0,0,0
HM,PUNNA,17.047158,103.964800,2, ,0.0,0.0,46.0,04.3,2,3200,0,1,230,0,0,0,0

APPTR,R23,23,MASIO
IF,MASIO,16.966964,103.685253, ,0.0,0.0,1,7000,0,0,0,0,1,0
TF,NAKEE,17.251656,103.843314,0, ,0.0,0.0,0.0,0.0,1,4000,0,0,0,0,0,0
TF,IRICA,17.391594,104.150742,0, ,0.0,0.0,0.0,0.0,1,3000,0,0,0,0,0,0
TF,LAMMO,17.308717,104.236939,0, ,0.0,0.0,0.0,0.0,1,2500,0,1,230,0,0,0

APPTR,R23,23,NAKEE
IF,NAKEE,17.251656,103.843314, ,0.0,0.0,1,4000,0,0,0,0,1,0
TF,IRICA,17.391594,104.150742,0, ,0.0,0.0,0.0,0.0,1,3000,0,0,0,0,0,0
TF,LAMMO,17.308717,104.236939,0, ,0.0,0.0,0.0,0.0,1,2500,0,1,230,0,0,0

APPTR,R23,23,VANON
IF,VANON,17.310814,104.414625, ,0.0,0.0,1,4000,0,0,0,0,1,0
TF,LAMMO,17.308717,104.236939,0, ,0.0,0.0,0.0,0.0,1,2500,0,1,230,0,0,0

FINAL,R23,23,R,3
IF,LAMMO,17.308717,104.236939, ,0.0,0.0,1,2500,0,1,230,0,0,0
TF,UI232,17.256686,104.182711,0, ,0.0,0.0,226.0,4.4,1,2000,0,0,0,0,2,0
TF,UI231,17.212919,104.137139,0, ,0.0,0.0,226.0,3.7,1,831,0,0,0,0,3,1
DF,LAMMO,17.308717,104.236939,1, ,0.0,0.0,1,2500,0,1,200,0,0,0
HM,LAMMO,17.308717,104.236939,2, ,0.0,0.0,226.0,04.3,2,2500,0,1,230,0,0,0,0

