SID,BLUV1B,24,5
CF,UMBRO,14.896753,102.213556,0,NKR,242.3,6.4,242.0,6.0,2,1900,0,1,210,0,0,0
TF,CIEGO,14.793936,102.271311,0, ,0.0,0.0,0.0,0.0,2,3200,0,1,210,0,0,0
TF,DARCO,14.881408,102.435925,0, ,0.0,0.0,0.0,0.0,2,5000,0,1,220,0,0,0
TF,BLUVY,15.151925,102.455936,0, ,0.0,0.0,0.0,0.0,2,7000,0,0,0,0,0,0
TF,ROT,16.116831,103.772069,0, ,0.0,0.0,0.0,0.0,0,0,0,0,0,0,0,0

SID,SAMB1A,06,5
CF,JAIGA,15.002211,102.411961,0,NKR,60.4,6.7,62.0,6.0,2,2300,0,1,210,0,0,0
TF,SAMBY,14.980283,102.672836,0, ,0.0,0.0,0.0,0.0,2,7000,0,0,0,0,0,0

SID,SAMB1B,24,5
CF,UMBRO,14.896753,102.213556,0,NKR,242.3,6.4,242.0,6.0,2,1900,0,1,210,0,0,0
TF,CIEGO,14.793936,102.271311,0, ,0.0,0.0,0.0,0.0,2,3200,0,1,210,0,0,0
TF,DARCO,14.881408,102.435925,0, ,0.0,0.0,0.0,0.0,2,5000,0,1,220,0,0,0
TF,SAMBY,14.980283,102.672836,0, ,0.0,0.0,0.0,0.0,2,7000,0,0,0,0,0,0

SID,SITA1A,06,5
CF,JAIGA,15.002211,102.411961,0,NKR,60.4,6.7,62.0,6.0,2,2300,0,1,210,0,0,0
TF,ARTIE,15.105003,102.354106,0, ,0.0,0.0,0.0,0.0,2,4000,0,0,0,0,0,0
TF,SITTA,15.213994,102.262522,0, ,0.0,0.0,0.0,0.0,2,7000,0,0,0,0,0,0
TF,KKN,16.470758,102.787797,0, ,0.0,0.0,0.0,0.0,0,0,0,0,0,0,0,0

SID,SITA1B,24,5
CF,UMBRO,14.896753,102.213556,0,NKR,242.3,6.4,242.0,6.0,2,1900,0,1,210,0,0,0
TF,CIEGO,14.793936,102.271311,0, ,0.0,0.0,0.0,0.0,2,3200,0,1,210,0,0,0
TF,DARCO,14.881408,102.435925,0, ,0.0,0.0,0.0,0.0,2,5000,0,1,220,0,0,0
TF,SITTA,15.213994,102.262522,0, ,0.0,0.0,0.0,0.0,2,7000,0,0,0,0,0,0
TF,KKN,16.470758,102.787797,0, ,0.0,0.0,0.0,0.0,0,0,0,0,0,0,0,0

SID,VOBO1A,06,5
CF,JAIGA,15.002211,102.411961,0,NKR,60.4,6.7,62.0,6.0,2,2300,0,1,210,0,0,0
TF,TIWAA,14.899400,102.469758,0, ,0.0,0.0,0.0,0.0,2,4400,0,1,210,0,0,0
TF,SEERO,14.770797,102.228272,0, ,0.0,0.0,0.0,0.0,2,8000,0,0,0,0,0,0
TF,VOBOT,14.565714,101.606047,0, ,0.0,0.0,0.0,0.0,2,8000,0,0,0,0,0,0

SID,VOBO1B,24,5
CF,UMBRO,14.896753,102.213556,0,NKR,242.3,6.4,242.0,6.0,2,1900,0,1,210,0,0,0
TF,VOBOT,14.565714,101.606047,0, ,0.0,0.0,0.0,0.0,2,8000,0,0,0,0,0,0

APPTR,D06,06,NKR30
IF,NKR30,14.725206,101.847714, ,0.0,0.0,2,5000,0,0,0,0,1,0
TF,CD06,14.864800,102.122553,0, ,0.0,0.0,0.0,0.0,2,4000,0,0,0,0,1,0

FINAL,D06,06,D,3
IF,CD06,14.864800,102.122553,NKR,246.0,12.0,2,4000,0,0,0,0,0,0
CF,FD06,14.898892,102.201142,0,NKR,246.0,7.0,66.0,5.0,2,2900,0,0,0,0,2,0
CF,MD06,14.935542,102.285731,0,NKR,246.0,1.6,66.0,5.4,1,1202,0,0,0,0,3,0
CF,NKR,14.946572,102.311208,0,NKR,0.0,0.0,66.0,1.6,2,1270,0,0,0,0,0,0
CA,0,66.0,2,2000,0,0,0,0,0,0
DF,FD06,14.898892,102.201142,2, ,0.0,0.0,1,4000,0,0,0,0,0,0
HM,FD06,14.898892,102.201142,2, ,0.0,0.0,66.0,05,2,4000,0,0,0,0,0,0,0

APPTR,D24,24,NKR30
IF,NKR30,14.725206,101.847714, ,0.0,0.0,2,5000,0,0,0,0,1,0
TF,KRT,14.917319,102.139811,0, ,0.0,0.0,0.0,0.0,2,4000,0,0,0,0,0,0
TF,NKR,14.946572,102.311208,0, ,0.0,0.0,0.0,0.0,0,0,0,0,0,0,0,0
TF,D080K,14.978467,102.497731,0, ,0.0,0.0,0.0,0.0,0,0,0,0,0,0,0,1
CF,CD24,15.041339,102.473603,1,NKR,59.0,11.0,239.0,1.0,2,3000,0,0,0,0,1,0

FINAL,D24,24,D,3
IF,CD24,15.041339,102.473603,NKR,59.0,11.0,2,3000,0,0,0,0,0,0
CF,FD24,14.998278,102.399769,0,NKR,59.0,6.0,239.0,5.0,2,2400,0,0,0,0,2,0
CF,MD24,14.964672,102.342200,0,NKR,59.0,2.1,239.0,3.9,1,1209,0,0,0,0,3,0
CF,NKR,14.946572,102.311208,0,NKR,0.0,0.0,239.0,2.1,2,1270,0,0,0,0,0,0
CA,0,239.0,2,2000,0,0,0,0,0,0
DF,FD24,14.998278,102.399769,1, ,0.0,0.0,1,3000,0,0,0,0,0,0
HM,FD24,14.998278,102.399769,1, ,0.0,0.0,239.0,05,2,3000,0,0,0,0,0,0,0

APPTR,I06,06,BKK
IF,BKK,13.893556,100.596194, ,0.0,0.0,0,0,0,0,0,0,0,0
TF,JONEW,14.725206,101.847714,0, ,0.0,0.0,0.0,0.0,2,5000,0,0,0,0,1,0
FC,JONEW,14.725206,101.847714,0,NKR,0.0,0.0,66.0,14.0,0,0,0,0,0,0,0,0
CF,CF06,14.849775,102.129767,0,INKR,240.8,12.9,66.0,4.0,2,4000,0,0,0,0,1,0

FINAL,I06,06,I,3
IF,CF06,14.849775,102.129767,INKR,240.8,12.9,2,4000,0,0,0,0,0,0
CF,FF06,14.894461,102.210853,0,INKR,241.0,7.5,61.0,5.5,1,2800,0,0,0,0,2,0
CF,RW06,14.944942,102.304169,0,INKR,241.3,1.3,61.0,6.2,1,819,0,0,0,0,3,0
FC,RW06,14.944942,102.304169,0,NKR,0.0,0.0,61.0,1.3,2,1270,0,0,0,0,0,0
VI,0, ,0.0,91.0,0,0,0,0,0,0,0,0
FA,NKR,14.946572,102.311208,0,NKR,0.0,0.0,61.0,2,2000,0,0,0,0,0,0
DF,FF06,14.894461,102.210853,2, ,0.0,0.0,1,4000,0,0,0,0,0,0
HM,FF06,14.894461,102.210853,2, ,0.0,0.0,61.0,04.3,2,4000,0,0,0,0,0,0,0

APPTR,L06,06,BKK
IF,BKK,13.893556,100.596194, ,0.0,0.0,0,0,0,0,0,0,0,0
TF,JONEW,14.725206,101.847714,0, ,0.0,0.0,0.0,0.0,2,5000,0,0,0,0,1,0
FC,JONEW,14.725206,101.847714,0,NKR,0.0,0.0,66.0,14.0,0,0,0,0,0,0,0,0
CF,CF06,14.849775,102.129767,0,INKR,240.8,12.9,66.0,4.0,2,4000,0,0,0,0,1,0

FINAL,L06,06,D,3
IF,CF06,14.849775,102.129767,INKR,240.8,12.9,2,4000,0,0,0,0,0,0
CF,FF06,14.894461,102.210853,0,INKR,241.0,7.5,61.0,5.5,2,2800,0,0,0,0,2,0
CF,MA06,14.936678,102.289114,0,INKR,241.0,2.3,61.0,5.2,1,1139,0,0,0,0,3,0
FC,MA06,14.936678,102.289114,0,NKR,0.0,0.0,61.0,2.3,2,1270,0,0,0,0,0,0
VI,0, ,0.0,91.0,0,0,0,0,0,0,0,0
FA,NKR,14.946572,102.311208,0,NKR,0.0,0.0,61.0,2,2000,0,0,0,0,0,0
DF,FF06,14.894461,102.210853,2, ,0.0,0.0,1,4000,0,0,0,0,0,0
HM,FF06,14.894461,102.210853,2, ,0.0,0.0,61.0,04.3,2,4000,0,0,0,0,0,0,0

APPTR,R06,06,SAIGA
IF,SAIGA,14.966531,102.560703, ,0.0,0.0,1,7000,0,0,0,0,1,0
TF,VEDIC,14.760525,102.172389,0, ,0.0,0.0,0.0,0.0,1,5000,0,0,0,0,0,0
TF,SYRUP,14.848661,102.122906,0, ,0.0,0.0,0.0,0.0,1,4000,0,1,230,0,1,0

APPTR,R06,06,VOBOT
IF,VOBOT,14.565714,101.606047, ,0.0,0.0,1,7000,0,0,0,0,1,0
TF,GARBO,14.782592,102.003197,0, ,0.0,0.0,0.0,0.0,1,5000,0,0,0,0,0,0
TF,SYRUP,14.848661,102.122906,0, ,0.0,0.0,0.0,0.0,1,4000,0,1,230,0,1,0

FINAL,R06,06,R,3
IF,SYRUP,14.848661,102.122906, ,0.0,0.0,1,4000,0,1,230,0,0,0
TF,NAKSF,14.904786,102.228656,0, ,0.0,0.0,62.0,7.0,1,2400,0,0,0,0,2,0
TF,NAKSM,14.944942,102.304169,0, ,0.0,0.0,62.0,5.0,1,819,0,0,0,0,3,1
CA,0,62.0,2,2000,0,0,0,0,0,0
DF,SYRUP,14.848661,102.122906,2, ,0.0,0.0,2,4000,0,1,230,0,0,0
HM,SYRUP,14.848661,102.122906,2, ,0.0,0.0,61.0,04.3,2,4000,0,1,230,0,0,0,0

APPTR,R24,24,FINNY
IF,FINNY,15.126886,102.422128, ,0.0,0.0,1,4000,0,1,240,0,1,0
TF,YALIS,15.034978,102.473750,0, ,0.0,0.0,0.0,0.0,1,3000,0,1,240,0,1,0

APPTR,R24,24,SAMBY
IF,SAMBY,14.980283,102.672836, ,0.0,0.0,1,7000,0,0,0,0,1,0
TF,YALIS,15.034978,102.473750,0, ,0.0,0.0,0.0,0.0,1,3000,0,1,240,0,1,0

APPTR,R24,24,VOBOT
IF,VOBOT,14.565714,101.606047, ,0.0,0.0,1,7000,0,0,0,0,1,0
TF,CAROY,14.866844,102.372286,0, ,0.0,0.0,0.0,0.0,1,7000,0,0,0,0,0,0
TF,BOANA,14.946939,102.523164,0, ,0.0,0.0,0.0,0.0,1,4000,0,1,240,0,0,0
TF,YALIS,15.034978,102.473750,0, ,0.0,0.0,0.0,0.0,1,3000,0,1,240,0,1,0

FINAL,R24,24,R,3
IF,YALIS,15.034978,102.473750, ,0.0,0.0,1,3000,0,1,240,0,0,0
TF,NAKNF,14.994931,102.398269,0, ,0.0,0.0,242.0,5.0,1,2400,0,0,0,0,2,0
TF,NAKNM,14.954050,102.321306,0, ,0.0,0.0,242.0,5.1,1,790,0,0,0,0,3,1
CA,0,242.0,2,2000,0,0,0,0,0,0
DF,YALIS,15.034978,102.473750,1, ,0.0,0.0,2,3000,0,0,0,0,0,0
HM,YALIS,15.034978,102.473750,1, ,0.0,0.0,242.0,04.3,2,3000,0,1,230,0,0,0,0

