SID,LIN1A,03L,2
VA,0,31.0,2,2960,0,0,0,0,0,0
CF,LINEN,13.219167,109.122222,1,TUH,315.8,16.4,300.0,15.0,0,0,0,0,0,0,0,0

SID,LIN1B,21R,2
VA,0,211.0,2,540,0,0,0,0,0,0
FA,TH,13.045000,109.334167,0,TUH,0.0,0.0,221.0,2,2960,0,0,0,0,0,0
VA,2,64.0,2,3940,0,0,0,0,0,0
CF,TH,13.045000,109.334167,0,TUH,35.5,1.4,64.0,5.0,2,6890,0,0,0,0,0,1
VI,1, ,0.0,280.0,0,0,0,0,0,0,0,0
CF,LINEN,13.219167,109.122222,0,TUH,315.8,16.4,310.0,10.0,0,0,0,0,0,0,0,0

SID,LINE1C,21R,2
DF,TUH,13.026169,109.320978,0, ,0.0,0.0,0,0,0,0,0,0,0,0
CD, ,0,0,0,TUH,0,0.0,221.0,7.0,0,0,0,0,0,0,0,0
DF,TUH,13.026169,109.320978,2, ,0.0,0.0,0,0,0,0,0,0,0,1
VI,1, ,0.0,288.0,0,0,0,0,0,0,0,0
CF,LINEN,13.219167,109.122222,0,TUH,315.8,16.4,318.0,9.0,2,10000,0,0,0,0,0,0
TF,KAMGO,13.287500,109.101389,0, ,0.0,0.0,0.0,0.0,0,0,0,0,0,0,0,0

SID,LINE1D,03L,2
VA,0,31.0,2,2960,0,0,0,0,0,0
DF,TUH,13.026169,109.320978,2, ,0.0,0.0,0,0,0,0,0,0,0,1
TF,LINEN,13.219167,109.122222,0, ,0.0,0.0,0.0,0.0,2,10000,0,0,0,0,0,0
TF,KAMGO,13.287500,109.101389,0, ,0.0,0.0,0.0,0.0,0,0,0,0,0,0,0,0

SID,TUN1A,03L,2
VA,0,31.0,2,2960,0,0,0,0,0,0
CF,TH,13.045000,109.334167,2,TUH,35.5,1.4,234.0,5.0,2,6890,0,0,0,0,0,0
TF,TUNER,12.810000,109.196111,0, ,0.0,0.0,0.0,0.0,0,0,0,0,0,0,0,0

SID,TUN1B,21R,2
VA,0,211.0,2,540,0,0,0,0,0,0
FA,TH,13.045000,109.334167,0,TUH,0.0,0.0,221.0,2,2960,0,0,0,0,0,0
VA,2,64.0,2,3940,0,0,0,0,0,0
CF,TH,13.045000,109.334167,0,TUH,35.5,1.4,64.0,5.0,2,6890,0,0,0,0,0,1
VI,2, ,0.0,240.0,0,0,0,0,0,0,0,0
CF,TUNER,12.810000,109.196111,0,TUH,210.6,14.8,210.0,8.0,0,0,0,0,0,0,0,0

STAR,LINE1A,21R,2
IF,KAMGO,13.287500,109.101389, ,0.0,0.0,0,0,0,0,0,0,0,0
TF,LINEN,13.219167,109.122222,0, ,0.0,0.0,0.0,0.0,2,10000,0,0,0,0,0,0
TF,TUH,13.026169,109.320978,0, ,0.0,0.0,0.0,0.0,2,6890,0,0,0,0,0,0

APPTR,D21RY,21R,LINEN
IF,LINEN,13.219167,109.122222, ,0.0,0.0,2,6890,0,0,0,0,1,0
CI,0, ,0.0,136.0,0,0,0,0,0,0,0,0
AF,CS21R,13.231125,109.436956,2,TUH,30.0,14.0,316.0,2,2990,0,0,0,0,1,0

FINAL,D21RY,21R,D,3
IF,CS21R,13.231125,109.436956,TUH,30.0,14.0,2,2990,0,0,0,0,0,0
CF,FS21R,13.143292,109.387225,0,TUH,30.0,8.0,210.0,6.0,2,1970,0,0,0,0,2,0
CF,MS21R,13.070092,109.345811,0,TUH,30.0,3.0,210.0,5.0,1,300,0,0,0,0,3,0
CF,TUH,13.026169,109.320978,0,TUH,0.0,0.0,210.0,3.0,0,0,0,0,0,0,0,0
FD,TUH,13.026169,109.320978,0,TUH,0.0,7.0,221.0,7.0,0,0,0,0,0,0,0,0
DF,TUH,13.026169,109.320978,2, ,0.0,0.0,2,6890,0,0,0,0,0,0
HM,TUH,13.026169,109.320978,2, ,0.0,0.0,50.0,04.3,2,6890,0,0,0,0,0,0,0

APPTR,D21RZ,21R,TUH
IF,TUH,13.026169,109.320978, ,0.0,0.0,2,6890,0,0,0,0,1,0
FD,TUH,13.026169,109.320978,0,TUH,0.0,14.0,50.0,14.0,2,2990,0,0,0,0,0,0
CF,CS21R,13.231125,109.436956,1,TUH,30.0,14.0,210.0,1.0,2,2990,0,0,0,0,1,0

FINAL,D21RZ,21R,D,3
IF,CS21R,13.231125,109.436956,TUH,30.0,14.0,2,2990,0,0,0,0,0,0
CF,FS21R,13.143292,109.387225,0,TUH,30.0,8.0,210.0,6.0,2,1970,0,0,0,0,2,0
CF,MS21R,13.070092,109.345811,0,TUH,30.0,3.0,210.0,5.0,1,300,0,0,0,0,3,0
CF,TUH,13.026169,109.320978,0,TUH,0.0,0.0,210.0,3.0,0,0,0,0,0,0,0,0
FD,TUH,13.026169,109.320978,0,TUH,0.0,7.0,221.0,7.0,0,0,0,0,0,0,0,0
DF,TUH,13.026169,109.320978,2, ,0.0,0.0,2,6890,0,0,0,0,0,0
HM,TUH,13.026169,109.320978,2, ,0.0,0.0,50.0,04.3,2,6890,0,0,0,0,0,0,0

APPTR,N03L,03L,TH
IF,TH,13.045000,109.334167, ,0.0,0.0,2,6890,0,0,0,0,1,0
FC,TH,13.045000,109.334167,0,PCA,0.0,0.0,255.0,5.8,2,4930,0,0,0,0,0,1
CF,FF03L,12.996436,109.248417,1,PCA,169.2,58.6,60.0,1.0,2,4600,0,0,0,0,0,0

FINAL,N03L,03L,N,2
IF,FF03L,12.996436,109.248417,TH,0.0,0.0,2,4600,0,0,0,0,2,0
CF,TH,13.045000,109.334167,0,TH,0.0,0.0,60.0,5.8,1,1320,0,0,0,0,3,0
VA,0,60.0,2,2960,0,0,0,0,0,0
DF,TH,13.045000,109.334167,2, ,0.0,0.0,2,6890,0,0,0,0,0,0
HM,TH,13.045000,109.334167,2, ,0.0,0.0,255.0,04.3,2,6890,0,0,0,0,0,0,0

APPTR,N21R,21R,TH
IF,TH,13.045000,109.334167, ,0.0,0.0,2,6890,0,0,0,0,1,0
FC,TH,13.045000,109.334167,0,PCA,0.0,0.0,57.0,10.5,2,3940,0,0,0,0,0,1
CF,FF21R,13.181561,109.436650,1,PCA,154.5,51.7,216.0,1.0,2,2960,0,0,0,0,0,0

FINAL,N21R,21R,N,2
IF,FF21R,13.181561,109.436650,TH,0.0,0.0,2,2960,0,0,0,0,2,0
CF,TH,13.045000,109.334167,0,TH,0.0,0.0,216.0,10.1,1,820,0,0,0,0,3,0
VA,0,216.0,2,1480,0,0,0,0,0,0
DF,TH,13.045000,109.334167,2, ,0.0,0.0,2,6890,0,0,0,0,0,0
HM,TH,13.045000,109.334167,1, ,0.0,0.0,57.0,04.3,2,6890,0,0,0,0,0,0,0

