FINAL,N16,16,N,2
IF,FN16,24.979761,94.884778,HL,0.0,0.0,2,2190,0,0,0,0,2,0
CF,RW16,24.914419,94.908242,0,HL,0.0,0.0,164.0,4.1,1,596,0,0,0,0,3,0
TF,HL,24.895025,94.913203,0, ,0.0,0.0,0.0,0.0,0,0,0,0,0,0,0,0
VA,0,165.0,2,2000,0,0,0,0,0,0
DF,HL,24.895025,94.913203,2, ,0.0,0.0,1,3000,0,0,0,0,0,0
HM,HL,24.895025,94.913203,2, ,0.0,0.0,14.0,04.3,0,0,0,0,0,0,0,0,0

FINAL,N34,34,N,2
IF,FN34,24.815372,94.955761,HL,0.0,0.0,2,2180,0,0,0,0,2,0
CF,RW34,24.883292,94.920253,0,HL,0.0,0.0,335.0,4.5,1,583,0,0,0,0,3,0
TF,HL,24.895025,94.913203,0, ,0.0,0.0,0.0,0.0,0,0,0,0,0,0,0,0
VA,0,350.0,2,3000,0,0,0,0,0,0
DF,HL,24.895025,94.913203,2, ,0.0,0.0,0,0,0,0,0,0,0,0
HM,HL,24.895025,94.913203,1, ,0.0,0.0,185.0,04.3,0,0,0,0,0,0,0,0,0

