APPTR,N02,02,KT1
IF,KT,10.050008,98.540069, ,0.0,0.0,2,3500,0,0,0,0,0,0
FC,KT,10.050008,98.540069,0,KT,0.0,0.0,240.0,5.3,2,1700,0,0,0,0,0,1
CF,FF02,9.974744,98.492631,1,KT,213.0,5.3,33.0,1.0,2,1700,0,0,0,0,0,0

APPTR,N02,02,KT2
IF,KT,10.050008,98.540069, ,0.0,0.0,2,3500,0,0,0,0,0,0
FC,KT,10.050008,98.540069,0,KT,0.0,0.0,240.0,7.5,2,1700,0,0,0,0,0,1
CF,FF02,9.974744,98.492631,1,KT,213.0,5.3,33.0,3.2,2,1700,0,0,0,0,0,0

FINAL,N02,02,N,2
IF,FF02,9.974744,98.492631,KT,0.0,0.0,2,1700,0,0,0,0,2,0
CF,MA02,10.021044,98.521811,0,KT,0.0,0.0,33.0,3.3,1,590,0,0,0,0,3,0
VA,0,330.0,2,2000,0,0,0,0,0,0
DF,KT,10.050008,98.540069,1, ,0.0,0.0,1,3500,0,0,0,0,0,0
HM,KT,10.050008,98.540069,2, ,0.0,0.0,240.0,04.3,0,0,0,0,0,0,0,0,0

