SID,EMON1A,03,2
CA,0,28.0,2,550,0,0,0,0,0,0
VI,0, ,0.0,313.0,0,0,0,0,0,0,0,0
FA,MKS,-5.037811,119.526189,0,MKS,0.0,0.0,358.0,2,8000,0,0,0,0,0,0
CI,2, ,0.0,118.0,0,0,0,0,0,0,0,0
IF,MKS,-5.037811,119.526189, ,0.0,0.0,0,0,0,0,0,0,0,0
TF,EMONA,-5.265000,124.216667,0, ,0.0,0.0,0.0,0.0,0,0,0,0,0,0,0,0

SID,EMON1B,21,2
VA,0,208.0,2,3000,0,0,0,0,0,0
DF,MKS,-5.037811,119.526189,2, ,0.0,0.0,2,8000,0,0,0,0,0,0
TF,EMONA,-5.265000,124.216667,0, ,0.0,0.0,0.0,0.0,0,0,0,0,0,0,0,0

SID,ENDO1A,03,2
CA,0,28.0,2,550,0,0,0,0,0,0
VI,1, ,0.0,218.0,0,0,0,0,0,0,0,0
CF,ENDOG,-5.876853,117.201508,0,MKS,248.1,147.9,248.0,146.0,0,0,0,0,0,0,0,0

SID,ENDO1B,21,2
VA,0,208.0,2,1000,0,0,0,0,0,0
VI,0, ,0.0,268.0,0,0,0,0,0,0,0,0
CF,ENDOG,-5.876853,117.201508,0,MKS,248.1,147.9,248.0,135.0,0,0,0,0,0,0,0,0

SID,GAMA1A,03,2
CA,0,28.0,2,550,0,0,0,0,0,0
CI,1, ,0.0,298.0,0,0,0,0,0,0,0,0
CF,GAMAL,-2.863750,118.038997,0,MKS,323.5,157.5,323.0,158.0,0,0,0,0,0,0,0,0

SID,GAMA1B,21,2
VA,0,208.0,2,1000,0,0,0,0,0,0
CI,2, ,0.0,348.0,0,0,0,0,0,0,0,0
CF,GAMAL,-2.863750,118.038997,0,MKS,323.5,157.5,323.0,148.0,0,0,0,0,0,0,0,0

SID,GURN1A,03,2
CA,0,28.0,2,550,0,0,0,0,0,0
VI,1, ,0.0,268.0,0,0,0,0,0,0,0,0
CF,GURNI,-3.980014,117.252264,0,MKS,292.8,150.2,293.0,149.0,0,0,0,0,0,0,0,0

SID,GURN1B,21,2
VA,0,208.0,2,1000,0,0,0,0,0,0
VI,2, ,0.0,318.0,0,0,0,0,0,0,0,0
CF,GURNI,-3.980014,117.252264,0,MKS,292.8,150.2,293.0,141.0,0,0,0,0,0,0,0,0

SID,HASAN1,31,2
DF,MKS,-5.037811,119.526189,0, ,0.0,0.0,2,800,0,0,0,0,0,0

SID,HASAN1,ENDOG,3
IF,MKS,-5.037811,119.526189, ,0.0,0.0,2,800,0,0,0,0,0,0
TF,00MK6,-5.181628,117.862067,0, ,0.0,0.0,0.0,0.0,0,0,0,0,0,0,0,0
VI,0, ,0.0,218.0,0,0,0,0,0,0,0,0
CF,ENDOG,-5.876853,117.201508,0,MKS,248.1,147.9,248.0,6.0,0,0,0,0,0,0,0,0

SID,HASAN1,GAMAL,3
IF,MKS,-5.037811,119.526189, ,0.0,0.0,2,800,0,0,0,0,0,0
TF,GAMAL,-2.863750,118.038997,0, ,0.0,0.0,0.0,0.0,0,0,0,0,0,0,0,0

SID,HASAN1,LIPOT,3
IF,MKS,-5.037811,119.526189, ,0.0,0.0,2,800,0,0,0,0,0,0
TF,00MK4,-6.125000,118.255000,0, ,0.0,0.0,0.0,0.0,0,0,0,0,0,0,0,0
TF,LIPOT,-6.680892,117.629933,0, ,0.0,0.0,0.0,0.0,0,0,0,0,0,0,0,0

SID,HASAN1,OVINA,3
IF,MKS,-5.037811,119.526189, ,0.0,0.0,2,800,0,0,0,0,0,0
TF,00MK6,-5.181628,117.862067,0, ,0.0,0.0,0.0,0.0,0,0,0,0,0,0,0,0
VI,0, ,0.0,227.0,0,0,0,0,0,0,0,0
CF,OVINA,-5.525992,117.067883,0,MKS,256.7,150.0,257.0,31.0,0,0,0,0,0,0,0,0

SID,HASAN2,31,2
VA,0,308.0,2,3000,0,0,0,0,0,0
DF,MKS,-5.037811,119.526189,1, ,0.0,0.0,2,9000,0,0,0,0,0,0

SID,HASAN2,KANIP,3
IF,MKS,-5.037811,119.526189, ,0.0,0.0,2,9000,0,0,0,0,0,0
TF,KANIP,-3.099836,121.118117,0, ,0.0,0.0,0.0,0.0,0,0,0,0,0,0,0,0

SID,HASAN2,MILAT,3
IF,MKS,-5.037811,119.526189, ,0.0,0.0,2,9000,0,0,0,0,0,0
TF,00MK1,-4.503333,121.108333,0, ,0.0,0.0,0.0,0.0,0,0,0,0,0,0,0,0
TF,MILAT,-4.260406,121.906986,0, ,0.0,0.0,0.0,0.0,0,0,0,0,0,0,0,0

SID,HASAN2,NABAT,3
IF,MKS,-5.037811,119.526189, ,0.0,0.0,2,9000,0,0,0,0,0,0
TF,00MK2,-4.803333,121.180000,0, ,0.0,0.0,0.0,0.0,0,0,0,0,0,0,0,0
TF,NABAT,-4.645472,121.999844,0, ,0.0,0.0,0.0,0.0,0,0,0,0,0,0,0,0

SID,HASAN2,NETTO,3
IF,MKS,-5.037811,119.526189, ,0.0,0.0,2,9000,0,0,0,0,0,0
TF,MK30G,-5.440486,119.825925,0, ,0.0,0.0,0.0,0.0,2,12000,0,0,0,0,0,0
TF,NETTO,-7.049467,121.029122,0, ,0.0,0.0,0.0,0.0,0,0,0,0,0,0,0,0

SID,HASAN2,RINTO,3
IF,MKS,-5.037811,119.526189, ,0.0,0.0,2,9000,0,0,0,0,0,0
TF,MK30F,-5.294919,119.956733,0, ,0.0,0.0,0.0,0.0,2,12000,0,0,0,0,0,0
TF,00MK3,-5.893333,120.963333,0, ,0.0,0.0,0.0,0.0,0,0,0,0,0,0,0,0
TF,RINTO,-6.320158,121.682581,0, ,0.0,0.0,0.0,0.0,0,0,0,0,0,0,0,0

SID,HASAN3,31,2
DF,MKS,-5.037811,119.526189,0, ,0.0,0.0,0,0,0,0,0,0,0,0
FA,MKS,-5.037811,119.526189,0,MKS,0.0,0.0,358.0,2,3000,0,0,0,0,0,0
VI,2, ,0.0,178.0,0,0,0,0,0,0,0,0
CF,MKS,-5.037811,119.526189,0,MKS,0.0,0.0,238.0,5.0,2,6000,0,0,0,0,0,0

SID,HASAN3,ENDOG,3
IF,MKS,-5.037811,119.526189, ,0.0,0.0,2,6000,0,0,0,0,0,0
TF,00MK4,-6.125000,118.255000,0, ,0.0,0.0,0.0,0.0,0,0,0,0,0,0,0,0
VI,0, ,0.0,293.0,0,0,0,0,0,0,0,0
CF,ENDOG,-5.876853,117.201508,0,MKS,248.1,147.9,248.0,18.0,0,0,0,0,0,0,0,0

SID,HASAN3,LIPOT,3
IF,MKS,-5.037811,119.526189, ,0.0,0.0,2,6000,0,0,0,0,0,0
TF,00MK4,-6.125000,118.255000,0, ,0.0,0.0,0.0,0.0,0,0,0,0,0,0,0,0
TF,LIPOT,-6.680892,117.629933,0, ,0.0,0.0,0.0,0.0,0,0,0,0,0,0,0,0

SID,HASAN3,OVINA,3
IF,MKS,-5.037811,119.526189, ,0.0,0.0,2,6000,0,0,0,0,0,0
TF,00MK4,-6.125000,118.255000,0, ,0.0,0.0,0.0,0.0,0,0,0,0,0,0,0,0
VI,0, ,0.0,302.0,0,0,0,0,0,0,0,0
CF,OVINA,-5.525992,117.067883,0,MKS,256.7,150.0,257.0,12.0,0,0,0,0,0,0,0,0

SID,HASAN4,31,2
DF,MKS,-5.037811,119.526189,0, ,0.0,0.0,0,0,0,0,0,0,0,0
FA,MKS,-5.037811,119.526189,0,MKS,0.0,0.0,358.0,2,6000,0,0,0,0,0,0
VI,0, ,0.0,293.0,0,0,0,0,0,0,0,0
CF,GAMAL,-2.863750,118.038997,0,MKS,323.5,157.5,323.0,138.0,0,0,0,0,0,0,0,0

SID,KANI1A,03,2
CA,0,28.0,2,550,0,0,0,0,0,0
VI,0, ,0.0,313.0,0,0,0,0,0,0,0,0
FA,MKS,-5.037811,119.526189,0,MKS,0.0,0.0,358.0,2,8000,0,0,0,0,0,0
CI,0, ,0.0,68.0,0,0,0,0,0,0,0,0
CF,KANIP,-3.099836,121.118117,0,MKS,37.6,150.0,38.0,122.0,0,0,0,0,0,0,0,0

SID,KANI1B,21,2
VA,0,208.0,2,3000,0,0,0,0,0,0
DF,MKS,-5.037811,119.526189,2, ,0.0,0.0,2,8000,0,0,0,0,0,0
TF,KANIP,-3.099836,121.118117,0, ,0.0,0.0,0.0,0.0,0,0,0,0,0,0,0,0

SID,KEND1A,03,2
CA,0,28.0,2,550,0,0,0,0,0,0
VI,0, ,0.0,313.0,0,0,0,0,0,0,0,0
FA,MKS,-5.037811,119.526189,0,MKS,0.0,0.0,358.0,2,8000,0,0,0,0,0,0
CI,2, ,0.0,88.0,0,0,0,0,0,0,0,0
CF,KENDO,-3.280631,122.463878,0,KDI,358.8,47.5,57.0,170.0,0,0,0,0,0,0,0,0

SID,KEND1B,21,2
VA,0,208.0,2,3000,0,0,0,0,0,0
DF,MKS,-5.037811,119.526189,2, ,0.0,0.0,2,8000,0,0,0,0,0,0
TF,KENDO,-3.280631,122.463878,0, ,0.0,0.0,0.0,0.0,0,0,0,0,0,0,0,0

SID,KEVO1A,03,2
CA,0,28.0,2,550,0,0,0,0,0,0
VI,1, ,0.0,268.0,0,0,0,0,0,0,0,0
IF,MKS,-5.037811,119.526189, ,0.0,0.0,0,0,0,0,0,0,0,0
TF,KEVOK,-4.340933,114.941739,0, ,0.0,0.0,0.0,0.0,0,0,0,0,0,0,0,0

SID,KEVO1B,21,2
VA,0,208.0,2,1000,0,0,0,0,0,0
VI,2, ,0.0,298.0,0,0,0,0,0,0,0,0
IF,MKS,-5.037811,119.526189, ,0.0,0.0,0,0,0,0,0,0,0,0
TF,KEVOK,-4.340933,114.941739,0, ,0.0,0.0,0.0,0.0,0,0,0,0,0,0,0,0

SID,LIPO1A,03,2
CA,0,28.0,2,550,0,0,0,0,0,0
VI,1, ,0.0,208.0,0,0,0,0,0,0,0,0
CF,LIPOT,-6.680892,117.629933,0,MKS,227.0,149.9,227.0,146.0,0,0,0,0,0,0,0,0

SID,LIPO1B,21,2
VA,0,208.0,2,1000,0,0,0,0,0,0
VI,0, ,0.0,248.0,0,0,0,0,0,0,0,0
CF,LIPOT,-6.680892,117.629933,0,MKS,227.0,149.9,227.0,140.0,0,0,0,0,0,0,0,0

SID,MILA1A,03,2
CA,0,28.0,2,550,0,0,0,0,0,0
VI,0, ,0.0,313.0,0,0,0,0,0,0,0,0
FA,MKS,-5.037811,119.526189,0,MKS,0.0,0.0,358.0,2,8000,0,0,0,0,0,0
CI,2, ,0.0,98.0,0,0,0,0,0,0,0,0
CF,MILAT,-4.260406,121.906986,0,MKS,70.1,150.0,70.0,113.0,0,0,0,0,0,0,0,0

SID,MILA1B,21,2
VA,0,208.0,2,3000,0,0,0,0,0,0
DF,MKS,-5.037811,119.526189,2, ,0.0,0.0,2,8000,0,0,0,0,0,0
TF,MILAT,-4.260406,121.906986,0, ,0.0,0.0,0.0,0.0,0,0,0,0,0,0,0,0

SID,NABA1A,03,2
CA,0,28.0,2,550,0,0,0,0,0,0
VI,0, ,0.0,313.0,0,0,0,0,0,0,0,0
FA,MKS,-5.037811,119.526189,0,MKS,0.0,0.0,358.0,2,8000,0,0,0,0,0,0
CI,2, ,0.0,108.0,0,0,0,0,0,0,0,0
CF,NABAT,-4.645472,121.999844,0,MKS,79.1,150.0,79.0,114.0,0,0,0,0,0,0,0,0

SID,NABA1B,21,2
VA,0,208.0,2,3000,0,0,0,0,0,0
DF,MKS,-5.037811,119.526189,2, ,0.0,0.0,2,8000,0,0,0,0,0,0
TF,NABAT,-4.645472,121.999844,0, ,0.0,0.0,0.0,0.0,0,0,0,0,0,0,0,0

SID,NETO1A,03,2
VR,0,MKS,57.0,28.0,2,1000,0,0,0,0,0,0
VR,0,MKS,334.0,299.0,0,0,0,0,0,0,0,0
VI,1, ,0.0,149.0,0,0,0,0,0,0,0,0
CF,MKS,-5.037811,119.526189,0,MKS,0.0,0.0,119.0,7.0,2,8000,0,0,0,0,0,0
TF,D141T,-5.306278,119.725969,0, ,0.0,0.0,0.0,0.0,2,12000,0,0,0,0,0,0
TF,NETTO,-7.049467,121.029122,0, ,0.0,0.0,0.0,0.0,0,0,0,0,0,0,0,0

SID,NETO1B,21,2
VA,0,208.0,2,3000,0,0,0,0,0,0
DF,MKS,-5.037811,119.526189,2, ,0.0,0.0,2,8000,0,0,0,0,0,0
TF,D141T,-5.306278,119.725969,0, ,0.0,0.0,0.0,0.0,2,12000,0,0,0,0,0,0
TF,NETTO,-7.049467,121.029122,0, ,0.0,0.0,0.0,0.0,0,0,0,0,0,0,0,0

SID,OVIN1A,03,2
CA,0,28.0,2,550,0,0,0,0,0,0
VI,1, ,0.0,228.0,0,0,0,0,0,0,0,0
CF,OVINA,-5.525992,117.067883,0,MKS,256.7,150.0,257.0,147.0,0,0,0,0,0,0,0,0

SID,OVIN1B,21,2
VA,0,208.0,2,1000,0,0,0,0,0,0
VI,0, ,0.0,278.0,0,0,0,0,0,0,0,0
CF,OVINA,-5.525992,117.067883,0,MKS,256.7,150.0,257.0,140.0,0,0,0,0,0,0,0,0

SID,RINT1A,03,2
VR,0,MKS,57.0,28.0,2,1000,0,0,0,0,0,0
VR,0,MKS,334.0,299.0,0,0,0,0,0,0,0,0
VI,1, ,0.0,149.0,0,0,0,0,0,0,0,0
CF,MKS,-5.037811,119.526189,0,MKS,0.0,0.0,119.0,7.0,2,8000,0,0,0,0,0,0
TF,D119T,-5.209250,119.813178,0, ,0.0,0.0,0.0,0.0,2,12000,0,0,0,0,0,0
TF,RINTO,-6.320158,121.682581,0, ,0.0,0.0,0.0,0.0,0,0,0,0,0,0,0,0

SID,RINT1B,21,2
VA,0,208.0,2,3000,0,0,0,0,0,0
DF,MKS,-5.037811,119.526189,2, ,0.0,0.0,2,8000,0,0,0,0,0,0
TF,D119T,-5.209250,119.813178,0, ,0.0,0.0,0.0,0.0,2,12000,0,0,0,0,0,0
TF,RINTO,-6.320158,121.682581,0, ,0.0,0.0,0.0,0.0,0,0,0,0,0,0,0,0

SID,RUDA1A,03,2
CA,0,28.0,2,550,0,0,0,0,0,0
VI,0, ,0.0,328.0,0,0,0,0,0,0,0,0
CF,RUDAL,-2.662464,118.711906,0,MKS,339.0,150.0,339.0,147.0,0,0,0,0,0,0,0,0

SID,RUDA1B,21,2
VA,0,208.0,2,1000,0,0,0,0,0,0
VI,2, ,0.0,358.0,0,0,0,0,0,0,0,0
CF,RUDAL,-2.662464,118.711906,0,MKS,339.0,150.0,339.0,142.0,0,0,0,0,0,0,0,0

STAR,ALFA,ALL,2
IF,RUDAL,-2.662464,118.711906, ,0.0,0.0,0,0,0,0,0,0,0,0
TF,MKS,-5.037811,119.526189,0, ,0.0,0.0,0.0,0.0,0,0,0,0,0,0,0,0

STAR,BRAVO,ALL,2
IF,KANIP,-3.099836,121.118117, ,0.0,0.0,0,0,0,0,0,0,0,0
TF,MKS,-5.037811,119.526189,0, ,0.0,0.0,0.0,0.0,0,0,0,0,0,0,0,0

STAR,CHARLI,ALL,2
IF,MILAT,-4.260406,121.906986, ,0.0,0.0,0,0,0,0,0,0,0,0
TF,00MK1,-4.503333,121.108333,0, ,0.0,0.0,0.0,0.0,0,0,0,0,0,0,0,0
TF,MK60A,-4.460939,120.346333,0, ,0.0,0.0,0.0,0.0,0,0,0,0,0,0,0,0
TF,MKS,-5.037811,119.526189,0, ,0.0,0.0,0.0,0.0,0,0,0,0,0,0,0,0

STAR,DELTA,NABAT,1
IF,NABAT,-4.645472,121.999844, ,0.0,0.0,0,0,0,0,0,0,0,0
TF,00MK2,-4.803333,121.180000,0, ,0.0,0.0,0.0,0.0,0,0,0,0,0,0,0,0
TF,MK60B,-5.228794,120.510131,0, ,0.0,0.0,0.0,0.0,0,0,0,0,0,0,0,0

STAR,DELTA,RINTO,1
IF,RINTO,-6.320158,121.682581, ,0.0,0.0,0,0,0,0,0,0,0,0
TF,00MK3,-5.893333,120.963333,0, ,0.0,0.0,0.0,0.0,0,0,0,0,0,0,0,0
TF,MK60B,-5.228794,120.510131,0, ,0.0,0.0,0.0,0.0,0,0,0,0,0,0,0,0

STAR,DELTA,ALL,2
IF,MK60B,-5.228794,120.510131, ,0.0,0.0,0,0,0,0,0,0,0,0
TF,MKS,-5.037811,119.526189,0, ,0.0,0.0,0.0,0.0,0,0,0,0,0,0,0,0

STAR,ECHO,LIPOT,1
IF,LIPOT,-6.680892,117.629933, ,0.0,0.0,0,0,0,0,0,0,0,0
TF,00MK4,-6.125000,118.255000,0, ,0.0,0.0,0.0,0.0,0,0,0,0,0,0,0,0
TF,MK60C,-5.380794,118.584050,0, ,0.0,0.0,0.0,0.0,0,0,0,0,0,0,0,0

STAR,ECHO,OVINA,1
IF,OVINA,-5.525992,117.067883, ,0.0,0.0,0,0,0,0,0,0,0,0
TF,00MK5,-5.338333,117.883333,0, ,0.0,0.0,0.0,0.0,0,0,0,0,0,0,0,0
TF,MK60C,-5.380794,118.584050,0, ,0.0,0.0,0.0,0.0,0,0,0,0,0,0,0,0

STAR,ECHO,ALL,2
IF,MK60C,-5.380794,118.584050, ,0.0,0.0,0,0,0,0,0,0,0,0
TF,MKS,-5.037811,119.526189,0, ,0.0,0.0,0.0,0.0,0,0,0,0,0,0,0,0

STAR,EMON1C,03,2
IF,EMONA,-5.265000,124.216667, ,0.0,0.0,0,0,0,0,0,0,0,0
TF,MKS,-5.037811,119.526189,0, ,0.0,0.0,0.0,0.0,1,9000,0,0,0,0,0,0
TF,BADOK,-5.292931,119.428325,0, ,0.0,0.0,0.0,0.0,1,4000,0,0,0,0,0,0

STAR,EMON1D,21,2
IF,EMONA,-5.265000,124.216667, ,0.0,0.0,0,0,0,0,0,0,0,0
TF,MK30E,-5.063692,120.026564,0, ,0.0,0.0,0.0,0.0,0,0,0,0,0,0,0,0
TF,COPAK,-4.779133,119.590933,0, ,0.0,0.0,0.0,0.0,1,8000,0,0,0,0,0,0

STAR,ENDO1C,03,2
IF,ENDOG,-5.876853,117.201508, ,0.0,0.0,0,0,0,0,0,0,0,0
TF,MK30I,-5.208781,119.054994,0, ,0.0,0.0,0.0,0.0,3,6000,0,0,0,0,0,0
TF,BADOK,-5.292931,119.428325,0, ,0.0,0.0,0.0,0.0,1,4000,0,0,0,0,0,0

STAR,ENDO1D,21,2
IF,ENDOG,-5.876853,117.201508, ,0.0,0.0,0,0,0,0,0,0,0,0
TF,MK30I,-5.208781,119.054994,0, ,0.0,0.0,0.0,0.0,3,8000,0,0,0,0,0,0
TF,MKS,-5.037811,119.526189,0, ,0.0,0.0,0.0,0.0,1,5000,0,0,0,0,0,0
TF,COPAK,-4.779133,119.590933,0, ,0.0,0.0,0.0,0.0,0,0,0,0,0,0,0,0

STAR,GAMA1C,03,2
IF,GAMAL,-2.863750,118.038997, ,0.0,0.0,0,0,0,0,0,0,0,0
TF,MK30M,-4.623897,119.242258,0, ,0.0,0.0,0.0,0.0,3,8000,0,0,0,0,0,0
TF,MKS,-5.037811,119.526189,0, ,0.0,0.0,0.0,0.0,0,0,0,0,0,0,0,0
TF,BADOK,-5.292931,119.428325,0, ,0.0,0.0,0.0,0.0,1,4000,0,0,0,0,0,0

STAR,GAMA1D,21,2
IF,GAMAL,-2.863750,118.038997, ,0.0,0.0,0,0,0,0,0,0,0,0
TF,MK30M,-4.623897,119.242258,0, ,0.0,0.0,0.0,0.0,3,6000,0,0,0,0,0,0
TF,COPAK,-4.779133,119.590933,0, ,0.0,0.0,0.0,0.0,1,5000,0,0,0,0,0,0

STAR,GURN1C,03,2
IF,GURNI,-3.980014,117.252264, ,0.0,0.0,0,0,0,0,0,0,0,0
TF,MK30L,-4.827094,119.071419,0, ,0.0,0.0,0.0,0.0,3,6000,0,0,0,0,0,0
TF,BADOK,-5.292931,119.428325,0, ,0.0,0.0,0.0,0.0,1,4000,0,0,0,0,0,0

STAR,GURN1D,21,2
IF,GURNI,-3.980014,117.252264, ,0.0,0.0,0,0,0,0,0,0,0,0
TF,MK30L,-4.827094,119.071419,0, ,0.0,0.0,0.0,0.0,3,6000,0,0,0,0,0,0
TF,COPAK,-4.779133,119.590933,0, ,0.0,0.0,0.0,0.0,1,5000,0,0,0,0,0,0

STAR,KANI1C,03,2
IF,KANIP,-3.099836,121.118117, ,0.0,0.0,0,0,0,0,0,0,0,0
TF,MKS,-5.037811,119.526189,0, ,0.0,0.0,0.0,0.0,1,8000,0,0,0,0,0,0
TF,BADOK,-5.292931,119.428325,0, ,0.0,0.0,0.0,0.0,1,4000,0,0,0,0,0,0

STAR,KANI1D,21,2
IF,KANIP,-3.099836,121.118117, ,0.0,0.0,0,0,0,0,0,0,0,0
TF,MK30A,-4.650475,119.845222,0, ,0.0,0.0,0.0,0.0,0,0,0,0,0,0,0,0
TF,COPAK,-4.779133,119.590933,0, ,0.0,0.0,0.0,0.0,1,8000,0,0,0,0,0,0

STAR,KEND1C,03,2
IF,KENDO,-3.280631,122.463878, ,0.0,0.0,0,0,0,0,0,0,0,0
TF,MKS,-5.037811,119.526189,0, ,0.0,0.0,0.0,0.0,1,8000,0,0,0,0,0,0
TF,BADOK,-5.292931,119.428325,0, ,0.0,0.0,0.0,0.0,1,4000,0,0,0,0,0,0

STAR,KEND1D,21,2
IF,KENDO,-3.280631,122.463878, ,0.0,0.0,0,0,0,0,0,0,0,0
TF,MK30B,-4.781375,119.956967,0, ,0.0,0.0,0.0,0.0,0,0,0,0,0,0,0,0
TF,COPAK,-4.779133,119.590933,0, ,0.0,0.0,0.0,0.0,1,8000,0,0,0,0,0,0

STAR,KEVO1C,03,2
IF,KEVOK,-4.340933,114.941739, ,0.0,0.0,0,0,0,0,0,0,0,0
TF,MK30K,-4.964025,119.030617,0, ,0.0,0.0,0.0,0.0,3,6000,0,0,0,0,0,0
TF,BADOK,-5.292931,119.428325,0, ,0.0,0.0,0.0,0.0,1,4000,0,0,0,0,0,0

STAR,KEVO1D,21,2
IF,KEVOK,-4.340933,114.941739, ,0.0,0.0,0,0,0,0,0,0,0,0
TF,MK30K,-4.964025,119.030617,0, ,0.0,0.0,0.0,0.0,3,6000,0,0,0,0,0,0
TF,COPAK,-4.779133,119.590933,0, ,0.0,0.0,0.0,0.0,1,5000,0,0,0,0,0,0

STAR,LIPO1C,03,2
IF,LIPOT,-6.680892,117.629933, ,0.0,0.0,0,0,0,0,0,0,0,0
TF,MK30H,-5.367069,119.147642,0, ,0.0,0.0,0.0,0.0,3,6000,0,0,0,0,0,0
TF,BADOK,-5.292931,119.428325,0, ,0.0,0.0,0.0,0.0,1,4000,0,0,0,0,0,0

STAR,LIPO1D,21,2
IF,LIPOT,-6.680892,117.629933, ,0.0,0.0,0,0,0,0,0,0,0,0
TF,MK30H,-5.367069,119.147642,0, ,0.0,0.0,0.0,0.0,3,8000,0,0,0,0,0,0
TF,MKS,-5.037811,119.526189,0, ,0.0,0.0,0.0,0.0,1,5000,0,0,0,0,0,0
TF,COPAK,-4.779133,119.590933,0, ,0.0,0.0,0.0,0.0,0,0,0,0,0,0,0,0

STAR,MILA1C,03,2
IF,MILAT,-4.260406,121.906986, ,0.0,0.0,0,0,0,0,0,0,0,0
TF,MKS,-5.037811,119.526189,0, ,0.0,0.0,0.0,0.0,1,8000,0,0,0,0,0,0
TF,BADOK,-5.292931,119.428325,0, ,0.0,0.0,0.0,0.0,1,4000,0,0,0,0,0,0

STAR,MILA1D,21,2
IF,MILAT,-4.260406,121.906986, ,0.0,0.0,0,0,0,0,0,0,0,0
TF,MK30C,-4.882981,120.002781,0, ,0.0,0.0,0.0,0.0,0,0,0,0,0,0,0,0
TF,COPAK,-4.779133,119.590933,0, ,0.0,0.0,0.0,0.0,1,8000,0,0,0,0,0,0

STAR,NABA1C,03,2
IF,NABAT,-4.645472,121.999844, ,0.0,0.0,0,0,0,0,0,0,0,0
TF,MKS,-5.037811,119.526189,0, ,0.0,0.0,0.0,0.0,1,9000,0,0,0,0,0,0
TF,BADOK,-5.292931,119.428325,0, ,0.0,0.0,0.0,0.0,1,4000,0,0,0,0,0,0

STAR,NABA1D,21,2
IF,NABAT,-4.645472,121.999844, ,0.0,0.0,0,0,0,0,0,0,0,0
TF,MK30D,-4.960069,120.021156,0, ,0.0,0.0,0.0,0.0,0,0,0,0,0,0,0,0
TF,COPAK,-4.779133,119.590933,0, ,0.0,0.0,0.0,0.0,1,8000,0,0,0,0,0,0

STAR,NETO1C,03,2
IF,NETTO,-7.049467,121.029122, ,0.0,0.0,0,0,0,0,0,0,0,0
TF,MK30G,-5.440486,119.825925,0, ,0.0,0.0,0.0,0.0,1,12000,0,0,0,0,0,0
TF,BADOK,-5.292931,119.428325,0, ,0.0,0.0,0.0,0.0,1,4000,0,0,0,0,0,0

STAR,NETO1D,21,2
IF,NETTO,-7.049467,121.029122, ,0.0,0.0,0,0,0,0,0,0,0,0
TF,D141Y,-5.373383,119.775942,0, ,0.0,0.0,0.0,0.0,2,12000,0,0,0,0,0,0
TF,MKS,-5.037811,119.526189,0, ,0.0,0.0,0.0,0.0,1,8000,0,0,0,0,0,0
TF,COPAK,-4.779133,119.590933,0, ,0.0,0.0,0.0,0.0,1,5000,0,0,0,0,0,0

STAR,OVIN1C,03,2
IF,OVINA,-5.525992,117.067883, ,0.0,0.0,0,0,0,0,0,0,0,0
TF,MK30J,-5.136219,119.034822,0, ,0.0,0.0,0.0,0.0,3,6000,0,0,0,0,0,0
TF,BADOK,-5.292931,119.428325,0, ,0.0,0.0,0.0,0.0,1,4000,0,0,0,0,0,0

STAR,OVIN1D,21,2
IF,OVINA,-5.525992,117.067883, ,0.0,0.0,0,0,0,0,0,0,0,0
TF,MK30J,-5.136219,119.034822,0, ,0.0,0.0,0.0,0.0,3,8000,0,0,0,0,0,0
TF,MKS,-5.037811,119.526189,0, ,0.0,0.0,0.0,0.0,1,5000,0,0,0,0,0,0
TF,COPAK,-4.779133,119.590933,0, ,0.0,0.0,0.0,0.0,0,0,0,0,0,0,0,0

STAR,RINT1C,03,2
IF,RINTO,-6.320158,121.682581, ,0.0,0.0,0,0,0,0,0,0,0,0
TF,MK30F,-5.294919,119.956733,0, ,0.0,0.0,0.0,0.0,1,12000,0,0,0,0,0,0
TF,D141S,-5.294072,119.716881,0, ,0.0,0.0,0.0,0.0,1,12000,0,0,0,0,0,0
TF,BADOK,-5.292931,119.428325,0, ,0.0,0.0,0.0,0.0,1,4000,0,0,0,0,0,0

STAR,RINT1D,21,2
IF,RINTO,-6.320158,121.682581, ,0.0,0.0,0,0,0,0,0,0,0,0
TF,D119Y,-5.252089,119.884950,0, ,0.0,0.0,0.0,0.0,2,12000,0,0,0,0,0,0
TF,MKS,-5.037811,119.526189,0, ,0.0,0.0,0.0,0.0,1,8000,0,0,0,0,0,0
TF,COPAK,-4.779133,119.590933,0, ,0.0,0.0,0.0,0.0,1,5000,0,0,0,0,0,0

STAR,RUDA1C,03,2
IF,RUDAL,-2.662464,118.711906, ,0.0,0.0,0,0,0,0,0,0,0,0
TF,MK30N,-4.562808,119.362944,0, ,0.0,0.0,0.0,0.0,3,8000,0,0,0,0,0,0
TF,MKS,-5.037811,119.526189,0, ,0.0,0.0,0.0,0.0,0,0,0,0,0,0,0,0
TF,BADOK,-5.292931,119.428325,0, ,0.0,0.0,0.0,0.0,1,4000,0,0,0,0,0,0

STAR,RUDA1D,21,2
IF,RUDAL,-2.662464,118.711906, ,0.0,0.0,0,0,0,0,0,0,0,0
TF,MK30N,-4.562808,119.362944,0, ,0.0,0.0,0.0,0.0,3,6000,0,0,0,0,0,0
TF,COPAK,-4.779133,119.590933,0, ,0.0,0.0,0.0,0.0,1,5000,0,0,0,0,0,0

APPTR,D03,03,BADOK
IF,BADOK,-5.292931,119.428325, ,0.0,0.0,2,4000,0,0,0,0,1,0
TF,CD03,-5.238025,119.460114,0, ,0.0,0.0,0.0,0.0,2,2800,0,0,0,0,1,0

FINAL,D03,03,D,3
IF,CD03,-5.238025,119.460114,MAK,209.0,12.8,2,2800,0,0,0,0,0,0
CF,FD03,-5.180014,119.493533,0,MAK,209.0,8.8,29.0,4.0,2,2000,0,0,0,0,2,0
CF,RW03,-5.092286,119.544031,0,MAK,209.0,2.8,29.0,6.0,1,90,0,0,0,0,3,0
CF,MAK,-5.052383,119.567036,0,MAK,0.0,0.0,29.0,2.8,0,0,0,0,0,0,0,1
TF,COPAK,-4.779133,119.590933,0, ,0.0,0.0,0.0,0.0,2,5000,0,0,0,0,0,0
HM,COPAK,-4.779133,119.590933,2, ,0.0,0.0,184.0,04.3,0,0,0,0,0,0,0,0,0

APPTR,D13,13,MKS
IF,MKS,-5.037811,119.526189, ,0.0,0.0,2,10000,0,0,0,0,0,0
FD,MKS,-5.037811,119.526189,0,MKS,0.0,8.4,276.0,8.4,0,0,0,0,0,0,0,0
CF,FD13,-4.953136,119.414161,2,MKS,306.0,8.4,126.0,1.0,2,3000,0,0,0,0,0,0

FINAL,D13,13,D,5
IF,FD13,-4.953136,119.414161,MKS,306.0,8.4,2,3000,0,0,0,0,2,0
CF,60VOR,-4.977331,119.446167,0,MKS,306.0,6.0,126.0,2.4,2,2340,0,0,0,0,0,0
CF,40VOR,-4.997492,119.472839,0,MKS,306.0,4.0,126.0,2.0,2,1754,0,0,0,0,0,0
CF,20VOR,-5.017650,119.499511,0,MKS,306.0,2.0,126.0,2.0,2,1174,0,0,0,0,0,0
CF,MKS,-5.037811,119.526189,0,MKS,0.0,0.0,126.0,2.0,1,556,0,0,0,0,3,0
VM,0,0,1,306.0,2,2500,0,0,0,0,0,0

APPTR,D21,21,COPAK
IF,COPAK,-4.779133,119.590933, ,0.0,0.0,2,5000,0,0,0,0,1,0
TF,D012L,-4.856558,119.612106,0, ,0.0,0.0,0.0,0.0,0,0,0,0,0,0,0,0
TF,CD21,-4.937797,119.632994,0, ,0.0,0.0,0.0,0.0,2,2500,0,0,0,0,1,0

FINAL,D21,21,D,3
IF,CD21,-4.937797,119.632994,MAK,29.0,7.9,2,2500,0,0,0,0,0,0
CF,FD21,-4.995817,119.599600,0,MAK,29.0,3.9,209.0,4.0,2,1700,0,0,0,0,2,0
CF,RW21,-5.068031,119.558014,0,MAK,209.0,1.1,209.0,5.0,1,93,0,0,0,0,3,0
CF,BADOK,-5.292931,119.428325,0,MAK,209.0,16.6,209.0,15.5,2,4000,0,0,0,0,0,0
HM,BADOK,-5.292931,119.428325,1, ,0.0,0.0,29.0,04.3,0,0,0,0,0,0,0,0,0

APPTR,I03,03,BADOK
IF,BADOK,-5.292931,119.428325, ,0.0,0.0,2,4000,0,0,0,0,1,0
CF,CI03,-5.237961,119.460008,0,IUJP,209.0,12.0,29.0,3.8,2,2800,0,0,0,0,1,0

FINAL,I03,03,I,3
IF,CI03,-5.237961,119.460008,IUJP,209.0,12.0,2,2800,0,0,0,0,0,0
CF,FI03,-5.179969,119.493461,0,IUJP,209.0,8.0,29.0,4.0,1,2000,0,0,0,0,2,0
CF,RW03,-5.092286,119.544031,0,IUJP,209.0,1.9,29.0,6.1,1,90,0,0,0,0,3,0
CF,MAK,-5.052383,119.567036,0,MAK,0.0,0.0,29.0,2.8,0,0,0,0,0,0,0,0
TF,COPAK,-4.779133,119.590933,0, ,0.0,0.0,0.0,0.0,2,5000,0,0,0,0,0,0
HM,COPAK,-4.779133,119.590933,2, ,0.0,0.0,184.0,04.3,2,5000,0,0,0,0,0,0,0

FINAL,I13,13,I,3
IF,CF13,-4.972233,119.450250,IUPG,309.7,9.0,2,1500,0,0,0,0,0,0
CF,FF13,-5.001597,119.484322,0,IUPG,309.7,6.3,129.0,2.7,1,1500,0,0,0,0,2,0
CF,RW13,-5.054289,119.545478,0,IUPG,309.7,1.5,129.0,4.8,1,94,0,0,0,0,3,0
CA,0,129.0,2,550,0,0,0,0,0,0
VM,0,0,1,309.0,2,2500,0,0,0,0,0,0

APPTR,I21,21,COPAK
IF,COPAK,-4.779133,119.590933, ,0.0,0.0,2,5000,0,0,0,0,1,0
TF,D012L,-4.856558,119.612106,0, ,0.0,0.0,0.0,0.0,0,0,0,0,0,0,0,0
CF,CI21,-4.937831,119.633050,0,IMAK,29.0,10.8,164.0,5.0,2,2500,0,0,0,0,1,0

FINAL,I21,21,I,3
IF,CI21,-4.937831,119.633050,IMAK,29.0,10.8,2,2500,0,0,0,0,0,0
CF,FI21,-4.995831,119.599628,0,IMAK,29.0,6.8,209.0,4.0,1,1700,0,0,0,0,2,0
CF,RW21,-5.068031,119.558014,0,IMAK,29.0,1.8,209.0,5.0,1,93,0,0,0,0,3,0
CF,BADOK,-5.292931,119.428325,0,MAK,209.0,16.6,209.0,15.5,2,4000,0,0,0,0,0,0
HM,BADOK,-5.292931,119.428325,1, ,0.0,0.0,29.0,04.3,2,4000,0,0,0,0,0,0,0

FINAL,L13,13,D,3
IF,CF13,-4.972233,119.450250,IUPG,309.7,9.0,2,1500,0,0,0,0,0,0
CF,FF13,-5.001597,119.484322,0,IUPG,309.7,6.3,129.0,2.7,2,1500,0,0,0,0,2,0
CF,MM13,-5.048194,119.538417,0,IUPG,309.7,2.0,129.0,4.3,1,267,0,0,0,0,3,0
CA,0,129.0,2,550,0,0,0,0,0,0
VM,0,0,1,309.0,2,2500,0,0,0,0,0,0

APPTR,N13,13,OJ
IF,OJ,-5.082456,119.518792, ,0.0,0.0,2,12000,0,0,0,0,0,0
FC,OJ,-5.082456,119.518792,0,MKS,0.0,0.0,264.0,7.0,0,0,0,0,0,0,0,1
CF,FN13,-5.148161,119.425189,1,MKS,221.9,9.0,54.0,1.0,2,3000,0,0,0,0,0,0

FINAL,N13,13,N,2
IF,FN13,-5.148161,119.425189,OJ,0.0,0.0,2,3000,0,0,0,0,2,0
CF,OJ,-5.082456,119.518792,0,OJ,0.0,0.0,54.0,6.8,1,833,0,0,0,0,3,0
VA,1,234.0,2,2500,0,0,0,0,0,0

