SID,BDM1A,13,2
VA,0,130.0,2,1500,0,0,0,0,0,0
CI,0, ,0.0,109.0,0,0,0,0,0,0,0,0
CF,BDM,-3.436800,114.731486,0,SPT,117.0,119.6,117.0,114.0,0,0,0,0,0,0,0,0

SID,BDM1B,31,2
VA,0,310.0,2,1500,0,0,0,0,0,0
CI,2, ,0.0,159.0,0,0,0,0,0,0,0,0
CF,BDM,-3.436800,114.731486,0,SPT,117.0,119.6,117.0,116.0,0,0,0,0,0,0,0,0

SID,LAMU1E,13,2
VA,0,130.0,2,1500,0,0,0,0,0,0
VI,0, ,0.0,130.0,0,0,0,0,0,0,0,0
CF,LAMUD,-3.040322,112.308506,2,SPT,229.8,51.3,243.0,55.0,0,0,0,0,0,0,0,0

SID,LAMU1F,31,2
VA,0,310.0,2,1500,0,0,0,0,0,0
CI,1, ,0.0,199.0,0,0,0,0,0,0,0,0
CF,LAMUD,-3.040322,112.308506,0,SPT,229.8,51.3,243.0,32.0,0,0,0,0,0,0,0,0

SID,NOMA1C,13,2
VA,0,130.0,2,1500,0,0,0,0,0,0
CI,1, ,0.0,312.0,0,0,0,0,0,0,0,0
CF,NOMAD,-1.467931,111.590325,0,SPT,305.5,103.3,301.0,82.0,0,0,0,0,0,0,0,0

SID,NOMA1D,31,2
VA,0,310.0,2,1500,0,0,0,0,0,0
CI,0, ,0.0,324.0,0,0,0,0,0,0,0,0
CF,NOMAD,-1.467931,111.590325,0,SPT,305.5,103.3,301.0,83.0,0,0,0,0,0,0,0,0

SID,PKN1A,13,2
VA,0,130.0,2,1500,0,0,0,0,0,0
CI,2, ,0.0,303.0,0,0,0,0,0,0,0,0
CF,PKN,-2.718472,111.687708,0,SPT,259.3,78.2,259.0,72.0,0,0,0,0,0,0,0,0

SID,PKN1B,31,2
VA,0,310.0,2,1500,0,0,0,0,0,0
CI,1, ,0.0,214.0,0,0,0,0,0,0,0,0
CF,PKN,-2.718472,111.687708,0,SPT,259.3,78.2,259.0,72.0,0,0,0,0,0,0,0,0

SID,PKY1A,13,2
VA,0,130.0,2,1500,0,0,0,0,0,0
CI,1, ,0.0,30.0,0,0,0,0,0,0,0,0
CF,PKY,-2.243483,113.949067,0,SPT,74.5,60.7,74.0,55.0,0,0,0,0,0,0,0,0

SID,PKY1B,31,2
VA,0,310.0,2,1500,0,0,0,0,0,0
CI,2, ,0.0,119.0,0,0,0,0,0,0,0,0
CF,PKY,-2.243483,113.949067,0,SPT,74.5,60.7,74.0,55.0,0,0,0,0,0,0,0,0

SID,SBR1A,13,2
VA,0,130.0,2,1500,0,0,0,0,0,0
CI,2, ,0.0,226.0,0,0,0,0,0,0,0,0
CF,SBR,-7.373939,112.771219,0,SBR,0.0,0.0,181.0,285.0,0,0,0,0,0,0,0,0

SID,SBR1B,31,2
VA,0,310.0,2,1500,0,0,0,0,0,0
CI,1, ,0.0,137.0,0,0,0,0,0,0,0,0
CF,SBR,-7.373939,112.771219,0,SBR,0.0,0.0,181.0,290.0,0,0,0,0,0,0,0,0

STAR,BDM1C,13,2
IF,BDM,-3.436800,114.731486, ,0.0,0.0,0,0,0,0,0,0,0,0
TF,SP30B,-2.733389,113.412511,0, ,0.0,0.0,0.0,0.0,0,0,0,0,0,0,0,0
TF,SPT,-2.497569,112.971331,0, ,0.0,0.0,0.0,0.0,0,0,0,0,0,0,0,0
TF,NIBUN,-2.383536,112.849406,0, ,0.0,0.0,0.0,0.0,0,0,0,0,0,0,0,0

STAR,BDM1D,31,2
IF,BDM,-3.436800,114.731486, ,0.0,0.0,0,0,0,0,0,0,0,0
TF,SP30B,-2.733389,113.412511,0, ,0.0,0.0,0.0,0.0,0,0,0,0,0,0,0,0
TF,DAWAI,-2.611575,113.093278,0, ,0.0,0.0,0.0,0.0,0,0,0,0,0,0,0,0

STAR,LAMU1G,13,2
IF,LAMUD,-3.040322,112.308506, ,0.0,0.0,0,0,0,0,0,0,0,0
TF,SP30D,-2.876725,112.643486,0, ,0.0,0.0,0.0,0.0,0,0,0,0,0,0,0,0
TF,SPT,-2.497569,112.971331,0, ,0.0,0.0,0.0,0.0,0,0,0,0,0,0,0,0
TF,NIBUN,-2.383536,112.849406,0, ,0.0,0.0,0.0,0.0,0,0,0,0,0,0,0,0

STAR,LAMU1H,31,2
IF,LAMUD,-3.040322,112.308506, ,0.0,0.0,0,0,0,0,0,0,0,0
TF,SP30D,-2.876725,112.643486,0, ,0.0,0.0,0.0,0.0,0,0,0,0,0,0,0,0
TF,SPT,-2.497569,112.971331,0, ,0.0,0.0,0.0,0.0,0,0,0,0,0,0,0,0
TF,DAWAI,-2.611575,113.093278,0, ,0.0,0.0,0.0,0.0,0,0,0,0,0,0,0,0

STAR,NOMA1E,13,2
IF,NOMAD,-1.467931,111.590325, ,0.0,0.0,0,0,0,0,0,0,0,0
TF,SP30F,-2.198533,112.569900,0, ,0.0,0.0,0.0,0.0,0,0,0,0,0,0,0,0
TF,NIBUN,-2.383536,112.849406,0, ,0.0,0.0,0.0,0.0,0,0,0,0,0,0,0,0

STAR,NOMA1F,31,2
IF,NOMAD,-1.467931,111.590325, ,0.0,0.0,0,0,0,0,0,0,0,0
TF,SP30F,-2.198533,112.569900,0, ,0.0,0.0,0.0,0.0,0,0,0,0,0,0,0,0
TF,SPT,-2.497569,112.971331,0, ,0.0,0.0,0.0,0.0,0,0,0,0,0,0,0,0
TF,DAWAI,-2.611575,113.093278,0, ,0.0,0.0,0.0,0.0,0,0,0,0,0,0,0,0

STAR,PKN1C,13,2
IF,PKN,-2.718472,111.687708, ,0.0,0.0,0,0,0,0,0,0,0,0
TF,SP30E,-2.582475,112.478917,0, ,0.0,0.0,0.0,0.0,0,0,0,0,0,0,0,0
TF,NIBUN,-2.383536,112.849406,0, ,0.0,0.0,0.0,0.0,0,0,0,0,0,0,0,0

STAR,PKN1D,31,2
IF,PKN,-2.718472,111.687708, ,0.0,0.0,0,0,0,0,0,0,0,0
TF,SP30E,-2.582475,112.478917,0, ,0.0,0.0,0.0,0.0,0,0,0,0,0,0,0,0
TF,SPT,-2.497569,112.971331,0, ,0.0,0.0,0.0,0.0,0,0,0,0,0,0,0,0
TF,DAWAI,-2.611575,113.093278,0, ,0.0,0.0,0.0,0.0,0,0,0,0,0,0,0,0

STAR,PKY1C,13,2
IF,PKY,-2.243483,113.949067, ,0.0,0.0,0,0,0,0,0,0,0,0
TF,SP30A,-2.371967,113.455028,0, ,0.0,0.0,0.0,0.0,0,0,0,0,0,0,0,0
TF,SPT,-2.497569,112.971331,0, ,0.0,0.0,0.0,0.0,0,0,0,0,0,0,0,0
TF,NIBUN,-2.383536,112.849406,0, ,0.0,0.0,0.0,0.0,0,0,0,0,0,0,0,0

STAR,PKY1D,31,2
IF,PKY,-2.243483,113.949067, ,0.0,0.0,0,0,0,0,0,0,0,0
TF,SP30A,-2.371967,113.455028,0, ,0.0,0.0,0.0,0.0,0,0,0,0,0,0,0,0
TF,DAWAI,-2.611575,113.093278,0, ,0.0,0.0,0.0,0.0,0,0,0,0,0,0,0,0

STAR,SBR1C,13,2
IF,SBR,-7.373939,112.771219, ,0.0,0.0,0,0,0,0,0,0,0,0
TF,SP30C,-2.999608,112.950847,0, ,0.0,0.0,0.0,0.0,0,0,0,0,0,0,0,0
TF,SPT,-2.497569,112.971331,0, ,0.0,0.0,0.0,0.0,0,0,0,0,0,0,0,0
TF,NIBUN,-2.383536,112.849406,0, ,0.0,0.0,0.0,0.0,0,0,0,0,0,0,0,0

STAR,SBR1D,31,2
IF,SBR,-7.373939,112.771219, ,0.0,0.0,0,0,0,0,0,0,0,0
TF,SP30C,-2.999608,112.950847,0, ,0.0,0.0,0.0,0.0,0,0,0,0,0,0,0,0
TF,DAWAI,-2.611575,113.093278,0, ,0.0,0.0,0.0,0.0,0,0,0,0,0,0,0,0

APPTR,D13,13,NIBUN
HF,NIBUN,-2.383536,112.849406,1, ,0.0,0.0,132.0,04.3,2,3000,0,0,0,0,1,0,0
TF,CF13,-2.417733,112.885967,0, ,0.0,0.0,0.0,0.0,2,1700,0,0,0,0,1,0

FINAL,D13,13,D,3
IF,CF13,-2.417733,112.885967,SPT,311.9,7.0,2,1700,0,0,0,0,0,0
CF,FF13,-2.451950,112.922550,0,SPT,311.9,4.0,132.0,3.0,2,1250,0,0,0,0,2,0
CF,MA13,-2.480461,112.953036,0,SPT,311.9,1.5,132.0,2.5,1,426,0,0,0,0,3,0
CA,0,132.0,2,1000,0,0,0,0,0,0
DF,NIBUN,-2.383536,112.849406,1, ,0.0,0.0,2,3000,0,0,0,0,0,0
HM,NIBUN,-2.383536,112.849406,1, ,0.0,0.0,132.0,04.3,0,0,0,0,0,0,0,0,0

APPTR,D31,31,DAWAI
HF,DAWAI,-2.611575,113.093278,2, ,0.0,0.0,312.0,04.3,2,3000,0,0,0,0,1,0,0
TF,CF31,-2.577392,113.056711,0, ,0.0,0.0,0.0,0.0,2,1600,0,0,0,0,1,0

FINAL,D31,31,D,3
IF,CF31,-2.577392,113.056711,SPT,131.9,7.0,2,1600,0,0,0,0,0,0
CF,FF31,-2.543183,113.020117,0,SPT,131.9,4.0,312.0,3.0,2,1100,0,0,0,0,2,0
CF,MA31,-2.519236,112.994503,0,SPT,131.9,1.9,312.0,2.1,1,436,0,0,0,0,3,0
CA,0,312.0,2,1000,0,0,0,0,0,0
DF,DAWAI,-2.611575,113.093278,2, ,0.0,0.0,2,3000,0,0,0,0,0,0
HM,DAWAI,-2.611575,113.093278,2, ,0.0,0.0,312.0,04.3,0,0,0,0,0,0,0,0,0

