APPTR,R04,04,WLPSA
IF,WLPSA,-23.323744,118.532275, ,0.0,0.0,2,5300,0,1,210,0,1,0
TF,WLPSI,-23.241244,118.517553,0, ,0.0,0.0,0.0,0.0,2,5300,0,0,0,0,1,0

APPTR,R04,04,WLPSB
IF,WLPSB,-23.282214,118.438667, ,0.0,0.0,2,5300,0,1,210,0,1,0
TF,WLPSI,-23.241244,118.517553,0, ,0.0,0.0,0.0,0.0,2,5300,0,0,0,0,1,0

FINAL,R04,04,R,3
IF,WLPSI,-23.241244,118.517553, ,0.0,0.0,2,5300,0,0,0,0,0,0
TF,WLPSF,-23.200233,118.596394,0, ,0.0,0.0,59.0,5.0,2,4700,0,0,0,0,2,0
TF,WLPSM,-23.150967,118.690936,0, ,0.0,0.0,59.0,6.0,1,2585,0,0,0,0,3,1
DF,WLPSH,-23.126311,118.738183,0, ,0.0,0.0,0,0,0,0,0,0,0,1
VM,0,0,0,90.0,2,5300,0,0,0,0,0,0

APPTR,R22,22,WLPNE
IF,WLPNE,-23.026561,118.956881, ,0.0,0.0,2,5300,0,1,210,0,1,0
TF,WLPNI,-23.047514,118.869417,0, ,0.0,0.0,0.0,0.0,2,5300,0,0,0,0,1,0

APPTR,R22,22,WLPNG
IF,WLPNG,-23.116419,118.920614, ,0.0,0.0,2,5300,0,1,210,0,1,0
TF,WLPNI,-23.047514,118.869417,0, ,0.0,0.0,0.0,0.0,2,5300,0,0,0,0,1,0

FINAL,R22,22,R,3
IF,WLPNI,-23.047514,118.869417, ,0.0,0.0,2,5300,0,0,0,0,0,0
TF,WLPNF,-23.068419,118.781925,0, ,0.0,0.0,254.0,5.0,2,4250,0,0,0,0,2,0
TF,WLPNM,-23.126975,118.717400,0, ,0.0,0.0,224.0,5.0,1,2499,0,0,0,0,3,1
DF,WLPNH,-23.173797,118.665742,0, ,0.0,0.0,0,0,0,0,0,0,0,0
CA,0,224.0,2,5300,0,0,0,0,0,0

