SID,ANGAS3,12,1
DF,PUNED,-23.830192,133.947739,0, ,0.0,0.0,0,0,0,0,0,0,0,1
DF,RUVED,-23.972494,133.687939,2, ,0.0,0.0,0,0,0,0,0,0,0,0
TF,SAGED,-24.220656,133.423936,0, ,0.0,0.0,0.0,0.0,0,0,0,0,0,0,0,0

SID,ANGAS3,30,1
DF,RUGMU,-23.666286,133.642856,0, ,0.0,0.0,0,0,0,0,0,0,0,1
DF,KIMIL,-23.965500,133.524967,1, ,0.0,0.0,0,0,0,0,0,0,0,0
TF,SAGED,-24.220656,133.423936,0, ,0.0,0.0,0.0,0.0,0,0,0,0,0,0,0,0

SID,ANGAS3,ALL,2
IF,SAGED,-24.220656,133.423936, ,0.0,0.0,0,0,0,0,0,0,0,0
TF,ANGAS,-25.132903,132.439494,0, ,0.0,0.0,0.0,0.0,0,0,0,0,0,0,0,0

SID,ARNTU3,12,1
DF,PUNED,-23.830192,133.947739,0, ,0.0,0.0,0,0,0,0,0,0,0,1
DF,RUVED,-23.972494,133.687939,2, ,0.0,0.0,0,0,0,0,0,0,0,0
TF,KIMIL,-23.965500,133.524967,0, ,0.0,0.0,0.0,0.0,0,0,0,0,0,0,0,0

SID,ARNTU3,30,1
DF,RUGMU,-23.666286,133.642856,0, ,0.0,0.0,0,0,0,0,0,0,0,1
DF,KIMIL,-23.965500,133.524967,1, ,0.0,0.0,0,0,0,0,0,0,0,0

SID,ARNTU3,ALL,2
IF,KIMIL,-23.965500,133.524967, ,0.0,0.0,0,0,0,0,0,0,0,0
TF,ARNTU,-24.494931,132.425483,0, ,0.0,0.0,0.0,0.0,0,0,0,0,0,0,0,0

SID,DESET2,12,1
CA,0,115.0,2,2200,0,0,0,0,0,0
CI,0, ,0.0,160.0,0,0,0,0,0,0,0,0
IF,AS,-23.792889,133.878203, ,0.0,0.0,0,0,0,0,0,0,0,0
TF,DESET,-24.845000,134.770000,0, ,0.0,0.0,0.0,0.0,0,0,0,0,0,0,0,0

SID,DESET2,30,1
CF,AS,-23.792889,133.878203,0,AS,0.0,0.0,295.0,2.3,0,0,0,0,0,0,0,0
CA,0,295.0,2,3600,0,0,0,0,0,0
DF,AS,-23.792889,133.878203,2, ,0.0,0.0,0,0,0,0,0,0,0,0
TF,DESET,-24.845000,134.770000,0, ,0.0,0.0,0.0,0.0,0,0,0,0,0,0,0,0

SID,DIGLA2,12,1
CA,0,115.0,2,2400,0,0,0,0,0,0
CI,1, ,0.0,315.0,0,0,0,0,0,0,0,0
IF,AS,-23.792889,133.878203, ,0.0,0.0,0,0,0,0,0,0,0,0
TF,DIGLA,-21.304778,133.190911,0, ,0.0,0.0,0.0,0.0,0,0,0,0,0,0,0,0

SID,DIGLA2,30,1
CF,AS,-23.792889,133.878203,0,AS,0.0,0.0,295.0,2.3,0,0,0,0,0,0,0,0
CA,0,295.0,2,3600,0,0,0,0,0,0
CI,2, ,0.0,30.0,0,0,0,0,0,0,0,0
IF,AS,-23.792889,133.878203, ,0.0,0.0,0,0,0,0,0,0,0,0
TF,DIGLA,-21.304778,133.190911,0, ,0.0,0.0,0.0,0.0,0,0,0,0,0,0,0,0

SID,ELLOW2,12,1
CA,0,115.0,2,2200,0,0,0,0,0,0
CI,0, ,0.0,175.0,0,0,0,0,0,0,0,0
IF,AS,-23.792889,133.878203, ,0.0,0.0,0,0,0,0,0,0,0,0
TF,ELLOW,-24.952650,134.607519,0, ,0.0,0.0,0.0,0.0,0,0,0,0,0,0,0,0

SID,ELLOW2,30,1
CF,AS,-23.792889,133.878203,0,AS,0.0,0.0,295.0,2.3,0,0,0,0,0,0,0,0
CA,0,295.0,2,3600,0,0,0,0,0,0
DF,AS,-23.792889,133.878203,2, ,0.0,0.0,0,0,0,0,0,0,0,0
TF,ELLOW,-24.952650,134.607519,0, ,0.0,0.0,0.0,0.0,0,0,0,0,0,0,0,0

SID,GAFER2,12,1
CA,0,115.0,2,2400,0,0,0,0,0,0
CI,0, ,0.0,30.0,0,0,0,0,0,0,0,0
IF,AS,-23.792889,133.878203, ,0.0,0.0,0,0,0,0,0,0,0,0
TF,GAFER,-22.297369,136.635400,0, ,0.0,0.0,0.0,0.0,0,0,0,0,0,0,0,0

SID,GAFER2,30,1
CF,AS,-23.792889,133.878203,0,AS,0.0,0.0,295.0,2.3,0,0,0,0,0,0,0,0
CA,0,295.0,2,3600,0,0,0,0,0,0
CI,2, ,0.0,90.0,0,0,0,0,0,0,0,0
IF,AS,-23.792889,133.878203, ,0.0,0.0,0,0,0,0,0,0,0,0
TF,GAFER,-22.297369,136.635400,0, ,0.0,0.0,0.0,0.0,0,0,0,0,0,0,0,0

SID,HONGI2,12,1
CA,0,115.0,2,2400,0,0,0,0,0,0
CI,1, ,0.0,290.0,0,0,0,0,0,0,0,0
IF,AS,-23.792889,133.878203, ,0.0,0.0,0,0,0,0,0,0,0,0
TF,HONGI,-21.499236,131.356572,0, ,0.0,0.0,0.0,0.0,0,0,0,0,0,0,0,0

SID,HONGI2,30,1
CF,AS,-23.792889,133.878203,0,AS,0.0,0.0,295.0,2.3,0,0,0,0,0,0,0,0
CA,0,295.0,2,3600,0,0,0,0,0,0
CI,0, ,0.0,320.0,0,0,0,0,0,0,0,0
IF,AS,-23.792889,133.878203, ,0.0,0.0,0,0,0,0,0,0,0,0
TF,HONGI,-21.499236,131.356572,0, ,0.0,0.0,0.0,0.0,0,0,0,0,0,0,0,0

SID,IDANU2,12,1
CA,0,115.0,2,2200,0,0,0,0,0,0
CI,0, ,0.0,160.0,0,0,0,0,0,0,0,0
IF,AS,-23.792889,133.878203, ,0.0,0.0,0,0,0,0,0,0,0,0
TF,ELLOW,-24.952650,134.607519,0, ,0.0,0.0,0.0,0.0,0,0,0,0,0,0,0,0
TF,IDANU,-26.682694,135.729508,0, ,0.0,0.0,0.0,0.0,0,0,0,0,0,0,0,0

SID,IDANU2,30,1
CF,AS,-23.792889,133.878203,0,AS,0.0,0.0,295.0,2.3,0,0,0,0,0,0,0,0
CA,0,295.0,2,3600,0,0,0,0,0,0
DF,AS,-23.792889,133.878203,2, ,0.0,0.0,0,0,0,0,0,0,0,0
TF,ELLOW,-24.952650,134.607519,0, ,0.0,0.0,0.0,0.0,0,0,0,0,0,0,0,0
TF,IDANU,-26.682694,135.729508,0, ,0.0,0.0,0.0,0.0,0,0,0,0,0,0,0,0

SID,KALUG2,12,1
CA,0,115.0,2,2200,0,0,0,0,0,0
CI,0, ,0.0,160.0,0,0,0,0,0,0,0,0
IF,AS,-23.792889,133.878203, ,0.0,0.0,0,0,0,0,0,0,0,0
TF,KALUG,-25.900000,136.725000,0, ,0.0,0.0,0.0,0.0,0,0,0,0,0,0,0,0

SID,KALUG2,30,1
CF,AS,-23.792889,133.878203,0,AS,0.0,0.0,295.0,2.3,0,0,0,0,0,0,0,0
CA,0,295.0,2,3600,0,0,0,0,0,0
DF,AS,-23.792889,133.878203,2, ,0.0,0.0,0,0,0,0,0,0,0,0
TF,KALUG,-25.900000,136.725000,0, ,0.0,0.0,0.0,0.0,0,0,0,0,0,0,0,0

SID,LEESA3,12,1
DF,PUNED,-23.830192,133.947739,0, ,0.0,0.0,0,0,0,0,0,0,0,1
DF,RUVED,-23.972494,133.687939,2, ,0.0,0.0,0,0,0,0,0,0,0,0
TF,OSINA,-23.724517,133.485475,0, ,0.0,0.0,0.0,0.0,0,0,0,0,0,0,0,0
TF,IGDEB,-23.557292,133.382558,0, ,0.0,0.0,0.0,0.0,0,0,0,0,0,0,0,0

SID,LEESA3,30,1
DF,RUGMU,-23.666286,133.642856,0, ,0.0,0.0,0,0,0,0,0,0,0,1
TF,IGDEB,-23.557292,133.382558,0, ,0.0,0.0,0.0,0.0,0,0,0,0,0,0,0,0

SID,LEESA3,ALL,2
IF,IGDEB,-23.557292,133.382558, ,0.0,0.0,0,0,0,0,0,0,0,0
TF,LEESA,-22.133747,130.308231,0, ,0.0,0.0,0.0,0.0,0,0,0,0,0,0,0,0

SID,PULOL2,12,1
CA,0,115.0,2,2200,0,0,0,0,0,0
VI,0, ,0.0,69.0,0,0,0,0,0,0,0,0
IF,AS,-23.792889,133.878203, ,0.0,0.0,0,0,0,0,0,0,0,0
TF,PULOL,-24.454486,136.762161,0, ,0.0,0.0,0.0,0.0,0,0,0,0,0,0,0,0

SID,PULOL2,30,1
CF,AS,-23.792889,133.878203,0,AS,0.0,0.0,295.0,2.3,0,0,0,0,0,0,0,0
CA,0,295.0,2,3600,0,0,0,0,0,0
CI,2, ,0.0,120.0,0,0,0,0,0,0,0,0
IF,AS,-23.792889,133.878203, ,0.0,0.0,0,0,0,0,0,0,0,0
TF,PULOL,-24.454486,136.762161,0, ,0.0,0.0,0.0,0.0,0,0,0,0,0,0,0,0

SID,SADEL2,12,1
CA,0,115.0,2,2200,0,0,0,0,0,0
CI,0, ,0.0,175.0,0,0,0,0,0,0,0,0
IF,AS,-23.792889,133.878203, ,0.0,0.0,0,0,0,0,0,0,0,0
TF,SADEL,-25.040000,134.383333,0, ,0.0,0.0,0.0,0.0,0,0,0,0,0,0,0,0

SID,SADEL2,30,1
CF,AS,-23.792889,133.878203,0,AS,0.0,0.0,295.0,2.3,0,0,0,0,0,0,0,0
CA,0,295.0,2,3600,0,0,0,0,0,0
DF,AS,-23.792889,133.878203,2, ,0.0,0.0,0,0,0,0,0,0,0,0
TF,SADEL,-25.040000,134.383333,0, ,0.0,0.0,0.0,0.0,0,0,0,0,0,0,0,0

SID,SARAH2,12,1
CA,0,115.0,2,2200,0,0,0,0,0,0
CI,0, ,0.0,175.0,0,0,0,0,0,0,0,0
IF,AS,-23.792889,133.878203, ,0.0,0.0,0,0,0,0,0,0,0,0
TF,SADEL,-25.040000,134.383333,0, ,0.0,0.0,0.0,0.0,0,0,0,0,0,0,0,0
TF,SARAH,-26.925000,135.170000,0, ,0.0,0.0,0.0,0.0,0,0,0,0,0,0,0,0

SID,SARAH2,30,1
CF,AS,-23.792889,133.878203,0,AS,0.0,0.0,295.0,2.3,0,0,0,0,0,0,0,0
CA,0,295.0,2,3600,0,0,0,0,0,0
DF,AS,-23.792889,133.878203,2, ,0.0,0.0,0,0,0,0,0,0,0,0
TF,SADEL,-25.040000,134.383333,0, ,0.0,0.0,0.0,0.0,0,0,0,0,0,0,0,0
TF,SARAH,-26.925000,135.170000,0, ,0.0,0.0,0.0,0.0,0,0,0,0,0,0,0,0

SID,SCHEE2,12,1
DF,PUNED,-23.830192,133.947739,0, ,0.0,0.0,0,0,0,0,0,0,0,1
DF,RUVED,-23.972494,133.687939,2, ,0.0,0.0,0,0,0,0,0,0,0,0
TF,OSINA,-23.724517,133.485475,0, ,0.0,0.0,0.0,0.0,0,0,0,0,0,0,0,0

SID,SCHEE2,30,1
DF,RUGMU,-23.666286,133.642856,0, ,0.0,0.0,0,0,0,0,0,0,0,1
DF,OSINA,-23.724517,133.485475,1, ,0.0,0.0,0,0,0,0,0,0,0,0

SID,SCHEE2,ALL,2
IF,OSINA,-23.724517,133.485475, ,0.0,0.0,0,0,0,0,0,0,0,0
TF,SCHEE,-22.985000,128.868333,0, ,0.0,0.0,0.0,0.0,0,0,0,0,0,0,0,0

SID,SCOTI2,12,1
CA,0,115.0,2,2400,0,0,0,0,0,0
CI,1, ,0.0,315.0,0,0,0,0,0,0,0,0
IF,AS,-23.792889,133.878203, ,0.0,0.0,0,0,0,0,0,0,0,0
TF,SCOTI,-21.323689,133.458083,0, ,0.0,0.0,0.0,0.0,0,0,0,0,0,0,0,0

SID,SCOTI2,30,1
CF,AS,-23.792889,133.878203,0,AS,0.0,0.0,295.0,2.3,0,0,0,0,0,0,0,0
CA,0,295.0,2,3600,0,0,0,0,0,0
CI,2, ,0.0,30.0,0,0,0,0,0,0,0,0
IF,AS,-23.792889,133.878203, ,0.0,0.0,0,0,0,0,0,0,0,0
TF,SCOTI,-21.323689,133.458083,0, ,0.0,0.0,0.0,0.0,0,0,0,0,0,0,0,0

SID,STEEL2,12,1
CA,0,115.0,2,2200,0,0,0,0,0,0
IF,AS,-23.792889,133.878203, ,0.0,0.0,0,0,0,0,0,0,0,0
TF,STEEL,-24.331667,135.210000,0, ,0.0,0.0,0.0,0.0,0,0,0,0,0,0,0,0

SID,STEEL2,30,1
CF,AS,-23.792889,133.878203,0,AS,0.0,0.0,295.0,2.3,0,0,0,0,0,0,0,0
CA,0,295.0,2,3600,0,0,0,0,0,0
CI,2, ,0.0,120.0,0,0,0,0,0,0,0,0
IF,AS,-23.792889,133.878203, ,0.0,0.0,0,0,0,0,0,0,0,0
TF,STEEL,-24.331667,135.210000,0, ,0.0,0.0,0.0,0.0,0,0,0,0,0,0,0,0

SID,TNK2,12,1
CA,0,115.0,2,2400,0,0,0,0,0,0
CI,1, ,0.0,330.0,0,0,0,0,0,0,0,0
IF,AS,-23.792889,133.878203, ,0.0,0.0,0,0,0,0,0,0,0,0
TF,TNK,-19.634722,134.181944,0, ,0.0,0.0,0.0,0.0,0,0,0,0,0,0,0,0

SID,TNK2,30,1
CF,AS,-23.792889,133.878203,0,AS,0.0,0.0,295.0,2.3,0,0,0,0,0,0,0,0
CA,0,295.0,2,3600,0,0,0,0,0,0
CI,2, ,0.0,45.0,0,0,0,0,0,0,0,0
IF,AS,-23.792889,133.878203, ,0.0,0.0,0,0,0,0,0,0,0,0
TF,TNK,-19.634722,134.181944,0, ,0.0,0.0,0.0,0.0,0,0,0,0,0,0,0,0

APPTR,D12,12,AS1
FD,AS,-23.792889,133.878203,0,AS,0.0,10.5,321.0,10.5,2,5500,0,1,210,0,1,0
CF,CF12,-23.689608,133.723956,1,AS,301.0,10.5,121.0,1.0,2,5500,0,0,0,0,0,0

APPTR,D12,12,AS2
FD,AS,-23.792889,133.878203,0,AS,0.0,10.5,311.0,10.5,2,5500,0,1,210,0,1,0
CF,CF12,-23.689608,133.723956,1,AS,301.0,10.5,121.0,1.0,2,5500,0,0,0,0,0,0

APPTR,D12,12,D270O
IF,D270O,-23.770789,133.606700, ,0.0,0.0,2,5500,0,1,210,0,1,0
AF,D301O,-23.645300,133.657925,2,AS,301.0,15.0,270.0,2,5500,0,0,0,0,0,0
CF,CF12,-23.689608,133.723956,0,AS,301.0,10.5,121.0,4.5,2,5500,0,0,0,0,0,0

APPTR,D12,12,D301O
IF,D301O,-23.645300,133.657925, ,0.0,0.0,2,5500,0,1,210,0,1,0
TF,CF12,-23.689608,133.723956,0, ,0.0,0.0,0.0,0.0,2,5500,0,0,0,0,0,0

APPTR,D12,12,D320O
IF,D320O,-23.587342,133.722097, ,0.0,0.0,2,5500,0,1,210,0,1,0
AF,D301O,-23.645300,133.657925,1,AS,301.0,15.0,320.0,2,5500,0,0,0,0,0,0
CF,CF12,-23.689608,133.723956,0,AS,301.0,10.5,121.0,4.5,2,5500,0,0,0,0,0,0

APPTR,D12,12,YINDI
IF,YINDI,-23.542164,133.868422, ,0.0,0.0,2,5500,0,1,210,0,1,0
AF,D301O,-23.645300,133.657925,1,AS,301.0,15.0,353.0,2,5500,0,0,0,0,0,0
CF,CF12,-23.689608,133.723956,0,AS,301.0,10.5,121.0,4.5,2,5500,0,0,0,0,0,0

APPTR,D12,12,YOTHU
IF,YOTHU,-23.929561,133.649456, ,0.0,0.0,2,5500,0,1,210,0,1,0
AF,D301O,-23.645300,133.657925,2,AS,301.0,15.0,232.0,2,5500,0,0,0,0,0,0
CF,CF12,-23.689608,133.723956,0,AS,301.0,10.5,121.0,4.5,2,5500,0,0,0,0,0,0

FINAL,D12,12,D,4
IF,CF12,-23.689608,133.723956,AS,301.0,10.5,2,5500,0,0,0,0,0,0
CF,FF12,-23.748644,133.812067,0,AS,301.0,4.5,121.0,6.0,2,3600,0,0,0,0,2,0
CF,20VOR,-23.773228,133.848803,0,AS,301.0,2.0,121.0,2.5,2,2780,0,0,0,0,0,0
CF,AS,-23.792889,133.878203,0,AS,0.0,0.0,121.0,2.0,1,2142,0,0,0,0,3,0
CA,0,116.0,2,5500,0,0,0,0,0,0

APPTR,D30,30,AS1
IF,AS,-23.792889,133.878203, ,0.0,0.0,2,5500,0,1,210,0,1,0
FD,AS,-23.792889,133.878203,0,AS,0.0,9.0,137.0,9.0,0,0,0,0,0,0,0,0
CF,CF30,-23.870333,134.018475,1,AS,116.0,9.0,296.0,1.0,2,3980,0,0,0,0,0,0

APPTR,D30,30,AS2
IF,AS,-23.792889,133.878203, ,0.0,0.0,2,5500,0,1,210,0,1,0
FD,AS,-23.792889,133.878203,0,AS,0.0,9.0,128.0,9.0,0,0,0,0,0,0,0,0
CF,CF30,-23.870333,134.018475,1,AS,116.0,9.0,296.0,1.0,2,3980,0,0,0,0,0,0

APPTR,D30,30,D055O
IF,D055O,-23.667294,134.114042, ,0.0,0.0,2,5500,0,1,210,0,1,0
AF,D116O,-23.921894,134.112083,2,AS,116.0,15.0,55.0,2,5500,0,0,0,0,0,0
CF,D116J,-23.876353,134.029392,0,AS,116.0,9.7,296.0,5.3,2,4200,0,0,0,0,0,0
TF,CF30,-23.870333,134.018475,0, ,0.0,0.0,0.0,0.0,2,3980,0,0,0,0,0,0

APPTR,D30,30,D116O
IF,D116O,-23.921894,134.112083, ,0.0,0.0,2,5500,0,1,210,0,1,0
TF,D116J,-23.876353,134.029392,0, ,0.0,0.0,0.0,0.0,2,4200,0,0,0,0,0,0
TF,CF30,-23.870333,134.018475,0, ,0.0,0.0,0.0,0.0,2,3980,0,0,0,0,0,0

APPTR,D30,30,D195O
IF,D195O,-24.028556,133.784803, ,0.0,0.0,2,5500,0,1,210,0,1,0
AF,D116O,-23.921894,134.112083,1,AS,116.0,15.0,195.0,2,5500,0,0,0,0,0,0
CF,D116J,-23.876353,134.029392,0,AS,116.0,9.7,296.0,5.3,2,4200,0,0,0,0,0,0
TF,CF30,-23.870333,134.018475,0, ,0.0,0.0,0.0,0.0,2,3980,0,0,0,0,0,0

FINAL,D30,30,D,3
IF,CF30,-23.870333,134.018475,AS,116.0,9.0,2,3980,0,0,0,0,0,0
CF,FF30,-23.857436,133.995086,0,AS,116.0,7.5,296.0,1.5,2,3510,0,0,0,0,2,0
CF,RW30,-23.812119,133.914028,0,AS,115.3,2.3,296.0,5.2,1,1814,0,0,0,0,3,0
CA,0,296.0,2,5500,0,0,0,0,0,0

APPTR,I12-Y,12,AS
IF,AS,-23.792889,133.878203, ,0.0,0.0,2,5500,0,0,0,0,1,0
TF,D295K,-23.704189,133.713583,0, ,0.0,0.0,0.0,0.0,2,5500,0,0,0,0,0,0
FC,D295K,-23.704189,133.713583,0,AS,0.0,0.0,340.0,4.0,2,5500,0,0,0,0,0,1
CF,LISZT,-23.666208,133.642969,1,IAS,295.3,17.7,115.0,1.0,2,5500,0,0,0,0,0,0

APPTR,I12-Y,12,D270O
IF,D270O,-23.770789,133.606700, ,0.0,0.0,2,5500,0,0,0,0,1,0
AF,D103O,-23.703019,133.623797,2,AS,285.9,15.0,270.0,2,5500,0,0,0,0,0,0
VI,0,IAS,0.0,85.0,2,5500,0,0,0,0,0,0

APPTR,I12-Y,12,D320O
IF,D320O,-23.587342,133.722097, ,0.0,0.0,2,5500,0,0,0,0,1,0
AF,D122O,-23.634436,133.667019,1,AS,304.1,15.0,320.0,2,5500,0,0,0,0,0,0
VI,0,IAS,0.0,145.0,2,5500,0,0,0,0,0,0

APPTR,I12-Y,12,YINDI
IF,YINDI,-23.542164,133.868422, ,0.0,0.0,2,5500,0,0,0,0,1,0
AF,D122O,-23.634436,133.667019,1,AS,304.1,15.0,353.0,2,5500,0,0,0,0,0,0
VI,0,IAS,0.0,145.0,2,5500,0,0,0,0,0,0

APPTR,I12-Y,12,YOTHU
IF,YOTHU,-23.929561,133.649456, ,0.0,0.0,2,5500,0,0,0,0,1,0
AF,D103O,-23.703019,133.623797,2,AS,285.9,15.0,232.0,2,5500,0,0,0,0,0,0
VI,0,IAS,0.0,85.0,2,5500,0,0,0,0,0,0

FINAL,I12-Y,12,I,3
IF,LISZT,-23.666208,133.642969,IAS,295.3,17.7,2,5500,0,0,0,0,1,0
CF,FI12Y,-23.744836,133.788761,0,IAS,295.2,8.4,115.0,9.3,1,3960,0,0,0,0,2,0
CF,RW12,-23.801031,133.893361,0,IAS,295.2,1.7,115.0,6.7,1,1838,0,0,0,0,3,0
CA,0,115.0,2,5500,0,0,0,0,0,0

APPTR,I12-Z,12,AS
IF,AS,-23.792889,133.878203, ,0.0,0.0,2,5500,0,0,0,0,1,0
TF,D295K,-23.704189,133.713583,0, ,0.0,0.0,0.0,0.0,2,5500,0,0,0,0,0,0
FC,D295K,-23.704189,133.713583,0,AS,0.0,0.0,340.0,4.0,2,5500,0,0,0,0,0,1
CF,LISZT,-23.666208,133.642969,1,IAS,295.3,17.7,115.0,1.0,2,5500,0,0,0,0,0,0

APPTR,I12-Z,12,D270O
IF,D270O,-23.770789,133.606700, ,0.0,0.0,2,5500,0,0,0,0,1,0
AF,D103O,-23.703019,133.623797,2,AS,285.9,15.0,270.0,2,5500,0,0,0,0,0,0
VI,0,IAS,0.0,85.0,2,5500,0,0,0,0,0,0

APPTR,I12-Z,12,D320O
IF,D320O,-23.587342,133.722097, ,0.0,0.0,2,5500,0,0,0,0,1,0
AF,D122O,-23.634436,133.667019,1,AS,304.1,15.0,320.0,2,5500,0,0,0,0,0,0
VI,0,IAS,0.0,145.0,2,5500,0,0,0,0,0,0

APPTR,I12-Z,12,YINDI
IF,YINDI,-23.542164,133.868422, ,0.0,0.0,2,5500,0,0,0,0,1,0
AF,D122O,-23.634436,133.667019,1,AS,304.1,15.0,353.0,2,5500,0,0,0,0,0,0
VI,0,IAS,0.0,145.0,2,5500,0,0,0,0,0,0

APPTR,I12-Z,12,YOTHU
IF,YOTHU,-23.929561,133.649456, ,0.0,0.0,2,5500,0,0,0,0,1,0
AF,D103O,-23.703019,133.623797,2,AS,285.9,15.0,232.0,2,5500,0,0,0,0,0,0
VI,0,IAS,0.0,85.0,2,5500,0,0,0,0,0,0

FINAL,I12-Z,12,I,3
IF,LISZT,-23.666208,133.642969,IAS,295.3,17.7,2,5500,0,0,0,0,1,0
CF,FI12Z,-23.745128,133.789308,0,IAS,295.2,8.4,115.0,9.3,1,3960,0,0,0,0,2,0
CF,RW12,-23.801031,133.893361,0,IAS,295.2,1.7,115.0,6.6,1,1838,0,0,0,0,3,0
CA,0,115.0,2,5500,0,0,0,0,0,0

APPTR,Q12-B,12,AS1
IF,AS,-23.777939,133.873525, ,0.0,0.0,2,5200,0,1,210,0,1,0
FD,AS,-23.777939,133.873525,0,AS,339.2,10.0,308.0,10.0,2,5200,0,0,0,0,0,0
CF,CQ109,-23.714092,133.717967,1,AS,293.1,10.0,109.0,1.0,2,5200,0,0,0,0,0,0

APPTR,Q12-B,12,AS2
IF,AS,-23.777939,133.873525, ,0.0,0.0,2,5200,0,1,210,0,1,0
FD,AS,-23.777939,133.873525,0,AS,339.2,10.0,298.0,10.0,2,5200,0,0,0,0,0,0
CF,CQ109,-23.714092,133.717967,1,AS,293.1,10.0,109.0,1.0,2,5200,0,0,0,0,0,0

FINAL,Q12-B,12,N,3
IF,CQ109,-23.714092,133.717967,AS,0.0,0.0,2,5200,0,0,0,0,0,0
CF,FQ109,-23.748333,133.801328,0,AS,0.0,0.0,109.0,5.0,2,3710,0,0,0,0,2,0
CF,MQ109,-23.790986,133.905381,0,AS,0.0,1.5,109.0,6.3,1,2890,0,0,0,0,3,0
CA,0,109.0,2,5200,0,0,0,0,0,0

APPTR,Q17-B,17,AS1
IF,AS,-23.777939,133.873525, ,0.0,0.0,2,5200,0,1,210,0,1,0
FD,AS,-23.777939,133.873525,0,AS,339.2,10.0,308.0,10.0,2,5200,0,0,0,0,0,0
CF,CQ109,-23.714092,133.717967,1,AS,293.1,10.0,109.0,1.0,2,5200,0,0,0,0,0,0

APPTR,Q17-B,17,AS2
IF,AS,-23.777939,133.873525, ,0.0,0.0,2,5200,0,1,210,0,1,0
FD,AS,-23.777939,133.873525,0,AS,339.2,10.0,298.0,10.0,2,5200,0,0,0,0,0,0
CF,CQ109,-23.714092,133.717967,1,AS,293.1,10.0,109.0,1.0,2,5200,0,0,0,0,0,0

FINAL,Q17-B,17,N,3
IF,CQ109,-23.714092,133.717967,AS,0.0,0.0,2,5200,0,0,0,0,0,0
CF,FQ109,-23.748333,133.801328,0,AS,0.0,0.0,109.0,5.0,2,3710,0,0,0,0,2,0
CF,MQ109,-23.790986,133.905381,0,AS,0.0,1.5,109.0,6.3,1,2890,0,0,0,0,3,0
CA,0,109.0,2,5200,0,0,0,0,0,0

APPTR,Q30-B,30,AS1
IF,AS,-23.777939,133.873525, ,0.0,0.0,2,5200,0,1,210,0,1,0
FD,AS,-23.777939,133.873525,0,AS,339.2,10.0,308.0,10.0,2,5200,0,0,0,0,0,0
CF,CQ109,-23.714092,133.717967,1,AS,293.1,10.0,109.0,1.0,2,5200,0,0,0,0,0,0

APPTR,Q30-B,30,AS2
IF,AS,-23.777939,133.873525, ,0.0,0.0,2,5200,0,1,210,0,1,0
FD,AS,-23.777939,133.873525,0,AS,339.2,10.0,298.0,10.0,2,5200,0,0,0,0,0,0
CF,CQ109,-23.714092,133.717967,1,AS,293.1,10.0,109.0,1.0,2,5200,0,0,0,0,0,0

FINAL,Q30-B,30,N,3
IF,CQ109,-23.714092,133.717967,AS,0.0,0.0,2,5200,0,0,0,0,0,0
CF,FQ109,-23.748333,133.801328,0,AS,0.0,0.0,109.0,5.0,2,3710,0,0,0,0,2,0
CF,MQ109,-23.790986,133.905381,0,AS,0.0,1.5,109.0,6.3,1,2890,0,0,0,0,3,0
CA,0,109.0,2,5200,0,0,0,0,0,0

APPTR,Q35-B,35,AS1
IF,AS,-23.777939,133.873525, ,0.0,0.0,2,5200,0,1,210,0,1,0
FD,AS,-23.777939,133.873525,0,AS,339.2,10.0,308.0,10.0,2,5200,0,0,0,0,0,0
CF,CQ109,-23.714092,133.717967,1,AS,293.1,10.0,109.0,1.0,2,5200,0,0,0,0,0,0

APPTR,Q35-B,35,AS2
IF,AS,-23.777939,133.873525, ,0.0,0.0,2,5200,0,1,210,0,1,0
FD,AS,-23.777939,133.873525,0,AS,339.2,10.0,298.0,10.0,2,5200,0,0,0,0,0,0
CF,CQ109,-23.714092,133.717967,1,AS,293.1,10.0,109.0,1.0,2,5200,0,0,0,0,0,0

FINAL,Q35-B,35,N,3
IF,CQ109,-23.714092,133.717967,AS,0.0,0.0,2,5200,0,0,0,0,0,0
CF,FQ109,-23.748333,133.801328,0,AS,0.0,0.0,109.0,5.0,2,3710,0,0,0,0,2,0
CF,MQ109,-23.790986,133.905381,0,AS,0.0,1.5,109.0,6.3,1,2890,0,0,0,0,3,0
CA,0,109.0,2,5200,0,0,0,0,0,0

APPTR,R12-Z,12,BASWD
IF,BASWD,-23.725136,133.613344, ,0.0,0.0,2,5200,0,0,0,0,1,0
TF,BASWI,-23.708222,133.720756,0, ,0.0,0.0,0.0,0.0,2,5200,0,0,0,0,1,0

APPTR,R12-Z,12,BASWE
IF,BASWE,-23.665975,133.642411, ,0.0,0.0,2,5200,0,0,0,0,1,0
TF,BASWI,-23.708222,133.720756,0, ,0.0,0.0,0.0,0.0,2,5200,0,0,0,0,1,0

APPTR,R12-Z,12,BASWG
IF,BASWG,-23.593044,133.743406, ,0.0,0.0,2,5200,0,0,0,0,1,0
TF,BASWI,-23.708222,133.720756,0, ,0.0,0.0,0.0,0.0,2,5200,0,0,0,0,1,0

FINAL,R12-Z,12,R,3
IF,BASWI,-23.708222,133.720756, ,0.0,0.0,2,5200,0,0,0,0,0,0
TF,BASWF,-23.750431,133.799203,0, ,0.0,0.0,115.0,5.0,2,3750,0,0,0,0,2,0
TF,BASWM,-23.796814,133.885494,0, ,0.0,0.0,115.0,5.5,1,1996,0,0,0,0,3,1
DF,BASWH,-23.822094,133.932589,0, ,0.0,0.0,0,0,0,0,0,0,0,1
VM,0,0,1,325.0,2,5200,0,0,0,0,0,0

APPTR,R30-Z,30,BASEA
IF,BASEA,-23.829892,134.184644, ,0.0,0.0,2,5200,0,0,0,0,1,0
TF,BASEI,-23.904747,134.086797,0, ,0.0,0.0,0.0,0.0,2,5200,0,0,0,0,1,0

APPTR,R30-Z,30,BASEB
IF,BASEB,-23.946781,134.165419, ,0.0,0.0,2,5200,0,0,0,0,1,0
TF,BASEI,-23.904747,134.086797,0, ,0.0,0.0,0.0,0.0,2,5200,0,0,0,0,1,0

APPTR,R30-Z,30,BASEC
IF,BASEC,-24.019919,134.064092, ,0.0,0.0,2,5200,0,0,0,0,1,0
TF,BASEI,-23.904747,134.086797,0, ,0.0,0.0,0.0,0.0,2,5200,0,0,0,0,1,0

FINAL,R30-Z,30,R,3
IF,BASEI,-23.904747,134.086797, ,0.0,0.0,2,5200,0,0,0,0,0,0
TF,BASEF,-23.862669,134.008228,0, ,0.0,0.0,295.0,5.0,2,3720,0,0,0,0,2,0
TF,BASEM,-23.820553,133.929708,0, ,0.0,0.0,295.0,5.0,1,2133,0,0,0,0,3,1
TF,BASET,-23.786831,133.866928,0, ,0.0,0.0,0.0,0.0,0,0,0,0,0,0,0,1
CA,0,295.0,2,3500,0,0,0,0,0,0
DF,BASEH,-23.670000,133.833333,2, ,0.0,0.0,0,0,0,0,0,0,0,1
VM,0,0,2,115.0,2,5200,0,0,0,0,0,0

