APPTR,R10,10,BRYWA
IF,BRYWA,-22.695786,118.926508, ,0.0,0.0,2,5000,0,1,210,0,1,0
TF,BRYWI,-22.627425,118.978400,0, ,0.0,0.0,0.0,0.0,2,5000,0,0,0,0,1,0

APPTR,R10,10,BRYWB
IF,BRYWB,-22.605542,118.891469, ,0.0,0.0,2,5000,0,1,210,0,1,0
TF,BRYWI,-22.627425,118.978400,0, ,0.0,0.0,0.0,0.0,2,5000,0,0,0,0,1,0

APPTR,R10,10,BRYWC
IF,BRYWC,-22.544103,118.970794, ,0.0,0.0,2,5000,0,1,210,0,1,0
TF,BRYWI,-22.627425,118.978400,0, ,0.0,0.0,0.0,0.0,2,5000,0,0,0,0,1,0

FINAL,R10,10,R,3
IF,BRYWI,-22.627425,118.978400, ,0.0,0.0,2,5000,0,0,0,0,0,0
TF,BRYWF,-22.649261,119.065358,0, ,0.0,0.0,104.0,5.0,2,3790,0,0,0,0,2,0
TF,BRYWM,-22.671050,119.152344,0, ,0.0,0.0,104.0,5.0,1,2202,0,0,0,0,3,1
CA,0,104.0,2,3400,0,0,0,0,0,0
DF,BRYWH,-22.532736,119.178833,1, ,0.0,0.0,0,0,0,0,0,0,0,0
VM,0,0,0,306.0,2,5000,0,0,0,0,0,0

APPTR,R28,28,BRYED
IF,BRYED,-22.652986,119.406208, ,0.0,0.0,2,5000,0,1,210,0,1,0
TF,BRYEI,-22.721483,119.354519,0, ,0.0,0.0,0.0,0.0,2,5000,0,0,0,0,1,0

APPTR,R28,28,BRYEE
IF,BRYEE,-22.743117,119.441597, ,0.0,0.0,2,5000,0,1,210,0,1,0
TF,BRYEI,-22.721483,119.354519,0, ,0.0,0.0,0.0,0.0,2,5000,0,0,0,0,1,0

APPTR,R28,28,BRYEG
IF,BRYEG,-22.804786,119.362367, ,0.0,0.0,2,5000,0,1,210,0,1,0
TF,BRYEI,-22.721483,119.354519,0, ,0.0,0.0,0.0,0.0,2,5000,0,0,0,0,1,0

FINAL,R28,28,R,3
IF,BRYEI,-22.721483,119.354519, ,0.0,0.0,2,5000,0,0,0,0,0,0
TF,BRYEF,-22.699806,119.267469,0, ,0.0,0.0,284.0,5.0,2,3790,0,0,0,0,2,0
TF,BRYEM,-22.678078,119.180447,0, ,0.0,0.0,284.0,5.0,1,2202,0,0,0,0,3,1
CA,0,284.0,2,3400,0,0,0,0,0,0
DF,BRYEH,-22.816392,119.153933,1, ,0.0,0.0,0,0,0,0,0,0,0,0
VM,0,0,0,126.0,2,5000,0,0,0,0,0,0

