APPTR,N14,14,BUD1
IF,BUD,-24.906536,152.320644, ,0.0,0.0,2,2700,0,1,210,0,1,0
FC,BUD,-24.906536,152.320644,0,BUD,0.0,0.0,346.0,7.0,2,1400,0,0,0,0,0,1
CF,FF14,-24.839011,152.281303,1,BUD,322.0,4.6,142.0,3.0,2,1400,0,0,0,0,0,0

APPTR,N14,14,BUD2
IF,BUD,-24.906536,152.320644, ,0.0,0.0,2,2700,0,1,210,0,1,0
FC,BUD,-24.906536,152.320644,0,BUD,0.0,0.0,334.0,10.5,2,1400,0,0,0,0,0,1
CF,FF14,-24.839011,152.281303,1,BUD,322.0,4.6,142.0,6.0,2,1400,0,0,0,0,0,0

FINAL,N14,14,N,2
IF,FF14,-24.839011,152.281303,BUD,0.0,0.0,2,1400,0,0,0,0,2,0
CF,RW14,-24.897297,152.317253,0,BUD,0.0,0.0,142.0,4.0,1,150,0,0,0,0,3,0
TF,BUD,-24.906536,152.320644,0, ,0.0,0.0,0.0,0.0,0,0,0,0,0,0,0,1
CA,0,142.0,2,2700,0,0,0,0,0,0

APPTR,N32,32,BUD1
IF,BUD,-24.906536,152.320644, ,0.0,0.0,2,2700,0,1,210,0,1,0
FC,BUD,-24.906536,152.320644,0,BUD,0.0,0.0,158.0,7.0,2,1400,0,0,0,0,0,1
CF,FF32,-24.967675,152.369381,1,BUD,134.0,4.5,314.0,3.0,2,1400,0,0,0,0,0,0

APPTR,N32,32,BUD2
IF,BUD,-24.906536,152.320644, ,0.0,0.0,2,2700,0,1,210,0,1,0
FC,BUD,-24.906536,152.320644,0,BUD,0.0,0.0,146.0,10.5,2,1400,0,0,0,0,0,1
CF,FF32,-24.967675,152.369381,1,BUD,134.0,4.5,314.0,6.0,2,1400,0,0,0,0,0,0

FINAL,N32,32,N,2
IF,FF32,-24.967675,152.369381,BUD,0.0,0.0,2,1400,0,0,0,0,2,0
CF,RW32,-24.912569,152.327825,0,BUD,0.0,0.0,314.0,4.0,1,150,0,0,0,0,3,0
TF,BUD,-24.906536,152.320644,0, ,0.0,0.0,0.0,0.0,0,0,0,0,0,0,0,1
CA,0,314.0,2,2700,0,0,0,0,0,0

APPTR,R14-Z,14,BDBNA
IF,BDBNA,-24.773561,152.130025, ,0.0,0.0,2,2700,0,1,210,0,1,0
TF,BDBNI,-24.755889,152.219511,0, ,0.0,0.0,0.0,0.0,2,2700,0,0,0,0,1,0

APPTR,R14-Z,14,BDBNC
IF,BDBNC,-24.685158,152.170722, ,0.0,0.0,2,2700,0,1,210,0,1,0
TF,BDBNI,-24.755889,152.219511,0, ,0.0,0.0,0.0,0.0,2,2700,0,0,0,0,1,0

APPTR,R14-Z,14,BDBND
IF,BDBND,-24.689803,152.275561, ,0.0,0.0,2,2700,0,1,210,0,1,0
TF,BDBNI,-24.755889,152.219511,0, ,0.0,0.0,0.0,0.0,2,2700,0,0,0,0,1,0

FINAL,R14-Z,14,R,3
IF,BDBNI,-24.755889,152.219511, ,0.0,0.0,2,2700,0,0,0,0,0,0
TF,BDBNF,-24.826600,152.268353,0, ,0.0,0.0,138.0,5.0,2,1740,0,0,0,0,2,0
TF,BDBNM,-24.897297,152.317253,0, ,0.0,0.0,138.0,5.0,1,150,0,0,0,0,3,1
DF,BDBNH,-24.939706,152.346619,0, ,0.0,0.0,0,0,0,0,0,0,0,0
CA,0,138.0,2,2700,0,0,0,0,0,0

APPTR,R32-Z,32,BDBSE
IF,BDBSE,-25.036053,152.515458, ,0.0,0.0,2,2700,0,1,210,0,1,0
TF,BDBSI,-25.053906,152.425814,0, ,0.0,0.0,0.0,0.0,2,2700,0,0,0,0,1,0

APPTR,R32-Z,32,BDBSG
IF,BDBSG,-25.124544,152.474892, ,0.0,0.0,2,2700,0,1,210,0,1,0
TF,BDBSI,-25.053906,152.425814,0, ,0.0,0.0,0.0,0.0,2,2700,0,0,0,0,1,0

APPTR,R32-Z,32,BDBSJ
IF,BDBSJ,-25.120044,152.369678, ,0.0,0.0,2,2700,0,1,210,0,1,0
TF,BDBSI,-25.053906,152.425814,0, ,0.0,0.0,0.0,0.0,2,2700,0,0,0,0,1,0

FINAL,R32-Z,32,R,3
IF,BDBSI,-25.053906,152.425814, ,0.0,0.0,2,2700,0,0,0,0,0,0
TF,BDBSF,-24.983244,152.376792,0, ,0.0,0.0,318.0,5.0,2,1740,0,0,0,0,2,0
TF,BDBSM,-24.912569,152.327825,0, ,0.0,0.0,318.0,5.0,1,150,0,0,0,0,3,1
DF,BDBSH,-24.870156,152.298472,0, ,0.0,0.0,0,0,0,0,0,0,0,0
CA,0,318.0,2,2700,0,0,0,0,0,0

