APPTR,R03-Z,03,BWXSA
IF,BWXSA,-21.083367,115.382189, ,0.0,0.0,2,2000,0,1,210,0,1,0
TF,BWXSI,-21.022669,115.320892,0, ,0.0,0.0,0.0,0.0,2,2000,0,0,0,0,1,0

APPTR,R03-Z,03,BWXSB
IF,BWXSB,-21.097489,115.281072, ,0.0,0.0,2,2000,0,1,210,0,1,0
TF,BWXSI,-21.022669,115.320892,0, ,0.0,0.0,0.0,0.0,2,2000,0,0,0,0,1,0

APPTR,R03-Z,03,BWXSC
IF,BWXSC,-21.013125,115.232400, ,0.0,0.0,2,2000,0,1,210,0,1,0
TF,BWXSI,-21.022669,115.320892,0, ,0.0,0.0,0.0,0.0,2,2000,0,0,0,0,1,0

FINAL,R03-Z,03,R,3
IF,BWXSI,-21.022669,115.320892, ,0.0,0.0,2,2000,0,0,0,0,0,0
TF,BWXSF,-20.947850,115.360692,0, ,0.0,0.0,26.0,5.0,2,1750,0,0,0,0,2,0
TF,BWXSM,-20.873031,115.400472,0, ,0.0,0.0,26.0,5.0,1,161,0,0,0,0,3,1
CA,0,26.0,2,530,0,0,0,0,0,0
DF,BWXSH,-20.905844,115.518289,2, ,0.0,0.0,0,0,0,1,210,0,0,0
VM,0,0,0,180.0,2,2000,0,0,0,0,0,0

APPTR,R21-Z,21,BWBND
IF,BWBND,-20.659508,115.373472, ,0.0,0.0,2,2000,0,0,0,0,1,0
TF,BWBNI,-20.679678,115.459719,0, ,0.0,0.0,0.0,0.0,2,2000,0,0,0,0,1,0

APPTR,R21-Z,21,BWBNE
IF,BWBNE,-20.598503,115.481131, ,0.0,0.0,2,2000,0,0,0,0,1,0
TF,BWBNI,-20.679678,115.459719,0, ,0.0,0.0,0.0,0.0,2,2000,0,0,0,0,1,0

APPTR,R21-Z,21,BWBNG
IF,BWBNG,-20.699806,115.545989, ,0.0,0.0,2,2000,0,0,0,0,1,0
TF,BWBNI,-20.679678,115.459719,0, ,0.0,0.0,0.0,0.0,2,2000,0,0,0,0,1,0

FINAL,R21-Z,21,R,3
IF,BWBNI,-20.679678,115.459719, ,0.0,0.0,2,2000,0,0,0,0,0,0
TF,BWBNF,-20.760853,115.438297,0, ,0.0,0.0,193.0,5.0,2,1890,0,0,0,0,2,0
TF,BWBNM,-20.842314,115.416792,0, ,0.0,0.0,193.0,5.0,1,303,0,0,0,0,3,1
DF,BWBNH,-20.891019,115.403922,0, ,0.0,0.0,0,0,0,0,0,0,0,0
CA,0,193.0,2,2000,0,0,0,0,0,0

