APPTR,R14-Z,14,CNYNA
IF,CNYNA,-18.646083,138.509417, ,0.0,0.0,2,3500,0,0,0,0,1,0
TF,CNYNI,-18.619500,138.592583,0, ,0.0,0.0,0.0,0.0,2,3500,0,0,0,0,1,0

APPTR,R14-Z,14,CNYNC
IF,CNYNC,-18.554094,138.537933, ,0.0,0.0,2,3500,0,0,0,0,1,0
TF,CNYNI,-18.619500,138.592583,0, ,0.0,0.0,0.0,0.0,2,3500,0,0,0,0,1,0

APPTR,R14-Z,14,CNYND
IF,CNYND,-18.548139,138.638333, ,0.0,0.0,2,3500,0,0,0,0,1,0
TF,CNYNI,-18.619500,138.592583,0, ,0.0,0.0,0.0,0.0,2,3500,0,0,0,0,1,0

FINAL,R14-Z,14,R,3
IF,CNYNI,-18.619500,138.592583, ,0.0,0.0,2,3500,0,0,0,0,0,0
TF,CNYNF,-18.684889,138.647278,0, ,0.0,0.0,136.0,5.0,2,2140,0,0,0,0,2,0
TF,CNYNM,-18.750250,138.702028,0, ,0.0,0.0,136.0,5.0,1,547,0,0,0,0,3,1
DF,CNYNH,-18.815611,138.756806,0, ,0.0,0.0,0,0,0,0,0,0,0,0
CA,0,136.0,2,2400,0,0,0,0,0,0

APPTR,R32-Z,32,CNYSE
IF,CNYSE,-18.871250,138.909139, ,0.0,0.0,2,3500,0,0,0,0,1,0
TF,CNYSI,-18.897972,138.825889,0, ,0.0,0.0,0.0,0.0,2,3500,0,0,0,0,1,0

APPTR,R32-Z,32,CNYSG
IF,CNYSG,-18.963306,138.880750, ,0.0,0.0,2,3500,0,0,0,0,1,0
TF,CNYSI,-18.897972,138.825889,0, ,0.0,0.0,0.0,0.0,2,3500,0,0,0,0,1,0

APPTR,R32-Z,32,CNYSJ
IF,CNYSJ,-18.969361,138.780111, ,0.0,0.0,2,3500,0,0,0,0,1,0
TF,CNYSI,-18.897972,138.825889,0, ,0.0,0.0,0.0,0.0,2,3500,0,0,0,0,1,0

FINAL,R32-Z,32,R,3
IF,CNYSI,-18.897972,138.825889, ,0.0,0.0,2,3500,0,0,0,0,0,0
TF,CNYSF,-18.832583,138.771056,0, ,0.0,0.0,316.0,5.0,2,2140,0,0,0,0,2,0
TF,CNYSM,-18.767278,138.716278,0, ,0.0,0.0,316.0,5.0,1,552,0,0,0,0,3,1
DF,CNYSH,-18.701889,138.661528,0, ,0.0,0.0,0,0,0,0,0,0,0,0
CA,0,316.0,2,2400,0,0,0,0,0,0

