APPTR,R08,08,EJIWA
IF,EJIWA,-30.883981,120.095919, ,0.0,0.0,2,3000,0,1,210,0,1,0
TF,EJIWI,-30.801625,120.112053,0, ,0.0,0.0,0.0,0.0,2,3000,0,0,0,0,1,0

APPTR,R08,08,EJIWB
IF,EJIWB,-30.816683,120.016872, ,0.0,0.0,2,3000,0,1,210,0,1,0
TF,EJIWI,-30.801625,120.112053,0, ,0.0,0.0,0.0,0.0,2,3000,0,0,0,0,1,0

APPTR,R08,08,EJIWC
IF,EJIWC,-30.729583,120.063111, ,0.0,0.0,2,3000,0,1,210,0,1,0
TF,EJIWI,-30.801625,120.112053,0, ,0.0,0.0,0.0,0.0,2,3000,0,0,0,0,1,0

FINAL,R08,08,R,3
IF,EJIWI,-30.801625,120.112053, ,0.0,0.0,2,3000,0,0,0,0,0,0
TF,EJIWF,-30.786569,120.207219,0, ,0.0,0.0,79.0,5.0,2,3000,0,0,0,0,2,0
TF,EJIWM,-30.771511,120.302372,0, ,0.0,0.0,79.0,5.0,1,1497,0,0,0,0,3,1
DF,EJIWH,-30.762456,120.359428,0, ,0.0,0.0,0,0,0,0,0,0,0,0
CA,0,79.0,2,3000,0,0,0,0,0,0

APPTR,R26,26,EJIED
IF,EJIED,-30.655833,120.528211, ,0.0,0.0,2,3000,0,1,210,0,1,0
TF,EJIEI,-30.738192,120.512117,0, ,0.0,0.0,0.0,0.0,2,3000,0,0,0,0,1,0

APPTR,R26,26,EJIEE
IF,EJIEE,-30.723064,120.607206, ,0.0,0.0,2,3000,0,1,210,0,1,0
TF,EJIEI,-30.738192,120.512117,0, ,0.0,0.0,0.0,0.0,2,3000,0,0,0,0,1,0

APPTR,R26,26,EJIEG
IF,EJIEG,-30.810217,120.561097, ,0.0,0.0,2,3000,0,1,210,0,1,0
TF,EJIEI,-30.738192,120.512117,0, ,0.0,0.0,0.0,0.0,2,3000,0,0,0,0,1,0

FINAL,R26,26,R,3
IF,EJIEI,-30.738192,120.512117, ,0.0,0.0,2,3000,0,0,0,0,0,0
TF,EJIEF,-30.753303,120.417008,0, ,0.0,0.0,259.0,5.0,2,3000,0,0,0,0,2,0
TF,EJIEM,-30.768417,120.321886,0, ,0.0,0.0,259.0,5.0,1,1448,0,0,0,0,3,1
DF,EJIEH,-30.777458,120.264814,0, ,0.0,0.0,0,0,0,0,0,0,0,0
CA,0,259.0,2,3000,0,0,0,0,0,0

