APPTR,R05-Z,05,FLSWA
IF,FLSWA,-40.252822,147.779528, ,0.0,0.0,2,3800,0,1,210,0,1,0
TF,FLSWI,-40.169589,147.772789,0, ,0.0,0.0,0.0,0.0,2,3600,0,0,0,0,1,0

APPTR,R05-Z,05,FLSWB
IF,FLSWB,-40.202867,147.673086, ,0.0,0.0,2,3800,0,1,210,0,1,0
TF,FLSWI,-40.169589,147.772789,0, ,0.0,0.0,0.0,0.0,2,3600,0,0,0,0,1,0

APPTR,R05-Z,05,FLSWC
IF,FLSWC,-40.109122,147.697956, ,0.0,0.0,2,3800,0,1,210,0,1,0
TF,FLSWI,-40.169589,147.772789,0, ,0.0,0.0,0.0,0.0,2,3600,0,0,0,0,1,0

FINAL,R05-Z,05,R,3
IF,FLSWI,-40.169589,147.772789, ,0.0,0.0,2,3600,0,0,0,0,0,0
TF,FLSWF,-40.136306,147.872394,0, ,0.0,0.0,53.0,5.0,2,2010,0,0,0,0,2,0
TF,FLSWM,-40.102856,147.971900,0, ,0.0,0.0,53.0,5.0,1,417,0,0,0,0,3,1
CA,0,53.0,2,540,0,0,0,0,0,0
DF,FLSWH,-40.167897,147.940850,2, ,0.0,0.0,0,0,0,1,160,0,0,0
VM,0,0,0,233.0,2,3800,0,0,0,0,0,0

