APPTR,D03-Z,03,D155J
IF,D155J,-28.940497,114.789372, ,0.0,0.0,2,2300,0,1,210,0,1,0
AF,D196J,-28.951731,114.656928,2,GEL,196.0,10.0,155.0,2,2300,0,0,0,0,0,0
CF,CF03,-28.919453,114.666775,0,GEL,196.0,8.0,16.0,2.0,2,2300,0,0,0,0,0,0

APPTR,D03-Z,03,D196J
IF,D196J,-28.951731,114.656928, ,0.0,0.0,2,2300,0,1,210,0,1,0
TF,CF03,-28.919453,114.666775,0, ,0.0,0.0,0.0,0.0,2,2300,0,0,0,0,0,0

APPTR,D03-Z,03,GEL1
IF,GEL,-28.790336,114.706100, ,0.0,0.0,2,2300,0,1,210,0,1,0
FD,GEL,-28.790336,114.706100,0,GEL,0.0,8.0,174.0,8.0,0,0,0,0,0,0,0,0
CF,CF03,-28.919453,114.666775,2,GEL,196.0,8.0,16.0,1.0,2,2300,0,0,0,0,0,0

APPTR,D03-Z,03,GEL2
IF,GEL,-28.790336,114.706100, ,0.0,0.0,2,2300,0,1,210,0,1,0
FD,GEL,-28.790336,114.706100,0,GEL,0.0,8.0,185.0,8.0,0,0,0,0,0,0,0,0
CF,CF03,-28.919453,114.666775,2,GEL,196.0,8.0,16.0,1.0,2,2300,0,0,0,0,0,0

FINAL,D03-Z,03,D,4
IF,CF03,-28.919453,114.666775,GEL,196.0,8.0,2,2300,0,0,0,0,0,0
CF,FF03,-28.887175,114.676614,0,GEL,196.0,6.0,16.0,2.0,2,1780,0,0,0,0,2,0
CF,30VOR,-28.838756,114.691364,0,GEL,196.0,3.0,16.0,3.0,2,830,0,0,0,0,0,0
CF,RW03,-28.804489,114.703386,0,GEL,190.6,0.9,16.0,2.2,1,148,0,0,0,0,3,0
CF,GEL,-28.790336,114.706100,0,GEL,0.0,0.0,16.0,0.9,0,0,0,0,0,0,0,1
CA,0,16.0,2,2300,0,0,0,0,0,0

APPTR,D21,21,D025K
IF,D025K,-28.622386,114.790831, ,0.0,0.0,2,2300,0,1,210,0,1,0
TF,CF21,-28.683464,114.760050,0, ,0.0,0.0,0.0,0.0,2,2300,0,0,0,0,0,0

APPTR,D21,21,D060K
IF,D060K,-28.695547,114.884792, ,0.0,0.0,2,2300,0,1,210,0,1,0
AF,D025K,-28.622386,114.790831,1,GEL,25.0,11.0,60.0,2,2300,0,0,0,0,0,0
CF,CF21,-28.683464,114.760050,0,GEL,25.0,7.0,205.0,4.0,2,2300,0,0,0,0,0,0

APPTR,D21,21,D342K
IF,D342K,-28.616519,114.638278, ,0.0,0.0,2,2300,0,1,210,0,1,0
AF,D025K,-28.622386,114.790831,2,GEL,25.0,11.0,342.0,2,2300,0,0,0,0,0,0
CF,CF21,-28.683464,114.760050,0,GEL,25.0,7.0,205.0,4.0,2,2300,0,0,0,0,0,0

APPTR,D21,21,GEL1
FD,GEL,-28.790336,114.706100,0,GEL,0.0,7.0,52.0,7.0,2,2300,0,1,210,0,1,0
CF,CF21,-28.683464,114.760050,1,GEL,25.0,7.0,205.0,1.0,2,2300,0,0,0,0,0,0

APPTR,D21,21,GEL2
FD,GEL,-28.790336,114.706100,0,GEL,0.0,7.0,40.0,7.0,2,2300,0,1,210,0,1,0
CF,CF21,-28.683464,114.760050,1,GEL,25.0,7.0,205.0,1.0,2,2300,0,0,0,0,0,0

FINAL,D21,21,D,5
IF,CF21,-28.683464,114.760050,GEL,25.0,7.0,2,2300,0,0,0,0,0,0
CF,FF21,-28.714003,114.744647,0,GEL,25.0,5.0,205.0,2.0,2,1800,0,0,0,0,2,0
CF,40VOR,-28.729269,114.736942,0,GEL,25.0,4.0,205.0,1.0,2,1460,0,0,0,0,0,0
CF,30VO2,-28.744536,114.729233,0,GEL,25.0,3.0,205.0,1.0,2,1120,0,0,0,0,0,0
CF,RW21,-28.787525,114.709789,0,GEL,50.1,0.3,205.0,2.8,1,170,0,0,0,0,3,0
CF,GEL,-28.790336,114.706100,0,GEL,0.0,0.0,205.0,0.3,0,0,0,0,0,0,0,0
CA,0,205.0,2,2300,0,0,0,0,0,0

APPTR,N03-Y,03,GEL1
IF,GEL,-28.798419,114.701803, ,0.0,0.0,2,2300,0,1,210,0,1,0
FC,GEL,-28.798419,114.701803,0,GEL,0.0,0.0,164.0,5.3,0,0,0,0,0,0,0,1
CF,FN03Y,-28.868294,114.680531,2,GEL,197.1,4.9,16.0,1.0,2,1400,0,0,0,0,0,0

APPTR,N03-Y,03,GEL2
IF,GEL,-28.798419,114.701803, ,0.0,0.0,2,2300,0,1,210,0,1,0
FC,GEL,-28.798419,114.701803,0,GEL,0.0,0.0,178.0,6.0,0,0,0,0,0,0,0,1
CF,FN03Y,-28.868294,114.680531,2,GEL,197.1,4.9,16.0,1.0,2,1400,0,0,0,0,0,0

FINAL,N03-Y,03,N,3
IF,FN03Y,-28.868294,114.680531,GEL,0.0,0.0,2,1400,0,0,0,0,2,0
CF,EN03,-28.803733,114.700183,0,GEL,0.0,0.0,16.0,4.0,1,148,0,0,0,0,0,1
CF,GEL,-28.798419,114.701803,0,GEL,0.0,0.0,16.0,0.5,2,630,0,0,0,0,3,0
CA,0,16.0,2,2300,0,0,0,0,0,0

APPTR,Q03-Z,03,D155J
IF,D155J,-28.940497,114.789372, ,0.0,0.0,2,2300,0,1,210,0,1,0
AF,GE016,-28.951319,114.655219,2,GEL,196.5,10.0,155.0,2,2300,0,0,0,0,0,0
CF,CN03,-28.919039,114.665064,0,GEL,196.7,8.0,16.0,2.0,2,2300,0,0,0,0,0,0

APPTR,Q03-Z,03,GE016
IF,GE016,-28.951319,114.655219, ,0.0,0.0,2,2300,0,1,210,0,1,0
TF,CN03,-28.919039,114.665064,0, ,0.0,0.0,0.0,0.0,2,2300,0,0,0,0,0,0

APPTR,Q03-Z,03,GEL1
IF,GEL,-28.798419,114.701803, ,0.0,0.0,2,2300,0,1,210,0,1,0
FD,GEL,-28.798419,114.701803,0,GEL,206.1,8.0,174.0,8.0,0,0,0,0,0,0,0,0
CF,CN03,-28.919039,114.665064,2,GEL,196.7,8.0,16.0,1.0,2,2300,0,0,0,0,0,0

APPTR,Q03-Z,03,GEL2
IF,GEL,-28.798419,114.701803, ,0.0,0.0,2,2300,0,1,210,0,1,0
FD,GEL,-28.798419,114.701803,0,GEL,206.1,8.0,185.0,8.0,0,0,0,0,0,0,0,0
CF,CN03,-28.919039,114.665064,2,GEL,196.7,8.0,16.0,1.0,2,2300,0,0,0,0,0,0

FINAL,Q03-Z,03,N,5
IF,CN03,-28.919039,114.665064,GEL,0.0,0.0,2,2300,0,0,0,0,0,0
CF,FN03,-28.886758,114.674906,0,GEL,0.0,0.0,16.0,2.0,2,1780,0,0,0,0,2,0
CF,30DME,-28.838328,114.689656,0,GEL,0.0,0.0,16.0,3.0,2,830,0,0,0,0,0,0
CF,EP03,-28.803733,114.700183,0,GEL,0.0,0.9,16.0,2.1,1,148,0,0,0,0,0,1
CF,GEL,-28.798419,114.701803,0,GEL,0.0,0.5,16.0,0.3,2,630,0,0,0,0,3,0
CA,0,16.0,2,2300,0,0,0,0,0,0

APPTR,Q21,21,D060K
IF,D060K,-28.695547,114.884792, ,0.0,0.0,2,2300,0,1,210,0,1,0
AF,GE205,-28.622314,114.790647,1,GEL,24.9,11.0,60.0,2,2300,0,0,0,0,0,0
CF,CQ21,-28.683394,114.759869,0,GEL,24.9,7.0,205.0,4.0,2,2300,0,0,0,0,0,0

APPTR,Q21,21,D342K
IF,D342K,-28.616519,114.638278, ,0.0,0.0,2,2300,0,1,210,0,1,0
AF,GE205,-28.622314,114.790647,2,GEL,24.9,11.0,342.0,2,2300,0,0,0,0,0,0
CF,CQ21,-28.683394,114.759869,0,GEL,24.9,7.0,205.0,4.0,2,2300,0,0,0,0,0,0

APPTR,Q21,21,GE205
IF,GE205,-28.622314,114.790647, ,0.0,0.0,2,2300,0,1,210,0,1,0
TF,CQ21,-28.683394,114.759869,0, ,0.0,0.0,0.0,0.0,2,2300,0,0,0,0,0,0

APPTR,Q21,21,GEL1
FD,GEL,-28.798419,114.701803,0,GEL,206.1,7.0,52.0,7.0,2,2300,0,1,210,0,1,0
CF,CQ21,-28.683394,114.759869,1,GEL,24.9,7.0,205.0,1.0,2,2300,0,0,0,0,0,0

APPTR,Q21,21,GEL2
FD,GEL,-28.798419,114.701803,0,GEL,206.1,7.0,40.0,7.0,2,2300,0,1,210,0,1,0
CF,CQ21,-28.683394,114.759869,1,GEL,24.9,7.0,205.0,1.0,2,2300,0,0,0,0,0,0

FINAL,Q21,21,N,5
IF,CQ21,-28.683394,114.759869,GEL,0.0,0.0,2,2300,0,0,0,0,0,0
CF,FQ21,-28.713931,114.744467,0,GEL,0.0,0.0,205.0,2.0,2,1800,0,0,0,0,2,0
CF,40DME,-28.729197,114.736764,0,GEL,0.0,0.0,205.0,1.0,2,1460,0,0,0,0,0,0
CF,30DM2,-28.744467,114.729056,0,GEL,0.0,0.0,205.0,1.0,2,1120,0,0,0,0,0,0
CF,RW21,-28.787525,114.709789,0,GEL,0.0,0.3,205.0,2.8,1,170,0,0,0,0,3,0
CF,GEL,-28.798419,114.701803,0,GEL,206.1,0.5,205.0,0.8,0,0,0,0,0,0,0,0
CA,0,205.0,2,2300,0,0,0,0,0,0

APPTR,R03-Z,03,GELSE
IF,GELSE,-29.019222,114.716286, ,0.0,0.0,2,2300,0,1,210,0,1,0
TF,GELSI,-28.967322,114.641817,0, ,0.0,0.0,0.0,0.0,2,2300,0,0,0,0,1,0

APPTR,R03-Z,03,GELSG
IF,GELSG,-29.046583,114.611772, ,0.0,0.0,2,2300,0,1,210,0,1,0
TF,GELSI,-28.967322,114.641817,0, ,0.0,0.0,0.0,0.0,2,2300,0,0,0,0,1,0

APPTR,R03-Z,03,GELSJ
IF,GELSJ,-28.969589,114.546844, ,0.0,0.0,2,2300,0,1,210,0,1,0
TF,GELSI,-28.967322,114.641817,0, ,0.0,0.0,0.0,0.0,2,2300,0,0,0,0,1,0

FINAL,R03-Z,03,R,3
IF,GELSI,-28.967322,114.641817, ,0.0,0.0,2,2300,0,0,0,0,0,0
TF,GELSF,-28.888050,114.671817,0, ,0.0,0.0,19.0,5.0,2,1820,0,0,0,0,2,0
TF,GELSM,-28.808772,114.701772,0, ,0.0,0.0,19.0,5.0,1,234,0,0,0,0,3,1
TF,GELSH,-28.761200,114.719722,0, ,0.0,0.0,0.0,0.0,0,0,0,0,0,0,0,0
CA,0,19.0,2,2300,0,0,0,0,0,0

APPTR,R21-Z,21,GELNA
IF,GELNA,-28.572597,114.701097, ,0.0,0.0,2,2300,0,1,210,0,1,0
TF,GELNI,-28.625603,114.774278,0, ,0.0,0.0,0.0,0.0,2,2300,0,0,0,0,1,0

APPTR,R21-Z,21,GELNC
IF,GELNC,-28.546769,114.805644, ,0.0,0.0,2,2300,0,1,210,0,1,0
TF,GELNI,-28.625603,114.774278,0, ,0.0,0.0,0.0,0.0,2,2300,0,0,0,0,1,0

APPTR,R21-Z,21,GELND
IF,GELND,-28.624633,114.868967, ,0.0,0.0,2,2300,0,1,210,0,1,0
TF,GELNI,-28.625603,114.774278,0, ,0.0,0.0,0.0,0.0,2,2300,0,0,0,0,1,0

FINAL,R21-Z,21,R,3
IF,GELNI,-28.625603,114.774278, ,0.0,0.0,2,2300,0,0,0,0,0,0
TF,GELNF,-28.704428,114.742867,0, ,0.0,0.0,200.0,5.0,2,1850,0,0,0,0,2,0
TF,GELNM,-28.783244,114.711406,0, ,0.0,0.0,200.0,5.0,1,256,0,0,0,0,3,1
TF,GELNH,-28.830531,114.692508,0, ,0.0,0.0,0.0,0.0,0,0,0,0,0,0,0,0
CA,0,200.0,2,2300,0,0,0,0,0,0

APPTR,S03-Y,03,GEL1
IF,GEL,-28.790336,114.706100, ,0.0,0.0,2,2300,0,1,210,0,1,0
FC,GEL,-28.790336,114.706100,0,GEL,0.0,0.0,164.0,5.3,0,0,0,0,0,0,0,1
CF,FS03,-28.868683,114.682250,2,GEL,196.0,4.9,16.0,1.0,2,1400,0,0,0,0,0,0

APPTR,S03-Y,03,GEL2
IF,GEL,-28.790336,114.706100, ,0.0,0.0,2,2300,0,1,210,0,1,0
FC,GEL,-28.790336,114.706100,0,GEL,0.0,0.0,178.0,6.0,0,0,0,0,0,0,0,1
CF,FS03,-28.868683,114.682250,2,GEL,196.0,4.9,16.0,1.0,2,1400,0,0,0,0,0,0

FINAL,S03-Y,03,D,2
IF,FS03,-28.868683,114.682250,GEL,196.0,4.9,2,1400,0,0,0,0,2,0
CF,RW03,-28.804489,114.703386,0,GEL,190.6,0.9,16.0,4.0,1,148,0,0,0,0,3,0
CF,GEL,-28.790336,114.706100,0,GEL,0.0,0.0,16.0,0.9,0,0,0,0,0,0,0,1
CA,0,16.0,2,2300,0,0,0,0,0,0

