APPTR,I10,10,MUDAN
IF,MUDAN,-23.793017,150.998239, ,0.0,0.0,2,4000,0,0,0,0,1,0
CF,CF10,-23.810356,151.049472,0,IGL,280.1,10.9,101.0,3.0,2,3100,0,0,0,0,0,0

FINAL,I10,10,I,3
IF,CF10,-23.810356,151.049472,IGL,280.1,10.9,2,3100,0,0,0,0,0,0
CF,FF10,-23.819006,151.075061,0,IGL,280.1,9.4,101.0,1.5,1,2760,0,0,0,0,2,0
CF,RW10,-23.866917,151.217003,0,IGL,280.1,1.1,101.0,8.3,1,111,0,0,0,0,3,0
CA,0,101.0,2,2900,0,0,0,0,0,0

APPTR,R10,10,GLTWA
IF,GLTWA,-23.809461,150.933139, ,0.0,0.0,2,4000,0,1,210,0,1,0
TF,GLTWI,-23.755958,151.002956,0, ,0.0,0.0,0.0,0.0,2,3500,0,0,0,0,0,0

APPTR,R10,10,GLTWB
IF,GLTWB,-23.713881,150.924475, ,0.0,0.0,2,5000,0,1,210,0,1,0
TF,GLTWI,-23.755958,151.002956,0, ,0.0,0.0,0.0,0.0,2,3500,0,0,0,0,0,0

APPTR,R10,10,GLTWC
IF,GLTWC,-23.673672,151.019033, ,0.0,0.0,2,5000,0,1,210,0,1,0
TF,GLTWI,-23.755958,151.002956,0, ,0.0,0.0,0.0,0.0,2,3500,0,0,0,0,0,0

FINAL,R10,10,R,3
IF,GLTWI,-23.755958,151.002956, ,0.0,0.0,2,3500,0,0,0,0,0,0
TF,GLTWF,-23.797997,151.081486,0, ,0.0,0.0,111.0,5.0,2,2830,0,0,0,0,2,0
TF,GLTWM,-23.860978,151.199378,0, ,0.0,0.0,111.0,7.5,1,436,0,0,0,0,3,1
DF,GLTWH,-23.886147,151.246567,0, ,0.0,0.0,0,0,0,0,0,0,0,0
VM,0,0,0,111.0,2,2900,0,0,0,0,0,0

APPTR,R28,28,GLTED
IF,GLTED,-23.865442,151.461614, ,0.0,0.0,2,2900,0,1,210,0,1,0
TF,GLTEI,-23.929464,151.403131,0, ,0.0,0.0,0.0,0.0,2,2900,0,0,0,0,1,0

APPTR,R28,28,GLTEE
IF,GLTEE,-23.958089,151.488597, ,0.0,0.0,2,2900,0,1,210,0,1,0
TF,GLTEI,-23.929464,151.403131,0, ,0.0,0.0,0.0,0.0,2,2900,0,0,0,0,1,0

APPTR,R28,28,GLTEG
IF,GLTEG,-24.013069,151.403067, ,0.0,0.0,2,2900,0,1,210,0,1,0
TF,GLTEI,-23.929464,151.403131,0, ,0.0,0.0,0.0,0.0,2,2900,0,0,0,0,1,0

FINAL,R28,28,R,3
IF,GLTEI,-23.929464,151.403131, ,0.0,0.0,2,2900,0,0,0,0,0,0
TF,GLTEF,-23.900792,151.317700,0, ,0.0,0.0,281.0,5.0,2,1680,0,0,0,0,2,0
TF,GLTEM,-23.872069,151.232306,0, ,0.0,0.0,281.0,5.0,1,113,0,0,0,0,3,1
CA,0,281.0,2,560,0,0,0,0,0,0
DF,GLTEH,-23.924081,151.102325,0, ,0.0,0.0,0,0,0,0,0,0,0,0
VM,0,0,0,205.0,2,4000,0,0,0,0,0,0

APPTR,V28,28,GLA1
IF,GLA,-23.865261,151.204408, ,0.0,0.0,2,4000,0,1,210,0,1,0
FC,GLA,-23.865261,151.204408,0,GLA,0.0,0.0,79.0,8.8,0,0,0,0,0,0,0,1
CF,FF28,-23.897575,151.312706,2,GLA,98.0,6.3,278.0,1.0,2,1600,0,0,0,0,0,0

APPTR,V28,28,GLA2
IF,GLA,-23.865261,151.204408, ,0.0,0.0,2,4000,0,0,0,0,1,0
FC,GLA,-23.865261,151.204408,0,GLA,0.0,0.0,86.0,9.0,0,0,0,0,0,0,0,1
CF,FF28,-23.897575,151.312706,2,GLA,98.0,6.3,278.0,1.2,2,1600,0,0,0,0,0,0

FINAL,V28,28,D,2
IF,FF28,-23.897575,151.312706,GLA,98.0,6.3,2,1600,0,0,0,0,2,0
CF,RW28,-23.872069,151.232306,0,GLA,94.9,1.6,278.0,4.7,1,90,0,0,0,0,3,0
TF,GLA,-23.865261,151.204408,0, ,0.0,0.0,278.0,0.0,0,0,0,0,0,0,0,1
CA,0,204.0,2,4000,0,0,0,0,0,0

