APPTR,N04,04,HLC1
IF,HLC,-18.233056,127.672500, ,0.0,0.0,2,3400,0,1,210,0,1,0
FC,HLC,-18.233056,127.672500,0,HLC,0.0,0.0,249.0,7.0,0,0,0,0,0,0,0,1
CF,FF04,-18.295017,127.600442,1,HLC,225.0,5.5,45.0,1.5,2,2900,0,0,0,0,0,0

APPTR,N04,04,HLC2
IF,HLC,-18.233056,127.672500, ,0.0,0.0,2,3400,0,1,140,0,1,0
FC,HLC,-18.233056,127.672500,0,HLC,0.0,0.0,238.0,5.8,0,0,0,0,0,0,0,1
CF,FF04,-18.295017,127.600442,1,HLC,225.0,5.5,45.0,1.0,2,2900,0,0,0,0,0,0

FINAL,N04,04,N,2
IF,FF04,-18.295017,127.600442,HLC,0.0,0.0,2,2900,0,0,0,0,2,0
CF,RW04,-18.240931,127.661408,0,HLC,0.0,0.0,45.0,4.8,1,1390,0,0,0,0,3,0
TF,HLC,-18.233056,127.672500,0, ,0.0,0.0,0.0,0.0,0,0,0,0,0,0,0,1
CA,0,45.0,2,3400,0,0,0,0,0,0

APPTR,N22,22,HLC1
IF,HLC,-18.233056,127.672500, ,0.0,0.0,2,3400,0,1,190,0,1,0
FC,HLC,-18.233056,127.672500,0,HLC,0.0,0.0,60.0,6.3,0,0,0,0,0,0,0,1
CF,FF22,-18.161344,127.731097,1,HLC,35.0,5.4,215.0,1.3,2,3100,0,0,0,0,0,0

APPTR,N22,22,HLC2
IF,HLC,-18.233056,127.672500, ,0.0,0.0,2,3400,0,1,130,0,1,0
FC,HLC,-18.233056,127.672500,0,HLC,0.0,0.0,46.0,6.5,0,0,0,0,0,0,0,1
CF,FF22,-18.161344,127.731097,1,HLC,35.0,5.4,215.0,1.8,2,3100,0,0,0,0,0,0

FINAL,N22,22,N,2
IF,FF22,-18.161344,127.731097,HLC,0.0,0.0,2,3100,0,0,0,0,2,0
CF,HLC,-18.233056,127.672500,0,HLC,0.0,0.0,215.0,5.4,1,1370,0,0,0,0,3,0
CA,0,215.0,2,3400,0,0,0,0,0,0

APPTR,R04,04,HCQSE
IF,HCQSE,-18.436744,127.578686, ,0.0,0.0,2,3400,0,1,210,0,1,0
TF,HCQSI,-18.361650,127.540058,0, ,0.0,0.0,0.0,0.0,2,3400,0,0,0,0,1,0

APPTR,R04,04,HCQSG
IF,HCQSG,-18.421972,127.479336, ,0.0,0.0,2,3400,0,1,210,0,1,0
TF,HCQSI,-18.361650,127.540058,0, ,0.0,0.0,0.0,0.0,2,3400,0,0,0,0,1,0

APPTR,R04,04,HCQSJ
IF,HCQSJ,-18.327803,127.459939, ,0.0,0.0,2,3400,0,1,210,0,1,0
TF,HCQSI,-18.361650,127.540058,0, ,0.0,0.0,0.0,0.0,2,3400,0,0,0,0,1,0

FINAL,R04,04,R,3
IF,HCQSI,-18.361650,127.540058, ,0.0,0.0,2,3400,0,0,0,0,0,0
TF,HCQSF,-18.301311,127.600739,0, ,0.0,0.0,41.0,5.0,2,2980,0,0,0,0,2,0
TF,HCQSM,-18.240953,127.661378,0, ,0.0,0.0,41.0,5.0,1,1390,0,0,0,0,3,1
DF,HCQSH,-18.204728,127.697742,0, ,0.0,0.0,0,0,0,0,0,0,0,0
CA,0,41.0,2,3400,0,0,0,0,0,0

APPTR,R22,22,HCQNA
IF,HCQNA,-18.035467,127.753550, ,0.0,0.0,2,3400,0,1,210,0,1,0
TF,HCQNI,-18.110522,127.792197,0, ,0.0,0.0,0.0,0.0,2,3400,0,0,0,0,1,0

APPTR,R22,22,HCQNC
IF,HCQNC,-18.050100,127.852703, ,0.0,0.0,2,3400,0,1,210,0,1,0
TF,HCQNI,-18.110522,127.792197,0, ,0.0,0.0,0.0,0.0,2,3400,0,0,0,0,1,0

APPTR,R22,22,HCQND
IF,HCQND,-18.144233,127.872281, ,0.0,0.0,2,3400,0,1,210,0,1,0
TF,HCQNI,-18.110522,127.792197,0, ,0.0,0.0,0.0,0.0,2,3400,0,0,0,0,1,0

FINAL,R22,22,R,3
IF,HCQNI,-18.110522,127.792197, ,0.0,0.0,2,3400,0,0,0,0,0,0
TF,HCQNF,-18.170925,127.731650,0, ,0.0,0.0,221.0,5.0,2,2970,0,0,0,0,2,0
TF,HCQNM,-18.231308,127.671061,0, ,0.0,0.0,221.0,5.0,1,1379,0,0,0,0,3,1
DF,HCQNH,-18.267528,127.634686,0, ,0.0,0.0,0,0,0,0,0,0,0,0
CA,0,221.0,2,3400,0,0,0,0,0,0

