APPTR,R03,03,KKGSA
IF,KKGSA,-17.639728,130.761967, ,0.0,0.0,2,2500,0,1,210,0,1,0
TF,KKGSI,-17.572411,130.710158,0, ,0.0,0.0,0.0,0.0,2,2500,0,0,0,0,1,0

APPTR,R03,03,KKGSB
IF,KKGSB,-17.642111,130.661894, ,0.0,0.0,2,2500,0,1,210,0,1,0
TF,KKGSI,-17.572411,130.710158,0, ,0.0,0.0,0.0,0.0,2,2500,0,0,0,0,1,0

APPTR,R03,03,KKGSC
IF,KKGSC,-17.552750,130.625378, ,0.0,0.0,2,2500,0,1,210,0,1,0
TF,KKGSI,-17.572411,130.710158,0, ,0.0,0.0,0.0,0.0,2,2500,0,0,0,0,1,0

FINAL,R03,03,R,3
IF,KKGSI,-17.572411,130.710158, ,0.0,0.0,2,2500,0,0,0,0,0,0
TF,KKGSF,-17.502697,130.758383,0, ,0.0,0.0,30.0,5.0,2,2290,0,0,0,0,2,0
TF,KKGSM,-17.432972,130.806572,0, ,0.0,0.0,30.0,5.0,1,697,0,0,0,0,3,1
DF,KKGSH,-17.391131,130.835467,0, ,0.0,0.0,0,0,0,0,0,0,0,0
CA,0,30.0,2,2500,0,0,0,0,0,0

APPTR,R03-N,03,KKGND
IF,KKGND,-17.216786,130.857569, ,0.0,0.0,2,2500,0,1,210,0,1,0
TF,KKGNI,-17.284069,130.909333,0, ,0.0,0.0,0.0,0.0,2,2500,0,0,0,0,1,0

APPTR,R03-N,03,KKGNE
IF,KKGNE,-17.214306,130.957408, ,0.0,0.0,2,2500,0,1,210,0,1,0
TF,KKGNI,-17.284069,130.909333,0, ,0.0,0.0,0.0,0.0,2,2500,0,0,0,0,1,0

APPTR,R03-N,03,KKGNG
IF,KKGNG,-17.303611,130.994022, ,0.0,0.0,2,2500,0,1,210,0,1,0
TF,KKGNI,-17.284069,130.909333,0, ,0.0,0.0,0.0,0.0,2,2500,0,0,0,0,1,0

FINAL,R03-N,03,R,3
IF,KKGNI,-17.284069,130.909333, ,0.0,0.0,2,2500,0,0,0,0,0,0
TF,KKGNF,-17.353819,130.861222,0, ,0.0,0.0,210.0,5.0,2,2260,0,0,0,0,2,0
TF,KKGNM,-17.423558,130.813075,0, ,0.0,0.0,210.0,5.0,1,663,0,0,0,0,3,1
DF,KKGNH,-17.465394,130.784169,0, ,0.0,0.0,0,0,0,0,0,0,0,0
CA,0,210.0,2,2500,0,0,0,0,0,0

APPTR,R13-N,13,KKGND
IF,KKGND,-17.216786,130.857569, ,0.0,0.0,2,2500,0,1,210,0,1,0
TF,KKGNI,-17.284069,130.909333,0, ,0.0,0.0,0.0,0.0,2,2500,0,0,0,0,1,0

APPTR,R13-N,13,KKGNE
IF,KKGNE,-17.214306,130.957408, ,0.0,0.0,2,2500,0,1,210,0,1,0
TF,KKGNI,-17.284069,130.909333,0, ,0.0,0.0,0.0,0.0,2,2500,0,0,0,0,1,0

APPTR,R13-N,13,KKGNG
IF,KKGNG,-17.303611,130.994022, ,0.0,0.0,2,2500,0,1,210,0,1,0
TF,KKGNI,-17.284069,130.909333,0, ,0.0,0.0,0.0,0.0,2,2500,0,0,0,0,1,0

FINAL,R13-N,13,R,3
IF,KKGNI,-17.284069,130.909333, ,0.0,0.0,2,2500,0,0,0,0,0,0
TF,KKGNF,-17.353819,130.861222,0, ,0.0,0.0,210.0,5.0,2,2260,0,0,0,0,2,0
TF,KKGNM,-17.423558,130.813075,0, ,0.0,0.0,210.0,5.0,1,663,0,0,0,0,3,1
DF,KKGNH,-17.465394,130.784169,0, ,0.0,0.0,0,0,0,0,0,0,0,0
CA,0,210.0,2,2500,0,0,0,0,0,0

APPTR,R21-N,21,KKGND
IF,KKGND,-17.216786,130.857569, ,0.0,0.0,2,2500,0,1,210,0,1,0
TF,KKGNI,-17.284069,130.909333,0, ,0.0,0.0,0.0,0.0,2,2500,0,0,0,0,1,0

APPTR,R21-N,21,KKGNE
IF,KKGNE,-17.214306,130.957408, ,0.0,0.0,2,2500,0,1,210,0,1,0
TF,KKGNI,-17.284069,130.909333,0, ,0.0,0.0,0.0,0.0,2,2500,0,0,0,0,1,0

APPTR,R21-N,21,KKGNG
IF,KKGNG,-17.303611,130.994022, ,0.0,0.0,2,2500,0,1,210,0,1,0
TF,KKGNI,-17.284069,130.909333,0, ,0.0,0.0,0.0,0.0,2,2500,0,0,0,0,1,0

FINAL,R21-N,21,R,3
IF,KKGNI,-17.284069,130.909333, ,0.0,0.0,2,2500,0,0,0,0,0,0
TF,KKGNF,-17.353819,130.861222,0, ,0.0,0.0,210.0,5.0,2,2260,0,0,0,0,2,0
TF,KKGNM,-17.423558,130.813075,0, ,0.0,0.0,210.0,5.0,1,663,0,0,0,0,3,1
DF,KKGNH,-17.465394,130.784169,0, ,0.0,0.0,0,0,0,0,0,0,0,0
CA,0,210.0,2,2500,0,0,0,0,0,0

APPTR,R31-N,31,KKGND
IF,KKGND,-17.216786,130.857569, ,0.0,0.0,2,2500,0,1,210,0,1,0
TF,KKGNI,-17.284069,130.909333,0, ,0.0,0.0,0.0,0.0,2,2500,0,0,0,0,1,0

APPTR,R31-N,31,KKGNE
IF,KKGNE,-17.214306,130.957408, ,0.0,0.0,2,2500,0,1,210,0,1,0
TF,KKGNI,-17.284069,130.909333,0, ,0.0,0.0,0.0,0.0,2,2500,0,0,0,0,1,0

APPTR,R31-N,31,KKGNG
IF,KKGNG,-17.303611,130.994022, ,0.0,0.0,2,2500,0,1,210,0,1,0
TF,KKGNI,-17.284069,130.909333,0, ,0.0,0.0,0.0,0.0,2,2500,0,0,0,0,1,0

FINAL,R31-N,31,R,3
IF,KKGNI,-17.284069,130.909333, ,0.0,0.0,2,2500,0,0,0,0,0,0
TF,KKGNF,-17.353819,130.861222,0, ,0.0,0.0,210.0,5.0,2,2260,0,0,0,0,2,0
TF,KKGNM,-17.423558,130.813075,0, ,0.0,0.0,210.0,5.0,1,663,0,0,0,0,3,1
DF,KKGNH,-17.465394,130.784169,0, ,0.0,0.0,0,0,0,0,0,0,0,0
CA,0,210.0,2,2500,0,0,0,0,0,0

