APPTR,R03-Z,03,LLESA
IF,LLESA,-27.622406,141.722289, ,0.0,0.0,2,2300,0,1,210,0,1,0
TF,LLESI,-27.550306,141.674878,0, ,0.0,0.0,0.0,0.0,2,2300,0,0,0,0,1,0

APPTR,R03-Z,03,LLESB
IF,LLESB,-27.614586,141.614953, ,0.0,0.0,2,2300,0,1,210,0,1,0
TF,LLESI,-27.550306,141.674878,0, ,0.0,0.0,0.0,0.0,2,2300,0,0,0,0,1,0

APPTR,R03-Z,03,LLESC
IF,LLESC,-27.522183,141.586603, ,0.0,0.0,2,2300,0,1,210,0,1,0
TF,LLESI,-27.550306,141.674878,0, ,0.0,0.0,0.0,0.0,2,2300,0,0,0,0,1,0

FINAL,R03-Z,03,R,3
IF,LLESI,-27.550306,141.674878, ,0.0,0.0,2,2300,0,0,0,0,0,0
TF,LLESF,-27.486000,141.734731,0, ,0.0,0.0,32.0,5.0,2,2260,0,0,0,0,2,0
TF,LLESM,-27.421667,141.794517,0, ,0.0,0.0,32.0,5.0,1,666,0,0,0,0,3,1
DF,LLESH,-27.464086,141.870989,2, ,0.0,0.0,0,0,0,1,200,0,0,0
VM,0,0,0,197.0,2,2100,0,0,0,0,0,0

APPTR,R21-Z,21,LLEND
IF,LLEND,-27.179239,141.905169, ,0.0,0.0,2,2500,0,1,210,0,1,0
TF,LLENI,-27.251356,141.952397,0, ,0.0,0.0,0.0,0.0,2,2500,0,0,0,0,1,0

APPTR,R21-Z,21,LLENE
IF,LLENE,-27.186939,142.011944, ,0.0,0.0,2,2500,0,1,210,0,1,0
TF,LLENI,-27.251356,141.952397,0, ,0.0,0.0,0.0,0.0,2,2500,0,0,0,0,1,0

APPTR,R21-Z,21,LLENG
IF,LLENG,-27.279417,142.040483, ,0.0,0.0,2,2500,0,1,210,0,1,0
TF,LLENI,-27.251356,141.952397,0, ,0.0,0.0,0.0,0.0,2,2500,0,0,0,0,1,0

FINAL,R21-Z,21,R,3
IF,LLENI,-27.251356,141.952397, ,0.0,0.0,2,2500,0,0,0,0,0,0
TF,LLENF,-27.315747,141.892778,0, ,0.0,0.0,212.0,5.0,2,2500,0,0,0,0,2,0
TF,LLENM,-27.380111,141.833092,0, ,0.0,0.0,212.0,5.0,1,907,0,0,0,0,3,1
DF,LLENH,-27.438081,141.893369,1, ,0.0,0.0,0,0,0,1,200,0,0,0
VM,0,0,0,47.0,2,2100,0,0,0,0,0,0

