SID,BISON5,16,5
DF,HORSH,-37.726586,144.848672,0, ,0.0,0.0,0,0,0,0,0,0,0,1
DF,BISON,-37.720000,144.603333,2, ,0.0,0.0,0,0,0,0,0,0,0,0

SID,CORRS8,16,4
CF,YARRA,-37.841667,144.870000,0,ML,162.0,11.0,160.0,10.0,2,4000,0,0,0,0,0,0
TF,CORRS,-37.925564,145.613836,0, ,0.0,0.0,0.0,0.0,0,0,0,0,0,0,0,0

SID,CORRS8,27,4
CF,HOPLA,-37.653281,144.695325,0,ML,262.3,7.0,263.0,6.0,2,4000,0,0,0,0,0,0
TF,DARLY,-37.737172,144.629461,0, ,0.0,0.0,0.0,0.0,0,0,0,0,0,0,0,0
TF,STEVO,-37.791667,144.770000,0, ,0.0,0.0,0.0,0.0,2,8000,0,0,0,0,0,0
TF,CORRS,-37.925564,145.613836,0, ,0.0,0.0,0.0,0.0,0,0,0,0,0,0,0,0

SID,CORRS8,34,4
CF,ROKDL,-37.591194,144.822878,0,ML,336.6,4.2,340.0,5.7,0,0,0,0,0,0,0,0
TF,POREM,-37.485692,144.887481,0, ,0.0,0.0,0.0,0.0,2,5000,0,0,0,0,0,1
DF,GEDEN,-37.720000,145.015000,2, ,0.0,0.0,2,10000,0,0,0,0,0,0
TF,CORRS,-37.925564,145.613836,0, ,0.0,0.0,0.0,0.0,0,0,0,0,0,0,0,0

SID,CRENA9,16,4
CF,HORSH,-37.726586,144.848672,0,ML,164.4,4.0,160.0,4.5,0,0,0,0,0,0,0,1
DF,ALBAK,-37.743333,144.710000,2, ,0.0,0.0,0,0,0,0,0,0,0,0
TF,MARSH,-37.705000,144.243333,0, ,0.0,0.0,0.0,0.0,0,0,0,0,0,0,0,0
TF,CRENA,-37.273333,140.081667,0, ,0.0,0.0,0.0,0.0,0,0,0,0,0,0,0,0

SID,CRENA9,27,4
CF,HOPLA,-37.653281,144.695325,0,ML,262.3,7.0,263.0,7.0,0,0,0,0,0,0,0,0
TF,CRENA,-37.273333,140.081667,0, ,0.0,0.0,0.0,0.0,0,0,0,0,0,0,0,0

SID,CRENA9,34,4
CF,ML01,-37.644950,144.833269,0,ML,324.5,0.0,340.0,2.5,0,0,0,0,0,0,0,1
CA,0,340.0,2,1500,0,0,0,0,0,0
DF,HOPLA,-37.653281,144.695325,1, ,0.0,0.0,0,0,0,0,0,0,0,0
TF,CRENA,-37.273333,140.081667,0, ,0.0,0.0,0.0,0.0,0,0,0,0,0,0,0,0

SID,DOSEL9,16,4
CF,HORSH,-37.726586,144.848672,0,ML,164.4,4.0,160.0,4.0,0,0,0,0,0,0,0,1
DF,ALBAK,-37.743333,144.710000,2, ,0.0,0.0,0,0,0,0,0,0,0,0
TF,CHIMU,-37.565772,144.797336,2, ,0.0,0.0,0.0,0.0,2,10000,0,0,0,0,0,0
TF,SALLY,-37.436667,144.916667,0, ,0.0,0.0,0.0,0.0,0,0,0,0,0,0,0,0
TF,DOSEL,-37.165122,145.395303,0, ,0.0,0.0,0.0,0.0,0,0,0,0,0,0,0,0

SID,DOSEL9,27,4
CF,ATNOL,-37.650944,144.655583,0,ML,262.5,8.9,263.0,9.0,0,0,0,0,0,0,0,0
TF,PARSI,-37.541392,144.614325,0, ,0.0,0.0,0.0,0.0,0,0,0,0,0,0,0,0
TF,PEBTO,-37.501128,144.681161,0, ,0.0,0.0,0.0,0.0,2,10000,0,0,0,0,0,0
TF,PEART,-37.475189,144.724142,0, ,0.0,0.0,0.0,0.0,0,0,0,0,0,0,0,0
TF,DOSEL,-37.165122,145.395303,0, ,0.0,0.0,0.0,0.0,0,0,0,0,0,0,0,0

SID,DOSEL9,34,4
CF,ROKDL,-37.591194,144.822878,0,ML,336.6,4.2,340.0,5.0,0,0,0,0,0,0,0,0
TF,SALLY,-37.436667,144.916667,0, ,0.0,0.0,0.0,0.0,0,0,0,0,0,0,0,0
TF,DOSEL,-37.165122,145.395303,0, ,0.0,0.0,0.0,0.0,0,0,0,0,0,0,0,0

SID,ESDIG2,16,4
CF,HORSH,-37.726586,144.848672,0,ML,164.4,4.0,160.0,4.0,0,0,0,0,0,0,0,1
DF,ALBAK,-37.743333,144.710000,2, ,0.0,0.0,0,0,0,0,0,0,0,0
TF,MARSH,-37.705000,144.243333,0, ,0.0,0.0,0.0,0.0,0,0,0,0,0,0,0,0
TF,ESDIG,-37.742247,143.756667,0, ,0.0,0.0,0.0,0.0,0,0,0,0,0,0,0,0

SID,ESDIG2,27,4
CF,HOPLA,-37.653281,144.695325,0,ML,262.3,7.0,263.0,7.0,0,0,0,0,0,0,0,0
TF,ESDIG,-37.742247,143.756667,0, ,0.0,0.0,0.0,0.0,0,0,0,0,0,0,0,0

SID,ESDIG2,34,4
CF,ML01,-37.644950,144.833269,0,ML,324.5,0.0,340.0,2.5,0,0,0,0,0,0,0,1
CA,0,340.0,2,1500,0,0,0,0,0,0
DF,HOPLA,-37.653281,144.695325,1, ,0.0,0.0,0,0,0,0,0,0,0,0
TF,ESDIG,-37.742247,143.756667,0, ,0.0,0.0,0.0,0.0,0,0,0,0,0,0,0,0

SID,KEPPA9,16,1
CF,HORSH,-37.726586,144.848672,0,ML,164.4,4.0,160.0,4.0,0,0,0,0,0,0,0,1
DF,ALBAK,-37.743333,144.710000,2, ,0.0,0.0,0,0,0,0,0,0,0,0
TF,KEPPA,-36.796583,143.975819,0, ,0.0,0.0,0.0,0.0,0,0,0,0,0,0,0,0

SID,KEPPA9,27,1
CF,ATNOL,-37.650944,144.655583,0,ML,262.5,8.9,263.0,9.0,0,0,0,0,0,0,0,0
TF,KEPPA,-36.796583,143.975819,0, ,0.0,0.0,0.0,0.0,0,0,0,0,0,0,0,0

SID,KEPPA9,34,1
CF,OKMEL,-37.561944,144.817778,0,ML,337.9,6.0,340.0,7.0,0,0,0,0,0,0,0,0
TF,KEPPA,-36.796583,143.975819,0, ,0.0,0.0,0.0,0.0,0,0,0,0,0,0,0,0

SID,ML5,09,1
CA,0,83.0,2,1500,0,0,0,0,0,0
VM,0,0,0,83.0,0,0,0,0,0,0,0,0

SID,ML5,16,1
CA,0,160.0,2,1500,0,0,0,0,0,0
VM,0,0,0,160.0,0,0,0,0,0,0,0,0

SID,ML5,27,1
CA,0,263.0,2,1500,0,0,0,0,0,0
VM,0,0,0,263.0,0,0,0,0,0,0,0,0

SID,ML5,34,1
CA,0,340.0,2,1500,0,0,0,0,0,0
VM,0,0,0,340.0,0,0,0,0,0,0,0,0

SID,MNG2,16,4
CF,HORSH,-37.726586,144.848672,0,ML,164.4,4.0,160.0,4.0,0,0,0,0,0,0,0,1
DF,ALBAK,-37.743333,144.710000,2, ,0.0,0.0,0,0,0,0,0,0,0,0
TF,CHIMU,-37.565772,144.797336,2, ,0.0,0.0,0.0,0.0,2,10000,0,0,0,0,0,0
TF,SALLY,-37.436667,144.916667,0, ,0.0,0.0,0.0,0.0,0,0,0,0,0,0,0,0
TF,MNG,-36.885833,145.194167,0, ,0.0,0.0,0.0,0.0,0,0,0,0,0,0,0,0

SID,MNG2,27,4
CF,ATNOL,-37.650944,144.655583,0,ML,262.5,8.9,263.0,9.0,0,0,0,0,0,0,0,0
TF,PARSI,-37.541392,144.614325,0, ,0.0,0.0,0.0,0.0,0,0,0,0,0,0,0,0
TF,PEBTO,-37.501128,144.681161,0, ,0.0,0.0,0.0,0.0,2,10000,0,0,0,0,0,0
TF,PEART,-37.475189,144.724142,0, ,0.0,0.0,0.0,0.0,0,0,0,0,0,0,0,0
TF,MNG,-36.885833,145.194167,0, ,0.0,0.0,0.0,0.0,0,0,0,0,0,0,0,0

SID,MNG2,34,4
CF,ROKDL,-37.591194,144.822878,0,ML,336.6,4.2,340.0,5.0,0,0,0,0,0,0,0,0
TF,SALLY,-37.436667,144.916667,0, ,0.0,0.0,0.0,0.0,0,0,0,0,0,0,0,0
TF,MNG,-36.885833,145.194167,0, ,0.0,0.0,0.0,0.0,0,0,0,0,0,0,0,0

SID,NEVIS6,16,4
CF,HORSH,-37.726586,144.848672,0,ML,164.4,4.0,160.0,4.0,0,0,0,0,0,0,0,1
DF,ALBAK,-37.743333,144.710000,2, ,0.0,0.0,0,0,0,0,0,0,0,0
TF,NEVIS,-37.196667,143.271606,0, ,0.0,0.0,0.0,0.0,0,0,0,0,0,0,0,0

SID,NEVIS6,27,4
CF,ATNOL,-37.650944,144.655583,0,ML,262.5,8.9,263.0,9.0,0,0,0,0,0,0,0,0
TF,NEVIS,-37.196667,143.271606,0, ,0.0,0.0,0.0,0.0,0,0,0,0,0,0,0,0

SID,NEVIS6,34,4
CF,OKMEL,-37.561944,144.817778,0,ML,337.9,6.0,340.0,7.0,0,0,0,0,0,0,0,0
TF,NEVIS,-37.196667,143.271606,0, ,0.0,0.0,0.0,0.0,0,0,0,0,0,0,0,0

SID,NONIX2,16,4
CF,HORSH,-37.726586,144.848672,0,ML,164.4,4.0,160.0,4.0,0,0,0,0,0,0,0,1
DF,ALBAK,-37.743333,144.710000,2, ,0.0,0.0,0,0,0,0,0,0,0,0
TF,CHIMU,-37.565772,144.797336,2, ,0.0,0.0,0.0,0.0,2,10000,0,0,0,0,0,0
TF,SALLY,-37.436667,144.916667,0, ,0.0,0.0,0.0,0.0,0,0,0,0,0,0,0,0
TF,NONIX,-37.076194,145.247106,0, ,0.0,0.0,0.0,0.0,0,0,0,0,0,0,0,0

SID,NONIX2,27,4
CF,ATNOL,-37.650944,144.655583,0,ML,262.5,8.9,263.0,9.0,0,0,0,0,0,0,0,0
TF,PARSI,-37.541392,144.614325,0, ,0.0,0.0,0.0,0.0,0,0,0,0,0,0,0,0
TF,PEBTO,-37.501128,144.681161,0, ,0.0,0.0,0.0,0.0,2,10000,0,0,0,0,0,0
TF,PEART,-37.475189,144.724142,0, ,0.0,0.0,0.0,0.0,0,0,0,0,0,0,0,0
TF,NONIX,-37.076194,145.247106,0, ,0.0,0.0,0.0,0.0,0,0,0,0,0,0,0,0

SID,NONIX2,34,4
CF,ROKDL,-37.591194,144.822878,0,ML,336.6,4.2,340.0,5.0,0,0,0,0,0,0,0,0
TF,SALLY,-37.436667,144.916667,0, ,0.0,0.0,0.0,0.0,0,0,0,0,0,0,0,0
TF,NONIX,-37.076194,145.247106,0, ,0.0,0.0,0.0,0.0,0,0,0,0,0,0,0,0

SID,SUNTI2,16,4
CF,YARRA,-37.841667,144.870000,0,ML,162.0,11.0,160.0,11.0,2,4000,0,0,0,0,0,0
TF,SUNTI,-38.507756,145.213517,0, ,0.0,0.0,0.0,0.0,0,0,0,0,0,0,0,0

SID,SUNTI2,27,4
CF,HOPLA,-37.653281,144.695325,0,ML,262.3,7.0,263.0,7.0,2,4000,0,0,0,0,0,0
TF,DARLY,-37.737172,144.629461,0, ,0.0,0.0,0.0,0.0,0,0,0,0,0,0,0,0
TF,SUNTI,-38.507756,145.213517,0, ,0.0,0.0,0.0,0.0,0,0,0,0,0,0,0,0

SID,SUNTI2,34,4
CF,ROKDL,-37.591194,144.822878,0,ML,336.6,4.2,340.0,5.0,0,0,0,0,0,0,0,0
TF,POREM,-37.485692,144.887481,0, ,0.0,0.0,0.0,0.0,2,5000,0,0,0,0,0,1
DF,GEDEN,-37.720000,145.015000,2, ,0.0,0.0,2,10000,0,0,0,0,0,0
TF,PEBAL,-37.976667,144.976667,0, ,0.0,0.0,0.0,0.0,0,0,0,0,0,0,0,0
TF,SUNTI,-38.507756,145.213517,0, ,0.0,0.0,0.0,0.0,0,0,0,0,0,0,0,0

STAR,ARBE9A,ALL,5
IF,ARBEY,-37.168333,144.731667, ,0.0,0.0,0,0,0,0,0,0,0,0

STAR,ARBE9A,09,6
IF,ARBEY,-37.168333,144.731667, ,0.0,0.0,0,0,0,0,0,0,0,0
TF,TUNKA,-37.332303,144.775317,0, ,0.0,0.0,0.0,0.0,3,9000,0,0,0,0,0,0
TF,DABUX,-37.453725,144.720958,0, ,0.0,0.0,0.0,0.0,0,0,0,1,230,0,0,0
TF,UPKAN,-37.580503,144.597842,0, ,0.0,0.0,0.0,0.0,0,0,0,0,0,0,0,0
TF,GUPUG,-37.647061,144.591550,0, ,0.0,0.0,0.0,0.0,0,0,0,1,185,0,0,0

STAR,ARBE9A,16,6
IF,ARBEY,-37.168333,144.731667, ,0.0,0.0,0,0,0,0,0,0,0,0
TF,TUNKA,-37.332303,144.775317,0, ,0.0,0.0,0.0,0.0,3,9000,0,1,230,0,0,0
TF,BELTA,-37.462197,144.798208,0, ,0.0,0.0,0.0,0.0,0,0,0,1,185,0,0,0

STAR,ARBE9A,27,6
IF,ARBEY,-37.168333,144.731667, ,0.0,0.0,0,0,0,0,0,0,0,0
TF,TUNKA,-37.332303,144.775317,0, ,0.0,0.0,0.0,0.0,3,9000,0,0,0,0,0,0
TF,BELTA,-37.462197,144.798208,0, ,0.0,0.0,0.0,0.0,0,0,0,0,0,0,0,0
TF,BAKER,-37.561667,144.820000,0, ,0.0,0.0,0.0,0.0,0,0,0,0,0,0,0,0
TF,BOBEL,-37.566842,144.914486,0, ,0.0,0.0,0.0,0.0,0,0,0,1,230,0,0,0
TF,PAULA,-37.573333,145.035000,0, ,0.0,0.0,0.0,0.0,0,0,0,0,0,0,0,0
TF,VISAS,-37.671536,145.026478,0, ,0.0,0.0,0.0,0.0,0,0,0,1,185,0,0,0

STAR,ARBE9A,34,6
IF,ARBEY,-37.168333,144.731667, ,0.0,0.0,0,0,0,0,0,0,0,0
TF,TUNKA,-37.332303,144.775317,0, ,0.0,0.0,0.0,0.0,3,9000,0,0,0,0,0,0
TF,BELTA,-37.462197,144.798208,0, ,0.0,0.0,0.0,0.0,0,0,0,0,0,0,0,0
TF,OVNER,-37.588611,144.738333,0, ,0.0,0.0,0.0,0.0,0,0,0,0,0,0,0,0
TF,RENER,-37.705533,144.729961,0, ,0.0,0.0,0.0,0.0,0,0,0,0,0,0,0,0
TF,GOSKO,-37.753200,144.729283,0, ,0.0,0.0,0.0,0.0,0,0,0,1,230,0,0,0
TF,LAVER,-37.819939,144.728331,0, ,0.0,0.0,0.0,0.0,0,0,0,0,0,0,0,0
TF,OBGAL,-37.844181,144.785592,0, ,0.0,0.0,0.0,0.0,0,0,0,0,0,0,0,0
TF,AKDEL,-37.834328,144.868828,0, ,0.0,0.0,0.0,0.0,0,0,0,0,0,0,0,0

STAR,BADG6A,ALL,5
IF,BADGR,-37.718333,145.466667, ,0.0,0.0,0,0,0,0,0,0,0,0

STAR,BADG6A,16,6
IF,BADGR,-37.718333,145.466667, ,0.0,0.0,0,0,0,0,0,0,0,0
TF,ANDYS,-37.608333,145.256667,0, ,0.0,0.0,0.0,0.0,3,9000,0,0,0,0,0,0
TF,DOPNU,-37.469528,144.995506,0, ,0.0,0.0,0.0,0.0,0,0,0,1,230,0,0,0
TF,NEFER,-37.441667,144.943333,0, ,0.0,0.0,0.0,0.0,3,6000,0,0,0,0,0,0
TF,BELTA,-37.462197,144.798208,0, ,0.0,0.0,0.0,0.0,0,0,0,1,185,0,0,0

STAR,BADG6A,27,6
IF,BADGR,-37.718333,145.466667, ,0.0,0.0,0,0,0,0,0,0,0,0
TF,DIMOC,-37.691653,145.213742,0, ,0.0,0.0,0.0,0.0,3,9000,0,1,230,0,0,0
TF,ANANG,-37.685556,145.155556,0, ,0.0,0.0,0.0,0.0,0,0,0,0,0,0,0,0
TF,VISAS,-37.671536,145.026478,0, ,0.0,0.0,0.0,0.0,0,0,0,1,185,0,0,0

STAR,BADG6A,34,6
IF,BADGR,-37.718333,145.466667, ,0.0,0.0,0,0,0,0,0,0,0,0
TF,LAHAN,-37.750278,145.313889,0, ,0.0,0.0,0.0,0.0,3,9000,0,0,0,0,0,0
TF,MAUBO,-37.792500,145.111111,0, ,0.0,0.0,0.0,0.0,0,0,0,1,230,0,0,0
TF,GOOLA,-37.813508,145.009439,0, ,0.0,0.0,0.0,0.0,2,4000,0,0,0,0,0,0
TF,BOLTY,-37.825142,144.943200,0, ,0.0,0.0,0.0,0.0,0,0,0,0,0,0,0,0
TF,AKDEL,-37.834328,144.868828,0, ,0.0,0.0,0.0,0.0,0,0,0,0,0,0,0,0

STAR,BADG6M,16,5
IF,BADGR,-37.718333,145.466667, ,0.0,0.0,0,0,0,0,0,0,0,0
TF,ANDYS,-37.608333,145.256667,0, ,0.0,0.0,0.0,0.0,3,9000,0,0,0,0,0,0
TF,UPSEP,-37.539064,145.126081,0, ,0.0,0.0,0.0,0.0,0,0,0,1,230,0,0,0
TF,LUVKA,-37.511072,144.960525,0, ,0.0,0.0,0.0,0.0,0,0,0,0,0,0,0,0

STAR,BADG6V,34,5
IF,BADGR,-37.718333,145.466667, ,0.0,0.0,0,0,0,0,0,0,0,0
TF,HILLS,-37.722639,145.252542,0, ,0.0,0.0,0.0,0.0,3,9000,0,1,230,0,0,0
TF,MONTY,-37.725256,145.111864,0, ,0.0,0.0,0.0,0.0,0,0,0,0,0,0,0,0
TF,EGEKA,-37.727889,145.019639,0, ,0.0,0.0,0.0,0.0,0,0,0,1,185,0,0,0
TF,SHEED,-37.730800,144.914661,0, ,0.0,0.0,0.0,0.0,2,2500,0,0,0,0,0,0
TF,ASUKI,-37.732553,144.849731,0, ,0.0,0.0,0.0,0.0,0,0,0,0,0,0,0,0

STAR,BOYS3A,ALL,5
IF,BOYSE,-37.302564,145.669458, ,0.0,0.0,0,0,0,0,0,0,0,0

STAR,BOYS3A,16,6
IF,BOYSE,-37.302564,145.669458, ,0.0,0.0,0,0,0,0,0,0,0,0
TF,VALES,-37.364536,145.349164,0, ,0.0,0.0,0.0,0.0,0,0,0,0,0,0,0,0
TF,ANBEL,-37.408736,145.117608,0, ,0.0,0.0,0.0,0.0,3,9000,0,0,0,0,0,0
TF,BUVIV,-37.430156,145.004428,0, ,0.0,0.0,0.0,0.0,0,0,0,1,230,0,0,0
TF,NEFER,-37.441667,144.943333,0, ,0.0,0.0,0.0,0.0,3,6000,0,0,0,0,0,0
TF,BELTA,-37.462197,144.798208,0, ,0.0,0.0,0.0,0.0,0,0,0,1,185,0,0,0

STAR,BOYS3A,27,6
IF,BOYSE,-37.302564,145.669458, ,0.0,0.0,0,0,0,0,0,0,0,0
TF,MAXAL,-37.448214,145.417133,0, ,0.0,0.0,0.0,0.0,0,0,0,0,0,0,0,0
TF,HAYES,-37.551667,145.236667,0, ,0.0,0.0,0.0,0.0,3,9000,0,1,230,0,0,0
TF,DOREN,-37.610003,145.134428,0, ,0.0,0.0,0.0,0.0,0,0,0,0,0,0,0,0
TF,VISAS,-37.671536,145.026478,0, ,0.0,0.0,0.0,0.0,0,0,0,1,185,0,0,0

STAR,BOYS3A,34,6
IF,BOYSE,-37.302564,145.669458, ,0.0,0.0,0,0,0,0,0,0,0,0
TF,MAXAL,-37.448214,145.417133,0, ,0.0,0.0,0.0,0.0,0,0,0,0,0,0,0,0
TF,OLTUR,-37.679167,145.160000,0, ,0.0,0.0,0.0,0.0,3,9000,0,0,0,0,0,0
TF,VENVO,-37.751111,145.079444,0, ,0.0,0.0,0.0,0.0,0,0,0,1,230,0,0,0
TF,GOOLA,-37.813508,145.009439,0, ,0.0,0.0,0.0,0.0,2,4000,0,0,0,0,0,0
TF,BOLTY,-37.825142,144.943200,0, ,0.0,0.0,0.0,0.0,0,0,0,0,0,0,0,0
TF,AKDEL,-37.834328,144.868828,0, ,0.0,0.0,0.0,0.0,0,0,0,0,0,0,0,0

STAR,BOYS3V,34,5
IF,BOYSE,-37.302564,145.669458, ,0.0,0.0,0,0,0,0,0,0,0,0
TF,MAXAL,-37.448214,145.417133,0, ,0.0,0.0,0.0,0.0,0,0,0,0,0,0,0,0
TF,ARTHA,-37.597539,145.252197,0, ,0.0,0.0,0.0,0.0,3,9000,0,0,0,0,0,0
TF,EMRIG,-37.649875,145.194772,0, ,0.0,0.0,0.0,0.0,0,0,0,1,230,0,0,0
TF,MONTY,-37.725256,145.111864,0, ,0.0,0.0,0.0,0.0,0,0,0,0,0,0,0,0
TF,EGEKA,-37.727889,145.019639,0, ,0.0,0.0,0.0,0.0,0,0,0,1,185,0,0,0
TF,SHEED,-37.730800,144.914661,0, ,0.0,0.0,0.0,0.0,2,2500,0,0,0,0,0,0
TF,ASUKI,-37.732553,144.849731,0, ,0.0,0.0,0.0,0.0,0,0,0,0,0,0,0,0

STAR,LIZI4A,ALL,5
IF,LIZZI,-37.450556,145.638056, ,0.0,0.0,0,0,0,0,0,0,0,0

STAR,LIZI4A,16,6
IF,LIZZI,-37.450556,145.638056, ,0.0,0.0,0,0,0,0,0,0,0,0
TF,HORUS,-37.444931,145.162375,0, ,0.0,0.0,0.0,0.0,3,9000,0,0,0,0,0,0
TF,ENSEG,-37.442644,145.006106,0, ,0.0,0.0,0.0,0.0,0,0,0,1,230,0,0,0
TF,NEFER,-37.441667,144.943333,0, ,0.0,0.0,0.0,0.0,3,6000,0,0,0,0,0,0
TF,BELTA,-37.462197,144.798208,0, ,0.0,0.0,0.0,0.0,0,0,0,1,185,0,0,0

STAR,LIZI4A,27,6
IF,LIZZI,-37.450556,145.638056, ,0.0,0.0,0,0,0,0,0,0,0,0
TF,MAITE,-37.647258,145.261872,0, ,0.0,0.0,0.0,0.0,3,9000,0,1,230,0,0,0
TF,VISAS,-37.671536,145.026478,0, ,0.0,0.0,0.0,0.0,0,0,0,1,185,0,0,0

STAR,LIZI4A,34,6
IF,LIZZI,-37.450556,145.638056, ,0.0,0.0,0,0,0,0,0,0,0,0
TF,VEPUD,-37.697222,145.212222,0, ,0.0,0.0,0.0,0.0,3,9000,0,0,0,0,0,0
TF,AKSID,-37.764722,145.094722,0, ,0.0,0.0,0.0,0.0,0,0,0,1,230,0,0,0
TF,GOOLA,-37.813508,145.009439,0, ,0.0,0.0,0.0,0.0,2,4000,0,0,0,0,0,0
TF,BOLTY,-37.825142,144.943200,0, ,0.0,0.0,0.0,0.0,0,0,0,0,0,0,0,0
TF,AKDEL,-37.834328,144.868828,0, ,0.0,0.0,0.0,0.0,0,0,0,0,0,0,0,0

STAR,LIZI4V,34,5
IF,LIZZI,-37.450556,145.638056, ,0.0,0.0,0,0,0,0,0,0,0,0
TF,MAITE,-37.647258,145.261872,0, ,0.0,0.0,0.0,0.0,3,9000,0,0,0,0,0,0
TF,IGPON,-37.670461,145.217317,0, ,0.0,0.0,0.0,0.0,0,0,0,1,230,0,0,0
TF,MONTY,-37.725256,145.111864,0, ,0.0,0.0,0.0,0.0,0,0,0,0,0,0,0,0
TF,EGEKA,-37.727889,145.019639,0, ,0.0,0.0,0.0,0.0,0,0,0,1,185,0,0,0
TF,SHEED,-37.730800,144.914661,0, ,0.0,0.0,0.0,0.0,2,2500,0,0,0,0,0,0
TF,ASUKI,-37.732553,144.849731,0, ,0.0,0.0,0.0,0.0,0,0,0,0,0,0,0,0

STAR,MONT1A,BADGR,4
IF,BADGR,-37.718333,145.466667, ,0.0,0.0,0,0,0,0,0,0,0,0
TF,MONTY,-37.725256,145.111864,0, ,0.0,0.0,0.0,0.0,0,0,0,0,0,0,0,0

STAR,MONT1A,BOYSE,4
IF,BOYSE,-37.302564,145.669458, ,0.0,0.0,0,0,0,0,0,0,0,0
TF,MAXAL,-37.448214,145.417133,0, ,0.0,0.0,0.0,0.0,0,0,0,0,0,0,0,0
TF,MONTY,-37.725256,145.111864,0, ,0.0,0.0,0.0,0.0,0,0,0,0,0,0,0,0

STAR,MONT1A,LIZZI,4
IF,LIZZI,-37.450556,145.638056, ,0.0,0.0,0,0,0,0,0,0,0,0
TF,MONTY,-37.725256,145.111864,0, ,0.0,0.0,0.0,0.0,0,0,0,0,0,0,0,0

STAR,MONT1A,WAREN,4
IF,WAREN,-38.016667,145.311667, ,0.0,0.0,0,0,0,0,0,0,0,0
TF,MONTY,-37.725256,145.111864,0, ,0.0,0.0,0.0,0.0,0,0,0,0,0,0,0,0

STAR,MONT1A,09,5
IF,MONTY,-37.725256,145.111864, ,0.0,0.0,0,0,0,0,0,0,0,0
TF,SHEED,-37.730800,144.914661,0, ,0.0,0.0,0.0,0.0,2,6000,0,0,0,0,0,0
TF,KALNI,-37.749564,144.780889,0, ,0.0,0.0,0.0,0.0,0,0,0,1,230,0,0,0
TF,MISCH,-37.763969,144.677386,0, ,0.0,0.0,0.0,0.0,0,0,0,0,0,0,0,0
TF,RIPMO,-37.704311,144.494894,0, ,0.0,0.0,0.0,0.0,0,0,0,0,0,0,0,0
TF,AVPIX,-37.643258,144.528789,0, ,0.0,0.0,0.0,0.0,0,0,0,0,0,0,0,0
TF,GUPUG,-37.647061,144.591550,0, ,0.0,0.0,0.0,0.0,0,0,0,1,185,0,0,0

STAR,PORT1A,MILLA,4
IF,MILLA,-38.215572,145.893681, ,0.0,0.0,0,0,0,0,0,0,0,0
TF,EKKAS,-38.078333,145.190000,0, ,0.0,0.0,0.0,0.0,0,0,0,0,0,0,0,0
TF,PORTS,-38.020056,144.903794,0, ,0.0,0.0,0.0,0.0,3,9000,0,0,0,0,0,0

STAR,PORT1A,ONAGI,4
IF,ONAGI,-38.471225,145.623417, ,0.0,0.0,0,0,0,0,0,0,0,0
TF,LATTA,-38.126667,145.071667,0, ,0.0,0.0,0.0,0.0,0,0,0,0,0,0,0,0
TF,PORTS,-38.020056,144.903794,0, ,0.0,0.0,0.0,0.0,3,9000,0,0,0,0,0,0

STAR,PORT1A,09,6
IF,PORTS,-38.020056,144.903794, ,0.0,0.0,3,9000,0,0,0,0,0,0
TF,KEVEK,-37.832339,144.737639,0, ,0.0,0.0,0.0,0.0,0,0,0,1,230,0,0,0
TF,MISCH,-37.763969,144.677386,0, ,0.0,0.0,0.0,0.0,0,0,0,0,0,0,0,0
TF,RIPMO,-37.704311,144.494894,0, ,0.0,0.0,0.0,0.0,0,0,0,0,0,0,0,0
TF,AVPIX,-37.643258,144.528789,0, ,0.0,0.0,0.0,0.0,0,0,0,0,0,0,0,0
TF,GUPUG,-37.647061,144.591550,0, ,0.0,0.0,0.0,0.0,0,0,0,1,185,0,0,0

STAR,PORT1A,34,6
IF,PORTS,-38.020056,144.903794, ,0.0,0.0,3,9000,0,1,230,0,0,0
TF,PIERS,-37.916842,144.884342,0, ,0.0,0.0,0.0,0.0,0,0,0,0,0,0,0,0
TF,AKDEL,-37.834328,144.868828,0, ,0.0,0.0,0.0,0.0,0,0,0,1,185,0,0,0

STAR,WARE3A,ALL,5
IF,WAREN,-38.016667,145.311667, ,0.0,0.0,0,0,0,0,0,0,0,0

STAR,WARE3A,16,6
IF,WAREN,-38.016667,145.311667, ,0.0,0.0,0,0,0,0,0,0,0,0
TF,MICHM,-37.845000,145.191667,0, ,0.0,0.0,0.0,0.0,0,0,0,0,0,0,0,0
TF,MONTY,-37.725256,145.111864,0, ,0.0,0.0,0.0,0.0,0,0,0,0,0,0,0,0
TF,SANDR,-37.551667,145.010000,0, ,0.0,0.0,0.0,0.0,3,8000,0,0,0,0,0,0
TF,LAGUG,-37.486750,144.970631,0, ,0.0,0.0,0.0,0.0,0,0,0,1,230,0,0,0
TF,NEFER,-37.441667,144.943333,0, ,0.0,0.0,0.0,0.0,3,6000,0,0,0,0,0,0
TF,BELTA,-37.462197,144.798208,0, ,0.0,0.0,0.0,0.0,0,0,0,1,185,0,0,0

STAR,WARE3A,27,6
IF,WAREN,-38.016667,145.311667, ,0.0,0.0,0,0,0,0,0,0,0,0
TF,MICHM,-37.845000,145.191667,0, ,0.0,0.0,0.0,0.0,0,0,0,1,230,0,0,0
TF,MONTY,-37.725256,145.111864,0, ,0.0,0.0,0.0,0.0,0,0,0,0,0,0,0,0
TF,VISAS,-37.671536,145.026478,0, ,0.0,0.0,0.0,0.0,0,0,0,1,185,0,0,0

STAR,WARE3A,34,6
IF,WAREN,-38.016667,145.311667, ,0.0,0.0,0,0,0,0,0,0,0,0
TF,MICHM,-37.845000,145.191667,0, ,0.0,0.0,0.0,0.0,0,0,0,0,0,0,0,0
TF,UPKID,-37.831389,145.112222,0, ,0.0,0.0,0.0,0.0,0,0,0,1,230,0,0,0
TF,GOOLA,-37.813508,145.009439,0, ,0.0,0.0,0.0,0.0,2,4000,0,0,0,0,0,0
TF,BOLTY,-37.825142,144.943200,0, ,0.0,0.0,0.0,0.0,0,0,0,0,0,0,0,0
TF,AKDEL,-37.834328,144.868828,0, ,0.0,0.0,0.0,0.0,0,0,0,0,0,0,0,0

STAR,WARE3M,16,5
IF,WAREN,-38.016667,145.311667, ,0.0,0.0,0,0,0,0,0,0,0,0
TF,MICHM,-37.845000,145.191667,0, ,0.0,0.0,0.0,0.0,0,0,0,0,0,0,0,0
TF,MONTY,-37.725256,145.111864,0, ,0.0,0.0,0.0,0.0,0,0,0,0,0,0,0,0
TF,DUGOT,-37.617772,145.047822,0, ,0.0,0.0,0.0,0.0,0,0,0,1,230,0,0,0
TF,VENPU,-37.557436,145.011961,0, ,0.0,0.0,0.0,0.0,3,8000,0,0,0,0,0,0
TF,LUVKA,-37.511072,144.960525,0, ,0.0,0.0,0.0,0.0,0,0,0,0,0,0,0,0

STAR,WARE3V,34,5
IF,WAREN,-38.016667,145.311667, ,0.0,0.0,0,0,0,0,0,0,0,0
TF,MICHM,-37.845000,145.191667,0, ,0.0,0.0,0.0,0.0,0,0,0,1,230,0,0,0
TF,MONTY,-37.725256,145.111864,0, ,0.0,0.0,0.0,0.0,0,0,0,0,0,0,0,0
TF,EGEKA,-37.727889,145.019639,0, ,0.0,0.0,0.0,0.0,0,0,0,1,185,0,0,0
TF,SHEED,-37.730800,144.914661,0, ,0.0,0.0,0.0,0.0,2,2500,0,0,0,0,0,0
TF,ASUKI,-37.732553,144.849731,0, ,0.0,0.0,0.0,0.0,0,0,0,0,0,0,0,0

STAR,WEND5A,ALL,5
IF,WENDY,-37.840000,143.978333, ,0.0,0.0,0,0,0,0,0,0,0,0

STAR,WEND5A,09,6
IF,WENDY,-37.840000,143.978333, ,0.0,0.0,0,0,0,0,0,0,0,0
TF,TEENA,-37.785000,144.450000,0, ,0.0,0.0,0.0,0.0,0,0,0,1,230,0,0,0
TF,RIPMO,-37.704311,144.494894,0, ,0.0,0.0,0.0,0.0,0,0,0,0,0,0,0,0
TF,AVPIX,-37.643258,144.528789,0, ,0.0,0.0,0.0,0.0,0,0,0,0,0,0,0,0
TF,GUPUG,-37.647061,144.591550,0, ,0.0,0.0,0.0,0.0,0,0,0,1,185,0,0,0

STAR,WEND5A,16,6
IF,WENDY,-37.840000,143.978333, ,0.0,0.0,0,0,0,0,0,0,0,0
TF,TEENA,-37.785000,144.450000,0, ,0.0,0.0,0.0,0.0,0,0,0,0,0,0,0,0
TF,KEELA,-37.741667,144.788333,0, ,0.0,0.0,0.0,0.0,2,6000,0,0,0,0,0,0
TF,PASCO,-37.720000,144.963333,0, ,0.0,0.0,0.0,0.0,0,0,0,0,0,0,0,0
TF,JADEL,-37.563333,144.951667,0, ,0.0,0.0,0.0,0.0,3,8000,0,0,0,0,0,0
TF,KIKEX,-37.491653,144.946753,0, ,0.0,0.0,0.0,0.0,0,0,0,1,230,0,0,0
TF,NEFER,-37.441667,144.943333,0, ,0.0,0.0,0.0,0.0,3,6000,0,0,0,0,0,0
TF,BELTA,-37.462197,144.798208,1, ,0.0,0.0,0.0,0.0,0,0,0,1,185,0,0,0

STAR,WEND5A,27,6
IF,WENDY,-37.840000,143.978333, ,0.0,0.0,0,0,0,0,0,0,0,0
TF,TEENA,-37.785000,144.450000,0, ,0.0,0.0,0.0,0.0,0,0,0,0,0,0,0,0
TF,KEELA,-37.741667,144.788333,0, ,0.0,0.0,0.0,0.0,2,6000,0,0,0,0,0,0
TF,NOMID,-37.746506,144.872664,0, ,0.0,0.0,0.0,0.0,0,0,0,1,230,0,0,0
TF,ROCEL,-37.754778,145.019397,0, ,0.0,0.0,0.0,0.0,0,0,0,0,0,0,0,0
TF,VISAS,-37.671536,145.026478,1, ,0.0,0.0,0.0,0.0,0,0,0,1,185,0,0,0

STAR,WEND5A,34,6
IF,WENDY,-37.840000,143.978333, ,0.0,0.0,0,0,0,0,0,0,0,0
TF,TEENA,-37.785000,144.450000,0, ,0.0,0.0,0.0,0.0,0,0,0,0,0,0,0,0
TF,MEMEG,-37.809578,144.645219,0, ,0.0,0.0,0.0,0.0,0,0,0,1,230,0,0,0
TF,LAVER,-37.819939,144.728331,0, ,0.0,0.0,0.0,0.0,0,0,0,0,0,0,0,0
TF,OBGAL,-37.844181,144.785592,0, ,0.0,0.0,0.0,0.0,0,0,0,0,0,0,0,0
TF,AKDEL,-37.834328,144.868828,0, ,0.0,0.0,0.0,0.0,0,0,0,0,0,0,0,0

STAR,WEND5P,ALL,5
IF,WENDY,-37.840000,143.978333, ,0.0,0.0,0,0,0,0,0,0,0,0
TF,TEENA,-37.785000,144.450000,0, ,0.0,0.0,0.0,0.0,0,0,0,0,0,0,0,0

STAR,WEND5P,16,6
IF,TEENA,-37.785000,144.450000, ,0.0,0.0,0,0,0,0,0,0,0,0
TF,KEELA,-37.741667,144.788333,0, ,0.0,0.0,0.0,0.0,2,6000,0,0,0,0,0,0
TF,PASCO,-37.720000,144.963333,0, ,0.0,0.0,0.0,0.0,0,0,0,1,230,0,0,0
TF,EMSEK,-37.644253,144.957686,0, ,0.0,0.0,0.0,0.0,0,0,0,0,0,0,0,0

APPTR,D09,09,MISCH
IF,MISCH,-37.763969,144.677386, ,0.0,0.0,2,3000,0,0,0,0,1,0
AF,D248J,-37.691753,144.636119,2,ML,248.0,10.0,220.0,2,3000,0,0,0,0,0,1
CF,CF09,-37.657686,144.674333,0,ML,260.0,8.0,80.0,2.0,2,2690,0,0,0,0,0,0

APPTR,D09,09,NAOMI
IF,NAOMI,-37.655714,144.631850, ,0.0,0.0,2,3000,0,0,0,0,1,0
TF,CF09,-37.657686,144.674333,0, ,0.0,0.0,0.0,0.0,2,2690,0,0,0,0,0,0

APPTR,D09,09,WILDE
IF,WILDE,-37.549531,144.684475, ,0.0,0.0,2,4000,0,0,0,0,1,0
AF,D271J,-37.625261,144.636778,1,ML,271.0,10.0,300.0,2,3000,0,0,0,0,0,1
CF,CF09,-37.657686,144.674333,0,ML,260.0,8.0,80.0,2.0,2,2690,0,0,0,0,0,0

FINAL,D09,09,D,3
IF,CF09,-37.657686,144.674333,ML,260.0,8.0,2,2690,0,0,0,0,0,0
CF,FF09,-37.658322,144.716303,0,ML,260.0,6.0,80.0,2.0,2,2050,0,0,0,0,2,0
CF,MA09,-37.659694,144.810739,0,ML,260.0,1.5,80.0,4.5,1,621,0,0,0,0,3,0
CA,0,80.0,2,4000,0,0,0,0,0,0

APPTR,D27,27,D050J
IF,D050J,-37.578981,145.025614, ,0.0,0.0,2,3000,0,0,0,0,1,0
AF,D074J,-37.645386,145.051286,2,ML,74.0,10.0,50.0,2,3000,0,0,0,0,0,1
CF,CF27,-37.674297,144.988056,0,ML,86.0,7.0,266.0,3.0,2,2590,0,0,0,0,0,0

APPTR,D27,27,D086J
IF,D086J,-37.680264,145.050167, ,0.0,0.0,2,3000,0,0,0,0,1,0
TF,CF27,-37.674297,144.988056,0, ,0.0,0.0,0.0,0.0,2,2590,0,0,0,0,0,0

APPTR,D27,27,D124J
IF,D124J,-37.778053,144.990672, ,0.0,0.0,2,3000,0,0,0,0,1,0
AF,D097J,-37.711525,145.041744,1,ML,97.0,10.0,124.0,2,3000,0,0,0,0,0,1
CF,CF27,-37.674297,144.988056,0,ML,86.0,7.0,266.0,3.0,2,2590,0,0,0,0,0,0

APPTR,D27,27,ML1
IF,ML,-37.660133,144.841989, ,0.0,0.0,2,3000,0,0,0,0,1,0
FD,ML,-37.660133,144.841989,0,ML,0.0,7.0,62.0,7.0,0,0,0,0,0,0,0,0
CF,CF27,-37.674297,144.988056,2,ML,86.0,7.0,266.0,1.0,2,2590,0,0,0,0,0,0

APPTR,D27,27,ML2
IF,ML,-37.660133,144.841989, ,0.0,0.0,2,3000,0,0,0,0,1,0
FD,ML,-37.660133,144.841989,0,ML,0.0,7.0,72.0,7.0,0,0,0,0,0,0,0,0
CF,CF27,-37.674297,144.988056,2,ML,86.0,7.0,266.0,1.0,2,2590,0,0,0,0,0,0

FINAL,D27,27,D,3
IF,CF27,-37.674297,144.988056,ML,86.0,7.0,2,2590,0,0,0,0,0,0
CF,FF27,-37.672286,144.967214,0,ML,86.0,6.0,266.0,1.0,2,2270,0,0,0,0,2,0
CF,MA27,-37.662183,144.863031,0,ML,86.0,0.0,266.0,5.0,1,684,0,0,0,0,3,0
CA,0,266.0,2,4000,0,0,0,0,0,0

APPTR,D34,34,BOLTY
IF,BOLTY,-37.825142,144.943200, ,0.0,0.0,2,3000,0,0,0,0,1,0
AF,TONAR,-37.843544,144.852839,2,ML,166.3,11.0,143.0,2,3000,0,0,0,0,0,0

APPTR,D34,34,LAVER
IF,LAVER,-37.819939,144.728331, ,0.0,0.0,2,3000,0,0,0,0,1,0
AF,TONAR,-37.843544,144.852839,1,ML,166.3,11.0,198.0,2,3000,0,0,0,0,0,0

FINAL,D34,34,D,4
IF,TONAR,-37.843544,144.852839,ML,166.3,11.0,2,3000,0,0,0,0,1,0
CF,80VOR,-37.793475,144.849867,0,ML,166.3,8.0,346.0,3.0,2,2450,0,0,0,0,0,0
CF,FF34,-37.768472,144.848389,0,ML,166.3,6.5,346.0,1.5,2,1970,0,0,0,0,2,0
CF,RW34,-37.685789,144.840994,0,ML,170.8,1.5,346.0,5.0,1,380,0,0,0,0,3,0
CF,ML,-37.660133,144.841989,0,ML,0.0,0.0,346.0,1.5,0,0,0,0,0,0,0,0
CA,0,346.0,2,4000,0,0,0,0,0,0

APPTR,I16-X,16,BELTA
IF,BELTA,-37.462197,144.798208, ,0.0,0.0,2,4000,0,0,0,0,1,0
TF,D340K,-37.471614,144.801147,0, ,0.0,0.0,0.0,0.0,2,4000,0,0,0,0,0,0
CF,CI16X,-37.522789,144.810650,0,IMS,340.5,10.1,160.0,3.1,2,3000,0,0,0,0,0,0

FINAL,I16-X,16,I,3
IF,CI16X,-37.522789,144.810650,IMS,340.5,10.1,2,3000,0,0,0,0,0,0
CF,OM16,-37.590833,144.823333,0,IMS,340.5,5.9,160.0,4.1,1,1680,0,0,0,0,2,0
CF,RW16,-37.653192,144.834911,0,IMS,340.4,2.2,160.0,3.8,1,482,0,0,0,0,3,0
CA,0,160.0,2,4000,0,0,0,0,0,0

FINAL,I16-Y,16,I,3
IF,BELTA,-37.462197,144.798208,IMS,340.3,13.7,2,4000,0,0,0,0,1,0
CF,FF16,-37.562397,144.817983,0,IMS,340.5,7.7,160.0,6.0,1,2240,0,0,0,0,2,0
CF,RW16,-37.653192,144.834911,0,IMS,340.4,2.1,160.0,5.5,1,482,0,0,0,0,3,0
CA,0,160.0,2,4000,0,0,0,0,0,0

FINAL,I16-Z,16,I,3
IF,BELTA,-37.462197,144.798208,IMS,340.3,13.7,2,4000,0,0,0,0,1,0
CF,FF16,-37.562397,144.817983,0,IMS,340.5,7.7,160.0,6.1,1,2240,0,0,0,0,2,0
CF,RW16,-37.653192,144.834911,0,IMS,340.4,2.1,160.0,5.5,1,482,0,0,0,0,3,0
CA,0,160.0,2,4000,0,0,0,0,0,0

APPTR,I27-Y,27,VISAS
IF,VISAS,-37.671536,145.026478, ,0.0,0.0,2,2500,0,0,0,0,1,0
CF,CI27,-37.669839,144.988722,0,IMW,83.0,8.5,263.0,1.8,2,2500,0,0,0,0,0,0

FINAL,I27-Y,27,I,3
IF,CI27,-37.669839,144.988722,IMW,83.0,8.5,2,2500,0,0,0,0,0,0
CF,OM27,-37.666944,144.927222,0,IMW,83.3,5.6,263.0,2.9,1,1670,0,0,0,0,2,0
CF,RW27,-37.662261,144.848089,0,IMW,83.3,1.8,263.0,3.8,1,457,0,0,0,0,3,0
CA,0,263.0,2,4000,0,0,0,0,0,0

APPTR,I27-Z,27,VISAS
IF,VISAS,-37.671536,145.026478, ,0.0,0.0,2,2500,0,0,0,0,1,0
CF,CI27,-37.669839,144.988722,0,IMW,83.0,8.5,263.0,1.8,2,2500,0,0,0,0,0,0

FINAL,I27-Z,27,I,3
IF,CI27,-37.669839,144.988722,IMW,83.0,8.5,2,2500,0,0,0,0,0,0
CF,OM27,-37.666944,144.927222,0,IMW,83.3,5.6,263.0,2.9,1,1670,0,0,0,0,2,0
CF,RW27,-37.662261,144.848089,0,IMW,83.3,1.8,263.0,3.8,1,457,0,0,0,0,3,0
CA,0,263.0,2,4000,0,0,0,0,0,0

FINAL,J09,09,G,3
IF,GUPUG,-37.647061,144.591550,G09A,0.0,0.0,2,3000,0,0,0,0,1,0
TF,FJ09,-37.655467,144.732239,0,G09A,0.0,0.0,83.0,6.7,1,1810,0,0,0,0,2,0
TF,RW09,-37.660756,144.822247,0,G09A,0.0,0.0,83.0,4.3,1,445,0,0,0,0,3,1
CA,0,83.0,2,4000,0,0,0,0,0,0

FINAL,J16,16,G,3
IF,BELTA,-37.462197,144.798208,G16A,0.0,0.0,2,4000,0,0,0,0,1,0
TF,FJ16,-37.562472,144.817453,0,G16A,0.0,0.0,160.0,6.1,1,2230,0,0,0,0,2,0
TF,RW16,-37.653192,144.834911,0,G16A,0.0,0.0,160.0,5.5,1,482,0,0,0,0,3,1
CA,0,160.0,2,4000,0,0,0,0,0,0

FINAL,J27,27,G,3
IF,VISAS,-37.671536,145.026478,G27A,0.0,0.0,2,2500,0,0,0,0,1,0
TF,FJ27,-37.666431,144.927678,0,G27A,0.0,0.0,263.0,4.7,1,1670,0,0,0,0,2,0
TF,RW27,-37.662261,144.848089,0,G27A,0.0,0.0,263.0,3.8,1,457,0,0,0,0,3,1
CA,0,263.0,2,4000,0,0,0,0,0,0

FINAL,R09-Z,09,R,3
IF,GUPUG,-37.647061,144.591550, ,0.0,0.0,2,3000,0,1,200,0,1,0
TF,MMLWF,-37.655511,144.732872,0, ,0.0,0.0,83.0,6.7,2,1800,0,0,0,0,2,0
TF,MMLWM,-37.660433,144.816600,0, ,0.0,0.0,83.0,4.0,1,531,0,0,0,0,3,1
DF,MMLWH,-37.664086,144.879400,0, ,0.0,0.0,0,0,0,0,0,0,0,0
CA,0,83.0,2,4000,0,0,0,0,0,0

FINAL,R16-M,16,R,4
IF,LUVKA,-37.511072,144.960525, ,0.0,0.0,2,3000,0,0,0,0,1,0
TF,AREXO,-37.537653,144.869892,0, ,0.0,0.0,238.0,4.6,1,3000,0,0,0,0,2,0
RF,ML420,-37.598906,144.824461,1,RML02,159.6,3.4,1,1530,0,0,0,0,0,0
TF,RW16,-37.653192,144.834911,0, ,0.0,0.0,160.0,3.3,1,482,0,0,0,0,3,1
TF,ML430,-37.785133,144.860364,0, ,0.0,0.0,0.0,0.0,0,0,0,0,0,0,0,0
CA,0,160.0,2,4000,0,0,0,0,0,0

APPTR,R16-P,16,EMSEK
IF,EMSEK,-37.644253,144.957686, ,0.0,0.0,2,3000,0,0,0,0,1,0
TF,SUSAK,-37.580956,144.952975,0, ,0.0,0.0,0.0,0.0,2,3000,0,1,190,0,1,0

FINAL,R16-P,16,R,4
IF,SUSAK,-37.580956,144.952975, ,0.0,0.0,2,3000,0,1,190,0,0,0
RF,AREXO,-37.537653,144.869892,1,RML01,198.7,2.9,1,3000,0,0,0,0,2,0
RF,ML420,-37.598906,144.824461,1,RML02,159.6,3.4,1,1530,0,0,0,0,0,0
TF,RW16,-37.653192,144.834911,0, ,0.0,0.0,160.0,3.3,1,482,0,0,0,0,3,1
TF,ML430,-37.785133,144.860364,0, ,0.0,0.0,0.0,0.0,0,0,0,0,0,0,0,0
CA,0,160.0,2,4000,0,0,0,0,0,0

APPTR,R16-Z,16,BELTA
IF,BELTA,-37.462197,144.798208, ,0.0,0.0,2,3000,0,1,210,0,1,0
TF,ANBEM,-37.522639,144.810594,0, ,0.0,0.0,0.0,0.0,2,3000,0,0,0,0,1,0

FINAL,R16-Z,16,R,3
IF,ANBEM,-37.522639,144.810594, ,0.0,0.0,2,3000,0,0,0,0,0,0
TF,MMLNF,-37.561892,144.817897,0, ,0.0,0.0,160.0,2.4,2,2240,0,0,0,0,2,0
TF,MMLNM,-37.653192,144.834911,0, ,0.0,0.0,160.0,5.5,1,482,0,0,0,0,3,1
DF,MMLNH,-37.702706,144.844153,0, ,0.0,0.0,0,0,0,0,0,0,0,0
CA,0,160.0,2,4000,0,0,0,0,0,0

FINAL,R27-Z,27,R,3
IF,VISAS,-37.671536,145.026478, ,0.0,0.0,2,2500,0,1,210,0,1,0
TF,MMLEF,-37.666825,144.927122,0, ,0.0,0.0,262.0,4.7,2,1660,0,0,0,0,2,0
TF,MMLEM,-37.662261,144.848089,0, ,0.0,0.0,263.0,3.8,1,457,0,0,0,0,3,1
DF,MMLEH,-37.658592,144.785294,0, ,0.0,0.0,0,0,0,0,0,0,0,0
CA,0,263.0,2,4000,0,0,0,0,0,0

FINAL,R34-Z,34,R,3
IF,AKDEL,-37.834328,144.868828, ,0.0,0.0,2,3000,0,1,185,0,1,0
TF,MMLSF,-37.751811,144.853328,0, ,0.0,0.0,340.0,5.0,2,1650,0,0,0,0,2,0
TF,MMLSM,-37.685789,144.840994,0, ,0.0,0.0,340.0,4.0,1,380,0,0,0,0,3,1
DF,MMLSH,-37.636272,144.831756,0, ,0.0,0.0,0,0,0,0,0,0,0,0
CA,0,340.0,2,4000,0,0,0,0,0,0

