APPTR,R05-Z,05,NYNWA
IF,NYNWA,-31.723911,147.041250, ,0.0,0.0,1,2400,0,1,210,0,1,0
TF,NYNWI,-31.641850,147.023128,0, ,0.0,0.0,0.0,0.0,1,2400,0,0,0,0,1,0

APPTR,R05-Z,05,NYNWB
IF,NYNWB,-31.684336,146.939064, ,0.0,0.0,1,2400,0,1,210,0,1,0
TF,NYNWI,-31.641850,147.023128,0, ,0.0,0.0,0.0,0.0,1,2400,0,0,0,0,1,0

APPTR,R05-Z,05,NYNWC
IF,NYNWC,-31.588919,146.947642, ,0.0,0.0,1,2400,0,1,210,0,1,0
TF,NYNWI,-31.641850,147.023128,0, ,0.0,0.0,0.0,0.0,1,2400,0,0,0,0,1,0

FINAL,R05-Z,05,R,3
IF,NYNWI,-31.641850,147.023128, ,0.0,0.0,1,2400,0,0,0,0,0,0
TF,NYNWF,-31.599311,147.107114,0, ,0.0,0.0,49.0,5.0,2,2300,0,0,0,0,2,0
TF,NYNWM,-31.556714,147.191022,0, ,0.0,0.0,49.0,5.0,1,704,0,0,0,0,3,1
DF,NYNWH,-31.531131,147.241331,0, ,0.0,0.0,0,0,0,0,0,0,0,0
CA,0,49.0,2,2200,0,0,0,0,0,0

APPTR,R23-Z,23,NYNED
IF,NYNED,-31.377106,147.364436, ,0.0,0.0,1,2400,0,1,210,0,1,0
TF,NYNEI,-31.459172,147.382503,0, ,0.0,0.0,0.0,0.0,1,2400,0,0,0,0,1,0

APPTR,R23-Z,23,NYNEE
IF,NYNEE,-31.416403,147.466167, ,0.0,0.0,1,2400,0,1,210,0,1,0
TF,NYNEI,-31.459172,147.382503,0, ,0.0,0.0,0.0,0.0,1,2400,0,0,0,0,1,0

APPTR,R23-Z,23,NYNEG
IF,NYNEG,-31.512050,147.457936, ,0.0,0.0,1,2400,0,1,210,0,1,0
TF,NYNEI,-31.459172,147.382503,0, ,0.0,0.0,0.0,0.0,1,2400,0,0,0,0,1,0

FINAL,R23-Z,23,R,3
IF,NYNEI,-31.459172,147.382503, ,0.0,0.0,1,2400,0,0,0,0,0,0
TF,NYNEF,-31.501889,147.298764,0, ,0.0,0.0,229.0,5.0,2,2290,0,0,0,0,2,0
TF,NYNEM,-31.544550,147.214947,0, ,0.0,0.0,229.0,5.0,1,702,0,0,0,0,3,1
DF,NYNEH,-31.570119,147.164622,0, ,0.0,0.0,0,0,0,0,0,0,0,0
CA,0,229.0,2,2200,0,0,0,0,0,0

