SID,NORTH1,18,1
DF,DER18,-34.717356,138.613444,0, ,0.0,0.0,0,0,0,0,0,0,0,1
CA,0,180.0,2,600,0,0,0,0,0,0
CA,2,340.0,2,4000,0,0,0,0,0,0
DF,EDN,-34.704806,138.612444,2, ,0.0,0.0,0,0,0,0,0,0,0,0

SID,NORTH1,36,1
DF,DER36,-34.694533,138.617583,0, ,0.0,0.0,0,0,0,0,0,0,0,1
CA,0,360.0,2,600,0,0,0,0,0,0
CA,0,340.0,2,4000,0,0,0,0,0,0
DF,EDN,-34.704806,138.612444,2, ,0.0,0.0,0,0,0,0,0,0,0,0

SID,NORTH1,ALL,2
IF,EDN,-34.704806,138.612444, ,0.0,0.0,0,0,0,0,0,0,0,0

APPTR,I18-Y,18,PIKIS
IF,PIKIS,-34.545667,138.501500, ,0.0,0.0,2,3300,0,0,0,0,1,0
AF,SUNDR,-34.523500,138.648500,2,EDN,1.4,11.0,322.0,2,2000,0,0,0,0,0,0
CF,CI18Y,-34.572928,138.637994,0,IED,360.0,8.9,180.0,3.0,2,2000,0,0,0,0,0,0

APPTR,I18-Y,18,SUNDR
IF,SUNDR,-34.523500,138.648500, ,0.0,0.0,2,3300,0,0,0,0,1,0
CF,CI18Y,-34.572928,138.637994,0,IED,360.0,8.9,180.0,3.0,2,2000,0,0,0,0,0,0

FINAL,I18-Y,18,I,3
IF,CI18Y,-34.572928,138.637994,IED,360.0,8.9,2,2000,0,0,0,0,0,0
CF,OM18,-34.624722,138.630278,0,IED,0.5,5.8,180.0,3.1,1,1460,0,0,0,0,2,0
CF,RW18,-34.694533,138.617583,0,IED,0.4,1.5,180.0,4.2,1,110,0,0,0,0,3,0
CA,0,180.0,2,500,0,1,210,0,0,0
VM,0,0,2,340.0,2,3300,0,0,0,0,0,0

FINAL,I18-Z,18,I,3
IF,CI18Z,-34.523319,138.646403,IED,360.0,11.9,2,3200,0,1,210,0,1,0
CF,OM18,-34.624722,138.630278,0,IED,0.5,5.8,180.0,6.1,1,1450,0,0,0,0,2,0
CF,RW18,-34.694533,138.617583,0,IED,0.4,1.5,180.0,4.2,1,110,0,0,0,0,3,0
CA,0,180.0,2,500,0,1,180,0,0,0
CA,2,340.0,2,3200,0,0,0,0,0,0

APPTR,N18-Z,18,EDN1
IF,EDN,-34.706981,138.631614, ,0.0,0.0,2,4000,0,1,210,0,1,0
FC,EDN,-34.706981,138.631614,0,AD,0.0,0.0,318.0,7.0,0,0,0,0,0,0,0,1
CF,FF18,-34.619758,138.613008,2,AD,4.6,20.1,162.0,2.0,2,1700,0,0,0,0,0,0

APPTR,N18-Z,18,EDN2
IF,EDN,-34.706981,138.631614, ,0.0,0.0,2,4000,0,1,140,0,1,0
FC,EDN,-34.706981,138.631614,0,AD,0.0,0.0,330.0,7.0,0,0,0,0,0,0,0,1
CF,FF18,-34.619758,138.613008,2,AD,4.6,20.1,162.0,2.0,2,1700,0,0,0,0,0,0

FINAL,N18-Z,18,N,2
IF,FF18,-34.619758,138.613008,EDN,0.0,0.0,2,1700,0,0,0,0,2,0
CF,EDN,-34.706981,138.631614,0,EDN,0.0,0.0,162.0,5.3,1,700,0,0,0,0,3,0
CA,2,340.0,2,4000,0,1,185,0,0,0

APPTR,R18,18,PEDNA
IF,PEDNA,-34.489539,138.558900, ,0.0,0.0,2,3300,0,1,210,0,1,0
TF,PEDNI,-34.529428,138.647481,0, ,0.0,0.0,0.0,0.0,2,3300,0,0,0,0,1,0

APPTR,R18,18,PEDNC
IF,PEDNC,-34.512772,138.746306, ,0.0,0.0,2,3300,0,1,210,0,1,0
TF,PEDNI,-34.529428,138.647481,0, ,0.0,0.0,0.0,0.0,2,3300,0,0,0,0,1,0

APPTR,R18,18,PEDNE
IF,PEDNE,-34.446872,138.662408, ,0.0,0.0,2,3300,0,1,210,0,1,0
TF,PEDNI,-34.529428,138.647481,0, ,0.0,0.0,0.0,0.0,2,3300,0,0,0,0,1,0

FINAL,R18,18,R,3
IF,PEDNI,-34.529428,138.647481, ,0.0,0.0,2,3300,0,0,0,0,0,0
TF,PEDNF,-34.611981,138.632539,0, ,0.0,0.0,181.0,5.0,2,1700,0,0,0,0,2,0
TF,PEDNM,-34.694533,138.617583,0, ,0.0,0.0,181.0,5.0,1,109,0,0,0,0,3,1
CA,0,181.0,2,570,0,1,210,0,0,0
VM,0,0,2,340.0,2,3300,0,0,0,0,0,0

FINAL,T18,18,D,3
IF,CT18,-34.527333,138.669833,EDN,7.0,11.0,2,3300,0,0,0,0,1,0
CF,FT18,-34.608100,138.644047,0,EDN,7.1,6.0,187.0,5.0,2,1810,0,0,0,0,2,0
CF,MT18,-34.688689,138.617717,0,EDN,7.1,0.0,187.0,5.0,1,218,0,0,0,0,3,0
CA,0,187.0,2,570,0,1,210,0,0,0
VM,0,0,2,340.0,2,3300,0,0,0,0,0,0

