SID,MANTL9,06L,1
CA,0,56.0,2,600,0,0,0,0,0,0
DF,D307C,-32.069383,115.832428,1, ,0.0,0.0,2,700,0,0,0,0,0,0
TF,MANTL,-32.016667,115.746667,0, ,0.0,0.0,0.0,0.0,0,0,0,0,0,0,0,0
FM,MANTL,-32.016667,115.746667,0,PH,0.0,0.0,307.0,0,0,0,0,0,0,0,0

SID,MANTL9,12,1
CA,0,116.0,2,600,0,0,0,0,0,0
DF,D307C,-32.069383,115.832428,1, ,0.0,0.0,2,700,0,0,0,0,0,0
TF,MANTL,-32.016667,115.746667,0, ,0.0,0.0,0.0,0.0,0,0,0,0,0,0,0,0
FM,MANTL,-32.016667,115.746667,0,PH,0.0,0.0,307.0,0,0,0,0,0,0,0,0

SID,MANTL9,24R,1
CA,0,236.0,2,600,0,0,0,0,0,0
VI,2, ,0.0,352.0,0,0,0,0,0,0,0,0
CF,MANTL,-32.016667,115.746667,0,PH,250.4,11.7,307.0,4.0,0,0,0,0,0,0,0,0
FM,MANTL,-32.016667,115.746667,0,PH,0.0,0.0,307.0,0,0,0,0,0,0,0,0

SID,MANTL9,30,1
CA,0,296.0,2,600,0,0,0,0,0,0
CF,MANTL,-32.016667,115.746667,0,PH,250.4,11.7,307.0,8.0,0,0,0,0,0,0,0,0
FM,MANTL,-32.016667,115.746667,0,PH,0.0,0.0,307.0,0,0,0,0,0,0,0,0

SID,SCARP3,06L,1
CA,0,56.0,2,600,0,0,0,0,0,0
DF,D115C,-32.120153,115.933653,2, ,0.0,0.0,2,700,0,0,0,0,0,0
TF,SCARP,-32.163333,116.050000,0, ,0.0,0.0,0.0,0.0,0,0,0,0,0,0,0,0
FM,SCARP,-32.163333,116.050000,0,PH,0.0,0.0,115.0,0,0,0,0,0,0,0,0

SID,SCARP3,12,1
CA,0,116.0,2,600,0,0,0,0,0,0
CF,SCARP,-32.163333,116.050000,0,PH,162.5,13.9,115.0,9.0,0,0,0,0,0,0,0,0
FM,SCARP,-32.163333,116.050000,0,PH,0.0,0.0,115.0,0,0,0,0,0,0,0,0

SID,SCARP3,24R,1
CA,0,236.0,2,600,0,0,0,0,0,0
VI,1, ,0.0,85.0,0,0,0,0,0,0,0,0
CF,SCARP,-32.163333,116.050000,0,PH,162.5,13.9,115.0,3.0,0,0,0,0,0,0,0,0
FM,SCARP,-32.163333,116.050000,0,PH,0.0,0.0,115.0,0,0,0,0,0,0,0,0

SID,SCARP3,30,1
CA,0,296.0,2,600,0,0,0,0,0,0
VI,1, ,0.0,85.0,0,0,0,0,0,0,0,0
CF,SCARP,-32.163333,116.050000,0,PH,162.5,13.9,115.0,3.0,0,0,0,0,0,0,0,0
FM,SCARP,-32.163333,116.050000,0,PH,0.0,0.0,115.0,0,0,0,0,0,0,0,0

SID,TONEG1,06L,1
CA,0,56.0,2,600,0,0,0,0,0,0
VI,1, ,0.0,195.0,0,0,0,0,0,0,0,0
CF,TONEG,-32.154403,115.787072,0,PH,217.0,15.3,240.0,2.0,0,0,0,1,150,0,0,0
FM,TONEG,-32.154403,115.787072,0,PH,0.0,0.0,240.0,0,0,0,0,0,0,0,0

SID,TONEG1,12,1
CA,0,116.0,2,600,0,0,0,0,0,0
CI,2, ,0.0,282.0,0,0,0,0,0,0,0,0
CF,TONEG,-32.154403,115.787072,0,PH,217.0,15.3,240.0,2.0,0,0,0,1,150,0,0,0
FM,TONEG,-32.154403,115.787072,0,PH,0.0,0.0,240.0,0,0,0,0,0,0,0,0

SID,TONEG1,24R,1
CA,0,236.0,2,600,0,0,0,0,0,0
CF,TONEG,-32.154403,115.787072,0,PH,217.0,15.3,240.0,5.0,0,0,0,0,0,0,0,0
FM,TONEG,-32.154403,115.787072,0,PH,0.0,0.0,240.0,0,0,0,0,0,0,0,0

SID,TONEG1,30,1
CA,0,296.0,2,600,0,0,0,0,0,0
CI,1, ,0.0,168.0,0,0,0,0,0,0,0,0
CF,TONEG,-32.154403,115.787072,0,PH,217.0,15.3,240.0,3.0,0,0,0,1,150,0,0,0
FM,TONEG,-32.154403,115.787072,0,PH,0.0,0.0,240.0,0,0,0,0,0,0,0,0

STAR,JT2G,BEVLY,4
IF,BEVLY,-32.180553,116.900053, ,0.0,0.0,0,0,0,0,0,0,0,0
TF,KYEMA,-32.144906,116.625000,0, ,0.0,0.0,0.0,0.0,0,0,0,0,0,0,0,0
TF,GOSNL,-32.072475,116.086169,0, ,0.0,0.0,0.0,0.0,0,0,0,0,0,0,0,0

STAR,JT2G,GRENE,4
IF,GRENE,-31.890761,116.936242, ,0.0,0.0,0,0,0,0,0,0,0,0
TF,BOOKA,-32.020753,116.659047,0, ,0.0,0.0,0.0,0.0,0,0,0,0,0,0,0,0
TF,GOSNL,-32.072475,116.086169,0, ,0.0,0.0,0.0,0.0,0,0,0,0,0,0,0,0

STAR,JT2G,WOORA,4
IF,WOORA,-31.753106,116.078125, ,0.0,0.0,0,0,0,0,0,0,0,0
TF,HERNE,-31.830142,116.061622,0, ,0.0,0.0,0.0,0.0,0,0,0,0,0,0,0,0
TF,GUNGN,-31.970189,116.133047,0, ,0.0,0.0,0.0,0.0,0,0,0,0,0,0,0,0
TF,GOSNL,-32.072475,116.086169,0, ,0.0,0.0,0.0,0.0,0,0,0,0,0,0,0,0

STAR,JT2G,ALL,5
IF,GOSNL,-32.072475,116.086169, ,0.0,0.0,0,0,0,0,0,0,0,0
TF,PH,-31.945000,115.959167,0, ,0.0,0.0,0.0,0.0,0,0,0,0,0,0,0,0

STAR,JT2R,BEVLY,4
IF,BEVLY,-32.180553,116.900053, ,0.0,0.0,0,0,0,0,0,0,0,0
TF,BOOKA,-32.020753,116.659047,0, ,0.0,0.0,0.0,0.0,0,0,0,0,0,0,0,0
TF,PONYS,-31.946011,116.546850,0, ,0.0,0.0,0.0,0.0,3,11000,0,0,0,0,0,0
TF,DELAK,-31.861289,116.381350,0, ,0.0,0.0,0.0,0.0,3,7000,0,0,0,0,0,0
TF,ROLOB,-31.792950,116.248378,0, ,0.0,0.0,0.0,0.0,0,0,0,0,0,0,0,0

STAR,JT2R,GRENE,4
IF,GRENE,-31.890761,116.936242, ,0.0,0.0,0,0,0,0,0,0,0,0
TF,DORIS,-31.900900,116.715372,0, ,0.0,0.0,0.0,0.0,0,0,0,0,0,0,0,0
TF,RONAN,-31.871033,116.585317,0, ,0.0,0.0,0.0,0.0,3,11000,0,0,0,0,0,0
TF,UNDOW,-31.829147,116.404019,0, ,0.0,0.0,0.0,0.0,3,7000,0,0,0,0,0,0
TF,ROLOB,-31.792950,116.248378,0, ,0.0,0.0,0.0,0.0,0,0,0,0,0,0,0,0

STAR,JT2R,ALL,5
IF,ROLOB,-31.792950,116.248378, ,0.0,0.0,0,0,0,0,0,0,0,0
TF,PH,-31.945000,115.959167,0, ,0.0,0.0,0.0,0.0,0,0,0,0,0,0,0,0

STAR,JT2W,HAMTN,4
IF,HAMTN,-32.363889,117.656167, ,0.0,0.0,0,0,0,0,0,0,0,0
TF,DAYLR,-32.268378,116.554781,0, ,0.0,0.0,0.0,0.0,0,0,0,0,0,0,0,0
TF,WUNGO,-32.198333,116.028333,0, ,0.0,0.0,0.0,0.0,0,0,0,0,0,0,0,0

STAR,JT2W,ALL,5
IF,WUNGO,-32.198333,116.028333, ,0.0,0.0,0,0,0,0,0,0,0,0
TF,HARMN,-32.170000,115.898333,0, ,0.0,0.0,0.0,0.0,0,0,0,0,0,0,0,0
TF,PH,-31.945000,115.959167,0, ,0.0,0.0,0.0,0.0,0,0,0,0,0,0,0,0

FINAL,N06L-A,06L,N,3
IF,PARKS,-31.976667,115.838333,JT,0.0,0.0,2,2000,0,0,0,0,0,0
CF,FF164,-32.023261,115.856417,0,JT,0.0,0.0,164.0,2.9,2,2000,0,0,0,0,2,0
CF,JT,-32.102689,115.886708,0,JT,0.0,0.0,164.0,5.0,1,780,0,0,0,0,3,0
VM,0,0,2,270.0,2,2000,0,0,0,0,0,0

APPTR,N06L-B,06L,JT08
IF,JT08,-32.226556,115.827825, ,0.0,0.0,2,2000,0,1,180,0,0,0
TF,FN024,-32.164625,115.857286,0, ,0.0,0.0,0.0,0.0,2,1400,0,0,0,0,0,0

APPTR,N06L-B,06L,JT1
IF,JT,-32.102689,115.886708, ,0.0,0.0,2,3100,0,1,180,0,1,0
FC,JT,-32.102689,115.886708,0,PH,0.0,0.0,176.0,6.0,0,0,0,0,0,0,0,1
CF,FN024,-32.164625,115.857286,2,PH,203.5,14.1,24.0,2.0,2,1400,0,0,0,0,0,0

APPTR,N06L-B,06L,JT2
IF,JT,-32.102689,115.886708, ,0.0,0.0,2,3100,0,1,140,0,1,0
FC,JT,-32.102689,115.886708,0,PH,0.0,0.0,186.0,5.8,0,0,0,0,0,0,0,1
CF,FN024,-32.164625,115.857286,2,PH,203.5,14.1,24.0,2.0,2,1400,0,0,0,0,0,0

FINAL,N06L-B,06L,N,2
IF,FN024,-32.164625,115.857286,JT,0.0,0.0,2,1400,0,0,0,0,2,0
CF,JT,-32.102689,115.886708,0,JT,0.0,0.0,24.0,4.0,1,780,0,0,0,0,3,0
VM,0,0,1,270.0,2,2000,0,0,0,0,0,0

FINAL,N06R-A,06R,N,3
IF,PARKS,-31.976667,115.838333,JT,0.0,0.0,2,2000,0,0,0,0,0,0
CF,FF164,-32.023261,115.856417,0,JT,0.0,0.0,164.0,2.9,2,2000,0,0,0,0,2,0
CF,JT,-32.102689,115.886708,0,JT,0.0,0.0,164.0,5.0,1,780,0,0,0,0,3,0
VM,0,0,2,270.0,2,2000,0,0,0,0,0,0

APPTR,N06R-B,06R,JT08
IF,JT08,-32.226556,115.827825, ,0.0,0.0,2,2000,0,1,180,0,0,0
TF,FN024,-32.164625,115.857286,0, ,0.0,0.0,0.0,0.0,2,1400,0,0,0,0,0,0

APPTR,N06R-B,06R,JT1
IF,JT,-32.102689,115.886708, ,0.0,0.0,2,3100,0,1,180,0,1,0
FC,JT,-32.102689,115.886708,0,PH,0.0,0.0,176.0,6.0,0,0,0,0,0,0,0,1
CF,FN024,-32.164625,115.857286,2,PH,203.5,14.1,24.0,2.0,2,1400,0,0,0,0,0,0

APPTR,N06R-B,06R,JT2
IF,JT,-32.102689,115.886708, ,0.0,0.0,2,3100,0,1,140,0,1,0
FC,JT,-32.102689,115.886708,0,PH,0.0,0.0,186.0,5.8,0,0,0,0,0,0,0,1
CF,FN024,-32.164625,115.857286,2,PH,203.5,14.1,24.0,2.0,2,1400,0,0,0,0,0,0

FINAL,N06R-B,06R,N,2
IF,FN024,-32.164625,115.857286,JT,0.0,0.0,2,1400,0,0,0,0,2,0
CF,JT,-32.102689,115.886708,0,JT,0.0,0.0,24.0,4.0,1,780,0,0,0,0,3,0
VM,0,0,1,270.0,2,2000,0,0,0,0,0,0

FINAL,N12-A,12,N,3
IF,PARKS,-31.976667,115.838333,JT,0.0,0.0,2,2000,0,0,0,0,0,0
CF,FF164,-32.023261,115.856417,0,JT,0.0,0.0,164.0,2.9,2,2000,0,0,0,0,2,0
CF,JT,-32.102689,115.886708,0,JT,0.0,0.0,164.0,5.0,1,780,0,0,0,0,3,0
VM,0,0,2,270.0,2,2000,0,0,0,0,0,0

APPTR,N12-B,12,JT08
IF,JT08,-32.226556,115.827825, ,0.0,0.0,2,2000,0,1,180,0,0,0
TF,FN024,-32.164625,115.857286,0, ,0.0,0.0,0.0,0.0,2,1400,0,0,0,0,0,0

APPTR,N12-B,12,JT1
IF,JT,-32.102689,115.886708, ,0.0,0.0,2,3100,0,1,180,0,1,0
FC,JT,-32.102689,115.886708,0,PH,0.0,0.0,176.0,6.0,0,0,0,0,0,0,0,1
CF,FN024,-32.164625,115.857286,2,PH,203.5,14.1,24.0,2.0,2,1400,0,0,0,0,0,0

APPTR,N12-B,12,JT2
IF,JT,-32.102689,115.886708, ,0.0,0.0,2,3100,0,1,140,0,1,0
FC,JT,-32.102689,115.886708,0,PH,0.0,0.0,186.0,5.8,0,0,0,0,0,0,0,1
CF,FN024,-32.164625,115.857286,2,PH,203.5,14.1,24.0,2.0,2,1400,0,0,0,0,0,0

FINAL,N12-B,12,N,2
IF,FN024,-32.164625,115.857286,JT,0.0,0.0,2,1400,0,0,0,0,2,0
CF,JT,-32.102689,115.886708,0,JT,0.0,0.0,24.0,4.0,1,780,0,0,0,0,3,0
VM,0,0,1,270.0,2,2000,0,0,0,0,0,0

FINAL,N24L-A,24L,N,3
IF,PARKS,-31.976667,115.838333,JT,0.0,0.0,2,2000,0,0,0,0,0,0
CF,FF164,-32.023261,115.856417,0,JT,0.0,0.0,164.0,2.9,2,2000,0,0,0,0,2,0
CF,JT,-32.102689,115.886708,0,JT,0.0,0.0,164.0,5.0,1,780,0,0,0,0,3,0
VM,0,0,2,270.0,2,2000,0,0,0,0,0,0

APPTR,N24L-B,24L,JT08
IF,JT08,-32.226556,115.827825, ,0.0,0.0,2,2000,0,1,180,0,0,0
TF,FN024,-32.164625,115.857286,0, ,0.0,0.0,0.0,0.0,2,1400,0,0,0,0,0,0

APPTR,N24L-B,24L,JT1
IF,JT,-32.102689,115.886708, ,0.0,0.0,2,3100,0,1,180,0,1,0
FC,JT,-32.102689,115.886708,0,PH,0.0,0.0,176.0,6.0,0,0,0,0,0,0,0,1
CF,FN024,-32.164625,115.857286,2,PH,203.5,14.1,24.0,2.0,2,1400,0,0,0,0,0,0

APPTR,N24L-B,24L,JT2
IF,JT,-32.102689,115.886708, ,0.0,0.0,2,3100,0,1,140,0,1,0
FC,JT,-32.102689,115.886708,0,PH,0.0,0.0,186.0,5.8,0,0,0,0,0,0,0,1
CF,FN024,-32.164625,115.857286,2,PH,203.5,14.1,24.0,2.0,2,1400,0,0,0,0,0,0

FINAL,N24L-B,24L,N,2
IF,FN024,-32.164625,115.857286,JT,0.0,0.0,2,1400,0,0,0,0,2,0
CF,JT,-32.102689,115.886708,0,JT,0.0,0.0,24.0,4.0,1,780,0,0,0,0,3,0
VM,0,0,1,270.0,2,2000,0,0,0,0,0,0

FINAL,N24R-A,24R,N,3
IF,PARKS,-31.976667,115.838333,JT,0.0,0.0,2,2000,0,0,0,0,0,0
CF,FF164,-32.023261,115.856417,0,JT,0.0,0.0,164.0,2.9,2,2000,0,0,0,0,2,0
CF,JT,-32.102689,115.886708,0,JT,0.0,0.0,164.0,5.0,1,780,0,0,0,0,3,0
VM,0,0,2,270.0,2,2000,0,0,0,0,0,0

APPTR,N24R-B,24R,JT08
IF,JT08,-32.226556,115.827825, ,0.0,0.0,2,2000,0,1,180,0,0,0
TF,FN024,-32.164625,115.857286,0, ,0.0,0.0,0.0,0.0,2,1400,0,0,0,0,0,0

APPTR,N24R-B,24R,JT1
IF,JT,-32.102689,115.886708, ,0.0,0.0,2,3100,0,1,180,0,1,0
FC,JT,-32.102689,115.886708,0,PH,0.0,0.0,176.0,6.0,0,0,0,0,0,0,0,1
CF,FN024,-32.164625,115.857286,2,PH,203.5,14.1,24.0,2.0,2,1400,0,0,0,0,0,0

APPTR,N24R-B,24R,JT2
IF,JT,-32.102689,115.886708, ,0.0,0.0,2,3100,0,1,140,0,1,0
FC,JT,-32.102689,115.886708,0,PH,0.0,0.0,186.0,5.8,0,0,0,0,0,0,0,1
CF,FN024,-32.164625,115.857286,2,PH,203.5,14.1,24.0,2.0,2,1400,0,0,0,0,0,0

FINAL,N24R-B,24R,N,2
IF,FN024,-32.164625,115.857286,JT,0.0,0.0,2,1400,0,0,0,0,2,0
CF,JT,-32.102689,115.886708,0,JT,0.0,0.0,24.0,4.0,1,780,0,0,0,0,3,0
VM,0,0,1,270.0,2,2000,0,0,0,0,0,0

FINAL,N30-A,30,N,3
IF,PARKS,-31.976667,115.838333,JT,0.0,0.0,2,2000,0,0,0,0,0,0
CF,FF164,-32.023261,115.856417,0,JT,0.0,0.0,164.0,2.9,2,2000,0,0,0,0,2,0
CF,JT,-32.102689,115.886708,0,JT,0.0,0.0,164.0,5.0,1,780,0,0,0,0,3,0
VM,0,0,2,270.0,2,2000,0,0,0,0,0,0

APPTR,N30-B,30,JT08
IF,JT08,-32.226556,115.827825, ,0.0,0.0,2,2000,0,1,180,0,0,0
TF,FN024,-32.164625,115.857286,0, ,0.0,0.0,0.0,0.0,2,1400,0,0,0,0,0,0

APPTR,N30-B,30,JT1
IF,JT,-32.102689,115.886708, ,0.0,0.0,2,3100,0,1,180,0,1,0
FC,JT,-32.102689,115.886708,0,PH,0.0,0.0,176.0,6.0,0,0,0,0,0,0,0,1
CF,FN024,-32.164625,115.857286,2,PH,203.5,14.1,24.0,2.0,2,1400,0,0,0,0,0,0

APPTR,N30-B,30,JT2
IF,JT,-32.102689,115.886708, ,0.0,0.0,2,3100,0,1,140,0,1,0
FC,JT,-32.102689,115.886708,0,PH,0.0,0.0,186.0,5.8,0,0,0,0,0,0,0,1
CF,FN024,-32.164625,115.857286,2,PH,203.5,14.1,24.0,2.0,2,1400,0,0,0,0,0,0

FINAL,N30-B,30,N,2
IF,FN024,-32.164625,115.857286,JT,0.0,0.0,2,1400,0,0,0,0,2,0
CF,JT,-32.102689,115.886708,0,JT,0.0,0.0,24.0,4.0,1,780,0,0,0,0,3,0
VM,0,0,1,270.0,2,2000,0,0,0,0,0,0

APPTR,R06LZ,06L,PJTWA
IF,PJTWA,-32.234606,115.788086, ,0.0,0.0,2,1900,0,0,0,0,1,0
TF,PJTWI,-32.180219,115.742456,0, ,0.0,0.0,0.0,0.0,2,1900,0,0,0,0,1,0

FINAL,R06LZ,06L,R,3
IF,PJTWI,-32.180219,115.742456, ,0.0,0.0,2,1900,0,0,0,0,0,0
TF,PJTWF,-32.141419,115.806386,0, ,0.0,0.0,56.0,4.0,2,1500,0,0,0,0,2,0
TF,PJTWM,-32.102586,115.870267,0, ,0.0,0.0,56.0,4.0,1,230,0,0,0,0,3,1
CA,0,56.0,2,600,0,0,0,0,0,0
DF,PJTWH,-32.159067,115.882639,2, ,0.0,0.0,3,1500,0,0,0,0,0,0
VM,0,0,0,221.0,2,1900,0,0,0,0,0,0

APPTR,R24RZ,24R,KALAM
IF,KALAM,-31.961667,116.153333, ,0.0,0.0,2,3100,0,1,210,0,1,0
TF,PJTEI,-31.986592,116.060428,0, ,0.0,0.0,0.0,0.0,2,3100,0,0,0,0,1,0

APPTR,R24RZ,24R,PJTED
IF,PJTED,-31.906178,116.034006, ,0.0,0.0,2,3100,0,1,210,0,1,0
TF,PJTEI,-31.986592,116.060428,0, ,0.0,0.0,0.0,0.0,2,3100,0,0,0,0,1,0

APPTR,R24RZ,24R,PJTEG
IF,PJTEG,-32.033678,116.141375, ,0.0,0.0,2,3100,0,1,210,0,1,0
TF,PJTEI,-31.986592,116.060428,0, ,0.0,0.0,0.0,0.0,2,3100,0,0,0,0,1,0

FINAL,R24RZ,24R,R,3
IF,PJTEI,-31.986592,116.060428, ,0.0,0.0,2,3100,0,0,0,0,0,0
TF,PJTEF,-32.035250,115.980775,0, ,0.0,0.0,236.0,5.0,2,2070,0,0,0,0,2,0
TF,PJTEM,-32.083856,115.901036,0, ,0.0,0.0,236.0,5.0,1,479,0,0,0,0,3,1
CA,0,236.0,2,600,0,0,0,0,0,0
DF,PJTEH,-32.064636,115.765594,0, ,0.0,0.0,3,1500,0,0,0,0,0,0
VM,0,0,0,282.0,2,1900,0,0,0,0,0,0

APPTR,R30-Z,30,PJTSK
IF,PJTSK,-32.220581,116.148439, ,0.0,0.0,2,3100,0,0,0,0,1,0
TF,PJTSI,-32.182278,116.061167,0, ,0.0,0.0,0.0,0.0,2,3100,0,0,0,0,1,0

APPTR,R30-Z,30,PJTSL
IF,PJTSL,-32.265103,116.048633, ,0.0,0.0,2,3100,0,0,0,0,1,0
TF,PJTSI,-32.182278,116.061167,0, ,0.0,0.0,0.0,0.0,2,3100,0,0,0,0,1,0

FINAL,R30-Z,30,R,3
IF,PJTSI,-32.182278,116.061167, ,0.0,0.0,2,3100,0,0,0,0,0,0
TF,PJTSF,-32.143914,115.973967,0, ,0.0,0.0,299.0,5.0,2,1830,0,0,0,0,2,0
TF,PJTSM,-32.105489,115.886839,0, ,0.0,0.0,299.0,5.0,1,230,0,0,0,0,3,1
CA,0,299.0,2,600,0,0,0,0,0,0
DF,PJTSH,-32.069672,115.753028,0, ,0.0,0.0,3,1500,0,0,0,0,0,0
VM,0,0,0,290.0,2,1900,0,0,0,0,0,0

APPTR,V06L-A,06L,D180T
IF,D180T,-32.278878,115.972939, ,0.0,0.0,2,2000,0,0,0,0,1,0
AF,D204T,-32.254675,115.811967,2,PH,204.0,20.0,180.0,2,2000,0,0,0,0,0,0
CF,FF024,-32.192764,115.841497,0,PH,204.0,16.0,24.0,4.0,2,2000,0,0,0,0,0,0

APPTR,V06L-A,06L,D204T
IF,D204T,-32.254675,115.811967, ,0.0,0.0,2,2000,0,0,0,0,1,0
CF,FF024,-32.192764,115.841497,0,PH,204.0,16.0,24.0,4.0,2,2000,0,0,0,0,0,0

APPTR,V06L-A,06L,D219T
IF,D219T,-32.211600,115.722767, ,0.0,0.0,2,2000,0,0,0,0,1,0
AF,D204T,-32.254675,115.811967,1,PH,204.0,20.0,219.0,2,2000,0,0,0,0,0,0
CF,FF024,-32.192764,115.841497,0,PH,204.0,16.0,24.0,4.0,2,2000,0,0,0,0,0,0

FINAL,V06L-A,06L,D,2
IF,FF024,-32.192764,115.841497,PH,204.0,16.0,2,2000,0,0,0,0,2,0
CF,MA024,-32.099886,115.885717,0,PH,204.0,10.0,24.0,6.0,1,780,0,0,0,0,3,0
VM,0,0,1,270.0,2,2000,0,0,0,0,0,0

APPTR,V06R-A,06R,D180T
IF,D180T,-32.278878,115.972939, ,0.0,0.0,2,2000,0,0,0,0,1,0
AF,D204T,-32.254675,115.811967,2,PH,204.0,20.0,180.0,2,2000,0,0,0,0,0,0
CF,FF024,-32.192764,115.841497,0,PH,204.0,16.0,24.0,4.0,2,2000,0,0,0,0,0,0

APPTR,V06R-A,06R,D204T
IF,D204T,-32.254675,115.811967, ,0.0,0.0,2,2000,0,0,0,0,1,0
CF,FF024,-32.192764,115.841497,0,PH,204.0,16.0,24.0,4.0,2,2000,0,0,0,0,0,0

APPTR,V06R-A,06R,D219T
IF,D219T,-32.211600,115.722767, ,0.0,0.0,2,2000,0,0,0,0,1,0
AF,D204T,-32.254675,115.811967,1,PH,204.0,20.0,219.0,2,2000,0,0,0,0,0,0
CF,FF024,-32.192764,115.841497,0,PH,204.0,16.0,24.0,4.0,2,2000,0,0,0,0,0,0

FINAL,V06R-A,06R,D,2
IF,FF024,-32.192764,115.841497,PH,204.0,16.0,2,2000,0,0,0,0,2,0
CF,MA024,-32.099886,115.885717,0,PH,204.0,10.0,24.0,6.0,1,780,0,0,0,0,3,0
VM,0,0,1,270.0,2,2000,0,0,0,0,0,0

APPTR,V12-A,12,D180T
IF,D180T,-32.278878,115.972939, ,0.0,0.0,2,2000,0,0,0,0,1,0
AF,D204T,-32.254675,115.811967,2,PH,204.0,20.0,180.0,2,2000,0,0,0,0,0,0
CF,FF024,-32.192764,115.841497,0,PH,204.0,16.0,24.0,4.0,2,2000,0,0,0,0,0,0

APPTR,V12-A,12,D204T
IF,D204T,-32.254675,115.811967, ,0.0,0.0,2,2000,0,0,0,0,1,0
CF,FF024,-32.192764,115.841497,0,PH,204.0,16.0,24.0,4.0,2,2000,0,0,0,0,0,0

APPTR,V12-A,12,D219T
IF,D219T,-32.211600,115.722767, ,0.0,0.0,2,2000,0,0,0,0,1,0
AF,D204T,-32.254675,115.811967,1,PH,204.0,20.0,219.0,2,2000,0,0,0,0,0,0
CF,FF024,-32.192764,115.841497,0,PH,204.0,16.0,24.0,4.0,2,2000,0,0,0,0,0,0

FINAL,V12-A,12,D,2
IF,FF024,-32.192764,115.841497,PH,204.0,16.0,2,2000,0,0,0,0,2,0
CF,MA024,-32.099886,115.885717,0,PH,204.0,10.0,24.0,6.0,1,780,0,0,0,0,3,0
VM,0,0,1,270.0,2,2000,0,0,0,0,0,0

APPTR,V24L-A,24L,D180T
IF,D180T,-32.278878,115.972939, ,0.0,0.0,2,2000,0,0,0,0,1,0
AF,D204T,-32.254675,115.811967,2,PH,204.0,20.0,180.0,2,2000,0,0,0,0,0,0
CF,FF024,-32.192764,115.841497,0,PH,204.0,16.0,24.0,4.0,2,2000,0,0,0,0,0,0

APPTR,V24L-A,24L,D204T
IF,D204T,-32.254675,115.811967, ,0.0,0.0,2,2000,0,0,0,0,1,0
CF,FF024,-32.192764,115.841497,0,PH,204.0,16.0,24.0,4.0,2,2000,0,0,0,0,0,0

APPTR,V24L-A,24L,D219T
IF,D219T,-32.211600,115.722767, ,0.0,0.0,2,2000,0,0,0,0,1,0
AF,D204T,-32.254675,115.811967,1,PH,204.0,20.0,219.0,2,2000,0,0,0,0,0,0
CF,FF024,-32.192764,115.841497,0,PH,204.0,16.0,24.0,4.0,2,2000,0,0,0,0,0,0

FINAL,V24L-A,24L,D,2
IF,FF024,-32.192764,115.841497,PH,204.0,16.0,2,2000,0,0,0,0,2,0
CF,MA024,-32.099886,115.885717,0,PH,204.0,10.0,24.0,6.0,1,780,0,0,0,0,3,0
VM,0,0,1,270.0,2,2000,0,0,0,0,0,0

APPTR,V24R-A,24R,D180T
IF,D180T,-32.278878,115.972939, ,0.0,0.0,2,2000,0,0,0,0,1,0
AF,D204T,-32.254675,115.811967,2,PH,204.0,20.0,180.0,2,2000,0,0,0,0,0,0
CF,FF024,-32.192764,115.841497,0,PH,204.0,16.0,24.0,4.0,2,2000,0,0,0,0,0,0

APPTR,V24R-A,24R,D204T
IF,D204T,-32.254675,115.811967, ,0.0,0.0,2,2000,0,0,0,0,1,0
CF,FF024,-32.192764,115.841497,0,PH,204.0,16.0,24.0,4.0,2,2000,0,0,0,0,0,0

APPTR,V24R-A,24R,D219T
IF,D219T,-32.211600,115.722767, ,0.0,0.0,2,2000,0,0,0,0,1,0
AF,D204T,-32.254675,115.811967,1,PH,204.0,20.0,219.0,2,2000,0,0,0,0,0,0
CF,FF024,-32.192764,115.841497,0,PH,204.0,16.0,24.0,4.0,2,2000,0,0,0,0,0,0

FINAL,V24R-A,24R,D,2
IF,FF024,-32.192764,115.841497,PH,204.0,16.0,2,2000,0,0,0,0,2,0
CF,MA024,-32.099886,115.885717,0,PH,204.0,10.0,24.0,6.0,1,780,0,0,0,0,3,0
VM,0,0,1,270.0,2,2000,0,0,0,0,0,0

APPTR,V30-A,30,D180T
IF,D180T,-32.278878,115.972939, ,0.0,0.0,2,2000,0,0,0,0,1,0
AF,D204T,-32.254675,115.811967,2,PH,204.0,20.0,180.0,2,2000,0,0,0,0,0,0
CF,FF024,-32.192764,115.841497,0,PH,204.0,16.0,24.0,4.0,2,2000,0,0,0,0,0,0

APPTR,V30-A,30,D204T
IF,D204T,-32.254675,115.811967, ,0.0,0.0,2,2000,0,0,0,0,1,0
CF,FF024,-32.192764,115.841497,0,PH,204.0,16.0,24.0,4.0,2,2000,0,0,0,0,0,0

APPTR,V30-A,30,D219T
IF,D219T,-32.211600,115.722767, ,0.0,0.0,2,2000,0,0,0,0,1,0
AF,D204T,-32.254675,115.811967,1,PH,204.0,20.0,219.0,2,2000,0,0,0,0,0,0
CF,FF024,-32.192764,115.841497,0,PH,204.0,16.0,24.0,4.0,2,2000,0,0,0,0,0,0

FINAL,V30-A,30,D,2
IF,FF024,-32.192764,115.841497,PH,204.0,16.0,2,2000,0,0,0,0,2,0
CF,MA024,-32.099886,115.885717,0,PH,204.0,10.0,24.0,6.0,1,780,0,0,0,0,3,0
VM,0,0,1,270.0,2,2000,0,0,0,0,0,0

