APPTR,R08,08,PODWD
IF,PODWD,-38.406617,141.213697, ,0.0,0.0,2,2000,0,1,210,0,1,0
TF,PODWI,-38.327028,141.245444,0, ,0.0,0.0,0.0,0.0,2,2000,0,0,0,0,1,0

APPTR,R08,08,PODWE
IF,PODWE,-38.330539,141.139636, ,0.0,0.0,2,2000,0,1,210,0,1,0
TF,PODWI,-38.327028,141.245444,0, ,0.0,0.0,0.0,0.0,2,2000,0,0,0,0,1,0

APPTR,R08,08,PODWG
IF,PODWG,-38.249992,141.204833, ,0.0,0.0,2,2000,0,1,210,0,1,0
TF,PODWI,-38.327028,141.245444,0, ,0.0,0.0,0.0,0.0,2,2000,0,0,0,0,1,0

FINAL,R08,08,R,3
IF,PODWI,-38.327028,141.245444, ,0.0,0.0,2,2000,0,0,0,0,0,0
TF,PODWF,-38.323422,141.351242,0, ,0.0,0.0,77.0,5.0,2,2000,0,0,0,0,2,0
TF,PODWM,-38.319722,141.457031,0, ,0.0,0.0,77.0,5.0,1,392,0,0,0,0,3,1
DF,PODWH,-38.317456,141.520497,0, ,0.0,0.0,0,0,0,0,0,0,0,1
VM,0,0,1,282.0,2,2000,0,0,0,0,0,0

APPTR,R26,26,PODEA
IF,PODEA,-38.231517,141.727844, ,0.0,0.0,2,2000,0,1,210,0,1,0
TF,PODEI,-38.311119,141.696192,0, ,0.0,0.0,0.0,0.0,2,2000,0,0,0,0,1,0

APPTR,R26,26,PODEB
IF,PODEB,-38.307308,141.801956, ,0.0,0.0,2,2000,0,1,210,0,1,0
TF,PODEI,-38.311119,141.696192,0, ,0.0,0.0,0.0,0.0,2,2000,0,0,0,0,1,0

APPTR,R26,26,PODEC
IF,PODEC,-38.388136,141.736897, ,0.0,0.0,2,2000,0,1,210,0,1,0
TF,PODEI,-38.311119,141.696192,0, ,0.0,0.0,0.0,0.0,2,2000,0,0,0,0,1,0

FINAL,R26,26,R,3
IF,PODEI,-38.311119,141.696192, ,0.0,0.0,2,2000,0,0,0,0,0,0
TF,PODEF,-38.314931,141.590422,0, ,0.0,0.0,257.0,5.0,2,1950,0,0,0,0,2,0
TF,PODEM,-38.318742,141.484647,0, ,0.0,0.0,257.0,5.0,1,362,0,0,0,0,3,1
DF,PODEH,-38.320983,141.421178,0, ,0.0,0.0,0,0,0,0,0,0,0,0
CA,0,257.0,2,2000,0,0,0,0,0,0

