APPTR,D36-Z,36,D130I
IF,D130I,-10.527056,105.805992, ,0.0,0.0,2,2300,0,1,210,0,1,0
AF,D175I,-10.580322,105.702614,2,XMX,175.0,9.0,130.0,2,2300,0,0,0,0,0,0
TF,FF36,-10.535286,105.698631,0, ,0.0,0.0,0.0,0.0,2,2300,0,0,0,0,0,0

APPTR,D36-Z,36,D175I
IF,D175I,-10.580322,105.702614, ,0.0,0.0,2,2300,0,1,210,0,1,0
TF,FF36,-10.535286,105.698631,0, ,0.0,0.0,0.0,0.0,2,2300,0,0,0,0,0,0

APPTR,D36-Z,36,D225I
IF,D225I,-10.536753,105.581658, ,0.0,0.0,2,2300,0,1,210,0,1,0
AF,D175I,-10.580322,105.702614,1,XMX,175.0,9.0,225.0,2,2300,0,0,0,0,0,0
TF,FF36,-10.535286,105.698631,0, ,0.0,0.0,0.0,0.0,2,2300,0,0,0,0,0,0

APPTR,D36-Z,36,XMX1
FD,XMX,-10.430278,105.689444,0,XMX,0.0,7.0,149.0,7.0,2,2300,0,1,210,0,1,0
CF,FF36,-10.535286,105.698631,2,XMX,175.0,6.3,355.0,1.0,2,2300,0,0,0,0,0,0

APPTR,D36-Z,36,XMX2
FD,XMX,-10.430278,105.689444,0,XMX,0.0,7.0,162.0,7.0,2,2300,0,1,140,0,1,0
CF,FF36,-10.535286,105.698631,2,XMX,175.0,6.3,355.0,1.0,2,2300,0,0,0,0,0,0

FINAL,D36-Z,36,D,2
IF,FF36,-10.535286,105.698631,XMX,175.0,6.3,2,2300,0,0,0,0,2,0
CF,MA36,-10.471900,105.693025,0,XMX,175.0,2.5,355.0,3.8,1,1093,0,0,0,0,3,0
CA,0,355.0,2,2300,0,0,0,0,0,0

APPTR,R18,18,XCHND
IF,XCHND,-10.251781,105.594886, ,0.0,0.0,2,2400,0,1,210,0,1,0
TF,XCHNI,-10.273906,105.676408,0, ,0.0,0.0,0.0,0.0,2,2400,0,0,0,0,1,0

APPTR,R18,18,XCHNE
IF,XCHNE,-10.190467,105.669508, ,0.0,0.0,2,2400,0,1,210,0,1,0
TF,XCHNI,-10.273906,105.676408,0, ,0.0,0.0,0.0,0.0,2,2400,0,0,0,0,1,0

APPTR,R18,18,XCHNG
IF,XCHNG,-10.238933,105.753208, ,0.0,0.0,2,2400,0,1,210,0,1,0
TF,XCHNI,-10.273906,105.676408,0, ,0.0,0.0,0.0,0.0,2,2400,0,0,0,0,1,0

FINAL,R18,18,R,3
IF,XCHNI,-10.273906,105.676408, ,0.0,0.0,2,2400,0,0,0,0,0,0
TF,XCHNF,-10.377369,105.684967,0, ,0.0,0.0,175.0,6.2,2,2300,0,0,0,0,2,0
TF,RW18,-10.440781,105.690222,0, ,0.0,0.0,175.0,3.8,1,966,0,0,0,0,3,1
DF,XCHNH,-10.490844,105.694369,0, ,0.0,0.0,0,0,0,0,0,0,0,1
VM,0,0,1,20.0,2,2300,0,0,0,0,0,0

APPTR,R36,36,XCHSA
IF,XCHSA,-10.653203,105.787628, ,0.0,0.0,2,2400,0,1,210,0,1,0
TF,XCHSI,-10.631108,105.705997,0, ,0.0,0.0,0.0,0.0,2,2400,0,0,0,0,1,0

APPTR,R36,36,XCHSB
IF,XCHSB,-10.714544,105.712919, ,0.0,0.0,2,2400,0,1,210,0,1,0
TF,XCHSI,-10.631108,105.705997,0, ,0.0,0.0,0.0,0.0,2,2400,0,0,0,0,1,0

APPTR,R36,36,XCHSC
IF,XCHSC,-10.666069,105.629097, ,0.0,0.0,2,2400,0,1,210,0,1,0
TF,XCHSI,-10.631108,105.705997,0, ,0.0,0.0,0.0,0.0,2,2400,0,0,0,0,1,0

FINAL,R36,36,R,3
IF,XCHSI,-10.631108,105.705997, ,0.0,0.0,2,2400,0,0,0,0,0,0
TF,XCHSF,-10.535192,105.698047,0, ,0.0,0.0,355.0,5.7,2,2300,0,0,0,0,2,0
TF,XCHSM,-10.464233,105.692167,0, ,0.0,0.0,355.0,4.3,1,946,0,0,0,0,3,1
DF,XCHSH,-10.414172,105.688019,0, ,0.0,0.0,0,0,0,0,0,0,0,1
VM,0,0,2,160.0,2,2300,0,0,0,0,0,0

APPTR,S18,18,D060H
IF,D060H,-10.363219,105.806503, ,0.0,0.0,2,2300,0,1,210,0,1,0
AF,D355H,-10.296767,105.677550,1,XMX,355.0,8.0,60.0,2,2300,0,0,0,0,0,0
TF,FF18,-10.376833,105.684622,0, ,0.0,0.0,0.0,0.0,2,2300,0,0,0,0,0,0

APPTR,S18,18,D306H
IF,D306H,-10.351464,105.579894, ,0.0,0.0,2,2300,0,1,210,0,1,0
AF,D355H,-10.296767,105.677550,2,XMX,355.0,8.0,306.0,2,2300,0,0,0,0,0,0
TF,FF18,-10.376833,105.684622,0, ,0.0,0.0,0.0,0.0,2,2300,0,0,0,0,0,0

APPTR,S18,18,D355H
IF,D355H,-10.296767,105.677550, ,0.0,0.0,2,2300,0,1,210,0,1,0
TF,FF18,-10.376833,105.684622,0, ,0.0,0.0,0.0,0.0,2,2300,0,0,0,0,0,0

APPTR,S18,18,XMX1
FC,XMX,-10.430278,105.689444,0,XMX,0.0,0.0,19.0,7.0,2,2300,0,1,210,0,1,1
CF,FF18,-10.376833,105.684622,1,XMX,355.0,3.2,175.0,4.0,2,2300,0,0,0,0,0,0

APPTR,S18,18,XMX2
FC,XMX,-10.430278,105.689444,0,XMX,0.0,0.0,10.0,7.5,2,2300,0,1,210,0,1,1
CF,FF18,-10.376833,105.684622,1,XMX,355.0,3.2,175.0,3.5,2,2300,0,0,0,0,0,0

FINAL,S18,18,D,2
IF,FF18,-10.376833,105.684622,XMX,355.0,3.2,2,2300,0,0,0,0,2,0
CF,XMX,-10.430278,105.689444,0,XMX,0.0,0.0,175.0,3.2,1,1187,0,0,0,0,3,0
CA,0,175.0,2,2300,0,0,0,0,0,0

APPTR,S36-Y,36,XMX1
FC,XMX,-10.430278,105.689444,0,XMX,0.0,0.0,151.0,7.0,2,2300,0,1,210,0,1,1
CF,FS36,-10.526958,105.697894,2,XMX,175.0,5.8,355.0,1.2,2,2300,0,0,0,0,0,0

APPTR,S36-Y,36,XMX2
FC,XMX,-10.430278,105.689444,0,XMX,0.0,0.0,160.0,5.8,2,2300,0,1,140,0,1,1
CF,FS36,-10.526958,105.697894,2,XMX,175.0,5.8,355.0,1.0,2,2300,0,0,0,0,0,0

FINAL,S36-Y,36,D,2
IF,FS36,-10.526958,105.697894,XMX,175.0,5.8,2,2300,0,0,0,0,2,0
CF,RW36,-10.459728,105.691792,0,XMX,175.3,1.8,355.0,4.0,1,860,0,0,0,0,3,0
CF,XMX,-10.430278,105.689444,0,XMX,0.0,0.0,355.0,1.8,0,0,0,0,0,0,0,1
CA,0,355.0,2,2300,0,0,0,0,0,0

