APPTR,N09-A,09,SHT
IF,SHT,-36.428361,145.396022, ,0.0,0.0,1,1900,0,1,140,0,1,0
FC,SHT,-36.428361,145.396022,0,SHT,0.0,0.0,170.0,4.7,0,0,0,0,0,0,0,1
CF,FF008,-36.497992,145.366322,2,SHT,188.0,4.4,8.0,1.0,2,1800,0,0,0,0,0,0

FINAL,N09-A,09,N,2
IF,FF008,-36.497992,145.366322,SHT,0.0,0.0,2,1800,0,0,0,0,2,0
CF,SHT,-36.428361,145.396022,0,SHT,0.0,0.0,8.0,4.4,1,930,0,0,0,0,3,0
VM,0,0,0,18.0,1,1900,0,0,0,0,0,0

APPTR,N18-A,18,SHT
IF,SHT,-36.428361,145.396022, ,0.0,0.0,1,1900,0,1,140,0,1,0
FC,SHT,-36.428361,145.396022,0,SHT,0.0,0.0,170.0,4.7,0,0,0,0,0,0,0,1
CF,FF008,-36.497992,145.366322,2,SHT,188.0,4.4,8.0,1.0,2,1800,0,0,0,0,0,0

FINAL,N18-A,18,N,2
IF,FF008,-36.497992,145.366322,SHT,0.0,0.0,2,1800,0,0,0,0,2,0
CF,SHT,-36.428361,145.396022,0,SHT,0.0,0.0,8.0,4.4,1,930,0,0,0,0,3,0
VM,0,0,0,18.0,1,1900,0,0,0,0,0,0

APPTR,N27-A,27,SHT
IF,SHT,-36.428361,145.396022, ,0.0,0.0,1,1900,0,1,140,0,1,0
FC,SHT,-36.428361,145.396022,0,SHT,0.0,0.0,170.0,4.7,0,0,0,0,0,0,0,1
CF,FF008,-36.497992,145.366322,2,SHT,188.0,4.4,8.0,1.0,2,1800,0,0,0,0,0,0

FINAL,N27-A,27,N,2
IF,FF008,-36.497992,145.366322,SHT,0.0,0.0,2,1800,0,0,0,0,2,0
CF,SHT,-36.428361,145.396022,0,SHT,0.0,0.0,8.0,4.4,1,930,0,0,0,0,3,0
VM,0,0,0,18.0,1,1900,0,0,0,0,0,0

APPTR,N36-A,36,SHT
IF,SHT,-36.428361,145.396022, ,0.0,0.0,1,1900,0,1,140,0,1,0
FC,SHT,-36.428361,145.396022,0,SHT,0.0,0.0,170.0,4.7,0,0,0,0,0,0,0,1
CF,FF008,-36.497992,145.366322,2,SHT,188.0,4.4,8.0,1.0,2,1800,0,0,0,0,0,0

FINAL,N36-A,36,N,2
IF,FF008,-36.497992,145.366322,SHT,0.0,0.0,2,1800,0,0,0,0,2,0
CF,SHT,-36.428361,145.396022,0,SHT,0.0,0.0,8.0,4.4,1,930,0,0,0,0,3,0
VM,0,0,0,18.0,1,1900,0,0,0,0,0,0

APPTR,R18-Z,18,SHTNA
IF,SHTNA,-36.211186,145.342992, ,0.0,0.0,2,3800,0,0,0,0,1,0
TF,SHTNI,-36.253619,145.431686,0, ,0.0,0.0,0.0,0.0,2,3670,0,0,0,0,1,0

APPTR,R18-Z,18,SHTNC
IF,SHTNC,-36.171575,145.450508, ,0.0,0.0,2,3800,0,0,0,0,1,0
TF,SHTNI,-36.253619,145.431686,0, ,0.0,0.0,0.0,0.0,2,3670,0,0,0,0,1,0

APPTR,R18-Z,18,SHTND
IF,SHTND,-36.239858,145.533300, ,0.0,0.0,2,3800,0,0,0,0,1,0
TF,SHTNI,-36.253619,145.431686,0, ,0.0,0.0,0.0,0.0,2,3670,0,0,0,0,1,0

FINAL,R18-Z,18,R,3
IF,SHTNI,-36.253619,145.431686, ,0.0,0.0,2,3670,0,0,0,0,0,0
TF,SHTNF,-36.335664,145.412844,0, ,0.0,0.0,179.0,5.0,2,2100,0,0,0,0,2,0
TF,SHTNM,-36.417706,145.393981,0, ,0.0,0.0,179.0,5.0,1,510,0,0,0,0,3,1
TF,SHTNT,-36.466931,145.382644,0, ,0.0,0.0,0.0,0.0,0,0,0,0,0,0,0,1
DF,SHTNH,-36.426636,145.263458,2, ,0.0,0.0,0,0,0,0,0,0,0,0
CA,0,300.0,2,1900,0,0,0,0,0,0

