SID,ANKUB1,10,1
CA,0,95.0,2,1000,0,0,0,0,0,0
CD, ,0,0,0,RIC,0,0.0,95.0,1.0,2,1000,0,0,0,0,0,0
CI,0, ,0.0,170.0,0,0,0,0,0,0,0,0
CF,ANKUB,-33.986647,150.976492,0,RIC,146.7,24.4,144.0,18.0,0,0,0,0,0,0,0,0

SID,ANKUB1,28,1
DF,DER28,-33.601617,150.771250,0, ,0.0,0.0,2,570,0,0,0,0,0,1
CA,0,285.0,2,1000,0,0,0,0,0,0
CI,1, ,0.0,115.0,0,0,0,0,0,0,0,0
CF,ANKUB,-33.986647,150.976492,0,RIC,146.7,24.4,144.0,18.0,0,0,0,0,0,0,0,0

SID,KADOM1,10,1
CA,0,95.0,2,1000,0,0,0,0,0,0
CD, ,0,0,0,RIC,0,0.0,95.0,1.0,2,1000,0,0,0,0,0,0
CI,2, ,0.0,270.0,0,0,0,0,0,0,0,0
CF,KADOM,-33.710806,150.299622,0,RIC,244.0,25.8,242.0,16.0,0,0,0,0,0,0,0,0

SID,KADOM1,28,1
DF,DER28,-33.601617,150.771250,0, ,0.0,0.0,2,570,0,0,0,0,0,1
CA,0,285.0,2,1000,0,0,0,0,0,0
CI,0, ,0.0,210.0,0,0,0,0,0,0,0,0
CF,KADOM,-33.710806,150.299622,0,RIC,244.0,25.8,242.0,21.0,0,0,0,0,0,0,0,0

SID,KADOM2,28,2
DF,DER28,-33.601617,150.771250,0, ,0.0,0.0,2,570,0,0,0,0,0,1
CA,0,285.0,2,1000,0,0,0,0,0,0
CF,RIC,-33.596931,150.776397,2,RIC,287.1,1.3,210.0,3.0,2,2500,0,0,0,0,0,0
TF,KADOM,-33.710806,150.299622,0, ,0.0,0.0,0.0,0.0,0,0,0,0,0,0,0,0

SID,MUDGI1,10,1
CA,0,95.0,2,1000,0,0,0,0,0,0
CD, ,0,0,0,RIC,0,0.0,95.0,1.0,2,1000,0,0,0,0,0,0
CI,1, ,0.0,280.0,0,0,0,0,0,0,0,0
CF,MUDGI,-32.560928,149.593689,0,RIC,303.6,87.3,303.0,82.0,0,0,0,0,0,0,0,0

SID,MUDGI1,28,1
DF,DER28,-33.601617,150.771250,0, ,0.0,0.0,2,570,0,0,0,0,0,1
CA,0,285.0,2,1000,0,0,0,0,0,0
CI,0, ,0.0,340.0,0,0,0,0,0,0,0,0
CF,MUDGI,-32.560928,149.593689,0,RIC,303.6,87.3,303.0,81.0,0,0,0,0,0,0,0,0

SID,RIC2,10,1
DF,DER10,-33.607278,150.793225,0, ,0.0,0.0,2,1000,0,0,0,0,0,1
CA,0,95.0,2,1000,0,0,0,0,0,0
VM,0,0,0,95.0,0,0,0,0,0,0,0,0

SID,RIC2,28,1
DF,DER28,-33.601617,150.771250,0, ,0.0,0.0,0,0,0,0,0,0,0,1
CA,0,285.0,2,1000,0,0,0,0,0,0
VM,0,0,0,285.0,0,0,0,0,0,0,0,0

SID,SCO1,10,1
CA,0,95.0,2,1000,0,0,0,0,0,0
CD, ,0,0,0,RIC,0,0.0,95.0,1.0,2,1000,0,0,0,0,0,0
CI,1, ,0.0,320.0,0,0,0,0,0,0,0,0
CF,SCO,-32.034747,150.831033,0,RIC,349.0,94.2,349.0,88.0,0,0,0,0,0,0,0,0

SID,SCO1,28,1
DF,DER28,-33.601617,150.771250,0, ,0.0,0.0,2,570,0,0,0,0,0,1
CA,0,285.0,2,1000,0,0,0,0,0,0
CI,2, ,0.0,25.0,0,0,0,0,0,0,0,0
CF,SCO,-32.034747,150.831033,0,RIC,349.0,94.2,349.0,88.0,0,0,0,0,0,0,0,0

APPTR,I28-X,28,RIC
IF,RIC,-33.596931,150.776397, ,0.0,0.0,2,3300,0,0,0,0,1,0
CI,0,RIC,0.0,105.0,0,0,0,0,0,0,0,0
CF,OM28,-33.631547,150.885000,0,RIC,98.9,5.8,95.0,5.0,3,2500,0,0,0,0,0,0
FC,OM28,-33.631547,150.885000,0,RIC,0.0,0.0,50.0,4.3,0,0,0,0,0,0,0,1
CF,CI28X,-33.640628,150.923008,2,IRI,95.1,8.2,275.0,2.5,2,1800,0,0,0,0,0,0

FINAL,I28-X,28,I,3
IF,CI28X,-33.640628,150.923008,IRI,95.1,8.2,2,1800,0,0,0,0,0,0
CF,FI28X,-33.630836,150.884839,0,IRI,95.1,6.2,275.0,2.0,1,1640,0,0,0,0,2,0
CF,RW28,-33.607278,150.793225,0,IRI,95.1,1.4,275.0,4.8,1,102,0,0,0,0,3,1
CA,0,275.0,2,500,0,1,250,0,0,0
VM,0,0,2,20.0,2,3300,0,0,0,0,0,0

APPTR,I28-Y,28,POSTY
IF,POSTY,-33.460500,150.837500, ,0.0,0.0,2,5000,0,0,0,0,1,0
AF,D050I,-33.536739,150.957342,2,RIC,50.0,9.0,360.0,3,2500,0,0,0,0,0,0
AF,D083I,-33.620361,150.977836,2,RIC,83.0,9.0,50.0,2,2000,0,0,0,0,0,1
VI,0,IRI,0.0,245.0,2,2000,0,0,0,0,0,0

APPTR,I28-Y,28,RIC
IF,RIC,-33.607394,150.798894, ,0.0,0.0,2,3300,0,0,0,0,1,0
FD,RIC,-33.607394,150.798894,0,RIC,0.0,7.0,50.0,7.0,3,2500,0,0,0,0,0,0
CI,0, ,0.0,50.0,0,0,0,0,0,0,0,0
AF,D083I,-33.620361,150.977836,2,RIC,83.0,9.0,50.0,2,2000,0,0,0,0,0,1
VI,0,IRI,0.0,245.0,2,2000,0,0,0,0,0,0

FINAL,I28-Y,28,I,3
IF,CI28Y,-33.652703,150.970158,IRI,95.1,10.6,2,2000,0,0,0,0,0,0
CF,OM28,-33.631547,150.885000,0,IRI,95.5,6.2,275.0,4.4,1,1640,0,0,0,0,2,0
CF,RW28,-33.607278,150.793225,0,IRI,95.1,1.4,275.0,4.8,1,102,0,0,0,0,3,0
CA,0,275.0,2,500,0,1,250,0,0,0
VM,0,0,2,20.0,2,3300,0,0,0,0,0,0

APPTR,I28-Z,28,D095J
IF,D095J,-33.658742,150.988850, ,0.0,0.0,2,1900,0,0,0,0,1,0
CF,CF28,-33.643786,150.931683,0,IRI,95.5,8.6,275.0,3.0,2,1900,0,0,0,0,0,0

APPTR,I28-Z,28,RIC
IF,RIC,-33.596931,150.776397, ,0.0,0.0,2,3300,0,0,0,0,1,0
TF,D230G,-33.537147,150.910497,0, ,0.0,0.0,0.0,0.0,3,2500,0,0,0,0,0,0
TF,D230I,-33.521275,150.946008,0, ,0.0,0.0,0.0,0.0,0,0,0,0,0,0,0,0
AF,D095I,-33.653761,150.969794,2,RIC,96.0,9.0,43.0,2,1900,0,0,0,0,0,0
CF,CF28,-33.643786,150.931683,0,IRI,95.5,8.6,275.0,2.0,2,1900,0,0,0,0,0,0

FINAL,I28-Z,28,I,3
IF,CF28,-33.643786,150.931683,IRI,95.5,8.6,2,1900,0,0,0,0,0,0
CF,OM28,-33.631547,150.885000,0,IRI,95.5,6.2,275.0,2.5,1,1640,0,0,0,0,2,0
CF,RW28,-33.607278,150.793225,0,IRI,95.1,1.4,275.0,4.8,1,103,0,0,0,0,3,0
CA,0,275.0,2,500,0,0,0,0,0,0
CA,2,20.0,2,3300,0,0,0,0,0,0

APPTR,N10-A,10,RIC
IF,RIC,-33.596931,150.776397, ,0.0,0.0,2,2500,0,1,185,0,1,0
TF,FN205,-33.535575,150.831594,0, ,0.0,0.0,0.0,0.0,0,0,0,0,0,0,0,0
FC,FN205,-33.535575,150.831594,0,RIC,0.0,0.0,340.0,3.9,0,0,0,0,0,0,0,1
CF,FN205,-33.535575,150.831594,2,RIC,25.0,4.6,205.0,4.0,2,2300,0,0,0,0,0,0

FINAL,N10-A,10,N,2
IF,FN205,-33.535575,150.831594,RIC,0.0,0.0,2,2300,0,0,0,0,2,0
CF,RIC,-33.596931,150.776397,0,RIC,0.0,0.0,205.0,4.6,1,1040,0,0,0,0,3,0
CA,0,200.0,2,2000,0,0,0,0,0,0
DF,RIC,-33.596931,150.776397,2, ,0.0,0.0,2,2500,0,1,185,0,0,0

APPTR,N10-B,10,RIC1
FC,RIC,-33.596931,150.776397,0,RIC,0.0,0.0,148.0,3.1,2,2500,0,1,185,0,1,1
CF,FN286,-33.636350,150.865100,1,RIC,105.6,3.7,286.0,1.0,2,1500,0,0,0,0,0,0

APPTR,N10-B,10,RIC2
FC,RIC,-33.596931,150.776397,0,RIC,0.0,0.0,130.0,3.5,2,2500,0,1,140,0,1,1
CF,FN286,-33.636350,150.865100,1,RIC,105.6,3.7,286.0,1.0,2,1500,0,0,0,0,0,0

FINAL,N10-B,10,N,2
IF,FN286,-33.636350,150.865100,RIC,0.0,0.0,2,1500,0,0,0,0,2,0
CF,RIC,-33.596931,150.776397,0,RIC,0.0,0.0,286.0,5.0,1,990,0,0,0,0,3,0
CA,2,20.0,2,3300,0,0,0,0,0,0

APPTR,N28-A,28,RIC
IF,RIC,-33.596931,150.776397, ,0.0,0.0,2,2500,0,1,185,0,1,0
TF,FN205,-33.535575,150.831594,0, ,0.0,0.0,0.0,0.0,0,0,0,0,0,0,0,0
FC,FN205,-33.535575,150.831594,0,RIC,0.0,0.0,340.0,3.9,0,0,0,0,0,0,0,1
CF,FN205,-33.535575,150.831594,2,RIC,25.0,4.6,205.0,4.0,2,2300,0,0,0,0,0,0

FINAL,N28-A,28,N,2
IF,FN205,-33.535575,150.831594,RIC,0.0,0.0,2,2300,0,0,0,0,2,0
CF,RIC,-33.596931,150.776397,0,RIC,0.0,0.0,205.0,4.6,1,1040,0,0,0,0,3,0
CA,0,200.0,2,2000,0,0,0,0,0,0
DF,RIC,-33.596931,150.776397,2, ,0.0,0.0,2,2500,0,1,185,0,0,0

APPTR,N28-B,28,RIC1
FC,RIC,-33.596931,150.776397,0,RIC,0.0,0.0,148.0,3.1,2,2500,0,1,185,0,1,1
CF,FN286,-33.636350,150.865100,1,RIC,105.6,3.7,286.0,1.0,2,1500,0,0,0,0,0,0

APPTR,N28-B,28,RIC2
FC,RIC,-33.596931,150.776397,0,RIC,0.0,0.0,130.0,3.5,2,2500,0,1,140,0,1,1
CF,FN286,-33.636350,150.865100,1,RIC,105.6,3.7,286.0,1.0,2,1500,0,0,0,0,0,0

FINAL,N28-B,28,N,2
IF,FN286,-33.636350,150.865100,RIC,0.0,0.0,2,1500,0,0,0,0,2,0
CF,RIC,-33.596931,150.776397,0,RIC,0.0,0.0,286.0,5.0,1,990,0,0,0,0,3,0
CA,2,20.0,2,3300,0,0,0,0,0,0

APPTR,Q10-A,10,RIC
IF,RIC,-33.596931,150.776397, ,0.0,0.0,2,2500,0,1,185,0,1,0
TF,FN205,-33.535575,150.831594,0, ,0.0,0.0,0.0,0.0,0,0,0,0,0,0,0,0
FC,FN205,-33.535575,150.831594,0,RIC,0.0,0.0,340.0,3.9,0,0,0,0,0,0,0,1
CF,FQ205,-33.530078,150.836533,2,RIC,25.0,5.0,205.0,3.5,2,2300,0,0,0,0,0,0

FINAL,Q10-A,10,N,2
IF,FQ205,-33.530078,150.836533,RIC,0.0,0.0,2,2300,0,0,0,0,2,0
CF,RIC,-33.596931,150.776397,0,RIC,0.0,1.3,205.0,5.0,1,1040,0,0,0,0,3,0
CA,0,200.0,2,2000,0,0,0,0,0,0
DF,RIC,-33.596931,150.776397,2, ,0.0,0.0,2,2500,0,1,185,0,0,0

APPTR,Q28,28,D106J
IF,D106J,-33.685269,150.975494, ,0.0,0.0,2,2500,0,1,185,0,1,0
TF,FQ28,-33.646183,150.887267,0, ,0.0,0.0,0.0,0.0,2,1780,0,0,0,0,0,0

APPTR,Q28,28,RIC1
FD,RIC,-33.596931,150.776397,0,RIC,287.1,5.0,148.0,5.0,2,2500,0,1,185,0,1,0
CF,FQ28,-33.646183,150.887267,1,RIC,105.7,5.0,286.0,1.0,2,1780,0,0,0,0,0,0

APPTR,Q28,28,RIC2
FD,RIC,-33.596931,150.776397,0,RIC,287.1,5.0,130.0,5.0,2,2500,0,1,140,0,1,0
CF,FQ28,-33.646183,150.887267,1,RIC,105.7,5.0,286.0,1.0,2,1780,0,0,0,0,0,0

FINAL,Q28,28,N,3
IF,FQ28,-33.646183,150.887267,RIC,0.0,0.0,2,1780,0,0,0,0,2,0
CF,EP28,-33.605044,150.794642,0,RIC,0.0,0.3,286.0,5.3,1,103,0,0,0,0,0,1
CF,RIC,-33.596931,150.776397,0,RIC,0.0,1.3,286.0,1.0,2,570,0,0,0,0,3,1
CA,2,20.0,2,3300,0,0,0,0,0,0

APPTR,Q28-A,28,RIC
IF,RIC,-33.596931,150.776397, ,0.0,0.0,2,2500,0,1,185,0,1,0
TF,FN205,-33.535575,150.831594,0, ,0.0,0.0,0.0,0.0,0,0,0,0,0,0,0,0
FC,FN205,-33.535575,150.831594,0,RIC,0.0,0.0,340.0,3.9,0,0,0,0,0,0,0,1
CF,FQ205,-33.530078,150.836533,2,RIC,25.0,5.0,205.0,3.5,2,2300,0,0,0,0,0,0

FINAL,Q28-A,28,N,2
IF,FQ205,-33.530078,150.836533,RIC,0.0,0.0,2,2300,0,0,0,0,2,0
CF,RIC,-33.596931,150.776397,0,RIC,0.0,1.3,205.0,5.0,1,1040,0,0,0,0,3,0
CA,0,200.0,2,2000,0,0,0,0,0,0
DF,RIC,-33.596931,150.776397,2, ,0.0,0.0,2,2500,0,1,185,0,0,0

APPTR,R10,10,SRIWD
IF,SRIWD,-33.617350,150.515239, ,0.0,0.0,2,5000,0,1,210,0,1,0
TF,SRIWI,-33.550858,150.575561,0, ,0.0,0.0,0.0,0.0,2,3930,0,0,0,0,1,0

APPTR,R10,10,SRIWE
IF,SRIWE,-33.526147,150.480331, ,0.0,0.0,2,5000,0,1,210,0,1,0
TF,SRIWI,-33.550858,150.575561,0, ,0.0,0.0,0.0,0.0,2,3930,0,0,0,0,1,0

APPTR,R10,10,SRIWG
IF,SRIWG,-33.467469,150.570683, ,0.0,0.0,2,5000,0,1,210,0,1,0
TF,SRIWI,-33.550858,150.575561,0, ,0.0,0.0,0.0,0.0,2,3930,0,0,0,0,1,0

FINAL,R10,10,R,3
IF,SRIWI,-33.550858,150.575561, ,0.0,0.0,2,3930,0,0,0,0,0,0
TF,SRIWF,-33.568147,150.642244,0, ,0.0,0.0,95.0,3.5,2,2640,0,0,0,0,2,0
TF,SRIWM,-33.600283,150.766103,0, ,0.0,0.0,95.0,6.5,1,217,0,0,0,0,3,1
CA,0,95.0,2,570,0,0,0,0,0,0
DF,SRIWH,-33.497758,150.884211,1, ,0.0,0.0,0,0,0,1,210,0,0,0
VM,0,0,0,345.0,2,5000,0,0,0,0,0,0

APPTR,R28,28,SRIEA
IF,SRIEA,-33.605022,150.987728, ,0.0,0.0,1,2500,0,1,195,0,1,0
TF,SRIEI,-33.652881,150.970044,0, ,0.0,0.0,0.0,0.0,1,2500,0,0,0,0,1,0

APPTR,R28,28,SRIEB
IF,SRIEB,-33.700736,150.952342, ,0.0,0.0,1,2500,0,1,195,0,1,0
TF,SRIEI,-33.652881,150.970044,0, ,0.0,0.0,0.0,0.0,1,2500,0,0,0,0,1,0

FINAL,R28,28,R,3
IF,SRIEI,-33.652881,150.970044, ,0.0,0.0,1,2500,0,0,0,0,0,0
TF,SRIEF,-33.633233,150.893725,0, ,0.0,0.0,275.0,4.0,2,1780,0,0,0,0,2,0
TF,SRIEM,-33.608608,150.798372,0, ,0.0,0.0,275.0,5.0,1,189,0,0,0,0,3,1
CA,0,275.0,2,570,0,0,0,0,0,0
DF,SRIEH,-33.491725,150.798372,2, ,0.0,0.0,0,0,0,1,195,0,0,0
VM,0,0,0,20.0,2,2500,0,0,0,0,0,0

APPTR,T10,10,MARKY
IF,MARKY,-33.423667,150.802667, ,0.0,0.0,2,5000,0,0,0,0,1,0
AF,NESSY,-33.559667,150.587000,1,RIC,273.0,11.0,349.0,2,3430,0,0,0,0,1,0

FINAL,T10,10,D,6
IF,NESSY,-33.559667,150.587000,RIC,273.0,11.0,2,3430,0,0,0,0,0,0
CF,90TAC,-33.568378,150.625492,0,RIC,273.0,9.0,93.0,2.0,2,2740,0,0,0,0,0,0
CF,80TAC,-33.572725,150.644750,0,RIC,273.0,8.0,93.0,1.0,2,2390,0,0,0,0,0,0
CF,FF10,-33.581408,150.683275,0,RIC,273.0,6.0,93.0,2.0,2,1700,0,0,0,0,2,0
CF,35TAC,-33.592250,150.731442,0,RIC,273.0,3.5,93.0,2.5,2,835,0,0,0,0,0,0
CF,MA10,-33.600908,150.769983,0,RIC,273.0,1.5,93.0,2.0,1,141,0,0,0,0,3,0
TF,RIC,-33.607394,150.798894,0, ,0.0,0.0,0.0,0.0,0,0,0,0,0,0,0,0
CA,0,93.0,2,1000,0,0,0,0,0,0
VM,0,0,1,340.0,2,5000,0,0,0,0,0,0

APPTR,T28,28,POSTY
IF,POSTY,-33.460500,150.837500, ,0.0,0.0,2,5000,0,0,0,0,1,0
AF,D050I,-33.536739,150.957342,2,RIC,50.0,9.0,360.0,3,2500,0,0,0,0,0,0
AF,CT28,-33.663575,150.965522,2,RIC,100.0,9.0,50.0,2,2000,0,0,0,0,0,0

APPTR,T28,28,RIC
IF,RIC,-33.607394,150.798894, ,0.0,0.0,2,3300,0,0,0,0,1,0
TF,D050G,-33.552458,150.922153,0, ,0.0,0.0,0.0,0.0,3,2500,0,0,0,0,0,0
TF,D050I,-33.536739,150.957342,0, ,0.0,0.0,0.0,0.0,3,2500,0,0,0,0,0,0
AF,CT28,-33.663575,150.965522,2,RIC,100.0,9.0,50.0,2,2000,0,0,0,0,0,0

FINAL,T28,28,D,4
IF,CT28,-33.663575,150.965522,RIC,100.0,9.0,2,2000,0,0,0,0,0,0
CF,FT28,-33.632392,150.872925,0,RIC,100.0,4.0,280.0,5.0,2,1460,0,0,0,0,2,0
CF,20TAC,-33.619897,150.835903,0,RIC,100.0,2.0,280.0,2.0,2,820,0,0,0,0,0,0
CF,RIC,-33.607394,150.798894,0,RIC,0.0,0.0,280.0,2.0,1,189,0,0,0,0,3,0
CA,0,280.0,2,600,0,0,0,0,0,0
VM,0,0,2,20.0,2,5000,0,1,250,0,0,0

