APPTR,N04-A,04,SWH1
IF,SWH,-35.380500,143.540306, ,0.0,0.0,2,2000,0,1,210,0,1,0
FC,SWH,-35.380500,143.540306,0,SWH,0.0,0.0,36.0,7.0,0,0,0,0,0,0,0,1
CF,FF240,-35.359183,143.611717,2,SWH,60.0,3.7,240.0,3.5,2,1500,0,0,0,0,0,0

APPTR,N04-A,04,SWH2
IF,SWH,-35.380500,143.540306, ,0.0,0.0,2,2000,0,1,210,0,1,0
FC,SWH,-35.380500,143.540306,0,SWH,0.0,0.0,42.0,6.0,0,0,0,0,0,0,0,1
CF,FF240,-35.359183,143.611717,2,SWH,60.0,3.7,240.0,3.0,2,1500,0,0,0,0,0,0

FINAL,N04-A,04,N,2
IF,FF240,-35.359183,143.611717,SWH,0.0,0.0,2,1500,0,0,0,0,2,0
CF,SWH,-35.380500,143.540306,0,SWH,0.0,0.0,240.0,3.7,1,960,0,0,0,0,3,0
CA,0,240.0,2,2000,0,0,0,0,0,0

APPTR,N08-A,08,SWH1
IF,SWH,-35.380500,143.540306, ,0.0,0.0,2,2000,0,1,210,0,1,0
FC,SWH,-35.380500,143.540306,0,SWH,0.0,0.0,36.0,7.0,0,0,0,0,0,0,0,1
CF,FF240,-35.359183,143.611717,2,SWH,60.0,3.7,240.0,3.5,2,1500,0,0,0,0,0,0

APPTR,N08-A,08,SWH2
IF,SWH,-35.380500,143.540306, ,0.0,0.0,2,2000,0,1,210,0,1,0
FC,SWH,-35.380500,143.540306,0,SWH,0.0,0.0,42.0,6.0,0,0,0,0,0,0,0,1
CF,FF240,-35.359183,143.611717,2,SWH,60.0,3.7,240.0,3.0,2,1500,0,0,0,0,0,0

FINAL,N08-A,08,N,2
IF,FF240,-35.359183,143.611717,SWH,0.0,0.0,2,1500,0,0,0,0,2,0
CF,SWH,-35.380500,143.540306,0,SWH,0.0,0.0,240.0,3.7,1,960,0,0,0,0,3,0
CA,0,240.0,2,2000,0,0,0,0,0,0

APPTR,N15-A,15,SWH1
IF,SWH,-35.380500,143.540306, ,0.0,0.0,2,2000,0,1,210,0,1,0
FC,SWH,-35.380500,143.540306,0,SWH,0.0,0.0,36.0,7.0,0,0,0,0,0,0,0,1
CF,FF240,-35.359183,143.611717,2,SWH,60.0,3.7,240.0,3.5,2,1500,0,0,0,0,0,0

APPTR,N15-A,15,SWH2
IF,SWH,-35.380500,143.540306, ,0.0,0.0,2,2000,0,1,210,0,1,0
FC,SWH,-35.380500,143.540306,0,SWH,0.0,0.0,42.0,6.0,0,0,0,0,0,0,0,1
CF,FF240,-35.359183,143.611717,2,SWH,60.0,3.7,240.0,3.0,2,1500,0,0,0,0,0,0

FINAL,N15-A,15,N,2
IF,FF240,-35.359183,143.611717,SWH,0.0,0.0,2,1500,0,0,0,0,2,0
CF,SWH,-35.380500,143.540306,0,SWH,0.0,0.0,240.0,3.7,1,960,0,0,0,0,3,0
CA,0,240.0,2,2000,0,0,0,0,0,0

APPTR,N22-A,22,SWH1
IF,SWH,-35.380500,143.540306, ,0.0,0.0,2,2000,0,1,210,0,1,0
FC,SWH,-35.380500,143.540306,0,SWH,0.0,0.0,36.0,7.0,0,0,0,0,0,0,0,1
CF,FF240,-35.359183,143.611717,2,SWH,60.0,3.7,240.0,3.5,2,1500,0,0,0,0,0,0

APPTR,N22-A,22,SWH2
IF,SWH,-35.380500,143.540306, ,0.0,0.0,2,2000,0,1,210,0,1,0
FC,SWH,-35.380500,143.540306,0,SWH,0.0,0.0,42.0,6.0,0,0,0,0,0,0,0,1
CF,FF240,-35.359183,143.611717,2,SWH,60.0,3.7,240.0,3.0,2,1500,0,0,0,0,0,0

FINAL,N22-A,22,N,2
IF,FF240,-35.359183,143.611717,SWH,0.0,0.0,2,1500,0,0,0,0,2,0
CF,SWH,-35.380500,143.540306,0,SWH,0.0,0.0,240.0,3.7,1,960,0,0,0,0,3,0
CA,0,240.0,2,2000,0,0,0,0,0,0

APPTR,N26-A,26,SWH1
IF,SWH,-35.380500,143.540306, ,0.0,0.0,2,2000,0,1,210,0,1,0
FC,SWH,-35.380500,143.540306,0,SWH,0.0,0.0,36.0,7.0,0,0,0,0,0,0,0,1
CF,FF240,-35.359183,143.611717,2,SWH,60.0,3.7,240.0,3.5,2,1500,0,0,0,0,0,0

APPTR,N26-A,26,SWH2
IF,SWH,-35.380500,143.540306, ,0.0,0.0,2,2000,0,1,210,0,1,0
FC,SWH,-35.380500,143.540306,0,SWH,0.0,0.0,42.0,6.0,0,0,0,0,0,0,0,1
CF,FF240,-35.359183,143.611717,2,SWH,60.0,3.7,240.0,3.0,2,1500,0,0,0,0,0,0

FINAL,N26-A,26,N,2
IF,FF240,-35.359183,143.611717,SWH,0.0,0.0,2,1500,0,0,0,0,2,0
CF,SWH,-35.380500,143.540306,0,SWH,0.0,0.0,240.0,3.7,1,960,0,0,0,0,3,0
CA,0,240.0,2,2000,0,0,0,0,0,0

APPTR,N33-A,33,SWH1
IF,SWH,-35.380500,143.540306, ,0.0,0.0,2,2000,0,1,210,0,1,0
FC,SWH,-35.380500,143.540306,0,SWH,0.0,0.0,36.0,7.0,0,0,0,0,0,0,0,1
CF,FF240,-35.359183,143.611717,2,SWH,60.0,3.7,240.0,3.5,2,1500,0,0,0,0,0,0

APPTR,N33-A,33,SWH2
IF,SWH,-35.380500,143.540306, ,0.0,0.0,2,2000,0,1,210,0,1,0
FC,SWH,-35.380500,143.540306,0,SWH,0.0,0.0,42.0,6.0,0,0,0,0,0,0,0,1
CF,FF240,-35.359183,143.611717,2,SWH,60.0,3.7,240.0,3.0,2,1500,0,0,0,0,0,0

FINAL,N33-A,33,N,2
IF,FF240,-35.359183,143.611717,SWH,0.0,0.0,2,1500,0,0,0,0,2,0
CF,SWH,-35.380500,143.540306,0,SWH,0.0,0.0,240.0,3.7,1,960,0,0,0,0,3,0
CA,0,240.0,2,2000,0,0,0,0,0,0

APPTR,R26-Z,26,SWHEA
IF,SWHEA,-35.299894,143.786983, ,0.0,0.0,2,2000,0,1,210,0,1,0
TF,SWHEI,-35.377853,143.750597,0, ,0.0,0.0,0.0,0.0,2,2000,0,0,0,0,1,0

APPTR,R26-Z,26,SWHEB
IF,SWHEB,-35.379181,143.852492, ,0.0,0.0,2,2000,0,1,210,0,1,0
TF,SWHEI,-35.377853,143.750597,0, ,0.0,0.0,0.0,0.0,2,2000,0,0,0,0,1,0

APPTR,R26-Z,26,SWHEC
IF,SWHEC,-35.456733,143.783906, ,0.0,0.0,2,2000,0,1,210,0,1,0
TF,SWHEI,-35.377853,143.750597,0, ,0.0,0.0,0.0,0.0,2,2000,0,0,0,0,1,0

FINAL,R26-Z,26,R,3
IF,SWHEI,-35.377853,143.750597, ,0.0,0.0,2,2000,0,0,0,0,0,0
TF,SWHEF,-35.376525,143.648703,0, ,0.0,0.0,261.0,5.0,2,1960,0,0,0,0,2,0
TF,SWHEM,-35.375197,143.546811,0, ,0.0,0.0,261.0,5.0,1,362,0,0,0,0,3,1
DF,SWHEH,-35.374358,143.485675,0, ,0.0,0.0,0,0,0,0,0,0,0,0
CA,0,261.0,2,2000,0,0,0,0,0,0

