APPTR,R09,09,TOCWD
IF,TOCWD,-35.857481,145.337744, ,0.0,0.0,2,2100,0,1,210,0,1,0
TF,TOCWI,-35.784294,145.386997,0, ,0.0,0.0,0.0,0.0,2,2100,0,0,0,0,1,0

APPTR,R09,09,TOCWE
IF,TOCWE,-35.771608,145.285769, ,0.0,0.0,2,2100,0,1,210,0,1,0
TF,TOCWI,-35.784294,145.386997,0, ,0.0,0.0,0.0,0.0,2,2100,0,0,0,0,1,0

APPTR,R09,09,TOCWG
IF,TOCWG,-35.702447,145.366969, ,0.0,0.0,2,2100,0,1,210,0,1,0
TF,TOCWI,-35.784294,145.386997,0, ,0.0,0.0,0.0,0.0,2,2100,0,0,0,0,1,0

FINAL,R09,09,R,3
IF,TOCWI,-35.784294,145.386997, ,0.0,0.0,2,2100,0,0,0,0,0,0
TF,TOCWF,-35.796892,145.488256,0, ,0.0,0.0,87.0,5.0,2,2100,0,0,0,0,2,0
TF,TOCWM,-35.809406,145.589547,0, ,0.0,0.0,87.0,5.0,1,501,0,0,0,0,3,1
DF,TOCWH,-35.816872,145.650339,0, ,0.0,0.0,0,0,0,0,0,0,0,0
CA,0,87.0,2,2000,0,0,0,0,0,0

APPTR,R27,27,TOCEA
IF,TOCEA,-35.763719,145.865147, ,0.0,0.0,2,2100,0,1,210,0,1,0
TF,TOCEI,-35.837103,145.816347,0, ,0.0,0.0,0.0,0.0,2,2100,0,0,0,0,1,0

APPTR,R27,27,TOCEB
IF,TOCEB,-35.849339,145.917742, ,0.0,0.0,2,2100,0,1,210,0,1,0
TF,TOCEI,-35.837103,145.816347,0, ,0.0,0.0,0.0,0.0,2,2100,0,0,0,0,1,0

APPTR,R27,27,TOCEC
IF,TOCEC,-35.918869,145.836872, ,0.0,0.0,2,2100,0,1,210,0,1,0
TF,TOCEI,-35.837103,145.816347,0, ,0.0,0.0,0.0,0.0,2,2100,0,0,0,0,1,0

FINAL,R27,27,R,3
IF,TOCEI,-35.837103,145.816347, ,0.0,0.0,2,2100,0,0,0,0,0,0
TF,TOCEF,-35.824778,145.714986,0, ,0.0,0.0,267.0,5.0,2,2100,0,0,0,0,2,0
TF,TOCEM,-35.812372,145.613656,0, ,0.0,0.0,267.0,5.0,1,508,0,0,0,0,3,1
DF,TOCEH,-35.804886,145.552872,0, ,0.0,0.0,0,0,0,0,0,0,0,0
CA,0,267.0,2,2000,0,0,0,0,0,0

