SID,WESTS2,09,1
CA,0,87.0,2,500,0,0,0,0,0,0
VM,0,0,0,87.0,0,0,0,0,0,0,0,0

SID,WESTS2,27,1
CA,0,267.0,2,500,0,0,0,0,0,0
VM,0,0,0,267.0,0,0,0,0,0,0,0,0

FINAL,N27-Z,27,N,2
IF,ESL,-38.111389,147.159444,ESL,0.0,0.0,2,2500,0,0,0,0,2,0
CF,MA27,-38.092692,146.992186,0,ESL,0.0,0.0,265.0,8.0,1,397,0,0,0,0,3,0
CA,0,265.0,2,1500,0,0,0,0,0,0
VM,0,0,1,160.0,2,3500,0,0,0,0,0,0

FINAL,Q27-Y,27,N,3
IF,ESL,-38.111389,147.159444,ESL,0.0,0.0,2,2500,0,0,0,0,1,0
CF,FQ27,-38.099069,147.049003,0,ESL,0.0,0.0,265.0,5.3,2,1300,0,0,0,0,2,0
CF,MQ27,-38.092006,146.986083,0,ESL,0.0,8.0,265.0,3.0,1,307,0,0,0,0,3,0
CA,0,265.0,2,1500,0,0,0,0,0,0
VM,0,0,1,160.0,2,3500,0,0,0,0,0,0

APPTR,R09,09,WSLWA
IF,WSLWA,-38.124975,146.742964, ,0.0,0.0,1,3100,0,1,200,0,1,0
TF,WSLWI,-38.066892,146.784558,0, ,0.0,0.0,0.0,0.0,2,2750,0,0,0,0,1,0

APPTR,R09,09,WSLWB
IF,WSLWB,-38.055856,146.701308, ,0.0,0.0,1,3100,0,1,200,0,1,0
TF,WSLWI,-38.066892,146.784558,0, ,0.0,0.0,0.0,0.0,2,2750,0,0,0,0,1,0

APPTR,R09,09,WSLWC
IF,WSLWC,-38.001269,146.769178, ,0.0,0.0,1,3100,0,1,200,0,1,0
TF,WSLWI,-38.066892,146.784558,0, ,0.0,0.0,0.0,0.0,2,2750,0,0,0,0,1,0

FINAL,R09,09,R,3
IF,WSLWI,-38.066892,146.784558, ,0.0,0.0,2,2750,0,0,0,0,0,0
TF,WSLWF,-38.077928,146.867822,0, ,0.0,0.0,87.0,4.0,2,1470,0,0,0,0,2,0
TF,WSLWM,-38.088967,146.951100,0, ,0.0,0.0,87.0,4.0,1,198,0,0,0,0,3,1
DF,WSLWH,-38.126189,147.011664,0, ,0.0,0.0,0,0,0,0,0,0,0,1
DF,WSLWA,-38.124975,146.742964,2, ,0.0,0.0,2,3100,0,0,0,0,0,0

