APPTR,R09-Z,09,YRMWA
IF,YRMWA,-38.611308,146.481744, ,0.0,0.0,2,3900,0,0,0,0,1,0
TF,YRMWI,-38.538600,146.533839,0, ,0.0,0.0,0.0,0.0,2,3380,0,0,0,0,1,0

APPTR,R09-Z,09,YRMWB
IF,YRMWB,-38.525017,146.429056, ,0.0,0.0,2,3900,0,0,0,0,1,0
TF,YRMWI,-38.538600,146.533839,0, ,0.0,0.0,0.0,0.0,2,3380,0,0,0,0,1,0

APPTR,R09-Z,09,YRMWC
IF,YRMWC,-38.456617,146.514211, ,0.0,0.0,2,3900,0,0,0,0,1,0
TF,YRMWI,-38.538600,146.533839,0, ,0.0,0.0,0.0,0.0,2,3380,0,0,0,0,1,0

FINAL,R09-Z,09,R,3
IF,YRMWI,-38.538600,146.533839, ,0.0,0.0,2,3380,0,0,0,0,0,0
TF,YRMWF,-38.552089,146.638661,0, ,0.0,0.0,87.0,5.0,2,1790,0,0,0,0,2,0
TF,YRMWM,-38.565486,146.743525,0, ,0.0,0.0,87.0,5.0,1,196,0,0,0,0,3,1
CA,0,87.0,2,560,0,0,0,0,0,0
DF,YRMWH,-38.573478,146.806461,0, ,0.0,0.0,0,0,0,0,0,0,0,1
VM,0,0,2,245.0,2,3900,0,0,0,0,0,0

APPTR,R27-Z,27,YRMED
IF,YRMED,-38.521564,147.024853, ,0.0,0.0,2,2600,0,0,0,0,1,0
TF,YRMEI,-38.594492,146.973267,0, ,0.0,0.0,0.0,0.0,2,2600,0,0,0,0,1,0

APPTR,R27-Z,27,YRMEE
IF,YRMEE,-38.607586,147.078253, ,0.0,0.0,2,2600,0,0,0,0,1,0
TF,YRMEI,-38.594492,146.973267,0, ,0.0,0.0,0.0,0.0,2,2600,0,0,0,0,1,0

APPTR,R27-Z,27,YRMEG
IF,YRMEG,-38.676392,146.993453, ,0.0,0.0,2,2600,0,0,0,0,1,0
TF,YRMEI,-38.594492,146.973267,0, ,0.0,0.0,0.0,0.0,2,2600,0,0,0,0,1,0

FINAL,R27-Z,27,R,3
IF,YRMEI,-38.594492,146.973267, ,0.0,0.0,2,2600,0,0,0,0,0,0
TF,YRMEF,-38.581300,146.868319,0, ,0.0,0.0,267.0,5.0,2,1790,0,0,0,0,2,0
TF,YRMEM,-38.568017,146.763411,0, ,0.0,0.0,267.0,5.0,1,196,0,0,0,0,3,1
CA,0,267.0,2,560,0,0,0,0,0,0
DF,YRMEH,-38.562675,146.721458,0, ,0.0,0.0,0,0,0,0,0,0,0,1
VM,0,0,1,100.0,2,2600,0,0,0,0,0,0

