SID,CDY11D,36L,2
CA,0,359.0,2,760,0,0,0,0,0,0
CF,HUR,40.330000,116.748333,0,HUR,0.0,0.0,43.0,14.0,3,8860,0,0,0,0,0,0
TF,D052U,40.567058,117.070836,0, ,0.0,0.0,0.0,0.0,0,0,0,0,0,0,0,0
TF,CDY,40.578333,117.223333,0, ,0.0,0.0,0.0,0.0,2,12800,0,0,0,0,0,0

SID,CDY21D,18R,2
CA,0,179.0,2,760,0,0,0,0,0,0
DF,D284M,39.975478,116.589872,0, ,0.0,0.0,0,0,0,0,0,0,0,1
CF,WF,39.945000,116.875000,0,PEK,140.4,8.7,96.0,13.0,2,6890,0,0,0,0,0,0
TF,D121N,40.230300,117.026356,0, ,0.0,0.0,0.0,0.0,2,12800,0,0,0,0,0,0
TF,CDY,40.578333,117.223333,0, ,0.0,0.0,0.0,0.0,2,12800,0,0,0,0,0,0

SID,CDY31D,36R,2
CA,0,359.0,2,520,0,0,0,0,0,0
CI,0, ,0.0,359.0,0,0,0,0,0,0,0,0
CF,HUR,40.330000,116.748333,0,HUR,0.0,0.0,58.0,11.0,3,8860,0,0,0,0,0,0
TF,D052U,40.567058,117.070836,0, ,0.0,0.0,0.0,0.0,0,0,0,0,0,0,0,0
TF,CDY,40.578333,117.223333,0, ,0.0,0.0,0.0,0.0,2,12800,0,0,0,0,0,0

SID,CDY41D,18L,2
CF,QU,39.992892,116.610153,0,PEK,246.0,6.7,179.0,4.0,0,0,0,0,0,0,0,1
CF,WF,39.945000,116.875000,0,PEK,140.4,8.7,96.0,12.0,2,4930,0,0,0,0,0,0
TF,D121N,40.230300,117.026356,0, ,0.0,0.0,0.0,0.0,2,12800,0,0,0,0,0,0
TF,CDY,40.578333,117.223333,0, ,0.0,0.0,0.0,0.0,2,12800,0,0,0,0,0,0

SID,CDY51D,01,2
CI,0, ,0.0,359.0,2,760,0,0,0,0,0,0
CF,HUR,40.330000,116.748333,0,PEK,8.6,16.7,35.0,14.0,3,8860,0,0,0,0,0,0
TF,D052U,40.567058,117.070836,0, ,0.0,0.0,0.0,0.0,0,0,0,0,0,0,0,0
TF,CDY,40.578333,117.223333,0, ,0.0,0.0,0.0,0.0,2,12800,0,0,0,0,0,0

SID,CDY61D,19,2
CA,0,179.0,2,760,0,0,0,0,0,0
CF,WF,39.945000,116.875000,0,PEK,140.4,8.7,115.0,12.0,2,4930,0,0,0,0,0,0
TF,D121N,40.230300,117.026356,0, ,0.0,0.0,0.0,0.0,2,12800,0,0,0,0,0,0
TF,CDY,40.578333,117.223333,0, ,0.0,0.0,0.0,0.0,2,12800,0,0,0,0,0,0

SID,CDY8A,36R,5
VA,0,359.0,2,760,0,0,0,0,0,0
DF,AA151,40.177778,116.581667,0, ,0.0,0.0,0,0,0,0,0,0,0,0
TF,AA156,40.251944,116.592778,0, ,0.0,0.0,0.0,0.0,0,0,0,0,0,0,0,0
TF,AA163,40.278056,116.829167,0, ,0.0,0.0,0.0,0.0,0,0,0,1,250,0,0,0
TF,AA161,40.543889,117.003889,0, ,0.0,0.0,0.0,0.0,2,9850,0,0,0,0,0,0
TF,CDY,40.578333,117.223333,0, ,0.0,0.0,0.0,0.0,2,12800,0,0,0,0,0,0

SID,CDY8B,01,5
VA,0,359.0,2,760,0,0,0,0,0,0
DF,AA171,40.167222,116.654444,0, ,0.0,0.0,0,0,0,0,0,0,0,0
TF,AA172,40.182500,116.826944,0, ,0.0,0.0,0.0,0.0,3,8860,0,1,250,0,0,0
TF,AA165,40.489167,117.110000,0, ,0.0,0.0,0.0,0.0,0,0,0,0,0,0,0,0
TF,CDY,40.578333,117.223333,0, ,0.0,0.0,0.0,0.0,2,12800,0,0,0,0,0,0

SID,CDY8C,18L,5
VA,0,179.0,2,760,0,0,0,0,0,0
DF,AA261,39.984444,116.612222,0, ,0.0,0.0,0,0,0,0,0,0,0,0
TF,AA264,39.937500,116.631944,0, ,0.0,0.0,0.0,0.0,0,0,0,0,0,0,0,0
TF,AA265,39.922222,116.886667,0, ,0.0,0.0,0.0,0.0,2,8860,0,1,250,0,0,0
TF,AA266,40.225556,117.022500,0, ,0.0,0.0,0.0,0.0,0,0,0,0,0,0,0,0
TF,CDY,40.578333,117.223333,0, ,0.0,0.0,0.0,0.0,2,12800,0,0,0,0,0,0

SID,CDY8D,19,5
VA,0,179.0,2,760,0,0,0,0,0,0
DF,AA281,40.001111,116.667778,0, ,0.0,0.0,0,0,0,0,0,0,0,0
TF,AA282,39.994167,116.889722,0, ,0.0,0.0,0.0,0.0,2,6890,0,1,250,0,0,0
TF,AA266,40.225556,117.022500,0, ,0.0,0.0,0.0,0.0,0,0,0,0,0,0,0,0
TF,CDY,40.578333,117.223333,0, ,0.0,0.0,0.0,0.0,2,12800,0,0,0,0,0,0

SID,CDY8E,36L,5
VA,0,359.0,2,760,0,0,0,0,0,0
DF,AA131,40.160556,116.513333,0, ,0.0,0.0,0,0,0,0,0,0,0,0
TF,AA132,40.268056,116.419444,0, ,0.0,0.0,0.0,0.0,2,5910,0,0,0,0,0,0
TF,AA157,40.401667,116.548611,0, ,0.0,0.0,0.0,0.0,0,0,0,1,250,0,0,0
TF,AA161,40.543889,117.003889,0, ,0.0,0.0,0.0,0.0,2,9850,0,0,0,0,0,0
TF,CDY,40.578333,117.223333,0, ,0.0,0.0,0.0,0.0,2,12800,0,0,0,0,0,0

SID,JB8A,36L,5
VA,0,359.0,2,760,0,0,0,0,0,0
DF,AA131,40.160556,116.513333,0, ,0.0,0.0,0,0,0,0,0,0,0,0
TF,AA132,40.268056,116.419444,0, ,0.0,0.0,0.0,0.0,2,5910,0,1,250,0,0,0
TF,AA133,40.276667,116.245833,0, ,0.0,0.0,0.0,0.0,2,6890,0,0,0,0,0,0
TF,AA134,40.092222,115.912778,0, ,0.0,0.0,0.0,0.0,2,16700,0,0,0,0,0,0
TF,AA115,39.723611,116.099167,0, ,0.0,0.0,0.0,0.0,0,0,0,0,0,0,0,0
TF,AA210,39.478611,116.225556,0, ,0.0,0.0,0.0,0.0,3,17700,0,0,0,0,0,0
TF,JB,39.043333,116.198333,0, ,0.0,0.0,0.0,0.0,0,0,0,0,0,0,0,0

SID,JB8B,36R,5
VA,0,359.0,2,760,0,0,0,0,0,0
DF,AA151,40.177778,116.581667,0, ,0.0,0.0,0,0,0,0,0,0,0,0
TF,AA156,40.251944,116.592778,0, ,0.0,0.0,0.0,0.0,0,0,0,0,0,0,0,0
TF,AA152,40.370278,116.506389,0, ,0.0,0.0,0.0,0.0,4,13800,6890,1,250,0,0,0
TF,AA153,40.376667,116.165833,0, ,0.0,0.0,0.0,0.0,4,13800,8860,0,0,0,0,0
TF,AA154,40.281944,115.936389,0, ,0.0,0.0,0.0,0.0,3,13800,0,0,0,0,0,0
TF,AA134,40.092222,115.912778,0, ,0.0,0.0,0.0,0.0,2,16700,0,0,0,0,0,0
TF,AA115,39.723611,116.099167,0, ,0.0,0.0,0.0,0.0,0,0,0,0,0,0,0,0
TF,AA210,39.478611,116.225556,0, ,0.0,0.0,0.0,0.0,3,17700,0,0,0,0,0,0
TF,JB,39.043333,116.198333,0, ,0.0,0.0,0.0,0.0,0,0,0,0,0,0,0,0

SID,KM11D,36L,2
CA,0,359.0,2,760,0,0,0,0,0,0
CF,D332M,40.286506,116.412308,0,PEK,319.9,20.4,332.0,13.0,2,5910,0,0,0,0,0,0
TF,D278M,40.290722,116.243392,0, ,0.0,0.0,0.0,0.0,2,6890,0,0,0,0,0,0
TF,KM,40.388333,115.496667,0, ,0.0,0.0,0.0,0.0,2,13800,0,0,0,0,0,0

SID,KM21D,18R,2
CA,0,179.0,2,760,0,0,0,0,0,0
CF,CU,40.121667,116.371667,2,PEK,290.9,17.2,324.0,8.0,0,0,0,0,0,0,0,0
TF,KM,40.388333,115.496667,0, ,0.0,0.0,0.0,0.0,2,13800,0,0,0,0,0,0

SID,KM31D,36R,2
CA,0,359.0,2,520,0,0,0,0,0,0
CR,0,HUR,282.0,359.0,4,13800,6890,0,0,0,0,0
CF,KM32,40.372617,116.188633,0,HUR,281.9,25.8,278.0,17.0,4,13800,8860,0,0,0,0,0
TF,KM,40.388333,115.496667,0, ,0.0,0.0,0.0,0.0,2,13800,0,0,0,0,0,0

SID,KM41D,18L,2
CA,0,179.0,2,760,0,0,0,0,0,0
DF,CU,40.121667,116.371667,2, ,0.0,0.0,0,0,0,0,0,0,0,0
TF,KM,40.388333,115.496667,0, ,0.0,0.0,0.0,0.0,2,13800,0,0,0,0,0,0

SID,KM42D,18L,2
CF,QU,39.992892,116.610153,0,PEK,246.0,6.7,179.0,4.0,0,0,0,0,0,0,0,1
CF,WF,39.945000,116.875000,0,PEK,140.4,8.7,96.0,12.0,2,4930,0,0,0,0,0,0
TF,D121N,40.230300,117.026356,0, ,0.0,0.0,0.0,0.0,2,12800,0,0,0,0,0,1
DF,CU,40.121667,116.371667,1, ,0.0,0.0,0,0,0,0,0,0,0,0
TF,KM,40.388333,115.496667,0, ,0.0,0.0,0.0,0.0,2,13800,0,0,0,0,0,0

SID,KM51D,01,2
CI,0, ,0.0,359.0,2,760,0,0,0,0,0,0
CF,HUR,40.330000,116.748333,0,HUR,0.0,0.0,35.0,14.0,3,8860,0,0,0,0,0,1
CF,KM32,40.372617,116.188633,1,HUR,281.9,25.8,278.0,24.0,4,13800,8860,0,0,0,0,0
TF,KM,40.388333,115.496667,0, ,0.0,0.0,0.0,0.0,2,13800,0,0,0,0,0,0

SID,KM61D,19,2
CA,0,179.0,2,760,0,0,0,0,0,0
CF,CU,40.121667,116.371667,2,PEK,290.9,17.2,320.0,11.0,0,0,0,0,0,0,0,0
TF,KM,40.388333,115.496667,0, ,0.0,0.0,0.0,0.0,2,13800,0,0,0,0,0,0

SID,KM62D,19,2
CA,0,179.0,2,760,0,0,0,0,0,0
CF,WF,39.945000,116.875000,0,PEK,140.4,8.7,115.0,12.0,2,4930,0,0,0,0,0,0
TF,D121N,40.230300,117.026356,0, ,0.0,0.0,0.0,0.0,2,12800,0,0,0,0,0,1
DF,CU,40.121667,116.371667,1, ,0.0,0.0,0,0,0,0,0,0,0,0
TF,KM,40.388333,115.496667,0, ,0.0,0.0,0.0,0.0,2,13800,0,0,0,0,0,0

SID,LAD11D,36L,2
CA,0,359.0,2,760,0,0,0,0,0,0
CF,WF,39.945000,116.875000,2,PEK,140.4,8.7,149.0,17.0,2,11800,0,0,0,0,0,0
TF,VM,39.296667,116.901667,0, ,0.0,0.0,0.0,0.0,2,19700,0,0,0,0,0,0
TF,LADIX,39.130000,116.991667,0, ,0.0,0.0,0.0,0.0,0,0,0,0,0,0,0,0

SID,LAD12D,36L,2
CA,0,359.0,2,760,0,0,0,0,0,0
CF,HUR,40.330000,116.748333,0,PEK,8.6,16.7,43.0,14.0,3,8860,0,0,0,0,0,1
DF,D010U,40.304497,116.899044,2, ,0.0,0.0,3,8860,0,0,0,0,0,0
TF,WF,39.945000,116.875000,0, ,0.0,0.0,0.0,0.0,2,11800,0,0,0,0,0,0
TF,VM,39.296667,116.901667,0, ,0.0,0.0,0.0,0.0,2,19700,0,0,0,0,0,0
TF,LADIX,39.130000,116.991667,0, ,0.0,0.0,0.0,0.0,0,0,0,0,0,0,0,0

SID,LAD21D,18R,2
CA,0,179.0,2,760,0,0,0,0,0,0
DF,D284M,39.975478,116.589872,0, ,0.0,0.0,0,0,0,0,0,0,0,1
CF,WF,39.945000,116.875000,0,PEK,140.4,8.7,96.0,13.0,2,6890,0,0,0,0,0,0
TF,VM,39.296667,116.901667,0, ,0.0,0.0,0.0,0.0,2,19700,0,0,0,0,0,0
TF,LADIX,39.130000,116.991667,0, ,0.0,0.0,0.0,0.0,0,0,0,0,0,0,0,0

SID,LAD31D,36R,2
CA,0,359.0,2,760,0,0,0,0,0,0
CF,WF,39.945000,116.875000,2,PEK,140.4,8.7,144.0,15.0,2,11800,0,0,0,0,0,0
TF,VM,39.296667,116.901667,0, ,0.0,0.0,0.0,0.0,2,19700,0,0,0,0,0,0
TF,LADIX,39.130000,116.991667,0, ,0.0,0.0,0.0,0.0,0,0,0,0,0,0,0,0

SID,LAD32D,36R,2
CA,0,359.0,2,520,0,0,0,0,0,0
CI,0, ,0.0,359.0,0,0,0,0,0,0,0,0
CF,HUR,40.330000,116.748333,0,HUR,0.0,0.0,58.0,11.0,3,8860,0,0,0,0,0,1
DF,D010U,40.304497,116.899044,2, ,0.0,0.0,3,8860,0,0,0,0,0,0
TF,WF,39.945000,116.875000,0, ,0.0,0.0,0.0,0.0,2,11800,0,0,0,0,0,0
TF,VM,39.296667,116.901667,0, ,0.0,0.0,0.0,0.0,2,19700,0,0,0,0,0,0
TF,LADIX,39.130000,116.991667,0, ,0.0,0.0,0.0,0.0,0,0,0,0,0,0,0,0

SID,LAD41D,18L,2
CF,QU,39.992892,116.610153,0,PEK,246.0,6.7,179.0,4.0,0,0,0,0,0,0,0,1
CF,WF,39.945000,116.875000,0,PEK,140.4,8.7,96.0,12.0,1,4930,0,0,0,0,0,0
TF,VM,39.296667,116.901667,0, ,0.0,0.0,0.0,0.0,2,19700,0,0,0,0,0,0
TF,LADIX,39.130000,116.991667,0, ,0.0,0.0,0.0,0.0,0,0,0,0,0,0,0,0

SID,LAD51D,01,2
CA,0,359.0,2,760,0,0,0,0,0,0
CF,WF,39.945000,116.875000,2,PEK,140.4,8.7,152.0,14.0,2,11800,0,0,0,0,0,0
TF,VM,39.296667,116.901667,0, ,0.0,0.0,0.0,0.0,2,19700,0,0,0,0,0,0
TF,LADIX,39.130000,116.991667,0, ,0.0,0.0,0.0,0.0,0,0,0,0,0,0,0,0

SID,LAD52D,01,2
CI,0, ,0.0,359.0,2,760,0,0,0,0,0,0
CF,HUR,40.330000,116.748333,0,PEK,8.6,16.7,35.0,14.0,3,8860,0,0,0,0,0,1
DF,D010U,40.304497,116.899044,2, ,0.0,0.0,3,8860,0,0,0,0,0,0
TF,WF,39.945000,116.875000,0, ,0.0,0.0,0.0,0.0,2,11800,0,0,0,0,0,0
TF,VM,39.296667,116.901667,0, ,0.0,0.0,0.0,0.0,2,19700,0,0,0,0,0,0
TF,LADIX,39.130000,116.991667,0, ,0.0,0.0,0.0,0.0,0,0,0,0,0,0,0,0

SID,LAD61D,19,2
CA,0,179.0,2,760,0,0,0,0,0,0
CF,WF,39.945000,116.875000,0,PEK,140.4,8.7,115.0,12.0,2,4930,0,0,0,0,0,0
TF,VM,39.296667,116.901667,0, ,0.0,0.0,0.0,0.0,2,19700,0,0,0,0,0,0
TF,LADIX,39.130000,116.991667,0, ,0.0,0.0,0.0,0.0,0,0,0,0,0,0,0,0

SID,LADI8A,36R,5
VA,0,359.0,2,760,0,0,0,0,0,0
DF,AA151,40.177778,116.581667,0, ,0.0,0.0,0,0,0,0,0,0,0,0
TF,AA156,40.251944,116.592778,0, ,0.0,0.0,0.0,0.0,0,0,0,0,0,0,0,0
TF,AA163,40.278056,116.829167,0, ,0.0,0.0,0.0,0.0,3,8860,0,0,0,0,0,0
TF,AA164,40.244722,117.000556,0, ,0.0,0.0,0.0,0.0,0,0,0,1,250,0,0,0
TF,AA173,40.136111,116.992222,0, ,0.0,0.0,0.0,0.0,0,0,0,1,250,0,0,0
TF,AA174,39.766944,116.992222,0, ,0.0,0.0,0.0,0.0,2,16700,0,0,0,0,0,0
TF,AA175,39.401944,116.992222,0, ,0.0,0.0,0.0,0.0,2,23600,0,0,0,0,0,0
TF,LADIX,39.130000,116.991667,0, ,0.0,0.0,0.0,0.0,0,0,0,0,0,0,0,0

SID,LADI8C,18L,5
VA,0,179.0,2,760,0,0,0,0,0,0
DF,AA261,39.984444,116.612222,0, ,0.0,0.0,0,0,0,0,0,0,0,0
TF,AA264,39.937500,116.631944,0, ,0.0,0.0,0.0,0.0,0,0,0,0,0,0,0,0
TF,AA265,39.922222,116.886667,0, ,0.0,0.0,0.0,0.0,2,8860,0,1,250,0,0,0
TF,AA179,39.400000,116.874722,0, ,0.0,0.0,0.0,0.0,2,17700,0,0,0,0,0,0
TF,LADIX,39.130000,116.991667,0, ,0.0,0.0,0.0,0.0,0,0,0,0,0,0,0,0

SID,LADI8D,19,5
VA,0,179.0,2,760,0,0,0,0,0,0
DF,AA281,40.001111,116.667778,0, ,0.0,0.0,0,0,0,0,0,0,0,0
TF,AA282,39.994167,116.889722,0, ,0.0,0.0,0.0,0.0,2,6890,0,0,0,0,0,0
TF,AA283,39.988056,116.992222,0, ,0.0,0.0,0.0,0.0,0,0,0,1,250,0,0,0
TF,AA268,39.915556,116.992222,0, ,0.0,0.0,0.0,0.0,0,0,0,0,0,0,0,0
TF,AA174,39.766944,116.992222,0, ,0.0,0.0,0.0,0.0,2,14800,0,0,0,0,0,0
TF,AA175,39.401944,116.992222,0, ,0.0,0.0,0.0,0.0,2,21700,0,0,0,0,0,0
TF,LADIX,39.130000,116.991667,0, ,0.0,0.0,0.0,0.0,0,0,0,0,0,0,0,0

SID,LADI8E,01,5
VA,0,359.0,2,760,0,0,0,0,0,0
DF,AA171,40.167222,116.654444,0, ,0.0,0.0,0,0,0,0,0,0,0,0
TF,AA172,40.182500,116.826944,0, ,0.0,0.0,0.0,0.0,3,8860,0,1,250,0,0,0
TF,AA176,40.133611,116.874722,0, ,0.0,0.0,0.0,0.0,2,9850,0,0,0,0,0,0
TF,AA178,39.842500,116.874722,0, ,0.0,0.0,0.0,0.0,2,9850,0,0,0,0,0,0
TF,AA179,39.400000,116.874722,0, ,0.0,0.0,0.0,0.0,2,17700,0,0,0,0,0,0
TF,LADIX,39.130000,116.991667,0, ,0.0,0.0,0.0,0.0,0,0,0,0,0,0,0,0

SID,LADI8F,18L,5
VA,0,179.0,2,760,0,0,0,0,0,0
DF,AA261,39.984444,116.612222,0, ,0.0,0.0,0,0,0,0,0,0,0,0
TF,AA262,39.641944,116.598056,0, ,0.0,0.0,0.0,0.0,0,0,0,0,0,0,0,0
TF,AA269,39.281944,116.585833,0, ,0.0,0.0,0.0,0.0,2,13800,0,0,0,0,0,0
TF,LADIX,39.130000,116.991667,0, ,0.0,0.0,0.0,0.0,0,0,0,0,0,0,0,0

SID,LADI8G,36L,5
VA,0,359.0,2,760,0,0,0,0,0,0
DF,AA131,40.160556,116.513333,0, ,0.0,0.0,0,0,0,0,0,0,0,0
TF,AA132,40.268056,116.419444,0, ,0.0,0.0,0.0,0.0,2,5910,0,0,0,0,0,0
TF,AA157,40.401667,116.548611,0, ,0.0,0.0,0.0,0.0,0,0,0,0,0,0,0,0
TF,AA163,40.278056,116.829167,0, ,0.0,0.0,0.0,0.0,3,8860,0,0,0,0,0,0
TF,AA173,40.136111,116.992222,0, ,0.0,0.0,0.0,0.0,0,0,0,1,250,0,0,0
TF,AA174,39.766944,116.992222,0, ,0.0,0.0,0.0,0.0,2,16700,0,0,0,0,0,0
TF,AA175,39.401944,116.992222,0, ,0.0,0.0,0.0,0.0,2,23600,0,0,0,0,0,0
TF,LADIX,39.130000,116.991667,0, ,0.0,0.0,0.0,0.0,0,0,0,0,0,0,0,0

SID,LADI8H,18R,5
VA,0,179.0,2,760,0,0,0,0,0,0
DF,AA241,40.001111,116.537222,0, ,0.0,0.0,0,0,0,0,0,0,0,0
TF,AA242,39.823056,116.502778,0, ,0.0,0.0,0.0,0.0,0,0,0,0,0,0,0,0
TF,AA243,39.733889,116.485278,0, ,0.0,0.0,0.0,0.0,2,5910,0,1,250,0,0,0
TF,AA179,39.400000,116.874722,0, ,0.0,0.0,0.0,0.0,2,17700,0,0,0,0,0,0
TF,LADIX,39.130000,116.991667,0, ,0.0,0.0,0.0,0.0,0,0,0,0,0,0,0,0

SID,REN11D,36L,2
CA,0,359.0,2,760,0,0,0,0,0,0
DF,CU,40.121667,116.371667,0, ,0.0,0.0,0,0,0,0,0,0,0,0
TF,D082H,40.044658,115.961919,0, ,0.0,0.0,0.0,0.0,2,13800,0,0,0,0,0,0
TF,CD,40.013333,115.805000,0, ,0.0,0.0,0.0,0.0,2,16700,0,0,0,0,0,0
TF,RENOB,39.755000,115.446667,0, ,0.0,0.0,0.0,0.0,2,21300,0,0,0,0,0,0

SID,REN12D,36L,2
CA,0,359.0,2,760,0,0,0,0,0,0
CF,D332M,40.286506,116.412308,0,PEK,319.9,20.4,332.0,13.0,2,5910,0,0,0,0,0,0
TF,D278M,40.290722,116.243392,0, ,0.0,0.0,0.0,0.0,2,6890,0,0,0,0,0,0
TF,D056H,40.094264,115.934250,0, ,0.0,0.0,0.0,0.0,2,13800,0,0,0,0,0,0
TF,CD,40.013333,115.805000,0, ,0.0,0.0,0.0,0.0,2,16700,0,0,0,0,0,0
TF,RENOB,39.755000,115.446667,0, ,0.0,0.0,0.0,0.0,2,21300,0,0,0,0,0,0

SID,REN21D,18R,2
CA,0,179.0,2,760,0,0,0,0,0,0
VI,2, ,0.0,294.0,0,0,0,0,0,0,0,0
CF,CU,40.121667,116.371667,0,PEK,290.8,17.3,324.0,8.0,0,0,0,0,0,0,0,0
TF,CD,40.013333,115.805000,0, ,0.0,0.0,0.0,0.0,0,0,0,0,0,0,0,0
TF,RENOB,39.755000,115.446667,0, ,0.0,0.0,0.0,0.0,2,21300,0,0,0,0,0,0

SID,REN22D,18R,2
CA,0,179.0,2,760,0,0,0,0,0,0
CD, ,0,0,0,PEK,0,0.0,199.0,22.0,2,5910,0,0,0,0,0,0
CF,JR,39.720000,116.095000,0,PEK,242.5,35.5,278.0,17.0,2,16700,0,0,0,0,0,0
TF,RENOB,39.755000,115.446667,0, ,0.0,0.0,0.0,0.0,2,21300,0,0,0,0,0,0

SID,REN23D,18R,2
CA,0,179.0,2,760,0,0,0,0,0,0
CD, ,0,0,0,PEK,0,0.0,199.0,22.0,2,5910,0,0,0,0,0,0
CF,JR,39.720000,116.095000,0,PEK,242.5,35.5,278.0,17.0,2,16700,0,0,0,0,0,0
TF,D329J,39.852525,115.964375,0, ,0.0,0.0,0.0,0.0,2,16700,0,0,0,0,0,0
TF,CD,40.013333,115.805000,0, ,0.0,0.0,0.0,0.0,0,0,0,0,0,0,0,0
TF,RENOB,39.755000,115.446667,0, ,0.0,0.0,0.0,0.0,2,21300,0,0,0,0,0,0

SID,REN31D,36R,2
CA,0,359.0,2,760,0,0,0,0,0,0
CF,CU,40.121667,116.371667,0,PEK,290.9,17.2,272.0,10.0,0,0,0,0,0,0,0,0
TF,D082H,40.044658,115.961919,0, ,0.0,0.0,0.0,0.0,2,13800,0,0,0,0,0,0
TF,CD,40.013333,115.805000,0, ,0.0,0.0,0.0,0.0,2,16700,0,0,0,0,0,0
TF,RENOB,39.755000,115.446667,0, ,0.0,0.0,0.0,0.0,2,21300,0,0,0,0,0,0

SID,REN32D,36R,2
CA,0,359.0,2,520,0,0,0,0,0,0
CR,0,HUR,282.0,359.0,4,13800,6890,0,0,0,0,0
CF,KM32,40.372617,116.188633,0,PEK,313.8,31.5,278.0,17.0,4,13800,8860,0,0,0,0,0
TF,D045O,40.204597,116.011208,0, ,0.0,0.0,0.0,0.0,2,13800,0,0,0,0,0,0
TF,CD,40.013333,115.805000,0, ,0.0,0.0,0.0,0.0,2,16700,0,0,0,0,0,0
TF,RENOB,39.755000,115.446667,0, ,0.0,0.0,0.0,0.0,2,21300,0,0,0,0,0,0

SID,REN41D,18L,2
CA,0,179.0,2,760,0,0,0,0,0,0
DF,CU,40.121667,116.371667,2, ,0.0,0.0,0,0,0,0,0,0,0,0
TF,CD,40.013333,115.805000,0, ,0.0,0.0,0.0,0.0,0,0,0,0,0,0,0,0
TF,RENOB,39.755000,115.446667,0, ,0.0,0.0,0.0,0.0,2,21300,0,0,0,0,0,0

SID,REN42D,18L,2
CF,QU,39.992892,116.610153,0,PEK,246.0,6.7,179.0,4.0,0,0,0,0,0,0,0,1
CF,WF,39.945000,116.875000,0,PEK,140.4,8.7,96.0,12.0,2,4930,0,0,0,0,0,0
TF,D121N,40.230300,117.026356,0, ,0.0,0.0,0.0,0.0,2,12800,0,0,0,0,0,1
DF,CU,40.121667,116.371667,1, ,0.0,0.0,0,0,0,0,0,0,0,0
TF,CD,40.013333,115.805000,0, ,0.0,0.0,0.0,0.0,0,0,0,0,0,0,0,0
TF,RENOB,39.755000,115.446667,0, ,0.0,0.0,0.0,0.0,2,21300,0,0,0,0,0,0

SID,REN43D,18L,2
CA,0,179.0,2,760,0,0,0,0,0,0
DF,QU,39.992892,116.610153,0, ,0.0,0.0,0,0,0,0,0,0,0,0
TF,D187S,39.682628,116.603275,0, ,0.0,0.0,0.0,0.0,2,6890,0,0,0,0,0,1
CF,JR,39.720000,116.095000,2,PEK,242.3,35.3,288.0,21.0,1,16700,0,0,0,0,0,0
TF,RENOB,39.755000,115.446667,0, ,0.0,0.0,0.0,0.0,2,21300,0,0,0,0,0,0

SID,REN44D,18L,2
CA,0,179.0,2,760,0,0,0,0,0,0
DF,QU,39.992892,116.610153,0, ,0.0,0.0,0,0,0,0,0,0,0,0
TF,D187S,39.682628,116.603275,0, ,0.0,0.0,0.0,0.0,2,6890,0,0,0,0,0,1
CF,JR,39.720000,116.095000,2,PEK,242.3,35.3,288.0,21.0,2,16700,0,0,0,0,0,0
TF,D329J,39.852525,115.964375,0, ,0.0,0.0,0.0,0.0,2,16700,0,0,0,0,0,0
TF,CD,40.013333,115.805000,0, ,0.0,0.0,0.0,0.0,0,0,0,0,0,0,0,0
TF,RENOB,39.755000,115.446667,0, ,0.0,0.0,0.0,0.0,2,21300,0,0,0,0,0,0

SID,REN51D,01,2
CA,0,359.0,2,760,0,0,0,0,0,0
CF,CU,40.121667,116.371667,1,PEK,290.9,17.2,265.0,9.0,0,0,0,0,0,0,0,0
TF,D082H,40.044658,115.961919,0, ,0.0,0.0,0.0,0.0,2,13800,0,0,0,0,0,0
TF,CD,40.013333,115.805000,0, ,0.0,0.0,0.0,0.0,2,16700,0,0,0,0,0,0
TF,RENOB,39.755000,115.446667,0, ,0.0,0.0,0.0,0.0,2,21300,0,0,0,0,0,0

SID,REN52D,01,2
CI,0, ,0.0,359.0,2,760,0,0,0,0,0,0
CF,HUR,40.330000,116.748333,0,HUR,0.0,0.0,35.0,14.0,3,8860,0,0,0,0,0,1
CF,KM32,40.372617,116.188633,1,PEK,313.8,31.5,278.0,24.0,4,13800,8860,0,0,0,0,0
TF,D045O,40.204597,116.011208,0, ,0.0,0.0,0.0,0.0,2,13800,0,0,0,0,0,0
TF,CD,40.013333,115.805000,0, ,0.0,0.0,0.0,0.0,2,16700,0,0,0,0,0,0
TF,RENOB,39.755000,115.446667,0, ,0.0,0.0,0.0,0.0,2,21300,0,0,0,0,0,0

SID,REN61D,19,2
CA,0,179.0,2,760,0,0,0,0,0,0
CF,CU,40.121667,116.371667,2,PEK,290.8,17.3,320.0,11.0,0,0,0,0,0,0,0,0
TF,CD,40.013333,115.805000,0, ,0.0,0.0,0.0,0.0,0,0,0,0,0,0,0,0
TF,RENOB,39.755000,115.446667,0, ,0.0,0.0,0.0,0.0,2,21300,0,0,0,0,0,0

SID,REN62D,19,2
CA,0,179.0,2,760,0,0,0,0,0,0
CF,WF,39.945000,116.875000,0,PEK,140.4,8.7,115.0,12.0,2,4930,0,0,0,0,0,0
TF,D121N,40.230300,117.026356,0, ,0.0,0.0,0.0,0.0,2,12800,0,0,0,0,0,1
DF,CU,40.121667,116.371667,1, ,0.0,0.0,0,0,0,0,0,0,0,0
TF,CD,40.013333,115.805000,0, ,0.0,0.0,0.0,0.0,0,0,0,0,0,0,0,0
TF,RENOB,39.755000,115.446667,0, ,0.0,0.0,0.0,0.0,2,21300,0,0,0,0,0,0

SID,REN63D,19,2
CA,0,179.0,2,760,0,0,0,0,0,0
CF,D187S,39.682628,116.603275,0,PEK,201.1,22.9,187.0,23.0,2,6890,0,0,0,0,0,1
CF,JR,39.720000,116.095000,2,PEK,242.3,35.3,288.0,21.0,2,16700,0,0,0,0,0,0
TF,RENOB,39.755000,115.446667,0, ,0.0,0.0,0.0,0.0,2,21300,0,0,0,0,0,0

SID,REN64D,19,2
CA,0,179.0,2,760,0,0,0,0,0,0
CF,D187S,39.682628,116.603275,0,PEK,201.1,22.9,187.0,23.0,2,6890,0,0,0,0,0,1
CF,JR,39.720000,116.095000,2,PEK,242.3,35.3,288.0,21.0,2,16700,0,0,0,0,0,0
TF,D329J,39.852525,115.964375,0, ,0.0,0.0,0.0,0.0,2,16700,0,0,0,0,0,0
TF,CD,40.013333,115.805000,0, ,0.0,0.0,0.0,0.0,0,0,0,0,0,0,0,0
TF,RENOB,39.755000,115.446667,0, ,0.0,0.0,0.0,0.0,2,21300,0,0,0,0,0,0

SID,RENO8A,36L,5
VA,0,359.0,2,760,0,0,0,0,0,0
DF,AA131,40.160556,116.513333,0, ,0.0,0.0,0,0,0,0,0,0,0,0
TF,AA132,40.268056,116.419444,0, ,0.0,0.0,0.0,0.0,2,5910,0,1,250,0,0,0
TF,AA133,40.276667,116.245833,0, ,0.0,0.0,0.0,0.0,2,6890,0,0,0,0,0,0
TF,AA134,40.092222,115.912778,0, ,0.0,0.0,0.0,0.0,2,16700,0,0,0,0,0,0
TF,RENOB,39.755000,115.446667,0, ,0.0,0.0,0.0,0.0,2,19700,0,0,0,0,0,0

SID,RENO8B,36R,4
VA,0,359.0,2,760,0,0,0,0,0,0
DF,AA151,40.177778,116.581667,0, ,0.0,0.0,0,0,0,0,0,0,0,0
TF,AA156,40.251944,116.592778,0, ,0.0,0.0,0.0,0.0,0,0,0,0,0,0,0,0
TF,AA152,40.370278,116.506389,0, ,0.0,0.0,0.0,0.0,4,13800,6890,1,250,0,0,0
TF,AA153,40.376667,116.165833,0, ,0.0,0.0,0.0,0.0,4,13800,8860,0,0,0,0,0
TF,AA154,40.281944,115.936389,0, ,0.0,0.0,0.0,0.0,3,13800,0,0,0,0,0,0
TF,AA155,40.226389,115.789444,0, ,0.0,0.0,0.0,0.0,2,16700,0,0,0,0,0,0
TF,RENOB,39.755000,115.446667,0, ,0.0,0.0,0.0,0.0,2,19700,0,0,0,0,0,0

SID,RENO8C,18R,5
VA,0,179.0,2,760,0,0,0,0,0,0
DF,AA241,40.001111,116.537222,0, ,0.0,0.0,0,0,0,0,0,0,0,0
TF,AA242,39.823056,116.502778,0, ,0.0,0.0,0.0,0.0,0,0,0,0,0,0,0,0
TF,AA243,39.733889,116.485278,0, ,0.0,0.0,0.0,0.0,2,5910,0,1,250,0,0,0
TF,AA244,39.744444,115.891111,0, ,0.0,0.0,0.0,0.0,3,17700,0,0,0,0,0,0
TF,RENOB,39.755000,115.446667,0, ,0.0,0.0,0.0,0.0,2,19700,0,0,0,0,0,0

SID,RENO8D,18L,5
VA,0,179.0,2,760,0,0,0,0,0,0
DF,AA261,39.984444,116.612222,0, ,0.0,0.0,0,0,0,0,0,0,0,0
TF,AA262,39.641944,116.598056,0, ,0.0,0.0,0.0,0.0,2,6890,0,1,250,0,0,0
TF,AA263,39.666111,115.979444,2, ,0.0,0.0,0.0,0.0,3,16700,0,0,0,0,0,0
TF,AA270,39.695278,115.633333,0, ,0.0,0.0,0.0,0.0,2,16700,0,0,0,0,0,0
TF,RENOB,39.755000,115.446667,0, ,0.0,0.0,0.0,0.0,2,19700,0,0,0,0,0,0

SID,RENO8E,01,5
VA,0,359.0,2,760,0,0,0,0,0,0
DF,AA171,40.167222,116.654444,0, ,0.0,0.0,0,0,0,0,0,0,0,0
TF,AA172,40.182500,116.826944,0, ,0.0,0.0,0.0,0.0,3,8860,0,1,250,0,0,0
TF,AA176,40.133611,116.874722,0, ,0.0,0.0,0.0,0.0,0,0,0,0,0,0,0,0
TF,AA177,39.701667,116.874722,0, ,0.0,0.0,0.0,0.0,2,14800,0,0,0,0,0,0
TF,AA115,39.723611,116.099167,2, ,0.0,0.0,0.0,0.0,2,18700,0,0,0,0,0,0
TF,RENOB,39.755000,115.446667,0, ,0.0,0.0,0.0,0.0,2,19700,0,0,0,0,0,0

SID,RENO8F,19,5
VA,0,179.0,2,760,0,0,0,0,0,0
DF,AA281,40.001111,116.667778,0, ,0.0,0.0,0,0,0,0,0,0,0,0
TF,AA282,39.994167,116.889722,0, ,0.0,0.0,0.0,0.0,2,6890,0,1,250,0,0,0
TF,AA266,40.225556,117.022500,0, ,0.0,0.0,0.0,0.0,2,9850,0,0,0,0,0,0
TF,HUR,40.330000,116.748333,0, ,0.0,0.0,0.0,0.0,2,13800,0,0,0,0,0,0
TF,RENOB,39.755000,115.446667,0, ,0.0,0.0,0.0,0.0,2,19700,0,0,0,0,0,0

SID,SOS11D,36L,2
CA,0,359.0,2,760,0,0,0,0,0,0
DF,CU,40.121667,116.371667,0, ,0.0,0.0,0,0,0,0,0,0,0,0
TF,D275U,40.119753,115.922914,0, ,0.0,0.0,0.0,0.0,2,13800,0,0,0,0,0,0
TF,SOSDI,40.113333,115.491667,0, ,0.0,0.0,0.0,0.0,2,13800,0,0,0,0,0,0

SID,SOS12D,36L,2
CA,0,359.0,2,760,0,0,0,0,0,0
CF,D332M,40.286506,116.412308,0,PEK,319.9,20.4,332.0,13.0,2,5910,0,0,0,0,0,0
TF,D278M,40.290722,116.243392,0, ,0.0,0.0,0.0,0.0,2,6890,0,0,0,0,0,1
CI,0, ,0.0,236.0,0,0,0,0,0,0,0,0
CF,HUR40,40.184944,115.898361,0,HUR,263.7,40.0,264.0,11.0,2,13800,0,0,0,0,0,0
TF,SOSDI,40.113333,115.491667,0, ,0.0,0.0,0.0,0.0,2,13800,0,0,0,0,0,0

SID,SOS21D,18R,2
CA,0,179.0,2,760,0,0,0,0,0,0
VI,2, ,0.0,294.0,0,0,0,0,0,0,0,0
CF,CU,40.121667,116.371667,0,PEK,290.9,17.2,324.0,8.0,0,0,0,0,0,0,0,0
TF,SOSDI,40.113333,115.491667,0, ,0.0,0.0,0.0,0.0,2,13800,0,0,0,0,0,0

SID,SOS22D,18R,2
CA,0,179.0,2,760,0,0,0,0,0,0
CD, ,0,0,0,PEK,0,0.0,199.0,22.0,2,5910,0,0,0,0,0,0
CF,JR,39.720000,116.095000,0,PEK,242.5,35.5,278.0,17.0,2,16700,0,0,0,0,0,0
TF,D329J,39.852525,115.964375,0, ,0.0,0.0,0.0,0.0,2,16700,0,0,0,0,0,0
TF,CD,40.013333,115.805000,0, ,0.0,0.0,0.0,0.0,0,0,0,0,0,0,0,0
TF,SOSDI,40.113333,115.491667,0, ,0.0,0.0,0.0,0.0,0,0,0,0,0,0,0,0

SID,SOS31D,36R,2
CA,0,359.0,2,760,0,0,0,0,0,0
CF,CU,40.121667,116.371667,0,PEK,290.9,17.2,272.0,10.0,0,0,0,0,0,0,0,0
TF,D275U,40.119753,115.922914,0, ,0.0,0.0,0.0,0.0,2,13800,0,0,0,0,0,0
TF,SOSDI,40.113333,115.491667,0, ,0.0,0.0,0.0,0.0,2,13800,0,0,0,0,0,0

SID,SOS32D,36R,2
CA,0,359.0,2,520,0,0,0,0,0,0
CR,0,HUR,282.0,359.0,4,13800,6890,0,0,0,0,0
CF,KM32,40.372617,116.188633,0,PEK,313.8,31.5,278.0,17.0,4,13800,8860,0,0,0,0,0
TF,D045O,40.204597,116.011208,0, ,0.0,0.0,0.0,0.0,2,13800,0,0,0,0,0,0
TF,SOSDI,40.113333,115.491667,0, ,0.0,0.0,0.0,0.0,2,13800,0,0,0,0,0,0

SID,SOS41D,18L,2
CA,0,179.0,2,760,0,0,0,0,0,0
DF,CU,40.121667,116.371667,2, ,0.0,0.0,0,0,0,0,0,0,0,0
TF,SOSDI,40.113333,115.491667,0, ,0.0,0.0,0.0,0.0,2,13800,0,0,0,0,0,0

SID,SOS42D,18L,2
CF,QU,39.992892,116.610153,0,PEK,246.0,6.7,179.0,4.0,0,0,0,0,0,0,0,1
CF,WF,39.945000,116.875000,0,PEK,140.4,8.7,96.0,12.0,2,4930,0,0,0,0,0,0
TF,D121N,40.230300,117.026356,0, ,0.0,0.0,0.0,0.0,2,12800,0,0,0,0,0,1
DF,CU,40.121667,116.371667,1, ,0.0,0.0,0,0,0,0,0,0,0,0
TF,SOSDI,40.113333,115.491667,0, ,0.0,0.0,0.0,0.0,2,13800,0,0,0,0,0,0

SID,SOS43D,18L,2
CA,0,179.0,2,760,0,0,0,0,0,0
DF,QU,39.992892,116.610153,0, ,0.0,0.0,0,0,0,0,0,0,0,0
TF,D187S,39.682628,116.603275,0, ,0.0,0.0,0.0,0.0,2,6890,0,0,0,0,0,1
CF,JR,39.720000,116.095000,2,PEK,242.3,35.3,288.0,21.0,2,16700,0,0,0,0,0,0
TF,D329J,39.852525,115.964375,0, ,0.0,0.0,0.0,0.0,2,16700,0,0,0,0,0,0
TF,CD,40.013333,115.805000,0, ,0.0,0.0,0.0,0.0,0,0,0,0,0,0,0,0
TF,SOSDI,40.113333,115.491667,0, ,0.0,0.0,0.0,0.0,0,0,0,0,0,0,0,0

SID,SOS51D,01,2
CA,0,359.0,2,760,0,0,0,0,0,0
CF,CU,40.121667,116.371667,1,PEK,290.9,17.2,265.0,9.0,0,0,0,0,0,0,0,0
TF,D275U,40.119753,115.922914,0, ,0.0,0.0,0.0,0.0,2,13800,0,0,0,0,0,0
TF,SOSDI,40.113333,115.491667,0, ,0.0,0.0,0.0,0.0,2,13800,0,0,0,0,0,0

SID,SOS52D,01,2
CI,0, ,0.0,359.0,2,760,0,0,0,0,0,0
CF,HUR,40.330000,116.748333,0,HUR,0.0,0.0,35.0,14.0,3,8860,0,0,0,0,0,1
CF,KM32,40.372617,116.188633,1,HUR,281.9,25.8,278.0,24.0,4,13800,8860,0,0,0,0,0
TF,D045O,40.204597,116.011208,0, ,0.0,0.0,0.0,0.0,2,13800,0,0,0,0,0,0
TF,SOSDI,40.113333,115.491667,0, ,0.0,0.0,0.0,0.0,2,13800,0,0,0,0,0,0

SID,SOS61D,19,2
CA,0,179.0,2,760,0,0,0,0,0,0
CF,CU,40.121667,116.371667,2,PEK,290.9,17.2,320.0,11.0,0,0,0,0,0,0,0,0
TF,SOSDI,40.113333,115.491667,0, ,0.0,0.0,0.0,0.0,2,13800,0,0,0,0,0,0

SID,SOS62D,19,2
CA,0,179.0,2,760,0,0,0,0,0,0
CF,WF,39.945000,116.875000,0,PEK,140.4,8.7,115.0,12.0,2,4930,0,0,0,0,0,0
TF,D121N,40.230300,117.026356,0, ,0.0,0.0,0.0,0.0,2,12800,0,0,0,0,0,1
DF,CU,40.121667,116.371667,1, ,0.0,0.0,0,0,0,0,0,0,0,0
TF,SOSDI,40.113333,115.491667,0, ,0.0,0.0,0.0,0.0,2,13800,0,0,0,0,0,0

SID,SOS63D,19,2
CA,0,179.0,2,760,0,0,0,0,0,0
CF,D187S,39.682628,116.603275,0,PEK,201.1,22.9,187.0,23.0,2,6890,0,0,0,0,0,1
CF,JR,39.720000,116.095000,2,PEK,242.3,35.3,288.0,21.0,2,16700,0,0,0,0,0,0
TF,D329J,39.852525,115.964375,0, ,0.0,0.0,0.0,0.0,2,16700,0,0,0,0,0,0
TF,CD,40.013333,115.805000,0, ,0.0,0.0,0.0,0.0,0,0,0,0,0,0,0,0
TF,SOSDI,40.113333,115.491667,0, ,0.0,0.0,0.0,0.0,0,0,0,0,0,0,0,0

SID,SOSD8A,36L,5
VA,0,359.0,2,760,0,0,0,0,0,0
DF,AA131,40.160556,116.513333,0, ,0.0,0.0,0,0,0,0,0,0,0,0
TF,AA132,40.268056,116.419444,0, ,0.0,0.0,0.0,0.0,2,5910,0,1,250,0,0,0
TF,AA133,40.276667,116.245833,0, ,0.0,0.0,0.0,0.0,2,6890,0,0,0,0,0,0
TF,AA134,40.092222,115.912778,0, ,0.0,0.0,0.0,0.0,2,16700,0,0,0,0,0,0
TF,SOSDI,40.113333,115.491667,0, ,0.0,0.0,0.0,0.0,0,0,0,0,0,0,0,0

SID,SOSD8B,36R,4
VA,0,359.0,2,760,0,0,0,0,0,0
DF,AA151,40.177778,116.581667,0, ,0.0,0.0,0,0,0,0,0,0,0,0
TF,AA156,40.251944,116.592778,0, ,0.0,0.0,0.0,0.0,0,0,0,0,0,0,0,0
TF,AA152,40.370278,116.506389,0, ,0.0,0.0,0.0,0.0,4,13800,6890,1,250,0,0,0
TF,AA153,40.376667,116.165833,0, ,0.0,0.0,0.0,0.0,4,13800,8860,0,0,0,0,0
TF,AA154,40.281944,115.936389,0, ,0.0,0.0,0.0,0.0,3,13800,0,0,0,0,0,0
TF,AA155,40.226389,115.789444,0, ,0.0,0.0,0.0,0.0,2,16700,0,0,0,0,0,0
TF,SOSDI,40.113333,115.491667,0, ,0.0,0.0,0.0,0.0,0,0,0,0,0,0,0,0

SID,SOSD8C,18R,5
VA,0,179.0,2,760,0,0,0,0,0,0
DF,AA241,40.001111,116.537222,0, ,0.0,0.0,0,0,0,0,0,0,0,0
TF,AA242,39.823056,116.502778,0, ,0.0,0.0,0.0,0.0,0,0,0,0,0,0,0,0
TF,AA243,39.733889,116.485278,0, ,0.0,0.0,0.0,0.0,2,5910,0,1,250,0,0,0
TF,AA244,39.744444,115.891111,0, ,0.0,0.0,0.0,0.0,3,16700,0,0,0,0,0,0
TF,SOSDI,40.113333,115.491667,0, ,0.0,0.0,0.0,0.0,0,0,0,0,0,0,0,0

SID,SOSD8D,18L,4
VA,0,179.0,2,760,0,0,0,0,0,0
DF,AA261,39.984444,116.612222,0, ,0.0,0.0,0,0,0,0,0,0,0,0
TF,AA262,39.641944,116.598056,0, ,0.0,0.0,0.0,0.0,2,6890,0,1,250,0,0,0
TF,AA263,39.666111,115.979444,2, ,0.0,0.0,0.0,0.0,3,16700,0,0,0,0,0,0
TF,AA270,39.695278,115.633333,0, ,0.0,0.0,0.0,0.0,2,16700,0,0,0,0,0,0
TF,AA271,39.913333,115.557778,0, ,0.0,0.0,0.0,0.0,0,0,0,0,0,0,0,0
TF,SOSDI,40.113333,115.491667,0, ,0.0,0.0,0.0,0.0,0,0,0,0,0,0,0,0

SID,SOSD8E,01,5
VA,0,359.0,2,760,0,0,0,0,0,0
DF,AA171,40.167222,116.654444,0, ,0.0,0.0,0,0,0,0,0,0,0,0
TF,AA172,40.182500,116.826944,0, ,0.0,0.0,0.0,0.0,0,0,0,0,0,0,0,0
TF,AA176,40.133611,116.874722,0, ,0.0,0.0,0.0,0.0,0,0,0,0,0,0,0,0
TF,AA177,39.701667,116.874722,0, ,0.0,0.0,0.0,0.0,2,12800,0,0,0,0,0,0
TF,AA115,39.723611,116.099167,2, ,0.0,0.0,0.0,0.0,2,18700,0,0,0,0,0,0
TF,SOSDI,40.113333,115.491667,0, ,0.0,0.0,0.0,0.0,0,0,0,0,0,0,0,0

SID,SOSD8F,19,5
VA,0,179.0,2,760,0,0,0,0,0,0
DF,AA281,40.001111,116.667778,0, ,0.0,0.0,0,0,0,0,0,0,0,0
TF,AA282,39.994167,116.889722,0, ,0.0,0.0,0.0,0.0,2,6890,0,1,250,0,0,0
TF,AA266,40.225556,117.022500,0, ,0.0,0.0,0.0,0.0,2,9850,0,0,0,0,0,0
TF,HUR,40.330000,116.748333,0, ,0.0,0.0,0.0,0.0,2,13800,0,0,0,0,0,0
TF,SOSDI,40.113333,115.491667,0, ,0.0,0.0,0.0,0.0,0,0,0,0,0,0,0,0

SID,TON11D,36L,2
CA,0,359.0,2,760,0,0,0,0,0,0
CF,HUR,40.330000,116.748333,0,HUR,0.0,0.0,43.0,14.0,3,8860,0,0,0,0,0,1
DF,D010U,40.304497,116.899044,2, ,0.0,0.0,3,8860,0,0,0,0,0,0
TF,AMVIK,40.066667,116.991667,0, ,0.0,0.0,0.0,0.0,2,11800,0,0,0,0,0,0
TF,TONIL,39.900000,117.388333,0, ,0.0,0.0,0.0,0.0,0,0,0,0,0,0,0,0

SID,TON21D,18R,2
CA,0,179.0,2,760,0,0,0,0,0,0
DF,D284M,39.975478,116.589872,0, ,0.0,0.0,0,0,0,0,0,0,0,1
CF,WF,39.945000,116.875000,0,PEK,140.4,8.7,96.0,13.0,2,6890,0,0,0,0,0,0
TF,TONIL,39.900000,117.388333,0, ,0.0,0.0,0.0,0.0,0,0,0,0,0,0,0,0

SID,TON31D,36R,2
CA,0,359.0,2,520,0,0,0,0,0,0
CI,0, ,0.0,359.0,0,0,0,0,0,0,0,0
CF,HUR,40.330000,116.748333,0,HUR,0.0,0.0,58.0,11.0,3,8860,0,0,0,0,0,1
DF,D010U,40.304497,116.899044,2, ,0.0,0.0,3,8860,0,0,0,0,0,0
TF,AMVIK,40.066667,116.991667,0, ,0.0,0.0,0.0,0.0,2,11800,0,0,0,0,0,0
TF,TONIL,39.900000,117.388333,0, ,0.0,0.0,0.0,0.0,0,0,0,0,0,0,0,0

SID,TON41D,18L,2
CF,QU,39.992892,116.610153,0,PEK,246.0,6.7,179.0,4.0,0,0,0,0,0,0,0,1
CF,WF,39.945000,116.875000,0,PEK,140.4,8.7,96.0,12.0,1,4930,0,0,0,0,0,0
TF,TONIL,39.900000,117.388333,0, ,0.0,0.0,0.0,0.0,0,0,0,0,0,0,0,0

SID,TON51D,01,2
CI,0, ,0.0,359.0,2,760,0,0,0,0,0,0
CF,HUR,40.330000,116.748333,0,HUR,0.0,0.0,35.0,14.0,3,8860,0,0,0,0,0,1
DF,D010U,40.304497,116.899044,2, ,0.0,0.0,3,8860,0,0,0,0,0,0
TF,AMVIK,40.066667,116.991667,0, ,0.0,0.0,0.0,0.0,2,11800,0,0,0,0,0,0
TF,TONIL,39.900000,117.388333,0, ,0.0,0.0,0.0,0.0,0,0,0,0,0,0,0,0

SID,TON61D,19,2
CA,0,179.0,2,760,0,0,0,0,0,0
CF,WF,39.945000,116.875000,0,PEK,140.4,8.7,115.0,12.0,2,4930,0,0,0,0,0,0
TF,TONIL,39.900000,117.388333,0, ,0.0,0.0,0.0,0.0,0,0,0,0,0,0,0,0

SID,TONI8A,36R,5
VA,0,359.0,2,760,0,0,0,0,0,0
DF,AA151,40.177778,116.581667,0, ,0.0,0.0,0,0,0,0,0,0,0,0
TF,AA156,40.251944,116.592778,0, ,0.0,0.0,0.0,0.0,0,0,0,1,250,0,0,0
TF,AA163,40.278056,116.829167,0, ,0.0,0.0,0.0,0.0,3,8860,0,1,250,0,0,0
TF,AA164,40.244722,117.000556,0, ,0.0,0.0,0.0,0.0,0,0,0,0,0,0,0,0
TF,TONIL,39.900000,117.388333,0, ,0.0,0.0,0.0,0.0,0,0,0,0,0,0,0,0

SID,TONI8B,01,5
VA,0,359.0,2,760,0,0,0,0,0,0
DF,AA171,40.167222,116.654444,0, ,0.0,0.0,0,0,0,0,0,0,0,0
TF,AA172,40.182500,116.826944,0, ,0.0,0.0,0.0,0.0,3,8860,0,0,0,0,0,0
TF,AA173,40.136111,116.992222,0, ,0.0,0.0,0.0,0.0,0,0,0,0,0,0,0,0
TF,TONIL,39.900000,117.388333,0, ,0.0,0.0,0.0,0.0,0,0,0,0,0,0,0,0

SID,TONI8C,18L,5
VA,0,179.0,2,760,0,0,0,0,0,0
DF,AA261,39.984444,116.612222,0, ,0.0,0.0,0,0,0,0,0,0,0,0
TF,AA264,39.937500,116.631944,0, ,0.0,0.0,0.0,0.0,0,0,0,1,250,0,0,0
TF,AA265,39.922222,116.886667,0, ,0.0,0.0,0.0,0.0,2,8860,0,0,0,0,0,0
TF,AA268,39.915556,116.992222,0, ,0.0,0.0,0.0,0.0,0,0,0,0,0,0,0,0
TF,TONIL,39.900000,117.388333,0, ,0.0,0.0,0.0,0.0,0,0,0,0,0,0,0,0

SID,TONI8D,19,5
VA,0,179.0,2,760,0,0,0,0,0,0
DF,AA281,40.001111,116.667778,0, ,0.0,0.0,0,0,0,0,0,0,0,0
TF,AA282,39.994167,116.889722,0, ,0.0,0.0,0.0,0.0,2,6890,0,0,0,0,0,0
TF,AA283,39.988056,116.992222,0, ,0.0,0.0,0.0,0.0,0,0,0,0,0,0,0,0
TF,TONIL,39.900000,117.388333,0, ,0.0,0.0,0.0,0.0,0,0,0,0,0,0,0,0

SID,TONI8E,36L,5
VA,0,359.0,2,760,0,0,0,0,0,0
DF,AA131,40.160556,116.513333,0, ,0.0,0.0,0,0,0,0,0,0,0,0
TF,AA132,40.268056,116.419444,0, ,0.0,0.0,0.0,0.0,2,5910,0,0,0,0,0,0
TF,AA157,40.401667,116.548611,0, ,0.0,0.0,0.0,0.0,0,0,0,0,0,0,0,0
TF,AA163,40.278056,116.829167,0, ,0.0,0.0,0.0,0.0,3,8860,0,1,250,0,0,0
TF,AA164,40.244722,117.000556,0, ,0.0,0.0,0.0,0.0,0,0,0,0,0,0,0,0
TF,TONIL,39.900000,117.388333,0, ,0.0,0.0,0.0,0.0,0,0,0,0,0,0,0,0

SID,YV11D,36L,2
CA,0,359.0,2,760,0,0,0,0,0,0
CF,D340J,40.283314,116.469928,0,PEK,325.2,18.4,340.0,10.0,0,0,0,0,0,0,0,0
TF,YV,40.733333,116.633333,0, ,0.0,0.0,0.0,0.0,2,12800,0,0,0,0,0,0

SID,YV12D,36L,2
CA,0,359.0,2,760,0,0,0,0,0,0
CF,YV,40.733333,116.633333,0,PEK,359.7,41.1,12.0,36.0,2,12800,0,0,0,0,0,0

SID,YV13D,36L,2
CA,0,359.0,2,760,0,0,0,0,0,0
CF,HUR,40.330000,116.748333,0,HUR,0.0,0.0,43.0,14.0,3,8860,0,0,0,0,0,0
TF,YV,40.733333,116.633333,0, ,0.0,0.0,0.0,0.0,2,12800,0,0,0,0,0,0

SID,YV21D,18R,2
CA,0,179.0,2,760,0,0,0,0,0,0
DF,D284M,39.975478,116.589872,0, ,0.0,0.0,0,0,0,0,0,0,0,1
CF,WF,39.945000,116.875000,0,PEK,140.4,8.7,96.0,13.0,2,6890,0,0,0,0,0,0
TF,D121N,40.230300,117.026356,0, ,0.0,0.0,0.0,0.0,2,12800,0,0,0,0,0,1
CF,YV,40.733333,116.633333,0,PEK,359.7,41.1,331.0,34.0,2,12800,0,0,0,0,0,0

SID,YV31D,36R,2
CA,0,359.0,2,520,0,0,0,0,0,0
CR,0,HUR,238.0,359.0,0,0,0,0,0,0,0,0
CF,YV,40.733333,116.633333,0,PEK,359.7,41.1,12.0,31.0,2,12800,0,0,0,0,0,0

SID,YV32D,36R,2
CA,0,359.0,2,520,0,0,0,0,0,0
CI,0, ,0.0,359.0,0,0,0,0,0,0,0,0
CF,HUR,40.330000,116.748333,0,HUR,0.0,0.0,58.0,11.0,3,8860,0,0,0,0,0,0
TF,YV,40.733333,116.633333,0, ,0.0,0.0,0.0,0.0,2,12800,0,0,0,0,0,0

SID,YV41D,18L,2
CF,QU,39.992892,116.610153,0,PEK,246.0,6.7,179.0,4.0,0,0,0,0,0,0,0,1
CF,WF,39.945000,116.875000,0,PEK,140.4,8.7,96.0,12.0,2,4930,0,0,0,0,0,0
TF,D121N,40.230300,117.026356,0, ,0.0,0.0,0.0,0.0,2,12800,0,0,0,0,0,1
CF,YV,40.733333,116.633333,0,PEK,359.7,41.1,331.0,34.0,2,12800,0,0,0,0,0,0

SID,YV51D,01,2
CI,0, ,0.0,359.0,2,760,0,0,0,0,0,0
CF,YV,40.733333,116.633333,0,PEK,359.7,41.1,8.0,37.0,2,12800,0,0,0,0,0,0

SID,YV52D,01,2
CI,0, ,0.0,359.0,2,760,0,0,0,0,0,0
CF,HUR,40.330000,116.748333,0,PEK,8.6,16.7,35.0,14.0,3,8860,0,0,0,0,0,0
TF,YV,40.733333,116.633333,0, ,0.0,0.0,0.0,0.0,2,12800,0,0,0,0,0,0

SID,YV61D,19,2
CA,0,179.0,2,760,0,0,0,0,0,0
CF,WF,39.945000,116.875000,0,PEK,140.4,8.7,115.0,12.0,2,4930,0,0,0,0,0,0
TF,D121N,40.230300,117.026356,0, ,0.0,0.0,0.0,0.0,2,12800,0,0,0,0,0,1
CF,YV,40.733333,116.633333,0,PEK,359.7,41.1,331.0,34.0,2,12800,0,0,0,0,0,0

SID,YV8A,36R,5
VA,0,359.0,2,760,0,0,0,0,0,0
DF,AA151,40.177778,116.581667,0, ,0.0,0.0,0,0,0,0,0,0,0,0
TF,AA156,40.251944,116.592778,0, ,0.0,0.0,0.0,0.0,0,0,0,0,0,0,0,0
TF,AA157,40.401667,116.548611,0, ,0.0,0.0,0.0,0.0,3,13800,0,0,0,0,0,0
TF,YV,40.733333,116.633333,0, ,0.0,0.0,0.0,0.0,0,0,0,0,0,0,0,0

SID,YV8B,36R,5
VA,0,359.0,2,760,0,0,0,0,0,0
DF,AA151,40.177778,116.581667,0, ,0.0,0.0,0,0,0,0,0,0,0,0
TF,AA156,40.251944,116.592778,0, ,0.0,0.0,0.0,0.0,0,0,0,0,0,0,0,0
TF,AA163,40.278056,116.829167,0, ,0.0,0.0,0.0,0.0,2,8860,0,1,250,0,0,0
TF,AA161,40.543889,117.003889,0, ,0.0,0.0,0.0,0.0,2,12800,0,0,0,0,0,0
TF,YV,40.733333,116.633333,0, ,0.0,0.0,0.0,0.0,0,0,0,0,0,0,0,0

SID,YV8C,01,5
VA,0,359.0,2,760,0,0,0,0,0,0
DF,AA171,40.167222,116.654444,0, ,0.0,0.0,0,0,0,0,0,0,0,0
TF,AA172,40.182500,116.826944,0, ,0.0,0.0,0.0,0.0,3,6890,0,1,250,0,0,0
TF,AA165,40.489167,117.110000,0, ,0.0,0.0,0.0,0.0,0,0,0,0,0,0,0,0
TF,AA161,40.543889,117.003889,1, ,0.0,0.0,0.0,0.0,2,12800,0,0,0,0,0,0
TF,YV,40.733333,116.633333,0, ,0.0,0.0,0.0,0.0,0,0,0,0,0,0,0,0

SID,YV8D,18L,5
VA,0,179.0,2,760,0,0,0,0,0,0
DF,AA261,39.984444,116.612222,0, ,0.0,0.0,0,0,0,0,0,0,0,0
TF,AA264,39.937500,116.631944,0, ,0.0,0.0,0.0,0.0,0,0,0,0,0,0,0,0
TF,AA265,39.922222,116.886667,0, ,0.0,0.0,0.0,0.0,2,8860,0,1,250,0,0,0
TF,AA266,40.225556,117.022500,0, ,0.0,0.0,0.0,0.0,0,0,0,0,0,0,0,0
TF,AA267,40.506389,117.076111,0, ,0.0,0.0,0.0,0.0,2,13800,0,0,0,0,0,0
TF,YV,40.733333,116.633333,0, ,0.0,0.0,0.0,0.0,0,0,0,0,0,0,0,0

SID,YV8E,19,5
VA,0,179.0,2,760,0,0,0,0,0,0
DF,AA281,40.001111,116.667778,0, ,0.0,0.0,0,0,0,0,0,0,0,0
TF,AA282,39.994167,116.889722,0, ,0.0,0.0,0.0,0.0,2,6890,0,1,250,0,0,0
TF,AA266,40.225556,117.022500,0, ,0.0,0.0,0.0,0.0,0,0,0,0,0,0,0,0
TF,AA267,40.506389,117.076111,0, ,0.0,0.0,0.0,0.0,2,13800,0,0,0,0,0,0
TF,YV,40.733333,116.633333,0, ,0.0,0.0,0.0,0.0,0,0,0,0,0,0,0,0

SID,YV8F,36L,5
VA,0,359.0,2,760,0,0,0,0,0,0
DF,AA131,40.160556,116.513333,0, ,0.0,0.0,0,0,0,0,0,0,0,0
TF,AA132,40.268056,116.419444,0, ,0.0,0.0,0.0,0.0,2,5910,0,1,250,0,0,0
TF,AA157,40.401667,116.548611,0, ,0.0,0.0,0.0,0.0,3,13800,0,0,0,0,0,0
TF,YV,40.733333,116.633333,0, ,0.0,0.0,0.0,0.0,0,0,0,0,0,0,0,0

STAR,BOB01A,01,3
IF,BOBAK,39.126667,116.405000, ,0.0,0.0,2,13800,0,0,0,0,0,0
TF,D189Z,39.666764,116.436072,0, ,0.0,0.0,0.0,0.0,2,6890,0,0,0,0,0,0

STAR,BOB01A,36L,3
IF,BOBAK,39.126667,116.405000, ,0.0,0.0,2,13800,0,0,0,0,0,0
TF,D189Z,39.666764,116.436072,0, ,0.0,0.0,0.0,0.0,2,6890,0,0,0,0,0,0

STAR,BOB01A,36R,3
IF,BOBAK,39.126667,116.405000, ,0.0,0.0,2,13800,0,0,0,0,0,0
TF,D189Z,39.666764,116.436072,0, ,0.0,0.0,0.0,0.0,2,6890,0,0,0,0,0,0

STAR,BOB02A,18L,3
IF,BOBAK,39.126667,116.405000, ,0.0,0.0,2,18700,0,0,0,0,0,0
TF,D009Z,39.473511,116.227422,0, ,0.0,0.0,0.0,0.0,0,0,0,0,0,0,0,0
TF,JR,39.720000,116.095000,0, ,0.0,0.0,0.0,0.0,2,17700,0,0,0,0,0,0
TF,D006I,39.854906,116.094217,0, ,0.0,0.0,0.0,0.0,2,17700,0,0,0,0,0,0
TF,D265Q,40.046019,116.093108,0, ,0.0,0.0,0.0,0.0,0,0,0,0,0,0,0,0
TF,JR36,40.319336,116.090375,0, ,0.0,0.0,0.0,0.0,2,7880,0,0,0,0,0,1
CF,D280V,40.355731,116.269969,2,HUR,280.2,22.0,100.0,6.0,2,6890,0,0,0,0,0,0

STAR,BOB02A,18R,3
IF,BOBAK,39.126667,116.405000, ,0.0,0.0,2,18700,0,0,0,0,0,0
TF,D009Z,39.473511,116.227422,0, ,0.0,0.0,0.0,0.0,0,0,0,0,0,0,0,0
TF,JR,39.720000,116.095000,0, ,0.0,0.0,0.0,0.0,2,17700,0,0,0,0,0,0
TF,D006I,39.854906,116.094217,0, ,0.0,0.0,0.0,0.0,2,17700,0,0,0,0,0,0
TF,D265Q,40.046019,116.093108,0, ,0.0,0.0,0.0,0.0,0,0,0,0,0,0,0,0
TF,JR36,40.319336,116.090375,0, ,0.0,0.0,0.0,0.0,2,7880,0,0,0,0,0,1
CF,D280V,40.355731,116.269969,2,HUR,280.2,22.0,100.0,6.0,2,6890,0,0,0,0,0,0

STAR,BOB02A,19,3
IF,BOBAK,39.126667,116.405000, ,0.0,0.0,2,18700,0,0,0,0,0,0
TF,D009Z,39.473511,116.227422,0, ,0.0,0.0,0.0,0.0,0,0,0,0,0,0,0,0
TF,JR,39.720000,116.095000,0, ,0.0,0.0,0.0,0.0,2,17700,0,0,0,0,0,0
TF,D006I,39.854906,116.094217,0, ,0.0,0.0,0.0,0.0,2,17700,0,0,0,0,0,0
TF,D265Q,40.046019,116.093108,0, ,0.0,0.0,0.0,0.0,0,0,0,0,0,0,0,0
TF,JR36,40.319336,116.090375,0, ,0.0,0.0,0.0,0.0,2,7880,0,0,0,0,0,1
CF,D280V,40.355731,116.269969,2,HUR,280.2,22.0,100.0,6.0,2,6890,0,0,0,0,0,0

STAR,BOB03A,01,3
IF,BOBAK,39.126667,116.405000, ,0.0,0.0,2,13800,0,0,0,0,0,0
TF,D009Z,39.473511,116.227422,0, ,0.0,0.0,0.0,0.0,0,0,0,0,0,0,0,0
TF,D109G,39.693608,116.242442,0, ,0.0,0.0,0.0,0.0,2,9850,0,0,0,0,0,0
TF,D189Z,39.666764,116.436072,0, ,0.0,0.0,0.0,0.0,2,6890,0,0,0,0,0,0

STAR,BOB03A,36L,3
IF,BOBAK,39.126667,116.405000, ,0.0,0.0,2,13800,0,0,0,0,0,0
TF,D009Z,39.473511,116.227422,0, ,0.0,0.0,0.0,0.0,0,0,0,0,0,0,0,0
TF,D109G,39.693608,116.242442,0, ,0.0,0.0,0.0,0.0,2,9850,0,0,0,0,0,0
TF,D189Z,39.666764,116.436072,0, ,0.0,0.0,0.0,0.0,2,6890,0,0,0,0,0,0

STAR,BOB03A,36R,3
IF,BOBAK,39.126667,116.405000, ,0.0,0.0,2,13800,0,0,0,0,0,0
TF,D009Z,39.473511,116.227422,0, ,0.0,0.0,0.0,0.0,0,0,0,0,0,0,0,0
TF,D109G,39.693608,116.242442,0, ,0.0,0.0,0.0,0.0,2,9850,0,0,0,0,0,0
TF,D189Z,39.666764,116.436072,0, ,0.0,0.0,0.0,0.0,2,6890,0,0,0,0,0,0

STAR,BOBA7A,01,6
IF,BOBAK,39.126667,116.405000, ,0.0,0.0,2,13800,0,0,0,0,0,0
TF,AA111,39.470278,116.339444,0, ,0.0,0.0,0.0,0.0,0,0,0,1,250,0,0,0
TF,AA112,39.719444,116.310556,0, ,0.0,0.0,0.0,0.0,2,9850,0,1,220,0,0,0
TF,AA113,39.735278,116.503333,0, ,0.0,0.0,0.0,0.0,0,0,0,0,0,0,0,0
TF,AA117,39.642778,116.516111,0, ,0.0,0.0,0.0,0.0,0,0,0,0,0,0,0,0
TF,AA114,39.486667,116.536667,0, ,0.0,0.0,0.0,0.0,2,5910,0,0,0,0,0,0
FM,AA114,39.486667,116.536667,0,HUR,0.0,0.0,180.0,0,0,0,0,0,0,0,0

STAR,BOBA7A,36L,6
IF,BOBAK,39.126667,116.405000, ,0.0,0.0,2,13800,0,0,0,0,0,0
TF,AA111,39.470278,116.339444,0, ,0.0,0.0,0.0,0.0,0,0,0,1,250,0,0,0
TF,AA112,39.719444,116.310556,0, ,0.0,0.0,0.0,0.0,2,9850,0,1,220,0,0,0
TF,AA113,39.735278,116.503333,0, ,0.0,0.0,0.0,0.0,0,0,0,0,0,0,0,0
TF,AA117,39.642778,116.516111,0, ,0.0,0.0,0.0,0.0,0,0,0,0,0,0,0,0
TF,AA114,39.486667,116.536667,0, ,0.0,0.0,0.0,0.0,2,5910,0,0,0,0,0,0
FM,AA114,39.486667,116.536667,0,HUR,0.0,0.0,180.0,0,0,0,0,0,0,0,0

STAR,BOBA7A,36R,6
IF,BOBAK,39.126667,116.405000, ,0.0,0.0,2,13800,0,0,0,0,0,0
TF,AA111,39.470278,116.339444,0, ,0.0,0.0,0.0,0.0,0,0,0,1,250,0,0,0
TF,AA112,39.719444,116.310556,0, ,0.0,0.0,0.0,0.0,2,9850,0,1,220,0,0,0
TF,AA113,39.735278,116.503333,0, ,0.0,0.0,0.0,0.0,0,0,0,0,0,0,0,0
TF,AA117,39.642778,116.516111,0, ,0.0,0.0,0.0,0.0,0,0,0,0,0,0,0,0
TF,AA114,39.486667,116.536667,0, ,0.0,0.0,0.0,0.0,2,5910,0,0,0,0,0,0
FM,AA114,39.486667,116.536667,0,HUR,0.0,0.0,180.0,0,0,0,0,0,0,0,0

STAR,BOBA7B,18L,6
IF,BOBAK,39.126667,116.405000, ,0.0,0.0,2,18700,0,0,0,0,0,0
TF,AA210,39.478611,116.225556,0, ,0.0,0.0,0.0,0.0,0,0,0,0,0,0,0,0
TF,AA211,39.723611,116.099167,0, ,0.0,0.0,0.0,0.0,2,17700,0,1,250,0,0,0
TF,AA212,39.872222,116.076944,0, ,0.0,0.0,0.0,0.0,2,17700,0,0,0,0,0,0
TF,AA213,40.133333,116.076944,0, ,0.0,0.0,0.0,0.0,2,11800,0,0,0,0,0,0
TF,AA214,40.233333,115.802222,0, ,0.0,0.0,0.0,0.0,2,8860,0,0,0,0,0,0
TF,AA215,40.378056,115.813333,0, ,0.0,0.0,0.0,0.0,2,8860,0,1,220,0,0,0
TF,AA216,40.365278,116.076389,0, ,0.0,0.0,0.0,0.0,2,8860,0,0,0,0,0,0
TF,AA217,40.354444,116.266389,0, ,0.0,0.0,0.0,0.0,2,6890,0,0,0,0,0,0

STAR,BOBA7B,18R,6
IF,BOBAK,39.126667,116.405000, ,0.0,0.0,2,18700,0,0,0,0,0,0
TF,AA210,39.478611,116.225556,0, ,0.0,0.0,0.0,0.0,0,0,0,0,0,0,0,0
TF,AA211,39.723611,116.099167,0, ,0.0,0.0,0.0,0.0,2,17700,0,1,250,0,0,0
TF,AA212,39.872222,116.076944,0, ,0.0,0.0,0.0,0.0,2,17700,0,0,0,0,0,0
TF,AA213,40.133333,116.076944,0, ,0.0,0.0,0.0,0.0,2,11800,0,0,0,0,0,0
TF,AA214,40.233333,115.802222,0, ,0.0,0.0,0.0,0.0,2,8860,0,0,0,0,0,0
TF,AA215,40.378056,115.813333,0, ,0.0,0.0,0.0,0.0,2,8860,0,1,220,0,0,0
TF,AA216,40.365278,116.076389,0, ,0.0,0.0,0.0,0.0,2,8860,0,0,0,0,0,0
TF,AA217,40.354444,116.266389,0, ,0.0,0.0,0.0,0.0,2,6890,0,0,0,0,0,0

STAR,BOBA7B,19,6
IF,BOBAK,39.126667,116.405000, ,0.0,0.0,2,18700,0,0,0,0,0,0
TF,AA210,39.478611,116.225556,0, ,0.0,0.0,0.0,0.0,0,0,0,0,0,0,0,0
TF,AA211,39.723611,116.099167,0, ,0.0,0.0,0.0,0.0,2,17700,0,1,250,0,0,0
TF,AA212,39.872222,116.076944,0, ,0.0,0.0,0.0,0.0,2,17700,0,0,0,0,0,0
TF,AA213,40.133333,116.076944,0, ,0.0,0.0,0.0,0.0,2,11800,0,0,0,0,0,0
TF,AA214,40.233333,115.802222,0, ,0.0,0.0,0.0,0.0,2,8860,0,0,0,0,0,0
TF,AA215,40.378056,115.813333,0, ,0.0,0.0,0.0,0.0,2,8860,0,1,220,0,0,0
TF,AA216,40.365278,116.076389,0, ,0.0,0.0,0.0,0.0,2,8860,0,0,0,0,0,0
TF,AA217,40.354444,116.266389,0, ,0.0,0.0,0.0,0.0,2,6890,0,0,0,0,0,0

STAR,BOBA7F,ALL,5
IF,BOBAK,39.126667,116.405000, ,0.0,0.0,2,18700,0,0,0,0,0,0

STAR,BOBA7F,18L,6
IF,BOBAK,39.126667,116.405000, ,0.0,0.0,2,18700,0,0,0,0,0,0
TF,AA210,39.478611,116.225556,0, ,0.0,0.0,0.0,0.0,0,0,0,0,0,0,0,0
TF,AA211,39.723611,116.099167,0, ,0.0,0.0,0.0,0.0,2,17700,0,1,250,0,0,0
TF,AA212,39.872222,116.076944,0, ,0.0,0.0,0.0,0.0,2,17700,0,0,0,0,0,0
TF,AA213,40.133333,116.076944,0, ,0.0,0.0,0.0,0.0,2,11800,0,0,0,0,0,0
TF,AA217,40.354444,116.266389,0, ,0.0,0.0,0.0,0.0,2,8860,0,0,0,0,0,0
TF,AA218,40.711389,116.266389,0, ,0.0,0.0,0.0,0.0,2,8860,0,0,0,0,0,0
FM,AA218,40.711389,116.266389,0,HUR,0.0,0.0,84.0,0,0,0,0,0,0,0,0

STAR,BOBA7F,18R,6
IF,BOBAK,39.126667,116.405000, ,0.0,0.0,2,18700,0,0,0,0,0,0
TF,AA210,39.478611,116.225556,0, ,0.0,0.0,0.0,0.0,0,0,0,0,0,0,0,0
TF,AA211,39.723611,116.099167,0, ,0.0,0.0,0.0,0.0,2,17700,0,1,250,0,0,0
TF,AA212,39.872222,116.076944,0, ,0.0,0.0,0.0,0.0,2,17700,0,0,0,0,0,0
TF,AA213,40.133333,116.076944,0, ,0.0,0.0,0.0,0.0,2,11800,0,0,0,0,0,0
TF,AA217,40.354444,116.266389,0, ,0.0,0.0,0.0,0.0,2,8860,0,0,0,0,0,0
TF,AA218,40.711389,116.266389,0, ,0.0,0.0,0.0,0.0,2,8860,0,0,0,0,0,0
FM,AA218,40.711389,116.266389,0,HUR,0.0,0.0,84.0,0,0,0,0,0,0,0,0

STAR,BOBA7F,19,6
IF,BOBAK,39.126667,116.405000, ,0.0,0.0,2,18700,0,0,0,0,0,0
TF,AA210,39.478611,116.225556,0, ,0.0,0.0,0.0,0.0,0,0,0,0,0,0,0,0
TF,AA211,39.723611,116.099167,0, ,0.0,0.0,0.0,0.0,2,17700,0,1,250,0,0,0
TF,AA212,39.872222,116.076944,0, ,0.0,0.0,0.0,0.0,2,17700,0,0,0,0,0,0
TF,AA213,40.133333,116.076944,0, ,0.0,0.0,0.0,0.0,2,11800,0,0,0,0,0,0
TF,AA217,40.354444,116.266389,0, ,0.0,0.0,0.0,0.0,2,8860,0,0,0,0,0,0
TF,AA218,40.711389,116.266389,0, ,0.0,0.0,0.0,0.0,2,8860,0,0,0,0,0,0
FM,AA218,40.711389,116.266389,0,HUR,0.0,0.0,84.0,0,0,0,0,0,0,0,0

STAR,BOBA7G,18L,6
IF,BOBAK,39.126667,116.405000, ,0.0,0.0,2,18700,0,0,0,0,0,0
TF,AA210,39.478611,116.225556,0, ,0.0,0.0,0.0,0.0,0,0,0,0,0,0,0,0
TF,AA211,39.723611,116.099167,0, ,0.0,0.0,0.0,0.0,2,17700,0,1,250,0,0,0
TF,AA212,39.872222,116.076944,0, ,0.0,0.0,0.0,0.0,2,17700,0,0,0,0,0,0
TF,AA213,40.133333,116.076944,0, ,0.0,0.0,0.0,0.0,2,11800,0,0,0,0,0,0
TF,AA217,40.354444,116.266389,0, ,0.0,0.0,0.0,0.0,2,6890,0,0,0,0,0,0

STAR,BOBA7G,18R,6
IF,BOBAK,39.126667,116.405000, ,0.0,0.0,2,18700,0,0,0,0,0,0
TF,AA210,39.478611,116.225556,0, ,0.0,0.0,0.0,0.0,0,0,0,0,0,0,0,0
TF,AA211,39.723611,116.099167,0, ,0.0,0.0,0.0,0.0,2,17700,0,1,250,0,0,0
TF,AA212,39.872222,116.076944,0, ,0.0,0.0,0.0,0.0,2,17700,0,0,0,0,0,0
TF,AA213,40.133333,116.076944,0, ,0.0,0.0,0.0,0.0,2,11800,0,0,0,0,0,0
TF,AA217,40.354444,116.266389,0, ,0.0,0.0,0.0,0.0,2,6890,0,0,0,0,0,0

STAR,BOBA7G,19,6
IF,BOBAK,39.126667,116.405000, ,0.0,0.0,2,18700,0,0,0,0,0,0
TF,AA210,39.478611,116.225556,0, ,0.0,0.0,0.0,0.0,0,0,0,0,0,0,0,0
TF,AA211,39.723611,116.099167,0, ,0.0,0.0,0.0,0.0,2,17700,0,1,250,0,0,0
TF,AA212,39.872222,116.076944,0, ,0.0,0.0,0.0,0.0,2,17700,0,0,0,0,0,0
TF,AA213,40.133333,116.076944,0, ,0.0,0.0,0.0,0.0,2,11800,0,0,0,0,0,0
TF,AA217,40.354444,116.266389,0, ,0.0,0.0,0.0,0.0,2,6890,0,0,0,0,0,0

STAR,DOG01A,01,3
IF,DOGAR,39.163333,116.785000, ,0.0,0.0,2,13800,0,0,0,0,0,0
TF,D041M,39.376872,116.735856,0, ,0.0,0.0,0.0,0.0,0,0,0,0,0,0,0,0
TF,D192X,39.646789,116.682119,0, ,0.0,0.0,0.0,0.0,2,6890,0,0,0,0,0,0

STAR,DOG01A,36L,3
IF,DOGAR,39.163333,116.785000, ,0.0,0.0,2,13800,0,0,0,0,0,0
TF,D041M,39.376872,116.735856,0, ,0.0,0.0,0.0,0.0,0,0,0,0,0,0,0,0
TF,D192X,39.646789,116.682119,0, ,0.0,0.0,0.0,0.0,2,6890,0,0,0,0,0,0

STAR,DOG01A,36R,3
IF,DOGAR,39.163333,116.785000, ,0.0,0.0,2,13800,0,0,0,0,0,0
TF,D041M,39.376872,116.735856,0, ,0.0,0.0,0.0,0.0,0,0,0,0,0,0,0,0
TF,D192X,39.646789,116.682119,0, ,0.0,0.0,0.0,0.0,2,6890,0,0,0,0,0,0

STAR,DOG02A,18L,3
IF,DOGAR,39.163333,116.785000, ,0.0,0.0,2,13800,0,0,0,0,0,0
TF,D044O,39.387653,116.769158,0, ,0.0,0.0,0.0,0.0,0,0,0,0,0,0,0,0
TF,PEK,40.048333,116.735000,0, ,0.0,0.0,0.0,0.0,2,9850,0,0,0,0,0,0
TF,HUR,40.330000,116.748333,0, ,0.0,0.0,0.0,0.0,2,6890,0,0,0,0,0,0

STAR,DOG02A,18R,3
IF,DOGAR,39.163333,116.785000, ,0.0,0.0,2,13800,0,0,0,0,0,0
TF,D044O,39.387653,116.769158,0, ,0.0,0.0,0.0,0.0,0,0,0,0,0,0,0,0
TF,PEK,40.048333,116.735000,0, ,0.0,0.0,0.0,0.0,2,9850,0,0,0,0,0,0
TF,HUR,40.330000,116.748333,0, ,0.0,0.0,0.0,0.0,2,6890,0,0,0,0,0,0

STAR,DOG02A,19,3
IF,DOGAR,39.163333,116.785000, ,0.0,0.0,2,13800,0,0,0,0,0,0
TF,D044O,39.387653,116.769158,0, ,0.0,0.0,0.0,0.0,0,0,0,0,0,0,0,0
TF,PEK,40.048333,116.735000,0, ,0.0,0.0,0.0,0.0,2,9850,0,0,0,0,0,0
TF,HUR,40.330000,116.748333,0, ,0.0,0.0,0.0,0.0,2,6890,0,0,0,0,0,0

STAR,DOG03A,01,3
IF,DOGAR,39.163333,116.785000, ,0.0,0.0,2,13800,0,0,0,0,0,0
TF,D041M,39.376872,116.735856,0, ,0.0,0.0,0.0,0.0,0,0,0,0,0,0,0,0
TF,D184Y,39.550292,116.892803,0, ,0.0,0.0,0.0,0.0,0,0,0,0,0,0,0,1
CF,D184U,39.597622,116.890664,0,PEK,171.0,28.0,4.0,3.0,2,6890,0,0,0,0,0,1
CF,D179Z,39.610544,116.804494,0,PEK,179.0,26.0,287.0,4.0,2,6890,0,0,0,0,0,0

STAR,DOG03A,36L,3
IF,DOGAR,39.163333,116.785000, ,0.0,0.0,2,13800,0,0,0,0,0,0
TF,D041M,39.376872,116.735856,0, ,0.0,0.0,0.0,0.0,0,0,0,0,0,0,0,0
TF,D184Y,39.550292,116.892803,0, ,0.0,0.0,0.0,0.0,0,0,0,0,0,0,0,1
CF,D184U,39.597622,116.890664,0,PEK,171.0,28.0,4.0,3.0,2,6890,0,0,0,0,0,1
CF,D179Z,39.610544,116.804494,0,PEK,179.0,26.0,287.0,4.0,2,6890,0,0,0,0,0,0

STAR,DOG03A,36R,3
IF,DOGAR,39.163333,116.785000, ,0.0,0.0,2,13800,0,0,0,0,0,0
TF,D041M,39.376872,116.735856,0, ,0.0,0.0,0.0,0.0,0,0,0,0,0,0,0,0
TF,D184Y,39.550292,116.892803,0, ,0.0,0.0,0.0,0.0,0,0,0,0,0,0,0,1
CF,D184U,39.597622,116.890664,0,PEK,171.0,28.0,4.0,3.0,2,6890,0,0,0,0,0,1
CF,D179Z,39.610544,116.804494,0,PEK,179.0,26.0,287.0,4.0,2,6890,0,0,0,0,0,0

STAR,DOGA7A,01,6
IF,DOGAR,39.163333,116.785000, ,0.0,0.0,2,13800,0,0,0,0,0,0
TF,AA121,39.445000,116.941389,0, ,0.0,0.0,0.0,0.0,2,9850,0,1,250,0,0,0
TF,AA122,39.856667,116.942222,0, ,0.0,0.0,0.0,0.0,0,0,0,1,220,0,0,0
TF,AA123,39.840278,116.768611,0, ,0.0,0.0,0.0,0.0,0,0,0,0,0,0,0,0
TF,AA127,39.666667,116.798056,0, ,0.0,0.0,0.0,0.0,0,0,0,0,0,0,0,0
TF,AA124,39.511389,116.824722,0, ,0.0,0.0,0.0,0.0,2,5910,0,0,0,0,0,0
FM,AA124,39.511389,116.824722,0,HUR,0.0,0.0,179.0,0,0,0,0,0,0,0,0

STAR,DOGA7A,36L,6
IF,DOGAR,39.163333,116.785000, ,0.0,0.0,2,13800,0,0,0,0,0,0
TF,AA121,39.445000,116.941389,0, ,0.0,0.0,0.0,0.0,2,9850,0,1,250,0,0,0
TF,AA122,39.856667,116.942222,0, ,0.0,0.0,0.0,0.0,0,0,0,1,220,0,0,0
TF,AA123,39.840278,116.768611,0, ,0.0,0.0,0.0,0.0,0,0,0,0,0,0,0,0
TF,AA127,39.666667,116.798056,0, ,0.0,0.0,0.0,0.0,0,0,0,0,0,0,0,0
TF,AA124,39.511389,116.824722,0, ,0.0,0.0,0.0,0.0,2,5910,0,0,0,0,0,0
FM,AA124,39.511389,116.824722,0,HUR,0.0,0.0,179.0,0,0,0,0,0,0,0,0

STAR,DOGA7A,36R,6
IF,DOGAR,39.163333,116.785000, ,0.0,0.0,2,13800,0,0,0,0,0,0
TF,AA121,39.445000,116.941389,0, ,0.0,0.0,0.0,0.0,2,9850,0,1,250,0,0,0
TF,AA122,39.856667,116.942222,0, ,0.0,0.0,0.0,0.0,0,0,0,1,220,0,0,0
TF,AA123,39.840278,116.768611,0, ,0.0,0.0,0.0,0.0,0,0,0,0,0,0,0,0
TF,AA127,39.666667,116.798056,0, ,0.0,0.0,0.0,0.0,0,0,0,0,0,0,0,0
TF,AA124,39.511389,116.824722,0, ,0.0,0.0,0.0,0.0,2,5910,0,0,0,0,0,0
FM,AA124,39.511389,116.824722,0,HUR,0.0,0.0,179.0,0,0,0,0,0,0,0,0

STAR,DOGA7B,ALL,5
IF,DOGAR,39.163333,116.785000, ,0.0,0.0,2,13800,0,0,0,0,0,0

STAR,DOGA7B,18L,6
IF,DOGAR,39.163333,116.785000, ,0.0,0.0,2,13800,0,0,0,0,0,0
TF,AA231,39.427222,116.737222,0, ,0.0,0.0,0.0,0.0,0,0,0,0,0,0,0,0
TF,AA232,40.049444,116.733889,0, ,0.0,0.0,0.0,0.0,2,9850,0,1,200,0,0,0
TF,AA233,40.235000,116.703056,0, ,0.0,0.0,0.0,0.0,0,0,0,0,0,0,0,0
TF,AA236,40.370278,116.682500,0, ,0.0,0.0,0.0,0.0,2,6890,0,0,0,0,0,0
FM,AA236,40.370278,116.682500,0,HUR,0.0,0.0,360.0,0,0,0,0,0,0,0,0

STAR,DOGA7B,18R,6
IF,DOGAR,39.163333,116.785000, ,0.0,0.0,2,13800,0,0,0,0,0,0
TF,AA231,39.427222,116.737222,0, ,0.0,0.0,0.0,0.0,0,0,0,0,0,0,0,0
TF,AA232,40.049444,116.733889,0, ,0.0,0.0,0.0,0.0,2,9850,0,1,200,0,0,0
TF,AA233,40.235000,116.703056,0, ,0.0,0.0,0.0,0.0,0,0,0,0,0,0,0,0
TF,AA236,40.370278,116.682500,0, ,0.0,0.0,0.0,0.0,2,6890,0,0,0,0,0,0
FM,AA236,40.370278,116.682500,0,HUR,0.0,0.0,360.0,0,0,0,0,0,0,0,0

STAR,DOGA7B,19,6
IF,DOGAR,39.163333,116.785000, ,0.0,0.0,2,13800,0,0,0,0,0,0
TF,AA231,39.427222,116.737222,0, ,0.0,0.0,0.0,0.0,0,0,0,0,0,0,0,0
TF,AA232,40.049444,116.733889,0, ,0.0,0.0,0.0,0.0,2,9850,0,1,200,0,0,0
TF,AA233,40.235000,116.703056,0, ,0.0,0.0,0.0,0.0,0,0,0,0,0,0,0,0
TF,AA236,40.370278,116.682500,0, ,0.0,0.0,0.0,0.0,2,6890,0,0,0,0,0,0
FM,AA236,40.370278,116.682500,0,HUR,0.0,0.0,360.0,0,0,0,0,0,0,0,0

STAR,GIT01A,01,3
IF,GITUM,40.745000,116.985000, ,0.0,0.0,2,11800,0,0,0,0,0,0
TF,HUR,40.330000,116.748333,0, ,0.0,0.0,0.0,0.0,2,11800,0,0,0,0,0,0
TF,PEK,40.048333,116.735000,0, ,0.0,0.0,0.0,0.0,2,9850,0,0,0,0,0,0
TF,D179Z,39.610544,116.804494,0, ,0.0,0.0,0.0,0.0,2,6890,0,0,0,0,0,0

STAR,GIT01A,36L,3
IF,GITUM,40.745000,116.985000, ,0.0,0.0,2,11800,0,0,0,0,0,0
TF,HUR,40.330000,116.748333,0, ,0.0,0.0,0.0,0.0,2,11800,0,0,0,0,0,0
TF,PEK,40.048333,116.735000,0, ,0.0,0.0,0.0,0.0,2,9850,0,0,0,0,0,0
TF,D179Z,39.610544,116.804494,0, ,0.0,0.0,0.0,0.0,2,6890,0,0,0,0,0,0

STAR,GIT01A,36R,3
IF,GITUM,40.745000,116.985000, ,0.0,0.0,2,11800,0,0,0,0,0,0
TF,HUR,40.330000,116.748333,0, ,0.0,0.0,0.0,0.0,2,11800,0,0,0,0,0,0
TF,PEK,40.048333,116.735000,0, ,0.0,0.0,0.0,0.0,2,9850,0,0,0,0,0,0
TF,D179Z,39.610544,116.804494,0, ,0.0,0.0,0.0,0.0,2,6890,0,0,0,0,0,0

STAR,GIT02A,18L,3
IF,GITUM,40.745000,116.985000, ,0.0,0.0,2,11800,0,0,0,0,0,0
TF,HUR,40.330000,116.748333,0, ,0.0,0.0,0.0,0.0,2,6890,0,0,0,0,0,0

STAR,GIT02A,18R,3
IF,GITUM,40.745000,116.985000, ,0.0,0.0,2,11800,0,0,0,0,0,0
TF,HUR,40.330000,116.748333,0, ,0.0,0.0,0.0,0.0,2,6890,0,0,0,0,0,0

STAR,GIT02A,19,3
IF,GITUM,40.745000,116.985000, ,0.0,0.0,2,11800,0,0,0,0,0,0
TF,HUR,40.330000,116.748333,0, ,0.0,0.0,0.0,0.0,2,6890,0,0,0,0,0,0

STAR,GIT04A,18L,3
IF,GITUM,40.745000,116.985000, ,0.0,0.0,2,11800,0,0,0,0,0,0
TF,D101H,40.318339,116.920542,0, ,0.0,0.0,0.0,0.0,2,8860,0,0,0,0,0,1
TF,HUR,40.330000,116.748333,0, ,0.0,0.0,0.0,0.0,2,6890,0,0,0,0,0,0

STAR,GIT04A,18R,3
IF,GITUM,40.745000,116.985000, ,0.0,0.0,2,11800,0,0,0,0,0,0
TF,D101H,40.318339,116.920542,0, ,0.0,0.0,0.0,0.0,2,8860,0,0,0,0,0,1
TF,HUR,40.330000,116.748333,0, ,0.0,0.0,0.0,0.0,2,6890,0,0,0,0,0,0

STAR,GIT04A,19,3
IF,GITUM,40.745000,116.985000, ,0.0,0.0,2,11800,0,0,0,0,0,0
TF,D101H,40.318339,116.920542,0, ,0.0,0.0,0.0,0.0,2,8860,0,0,0,0,0,1
TF,HUR,40.330000,116.748333,0, ,0.0,0.0,0.0,0.0,2,6890,0,0,0,0,0,0

STAR,GITU7A,01,6
IF,GITUM,40.745000,116.985000, ,0.0,0.0,2,11800,0,0,0,0,0,0
TF,AA128,40.637222,116.793611,0, ,0.0,0.0,0.0,0.0,0,0,0,1,250,0,0,0
TF,AA126,40.331667,116.688333,0, ,0.0,0.0,0.0,0.0,0,0,0,0,0,0,0,0
TF,AA125,40.049444,116.733889,0, ,0.0,0.0,0.0,0.0,2,9850,0,0,0,0,0,0
TF,AA123,39.840278,116.768611,0, ,0.0,0.0,0.0,0.0,0,0,0,1,220,0,0,0
TF,AA127,39.666667,116.798056,0, ,0.0,0.0,0.0,0.0,0,0,0,0,0,0,0,0
TF,AA124,39.511389,116.824722,0, ,0.0,0.0,0.0,0.0,2,5910,0,0,0,0,0,0
FM,AA124,39.511389,116.824722,0,HUR,0.0,0.0,179.0,0,0,0,0,0,0,0,0

STAR,GITU7A,36L,6
IF,GITUM,40.745000,116.985000, ,0.0,0.0,2,11800,0,0,0,0,0,0
TF,AA128,40.637222,116.793611,0, ,0.0,0.0,0.0,0.0,0,0,0,1,250,0,0,0
TF,AA126,40.331667,116.688333,0, ,0.0,0.0,0.0,0.0,0,0,0,0,0,0,0,0
TF,AA125,40.049444,116.733889,0, ,0.0,0.0,0.0,0.0,2,9850,0,0,0,0,0,0
TF,AA123,39.840278,116.768611,0, ,0.0,0.0,0.0,0.0,0,0,0,1,220,0,0,0
TF,AA127,39.666667,116.798056,0, ,0.0,0.0,0.0,0.0,0,0,0,0,0,0,0,0
TF,AA124,39.511389,116.824722,0, ,0.0,0.0,0.0,0.0,2,5910,0,0,0,0,0,0
FM,AA124,39.511389,116.824722,0,HUR,0.0,0.0,179.0,0,0,0,0,0,0,0,0

STAR,GITU7A,36R,6
IF,GITUM,40.745000,116.985000, ,0.0,0.0,2,11800,0,0,0,0,0,0
TF,AA128,40.637222,116.793611,0, ,0.0,0.0,0.0,0.0,0,0,0,1,250,0,0,0
TF,AA126,40.331667,116.688333,0, ,0.0,0.0,0.0,0.0,0,0,0,0,0,0,0,0
TF,AA125,40.049444,116.733889,0, ,0.0,0.0,0.0,0.0,2,9850,0,0,0,0,0,0
TF,AA123,39.840278,116.768611,0, ,0.0,0.0,0.0,0.0,0,0,0,1,220,0,0,0
TF,AA127,39.666667,116.798056,0, ,0.0,0.0,0.0,0.0,0,0,0,0,0,0,0,0
TF,AA124,39.511389,116.824722,0, ,0.0,0.0,0.0,0.0,2,5910,0,0,0,0,0,0
FM,AA124,39.511389,116.824722,0,HUR,0.0,0.0,179.0,0,0,0,0,0,0,0,0

STAR,GITU7B,ALL,5
IF,GITUM,40.745000,116.985000, ,0.0,0.0,2,11800,0,0,0,0,0,0

STAR,GITU7B,18L,6
IF,GITUM,40.745000,116.985000, ,0.0,0.0,2,11800,0,0,0,0,0,0
TF,AA234,40.603889,116.820000,0, ,0.0,0.0,0.0,0.0,3,12800,0,1,220,0,0,0
TF,AA235,40.251111,116.872778,0, ,0.0,0.0,0.0,0.0,2,8860,0,1,200,0,0,0
TF,AA233,40.235000,116.703056,0, ,0.0,0.0,0.0,0.0,0,0,0,0,0,0,0,0
TF,AA236,40.370278,116.682500,0, ,0.0,0.0,0.0,0.0,2,6890,0,0,0,0,0,0
FM,AA236,40.370278,116.682500,0,HUR,0.0,0.0,360.0,0,0,0,0,0,0,0,0

STAR,GITU7B,18R,6
IF,GITUM,40.745000,116.985000, ,0.0,0.0,2,11800,0,0,0,0,0,0
TF,AA234,40.603889,116.820000,0, ,0.0,0.0,0.0,0.0,3,12800,0,1,220,0,0,0
TF,AA235,40.251111,116.872778,0, ,0.0,0.0,0.0,0.0,2,8860,0,1,200,0,0,0
TF,AA233,40.235000,116.703056,0, ,0.0,0.0,0.0,0.0,0,0,0,0,0,0,0,0
TF,AA236,40.370278,116.682500,0, ,0.0,0.0,0.0,0.0,2,6890,0,0,0,0,0,0
FM,AA236,40.370278,116.682500,0,HUR,0.0,0.0,360.0,0,0,0,0,0,0,0,0

STAR,GITU7B,19,6
IF,GITUM,40.745000,116.985000, ,0.0,0.0,2,11800,0,0,0,0,0,0
TF,AA234,40.603889,116.820000,0, ,0.0,0.0,0.0,0.0,3,12800,0,1,220,0,0,0
TF,AA235,40.251111,116.872778,0, ,0.0,0.0,0.0,0.0,2,8860,0,1,200,0,0,0
TF,AA233,40.235000,116.703056,0, ,0.0,0.0,0.0,0.0,0,0,0,0,0,0,0,0
TF,AA236,40.370278,116.682500,0, ,0.0,0.0,0.0,0.0,2,6890,0,0,0,0,0,0
FM,AA236,40.370278,116.682500,0,HUR,0.0,0.0,360.0,0,0,0,0,0,0,0,0

STAR,JB01A,01,3
IF,JB,39.043333,116.198333, ,0.0,0.0,2,13800,0,0,0,0,0,0
TF,D009Z,39.473511,116.227422,0, ,0.0,0.0,0.0,0.0,0,0,0,0,0,0,0,0
TF,D109G,39.693608,116.242442,0, ,0.0,0.0,0.0,0.0,2,9850,0,0,0,0,0,0
TF,D189Z,39.666764,116.436072,0, ,0.0,0.0,0.0,0.0,2,6890,0,0,0,0,0,0

STAR,JB01A,36L,3
IF,JB,39.043333,116.198333, ,0.0,0.0,2,13800,0,0,0,0,0,0
TF,D009Z,39.473511,116.227422,0, ,0.0,0.0,0.0,0.0,0,0,0,0,0,0,0,0
TF,D109G,39.693608,116.242442,0, ,0.0,0.0,0.0,0.0,2,9850,0,0,0,0,0,0
TF,D189Z,39.666764,116.436072,0, ,0.0,0.0,0.0,0.0,2,6890,0,0,0,0,0,0

STAR,JB01A,36R,3
IF,JB,39.043333,116.198333, ,0.0,0.0,2,13800,0,0,0,0,0,0
TF,D009Z,39.473511,116.227422,0, ,0.0,0.0,0.0,0.0,0,0,0,0,0,0,0,0
TF,D109G,39.693608,116.242442,0, ,0.0,0.0,0.0,0.0,2,9850,0,0,0,0,0,0
TF,D189Z,39.666764,116.436072,0, ,0.0,0.0,0.0,0.0,2,6890,0,0,0,0,0,0

STAR,JB02A,18L,3
IF,JB,39.043333,116.198333, ,0.0,0.0,2,17700,0,0,0,0,0,0
TF,D009Z,39.473511,116.227422,0, ,0.0,0.0,0.0,0.0,0,0,0,0,0,0,0,0
TF,JR,39.720000,116.095000,0, ,0.0,0.0,0.0,0.0,2,17700,0,0,0,0,0,0
TF,D006I,39.854906,116.094217,0, ,0.0,0.0,0.0,0.0,2,17700,0,0,0,0,0,0
TF,D265Q,40.046019,116.093108,0, ,0.0,0.0,0.0,0.0,0,0,0,0,0,0,0,0
TF,JR36,40.319336,116.090375,0, ,0.0,0.0,0.0,0.0,2,7880,0,0,0,0,0,1
CF,D280V,40.355731,116.269969,2,HUR,280.2,22.0,100.0,6.0,2,6890,0,0,0,0,0,0

STAR,JB02A,18R,3
IF,JB,39.043333,116.198333, ,0.0,0.0,2,17700,0,0,0,0,0,0
TF,D009Z,39.473511,116.227422,0, ,0.0,0.0,0.0,0.0,0,0,0,0,0,0,0,0
TF,JR,39.720000,116.095000,0, ,0.0,0.0,0.0,0.0,2,17700,0,0,0,0,0,0
TF,D006I,39.854906,116.094217,0, ,0.0,0.0,0.0,0.0,2,17700,0,0,0,0,0,0
TF,D265Q,40.046019,116.093108,0, ,0.0,0.0,0.0,0.0,0,0,0,0,0,0,0,0
TF,JR36,40.319336,116.090375,0, ,0.0,0.0,0.0,0.0,2,7880,0,0,0,0,0,1
CF,D280V,40.355731,116.269969,2,HUR,280.2,22.0,100.0,6.0,2,6890,0,0,0,0,0,0

STAR,JB02A,19,3
IF,JB,39.043333,116.198333, ,0.0,0.0,2,17700,0,0,0,0,0,0
TF,D009Z,39.473511,116.227422,0, ,0.0,0.0,0.0,0.0,0,0,0,0,0,0,0,0
TF,JR,39.720000,116.095000,0, ,0.0,0.0,0.0,0.0,2,17700,0,0,0,0,0,0
TF,D006I,39.854906,116.094217,0, ,0.0,0.0,0.0,0.0,2,17700,0,0,0,0,0,0
TF,D265Q,40.046019,116.093108,0, ,0.0,0.0,0.0,0.0,0,0,0,0,0,0,0,0
TF,JR36,40.319336,116.090375,0, ,0.0,0.0,0.0,0.0,2,7880,0,0,0,0,0,1
CF,D280V,40.355731,116.269969,2,HUR,280.2,22.0,100.0,6.0,2,6890,0,0,0,0,0,0

STAR,JB7A,01,6
IF,JB,39.043333,116.198333, ,0.0,0.0,2,13800,0,0,0,0,0,0
TF,AA111,39.470278,116.339444,0, ,0.0,0.0,0.0,0.0,0,0,0,1,250,0,0,0
TF,AA112,39.719444,116.310556,0, ,0.0,0.0,0.0,0.0,2,9850,0,1,220,0,0,0
TF,AA113,39.735278,116.503333,0, ,0.0,0.0,0.0,0.0,0,0,0,0,0,0,0,0
TF,AA117,39.642778,116.516111,0, ,0.0,0.0,0.0,0.0,0,0,0,0,0,0,0,0
TF,AA114,39.486667,116.536667,0, ,0.0,0.0,0.0,0.0,2,5910,0,0,0,0,0,0
FM,AA114,39.486667,116.536667,0,HUR,0.0,0.0,180.0,0,0,0,0,0,0,0,0

STAR,JB7A,36L,6
IF,JB,39.043333,116.198333, ,0.0,0.0,2,13800,0,0,0,0,0,0
TF,AA111,39.470278,116.339444,0, ,0.0,0.0,0.0,0.0,0,0,0,1,250,0,0,0
TF,AA112,39.719444,116.310556,0, ,0.0,0.0,0.0,0.0,2,9850,0,1,220,0,0,0
TF,AA113,39.735278,116.503333,0, ,0.0,0.0,0.0,0.0,0,0,0,0,0,0,0,0
TF,AA117,39.642778,116.516111,0, ,0.0,0.0,0.0,0.0,0,0,0,0,0,0,0,0
TF,AA114,39.486667,116.536667,0, ,0.0,0.0,0.0,0.0,2,5910,0,0,0,0,0,0
FM,AA114,39.486667,116.536667,0,HUR,0.0,0.0,180.0,0,0,0,0,0,0,0,0

STAR,JB7A,36R,6
IF,JB,39.043333,116.198333, ,0.0,0.0,2,13800,0,0,0,0,0,0
TF,AA111,39.470278,116.339444,0, ,0.0,0.0,0.0,0.0,0,0,0,1,250,0,0,0
TF,AA112,39.719444,116.310556,0, ,0.0,0.0,0.0,0.0,2,9850,0,1,220,0,0,0
TF,AA113,39.735278,116.503333,0, ,0.0,0.0,0.0,0.0,0,0,0,0,0,0,0,0
TF,AA117,39.642778,116.516111,0, ,0.0,0.0,0.0,0.0,0,0,0,0,0,0,0,0
TF,AA114,39.486667,116.536667,0, ,0.0,0.0,0.0,0.0,2,5910,0,0,0,0,0,0
FM,AA114,39.486667,116.536667,0,HUR,0.0,0.0,180.0,0,0,0,0,0,0,0,0

STAR,JB7B,18L,6
IF,JB,39.043333,116.198333, ,0.0,0.0,2,17700,0,0,0,0,0,0
TF,AA210,39.478611,116.225556,0, ,0.0,0.0,0.0,0.0,0,0,0,0,0,0,0,0
TF,AA211,39.723611,116.099167,0, ,0.0,0.0,0.0,0.0,2,17700,0,1,250,0,0,0
TF,AA212,39.872222,116.076944,0, ,0.0,0.0,0.0,0.0,2,17700,0,0,0,0,0,0
TF,AA213,40.133333,116.076944,0, ,0.0,0.0,0.0,0.0,2,11800,0,0,0,0,0,0
TF,AA214,40.233333,115.802222,0, ,0.0,0.0,0.0,0.0,2,8860,0,0,0,0,0,0
TF,AA215,40.378056,115.813333,0, ,0.0,0.0,0.0,0.0,2,8860,0,1,220,0,0,0
TF,AA216,40.365278,116.076389,0, ,0.0,0.0,0.0,0.0,2,8860,0,0,0,0,0,0
TF,AA217,40.354444,116.266389,0, ,0.0,0.0,0.0,0.0,2,6890,0,0,0,0,0,0

STAR,JB7B,18R,6
IF,JB,39.043333,116.198333, ,0.0,0.0,2,17700,0,0,0,0,0,0
TF,AA210,39.478611,116.225556,0, ,0.0,0.0,0.0,0.0,0,0,0,0,0,0,0,0
TF,AA211,39.723611,116.099167,0, ,0.0,0.0,0.0,0.0,2,17700,0,1,250,0,0,0
TF,AA212,39.872222,116.076944,0, ,0.0,0.0,0.0,0.0,2,17700,0,0,0,0,0,0
TF,AA213,40.133333,116.076944,0, ,0.0,0.0,0.0,0.0,2,11800,0,0,0,0,0,0
TF,AA214,40.233333,115.802222,0, ,0.0,0.0,0.0,0.0,2,8860,0,0,0,0,0,0
TF,AA215,40.378056,115.813333,0, ,0.0,0.0,0.0,0.0,2,8860,0,1,220,0,0,0
TF,AA216,40.365278,116.076389,0, ,0.0,0.0,0.0,0.0,2,8860,0,0,0,0,0,0
TF,AA217,40.354444,116.266389,0, ,0.0,0.0,0.0,0.0,2,6890,0,0,0,0,0,0

STAR,JB7B,19,6
IF,JB,39.043333,116.198333, ,0.0,0.0,2,17700,0,0,0,0,0,0
TF,AA210,39.478611,116.225556,0, ,0.0,0.0,0.0,0.0,0,0,0,0,0,0,0,0
TF,AA211,39.723611,116.099167,0, ,0.0,0.0,0.0,0.0,2,17700,0,1,250,0,0,0
TF,AA212,39.872222,116.076944,0, ,0.0,0.0,0.0,0.0,2,17700,0,0,0,0,0,0
TF,AA213,40.133333,116.076944,0, ,0.0,0.0,0.0,0.0,2,11800,0,0,0,0,0,0
TF,AA214,40.233333,115.802222,0, ,0.0,0.0,0.0,0.0,2,8860,0,0,0,0,0,0
TF,AA215,40.378056,115.813333,0, ,0.0,0.0,0.0,0.0,2,8860,0,1,220,0,0,0
TF,AA216,40.365278,116.076389,0, ,0.0,0.0,0.0,0.0,2,8860,0,0,0,0,0,0
TF,AA217,40.354444,116.266389,0, ,0.0,0.0,0.0,0.0,2,6890,0,0,0,0,0,0

STAR,JB7F,ALL,5
IF,JB,39.043333,116.198333, ,0.0,0.0,2,17700,0,0,0,0,0,0

STAR,JB7F,18L,6
IF,JB,39.043333,116.198333, ,0.0,0.0,2,17700,0,0,0,0,0,0
TF,AA210,39.478611,116.225556,0, ,0.0,0.0,0.0,0.0,0,0,0,0,0,0,0,0
TF,AA211,39.723611,116.099167,0, ,0.0,0.0,0.0,0.0,2,17700,0,1,250,0,0,0
TF,AA212,39.872222,116.076944,0, ,0.0,0.0,0.0,0.0,2,17700,0,0,0,0,0,0
TF,AA213,40.133333,116.076944,0, ,0.0,0.0,0.0,0.0,2,11800,0,0,0,0,0,0
TF,AA217,40.354444,116.266389,0, ,0.0,0.0,0.0,0.0,2,8860,0,0,0,0,0,0
TF,AA218,40.711389,116.266389,0, ,0.0,0.0,0.0,0.0,2,8860,0,0,0,0,0,0
FM,AA218,40.711389,116.266389,0,HUR,0.0,0.0,84.0,0,0,0,0,0,0,0,0

STAR,JB7F,18R,6
IF,JB,39.043333,116.198333, ,0.0,0.0,2,17700,0,0,0,0,0,0
TF,AA210,39.478611,116.225556,0, ,0.0,0.0,0.0,0.0,0,0,0,0,0,0,0,0
TF,AA211,39.723611,116.099167,0, ,0.0,0.0,0.0,0.0,2,17700,0,1,250,0,0,0
TF,AA212,39.872222,116.076944,0, ,0.0,0.0,0.0,0.0,2,17700,0,0,0,0,0,0
TF,AA213,40.133333,116.076944,0, ,0.0,0.0,0.0,0.0,2,11800,0,0,0,0,0,0
TF,AA217,40.354444,116.266389,0, ,0.0,0.0,0.0,0.0,2,8860,0,0,0,0,0,0
TF,AA218,40.711389,116.266389,0, ,0.0,0.0,0.0,0.0,2,8860,0,0,0,0,0,0
FM,AA218,40.711389,116.266389,0,HUR,0.0,0.0,84.0,0,0,0,0,0,0,0,0

STAR,JB7F,19,6
IF,JB,39.043333,116.198333, ,0.0,0.0,2,17700,0,0,0,0,0,0
TF,AA210,39.478611,116.225556,0, ,0.0,0.0,0.0,0.0,0,0,0,0,0,0,0,0
TF,AA211,39.723611,116.099167,0, ,0.0,0.0,0.0,0.0,2,17700,0,1,250,0,0,0
TF,AA212,39.872222,116.076944,0, ,0.0,0.0,0.0,0.0,2,17700,0,0,0,0,0,0
TF,AA213,40.133333,116.076944,0, ,0.0,0.0,0.0,0.0,2,11800,0,0,0,0,0,0
TF,AA217,40.354444,116.266389,0, ,0.0,0.0,0.0,0.0,2,8860,0,0,0,0,0,0
TF,AA218,40.711389,116.266389,0, ,0.0,0.0,0.0,0.0,2,8860,0,0,0,0,0,0
FM,AA218,40.711389,116.266389,0,HUR,0.0,0.0,84.0,0,0,0,0,0,0,0,0

STAR,JB7G,18L,6
IF,JB,39.043333,116.198333, ,0.0,0.0,2,17700,0,0,0,0,0,0
TF,AA210,39.478611,116.225556,0, ,0.0,0.0,0.0,0.0,0,0,0,0,0,0,0,0
TF,AA211,39.723611,116.099167,0, ,0.0,0.0,0.0,0.0,2,17700,0,1,250,0,0,0
TF,AA212,39.872222,116.076944,0, ,0.0,0.0,0.0,0.0,2,17700,0,0,0,0,0,0
TF,AA213,40.133333,116.076944,0, ,0.0,0.0,0.0,0.0,2,11800,0,0,0,0,0,0
TF,AA217,40.354444,116.266389,0, ,0.0,0.0,0.0,0.0,2,6890,0,0,0,0,0,0

STAR,JB7G,18R,6
IF,JB,39.043333,116.198333, ,0.0,0.0,2,17700,0,0,0,0,0,0
TF,AA210,39.478611,116.225556,0, ,0.0,0.0,0.0,0.0,0,0,0,0,0,0,0,0
TF,AA211,39.723611,116.099167,0, ,0.0,0.0,0.0,0.0,2,17700,0,1,250,0,0,0
TF,AA212,39.872222,116.076944,0, ,0.0,0.0,0.0,0.0,2,17700,0,0,0,0,0,0
TF,AA213,40.133333,116.076944,0, ,0.0,0.0,0.0,0.0,2,11800,0,0,0,0,0,0
TF,AA217,40.354444,116.266389,0, ,0.0,0.0,0.0,0.0,2,6890,0,0,0,0,0,0

STAR,JB7G,19,6
IF,JB,39.043333,116.198333, ,0.0,0.0,2,17700,0,0,0,0,0,0
TF,AA210,39.478611,116.225556,0, ,0.0,0.0,0.0,0.0,0,0,0,0,0,0,0,0
TF,AA211,39.723611,116.099167,0, ,0.0,0.0,0.0,0.0,2,17700,0,1,250,0,0,0
TF,AA212,39.872222,116.076944,0, ,0.0,0.0,0.0,0.0,2,17700,0,0,0,0,0,0
TF,AA213,40.133333,116.076944,0, ,0.0,0.0,0.0,0.0,2,11800,0,0,0,0,0,0
TF,AA217,40.354444,116.266389,0, ,0.0,0.0,0.0,0.0,2,6890,0,0,0,0,0,0

STAR,KM01A,01,3
IF,KM,40.388333,115.496667, ,0.0,0.0,2,14800,0,0,0,0,0,0
TF,CD,40.013333,115.805000,0, ,0.0,0.0,0.0,0.0,0,0,0,0,0,0,0,0
TF,JR,39.720000,116.095000,0, ,0.0,0.0,0.0,0.0,0,0,0,0,0,0,0,0
TF,D109G,39.693608,116.242442,0, ,0.0,0.0,0.0,0.0,2,9850,0,0,0,0,0,0
TF,D189Z,39.666764,116.436072,0, ,0.0,0.0,0.0,0.0,2,6890,0,0,0,0,0,0

STAR,KM01A,36L,3
IF,KM,40.388333,115.496667, ,0.0,0.0,2,14800,0,0,0,0,0,0
TF,CD,40.013333,115.805000,0, ,0.0,0.0,0.0,0.0,0,0,0,0,0,0,0,0
TF,JR,39.720000,116.095000,0, ,0.0,0.0,0.0,0.0,0,0,0,0,0,0,0,0
TF,D109G,39.693608,116.242442,0, ,0.0,0.0,0.0,0.0,2,9850,0,0,0,0,0,0
TF,D189Z,39.666764,116.436072,0, ,0.0,0.0,0.0,0.0,2,6890,0,0,0,0,0,0

STAR,KM01A,36R,3
IF,KM,40.388333,115.496667, ,0.0,0.0,2,14800,0,0,0,0,0,0
TF,CD,40.013333,115.805000,0, ,0.0,0.0,0.0,0.0,0,0,0,0,0,0,0,0
TF,JR,39.720000,116.095000,0, ,0.0,0.0,0.0,0.0,0,0,0,0,0,0,0,0
TF,D109G,39.693608,116.242442,0, ,0.0,0.0,0.0,0.0,2,9850,0,0,0,0,0,0
TF,D189Z,39.666764,116.436072,0, ,0.0,0.0,0.0,0.0,2,6890,0,0,0,0,0,0

STAR,KM02A,18L,3
IF,KM,40.388333,115.496667, ,0.0,0.0,2,14800,0,0,0,0,0,0
TF,D280V,40.355731,116.269969,0, ,0.0,0.0,0.0,0.0,2,6890,0,0,0,0,0,0

STAR,KM02A,18R,3
IF,KM,40.388333,115.496667, ,0.0,0.0,2,14800,0,0,0,0,0,0
TF,D280V,40.355731,116.269969,0, ,0.0,0.0,0.0,0.0,2,6890,0,0,0,0,0,0

STAR,KM02A,19,3
IF,KM,40.388333,115.496667, ,0.0,0.0,2,14800,0,0,0,0,0,0
TF,D280V,40.355731,116.269969,0, ,0.0,0.0,0.0,0.0,2,6890,0,0,0,0,0,0

STAR,KM03A,01,3
IF,KM,40.388333,115.496667, ,0.0,0.0,2,14800,0,0,0,0,0,0
TF,D280D,40.334464,116.667906,0, ,0.0,0.0,0.0,0.0,2,14800,0,0,0,0,0,0
TF,HUR,40.330000,116.748333,0, ,0.0,0.0,0.0,0.0,2,13800,0,0,0,0,0,0
TF,PEK,40.048333,116.735000,0, ,0.0,0.0,0.0,0.0,2,9850,0,0,0,0,0,0
TF,D179Z,39.610544,116.804494,0, ,0.0,0.0,0.0,0.0,2,6890,0,0,0,0,0,0

STAR,KM03A,36L,3
IF,KM,40.388333,115.496667, ,0.0,0.0,2,14800,0,0,0,0,0,0
TF,D280D,40.334464,116.667906,0, ,0.0,0.0,0.0,0.0,2,14800,0,0,0,0,0,0
TF,HUR,40.330000,116.748333,0, ,0.0,0.0,0.0,0.0,2,13800,0,0,0,0,0,0
TF,PEK,40.048333,116.735000,0, ,0.0,0.0,0.0,0.0,2,9850,0,0,0,0,0,0
TF,D179Z,39.610544,116.804494,0, ,0.0,0.0,0.0,0.0,2,6890,0,0,0,0,0,0

STAR,KM03A,36R,3
IF,KM,40.388333,115.496667, ,0.0,0.0,2,14800,0,0,0,0,0,0
TF,D280D,40.334464,116.667906,0, ,0.0,0.0,0.0,0.0,2,14800,0,0,0,0,0,0
TF,HUR,40.330000,116.748333,0, ,0.0,0.0,0.0,0.0,2,13800,0,0,0,0,0,0
TF,PEK,40.048333,116.735000,0, ,0.0,0.0,0.0,0.0,2,9850,0,0,0,0,0,0
TF,D179Z,39.610544,116.804494,0, ,0.0,0.0,0.0,0.0,2,6890,0,0,0,0,0,0

STAR,KM7A,01,6
IF,KM,40.388333,115.496667, ,0.0,0.0,2,14800,0,0,0,0,0,0
TF,AA116,40.261111,115.613333,0, ,0.0,0.0,0.0,0.0,3,12800,0,0,0,0,0,0
TF,AA115,39.723611,116.099167,0, ,0.0,0.0,0.0,0.0,0,0,0,1,220,0,0,0
TF,AA112,39.719444,116.310556,0, ,0.0,0.0,0.0,0.0,2,9850,0,0,0,0,0,0
TF,AA113,39.735278,116.503333,0, ,0.0,0.0,0.0,0.0,0,0,0,0,0,0,0,0
TF,AA117,39.642778,116.516111,0, ,0.0,0.0,0.0,0.0,0,0,0,0,0,0,0,0
TF,AA114,39.486667,116.536667,0, ,0.0,0.0,0.0,0.0,2,5910,0,0,0,0,0,0
FM,AA114,39.486667,116.536667,0,HUR,0.0,0.0,180.0,0,0,0,0,0,0,0,0

STAR,KM7A,36L,6
IF,KM,40.388333,115.496667, ,0.0,0.0,2,14800,0,0,0,0,0,0
TF,AA116,40.261111,115.613333,0, ,0.0,0.0,0.0,0.0,3,12800,0,0,0,0,0,0
TF,AA115,39.723611,116.099167,0, ,0.0,0.0,0.0,0.0,0,0,0,1,220,0,0,0
TF,AA112,39.719444,116.310556,0, ,0.0,0.0,0.0,0.0,2,9850,0,0,0,0,0,0
TF,AA113,39.735278,116.503333,0, ,0.0,0.0,0.0,0.0,0,0,0,0,0,0,0,0
TF,AA117,39.642778,116.516111,0, ,0.0,0.0,0.0,0.0,0,0,0,0,0,0,0,0
TF,AA114,39.486667,116.536667,0, ,0.0,0.0,0.0,0.0,2,5910,0,0,0,0,0,0
FM,AA114,39.486667,116.536667,0,HUR,0.0,0.0,180.0,0,0,0,0,0,0,0,0

STAR,KM7A,36R,6
IF,KM,40.388333,115.496667, ,0.0,0.0,2,14800,0,0,0,0,0,0
TF,AA116,40.261111,115.613333,0, ,0.0,0.0,0.0,0.0,3,12800,0,0,0,0,0,0
TF,AA115,39.723611,116.099167,0, ,0.0,0.0,0.0,0.0,0,0,0,1,220,0,0,0
TF,AA112,39.719444,116.310556,0, ,0.0,0.0,0.0,0.0,2,9850,0,0,0,0,0,0
TF,AA113,39.735278,116.503333,0, ,0.0,0.0,0.0,0.0,0,0,0,0,0,0,0,0
TF,AA117,39.642778,116.516111,0, ,0.0,0.0,0.0,0.0,0,0,0,0,0,0,0,0
TF,AA114,39.486667,116.536667,0, ,0.0,0.0,0.0,0.0,2,5910,0,0,0,0,0,0
FM,AA114,39.486667,116.536667,0,HUR,0.0,0.0,180.0,0,0,0,0,0,0,0,0

STAR,KM7B,01,6
IF,KM,40.388333,115.496667, ,0.0,0.0,2,14800,0,0,0,0,0,0
TF,AA126,40.331667,116.688333,0, ,0.0,0.0,0.0,0.0,2,14800,0,1,250,0,0,0
TF,AA125,40.049444,116.733889,0, ,0.0,0.0,0.0,0.0,2,9850,0,0,0,0,0,0
TF,AA123,39.840278,116.768611,0, ,0.0,0.0,0.0,0.0,0,0,0,1,220,0,0,0
TF,AA127,39.666667,116.798056,0, ,0.0,0.0,0.0,0.0,0,0,0,0,0,0,0,0
TF,AA124,39.511389,116.824722,0, ,0.0,0.0,0.0,0.0,2,5910,0,0,0,0,0,0
FM,AA124,39.511389,116.824722,0,HUR,0.0,0.0,179.0,0,0,0,0,0,0,0,0

STAR,KM7B,36L,6
IF,KM,40.388333,115.496667, ,0.0,0.0,2,14800,0,0,0,0,0,0
TF,AA126,40.331667,116.688333,0, ,0.0,0.0,0.0,0.0,2,14800,0,1,250,0,0,0
TF,AA125,40.049444,116.733889,0, ,0.0,0.0,0.0,0.0,2,9850,0,0,0,0,0,0
TF,AA123,39.840278,116.768611,0, ,0.0,0.0,0.0,0.0,0,0,0,1,220,0,0,0
TF,AA127,39.666667,116.798056,0, ,0.0,0.0,0.0,0.0,0,0,0,0,0,0,0,0
TF,AA124,39.511389,116.824722,0, ,0.0,0.0,0.0,0.0,2,5910,0,0,0,0,0,0
FM,AA124,39.511389,116.824722,0,HUR,0.0,0.0,179.0,0,0,0,0,0,0,0,0

STAR,KM7B,36R,6
IF,KM,40.388333,115.496667, ,0.0,0.0,2,14800,0,0,0,0,0,0
TF,AA126,40.331667,116.688333,0, ,0.0,0.0,0.0,0.0,2,14800,0,1,250,0,0,0
TF,AA125,40.049444,116.733889,0, ,0.0,0.0,0.0,0.0,2,9850,0,0,0,0,0,0
TF,AA123,39.840278,116.768611,0, ,0.0,0.0,0.0,0.0,0,0,0,1,220,0,0,0
TF,AA127,39.666667,116.798056,0, ,0.0,0.0,0.0,0.0,0,0,0,0,0,0,0,0
TF,AA124,39.511389,116.824722,0, ,0.0,0.0,0.0,0.0,2,5910,0,0,0,0,0,0
FM,AA124,39.511389,116.824722,0,HUR,0.0,0.0,179.0,0,0,0,0,0,0,0,0

STAR,KM7C,18L,6
IF,KM,40.388333,115.496667, ,0.0,0.0,2,14800,0,0,0,0,0,0
TF,AA215,40.378056,115.813333,0, ,0.0,0.0,0.0,0.0,2,8860,0,1,220,0,0,0
TF,AA216,40.365278,116.076389,0, ,0.0,0.0,0.0,0.0,2,8860,0,0,0,0,0,0
TF,AA217,40.354444,116.266389,0, ,0.0,0.0,0.0,0.0,2,6890,0,0,0,0,0,0

STAR,KM7C,18R,6
IF,KM,40.388333,115.496667, ,0.0,0.0,2,14800,0,0,0,0,0,0
TF,AA215,40.378056,115.813333,0, ,0.0,0.0,0.0,0.0,2,8860,0,1,220,0,0,0
TF,AA216,40.365278,116.076389,0, ,0.0,0.0,0.0,0.0,2,8860,0,0,0,0,0,0
TF,AA217,40.354444,116.266389,0, ,0.0,0.0,0.0,0.0,2,6890,0,0,0,0,0,0

STAR,KM7C,19,6
IF,KM,40.388333,115.496667, ,0.0,0.0,2,14800,0,0,0,0,0,0
TF,AA215,40.378056,115.813333,0, ,0.0,0.0,0.0,0.0,2,8860,0,1,220,0,0,0
TF,AA216,40.365278,116.076389,0, ,0.0,0.0,0.0,0.0,2,8860,0,0,0,0,0,0
TF,AA217,40.354444,116.266389,0, ,0.0,0.0,0.0,0.0,2,6890,0,0,0,0,0,0

STAR,KM7D,01,6
IF,KM,40.388333,115.496667, ,0.0,0.0,2,14800,0,0,0,0,0,0
TF,AA116,40.261111,115.613333,0, ,0.0,0.0,0.0,0.0,3,12800,0,0,0,0,0,0
TF,AA118,39.741389,115.678889,0, ,0.0,0.0,0.0,0.0,0,0,0,1,250,0,0,0
TF,AA119,39.729722,115.983056,0, ,0.0,0.0,0.0,0.0,0,0,0,0,0,0,0,0
TF,AA115,39.723611,116.099167,0, ,0.0,0.0,0.0,0.0,0,0,0,1,220,0,0,0
TF,AA112,39.719444,116.310556,0, ,0.0,0.0,0.0,0.0,2,9850,0,0,0,0,0,0
TF,AA113,39.735278,116.503333,0, ,0.0,0.0,0.0,0.0,0,0,0,0,0,0,0,0
TF,AA117,39.642778,116.516111,0, ,0.0,0.0,0.0,0.0,0,0,0,0,0,0,0,0
TF,AA114,39.486667,116.536667,0, ,0.0,0.0,0.0,0.0,2,5910,0,0,0,0,0,0
FM,AA114,39.486667,116.536667,0,HUR,0.0,0.0,180.0,0,0,0,0,0,0,0,0

STAR,KM7D,36L,6
IF,KM,40.388333,115.496667, ,0.0,0.0,2,14800,0,0,0,0,0,0
TF,AA116,40.261111,115.613333,0, ,0.0,0.0,0.0,0.0,3,12800,0,0,0,0,0,0
TF,AA118,39.741389,115.678889,0, ,0.0,0.0,0.0,0.0,0,0,0,1,250,0,0,0
TF,AA119,39.729722,115.983056,0, ,0.0,0.0,0.0,0.0,0,0,0,0,0,0,0,0
TF,AA115,39.723611,116.099167,0, ,0.0,0.0,0.0,0.0,0,0,0,1,220,0,0,0
TF,AA112,39.719444,116.310556,0, ,0.0,0.0,0.0,0.0,2,9850,0,0,0,0,0,0
TF,AA113,39.735278,116.503333,0, ,0.0,0.0,0.0,0.0,0,0,0,0,0,0,0,0
TF,AA117,39.642778,116.516111,0, ,0.0,0.0,0.0,0.0,0,0,0,0,0,0,0,0
TF,AA114,39.486667,116.536667,0, ,0.0,0.0,0.0,0.0,2,5910,0,0,0,0,0,0
FM,AA114,39.486667,116.536667,0,HUR,0.0,0.0,180.0,0,0,0,0,0,0,0,0

STAR,KM7D,36R,6
IF,KM,40.388333,115.496667, ,0.0,0.0,2,14800,0,0,0,0,0,0
TF,AA116,40.261111,115.613333,0, ,0.0,0.0,0.0,0.0,3,12800,0,0,0,0,0,0
TF,AA118,39.741389,115.678889,0, ,0.0,0.0,0.0,0.0,0,0,0,1,250,0,0,0
TF,AA119,39.729722,115.983056,0, ,0.0,0.0,0.0,0.0,0,0,0,0,0,0,0,0
TF,AA115,39.723611,116.099167,0, ,0.0,0.0,0.0,0.0,0,0,0,1,220,0,0,0
TF,AA112,39.719444,116.310556,0, ,0.0,0.0,0.0,0.0,2,9850,0,0,0,0,0,0
TF,AA113,39.735278,116.503333,0, ,0.0,0.0,0.0,0.0,0,0,0,0,0,0,0,0
TF,AA117,39.642778,116.516111,0, ,0.0,0.0,0.0,0.0,0,0,0,0,0,0,0,0
TF,AA114,39.486667,116.536667,0, ,0.0,0.0,0.0,0.0,2,5910,0,0,0,0,0,0
FM,AA114,39.486667,116.536667,0,HUR,0.0,0.0,180.0,0,0,0,0,0,0,0,0

STAR,KM7F,ALL,5
IF,KM,40.388333,115.496667, ,0.0,0.0,2,14800,0,0,0,0,0,0

STAR,KM7F,18L,6
IF,KM,40.388333,115.496667, ,0.0,0.0,2,14800,0,0,0,0,0,0
TF,AA215,40.378056,115.813333,0, ,0.0,0.0,0.0,0.0,2,8860,0,1,220,0,0,0
TF,AA216,40.365278,116.076389,0, ,0.0,0.0,0.0,0.0,2,8860,0,0,0,0,0,0
TF,AA217,40.354444,116.266389,0, ,0.0,0.0,0.0,0.0,2,8860,0,0,0,0,0,0
TF,AA218,40.711389,116.266389,0, ,0.0,0.0,0.0,0.0,2,8860,0,0,0,0,0,0
FM,AA218,40.711389,116.266389,0,HUR,0.0,0.0,84.0,0,0,0,0,0,0,0,0

STAR,KM7F,18R,6
IF,KM,40.388333,115.496667, ,0.0,0.0,2,14800,0,0,0,0,0,0
TF,AA215,40.378056,115.813333,0, ,0.0,0.0,0.0,0.0,2,8860,0,1,220,0,0,0
TF,AA216,40.365278,116.076389,0, ,0.0,0.0,0.0,0.0,2,8860,0,0,0,0,0,0
TF,AA217,40.354444,116.266389,0, ,0.0,0.0,0.0,0.0,2,8860,0,0,0,0,0,0
TF,AA218,40.711389,116.266389,0, ,0.0,0.0,0.0,0.0,2,8860,0,0,0,0,0,0
FM,AA218,40.711389,116.266389,0,HUR,0.0,0.0,84.0,0,0,0,0,0,0,0,0

STAR,KM7F,19,6
IF,KM,40.388333,115.496667, ,0.0,0.0,2,14800,0,0,0,0,0,0
TF,AA215,40.378056,115.813333,0, ,0.0,0.0,0.0,0.0,2,8860,0,1,220,0,0,0
TF,AA216,40.365278,116.076389,0, ,0.0,0.0,0.0,0.0,2,8860,0,0,0,0,0,0
TF,AA217,40.354444,116.266389,0, ,0.0,0.0,0.0,0.0,2,8860,0,0,0,0,0,0
TF,AA218,40.711389,116.266389,0, ,0.0,0.0,0.0,0.0,2,8860,0,0,0,0,0,0
FM,AA218,40.711389,116.266389,0,HUR,0.0,0.0,84.0,0,0,0,0,0,0,0,0

STAR,VYK01A,01,3
IF,VYK,39.195000,116.571667, ,0.0,0.0,2,16700,0,0,0,0,0,0
TF,D192Y,39.638172,116.665533,0, ,0.0,0.0,0.0,0.0,2,6890,0,0,0,0,0,0

STAR,VYK01A,36L,3
IF,VYK,39.195000,116.571667, ,0.0,0.0,2,16700,0,0,0,0,0,0
TF,D192Y,39.638172,116.665533,0, ,0.0,0.0,0.0,0.0,2,6890,0,0,0,0,0,0

STAR,VYK01A,36R,3
IF,VYK,39.195000,116.571667, ,0.0,0.0,2,16700,0,0,0,0,0,0
TF,D192Y,39.638172,116.665533,0, ,0.0,0.0,0.0,0.0,2,6890,0,0,0,0,0,0

STAR,VYK02A,18L,3
IF,VYK,39.195000,116.571667, ,0.0,0.0,2,17700,0,0,0,0,0,0
TF,D009Z,39.473511,116.227422,0, ,0.0,0.0,0.0,0.0,0,0,0,0,0,0,0,0
TF,JR,39.720000,116.095000,0, ,0.0,0.0,0.0,0.0,2,17700,0,0,0,0,0,0
TF,D006I,39.854906,116.094217,0, ,0.0,0.0,0.0,0.0,2,17700,0,0,0,0,0,0
TF,D265Q,40.046019,116.093108,0, ,0.0,0.0,0.0,0.0,0,0,0,0,0,0,0,0
TF,JR36,40.319336,116.090375,0, ,0.0,0.0,0.0,0.0,2,7880,0,0,0,0,0,1
CF,D280V,40.355731,116.269969,2,HUR,280.2,22.0,100.0,6.0,2,6890,0,0,0,0,0,0

STAR,VYK02A,18R,3
IF,VYK,39.195000,116.571667, ,0.0,0.0,2,17700,0,0,0,0,0,0
TF,D009Z,39.473511,116.227422,0, ,0.0,0.0,0.0,0.0,0,0,0,0,0,0,0,0
TF,JR,39.720000,116.095000,0, ,0.0,0.0,0.0,0.0,2,17700,0,0,0,0,0,0
TF,D006I,39.854906,116.094217,0, ,0.0,0.0,0.0,0.0,2,17700,0,0,0,0,0,0
TF,D265Q,40.046019,116.093108,0, ,0.0,0.0,0.0,0.0,0,0,0,0,0,0,0,0
TF,JR36,40.319336,116.090375,0, ,0.0,0.0,0.0,0.0,2,7880,0,0,0,0,0,1
CF,D280V,40.355731,116.269969,2,HUR,280.2,22.0,100.0,6.0,2,6890,0,0,0,0,0,0

STAR,VYK02A,19,3
IF,VYK,39.195000,116.571667, ,0.0,0.0,2,17700,0,0,0,0,0,0
TF,D009Z,39.473511,116.227422,0, ,0.0,0.0,0.0,0.0,0,0,0,0,0,0,0,0
TF,JR,39.720000,116.095000,0, ,0.0,0.0,0.0,0.0,2,17700,0,0,0,0,0,0
TF,D006I,39.854906,116.094217,0, ,0.0,0.0,0.0,0.0,2,17700,0,0,0,0,0,0
TF,D265Q,40.046019,116.093108,0, ,0.0,0.0,0.0,0.0,0,0,0,0,0,0,0,0
TF,JR36,40.319336,116.090375,0, ,0.0,0.0,0.0,0.0,2,7880,0,0,0,0,0,1
CF,D280V,40.355731,116.269969,2,HUR,280.2,22.0,100.0,6.0,2,6890,0,0,0,0,0,0

STAR,VYK03A,01,3
IF,VYK,39.195000,116.571667, ,0.0,0.0,2,16700,0,0,0,0,0,0
TF,D041M,39.376872,116.735856,0, ,0.0,0.0,0.0,0.0,0,0,0,0,0,0,0,0
TF,D184Y,39.550292,116.892803,0, ,0.0,0.0,0.0,0.0,0,0,0,0,0,0,0,1
CF,D184U,39.597622,116.890664,0,PEK,171.0,28.0,4.0,3.0,2,6890,0,0,0,0,0,1
CF,D179Z,39.610544,116.804494,0,PEK,179.0,26.0,287.0,4.0,2,6890,0,0,0,0,0,0

STAR,VYK03A,36L,3
IF,VYK,39.195000,116.571667, ,0.0,0.0,2,16700,0,0,0,0,0,0
TF,D041M,39.376872,116.735856,0, ,0.0,0.0,0.0,0.0,0,0,0,0,0,0,0,0
TF,D184Y,39.550292,116.892803,0, ,0.0,0.0,0.0,0.0,0,0,0,0,0,0,0,1
CF,D184U,39.597622,116.890664,0,PEK,171.0,28.0,4.0,3.0,2,6890,0,0,0,0,0,1
CF,D179Z,39.610544,116.804494,0,PEK,179.0,26.0,287.0,4.0,2,6890,0,0,0,0,0,0

STAR,VYK03A,36R,3
IF,VYK,39.195000,116.571667, ,0.0,0.0,2,16700,0,0,0,0,0,0
TF,D041M,39.376872,116.735856,0, ,0.0,0.0,0.0,0.0,0,0,0,0,0,0,0,0
TF,D184Y,39.550292,116.892803,0, ,0.0,0.0,0.0,0.0,0,0,0,0,0,0,0,1
CF,D184U,39.597622,116.890664,0,PEK,171.0,28.0,4.0,3.0,2,6890,0,0,0,0,0,1
CF,D179Z,39.610544,116.804494,0,PEK,179.0,26.0,287.0,4.0,2,6890,0,0,0,0,0,0

STAR,VYK04A,18L,3
IF,VYK,39.195000,116.571667, ,0.0,0.0,2,17700,0,0,0,0,0,0
TF,D044O,39.387653,116.769158,0, ,0.0,0.0,0.0,0.0,0,0,0,0,0,0,0,0
TF,PEK,40.048333,116.735000,0, ,0.0,0.0,0.0,0.0,2,9850,0,0,0,0,0,0
TF,HUR,40.330000,116.748333,0, ,0.0,0.0,0.0,0.0,2,6890,0,0,0,0,0,0

STAR,VYK04A,18R,3
IF,VYK,39.195000,116.571667, ,0.0,0.0,2,17700,0,0,0,0,0,0
TF,D044O,39.387653,116.769158,0, ,0.0,0.0,0.0,0.0,0,0,0,0,0,0,0,0
TF,PEK,40.048333,116.735000,0, ,0.0,0.0,0.0,0.0,2,9850,0,0,0,0,0,0
TF,HUR,40.330000,116.748333,0, ,0.0,0.0,0.0,0.0,2,6890,0,0,0,0,0,0

STAR,VYK04A,19,3
IF,VYK,39.195000,116.571667, ,0.0,0.0,2,17700,0,0,0,0,0,0
TF,D044O,39.387653,116.769158,0, ,0.0,0.0,0.0,0.0,0,0,0,0,0,0,0,0
TF,PEK,40.048333,116.735000,0, ,0.0,0.0,0.0,0.0,2,9850,0,0,0,0,0,0
TF,HUR,40.330000,116.748333,0, ,0.0,0.0,0.0,0.0,2,6890,0,0,0,0,0,0

STAR,VYK05A,01,3
IF,VYK,39.195000,116.571667, ,0.0,0.0,2,16700,0,0,0,0,0,0
TF,D192Y,39.638172,116.665533,0, ,0.0,0.0,0.0,0.0,0,0,0,0,0,0,0,0
TF,QU,39.992892,116.610153,0, ,0.0,0.0,0.0,0.0,2,9850,0,0,0,0,0,1
DF,PEK,40.048333,116.735000,2, ,0.0,0.0,0,0,0,0,0,0,0,0
TF,D179Z,39.610544,116.804494,0, ,0.0,0.0,0.0,0.0,2,6890,0,0,0,0,0,0

STAR,VYK05A,36L,3
IF,VYK,39.195000,116.571667, ,0.0,0.0,2,16700,0,0,0,0,0,0
TF,D192Y,39.638172,116.665533,0, ,0.0,0.0,0.0,0.0,0,0,0,0,0,0,0,0
TF,QU,39.992892,116.610153,0, ,0.0,0.0,0.0,0.0,2,9850,0,0,0,0,0,1
DF,PEK,40.048333,116.735000,2, ,0.0,0.0,0,0,0,0,0,0,0,0
TF,D179Z,39.610544,116.804494,0, ,0.0,0.0,0.0,0.0,2,6890,0,0,0,0,0,0

STAR,VYK05A,36R,3
IF,VYK,39.195000,116.571667, ,0.0,0.0,2,16700,0,0,0,0,0,0
TF,D192Y,39.638172,116.665533,0, ,0.0,0.0,0.0,0.0,0,0,0,0,0,0,0,0
TF,QU,39.992892,116.610153,0, ,0.0,0.0,0.0,0.0,2,9850,0,0,0,0,0,1
DF,PEK,40.048333,116.735000,2, ,0.0,0.0,0,0,0,0,0,0,0,0
TF,D179Z,39.610544,116.804494,0, ,0.0,0.0,0.0,0.0,2,6890,0,0,0,0,0,0

STAR,VYK09A,01,3
IF,VYK,39.195000,116.571667, ,0.0,0.0,2,16700,0,0,0,0,0,0
TF,D009Z,39.473511,116.227422,0, ,0.0,0.0,0.0,0.0,0,0,0,0,0,0,0,0
TF,D109G,39.693608,116.242442,0, ,0.0,0.0,0.0,0.0,2,9850,0,0,0,0,0,0
TF,D189Z,39.666764,116.436072,0, ,0.0,0.0,0.0,0.0,2,6890,0,0,0,0,0,0

STAR,VYK09A,36L,3
IF,VYK,39.195000,116.571667, ,0.0,0.0,2,16700,0,0,0,0,0,0
TF,D009Z,39.473511,116.227422,0, ,0.0,0.0,0.0,0.0,0,0,0,0,0,0,0,0
TF,D109G,39.693608,116.242442,0, ,0.0,0.0,0.0,0.0,2,9850,0,0,0,0,0,0
TF,D189Z,39.666764,116.436072,0, ,0.0,0.0,0.0,0.0,2,6890,0,0,0,0,0,0

STAR,VYK09A,36R,3
IF,VYK,39.195000,116.571667, ,0.0,0.0,2,16700,0,0,0,0,0,0
TF,D009Z,39.473511,116.227422,0, ,0.0,0.0,0.0,0.0,0,0,0,0,0,0,0,0
TF,D109G,39.693608,116.242442,0, ,0.0,0.0,0.0,0.0,2,9850,0,0,0,0,0,0
TF,D189Z,39.666764,116.436072,0, ,0.0,0.0,0.0,0.0,2,6890,0,0,0,0,0,0

STAR,VYK7A,01,6
IF,VYK,39.195000,116.571667, ,0.0,0.0,2,16700,0,0,0,0,0,0
TF,AA121,39.445000,116.941389,0, ,0.0,0.0,0.0,0.0,2,9850,0,1,250,0,0,0
TF,AA122,39.856667,116.942222,0, ,0.0,0.0,0.0,0.0,0,0,0,1,220,0,0,0
TF,AA123,39.840278,116.768611,0, ,0.0,0.0,0.0,0.0,0,0,0,0,0,0,0,0
TF,AA127,39.666667,116.798056,0, ,0.0,0.0,0.0,0.0,0,0,0,0,0,0,0,0
TF,AA124,39.511389,116.824722,0, ,0.0,0.0,0.0,0.0,2,5910,0,0,0,0,0,0
FM,AA124,39.511389,116.824722,0,HUR,0.0,0.0,179.0,0,0,0,0,0,0,0,0

STAR,VYK7A,36L,6
IF,VYK,39.195000,116.571667, ,0.0,0.0,2,16700,0,0,0,0,0,0
TF,AA121,39.445000,116.941389,0, ,0.0,0.0,0.0,0.0,2,9850,0,1,250,0,0,0
TF,AA122,39.856667,116.942222,0, ,0.0,0.0,0.0,0.0,0,0,0,1,220,0,0,0
TF,AA123,39.840278,116.768611,0, ,0.0,0.0,0.0,0.0,0,0,0,0,0,0,0,0
TF,AA127,39.666667,116.798056,0, ,0.0,0.0,0.0,0.0,0,0,0,0,0,0,0,0
TF,AA124,39.511389,116.824722,0, ,0.0,0.0,0.0,0.0,2,5910,0,0,0,0,0,0
FM,AA124,39.511389,116.824722,0,HUR,0.0,0.0,179.0,0,0,0,0,0,0,0,0

STAR,VYK7A,36R,6
IF,VYK,39.195000,116.571667, ,0.0,0.0,2,16700,0,0,0,0,0,0
TF,AA121,39.445000,116.941389,0, ,0.0,0.0,0.0,0.0,2,9850,0,1,250,0,0,0
TF,AA122,39.856667,116.942222,0, ,0.0,0.0,0.0,0.0,0,0,0,1,220,0,0,0
TF,AA123,39.840278,116.768611,0, ,0.0,0.0,0.0,0.0,0,0,0,0,0,0,0,0
TF,AA127,39.666667,116.798056,0, ,0.0,0.0,0.0,0.0,0,0,0,0,0,0,0,0
TF,AA124,39.511389,116.824722,0, ,0.0,0.0,0.0,0.0,2,5910,0,0,0,0,0,0
FM,AA124,39.511389,116.824722,0,HUR,0.0,0.0,179.0,0,0,0,0,0,0,0,0

STAR,VYK7B,18L,6
IF,VYK,39.195000,116.571667, ,0.0,0.0,2,17700,0,0,0,0,0,0
TF,AA210,39.478611,116.225556,0, ,0.0,0.0,0.0,0.0,0,0,0,0,0,0,0,0
TF,AA211,39.723611,116.099167,0, ,0.0,0.0,0.0,0.0,2,17700,0,1,250,0,0,0
TF,AA212,39.872222,116.076944,0, ,0.0,0.0,0.0,0.0,2,17700,0,0,0,0,0,0
TF,AA213,40.133333,116.076944,0, ,0.0,0.0,0.0,0.0,2,11800,0,0,0,0,0,0
TF,AA214,40.233333,115.802222,0, ,0.0,0.0,0.0,0.0,2,8860,0,0,0,0,0,0
TF,AA215,40.378056,115.813333,0, ,0.0,0.0,0.0,0.0,2,8860,0,1,220,0,0,0
TF,AA216,40.365278,116.076389,0, ,0.0,0.0,0.0,0.0,2,8860,0,0,0,0,0,0
TF,AA217,40.354444,116.266389,0, ,0.0,0.0,0.0,0.0,2,6890,0,0,0,0,0,0

STAR,VYK7B,18R,6
IF,VYK,39.195000,116.571667, ,0.0,0.0,2,17700,0,0,0,0,0,0
TF,AA210,39.478611,116.225556,0, ,0.0,0.0,0.0,0.0,0,0,0,0,0,0,0,0
TF,AA211,39.723611,116.099167,0, ,0.0,0.0,0.0,0.0,2,17700,0,1,250,0,0,0
TF,AA212,39.872222,116.076944,0, ,0.0,0.0,0.0,0.0,2,17700,0,0,0,0,0,0
TF,AA213,40.133333,116.076944,0, ,0.0,0.0,0.0,0.0,2,11800,0,0,0,0,0,0
TF,AA214,40.233333,115.802222,0, ,0.0,0.0,0.0,0.0,2,8860,0,0,0,0,0,0
TF,AA215,40.378056,115.813333,0, ,0.0,0.0,0.0,0.0,2,8860,0,1,220,0,0,0
TF,AA216,40.365278,116.076389,0, ,0.0,0.0,0.0,0.0,2,8860,0,0,0,0,0,0
TF,AA217,40.354444,116.266389,0, ,0.0,0.0,0.0,0.0,2,6890,0,0,0,0,0,0

STAR,VYK7B,19,6
IF,VYK,39.195000,116.571667, ,0.0,0.0,2,17700,0,0,0,0,0,0
TF,AA210,39.478611,116.225556,0, ,0.0,0.0,0.0,0.0,0,0,0,0,0,0,0,0
TF,AA211,39.723611,116.099167,0, ,0.0,0.0,0.0,0.0,2,17700,0,1,250,0,0,0
TF,AA212,39.872222,116.076944,0, ,0.0,0.0,0.0,0.0,2,17700,0,0,0,0,0,0
TF,AA213,40.133333,116.076944,0, ,0.0,0.0,0.0,0.0,2,11800,0,0,0,0,0,0
TF,AA214,40.233333,115.802222,0, ,0.0,0.0,0.0,0.0,2,8860,0,0,0,0,0,0
TF,AA215,40.378056,115.813333,0, ,0.0,0.0,0.0,0.0,2,8860,0,1,220,0,0,0
TF,AA216,40.365278,116.076389,0, ,0.0,0.0,0.0,0.0,2,8860,0,0,0,0,0,0
TF,AA217,40.354444,116.266389,0, ,0.0,0.0,0.0,0.0,2,6890,0,0,0,0,0,0

STAR,VYK7F,ALL,5
IF,VYK,39.195000,116.571667, ,0.0,0.0,2,17700,0,0,0,0,0,0

STAR,VYK7F,18L,6
IF,VYK,39.195000,116.571667, ,0.0,0.0,2,17700,0,0,0,0,0,0
TF,AA210,39.478611,116.225556,0, ,0.0,0.0,0.0,0.0,0,0,0,0,0,0,0,0
TF,AA211,39.723611,116.099167,0, ,0.0,0.0,0.0,0.0,2,17700,0,1,250,0,0,0
TF,AA212,39.872222,116.076944,0, ,0.0,0.0,0.0,0.0,2,17700,0,0,0,0,0,0
TF,AA213,40.133333,116.076944,0, ,0.0,0.0,0.0,0.0,2,11800,0,0,0,0,0,0
TF,AA217,40.354444,116.266389,0, ,0.0,0.0,0.0,0.0,2,8860,0,0,0,0,0,0
TF,AA218,40.711389,116.266389,0, ,0.0,0.0,0.0,0.0,2,8860,0,0,0,0,0,0
FM,AA218,40.711389,116.266389,0,HUR,0.0,0.0,84.0,0,0,0,0,0,0,0,0

STAR,VYK7F,18R,6
IF,VYK,39.195000,116.571667, ,0.0,0.0,2,17700,0,0,0,0,0,0
TF,AA210,39.478611,116.225556,0, ,0.0,0.0,0.0,0.0,0,0,0,0,0,0,0,0
TF,AA211,39.723611,116.099167,0, ,0.0,0.0,0.0,0.0,2,17700,0,1,250,0,0,0
TF,AA212,39.872222,116.076944,0, ,0.0,0.0,0.0,0.0,2,17700,0,0,0,0,0,0
TF,AA213,40.133333,116.076944,0, ,0.0,0.0,0.0,0.0,2,11800,0,0,0,0,0,0
TF,AA217,40.354444,116.266389,0, ,0.0,0.0,0.0,0.0,2,8860,0,0,0,0,0,0
TF,AA218,40.711389,116.266389,0, ,0.0,0.0,0.0,0.0,2,8860,0,0,0,0,0,0
FM,AA218,40.711389,116.266389,0,HUR,0.0,0.0,84.0,0,0,0,0,0,0,0,0

STAR,VYK7F,19,6
IF,VYK,39.195000,116.571667, ,0.0,0.0,2,17700,0,0,0,0,0,0
TF,AA210,39.478611,116.225556,0, ,0.0,0.0,0.0,0.0,0,0,0,0,0,0,0,0
TF,AA211,39.723611,116.099167,0, ,0.0,0.0,0.0,0.0,2,17700,0,1,250,0,0,0
TF,AA212,39.872222,116.076944,0, ,0.0,0.0,0.0,0.0,2,17700,0,0,0,0,0,0
TF,AA213,40.133333,116.076944,0, ,0.0,0.0,0.0,0.0,2,11800,0,0,0,0,0,0
TF,AA217,40.354444,116.266389,0, ,0.0,0.0,0.0,0.0,2,8860,0,0,0,0,0,0
TF,AA218,40.711389,116.266389,0, ,0.0,0.0,0.0,0.0,2,8860,0,0,0,0,0,0
FM,AA218,40.711389,116.266389,0,HUR,0.0,0.0,84.0,0,0,0,0,0,0,0,0

STAR,VYK7G,18L,6
IF,VYK,39.195000,116.571667, ,0.0,0.0,2,17700,0,0,0,0,0,0
TF,AA210,39.478611,116.225556,0, ,0.0,0.0,0.0,0.0,0,0,0,0,0,0,0,0
TF,AA211,39.723611,116.099167,0, ,0.0,0.0,0.0,0.0,2,17700,0,1,250,0,0,0
TF,AA212,39.872222,116.076944,0, ,0.0,0.0,0.0,0.0,2,17700,0,0,0,0,0,0
TF,AA213,40.133333,116.076944,0, ,0.0,0.0,0.0,0.0,2,11800,0,0,0,0,0,0
TF,AA217,40.354444,116.266389,0, ,0.0,0.0,0.0,0.0,2,6890,0,0,0,0,0,0

STAR,VYK7G,18R,6
IF,VYK,39.195000,116.571667, ,0.0,0.0,2,17700,0,0,0,0,0,0
TF,AA210,39.478611,116.225556,0, ,0.0,0.0,0.0,0.0,0,0,0,0,0,0,0,0
TF,AA211,39.723611,116.099167,0, ,0.0,0.0,0.0,0.0,2,17700,0,1,250,0,0,0
TF,AA212,39.872222,116.076944,0, ,0.0,0.0,0.0,0.0,2,17700,0,0,0,0,0,0
TF,AA213,40.133333,116.076944,0, ,0.0,0.0,0.0,0.0,2,11800,0,0,0,0,0,0
TF,AA217,40.354444,116.266389,0, ,0.0,0.0,0.0,0.0,2,6890,0,0,0,0,0,0

STAR,VYK7G,19,6
IF,VYK,39.195000,116.571667, ,0.0,0.0,2,17700,0,0,0,0,0,0
TF,AA210,39.478611,116.225556,0, ,0.0,0.0,0.0,0.0,0,0,0,0,0,0,0,0
TF,AA211,39.723611,116.099167,0, ,0.0,0.0,0.0,0.0,2,17700,0,1,250,0,0,0
TF,AA212,39.872222,116.076944,0, ,0.0,0.0,0.0,0.0,2,17700,0,0,0,0,0,0
TF,AA213,40.133333,116.076944,0, ,0.0,0.0,0.0,0.0,2,11800,0,0,0,0,0,0
TF,AA217,40.354444,116.266389,0, ,0.0,0.0,0.0,0.0,2,6890,0,0,0,0,0,0

APPTR,I01,01,D179Z
IF,D179Z,39.610544,116.804494, ,0.0,0.0,2,6890,0,1,210,0,1,0
CR,0,PEK,188.0,287.0,0,0,0,0,0,0,0,0
CF,CI01,39.660847,116.679947,0,INJ,179.1,26.2,359.0,2.0,2,4930,0,0,0,0,1,0

APPTR,I01,01,D189Z
IF,D189Z,39.666764,116.436072, ,0.0,0.0,2,6890,0,1,210,0,1,0
CR,0,SZY,171.0,109.0,2,4930,0,0,0,0,0,0
CF,CI01,39.660847,116.679947,1,INJ,179.1,26.2,359.0,2.0,2,4930,0,0,0,0,1,0

APPTR,I01,01,D192X
IF,D192X,39.646789,116.682119, ,0.0,0.0,2,4930,0,1,210,0,1,0
CF,CI01,39.660847,116.679947,0,INJ,179.1,26.2,359.0,0.9,2,4930,0,0,0,0,1,0

FINAL,I01,01,I,3
IF,CI01,39.660847,116.679947,INJ,179.1,26.2,2,4930,0,0,0,0,0,0
CF,FI01,39.809894,116.656708,0,INJ,179.1,17.2,359.0,9.0,1,4930,0,0,0,0,2,0
CF,RW01,40.058914,116.617658,0,INJ,179.1,2.2,359.0,15.0,1,133,0,0,0,0,3,0
CA,0,359.0,2,760,0,0,0,0,0,0
DF,PEK,40.048333,116.735000,2, ,0.0,0.0,1,1970,0,0,0,0,0,0
HM,PEK,40.048333,116.735000,1, ,0.0,0.0,179.0,04.3,1,1970,0,0,0,0,0,0,0

APPTR,I18L,18L,D280V
IF,D280V,40.355731,116.269969, ,0.0,0.0,2,6890,0,1,210,0,1,0
CF,D342Q,40.353386,116.315122,0,SZY,342.0,16.5,100.0,2.1,0,0,0,0,0,0,0,0
AF,D015Q,40.373467,116.517953,2,SZY,15.0,16.5,342.0,0,0,0,0,0,0,0,0
VI,0,IOR,0.0,149.0,0,0,0,0,0,0,0,0

APPTR,I18L,18L,HUR
IF,HUR,40.330000,116.748333, ,0.0,0.0,2,6890,0,1,210,0,1,0
FD,HUR,40.330000,116.748333,0,HUR,0.0,1.2,359.0,1.2,0,0,0,0,0,0,0,0
CF,D348T,40.370217,116.598228,1,PEK,348.0,20.3,269.0,5.0,0,0,0,0,0,0,0,1
VI,0,IOR,0.0,224.0,0,0,0,0,0,0,0,0

FINAL,I18L,18L,I,3
IF,CI18L,40.365317,116.551181,IOR,359.1,18.9,2,4930,0,0,0,0,0,0
CF,FI18L,40.335847,116.555861,0,IOR,359.1,17.1,179.0,1.8,1,4930,0,0,0,0,2,0
CF,RW18L,40.089453,116.594822,0,IOR,359.1,2.2,179.0,14.9,1,163,0,0,0,0,3,0
CF,QU,39.992892,116.610153,0,PEK,246.0,6.7,179.0,5.8,2,520,0,0,0,0,0,1
DF,PEK,40.048333,116.735000,1, ,0.0,0.0,1,3940,0,0,0,0,0,0
HM,PEK,40.048333,116.735000,2, ,0.0,0.0,359.0,04.3,1,3940,0,0,0,0,0,0,0

APPTR,I18R,18R,D280V
IF,D280V,40.355731,116.269969, ,0.0,0.0,2,6890,0,1,210,0,1,0
CF,D342Q,40.353386,116.315122,0,SZY,342.0,16.5,100.0,2.1,0,0,0,0,0,0,0,0
AF,D010Q,40.376194,116.486767,2,SZY,10.0,16.5,342.0,2,3940,0,0,0,0,0,0
VI,0,ILG,0.0,149.0,0,0,0,0,0,0,0,0

APPTR,I18R,18R,HUR
IF,HUR,40.330000,116.748333, ,0.0,0.0,2,6890,0,1,210,0,1,0
FD,HUR,40.330000,116.748333,0,HUR,0.0,2.0,359.0,2.0,0,0,0,0,0,0,0,0
CF,D345U,40.384150,116.564708,1,PEK,344.8,21.6,269.0,6.0,2,3940,0,0,0,0,0,1
VI,0,ILG,0.0,209.0,0,0,0,0,0,0,0,0

APPTR,I18R,18R,SZY37
IF,SZY37,40.728775,116.461667, ,0.0,0.0,2,8860,0,1,210,0,1,0
TF,D011X,40.497100,116.506983,0, ,0.0,0.0,0.0,0.0,2,6240,0,0,0,0,0,0
CF,CI18R,40.379117,116.525664,0,ILG,359.0,18.7,179.0,7.1,2,3940,0,0,0,0,1,0

FINAL,I18R,18R,I,3
IF,CI18R,40.379117,116.525664,ILG,359.1,18.7,2,3940,0,0,0,0,0,0
CF,FI18R,40.297992,116.538586,0,ILG,359.1,13.8,179.0,4.9,1,3940,0,0,0,0,2,0
CF,RW18R,40.102061,116.569672,0,ILG,359.1,2.0,179.0,11.8,1,167,0,0,0,0,3,0
FA,RW18R,40.102061,116.569672,0,PEK,0.0,0.0,179.0,2,560,0,0,0,0,0,0
DF,SZY,40.101667,116.461667,2, ,0.0,0.0,0,0,0,0,0,0,0,0
CF,D359N,40.336736,116.423947,0,SZY,359.0,14.2,359.0,14.2,1,3940,0,0,0,0,0,0

APPTR,I19,19,D280V
IF,D280V,40.355731,116.269969, ,0.0,0.0,2,6890,0,1,210,0,1,0
CF,D342Q,40.353386,116.315122,0,SZY,342.0,16.5,100.0,2.1,0,0,0,0,0,0,0,0
AF,D018Q,40.370831,116.536472,2,SZY,18.0,16.5,342.0,2,3940,0,0,0,0,0,0
CF,CI19,40.363569,116.569514,0,ISZ,359.1,18.6,179.0,2.0,2,3940,0,0,0,0,1,0

APPTR,I19,19,HUR
IF,HUR,40.330000,116.748333, ,0.0,0.0,2,6890,0,1,210,0,1,0
FD,HUR,40.330000,116.748333,0,HUR,0.0,2.0,359.0,2.0,0,0,0,0,0,0,0,0
CF,D350U,40.383353,116.609353,1,PEK,350.0,20.9,269.0,4.0,2,4930,0,0,0,0,0,1
CF,CI19,40.363569,116.569514,1,ISZ,359.1,18.6,179.0,2.0,2,3940,0,0,0,0,1,0

FINAL,I19,19,I,3
IF,CI19,40.363569,116.569514,ISZ,359.1,18.6,2,3940,0,0,0,0,0,0
CF,FI19,40.277469,116.583164,0,ISZ,359.1,13.4,179.0,5.2,1,3940,0,0,0,0,2,0
CF,RW19,40.092878,116.612314,0,ISZ,359.1,2.2,179.0,11.2,1,145,0,0,0,0,3,0
CA,0,179.0,2,660,0,0,0,0,0,0
DF,PEK,40.048333,116.735000,1, ,0.0,0.0,1,1970,0,0,0,0,0,0
HM,PEK,40.048333,116.735000,2, ,0.0,0.0,359.0,04.3,1,1970,0,0,0,0,0,0,0

APPTR,I36L,36L,D179Z
IF,D179Z,39.610544,116.804494, ,0.0,0.0,2,6890,0,1,210,0,1,0
CR,0,PEK,192.0,287.0,0,0,0,0,0,0,0,0
CF,CI36L,39.677106,116.636483,0,IDK,179.1,25.9,359.0,2.0,2,5910,0,0,0,0,1,0

APPTR,I36L,36L,D189Z
IF,D189Z,39.666764,116.436072, ,0.0,0.0,2,6890,0,1,210,0,1,0
CR,0,SZY,174.0,109.0,2,5910,0,0,0,0,0,0
CF,CI36L,39.677106,116.636483,1,IDK,179.1,25.9,359.0,2.0,2,5910,0,0,0,0,1,0

FINAL,I36L,36L,I,3
IF,CI36L,39.677106,116.636483,IDK,179.1,25.9,2,5910,0,0,0,0,0,0
CF,FI36L,39.775308,116.621117,0,IDK,179.1,20.0,359.0,5.9,1,5910,0,0,0,0,2,0
CF,RW36L,40.073450,116.574192,0,IDK,179.1,1.9,359.0,18.0,1,158,0,0,0,0,3,0
FA,RW36L,40.073450,116.574192,0,PEK,0.0,0.0,359.0,2,530,0,0,0,0,0,0
CI,0, ,0.0,320.0,0,0,0,0,0,0,0,0
CF,D359L,40.300317,116.429808,0,SZY,359.0,12.0,359.0,9.0,1,6890,0,0,0,0,0,1
DF,SZY,40.101667,116.461667,1, ,0.0,0.0,1,6890,0,0,0,0,0,0
TF,PEK,40.048333,116.735000,0, ,0.0,0.0,0.0,0.0,1,6890,0,0,0,0,0,0
HM,PEK,40.048333,116.735000,1, ,0.0,0.0,179.0,04.3,1,6890,0,0,0,0,0,0,0

APPTR,I36R,36R,D179Z
IF,D179Z,39.610544,116.804494, ,0.0,0.0,2,6890,0,1,210,0,1,0
CR,0,PEK,190.0,287.0,0,0,0,0,0,0,0,0
CF,CI36R,39.670633,116.660478,0,IQU,179.1,25.7,359.0,3.0,2,6890,0,0,0,0,1,0

APPTR,I36R,36R,D189Z
IF,D189Z,39.666764,116.436072, ,0.0,0.0,2,6890,0,1,210,0,1,0
CR,0,SZY,172.0,109.0,0,0,0,0,0,0,0,0
CF,CI36R,39.670633,116.660478,1,IQU,179.1,25.7,359.0,3.0,2,6890,0,0,0,0,1,0

APPTR,I36R,36R,D192X
IF,D192X,39.646789,116.682119, ,0.0,0.0,2,6890,0,1,210,0,1,0
CF,CI36R,39.670633,116.660478,0,IQU,179.1,25.7,335.0,1.8,2,6890,0,0,0,0,1,0

APPTR,I36R,36R,D192Y
IF,D192Y,39.638172,116.665533, ,0.0,0.0,2,6890,0,1,210,0,1,0
CF,CI36R,39.670633,116.660478,0,IQU,179.1,25.7,359.0,2.0,2,6890,0,0,0,0,1,0

FINAL,I36R,36R,I,3
IF,CI36R,39.670633,116.660478,IQU,179.1,25.7,2,6890,0,0,0,0,0,0
CF,FI36R,39.705244,116.655081,0,IQU,179.1,23.6,359.0,2.1,1,6890,0,0,0,0,2,0
CF,RW36R,40.055467,116.600167,0,IQU,179.1,2.5,359.0,21.2,1,151,0,0,0,0,3,0
FD,RW36R,40.055467,116.600167,0,PEK,280.0,9.3,359.0,9.3,2,520,0,0,0,0,0,0
CI,2, ,0.0,89.0,0,0,0,0,0,0,0,0
CF,PEK,40.048333,116.735000,2,PEK,0.0,0.0,179.0,11.0,1,3940,0,0,0,0,0,0
HM,PEK,40.048333,116.735000,1, ,0.0,0.0,179.0,04.3,1,3940,0,0,0,0,0,0,0

