SID,BAV01D,13,2
CA,0,127.0,2,4990,0,0,0,0,0,0
DF,D010E,39.573008,109.872147,1, ,0.0,0.0,0,0,0,0,0,0,0,0
TF,D010T,39.822022,109.903747,0, ,0.0,0.0,0.0,0.0,2,8860,0,0,0,0,0,0
TF,BAV,40.556667,109.998333,0, ,0.0,0.0,0.0,0.0,0,0,0,0,0,0,0,0

SID,BAV09D,13,5
CA,0,127.0,2,4990,0,0,0,0,0,0
DF,DS511,39.643333,109.879167,1, ,0.0,0.0,0,0,0,0,0,0,0,0
TF,DS601,39.822500,109.904167,0, ,0.0,0.0,0.0,0.0,2,8860,0,0,0,0,0,0
TF,BAV,40.556667,109.998333,0, ,0.0,0.0,0.0,0.0,0,0,0,0,0,0,0,0

SID,BAV11D,31,2
CA,0,307.0,2,4990,0,0,0,0,0,0
DF,D010I,39.642733,109.880972,2, ,0.0,0.0,0,0,0,0,0,0,0,0
TF,D010T,39.822022,109.903747,0, ,0.0,0.0,0.0,0.0,2,8860,0,0,0,0,0,0
TF,BAV,40.556667,109.998333,0, ,0.0,0.0,0.0,0.0,0,0,0,0,0,0,0,0

SID,BAV19D,31,5
CA,0,307.0,2,4990,0,0,0,0,0,0
DF,DS511,39.643333,109.879167,2, ,0.0,0.0,0,0,0,0,0,0,0,0
TF,DS601,39.822500,109.904167,0, ,0.0,0.0,0.0,0.0,2,8860,0,0,0,0,0,0
TF,BAV,40.556667,109.998333,0, ,0.0,0.0,0.0,0.0,0,0,0,0,0,0,0,0

SID,YLX01D,13,2
CA,0,127.0,2,4990,0,0,0,0,0,0
DF,D195L,39.290372,109.810644,2, ,0.0,0.0,0,0,0,0,0,0,0,0
TF,D195U,39.149636,109.774853,0, ,0.0,0.0,0.0,0.0,2,11800,0,0,0,0,0,0
TF,YLX,38.380000,109.581667,0, ,0.0,0.0,0.0,0.0,0,0,0,0,0,0,0,0

SID,YLX09D,13,5
CA,0,127.0,2,4990,0,0,0,0,0,0
DF,DS703,39.290833,109.810833,2, ,0.0,0.0,0,0,0,0,0,0,0,0
TF,DS604,39.150000,109.774722,0, ,0.0,0.0,0.0,0.0,2,11800,0,0,0,0,0,0
TF,YLX,38.380000,109.581667,0, ,0.0,0.0,0.0,0.0,0,0,0,0,0,0,0,0

SID,YLX11D,31,2
CA,0,307.0,2,4990,0,0,0,0,0,0
DF,D195E,39.416369,109.842811,1, ,0.0,0.0,0,0,0,0,0,0,0,0
TF,D195U,39.149636,109.774853,0, ,0.0,0.0,0.0,0.0,2,11800,0,0,0,0,0,0
TF,YLX,38.380000,109.581667,0, ,0.0,0.0,0.0,0.0,0,0,0,0,0,0,0,0

SID,YLX19D,31,5
CA,0,307.0,2,4990,0,0,0,0,0,0
DF,DS512,39.416944,109.841389,1, ,0.0,0.0,0,0,0,0,0,0,0,0
TF,DS604,39.150000,109.774722,0, ,0.0,0.0,0.0,0.0,2,11800,0,0,0,0,0,0
TF,YLX,38.380000,109.581667,0, ,0.0,0.0,0.0,0.0,0,0,0,0,0,0,0,0

STAR,BAV01A,13,2
IF,BAV,40.556667,109.998333, ,0.0,0.0,0,0,0,0,0,0,0,0
TF,D010T,39.822022,109.903747,0, ,0.0,0.0,0.0,0.0,2,9850,0,0,0,0,0,0
TF,D010O,39.739019,109.893189,0, ,0.0,0.0,0.0,0.0,2,8860,0,0,0,0,0,0

STAR,BAV02A,13,2
IF,BAV,40.556667,109.998333, ,0.0,0.0,0,0,0,0,0,0,0,0
TF,D010T,39.822022,109.903747,0, ,0.0,0.0,0.0,0.0,2,9850,0,0,0,0,0,0
TF,D010O,39.739019,109.893189,0, ,0.0,0.0,0.0,0.0,2,8860,0,0,0,0,0,0
TF,HDS,39.490000,109.861667,0, ,0.0,0.0,0.0,0.0,2,6890,0,0,0,0,0,0

STAR,BAV08A,13,5
IF,BAV,40.556667,109.998333, ,0.0,0.0,0,0,0,0,0,0,0,0
TF,DS601,39.822500,109.904167,0, ,0.0,0.0,0.0,0.0,2,9850,0,0,0,0,0,0
TF,DS501,39.739722,109.891667,0, ,0.0,0.0,0.0,0.0,2,8860,0,0,0,0,0,0
TF,HDS,39.490000,109.861667,0, ,0.0,0.0,0.0,0.0,2,6890,0,1,205,0,0,0

STAR,BAV09A,13,5
IF,BAV,40.556667,109.998333, ,0.0,0.0,0,0,0,0,0,0,0,0
TF,DS601,39.822500,109.904167,0, ,0.0,0.0,0.0,0.0,2,9850,0,0,0,0,0,0
TF,DS501,39.739722,109.891667,0, ,0.0,0.0,0.0,0.0,2,8860,0,1,205,0,0,0

STAR,BAV11A,31,2
IF,BAV,40.556667,109.998333, ,0.0,0.0,0,0,0,0,0,0,0,0
TF,D010T,39.822022,109.903747,0, ,0.0,0.0,0.0,0.0,2,9850,0,0,0,0,0,0
TF,D010O,39.739019,109.893189,0, ,0.0,0.0,0.0,0.0,2,8860,0,0,0,0,0,0

STAR,BAV12A,31,2
IF,BAV,40.556667,109.998333, ,0.0,0.0,0,0,0,0,0,0,0,0
TF,D010T,39.822022,109.903747,0, ,0.0,0.0,0.0,0.0,2,9850,0,0,0,0,0,0
TF,D010O,39.739019,109.893189,0, ,0.0,0.0,0.0,0.0,2,8860,0,0,0,0,0,0
TF,HDS,39.490000,109.861667,0, ,0.0,0.0,0.0,0.0,2,6890,0,0,0,0,0,0

STAR,BAV18A,31,5
IF,BAV,40.556667,109.998333, ,0.0,0.0,0,0,0,0,0,0,0,0
TF,DS601,39.822500,109.904167,0, ,0.0,0.0,0.0,0.0,2,9850,0,0,0,0,0,0
TF,DS501,39.739722,109.891667,0, ,0.0,0.0,0.0,0.0,2,8860,0,0,0,0,0,0
TF,HDS,39.490000,109.861667,0, ,0.0,0.0,0.0,0.0,2,6890,0,1,205,0,0,0

STAR,BAV19A,31,5
IF,BAV,40.556667,109.998333, ,0.0,0.0,0,0,0,0,0,0,0,0
TF,DS601,39.822500,109.904167,0, ,0.0,0.0,0.0,0.0,2,9850,0,0,0,0,0,0
TF,DS501,39.739722,109.891667,0, ,0.0,0.0,0.0,0.0,2,8860,0,1,205,0,0,0

STAR,YLX01A,13,2
IF,YLX,38.380000,109.581667, ,0.0,0.0,0,0,0,0,0,0,0,0
TF,D195U,39.149636,109.774853,0, ,0.0,0.0,0.0,0.0,2,8860,0,0,0,0,0,0
TF,D195O,39.244358,109.800264,0, ,0.0,0.0,0.0,0.0,2,8860,0,0,0,0,0,0

STAR,YLX02A,13,2
IF,YLX,38.380000,109.581667, ,0.0,0.0,0,0,0,0,0,0,0,0
TF,D195U,39.149636,109.774853,0, ,0.0,0.0,0.0,0.0,2,8860,0,0,0,0,0,0
TF,D195O,39.244358,109.800264,0, ,0.0,0.0,0.0,0.0,2,8860,0,0,0,0,0,0
TF,HDS,39.490000,109.861667,0, ,0.0,0.0,0.0,0.0,2,6890,0,0,0,0,0,0

STAR,YLX08A,13,5
IF,YLX,38.380000,109.581667, ,0.0,0.0,0,0,0,0,0,0,0,0
TF,DS604,39.150000,109.774722,0, ,0.0,0.0,0.0,0.0,2,8860,0,0,0,0,0,0
TF,DS504,39.244722,109.799722,0, ,0.0,0.0,0.0,0.0,2,8860,0,0,0,0,0,0
TF,HDS,39.490000,109.861667,0, ,0.0,0.0,0.0,0.0,2,6890,0,1,205,0,0,0

STAR,YLX09A,13,5
IF,YLX,38.380000,109.581667, ,0.0,0.0,0,0,0,0,0,0,0,0
TF,DS604,39.150000,109.774722,0, ,0.0,0.0,0.0,0.0,2,8860,0,0,0,0,0,0
TF,DS504,39.244722,109.799722,0, ,0.0,0.0,0.0,0.0,2,8860,0,1,205,0,0,0

STAR,YLX11A,31,2
IF,YLX,38.380000,109.581667, ,0.0,0.0,0,0,0,0,0,0,0,0
TF,D195U,39.149636,109.774853,0, ,0.0,0.0,0.0,0.0,2,8860,0,0,0,0,0,0
TF,D195O,39.244358,109.800264,0, ,0.0,0.0,0.0,0.0,2,8860,0,0,0,0,0,0

STAR,YLX12A,31,2
IF,YLX,38.380000,109.581667, ,0.0,0.0,0,0,0,0,0,0,0,0
TF,D195U,39.149636,109.774853,0, ,0.0,0.0,0.0,0.0,2,8860,0,0,0,0,0,0
TF,D195O,39.244358,109.800264,0, ,0.0,0.0,0.0,0.0,2,8860,0,0,0,0,0,0
TF,HDS,39.490000,109.861667,0, ,0.0,0.0,0.0,0.0,2,6890,0,0,0,0,0,0

STAR,YLX18A,31,5
IF,YLX,38.380000,109.581667, ,0.0,0.0,0,0,0,0,0,0,0,0
TF,DS604,39.150000,109.774722,0, ,0.0,0.0,0.0,0.0,2,8860,0,0,0,0,0,0
TF,DS504,39.244722,109.799722,0, ,0.0,0.0,0.0,0.0,2,8860,0,0,0,0,0,0
TF,HDS,39.490000,109.861667,0, ,0.0,0.0,0.0,0.0,2,6890,0,1,205,0,0,0

STAR,YLX19A,31,5
IF,YLX,38.380000,109.581667, ,0.0,0.0,0,0,0,0,0,0,0,0
TF,DS604,39.150000,109.774722,0, ,0.0,0.0,0.0,0.0,2,8860,0,0,0,0,0,0
TF,DS504,39.244722,109.799722,0, ,0.0,0.0,0.0,0.0,2,8860,0,1,205,0,0,0

APPTR,D13,13,D010O
IF,D010O,39.739019,109.893189, ,0.0,0.0,2,8860,0,1,205,0,1,0
CI,0, ,0.0,190.0,0,0,0,0,0,0,0,0
AF,D322M,39.651000,109.673961,1,HDS,322.0,13.0,10.0,2,6890,0,0,0,0,0,0
CF,CD13,39.602817,109.674750,0,HDS,312.0,11.0,132.0,2.0,2,6890,0,0,0,0,1,0

APPTR,D13,13,D195O
IF,D195O,39.244358,109.800264, ,0.0,0.0,2,8860,0,1,205,0,1,0
CI,0, ,0.0,15.0,0,0,0,0,0,0,0,0
AF,D304M,39.598172,109.618911,2,HDS,304.0,13.0,195.0,2,6890,0,0,0,0,0,0
CF,CD13,39.602817,109.674750,0,HDS,312.0,11.0,132.0,2.0,2,6890,0,0,0,0,1,0

APPTR,D13,13,HDS1
IF,HDS,39.490000,109.861667, ,0.0,0.0,2,6890,0,1,205,0,1,0
FD,HDS,39.490000,109.861667,0,HDS,0.0,11.0,294.0,11.0,2,6890,0,0,0,0,0,0
CF,CD13,39.602817,109.674750,2,HDS,312.0,11.0,132.0,1.0,2,6890,0,0,0,0,1,0

APPTR,D13,13,HDS2
IF,HDS,39.490000,109.861667, ,0.0,0.0,2,6890,0,1,205,0,1,0
FD,HDS,39.490000,109.861667,0,HDS,0.0,11.0,303.0,11.0,2,6890,0,0,0,0,0,0
CF,CD13,39.602817,109.674750,2,HDS,312.0,11.0,132.0,1.0,2,6890,0,0,0,0,1,0

FINAL,D13,13,D,4
IF,CD13,39.602817,109.674750,HDS,312.0,11.0,2,6890,0,0,0,0,0,0
CF,FD13,39.573103,109.724086,0,HDS,312.0,8.1,132.0,2.9,2,6890,0,0,0,0,2,0
CF,32VOR,39.522850,109.807353,0,HDS,312.0,3.2,132.0,4.9,2,5350,0,0,0,0,0,0
CF,MD13,39.507453,109.832817,0,HDS,312.0,1.7,132.0,1.5,1,4880,0,0,0,0,3,0
CA,0,132.0,2,5580,0,0,0,0,0,0
DF,HDS,39.490000,109.861667,1, ,0.0,0.0,2,6890,0,1,190,0,0,0
HM,HDS,39.490000,109.861667,1, ,0.0,0.0,290.0,04.3,2,6890,0,0,0,0,0,0,0

APPTR,D31,31,D010O
IF,D010O,39.739019,109.893189, ,0.0,0.0,2,8860,0,1,205,0,1,0
CI,0, ,0.0,190.0,0,0,0,0,0,0,0,0
AF,D113M,39.419097,110.126022,2,HDS,113.0,13.0,10.0,2,6890,0,0,0,0,0,0
CF,CD31,39.403667,110.070503,0,HDS,122.0,11.0,302.0,2.0,2,6890,0,0,0,0,1,0

APPTR,D31,31,D195O
IF,D195O,39.244358,109.800264, ,0.0,0.0,2,8860,0,1,205,0,1,0
CI,0, ,0.0,15.0,0,0,0,0,0,0,0,0
AF,D131M,39.359278,110.084764,1,HDS,131.0,13.0,195.0,2,6890,0,0,0,0,0,0
CF,CD31,39.403667,110.070503,0,HDS,122.0,11.0,302.0,2.0,2,6890,0,0,0,0,1,0

APPTR,D31,31,HDS1
IF,HDS,39.490000,109.861667, ,0.0,0.0,2,6890,0,1,205,0,1,0
FD,HDS,39.490000,109.861667,0,HDS,0.0,11.0,140.0,11.0,2,6890,0,0,0,0,0,0
CF,CD31,39.403667,110.070503,1,HDS,122.0,11.0,302.0,1.0,2,6890,0,0,0,0,1,0

APPTR,D31,31,HDS2
IF,HDS,39.490000,109.861667, ,0.0,0.0,2,6890,0,1,205,0,1,0
FD,HDS,39.490000,109.861667,0,HDS,0.0,11.0,132.0,11.0,2,6890,0,0,0,0,0,0
CF,CD31,39.403667,110.070503,1,HDS,122.0,11.0,302.0,1.0,2,6890,0,0,0,0,1,0

FINAL,D31,31,D,4
IF,CD31,39.403667,110.070503,HDS,122.0,11.0,2,6890,0,0,0,0,0,0
CF,FD31,39.427247,110.013597,0,HDS,122.0,8.0,302.0,3.0,2,6890,0,0,0,0,2,0
CF,31VOR,39.465706,109.920572,0,HDS,122.0,3.1,302.0,4.9,2,5350,0,0,0,0,0,0
CF,MD31,39.477464,109.892075,0,HDS,122.0,1.6,302.0,1.5,1,4889,0,0,0,0,3,0
CA,0,302.0,2,5580,0,0,0,0,0,0
DF,HDS,39.490000,109.861667,2, ,0.0,0.0,2,6890,0,1,190,0,0,0
HM,HDS,39.490000,109.861667,2, ,0.0,0.0,142.0,04.3,2,6890,0,0,0,0,0,0,0

APPTR,I13-Y,13,D010O
IF,D010O,39.739019,109.893189, ,0.0,0.0,2,8860,0,1,205,0,1,0
CI,0, ,0.0,190.0,0,0,0,0,0,0,0,0
AF,D317M,39.637711,109.656544,1,HDS,317.0,13.0,10.0,2,6890,0,0,0,0,0,0
CF,CI13,39.590783,109.664089,0,IDS,307.0,11.9,127.0,2.0,2,6890,0,0,0,0,1,0

APPTR,I13-Y,13,D195O
IF,D195O,39.244358,109.800264, ,0.0,0.0,2,8860,0,1,205,0,1,0
CI,0, ,0.0,15.0,0,0,0,0,0,0,0,0
AF,D299M,39.581367,109.607681,2,HDS,299.0,13.0,195.0,2,6890,0,0,0,0,0,0
CF,CI13,39.590783,109.664089,0,IDS,307.0,11.9,127.0,2.0,2,6890,0,0,0,0,1,0

APPTR,I13-Y,13,HDS1
IF,HDS,39.490000,109.861667, ,0.0,0.0,2,6890,0,1,205,0,1,0
FD,HDS,39.490000,109.861667,0,HDS,0.0,11.0,290.0,11.0,2,6890,0,0,0,0,0,0
CF,CI13,39.590783,109.664089,2,IDS,307.0,11.9,127.0,1.0,2,6890,0,0,0,0,1,0

APPTR,I13-Y,13,HDS2
IF,HDS,39.490000,109.861667, ,0.0,0.0,2,6890,0,1,205,0,1,0
FD,HDS,39.490000,109.861667,0,HDS,0.0,11.0,298.0,11.0,2,6890,0,0,0,0,0,0
CF,CI13,39.590783,109.664089,2,IDS,307.0,11.9,127.0,1.0,2,6890,0,0,0,0,1,0

FINAL,I13-Y,13,I,3
IF,CI13,39.590783,109.664089,IDS,307.0,11.9,2,6890,0,0,0,0,0,0
CF,FI13Y,39.564511,109.716581,0,IDS,307.0,9.0,127.0,2.9,1,6890,0,0,0,0,2,0
CF,RW13,39.499808,109.845497,0,IDS,307.0,1.9,127.0,7.1,1,4641,0,0,0,0,3,0
CA,0,127.0,2,5580,0,0,0,0,0,0
DF,HDS,39.490000,109.861667,1, ,0.0,0.0,2,6890,0,1,190,0,0,0
HM,HDS,39.490000,109.861667,1, ,0.0,0.0,290.0,04.3,2,6890,0,0,0,0,0,0,0

APPTR,I13-Z,13,DS504
IF,DS504,39.244722,109.799722, ,0.0,0.0,2,8860,0,1,205,0,1,0
TF,DS403,39.507500,109.631944,0, ,0.0,0.0,0.0,0.0,0,0,0,0,0,0,0,0
TF,DS402,39.577778,109.690000,0,IDS,0.0,0.0,0.0,0.0,2,6400,0,1,180,0,1,0

APPTR,I13-Z,13,DS511
IF,DS501,39.739722,109.891667, ,0.0,0.0,2,8860,0,1,205,0,1,0
TF,DS406,39.641111,109.880000,0, ,0.0,0.0,0.0,0.0,0,0,0,0,0,0,0,0
TF,DS405,39.648056,109.748333,0, ,0.0,0.0,0.0,0.0,0,0,0,0,0,0,0,0
TF,DS402,39.577778,109.690000,0,IDS,0.0,0.0,0.0,0.0,2,6400,0,1,180,0,1,0

APPTR,I13-Z,13,DS512
IF,DS501,39.739722,109.891667, ,0.0,0.0,2,8860,0,1,205,0,1,0
TF,DS405,39.648056,109.748333,0, ,0.0,0.0,0.0,0.0,0,0,0,0,0,0,0,0
TF,DS402,39.577778,109.690000,0,IDS,0.0,0.0,0.0,0.0,2,6400,0,1,180,0,1,0

APPTR,I13-Z,13,HDS
IF,HDS,39.490000,109.861667, ,0.0,0.0,2,6890,0,1,205,0,1,0
TF,DS404,39.462500,109.722500,0, ,0.0,0.0,0.0,0.0,0,0,0,0,0,0,0,0
TF,DS403,39.507500,109.631944,0, ,0.0,0.0,0.0,0.0,0,0,0,0,0,0,0,0
TF,DS402,39.577778,109.690000,0,IDS,0.0,0.0,0.0,0.0,2,6400,0,1,180,0,1,0

FINAL,I13-Z,13,I,3
IF,DS402,39.577778,109.690000,IDS,307.0,10.5,2,6400,0,1,180,0,0,0
CF,FI13Z,39.550008,109.745522,0,IDS,307.0,7.4,127.0,3.1,1,6400,0,0,0,0,2,0
CF,RW13,39.499808,109.845497,0,IDS,307.0,1.9,127.0,5.5,1,4641,0,0,0,0,3,1
FA,RW13,39.499808,109.845497,0,HDS,0.0,0.0,127.0,2,5580,0,0,0,0,0,0
DF,HDS,39.490000,109.861667,1, ,0.0,0.0,1,6890,0,1,190,0,0,1
HM,HDS,39.490000,109.861667,1, ,0.0,0.0,290.0,04.3,0,0,0,0,0,0,0,0,0

APPTR,I31-Y,31,D010O
IF,D010O,39.739019,109.893189, ,0.0,0.0,2,8860,0,1,205,0,1,0
CI,0, ,0.0,190.0,0,0,0,0,0,0,0,0
AF,D118M,39.401514,110.117019,2,HDS,118.0,13.0,10.0,2,6890,0,0,0,0,0,0
CF,CI31,39.391125,110.060900,0,IGG,127.0,12.1,307.0,2.0,2,6890,0,0,0,0,1,0

APPTR,I31-Y,31,D195O
IF,D195O,39.244358,109.800264, ,0.0,0.0,2,8860,0,1,205,0,1,0
CI,0, ,0.0,15.0,0,0,0,0,0,0,0,0
AF,D136M,39.344708,110.069219,1,HDS,136.0,13.0,195.0,2,6890,0,0,0,0,0,0
CF,CI31,39.391125,110.060900,0,IGG,127.0,12.1,307.0,2.0,2,6890,0,0,0,0,1,0

APPTR,I31-Y,31,HDS1
IF,HDS,39.490000,109.861667, ,0.0,0.0,2,6890,0,1,205,0,1,0
FD,HDS,39.490000,109.861667,0,HDS,0.0,11.0,145.0,11.0,2,6890,0,0,0,0,0,0
CF,CI31,39.391125,110.060900,1,IGG,127.0,12.1,307.0,1.0,2,6890,0,0,0,0,1,0

APPTR,I31-Y,31,HDS2
IF,HDS,39.490000,109.861667, ,0.0,0.0,2,6890,0,1,205,0,1,0
FD,HDS,39.490000,109.861667,0,HDS,0.0,11.0,136.0,11.0,2,6890,0,0,0,0,0,0
CF,CI31,39.391125,110.060900,1,IGG,127.0,12.1,307.0,1.0,2,6890,0,0,0,0,1,0

FINAL,I31-Y,31,I,3
IF,CI31,39.391125,110.060900,IGG,127.0,12.1,2,6890,0,0,0,0,0,0
CF,FI31,39.419369,110.005061,0,IGG,127.0,9.0,307.0,3.1,1,6890,0,0,0,0,2,0
CF,RW31,39.484111,109.876697,0,IGG,127.0,1.9,307.0,7.1,1,4627,0,0,0,0,3,0
CA,0,307.0,2,5580,0,0,0,0,0,0
DF,HDS,39.490000,109.861667,2, ,0.0,0.0,2,6890,0,1,190,0,0,0
HM,HDS,39.490000,109.861667,2, ,0.0,0.0,142.0,04.3,2,6890,0,0,0,0,0,0,0

APPTR,I31-Z,31,DS501
IF,DS501,39.739722,109.891667, ,0.0,0.0,2,8860,0,1,205,0,1,0
TF,DS416,39.586111,109.871667,0, ,0.0,0.0,0.0,0.0,0,0,0,0,0,0,0,0
TF,DS415,39.463611,110.118333,0, ,0.0,0.0,0.0,0.0,0,0,0,0,0,0,0,0
TF,DS412,39.393889,110.060278,0,IGG,0.0,0.0,0.0,0.0,2,6890,0,1,180,0,1,0

APPTR,I31-Z,31,DS504
IF,DS504,39.244722,109.799722, ,0.0,0.0,2,8860,0,1,205,0,1,0
TF,DS413,39.323056,110.002222,0, ,0.0,0.0,0.0,0.0,0,0,0,0,0,0,0,0
TF,DS412,39.393889,110.060278,0,IGG,0.0,0.0,0.0,0.0,2,6890,0,1,180,0,1,0

APPTR,I31-Z,31,HDS
IF,HDS,39.490000,109.861667, ,0.0,0.0,2,6890,0,1,205,0,1,0
TF,DS414,39.368056,109.911667,0, ,0.0,0.0,0.0,0.0,0,0,0,0,0,0,0,0
TF,DS413,39.323056,110.002222,0, ,0.0,0.0,0.0,0.0,0,0,0,0,0,0,0,0
TF,DS412,39.393889,110.060278,0,IGG,0.0,0.0,0.0,0.0,2,6890,0,1,180,0,1,0

FINAL,I31-Z,31,I,3
IF,DS412,39.393889,110.060278,IGG,126.4,12.0,2,6890,0,1,180,0,0,0
CF,FI31,39.419369,110.005061,0,IGG,127.0,9.0,307.0,3.0,1,6890,0,0,0,0,2,0
CF,RW31,39.484111,109.876697,0,IGG,127.0,1.9,307.0,7.1,1,4627,0,0,0,0,3,1
FA,RW31,39.484111,109.876697,0,HDS,0.0,0.0,307.0,2,5580,0,0,0,0,0,0
DF,HDS,39.490000,109.861667,2, ,0.0,0.0,1,6890,0,1,190,0,0,1
HM,HDS,39.490000,109.861667,2, ,0.0,0.0,142.0,04.3,0,0,0,0,0,0,0,0,0

APPTR,N31,31,G1
IF,G,39.477486,109.889856, ,0.0,0.0,2,6890,0,1,205,0,1,0
FC,G,39.477486,109.889856,0,HDS,0.0,0.0,147.0,8.8,0,0,0,0,0,0,0,1
CF,FN31,39.442917,109.958467,1,HDS,126.1,5.3,307.0,4.0,2,6070,0,0,0,0,0,0

APPTR,N31,31,G2
IF,G,39.477486,109.889856, ,0.0,0.0,2,6890,0,1,205,0,0,0
HF,G,39.477486,109.889856,1, ,0.0,0.0,307.0,04.3,2,6070,0,0,0,0,1,0,0

APPTR,N31,31,G3
IF,G,39.477486,109.889856, ,0.0,0.0,2,6890,0,1,205,0,1,0
FC,G,39.477486,109.889856,0,HDS,0.0,0.0,139.0,9.0,0,0,0,0,0,0,0,1
CF,FN31,39.442917,109.958467,1,HDS,126.1,5.3,307.0,4.0,2,6070,0,0,0,0,0,0

APPTR,N31,31,G4
IF,G,39.477486,109.889856, ,0.0,0.0,2,6890,0,1,205,0,0,0
HF,G,39.477486,109.889856,1, ,0.0,0.0,307.0,04.3,2,6070,0,0,0,0,1,0,0

FINAL,N31,31,N,2
IF,FN31,39.442917,109.958467,G,0.0,0.0,2,6070,0,0,0,0,2,0
CF,G,39.477486,109.889856,0,G,0.0,0.0,307.0,3.8,1,4860,0,0,0,0,3,0
CA,0,307.0,2,5580,0,0,0,0,0,0
DF,G,39.477486,109.889856,2, ,0.0,0.0,1,6890,0,1,190,0,0,0

