SID,LBN01D,01,2
CA,0,7.0,2,980,0,0,0,0,0,0
CF,PA,25.405000,110.060000,0,KWL,8.8,11.5,7.0,11.0,0,0,0,0,0,0,0,0
TF,D008O,25.451283,110.064639,0, ,0.0,0.0,0.0,0.0,2,5250,0,1,205,0,0,1
CF,D275B,25.212042,109.995403,1,KWL,270.0,2.2,176.0,15.0,2,7880,0,0,0,0,0,0
TF,JW,25.008333,110.016667,0, ,0.0,0.0,0.0,0.0,2,9850,0,0,0,0,0,0
TF,MOTOM,24.690000,109.793333,0, ,0.0,0.0,0.0,0.0,3,14800,0,0,0,0,0,0
TF,LBN,23.763333,109.146667,0, ,0.0,0.0,0.0,0.0,0,0,0,0,0,0,0,0

SID,LBN03D,01,2
CD, ,0,0,0,KWL,0,0.0,7.0,5.0,2,1320,0,1,205,0,0,0
CF,JW,25.008333,110.016667,2,KWL,187.1,12.2,204.0,18.0,2,9850,0,0,0,0,0,0
TF,MOTOM,24.690000,109.793333,0, ,0.0,0.0,0.0,0.0,3,14800,0,0,0,0,0,0
TF,LBN,23.763333,109.146667,0, ,0.0,0.0,0.0,0.0,0,0,0,0,0,0,0,0

SID,LBN08D,01,5
CF,KL415,25.295000,110.046667,0,KWL,9.4,4.9,7.0,4.0,2,1320,0,0,0,0,0,1
DF,KL418,25.007222,110.019167,2, ,0.0,0.0,2,9850,0,1,205,0,0,0
TF,MOTOM,24.690000,109.793333,0, ,0.0,0.0,0.0,0.0,0,0,0,0,0,0,0,0
TF,LBN,23.763333,109.146667,0, ,0.0,0.0,0.0,0.0,0,0,0,0,0,0,0,0

SID,LBN09D,01,5
CA,0,7.0,2,4600,0,0,0,0,0,0
CF,KL519,25.214167,109.994167,1,KWL,273.3,2.2,176.0,8.0,0,0,0,1,205,0,0,0
TF,KL418,25.007222,110.019167,0, ,0.0,0.0,0.0,0.0,2,9850,0,0,0,0,0,0
TF,MOTOM,24.690000,109.793333,0, ,0.0,0.0,0.0,0.0,0,0,0,0,0,0,0,0
TF,LBN,23.763333,109.146667,0, ,0.0,0.0,0.0,0.0,0,0,0,0,0,0,0,0

SID,LBN11D,19,2
CA,0,187.0,2,980,0,0,0,0,0,0
CF,JW,25.008333,110.016667,0,KWL,187.1,12.2,187.0,12.0,0,0,0,0,0,0,0,0
TF,MOTOM,24.690000,109.793333,0, ,0.0,0.0,0.0,0.0,3,14800,0,0,0,0,0,0
TF,LBN,23.763333,109.146667,0, ,0.0,0.0,0.0,0.0,0,0,0,0,0,0,0,0

SID,LBN19D,19,5
CF,KL418,25.007222,110.019167,0,KWL,186.0,12.4,187.0,12.0,0,0,0,0,0,0,0,0
TF,MOTOM,24.690000,109.793333,0, ,0.0,0.0,0.0,0.0,0,0,0,0,0,0,0,0
TF,LBN,23.763333,109.146667,0, ,0.0,0.0,0.0,0.0,0,0,0,0,0,0,0,0

SID,ONE01D,01,2
CA,0,7.0,2,980,0,0,0,0,0,0
CF,PA,25.405000,110.060000,0,KWL,7.8,11.7,7.0,11.0,0,0,0,0,0,0,0,0
TF,D008O,25.451283,110.064639,0, ,0.0,0.0,0.0,0.0,2,5250,0,1,205,0,0,1
CF,KWL,25.212039,110.036236,1,KWL,0.0,0.0,167.0,15.0,2,7880,0,0,0,0,0,0
TF,Y,25.171667,110.318333,0, ,0.0,0.0,0.0,0.0,4,9850,6890,0,0,0,0,0
TF,A,25.566667,110.666667,0, ,0.0,0.0,0.0,0.0,0,0,0,0,0,0,0,0
TF,ONEMI,25.751667,110.608333,0, ,0.0,0.0,0.0,0.0,0,0,0,0,0,0,0,0

SID,ONE03D,01,2
CA,0,7.0,2,980,0,0,0,0,0,0
CF,PA,25.405000,110.060000,0,KWL,7.7,11.7,7.0,11.0,0,0,0,0,0,0,0,0
TF,ONEMI,25.751667,110.608333,0, ,0.0,0.0,0.0,0.0,0,0,0,0,0,0,0,0

SID,ONE08D,01,5
CF,PA,25.405000,110.060000,0,KWL,8.8,11.5,7.0,11.0,0,0,0,0,0,0,0,0
TF,ONEMI,25.751667,110.608333,0, ,0.0,0.0,0.0,0.0,0,0,0,0,0,0,0,0

SID,ONE09D,01,5
CA,0,7.0,2,4600,0,0,0,0,0,0
DF,KWL,25.212039,110.036236,1, ,0.0,0.0,4,9850,6890,1,205,0,0,0
TF,Y,25.171667,110.318333,0, ,0.0,0.0,0.0,0.0,4,9850,6890,0,0,0,0,0
TF,A,25.566667,110.666667,0, ,0.0,0.0,0.0,0.0,0,0,0,0,0,0,0,0
TF,ONEMI,25.751667,110.608333,0, ,0.0,0.0,0.0,0.0,0,0,0,0,0,0,0,0

SID,ONE11D,19,2
CA,0,187.0,2,2790,0,1,205,0,0,0
CF,KWL,25.212039,110.036236,2,KWL,0.0,0.0,44.0,7.0,0,0,0,0,0,0,0,0
TF,Y,25.171667,110.318333,0, ,0.0,0.0,0.0,0.0,4,9840,6890,0,0,0,0,0
TF,A,25.566667,110.666667,0, ,0.0,0.0,0.0,0.0,0,0,0,0,0,0,0,0
TF,ONEMI,25.751667,110.608333,0, ,0.0,0.0,0.0,0.0,0,0,0,0,0,0,0,0

SID,ONE13D,19,2
CD, ,0,0,0,KWL,0,0.0,187.0,4.0,2,1320,0,0,0,0,0,0
VI,1, ,0.0,68.0,0,0,0,1,205,0,0,0
CF,VQ,25.561667,110.476667,0,KWL,50.8,31.7,38.0,34.0,0,0,0,0,0,0,0,0
TF,ONEMI,25.751667,110.608333,0, ,0.0,0.0,0.0,0.0,0,0,0,0,0,0,0,0

SID,ONE18D,19,5
CF,KL515,25.145278,110.032222,0,KWL,184.1,4.1,187.0,4.0,2,1320,0,0,0,0,0,1
DF,KL517,25.242778,110.218333,1, ,0.0,0.0,0,0,0,1,205,0,0,0
TF,VQ,25.561667,110.476667,0, ,0.0,0.0,0.0,0.0,0,0,0,0,0,0,0,0
TF,ONEMI,25.751667,110.608333,0, ,0.0,0.0,0.0,0.0,0,0,0,0,0,0,0,0

SID,ONE19D,19,5
CA,0,187.0,2,2790,0,0,0,0,0,0
DF,KWL,25.212039,110.036236,2, ,0.0,0.0,0,0,0,1,205,0,0,0
TF,Y,25.171667,110.318333,0, ,0.0,0.0,0.0,0.0,4,9850,6890,0,0,0,0,0
TF,A,25.566667,110.666667,0, ,0.0,0.0,0.0,0.0,0,0,0,0,0,0,0,0
TF,ONEMI,25.751667,110.608333,0, ,0.0,0.0,0.0,0.0,0,0,0,0,0,0,0,0

SID,QP01D,01,2
CA,0,7.0,2,980,0,0,0,0,0,0
CF,PA,25.405000,110.060000,0,KWL,7.8,11.7,7.0,11.0,0,0,0,0,0,0,0,0
TF,D008O,25.451283,110.064639,0, ,0.0,0.0,0.0,0.0,2,5250,0,1,205,0,0,0
CF,KWL,25.212039,110.036236,1,KWL,0.0,0.0,167.0,16.0,2,7880,0,0,0,0,0,0
TF,Y,25.171667,110.318333,0, ,0.0,0.0,0.0,0.0,4,9850,6890,0,0,0,0,0
TF,QP,24.670000,110.776667,0, ,0.0,0.0,0.0,0.0,1,14800,0,0,0,0,0,0

SID,QP03D,01,2
CD, ,0,0,0,KWL,0,0.0,7.0,5.0,2,1320,0,1,205,0,0,0
CF,QP,24.670000,110.776667,2,KWL,130.6,51.9,141.0,54.0,1,14800,0,0,0,0,0,0

SID,QP08D,01,5
CF,KL415,25.295000,110.046667,0,KWL,9.4,4.9,7.0,4.0,2,1320,0,0,0,0,0,1
CF,KL520,25.213333,110.247778,2,KWL,92.0,11.6,141.0,10.0,0,0,0,1,205,0,0,0
TF,QP,24.670000,110.776667,0, ,0.0,0.0,0.0,0.0,2,14800,0,0,0,0,0,0

SID,QP09D,01,5
CA,0,7.0,2,4600,0,0,0,0,0,0
DF,KWL,25.212039,110.036236,1, ,0.0,0.0,4,9850,6890,1,205,0,0,0
TF,Y,25.171667,110.318333,0, ,0.0,0.0,0.0,0.0,4,9850,6890,0,0,0,0,0
TF,QP,24.670000,110.776667,0, ,0.0,0.0,0.0,0.0,2,14800,0,0,0,0,0,0

SID,QP11D,19,2
CA,0,187.0,2,2790,0,1,205,0,0,0
CF,KWL,25.212039,110.036236,2,KWL,0.0,0.0,44.0,7.0,0,0,0,0,0,0,0,0
TF,Y,25.171667,110.318333,0, ,0.0,0.0,0.0,0.0,4,9840,6890,0,0,0,0,0
TF,QP,24.670000,110.776667,0, ,0.0,0.0,0.0,0.0,1,14800,0,0,0,0,0,0

SID,QP13D,19,2
CA,0,187.0,2,980,0,0,0,0,0,0
CF,JW,25.008333,110.016667,0,KWL,187.1,12.2,187.0,12.0,0,0,0,0,0,0,0,0
TF,B,24.675000,110.470000,0, ,0.0,0.0,0.0,0.0,0,0,0,0,0,0,0,0
TF,QP,24.670000,110.776667,0, ,0.0,0.0,0.0,0.0,1,14800,0,0,0,0,0,0

SID,QP18D,19,5
CF,KL418,25.007222,110.019167,0,KWL,186.0,12.4,187.0,12.0,0,0,0,0,0,0,0,0
TF,B,24.675000,110.470000,0, ,0.0,0.0,0.0,0.0,0,0,0,0,0,0,0,0
TF,QP,24.670000,110.776667,0, ,0.0,0.0,0.0,0.0,2,14800,0,0,0,0,0,0

SID,QP19D,19,5
CA,0,187.0,2,2790,0,0,0,0,0,0
DF,KWL,25.212039,110.036236,2, ,0.0,0.0,0,0,0,1,205,0,0,0
TF,Y,25.171667,110.318333,0, ,0.0,0.0,0.0,0.0,4,9850,6890,0,0,0,0,0
TF,QP,24.670000,110.776667,0, ,0.0,0.0,0.0,0.0,2,14800,0,0,0,0,0,0

SID,SJG01D,01,2
CA,0,7.0,2,980,0,0,0,0,0,0
CF,PA,25.405000,110.060000,0,KWL,7.8,11.7,7.0,11.0,0,0,0,0,0,0,0,0
TF,D008O,25.451283,110.064639,0, ,0.0,0.0,0.0,0.0,2,5250,0,1,205,0,0,1
CI,0, ,0.0,284.0,0,0,0,0,0,0,0,0
CF,SJG,25.776667,109.610000,0,KWL,327.5,40.9,314.0,26.0,1,15700,0,0,0,0,0,0

SID,SJG09D,01,5
CA,0,7.0,2,4600,0,0,0,0,0,0
DF,KL416,25.520000,109.920556,1, ,0.0,0.0,0,0,0,1,205,0,0,0
TF,SJG,25.776667,109.610000,0, ,0.0,0.0,0.0,0.0,2,15700,0,0,0,0,0,0

SID,SJG11D,19,2
CD, ,0,0,0,KWL,0,0.0,187.0,4.0,2,1320,0,1,205,0,0,0
CF,PA,25.405000,110.060000,1,KWL,7.8,12.2,349.0,16.0,2,5910,0,0,0,0,0,0
TF,SJG,25.776667,109.610000,0, ,0.0,0.0,0.0,0.0,1,15700,0,0,0,0,0,0

SID,SJG13D,19,2
CA,0,187.0,2,2790,0,0,0,0,0,0
VI,2, ,0.0,301.0,0,0,0,1,205,0,0,0
CF,C,25.488333,109.693333,0,KWL,313.7,25.1,331.0,25.0,0,0,0,0,0,0,0,0
TF,SJG,25.776667,109.610000,0, ,0.0,0.0,0.0,0.0,1,15700,0,0,0,0,0,0

SID,SJG17D,19,5
CF,KL515,25.145278,110.032222,0,KWL,184.1,4.1,187.0,4.0,2,1320,0,0,0,0,0,1
DF,PA,25.405000,110.060000,1, ,0.0,0.0,0,0,0,1,205,0,0,0
TF,SJG,25.776667,109.610000,0, ,0.0,0.0,0.0,0.0,2,15700,0,0,0,0,0,0

SID,SJG18D,19,5
CA,0,187.0,2,2790,0,0,0,0,0,0
DF,KL516,25.323611,109.788611,2, ,0.0,0.0,0,0,0,1,205,0,0,0
TF,C,25.488333,109.693333,0, ,0.0,0.0,0.0,0.0,0,0,0,0,0,0,0,0
TF,SJG,25.776667,109.610000,0, ,0.0,0.0,0.0,0.0,2,15700,0,0,0,0,0,0

SID,SJG19D,19,5
CA,0,187.0,2,2790,0,0,0,0,0,0
DF,PA,25.405000,110.060000,2, ,0.0,0.0,0,0,0,1,205,0,0,0
TF,SJG,25.776667,109.610000,0, ,0.0,0.0,0.0,0.0,2,15700,0,0,0,0,0,0

STAR,LBN01A,01,2
IF,LBN,23.763333,109.146667, ,0.0,0.0,0,0,0,0,0,0,0,0
TF,MOTOM,24.690000,109.793333,0, ,0.0,0.0,0.0,0.0,3,14800,0,0,0,0,0,0
TF,D197T,24.889022,109.941356,0, ,0.0,0.0,0.0,0.0,0,0,0,0,0,0,0,0

STAR,LBN09A,01,5
IF,LBN,23.763333,109.146667, ,0.0,0.0,0,0,0,0,0,0,0,0
TF,MOTOM,24.690000,109.793333,0, ,0.0,0.0,0.0,0.0,3,14800,0,0,0,0,0,0
TF,KL404,24.886389,109.918056,0, ,0.0,0.0,0.0,0.0,0,0,0,0,0,0,0,0
TF,KL403,24.879444,110.006944,0, ,0.0,0.0,0.0,0.0,2,5910,0,1,205,0,0,0

STAR,LBN11A,19,2
IF,LBN,23.763333,109.146667, ,0.0,0.0,0,0,0,0,0,0,0,0
TF,MOTOM,24.690000,109.793333,0, ,0.0,0.0,0.0,0.0,3,14800,0,0,0,0,0,0
TF,JW,25.008333,110.016667,0, ,0.0,0.0,0.0,0.0,1,6890,0,0,0,0,0,0
TF,PA,25.405000,110.060000,0, ,0.0,0.0,0.0,0.0,1,6890,0,0,0,0,0,0

STAR,LBN13A,19,2
IF,LBN,23.763333,109.146667, ,0.0,0.0,0,0,0,0,0,0,0,0
TF,MOTOM,24.690000,109.793333,0, ,0.0,0.0,0.0,0.0,3,14800,0,0,0,0,0,0
TF,JW,25.008333,110.016667,0, ,0.0,0.0,0.0,0.0,1,6890,0,0,0,0,0,0
TF,KWL,25.212039,110.036236,0, ,0.0,0.0,0.0,0.0,1,5910,0,0,0,0,0,0

STAR,LBN18A,19,5
IF,LBN,23.763333,109.146667, ,0.0,0.0,0,0,0,0,0,0,0,0
TF,MOTOM,24.690000,109.793333,0, ,0.0,0.0,0.0,0.0,3,14800,0,0,0,0,0,0
TF,KL511,24.879722,109.927500,0, ,0.0,0.0,0.0,0.0,0,0,0,0,0,0,0,0
TF,KL510,25.156389,110.113056,0, ,0.0,0.0,0.0,0.0,0,0,0,0,0,0,0,0
TF,KL508,25.491389,110.145556,0, ,0.0,0.0,0.0,0.0,2,5910,0,1,205,0,0,0

STAR,LBN19A,19,5
IF,LBN,23.763333,109.146667, ,0.0,0.0,0,0,0,0,0,0,0,0
TF,MOTOM,24.690000,109.793333,0, ,0.0,0.0,0.0,0.0,3,14800,0,0,0,0,0,0
TF,KL511,24.879722,109.927500,0, ,0.0,0.0,0.0,0.0,0,0,0,0,0,0,0,0
TF,KL513,25.412778,109.978333,0, ,0.0,0.0,0.0,0.0,0,0,0,0,0,0,0,0
TF,KL504,25.504167,109.986944,0, ,0.0,0.0,0.0,0.0,2,5910,0,1,205,0,0,0

STAR,ONE01A,01,2
IF,ONEMI,25.751667,110.608333, ,0.0,0.0,0,0,0,0,0,0,0,0
TF,A,25.566667,110.666667,0, ,0.0,0.0,0.0,0.0,0,0,0,0,0,0,0,0
TF,Y,25.171667,110.318333,0, ,0.0,0.0,0.0,0.0,4,9840,6890,0,0,0,0,0
TF,JW,25.008333,110.016667,0, ,0.0,0.0,0.0,0.0,1,5910,0,0,0,0,0,0

STAR,ONE03A,01,2
IF,ONEMI,25.751667,110.608333, ,0.0,0.0,0,0,0,0,0,0,0,0
TF,VQ,25.561667,110.476667,0, ,0.0,0.0,0.0,0.0,1,13800,0,0,0,0,0,0
TF,KWL,25.212039,110.036236,0, ,0.0,0.0,0.0,0.0,1,6890,0,0,0,0,0,0

STAR,ONE05A,01,5
IF,ONEMI,25.751667,110.608333, ,0.0,0.0,2,13800,0,0,0,0,0,0
TF,A,25.566667,110.666667,0, ,0.0,0.0,0.0,0.0,0,0,0,0,0,0,0,0
TF,KL410,25.456944,110.570278,0, ,0.0,0.0,0.0,0.0,0,0,0,0,0,0,0,0
TF,Y,25.171667,110.318333,0, ,0.0,0.0,0.0,0.0,4,9850,6890,0,0,0,0,0
TF,KL411,25.108889,110.108333,0, ,0.0,0.0,0.0,0.0,0,0,0,0,0,0,0,0
TF,KL406,25.014444,109.930278,0, ,0.0,0.0,0.0,0.0,0,0,0,0,0,0,0,0
TF,KL404,24.886389,109.918056,0, ,0.0,0.0,0.0,0.0,0,0,0,0,0,0,0,0
TF,KL403,24.879444,110.006944,0, ,0.0,0.0,0.0,0.0,2,5910,0,1,205,0,0,0

STAR,ONE06A,01,5
IF,ONEMI,25.751667,110.608333, ,0.0,0.0,2,13800,0,0,0,0,0,0
TF,VQ,25.561667,110.476667,0, ,0.0,0.0,0.0,0.0,0,0,0,0,0,0,0,0
TF,KL409,25.282500,110.125278,0, ,0.0,0.0,0.0,0.0,0,0,0,0,0,0,0,0
TF,KL412,25.001111,110.098056,0, ,0.0,0.0,0.0,0.0,0,0,0,0,0,0,0,0
TF,KL414,24.873056,110.085556,0, ,0.0,0.0,0.0,0.0,0,0,0,0,0,0,0,0
TF,KL403,24.879444,110.006944,0, ,0.0,0.0,0.0,0.0,2,5910,0,1,205,0,0,0

STAR,ONE07A,01,5
IF,ONEMI,25.751667,110.608333, ,0.0,0.0,2,13800,0,0,0,0,0,0
TF,VQ,25.561667,110.476667,0, ,0.0,0.0,0.0,0.0,0,0,0,0,0,0,0,0
TF,KL407,25.137222,109.941944,0, ,0.0,0.0,0.0,0.0,0,0,0,0,0,0,0,0
TF,KL419,25.072222,109.935833,0, ,0.0,0.0,0.0,0.0,0,0,0,0,0,0,0,0
TF,KL404,24.886389,109.918056,0, ,0.0,0.0,0.0,0.0,0,0,0,0,0,0,0,0
TF,KL403,24.879444,110.006944,0, ,0.0,0.0,0.0,0.0,2,5910,0,1,205,0,0,0

STAR,ONE08A,01,5
IF,ONEMI,25.751667,110.608333, ,0.0,0.0,2,13800,0,0,0,0,0,0
TF,VQ,25.561667,110.476667,0, ,0.0,0.0,0.0,0.0,0,0,0,0,0,0,0,0
TF,KL409,25.282500,110.125278,0, ,0.0,0.0,0.0,0.0,0,0,0,0,0,0,0,0
TF,KL412,25.001111,110.098056,0, ,0.0,0.0,0.0,0.0,2,4930,0,1,205,0,0,0

STAR,ONE09A,01,5
IF,ONEMI,25.751667,110.608333, ,0.0,0.0,2,13800,0,0,0,0,0,0
TF,A,25.566667,110.666667,0, ,0.0,0.0,0.0,0.0,0,0,0,0,0,0,0,0
TF,KL410,25.456944,110.570278,0, ,0.0,0.0,0.0,0.0,0,0,0,0,0,0,0,0
TF,Y,25.171667,110.318333,0, ,0.0,0.0,0.0,0.0,4,9850,6890,0,0,0,0,0
TF,KL420,25.139167,110.212222,0, ,0.0,0.0,0.0,0.0,0,0,0,1,205,0,0,0
TF,KL411,25.108889,110.108333,0, ,0.0,0.0,0.0,0.0,2,6890,0,0,0,0,0,0
TF,KL412,25.001111,110.098056,0, ,0.0,0.0,0.0,0.0,2,4930,0,1,205,0,0,0

STAR,ONE11A,19,2
IF,ONEMI,25.751667,110.608333, ,0.0,0.0,0,0,0,0,0,0,0,0
TF,A,25.566667,110.666667,0, ,0.0,0.0,0.0,0.0,0,0,0,0,0,0,0,0
TF,Y,25.171667,110.318333,0, ,0.0,0.0,0.0,0.0,4,9840,6890,0,0,0,0,0
TF,PA,25.405000,110.060000,0, ,0.0,0.0,0.0,0.0,1,6890,0,0,0,0,0,0

STAR,ONE13A,19,2
IF,ONEMI,25.751667,110.608333, ,0.0,0.0,0,0,0,0,0,0,0,0
TF,VQ,25.561667,110.476667,0, ,0.0,0.0,0.0,0.0,1,13800,0,0,0,0,0,0
TF,D025U,25.539747,110.189594,0, ,0.0,0.0,0.0,0.0,1,7880,0,0,0,0,0,0

STAR,ONE17A,19,5
IF,ONEMI,25.751667,110.608333, ,0.0,0.0,2,13800,0,0,0,0,0,0
TF,A,25.566667,110.666667,0, ,0.0,0.0,0.0,0.0,0,0,0,0,0,0,0,0
TF,KL410,25.456944,110.570278,0, ,0.0,0.0,0.0,0.0,0,0,0,0,0,0,0,0
TF,Y,25.171667,110.318333,0, ,0.0,0.0,0.0,0.0,4,9850,6890,0,0,0,0,0
TF,KL509,25.306944,110.127500,0, ,0.0,0.0,0.0,0.0,0,0,0,0,0,0,0,0
TF,KL508,25.491389,110.145556,0, ,0.0,0.0,0.0,0.0,2,5910,0,1,205,0,0,0

STAR,ONE18A,19,5
IF,ONEMI,25.751667,110.608333, ,0.0,0.0,2,13800,0,0,0,0,0,0
TF,VQ,25.561667,110.476667,0, ,0.0,0.0,0.0,0.0,0,0,0,0,0,0,0,0
TF,KL508,25.491389,110.145556,0, ,0.0,0.0,0.0,0.0,2,5910,0,1,205,0,0,0

STAR,ONE19A,19,5
IF,ONEMI,25.751667,110.608333, ,0.0,0.0,2,13800,0,0,0,0,0,0
TF,A,25.566667,110.666667,0, ,0.0,0.0,0.0,0.0,0,0,0,0,0,0,0,0
TF,KL410,25.456944,110.570278,0, ,0.0,0.0,0.0,0.0,0,0,0,0,0,0,0,0
TF,Y,25.171667,110.318333,0, ,0.0,0.0,0.0,0.0,4,9850,6890,0,0,0,0,0
TF,KL509,25.306944,110.127500,0, ,0.0,0.0,0.0,0.0,2,6890,0,0,0,0,0,0
TF,KL513,25.412778,109.978333,0, ,0.0,0.0,0.0,0.0,0,0,0,0,0,0,0,0
TF,KL504,25.504167,109.986944,0, ,0.0,0.0,0.0,0.0,2,5910,0,1,205,0,0,0

STAR,QP01A,01,2
IF,QP,24.670000,110.776667, ,0.0,0.0,1,15700,0,0,0,0,0,0
TF,Y,25.171667,110.318333,0, ,0.0,0.0,0.0,0.0,4,9840,6890,0,0,0,0,0
TF,JW,25.008333,110.016667,0, ,0.0,0.0,0.0,0.0,1,5910,0,0,0,0,0,0

STAR,QP03A,01,2
IF,QP,24.670000,110.776667, ,0.0,0.0,1,15700,0,0,0,0,0,0
TF,B,24.675000,110.470000,0, ,0.0,0.0,0.0,0.0,0,0,0,0,0,0,0,0
TF,D165R,24.924217,110.132725,0, ,0.0,0.0,0.0,0.0,1,5910,0,0,0,0,0,0

STAR,QP05A,01,5
IF,QP,24.670000,110.776667, ,0.0,0.0,2,15700,0,0,0,0,0,0
TF,Y,25.171667,110.318333,0, ,0.0,0.0,0.0,0.0,4,9850,6890,0,0,0,0,0
TF,KL411,25.108889,110.108333,0, ,0.0,0.0,0.0,0.0,0,0,0,0,0,0,0,0
TF,KL406,25.014444,109.930278,0, ,0.0,0.0,0.0,0.0,0,0,0,0,0,0,0,0
TF,KL404,24.886389,109.918056,0, ,0.0,0.0,0.0,0.0,0,0,0,0,0,0,0,0
TF,KL403,24.879444,110.006944,0, ,0.0,0.0,0.0,0.0,2,5910,0,1,205,0,0,0

STAR,QP07A,01,5
IF,QP,24.670000,110.776667, ,0.0,0.0,2,15700,0,0,0,0,0,0
TF,Y,25.171667,110.318333,0, ,0.0,0.0,0.0,0.0,4,9850,6890,0,0,0,0,0
TF,KL411,25.108889,110.108333,0, ,0.0,0.0,0.0,0.0,0,0,0,0,0,0,0,0
TF,KL412,25.001111,110.098056,0, ,0.0,0.0,0.0,0.0,0,0,0,0,0,0,0,0
TF,KL414,24.873056,110.085556,0, ,0.0,0.0,0.0,0.0,0,0,0,0,0,0,0,0
TF,KL403,24.879444,110.006944,0, ,0.0,0.0,0.0,0.0,2,5910,0,1,205,0,0,0

STAR,QP08A,01,5
IF,QP,24.670000,110.776667, ,0.0,0.0,2,15700,0,0,0,0,0,0
TF,B,24.675000,110.470000,0, ,0.0,0.0,0.0,0.0,0,0,0,0,0,0,0,0
TF,KL403,24.879444,110.006944,0, ,0.0,0.0,0.0,0.0,2,5910,0,1,205,0,0,0

STAR,QP09A,01,5
IF,QP,24.670000,110.776667, ,0.0,0.0,2,15700,0,0,0,0,0,0
TF,Y,25.171667,110.318333,0, ,0.0,0.0,0.0,0.0,4,9850,6890,0,0,0,0,0
TF,KL420,25.139167,110.212222,0, ,0.0,0.0,0.0,0.0,0,0,0,1,205,0,0,0
TF,KL411,25.108889,110.108333,0, ,0.0,0.0,0.0,0.0,2,6890,0,0,0,0,0,0
TF,KL412,25.001111,110.098056,0, ,0.0,0.0,0.0,0.0,2,4930,0,1,205,0,0,0

STAR,QP11A,19,2
IF,QP,24.670000,110.776667, ,0.0,0.0,1,15700,0,0,0,0,0,0
TF,Y,25.171667,110.318333,0, ,0.0,0.0,0.0,0.0,4,9840,6890,0,0,0,0,0
TF,PA,25.405000,110.060000,0, ,0.0,0.0,0.0,0.0,1,6890,0,0,0,0,0,0

STAR,QP13A,19,2
IF,QP,24.670000,110.776667, ,0.0,0.0,1,15700,0,0,0,0,0,0
TF,KWL,25.212039,110.036236,0, ,0.0,0.0,0.0,0.0,1,5910,0,0,0,0,0,0

STAR,QP17A,19,5
IF,QP,24.670000,110.776667, ,0.0,0.0,2,15700,0,0,0,0,0,0
TF,KL512,25.264444,109.964167,0, ,0.0,0.0,0.0,0.0,0,0,0,0,0,0,0,0
TF,KL513,25.412778,109.978333,0, ,0.0,0.0,0.0,0.0,0,0,0,0,0,0,0,0
TF,KL504,25.504167,109.986944,0, ,0.0,0.0,0.0,0.0,2,5910,0,1,205,0,0,0

STAR,QP18A,19,5
IF,QP,24.670000,110.776667, ,0.0,0.0,2,15700,0,0,0,0,0,0
TF,KL510,25.156389,110.113056,0, ,0.0,0.0,0.0,0.0,0,0,0,0,0,0,0,0
TF,KL508,25.491389,110.145556,0, ,0.0,0.0,0.0,0.0,2,5910,0,1,205,0,0,0

STAR,QP19A,19,5
IF,QP,24.670000,110.776667, ,0.0,0.0,2,15700,0,0,0,0,0,0
TF,Y,25.171667,110.318333,0, ,0.0,0.0,0.0,0.0,4,9850,6890,0,0,0,0,0
TF,KL509,25.306944,110.127500,0, ,0.0,0.0,0.0,0.0,2,6890,0,0,0,0,0,0
TF,KL513,25.412778,109.978333,0, ,0.0,0.0,0.0,0.0,0,0,0,0,0,0,0,0
TF,KL504,25.504167,109.986944,0, ,0.0,0.0,0.0,0.0,2,5910,0,1,205,0,0,0

STAR,SJG01A,01,2
IF,SJG,25.776667,109.610000, ,0.0,0.0,1,14800,0,0,0,0,0,0
TF,PA,25.405000,110.060000,0, ,0.0,0.0,0.0,0.0,1,7880,0,0,0,0,0,0
TF,KWL,25.212039,110.036236,0, ,0.0,0.0,0.0,0.0,1,6890,0,0,0,0,0,0
TF,JW,25.008333,110.016667,0, ,0.0,0.0,0.0,0.0,1,5910,0,0,0,0,0,0

STAR,SJG03A,01,2
IF,SJG,25.776667,109.610000, ,0.0,0.0,1,14800,0,0,0,0,0,0
TF,C,25.488333,109.693333,0, ,0.0,0.0,0.0,0.0,0,0,0,0,0,0,0,0
TF,KWL,25.212039,110.036236,0, ,0.0,0.0,0.0,0.0,1,6890,0,0,0,0,0,0

STAR,SJG07A,01,5
IF,SJG,25.776667,109.610000, ,0.0,0.0,2,14800,0,0,0,0,0,0
TF,C,25.488333,109.693333,0, ,0.0,0.0,0.0,0.0,0,0,0,0,0,0,0,0
TF,KL411,25.108889,110.108333,0, ,0.0,0.0,0.0,0.0,2,6890,0,0,0,0,0,0
TF,KL412,25.001111,110.098056,0, ,0.0,0.0,0.0,0.0,2,4930,0,1,205,0,0,0

STAR,SJG08A,01,5
IF,SJG,25.776667,109.610000, ,0.0,0.0,2,14800,0,0,0,0,0,0
TF,C,25.488333,109.693333,0, ,0.0,0.0,0.0,0.0,0,0,0,0,0,0,0,0
TF,KL406,25.014444,109.930278,0, ,0.0,0.0,0.0,0.0,0,0,0,0,0,0,0,0
TF,KL404,24.886389,109.918056,0, ,0.0,0.0,0.0,0.0,0,0,0,0,0,0,0,0
TF,KL403,24.879444,110.006944,0, ,0.0,0.0,0.0,0.0,2,5910,0,1,205,0,0,0

STAR,SJG09A,01,5
IF,SJG,25.776667,109.610000, ,0.0,0.0,2,14800,0,0,0,0,0,0
TF,KL408,25.475833,109.974167,0, ,0.0,0.0,0.0,0.0,2,7880,0,0,0,0,0,0
TF,KL419,25.072222,109.935833,0, ,0.0,0.0,0.0,0.0,0,0,0,0,0,0,0,0
TF,KL404,24.886389,109.918056,0, ,0.0,0.0,0.0,0.0,0,0,0,0,0,0,0,0
TF,KL403,24.879444,110.006944,0, ,0.0,0.0,0.0,0.0,2,5910,0,1,205,0,0,0

STAR,SJG11A,19,2
IF,SJG,25.776667,109.610000, ,0.0,0.0,1,14800,0,0,0,0,0,0
TF,D343T,25.520236,109.919267,0, ,0.0,0.0,0.0,0.0,1,7880,0,0,0,0,0,0

STAR,SJG18A,19,5
IF,SJG,25.776667,109.610000, ,0.0,0.0,2,14800,0,0,0,0,0,0
TF,KL506,25.640278,109.773611,0, ,0.0,0.0,0.0,0.0,0,0,0,0,0,0,0,0
TF,KL518,25.624444,109.973056,0, ,0.0,0.0,0.0,0.0,2,7880,0,0,0,0,0,0
TF,KL507,25.616111,110.077778,0, ,0.0,0.0,0.0,0.0,2,6890,0,1,205,0,0,0

STAR,SJG19A,19,5
IF,SJG,25.776667,109.610000, ,0.0,0.0,2,14800,0,0,0,0,0,0
TF,KL506,25.640278,109.773611,0, ,0.0,0.0,0.0,0.0,0,0,0,0,0,0,0,0
TF,KL505,25.546944,109.965833,0, ,0.0,0.0,0.0,0.0,2,7220,0,1,205,0,0,0

APPTR,D01,01,D165R
IF,D165R,24.924217,110.132725, ,0.0,0.0,2,5910,0,1,205,0,1,0
FD,D165R,24.924217,110.132725,0,KWL,165.0,13.9,311.0,13.9,2,3940,0,0,0,0,0,0
CF,CD01,25.024900,110.043408,0,KWL,180.0,11.2,360.0,3.0,2,3940,0,0,0,0,1,0

APPTR,D01,01,D197T
IF,D197T,24.889022,109.941356, ,0.0,0.0,2,5910,0,1,205,0,1,0
FD,D197T,24.889022,109.941356,0,KWL,197.0,14.2,47.0,14.2,2,3940,0,0,0,0,0,0
CF,CD01,25.024900,110.043408,0,KWL,180.0,11.2,360.0,3.0,2,3940,0,0,0,0,1,0

APPTR,D01,01,KWL1
IF,KWL,25.212039,110.036236, ,0.0,0.0,2,6890,0,1,205,0,1,0
FD,KWL,25.212039,110.036236,0,KWL,0.0,11.2,164.0,11.2,2,3940,0,0,0,0,0,0
CF,CD01,25.024900,110.043408,2,KWL,180.0,11.2,360.0,1.0,2,3940,0,0,0,0,1,0

APPTR,D01,01,KWL2
IF,KWL,25.212039,110.036236, ,0.0,0.0,2,6890,0,1,205,0,1,0
FD,KWL,25.212039,110.036236,0,KWL,0.0,11.2,172.0,11.2,2,3940,0,0,0,0,0,0
CF,CD01,25.024900,110.043408,2,KWL,180.0,11.2,360.0,1.0,2,3940,0,0,0,0,1,0

FINAL,D01,01,D,4
IF,CD01,25.024900,110.043408,KWL,180.0,11.2,2,3940,0,0,0,0,0,0
CF,FD01,25.075028,110.041489,0,KWL,180.0,8.2,360.0,3.0,2,3120,0,0,0,0,2,0
CF,47VOR,25.133508,110.039247,0,KWL,180.0,4.7,360.0,3.5,2,1970,0,0,0,0,0,0
CF,MD01,25.193658,110.036939,0,KWL,180.0,1.1,360.0,3.6,1,806,0,0,0,0,3,0
FA,MD01,25.193658,110.036939,0,KWL,0.0,0.0,360.0,2,2790,0,0,0,0,0,0
DF,KWL,25.212039,110.036236,2, ,0.0,0.0,2,5910,0,0,0,0,0,0

APPTR,D19,19,D025U
IF,D025U,25.539747,110.189594, ,0.0,0.0,2,7880,0,1,190,0,1,0
CF,D014S,25.532753,110.111372,0,KWL,14.0,19.6,267.0,4.3,0,0,0,0,0,0,0,1
CF,D010Q,25.500097,110.080844,0,KWL,10.0,17.4,190.0,2.0,2,5090,0,0,0,0,1,0
CF,FD19,25.407392,110.066464,0,KWL,10.0,11.8,190.0,5.6,2,3940,0,0,0,0,0,0

APPTR,D19,19,D343T
IF,D343T,25.520236,109.919267, ,0.0,0.0,2,7880,0,1,190,0,1,0
FC,D343T,25.520236,109.919267,0,KWL,0.0,0.0,87.0,3.3,2,7220,0,0,0,0,0,0
CF,D005S,25.532136,110.054725,0,KWL,5.0,19.2,87.0,4.0,2,5910,0,0,0,0,0,1
CF,D010Q,25.500097,110.080844,2,KWL,10.0,17.4,190.0,2.0,2,5090,0,0,0,0,1,0
CF,FD19,25.407392,110.066464,0,KWL,10.0,11.8,190.0,5.6,2,3940,0,0,0,0,0,0

APPTR,D19,19,KWL1
IF,KWL,25.212039,110.036236, ,0.0,0.0,2,5910,0,1,190,0,1,0
FD,KWL,25.212039,110.036236,0,KWL,0.0,11.8,25.0,11.8,2,3940,0,0,0,0,0,0
CF,FD19,25.407392,110.066464,1,KWL,10.0,11.8,190.0,1.0,2,3940,0,0,0,0,0,0

APPTR,D19,19,KWL2
IF,KWL,25.212039,110.036236, ,0.0,0.0,2,5910,0,1,190,0,1,0
FD,KWL,25.212039,110.036236,0,KWL,0.0,11.8,18.0,11.8,2,3940,0,0,0,0,0,0
CF,FD19,25.407392,110.066464,1,KWL,10.0,11.8,190.0,1.0,2,3940,0,0,0,0,0,0

FINAL,D19,19,D,3
IF,FD19,25.407392,110.066464,KWL,10.0,11.8,2,3940,0,0,0,0,2,0
CF,66VOR,25.321306,110.053131,0,KWL,10.0,6.6,190.0,5.2,2,2300,0,0,0,0,0,0
CF,MD19,25.246806,110.041608,0,KWL,10.0,2.1,190.0,4.5,1,906,0,0,0,0,3,0
FA,MD19,25.246806,110.041608,0,KWL,0.0,0.0,190.0,2,2960,0,0,0,0,0,0
DF,KWL,25.212039,110.036236,1, ,0.0,0.0,2,5910,0,1,190,0,0,0

APPTR,I01-Y,01,KL403
IF,KL403,24.879444,110.006944, ,0.0,0.0,2,5910,0,1,205,0,1,0
TF,KL417,24.935278,110.012222,0, ,0.0,0.0,0.0,0.0,0,0,0,0,0,0,0,0
CF,KL418,25.007222,110.019167,0,IJJ,187.0,13.8,7.0,4.3,2,3940,0,0,0,0,1,0

APPTR,I01-Y,01,KL412
IF,KL412,25.001111,110.098056, ,0.0,0.0,2,4930,0,1,205,0,1,0
CF,KL418,25.007222,110.019167,0,IJJ,187.0,13.8,277.0,4.3,2,3940,0,0,0,0,1,0

FINAL,I01-Y,01,I,3
IF,KL418,25.007222,110.019167,IJJ,187.0,13.8,2,3940,0,0,0,0,0,0
CF,FI01Y,25.075436,110.025631,0,IJJ,187.0,9.7,7.0,4.1,1,3120,0,0,0,0,2,0
CF,RW01,25.205550,110.038106,0,IJJ,187.0,1.9,7.0,7.9,1,625,0,0,0,0,3,0
FA,RW01,25.205550,110.038106,0,KWL,0.0,0.0,7.0,2,1640,0,0,0,0,0,0
CF,KL412,25.001111,110.098056,2,KWL,167.1,13.1,187.0,14.0,2,4930,0,0,0,0,0,0

APPTR,I01-Z,01,D165R
IF,D165R,24.924217,110.132725, ,0.0,0.0,2,5910,0,1,205,0,1,0
CF,D187N,25.004161,110.017953,0,KWL,186.6,12.5,311.0,7.9,2,3940,0,0,0,0,1,0
CF,CI01,25.058781,110.024036,0,IJJ,187.0,10.7,7.0,3.3,2,3120,0,0,0,0,0,0

APPTR,I01-Z,01,D197T
IF,D197T,24.889022,109.941356, ,0.0,0.0,2,5910,0,1,205,0,1,0
CF,D187N,25.004161,110.017953,0,KWL,186.6,12.5,34.0,8.1,2,3940,0,0,0,0,1,0
CF,CI01,25.058781,110.024036,0,IJJ,187.0,10.7,7.0,3.3,2,3120,0,0,0,0,0,0

APPTR,I01-Z,01,JW
IF,JW,25.008333,110.016667, ,0.0,0.0,2,5910,0,1,205,0,1,0
FD,JW,25.008333,110.016667,0,KWL,187.0,15.1,233.0,15.1,0,0,0,0,0,0,0,0
CF,D187N,25.004161,110.017953,1,KWL,186.6,12.5,7.0,4.0,2,3940,0,0,0,0,1,0
CF,CI01,25.058781,110.024036,0,IJJ,187.0,10.7,7.0,3.3,2,3120,0,0,0,0,0,0

APPTR,I01-Z,01,KWL
IF,KWL,25.212039,110.036236, ,0.0,0.0,2,6890,0,1,205,0,1,0
FD,KWL,25.212039,110.036236,0,KWL,0.0,12.4,172.0,12.4,2,3940,0,0,0,0,0,0
CF,D187N,25.004161,110.017953,2,KWL,186.6,12.5,7.0,1.0,2,3940,0,0,0,0,1,0
CF,CI01,25.058781,110.024036,0,IJJ,187.0,10.7,7.0,3.3,2,3120,0,0,0,0,0,0

FINAL,I01-Z,01,I,3
IF,CI01,25.058781,110.024036,IJJ,187.0,10.7,2,3120,0,0,0,0,0,0
CF,FI01Z,25.075436,110.025631,0,IJJ,187.0,9.7,7.0,1.0,1,3120,0,0,0,0,2,0
CF,RW01,25.205550,110.038106,0,IJJ,187.0,1.9,7.0,7.8,1,625,0,0,0,0,3,0
FA,RW01,25.205550,110.038106,0,KWL,0.0,0.0,7.0,2,1640,0,0,0,0,0,0
DF,JW,25.008333,110.016667,2, ,0.0,0.0,2,5910,0,0,0,0,0,0

APPTR,I19-Y,19,KL504
IF,KL504,25.504167,109.986944, ,0.0,0.0,2,5910,0,1,205,0,1,0
CF,KL503,25.497778,110.066111,0,IPA,7.0,17.7,97.0,4.3,2,5090,0,0,0,0,1,0

APPTR,I19-Y,19,KL505
IF,KL505,25.546944,109.965833, ,0.0,0.0,2,7220,0,1,205,0,1,0
CF,KL503,25.497778,110.066111,0,IPA,7.0,17.7,120.0,6.2,2,5090,0,0,0,0,1,0

APPTR,I19-Y,19,KL507
IF,KL507,25.616111,110.077778, ,0.0,0.0,2,6890,0,1,205,0,1,0
CF,KL503,25.497778,110.066111,0,IPA,7.0,17.7,187.0,7.1,2,5090,0,0,0,0,1,0

APPTR,I19-Y,19,KL508
IF,KL508,25.491389,110.145556, ,0.0,0.0,2,5910,0,1,205,0,1,0
CF,KL503,25.497778,110.066111,0,IPA,7.0,17.7,277.0,4.3,2,5090,0,0,0,0,1,0

FINAL,I19-Y,19,I,3
IF,KL503,25.497778,110.066111,IPA,7.0,17.7,2,5090,0,0,0,0,0,0
CF,FF19,25.417894,110.058550,0,IPA,7.0,12.9,187.0,4.8,1,4110,0,0,0,0,2,0
CF,RW19,25.234322,110.040864,0,IPA,7.0,1.9,187.0,11.0,1,616,0,0,0,0,3,0
FA,RW19,25.234322,110.040864,0,KWL,0.0,0.0,187.0,2,1970,0,0,0,0,0,0
DF,PA,25.405000,110.060000,1, ,0.0,0.0,2,5910,0,0,0,0,0,0

APPTR,I19-Z,19,D025U
IF,D025U,25.539747,110.189594, ,0.0,0.0,2,7880,0,1,190,0,1,0
CF,D011S,25.531008,110.091917,0,KWL,11.0,19.3,267.0,5.3,0,0,0,0,0,0,0,1
CF,CI19,25.497836,110.066269,0,IPA,7.0,17.7,187.0,2.0,2,5090,0,0,0,0,1,0

APPTR,I19-Z,19,D343T
IF,D343T,25.520236,109.919267, ,0.0,0.0,2,7880,0,1,190,0,1,0
FC,D343T,25.520236,109.919267,0,KWL,0.0,0.0,87.0,2.7,2,7220,0,0,0,0,0,0
CF,D002S,25.530519,110.036236,0,KWL,2.0,19.1,87.0,3.6,2,5910,0,0,0,0,0,1
CF,CI19,25.497836,110.066269,2,IPA,7.0,17.7,187.0,2.0,2,5090,0,0,0,0,1,0

APPTR,I19-Z,19,PA1
IF,PA,25.405000,110.060000, ,0.0,0.0,2,6890,0,1,190,0,1,0
FD,PA,25.405000,110.060000,0,KWL,8.4,16.6,336.0,16.6,2,5910,0,0,0,0,0,0
CF,CI19,25.497836,110.066269,2,IPA,7.0,17.7,187.0,1.0,2,5090,0,0,0,0,1,0

APPTR,I19-Z,19,PA2
IF,PA,25.405000,110.060000, ,0.0,0.0,2,6890,0,1,190,0,1,0
FD,PA,25.405000,110.060000,0,KWL,8.4,16.6,349.0,16.6,2,5910,0,0,0,0,0,0
CF,CI19,25.497836,110.066269,2,IPA,7.0,17.7,187.0,1.0,2,5090,0,0,0,0,1,0

FINAL,I19-Z,19,I,3
IF,CI19,25.497836,110.066269,IPA,7.0,17.7,2,5090,0,0,0,0,0,0
CF,FF19,25.417894,110.058550,0,IPA,7.0,12.9,187.0,4.8,1,4110,0,0,0,0,2,0
CF,RW19,25.234322,110.040864,0,IPA,7.0,1.9,187.0,11.0,1,616,0,0,0,0,3,0
FA,RW19,25.234322,110.040864,0,KWL,0.0,0.0,187.0,2,1970,0,0,0,0,0,0
DF,PA,25.405000,110.060000,1, ,0.0,0.0,2,5910,0,0,0,0,0,0

APPTR,Q01,01,D165R
IF,D165R,24.924217,110.132725, ,0.0,0.0,2,5910,0,1,205,0,1,0
CF,JW,25.008333,110.016667,0,KWL,187.0,12.2,311.0,8.1,2,3940,0,0,0,0,1,0

APPTR,Q01,01,D197T
IF,D197T,24.889022,109.941356, ,0.0,0.0,2,5910,0,1,205,0,1,0
CF,JW,25.008333,110.016667,0,KWL,187.0,12.2,34.0,8.2,2,3940,0,0,0,0,1,0

APPTR,Q01,01,JW1
IF,JW,25.008333,110.016667, ,0.0,0.0,2,5910,0,1,205,0,1,0
FD,JW,25.008333,110.016667,0,KWL,187.0,15.1,233.0,15.1,0,0,0,0,0,0,0,0
CF,JW,25.008333,110.016667,1,KWL,187.0,12.2,7.0,4.0,2,3940,0,0,0,0,1,0

APPTR,Q01,01,JW2
IF,JW,25.008333,110.016667, ,0.0,0.0,2,5910,0,1,205,0,1,0
FD,JW,25.008333,110.016667,0,KWL,187.0,15.1,211.0,15.1,0,0,0,0,0,0,0,0
CF,JW,25.008333,110.016667,1,KWL,187.0,12.2,7.0,4.0,2,3940,0,0,0,0,1,0

FINAL,Q01,01,N,4
IF,JW,25.008333,110.016667,JW,0.0,0.0,2,3940,0,0,0,0,0,0
CF,FQ01,25.074119,110.022986,0,JW,0.0,0.0,7.0,4.0,2,3120,0,0,0,0,2,0
CF,45DME,25.132414,110.028592,0,JW,0.0,0.0,7.0,3.5,2,1970,0,0,0,0,0,0
CF,J,25.194461,110.037036,0,KWL,0.0,1.1,7.0,3.7,1,834,0,0,0,0,3,0
FA,J,25.194461,110.037036,0,KWL,0.0,0.0,7.0,2,1640,0,0,0,0,0,0
DF,JW,25.008333,110.016667,2, ,0.0,0.0,2,5910,0,0,0,0,0,0

APPTR,Q19,19,D025U
IF,D025U,25.539747,110.189594, ,0.0,0.0,2,7880,0,1,190,0,1,0
CF,D011S,25.531008,110.091917,0,KWL,11.0,19.3,267.0,5.3,0,0,0,0,0,0,0,1
CF,CQ19,25.494267,110.068603,0,KWL,7.9,17.0,187.0,2.0,2,5090,0,0,0,0,1,0

APPTR,Q19,19,D343T
IF,D343T,25.520236,109.919267, ,0.0,0.0,2,7880,0,1,190,0,1,0
FC,D343T,25.520236,109.919267,0,KWL,0.0,0.0,87.0,2.6,2,7220,0,0,0,0,0,0
CF,D002S,25.530519,110.036236,0,KWL,2.0,19.1,87.0,3.7,2,5910,0,0,0,0,0,1
CF,CQ19,25.494267,110.068603,2,KWL,7.9,17.0,187.0,2.0,2,5090,0,0,0,0,1,0

APPTR,Q19,19,PA1
IF,PA,25.405000,110.060000, ,0.0,0.0,2,6890,0,1,190,0,1,0
FD,PA,25.405000,110.060000,0,KWL,8.4,16.6,336.0,16.6,2,5910,0,0,0,0,0,0
CF,CQ19,25.494267,110.068603,2,KWL,7.9,17.0,187.0,1.0,2,5090,0,0,0,0,1,0

APPTR,Q19,19,PA2
IF,PA,25.405000,110.060000, ,0.0,0.0,2,6890,0,1,190,0,1,0
FD,PA,25.405000,110.060000,0,KWL,8.4,16.6,349.0,16.6,2,5910,0,0,0,0,0,0
CF,CQ19,25.494267,110.068603,2,KWL,7.9,17.0,187.0,1.0,2,5090,0,0,0,0,1,0

FINAL,Q19,19,N,4
IF,CQ19,25.494267,110.068603,PA,0.0,0.0,2,5090,0,0,0,0,0,0
CF,PA,25.405000,110.060000,0,PA,0.0,0.0,187.0,5.4,2,4110,0,0,0,0,2,0
CF,42DME,25.298408,110.049742,0,PA,0.0,0.0,187.0,6.4,2,1970,0,0,0,0,0,0
CF,P,25.243017,110.041700,0,IPA,0.0,0.7,187.0,3.3,1,807,0,0,0,0,3,0
FA,P,25.243017,110.041700,0,KWL,0.0,0.0,187.0,2,1970,0,0,0,0,0,0
DF,PA,25.405000,110.060000,1, ,0.0,0.0,2,5910,0,0,0,0,0,0

