SID,BOD11D,17,5
CA,0,171.0,2,660,0,0,0,0,0,0
DF,BODOK,39.484167,125.429722,2, ,0.0,0.0,1,2600,0,0,0,0,0,0

SID,BOD21D,35,5
CA,0,351.0,2,1200,0,0,0,0,0,0
DF,BODOK,39.484167,125.429722,0, ,0.0,0.0,1,4900,0,0,0,0,0,0

SID,JON11D,17,5
CA,0,171.0,2,660,0,0,0,0,0,0
DF,BODOK,39.484167,125.429722,2, ,0.0,0.0,1,2600,0,0,0,0,0,0
TF,JONJU,39.685000,125.216944,0, ,0.0,0.0,0.0,0.0,0,0,0,0,0,0,0,0

SID,JON21D,35,5
CA,0,351.0,2,1200,0,0,0,0,0,0
DF,BODOK,39.484167,125.429722,0, ,0.0,0.0,1,4900,0,0,0,0,0,0
TF,JONJU,39.685000,125.216944,0, ,0.0,0.0,0.0,0.0,0,0,0,0,0,0,0,0

SID,SAS11D,17,5
CA,0,171.0,2,660,0,0,0,0,0,0
DF,SASRI,39.026111,125.394722,2, ,0.0,0.0,1,5900,0,0,0,0,0,0

SID,SAS21D,35,5
CA,0,351.0,2,1200,0,0,0,0,0,0
DF,PY521,39.208711,125.511161,1, ,0.0,0.0,1,4300,0,0,0,0,0,0
TF,SASRI,39.026111,125.394722,0, ,0.0,0.0,0.0,0.0,0,0,0,0,0,0,0,0

SID,SOC11D,17,5
CA,0,171.0,2,660,0,0,0,0,0,0
DF,PY531,39.291522,125.860400,2, ,0.0,0.0,1,7900,0,0,0,0,0,0
TF,SOCHA,39.250000,126.216667,0, ,0.0,0.0,0.0,0.0,0,0,0,0,0,0,0,0

SID,SOC21D,35,5
CA,0,351.0,2,1200,0,0,0,0,0,0
DF,PY531,39.291522,125.860400,2, ,0.0,0.0,1,5900,0,0,0,0,0,0
TF,SOCHA,39.250000,126.216667,0, ,0.0,0.0,0.0,0.0,0,0,0,0,0,0,0,0

STAR,BOD11A,17,5
IF,BODOK,39.484167,125.429722, ,0.0,0.0,1,5000,0,1,230,0,0,0
TF,PY435,39.432494,125.580719,0, ,0.0,0.0,0.0,0.0,1,3600,0,1,210,0,0,0

STAR,BOD21A,35,5
IF,BODOK,39.484167,125.429722, ,0.0,0.0,1,9200,0,1,220,0,0,0
TF,PY622,39.357314,125.523217,0, ,0.0,0.0,0.0,0.0,1,7200,0,1,220,0,0,0
TF,PY621,39.223933,125.550953,0, ,0.0,0.0,0.0,0.0,1,5300,0,1,200,0,0,0
TF,PY423,39.058794,125.616053,0, ,0.0,0.0,0.0,0.0,1,3000,0,1,180,0,0,0

STAR,GAS11A,17,5
IF,GASAN,39.731944,125.444722, ,0.0,0.0,1,7900,0,1,250,0,0,0
TF,PY435,39.432494,125.580719,0, ,0.0,0.0,0.0,0.0,1,3600,0,1,210,0,0,0

STAR,GAS21A,35,5
IF,GASAN,39.731944,125.444722, ,0.0,0.0,1,12000,0,1,250,0,0,0
TF,PY622,39.357314,125.523217,0, ,0.0,0.0,0.0,0.0,1,7200,0,1,220,0,0,0
TF,PY621,39.223933,125.550953,0, ,0.0,0.0,0.0,0.0,1,5300,0,1,200,0,0,0
TF,PY423,39.058794,125.616053,0, ,0.0,0.0,0.0,0.0,1,3000,0,1,180,0,0,0

STAR,SAS11A,17,5
IF,SASRI,39.026111,125.394722, ,0.0,0.0,1,7900,0,1,250,0,0,0
TF,PY621,39.223933,125.550953,0, ,0.0,0.0,0.0,0.0,1,5000,0,1,230,0,0,0
TF,PY434,39.328278,125.509533,0, ,0.0,0.0,0.0,0.0,1,3600,0,1,210,0,0,0

STAR,SAS21A,35,5
IF,SASRI,39.026111,125.394722, ,0.0,0.0,1,5300,0,1,200,0,0,0
TF,PY423,39.058794,125.616053,0, ,0.0,0.0,0.0,0.0,1,3000,0,1,180,0,0,0

STAR,SOC11A,17,5
IF,SOCHA,39.250000,126.216667, ,0.0,0.0,1,8900,0,1,250,0,0,0
TF,PY426,39.288889,125.883333,0, ,0.0,0.0,0.0,0.0,1,5600,0,1,230,0,0,0
TF,PY433,39.377147,125.714969,0, ,0.0,0.0,0.0,0.0,1,3600,0,1,210,0,0,0

STAR,SOC21A,35,5
IF,SOCHA,39.250000,126.216667, ,0.0,0.0,1,12000,0,1,250,0,0,0
TF,PY426,39.288889,125.883333,0, ,0.0,0.0,0.0,0.0,1,8700,0,1,230,0,0,0
TF,PY621,39.223933,125.550953,0, ,0.0,0.0,0.0,0.0,1,5300,0,1,200,0,0,0
TF,PY423,39.058794,125.616053,0, ,0.0,0.0,0.0,0.0,1,3000,0,1,180,0,0,0

APPTR,I17,17,PY433
IF,PY433,39.377147,125.714969, ,0.0,0.0,1,3600,0,1,210,0,1,0
CF,PY432,39.352750,125.612219,0,IGE,351.0,10.3,261.0,5.0,1,2400,0,1,180,0,1,0

APPTR,I17,17,PY434
IF,PY434,39.328278,125.509533, ,0.0,0.0,1,3600,0,1,210,0,1,0
CF,PY432,39.352750,125.612219,0,IGE,351.0,10.3,81.0,5.0,1,2400,0,1,180,0,1,0

APPTR,I17,17,PY435
IF,PY435,39.432494,125.580719, ,0.0,0.0,1,3600,0,1,210,0,1,0
CF,PY432,39.352750,125.612219,0,IGE,351.0,10.3,171.0,5.0,1,2400,0,1,180,0,1,0

FINAL,I17,17,I,3
IF,PY432,39.352750,125.612219,IGE,351.0,10.3,1,2400,0,1,180,0,0,0
CF,PY431,39.296928,125.634244,0,IGE,351.0,6.8,171.0,3.5,1,1600,0,1,160,0,2,0
CF,RW17,39.220356,125.664431,0,IGE,351.0,2.0,171.0,4.8,1,148,0,0,0,0,3,0
CA,0,171.0,2,770,0,0,0,0,0,0
DF,PY621,39.223933,125.550953,2, ,0.0,0.0,1,3600,0,0,0,0,0,0

APPTR,I35,35,PY423
IF,PY423,39.058794,125.616053, ,0.0,0.0,1,3000,0,1,180,0,1,0
CF,PY422,39.083267,125.718347,0,LW,171.0,8.8,81.0,5.0,2,2000,0,1,180,0,1,0

FINAL,I35,35,I,3
IF,PY422,39.083267,125.718347,LW,171.0,8.8,2,2000,0,1,180,0,0,0
CF,PY421,39.139094,125.696406,0,LW,171.0,5.3,351.0,3.5,1,1200,0,1,160,0,2,0
CF,RW35,39.190858,125.676047,0,LW,171.0,2.0,351.0,3.3,1,145,0,0,0,0,3,0
CF,PY427,39.269961,125.644872,0,GK,343.2,3.4,351.0,5.0,0,0,0,0,0,0,0,1
DF,PY621,39.223933,125.550953,1, ,0.0,0.0,1,3000,0,0,0,0,0,1

APPTR,R17,17,PY433
IF,PY433,39.377147,125.714969, ,0.0,0.0,1,3600,0,1,210,0,1,0
TF,PY432,39.352750,125.612219,0, ,0.0,0.0,0.0,0.0,1,2400,0,1,180,0,1,0

APPTR,R17,17,PY434
IF,PY434,39.328278,125.509533, ,0.0,0.0,1,3600,0,1,210,0,1,0
TF,PY432,39.352750,125.612219,0, ,0.0,0.0,0.0,0.0,1,2400,0,1,180,0,1,0

APPTR,R17,17,PY435
IF,PY435,39.432494,125.580719, ,0.0,0.0,1,3600,0,1,210,0,1,0
TF,PY432,39.352750,125.612219,0, ,0.0,0.0,0.0,0.0,1,2400,0,1,180,0,1,0

FINAL,R17,17,R,3
IF,PY432,39.352750,125.612219, ,0.0,0.0,1,2400,0,1,180,0,0,0
TF,PY431,39.296928,125.634244,0, ,0.0,0.0,171.0,3.5,1,1600,0,1,160,0,2,0
TF,RW17,39.220356,125.664431,0, ,0.0,0.0,171.0,4.8,1,139,0,1,185,0,3,1
DF,PY621,39.223933,125.550953,2, ,0.0,0.0,1,3600,0,1,210,0,0,0

APPTR,R35,35,PY423
IF,PY423,39.058794,125.616053, ,0.0,0.0,1,3000,0,1,180,0,1,0
TF,PY422,39.083267,125.718347,0, ,0.0,0.0,0.0,0.0,2,2000,0,1,180,0,1,0

FINAL,R35,35,R,3
IF,PY422,39.083267,125.718347, ,0.0,0.0,2,2000,0,1,180,0,0,0
TF,PY421,39.139094,125.696406,0, ,0.0,0.0,351.0,3.5,1,1200,0,1,160,0,2,0
TF,RW35,39.190858,125.676047,0, ,0.0,0.0,351.0,3.3,1,129,0,1,185,0,3,1
CF,PY427,39.269961,125.644872,0,GK,343.2,3.4,351.0,5.0,0,0,0,1,220,0,0,1
DF,PY621,39.223933,125.550953,1, ,0.0,0.0,1,3000,0,1,220,0,0,1

