SID,MIM01D,03,2
CD, ,0,0,0,YHD,0,0.0,32.0,3.0,0,0,0,0,0,0,0,0
DF,YHD,38.346667,106.410000,1, ,0.0,0.0,0,0,0,1,205,0,0,0
TF,D101J,38.324731,106.619989,0, ,0.0,0.0,0.0,0.0,0,0,0,0,0,0,0,0
TF,MIMOK,38.200000,107.750000,0, ,0.0,0.0,0.0,0.0,0,0,0,0,0,0,0,0

SID,MIM02D,03,2
CD, ,0,0,0,YHD,0,0.0,32.0,3.0,0,0,0,0,0,0,0,0
DF,D101J,38.324731,106.619989,2, ,0.0,0.0,0,0,0,1,205,0,0,0
TF,MIMOK,38.200000,107.750000,0, ,0.0,0.0,0.0,0.0,0,0,0,0,0,0,0,0

SID,MIM03D,03,2
CD, ,0,0,0,IVO,0,0.0,32.0,4.0,0,0,0,0,0,0,0,0
DF,DWZ27,38.321667,106.616667,2, ,0.0,0.0,0,0,0,0,0,0,0,0
TF,MIMOK,38.200000,107.750000,0, ,0.0,0.0,0.0,0.0,0,0,0,0,0,0,0,0

SID,MIM09D,03,5
CF,YC501,38.391389,106.442500,0,YHD,32.8,3.1,32.0,4.0,0,0,0,0,0,0,0,1
DF,YC505,38.311944,106.753056,2, ,0.0,0.0,0,0,0,1,205,0,0,0
TF,MIMOK,38.200000,107.750000,0, ,0.0,0.0,0.0,0.0,0,0,0,0,0,0,0,0

SID,MIM11D,21,2
CA,0,212.0,2,4930,0,0,0,0,0,0
DF,YHD,38.346667,106.410000,2, ,0.0,0.0,0,0,0,1,205,0,0,0
TF,D101J,38.324731,106.619989,0, ,0.0,0.0,0.0,0.0,0,0,0,0,0,0,0,0
TF,MIMOK,38.200000,107.750000,0, ,0.0,0.0,0.0,0.0,0,0,0,0,0,0,0,0

SID,MIM12D,21,2
CA,0,212.0,2,4930,0,0,0,0,0,0
DF,D163M,38.142350,106.494372,1, ,0.0,0.0,0,0,0,1,205,0,0,0
TF,D101J,38.324731,106.619989,0, ,0.0,0.0,0.0,0.0,0,0,0,0,0,0,0,0
TF,MIMOK,38.200000,107.750000,0, ,0.0,0.0,0.0,0.0,0,0,0,0,0,0,0,0

SID,MIM13D,21,2
CA,0,212.0,2,4930,0,0,0,0,0,0
DF,V,38.343203,106.407953,2, ,0.0,0.0,0,0,0,0,0,0,0,0
TF,DWZ27,38.321667,106.616667,0, ,0.0,0.0,0.0,0.0,0,0,0,0,0,0,0,0
TF,MIMOK,38.200000,107.750000,0, ,0.0,0.0,0.0,0.0,0,0,0,0,0,0,0,0

SID,MIM14D,21,2
CA,0,212.0,2,4930,0,0,0,0,0,0
DF,D032O,38.148333,106.500000,0, ,0.0,0.0,0,0,0,0,0,0,0,0
TF,DWZ27,38.321667,106.616667,1, ,0.0,0.0,0.0,0.0,0,0,0,0,0,0,0,0
TF,MIMOK,38.200000,107.750000,0, ,0.0,0.0,0.0,0.0,0,0,0,0,0,0,0,0

SID,MIM18D,21,5
CA,0,212.0,2,4930,0,0,0,0,0,0
DF,YHD,38.346667,106.410000,2, ,0.0,0.0,2,5910,0,1,205,0,0,0
TF,YC505,38.311944,106.753056,0, ,0.0,0.0,0.0,0.0,0,0,0,0,0,0,0,0
TF,MIMOK,38.200000,107.750000,0, ,0.0,0.0,0.0,0.0,0,0,0,0,0,0,0,0

SID,MIM19D,21,5
CA,0,212.0,2,4930,0,0,0,0,0,0
DF,YC505,38.311944,106.753056,1, ,0.0,0.0,0,0,0,1,205,0,0,0
TF,MIMOK,38.200000,107.750000,0, ,0.0,0.0,0.0,0.0,0,0,0,0,0,0,0,0

SID,OPU01D,03,2
CD, ,0,0,0,YHD,0,0.0,32.0,3.0,0,0,0,0,0,0,0,0
DF,YHD,38.346667,106.410000,2, ,0.0,0.0,0,0,0,1,205,0,0,0
TF,D294L,38.417919,106.172297,0, ,0.0,0.0,0.0,0.0,2,9850,0,0,0,0,0,0
TF,D294W,38.482811,105.953994,0, ,0.0,0.0,0.0,0.0,2,12800,0,0,0,0,0,0
TF,OPULI,38.735000,105.088333,0, ,0.0,0.0,0.0,0.0,0,0,0,0,0,0,0,0

SID,OPU02D,03,2
CD, ,0,0,0,YHD,0,0.0,32.0,3.0,0,0,0,0,0,0,0,0
DF,D294L,38.417919,106.172297,1, ,0.0,0.0,2,9850,0,1,205,0,0,1
TF,D294W,38.482811,105.953994,0, ,0.0,0.0,0.0,0.0,2,12800,0,0,0,0,0,0
TF,OPULI,38.735000,105.088333,0, ,0.0,0.0,0.0,0.0,0,0,0,0,0,0,0,0

SID,OPU03D,03,2
CD, ,0,0,0,IVO,0,0.0,32.0,4.0,0,0,0,0,0,0,0,0
DF,V,38.343203,106.407953,2, ,0.0,0.0,0,0,0,0,0,0,0,0
TF,DWZ38,38.480000,105.953333,0, ,0.0,0.0,0.0,0.0,2,12800,0,0,0,0,0,0
TF,OPULI,38.735000,105.088333,0, ,0.0,0.0,0.0,0.0,0,0,0,0,0,0,0,0

SID,OPU08D,03,5
CF,YC501,38.391389,106.442500,0,YHD,32.8,3.1,32.0,4.0,0,0,0,0,0,0,0,1
DF,YC503,38.395833,106.250833,1, ,0.0,0.0,2,6890,0,1,205,0,0,0
TF,YC724,38.466111,106.014722,0, ,0.0,0.0,0.0,0.0,2,9850,0,0,0,0,0,0
TF,YC504,38.513056,105.853889,0, ,0.0,0.0,0.0,0.0,2,11800,0,0,0,0,0,0
TF,OPULI,38.735000,105.088333,0, ,0.0,0.0,0.0,0.0,0,0,0,0,0,0,0,0

SID,OPU09D,03,5
CF,YC501,38.391389,106.442500,0,YHD,32.8,3.1,32.0,4.0,0,0,0,0,0,0,0,1
DF,YHD,38.346667,106.410000,2, ,0.0,0.0,2,5910,0,1,205,0,0,0
TF,YC503,38.395833,106.250833,0, ,0.0,0.0,0.0,0.0,2,6890,0,0,0,0,0,0
TF,YC724,38.466111,106.014722,0, ,0.0,0.0,0.0,0.0,2,9850,0,0,0,0,0,0
TF,YC504,38.513056,105.853889,0, ,0.0,0.0,0.0,0.0,2,11800,0,0,0,0,0,0
TF,OPULI,38.735000,105.088333,0, ,0.0,0.0,0.0,0.0,0,0,0,0,0,0,0,0

SID,OPU11D,21,2
CA,0,212.0,2,4930,0,0,0,0,0,0
DF,YHD,38.346667,106.410000,1, ,0.0,0.0,0,0,0,1,205,0,0,0
TF,D294W,38.482811,105.953994,0, ,0.0,0.0,0.0,0.0,2,12800,0,0,0,0,0,0
TF,OPULI,38.735000,105.088333,0, ,0.0,0.0,0.0,0.0,0,0,0,0,0,0,0,0

SID,OPU12D,21,2
CA,0,212.0,2,4930,0,0,0,0,0,0
DF,D241O,38.213733,106.140989,0, ,0.0,0.0,0,0,0,1,205,0,0,0
TF,D294W,38.482811,105.953994,0, ,0.0,0.0,0.0,0.0,2,12800,0,0,0,0,0,0
TF,OPULI,38.735000,105.088333,0, ,0.0,0.0,0.0,0.0,0,0,0,0,0,0,0,0

SID,OPU13D,21,2
CA,0,212.0,2,4930,0,0,0,0,0,0
DF,V,38.343203,106.407953,1, ,0.0,0.0,0,0,0,0,0,0,0,0
TF,DWZ38,38.480000,105.953333,0, ,0.0,0.0,0.0,0.0,2,12800,0,0,0,0,0,0
TF,OPULI,38.735000,105.088333,0, ,0.0,0.0,0.0,0.0,0,0,0,0,0,0,0,0

SID,OPU18D,21,5
CA,0,212.0,2,4930,0,0,0,0,0,0
DF,YC503,38.395833,106.250833,2, ,0.0,0.0,2,6890,0,1,205,0,0,0
TF,YC724,38.466111,106.014722,0, ,0.0,0.0,0.0,0.0,2,9850,0,0,0,0,0,0
TF,YC504,38.513056,105.853889,0, ,0.0,0.0,0.0,0.0,2,11800,0,0,0,0,0,0
TF,OPULI,38.735000,105.088333,0, ,0.0,0.0,0.0,0.0,0,0,0,0,0,0,0,0

SID,OPU19D,21,5
CA,0,212.0,2,4930,0,0,0,0,0,0
DF,YHD,38.346667,106.410000,1, ,0.0,0.0,2,5910,0,1,205,0,0,0
TF,YC503,38.395833,106.250833,0, ,0.0,0.0,0.0,0.0,2,6890,0,0,0,0,0,0
TF,YC724,38.466111,106.014722,0, ,0.0,0.0,0.0,0.0,2,9850,0,0,0,0,0,0
TF,YC504,38.513056,105.853889,0, ,0.0,0.0,0.0,0.0,2,11800,0,0,0,0,0,0
TF,OPULI,38.735000,105.088333,0, ,0.0,0.0,0.0,0.0,0,0,0,0,0,0,0,0

SID,P1501D,03,2
CD, ,0,0,0,YHD,0,0.0,32.0,3.0,0,0,0,0,0,0,0,0
DF,YHD,38.346667,106.410000,2, ,0.0,0.0,0,0,0,1,205,0,0,0
TF,P152,37.856667,105.418333,0, ,0.0,0.0,0.0,0.0,0,0,0,0,0,0,0,0
TF,JTA,37.196667,104.080000,0, ,0.0,0.0,0.0,0.0,0,0,0,0,0,0,0,0

SID,P1502D,03,2
CD, ,0,0,0,YHD,0,0.0,32.0,3.0,0,0,0,0,0,0,0,0
DF,D101J,38.324731,106.619989,2, ,0.0,0.0,0,0,0,1,205,0,0,0
TF,DWZ,37.921667,106.343333,0, ,0.0,0.0,0.0,0.0,0,0,0,0,0,0,0,0
TF,P152,37.856667,105.418333,0, ,0.0,0.0,0.0,0.0,0,0,0,0,0,0,0,0
TF,JTA,37.196667,104.080000,0, ,0.0,0.0,0.0,0.0,0,0,0,0,0,0,0,0

SID,P1503D,03,2
CD, ,0,0,0,IVO,0,0.0,32.0,4.0,0,0,0,0,0,0,0,0
DF,V,38.343203,106.407953,2, ,0.0,0.0,0,0,0,1,205,0,0,0
TF,P152,37.856667,105.418333,0, ,0.0,0.0,0.0,0.0,0,0,0,0,0,0,0,0
TF,JTA,37.196667,104.080000,0, ,0.0,0.0,0.0,0.0,0,0,0,0,0,0,0,0

SID,P1508D,03,5
CF,YC501,38.391389,106.442500,0,YHD,32.8,3.1,32.0,4.0,0,0,0,0,0,0,0,1
DF,YC507,38.038889,106.557500,2, ,0.0,0.0,0,0,0,1,205,0,0,0
TF,DWZ,37.921667,106.343333,0, ,0.0,0.0,0.0,0.0,0,0,0,0,0,0,0,0
TF,P152,37.856667,105.418333,0, ,0.0,0.0,0.0,0.0,0,0,0,0,0,0,0,0
TF,JTA,37.196667,104.080000,0, ,0.0,0.0,0.0,0.0,0,0,0,0,0,0,0,0

SID,P1509D,03,5
CF,YC501,38.391389,106.442500,0,YHD,32.8,3.1,32.0,4.0,0,0,0,0,0,0,0,1
DF,YHD,38.346667,106.410000,2, ,0.0,0.0,2,5910,0,1,205,0,0,0
TF,YC502,38.229444,106.168333,0, ,0.0,0.0,0.0,0.0,0,0,0,0,0,0,0,0
TF,P152,37.856667,105.418333,0, ,0.0,0.0,0.0,0.0,0,0,0,0,0,0,0,0
TF,JTA,37.196667,104.080000,0, ,0.0,0.0,0.0,0.0,0,0,0,0,0,0,0,0

SID,P1511D,21,2
CA,0,212.0,2,4930,0,0,0,0,0,0
DF,D241O,38.213733,106.140989,0, ,0.0,0.0,0,0,0,1,205,0,0,0
TF,P152,37.856667,105.418333,0, ,0.0,0.0,0.0,0.0,0,0,0,0,0,0,0,0
TF,JTA,37.196667,104.080000,0, ,0.0,0.0,0.0,0.0,0,0,0,0,0,0,0,0

SID,P1512D,21,2
CA,0,212.0,2,4930,0,0,0,0,0,0
DF,D268L,37.906667,106.103333,0, ,0.0,0.0,0,0,0,0,0,0,0,0
TF,P152,37.856667,105.418333,0, ,0.0,0.0,0.0,0.0,0,0,0,0,0,0,0,0
TF,JTA,37.196667,104.080000,0, ,0.0,0.0,0.0,0.0,0,0,0,0,0,0,0,0

SID,P1513D,21,2
CA,0,212.0,2,4930,0,0,0,0,0,0
CF,D268L,37.906667,106.103333,0,DWZ,268.6,11.4,212.0,26.0,0,0,0,0,0,0,0,0
TF,P152,37.856667,105.418333,0, ,0.0,0.0,0.0,0.0,0,0,0,0,0,0,0,0
TF,JTA,37.196667,104.080000,0, ,0.0,0.0,0.0,0.0,0,0,0,0,0,0,0,0

SID,P1518D,21,5
CA,0,212.0,2,4930,0,0,0,0,0,0
CF,YC705,37.905556,106.097500,0,YHD,212.3,30.3,212.0,28.0,0,0,0,0,0,0,0,0
TF,P152,37.856667,105.418333,0, ,0.0,0.0,0.0,0.0,0,0,0,0,0,0,0,0
TF,JTA,37.196667,104.080000,0, ,0.0,0.0,0.0,0.0,0,0,0,0,0,0,0,0

SID,P1519D,21,5
CA,0,212.0,2,4930,0,0,0,0,0,0
DF,YC502,38.229444,106.168333,0, ,0.0,0.0,0,0,0,1,205,0,0,0
TF,P152,37.856667,105.418333,0, ,0.0,0.0,0.0,0.0,0,0,0,0,0,0,0,0
TF,JTA,37.196667,104.080000,0, ,0.0,0.0,0.0,0.0,0,0,0,0,0,0,0,0

STAR,MIM01A,03,2
IF,MIMOK,38.200000,107.750000, ,0.0,0.0,0,0,0,0,0,0,0,0
TF,D101S,38.304669,106.808869,0, ,0.0,0.0,0.0,0.0,2,9850,0,0,0,0,0,0
TF,YHD,38.346667,106.410000,0, ,0.0,0.0,0.0,0.0,2,8860,0,0,0,0,0,0

STAR,MIM02A,03,2
IF,MIMOK,38.200000,107.750000, ,0.0,0.0,0,0,0,0,0,0,0,0
TF,D101S,38.304669,106.808869,0, ,0.0,0.0,0.0,0.0,2,9850,0,0,0,0,0,0
TF,D101L,38.320300,106.661969,0, ,0.0,0.0,0.0,0.0,0,0,0,0,0,0,0,1
CF,D160L,38.162325,106.509083,0,DWZ,31.5,16.4,212.0,10.0,2,7880,0,0,0,0,0,0

STAR,MIM03A,03,2
IF,MIMOK,38.200000,107.750000, ,0.0,0.0,0,0,0,0,0,0,0,0
TF,V,38.343203,106.407953,0, ,0.0,0.0,0.0,0.0,2,8860,0,1,205,0,0,0

STAR,MIM09A,03,5
IF,MIMOK,38.200000,107.750000, ,0.0,0.0,0,0,0,0,0,0,0,0
TF,YC722,38.292222,106.936111,0, ,0.0,0.0,0.0,0.0,2,11800,0,0,0,0,0,0
TF,YC719,38.268333,106.590556,0, ,0.0,0.0,0.0,0.0,2,8860,0,0,0,0,0,0
TF,YC718,38.065000,106.445278,0, ,0.0,0.0,0.0,0.0,2,7880,0,1,205,0,0,0

STAR,MIM11A,21,2
IF,MIMOK,38.200000,107.750000, ,0.0,0.0,0,0,0,0,0,0,0,0
TF,D101X,38.293392,106.913758,0, ,0.0,0.0,0.0,0.0,2,9850,0,0,0,0,0,0
TF,YHD,38.346667,106.410000,0, ,0.0,0.0,0.0,0.0,2,8860,0,0,0,0,0,0

STAR,MIM12A,21,2
IF,MIMOK,38.200000,107.750000, ,0.0,0.0,0,0,0,0,0,0,0,0
TF,D101X,38.293392,106.913758,0, ,0.0,0.0,0.0,0.0,2,9850,0,0,0,0,0,0
TF,D101L,38.320300,106.661969,0, ,0.0,0.0,0.0,0.0,0,0,0,0,0,0,0,1
CF,D066Q,38.474992,106.731472,2,YHD,66.0,17.0,32.0,7.0,0,0,0,0,0,0,0,1
DF,D054R,38.535283,106.707133,1, ,0.0,0.0,2,7880,0,0,0,0,0,0

STAR,MIM13A,21,2
IF,MIMOK,38.200000,107.750000, ,0.0,0.0,0,0,0,0,0,0,0,0
TF,V,38.343203,106.407953,0, ,0.0,0.0,0.0,0.0,2,8860,0,1,205,0,0,0

STAR,MIM19A,21,5
IF,MIMOK,38.200000,107.750000, ,0.0,0.0,0,0,0,0,0,0,0,0
TF,YC821,38.285278,106.998889,0, ,0.0,0.0,0.0,0.0,2,11800,0,0,0,0,0,0
TF,YC804,38.419722,106.699167,0, ,0.0,0.0,0.0,0.0,2,7880,0,1,205,0,0,0

STAR,OPU01A,03,2
IF,OPULI,38.735000,105.088333, ,0.0,0.0,0,0,0,0,0,0,0,0
TF,YHD30,38.523894,105.814869,0, ,0.0,0.0,0.0,0.0,2,13800,0,0,0,0,0,0
TF,YHD,38.346667,106.410000,0, ,0.0,0.0,0.0,0.0,2,8860,0,0,0,0,0,0
TF,D114H,38.298725,106.568125,0, ,0.0,0.0,0.0,0.0,0,0,0,0,0,0,0,1
CF,D160L,38.162325,106.509083,2,DWZ,31.5,16.4,212.0,6.0,2,7880,0,0,0,0,0,0

STAR,OPU02A,03,2
IF,OPULI,38.735000,105.088333, ,0.0,0.0,0,0,0,0,0,0,0,0
TF,YHD30,38.523894,105.814869,0, ,0.0,0.0,0.0,0.0,2,13800,0,0,0,0,0,0
TF,YHD,38.346667,106.410000,0, ,0.0,0.0,0.0,0.0,2,8860,0,0,0,0,0,0
TF,D114H,38.298725,106.568125,0, ,0.0,0.0,0.0,0.0,0,0,0,0,0,0,0,1
CF,D160L,38.162325,106.509083,2,DWZ,31.5,16.4,212.0,6.0,0,0,0,0,0,0,0,0
TF,DWZ,37.921667,106.343333,0, ,0.0,0.0,0.0,0.0,2,8860,0,0,0,0,0,0

STAR,OPU03A,03,2
IF,OPULI,38.735000,105.088333, ,0.0,0.0,0,0,0,0,0,0,0,0
TF,DWZ44,38.520000,105.818333,0, ,0.0,0.0,0.0,0.0,2,13800,0,0,0,0,0,0
TF,V,38.343203,106.407953,0, ,0.0,0.0,0.0,0.0,2,8860,0,1,205,0,0,0

STAR,OPU09A,03,5
IF,OPULI,38.735000,105.088333, ,0.0,0.0,0,0,0,0,0,0,0,0
TF,YC724,38.466111,106.014722,0, ,0.0,0.0,0.0,0.0,2,14800,0,0,0,0,0,0
TF,YHD,38.346667,106.410000,0, ,0.0,0.0,0.0,0.0,0,0,0,0,0,0,0,0
TF,YC719,38.268333,106.590556,0, ,0.0,0.0,0.0,0.0,2,8860,0,0,0,0,0,0
TF,YC718,38.065000,106.445278,0, ,0.0,0.0,0.0,0.0,2,7880,0,1,205,0,0,0

STAR,OPU11A,21,2
IF,OPULI,38.735000,105.088333, ,0.0,0.0,0,0,0,0,0,0,0,0
TF,YHD30,38.523894,105.814869,0, ,0.0,0.0,0.0,0.0,2,13800,0,0,0,0,0,0
TF,YHD,38.346667,106.410000,0, ,0.0,0.0,0.0,0.0,2,8860,0,0,0,0,0,0
TF,D114H,38.298725,106.568125,0, ,0.0,0.0,0.0,0.0,0,0,0,0,0,0,0,1
CF,D066Q,38.474992,106.731472,0,YHD,66.0,17.0,32.0,10.0,0,0,0,0,0,0,0,1
DF,D054R,38.535283,106.707133,1, ,0.0,0.0,2,7880,0,0,0,0,0,0

STAR,OPU12A,21,2
IF,OPULI,38.735000,105.088333, ,0.0,0.0,0,0,0,0,0,0,0,0
TF,DWZ44,38.520000,105.818333,0, ,0.0,0.0,0.0,0.0,2,13800,0,0,0,0,0,0
TF,V,38.343203,106.407953,0, ,0.0,0.0,0.0,0.0,2,8860,0,1,205,0,0,0

STAR,OPU19A,21,5
IF,OPULI,38.735000,105.088333, ,0.0,0.0,0,0,0,0,0,0,0,0
TF,YC724,38.466111,106.014722,0, ,0.0,0.0,0.0,0.0,2,14800,0,0,0,0,0,0
TF,YHD,38.346667,106.410000,0, ,0.0,0.0,0.0,0.0,0,0,0,0,0,0,0,0
TF,YC719,38.268333,106.590556,0, ,0.0,0.0,0.0,0.0,2,8860,0,0,0,0,0,0
TF,YC804,38.419722,106.699167,0, ,0.0,0.0,0.0,0.0,2,7880,0,1,205,0,0,0

STAR,P1501A,03,2
IF,JTA,37.196667,104.080000, ,0.0,0.0,0,0,0,0,0,0,0,0
TF,P152,37.856667,105.418333,0, ,0.0,0.0,0.0,0.0,0,0,0,0,0,0,0,0
TF,D268L,37.906667,106.103333,0, ,0.0,0.0,0.0,0.0,2,8860,0,1,205,0,0,0

STAR,P1502A,03,2
IF,JTA,37.196667,104.080000, ,0.0,0.0,0,0,0,0,0,0,0,0
TF,P152,37.856667,105.418333,0, ,0.0,0.0,0.0,0.0,0,0,0,0,0,0,0,0
TF,D268L,37.906667,106.103333,0, ,0.0,0.0,0.0,0.0,2,8860,0,0,0,0,0,0
TF,DWZ,37.921667,106.343333,0, ,0.0,0.0,0.0,0.0,2,8860,0,1,205,0,0,0

STAR,P1503A,03,2
IF,JTA,37.196667,104.080000, ,0.0,0.0,0,0,0,0,0,0,0,0
TF,P152,37.856667,105.418333,0, ,0.0,0.0,0.0,0.0,0,0,0,0,0,0,0,0
TF,D268L,37.906667,106.103333,0, ,0.0,0.0,0.0,0.0,2,8860,0,1,205,0,0,0

STAR,P1509A,03,5
IF,JTA,37.196667,104.080000, ,0.0,0.0,0,0,0,0,0,0,0,0
TF,P152,37.856667,105.418333,0, ,0.0,0.0,0.0,0.0,0,0,0,0,0,0,0,0
TF,YC705,37.905556,106.097500,0, ,0.0,0.0,0.0,0.0,2,7880,0,0,0,0,0,0
TF,YC706,38.002500,106.165556,0, ,0.0,0.0,0.0,0.0,2,6890,0,1,205,0,0,0

STAR,P1511A,21,2
IF,JTA,37.196667,104.080000, ,0.0,0.0,0,0,0,0,0,0,0,0
TF,P152,37.856667,105.418333,0, ,0.0,0.0,0.0,0.0,0,0,0,0,0,0,0,0
TF,YHD,38.346667,106.410000,0, ,0.0,0.0,0.0,0.0,2,8860,0,1,205,0,0,0

STAR,P1512A,21,2
IF,JTA,37.196667,104.080000, ,0.0,0.0,0,0,0,0,0,0,0,0
TF,P152,37.856667,105.418333,0, ,0.0,0.0,0.0,0.0,0,0,0,0,0,0,0,0
TF,DWZ,37.921667,106.343333,0, ,0.0,0.0,0.0,0.0,0,0,0,0,0,0,0,0
TF,D066Q,38.474992,106.731472,0, ,0.0,0.0,0.0,0.0,0,0,0,0,0,0,0,1
DF,D054R,38.535283,106.707133,1, ,0.0,0.0,2,7880,0,1,205,0,0,0

STAR,P1513A,21,2
IF,JTA,37.196667,104.080000, ,0.0,0.0,0,0,0,0,0,0,0,0
TF,P152,37.856667,105.418333,0, ,0.0,0.0,0.0,0.0,0,0,0,0,0,0,0,0
TF,V,38.343203,106.407953,0, ,0.0,0.0,0.0,0.0,2,8860,0,1,205,0,0,0

STAR,P1518A,21,5
IF,JTA,37.196667,104.080000, ,0.0,0.0,0,0,0,0,0,0,0,0
TF,P152,37.856667,105.418333,0, ,0.0,0.0,0.0,0.0,0,0,0,0,0,0,0,0
TF,YHD,38.346667,106.410000,0, ,0.0,0.0,0.0,0.0,0,0,0,0,0,0,0,0
TF,YC719,38.268333,106.590556,0, ,0.0,0.0,0.0,0.0,2,8860,0,0,0,0,0,0
TF,YC804,38.419722,106.699167,0, ,0.0,0.0,0.0,0.0,2,7880,0,1,205,0,0,0

STAR,P1519A,21,5
IF,JTA,37.196667,104.080000, ,0.0,0.0,0,0,0,0,0,0,0,0
TF,P152,37.856667,105.418333,0, ,0.0,0.0,0.0,0.0,0,0,0,0,0,0,0,0
TF,DWZ,37.921667,106.343333,0, ,0.0,0.0,0.0,0.0,2,11800,0,0,0,0,0,0
TF,YC719,38.268333,106.590556,0, ,0.0,0.0,0.0,0.0,2,8860,0,0,0,0,0,0
TF,YC804,38.419722,106.699167,0, ,0.0,0.0,0.0,0.0,2,7880,0,1,205,0,0,0

APPTR,D03,03,D160L
IF,D160L,38.162325,106.509083, ,0.0,0.0,2,7880,0,1,205,0,1,0
CF,D183T,38.012967,106.410000,0,YHD,183.0,20.0,212.0,10.1,0,0,0,0,0,0,0,1
CF,CF03,38.142914,106.267425,2,YHD,211.9,14.0,347.0,8.0,2,5910,0,0,0,0,1,0

APPTR,D03,03,D268L
IF,D268L,37.906667,106.103333, ,0.0,0.0,2,8860,0,1,205,0,1,0
CF,CF03,38.142914,106.267425,0,YHD,211.9,14.0,32.0,16.3,2,5910,0,0,0,0,1,0

APPTR,D03,03,DWZ
IF,DWZ,37.921667,106.343333, ,0.0,0.0,2,8860,0,1,205,0,1,0
CF,CF03,38.142914,106.267425,0,YHD,211.9,14.0,347.0,13.7,2,5910,0,0,0,0,1,0

APPTR,D03,03,YHD1
IF,YHD,38.346667,106.410000, ,0.0,0.0,2,8860,0,1,205,0,1,0
FD,YHD,38.346667,106.410000,0,YHD,0.0,14.0,226.0,14.0,2,5910,0,0,0,0,0,0
CF,CF03,38.142914,106.267425,1,YHD,211.9,14.0,32.0,1.0,2,5910,0,0,0,0,1,0

APPTR,D03,03,YHD2
IF,YHD,38.346667,106.410000, ,0.0,0.0,2,8860,0,1,205,0,1,0
FD,YHD,38.346667,106.410000,0,YHD,0.0,14.0,219.0,14.0,2,5910,0,0,0,0,0,0
CF,CF03,38.142914,106.267425,1,YHD,211.9,14.0,32.0,1.0,2,5910,0,0,0,0,1,0

FINAL,D03,03,D,4
IF,CF03,38.142914,106.267425,YHD,211.9,14.0,2,5910,0,0,0,0,0,0
CF,FF03,38.208628,106.313431,0,YHD,211.9,9.5,32.0,4.5,2,5910,0,0,0,0,2,0
CF,50VOR,38.273692,106.358694,0,YHD,212.0,5.0,32.0,4.5,2,4500,0,0,0,0,0,0
CF,MD03,38.297044,106.375100,0,YHD,212.0,3.4,32.0,1.6,1,4009,0,0,0,0,3,0
CF,YHD,38.346667,106.410000,0,YHD,0.0,0.0,32.0,3.4,0,0,0,0,0,0,0,0
FD,YHD,38.346667,106.410000,0,YHD,0.0,5.4,32.0,5.4,2,4930,0,0,0,0,0,0
DF,YHD,38.346667,106.410000,2, ,0.0,0.0,2,5910,0,1,205,0,0,0

APPTR,D21,21,D054R
IF,D054R,38.535283,106.707133, ,0.0,0.0,2,7880,0,1,205,0,1,0
CF,CF21,38.499367,106.518156,0,YHD,32.1,10.5,257.0,9.2,2,5910,0,0,0,0,1,0

APPTR,D21,21,YHD1
IF,YHD,38.346667,106.410000, ,0.0,0.0,2,8860,0,1,205,0,1,0
FD,YHD,38.346667,106.410000,0,YHD,0.0,10.4,13.0,10.4,2,5910,0,0,0,0,0,0
CF,CF21,38.499367,106.518156,2,YHD,32.1,10.5,212.0,1.0,2,5910,0,0,0,0,1,0

APPTR,D21,21,YHD2
IF,YHD,38.346667,106.410000, ,0.0,0.0,2,8860,0,1,205,0,1,0
FD,YHD,38.346667,106.410000,0,YHD,0.0,10.4,22.0,10.4,2,5910,0,0,0,0,0,0
CF,CF21,38.499367,106.518156,2,YHD,32.1,10.5,212.0,1.0,2,5910,0,0,0,0,1,0

FINAL,D21,21,D,3
IF,CF21,38.499367,106.518156,YHD,32.1,10.5,2,5910,0,0,0,0,0,0
CF,FF21,38.433739,106.471775,0,YHD,32.2,6.0,212.0,4.5,2,5910,0,0,0,0,2,0
CF,YHD,38.346667,106.410000,0,YHD,0.0,0.0,212.0,6.0,1,3992,0,0,0,0,3,0
FD,YHD,38.346667,106.410000,0,YHD,0.0,9.0,212.0,9.0,2,4930,0,0,0,0,0,0
DF,YHD,38.346667,106.410000,2, ,0.0,0.0,2,5910,0,1,205,0,0,0

APPTR,I03-Y,03,D160L
IF,D160L,38.162325,106.509083, ,0.0,0.0,2,7880,0,1,205,0,1,0
CF,D183T,38.012967,106.410000,0,YHD,183.0,20.0,212.0,10.1,0,0,0,0,0,0,0,1
CF,CF03,38.142914,106.267425,2,ITY,212.0,13.3,347.0,8.0,2,5910,0,0,0,0,1,0

APPTR,I03-Y,03,D268L
IF,D268L,37.906667,106.103333, ,0.0,0.0,2,8860,0,1,205,0,1,0
FC,D268L,37.906667,106.103333,0,YHD,0.0,0.0,32.0,12.3,0,0,0,0,0,0,0,0
CF,CF03,38.142914,106.267425,0,ITY,212.0,13.3,32.0,4.0,2,5910,0,0,0,0,1,0

APPTR,I03-Y,03,DWZ
IF,DWZ,37.921667,106.343333, ,0.0,0.0,2,8860,0,1,205,0,1,0
FC,DWZ,37.921667,106.343333,0,YHD,0.0,0.0,347.0,9.7,0,0,0,0,0,0,0,1
CF,CF03,38.142914,106.267425,0,ITY,212.0,13.3,347.0,4.0,2,5910,0,0,0,0,1,0

APPTR,I03-Y,03,YHD1
IF,YHD,38.346667,106.410000, ,0.0,0.0,2,8860,0,1,205,0,1,0
FD,YHD,38.346667,106.410000,0,YHD,0.0,14.0,226.0,14.0,2,5910,0,0,0,0,0,0
CF,CF03,38.142914,106.267425,1,ITY,212.0,13.3,32.0,1.0,2,5910,0,0,0,0,1,0

APPTR,I03-Y,03,YHD2
IF,YHD,38.346667,106.410000, ,0.0,0.0,2,8860,0,1,205,0,1,0
FD,YHD,38.346667,106.410000,0,YHD,0.0,14.0,219.0,14.0,2,5910,0,0,0,0,0,0
CF,CF03,38.142914,106.267425,1,ITY,212.0,13.3,32.0,1.0,2,5910,0,0,0,0,1,0

FINAL,I03-Y,03,I,3
IF,CF03,38.142914,106.267425,ITY,212.0,13.3,2,5910,0,0,0,0,0,0
CF,FF03,38.208628,106.313431,0,ITY,212.0,8.8,32.0,4.5,1,5910,0,0,0,0,2,0
CF,RW03,38.306958,106.382453,0,ITY,212.0,2.1,32.0,6.7,1,3789,0,0,0,0,3,0
CF,YHD,38.346667,106.410000,0,YHD,0.0,0.0,32.0,2.7,0,0,0,0,0,0,0,0
FD,YHD,38.346667,106.410000,0,YHD,0.0,5.4,32.0,5.4,2,4930,0,0,0,0,0,0
DF,YHD,38.346667,106.410000,2, ,0.0,0.0,2,5910,0,1,205,0,0,0

APPTR,I03-Z,03,YC706
IF,YC706,38.002500,106.165556, ,0.0,0.0,2,6890,0,1,205,0,1,0
TF,YC707,38.073333,106.215833,0, ,0.0,0.0,0.0,0.0,0,0,0,0,0,0,0,0
CF,YC708,38.144444,106.266389,0,ITY,212.4,13.3,32.0,4.9,2,5910,0,0,0,0,1,0

APPTR,I03-Z,03,YC718
IF,YC718,38.065000,106.445278, ,0.0,0.0,2,7880,0,1,205,0,1,0
TF,YC717,37.994167,106.394722,0, ,0.0,0.0,0.0,0.0,0,0,0,0,0,0,0,0
TF,DWZ,37.921667,106.343333,0, ,0.0,0.0,0.0,0.0,0,0,0,0,0,0,0,0
TF,YC706,38.002500,106.165556,0, ,0.0,0.0,0.0,0.0,0,0,0,0,0,0,0,0
TF,YC707,38.073333,106.215833,0, ,0.0,0.0,0.0,0.0,0,0,0,0,0,0,0,0
CF,YC708,38.144444,106.266389,0,ITY,212.4,13.3,32.0,4.9,2,5910,0,0,0,0,1,0

FINAL,I03-Z,03,I,3
IF,YC708,38.144444,106.266389,ITY,212.4,13.3,2,5910,0,0,0,0,0,0
CF,FF03,38.208628,106.313431,0,ITY,212.0,8.8,32.0,4.4,1,5910,0,0,0,0,2,0
CF,RW03,38.306958,106.382453,0,ITY,212.0,2.1,32.0,6.7,1,3789,0,0,0,0,3,0
FA,RW03,38.306958,106.382453,0,YHD,0.0,0.0,32.0,2,4930,0,0,0,0,0,0
DF,YHD,38.346667,106.410000,2, ,0.0,0.0,2,5910,0,1,205,0,0,0

APPTR,I21-Y,21,D054R
IF,D054R,38.535283,106.707133, ,0.0,0.0,2,7880,0,1,205,0,1,0
FC,D054R,38.535283,106.707133,0,YHD,0.0,0.0,257.0,8.0,0,0,0,0,0,0,0,0
CF,CF21,38.499367,106.518156,0,IVO,32.0,13.3,257.0,1.2,2,5910,0,0,0,0,1,0

APPTR,I21-Y,21,YHD1
IF,YHD,38.346667,106.410000, ,0.0,0.0,2,8860,0,1,205,0,1,0
FD,YHD,38.346667,106.410000,0,YHD,0.0,10.4,13.0,10.4,2,5910,0,0,0,0,0,0
CF,CF21,38.499367,106.518156,2,IVO,32.0,13.3,212.0,1.0,2,5910,0,0,0,0,1,0

APPTR,I21-Y,21,YHD2
IF,YHD,38.346667,106.410000, ,0.0,0.0,2,8860,0,1,205,0,1,0
FD,YHD,38.346667,106.410000,0,YHD,0.0,10.4,22.0,10.4,2,5910,0,0,0,0,0,0
CF,CF21,38.499367,106.518156,2,IVO,32.0,13.3,212.0,1.0,2,5910,0,0,0,0,1,0

FINAL,I21-Y,21,I,3
IF,CF21,38.499367,106.518156,IVO,32.0,13.3,2,5910,0,0,0,0,0,0
CF,FF21,38.433739,106.471775,0,IVO,32.0,8.8,212.0,4.5,1,5910,0,0,0,0,2,0
CF,RW21,38.335328,106.402408,0,IVO,32.0,2.1,212.0,6.8,1,3745,0,0,0,0,3,0
FD,RW21,38.335328,106.402408,0,YHD,210.8,9.0,212.0,9.0,2,4930,0,0,0,0,0,0
DF,YHD,38.346667,106.410000,2, ,0.0,0.0,2,5910,0,1,205,0,0,0

APPTR,I21-Z,21,YC804
IF,YC804,38.419722,106.699167, ,0.0,0.0,2,7880,0,1,205,0,1,0
TF,YC817,38.490000,106.750000,0, ,0.0,0.0,0.0,0.0,0,0,0,0,0,0,0,0
TF,YC816,38.560278,106.800833,0, ,0.0,0.0,0.0,0.0,0,0,0,0,0,0,0,0
TF,YC720,38.630556,106.851667,0, ,0.0,0.0,0.0,0.0,0,0,0,0,0,0,0,0
TF,YC805,38.710556,106.671944,0, ,0.0,0.0,0.0,0.0,0,0,0,0,0,0,0,0
TF,YC806,38.640000,106.621111,0, ,0.0,0.0,0.0,0.0,0,0,0,0,0,0,0,0
TF,YC807,38.569722,106.570556,0, ,0.0,0.0,0.0,0.0,0,0,0,0,0,0,0,0
CF,YC808,38.499444,106.519722,0,IVO,32.3,13.4,212.0,4.8,1,5910,0,0,0,0,1,0

FINAL,I21-Z,21,I,3
IF,YC808,38.499444,106.519722,IVO,32.3,13.4,1,5910,0,0,0,0,0,0
CF,FF21,38.433739,106.471775,0,IVO,32.0,8.8,212.0,4.5,1,5910,0,0,0,0,2,0
CF,RW21,38.335328,106.402408,0,IVO,32.0,2.1,212.0,6.8,1,3745,0,0,0,0,3,0
FD,RW21,38.335328,106.402408,0,YHD,210.8,9.0,212.0,9.0,2,4930,0,0,0,0,0,0
DF,YHD,38.346667,106.410000,2, ,0.0,0.0,2,5910,0,1,205,0,0,0

APPTR,Q03,03,D268L
IF,D268L,37.906667,106.103333, ,0.0,0.0,2,8860,0,1,205,0,1,0
CF,CF03,38.142914,106.267425,0,YHD,211.9,14.0,32.0,16.3,2,5910,0,0,0,0,0,0

APPTR,Q03,03,V1
IF,V,38.343203,106.407953, ,0.0,0.0,2,8860,0,1,205,0,1,0
FD,V,38.343203,106.407953,0,ITY,0.0,11.4,226.0,11.4,2,5910,0,0,0,0,0,0
CF,CF03,38.142914,106.267425,1,YHD,211.9,14.0,32.0,1.0,2,5910,0,0,0,0,1,0

APPTR,Q03,03,V2
IF,V,38.343203,106.407953, ,0.0,0.0,2,8860,0,1,205,0,1,0
FD,V,38.343203,106.407953,0,ITY,0.0,11.4,219.0,11.4,2,5910,0,0,0,0,0,0
CF,CF03,38.142914,106.267425,1,YHD,211.9,14.0,32.0,1.0,2,5910,0,0,0,0,1,0

FINAL,Q03,03,N,4
IF,CF03,38.142914,106.267425,V,0.0,0.0,2,5910,0,0,0,0,0,0
CF,FF03,38.208628,106.313431,0,V,0.0,0.0,32.0,4.5,2,5910,0,0,0,0,2,0
CF,24DME,38.274314,106.359519,0,V,0.0,0.0,32.0,4.5,2,4500,0,0,0,0,0,0
CF,MQ03,38.297669,106.375928,0,ITY,0.0,0.8,32.0,1.6,1,3993,0,0,0,0,3,0
FD,MQ03,38.297669,106.375928,0,ITY,0.0,8.0,32.0,8.0,2,4930,0,0,0,0,0,0
DF,V,38.343203,106.407953,2, ,0.0,0.0,2,5910,0,1,205,0,0,0

APPTR,Q21,21,V1
IF,V,38.343203,106.407953, ,0.0,0.0,2,8860,0,1,205,0,1,0
FD,V,38.343203,106.407953,0,IVO,0.0,11.4,13.0,11.4,2,5910,0,0,0,0,0,0
CF,CQ21,38.498808,106.519400,2,YHD,32.5,10.5,212.0,1.0,2,5910,0,0,0,0,1,0

APPTR,Q21,21,V2
IF,V,38.343203,106.407953, ,0.0,0.0,2,8860,0,1,205,0,1,0
FD,V,38.343203,106.407953,0,IVO,0.0,11.4,22.0,11.4,2,5910,0,0,0,0,0,0
CF,CQ21,38.498808,106.519400,2,YHD,32.5,10.5,212.0,1.0,2,5910,0,0,0,0,1,0

FINAL,Q21,21,N,3
IF,CQ21,38.498808,106.519400,V,0.0,0.0,2,5910,0,0,0,0,0,0
CF,FQ21,38.433181,106.473017,0,V,0.0,0.0,212.0,4.5,2,5910,0,0,0,0,2,0
CF,V,38.343203,106.407953,0,IVO,0.0,0.7,212.0,6.2,1,3919,0,0,0,0,3,0
FD,V,38.343203,106.407953,0,IVO,0.0,8.0,212.0,8.0,2,4930,0,0,0,0,0,0
DF,V,38.343203,106.407953,2, ,0.0,0.0,2,5910,0,1,205,0,0,0

