APPTR,N32,32,OG1
IF,OG,46.211167,102.852444, ,0.0,0.0,2,8860,0,0,0,0,1,0
CF,D194D,46.144344,102.832008,0,OG,194.0,4.1,194.0,4.1,2,7550,0,0,0,0,0,1
CF,D142D,46.158817,102.915633,1,OG,142.0,4.1,322.0,1.0,0,0,0,0,0,0,0,0
CF,FN32,46.173247,102.898228,0,OG,142.0,3.0,322.0,1.1,2,7550,0,0,0,0,0,0

APPTR,N32,32,OG2
IF,OG,46.211167,102.852444, ,0.0,0.0,2,8860,0,0,0,0,1,0
CF,D164E,46.131928,102.889472,0,OG,164.0,5.0,164.0,5.0,2,7550,0,0,0,0,0,1
CF,D142E,46.147322,102.929489,1,OG,142.0,5.0,322.0,1.0,0,0,0,0,0,0,0,0
CF,FN32,46.173247,102.898228,0,OG,142.0,3.0,322.0,2.0,2,7550,0,0,0,0,0,0

FINAL,N32,32,N,2
IF,FN32,46.173247,102.898228,OG,0.0,0.0,2,7550,0,0,0,0,2,0
CF,OG,46.211167,102.852444,0,OG,0.0,0.0,322.0,3.0,1,6605,0,0,0,0,3,0
CA,0,322.0,2,6605,0,0,0,0,0,0
VM,0,0,1,142.0,1,7550,0,0,0,0,0,0

