SID,POM11D,36,2
CD, ,0,0,0,NTG,0,0.0,4.0,6.0,0,0,0,1,205,0,0,0
CF,NTG,32.098292,120.979353,1,NTG,0.0,0.0,139.0,6.0,0,0,0,0,0,0,0,0
TF,XIREM,31.745000,120.958333,0, ,0.0,0.0,0.0,0.0,1,4930,0,0,0,0,0,0
TF,POMOK,31.450000,121.116667,0, ,0.0,0.0,0.0,0.0,0,0,0,0,0,0,0,0

SID,POM12D,18,2
CA,0,184.0,2,1320,0,0,0,0,0,0
CF,D188M,31.888178,120.965525,0,NTG,188.0,12.5,197.0,7.0,0,0,0,0,0,0,0,0
TF,XIREM,31.745000,120.958333,0, ,0.0,0.0,0.0,0.0,1,4930,0,0,0,0,0,0
TF,POMOK,31.450000,121.116667,0, ,0.0,0.0,0.0,0.0,0,0,0,0,0,0,0,0

SID,POM61X,36,5
CF,NT203,32.238333,120.974444,0,NTG,3.7,8.5,4.0,9.0,2,1940,0,1,205,0,0,0
TF,NT206,32.235556,120.868611,1, ,0.0,0.0,0.0,0.0,0,0,0,0,0,0,0,0
TF,NT307,32.128056,120.872222,0, ,0.0,0.0,0.0,0.0,0,0,0,0,0,0,0,0
TF,NT303,31.910000,120.985556,0, ,0.0,0.0,0.0,0.0,0,0,0,0,0,0,0,0
TF,XIREM,31.745000,120.958333,0, ,0.0,0.0,0.0,0.0,1,4930,0,0,0,0,0,0
TF,POMOK,31.450000,121.116667,0, ,0.0,0.0,0.0,0.0,0,0,0,0,0,0,0,0

SID,POM62X,18,5
CA,0,184.0,2,1320,0,1,205,0,0,0
DF,XIREM,31.745000,120.958333,0, ,0.0,0.0,1,4930,0,0,0,0,0,0
TF,POMOK,31.450000,121.116667,0, ,0.0,0.0,0.0,0.0,0,0,0,0,0,0,0,0

SID,UNT11D,36,2
CD, ,0,0,0,NTG,0,0.0,4.0,6.0,0,0,0,1,205,0,0,0
CR,1,NTG,305.0,219.0,0,0,0,0,0,0,0,0
CF,PIKAS,32.166667,120.733333,0,NTG,293.6,13.2,294.0,6.0,1,9850,0,0,0,0,0,0
TF,UNTAN,32.203333,120.285000,0, ,0.0,0.0,0.0,0.0,0,0,0,0,0,0,0,0

SID,UNT12D,18,2
CA,0,184.0,2,1320,0,1,205,0,0,0
CF,D216C,32.049417,120.945003,2,NTG,216.0,3.3,36.0,3.0,0,0,0,0,0,0,0,1
CF,PIKAS,32.166667,120.733333,1,NTG,293.6,13.2,294.0,10.0,1,9850,0,0,0,0,0,0
TF,UNTAN,32.203333,120.285000,0, ,0.0,0.0,0.0,0.0,0,0,0,0,0,0,0,0

SID,UNT61X,36,5
CF,NT203,32.238333,120.974444,0,NTG,3.7,8.5,4.0,9.0,2,1940,0,1,205,0,0,0
TF,NT206,32.235556,120.868611,1, ,0.0,0.0,0.0,0.0,0,0,0,0,0,0,0,0
TF,PIKAS,32.166667,120.733333,0, ,0.0,0.0,0.0,0.0,1,9850,0,0,0,0,0,0
TF,UNTAN,32.203333,120.285000,0, ,0.0,0.0,0.0,0.0,0,0,0,0,0,0,0,0

SID,UNT62X,18,5
CA,0,184.0,2,1320,0,1,205,0,0,0
DF,NT307,32.128056,120.872222,2, ,0.0,0.0,0,0,0,0,0,0,0,0
TF,PIKAS,32.166667,120.733333,0, ,0.0,0.0,0.0,0.0,1,9850,0,0,0,0,0,0
TF,UNTAN,32.203333,120.285000,0, ,0.0,0.0,0.0,0.0,0,0,0,0,0,0,0,0

STAR,POM01A,36,2
IF,POMOK,31.450000,121.116667, ,0.0,0.0,0,0,0,0,0,0,0,0
TF,XIREM,31.745000,120.958333,0, ,0.0,0.0,0.0,0.0,1,3940,0,0,0,0,0,0
TF,D188P,31.831425,120.962969,0, ,0.0,0.0,0.0,0.0,1,2960,0,1,205,0,0,0

STAR,POM02A,18,2
IF,POMOK,31.450000,121.116667, ,0.0,0.0,0,0,0,0,0,0,0,0
TF,XIREM,31.745000,120.958333,0, ,0.0,0.0,0.0,0.0,1,3940,0,0,0,0,0,0
TF,NTG,32.098292,120.979353,0, ,0.0,0.0,0.0,0.0,1,2960,0,1,205,0,0,0

STAR,POM51F,36,5
IF,POMOK,31.450000,121.116667, ,0.0,0.0,0,0,0,0,0,0,0,0
TF,XIREM,31.745000,120.958333,0, ,0.0,0.0,0.0,0.0,1,3940,0,0,0,0,0,0
TF,NT304,31.831111,120.972500,0, ,0.0,0.0,0.0,0.0,1,2960,0,1,205,0,0,0

STAR,POM52F,18,5
IF,POMOK,31.450000,121.116667, ,0.0,0.0,0,0,0,0,0,0,0,0
TF,XIREM,31.745000,120.958333,0, ,0.0,0.0,0.0,0.0,1,3940,0,0,0,0,0,0
TF,NT303,31.910000,120.985556,0, ,0.0,0.0,0.0,0.0,0,0,0,0,0,0,0,0
TF,NT307,32.128056,120.872222,0, ,0.0,0.0,0.0,0.0,1,3940,0,0,0,0,0,0
TF,NT206,32.235556,120.868611,0, ,0.0,0.0,0.0,0.0,1,2960,0,1,205,0,0,0

STAR,UNT01A,36,2
IF,UNTAN,32.203333,120.285000, ,0.0,0.0,0,0,0,0,0,0,0,0
TF,PIKAS,32.166667,120.733333,0, ,0.0,0.0,0.0,0.0,1,10830,0,0,0,0,0,0
TF,D294D,32.119475,120.906983,0, ,0.0,0.0,0.0,0.0,1,5910,0,1,205,0,0,0

STAR,UNT02A,18,2
IF,UNTAN,32.203333,120.285000, ,0.0,0.0,0,0,0,0,0,0,0,0
TF,PIKAS,32.166667,120.733333,0, ,0.0,0.0,0.0,0.0,1,10830,0,0,0,0,0,0
TF,D297J,32.160725,120.797308,0, ,0.0,0.0,0.0,0.0,1,9850,0,1,205,0,0,0

STAR,UNT51F,36,5
IF,UNTAN,32.203333,120.285000, ,0.0,0.0,0,0,0,0,0,0,0,0
TF,PIKAS,32.166667,120.733333,0, ,0.0,0.0,0.0,0.0,1,10830,0,0,0,0,0,0
TF,NT307,32.128056,120.872222,0, ,0.0,0.0,0.0,0.0,2,4930,0,1,205,0,0,0

STAR,UNT52F,18,5
IF,UNTAN,32.203333,120.285000, ,0.0,0.0,0,0,0,0,0,0,0,0
TF,PIKAS,32.166667,120.733333,0, ,0.0,0.0,0.0,0.0,1,10830,0,0,0,0,0,0
TF,NT206,32.235556,120.868611,0, ,0.0,0.0,0.0,0.0,1,2960,0,1,205,0,0,0

STAR,UNT54F,18,5
IF,UNTAN,32.203333,120.285000, ,0.0,0.0,0,0,0,0,0,0,0,0
TF,PIKAS,32.166667,120.733333,0, ,0.0,0.0,0.0,0.0,1,10830,0,0,0,0,0,0
TF,NT307,32.128056,120.872222,0, ,0.0,0.0,0.0,0.0,1,3940,0,0,0,0,0,0
TF,NT206,32.235556,120.868611,0, ,0.0,0.0,0.0,0.0,1,2960,0,1,205,0,0,0

APPTR,D18,18,D031O
IF,D031O,32.329392,121.112142, ,0.0,0.0,2,2960,0,1,205,0,1,0
CF,D008H,32.233386,120.987681,0,NTG,8.0,8.1,231.0,8.6,0,0,0,0,0,0,0,0
CF,CD18,32.211842,120.977019,0,NTG,4.0,6.8,184.0,1.4,2,1480,0,0,0,0,1,0

APPTR,D18,18,D297J
IF,D297J,32.160725,120.797308, ,0.0,0.0,2,3940,0,1,205,0,1,0
CI,0, ,0.0,117.0,0,0,0,0,0,0,0,0
AF,D351I,32.236031,120.938944,2,NTG,351.0,8.5,297.0,0,0,0,0,0,0,0,0
CF,CD18,32.211842,120.977019,0,NTG,4.0,6.8,184.0,2.4,2,1480,0,0,0,0,1,0

APPTR,D18,18,NTG1
IF,NTG,32.098292,120.979353, ,0.0,0.0,2,2960,0,1,205,0,1,0
FD,NTG,32.098292,120.979353,0,NTG,0.0,6.8,338.0,6.8,0,0,0,0,0,0,0,0
CF,CD18,32.211842,120.977019,2,NTG,4.0,6.8,184.0,1.0,2,1480,0,0,0,0,1,0

APPTR,D18,18,NTG2
IF,NTG,32.098292,120.979353, ,0.0,0.0,2,2960,0,1,205,0,1,0
FD,NTG,32.098292,120.979353,0,NTG,0.0,6.8,352.0,6.8,0,0,0,0,0,0,0,0
CF,CD18,32.211842,120.977019,2,NTG,4.0,6.8,184.0,1.0,2,1480,0,0,0,0,1,0

FINAL,D18,18,D,3
IF,CD18,32.211842,120.977019,NTG,4.0,6.8,2,1480,0,0,0,0,0,0
CF,FD18,32.163417,120.978014,0,NTG,4.0,3.9,184.0,2.9,2,1480,0,0,0,0,2,0
CF,MD18,32.106639,120.979181,0,NTG,4.0,0.5,184.0,3.4,1,393,0,0,0,0,3,0
CA,0,184.0,2,990,0,0,0,0,0,0
DF,NTG,32.098292,120.979353,2, ,0.0,0.0,2,2960,0,1,205,0,0,0

APPTR,D36,36,D188P
IF,D188P,31.831425,120.962969, ,0.0,0.0,2,2960,0,1,205,0,1,0
CF,CD36,31.927958,120.982839,0,NTG,184.0,10.2,15.0,5.9,2,1970,0,0,0,0,1,0

APPTR,D36,36,D294D
IF,D294D,32.119475,120.906983, ,0.0,0.0,2,5910,0,1,205,0,1,0
CF,D200K,31.927272,120.925622,0,NTG,200.0,10.6,184.0,11.5,0,0,0,0,0,0,0,1
CF,CD36,31.927958,120.982839,1,NTG,184.0,10.2,4.0,1.0,2,1970,0,0,0,0,1,0

APPTR,D36,36,NTG1
IF,NTG,32.098292,120.979353, ,0.0,0.0,2,2960,0,1,205,0,1,0
FD,NTG,32.098292,120.979353,0,NTG,0.0,10.2,200.0,10.2,0,0,0,0,0,0,0,0
CF,CD36,31.927958,120.982839,1,NTG,184.0,10.2,4.0,1.0,2,1970,0,0,0,0,1,0

APPTR,D36,36,NTG2
IF,NTG,32.098292,120.979353, ,0.0,0.0,2,2960,0,1,205,0,1,0
FD,NTG,32.098292,120.979353,0,NTG,0.0,10.2,193.0,10.2,0,0,0,0,0,0,0,0
CF,CD36,31.927958,120.982839,1,NTG,184.0,10.2,4.0,1.0,2,1970,0,0,0,0,1,0

FINAL,D36,36,D,3
IF,CD36,31.927958,120.982839,NTG,184.0,10.2,2,1970,0,0,0,0,0,0
CF,FD36,31.984736,120.981678,0,NTG,184.0,6.8,4.0,3.4,2,1480,0,0,0,0,2,0
CF,MD36,32.041514,120.980514,0,NTG,184.0,3.4,4.0,3.4,1,403,0,0,0,0,3,0
CF,NTG,32.098292,120.979353,0,NTG,0.0,0.0,4.0,3.4,2,430,0,0,0,0,0,0
FD,NTG,32.098292,120.979353,0,NTG,0.0,4.0,4.0,4.0,2,990,0,1,205,0,0,0
DF,NTG,32.098292,120.979353,1, ,0.0,0.0,2,2960,0,0,0,0,0,0

APPTR,I18-Y,18,D031O
IF,D031O,32.329392,121.112142, ,0.0,0.0,2,2960,0,1,205,0,1,0
CF,D008H,32.233386,120.987681,0,NTG,8.0,8.1,231.0,8.6,0,0,0,0,0,0,0,0
CF,CI18,32.211908,120.975403,0,IXD,3.4,9.3,184.0,1.0,2,1480,0,0,0,0,1,0

APPTR,I18-Y,18,D297J
IF,D297J,32.160725,120.797308, ,0.0,0.0,2,3940,0,1,205,0,1,0
CI,0, ,0.0,117.0,0,0,0,0,0,0,0,0
AF,D351I,32.236031,120.938944,2,NTG,351.0,8.5,297.0,0,0,0,0,0,0,0,0
CF,CI18,32.211908,120.975403,0,IXD,3.4,9.3,184.0,2.0,2,1480,0,0,0,0,1,0

APPTR,I18-Y,18,NTG1
IF,NTG,32.098292,120.979353, ,0.0,0.0,2,2960,0,1,205,0,1,0
FD,NTG,32.098292,120.979353,0,NTG,0.0,6.8,338.0,6.8,0,0,0,0,0,0,0,0
CF,CI18,32.211908,120.975403,2,IXD,3.4,9.3,184.0,1.0,2,1480,0,0,0,0,1,0

APPTR,I18-Y,18,NTG2
IF,NTG,32.098292,120.979353, ,0.0,0.0,2,2960,0,1,205,0,1,0
FD,NTG,32.098292,120.979353,0,NTG,0.0,6.8,352.0,6.8,0,0,0,0,0,0,0,0
CF,CI18,32.211908,120.975403,2,IXD,3.4,9.3,184.0,1.0,2,1480,0,0,0,0,1,0

FINAL,I18-Y,18,I,3
IF,CI18,32.211908,120.975403,IXD,3.4,9.3,2,1480,0,0,0,0,0,0
CF,FI18,32.163494,120.977039,0,IXD,3.4,6.4,184.0,2.9,1,1480,0,0,0,0,2,0
CF,RW18,32.089458,120.979536,0,IXD,3.4,2.0,184.0,4.4,1,65,0,0,0,0,3,0
CA,0,184.0,2,990,0,0,0,0,0,0
DF,NTG,32.098292,120.979353,2, ,0.0,0.0,2,2960,0,1,205,0,0,0

APPTR,I18-Z,18,NT206
IF,NT206,32.235556,120.868611, ,0.0,0.0,2,2960,0,1,205,0,1,0
CF,NT203,32.238333,120.974444,0,IXD,3.3,10.9,94.0,5.4,2,1480,0,0,0,0,1,0

FINAL,I18-Z,18,I,3
IF,NT203,32.238333,120.974444,IXD,3.3,10.9,2,1480,0,0,0,0,0,0
CF,FI18,32.163494,120.977039,0,IXD,3.4,6.4,184.0,4.5,1,1480,0,0,0,0,2,0
CF,RW18,32.089458,120.979536,0,IXD,3.4,2.0,184.0,4.4,1,65,0,0,0,0,3,0
CA,0,184.0,2,990,0,0,0,0,0,0
DF,NTG,32.098292,120.979353,2, ,0.0,0.0,2,2960,0,1,205,0,0,0

APPTR,I36-Y,36,D188P
IF,D188P,31.831425,120.962969, ,0.0,0.0,2,2960,0,1,205,0,1,0
CF,CI36,31.928022,120.984992,0,INT,183.4,9.8,15.0,5.9,2,1970,0,0,0,0,1,0

APPTR,I36-Y,36,D294D
IF,D294D,32.119475,120.906983, ,0.0,0.0,2,5910,0,1,205,0,1,0
CF,D200K,31.927272,120.925622,0,NTG,200.0,10.6,184.0,11.5,0,0,0,0,0,0,0,1
CF,CI36,31.928022,120.984992,1,INT,183.4,9.8,4.0,1.0,2,1970,0,0,0,0,1,0

APPTR,I36-Y,36,NTG1
IF,NTG,32.098292,120.979353, ,0.0,0.0,2,2960,0,1,205,0,1,0
FD,NTG,32.098292,120.979353,0,NTG,0.0,10.2,200.0,10.2,0,0,0,0,0,0,0,0
CF,CI36,31.928022,120.984992,1,INT,183.4,9.8,4.0,1.0,2,1970,0,0,0,0,1,0

APPTR,I36-Y,36,NTG2
IF,NTG,32.098292,120.979353, ,0.0,0.0,2,2960,0,1,205,0,1,0
FD,NTG,32.098292,120.979353,0,NTG,0.0,10.2,193.0,10.2,0,0,0,0,0,0,0,0
CF,CI36,31.928022,120.984992,1,INT,183.4,9.8,4.0,1.0,2,1970,0,0,0,0,1,0

FINAL,I36-Y,36,I,3
IF,CI36,31.928022,120.984992,INT,183.4,9.8,2,1970,0,0,0,0,0,0
CF,FI36,31.984786,120.983075,0,INT,183.4,6.4,4.0,3.4,1,1480,0,0,0,0,2,0
CF,RW36,32.058806,120.980572,0,INT,183.4,2.0,4.0,4.4,1,65,0,0,0,0,3,0
CF,NTG,32.098292,120.979353,0,NTG,0.0,0.0,4.0,2.4,2,420,0,0,0,0,0,0
FD,NTG,32.098292,120.979353,0,NTG,0.0,4.0,4.0,4.0,2,990,0,1,205,0,0,0
DF,NTG,32.098292,120.979353,1, ,0.0,0.0,2,2960,0,0,0,0,0,0

APPTR,I36-Z,36,NT304
IF,NT304,31.831111,120.972500, ,0.0,0.0,2,2960,0,1,205,0,1,0
CF,NT303,31.910000,120.985556,0,INT,183.4,10.9,12.0,4.8,2,1970,0,0,0,0,1,0

APPTR,I36-Z,36,NT307
IF,NT307,32.128056,120.872222, ,0.0,0.0,2,4930,0,1,205,0,1,0
TF,NT305,31.907500,120.880000,0, ,0.0,0.0,0.0,0.0,2,2960,0,0,0,0,0,0
CF,NT303,31.910000,120.985556,0,INT,183.4,10.9,94.0,5.4,2,1970,0,0,0,0,1,0

FINAL,I36-Z,36,I,3
IF,NT303,31.910000,120.985556,INT,183.4,10.9,2,1970,0,0,0,0,0,0
CF,FI36,31.984786,120.983075,0,INT,183.4,6.4,4.0,4.4,1,1480,0,0,0,0,2,0
CF,RW36,32.058806,120.980572,0,INT,183.4,2.0,4.0,4.4,1,65,0,0,0,0,3,0
FD,RW36,32.058806,120.980572,0,NTG,183.5,4.0,4.0,4.0,2,990,0,0,0,0,0,0
DF,NTG,32.098292,120.979353,1, ,0.0,0.0,2,2960,0,1,205,0,0,0

APPTR,N36,36,W1
IF,W,32.048617,120.980778, ,0.0,0.0,2,2960,0,1,205,0,1,0
HF,W,32.048617,120.980778,1, ,0.0,0.0,4.0,04.3,0,0,0,1,205,0,0,0,0

APPTR,N36,36,W2
IF,W,32.048617,120.980778, ,0.0,0.0,2,2960,0,1,205,0,1,0
FC,W,32.048617,120.980778,0,NTG,0.0,0.0,208.0,6.8,0,0,0,0,0,0,0,1
CF,CN36,31.956936,120.982653,1,NTG,183.9,8.5,4.0,2.0,2,1970,0,0,0,0,1,0

APPTR,N36,36,W3
IF,W,32.048617,120.980778, ,0.0,0.0,2,2960,0,1,205,0,1,0
HF,W,32.048617,120.980778,1, ,0.0,0.0,4.0,04.3,0,0,0,1,205,0,0,0,0

APPTR,N36,36,W4
IF,W,32.048617,120.980778, ,0.0,0.0,2,2960,0,1,205,0,1,0
FC,W,32.048617,120.980778,0,NTG,0.0,0.0,197.0,10.3,0,0,0,0,0,0,0,1
CF,CN36,31.956936,120.982653,1,NTG,183.9,8.5,4.0,5.0,2,1970,0,0,0,0,1,0

FINAL,N36,36,N,3
IF,CN36,31.956936,120.982653,W,0.0,0.0,2,1970,0,0,0,0,0,0
CF,OM36,31.990278,120.981972,0,W,0.0,0.0,4.0,2.0,2,1480,0,0,0,0,2,0
CF,W,32.048617,120.980778,0,W,0.0,0.0,4.0,3.5,1,281,0,0,0,0,3,0
CA,0,4.0,2,1190,0,1,205,0,0,0
DF,W,32.048617,120.980778,1, ,0.0,0.0,2,2960,0,1,205,0,0,0

